"beta","beta_sd","omega","omega_sd","rho","rho_sd","conv_code","tau1","tau1_sd","tau2","tau2_sd","tau3","tau3_sd","tau4","tau4_sd","tau5","tau5_sd","tau6","tau6_sd"
1.09672489697793,0.178323672224849,1.36865374281715,0.371880180102705,-0.650798351176047,0.0922722417956135,1,-0.286332180599935,0.321766439058286,0.915312693403508,0.127347047321645,0.827990269772379,0.127095073534364,0.885985532570774,0.159858880478575,0.909436715006291,0.190328947195727,0.653880039437946,0.259941465586764
0.877454721620242,0.175880942610414,0.927320009791372,0.244997076282965,-0.529787397664911,0.117869279234229,1,-0.0513535713092348,0.3021370527891,0.661769314940374,0.131217128979853,0.901435895665705,0.158194026466287,0.654045667958924,0.178673305781034,0.669190992819608,0.222019085526128,0.258829965281069,0.296494025730494
0.850559170726398,0.12489571007985,0.582048807074009,0.137391191683392,-0.390933207698757,0.13593926073464,1,-0.0947504936275087,0.301907547812715,0.508897987081061,0.122130740335374,0.809341341589895,0.11625054944068,0.535252208256304,0.164235516605393,0.380267583285896,0.174833832369257,0.494877382627422,0.195141598787303
0.967749615479414,0.192435837960475,1.83847723906266,0.459834135775418,-0.428255102940506,0.150182751909481,1,-0.0886073350858319,0.319723452908222,0.519997936535311,0.158329215139124,0.825705089844098,0.136959079152085,0.786296354343748,0.150372404518457,0.539147324567188,0.191855389613199,0.821629148848621,0.187395366516909
1.06696105215069,0.176485650564161,0.987798922502862,0.249626571196851,-0.483365107972547,0.13232790623943,1,-0.0346558874467822,0.409324263696206,0.425759515744847,0.172767592523808,0.84275882198782,0.140537974426881,0.563035516234817,0.146107175344874,0.762454732825536,0.15188100779799,0.640085372064709,0.153904965643522
1.222305393759,0.193396814886125,1.12982697122414,0.330883319658817,-0.524072822175924,0.115291108744957,1,0.199684885135115,0.307393158946448,0.719199325421328,0.139562849776706,0.715811451254487,0.152335052351867,0.626113727190321,0.187062501402776,0.838314500339317,0.167461895135652,0.687765882409782,0.216247404290215
0.954436554963258,0.165891451777859,1.14690157725928,0.290978181219099,-0.551311101356698,0.114770249827919,1,0.0973686845325838,0.366250637736038,0.697408242912557,0.143953981883034,0.766309380287482,0.167307879737035,0.853157893589828,0.142520505988152,0.869999066508363,0.167341651925277,0.668818312963277,0.220368492025715
1.01634658741804,0.15146969783158,0.933730691738053,0.241246182940898,-0.127690972729714,0.199842459464946,1,-0.10497615498128,0.330955209994217,0.526207879099247,0.160146753974104,0.713372407074118,0.126607417797849,0.788413535636811,0.133781186205193,0.67195115383606,0.171246241504629,0.858216646182703,0.172005124323689
0.868904211178458,0.146172859952302,0.676336552064412,0.17663630287013,-0.580731513435582,0.0943294522751932,1,-0.349452523121601,0.306052107702274,0.79334668333661,0.111869520266867,0.779284533535847,0.115976328650403,0.428736858063685,0.178231322754551,0.541742862509036,0.238425589203746,0.258431345010978,0.295642171757866
1.01955006804811,0.16802677162288,0.985726534962037,0.257180939443265,-0.546239493979659,0.108392404224041,1,-0.154346003991346,0.349679363709124,0.808366076243387,0.139647042063178,0.611595089732562,0.15377670217879,0.744099891593473,0.16170801843521,0.963530104844987,0.136538544832219,0.711458351791269,0.175155465751441
0.942452108020075,0.189668180720976,1.21525327419417,0.322517620840407,-0.445965035253715,0.132766867265106,1,-0.15091802807168,0.386222331645305,0.688718667565712,0.159261897476965,0.639353318772501,0.133696366685219,0.863874771375507,0.149969346908888,1.05865449297107,0.160633319946983,0.552091429493264,0.255330267962011
1.11465347120123,0.192564543728078,1.31591993424296,0.370295990356857,-0.496740255260011,0.134263341414852,1,0.390227843651576,0.339662751403014,0.595866917257776,0.146809080081265,0.782426449049195,0.144766583134701,0.844098333992953,0.172331235548164,0.766656488143232,0.189895483707294,0.769862379419589,0.203813418864972
1.05446855477509,0.163477422099993,1.10949057763528,0.302072654335039,-0.523429599248186,0.119948496636313,1,0.224622491544721,0.287661912761113,0.756714878734375,0.150001445130763,0.780358575304622,0.160313947052955,0.741732206389735,0.160744225960234,0.659885644031965,0.201094815662039,0.617300977559656,0.238599987667338
1.20241947430949,0.193274185688146,1.2471487248822,0.325517015439215,-0.594357875905164,0.0972441162354945,1,0.210550436355642,0.447352580769795,0.650545140420612,0.143344953305138,0.889226335500042,0.152538005182044,0.493308972880323,0.169841063379093,0.757281025942128,0.165552352824366,0.873081519115076,0.169421536217406
1.15566858606193,0.174456315218862,1.33149854158928,0.298847691984912,-0.514840168364897,0.100871987905912,1,0.577875733313264,0.327905399604758,0.699859890831468,0.125418832756446,0.715116333707574,0.131111426638724,0.871128738094905,0.144732246091105,0.638336519153735,0.188242692189835,0.749682709806924,0.181211945339557
0.982035041808703,0.151206974230933,0.950746991781867,0.205812272208041,-0.312066818413208,0.16624728917442,1,-0.0425037406644001,0.338555635705433,0.567595220226319,0.14534767507107,0.67622266527961,0.122386451134379,0.719205253367255,0.129749175145933,0.512542984924431,0.171175885503434,0.413324117488528,0.180136144950206
1.29871746754575,0.193720518152811,1.11487770295081,0.284167057970228,-0.495928672434066,0.117353886039136,1,0.777024842302645,0.363071570697425,0.680062218744113,0.164529119708803,0.903659981749571,0.153836773412748,0.767696403191091,0.171471025021526,0.513829737900185,0.185440624679782,0.919384138440264,0.151846460586526
1.06502882649437,0.158365640495332,0.90156143656263,0.231116481841283,-0.567592211749113,0.101587065676782,1,-0.44628999318169,0.340225730225194,0.800207131560069,0.133152933192579,0.736972646960686,0.132023520228329,0.693826735431105,0.16529222971321,0.76386962972548,0.162387843747158,0.839129442054374,0.169411805805954
1.06765243378544,0.186391478757489,1.1343220909491,0.271367566547804,-0.610987242821651,0.0828147558678324,1,-0.390529333050953,0.393668902554495,0.733365707683991,0.134685540916334,0.714842550635112,0.12792268148807,0.878459328054891,0.147128113079815,0.746935428625372,0.163887404790969,0.634951059745081,0.205892317124609
1.11629562450955,0.193243055888306,1.37086597371514,0.335558804697711,-0.487926585254008,0.153947811609383,1,0.221644192130049,0.450171712664479,0.758840988489408,0.135953219580751,0.708748372387959,0.134743126688776,0.835493903929687,0.171004993121118,0.870577158112387,0.178246675905229,0.96358371124619,0.201302450599895
1.05381434495019,0.170382767512491,1.05944392434441,0.275481627620785,-0.364866151098979,0.154148780973185,1,0.0549526752301114,0.308655130451846,0.621356590327133,0.151755049442769,0.821788327798927,0.123829003671992,0.854649579173855,0.156081020496236,0.273608824522927,0.216484342367974,0.641710136530456,0.213331136622381
1.08096132105374,0.178184712247303,1.30058101697474,0.324293883567035,-0.31756401781662,0.175929936451569,1,0.102839898042449,0.411135085236632,0.712085168181416,0.131644215338441,0.60236340839667,0.15433023007017,0.730739382533162,0.152700642814798,0.868885314478692,0.169063166532802,0.464709803583514,0.233651846137969
0.986925877506172,0.166144241035985,1.21312248310365,0.289028059436162,-0.649321729784578,0.076053641463138,1,-0.423071432668548,0.33141788164089,0.779074872204315,0.120443877994498,0.846266294487488,0.11571771362076,0.833064872326168,0.150288158993862,0.77420038616144,0.18230360214836,0.767342467722472,0.212407593061597
0.772122918786059,0.149996470102274,0.845849409449762,0.228158673318798,-0.409090617903558,0.173230131000161,1,-0.0871189792670508,0.31967680156639,0.654699112767041,0.145719465873984,0.544542241951283,0.157022257461484,0.797211335478974,0.167532165439241,0.635348264184511,0.203451908122084,0.717843891112794,0.310940130409432
1.00103884279067,0.17369316527787,1.22044191831488,0.30128788227802,-0.483855328804729,0.121438520492048,1,0.456389361816832,0.359187326707048,0.758569075095181,0.127655341325469,0.663364726315454,0.155773196766317,0.805641507992852,0.137351419993159,0.65236456648299,0.171338684924398,0.794652370687184,0.215580575376601
0.862161306892518,0.165043277602444,0.707808678043008,0.170304238328748,-0.446815157353147,0.128611424144038,1,-0.13946062213489,0.379885323664314,0.73392668651837,0.129925694345741,0.398814745073134,0.145016894055749,0.69909141900689,0.153800776105303,0.454955746740706,0.190127156392691,0.639074299195307,0.174752799618406
1.46620366734247,0.207810057506404,1.33519954354801,0.356058742744243,-0.574454083219666,0.116985027866059,1,0.180482187543325,0.356178408924767,0.873147771182041,0.142413090558787,0.916702007670209,0.135411054739646,0.796575038461872,0.151950418378131,0.553423791173942,0.220596817034001,0.730241586081149,0.189842066928916
0.971933815256585,0.144084490872991,0.797315439910111,0.194112656763158,-0.535513416937167,0.124885162623797,1,0.591153979526799,0.317230454091832,0.676431439532445,0.127973348443151,0.331457484204485,0.168470796999426,0.637179769563346,0.140802549758077,0.499993353916566,0.186268667994145,0.893196406377496,0.19167150662092
0.883819273532815,0.164529942503184,0.991175093406548,0.24363251510274,-0.60053419978787,0.0895396385908634,1,-0.214679144392486,0.304286375206916,0.719660665709959,0.134027251894276,0.595605524658758,0.12622334644486,0.693418741783493,0.147193519815364,0.366518715770899,0.211371230948777,0.924646223114184,0.175118178416516
0.858215532145561,0.136348145225981,0.677123881434738,0.157174606504264,-0.461445140027765,0.129490299743654,1,0.0533506362127184,0.259752326171389,0.559354310149638,0.120247337875033,0.774238463150719,0.125133282169737,0.861388479073555,0.139845085647839,0.718289507452508,0.196830521146163,0.555336424068822,0.259477752398043
1.11621826825577,0.149460024669929,0.920462344414172,0.238236969835171,-0.425594412310716,0.134845102306429,1,0.36191000885213,0.27460465505928,0.732452617242596,0.146716105608032,0.645804416270161,0.147738097215799,0.619812982090647,0.15385826544924,0.68230841298556,0.198314026747342,0.398799179418787,0.248218799857134
1.04266042784187,0.156413179086599,0.792481528485617,0.193748096461058,-0.446190080639324,0.111387830051891,1,0.00442438651273632,0.338730003232033,0.567928095650022,0.157848259164306,0.562789523581225,0.137584015800508,0.975607831883592,0.11660676760072,0.357347124888487,0.211798178110465,0.574816155471505,0.207447859075409
0.802391977052007,0.149746508385877,0.913874340580379,0.218085305445307,-0.561458323047997,0.104235391998673,1,-0.468148029383559,0.356867039268963,0.68425754546389,0.143545632584831,0.642737129826072,0.14294835754718,0.568649185645974,0.127804039062829,0.868410578930835,0.163984870459506,0.333729548892448,0.208867367634615
0.948374035921461,0.188545068722145,1.41555636899724,0.338723551597969,-0.624840138562723,0.09678818122025,1,-0.661022890889466,0.352571813980666,0.952446792927335,0.106136195640133,0.750369912186424,0.148212964084558,0.859418237084803,0.165941832647003,0.609036989956573,0.221620662908076,0.881004083335567,0.226012543060484
1.05448742478018,0.140376966803592,0.827157640121566,0.213212774006486,-0.425381386527384,0.148996363049677,1,0.298387666634564,0.329871097852823,0.666116439125342,0.13441670586165,0.550927302547974,0.14717193367247,0.844969073541367,0.156344753930192,0.887455080694943,0.142510414864067,0.908458142086378,0.214015433767065
1.20156409802969,0.210895974340617,1.0391297180748,0.316549361665201,-0.493831892756805,0.128953187566008,1,0.276227848797431,0.364669543543183,0.592681587940711,0.156218101392254,0.643427446045454,0.142561121356238,0.784651342691352,0.166528174128345,0.648811033861988,0.20221267686618,0.673926265331579,0.211843710387279
1.10507721618987,0.156962365250779,0.965212822449703,0.260316554183793,-0.508674949646799,0.132343097129913,1,-0.106821903598368,0.337257464705844,0.787426192633362,0.14723705840517,0.850399513305096,0.136583586556493,0.670552055126616,0.144571213666016,0.712087575058134,0.15654225620216,0.351504608925668,0.238771315097063
0.902136025276566,0.158213652348331,1.20841075015926,0.315987172080109,-0.357553464183299,0.155423697425043,1,0.0210897291649391,0.33007895003399,0.675375835025457,0.124652231054289,0.66544481646003,0.148572731818215,0.594054823148826,0.177516822292653,0.67922108192403,0.188518386264461,1.02677264066215,0.209077250367337
1.01407099121497,0.16594451141932,1.11507953734838,0.292018932394649,-0.560415326845936,0.104694341596152,1,0.499669673728502,0.286147171099933,0.62774484505332,0.137713280484822,0.704154332685988,0.15148922928373,0.804457793432862,0.154780907461537,0.66367814214114,0.169051047684365,0.661314961968439,0.273390732051026
0.755876598824433,0.142130540485894,0.764531545978083,0.21878425479873,-0.429387075220239,0.141574911118592,1,-0.1717669671647,0.303381918722069,0.714553886153162,0.141601322733791,0.553214326234921,0.162104953762393,0.469614063262613,0.174408514110363,0.481442535476418,0.171612086052827,0.72285568317696,0.184946806583141
1.18583037646206,0.211985984346208,1.60772216793297,0.442980318251395,-0.716778308760882,0.0885703401514392,1,0.0175678103017792,0.402325304347221,0.68551566806377,0.159687431443228,0.92329510657185,0.147039706729076,1.00958668780853,0.141341161209224,0.878404969920668,0.235684605231809,0.894786936923931,0.241093234169844
0.809666926309823,0.139560806642405,0.911744421268778,0.226518784329024,-0.368111620101068,0.162729053978418,1,-0.129208048088347,0.246581942000401,0.585136481288759,0.137158349006436,0.536232716054035,0.133338009812649,0.821920544468404,0.138532119771969,0.383567637822794,0.206161699741986,0.384326106818841,0.257578193449544
1.0557682178726,0.169701344868097,1.13720007003086,0.296399175847151,-0.379891632943866,0.135946566251066,1,0.17268787755652,0.430143547225264,0.466959143055445,0.157607571645088,0.856188625173257,0.133769127483235,0.644431537517348,0.161207515088375,0.771086046542964,0.188574202669892,0.747777253052311,0.208163670681007
0.875269342884991,0.141557381751409,0.807966953814461,0.17760108518978,-0.506583040006886,0.106866426786057,1,-0.524109653992541,0.273135071555961,0.73399785589191,0.11839558070791,0.626326243956765,0.111774025901472,0.569122557669338,0.135673296345755,0.732898785129093,0.159942106975897,0.850359159555133,0.211968760859842
1.07965744917215,0.183380432509322,1.10195369746935,0.290274494454538,-0.319704621205521,0.197428115348813,1,0.0591756438066191,0.409733433761468,0.810647035139463,0.152480110994143,0.7178869700854,0.15687327208741,0.564834888539877,0.181119858224548,0.71835846954992,0.162034284878402,0.862006043160195,0.201403369791031
0.804330020125317,0.138465500991706,0.800463928986289,0.20115365736762,-0.368976400262037,0.168487546852241,1,-0.244580418168368,0.29674185580966,0.648332798342383,0.129101863712927,0.526922056319084,0.133468090401573,0.40043460364538,0.158229529070532,0.643093890581298,0.173048515822772,0.476655084643398,0.298238594848405
1.00111912570538,0.186652892022714,1.08155152240536,0.340261771267829,-0.6411521553532,0.0978329185477762,1,-0.159679973848324,0.379401819186598,0.697093889369135,0.147589420989361,0.758690312188437,0.156562355477786,0.868448288184032,0.190045011627419,0.654599836706602,0.223924072216447,0.763148067787646,0.228579845030194
1.36409154674214,0.18302193818382,1.04500312873258,0.263850352825958,-0.607514797425647,0.0924975887878939,1,0.752764444299013,0.367968774230352,0.667496638926797,0.147024841955207,0.780788394267454,0.134462429627004,0.623757643326416,0.154330128725236,0.942562365527312,0.173553751638347,0.538457316832545,0.235460758319906
0.914270778889081,0.136399222778617,0.783382930661075,0.175662732822167,-0.401750654144761,0.10431186873366,1,-0.383281513256612,0.329909953706127,0.729461855358832,0.120877342242007,0.285592687779283,0.156618592048368,0.822481008159771,0.121194748230045,0.50112691781976,0.170195789955045,0.611708114982617,0.196503668163472
1.03271819498418,0.161237255447585,0.862679616944565,0.203235724500825,-0.40291529264909,0.138417487588582,1,0.0956446705645314,0.383691954962644,0.54809305870309,0.145176936483792,0.798466354657543,0.126726378997426,1.05002482120998,0.127988423448486,0.708600488569659,0.176635851839562,0.857765909865297,0.219629620914007
0.941401995086562,0.144362876573162,0.847745176793118,0.220199190659237,-0.533284043435607,0.117898034168793,1,-0.183403033319374,0.276942692043062,0.518076281028059,0.140369001261819,0.670591857914624,0.138812762342814,0.618020598170867,0.165251698342133,0.508913282747017,0.210216117107205,0.393246343845414,0.237596772810121
0.936897017646718,0.17284477291262,0.913158704879467,0.238619401195403,-0.437124819545352,0.110399200632435,1,0.0217387665381838,0.397372801137118,0.715940883915957,0.129350886352155,0.531344850951712,0.134783557999778,0.828549951444578,0.134336541676555,0.401835500099807,0.209109855840713,0.556939995232685,0.221515462249047
1.13513791981157,0.213919120012992,1.4689868384655,0.425854266504556,-0.543576077924222,0.138455217310225,1,0.152524426775378,0.360918282023631,0.574602352526409,0.152832084626833,0.618982572927668,0.163484363939865,0.538795726487992,0.190576718193035,0.846932500189627,0.182367984690041,0.766079630825206,0.226090942083695
0.841245022768429,0.128308259310134,0.59891371934111,0.149276817562256,-0.445601269743147,0.127362462770707,1,0.0132526786338938,0.315823256847384,0.741638849573236,0.115704004497773,0.341377094740258,0.15435440448594,0.645549178659554,0.153898640468351,0.293069364147529,0.219930327033356,0.626204720206599,0.22738386620798
0.947389168930975,0.141011395430046,0.710095044771697,0.18030768085153,-0.474127216116747,0.120579865004877,1,-0.255046848595489,0.311725129918583,0.692985688268025,0.151985304548039,0.598738580149169,0.131142690096072,0.624563682032031,0.150164708932782,0.53934761478084,0.190193914246433,0.45176427583093,0.222262726236751
0.896944459888508,0.137483414557988,0.640641551277846,0.155522093496789,-0.473639526056881,0.100534064903408,1,-0.375777086421157,0.259880315443261,0.806413108530976,0.1126913420403,0.647642185139932,0.127130898107315,0.357639893771907,0.183427408627891,0.327167492464235,0.180726272650606,0.818327707558013,0.180072209726097
0.599958968740997,0.121098123987491,0.706222428731895,0.16618581346583,-0.312521707328709,0.153381299573693,1,-0.342757943212922,0.270153843225708,0.655567030801121,0.126960410066761,0.596472563759997,0.120583980624995,0.502758390835942,0.14348976750203,0.544419204805874,0.205695115341916,0.772404404605584,0.249103541445813
0.92119945905115,0.149794891970556,0.931915570828247,0.223904932806701,-0.107432410509002,0.196474202121361,1,-0.221564862401621,0.304080571272042,0.701736001220352,0.126644208400941,0.596655748725035,0.142698542745797,0.42030196192208,0.159223376448593,0.691958492244822,0.161905505933518,0.760341682244273,0.204421980156338
1.27458684261186,0.158890211003387,0.994314764178183,0.236701227813792,-0.179064919852031,0.181332940936972,1,0.0847687568064303,0.283831312395966,0.652272979547948,0.119312386798602,0.560000527222878,0.1295793941284,0.569455721261895,0.160440631812873,0.66094733328085,0.170362704119001,0.790344540242896,0.180915829426232
1.09396351427213,0.194499341546969,1.78577615313917,0.420134448144601,-0.546165388266223,0.117836959237887,1,-0.0730272822367509,0.398988218588861,0.91277466046115,0.122582325865582,0.759331509946385,0.145637987862496,1.03738387110201,0.149276582178133,0.807728002268289,0.200881576921143,0.663031987681929,0.209832237134005
1.4957010347885,0.194188303239442,1.44421210202189,0.339170411670265,-0.607926092527031,0.096984806923485,1,0.244618760866524,0.359404368649897,0.884540796822158,0.127735636139281,0.943195141160503,0.128859176451902,0.969004934083459,0.127398610418092,0.475771216743532,0.220627371508193,0.983682890400036,0.237804101550296
0.748049995517664,0.143974282252531,0.818398900552666,0.191580471274013,-0.397441764060399,0.131461277004566,1,-0.175179248880562,0.3226306879797,0.572393393926671,0.13679361806587,0.433151930638851,0.132184590026477,0.446739067357325,0.156119121386124,0.530062206233026,0.184609379445868,0.517368007637606,0.298061178565342
0.94789436254518,0.158027103936696,1.11133605944773,0.334403879974998,-0.506270968139928,0.145080897185205,1,-0.205734278758333,0.30189492677592,0.63517802550714,0.153337439313592,0.756771396572453,0.140088802455473,0.639718064531272,0.185570806696943,0.60690407265956,0.203104937658456,0.716623578322476,0.25998180247435
0.892757577381021,0.191243830920182,1.77593656546416,0.503063835832543,-0.571941151573589,0.114843248629428,1,-0.366654697916004,0.303786705192611,0.983428194650938,0.142365621074906,0.735996823338841,0.159387118085816,0.955094249791554,0.157364055706258,0.616744855776625,0.228225868855071,0.645696229583858,0.242556903798543
0.977243009738926,0.170170079623024,1.0294460184688,0.248130644571199,-0.617737802381037,0.0918505403005263,1,0.288392704957295,0.389912420281298,0.655828924044264,0.160695559602408,0.663627636738604,0.149993723826283,0.833928391236571,0.13962670104731,0.838116297955244,0.152916844789859,0.695516392388619,0.196628339945288
1.00147534200867,0.146205175957816,0.842565684137596,0.220021135582075,-0.177548313382272,0.220783472656538,1,-0.280897053818536,0.278467739697422,0.62664861157095,0.124823409932808,0.600319046784047,0.135066333224321,0.682216396775585,0.14192015897801,0.725830795107149,0.185177901980425,-0.129571812997129,0.326420810886892
1.05262217662247,0.178870720150721,0.924089659214114,0.259760196567662,-0.350601593311149,0.164979859353784,1,-0.151473871610789,0.370658627322067,0.748907834489878,0.146945877560438,0.602495308032149,0.158483929123268,0.694578569774819,0.138506764989168,0.638105274170172,0.17408063819189,0.471087968285696,0.221198466008758
1.25319665100298,0.196607695960464,1.73882725720839,0.412036290862324,-0.637243730293612,0.0791977849253873,1,-0.0549565064144044,0.334264791727279,0.862245054539097,0.136069313632896,0.950962408860851,0.112221749016028,0.78120661123222,0.183063340656312,0.836603824519932,0.181764152312707,0.494970267993767,0.255023896119303
1.12408411875053,0.227257083382348,2.09619001121463,0.649693232348524,-0.65202343786993,0.105902685479159,1,-0.226870859809579,0.361770569482742,0.93947986330886,0.168813306509889,0.969311452282751,0.150072869569171,0.882763798461285,0.185230915375501,1.27142179260793,0.225336567569097,0.936927953025637,0.320119955561849
1.18570624659157,0.194101051842083,1.43842710587131,0.35123222112244,-0.599616558387062,0.0866070721654477,1,0.108670280163417,0.380960198450554,0.782433008151824,0.141480398264249,0.648718044490932,0.128364054119062,0.655088885247138,0.156050161608239,0.810348111007695,0.155736297944129,0.829028766872869,0.210697572183822
1.19574560651515,0.159603664228505,0.852223732513456,0.210534539579282,-0.55710788262243,0.105478173536642,1,0.255365326643739,0.294560427492792,0.632552018147894,0.134870231916799,0.73280749229044,0.127701096484303,0.942768868807648,0.145010505828807,0.681482135791164,0.196813596386581,0.519162678423065,0.242340730408487
0.770464534904852,0.153551619779886,1.00289877391826,0.211802353750371,-0.413157940058117,0.140297818962424,1,-0.45545816338637,0.305057503516621,0.577929828779363,0.134278993816811,0.728670973440038,0.115746438036,0.702330102369148,0.134268146031424,0.591880537024931,0.195451322099469,0.977772809062501,0.167978435777858
0.988254778356456,0.13505791966428,0.738593184519709,0.201889860003647,-0.470820430486748,0.137098129702264,1,0.189230281836134,0.317873855111458,0.568537857450888,0.148985532340433,0.741471435697934,0.133884577294491,0.656255232088465,0.167691991693898,0.516814519162703,0.195078423820827,0.309524818685625,0.227993544080065
1.27889857626711,0.166666719659258,0.83729325008681,0.194084510678936,-0.532025538409098,0.0898075426903928,1,0.414806543026644,0.288199413360462,0.705589621337046,0.128430426561309,0.474400219146818,0.139076083729827,0.822558501795445,0.141945053788853,0.766443044393534,0.149962135330317,0.558393975820626,0.199061352107611
1.15640758738968,0.18948508806232,1.289018027625,0.366541968633451,-0.547098095271605,0.132342144746283,1,-0.0611604908303572,0.334230506800044,0.7415208842463,0.141785242877084,0.743825989350236,0.16007380775256,1.03237836329993,0.15904534398999,0.819948443340801,0.206057642764785,0.883769559891323,0.209871944040794
1.18442520660342,0.142644621423145,0.755141396457394,0.176793592441281,-0.53904535502099,0.0959979631659392,1,0.147058260296842,0.273871953380798,0.79108615138147,0.137272576792104,0.671000631604241,0.144278174584166,0.744384418981327,0.164661608099029,0.635928855664032,0.141552389721724,0.921291473045023,0.135542142747672
0.993394876054754,0.155265646686039,0.944752520474972,0.229315980818594,-0.114375704531204,0.22316540295488,1,0.351062837611729,0.262673999928153,0.464154328551569,0.129613643547896,0.748069902053903,0.116398289171372,0.610894984135771,0.172435320464687,0.601133962784499,0.217876861741007,0.272107061295313,0.254719113908697
1.09013886160718,0.131853240242935,0.822814506709104,0.191634642879786,-0.464114678966391,0.115877499976916,1,-0.0655204652992158,0.270646133039645,0.594477852156861,0.13560742386294,0.767601679661972,0.119279199621399,0.570236096258041,0.133475692626812,0.750643728707797,0.143988073214114,0.59889440952343,0.229912962634982
0.849609737488497,0.132451434393271,0.837293594267989,0.197918454688833,-0.463432502712441,0.0812210686651823,1,-0.126236131510361,0.273793734409333,0.632000640105272,0.115720999309769,0.652041462529488,0.133607469012007,0.331814052456038,0.19714450295326,0.623508153452286,0.146360133328377,0.91090525485417,0.179682579739259
1.00757240229137,0.138265012145331,0.806876302236767,0.191239715743052,-0.550751729055927,0.110775570302846,1,0.148666716621749,0.293414024366135,0.390903729495485,0.1517513002978,0.707433719289117,0.124517189403809,0.684446262375022,0.142725589232851,0.647718739573216,0.174413801398609,0.753104976510113,0.18468999569397
1.2659374901922,0.189160332656976,1.26884799400493,0.30081476657227,-0.563212915225593,0.114743667850091,1,0.81723242044551,0.313392286779519,0.820435853279005,0.122226625934684,0.755829731216724,0.14739278150298,1.06665359896986,0.150431410026607,0.895049822658388,0.191150089627249,0.848025350759395,0.230041540419197
0.888292238365986,0.145553628628366,0.801373208704426,0.229062478284246,-0.554799619460995,0.130010967871134,1,-0.196639106618922,0.329784767452116,0.84820245505191,0.147781491159547,0.803659865677698,0.15270619819262,0.477215349220014,0.186745930510974,0.465585417160536,0.219043663163463,1.09453277585461,0.179272435920029
1.09886446359516,0.181913715730374,1.04091301217829,0.30830442259597,-0.473862956719007,0.145630142274379,1,0.0879297220450004,0.322092773944226,0.725706663962509,0.144728713480197,0.790525299209029,0.146763516153976,0.744626379129481,0.152242263858141,0.818585611407491,0.234910634749695,0.779473689550325,0.260443350674284
1.14912589517581,0.188411665741954,1.23119671472676,0.349009987806545,-0.610335025496686,0.0868887533346252,1,-0.304390285162085,0.351394399132425,0.829160537730185,0.162918982400165,0.963618509970031,0.134668882512514,0.546655069387989,0.159653226353708,0.675808082909879,0.14716350772029,0.831480433222195,0.205693659243903
1.3158785124046,0.197861366047153,0.949071939815569,0.277638603632424,-0.375007003824709,0.180349975704295,1,0.153238771295217,0.34811399034839,0.709718699389012,0.134549005293887,0.670434380038492,0.161962667112833,0.791622732413672,0.175383379807676,0.599241005242118,0.204563295384137,0.814431939760671,0.166062965142355
0.935240335911025,0.184498240540008,1.07649588344697,0.304066469750678,-0.57910807482647,0.104165957045478,1,0.0898326587360434,0.366768767985229,0.793186326892878,0.137169525546666,0.69859271405156,0.15085416634952,0.788491424555443,0.173420062819715,1.0239932429196,0.211408259405033,0.332252919906842,0.249169526242432
1.09651940619082,0.184026488010953,0.96699463510321,0.297564805406436,-0.407270628959481,0.161299571963089,1,0.122561087293751,0.335470783590935,0.588444945039973,0.139664932987426,0.467030191874924,0.18323231395952,0.724771884472791,0.152052151750225,0.826268204474125,0.210632588943468,0.813127132102775,0.238586182320383
0.907678071765288,0.154364516777253,1.05480378192653,0.228465721110727,-0.608832172680289,0.0854965886673155,1,-0.438259596532241,0.379614974758874,0.954204163746266,0.111872202028608,0.753029695716567,0.124913164860813,0.654050314391054,0.155415734876823,0.736266110427457,0.180372639309651,0.829812709578678,0.183621238700799
1.344312602244,0.176117538673495,1.08486155671999,0.264840018845778,-0.44467219492083,0.125381740369476,1,0.235328529977521,0.355040356283947,0.58647724418541,0.154831830224937,0.823817225884511,0.134247281868573,0.665197951136529,0.153452961132627,0.94735900592283,0.163360654351059,0.607607872007025,0.206413344202578
0.691089114338225,0.120477458004763,0.622377923676904,0.145905588883051,-0.157517318693361,0.182741913241259,1,-0.289325609675499,0.316290220262409,0.410223045556982,0.130588757922467,0.57674719856471,0.134383964496429,0.458140413623495,0.146095043634054,0.523506451860457,0.181368553454462,0.356051510191872,0.235637268481647
1.10130399764279,0.170356347245137,1.00523216312405,0.249677764965889,-0.417515934178528,0.137597948996327,1,0.278178787498532,0.403368392518748,0.820099137257824,0.124419618258071,0.782944524857827,0.142243816386403,0.688592556415619,0.177425644634461,0.701167743091858,0.167609117751089,1.0357320512015,0.177961768754825
1.06060145626227,0.158361063254201,1.25440746401094,0.266598607095007,-0.458189944712,0.123148329270053,1,-0.308040437165563,0.321964768512187,0.688364252840239,0.132615786241405,0.793492202168444,0.116353683120146,0.81528991150858,0.130671464284525,0.833073153657568,0.176335409004427,0.868371621477398,0.208091184504531
1.12750576670571,0.195552027339453,0.984410001293696,0.299739128498058,-0.425726843352973,0.161658593972433,1,-0.0324805387780412,0.363047179585788,0.597916164204091,0.162817057043046,0.830579287951997,0.156936081111012,0.710644731557627,0.170165147091092,0.583112967051584,0.187837713970453,0.708970314148695,0.208416246458985
1.088422196281,0.200050753809335,1.33932462247415,0.371755425357517,-0.504095781920113,0.142809381635013,1,-0.329870850095426,0.421067150218156,0.826872302332361,0.150663222846033,0.734666348348526,0.158139232277894,0.710147150094941,0.167176991173236,0.849295418197312,0.177466505542868,0.95412737873233,0.202208322139724
0.928414189746767,0.146672538640597,0.718854116382913,0.170120257215854,-0.571438030645873,0.0943985300207611,1,-0.596257860873266,0.304754196413903,0.721850669811773,0.139360988511487,0.610397293101881,0.139227663576885,0.857816644405876,0.131738087978147,0.723400596726117,0.138948604800028,0.980399008603905,0.171027457378668
0.773507493788642,0.145807381210122,0.955498837692157,0.234548180847726,-0.544721714575494,0.109401536783832,1,-0.655696237316107,0.361048395072147,0.819407120988561,0.122678713760609,0.731641847097042,0.129478000728227,0.5804478994522,0.158321048973995,0.792771756974528,0.18930254108581,0.7460732110326,0.220563141977852
0.958296542731603,0.167130716280493,0.885998482115977,0.236887889537655,-0.581419766438316,0.108984267544761,1,0.0844917323234043,0.394949561539072,0.589497809722122,0.15982346983909,0.477490864828361,0.158146380306225,0.678492031149637,0.156468235921241,0.988131332468752,0.156399230289911,0.634780740174336,0.231509614641677
0.821663098475972,0.195222048806863,1.24628363287605,0.349866270267976,-0.532224933530284,0.131727472931749,1,-0.490197873455354,0.461153533309675,0.495962850411505,0.167720029840198,0.625899430567718,0.154556943437808,0.684469424455131,0.165834082704147,0.80458087544608,0.161382476693706,0.663128637987638,0.209476482084112
1.01945257989862,0.159480813625144,0.940917964810674,0.236662190959346,-0.321508626918142,0.184408844529598,1,-0.104015749863603,0.349419211341311,0.80988769530027,0.130916978027094,0.526631597096495,0.143713349681035,0.607208313050006,0.149267379772206,0.613098703823068,0.203089055820771,0.423957067749664,0.262501229163828
1.02032976831176,0.150033083829631,1.08360852630027,0.253165658141128,-0.469049169256281,0.127782684423556,1,0.101831499661801,0.319652937716927,0.625175881003871,0.129618037463071,0.878489908452195,0.12754360386723,0.900934318305511,0.123241774907372,0.773764008082477,0.195358527460192,0.341766434976254,0.254597731986622
1.03878539451299,0.129752379331877,0.58196928401141,0.132991913253949,-0.467540213635917,0.0956555260932691,1,-0.0326034142046616,0.313619659162646,0.721783212883374,0.132291752993055,0.827081819124329,0.101179607405685,0.574476634689007,0.161999353905972,0.522140973533818,0.20286977265383,0.557262503480373,0.22631343065558
0.989681079348568,0.145730132255021,0.787193762030737,0.202623933325878,-0.296801257197894,0.181309211851704,1,0.312439865062811,0.329370085167811,0.67883068793647,0.12907003371465,0.737592351516944,0.13198403323276,0.693260422716178,0.146240099083672,0.725649416229505,0.198023263821333,0.334386751237113,0.240196550886033
1.04933910557577,0.197311356853314,1.92905057375603,0.529363283849421,-0.531868580457167,0.161400216758911,1,-0.420544670721442,0.402550094681689,0.821134167697357,0.172602917969308,0.98471488632861,0.152901446138792,1.07219818663319,0.145615214852295,0.607487183556826,0.190480282615334,0.998322805983556,0.191067565213831
0.847069833293314,0.154144556679142,1.03136321118201,0.268409649978563,-0.356183750969083,0.140891886082457,1,-0.333941367757927,0.360474469617031,0.661041174830114,0.138527278802659,0.654879309801313,0.151166516111084,0.449397867756561,0.162877320115146,0.599646833227802,0.183969024496995,0.55736883174791,0.158553763387886
1.27874688415823,0.214350000883407,1.74909359423373,0.486150195038702,-0.637647067423298,0.101376105572167,1,0.114039822692154,0.366763842023394,0.977842036782892,0.147644113186136,0.882958335449555,0.1590966579841,0.683559916746573,0.159810712892282,0.817684337218624,0.197000198182163,1.26021938917904,0.217920311738381
0.840653360190221,0.145757054097969,0.825673272298651,0.213850490345469,-0.468868888817311,0.116799365090177,1,0.290783369529884,0.299868315288322,0.549621235062139,0.130264506768552,0.622961946356771,0.139328027123129,0.506690409358459,0.158585473472402,0.585289361946416,0.214942914702163,0.743902891011707,0.215089029803112
1.09059529811409,0.197848819124623,1.09769183718771,0.297840320357215,-0.508840205986671,0.143255621610465,1,-0.375162675603423,0.414329401401751,0.786981064835337,0.162302000598483,0.703519925713614,0.170914124372955,0.757891786884787,0.160320338057206,0.669171946172101,0.180733105149811,0.915414022691192,0.176849681196499
1.14866683677434,0.181856640638148,1.21284084692983,0.326077049915841,-0.478598362462195,0.149423817489487,1,0.461503744620981,0.383234620757983,0.741137441622627,0.154343324348877,0.455271556409673,0.163709747170258,0.862474262192756,0.161029530088459,0.904639486471078,0.173275939137617,0.800973638032355,0.264708838053059
0.963669266827153,0.191985319834761,1.28117774466847,0.376154531952923,-0.663364170457199,0.102226609020751,1,-0.0392525804499728,0.386797905029637,0.832803843623099,0.152796861818979,0.815551135151166,0.157134123469617,0.731788189249812,0.181078553465109,1.17915322505234,0.197916240661153,0.82562550686497,0.219691955773772
0.885881959284074,0.167468510959924,1.0343768322592,0.270943231993659,-0.458143055104918,0.130873694057898,1,-0.0591883030226081,0.292880609452037,0.630464524238979,0.149792944163595,0.715289843133325,0.148401309306036,0.555811888880826,0.155822581508898,0.994112901118997,0.16775032249917,0.453982695612516,0.222426755078914
0.928694405922767,0.161142336779715,1.01138882858086,0.271470087268379,-0.533798532725813,0.122571834307337,1,-0.0271228878316172,0.396536264881872,0.439057085173241,0.16150864467203,0.792721360513683,0.137053981311474,0.635835785209535,0.153056497978231,0.690801378455173,0.181690231945107,0.677609525385855,0.192972496734077
1.11789643025591,0.178722814510495,0.925816336302264,0.263244382351067,-0.633203064173539,0.096392125841787,1,-0.0456433543871567,0.334240665129359,0.645763172208789,0.16603225838404,0.684567149800977,0.139946244245098,0.683074277702317,0.157067431021227,0.58329905722951,0.223255425361374,0.602933518924621,0.234838687252789
1.0837488676759,0.189623433245495,1.08056162351388,0.284213519781756,-0.525829064494587,0.12414154862055,1,0.366006425855543,0.403010287788576,0.754907386702768,0.150640039095169,0.754414920882524,0.145363870813953,0.659134825304956,0.170965478178147,0.525525601525342,0.194640215765324,0.916979032289669,0.184039840104583
0.813316896322624,0.176287509578233,1.40615180395016,0.324023165074568,-0.730912731867057,0.068069970155039,1,-0.137047410388479,0.438412244872187,0.992363887657011,0.126350099309057,0.85239770238841,0.12108373858612,0.896534009077331,0.153201627840333,0.355352849175206,0.255841617201336,1.04954916113417,0.209532491140912
1.16108619790083,0.186538890886461,1.04643948834959,0.30144290100968,-0.556934334245907,0.115993099083155,1,0.338334644984374,0.330391279300398,0.647943989115969,0.142920700361121,0.881371168810027,0.141323612516512,0.743439700604219,0.145615219015109,0.781751934705417,0.196940217411457,0.511153847765564,0.257074171250175
1.06466680404293,0.153923485830205,0.808269774889184,0.194164346105392,-0.336877569199952,0.135649499769553,1,0.163563318371225,0.320691067670531,0.695182299253778,0.136029741261479,0.7048019633513,0.119870871273609,0.437222067916147,0.160068274600001,0.594531121891652,0.16939226344824,0.69811788164158,0.239612761001285
1.08305681660963,0.188147773055826,1.12988105406009,0.300930334321434,-0.557411585383724,0.110228766332966,1,-0.353739145597355,0.347242818505607,0.813083460845257,0.134610153402566,0.869471098718662,0.153284415310526,0.519207060985089,0.193291879315023,0.796263990877786,0.151945735179528,0.81937668915934,0.189679083308743
1.05608718098358,0.163737023952503,1.08120715883388,0.250122756443837,-0.578076369916221,0.103989502125398,1,0.0442380639904425,0.267215965081943,0.697498298646689,0.147588230458846,0.830351184036095,0.12472449637513,0.688212019834019,0.144394115441372,0.879175815081708,0.130680586114588,0.847435801880107,0.210438647214261
0.800878736559942,0.191343292572216,1.57065326425836,0.422700191720296,-0.519340117906785,0.140699547816649,1,-0.156233775310429,0.40530943599192,0.823367572140768,0.151354170525399,0.782313150409666,0.134378742241802,0.673579718170782,0.16786663728962,0.752029762479885,0.188643590426369,0.494441723707781,0.240189807158998
1.12387758757999,0.201599919193393,1.10228895125422,0.310897607026755,-0.521546245657545,0.141447549107633,1,0.146192413215613,0.476393298210616,0.76914757659929,0.166111549998286,0.766548409126239,0.145871283515519,0.695660056969933,0.191537651287515,0.750443974731507,0.196221787539207,0.707703531110271,0.221709361292248
1.11891511031156,0.202126966292621,1.21665907023844,0.374398452862833,-0.595079597568788,0.110982954272578,1,0.0540728709670503,0.350938897436155,0.715544925193724,0.14332060290182,0.77689044691173,0.17726843548494,0.707799758277361,0.191328839546057,0.656043620265705,0.197439542428711,0.975076025878994,0.210397986396601
0.853945761318778,0.147074014993903,0.995477522787951,0.216337785702229,-0.62642107709498,0.0860044517220242,1,-0.396604494834672,0.309233079381535,0.92028285127695,0.103683059027671,0.75594018214954,0.115517797038063,0.890450508974837,0.161042574318178,0.751952545594895,0.170863267653542,0.601843619007649,0.192144756915818
0.939619085773907,0.148051209568418,0.791479492609291,0.188366986718528,-0.247486804576072,0.167629816549156,1,-0.0494012692655751,0.328786552669941,0.531513267893615,0.134137077991035,0.760126350242508,0.111451944849287,0.493757165910428,0.170197187914339,0.694230950533884,0.165600528539538,0.3961703187056,0.233317551744001
1.2840678535582,0.19755804411751,1.2635123028519,0.324241265233227,-0.588330786552715,0.107996940359336,1,-0.23625520090628,0.370936757053217,0.951512600871394,0.136251745016071,0.658875911019341,0.146859160766685,0.720081665130794,0.164077574468569,0.794693414566842,0.191704565162313,0.822128904927554,0.20495225050466
1.10228510467801,0.160877471717948,0.895414420110389,0.245754301787157,-0.0351700415815102,0.256512589159978,1,0.559991590095193,0.382835401422881,0.761028344893865,0.140723492065686,0.408310546682977,0.189031012271637,0.612832446680517,0.175668978453905,0.384036837005921,0.18936085549752,0.712111065362019,0.194858417669905
1.04239403671153,0.157081657899267,1.2829655566248,0.326046368201863,-0.674331796635199,0.0805611286158667,1,0.040665415081537,0.31967820166297,0.723613244265588,0.142306014731529,0.941921018617755,0.137893981691611,0.690401663850758,0.156083744338954,1.07115795211523,0.171199567948075,1.51513023197274,0.264125105759712
0.964397058615961,0.154724955546872,0.837519902245439,0.199057859417907,-0.474846850472471,0.11060580833569,1,-0.295750201392782,0.344445486616825,0.533241675785601,0.141208430060387,0.848302777882364,0.11173221772467,0.658044824462155,0.124800501078175,0.479022405562847,0.183364451109552,0.625211284086412,0.216084712091816
1.19014946753196,0.151029869987644,0.778982042348522,0.185028848452642,-0.463504355470417,0.137015837447006,1,0.548870496707887,0.261499814802345,0.659971448938256,0.139350821112685,0.693253431269491,0.142578995985431,0.936659169895464,0.132559172873061,0.54506621657114,0.168791025841928,0.562185296442474,0.222731548985965
1.0438917894103,0.141915791626475,0.670754754013028,0.159027118954351,-0.57365140901137,0.104099761687657,1,0.142815204466621,0.350376373517653,0.622340060979599,0.139725945062996,0.691076226927386,0.129555846086757,0.950475394211144,0.123808381768434,0.511053393597694,0.209079982279526,0.61340366045915,0.22144908814516
0.594138767834428,0.135730932848432,0.685299233647311,0.158171003006161,-0.478540376182949,0.106362828632143,1,-0.295773163281288,0.402900111758696,0.704293740557004,0.135557136961245,0.523651458232631,0.127107369454675,0.665358334473586,0.1355085549055,0.604303477895573,0.172752256819222,0.765246631909952,0.212475143341868
0.70539774320092,0.146920435356816,0.937564139328708,0.239749651817215,-0.367400761811092,0.150889667072793,1,-0.317401873144287,0.352343628169629,0.563347377318797,0.136962404176223,0.713229410871105,0.119747245654241,0.652319605232755,0.141518814456265,0.584993672012422,0.173397464371709,0.775192757233983,0.187090495457713
1.04695442974128,0.193117096049581,1.32332369761412,0.381698195076054,-0.562623407489263,0.126593094972735,1,-0.226909074659362,0.374820858959487,0.773463485323558,0.156985455271513,0.827925052917448,0.150334209352415,0.772364714095857,0.182122979704333,0.901239032208283,0.218187896342701,0.620807910334945,0.25974193141121
1.23974028397644,0.177332233551292,1.29557062351232,0.318972336323035,-0.546750673035373,0.12430743413221,1,0.143083780551373,0.323885411413633,0.735959387944955,0.145509400275402,0.976091847633688,0.131763082121786,0.778483704092615,0.158758655074365,0.612349388296522,0.21587228072591,0.905401744404096,0.13551739245129
1.03728526642723,0.17240243049221,1.10285685835094,0.277860684677818,-0.390793026196375,0.139497343660052,1,0.222540989691972,0.341014881136808,0.711218199820979,0.113826289241731,0.638442989387452,0.134876313124775,0.8146769581529,0.145655836421209,0.549553376417601,0.207253891735222,0.780876459380803,0.255870404193516
0.998272518246401,0.1765017003776,1.28904603710742,0.313718996128705,-0.390082696905354,0.120928151585697,1,-0.0551409298295822,0.329666164367317,0.64064041228476,0.136841231738001,0.777122430776699,0.10857457040786,0.643005433658933,0.160041363766406,0.702460179471677,0.164798857165868,0.623631961977119,0.194156668341647
0.890966520022207,0.160865387640864,1.19988578656842,0.295634848424046,-0.391633470570518,0.124311309288293,1,0.161645505531336,0.280910626430582,0.72833016223223,0.121753503365843,0.712910344842104,0.14233313609418,0.59038483144911,0.171761531912192,0.872596430292393,0.159220923155434,0.550622964610197,0.222206231008465
0.869689747793839,0.171890054656767,1.50575709461021,0.345321289955571,-0.564478423156468,0.103658458931185,1,-0.37325766173306,0.357602164382219,0.73658993849386,0.148806241848324,0.609352066684267,0.157101575153133,0.947529864136177,0.127109799398771,0.689872280676039,0.178543530995008,0.600976006264514,0.205864324138247
1.1707383425964,0.173277982104637,1.2191829936544,0.314303259239011,-0.394049386123208,0.165724074384596,1,-0.00687570903742718,0.285966829985011,0.810114050610872,0.13062667923032,0.595071960006204,0.148644085165668,0.700703223477146,0.151992630153973,0.817044148742109,0.169026541403725,0.973270110103379,0.20489445820097
1.12956168544309,0.171935748715117,0.969468541761894,0.266538947084929,-0.466610806630455,0.11727754424753,1,0.237233696247655,0.378117409742651,0.655429388412226,0.13064708885061,0.451427668853459,0.153531335995175,0.762064262014726,0.161380908684322,0.715175369951889,0.176263845822029,0.507591994598475,0.201315586086875
0.988357901499595,0.175598465353141,1.0128484859202,0.226716107427368,-0.461478126497955,0.10648112443079,1,-0.236309574915665,0.426877076005054,0.755007316738051,0.115492059417104,0.549497187428724,0.136941597147632,0.915193527268851,0.132138341068682,0.715156784424872,0.176412411312398,0.730621503416809,0.184670449033789
1.24989846394063,0.207690725692272,1.04898100126194,0.279407094939143,-0.484449978449629,0.159076498550252,1,0.306625178718765,0.432330229272914,0.652263357105129,0.165054398501273,0.672240314555257,0.143662617442481,0.592995229280358,0.168699926872785,0.779259762580676,0.181842736784066,0.876383999209114,0.214927511017884
1.13391645102982,0.172847000791574,0.788868033190527,0.169834519992177,-0.542061558629689,0.100517731353239,1,-0.0411069129228604,0.351102862558128,0.812870484965198,0.119432298790934,0.721417290093418,0.119540338769891,0.772242345072028,0.13333520458436,0.808524570251382,0.172242402855587,0.62059953766583,0.278574831157867
1.05755197436667,0.170521409275237,1.31969240220297,0.367344355903689,-0.208203011433074,0.231730579335287,1,0.331359830972878,0.330906073511804,0.487445568760897,0.157574976205356,0.726291561534316,0.159299978158373,0.630312216707368,0.140745974140935,0.81486453593403,0.187476460885631,0.66841529355778,0.195954476444707
1.19103591345912,0.171861872804758,1.13399161252556,0.304011801962798,-0.285601389944791,0.187504336750767,1,0.0377406495575312,0.271233473139836,0.732400872709462,0.118313465411886,0.447063778084027,0.15991272964854,0.632826454231614,0.172206621645203,0.844492736012521,0.17644831548177,0.63346541705975,0.255837731996616
0.859697709896302,0.149367672818404,1.00768129775405,0.235847377149363,-0.354704478277966,0.127415699435199,1,-0.669572570074687,0.287357796775882,0.800153237311728,0.122161040215885,0.841282661825837,0.103391236386552,0.582036585892799,0.154000522086388,0.278855526979348,0.247238231176245,1.01457668598267,0.23675601381179
0.945428565077238,0.163917604232033,1.13056808430132,0.278826006941044,-0.596322402210504,0.103345149667979,1,0.0899597475036096,0.308233439453738,0.683955750184996,0.15088797191573,0.753668240726136,0.159623018539954,0.913439318795819,0.124643635180519,1.01080428296544,0.178674961871662,0.487120260000897,0.262739603720855
0.80080290600089,0.121867406816816,0.689398006773953,0.161996993692042,-0.106754035888404,0.202427589629032,1,-0.0452613933527488,0.251434102459692,0.480993362018662,0.126908321352939,0.712433318766314,0.143662877038824,0.604046433638363,0.143230288123611,0.381026067082026,0.199976501269246,0.640883872482247,0.199337111357129
1.08434312584713,0.193443138216858,1.36425970280905,0.331749700208086,-0.573437719016256,0.103664485806326,1,-0.00253151619304129,0.359100076598747,0.813017744596146,0.144305753530557,0.759472820210015,0.127829643155624,0.675213520909103,0.150279637089481,0.944003775023988,0.142251190584664,0.541837818480219,0.2578454818076
1.04991827904151,0.159333097125679,1.04778978877385,0.224509976309269,-0.463457268903358,0.102114659226827,1,0.182374857798686,0.333254919152006,0.788290526785805,0.122595044442681,0.680182749922113,0.117420645051351,0.507102475665609,0.173995296555509,0.502297379834761,0.182348943564982,0.947391335384024,0.169296119785793
0.950797372724141,0.127338130813264,0.669489826713468,0.158955736740242,-0.448401864579619,0.125078935544771,1,-0.210696455394571,0.281916303041739,0.686816683847761,0.124257980944768,0.892567546040728,0.121366507684539,0.483441776451673,0.147610718931746,0.586075873818721,0.18064436663515,0.785270485902816,0.213958085457274
1.20309652880793,0.185916178402217,1.15927458753854,0.287328882784779,-0.449476694983204,0.148695958375056,1,0.201923474590043,0.3495363418498,0.684981100682394,0.141744991963934,0.831286457903811,0.145658448552199,0.79939070965004,0.171215741057674,0.790602834173979,0.167528907322327,0.72426728827144,0.187278542693977
1.12094959376106,0.167638272821051,1.2219512926701,0.294799124491053,-0.579037824367399,0.0886050885379118,1,-0.0231354563899658,0.324142933938738,0.880889283362341,0.128433344059813,0.628433324889531,0.143400738297981,0.543329781726744,0.150736649767476,0.835705493806391,0.154385116078431,0.820424968694544,0.157163879396478
1.27940726361839,0.187311357411231,1.37630893056274,0.367545130786374,-0.507993489706914,0.124626972605448,1,0.438009078128848,0.297512547064049,0.883126478781085,0.135756361504404,0.625093539579289,0.159024881991248,0.818494495892942,0.166897376348997,0.697849505583729,0.192249332144246,0.9718404129305,0.179420846220684
1.16362379492395,0.17962206610632,1.22107749590321,0.360158088881903,-0.384568296303207,0.13739875803546,1,0.232633785475462,0.253699732818818,0.861445414533998,0.155310408459966,0.362491130490154,0.193422642057315,0.680344393469599,0.156937666217494,0.864472613152593,0.163680439464627,0.769283673600802,0.213815679194329
1.16510322997797,0.18990260582739,0.851160674124983,0.264933193604713,-0.481808209724498,0.143220608739459,1,0.59540916114665,0.30372833877329,0.65314060418511,0.153518153400175,0.575919492986693,0.151450742921932,0.768629533139665,0.163157955240105,0.397848019501861,0.246845798374312,0.598349141733753,0.272455768212463
0.938181523277797,0.179999881893807,1.28896406721012,0.389397545675994,-0.643138425671725,0.0975212224472783,1,0.00574732878303753,0.377610572468856,0.764767951757513,0.156554651419772,0.712574795337633,0.178682953138106,0.829347578279622,0.17100950795977,0.779348448520056,0.221838172959432,0.616614254667124,0.220292570699712
0.831568629173326,0.148983241249253,1.12782428398813,0.234887314919019,-0.570551909782932,0.0906369667576975,1,-0.388721278871744,0.335625525971821,0.682981009187754,0.128989225947608,0.712109731136589,0.137102902450908,0.82902960048966,0.130221960619231,0.481323533594661,0.160488092747578,0.905360373283886,0.171913541009443
1.08365186487809,0.174320887285085,0.92382233632553,0.261136160212687,-0.389184410195059,0.147229777071892,1,-0.0576366694226861,0.350524893534246,0.727429425226783,0.135601612818075,0.764194574449332,0.158313206663464,0.64623289913916,0.160254308484063,0.487914561975982,0.186022485842761,1.04280606248301,0.178707127936464
1.16423001127947,0.142094629264043,0.880674716917722,0.210204367687869,-0.428378336227526,0.132174672926881,1,-0.154333200513212,0.356028365338888,0.884390534432974,0.133424596570405,0.73539974485041,0.13328033580819,0.640538121271211,0.13533327505506,0.734922936565536,0.180891804869784,0.744028363990914,0.199137612663224
1.11659539177537,0.171782591446112,1.18962821082084,0.33607344086018,-0.519910988446179,0.124752987086413,1,0.0529205490402295,0.328958164270427,0.804823472115653,0.147688439082039,0.594913522511869,0.156711675756428,0.55540581332014,0.155245054491018,0.914468101581008,0.155517324486766,0.978740908968301,0.231220294929258
0.868182829414476,0.142541355646398,0.870655064581873,0.199548037407408,-0.129374162301401,0.186978355519868,1,-0.229754336582013,0.312435131760441,0.423513785502244,0.164798375196545,0.683096331104121,0.12173357549766,0.61470440232801,0.149009586607403,0.479368647409297,0.155554068665145,0.849011118587627,0.178736702487834
1.05402096782558,0.160015274416745,0.882215945654629,0.22989106431035,-0.217150058392641,0.213060866955605,1,-0.177701197411082,0.294227743368433,0.599762361018565,0.138213159115578,0.800542893875842,0.153436743958398,0.618832387474458,0.147895208596958,0.492365291848673,0.158883171325382,0.744346705039992,0.222593310565377
0.987905067375146,0.142622272885566,0.789700324778834,0.184851851592399,-0.471001270024671,0.125542169953156,1,0.315708093100021,0.326882109709717,0.610617411971085,0.135691779575132,0.736386262363738,0.130505581908732,0.670034814159862,0.167222802421571,0.699065148114885,0.162454290325631,0.470900533516644,0.277606212889014
0.854894703434442,0.157952845540947,1.01454347198364,0.268736129178723,-0.511267072011731,0.127848430026733,1,-0.0106524577982083,0.346911540526102,0.868127836158784,0.145265111571407,0.680476018069889,0.142394927624187,0.848038971712285,0.154107733969183,0.664653151386028,0.18995766603512,0.432730969942413,0.297099125141307
0.861734731913175,0.144337726528104,0.837901080245453,0.200527607144001,-0.489836239461202,0.110402189085854,1,-0.11763133414321,0.30645677888755,0.77312308346984,0.133781012013687,0.643911382788551,0.126656967837715,0.335553143729566,0.175294246129304,0.473692505135037,0.158198929961431,0.763748381796295,0.185415951899901
1.0720736042973,0.166584213636278,1.17410882475306,0.285180127941654,-0.575133392633953,0.0998832399713941,1,0.0739160493330395,0.328830724168605,0.858566514557622,0.124464312568225,0.597745448742639,0.151062295237089,0.554200135002814,0.153050848498607,0.780773794236318,0.162542093030875,0.629081382192096,0.221471114724237
0.968591214304756,0.141645257809718,0.70132421154727,0.201806623514109,-0.250186370990214,0.195159031635239,1,0.398324252814921,0.297650527291404,0.450593640484274,0.148734324675922,0.569989462820244,0.141481700020777,0.5475839702923,0.190208994661145,0.632532335062949,0.167352635259154,0.559925330808238,0.230616033137279
1.174589649869,0.160248020478235,0.996511271231932,0.234855803281764,-0.500839278445074,0.104897210571009,1,0.298813054636262,0.315101375579261,0.788154236538759,0.138238865011862,0.629322591765181,0.168984222935983,0.746668868987938,0.163174738444893,0.980623400174651,0.115872795784166,0.599979136424909,0.187346062191485
1.2474459768786,0.16143879335334,0.982936097565972,0.244551601896659,-0.561380661809989,0.0842228126921356,1,0.388335107750157,0.300344127492182,0.58158958733099,0.142939259011265,0.835131643372081,0.120888894589857,0.380750866921564,0.167047419431827,0.615624623951143,0.171545811647191,0.752328381780792,0.181529462364038
1.0728793564943,0.15376781036879,0.841507106264376,0.213217492549801,-0.322615576940161,0.155109835643759,1,-0.193766849324125,0.274758363179605,0.599620005957465,0.144310914700522,0.543311532558619,0.144321530062615,0.880399727164661,0.113872977542269,0.345646291020193,0.192951864982372,0.517970579381444,0.202755785386875
1.02283961877622,0.153809367402046,0.767945473244694,0.223332788332988,-0.384203651369764,0.140489178528381,1,-0.137113802046986,0.340519901537143,0.713105492937945,0.13925217041991,0.801028626429255,0.142910752723197,0.425865560440572,0.190102366060079,0.573108275161859,0.191684734493473,0.524251894756683,0.223968841597818
0.973960122496693,0.143850296996097,0.665432152198292,0.167350638631242,-0.440145088666214,0.13301092722068,1,-0.428434415594232,0.29142487538371,0.7732088151943,0.125439109455369,0.586680308846043,0.136629262713829,0.690372801806747,0.158115392497825,0.786945091957727,0.176663258069256,0.817576429466926,0.21878383852897
0.802004625591747,0.175743719671784,1.14919934089276,0.27810881383382,-0.482114721743748,0.136349484181721,1,-0.0500792739130401,0.356253501042374,0.687363518860415,0.134593997690429,0.849880894959947,0.128872187812605,0.597814851304392,0.177490104141077,0.63040833443353,0.209313848385215,1.04974412449352,0.23365857117823
0.906979913954162,0.16359255263834,0.917206613833257,0.251901483944706,-0.482561394341432,0.141542722464549,1,0.231950301982773,0.36591265104805,0.611892752496676,0.152913333774292,0.673610235942398,0.146597065022247,0.562330811406802,0.16463845553268,0.55444957544777,0.227884156016947,0.617066223734012,0.256308108738951
0.892841692064892,0.126323165169918,0.690771538316264,0.167675823698375,-0.459414334681066,0.127217996433108,1,0.549289595469306,0.289785285619964,0.421829667118344,0.141195198348701,0.540779963894088,0.125172297799291,0.506464995963339,0.143232866806974,0.710191617235934,0.176021802215057,0.206251836407781,0.278114728311377
0.758970977549969,0.144331546472742,0.65618246885125,0.186651497156377,-0.291373817196338,0.19115451747511,1,-0.0708328431241046,0.279076344473695,0.553203040241261,0.129750897969008,0.574917824557757,0.148242701112172,0.631185666320979,0.171480099054573,0.521612743472662,0.186244544227693,0.580034404913421,0.22878875453569
1.24308329703229,0.183212552409924,1.14247504826081,0.277705587501076,-0.471480105290609,0.123513924665747,1,0.269549770165749,0.337991211392417,0.706007238566155,0.143983060678997,0.855796678219179,0.140789395172553,0.619020182405452,0.160737323238698,0.535610803683594,0.191993175583373,0.422390303076258,0.202987106444673
1.33116628415301,0.208963632221686,1.07021559032617,0.290942478022393,-0.653681684110997,0.0815493347716554,1,0.534520182332097,0.367140906555968,0.608364421601449,0.145530274202584,0.764768567810376,0.149826181325397,0.943721422187503,0.165434482827879,0.854741255801888,0.207638995907523,0.942514856490246,0.167500261138251
1.15616196915567,0.158783450003135,0.992654816799012,0.250723086921269,-0.63141997117595,0.090528953154905,1,0.108308187996534,0.305553210829874,0.750339122545204,0.126874670226114,0.672578288047993,0.144995287714175,0.520111641476071,0.178129666141178,0.839011854818436,0.163408594359074,0.783786167131525,0.195229743174259
0.818137259626454,0.141463634245674,0.72125256118138,0.183735079960488,-0.473755573634069,0.123585843319342,1,-0.230970093172906,0.306921692487056,0.623524120788766,0.1529502062457,0.551470694832095,0.130361829328125,0.68789727924845,0.164584635528076,0.544724698739965,0.179299384593008,0.872091508162861,0.204372707680553
0.782741991789712,0.14984846139063,0.752436417046335,0.199061758827461,-0.569050747191972,0.102021298334111,1,0.111280500763551,0.267289459581653,0.453030075647094,0.132379620766928,0.550256205816994,0.141852181010604,0.735353234624177,0.163384249407635,0.642136707352285,0.16249978709483,0.634382231740547,0.212086160888594
0.950983185070756,0.150183327024766,0.936846986588506,0.221478566185803,-0.557499680878671,0.105010593957123,1,-0.448370536658548,0.321519092561687,0.850183490476285,0.126021032683597,0.722793246539503,0.121706446332512,0.705037435057963,0.166683006324237,1.02208201148592,0.160215151477073,0.923329865620228,0.184201466090276
1.24292049642026,0.215473446362576,1.6758050175914,0.493022729746614,-0.487877148577415,0.152524245834838,1,0.237208170558516,0.369805695723995,0.727092796412797,0.148227559415174,0.868498424571075,0.170373610016626,0.373401779116152,0.211540486729944,0.475775436843365,0.223875281726129,0.829308219299006,0.204571764499886
1.03508348732207,0.151342212832456,0.994549420316244,0.242001035978523,-0.143732598790207,0.207696863381994,1,-0.128687606897495,0.353927259648173,0.734272520295361,0.134274183993679,0.747918725750594,0.113448674498436,0.531691101382661,0.161603025766108,0.402086378442957,0.217175580364637,0.60466948804527,0.286845593167925
1.20855673392843,0.191506502433216,1.21993056749868,0.318277858015775,-0.614087429513488,0.0899591839588319,1,0.350119706085338,0.416822482179667,0.906873454591214,0.160072965480969,0.649107100307095,0.13059039659831,0.696809557985687,0.163983643082495,0.727364543418925,0.174704805489489,1.08558317165805,0.157876298418648
1.12816719279088,0.154485544221952,0.814270413374598,0.209492357140738,-0.432991734476215,0.131425306054629,1,0.677558966082933,0.342646179558858,0.506539122840552,0.145107056509155,0.586074011741912,0.141644372589779,0.816561593301011,0.150625508361276,0.717169615131845,0.180952184986831,0.453386058716026,0.226624491156666
1.08515021578084,0.181637873069365,1.08170174209258,0.296878624909754,-0.600060189896091,0.096506784672478,1,0.0811371000188791,0.353402723164738,0.739410363082703,0.12669251957422,0.677545004039259,0.136302216544848,0.925856177531171,0.158863941345136,0.66668852307128,0.221048215422247,0.375080768707263,0.249860656554231
1.21541000601942,0.188586110159499,1.04020670469312,0.279317993413452,-0.490332734541583,0.14489689877625,1,0.239444630995449,0.357908376618715,0.757341849741365,0.141452776412663,0.516014240438849,0.160364247658646,0.799844912004529,0.145292468419977,0.768019984243943,0.191773833729433,0.422503174481141,0.230034239595477
1.0074528271869,0.172899029642952,1.39133946559396,0.357109763455743,-0.591689026160147,0.103503633252931,1,-0.0113705535117914,0.380317606063321,0.621942548966198,0.167980412871448,0.853138631481052,0.13215366248734,0.713351655040791,0.172805840112222,0.468883260371951,0.176967591611622,0.834684350168642,0.208552905119265
1.02958778364695,0.166081483176643,1.03682525205011,0.278464021458648,-0.399408187127458,0.155121777132364,1,0.384654563964672,0.282990973690157,0.598349447658662,0.142794859278079,0.767402623888795,0.147851336532876,0.922730153442624,0.156922986446047,0.659606325313595,0.205745325219772,0.733154808948628,0.19405733540986
1.12969058912564,0.164113661390237,0.960875220353159,0.239868143471339,-0.607214742137874,0.0962653241078181,1,0.188745559687319,0.317170393253352,0.611936604344278,0.144914825039286,0.736625460618861,0.143458765997906,0.639041247067508,0.138711894012681,0.691395429277602,0.204495327298546,0.80250920805141,0.171860281747105
1.20572143111795,0.213410280152979,1.4822021539981,0.360952817900998,-0.523253989180676,0.129690094050175,1,0.162034583828151,0.404006110465593,0.86214071104722,0.145487955451979,0.598550806615936,0.151118393441066,1.02533450901738,0.162300778891727,1.14375234517846,0.182718154029866,0.548264270475245,0.235239047955676
1.00090270512312,0.167952839020738,1.02417777421661,0.292172967166917,-0.552122807898382,0.127501139533706,1,-0.249187470597737,0.38574385627805,0.739252864507918,0.151864033842595,0.812792022282118,0.13796015436621,0.756066853150597,0.149394169205768,0.585823183082249,0.234929560327945,0.707020782015336,0.292438841577816
1.13631525116291,0.153548877133206,0.887369080770831,0.195357135107314,-0.537933034919164,0.0893699529479034,1,0.141048757195518,0.312404906216915,0.6087004978434,0.127483943379269,0.728838639696151,0.114576606061709,0.623719654923318,0.148998892676099,0.449224644953526,0.169958273938337,0.812829493395496,0.189263457245439
1.06664600622722,0.173806294615521,1.01898376922565,0.256202118244418,-0.591855915318619,0.0886674307942128,1,-0.0309006661740266,0.35077387700535,0.684648679487496,0.131852755726362,0.727368504436487,0.146336005957092,0.874664324199737,0.131325703676043,0.984873381543763,0.134538369813446,0.134272001149059,0.301609406158624
1.09533463604841,0.163953120996476,0.827208123987912,0.219058994492938,-0.653203415551109,0.0836683698041997,1,0.134625862684043,0.324945554910862,0.701584319820316,0.14916967066151,0.756950224129068,0.13988292103634,0.599659611211382,0.162455885441777,0.477874812530001,0.19859622300682,0.755971927978675,0.201894356034399
0.776822405942158,0.154122630224073,1.12295862878348,0.319516981856818,-0.340297099117789,0.147477482876332,1,-0.172130388615399,0.225450267996619,0.803440421541334,0.124066112190119,0.188162885366308,0.188970603277002,0.659774300244689,0.19436926882094,0.645412846234781,0.202587564750247,0.321635191299596,0.23038721515199
1.1735711823102,0.178899045772161,1.17518894585279,0.300440201189832,-0.652562709903465,0.0883603615728709,1,-0.154531396373737,0.335013613924379,1.00174897940325,0.133611053916533,0.861822523127326,0.147132788664152,0.932436240546284,0.132941689575916,0.77382206157555,0.182114653510692,0.939212688424505,0.227342202362455
1.14571299428689,0.149462938820792,0.762211068800981,0.179333720809064,-0.442453663798632,0.122625812085622,1,0.169741729979806,0.273444004511722,0.639905260570999,0.116828736918076,0.688194386613901,0.134128852971632,0.606611013722289,0.175903599373839,0.558679021087129,0.173324233276325,0.500967439677435,0.262788385732418
0.713990949492685,0.154170188353694,0.793239272810951,0.219205214183581,-0.378216147179169,0.152582472265673,1,-0.113392389268611,0.335786060339717,0.646760874137673,0.136978969543635,0.723370097507172,0.140860361381536,0.58794737487029,0.173961645992909,0.614182445864766,0.178610401488471,0.579016548383747,0.190953590272666
1.00212068876364,0.163943961385426,0.877676545139347,0.226232778428583,-0.545816806710046,0.109380873897295,1,-0.07429385072023,0.306808625441813,0.738619323993889,0.131306360730383,0.535881061067935,0.145167867355773,0.901456165677986,0.14427811267624,0.444740546343376,0.201856932231671,0.753343156967872,0.192004303161405
1.14235966003708,0.178726057990596,1.09744397565886,0.275752255952774,-0.513637180155224,0.127354401674246,1,-0.0186831773368128,0.365876182738893,0.656819897076487,0.140107304278458,0.727132460147031,0.130794289215402,0.704123144585046,0.145578105657352,0.521799620987065,0.205645264862658,1.01350764341856,0.213406713696659
1.25614082441481,0.153485037411855,0.847192257290942,0.188287957102736,-0.53039790497332,0.0991697894776542,1,0.242965682713089,0.244021193516538,0.622402930383714,0.13469854878597,0.816998185923913,0.112404896630348,0.760290858245498,0.13684029905085,0.947764123394188,0.170636777918831,0.586073839003759,0.302268641053294
0.84974207371091,0.144695824600687,0.890395585261758,0.225402932573354,-0.422973000035177,0.143163500371069,1,0.0452388901360184,0.311550405091014,0.69528899778206,0.115406422837752,0.469676029421184,0.140117524835203,0.760537125116339,0.193659064108252,0.921266726780761,0.151072255409508,0.952785409287918,0.226942394509343
0.90464230829787,0.138561036081745,0.637136843641948,0.156738459621072,-0.462880075050573,0.0996524376900686,1,0.436441844380482,0.256473135452692,0.574078926389921,0.127411511518358,0.508733623951492,0.137148020425554,0.542158417327911,0.154101478107545,0.281355563042515,0.177418498337799,0.498364696108676,0.199010350000982
1.47639161728261,0.224652296030028,1.83727114525364,0.462894534828194,-0.683790877560268,0.0758852803914893,1,0.727744339923549,0.41620533576734,0.602849042230626,0.177606414246433,0.777987091048308,0.151070422589368,0.961914299847208,0.148763018761958,1.04825844245519,0.155321962326282,0.539810486898531,0.216802433645642
1.14011320826467,0.155542535465994,0.817624806027686,0.199643154483356,-0.449478858710468,0.145728099567131,1,0.522607179185202,0.287661023911625,0.547233904748937,0.151331979209958,0.756576533026159,0.140575862204755,0.83240534805638,0.151003954754784,0.518384125432316,0.208601039086096,0.660482423325526,0.198386372022918
0.901450718452051,0.135348595134611,0.621371827181314,0.163944903692213,-0.478440595027418,0.142891138338521,1,0.239331863379009,0.30701740907579,0.751351980700824,0.146489340486612,0.537478470434052,0.142581522724516,0.675868665157884,0.133785038782271,0.53215319679831,0.208642249056146,0.10583810518399,0.300728985949061
0.966480316381041,0.160718354773761,0.858332452374192,0.204744586829055,-0.462920177700703,0.120049425302743,1,0.051801748465713,0.273226706368105,0.712845599819493,0.135442876757616,0.811784334110676,0.117095465811767,0.7152160077424,0.129657072162984,0.588511494749034,0.199841702408927,0.509197028294713,0.24336217835269
0.9655729120377,0.167693369802597,1.02030993243566,0.283427318589992,-0.579352946789547,0.113360134393194,1,0.364280905667832,0.37842776719696,0.593281206085459,0.161228848386964,0.707378407382031,0.142674328890194,0.897470535179538,0.156610209872163,0.933348580588086,0.170303959533101,0.807276258851191,0.225032686896313
1.41492321473519,0.21882124645747,1.7109514042083,0.375218372779534,-0.44916186247596,0.140098921963701,1,0.186039224764473,0.344306879312646,0.654884480443495,0.1219504757433,1.02648904927882,0.12286742543693,0.924606133543888,0.146898574251053,0.571224277571234,0.219123864893309,0.937601996171541,0.202239633200802
NA,NA,NA,NA,NA,NA,99,NA,NA,NA,NA,NA,NA,NA,NA,NA,NA,NA,NA
1.05078640713746,0.175427233186505,1.17390175414375,0.307240337944425,-0.633926833505723,0.0986797128849689,1,0.0795623367932726,0.394781911053626,0.827122648546584,0.144981070257489,0.648168233696637,0.161786706221146,0.927377887149764,0.13438417095305,0.647548401266293,0.215867191334844,0.675773621952449,0.208017631288771
0.719215295786218,0.124950090862082,0.661500950378495,0.174479303140732,-0.375482423036433,0.150649677026281,1,-0.710422653657136,0.322974896733381,0.662529780724774,0.121736030933903,0.752567398417776,0.128320950424973,0.496299731439992,0.182361018780026,0.57781387064071,0.163902021100055,0.909230980603742,0.150732493473611
1.16655800615553,0.189650859910034,0.979539954122045,0.256477436276722,-0.587240488698875,0.11063105893376,1,0.284032685885587,0.318349364294793,0.550084015540896,0.158739297109211,0.98662956172247,0.142424077566925,0.702219022384364,0.171903290306289,0.500480411697981,0.23022759279008,0.682292672290356,0.196690439156959
0.666375605613637,0.131322623996207,0.748304621677184,0.181460056876759,-0.559476921616531,0.0940874649756079,1,-0.0956823825751605,0.312031752113729,0.761736564500138,0.108398658050987,0.559960788399077,0.146570061216242,0.772788870537437,0.137152310507293,0.623917280005111,0.190159482778828,0.269603609929552,0.309896719633333
0.945880438768656,0.159284366948963,1.08155516323056,0.275074110138081,-0.565852109690569,0.120341466894014,1,0.293068148940191,0.258287260401157,0.466263112956709,0.136386384467348,0.747035520385639,0.145163391048179,0.634676074159806,0.174549078785434,0.913650845279278,0.196041037192485,0.432147530472743,0.280971202996692
0.973176223178537,0.19199085353739,1.11476793912379,0.30146641082312,-0.588672174302618,0.119185337793959,1,0.0484443550190371,0.40413862714915,0.767712643890567,0.160481261144235,0.672766660839562,0.14845442007358,0.835122284337632,0.146248554662084,0.671558992278532,0.195301883638461,0.767694743204532,0.223822255125105
1.19594348351264,0.157134940169812,0.748381512765747,0.190158929798276,-0.294491812908205,0.1476755577601,1,0.832688221840764,0.380996795702297,0.643305172560925,0.141413076247935,0.377687231667939,0.169776184012663,0.685341191830899,0.143351036458638,0.848485172142581,0.167256394385523,0.541588352722176,0.179521286837373
1.09374458441119,0.15997854689456,0.825075508824761,0.210946461307789,-0.409383679337259,0.148992174133038,1,0.166361679987794,0.303574930738064,0.553102416722275,0.150677631200842,0.696963993342499,0.124177246985015,0.27591969755709,0.175823207967692,0.880826301183644,0.144682339356668,0.939881090842988,0.187244606337638
0.896626615864784,0.18574210624376,1.06273786238397,0.290177524092799,-0.456744793295233,0.160515536141057,1,0.268713788156076,0.361222982807605,0.639053091213728,0.135845459509436,0.535441566451253,0.151428151489162,0.535991805639062,0.192348715501461,0.645002404106208,0.190561866948649,0.719258111158697,0.203601761212121
1.13536373977431,0.170592970987924,0.995162391537351,0.262769364465213,-0.501582611806376,0.113219787350636,1,0.327251653811415,0.33941182285996,0.604633707309781,0.145266182290542,0.513855318218478,0.146877826975382,0.774415771467939,0.125684507741055,0.830163811795914,0.164171199643657,0.389393333413179,0.228712102131226
1.03392280275784,0.173821974660358,1.36103053890564,0.306886778443855,-0.416390878165667,0.140486972282702,1,0.268262619011232,0.324573721983567,0.679325228684751,0.120380167413816,0.836423500718226,0.131424294946703,0.687556672668614,0.150319649648329,0.789632139100294,0.165383332710512,0.69167245957319,0.198472575905407
0.946946539368438,0.151632446145759,0.780502891035518,0.210747942971322,-0.507556800120075,0.120416902253838,1,0.204009725920955,0.330279352756072,0.551969320973144,0.127406520951046,0.585883708711995,0.161492248859967,0.534971136263617,0.179066407549944,0.607603948912172,0.203108043538639,0.542969347352497,0.206170537573206
1.01123388550039,0.164942511410254,1.10832329565034,0.296400588559495,-0.529251793962039,0.118156695941714,1,0.11755118677943,0.321697381063258,0.555378418888825,0.166961881121387,0.680059814660999,0.150866477512934,0.623053219070437,0.169919700178208,0.543240065136181,0.1787130845374,0.811982433239065,0.150140742721309
1.24874773453602,0.159872627993668,0.880733936542495,0.216232616620402,-0.444950141738592,0.134444268218878,1,0.237312304559743,0.321874269379004,0.626173815286573,0.151072043546681,0.732116508623361,0.138879263596533,0.955689999701616,0.13024566320799,0.656882282049191,0.170227781075989,0.598341191857791,0.19942665026769
0.918494231020717,0.144344921455324,0.689774044458466,0.17153061100924,-0.474347763076426,0.118906884785745,1,-0.142330831762711,0.309244811222296,0.750724148306012,0.127563526036754,0.58314904431482,0.136697468670105,0.585571810071765,0.141959306766945,0.788725423502092,0.18239715545712,0.447460524194832,0.251405928007787
1.29250074958202,0.179951030598561,1.16385610064759,0.257040559835256,-0.569223416687214,0.0870944320142055,1,0.370065990534414,0.434878969193903,0.486129007873874,0.161354901375085,0.841996674475595,0.123684680981052,0.719318821789929,0.146573816075761,0.685252345739346,0.158986117973415,0.78745475319596,0.186032939055427
1.13429851573336,0.15106821877515,0.956444392280538,0.217978461124891,-0.597650479650418,0.09681273200358,1,0.257774158331503,0.337270321114423,0.667816087939635,0.144347535047357,0.649251645297288,0.12313029710616,0.711205408441638,0.138371385347932,0.626159337338493,0.182260145979031,0.448741399181975,0.224122335149022
1.53624357140725,0.222973454096222,1.24540998000621,0.349086625226424,-0.64282821491676,0.101235360278365,1,0.338631503462733,0.369217999718585,0.962819701236826,0.151184670902443,0.800737488421028,0.180155646285407,0.870297180795579,0.174540446554344,0.977879406010461,0.169869877431208,0.711002380282978,0.206230389046602
1.11590240180456,0.174227442608036,1.36762724706214,0.314730411710153,-0.616592647355972,0.0915942235101599,1,0.0322382060517368,0.337226086944273,0.693342110618747,0.121242350841369,0.95073090464179,0.118114109002557,0.524905577361553,0.14983565352758,0.701288474619562,0.183820767307276,0.921494414388751,0.224499300782084
1.30752379814947,0.25728515552495,1.83211484587923,0.576143670306023,-0.637272257137845,0.0950757978750337,1,0.490655499058511,0.407642582554955,0.722599413997527,0.168503310925402,0.852819859771081,0.137648416269129,1.10985122572334,0.146885349273858,1.12698450339444,0.198449803560388,0.227723429187247,0.383146491674771
1.14279548965689,0.227877544779698,1.80758357559367,0.604792821365207,-0.585806475593427,0.119954489415987,1,0.0295961170646204,0.445871457879196,1.03933624246804,0.165504724830477,0.789553396435285,0.192537894529249,1.00800587525839,0.164360106229697,0.766189063542159,0.234779375294646,0.624626668450881,0.231627765480048
1.02677665292359,0.170199751788489,0.980939009396701,0.243209329063228,-0.456757374464693,0.131719438403857,1,-0.228622837213169,0.365004684085354,0.756614024818938,0.124166548794552,0.667019659846546,0.14112020855237,0.389868349808266,0.174297571578078,0.756726107485298,0.141191955221223,0.668545587955488,0.181522403402982
0.954344299586564,0.170555645714193,1.20358993394782,0.295780776149749,-0.60449980064812,0.0993049067244238,1,0.151633006651616,0.347204119908782,0.717373431927595,0.130014287825655,0.762268406548703,0.127531942693068,0.419685583319775,0.213557796624448,0.711864086402979,0.182421857307099,0.847238826452771,0.193231769218007
1.14103146148325,0.199187620297909,1.23514657983209,0.328617298027027,-0.558429836835806,0.114375999620869,1,-0.282488288425439,0.34698496619537,0.995987196836723,0.14008418106328,0.716475956477027,0.162304097982693,1.04656901954206,0.139409399272385,0.681816653275077,0.159636883663699,0.603446302766667,0.197891201268288
0.549138252113433,0.16932500558393,1.22604785476278,0.295076326358911,-0.583271015295181,0.0916856110697935,1,-0.703115203233969,0.408829161686623,0.862947493687179,0.129073797829008,0.621483020495765,0.154338528851681,0.6137058420585,0.176980853428897,0.841364968715427,0.172922079658084,1.01262395220693,0.209940143737615
0.962725415470303,0.150875560278222,0.861130230080693,0.215139313043193,-0.493601608737657,0.119777342849971,1,-0.00996298975297537,0.317879593496085,0.482464706236453,0.157905722236516,0.697771127094077,0.126177384704639,0.558063819766887,0.14642060327091,0.947021535948476,0.151315908940855,0.252843583812468,0.254520399476024
0.863422240306449,0.17138279157028,1.12404293767777,0.320385523249012,-0.457802122191119,0.153971492351383,1,0.248190893771429,0.342383148283755,0.617281075558424,0.143381689424434,0.584833292162669,0.131015750549241,1.05510800771786,0.166774968097819,0.431243354736499,0.302686364615859,0.65053436240745,0.291021296666978
1.15615098667191,0.153862345885376,0.693282617529574,0.174637591444555,-0.425650174739091,0.121213734790658,1,0.417381157851144,0.235698436048558,0.548746712629653,0.133109376090136,0.861951273025012,0.13509986561896,0.800358487750623,0.142360227306631,0.802730679027836,0.165600319521738,0.757998653783023,0.22203487817081
0.884106963855969,0.151664412697846,0.823976714213305,0.227988722057452,-0.437279982655072,0.138452977820885,1,-0.0155940554780043,0.321750952226856,0.594886563294134,0.147198735683174,0.796908569753301,0.131153369558941,0.512002277858734,0.189320819697233,0.424176500616633,0.200001636688126,0.328791120989969,0.2434093395828
0.813392941081175,0.160840139313991,1.22339769226623,0.289343200689471,-0.463174202535061,0.114578779589572,1,-0.447572295803023,0.282993944473311,0.797719581175018,0.117082999975681,0.672485923501541,0.116282237993412,0.940787942868784,0.131935081529735,0.299214355173454,0.246973058490845,0.720977573053958,0.25773445516223
0.976619476448364,0.17502224292231,1.58453467433929,0.402831388061958,-0.506580864933173,0.133574845284406,1,-0.644731047877664,0.361404425282866,0.950669752640888,0.130715095210705,0.880260775602521,0.154271307940337,0.802218178579012,0.152201349702903,0.898690374778865,0.174066730090371,0.357398197323162,0.254048047275195
1.06888465413431,0.167247363302526,0.971655301432729,0.238426118950124,-0.577124162002165,0.108878469836444,1,0.103632453802826,0.286029886750705,0.686473073573223,0.134636426188921,0.804767464834469,0.142346146617748,0.646780417057664,0.134476266974517,0.978589257414983,0.155939322651996,0.642035776638697,0.210170833478419
0.841039063834716,0.131311395776342,0.632036789238438,0.128274729620182,-0.512435373803061,0.0700679146680126,1,-0.110606686129448,0.306727580437979,0.545490510617822,0.132733036671917,0.441627804682729,0.131696817798077,0.607688457997141,0.1346271261219,0.761357085310964,0.127347381252853,0.638212861494111,0.167713989527897
0.979973814098663,0.158672630158056,0.860759001619181,0.205094343160562,-0.393368042081101,0.121524555203082,1,0.105596001075369,0.383570179065937,0.694519289765036,0.139824880794018,0.551011920833918,0.148253580748536,0.374710552753782,0.159301170489102,0.696680993319924,0.159619327578544,0.792474245088551,0.18476552649132
1.01162888828492,0.166745789350061,1.18300529300443,0.315963749408681,-0.552300267967376,0.108775496386694,1,-0.122555042313605,0.32208416323565,0.604286713913801,0.147462511250041,0.948167021562447,0.138447620653321,0.583712942780572,0.148211647515419,0.485884315607642,0.213811373108407,0.909765463768197,0.213566232490155
1.21497218062185,0.189640932868645,1.19427764657706,0.335697425581091,-0.58324214006025,0.121566550926027,1,0.358375821963151,0.346316373123967,0.832084258182351,0.149081582485446,0.786481070624222,0.158689613002954,0.897376189610331,0.175011053348794,0.728725138568161,0.207728159109871,0.885756702121699,0.206741685639838
0.88223577463005,0.149415915179293,0.973139091814194,0.247992673342853,-0.461397103828651,0.143546788185567,1,0.109325270072577,0.300873363508054,0.761308530161957,0.120702024948775,0.63462327992312,0.135198515565029,0.741011029761411,0.167694523124361,0.74324853965214,0.230495006948794,0.840633652522894,0.240672611526621
1.23682649898456,0.163698358870136,0.695861348679075,0.165291127206356,-0.354650846925941,0.159183808027354,1,0.364746879677354,0.308281872560656,0.750909635721184,0.118304343206926,0.482737914046576,0.151986349481588,0.816904080842732,0.119471586957522,0.528729263185779,0.167504844898488,0.634051020441108,0.177772623207048
0.907580339895149,0.138758053372886,0.668970070768948,0.160558805565014,-0.200186846698324,0.162096613180686,1,0.0662433868621503,0.272297063177086,0.508865689365092,0.127701164145497,0.447120291840969,0.140717402848315,0.448367167548825,0.138485760903944,0.611034929586434,0.156087869402389,0.383538168712923,0.206507815134797
0.951826167033729,0.152364033867889,0.838482383917998,0.209182158271391,-0.483221064417535,0.109003018671421,1,-0.457262858707332,0.304653401031152,0.769388686814153,0.141984634557028,0.878184291336942,0.140861730785157,0.688114094996641,0.142775180858288,0.399764805286057,0.16915773497951,0.814069153416318,0.190336490665934
0.984565978810982,0.158090607776886,0.890763030248975,0.240661332997475,-0.444290600978591,0.149826798344643,1,0.0278767988354942,0.270559563721931,0.665367716220343,0.144539765422835,0.600073319302807,0.133810563829203,0.635197156266104,0.161822464691562,0.802032746001909,0.167741053998061,0.204692913234909,0.306153530035325
0.988829928973705,0.141624148144505,0.637979076781548,0.165942333159505,0.0222174055471219,0.266658231662183,1,0.139160139780262,0.270657192563756,0.767435441530202,0.116626089170558,0.409822110541743,0.141020200285617,0.91749803158008,0.123304235621728,0.815040725283261,0.172833728484256,0.168811614733332,0.267704174211312
1.23085512763091,0.167427625173761,1.07604221165983,0.263239113683109,-0.544340688701489,0.115652693074136,1,0.197289530243758,0.290680228368028,0.806439943881231,0.123456521830045,0.684748459011943,0.151827771280608,0.513601866294663,0.164448394039044,0.648342596711975,0.166114298450083,0.576852483204873,0.198486614534474
1.04184787319937,0.18097668826095,1.30076955599179,0.342923829467098,-0.572834634661975,0.123471950135715,1,0.240744033303221,0.354804293882204,0.769826774821148,0.123805058523597,0.683442145265296,0.162392413245297,0.968085943856271,0.151752929957837,0.660628289118971,0.197660780642171,0.535134297609764,0.30080617588595
1.31215015310377,0.205367827453491,1.45608874087612,0.401432279225407,-0.271759216235242,0.206180255876878,1,0.267679255677049,0.341837030145622,0.704350235264524,0.171778731628383,0.620295953440131,0.173296451932207,0.779578398726709,0.158848447556122,0.73523236671061,0.165509388905066,0.582756057040633,0.19379768446178
0.948653030767548,0.171367076907665,1.06102721500808,0.289416170329188,-0.53827235358652,0.126936601845946,1,-0.355748231500439,0.347238557396453,0.901783283797181,0.134806578706589,0.644335217756715,0.141883548866807,0.619712932145134,0.189979789736857,0.533211972476581,0.204066906756904,1.00393762502878,0.202804098455223
1.03821154645124,0.191410859469431,1.24581832104659,0.354330203488904,-0.63504849105612,0.0838183153905155,1,-0.38517095893663,0.4811501539035,0.767798670181611,0.159676686280544,0.565767839866651,0.173815798335408,0.941669062235905,0.144159923857459,0.856593860658466,0.182430399430064,0.929240190764211,0.20458293191853
0.697055533259924,0.153099326211688,1.20285719975816,0.306601028814581,-0.46611667213249,0.11066989317251,1,-0.520086095529882,0.327431993402943,0.733850903452588,0.134116144241728,0.653772817501675,0.131311329247905,0.871132221795511,0.152276452237344,0.546064717398478,0.221076242334585,0.728005986331242,0.223208348779602
1.03054555247273,0.168871685218875,1.16417875022386,0.263680039256552,-0.544722195937761,0.103230194484147,1,-0.486900923510816,0.341463104427583,0.931062115799039,0.113599087625546,0.683137606551082,0.127541109957465,0.741520487768454,0.162019874174795,0.884536201786309,0.134707352748335,0.98605669134576,0.226439177982978
1.13362981500159,0.167922770120186,0.922829667409749,0.236788240883611,-0.53368534635135,0.123648077876931,1,0.0396014117955723,0.351458693521533,0.634301570450951,0.15106401682955,0.728009163086781,0.148287773290699,0.834708303103551,0.13063351463136,0.820392955029407,0.164583190189835,0.852679759888983,0.224938161199954
0.939824013908104,0.170564720674901,1.0480525723273,0.290539941146528,-0.613856322467446,0.0885592284218137,1,0.400572343642546,0.315869932784252,0.515984741705262,0.157382159475289,0.690056872678326,0.151369969638177,0.834932643779984,0.148956759694326,0.755959353076362,0.191693332649686,0.938084285448677,0.171912100000427
0.918053867921458,0.145317929721351,0.736643869182975,0.167335484906303,-0.431871882271491,0.121554976359274,1,0.0857119270425657,0.306573517397314,0.676122954662124,0.120008333520706,0.556421029024984,0.130797815736556,0.609637800211184,0.142303543166268,0.905135537078391,0.172323519051621,0.693462086164041,0.244860550462453
1.37251671203394,0.211822764825083,1.80321286368366,0.446701750712811,-0.610010429895368,0.089396941519647,1,0.63833463172642,0.402034843920724,0.842168395773483,0.12694362266574,0.697267768349804,0.13972862758848,0.849057242600497,0.133394263279187,0.72914415137184,0.208351756809176,0.648092540650503,0.219225448473647
0.881521092159292,0.137267865851605,0.681589978812276,0.15928448329466,-0.451216676767574,0.119980965312562,1,-0.277547299856541,0.318223990049388,0.575426569081881,0.144371369789015,0.71393175565566,0.12447888378302,0.831743787068391,0.112207717243008,0.444003729400611,0.222137229659938,0.564304813024587,0.235649584575194
1.10212221854344,0.157495378729192,0.884896454189323,0.213801878714294,-0.476516982338494,0.122220871012564,1,-0.488871385555173,0.29977001293368,0.706995188808479,0.144330569085245,0.844960506110196,0.140877262016401,0.731015833733835,0.157787970457574,0.508377763515906,0.180848372954578,0.863386184048237,0.158559742110254
1.39125446454507,0.233539111376056,1.80987374589016,0.53596428710882,-0.69219113323299,0.0950917710108811,1,-0.253061177548732,0.364910522851925,0.962138681344644,0.181498476286701,0.920576390545068,0.159716515764721,0.832190036621646,0.169891842734973,1.06820214113295,0.182433555644907,0.923372699513905,0.239748288711593
1.09536912593144,0.191569848157339,1.18577115164906,0.318612636234926,-0.558867752593481,0.111287186348281,1,-0.0917849044761518,0.429716625869465,0.480459846092389,0.173102113875016,0.719032001617477,0.155391482534462,0.761792912255192,0.148845900020724,0.95777235851771,0.156507384103776,0.267305523611376,0.228276592197656
1.21396632484837,0.188462724961859,1.254451356346,0.306363928873062,-0.70707438177574,0.0694490569841102,1,0.0589882957633964,0.324557382093723,0.755808952212244,0.134834591013664,0.802738195141921,0.146432963494269,0.894960314847753,0.135633912336011,0.753103011336118,0.180698509483492,0.945835031295926,0.16842675974332
0.747539437756149,0.140136325995321,0.740898191931386,0.197531131409042,-0.317747351242431,0.171952416177002,1,-0.402065536893725,0.306674273373956,0.620798889364813,0.130547005860181,0.618669995597196,0.145930431811241,0.404502833460598,0.179585401733441,0.723981842740428,0.181665796431072,0.309011684230551,0.23240145929761
0.972833573877329,0.140664128438669,0.800183463942087,0.204565877700916,-0.402686786299021,0.131690963663543,1,0.201132489111026,0.324460672104606,0.629437814647529,0.129663104570399,0.827799364737953,0.112026170730747,0.76908755924258,0.183582829230018,0.595539364369307,0.172216018478095,0.706978052913658,0.254759677996138
1.18566380147652,0.192737357482785,1.3698663581299,0.365413932734863,-0.631730678421504,0.102899967626249,1,0.50138858620796,0.425660440390448,0.851764142422863,0.141977504079197,0.894086053261854,0.147477690575851,0.821680054708063,0.134737515707972,0.494718970829666,0.234215403365818,0.84084022866837,0.209178543676158
0.771483728700722,0.141972101637484,0.830466760726935,0.213584477700115,-0.32554438407266,0.154848494093793,1,-0.392111278824686,0.332347385860064,0.710220381973618,0.144884841178496,0.503679486268976,0.137993088186602,0.553575405070433,0.141754172546673,0.365182519473569,0.190139565032055,0.772252105797959,0.194428514692192
0.819911967821697,0.13431179361065,0.853602115198603,0.197587910376692,-0.269491023589311,0.149781094851804,1,-0.154187905390855,0.260511236108733,0.753219464332922,0.114526051113523,0.626227253751523,0.124011141406227,0.516564329566312,0.160698530076396,0.442405462595838,0.21531504310496,1.05038483168454,0.158591946542157
0.892738294583224,0.201294488862421,1.80100439343039,0.498430052124811,-0.663753927566796,0.0949636639145178,1,-0.674669113273168,0.370139441676329,0.925246353295536,0.141179094103022,0.753992706400919,0.160446771342621,0.958371873031025,0.171595116619353,1.02787032437422,0.186183503539706,0.825145744882889,0.264333161282481
0.96719455407349,0.22076133612871,1.43390151777937,0.466253106157657,-0.640704446891114,0.105573213419629,1,0.0191138932882389,0.337416689461203,0.727841109611676,0.155357094794732,0.814309084193521,0.147085104073721,0.94331910815345,0.206117144081244,0.971342232326227,0.20203360737238,0.61885953295006,0.295424400121199
1.0645347612314,0.178503562257218,1.37047450129411,0.358937161981476,-0.447869547742741,0.135084874237722,1,0.354604703937059,0.340265193700423,0.383426844132537,0.165933147103237,0.737995716501536,0.149168324056542,0.800163956971106,0.167058538489746,0.699237877412151,0.181845776195404,0.810297559956225,0.165607959810222
0.999419830703455,0.162844970504958,1.36803485047567,0.328861745035377,-0.569666768976196,0.0926932557416288,1,0.194811498364782,0.392475973453953,0.744729775848954,0.135688303021619,0.769601613972048,0.117923680066091,0.649508346407465,0.182528616160707,0.647907890119283,0.179593348307595,0.904817461548554,0.148737074357559
1.29846200899211,0.211609265776262,1.20841003078277,0.292213585888473,-0.523351888203912,0.125827378705511,1,0.396516350199241,0.374530840882108,0.532477173316293,0.169676171935112,0.721418119678862,0.154158426770399,0.775414600973455,0.142603268630437,0.56147154821782,0.187707947801177,0.875854442638676,0.189208274742036
0.642745769439096,0.13529925239984,0.619803542849357,0.151357194655368,-0.344820531019582,0.179590477154124,1,-0.764421017413474,0.387047323390749,0.629731081076285,0.13461269341081,0.524564589836493,0.136794907575088,0.636649662713391,0.128646156101648,0.390770111694225,0.211087870962873,0.570045304896738,0.24589758757491
0.767260098776754,0.169469167324223,1.41317832348974,0.388386039442275,-0.29098842677243,0.192070474718302,1,0.236653752372303,0.351987013602146,0.69260352745445,0.153098817952598,0.605247342129737,0.149283097883184,0.611022610568596,0.196849552483512,0.575144517781857,0.212724611959803,0.900634174300165,0.216442044817953
1.29761006056807,0.173996643229197,1.15492175826317,0.291107516759882,-0.592481372122268,0.102112555070753,1,0.130415570687443,0.302232693890278,0.822332595264638,0.159173518578661,0.851306730524627,0.116278362775391,0.709456596101771,0.186390239119645,0.619177171254538,0.177993393226665,0.964308446740135,0.202425469347574
0.859979015701854,0.150584766440827,0.71935810204636,0.204825906275664,-0.41921647786443,0.166738984934558,1,-0.52560370184063,0.339347388086,0.558183777684651,0.154198185922917,0.637842415521419,0.139863745888968,0.507169936892169,0.17618945114978,0.608763895372392,0.199634563960833,0.437938451280216,0.23188780028535
0.788045762924021,0.176440268111022,1.20807524661125,0.303981958200026,-0.536749706600865,0.13396579044117,1,-0.337480248925299,0.298545112749785,0.761935498193358,0.136538376987884,0.757662837696384,0.166422518209607,0.541492830837717,0.177803528530657,0.760899173740933,0.166279115991575,0.636821238423296,0.229949164156557
0.780265624078862,0.135878127910752,0.773652001030916,0.186020911485981,-0.447243110318158,0.120015809784561,1,-0.428869755081985,0.269422491616383,0.669801208856432,0.113724614917066,0.547970761587926,0.14150265872501,0.559762254125309,0.156859261992361,0.635902862329705,0.182646683681061,0.621422542424504,0.201578179022213
1.4173929920256,0.235608290116659,1.63002014205064,0.455266794990477,-0.717934188427523,0.0822975018677558,1,-0.0466395949914633,0.429413042930528,0.962526981101456,0.144539058891171,0.803001025331024,0.148119626914192,0.989996403963477,0.200571020433417,0.828692741892207,0.17979526301477,0.819355065834581,0.16468870377582
1.09018636480741,0.154208900620306,0.965438741678417,0.231159412748901,-0.485909374054301,0.130362805044281,1,-0.0518581075143451,0.352510879084087,0.790521248263514,0.123827062926866,0.677273638358406,0.137623464596525,0.778505712257859,0.146914665660862,0.84715278498483,0.147748255346878,0.669592258832545,0.222197345173938
1.06620453136419,0.169908773643353,0.83459600673409,0.247804914056639,-0.300510428322371,0.200019304463523,1,0.333461056044093,0.322534355427274,0.652464030596226,0.144690486407087,0.702387539535085,0.146363248772046,0.390114036664687,0.194281360745025,0.777238094953352,0.179874176166553,0.858970619175534,0.199866427053887
0.8938412970516,0.150046166924467,0.950766281621484,0.241204222102429,-0.307516714524347,0.162882552640386,1,0.149526122780104,0.300163866715413,0.643116905942414,0.136716868907429,0.805723123673618,0.126640812435346,0.597603296628261,0.140591426988266,0.446621299604609,0.217184907916834,0.688695527022327,0.2477550128361
1.13186239083169,0.169519973739906,0.874519933104357,0.226299405653345,-0.57091211678146,0.0901992602347032,1,0.432977860237035,0.298411844267065,0.601146687803903,0.13825627645332,0.665097054758942,0.149174222677375,0.729177170759971,0.164758874769123,0.617085982432334,0.164659395662613,0.358123645864478,0.238315610272518
1.00941160590787,0.177237545795796,0.957011492899304,0.236643334807976,-0.427895755970701,0.13481126377071,1,0.430799772929587,0.393230767489483,0.519189762153618,0.146487716932164,0.895267706531177,0.132706865563901,0.718574182737188,0.150531280346136,0.53236212765305,0.164970078890695,0.701001314991002,0.217199079956788
1.29887676246263,0.218171181992865,1.45898819641025,0.423076143842016,-0.684167362324558,0.0878530399991617,1,0.333123514339795,0.37896326708698,0.938262862404678,0.156582813038441,0.742545408556962,0.160535163830396,0.772491993915722,0.160796441241798,0.96476254594496,0.20232829541173,0.756491486970577,0.254909372705266
0.940734403259682,0.176243167813421,1.23770616714145,0.328441456558047,-0.569032590063245,0.117251710910175,1,-0.177444691183789,0.357573105537928,0.945711222208738,0.121170726987109,0.531264739495036,0.192392173175943,0.731216130904083,0.155135317825194,0.870660927902613,0.183465519881589,0.954381001101373,0.179745321633846
1.08464700815195,0.185308434484896,1.06568424232169,0.305488263194297,-0.473038144492482,0.146847510603338,1,-0.00221456256712029,0.445337697688645,0.748920407510962,0.135224261546791,0.798742656942601,0.174694863474924,0.685167018939835,0.175697897009414,0.885993397073083,0.18364607976484,0.507365442032088,0.233106595934868
1.02444763802516,0.172955107675694,0.824493984991006,0.201693680598241,-0.548337953217087,0.11639399659989,1,0.294814691920584,0.301328064727592,0.553295674537687,0.14610067026841,0.769045500032296,0.111745424947138,0.64422517415726,0.156548425961761,0.687825978859995,0.188507179610168,0.372374153594568,0.285592614948929
0.882583167775852,0.13698821120892,0.603983713429011,0.144798588123014,-0.0452866148257002,0.18886699566155,1,-0.216749047913995,0.292509863930945,0.493280317603865,0.139267536986811,0.533943594874153,0.127450531999861,0.727065787104329,0.136550926809733,0.523463509508755,0.15427311794139,0.618131024233615,0.201459046699389
0.943659774642312,0.173186261369876,1.1222664557561,0.278873353629484,-0.585777777797482,0.103295301747426,1,-0.223756178808989,0.290075662858234,0.68378152647317,0.127297787737543,0.780701880125307,0.133800080615793,0.779879885949125,0.167052395728866,0.618039449867429,0.191405505234693,0.85920628624899,0.202567186193482
0.756203554751485,0.177718641091255,1.63115824115292,0.407405745766328,-0.475880946334125,0.124775239671618,1,-0.382007785192774,0.349976088382169,0.847868005230717,0.135213787725599,0.482190497496945,0.15665106816587,0.685180890022877,0.163287984078244,0.841084925828449,0.171985069753921,0.439907421955509,0.267431807131814
1.04842076995947,0.190734291955464,0.996572307082598,0.304012442916309,-0.495542892119002,0.135921767973627,1,0.381148822211296,0.351732855159461,0.476476680595112,0.166586502106712,0.894399621875094,0.152814065884233,0.628258504762359,0.17485516073302,0.841057985065568,0.17691664887864,0.638909953478673,0.252124104579737
0.929128131601428,0.174450826918446,1.12588068917243,0.308220249158945,-0.488501351106691,0.145821723703099,1,0.147838098917137,0.318558483944631,0.659599150408611,0.140181002083348,0.860710193953188,0.142869304078467,0.478153244814111,0.185193040106929,0.717868343614348,0.211808090883878,0.509635573003277,0.314181332230553
0.999221799408428,0.163833647405251,1.00750779361462,0.251334444156045,-0.42208650332786,0.137099071082255,1,-0.0388798630348443,0.327071286248805,0.437022883105907,0.170519684209136,0.854943343847428,0.12665698677728,0.764512446644116,0.134672415927824,0.588786444483768,0.193539975214885,0.585757074928611,0.167007393193558
1.11966408064316,0.167312931162858,1.02901662648354,0.23118165333059,-0.396306394002187,0.145910938407065,1,0.243986465471294,0.344078233016274,0.764398466378594,0.120381615557257,0.771417953541253,0.126376288471448,0.801431783067604,0.132867023116419,0.661158081162849,0.191389264218739,0.862508507473613,0.225535582883933
0.766095828170828,0.140515332675378,0.761481066936033,0.191422393360205,-0.559650815489609,0.104558830547701,1,-0.217570374974528,0.315091380943195,0.413286575043692,0.154003246932303,0.607828918146849,0.127218866609276,0.719494121844647,0.125861363092722,0.747472053810365,0.218371877669644,0.263288737364435,0.291422581267478
0.792609899899688,0.149288182362454,0.969351601609996,0.225847765681432,-0.399466527178721,0.129458161377609,1,-0.210038660422212,0.320912425418826,0.508925755231134,0.134686979271624,0.740287720515531,0.106900869110958,0.732052959204976,0.150950176668407,0.728216482462574,0.17228639427137,0.475228882152175,0.272158460514697
1.38395783690978,0.180683530121268,1.49685242133888,0.388161165429321,-0.452707228472241,0.133037799052211,1,0.343547599876961,0.333770906143693,0.714753481823132,0.149472732274709,0.889220776705786,0.131546364319956,0.544022912500678,0.184597130971425,0.604405154304656,0.175730119018631,0.684098497083329,0.211211612782096
0.857579755718145,0.167196794774513,1.09326387730083,0.282326218382328,-0.354582745489345,0.152664790177663,1,-0.037657878029546,0.305580693552914,0.631604000336353,0.139674152546613,0.749150288198746,0.141848540746048,0.82720561707685,0.132875975127702,0.712938190869575,0.200736806861895,0.733736921210825,0.275825081235521
1.29246587308007,0.190305255467607,1.39485300059941,0.340063505024803,-0.599020218591554,0.0989004214633774,1,-0.0208903102778998,0.365522734404536,0.759438699161449,0.142752666139669,0.850338552320904,0.137723995778243,0.989235836655842,0.140004553925355,0.857588507373347,0.152208510606705,0.769153497728927,0.198113338964554
1.07793378715777,0.150733260486874,0.804166545328019,0.200219713217873,-0.468826173566257,0.128093113465873,1,-0.193157227612975,0.367305003971603,0.793803556968705,0.109367174724541,0.581315327386973,0.127852206230333,0.694532718137393,0.176411502628182,0.578997056858804,0.206641114009073,0.425007289167877,0.217210293923501
1.119548845006,0.177472121940388,1.04808782921795,0.24522169446602,-0.570813040551814,0.0970787472547649,1,-0.0353127945613393,0.471212384885359,0.748347676014266,0.143287579817395,0.796046846259175,0.118307777676754,0.642870107460798,0.132053250155621,0.72639494812373,0.177043656947788,0.798368260639289,0.203002195711839
1.21166708751369,0.167681483709465,1.08378619175177,0.233555295039033,-0.435952813246082,0.107986556158433,1,0.384359271080357,0.340451372942625,0.754867967212392,0.113760607839238,0.669695341907306,0.114211235989871,0.678947224007556,0.149638858695988,0.584552094648631,0.189521239789875,0.924638844928296,0.146919264465873
1.11587346945309,0.170926443211707,1.16433503143194,0.302552209324005,-0.474768060964642,0.131501749641381,1,-0.353182080204383,0.387960459521212,0.862167928321987,0.134828916820488,0.750636516355813,0.144337135001519,0.912394664685224,0.139703450467575,0.475763375912151,0.242191343366865,0.665730708757665,0.252248148187035
1.12764531300152,0.178339647677085,1.46469669743752,0.37268868633291,-0.664282992291171,0.072820766956968,1,0.220896891587611,0.395859573101308,0.844055874710349,0.156113665429099,0.758799542308798,0.135325850541072,0.856143123787389,0.157647982862993,0.801877966318271,0.133612765380755,1.17927661273033,0.169889119107136
0.862641343475073,0.140439418925794,0.852366076423924,0.210178555102785,-0.46540586316733,0.128109480339289,1,-0.130555615326182,0.335152196448637,0.72998454503621,0.113689140710399,0.650061129261726,0.142636491304307,0.630130341244788,0.152470714984817,0.333382806765816,0.200967614430438,0.716528740926602,0.215384611971674
1.22807006814851,0.203433130976748,1.26186993312116,0.348224313054715,-0.641829924642736,0.0841882721105268,1,-0.0258787418524498,0.49680118271499,0.93357243347955,0.148443667268116,0.890962987285113,0.148669790332486,0.659009965771731,0.174171467866476,0.715562495163246,0.174064324334292,1.03649831517214,0.153283622574725
0.903016019377156,0.14112123333634,0.786525633055878,0.163151280392852,-0.398353200512038,0.112681807537067,1,-0.260611107101983,0.329647737035214,0.747798010218867,0.125667312354907,0.440367685130298,0.132378926225679,0.644536320069697,0.13568839181111,1.03220621304478,0.119332309259137,0.414650873679605,0.211733237477858
1.22613531727097,0.156675642249039,1.00646106208229,0.229265613815594,-0.573424638961176,0.0995761581620456,1,-0.152107976054687,0.32889291728896,0.828190582885538,0.11782748568387,0.757825509660621,0.113361664226666,0.977703502607033,0.133840320895961,0.436553900144054,0.227597323825642,0.364142747808116,0.264434399614003
0.893030330686394,0.15301829256906,0.871599767483167,0.223599628392356,-0.522821765810537,0.113626438583778,1,0.167829796547124,0.314475973836945,0.647080626908243,0.119574951945447,0.709419108075363,0.150879381904071,0.588784235898719,0.188491707989237,0.854071365644922,0.158430732423529,0.617444371911657,0.200731709079972
0.965459499864561,0.169020885004774,1.16459311548976,0.328679486253621,-0.574695815144649,0.103852777030299,1,-0.141714717154242,0.384130936200486,0.758077987281349,0.155522899636943,0.884851425762349,0.145504625249345,0.980238525925145,0.193487170617935,0.728557137081891,0.202167832628338,0.82948122518687,0.254604826593172
1.22687857520675,0.199651883756676,1.41190460199825,0.355896360884543,-0.522667272162134,0.120816501388488,1,0.0220637598318536,0.331694697601375,0.708867598639961,0.138853377701397,0.798979851521841,0.141981604912453,0.914621093116749,0.155815764752189,0.856966919852163,0.163852025078266,0.752618905424329,0.212424320869735
0.959085780762152,0.14393779235617,0.663987314768222,0.173788132964059,-0.317186313158348,0.17551482910525,1,-0.00615789521827539,0.320494569650284,0.702076192285143,0.136224601699403,0.653304467573868,0.139876127302424,0.4955022533598,0.167335066362761,0.446294383362646,0.199673538030038,0.898249700124172,0.170313229290778
1.13406163268552,0.155461220835242,1.2151032157101,0.234549872362482,-0.622781719746163,0.0663481670269705,1,-0.287743982281355,0.28235553522192,0.770235398122074,0.136808296097311,0.802116980641985,0.116749138731766,0.738002369880861,0.119052844381289,0.835941013308677,0.132880316089457,0.623819558581501,0.212434681953306
0.87681384808108,0.139379458415259,0.794595067825686,0.181798695874836,-0.353593972376165,0.129628860925629,1,0.0151048404629371,0.342158964005395,0.758063475271381,0.107887926591796,0.48312368908157,0.143259473123019,0.802449095472755,0.145112546470839,0.687400584105322,0.164030758019923,0.300058964784645,0.228697855533074
0.938038938905257,0.169738393375025,1.04949628317757,0.291939154580913,-0.538498031735185,0.131607527056157,1,-0.510906467558338,0.382318518305354,0.896906053835666,0.142334058555467,0.61645139013084,0.158153238432071,0.56889066346963,0.18869604826442,0.623860346379916,0.172152261937844,0.747506125706336,0.226762359368875
1.08186622459366,0.176696951328582,1.11787878181715,0.268447476226002,-0.608172407597853,0.0940516075196541,1,-0.0613053296433959,0.352853504998527,0.773378425457142,0.149081094549855,0.818724249973992,0.133752208671102,0.863480140704243,0.14012490805992,0.964575331052689,0.168867759571734,0.540768128564506,0.286972951267418
1.11562727157218,0.175320388992487,0.958196806312923,0.250416187266635,-0.522885982560723,0.106764615217479,1,0.0269674664503638,0.332688960858595,0.585934298891349,0.148611786136969,0.625631425809545,0.149178861813174,0.529839146207791,0.172464438431463,0.601543957845817,0.161676298836384,0.864093099384841,0.146190446296638
0.961593605722236,0.154587609027025,0.687844175319802,0.177022327689853,-0.378401649806033,0.1636011767005,1,-0.213962802503236,0.337628800604031,0.651597339567216,0.128360647580976,0.658540380106405,0.14647080509621,0.63607970439393,0.163190820863835,0.461479056123627,0.191404960368603,0.633526420066429,0.184924902748648
1.32666742641137,0.173133169933237,1.04846997404585,0.231213619090089,-0.566596038997967,0.0902944043826685,1,-0.289682320971003,0.436042510669843,0.906335309712642,0.128969679499736,0.900338419676374,0.131264411149414,0.893630675311052,0.123618065883569,0.671872822586521,0.139302838398863,0.837038633060045,0.182750718740511
0.938986937097106,0.137981750638242,0.870670779123049,0.185888455790971,-0.461118026147547,0.0780952279491551,1,0.0641531531912167,0.30586678333456,0.72786859502703,0.118832890881485,0.43024414262815,0.141589381312002,0.635215923765873,0.161045198398889,0.788675356270894,0.145839095581598,0.483569318065961,0.201068548720811
0.861401721169689,0.142701367360968,0.922149574628358,0.236097705456878,-0.322854825551036,0.182947679554236,1,-0.41988656012219,0.265929668635225,0.724450296942305,0.128791298244258,0.588606232483853,0.151124681155981,0.558444503433426,0.16494372027283,0.64179618715357,0.157449730280205,0.442533936921425,0.222923231275211
1.0534354234323,0.178458538785944,0.974441147721321,0.246810339332716,-0.388103212325323,0.158941074957778,1,0.393330725985102,0.334890403268593,0.625649224691019,0.134607187663878,0.695686985424551,0.154584919531297,0.740267860301173,0.161362161228509,0.67314057505867,0.177832595053786,0.591605554178989,0.214231344200904
1.46463905348866,0.182937290678398,0.892159639259427,0.205576016688542,-0.576136455046917,0.081217857379456,1,0.824083824430463,0.414603719839818,0.773165516228364,0.144580947435342,0.773173246603095,0.137828959874015,0.834801816418926,0.132107752101685,0.856696834788292,0.179567601152348,0.753086882728583,0.156658325524012
1.03319837471177,0.153111768174731,0.801927749888137,0.21282889739977,-0.431448650997593,0.133800999000592,1,0.23809036195133,0.282351034284407,0.639867047147407,0.120136883390378,0.563700002365174,0.148175241382624,0.76012210251671,0.164714677445127,0.55839399749899,0.213740577814621,0.477870375621069,0.231426838412476
0.934778480559405,0.155991165596565,0.804324440786969,0.225213246403887,-0.584913438891151,0.117678067228278,1,0.287833113644825,0.282933724309736,0.439023223583288,0.164766424884554,0.597736673842815,0.162801538319752,0.62740935433345,0.161881716762701,0.417812390478961,0.226779946524653,1.01971987151926,0.1796298030424
0.883540593223153,0.15624541618086,0.852199442553606,0.235742432881214,-0.599931861433414,0.107655824402334,1,-0.194136734825101,0.308705977791457,0.797880729680924,0.119977964392653,0.68522385336287,0.170633154509555,0.777685971584168,0.179243303383782,0.531938774302018,0.198156150573501,0.525588499354947,0.213401506145993
0.791166262429208,0.113741340021377,0.625858241308315,0.144677567006226,-0.393782051093371,0.124691478783396,1,-0.151795844209742,0.227288638047693,0.677943518850049,0.119628349143926,0.356320710715924,0.162405507691567,0.695249979709578,0.136856110490754,0.72656085282157,0.191437166992727,0.720303238011037,0.183435767910359
1.23439822832176,0.191844960495082,0.987808842031963,0.254757431276691,-0.507162932063006,0.130044065925791,1,0.361045282909293,0.392497431151203,0.732447247431575,0.139820049560273,0.609327389025386,0.141341485633554,0.673023028510518,0.163305999060374,0.574446384147349,0.202564078152841,0.586461893581354,0.208813202862133
1.17470961873007,0.244135578119037,2.39506506271098,0.629275986685684,-0.757617582475296,0.0715041766221195,1,-0.460378867170771,0.490364439874023,1.10146000534265,0.161383543416896,1.01201902490134,0.147614723150124,1.06586790926825,0.167117896414006,0.703157400484345,0.192500662680585,1.33442135172431,0.184983827127304
1.08531384256317,0.16201451318964,0.762611527148087,0.208799350416413,-0.568698088209024,0.109524569224788,1,0.0182355781252697,0.349003375387537,0.789256742760869,0.14059366260629,0.557916357673809,0.134732040101572,0.792321339397376,0.179780511889767,0.630023381981702,0.210711177606068,0.729668836859512,0.190279050728655
1.03739784156896,0.159030418556848,0.81239197122216,0.188452461315072,-0.462285652264277,0.130112368628178,1,-0.477141588061533,0.374375781056981,0.759298811454313,0.15395646702195,0.735810892040662,0.122466183456797,0.507921093285747,0.161654815966645,0.556242431554458,0.175650346811904,0.637322704443947,0.171856796338158
0.902918127247464,0.159619233028044,0.947896480066161,0.240211958194658,-0.579460488417538,0.109805645043712,1,-0.181136512624487,0.387598139744583,0.774093255610886,0.141200411738207,0.638025684424601,0.144553538014911,0.719953354127046,0.145130732322052,0.691144515097278,0.166924097726468,0.869748539385803,0.215718810302019
0.925125202431868,0.142911113578946,0.798412104619743,0.191277069439735,-0.276827963825279,0.177432137593686,1,0.141964786902003,0.262026715536193,0.678985641600839,0.121379275234731,0.734963389719946,0.137385946207384,0.670065815959815,0.194367048184271,0.839894303530081,0.179859597323106,0.662975926314475,0.228255989123314
1.03414275465099,0.152709329550409,0.894249199438124,0.221755057459571,-0.288542201239866,0.13931904091299,1,0.58975012712951,0.346725751367518,0.639056409002558,0.127675475968367,0.633593681366468,0.141502424665735,0.469431008945359,0.153472620158668,0.645710956603402,0.162503525870141,0.925641621434699,0.181233649256481
1.01416849268105,0.168586542705307,1.30778751038098,0.363019209225533,-0.532023519150839,0.12678663793341,1,-0.11748012211893,0.27702400596666,0.596565427214206,0.14176085270126,0.704319050075781,0.166654892823361,0.789772938296363,0.153239805499586,0.77064437783512,0.19651073380866,0.497847931382796,0.222404804233581
0.886677719671696,0.170725239212286,1.1719085826135,0.306431005176695,-0.496101222525013,0.119612065375196,1,0.2706925260067,0.345252422640188,0.788343423164115,0.118450175743843,0.763880369911193,0.145511165215858,0.610520763051861,0.178370553710817,0.644200753982128,0.214872578439721,0.644680957450005,0.310379796498538
1.16314716397415,0.213386727326448,1.5941586753239,0.395672801642959,-0.659185118238709,0.0810968888943624,1,-0.52061605383968,0.447413288231581,0.979551147568469,0.125620956912287,0.636731451681867,0.14221096846536,0.607634656235833,0.176951665841252,0.97100494613858,0.173434615410472,0.78554801266273,0.24402201153828
0.807224218994478,0.154866026266695,0.859719124339192,0.218252365897089,-0.595549318521567,0.0974351973268756,1,-0.474050483282151,0.297022781002023,0.705880233214612,0.14026259882192,0.68635478229313,0.12736992573071,0.862138359201334,0.141638721933511,0.823428306802468,0.191208013259565,0.46209560216546,0.259760737232451
1.23446386690176,0.189993375676836,1.15132808548408,0.303560905227374,-0.611010154569454,0.107217654113356,1,-0.4204938079309,0.352147978842053,0.905961127007791,0.140884796652136,1.03686275140999,0.137305212345859,0.783933110077911,0.172017908804474,0.944187963890636,0.191639054038571,0.948111266086571,0.189641333573349
1.15204596658667,0.162441070283591,0.98048737369756,0.207195495039349,-0.592291501899502,0.0921837277850209,1,0.182670420713201,0.311282945619456,0.742350581846622,0.142863542730188,0.635111287866467,0.127944989698388,0.759532399319897,0.135052637711773,0.814898031590648,0.162628672842494,0.817453829842094,0.154953849576281
1.18969570824823,0.17011536689057,1.07164207008255,0.25954403004196,-0.646118388051621,0.0799030796509918,1,-0.374174846164358,0.365732238860255,0.847345349884334,0.140585287435266,0.961641011705174,0.110586352667787,0.875729433344051,0.157458523741606,0.616869783224887,0.200409300425591,0.795966184702035,0.222873429848438
1.14458959028527,0.197499184474828,1.02219578681338,0.261429146441452,-0.653976292725214,0.0787557102888648,1,-0.322576247466733,0.35711923460572,0.709753594337216,0.130143312777293,0.761019988564529,0.145818558601712,0.666494913280385,0.150090271394678,0.778600381671186,0.167028838051376,0.538626557400069,0.236018440021155
1.09702639058067,0.187854901221395,1.29693695190254,0.330452862754422,-0.650188264403409,0.0944795327263293,1,0.407547510564336,0.308933894569344,0.767036279051373,0.14182439538316,0.655990126626754,0.140342729320158,0.696028227481585,0.136791269828634,0.70087040191231,0.189966458739974,1.20872361198754,0.234111686309056
1.18080453465814,0.171643593227443,1.18814549437065,0.302751119229387,-0.602636614533804,0.0927653107779002,1,-0.132269280698723,0.418965001738803,0.804326575105407,0.153332678036122,0.745156920118797,0.125280268518827,0.955424238433136,0.134039397744824,0.919831862275236,0.157861559127935,0.821104404707911,0.257793791249544
0.915443748146454,0.163354316278171,1.07300120906131,0.263127618078405,-0.571161095294251,0.0948308659778962,1,0.0520705264420985,0.367413232074688,0.491041852550842,0.127275101390404,0.895299668980319,0.14850064922307,0.800031853768305,0.178605924578483,0.511328676821705,0.192627126088747,0.62715853749962,0.210086786322382
0.73986521229915,0.139669173073357,1.02805972695788,0.228848847301388,-0.515682678816322,0.0998245182536245,1,-0.608284857061797,0.257852759011446,0.733361902853015,0.134620118436242,0.661715631397247,0.132460112518118,0.525096486305863,0.151091734823584,0.679102069846522,0.148701864094297,0.939366797194928,0.176253525481054
1.00444758069686,0.118936891581181,0.680348028477644,0.14699678764517,-0.453627366044844,0.119301809178449,1,-0.165974965562937,0.293044054793537,0.818469072816487,0.115158716590826,0.583385967914313,0.125969116872245,0.760600062897029,0.134641029767899,0.692090751978334,0.142323042485371,0.916332408003085,0.224834805949902
0.909606461771781,0.159450536747495,0.985326500224884,0.212754396646201,-0.469038668001125,0.0992908080906947,1,0.305273587453606,0.363078915792663,0.643362526127744,0.120358466564391,0.533062029902221,0.140122261620298,0.596985149110138,0.135482501310974,0.758190153898692,0.175175080181473,0.62535757755304,0.248412773553499
0.790269381429345,0.13627972802592,0.705210072526221,0.175206098035401,-0.533340654295524,0.10995788396896,1,-0.181245978712513,0.239033440713217,0.734539006675856,0.122468192170116,0.665330099104993,0.126639349329498,0.693763274381883,0.161079556578183,0.611901457385756,0.208134345589167,0.51195335799376,0.263294070483627
1.1911440115394,0.182486075832934,1.10969616096257,0.320885148833292,-0.476163805010045,0.133835925736131,1,0.194275152720569,0.299154318784019,0.808611697561217,0.141428316770342,0.787737249054338,0.152910962509591,0.609445167267366,0.181683898943394,0.836611822362775,0.186582112861205,1.09464274656634,0.196755211050974
0.962289575749255,0.141413748639118,0.742622420834318,0.159882749876051,-0.264798189612305,0.125570944077917,1,-0.0363699737553213,0.326558470746792,0.480950443837609,0.136184871112099,0.646166248174309,0.135605167813535,0.8807626559712,0.119658988309695,0.542618465118698,0.153462701754249,0.310900682871404,0.198541879180919
0.961856177971764,0.157706079069089,0.833967030586386,0.211934859375973,-0.550884796733011,0.120415437121858,1,-0.112430466997698,0.338199845109402,0.810898336357113,0.13359176850098,0.757244949109281,0.138115587482716,0.483998191506854,0.171479782381437,0.762972672252754,0.185965694620532,0.931187405547344,0.195966124206107
1.15615449398384,0.153369576507713,0.920953209909548,0.213646638608146,-0.620085988379201,0.0851045971054614,1,-0.0995181857289388,0.316639236365356,0.788599016016944,0.117658774667255,0.690090173849804,0.135999135361066,0.864366398583129,0.138865849580946,0.817438663673041,0.187261769712585,0.797083941626812,0.217258402962117
0.993980854903654,0.169579875640015,1.01467684903517,0.277501637001612,-0.525808555720385,0.116125036554554,1,-0.0778089771709937,0.298828182963868,0.744519780544503,0.133264933828558,0.635299715836691,0.154716238867864,0.600584640651299,0.181508281320483,0.934780052880846,0.167452559666305,1.000328633104,0.187131721958029
0.85771574754315,0.177276599492805,1.48550289838725,0.435124136574601,-0.38536605636953,0.170808523148913,1,0.290019298073475,0.296468919110293,0.631816999157783,0.147657134323019,0.637708146294741,0.16814464311685,0.64962232390398,0.192177050273127,0.646106851548848,0.267636029698373,0.934411748827535,0.20111028642198
0.829948510902655,0.139211919132496,0.883070881508522,0.238840673257827,-0.462521049118413,0.112872417276162,1,0.135410280210976,0.292653727661869,0.578559559712894,0.122021989647018,0.475923478798587,0.130656865691557,0.602700694964363,0.167169149057376,0.720804575946922,0.193809523464695,0.793051275203385,0.247224612851559
0.939365571470862,0.171405797465592,0.95600726440298,0.255686509323132,-0.431192030869034,0.136635864826315,1,0.0524609052759207,0.288955880359341,0.713098927204689,0.138282481954683,0.578328466781985,0.149638487317662,0.394625260267078,0.193778980833392,0.931546698129079,0.174153699333304,0.571472302388625,0.204683123869123
1.03992834364353,0.174051878649888,0.937608849477718,0.248829915246197,-0.434144144948867,0.147849869916016,1,0.449512653912224,0.374827208504211,0.651762994514943,0.129972396448631,0.552601324490893,0.141753828725185,0.525979121458388,0.182170419711307,0.657110607122136,0.180946205806509,0.399257676412207,0.231914555391466
1.04603665031351,0.163268117819542,1.1037208066651,0.260017265272172,-0.368065529511412,0.167855042476726,1,0.0763736024160551,0.302515410828989,0.643510183940751,0.141811381110013,0.59808485177203,0.132186364389067,0.75530558609271,0.171196871367252,0.522085732911214,0.209443169894993,0.82768382685109,0.204044216361419
1.10748735861314,0.154567496488109,0.823211120017334,0.201448713803775,-0.569799514170378,0.0899965125762738,1,0.117194849060333,0.305464771137009,0.503628514277343,0.14978349164535,0.652885957627687,0.138970466535622,0.750395908035328,0.143235986367521,0.747127856177762,0.148033645241758,0.877434327745434,0.22562594877956
0.738179652853451,0.12285542471937,0.674383688919361,0.142086504685522,-0.47975749342066,0.0927159820287595,1,-0.0523906166851756,0.240164299860156,0.571725479091398,0.122610372402978,0.618130955784477,0.131170779725496,0.436891857005142,0.153332153230723,0.766807130670262,0.124354622141028,0.754343308505181,0.194202180072051
0.952566218761276,0.145683710657602,0.668815951759532,0.154028553855016,-0.367905703334796,0.136088988180359,1,0.0617953190290034,0.242304017762942,0.505530520510911,0.147611847864642,0.678630194668919,0.133671709988508,0.562500420536096,0.136119875465032,0.761483368974714,0.141766085805863,0.397278656873719,0.217617684633725
0.931481153846684,0.173056406970129,1.20268619947498,0.307519613680276,-0.535555316101552,0.102572266061276,1,-0.0737406658066979,0.415266380758544,0.42142731326542,0.153059520916421,0.700402826915033,0.138668326511635,0.755589575811158,0.147134261105967,0.827179267658198,0.186237737062098,0.313958359833613,0.26080486344387
1.26756366755632,0.217288268540814,1.38515375406384,0.39634644155324,-0.548752668467196,0.128595517099073,1,0.820017489362197,0.411383352634563,0.854731514144564,0.160013822159873,0.743977906441612,0.139340337192496,0.665333955367052,0.185297115387868,0.743175328847007,0.248441948895894,0.749171405736082,0.232826457064524
0.963099826065966,0.154471605220884,0.804494400394167,0.201944158555696,-0.597924412979651,0.0912903384158731,1,-0.289705498476302,0.324108095359494,0.783928684763182,0.133066511345785,0.586587198051446,0.13826390858984,0.822303587908141,0.127716857975124,0.883340627215995,0.149162178763881,0.477036603662329,0.234704433984997
0.876938261573309,0.15867672767962,0.916462322925052,0.24141404367724,-0.546229855045321,0.118285043013638,1,0.145428425830141,0.312776281841151,0.817420995999099,0.124225137934723,0.297176471702172,0.162817886345801,0.609777222324626,0.168956781775379,0.980504412099321,0.187357268278357,0.541051759579254,0.262865259224825
0.931940501665325,0.155818494679722,0.864301932953085,0.209532555371923,-0.401591636839094,0.143938212742059,1,-0.168604395831505,0.372298046368907,0.696831409570644,0.126669467000712,0.523212894513969,0.137714408553103,0.707024523352471,0.15137011399449,0.524082568556591,0.21868129789409,0.70603630714117,0.183427774290731
1.17801601593286,0.183823549756221,1.48523185834444,0.381935598474111,-0.601970080588273,0.106118286723994,1,-0.264671713689207,0.402742851066718,0.970953065519193,0.128974737426273,0.871971084135715,0.146479980764973,0.55020629849401,0.197399286686428,0.80258493140571,0.178552969479659,0.682676375421952,0.216694044115861
0.93017637045551,0.155456026424658,0.691627954738036,0.187401815417616,-0.48326181704659,0.11704305462876,1,0.201547964425851,0.33171756466646,0.50986235638073,0.155821182067358,0.575316472706859,0.146344234721671,0.457091008906481,0.153739402378601,0.793866933967288,0.165359630933655,0.516792183936052,0.245898893998457
1.34807510580674,0.217255941372044,1.58250360864618,0.430983140606939,-0.543285609837829,0.112705344856523,1,0.970756004072472,0.467803653625109,0.7507565712496,0.157278432314151,0.828779323805897,0.142388120534269,0.863471056397711,0.156057308102452,0.526906250916892,0.220144001556285,0.848579270494326,0.193948144094491
1.16607481176915,0.189777392809744,1.26440202158516,0.321791792811641,-0.500234120912135,0.116760768363005,1,0.446607416762502,0.325394519890883,0.64783562966677,0.143726194115183,0.649920855936798,0.150642911235325,0.555679763061321,0.150922086579794,0.506620776463388,0.18319141319933,0.693120308890151,0.179125131323799
0.998331596954786,0.144086386120643,0.911773875512746,0.20771783997651,-0.558308295921871,0.0951426236642166,1,0.150263146362996,0.30760873491094,0.76616924300005,0.130218595837276,0.447816555594325,0.15620094761714,0.645003392950799,0.146939912797036,0.716730339655166,0.14136727923947,0.861836678732037,0.172184821594792
0.840305925919856,0.136644682612491,0.695994585250735,0.157505412597994,-0.225843563324443,0.162225286599041,1,-0.220468195210649,0.290828653833632,0.418072529986515,0.139487451686306,0.769986552354744,0.11926271465843,0.551723631135005,0.160196710195099,0.641054770157207,0.163647189794306,0.681178701117186,0.245549821995157
1.2235578794359,0.174332920502235,0.829588277475426,0.208515763485801,-0.55012093219448,0.0995466925601494,1,0.24611937281454,0.324760055498988,0.7044565328259,0.124212727605143,0.548328757581495,0.134648186567089,0.42848074344931,0.176034889908528,0.812249656145177,0.156703840119829,0.483450738139926,0.21853238425599
0.96303220515237,0.155636103247062,0.963515376528783,0.235662940102815,-0.507176798728839,0.118758585083694,1,0.00770464848682421,0.310953265737243,0.719016437408691,0.134685090676513,0.748574783556211,0.138135776064609,0.698867504937489,0.135248608171892,0.800328367140073,0.212952450104691,0.527663151494739,0.27022683843591
0.96671437198065,0.148684306577929,0.900908995576179,0.220440699964034,-0.580562691875623,0.0936708028907927,1,-0.399806325889149,0.277721893940068,0.822128021744453,0.12793109997578,0.603799992122445,0.134406829441247,0.623831041711402,0.14539749679976,0.598305209265525,0.171558703766943,0.569000351186262,0.208900706033313
0.930461872817303,0.17151369505908,0.907235884472272,0.240417037355727,-0.484172061814716,0.122356711713198,1,-0.308841744617126,0.311104939739826,0.662736058543942,0.150932777695814,0.721703523570853,0.150804711358773,0.472574933216484,0.171437431512272,0.641698616992711,0.168212136304409,0.720869186898401,0.193823713918159
1.14659616140694,0.167310241895735,1.10795657896851,0.243381433928318,-0.620023400413845,0.0761532393966026,1,0.424562869963924,0.358588148421954,0.761726962934987,0.119433991000207,0.530332522760527,0.138106380934559,0.726307730081733,0.150702499708141,1.10190433395013,0.139543311046999,0.551618685024633,0.241946855634133
0.841112970608263,0.150116726838949,0.712794067022611,0.184806879647132,-0.362231462648732,0.165629823834882,1,-0.559284199028797,0.3695961665254,0.695701943447978,0.155772520793212,0.659331680718837,0.124558854020385,0.629439283537321,0.133293838136202,0.503308514454752,0.181132290912794,0.712068117308195,0.221336308687581
1.14394080879478,0.169267112181799,0.851642727711259,0.2156403877888,-0.429181774166097,0.146879589707274,1,-0.106947973726019,0.280578844591701,0.659720428220086,0.122146608233796,0.818331874240853,0.135145100924622,0.511401586617768,0.172206835788688,0.807560209454435,0.161400800083599,0.777561165422184,0.178694659339197
0.760596963884918,0.160866710945097,0.959110286723168,0.253584747092715,-0.369782911564642,0.160897712820631,1,0.0223294367517919,0.375297757185141,0.783539315461955,0.117469309756405,0.513758373599103,0.140934668277629,0.842919162645731,0.18144486581763,0.228500179472387,0.252919144875925,0.493318818569687,0.261922973456221
0.787476627239834,0.151715157399448,0.865491008438723,0.220291830544766,-0.471722679144067,0.139343197295445,1,-0.62323470908124,0.332008671626707,0.959376969775683,0.123738887696168,0.634618168649158,0.124677684476603,0.631807146525936,0.178995537356844,0.784713154069135,0.25337835314701,1.02088099890109,0.28763467423188
0.730621434237688,0.168967425862792,1.01898093614517,0.325885841405255,-0.537062156616691,0.145815457365908,1,-0.0398718816485856,0.40076020862835,0.856134092702005,0.149895308925524,0.519142150264769,0.189312288320332,0.692353143412798,0.194190222319296,0.772160740927364,0.206376229715149,0.610923273448307,0.268797553784182
1.16512318741115,0.160023733114527,1.0140861993541,0.24715517847852,-0.563839219494714,0.097840245720973,1,0.068226929640167,0.309271876628909,0.732638886340947,0.138750757073506,0.63600678058829,0.132620597803276,0.835580616138283,0.128626848652372,0.803548442004068,0.170744338583508,0.848936569150627,0.21413866095448
0.875112167553331,0.157442066377651,0.903969699050268,0.239345917355165,-0.408437410953761,0.130180626015093,1,-0.00725142897533261,0.292203148390177,0.42850993827837,0.151034861032256,0.737587867685067,0.134356097584865,0.837107399657627,0.143851118588757,0.837112946342259,0.145302349142803,0.43300834377299,0.248888913768009
1.21254696445911,0.189852619079573,1.00076931862241,0.265472529098565,-0.658800463413531,0.103012425400447,1,-0.324897719510309,0.358066125844957,0.852812495961508,0.147389259565378,0.926366142868451,0.137225532794364,0.647675273364206,0.168023543038693,0.796631760779634,0.196776896369265,1.07785199446596,0.180206923411602
1.25162251415638,0.156731312250467,0.979495631142155,0.216953677545848,-0.547944424287691,0.103010316602471,1,0.349274448899542,0.301003955163864,0.71160267204396,0.135276350461488,0.789474526466244,0.140103431573757,0.801547819275125,0.141359368272649,0.854775075454087,0.169622199949042,0.840806961488332,0.176464112128593
1.05299234371748,0.167530134340104,1.14151669631349,0.272284293186843,-0.306527621765977,0.162975037937028,1,0.247838174713428,0.339522763500846,0.621409151900244,0.132890719367633,0.745951043815807,0.119142222193325,0.795634136816635,0.139310534537197,0.767129125880251,0.182659409452911,0.556106106786819,0.29162494652328
1.31042938520732,0.188904820048954,1.34370043232403,0.32513272625128,-0.626569025780811,0.091164649234963,1,0.32594013446821,0.382878814278422,0.897210789438221,0.121828115806825,0.606795420879479,0.169032787889033,1.08395205239111,0.132258621692492,0.828955773452061,0.173759069226437,0.996646463715986,0.203700064320698
0.815902028481055,0.142085438284648,0.882365628611516,0.225089414561398,-0.530520980871266,0.120674903857831,1,-0.377294457462388,0.275378898797875,0.794299677168007,0.128454369084215,0.610432552314109,0.154754672110633,0.649190164075999,0.156069302380119,0.928178768064667,0.169624100923638,0.886300808782346,0.203304677277372
0.998489590900122,0.163574717072678,1.00395703468039,0.264671452063467,-0.568397035928048,0.107426905083738,1,0.172825319049075,0.29468102835932,0.694726330351333,0.129386994825469,0.815552310022314,0.134572158861325,0.446071822899367,0.171589295588407,1.13510085974804,0.169862641515769,0.844126914437356,0.280542311856398
1.14736216596442,0.184052913884234,0.86606884767602,0.239208434522038,-0.48519386891665,0.124760928715117,1,0.169084631714879,0.365951879923104,0.613838984390564,0.145197651025555,0.874135135535198,0.144081207009647,0.870428726276442,0.150781629214479,0.686604650982233,0.187236103622189,0.659248037479656,0.185502635846022
0.797508338593091,0.159798035770626,1.13127390771412,0.297378736221951,-0.137479976402067,0.217586091708183,1,-0.248605463731519,0.329343735301953,0.748501529124199,0.133379325063347,0.655020756808488,0.131641491302347,0.779984142771328,0.174298313596371,0.802899084582303,0.196282378132111,0.729066562128618,0.209738794840033
1.11701629886,0.153494324781843,0.762395950060109,0.188244316033758,-0.542576481811818,0.117266224815157,1,0.615739866981488,0.31302662877847,0.607679732342525,0.151033726327357,0.57524540030884,0.137924036439903,0.602107794844315,0.153504824207537,0.828546383705584,0.140574234808347,1.00689473498748,0.18428951458618
0.837203503319276,0.137171645678944,0.724650842630945,0.172724723111767,-0.227775871797896,0.190284936353892,1,-0.273153055318254,0.338562127935915,0.620359765257458,0.137997785232,0.617451724683596,0.121712920751099,0.638347821580136,0.140322629446349,0.323070717813121,0.203990023492861,0.502642509382399,0.199743037018997
1.02540112907049,0.172475139023777,1.08892065497846,0.265104489714887,-0.415472540185621,0.139407717113362,1,0.501651689487994,0.335213233904333,0.477903884624111,0.135202724105585,0.742204905006222,0.138004971768675,0.573097194674468,0.186137961106027,0.647936645110677,0.203658340552982,0.546510479968173,0.212060034840349
1.09195646252539,0.239646322886047,1.64578370852474,0.536795961032485,-0.610854974333408,0.134169184040007,1,-0.519583495974051,0.449030809989168,0.932047863172969,0.181763370684219,1.04633673324925,0.161386107608579,0.699559947566313,0.175420539573573,0.776312226745727,0.252819704866316,1.05645644773002,0.221342327973954
0.915198183579178,0.132207741701212,0.598419013526174,0.144333905028919,-0.40773646537201,0.131412803058894,1,0.204971873083373,0.297716092962857,0.523852483787795,0.146318921354768,0.585779715179625,0.134300995233628,0.613581043436592,0.13237442975373,0.747468397107104,0.157424910971414,0.557322531077167,0.204521515887823
0.995912254102642,0.155866752570988,0.793192963351418,0.19967614760377,-0.570861939064492,0.107031929077025,1,0.150470071454935,0.387062533433372,0.528447418987522,0.173104536721223,0.721831185725364,0.137105734876726,0.647602808293049,0.155249988237591,0.812595345133403,0.163208480631974,0.425192170423603,0.18292593293337
1.15528340099053,0.171832984162986,0.960133393724969,0.234820992447864,-0.225065636054925,0.152249727380835,1,0.140918295999367,0.399791351645752,0.558486062277459,0.1443896696742,0.791910528357391,0.130644954444085,0.719991305903332,0.137259018567687,0.788239668505567,0.171388981087522,1.01597435687266,0.217412988092471
0.847427213127065,0.145600736689121,0.965271258287472,0.238349975161865,-0.524628844860144,0.100005018896875,1,-0.13882820473407,0.300654104009679,0.702799179694987,0.12336173510358,0.826158849371283,0.141049125904301,0.738450671849326,0.159812266901295,0.671130268251145,0.181673419851226,0.5740567676028,0.155392932603293
1.08741874459935,0.176229887909101,1.11851851079946,0.282171116687295,-0.588951749529404,0.112380051661254,1,-0.646792173581276,0.376618587299131,0.887604823828549,0.146457056578348,0.836786120476739,0.129792601159349,0.922459145931651,0.156859971492174,0.500591151690498,0.196027479833364,0.166077943280901,0.259305404695325
0.782485089236389,0.142030181375999,0.841513649597749,0.227205105643433,-0.495930564184751,0.135186710015825,1,-0.406192086603479,0.320794043457712,0.710983717268772,0.132309426601358,0.598726777417546,0.153796420759546,0.518831552238158,0.184419224327367,0.706392554150162,0.169428212192871,0.768325914045166,0.203041410587611
1.03222828492703,0.152681659130441,0.553070422339352,0.139223983047152,-0.37244113331081,0.126850320719926,1,0.377018733090058,0.322434701463749,0.549436362535388,0.139732140778701,0.542820189001144,0.135701758772403,0.72279695196765,0.160508741388353,0.597847377911415,0.162605183303962,0.361219599722542,0.221837611510425
1.25895507393015,0.188232167708641,1.06098406094324,0.261741220709461,-0.447454204012048,0.0996883388137719,1,0.613319458767582,0.369223112522712,0.56886942059746,0.147568914710404,0.78819719164796,0.122315858853058,0.706685091836354,0.136451199850405,0.700302344844411,0.199324006636181,0.728299971621269,0.218016079867673
0.9869844619112,0.163251143222791,0.859923425268261,0.240095932204475,-0.571106669134836,0.100077083482438,1,0.0771458932596803,0.350407925650362,0.745012567768293,0.137109914980156,0.764824646127127,0.143950782085383,0.537294095432712,0.165246784139953,0.653564112386639,0.176727424635873,0.69996954298855,0.203954969976339
1.16962782669043,0.154761194693687,0.800476602427064,0.198264314899096,-0.27945100263555,0.169962295761126,1,0.962119608291019,0.338570212410616,0.400902988743295,0.15201941901332,0.567970980111295,0.138540765466054,0.773076666504941,0.145455568428488,0.445547854031232,0.187482361988425,0.494987956489977,0.22112817013264
0.997510116088839,0.160607653179046,0.700152234532924,0.179710188969141,-0.478624956169492,0.126188125136531,1,-0.148091595751117,0.379459031403562,0.833640628550524,0.146644502657174,0.702876113458851,0.147581057057189,0.678816077320402,0.144836276657643,0.562505822269181,0.209717527994496,0.694726040683061,0.251447201488218
1.1697818694551,0.1815921394029,1.16798320534585,0.251838244615212,-0.687712171116687,0.0593616847317024,1,-0.0530866718094921,0.379673087440406,0.69138057920162,0.125182626786628,0.986252091644894,0.114053463159494,0.66906353604195,0.140775404727268,0.92508727078861,0.132401877898233,0.742701299458724,0.236666330188181
1.32528487797975,0.195471605410308,1.41831980044646,0.332300129593445,-0.423327958013683,0.137557508738262,1,0.543613517981872,0.310719879247558,0.768192253275097,0.119967648336348,0.826083038765611,0.139397085613614,0.835198319428088,0.134798409473923,1.10385038375305,0.169697551557789,0.637493974748236,0.2354826745458
1.04861758853391,0.151993699697145,0.898939283329277,0.197530332834137,-0.336626850393793,0.144146867330576,1,-0.291729442309732,0.382302847425265,0.673194089978972,0.140610269522317,0.673647282727625,0.130766346369514,0.724722383340085,0.144651602366015,0.422790738673889,0.169280984679559,0.522648742355217,0.175945418467514
0.963473880405215,0.169820927495352,0.850401650003545,0.21140648757249,-0.603337546685173,0.0985289410793459,1,0.115856443452076,0.298484953464804,0.702056222588618,0.140751245786519,0.797778259844983,0.136685227434508,0.512424229972508,0.167148480940466,0.648235751884224,0.176940335473026,0.829436126205245,0.192642833434288
1.02859960770498,0.164207280319834,0.741961404345362,0.183228336154303,-0.578515029068644,0.0940112676887713,1,-0.455564330528788,0.344382949131506,0.71700830334836,0.125779108330677,0.567775386939268,0.122949187077433,0.770029946894208,0.137251199048317,0.892754570636101,0.157807158553079,0.502106592752169,0.238972277455179
0.80301539184316,0.135525549987029,0.693956634593268,0.178602403625541,-0.281444796991481,0.19728863764984,1,-0.0888267940933216,0.306619990244213,0.737510334846483,0.119092923189693,0.586653868064199,0.147411875475419,0.624646618915625,0.189806774744419,0.474403133009083,0.155777654933577,0.556757616320674,0.228521238824008
1.23364861316546,0.194044005201171,1.38049582939416,0.39731324900984,-0.594351752648296,0.101824416315622,1,-0.165525538798984,0.362123623438419,0.913990914046624,0.139380214997854,0.724423888569142,0.169479222511535,0.673092463220606,0.172054139839669,1.17043574485649,0.166441250763427,0.660867640492344,0.232573037859918
1.0445078121292,0.182530033244135,1.21279981196092,0.289306814656695,-0.66988747553767,0.0884576537591949,1,-0.762227803020305,0.40622118929487,0.871502062091366,0.148290317428511,0.720181404659341,0.137214415504439,0.851430373592611,0.140861534829878,0.606250175702376,0.176131876861951,0.471903609589713,0.209860976314631
1.14952798686002,0.160779765365384,0.937119633247277,0.222862339808187,-0.554916982575007,0.111123432491679,1,-0.186181283200117,0.320914176150692,0.754277217795057,0.139169320150036,0.662414704357747,0.124489578915172,0.972654787481294,0.127430751586093,0.650687490086844,0.188905926308657,0.765629067612172,0.223872639656699
0.964958443533011,0.15153548809892,0.836976878500622,0.24517163108291,-0.448891951812415,0.154045356036767,1,0.255021592400806,0.233232430778427,0.638017922008772,0.16145856877469,0.709211070326328,0.155060659456571,0.515839047718289,0.182299308092821,0.569549982558626,0.186372706112571,0.708059621294531,0.204767290381031
0.866418037230095,0.137935814412326,0.658790781837491,0.159206707516159,-0.380628453203012,0.127431173608297,1,-0.0718112283162234,0.333229465196474,0.574305100669332,0.134981863936176,0.801525810792104,0.116067983603465,0.57089893191374,0.168130276839148,0.175695896285737,0.209852622087232,0.728298400155117,0.168310368850458
0.882987487171583,0.150070021680404,0.714422001962156,0.183713350198367,-0.492953823056336,0.110802130619712,1,-0.553291965507713,0.323418975077038,0.809033650005164,0.118920120893271,0.541502410898916,0.139262919970139,0.645007913030244,0.145072308023992,0.358241203572436,0.183106515491123,0.682652911353559,0.20318318071259
0.758421736136307,0.143394660379739,0.827135384913444,0.210398466256057,-0.52244187907448,0.103783015119597,1,0.389288186000099,0.274589722016724,0.445108626297485,0.138869349881538,0.543504621179631,0.143884513908432,0.53964520174296,0.166008361769935,0.947209984789095,0.168950316175389,0.66973831274623,0.222598160436245
0.792640062449941,0.144238564336181,0.877443628327356,0.241957963002359,-0.4121358902511,0.141140741490073,1,-0.384941554644692,0.299248511496421,0.593189661894623,0.154762847273116,0.534946721425326,0.148136843181833,0.830631384714154,0.141689222617494,0.778894600133902,0.16335794408588,0.385768509052628,0.273435190347873
1.0907566179925,0.164118172337696,0.94962492535786,0.248743676122176,-0.415290650029203,0.156409413566557,1,0.227089631696048,0.331821323944036,0.649947914661949,0.13974792330067,0.722494834211259,0.143655094051231,0.588425975442215,0.17406288533136,0.482707113666465,0.197183046437797,0.917658427410045,0.203584545012831
0.841879810912778,0.140987406415332,0.83543797692962,0.228594876595424,-0.288971539936868,0.1918332440508,1,0.00169675031009289,0.277547844573944,0.476262942087973,0.144199994435092,0.617423436574224,0.131576906322797,0.732818856510985,0.147343390778102,0.542216852242136,0.204494046228565,0.66828980812678,0.304823147218839
0.865470788860739,0.140605562845117,0.816031816239077,0.187910801187867,-0.407334481890108,0.128770116896722,1,0.275277934769259,0.295860607030639,0.520195180454198,0.147443625306223,0.395492874552999,0.144867698690774,0.652456623269931,0.135204134325456,0.67702478837857,0.149750986556284,0.317830425760288,0.26215482689859
1.11909136331681,0.153659196242409,0.909607453029465,0.226402769374528,-0.413975553925579,0.10802575344862,1,0.342518184288968,0.32533102236303,0.415511769912604,0.155565221541457,0.803051501602909,0.139984348193771,0.624017948258064,0.145279082920114,0.87193960366277,0.180865211760696,0.477803066211296,0.214877415657579
0.990585791590832,0.154399037853888,0.798763372635626,0.193797978114549,-0.459719280729258,0.118678597671237,1,0.220226243089483,0.344744299289619,0.505336991843965,0.134040588419306,0.807470722460667,0.121646752796978,0.584185251211067,0.159224198992795,0.631128959631033,0.172648546680689,0.497269238753296,0.230512731198459
1.16857876383095,0.142626659640916,0.855902805200328,0.228125818789559,-0.297845149982665,0.171537042419891,1,0.502305465371027,0.250028086425975,0.634190049880683,0.136962434649162,0.687731366254449,0.156284536258687,0.909066472663996,0.133318983006078,1.02755931861575,0.148075093356273,0.337892113647998,0.29012220096602
0.853368806062386,0.156004397308925,0.846628186259326,0.211413639995134,-0.454373670564099,0.143046404366947,1,0.0813370222544255,0.365316576737442,0.581998749669309,0.168513723991332,0.500635490423925,0.167150732390864,0.907273369280491,0.12643686324811,0.707358203730832,0.134604290547158,0.562687704421423,0.231015189238207
0.795104257657517,0.129492090420552,0.662463808039269,0.151727053893116,-0.0654665624413638,0.169890866457959,1,-0.176240007508046,0.295003517222954,0.419168875925695,0.124708079130415,0.355881807846866,0.129449804497526,0.318071294291539,0.156725896211709,0.560374047527713,0.178920868893274,0.446016664524588,0.185914080094313
1.07598540335625,0.163295919427732,1.01740918348338,0.234557682195818,-0.495628973800776,0.111108851125049,1,0.146505106576819,0.300148616126024,0.732002634706362,0.12885530563939,0.844772888313562,0.118011761481286,0.751516596406531,0.13269865405459,0.942839494135626,0.18052668233166,0.245425569961396,0.265672954542839
1.14829492042213,0.17044574296731,0.763050029662138,0.173843962612266,-0.541727047154089,0.0910755636295093,1,-0.311708730187038,0.338073300152966,0.835424570673232,0.128987681311409,0.563997668470375,0.142844878740289,0.875822825792441,0.137822457211288,0.879763431548741,0.150368851710756,0.931993111606143,0.147902831552187
1.09136852920974,0.164339003434012,0.784634553921047,0.222252387106956,-0.527764975040288,0.140947221806631,1,0.204423770188366,0.278224730108438,0.663650784573683,0.151702860878183,0.686170406515679,0.135367751465682,0.717886035263342,0.19627819171269,0.543958415743486,0.214646410377608,0.649273022106358,0.237168724880646
1.26999584385162,0.181914889854318,1.01611687451163,0.251274301169977,-0.440739765466644,0.131360957127133,1,0.563171873987764,0.380525867334212,0.431625114019847,0.147935220698545,0.767655500459019,0.12736247263478,0.752811012460177,0.159952734089205,0.63300013893108,0.193532521117283,0.444548715058707,0.208137765429803
0.946836107514868,0.202813380267735,1.47927894608724,0.488688839110761,-0.587055675887672,0.145896110333366,1,-0.0521355429971397,0.379141754105555,0.617255788272661,0.184018893896225,0.821287862515874,0.165588719769481,0.760898286373202,0.192689173813648,0.590616088902099,0.234055079023624,1.06600119184059,0.228077725856841
1.24801229186709,0.179518965303643,1.49121386201633,0.405109419727083,-0.513288495394668,0.122337243805369,1,0.681182491382663,0.303411460953147,0.661069501516243,0.160733376449162,0.910423268967425,0.158421345044242,1.00988644491939,0.154335442244933,0.6038037364644,0.197367827139882,0.450085365990596,0.215030663866232
1.10371668258532,0.182864134888287,1.03571551873018,0.278411071453975,-0.581026674331553,0.102160420853596,1,-0.204463116547741,0.360337923271701,0.853962301496051,0.119347523257463,0.761822758881803,0.143493968779676,0.619870513353252,0.146466421322476,0.823379407067261,0.190593527082996,0.576309012510811,0.231058606886145
1.15290514289123,0.219077517636785,1.45245731051245,0.43878957071719,-0.686159209428475,0.0924617666434217,1,-0.0910611267267935,0.380689727746897,0.988086049672186,0.145968816463165,0.965140160392371,0.164143855820588,0.794766639677907,0.198638751244628,0.978288097415182,0.194168074583337,0.480732635205855,0.283399971181993
0.965613867287669,0.195839216347802,1.43990746045021,0.3232148971265,-0.595706615826509,0.0860522794391126,1,-0.269083192636988,0.416914003128056,0.655498574596788,0.173022906266743,0.952644681611451,0.105667147354821,0.848807743299348,0.151357032599469,1.02114163009875,0.155345409524044,0.763511486919699,0.199499255828562
0.819580439883379,0.145265879775797,0.868735903437758,0.209846436267704,-0.386659189738014,0.161300077950778,1,-0.255910350781767,0.288275082813577,0.619340885786546,0.136740144691557,0.536467900485034,0.148939355463126,0.578826613099173,0.15393409535198,0.608436654380974,0.179343279078847,0.453702126729916,0.220115600777826
1.00684650172393,0.176413552251913,1.27509174433012,0.323021090676138,-0.664529211719666,0.0844379838288581,1,-0.0546951921938449,0.390021041823016,0.77002774205665,0.117940971799327,0.643491374803669,0.144471125681495,0.47573788308468,0.169737336483065,0.630849778119348,0.209404133218401,0.537498179465828,0.231826839276413
1.12351865377085,0.166881452945415,1.04471992535637,0.272067801648858,-0.542723501785059,0.112302592499376,1,0.059122848209369,0.3244191872059,0.80944543797999,0.126374835059894,0.675606367053296,0.142307184917606,0.744541543840955,0.152928059417172,0.886671562118744,0.178315005675456,0.619258345333627,0.199360140726784
1.13749524448694,0.182916809066212,1.17405073546946,0.303468626019042,-0.542233642789821,0.0980655981070038,1,0.160662241423988,0.359227445596093,0.676375968891932,0.144015167596715,0.610414021138464,0.155311992838997,0.745267271268306,0.159740421113298,0.603967143681218,0.183401990387055,0.802997659824878,0.162801747987979
0.909919674576495,0.147399651617629,0.789145503895415,0.200321093549628,-0.456053008743468,0.136676639647092,1,-0.46681984384588,0.330076615322108,0.604711117318657,0.149073238548722,0.524722669152128,0.16654879680451,0.772141158318666,0.14292067037312,0.804818073818656,0.161812251667472,0.50517131764792,0.201885426015697
1.13998071436517,0.181582334465328,1.13309709291079,0.261651682838079,-0.681658011807238,0.0644499323854147,1,-0.162358561303072,0.331761729311618,0.64265533948838,0.135607669504096,1.110769119123,0.0901951331029274,0.903399598714711,0.159839160712709,0.355216490483142,0.246723959579963,0.899273588377858,0.18928143093139
0.887071954673336,0.176415834568696,1.42655535081563,0.371016502880283,-0.436089876881865,0.126848711634751,1,-0.549325614710619,0.259190260747046,0.882203463344113,0.122938052574007,0.719119461885612,0.140065166599691,0.932227659830883,0.13230633338932,0.419867199795033,0.25738728582236,0.54743169086438,0.254830662875847
0.957097673099156,0.156108910761745,0.92562057709574,0.245782800816028,-0.513100383544579,0.116025235122847,1,0.0729425475963777,0.279802447281652,0.693699925897673,0.135710644751505,0.656227118812746,0.142721418942053,0.646505699220562,0.165341999355952,0.767817756791146,0.232640980088939,0.824081429216526,0.196739926032236
1.07467837283716,0.159358644694585,1.07316611627238,0.252882068942682,-0.503942495827569,0.100151352988848,1,0.0639968202863445,0.286295564371835,0.601591107901342,0.125883194805445,0.742863722127674,0.117709110189186,0.7035438755253,0.138759927834896,0.846296092246356,0.186359114899833,0.792795468742173,0.207027887935085
0.810221514007697,0.13943978584347,0.882587204884237,0.207646442842136,-0.403895476120133,0.144378783351624,1,-0.305579464998597,0.321123348328339,0.530505987975109,0.142336146311068,0.624727382625409,0.13183528382676,0.783182049998304,0.145801146263988,0.572127308432805,0.166007849535758,0.723623466286745,0.202078249326823
1.20819521063983,0.187362899432244,1.17109918848965,0.271243705940427,-0.531253593164723,0.107738945718554,1,0.149357901564366,0.264841397065759,0.85244197078092,0.128426628491968,0.604294133185395,0.137149513188131,1.00153524568911,0.131256125297642,0.797141625401786,0.18351263283678,0.481577555064812,0.230350132795531
0.89219872686376,0.161039105015526,1.19182960834001,0.250082650764198,-0.533774126798828,0.0973426270605701,1,-0.391111552523731,0.30419275397793,0.608042552179475,0.132944059443086,0.725430268551983,0.134117043068928,0.562661595638284,0.142321057088827,0.622200340428022,0.146078943228572,0.873839139590514,0.194691802613516
1.19000925164666,0.145348449507511,0.695159885131981,0.157802646763777,-0.374073812066568,0.115234264033752,1,0.294507322224547,0.312811126920819,0.644974935239983,0.135054526097668,0.670614722846978,0.123123566649886,0.807397272758364,0.128007478444785,0.531815168150287,0.161428791689031,0.860891145469653,0.155417608743532
1.16138977388477,0.178094749616365,0.934944283882703,0.253350167858708,-0.455145595207327,0.141352493944379,1,0.049787007655544,0.299089154056338,0.698059682067267,0.129976986791195,0.881473065350122,0.135997292079665,0.689369621188113,0.163184160074246,0.406827316469322,0.202295570483867,0.683005140389468,0.218632245428298
1.09011106439435,0.169294483212595,1.04918183764355,0.293930794400498,-0.469170523201799,0.15538680553727,1,0.365201820563375,0.317180232910673,0.766210928637977,0.15753121805765,0.553797726038965,0.16704044778438,0.594622664665495,0.195383211147608,0.694324967525013,0.178833245814441,0.838812292480649,0.190817145730251
1.02141261445639,0.175407455485638,1.21468953865925,0.331134365507443,-0.503176803738147,0.148424657997566,1,0.423950583301363,0.367515961809383,0.814461994292186,0.11597840186377,0.808051040711043,0.158725152055604,0.529298317439303,0.189960405900952,0.852290297504197,0.198557767869843,0.719092570266815,0.248489971771868
1.03819869513821,0.156809245136751,1.05418793858043,0.255938182562781,-0.60006505118103,0.086583208801456,1,-0.221275633480202,0.342338826478638,0.815551960302175,0.136775004144826,0.893979711844681,0.125034099807376,0.760294707702178,0.127648388868387,0.769350759078138,0.189963037189551,0.649829315814332,0.270620175114889
0.865188821565272,0.164358664125944,1.13120411198959,0.238453565629038,-0.367443306346979,0.108191883050527,1,0.156420245291867,0.318858352735807,0.603729127760834,0.117524349237377,0.593283967692364,0.132207258284983,0.607142725705365,0.140002406090313,0.926263632346124,0.141084862801113,0.381570169961403,0.245155338254398
1.25184253652819,0.187973804684872,1.48760971389243,0.368634057214987,-0.486934586687809,0.130118815841683,1,-0.299392872779176,0.365916823018645,0.848402267601952,0.122981933886348,0.789187643394941,0.137604470405789,0.745053366719576,0.152864437621978,0.691360259279637,0.183035711622391,0.873759079513151,0.213806584689256
0.978107171975329,0.163855697623026,0.900917726829869,0.217450464458764,-0.589327006120282,0.086011690933228,1,-0.274212362175061,0.299396922469232,0.71198460062894,0.119268797901287,0.786371491822984,0.124496874109905,0.636424886871654,0.153151271963282,0.713793568471469,0.219831248560232,0.64469453139511,0.241811612672323
0.951152671306286,0.157963355600291,0.773470511769846,0.20537620723239,-0.452340691824567,0.124356669073665,1,0.249725797764886,0.306463469469228,0.621785111150437,0.141577875476207,0.869381650946013,0.126993962292077,0.537889357508678,0.171934287311314,0.798616349464924,0.179133994919807,0.647706792402236,0.221981608235446
0.936117966950463,0.156705337259783,0.926677709730736,0.223253866391416,-0.532614277012839,0.101282397394674,1,-0.353165616428887,0.360279006539223,0.770761191960496,0.123549887768281,0.536184578457365,0.137973175251981,0.409916044733898,0.181642288989809,0.82379636831635,0.160172200492105,0.560264214505691,0.192421856270883
1.17557838661534,0.180273412733593,1.33159854711937,0.316333795863957,-0.511024699903015,0.125578463566772,1,0.163953059974327,0.31852839524588,0.945076757212506,0.128198532404788,0.772288193683827,0.129047350532839,0.976541117714698,0.140231550435416,0.567540829390464,0.218171968683939,0.966581681856874,0.217282621838759
1.04060398742354,0.189747504935095,1.08040099048392,0.286767190862203,-0.422404396296661,0.138934015616483,1,-0.097084186749633,0.317582993757564,0.766278207134829,0.12579318261565,0.546690666580337,0.155587495466598,0.667547032024442,0.173709209219756,0.80773242548912,0.201220131861249,0.542294552405924,0.230521208727857
0.966996495903984,0.164066063749123,0.935924418738354,0.224250875961249,-0.517089703763118,0.102936423010997,1,-0.484149891777428,0.367197773874888,0.749576829986704,0.137581736996173,0.544476434508501,0.142659317920706,0.76850934986161,0.128467122695359,0.597938291196255,0.163905581179519,0.752856334464354,0.230625284454349
1.19549713720456,0.182004316704214,0.88517502869961,0.233028101987694,-0.665933231232089,0.0944549758081397,1,0.395085910375689,0.324859019566248,0.805010044522306,0.148460917679792,0.723446684883171,0.142082171565695,0.90106935904625,0.165875254860805,1.01200086079454,0.170131183544629,0.709370426367875,0.255384078923367
1.00824033968509,0.14573851648016,0.691355993666083,0.180420587697632,-0.546470158306799,0.0936215890595813,1,-0.190438550254079,0.296126778348751,0.749610238101855,0.111107434901902,0.747589181320524,0.125159153723754,0.630686418728233,0.177833201784659,1.03980831451355,0.146407436522223,0.410463390758309,0.258147114847833
0.666176791562911,0.149887290645117,1.00674467958496,0.261893887067075,-0.350504874509578,0.174896853935132,1,-0.327584753032463,0.394479976002772,0.478264285987011,0.168257472289047,0.699488130648428,0.141080852974613,0.746262217852759,0.139779036748225,0.31685168578719,0.218154511484837,0.818079234162108,0.199992459003681
1.13715281575637,0.17176061849254,1.27260119334389,0.319382554939891,-0.530040473491984,0.114007049601914,1,0.448405602731866,0.300115207976258,0.664401331172416,0.144352203605803,0.794432454675877,0.141922797867039,0.887713528107726,0.126997025498412,0.929196993983732,0.178845829098308,0.76685875188097,0.232282856121752
1.05664400115754,0.155342844063838,0.886452958360096,0.215196032718585,-0.377307504075882,0.147488239600254,1,0.0322141417776638,0.301052430778827,0.537031732015819,0.139315050204434,0.903881074432102,0.130482029391154,0.54661457769295,0.152227008597422,0.773362356476021,0.142958457300462,0.386406129275044,0.250033447840381
0.991096428544514,0.147334038763686,0.901583317452431,0.222915496521161,-0.402378509771345,0.158825799843625,1,-0.192648674025336,0.260994416489678,0.810837486377029,0.122610008824868,0.715439475229504,0.150238399848113,0.578014439682508,0.163525282357635,0.435492923178929,0.183858133062663,0.585589037762922,0.215126364946757
1.15016914728438,0.137762445210617,0.823132552653556,0.176520620140407,-0.488838998143211,0.0986721391224799,1,-0.287594433406897,0.376173403488901,0.835261873211744,0.143749298399989,0.769536981216448,0.118712991667102,0.559899977450726,0.148820110651039,0.821113656515764,0.157343778396594,0.644471998889078,0.20644375488421
0.698001389496316,0.138023909068167,0.763049700439319,0.182451069537997,-0.463883289143223,0.128272079839653,1,-0.340582790150613,0.304246322573234,0.538060118310544,0.128184243896651,0.623240624500381,0.134956914033644,0.529868757644181,0.151537608256977,0.602216116906266,0.186410516473711,0.131914307074565,0.248152799774005
0.925017258901644,0.159163885755035,0.867120638465153,0.272716477356523,-0.591272317035794,0.120182591006884,1,0.206194560477083,0.308037314256975,0.689104068296156,0.138732325769098,1.01923554423293,0.154139848961831,0.729399485936994,0.18178963461108,0.911416091002916,0.197358659519294,0.627903558439898,0.308563378761227
1.00809976280258,0.169159483698067,1.22046633094171,0.291113895790768,-0.386624187173948,0.130863805764035,1,0.287377891070663,0.38352865845127,0.564440889865986,0.150451840835694,0.737954798164042,0.136306220911916,0.836182575261717,0.14467849135637,0.89863774974525,0.142102145855627,0.409561131588621,0.229421235986602
1.06520571150145,0.192327057001695,1.4234627926829,0.368146496349867,-0.56383039350619,0.115761482438683,1,-0.320904897190613,0.379890598330539,0.832676328498106,0.146186386425229,0.390774105597182,0.174289840406736,0.900374563864077,0.152274317010581,0.840739821223222,0.198978646441348,0.133011616463037,0.264573638491177
0.996872472829486,0.198681353333946,1.45242857444685,0.44030836611817,-0.605029676529568,0.129258222115987,1,0.178915181012935,0.359877676441417,0.921401209751495,0.139109597610971,0.732359292435135,0.163482550077086,0.867163423368136,0.185139711840727,0.936255512987607,0.234933661805363,0.536061737106262,0.273518318454786
0.814274707663492,0.13720050733322,0.771264598551372,0.195276079223145,-0.39513111427292,0.150724932625996,1,-0.0342445861316909,0.322381681630316,0.704711913768313,0.137635780234934,0.328236611571406,0.148759659551028,0.801472977827432,0.133471905959142,0.774861817957824,0.193185329961044,0.160978747841131,0.282498386457401
0.871468241999147,0.150221270413261,0.865636500195164,0.216845168294871,-0.519579106011495,0.113848460653832,1,0.00764745589903703,0.315829416421658,0.532469351792912,0.143803939350535,0.783215152899481,0.126179845204605,0.591298006876451,0.157511927736868,0.783308359148868,0.16257726354762,0.488055924816629,0.220760632872638
1.00185753309068,0.151848256338802,0.9220789335926,0.239491243999178,-0.477723457310983,0.126431504138382,1,0.316975874284091,0.337730181848676,0.611663188945433,0.137421514248086,0.795260241270576,0.136248089336194,0.35681492846085,0.190405301540302,0.501355853382697,0.169288188871589,0.589747230181586,0.208478696496235
1.06765632573587,0.176735701705828,1.1393709220909,0.282114021314439,-0.628465050227437,0.0827441698630826,1,0.22631512863484,0.384550941198239,0.693415238592492,0.129164346554874,0.653585285737986,0.156984980136769,0.914580118610769,0.153438853948267,0.827636551237726,0.182729380433425,0.893058053049332,0.188259491879402
1.2919130239717,0.181175148750827,0.932910090956644,0.23943613766103,-0.608764738074775,0.0966068462805665,1,0.214606458059041,0.354040453654221,0.776919979754979,0.127888334597729,0.843756238211033,0.139601858693738,1.02477937712215,0.138692755359001,0.887479726200776,0.186173420483031,0.790507871332836,0.259808393461352
0.942862760160379,0.170687057983393,1.26191442710398,0.324518648830474,-0.324525816912399,0.167637916725383,1,0.111989367945664,0.330944243431938,0.667357195873436,0.127984494310346,0.813382420322561,0.169150547949057,0.533089785319674,0.178467626238836,0.513610716148792,0.190992009482823,0.736542923087161,0.175131942758163
0.939735567716892,0.157888873072981,1.09063205682028,0.281388850366136,-0.133878410329239,0.225290734536489,1,-0.224223880414388,0.344191056952872,0.76581196355184,0.121315762798604,0.739562175061222,0.12920927688772,0.626953220450349,0.159213726065641,0.306316402598818,0.19851349893502,0.685998029915432,0.234679248728824
0.768662285964746,0.154960535018166,1.0246200937807,0.268733915251671,-0.437086568135567,0.127909077313026,1,-0.497472740845706,0.277999821993639,0.728034264601707,0.121570273602969,0.749919744109301,0.153886963645067,0.665962284418482,0.160746275849764,0.853670963903082,0.168360605897515,0.401515239292971,0.251686290439569
1.04406005465244,0.166727559184684,0.796900260493642,0.190885597015744,-0.637326859727345,0.0778725933946735,1,-0.102490208996913,0.321907772851111,0.935414414442126,0.122764085845487,0.688031716548831,0.124583176361012,0.783641745644022,0.150709326000905,0.577180192738862,0.218915248078672,0.903625495436812,0.201337336308136
1.59710228034962,0.218318082175188,1.18523144225855,0.307522514883638,-0.606662211619342,0.10095793013969,1,0.470944799506101,0.359125242030329,0.547903252335296,0.14804986865464,1.07204796845162,0.123047347247604,0.92927166207413,0.160939991224364,0.765979631766511,0.212017440652807,0.80059373561055,0.210593051360367
1.19231602561768,0.184117633992593,1.14464658182693,0.294083038300983,-0.653429355282531,0.0792228015852181,1,0.120738698815683,0.376682199663688,0.747772549489197,0.145569973017785,0.764542301668467,0.154819282316347,0.893369294705724,0.124054820354292,0.733405445373679,0.16988535990588,0.668065786023816,0.191372260108163
0.953924420830647,0.183834364512327,1.37967627110877,0.414428501493486,-0.447206356936497,0.158913677719636,1,-0.0737828939815733,0.313648498225115,0.759895355652591,0.1537524874268,0.807878159566737,0.158286995798755,0.432809289726064,0.191199029314763,0.540727957148711,0.197702141387759,0.689418063857962,0.294003378385687
1.17731941607612,0.174880391022228,1.10694997981064,0.267876420588855,-0.604428894404631,0.0897962949704913,1,0.0725327085544406,0.305199226211735,0.86120297002017,0.132067965257558,0.596791097070591,0.139561687116209,0.857497250545378,0.149709999471679,1.02294972461584,0.156350956992992,0.930763377576357,0.184009426910672
0.956973500955143,0.149295523170335,0.849596061684307,0.204015334031296,-0.430567411927304,0.143359078113237,1,0.551166491444073,0.404853301982552,0.524476087620172,0.145570176252629,0.715897504158291,0.133488517319047,0.521407867971236,0.154288116468403,0.707280252561803,0.147980028317299,0.35098701813229,0.22482853547757
0.647131687199969,0.15965818466193,1.06819092350903,0.292295919956689,-0.442599852092501,0.128539235997255,1,-0.795214663302221,0.363499576667516,0.703782941165649,0.137457225752531,0.540721861904863,0.152221201224886,0.645260637295045,0.158297958039479,0.880574229571864,0.174922934402002,0.471754158940915,0.213551776935452
1.07631731213063,0.170074072873858,0.846460761986901,0.201048197020664,-0.597511825938284,0.10298094845608,1,0.10926696894183,0.355443104431885,0.675517674425155,0.139662648600684,0.695942786353248,0.156490044956245,0.631519931767439,0.136093370367824,0.685635285933315,0.146316975974203,0.687546492371463,0.200009284750933
1.22401982160137,0.185209968840762,1.42689087715309,0.355656747800957,-0.612134095861473,0.0829998113111697,1,-0.471084297927082,0.294263091539803,0.944692285551951,0.116163487481466,0.951133735937184,0.15618672310831,0.864569154789001,0.149112291232184,0.736472782006222,0.164103458893855,0.94886596645279,0.197957662498285
1.059273917607,0.169350874423517,1.1476892701327,0.286916674491051,-0.537916531915409,0.109329018445844,1,0.548747802427579,0.306287253247598,0.533197600854748,0.15316102170075,0.716416163539025,0.144733289926506,0.783952380452211,0.152348746141685,0.776421791075756,0.186073256866239,0.959572588337888,0.157820688753611
0.733461748217829,0.167024428727579,1.49947516419238,0.418278080021569,-0.499522847465547,0.122711087347338,1,-0.668443208513738,0.299562189591514,0.701277974753319,0.14661939838196,0.881025538645118,0.125952932315421,0.527079763752917,0.176035823660599,0.923452405819189,0.193859439443948,0.457648075474352,0.293071636558414
1.20598560437191,0.181939610024586,1.25260268152485,0.301963658643938,-0.43629230757697,0.137504899143384,1,-0.18755864805691,0.446347190249078,0.77477988512225,0.142441549963086,0.78003549044691,0.137150331678238,0.742024216279597,0.133933080883463,0.552389010083824,0.206564110451205,0.556480256871053,0.259440489779017
0.811966441543417,0.143844107080411,0.907098592877668,0.229687366569094,-0.545865927816662,0.0994101661387407,1,0.00583430349495029,0.307435504309587,0.601397637277953,0.129063364515318,0.502561607217852,0.138703821931989,0.628892287933227,0.165568903400871,0.535227948108633,0.173516062904374,0.91107614237012,0.185507811747528
0.920741091252385,0.158076249347521,1.09346485384562,0.270303930265309,-0.596038329880074,0.0974338107765374,1,-0.609760506796239,0.299703211420183,0.951849129410064,0.118867609441425,0.709920951245648,0.142583015591508,0.735511105528664,0.163343433358885,0.638539827314618,0.15185777521902,0.501905103506734,0.212001866865891
1.20117631125687,0.182872543413158,0.935398640109934,0.250852571212619,-0.551319490006794,0.102805622646588,1,-0.105316460489288,0.300646283998007,0.842924512125525,0.148339020529676,0.570180019100724,0.141748969684048,0.858441913617832,0.138726540180796,1.11780858345636,0.130796963799909,0.548661268133444,0.313081845106896
1.30928261622965,0.163010059000269,1.18929236807137,0.274938339481696,-0.570683867732722,0.0900009884828551,1,0.504237034484243,0.377165649010028,0.61517792511841,0.164368897657269,0.732625172108057,0.129579061674294,0.934822537922167,0.120692974477883,0.658207313993256,0.154295170260244,0.774881019405385,0.213586945565893
0.827857324032202,0.169376507533226,0.976221529337313,0.276698658724405,-0.523250908082107,0.137989530233283,1,-0.612233076423021,0.335977353835974,0.744521142493185,0.136733124923979,0.842999356961778,0.136583753662714,0.486716197936438,0.199817338051594,0.586881247807557,0.209791366896853,0.384890645935088,0.240424563411703
0.628628118807719,0.129493376638544,0.744588661426198,0.181258150530318,-0.301191842745714,0.133710347543632,1,-0.751628592014171,0.300898435952387,0.776754848560181,0.130170838036662,0.331915570833617,0.135921022944304,0.72098072700712,0.135272300256898,0.920816694905089,0.146096709332165,0.375349235330404,0.291038835026037
1.16789359906636,0.154389107547828,1.07621075935059,0.239648311567835,-0.604328726336343,0.0946408977076441,1,0.17459567864979,0.383701664281774,0.737885198985462,0.127117659827456,0.675928263019561,0.133491500948277,0.736419889022748,0.169496256768964,0.828362123873284,0.149248061250659,0.71306780658757,0.179860479795583
0.875503636017098,0.166281867696383,0.959916271907692,0.281378161121198,-0.0799023792126582,0.253665223056414,1,-0.962529024281274,0.329940999277774,0.834291456640123,0.118797669974835,0.645147315272627,0.139769272041356,0.542286980068726,0.179295597060468,0.485257990830186,0.21246251967071,0.666600273874188,0.185295220031027
1.01400866843367,0.155488072983033,1.00658349371451,0.229994570238762,-0.401365782183819,0.142323953053414,1,0.190758701800938,0.308859426576074,0.410174492409641,0.139622535842411,0.704711512720294,0.136311956719732,0.75347136696034,0.135755945237836,0.630601476854574,0.180567836202369,0.48697838730916,0.201344435952115
0.970238203581379,0.155387274873982,0.899102306632784,0.25117128839944,-0.561047758795945,0.0985876134169731,1,0.141752837995215,0.308929810486401,0.794000616202327,0.141151077744918,0.604731916727047,0.152612061013034,0.58804832124107,0.183611434304444,0.663184448015606,0.232303785438408,0.383729344030737,0.255143382233764
0.851256145139326,0.1357058445437,0.672738356965435,0.158613680489682,-0.19308785101136,0.181272375855315,1,0.109184388426265,0.326932136241868,0.62981073180103,0.115424929979806,0.559004093187658,0.122390420639531,0.422184026817989,0.144160766931907,0.709401339738342,0.172413817951956,0.571274817846375,0.226470087665724
0.999513753011811,0.160245873803763,1.19237200894797,0.318931802453915,-0.342844362123438,0.166633141605694,1,-0.243841556327111,0.285951037061993,0.961233834038066,0.126671678371771,0.732888919571317,0.135159716377676,0.35314267341214,0.189114867908869,0.789803484206144,0.195618158682072,0.567573638951509,0.229479959480788
0.94268189033586,0.16867567048083,1.16095092685922,0.308082803828391,-0.627857318350342,0.104963985771596,1,0.501055552826928,0.321312613343543,0.666565629247969,0.137722784742107,0.659557072791194,0.148316384690732,0.956540923404021,0.147021553213791,0.815716972386249,0.212518409004143,0.212379853997931,0.321522785048802
0.947062784508345,0.138866199873452,0.863122868481423,0.206608727285999,-0.320104460284294,0.135315488285571,1,-0.248835796491509,0.322115062752399,0.742988588817139,0.130962823114547,0.448605261226336,0.135885150545799,0.575745267499255,0.166547081697669,0.788345248945989,0.143993042308754,0.454421382244401,0.227087418418118
0.961064995452327,0.175427407161648,1.10926581968065,0.283870622445806,-0.520660144150533,0.130718892082234,1,0.447534455974257,0.33851641969509,0.600656047676407,0.135069309236414,0.584535563501828,0.158213155310904,0.666789315936368,0.157045321605968,0.702141611890492,0.197210009790581,0.963584208217791,0.197355879918263
0.924168081247984,0.154629342593653,0.715549048740922,0.183976930001037,-0.406526172467034,0.150682389655685,1,-0.244337505753297,0.33351596193146,0.694388761874694,0.138065424572754,0.645173424962174,0.12902405921843,0.602057217934346,0.165088155499553,0.0635804820672112,0.254119083284056,0.846087692290848,0.181192385591182
0.590491698107189,0.15643154258603,1.13180004672965,0.280447313997542,-0.516962619985548,0.116329519274036,1,-0.568972281821296,0.31738015785709,0.724357840009157,0.127959269864148,0.665354320770584,0.148030920114289,0.514319830851729,0.184785498547165,0.826529208249939,0.213087489817295,0.535226706050727,0.203110425531623
0.810812035992831,0.126014506344197,0.551207168400561,0.141425853254391,-0.196972351194299,0.207217534246805,1,-0.0209248628462885,0.274491905149069,0.699754316473221,0.126660914043485,0.646905571791032,0.135540701466816,0.501908091545215,0.167174574760533,0.548602965969332,0.175835646343899,0.284349410146208,0.251022685725851
1.0206402092347,0.152878364376081,1.0379622640865,0.246227437117773,-0.495262116816579,0.0962599978001692,1,0.269880465077576,0.347679570563987,0.568733360205925,0.131180918729626,0.611240196669046,0.129670554121477,0.901397798445517,0.134257911543788,0.63323731330997,0.193007167107256,0.605016697339072,0.217012474355836
0.709692245830824,0.158735084268604,1.10637204779272,0.26432508304159,-0.609958879409101,0.0842032896526235,1,-0.389183879479458,0.43238827178249,0.598309765670134,0.135398992792543,0.725243070061066,0.148335921144121,0.727730703940101,0.148532522314697,0.663540946953839,0.171454144929399,0.780861373425539,0.173561676018659
0.927221614873484,0.159076347350893,1.09438478066131,0.28863209865665,-0.474181093807448,0.122477375320165,1,-0.124200023305081,0.337552079967674,0.763141209952832,0.116910520087833,0.763704962953941,0.144529544785167,0.64207694663723,0.160691016388839,0.884363396926446,0.197582016702994,0.538239215837309,0.28282579982967
1.04694130952005,0.152669528475426,0.983399776070361,0.237637775725835,-0.475531891318775,0.117078917925306,1,-0.361852121397231,0.311384361634965,0.639536104436416,0.127760588771301,0.726569021323279,0.125521502814201,0.634963764880565,0.145989145389968,0.893622837082835,0.181599786733556,0.821692259523611,0.223912294381404
0.774938804403094,0.170544180784987,1.261580745996,0.327519970320218,-0.61868467308421,0.104681191989311,1,-0.137998988193647,0.331802170285192,0.592194663347792,0.14930933576005,0.688440606753161,0.134502621088795,0.700346595049332,0.163395356860532,0.639925763509873,0.193268784998656,0.543824744710792,0.210716149622969
0.632756426585732,0.132029169741526,0.673416266193837,0.154351927966731,-0.449670018617206,0.102502575852325,1,-0.565963534320505,0.277839734158479,0.574454529799038,0.128736456149648,0.661292368519455,0.107396487987544,0.687578663208765,0.124206511226385,0.74062934566198,0.205903616320428,0.808417918978567,0.186225008729343
1.26286590419119,0.179309809879229,1.1836438986724,0.269272349831755,-0.332586195275389,0.140712403999128,1,0.286019822150408,0.337444022766618,0.78934223782049,0.127850634603259,0.788465656662578,0.127712467397684,0.856551783964622,0.127986331791168,0.716868155450685,0.159271634799669,0.875177860100312,0.202340197491093
0.993174209192452,0.154168291318591,1.04931196660688,0.253867164799656,-0.461495490700828,0.108799544701418,1,0.419117145195615,0.336611391280652,0.611702449000839,0.135685392825498,0.689923819974377,0.136673868254512,0.794552795839573,0.159430850699904,0.39297248779636,0.18162902080415,0.893396245985274,0.201475332825008
0.788266945816245,0.140048156739043,0.885830625329806,0.239813798282511,-0.469130610728109,0.144168639412057,1,-0.286671186939542,0.271814486596731,0.874525367272208,0.126172326066237,0.554101068067201,0.150647352897395,0.348673075766445,0.184148932738746,0.561479340600173,0.212077719976712,0.853791754332407,0.220504321804175
1.22864556715437,0.190651054727455,1.01940878754451,0.274902756218923,-0.562597082930241,0.117568853630944,1,0.117585383076923,0.366296834791814,0.665891829707075,0.13950744643559,0.912375055774619,0.147886084382543,0.551162889756993,0.174747587919261,0.515688533733228,0.166407467226621,0.777444520365848,0.226986408291325
1.18369706473584,0.185712088882691,1.003269490493,0.25850987386888,-0.517043961971627,0.133025320968039,1,1.03329525282784,0.346757120956222,0.638749671479764,0.149766362778839,0.484620461923448,0.150990034481667,0.800801682303219,0.164162159687064,0.836168166317673,0.174827387787458,0.816296344889265,0.194035434287962
0.971706803677089,0.145235650150325,0.698903829800308,0.179570554132932,-0.638057202591508,0.0894392567071953,1,0.0625482735230581,0.347087760258987,0.689321179904983,0.153092453282511,0.720398140553909,0.134310106093418,0.744935637071335,0.147177749075181,0.712907291307488,0.166363546981586,0.750614058133786,0.247512396148767
1.18444856605302,0.168588119628009,1.15769936586998,0.259116782002768,-0.581146254622538,0.0936916613013259,1,0.430074069792537,0.328950935062433,0.709584981107864,0.144632454843178,0.888120481262012,0.120964478229508,0.548484214602521,0.15974838008079,0.733292267501208,0.184889710462614,0.901302623076658,0.169136128261725
1.07264959247015,0.15685540098685,1.04453122305032,0.238146926628423,-0.517018639570899,0.10533339701891,1,-0.409460930270766,0.322729216690894,0.771766470225671,0.115682485370059,0.661139016916448,0.132390305521435,0.665927054020248,0.151679501489538,0.583375394231898,0.174091685455059,0.893424074283512,0.172636140413922
0.752342756523754,0.177126916772486,1.53352100209788,0.412052095469989,-0.515976134734136,0.124639988703052,1,-0.218160153296264,0.320345212816295,0.737088627622983,0.12209452788263,0.834514094743434,0.151770382792396,0.890451941183001,0.140390693918725,0.542388864747776,0.23135093251329,0.753481096664395,0.204950944642782
1.38686492915441,0.189386699850679,1.56342500043638,0.342565893589898,-0.503175967010452,0.119683228295811,1,0.628706054244771,0.36682986816238,0.803199309424427,0.133103511568832,0.628688865968235,0.135688926431127,0.805902005902869,0.134715847700933,0.919756237341583,0.132207526838086,1.05954386753978,0.213435220355237
1.45406428618037,0.246150432442997,1.69681972764339,0.47919668435293,-0.623459398710498,0.0985985587800421,1,0.535660975194637,0.357598654765508,0.84688555206458,0.149243693668242,0.76560743805134,0.161404689055899,0.914560696732733,0.153970236515806,1.19317495877896,0.163394377965064,1.25046661878458,0.187843789064534
1.00282715340416,0.162965093013757,0.866039338497654,0.223616685944781,-0.557078041706437,0.108839936685062,1,0.231273962468998,0.31468187696157,0.592860407028067,0.149431655010504,0.738512548360457,0.135973151191794,0.604431710354119,0.158314086375764,0.655244528242928,0.191909489985423,0.606270225878004,0.213437532624163
1.00542408555938,0.172292572528549,0.879909552576674,0.226822597053356,-0.498413409463921,0.118911341671152,1,0.247830632801135,0.365745999468575,0.523732349322317,0.150175785538323,0.750490248576987,0.128237430094623,0.515400299797427,0.160567066037259,0.612351547486817,0.218261232092438,0.434537686475072,0.227138059328624
1.00250365396224,0.152195102817913,0.829948115119516,0.205947418890466,-0.356689262395516,0.169310573077212,1,-0.0863900814542125,0.349928741200901,0.531863275966704,0.171392287499889,0.591162017187716,0.15197289846739,0.771624909393779,0.145609703179334,0.888459419472073,0.151218094964304,0.79723211859572,0.167229143477976
1.32093493570161,0.188179768418652,1.20944896448714,0.317274026889491,-0.449576189485223,0.121369756990515,1,0.496254173962871,0.349111058543934,0.563879314081232,0.150930696390987,0.794851578163018,0.143747727423188,0.563279635062562,0.170179406017208,0.817534087169617,0.172482600615822,1.06876391630501,0.15919910288242
1.3031588420935,0.186217092305256,1.29517003714175,0.284825008622304,-0.535802517288634,0.101760512799631,1,0.0302382631523633,0.364801309663426,0.792561270479001,0.129724794175172,0.869184355798251,0.143305962590998,0.866118593063675,0.118534511395352,0.631643151811113,0.159685956328086,0.663856029617227,0.177191135894761
0.714708546161368,0.11283115932157,0.439945808870565,0.101598141764079,-0.442458977209285,0.100843702492952,1,0.184559652784917,0.259557853104777,0.371631224100841,0.120030305945458,0.568714152425684,0.120315147157808,0.430892608783484,0.151326710193167,0.442309201282095,0.175433607576001,0.564877192962623,0.172809384500162
1.12459645111596,0.179050615893694,1.3388670539457,0.346730092316868,-0.487614971999863,0.121120279911227,1,0.46287878862986,0.350098204817016,0.809703895899674,0.128452110941972,0.757208508887631,0.136375070458196,0.913882297411071,0.150375919456977,0.897648841079674,0.223307881908866,0.544791097099778,0.34531915897864
1.06541365579839,0.199912271863334,1.63045657533,0.429257929135321,-0.686363409401426,0.0900258370201044,1,-0.244350470717103,0.406462606393223,1.13791124693277,0.14135760265174,0.674075441120671,0.135233717647119,0.851619620685542,0.160274271966891,1.02422513368107,0.199673009387025,0.854039210723212,0.253099434945738
0.85947950637541,0.160995324342407,1.01556626069934,0.245368193302029,-0.258063654092031,0.178486758543947,1,-0.358023261361044,0.358205262393291,0.626805829363895,0.140437998136603,0.5841140220321,0.140625363333206,0.800224956477403,0.156382045332156,0.609477376729345,0.184789565083141,0.583778366937033,0.198988349789491
1.07150977851684,0.144154508305669,0.888211065691529,0.20358458455128,-0.187047716191896,0.166898429439246,1,0.375501255585105,0.302240477444931,0.581629837147504,0.123215337722952,0.588081050112536,0.134308778673048,0.412003920791047,0.173302003567076,0.713787357525066,0.13675062383761,0.466727422873541,0.19510854938584
1.03950124632799,0.149437729948965,0.872994152350384,0.230887167828415,-0.268765824156975,0.152732464533059,1,-0.226854050644038,0.289946306301686,0.85244030675527,0.11781025371169,0.709174008157527,0.116721293733375,0.55332825900899,0.187082176567016,0.617478701293512,0.194871447801175,0.656197730964966,0.216460434301598
1.17363679708346,0.145092123344698,0.854316384182209,0.195036602183211,-0.447841764091058,0.113697723934425,1,0.188694800747816,0.342771212107581,0.670953931056916,0.128373189851108,0.750786729942231,0.126718636852089,0.628803104853558,0.158115696447808,0.489198344911265,0.171755399001144,0.859006900125161,0.177480386053345
1.08467983492977,0.165681283320158,1.0705652204458,0.279182167192652,-0.391133856466381,0.140003457770488,1,0.352974721967187,0.401367800907408,0.556674511157872,0.142220760866378,0.915046514007167,0.13388605176845,0.789273035436387,0.155579208970519,0.539511051533646,0.216785939011315,0.535653448337492,0.238388532338427
1.18365738382295,0.177983288260769,1.04902354484394,0.271650492467273,-0.440295354313121,0.156679991498333,1,0.813551932227414,0.295534902142616,0.612302323344541,0.160659121971965,0.715486900643677,0.152171064278456,0.69264142637016,0.179845770842537,0.658835194966586,0.203184244420559,0.945985241756697,0.189849399824919
0.931481677666998,0.142257320614369,0.754382875047404,0.175774100386744,-0.426974706652602,0.137603466093945,1,-0.230267904525583,0.300442122997885,0.759576498837242,0.116711136378728,0.543232185916403,0.135019745106729,0.764682114724958,0.136352828549423,0.675593573260949,0.205535525477306,0.870645354850593,0.209894810379382
0.701006827787277,0.16564303801702,1.18206021182851,0.311753061272192,-0.449456754729261,0.118799675114349,1,-0.294067806709523,0.309026216839287,0.813462367570805,0.120435120554823,0.437235814190395,0.151537712928401,0.542463122975058,0.150432900517728,0.699521881998122,0.197172892062568,0.852614264398168,0.195353863546406
1.10467295948191,0.168150418334588,1.30417323464764,0.2950809090388,-0.536179002142279,0.100670460311062,1,-0.00308295220685796,0.360055726189694,0.754183513103824,0.128660442080845,0.680872159881258,0.14936813912222,0.810771457385987,0.135857925243871,0.588619234004861,0.169922769614401,0.932627685929489,0.184093861194908
0.867349412458424,0.161145158123411,0.901743141653042,0.248988526417184,-0.380365469036255,0.159191330458982,1,-0.11638929632893,0.300064654306915,0.54681458011914,0.142856300201569,0.649072310089102,0.140647849011742,0.658082383622916,0.168335999406247,0.564158664214026,0.210523932645297,0.6095740495499,0.215570235271254
1.03203319482695,0.125559288768343,0.40082347675071,0.0955155887574773,-0.376428419386675,0.129150042165479,1,0.296108719966146,0.262556060155845,0.327774866783729,0.152471898598287,0.622396127414225,0.122770638501714,0.361788720196666,0.136243345934096,0.550225120292425,0.163585757705093,0.311440794539939,0.22813735364103
1.20755056194448,0.163890898716023,1.0784775200118,0.25499492219138,-0.233322091356758,0.156484782339129,1,0.5193294835482,0.274511424019126,0.612127810587736,0.124893706567579,0.882449599508908,0.107796087738509,0.501309883714887,0.174726871817182,0.686354276089383,0.195157974923105,0.628247655076984,0.250580438899829
1.25404239162908,0.221303303254949,1.45141679378967,0.395651851073014,-0.704504549246847,0.0837156345156762,1,-0.011502972420464,0.327106789413767,1.01413347169034,0.139255637881571,0.829788075693249,0.169109134276295,1.05498284415803,0.143102616834414,0.988431365973455,0.194202541939898,0.83624770798744,0.27369376789684
0.931050592646781,0.137331421625453,0.830694383846717,0.186904141843586,-0.489563504807111,0.108493338764533,1,-0.0750484743556945,0.310296707175206,0.594190220931408,0.11745030944446,0.780844993608993,0.107394606355942,0.510229857279185,0.149317795759299,0.721116329542028,0.191429517093773,0.3583519878627,0.306077569827776
0.98920953616439,0.170895122141654,1.12322203198767,0.329688075938564,-0.464169919373523,0.126684295674866,1,-0.183372290401295,0.314953054882654,0.757744868059024,0.122836955645343,0.610178596527915,0.159859898275849,0.808259024926295,0.190832040343327,0.899254004166436,0.187646417205968,0.758861027933348,0.2309637202146
1.03091355476973,0.164072541599909,0.743231235877386,0.185999488826916,-0.484502034909232,0.136504262671835,1,0.207707810327085,0.363216702949138,0.711932980854437,0.139034079799811,0.650834117865543,0.149617399392595,0.794293809579684,0.141634452749641,0.507275818190254,0.220038945782962,0.553287802988812,0.192849143803906
0.985153282868687,0.163847028519621,0.806068583808603,0.221118059381441,-0.389908351440823,0.14439744277532,1,0.48243627170459,0.33071172239947,0.417458614609352,0.164246084906201,0.644911660833752,0.147061895203473,0.595707688433172,0.13790154461553,0.748014413302253,0.176377946326435,0.686678797863285,0.201230858103587
1.07487647024341,0.189991131814837,1.19014749632508,0.342265779786943,-0.389216788644203,0.175929797426482,1,0.39029524153367,0.356006890694446,0.899021174341337,0.137512268823753,0.743512111436635,0.176439323194223,0.685568475987993,0.185794601709348,0.420778232636612,0.236302669388102,0.466872063378124,0.262667683004116
0.901687997866962,0.182196357405985,1.70960171533932,0.434683049446454,-0.279765598870989,0.168074963261658,1,-0.761179505304878,0.362251390510845,0.973027475991756,0.121522419891158,0.677699005596108,0.145984505054804,0.638859949428219,0.200660637959402,0.880963040494069,0.192120726556663,0.825575940000542,0.190155138068224
0.82197009769451,0.163508335586462,0.900460551714707,0.241187933039409,-0.590212583481899,0.1078737282554,1,-0.106720734744465,0.304559132459345,0.602372550702481,0.143536986257072,0.367128749453212,0.178040397316386,0.668498068429616,0.153894624351934,0.722977658067909,0.154128875617612,0.675497444657973,0.208961269907402
1.16055428398914,0.181417770168888,0.875280566559133,0.251387465768382,-0.536534201182512,0.134085778479491,1,-0.0165337910861981,0.343927437983973,0.902160759366469,0.134367225021669,0.673647056794054,0.16123329419844,0.659195799930314,0.168659682019865,0.557741299410151,0.214938018955154,0.465326810459847,0.248530065746136
0.680056118413842,0.157904216013365,0.878249446151599,0.241899593295773,-0.561894345901335,0.10619888701097,1,-0.0776272269743535,0.408530003175296,0.507760557835491,0.1567525928257,0.615395764126557,0.155260078395098,0.795898497256267,0.149722505955231,0.625276234102221,0.181694138334106,0.522338570567118,0.257835754792409
0.869568658502784,0.159252672640846,1.04850528185166,0.235796715366506,-0.278721328510007,0.145408763133615,1,-0.047950831956389,0.291715644201098,0.518629777210795,0.137702500248163,0.670954480323783,0.116378511597346,0.621819062650493,0.147103584910759,0.398250975984425,0.205455355171046,0.787457775486834,0.191120851028255
0.868252126027892,0.140640936758845,0.530271511829378,0.144552626901638,-0.405008830059068,0.119780869115098,1,-0.0682256991177855,0.293074156992353,0.554914676666471,0.14421993328399,0.66609726236202,0.107264030397149,0.518834104868204,0.149506445343183,0.61209193745564,0.173950909753155,0.262651489705292,0.271121426483446
1.27154029094125,0.193464522403101,1.14190058992208,0.307938382458026,-0.678127681895554,0.0903610556359197,1,-0.44875321623596,0.373754263664395,0.743426869541217,0.167473696578158,0.985848777831976,0.13446469533401,0.798990643207937,0.172132553239836,0.475287104468652,0.201466410831188,0.646729681882535,0.19589587995539
0.921440880593037,0.165078091422202,1.16704295234024,0.31964389669764,-0.544054781440623,0.11069125297572,1,-0.162612876544547,0.381587628756845,0.678514238506177,0.140145750884433,0.864036474973443,0.153769642369834,0.560105920465542,0.193018415048807,0.799552452639684,0.173709142853513,0.678174841667538,0.195634613406058
1.00436827875815,0.174804764061527,1.03093497778184,0.275020424654035,-0.622945699027584,0.0870491457349405,1,0.111902780695767,0.292179950066183,0.59995799741172,0.141219198332915,0.654868464174895,0.16156120340908,0.630937647585984,0.149808881691411,0.778151179484995,0.150989009596513,0.958909277242261,0.182605892861735
1.06557708692446,0.148897877007164,0.805984374462405,0.202887113516518,-0.453722234641753,0.143280610365252,1,0.694643527540864,0.306743701604912,0.513911181416633,0.146934260024713,0.662781271454926,0.141669122181916,0.67225711751912,0.149488969223201,0.466195836101778,0.182080254619337,0.884648034069648,0.17751051461382
1.22164386719925,0.169297033904304,0.740027334974572,0.213238046050422,-0.52537708858906,0.134857108981294,1,0.239860953640834,0.42315691091169,0.970106165278,0.123849724841041,0.659499906756804,0.157052120913139,0.670278457397435,0.16908352744705,0.851104970478234,0.161268704581193,0.271785264728923,0.262532486597736
0.969006866495089,0.14659306270308,0.730908174509841,0.180305615736647,-0.15973739772658,0.202254591336454,1,-0.039476015622723,0.308775392945808,0.654562996044164,0.136560159283604,0.492075123599822,0.142923460095821,0.708677774828651,0.157359996406905,0.506959773232544,0.158854970934264,0.397883154874979,0.179804404175609
0.928293245075263,0.146037677701643,0.885237287347286,0.213860205368782,-0.525066065108779,0.119470167048857,1,0.139275126012229,0.296062042119784,0.709215405961088,0.141297987606914,0.632616581651229,0.143459823257114,0.66733359083775,0.145818717894851,0.881830175226553,0.169831263072228,0.805235011541196,0.194259944561115
1.35061916299359,0.165404647776961,0.78719404286417,0.188988242484023,-0.370868929813955,0.126456493745083,1,0.331909333663395,0.252586834506457,0.566327083909025,0.140840893886428,0.814569314318378,0.116330324493253,0.803689795128255,0.140359677064975,0.457772244198785,0.190973958752237,0.588235091785972,0.209306381366042
1.060481690604,0.141812755297804,0.856283203282408,0.207329243408063,-0.517879789871749,0.114545212876402,1,-0.28128278592393,0.297175890123403,0.693840494663236,0.125135776880407,0.70879124293687,0.125690326040755,0.768011671490866,0.136965206132982,0.558405442614367,0.182184730063812,0.816863216760532,0.19178233092972
1.0661649425197,0.165865368404412,1.18715792796785,0.285947417090081,-0.575524160454718,0.0978403431756612,1,-0.0674283528432494,0.461460873033055,0.618107262218765,0.15789968021958,0.688049781765017,0.142443962870891,0.529212675339032,0.169227484240007,0.89610723842895,0.13837031152375,0.460777650870852,0.2375284754635
0.83157076543667,0.166069521555066,1.16551492795046,0.276908951866673,-0.493896158242393,0.133736959187623,1,-0.296778847410253,0.37038295459646,0.795913264836338,0.137522062194046,0.635198126404597,0.144894081747573,0.654875458498525,0.176999695443647,0.598549373656515,0.156293124254793,0.55985157485238,0.217844371513008
0.875724913907279,0.153382504126828,0.865833266921571,0.216833588515434,-0.298391126668481,0.169731741888364,1,0.0285078684693988,0.301982650302555,0.517957883981529,0.139169035583513,0.597972215115822,0.145610670317644,0.75408914342401,0.165494828336756,0.624136362419311,0.171740728129792,0.609568043288595,0.1989556176527
1.16520607969983,0.199279500087476,1.59384636657457,0.444254135036281,-0.563228264578203,0.11289867650641,1,0.345627847865765,0.360858422570787,0.7253675221811,0.176316282741013,0.828114483984115,0.148156297734785,0.691250464966405,0.16012204450418,1.00168511825773,0.152801871042871,0.749719256622486,0.232495297637057
0.997504925009303,0.183161359988937,1.16918542536951,0.308424717340789,-0.631737670578839,0.0930863507201763,1,-0.210761420306273,0.362526940138299,0.817540995808994,0.142835142401992,0.858521583855844,0.118554601057057,0.597867198967023,0.206760755285998,0.985106710044604,0.166020429628468,0.869057931291902,0.238364492447256
0.88891631285337,0.169809308893869,1.48272477523815,0.375735937707827,-0.631084440105576,0.0845964568340482,1,-0.000422633431850528,0.313411124871816,0.655126407078994,0.134362050178968,0.709355056615675,0.14257212227829,0.93410271668787,0.166181319907622,0.559643028499381,0.243833417253087,0.70985929496273,0.225694643920613
0.88165187994301,0.134901416609918,0.857372843820881,0.207760347729607,-0.360519893879051,0.158253557161765,1,-0.273169306093214,0.285222088334464,0.577312246775581,0.146611771362153,0.727109350829941,0.127090874796796,0.519947317687987,0.147964472127231,0.650521636186159,0.187829307240583,0.772643764263417,0.198367394287229
0.996660972159147,0.154080691146347,0.854255174781273,0.210738227702502,-0.430307017291566,0.133960762924212,1,-0.498727885665302,0.344008074809683,0.660934869266951,0.126587085164685,0.704204491055457,0.130980849829737,0.898095314665959,0.146610661010673,0.672547745861339,0.163442929772432,0.652860834113756,0.254853097866725
0.728774006323784,0.122418113539153,0.695922084524483,0.155663296315141,-0.346721910769617,0.159506156711413,1,-0.266473734021089,0.272550090816458,0.603139821013872,0.135925235374087,0.336081472141569,0.138851779607945,0.810272972626174,0.137757746664894,0.693876513819007,0.163834697816492,0.528723584183696,0.207859642455644
0.868348124491163,0.150088904694837,0.689766776836263,0.171657699153673,-0.414333786540377,0.137120777533234,1,0.251460442436962,0.416448797611311,0.660664952189901,0.140293494589795,0.740079044101438,0.129981985079256,0.473894543440493,0.180064018842083,0.744668725802362,0.18530909106066,0.770934884914045,0.179311070936149
1.01375476617072,0.167876868279807,1.04038847578459,0.247014147591142,-0.469247881731907,0.100434399976622,1,-0.119648816236658,0.362736756606993,0.607509346722046,0.150234175601406,0.778348765861942,0.11822660955633,0.567169060483238,0.150007381603034,0.719924005162093,0.160224467262651,0.421281339538303,0.217760076393748
0.70620162280176,0.14963094515596,0.902425913496903,0.236409401797841,-0.543836849744777,0.1184111568292,1,-0.201235224568155,0.340462588373839,0.552396467532922,0.144533884872081,0.711764023357711,0.137763448279607,0.225904432538719,0.19077971939254,0.723211459406746,0.194931158676453,0.608254695497677,0.282277407233671
0.729225984261117,0.14512711575883,0.855308712626817,0.223311817597385,-0.595290279299044,0.0902898536564068,1,-0.354648581226894,0.339996854463615,0.777735657313168,0.121768870428176,0.674896685586399,0.133551657541085,0.882655308058798,0.158966169635504,0.31602124677707,0.22426645738293,0.619650199848003,0.169508151774587
1.16977373105631,0.17645351886651,1.07330543637278,0.283612463644684,-0.62684607210719,0.0905957606336453,1,0.197166594060544,0.385059253449605,0.84770079046408,0.148811216254306,0.717688674930635,0.145700698903562,0.662142129936032,0.171554349780378,0.793189757703157,0.198215764140455,0.56719451881458,0.189065076415902
0.846829573676176,0.132428006904633,0.672725636403504,0.17352117777195,-0.279067438981563,0.168168270067847,1,0.332649364822246,0.255484631668172,0.355126209410153,0.14315569386681,0.737466741238983,0.122744096598153,0.524293495822882,0.140042400001516,0.088384406107578,0.217996299427127,0.736778459445631,0.220413426845795
1.07757212654822,0.162800815817023,1.14397764043404,0.2842936847934,-0.410489662713091,0.111660614078437,1,-0.366849830923491,0.357279278489864,0.710080006409606,0.13976977945377,0.734120476072252,0.131365717101602,0.711084950146427,0.161137583171286,0.852766612595258,0.160969244700434,0.555900478972418,0.226821732941862
0.990513220512784,0.132231732978517,0.665527148586545,0.161251172624109,-0.383371004886507,0.123981351041522,1,0.0461922298115909,0.296288873873259,0.463904373105202,0.158300731615834,0.677095871068814,0.127442884930911,0.627762171227209,0.158034748806044,0.709911835957673,0.159406086288255,0.633369782816373,0.200271229548168
0.872735539931946,0.152097448436081,0.889363679941865,0.240257908214805,-0.494892161992945,0.12446892707869,1,0.110774563867079,0.319071691220318,0.650887661618377,0.137049778355764,0.411176418584801,0.15882900453754,0.660217642142325,0.174712375845798,0.875960612136259,0.146335670703644,0.507323405350629,0.224824305787894
1.18067044285194,0.189721772949357,1.29617434514537,0.338318608037138,-0.610868764388634,0.097761571748163,1,-0.300127066193519,0.37982759393253,0.882408415715725,0.14176088240363,0.800735504540605,0.126826026562936,0.603824942388521,0.194181769283202,0.752976171417013,0.164880497644438,0.789200818078199,0.206548275053159
1.2421888449612,0.211904570720283,1.51389393746392,0.401899654349305,-0.375445274838755,0.179094235070196,1,0.314496412509101,0.370908508164672,0.68374067793454,0.142485823970287,0.725444324628739,0.179252870109302,0.679333070461649,0.166427740294302,0.936140128969551,0.191199342768062,0.577872124002248,0.256919203083023
1.20835089906046,0.201142978181085,1.20223070779131,0.332202836481154,-0.628539151394304,0.108796921775752,1,0.0685025291632867,0.425089309937473,0.782021469839118,0.134106837833955,0.804397421099687,0.162510950045583,0.698076671975632,0.166923422699499,0.865385881441039,0.177632588276506,0.877709947287285,0.217631028995308
1.23625474653753,0.178126733055579,1.36026993499534,0.343869669728622,-0.36676147076597,0.166314675844156,1,-0.219839867632736,0.323835754399893,0.745312607945918,0.130357178967249,0.911883084210967,0.133096223350968,0.781340628964407,0.141226822097444,0.849758283913325,0.190991715538128,0.501762935511492,0.225230874695705
1.13706523324213,0.16999920409246,0.940279935551958,0.263673382183494,-0.515843576773508,0.109135706010457,1,0.393293077970777,0.291003500032608,0.754075355261785,0.138634340152673,0.756593364418904,0.133991422322266,0.610981239881276,0.177614176328863,0.939807500135765,0.19400030697902,0.361760733639297,0.359013064417632
0.981592647255329,0.166699015975288,1.02198682380378,0.286950180197456,-0.515469843405025,0.124404402435876,1,-0.0436436816658369,0.298769786622883,0.702806224220432,0.1519800668447,0.70647985449622,0.150553981053417,0.830558030397106,0.160314202491684,0.684274163488437,0.18740191548984,0.378394589525605,0.325955012252111
1.19836673896899,0.173484544918876,1.51219647050306,0.356249755572531,-0.566962845206028,0.111624999192781,1,-0.0889075130634617,0.318098620482615,0.848441592888012,0.143672447503647,0.7207053824612,0.139396181648756,0.907537324213865,0.133366775425658,0.749351147353803,0.189152889760099,0.810558362655785,0.216279088657659
0.7719856920446,0.1529077431357,1.0265189941556,0.260012665009393,-0.44261385119245,0.119196235768577,1,-0.439104945652496,0.266393390510551,0.663696017668958,0.138945785390112,0.516727707999216,0.150930177225157,0.832790061853728,0.169487573285528,0.96876838916456,0.164027815905831,0.788849143204148,0.194787681248514
1.30702147436553,0.168983735754997,0.944178625399149,0.240424401388766,-0.630200360419416,0.0903832953815209,1,0.582859023665403,0.284296638397501,0.707221964855786,0.14520370348063,0.765042428944201,0.157755307075587,0.685035732458861,0.17885886886033,0.820272527182495,0.159587113664031,0.776997171911901,0.173481823210887
0.858098707840529,0.133210214630052,0.672412740949004,0.171141978787231,-0.399143046460954,0.160660756179296,1,0.193320416425784,0.326604373732009,0.60057099922457,0.151009473786634,0.644556081116497,0.144972614454368,0.50642082758824,0.178176769735028,0.800046466193516,0.157133577946201,0.49466697765411,0.211439613454035
1.15925993438907,0.185964411751826,1.56546779495693,0.424580254505058,-0.516875751959907,0.129302258261536,1,0.0243830000290118,0.274644430220916,0.571174699892339,0.147350068898751,0.992261638273403,0.146652790512928,0.514828286733062,0.204506841461994,1.12223695709069,0.16493843830488,0.883468378656834,0.219773862529209
0.98454174507775,0.176514178005442,1.2707804161924,0.375876587731568,-0.45806456974281,0.144107474265696,1,-0.193048770476324,0.342657463397004,0.823683838582879,0.138256083973461,0.735906739017685,0.185657503324495,0.520587291197702,0.204558850454113,0.949404902028535,0.187411867669415,0.808174974267869,0.21307271138909
0.982646417094909,0.176772992009053,1.67743915179535,0.452794403887981,-0.521543832264758,0.133610708152769,1,-0.480716626733638,0.352857902522003,1.09293414482836,0.116823805738947,0.714363724320373,0.161990027298222,0.82425923381752,0.186596051973594,1.10220746561572,0.190047742139394,0.761665911574122,0.212318164519023
1.02390048655573,0.161087739126036,0.923347031232608,0.227961003618273,-0.594045189805021,0.0956516470337209,1,-0.2497274468603,0.400529238701171,0.780927602207846,0.151475792544209,0.641949930679607,0.13945285459755,0.697418034720953,0.14727425897801,0.86001923668528,0.172404109288473,0.5605843149642,0.229553875059979
0.852955745212893,0.150857076206679,1.07240308464041,0.282339869317384,-0.461360591643812,0.141029317494319,1,-0.0837715491074554,0.305251753212479,0.579353500420183,0.131397039476106,0.671860446949478,0.15646192234542,0.612645193549613,0.173566791550263,0.863824102900315,0.20239673726424,0.461254419509933,0.243013528994489
1.11492451041964,0.180420744597107,1.18966930179998,0.316409775272799,-0.335899068282165,0.1988605095675,1,0.127617010959601,0.321366467089862,0.747627911816087,0.130587584322185,0.743571163065786,0.148614833226784,0.632930529317923,0.162499693521836,0.770513919121679,0.193981589230729,0.197855578388414,0.294713245847434
0.997686795982404,0.170158032691695,0.890805869003525,0.232000195962653,-0.647250481227418,0.0816657350569985,1,-0.635283876021193,0.318546245260793,0.938586415332626,0.118885503628508,0.79044238775547,0.131106723506806,0.787842507622556,0.187368851483628,0.801040775679375,0.221533958209429,0.478086371496566,0.229154609351645
0.705366147208826,0.177244987608231,1.46348906515681,0.388072798798773,-0.603955994260294,0.103650062808988,1,-0.301043975016802,0.322325455605431,0.668579870539418,0.152571560717215,0.921952718617954,0.141273603121889,0.576473346770139,0.16723624343055,1.16671349937505,0.180478200427195,1.22039765210154,0.22706394014181
0.949031288778157,0.173857523696367,1.20659221672417,0.345843426519346,-0.451253387554769,0.162773672703148,1,0.417118326439898,0.364874268536236,0.677980911123984,0.140244164430026,0.448521538753026,0.162993509524322,0.923468115729648,0.157622332692075,0.524678665992621,0.22223560305898,1.18409015416969,0.199585703586423
0.991290932029982,0.129769742939807,0.767212292703042,0.178032822139023,-0.465825530441971,0.11104359787643,1,0.221970782032759,0.28585280750154,0.732889697081357,0.117561659308158,0.60856023211482,0.121112850364071,0.584531294702358,0.157431620505334,0.743464999020938,0.183490544421577,0.346245150478208,0.280765938152502
1.1432402480099,0.178047255936228,1.13386302539235,0.319669446425623,-0.577219951122581,0.111127624731469,1,-0.402025110454169,0.344160704943454,0.854379448108994,0.145126109988905,0.788753079541767,0.142813277957443,0.945534893279672,0.164334503821677,0.631903006495831,0.201778330408144,0.699411194669589,0.174103703481501
1.28782000496425,0.201702290545805,1.20909815202823,0.331068355664667,-0.503206084688364,0.141738696928201,1,0.630130531319197,0.35616372335223,0.81841406989651,0.14293435356632,0.837088687921628,0.171654310998789,0.853294225623055,0.150019626542136,0.614277511502587,0.205984409312798,0.442601562696619,0.231623940530996
1.24605365658911,0.205466119783584,1.69938214202311,0.432011777667071,-0.654162336979313,0.097567826840425,1,0.566989255359078,0.336177115070405,0.660951709762955,0.147111670548852,0.86385478209706,0.150009984862501,0.954969759977967,0.143815991836856,0.903033778583043,0.215455702283955,1.01658445333164,0.201823208674175
0.889798282295797,0.131594377341436,0.788185812430057,0.198023854362079,-0.536794939807069,0.10289490069696,1,0.148286793756381,0.263373176069964,0.530215180354136,0.151777534825915,0.570307000249849,0.162405184776597,0.823253981040627,0.146836477107988,0.474154072863275,0.177373395217135,0.429802168249983,0.193845122657944
1.14402953952638,0.148994503889998,0.693096193436133,0.167336292987735,-0.488151395090497,0.135327091210456,1,0.357742989101146,0.312591841847472,0.712585069451192,0.116226580599472,0.551064301955261,0.140141847157579,0.66822062903258,0.153097421038555,0.745717212493339,0.166236270215956,0.527595952447124,0.222692497345763
1.43694678138674,0.230650396900551,1.27409229836596,0.337710954564234,-0.599516834817039,0.103609794513858,1,-0.200515453841337,0.426541724707374,0.859097256779871,0.146357480917099,0.982385428272647,0.144080502647438,0.682073894326133,0.166743285326898,1.03076941746407,0.186954653758895,0.920704847630909,0.180104959217158
0.737351926739834,0.144730327955135,0.669894168470402,0.189707901680654,-0.538860812550655,0.122705596894385,1,-0.0850625588540817,0.273485631478479,0.398604920667395,0.171403068701002,0.726979826554427,0.142352308562411,0.405556666017569,0.177879018579079,0.845034613395493,0.148535185898977,0.406307361822349,0.254980393320575
1.10142437999144,0.178640238612869,1.17181939135985,0.278413061136113,-0.643266246856426,0.0880206777999964,1,-0.11764001688752,0.315714657073475,0.8158671176769,0.12438358196887,0.792888154994081,0.139659936282718,0.66605541906105,0.169792537372092,0.879587693465357,0.140700576955511,0.573202430045488,0.215884679526552
0.651523609692643,0.137782026446405,0.814371936953091,0.190892527162485,-0.390084955393558,0.14163069360096,1,-0.547055181967164,0.333563402361078,0.923031861877859,0.114588857095467,0.684709909268611,0.142793684324653,0.541287615880909,0.157063951106158,0.69102547196364,0.159961487660608,0.632228308279442,0.224420153296984
1.08240303853965,0.19011527407951,1.12958665182642,0.306174271117325,-0.532375156958433,0.110727390686491,1,0.145232460919858,0.451621771932204,0.544612464485595,0.158057155898317,0.848349808761209,0.134909127427207,0.715658822442283,0.176738910172882,0.695107911127769,0.185371489362517,0.979371471075749,0.231768501800957
1.00527234218126,0.154967229888179,0.771134171197714,0.205824610193041,-0.57844264180067,0.0992920523948991,1,0.352443886563348,0.251989927348169,0.612129720801304,0.135861986740919,0.693081283740529,0.169193818764143,0.466839862987012,0.182356976535555,0.687120776899291,0.166232738323826,0.748805265180379,0.200840880451974
0.909613914997611,0.152284939070686,0.907608120481098,0.235696472526709,-0.255274758064894,0.195875906462107,1,-0.00886323473567784,0.301015502172633,0.655790195130845,0.121854136267509,0.542802378498987,0.13064143408113,0.603602958646035,0.156557108239344,0.257641576252742,0.216507631266031,0.839827523108185,0.206289755952816
0.995526939171671,0.154811576101863,1.10177966871847,0.257430817465544,-0.410130951044911,0.131081993120746,1,-0.0483460842793304,0.248522768502096,0.695516650437129,0.133676497077638,0.741999546786048,0.159501502873534,0.595833925532465,0.17530773154318,0.504098514618018,0.19883774836202,0.700695076722995,0.154613207404211
0.784139305815401,0.141300783051596,0.852670797500424,0.20012502525274,-0.340185250779437,0.157595832520113,1,-0.331596189454643,0.338546092335448,0.615019560250152,0.123562464318187,0.588070904100081,0.142797129303147,0.748877389230665,0.126361699512467,0.609579989077928,0.191128046437364,0.545237328106612,0.225653838534153
0.814044394834148,0.148189842043941,1.12440856627374,0.277788187071747,-0.433051572650098,0.135004494095178,1,-0.0721653021406872,0.304301715053108,0.729735007388723,0.131173094406272,0.707822591650031,0.147016784319006,0.875209555174079,0.122824449967188,0.548890852428754,0.179467586562036,0.826253441530917,0.216163058764464
1.10867736539517,0.20024337075727,1.11552425943905,0.317947635623199,-0.625296865644966,0.105190888399004,1,-0.523239903562247,0.299656097964334,0.671828898710491,0.155775988406494,0.946815282866178,0.143248831522252,0.577581541234858,0.198641306218473,1.09175184224575,0.164069318125336,0.628594550352544,0.24593503979176
0.892741755423433,0.165139238663547,1.17552976025293,0.325288767117096,-0.547378254502619,0.0973241436944379,1,0.10935224590101,0.345151061017052,0.858699023562178,0.145662635844032,0.65417198489219,0.151420036618617,0.698330417069812,0.190771521161252,0.816986325761123,0.175155087657395,1.01124145119639,0.184979659950738
1.07695206822058,0.16594803641214,1.28377990335539,0.293724403033782,-0.476399333362773,0.136188563369839,1,0.428048160872037,0.316286458300816,0.501743632400454,0.136669171806058,0.677860441332289,0.134654847995229,0.931359049436521,0.127662862578639,0.431972588860388,0.222768889958701,0.988952227933798,0.179977730246161
0.921629476995454,0.127007912032067,0.958026286285988,0.208685517828037,-0.596223123445691,0.0861823661019503,1,-0.725068226451519,0.348043180079582,0.90064212457794,0.108106953393371,0.578890535465852,0.120356904116896,0.562882257405325,0.148948452254519,0.954905264995388,0.175886322211087,0.591545457228731,0.209620808443258
0.867120772577248,0.144041469216559,0.839418766841673,0.184097632267546,-0.314314863022451,0.113718872162941,1,0.338399094474227,0.342631104806709,0.544163085354495,0.130387982268201,0.49997179204597,0.159866744807923,0.54741299973821,0.130538502942824,0.502366420092578,0.151038553452692,0.857362386887119,0.130433189892124
0.99173442898925,0.151191436918889,0.990302741562974,0.230116153944476,-0.318774197455544,0.157034336439097,1,-0.200233258041338,0.294175024172756,0.694294294039845,0.130054021977089,0.65080434269019,0.13918616153427,0.542382434116729,0.150109321588066,0.694647987274689,0.156105153990377,0.469671493873715,0.218155611175902
0.778380659303711,0.175349055811455,1.36499084070455,0.357310005327893,-0.550621634172105,0.120434528787945,1,-0.300088974822118,0.326079738236686,0.646708825327691,0.125048020713791,0.753097244574343,0.126740954680162,0.700957073111587,0.185412067129885,0.538332480936448,0.230467104969386,0.327791977162859,0.284244094012588
0.978158988928251,0.193300874671922,1.15831718254835,0.348488326185318,-0.468564517493235,0.156352021743868,1,0.107875430874022,0.335405010566475,0.736211577543329,0.156311924105943,0.440099249703602,0.184382411782437,0.701713244228468,0.174777980894993,0.647503765485968,0.17901990326817,0.804386347593943,0.173138370980569
0.983594809442265,0.137289081463025,0.785153949138267,0.215046445970559,-0.512299444315589,0.116619634123768,1,0.35597216096711,0.334501072183598,0.597826759717693,0.148513910880498,0.453641847480682,0.153124058962243,0.647235899595095,0.163504003389368,0.682387683300005,0.164800038430349,0.353251410130551,0.269286491335205
1.10597238619525,0.200358366994645,1.32512370231543,0.375767066330108,-0.352642873057888,0.168530690006142,1,0.304015900303756,0.366845081559674,0.751766620556382,0.144155589576513,0.588988681789462,0.149346638383103,0.815273844742588,0.148728727761454,0.740981916378363,0.197309706002656,0.871058841917968,0.197318375790117
0.995526135992751,0.168977821069615,1.04975371159742,0.283704701243069,-0.552504485367142,0.103258187931394,1,0.0598608470694828,0.398283552857241,0.6225855835489,0.154816936715105,0.647396087207722,0.153849628019818,0.741670918321024,0.158983444516244,0.602556758177302,0.165890548840024,0.864693067552081,0.179789389493021
0.998417013989608,0.170244146363566,1.13419201639389,0.299645616278391,-0.636852764710066,0.0952162712499897,1,-0.0497037956155137,0.302312906194632,0.615658501454103,0.146314031869969,0.809505092257273,0.137522015727148,0.708465389331942,0.183868372781356,0.918250893284456,0.154403572981444,0.528884491372499,0.25488621436997
0.934256728981739,0.148831546250521,0.792150206215036,0.181536544715414,-0.529429708448004,0.0893537120260306,1,0.0894656574782622,0.302904982321003,0.83779515361783,0.114215514706748,0.589778338528892,0.129998679438213,0.820431664983594,0.157476079443375,0.406777466372082,0.204512126707361,0.609486795299957,0.196251996984342
1.02666266864919,0.148735327788484,0.88433864455052,0.226809636317873,-0.368742467476557,0.168114915735797,1,-0.0486778588924241,0.281140663536264,0.68642724252645,0.131434663460554,0.758757741340648,0.123916771313542,0.579027274559366,0.160705092940367,0.618489548294506,0.169570495563161,0.691098686907701,0.167685081079815
1.25160288660337,0.169371783993594,1.11159499723123,0.29395174404589,-0.276755461214484,0.187703561545387,1,0.156611963944636,0.301233360368864,0.86653782269743,0.119467843673459,0.577399222750432,0.123224929168397,0.739974644876509,0.165922385841101,0.761200495223053,0.213254744417365,0.559731899794272,0.260079857096559
1.00335032870554,0.167898670024582,1.22390209007488,0.357876785906407,-0.493293689745461,0.130156333019138,1,0.135304988765928,0.291885444960479,0.712231629765788,0.136554018962834,0.649825270584612,0.146000500441924,0.694740800102629,0.175583451382086,1.0092707038983,0.199450395651839,0.588099425300256,0.26701234362037
1.0835429941793,0.179082348517293,1.4127207745665,0.413072217196839,-0.559688109191367,0.10524682173316,1,0.0219598845669339,0.365507798275651,0.737853041607084,0.154881108328803,0.509447658398897,0.151134282606738,0.848474994641542,0.142666870258444,0.827244653952974,0.205280246979507,0.496545995933395,0.236456498433702
1.01132070783689,0.178145226278108,1.32871718288405,0.305954556434497,-0.733158130012541,0.0558883926437139,1,-0.141890638398462,0.385825258157715,0.902400419430082,0.119675383281624,0.729257126631835,0.12856534640503,1.01323310489676,0.146634777854976,0.763753567417687,0.212982579505445,0.718943852368043,0.228959232320176
0.900105738841282,0.153700625287059,1.17320014631133,0.303121183901459,-0.580391776517317,0.0948641550262851,1,-0.0665828205573946,0.282768642215433,0.618080878483341,0.132080269920571,0.847655368587342,0.146152055449374,0.825204819496206,0.147349727498975,0.783735258793883,0.185536760119477,0.172694999123015,0.308360043837049
0.952820911465206,0.180101336310794,1.21336251095203,0.336012389094308,-0.588337957766268,0.121929942328674,1,-0.244140167255227,0.350028286923313,0.80898473545021,0.130606972249562,0.668921722205701,0.16520371266377,0.864416970973332,0.179688853260446,0.586256081598719,0.191017708285761,0.884781420861881,0.218244284508319
0.797359794396089,0.157575440832125,1.16985400919692,0.291549636149204,-0.510136259981847,0.127321274412242,1,0.102753956350048,0.317710465561597,0.371991762453025,0.172003013212143,0.6686491138512,0.128570124984681,0.727760330098106,0.139722818468647,0.78261443171291,0.186630694078475,0.8819373470328,0.205517432310975
1.13365979108502,0.165534353629139,1.1332068162732,0.249500527715047,-0.484650310337867,0.106917660694916,1,-0.0636404806175805,0.333062268094587,0.811734834210065,0.132230261902388,0.811143741454371,0.126445281040936,0.452057646002529,0.159631975245174,0.927215485561672,0.154240371556695,0.379433955155163,0.227061337451981
1.12707434658662,0.148262945690778,0.707081173739914,0.163138921502021,-0.483686865154796,0.112089915718347,1,0.236956800859228,0.304541983376549,0.712034034889967,0.127623460805293,0.665289423937003,0.130001515661367,0.633789915941856,0.14830206984531,0.816348779393269,0.146279399262313,0.357940007177146,0.217181100641262
1.10210308230186,0.149521746821614,0.771518809289409,0.195544426883726,-0.508336935333847,0.107142916013689,1,0.186004200685928,0.269582130588769,0.70852219773487,0.119745921382335,0.670444104885394,0.13051934335201,0.65871628796584,0.156418390908262,0.761572084418735,0.17605972368703,0.529873369385193,0.225808145301711
0.656449521092468,0.180734712450946,1.81062562063096,0.437772140573829,-0.450019845182341,0.13270113637291,1,-0.157244426367754,0.40822136908123,0.698235056676238,0.156500241199839,0.525600440722714,0.172099968484068,0.527337867953407,0.172247796508202,0.81650726329039,0.189987341337827,0.576101270633272,0.208329841015153
1.22688115937639,0.175272787453536,1.0948135743821,0.273808324162522,-0.435123999763962,0.12185667712389,1,0.773341398930545,0.379838817711925,0.497304723883011,0.153982457401021,0.886202612499034,0.128884522452386,0.772369273786038,0.168441830615415,0.653163785027032,0.165926815360115,0.783873953978108,0.181070208187894
1.11976708002818,0.183951633908324,1.0652490927485,0.29465500709846,-0.677302491099822,0.072054377538908,1,0.139260133047945,0.362697065918945,0.717771934673611,0.118080740392367,0.763115873381962,0.138523399575652,0.986570006239889,0.163202960749954,0.908577867461683,0.233590302183727,0.820051731874925,0.308634039881485
1.06191057752366,0.201834113646378,1.21337008243605,0.302601452838079,-0.560267265500853,0.109289291514685,1,-0.241901240277242,0.380651250625211,0.640277607820365,0.151025999784668,0.843144835492519,0.125669925611386,0.662080700596001,0.189543509569359,0.731237541222979,0.185227376741504,0.812990831077799,0.169316035961062
0.892058866844255,0.170289365714484,1.09205503052025,0.30458685912218,-0.687684575468025,0.0793632742854214,1,0.210496735954748,0.352294941605733,0.7128934983845,0.130222221444286,0.582026131624309,0.148463344226426,0.732799061622517,0.162726221266238,0.809579973522548,0.195361537119802,0.556532351417473,0.25277577783988
0.882802827155908,0.13895728121775,0.703280367454345,0.162994958900384,-0.500764846658731,0.108179771299764,1,-0.1657952261168,0.360274280194,0.715023161859203,0.122156994344101,0.536556531993109,0.143429355504298,0.697744486294407,0.143179274318236,0.707922299425036,0.163855756171975,0.265060859290611,0.231290367601907
0.94669712554998,0.14984768507191,0.653862307217756,0.155582405062072,-0.247386734293638,0.186623187340195,1,0.0485200630499492,0.305709652604196,0.614231902770934,0.143829991955815,0.420872048735873,0.15549547998004,0.793573108262137,0.121073357113282,0.530438988401634,0.153204380970958,0.513079928243525,0.221227994812176
1.04190204787189,0.138545633363113,0.642205531866383,0.147757002714121,-0.309377455506372,0.140447676619704,1,-0.0119883819980829,0.272712310259693,0.796787095792805,0.113872038608964,0.461819074784599,0.133759749202183,0.692796321590054,0.128196110512748,0.409484222989494,0.194725434081268,0.25668133066325,0.245762566124147
1.18582806012299,0.21278652220347,1.47295083684104,0.417895319616048,-0.63964751399983,0.0822714664940828,1,0.0380204324104095,0.37599348453958,0.880260219052145,0.134802737909612,0.827894238457492,0.13489642461867,0.896842781110586,0.170971944805083,1.1211207573668,0.17511172538106,0.723288962638548,0.267593324206516
1.01723191353479,0.18057527957847,1.14506834400883,0.307063731829882,-0.436757149366159,0.152955600141011,1,-0.28309153343175,0.374475421253197,0.576792963627889,0.164605793708524,0.779076099225628,0.147119964292537,0.599700247777019,0.153517725834497,0.568443848037097,0.19767045972381,0.976006004657718,0.166711755835446
0.82491548406702,0.165208009454007,0.878149429929132,0.224312155882812,-0.449972944970453,0.137076087934873,1,-0.085887570460258,0.369400533804509,0.664475320853989,0.139398497478262,0.526628026978749,0.152426306539002,0.670179710303942,0.137142384873439,0.843161962968335,0.157521087707917,0.19697619899371,0.256949138667599
0.87459789971498,0.129610393294812,0.76800279938986,0.180514482291447,-0.489183020056011,0.107549257026296,1,0.136579799523598,0.249198946644927,0.56923668584751,0.127068212813033,0.743698485115201,0.119830558736213,0.622956563254819,0.14395894114148,0.882968436301382,0.166282136956073,0.404157091341818,0.319187966595133
1.16596251111704,0.175857115235121,1.07729551967018,0.278914112992297,-0.368404452353249,0.150103377914664,1,0.331363813444778,0.32638935559171,0.524438252595646,0.140871665390579,0.592322046441408,0.148314039993297,0.60481532719018,0.156622732783384,0.898407846786458,0.145713329641249,0.88871660318666,0.186865917901003
1.02894053295905,0.163128238555371,1.16644054025329,0.313724027245302,-0.504440040396633,0.119053233811606,1,0.173594511527414,0.28377447191942,0.780999059658151,0.130118239918869,0.704935347596131,0.135422342500638,0.615295975700103,0.166086229744593,1.0290228836445,0.183756301717178,0.814270389473183,0.225994405827172
0.803962473358037,0.13067707992562,0.775118054509831,0.200945520523261,-0.309117036923595,0.179742434727745,1,0.284337669219968,0.264552883803649,0.370821843537772,0.15505942185115,0.591877610875302,0.134153560752692,0.667297766297312,0.186703780064441,0.714305156724655,0.171744147579211,0.606058729533203,0.192697730301345
1.05093060428856,0.14817705348836,0.805494627594316,0.18801669720354,-0.344247670935903,0.17378502244381,1,0.437348512474924,0.309362096355256,0.639490933582436,0.128721015101407,0.671249546633736,0.127458351029147,0.279027271115088,0.190125484135139,0.589714164297126,0.17296464752269,0.8006260847835,0.177969385724226
1.1510915731313,0.184297903846667,1.54784786792811,0.401009746157565,-0.64854647094573,0.0771971269609175,1,0.123574390612957,0.356239031204458,0.724816982456586,0.109734547544349,0.734241075091249,0.13164042522735,1.0078947646945,0.18942772918068,0.974222852058963,0.190217253378118,0.620324413608404,0.280503840367734
0.780744739050606,0.165569639652077,0.892558749712851,0.239172570291176,-0.581215785218055,0.109259085102303,1,0.165659676867892,0.29621046317594,0.583746762625238,0.144033117518996,0.601175410602692,0.163852175279095,0.494182867604063,0.155067297104316,0.678183739653145,0.181220458479165,0.471493390390591,0.257234339165685
1.17423296633428,0.187528613759781,1.50677313612376,0.400339401530787,-0.69490733099934,0.0754016157174525,1,0.226833403853034,0.344869182163971,0.732047754341371,0.149154172104307,0.937721318828813,0.137091135296831,0.762612771829569,0.181369555599143,0.860032474422681,0.182654698469857,0.653873390903841,0.203085947095391
1.23612709081258,0.190116200896637,1.62191423363948,0.411362031634563,-0.451077317953147,0.117848925366153,1,0.187628531744909,0.376979099348323,0.687816119523333,0.154998268150038,0.606346574022045,0.159651335565057,0.801975085271754,0.150822014635784,0.877118721501916,0.153499540757111,0.63768541649804,0.170933236356543
1.00949255147293,0.170077531666679,1.19080316695709,0.340803310500234,-0.671473329051283,0.0827327800181024,1,-0.370856668402672,0.319473053243435,0.818219298222503,0.134213086158697,0.83700239152956,0.145115931917721,0.913920661006694,0.166534612965101,0.586153374256007,0.243347892505188,0.550189184492729,0.270275803873624
0.954222364707171,0.139384299987428,0.814836195695811,0.193354754309497,-0.393250874819291,0.148299482334671,1,-0.0344197528061341,0.256281720683628,0.713403526869441,0.122742016007659,0.755223031068362,0.121985152752736,0.767737233468997,0.162613700142549,0.579179910037101,0.14854881891882,0.518156031397444,0.209456739994556
1.12202149310894,0.16666904651474,0.969952305838958,0.225101784805747,-0.542483328322442,0.115355050977649,1,-0.345417606697743,0.364010111036044,0.846789705482871,0.144979003277389,0.612235145893325,0.145635133589591,0.54153485657632,0.151177900185334,0.88379510343551,0.139811083279231,0.751834816984812,0.189192046697245
1.03587269540865,0.171328730200858,1.10441933509752,0.286882397965597,-0.675978514854502,0.0690657536892667,1,0.222154956422764,0.353878338549297,0.891338058030805,0.147056050927331,0.592253760441244,0.166342771649911,0.787571970354834,0.172874267799755,0.791099411044979,0.161499231235369,0.914866471839837,0.184602313002527
0.946645489205364,0.156079575926567,0.797338999258699,0.205094463671381,-0.397596154787248,0.141801381365493,1,-0.206444340537377,0.271880054787269,0.54842604587879,0.128328726410742,0.813046545160582,0.119606739460375,0.611455885258319,0.179332227979413,0.583414823857626,0.212827814564092,0.449906313005949,0.217640783993043
0.707200132620352,0.142444057753662,0.927591015625341,0.21783243431612,-0.237869448199847,0.148776734225872,1,-0.0792569123209981,0.290665108388257,0.473219239836032,0.128082099649926,0.61688956414664,0.122925010327329,0.570015380147813,0.133815067215291,0.685213562839795,0.163342240425884,0.767015976212276,0.251123037204323
0.940493844549436,0.162636840891442,1.11992909683435,0.306825964479794,-0.41139661207475,0.154186467563989,1,-0.200969945023159,0.280800835483656,0.792006576170779,0.143624831025749,0.447692114182366,0.155315723996817,0.842180875175306,0.162988045812579,0.775036426537328,0.17538704166761,0.719111725272232,0.208536858113438
0.802812451876923,0.136681194853904,0.87166415467587,0.237681261459547,-0.459377976276361,0.154833848774759,1,-0.681416473422727,0.342007996918031,0.652925737461673,0.150887903056424,0.53362891096055,0.143865167011626,0.659070606664044,0.134663604754346,0.747940872919409,0.182494656119576,0.718233251607442,0.223906518365412
0.95988225962592,0.140093507799907,0.854718479313458,0.201229880170985,-0.435272743714009,0.124779048774122,1,0.472660214351713,0.213411222867051,0.634638478100181,0.136089508438102,0.604620489286508,0.146034893360766,0.972288238285344,0.141946879172733,0.621054734653125,0.197561499739263,1.05642915565056,0.160085393117627
1.01398133322151,0.149189931956784,0.785494815113723,0.158101062095121,-0.593745452938797,0.0862980462324831,1,-0.103516315780419,0.321725264538883,0.672124946753337,0.128304414927287,0.538720301087577,0.124698811720464,0.835232832322441,0.145596564807906,0.886622386081832,0.138413183904052,0.522695326180058,0.19531735698285
0.966190368225137,0.136725301580814,0.751328399019746,0.193980658070045,-0.49151986959631,0.114758622703856,1,0.181305584415794,0.26985942575808,0.444994769495766,0.145166244311165,0.772051789402604,0.113518211729186,0.436125751110742,0.17629635900872,0.848821914070623,0.196637150549434,-0.010026534966453,0.305824663985237
1.08553135506451,0.192336208126031,1.53277601383031,0.403586216160484,-0.434191417146387,0.148299612254226,1,-0.203457836064255,0.320352286089297,0.860972563405593,0.12676780960941,0.860989785585891,0.146249635868709,0.638322155434058,0.16546052125407,0.920700697949578,0.164681185749874,0.676713013247795,0.224658006657733
1.04231248766369,0.180863980901905,1.42972243520271,0.375437983009947,-0.640142372133131,0.095310085302619,1,0.0336364379994475,0.317635405858718,0.69936494680754,0.152961856559496,0.719626088167092,0.164505883252936,0.807874718351043,0.163854430952221,0.643395575538519,0.20785445504101,0.848802771797631,0.201703376916378
0.950900185540954,0.190755835574184,1.38654925683702,0.404353743698735,-0.466799684553723,0.157847538869744,1,0.232623046187675,0.383245902158078,0.642729915156053,0.15949539784216,0.763648249796693,0.151200976987641,0.86427487418619,0.179261305692661,0.653085273486127,0.198382865173495,0.911081658565805,0.220829650311346
1.02017104344247,0.14435097369251,0.653568375644551,0.15637698511454,-0.237211169299711,0.176311694890952,1,0.235634770424958,0.294116105811671,0.602303001470416,0.144795601996947,0.647423741044842,0.122861503917676,0.680358789513547,0.13157960317963,0.168966498623432,0.21970528298797,0.858372033760367,0.174288860658117
0.991066767283916,0.141002456445815,0.536519638002078,0.139740317873166,-0.295416430142154,0.163085616063899,1,-0.347043123156346,0.324003136066061,0.782280170460066,0.132647691232031,0.590984440473704,0.148014312097381,0.408963096141755,0.151286347884339,0.591166724977054,0.181003806588261,0.420597340996626,0.192712863503119
1.06789740057045,0.143328381891026,0.711363126727249,0.180667976038616,-0.0686566085588402,0.203287201906192,1,0.454729139169953,0.310430189987429,0.401340175686141,0.155665143818658,0.648611781139527,0.123629002964423,0.510771794871823,0.144409003975265,0.404545343783197,0.193048310758285,0.441999117691915,0.232030962254094
1.12294940322756,0.156756440143257,0.713366578923031,0.18521587559088,-0.406924607829335,0.132944093198136,1,0.218572030256358,0.266010358748826,0.760129069217771,0.101804640741027,0.725710362329775,0.138869468508547,0.711138563727915,0.157571385427712,0.861326907794915,0.201366479165835,0.366884714472271,0.243219100630355
1.09586300632055,0.193887080452286,1.44695976032775,0.378788416230563,-0.461223347683814,0.132258667841798,1,0.0716382531024647,0.315834624020979,0.92024374910075,0.126594951613092,0.554806771636945,0.157590883435629,0.529317251653299,0.193214146096049,0.734037372528203,0.182128991071246,0.51429463454132,0.288982139117523
0.804246022055859,0.139746555358626,0.828587279474676,0.208939958155163,-0.444215072886062,0.126013650673985,1,-0.58014384243753,0.303526448370913,0.670539136866065,0.128578762132505,0.637220913887574,0.124592307904478,0.611511142693338,0.149500000317627,0.667345687487975,0.182179243841846,0.286404647638891,0.264803367922834
0.961487910380999,0.163724891455726,0.965910098001537,0.23523498078707,-0.339083688062367,0.165726878699672,1,-0.133431179867246,0.308287453738802,0.727827158096087,0.137355471687007,0.512366244764038,0.150189529417846,0.794139279930137,0.143258647656878,0.514216359950701,0.186046912364377,1.0805865911474,0.18641428891944
1.49133946543494,0.220903837814879,1.07430868475703,0.279922977388461,-0.514964072297958,0.123086727878273,1,1.03998048337141,0.421901223407075,0.734788398038022,0.147421447465608,0.74988522362582,0.149848688959304,0.870031811712337,0.165915656925626,0.893168601626007,0.159514304633776,0.731380032150225,0.201161376778569
1.07532126050509,0.160235007821956,0.95422827696336,0.255472877418945,-0.580356621820529,0.106718043251515,1,-0.0830287726996339,0.289895119513875,0.791148855730285,0.12604744243012,0.622803155660709,0.159964923311212,0.818045326473733,0.16398977082361,0.568768893433352,0.211484135318491,0.332996854050645,0.222284566577106
1.03770234723678,0.171347651510021,0.848543546601373,0.236641344797093,-0.488661915631613,0.115596496092598,1,-0.164963105348109,0.331305565204249,0.733170233284144,0.148663332501562,0.390725967620641,0.158542455090291,0.616916981888712,0.143445005620398,0.841928329743182,0.16206055623215,0.694418994421357,0.213419094245009
0.907427501986992,0.147161348983601,0.82150911370236,0.223043453948422,-0.380497269860315,0.150801657989862,1,-0.17440379382701,0.28436984282278,0.720574445120194,0.113707447050506,0.720186859138758,0.14762362667468,0.645605810987343,0.166605820450436,0.659527115972467,0.18371473318615,0.536386921683846,0.25405494142044
0.759737339303216,0.171010846501739,1.22900791532521,0.384216708698541,-0.444384951979847,0.167749765611365,1,-0.571990682972684,0.288906794651707,0.752311087987428,0.127538796253067,0.756268127887751,0.178516890536074,0.676320702782788,0.193274351263651,0.503628735580089,0.238560686288946,0.733327781866052,0.287456139691371
1.05360557297664,0.177030826595673,1.38847408904827,0.350223944830774,-0.642024627005481,0.0871455927486134,1,0.0974490405780661,0.340661608256728,0.665339839556983,0.128679536274187,0.874737810709793,0.147036872556351,0.819966586532379,0.162646204014019,0.791696019694558,0.202097132820752,0.88850740360454,0.199504960477939
0.907432957692902,0.160211358875288,1.18596685501529,0.323559348773305,-0.543254157856577,0.121043554983686,1,-0.3318598067907,0.32747721423588,0.63002976413108,0.153043764478687,0.631821772064544,0.136334486916146,0.98579306421644,0.151206253359209,0.458705393795058,0.232472845903269,0.864954466633698,0.198690596603977
1.31490540533136,0.227996168570155,1.37149923876968,0.3937467021402,-0.734034016198941,0.0665077422140369,1,-0.362435969170811,0.417250929607414,0.959278409907047,0.15112589644222,1.00740083287807,0.169649428926191,0.941923634344554,0.138144414445151,0.615581563644931,0.198966800357132,0.826343414718529,0.233468852926164
0.844903334533227,0.169552621009783,1.13403980959788,0.312343610329017,-0.229236212814572,0.210733557829879,1,-0.503258767462042,0.273509851085185,0.713136863886847,0.140372132444847,0.68445402692107,0.144758278187817,0.506690047603301,0.156791643549581,0.733025273111272,0.169823784365133,0.547254454646409,0.225618909391727
1.2722239680003,0.17221760450905,0.895251809847109,0.224118308529229,-0.566943342360842,0.105780631030276,1,-0.049915816954119,0.299453952995716,0.677676571122677,0.137664138900962,0.843974542275365,0.147361610019712,0.685033244641217,0.144897998149226,0.660674967848797,0.177039879572765,0.783734771388246,0.176287458930968
0.936074647499285,0.179426549945125,1.19270842141983,0.330393441704444,-0.453447641770578,0.14700379524476,1,-0.24775970100116,0.311518668147199,0.689699729516158,0.163806929966734,0.799971083743365,0.134943115340089,0.469517271810322,0.18780650043802,0.69437439110769,0.192958330414059,0.929144913677441,0.22310600722653
0.955943696831684,0.166939279962854,1.04132189177523,0.291638462437523,-0.548162851303648,0.127333903428568,1,0.221093176667998,0.308404235383582,0.616867546417007,0.147125821068088,0.673734374075934,0.147341250404713,0.650550248674548,0.180074053543005,0.720997043514249,0.182234036254181,0.85142911395453,0.226554200389053
1.45450011713135,0.230910862225964,1.50209462821893,0.460586099700048,-0.736278876649932,0.0794429871649038,1,0.548278611249537,0.346519735998431,0.815893760225796,0.14802361069981,1.10273542307009,0.136583640234222,0.623080747587157,0.221141564642048,0.950033726085212,0.205651855609741,0.87457560298283,0.246146972789437
0.920043062739678,0.166809283160435,1.19344795092866,0.306196336597812,-0.507994726216927,0.133704926675685,1,-0.294438026413754,0.37106652215939,0.786753715076663,0.151144688662753,0.656136051796199,0.151878739201181,0.690288171601806,0.153598445893182,0.809414251955252,0.203527752746201,0.445885156296253,0.268879447999641
0.968302048598825,0.159421849808659,0.82384129891476,0.212533256713061,-0.398115461097742,0.13706647594418,1,0.0354631867391238,0.315235964366244,0.698929621121475,0.13910696408558,0.543271254186073,0.152092461620164,0.487613185925313,0.154309402318295,0.718033026191601,0.162179206006331,0.57694491377178,0.22791590243643
0.882721275167994,0.136638587148872,0.594835380484562,0.145916606664231,-0.405745037126718,0.142951612192995,1,-0.169197683461349,0.301351625787094,0.568505013374559,0.129348886232759,0.609788055013951,0.114511735204345,0.404418912142041,0.169970967090811,0.59876990120312,0.157856249390537,0.664147991735784,0.210538968781762
1.03103568204114,0.137114651053517,0.677125960852041,0.153333805013673,-0.342491570821301,0.149803463708883,1,-0.150315693360758,0.313936438562979,0.694602298111569,0.127976549970659,0.442630602682817,0.137679453210056,0.778129327497221,0.137412194353249,0.554229107278625,0.153805615461858,0.8015243540037,0.151491094664752
1.06728411153524,0.157704773453746,0.91170462085062,0.205509584014805,-0.581744578884367,0.0891111640893844,1,-0.0722877698095024,0.2710959974589,0.694499813740997,0.112782602874617,0.729639922203826,0.117972330793882,0.720754532939006,0.14535166158321,0.775436722240255,0.216672387100568,0.500183572707202,0.288879137449333
1.23504060559158,0.136188757031337,0.735224473889481,0.190114467184942,-0.546767871333053,0.113653014869506,1,0.446436546561764,0.261251737575661,0.610004440404536,0.134449475889407,0.870167017948299,0.120335759381506,0.768030066858301,0.157401985731983,0.80584438805646,0.153613851478418,0.530023296608976,0.20876907978289
0.922731419072025,0.142664044186944,0.734198485321383,0.186138620630912,-0.411833638992775,0.145955370680309,1,0.0655849131880224,0.256913811714833,0.785816920228926,0.124227068061383,0.546004831622163,0.134823543548019,0.840006664706972,0.150137241363152,0.608552177773613,0.175809722893533,0.841209346579624,0.214520111541888
1.13547683547252,0.167408234426667,0.672226611130156,0.183351741374738,-0.5215777517536,0.111961239200456,1,0.0831367800108745,0.335984871477043,0.752781269659072,0.141185182152,0.71552287523763,0.12791722567659,0.616382253766197,0.1450441943498,0.672542019113854,0.177193433886755,0.609937049165703,0.231091417118339
1.01976290206592,0.154962179926268,1.07683651295669,0.27441934639628,-0.484016706517577,0.12657211142825,1,-0.126929080722375,0.30396199754974,0.756959441394334,0.118936999223501,0.651672132257624,0.134391215563479,0.893878538819061,0.160410032437875,0.744254818117402,0.195486221178373,0.633958225052033,0.230227029995765
1.07810367618898,0.171134075409599,1.06836710251024,0.288099942755875,-0.479343629265056,0.137868211884095,1,0.0474035678949355,0.288684417228145,0.677256460838605,0.139304790438301,0.781773279862605,0.145006212380656,0.868913551029153,0.165052686688021,0.450338923363828,0.200056187198815,0.876669202937472,0.201785315990131
1.16123110312538,0.199100144501624,1.1550637643469,0.285521844341655,-0.673741176674194,0.0789823227777219,1,0.266085499498955,0.414407356238215,0.835226791391079,0.147314544314287,0.913176225159761,0.144833853900573,0.799405353807302,0.161998443198052,0.920904112827613,0.158167785573853,1.02967194306318,0.171204266495342
0.89898966323148,0.1393823372712,0.574042544564702,0.150931774843786,-0.263542662156956,0.171226870630607,1,0.502808383045705,0.356807784019976,0.346257711845149,0.164580565930546,0.910147585357909,0.122864146556598,0.571989527210731,0.149891167671495,0.572321546471008,0.164118510523828,0.696194272663312,0.162364380512994
0.576696210099758,0.149039725534256,0.907104317053926,0.259258483042781,-0.564234829860983,0.120722984109339,1,-0.749723715910888,0.327964484522929,0.679930731356745,0.147502093542258,0.49717475332785,0.167582823341338,0.719779149258323,0.171710235942608,0.0164904645504919,0.235362045240538,1.04663198265898,0.173122908890298
0.98861392925407,0.181332324872955,1.4738276444435,0.369456879748679,-0.568755121235791,0.102977661545,1,-0.481043061794514,0.387589043612369,0.915807327750191,0.143464539473107,0.874205653030933,0.138357840776743,0.850280219376861,0.147338383199952,0.580136632992343,0.193907044621962,0.68342939168473,0.200848574793667
0.833426915155252,0.146110465602918,0.831016089117898,0.224313387359499,-0.559563550442453,0.110068053951527,1,-0.150041273292528,0.321610275452547,0.67317818977776,0.140081889380815,0.772416150499288,0.136213770644988,0.668263771450207,0.154960688215781,0.922769382805279,0.160767716018313,0.371847434636831,0.29694444944149
1.2132302051774,0.193086773929295,1.23404132412518,0.28964197309694,-0.454037734125616,0.143467687828831,1,0.13442649674754,0.369884698741037,0.65917653300934,0.156006225189059,0.885782052349253,0.14522015291362,0.648905995223128,0.154204621312837,0.489354271288382,0.176202014390164,0.681769729241212,0.187022408058135
1.06053774919135,0.171138063372039,0.929978132529509,0.24631239478841,-0.635050316013874,0.0983803615590572,1,0.280081844093052,0.31851786914173,0.576748563836963,0.152991546291307,0.707127789209092,0.146743754225871,0.401309842397589,0.179382789562286,0.667842430009954,0.178890302290819,1.00952241351991,0.172359221175213
1.09745748341773,0.162191875003653,1.02444932799734,0.255402959223609,-0.532993394968706,0.11269380655521,1,-0.262278062855663,0.318807331917688,0.641190124562254,0.136813598915029,0.798556171327523,0.138429248735259,0.645018282309209,0.147228496141017,0.951559641387969,0.137626587770559,0.518835438108432,0.218120802752202
1.35859876705537,0.203678647820272,1.32526511968575,0.368982129851021,-0.530726582205774,0.14792566445039,1,0.632631326014611,0.32019313157606,0.839206536871025,0.154130491680609,0.814303797734656,0.163925952013484,0.672023220513787,0.174581731269954,0.93096912190461,0.162260172873355,0.909097013302784,0.211948166333386
0.861353249265394,0.153107193133531,0.859111833251765,0.223205019865391,-0.466707824936074,0.122781842042558,1,0.379557024459291,0.385304962520682,0.636731300369768,0.13777932010228,0.802590087500952,0.142107948707337,0.484247611586413,0.167255059782797,0.714914969408512,0.192210033434308,0.686800693328155,0.226092277640129
0.910594757643624,0.142042434974814,0.71331341257087,0.166592710092937,-0.0996457785057404,0.161533094627492,1,0.121763870400306,0.30152814953122,0.496456807832459,0.127071355715732,0.714707176425596,0.11659482601047,0.440738680918348,0.138495349214112,0.514651449292998,0.181604712901526,0.482876718153863,0.253129162167339
0.914470022539509,0.162485132625951,0.864619414320961,0.238011506712529,-0.443046060163423,0.135956126551127,1,0.228588923853878,0.3786323263285,0.662269903682945,0.133240979429973,0.457856860993662,0.161479454585719,0.660004434609052,0.14452913938247,0.728033310440711,0.140673775125397,0.469256324590098,0.282027679695754
0.973393663018435,0.147828110898514,0.938741399462372,0.244006123699991,-0.259186561526206,0.213104536814653,1,0.270661340531557,0.319401378854047,0.620701269565853,0.126392562391506,0.782475423809384,0.135073711305099,0.500519782487864,0.183108670909966,0.275766842775844,0.192901665047054,0.814492161973531,0.193336011399596
0.950701403003979,0.152066135896616,0.759726099096693,0.180253120502869,-0.201768810654567,0.187009688708106,1,0.0836967989898465,0.285430759116469,0.612633015523647,0.130105861322597,0.584913874949706,0.14292656540363,0.496006593973025,0.15874168788084,0.531160776397954,0.176903279495873,0.75939200150363,0.18852174745869
0.81227413304211,0.150704974029865,1.17013756819212,0.28542988860015,-0.50922557733535,0.106075608152441,1,-0.451524312476485,0.332357202775967,0.660587579075245,0.148785757799858,0.648800005068703,0.138229506448138,0.839372455836393,0.135389013839352,0.846946147264526,0.181062752001604,0.515456166818252,0.215522195526944
0.978611931688185,0.149842157544258,0.771573087128884,0.177435619134169,-0.396213616798188,0.142738798628582,1,0.194534216217461,0.306913152127653,0.568817244024655,0.13013831857982,0.565381450562177,0.136592256957999,0.54661247787174,0.161188431605626,0.847097586867666,0.137458419082387,0.735779775939952,0.197081813481529
1.33458554398098,0.208111065525305,1.32824873946323,0.359712000635233,-0.673052102917233,0.0805137153557182,1,0.00982733219066705,0.403878973651256,0.776063660403816,0.154372259403763,0.795064776274486,0.144307927790516,0.871168435356,0.166542561023082,0.569757379723503,0.211657945113504,0.943571615271555,0.176231843378036
0.887178080963231,0.162270593896228,0.889264017965876,0.241049786072227,-0.580430627756583,0.103096709391458,1,0.076746303096492,0.348231183131979,0.622216992512905,0.134066412655514,0.623141013945862,0.148866193536913,0.662224584074271,0.168884247155143,0.929415841856053,0.152699545157908,0.593196185369938,0.222473893011745
1.14492806219089,0.171865211259738,0.983811024227121,0.236904804070806,-0.590899534081145,0.103465331010073,1,-0.208207226604077,0.304356914769152,0.845951271431932,0.147104594839589,0.667111269363112,0.142183253881414,0.771822510680621,0.152739676272115,0.937305914222752,0.168917364709725,0.71313068704108,0.187882859340707
1.14553603776472,0.149157695612809,0.677071250307891,0.162146180897032,-0.470185033056166,0.117115590433073,1,-0.0288532508361857,0.290948291266194,0.820908671475549,0.117071539389359,0.693120719231941,0.13329464304624,0.522449303518683,0.161517037095237,0.509518256922973,0.1443134387815,0.914422247740969,0.158832166892208
0.679608823764464,0.167551504340756,0.905705248798301,0.259855760754932,-0.460485288483505,0.144633786681394,1,-0.0510140557235537,0.392776550475886,0.641433530622765,0.160972934100106,0.30116076448472,0.182348356149257,0.489817350271902,0.17643898319352,0.522907211916191,0.183655127376628,0.39307706236672,0.229230498110172
0.965401237350999,0.168270366221956,1.17147515530085,0.299317277344808,-0.573850903520253,0.110823521443684,1,-0.196366929197911,0.307078994680416,1.02026584064056,0.129107639726446,0.504368954826559,0.167466176401103,0.67176772778003,0.176574149981615,0.942533966093123,0.165020522428609,0.84608181329338,0.214372033974251
1.21141013512468,0.174472973715162,0.982016638815446,0.252059864529586,-0.355332161929889,0.17550767151467,1,0.575886988725771,0.351501772537497,0.422567429285693,0.159340265569136,0.816081101732604,0.133592464518272,0.551767050163616,0.160080323619475,0.531512129027906,0.196849434790492,0.816613434137542,0.180021620417389
0.965451979827364,0.177839368887305,1.38600706701376,0.317792600342449,-0.426429762689466,0.13394009218737,1,-0.500138428962533,0.377212409007018,0.741003294409982,0.123272296048998,0.88915044661987,0.115749522223375,0.501947182752206,0.178362383924353,0.682650351610872,0.1775073689853,0.594839097970074,0.2176597774505
1.09851838688876,0.154468934419201,1.17671822650095,0.272837600976594,-0.412108710783744,0.115037569319657,1,-0.184292613328029,0.301245174247244,0.637282862004898,0.127113239870488,0.551405470314916,0.12793357182656,0.704827699456863,0.130735299140262,0.912334055041072,0.178388530126291,0.930686898506337,0.23527243625115
0.798875735167262,0.13733976685405,0.871982400863809,0.202546802668256,-0.297836737606441,0.151838942851278,1,-0.715218532413128,0.375659971577556,0.819397491930589,0.111582353337685,0.78490156561121,0.137988893777372,0.463877431329085,0.155754840899412,0.406689423405524,0.199831510401598,0.752433444048519,0.173324087606155
1.02942112882814,0.179081232442256,1.12535242104061,0.285993190964656,-0.623217382524961,0.0918074501148628,1,0.43908048184306,0.389480683803222,0.415756372207943,0.146804714481607,0.689135674410369,0.136233552482264,0.856277300047477,0.172942550956688,0.733746708131004,0.182009418119213,0.750956967529943,0.232132699017595
0.814810427667726,0.173240779154964,1.04473586681885,0.268712275083396,-0.574480775921552,0.122067401654542,1,-0.358403304038672,0.335762920538128,0.427436844438383,0.150080119405143,0.897815549784627,0.140821093876064,0.643320636941244,0.190176003751159,0.675962567062961,0.182758656561493,0.619957156505237,0.219651269490741
0.845275645342647,0.135690074572793,0.698002181772256,0.185086010870195,-0.379125267102105,0.126347917211526,1,-0.0745927715140478,0.271919826514044,0.617274139086558,0.110534414171955,0.849570940745025,0.125462617283082,0.273422815379046,0.171291237907094,0.601289769839711,0.226329395102515,0.321461973157675,0.31453986839613
1.31403128163206,0.220169839891444,1.817193535579,0.534915464796044,-0.708653506636754,0.075648924767071,1,-0.375242970874311,0.351642883447302,1.09305437695175,0.14174971846419,0.889445800739157,0.172769166369489,1.09107284395447,0.180613336320944,0.628959913354435,0.218019963788881,1.06729566996137,0.183576411736229
0.944429830621236,0.160644490218894,0.912244662629231,0.245896642207514,-0.497143090987605,0.133238895360303,1,0.288398086376558,0.304249623102784,0.712200764122734,0.122035111773753,0.584729190985503,0.161705703947876,0.618712546649293,0.166817482177697,0.652147944160454,0.161522638854682,0.710885864174569,0.238119104960092
0.95139529602771,0.151667563662245,1.13581578100252,0.261987094682456,-0.463004355317457,0.136946606379673,1,-0.155453251306693,0.311384408779515,0.653483191726262,0.146368178138742,0.806875962638692,0.153481099793471,0.474501054591785,0.149847781482105,0.817818369825796,0.151973756724055,0.772594555250995,0.174286426485345
1.0575310893158,0.176578407612851,1.32190013041115,0.332001209851893,-0.476589223704051,0.124406487905642,1,0.0587268427113457,0.390516626909729,0.744752711094017,0.148369883947182,0.665044625132996,0.13356006788531,0.829788140571423,0.149837560360906,0.588096103212398,0.196892963620206,0.626440127058997,0.249943767536217
1.41000329141682,0.187160103855308,1.00241301964366,0.253444525269878,-0.441398380578087,0.137817854579015,1,0.591006541270588,0.346680096807166,0.811627259151741,0.147739985347626,0.659393004173537,0.146551247343184,0.810925959686437,0.128052769537924,0.765161057456725,0.196853591918599,0.976605183891528,0.171650560805986
0.909378936927801,0.163368448251441,0.859989891225381,0.219394530070871,-0.52710316754124,0.0913172038168334,1,-0.155612176644265,0.382140740774998,0.668117321407185,0.148089744355066,0.632805670692593,0.159327586499148,0.547964694199179,0.136382255428428,0.750411451099752,0.137209086105161,0.962615325023821,0.214061444261419
0.916448946061389,0.165843798251494,0.832705991965649,0.225689639342159,-0.36390561042677,0.145443300815483,1,0.354894283164488,0.335160264382818,0.536255917516108,0.13748690985449,0.509360341186568,0.156838724850107,0.491566750069215,0.172614176852695,0.745236667661177,0.180979770365451,0.621786107920799,0.201400383465918
1.03897776468253,0.128736160836889,0.584769510242776,0.13957542098981,-0.197012720330791,0.173697450012359,1,0.51702207581689,0.267595096655976,0.235957268442373,0.170349473979304,0.539255691260296,0.131015703835575,0.649732724203338,0.138563437875278,0.59676028031028,0.174899397405459,0.2614010211243,0.22130040548126
0.86454129956582,0.139527043089548,0.701660352733408,0.164109260438789,-0.450892157177266,0.140381189881614,1,-0.445822608731102,0.341226476429054,0.546899454874275,0.163261405455582,0.576795051401034,0.143433479077312,0.549907538841104,0.1281431928181,0.732738006178487,0.156149763223716,0.835349165680527,0.179890865069913
1.01103878017348,0.165209951187408,0.875242125023292,0.252038970124314,-0.47000958708585,0.138747079114431,1,-0.23730120145979,0.334102659597408,0.669405656043918,0.151576110661246,0.712604018649292,0.177013498994158,0.819212121012728,0.166004363669481,0.738934509349018,0.169788876201217,0.505485283692289,0.203744280527379
1.1822010757953,0.171674338965799,0.864904617004786,0.258596639934735,-0.43123098201321,0.167070287012176,1,0.368278641746367,0.338741023765457,0.572265678619933,0.1511041742302,0.64972660569374,0.146924695429996,0.662628664135343,0.160827019872164,0.792047942237398,0.177906160937065,0.615736998712687,0.215844226662915
0.951550846403437,0.160233915634535,1.05132777030977,0.258212571944541,-0.557342992102991,0.0983818359475494,1,0.167859508964435,0.304256438320171,0.663377142790475,0.13015739911965,0.587601512496932,0.145405379311507,0.719260849432885,0.183835480247572,0.60030207460032,0.184556693857264,0.791875479332779,0.18658949925407
0.976742778351836,0.15739888931625,0.82144623262196,0.233106689563861,-0.661610998349892,0.08283442164436,1,-0.109845261157459,0.305644140947792,0.855355960276865,0.119427191415404,0.404111863250975,0.174371330378003,0.835678143742633,0.147024138330027,0.705231376085692,0.199120898727957,0.663713497931167,0.178266025472538
0.843776046022613,0.139149860096507,0.851748398142776,0.194964434192743,-0.570121898346347,0.0973210690334561,1,-0.203198857694602,0.227557485664732,0.537782706401474,0.124653493161795,0.543625338929774,0.13037916758073,0.809377634700041,0.133673091004046,0.663484795591236,0.191817083858771,0.430131111337246,0.213983558632209
0.733227906330272,0.136048360116132,0.768186129103027,0.210029154559878,-0.576483724853119,0.105152629834173,1,-0.00186401763929838,0.243242070169426,0.582694187173705,0.123397026530666,0.630754816337399,0.135734378631562,0.784212526667013,0.166797850819552,0.406261460146191,0.232206156305547,0.583478306494126,0.264662629356159
0.930220911315619,0.151034767758983,1.03161975280085,0.252437477695533,-0.353009697574394,0.150283638974874,1,-0.0628630709664647,0.277636989318474,0.554206713190362,0.149266744484329,0.835335206464955,0.112939743756256,0.865256641208157,0.176207975705192,0.469255579651084,0.198717509521987,0.72647356207499,0.196066494749883
1.16933684347365,0.193227038092405,1.47105072476471,0.390369245232651,-0.470542668705107,0.143214643158447,1,0.491510021996869,0.360702743907966,0.57646265834701,0.161682372122663,0.637661757453824,0.158821144609471,0.892323265600141,0.16656151213382,0.734936226680176,0.159549091158,0.529219615895061,0.240626831678831
0.948514444776791,0.151208811617302,0.975843891994788,0.254497353105662,-0.282803140728281,0.189828110167083,1,0.0193017547145034,0.277735360328933,0.670904348860733,0.134836733251128,0.673348696457637,0.139654261622758,0.648886739808827,0.16511275009572,0.319798840546292,0.218593863618478,0.796599656285762,0.18349600210354
1.02965466576701,0.170283152294348,1.15115370260897,0.287622389770164,-0.416023893205889,0.137603771406666,1,0.209531228309509,0.282782283844408,0.717322917388708,0.136682523931761,0.641290682711294,0.128462970160034,0.540859364194457,0.184667266826613,0.487486086249867,0.245766881681854,0.889777049473539,0.191034754263333
1.028627462965,0.182558413059534,1.34226358286322,0.324098177221964,-0.690499559821142,0.0746473951316871,1,0.106680149691249,0.384288947402407,0.924433025403465,0.12264527845808,0.687925435752266,0.135678491125497,0.664487652042651,0.165160505831148,0.790840957860808,0.231566333131608,0.762992301126281,0.253243961489642
1.08092019082175,0.190070407014379,1.24719455706173,0.358400820310766,-0.36647499954973,0.198313904990118,1,-0.0487443026966123,0.344999191214986,0.846414743266726,0.115589816513306,0.811178361177482,0.157142369170383,0.626313293285279,0.196014127114275,0.543862214655223,0.260544253614598,0.910686986265932,0.217813699698827
0.908991622784256,0.134012658048981,0.732825268087007,0.162681913627265,-0.522239697486983,0.107826287962045,1,0.271455825500461,0.29664645631279,0.562540745806821,0.121479919882767,0.548535526550467,0.128491211091737,0.38252784387548,0.149989874014815,0.550679265379795,0.195995701577379,0.69553096299683,0.209046177358887
0.677858533586221,0.12203199919453,0.589434050676465,0.146129382529997,-0.172473345823169,0.194966535970766,1,-0.117694378961398,0.299629078824642,0.594547523785606,0.11977409630743,0.165544030123115,0.16640164910489,0.680610513847001,0.137425264862217,0.193731826755422,0.22462269314579,0.641112147705991,0.194875903091592
1.18481911461147,0.164143840375976,1.05750062104271,0.270180172874172,-0.422451320331525,0.163172281962935,1,0.449205410575604,0.32980988238192,0.596603253551183,0.137502516800614,0.688058776329903,0.136525395235397,0.79592860921299,0.164294686827804,0.537679107245004,0.195632960564339,0.754058804448717,0.209966534353472
1.2255039892149,0.167113965070391,0.913592209741113,0.217152993707122,-0.42616251579496,0.122134878060287,1,0.219953443099755,0.361178365262287,0.739367509892749,0.123499175061413,0.712486451129878,0.137438944886548,0.802329287883868,0.133114609599139,0.695427895634356,0.174581695106643,0.63139732240595,0.203309281982254
1.20284280206977,0.170104311012569,1.02926625145697,0.261095900542694,-0.541475607396214,0.113205019142882,1,1.08718561246246,0.306830164444337,0.41498793855317,0.141156024139975,0.918500543621516,0.125103147402055,0.732661343315508,0.142097280651284,0.737576285447899,0.200521749490946,0.654965315941287,0.281097520021292
1.0774528336021,0.151893918553099,0.963051988762574,0.218666626516793,-0.418901037652244,0.129847362590494,1,0.48703891255076,0.299101503483756,0.74358388011187,0.125685638197889,0.486386613459709,0.157093405350353,0.737842922346071,0.141361827587895,0.572586351484203,0.172374168624188,0.539548700378103,0.215805997407904
0.95088056970143,0.158785191369115,0.882807175708945,0.232875029098494,-0.559010976936122,0.117861227318294,1,0.0208797544068845,0.280414309170687,0.672408670616718,0.141817034786538,0.784413742940962,0.137700846704298,0.628177934470792,0.134432115443819,0.592587560408768,0.21054180970153,0.502982925975617,0.227981299094674
1.20852460959051,0.160244613091829,0.924520146330853,0.221619212303514,-0.509403395333495,0.106916501239068,1,0.239331510735595,0.332855659403047,0.948707518761861,0.107737004501255,0.847708311649144,0.128065440072533,0.675386983968296,0.169539846425247,0.530896472082314,0.223021523973478,0.318894472877921,0.258362672034218
0.979234265449459,0.147126676757824,0.927518629561363,0.234555919938032,-0.426997636781334,0.133869590289845,1,0.211813939181288,0.336078878234824,0.473568824357276,0.161862095176554,0.572486766678597,0.138373754753096,0.911468727978135,0.127489712651022,0.603680631206536,0.202127671924056,0.79860928764591,0.202208354889157
1.11039794366774,0.169024567902478,0.926967881909346,0.222856764207897,-0.65024637598043,0.0920585445589913,1,0.00913515471735705,0.372162173119502,0.775118054719543,0.12645761238528,0.827611296139022,0.141138339296223,0.797975300326527,0.14639476528656,0.557363048552046,0.183763136594205,0.763650719434924,0.213837300964442
0.907875438023059,0.139267107665513,0.674083209847776,0.152668718262531,-0.532397796828793,0.123853206028787,1,-0.022640401282979,0.344236497818196,0.62746087816213,0.131579392763024,0.681540302714724,0.121687960577944,0.516731002723387,0.165737115679462,0.742834621547374,0.173780270095812,0.51880726562603,0.197163404809875
0.960111707898364,0.169869764608222,1.16066743037687,0.30023816560988,-0.623833913297081,0.080115489867184,1,-1.00190661762107,0.403359443186445,0.877554714906801,0.142153034034269,0.745429653666663,0.125446935977105,0.767137728213355,0.133411067668778,0.676830942880218,0.194817318886244,0.787172981184519,0.230329158075779
1.08995129039722,0.145691460851863,0.844644496408766,0.205087628383054,-0.39679145166663,0.126418776081099,1,-0.142595790558956,0.2478956996209,0.592515153644889,0.133303840021651,0.663644522463977,0.152196937803945,0.722865629889149,0.143355401037396,0.846798967360891,0.152724180700786,0.671707767938591,0.18712218659793
0.986775068487969,0.157688854806571,1.06858101878641,0.264147210463038,-0.375562879212418,0.126759395807008,1,0.276817603064999,0.291935503679698,0.473627111077234,0.149680696975103,0.604634343303315,0.138026206793215,0.72897853455804,0.145028061543318,0.589958608681736,0.185621053796558,0.868519047551686,0.213088104101687
1.05258991359745,0.172653440932631,1.3306570966783,0.334720246152838,-0.625012511499597,0.107017832448434,1,-0.512203365272502,0.292112776671516,0.885791173022419,0.139623585320041,0.744808612710262,0.131313960032368,0.889231228770725,0.141182912224712,0.779524424470491,0.193972428635346,1.14394216245241,0.20053159374765
0.977609094594487,0.170500712274977,1.04255688397825,0.273826833534657,-0.485162395534144,0.132781170041831,1,-0.790782231366188,0.308401990458685,0.779802887003629,0.127853749055195,0.906186664128698,0.138647035629624,0.534915403568263,0.178357640123125,0.504416646915584,0.205396819915863,0.641836192943544,0.212609339222662
0.990111733735224,0.166365875549768,0.847627018585413,0.207090096367946,-0.474114463680709,0.128310574502262,1,-0.344197086508382,0.337606160354033,0.785219312420683,0.125032943894821,0.897150492772674,0.124755439898216,0.528120135561407,0.168948605287012,0.425083134889808,0.210910046823138,0.653388417924878,0.204569813164405
1.1545798485783,0.18746485169828,1.23024521105985,0.340771899405987,-0.5476685503021,0.131488231857553,1,-0.388596652607155,0.408853472248537,0.948654648814179,0.148633640667712,0.878497610265558,0.129322776784388,0.897380017373964,0.170166837894073,0.795218215540225,0.196634846368595,0.289076633755594,0.301798419580057
1.28159555867757,0.211993606504426,1.63030376082459,0.46045944442255,-0.4769594636808,0.152118369006146,1,0.223332706999397,0.317114533441064,0.943543279079428,0.150753087838892,0.966319712812384,0.161393661796425,0.990967438415872,0.156517670241071,0.819037588447194,0.196925945782761,0.180205118850357,0.340631539779285
0.866128960159802,0.150175918439816,1.04589413865451,0.265446965723787,-0.319400078181239,0.16089362551054,1,-0.309648739991126,0.283214775793084,0.571952571677851,0.133798927134566,0.755190534784206,0.136058971188274,0.583442737397288,0.135413702957666,0.749449553398773,0.191369618513647,0.646013017000256,0.197285199405833
1.02441340926068,0.20567900987963,1.50423135733936,0.382400306204032,-0.681947341822474,0.0900839556488344,1,0.0628074970806017,0.419730727723576,0.794500155653185,0.153996102391373,0.720330332478242,0.157469648197941,0.759015080898566,0.187625954042807,1.00204836831063,0.17609185869627,0.667844110936993,0.176240183985871
0.735400253332628,0.147220836914711,0.938169461745497,0.251902731651051,-0.453484522717056,0.140179255193687,1,-0.104566752630397,0.341758312947288,0.572857622540427,0.14099980011537,0.619177975255346,0.161996076426886,0.537054832380525,0.167421882088968,0.62702662263278,0.175464767476749,0.302068674154077,0.226164661877637
0.954639493051945,0.158715136750092,0.82365382767345,0.221979650840116,-0.419223575210686,0.151195669574087,1,0.276241267594431,0.31690479736574,0.623667961899568,0.116524298290896,0.591617579010756,0.142081422495007,0.784275126825344,0.161039561662747,0.681581786157531,0.193346128681658,0.485404003933839,0.282633327333318
1.11867498573508,0.197529517598234,1.21580324442799,0.313256126133267,-0.63888097341669,0.095754406424078,1,-0.181064523460686,0.420730239670371,0.676099563111182,0.14716899694508,0.945994595368626,0.133687639976327,0.92968627929587,0.16262678230957,0.810270406174284,0.200292163098448,0.92483467510325,0.179765713031332
1.01525977258237,0.188437351274276,1.19865803655696,0.362338297175904,-0.569828167946394,0.13874478489305,1,0.402944484714287,0.342589076626197,0.867760990652548,0.150370393453209,0.480186040088072,0.175412490788566,0.624058712973562,0.195193759898085,0.97822662624579,0.18324399970762,0.549194749437614,0.218338783460731
0.88847597505893,0.147076770587194,0.84555198834125,0.213870619012696,-0.211354691118991,0.197306475352492,1,-0.818200209105711,0.292080943080479,0.857390231423536,0.121544579243634,0.673507393196463,0.124777915100352,0.441994956775065,0.157665452739403,0.597595039233596,0.163695209479436,0.504374261833703,0.18183510801022
1.22192062616566,0.209033801095336,1.41247275287828,0.381974183200491,-0.590305757368985,0.102903431870985,1,0.128448237622518,0.469754588330632,0.758624974524585,0.1565135882181,1.01567764477787,0.130508903987642,1.17510827272192,0.125626750473482,1.00354557239017,0.240017274919919,0.779954639845821,0.2594645549047
0.845479161417808,0.160155232422138,1.08968048122885,0.257724416922295,-0.549582070655433,0.101087171105743,1,-0.573692673623177,0.294263357486223,0.870858082977674,0.10636873693031,0.838256917585702,0.120386713658192,0.483798590411924,0.209018154547887,0.627771606758492,0.213079168802558,0.638915260539198,0.249302145495629
0.838178413274589,0.140166865356132,0.795949856540127,0.199658337932832,-0.350906655663572,0.124392527334945,1,-0.486712203686913,0.264233679109382,0.814368627373883,0.109995723234596,0.658878750674298,0.127809486812059,0.761099770150827,0.121133890992835,0.38214358278296,0.218666100797937,0.547336114129089,0.249310365703791
1.37127190797721,0.168959685828808,0.871161924995829,0.227708015286008,-0.570685095011426,0.107453228018526,1,0.960656903041001,0.302036183330704,0.554963625871611,0.160646226674207,0.679894627063052,0.141036429083954,0.725502116305455,0.148799457233801,0.731680812779033,0.161188456346234,0.697874594219877,0.207957079504643
0.961553395198322,0.166423001144715,1.09922433714036,0.27828889738652,-0.513100852788035,0.126420556525705,1,0.434643256479625,0.329258445433442,0.698591753196619,0.142515461716648,0.605493027466642,0.138465405818792,0.98405113889436,0.167936101922659,0.880359997718426,0.187539329191762,0.969261769359024,0.198812137131745
0.843975614170217,0.15243605915117,1.06024667395648,0.277292014782071,-0.476610596212316,0.139295441288132,1,-0.562869389335662,0.314726206639367,0.652322249999002,0.136580507006796,0.847866993858225,0.130165750435332,0.600142543888422,0.168756555142346,0.71483134022919,0.208756679317604,0.850528237841168,0.243309204777774
0.901065911919684,0.161460616791058,0.964520342863459,0.220279255412173,-0.505480274275433,0.0876966496854208,1,0.169457032703337,0.365665637888579,0.400833134229845,0.150400785759131,0.671250162744044,0.141233833837641,0.705935129914301,0.141606246628788,0.758607293066833,0.140289592227256,0.82500965131459,0.176140041999935
0.866474022795215,0.159248339159097,1.05903447644066,0.255706099341202,-0.293938090432182,0.148371316011672,1,-0.13555582645822,0.298290783776204,0.482664865731513,0.134116038912797,0.845103753535232,0.107927059116886,0.602615818103377,0.140991459840442,0.222369910638563,0.245863045161741,0.7276158021506,0.263798026628202
1.03705266028484,0.157372438815292,1.01280257626837,0.247181865561522,-0.440872170108756,0.135465821605384,1,0.304272067801851,0.354908801780098,0.717246288616078,0.140056186437887,0.765120365553455,0.140760418984458,0.602869112109879,0.148571820460292,0.760842602457949,0.181007899381255,0.647615507132185,0.176728309078158
1.05797684058866,0.174972845668613,0.939958053816196,0.255528754059638,-0.453284629240025,0.169069893520128,1,0.348436249775188,0.370866749144178,0.696616032811289,0.135268113872674,0.661784510370414,0.172678515765877,0.746422889258896,0.191793775749312,0.653208281735725,0.191096820105541,0.687421852191349,0.19185947274972
1.1349340661651,0.166473363570921,1.23583065237517,0.298473289872621,-0.459150782563651,0.133238250123648,1,0.476443961316113,0.341549421135411,0.738085011347981,0.117439464417433,0.55980419603838,0.151350058927647,0.729060773646722,0.155966844315795,1.04149503350443,0.183931447248545,1.00024548415933,0.171279034694519
1.29155882299263,0.193840494348222,1.49651193937126,0.356827043917758,-0.613781221795982,0.0863917486855618,1,-0.210500494244182,0.354912145001173,0.568265637664659,0.158960822855421,1.09820166686157,0.139424171850571,0.975145836508645,0.109197912419509,0.213695663818931,0.224923256546901,1.05508451437714,0.201988148258166
1.23275029967296,0.180052565901685,0.916564509148112,0.209214456271438,-0.375077078436286,0.158905282832846,1,0.245261518723776,0.33876396021188,0.599286305963438,0.142433870400026,0.615517697189663,0.128545701287088,0.827327777910573,0.143617743136387,0.894891545610027,0.17252628658126,0.540750968967002,0.24098755170048
0.871225785912181,0.171744004769355,1.32053797469606,0.361555203116361,-0.533445071047911,0.138612734277055,1,0.309528726555153,0.349120976417267,0.875114981403396,0.133616845698579,0.658445521540863,0.18009522081759,0.640914518494329,0.181275455899494,0.521958366164403,0.241002742158858,0.794238728616456,0.225473056145963
0.676114837482507,0.142755784904491,0.898922805761753,0.243474114003664,-0.476976199011024,0.0997111295754824,1,-0.238591879449038,0.286910670049198,0.552316641080016,0.143021434584138,0.816446823543394,0.13878436414558,0.507595814072504,0.159928478393458,0.503073669027509,0.1823865653218,0.977066804748877,0.219195504995476
1.17260164341733,0.193419949762949,1.08618138685349,0.284123210571639,-0.544436799558038,0.113140071345723,1,-0.153735313137663,0.344702214272939,0.893690555653264,0.138411844188368,0.817431109210273,0.139723688548518,0.59106686965445,0.169295709860186,0.87332357569141,0.174989780692123,0.663741276352736,0.238667786903746
0.969685780146426,0.159170366756459,0.671107110189247,0.17964924795413,-0.453481607425711,0.14784908611071,1,0.156417949835062,0.344823392782455,0.515414513400084,0.158396141594183,0.65224608759788,0.135382460405093,0.550462138417769,0.151850625000531,0.571151250526458,0.199447905108921,0.751537623486144,0.198946932357365
0.928518856659927,0.154312364080056,0.793166867948617,0.18681173555418,-0.410081021686282,0.117328419877306,1,0.216190047051717,0.342273323517412,0.637404716452958,0.122335463180863,0.588718532634459,0.138027931202674,0.402130606593009,0.162621683657836,0.441073590510409,0.158734497373262,0.628862196034335,0.203410516025335
1.004720021676,0.162765467224628,1.06793690036857,0.236174775649579,-0.478789218888096,0.126623182926493,1,-0.0247223996607097,0.311129749029689,0.605558098250328,0.140088869600565,0.686299886613867,0.149406533919368,0.895467894837747,0.137820569989399,0.593502184388515,0.176522684075323,0.403601977461891,0.225164313001627
1.1947829295232,0.17745069763547,0.778312882046673,0.218371645380477,-0.553202484329437,0.108134070406441,1,0.361326465085972,0.342341280182054,0.882451062141877,0.131808977742636,0.716436298005853,0.139787375738139,0.827321677186817,0.193088548423974,0.626060217362742,0.21743066363909,0.486509584263969,0.248675617199937
0.800544100175431,0.174894216561884,1.21555472181167,0.288781555464558,-0.647094702743774,0.0905038706591063,1,-0.538464104757879,0.379031104304908,0.773284514613986,0.131532676704845,0.822039991455928,0.119636743756276,0.5465047236065,0.173704696421197,0.80501208036282,0.199127029960114,0.977272800358218,0.214907602159849
1.1671457714036,0.19039010522192,1.13736353264263,0.311901874238372,-0.478415217878698,0.125863422164693,1,-0.395842590860581,0.354122830118236,0.803346075449435,0.150458885283525,0.65435947027603,0.161026485693695,0.695788912225344,0.156377848044603,0.774738321621666,0.177665978304713,0.844114475915358,0.232840788252829
0.693023056724292,0.136512877360259,0.746304558316499,0.192569442919891,-0.378051779691395,0.150789586438883,1,-0.0973059979481132,0.316722130086044,0.462994031845438,0.132667490186238,0.544560227986987,0.137225843620271,0.687060693838251,0.154166729413741,0.252516271353116,0.212684826691567,0.84610860281029,0.188982859310916
0.78519875951807,0.166823523337559,1.06259336423938,0.279141592236379,-0.46689433183852,0.131384212786748,1,-0.24291694779761,0.351215241333252,0.550080747010003,0.14799958445515,0.569018308324924,0.154126417349952,0.9762278891334,0.146487363732552,0.609101297797447,0.164294749766544,0.575544020698242,0.260104177525193
1.15639421200758,0.171559801452883,1.33670245910383,0.344005589951264,-0.5393616651225,0.123581957826842,1,0.137198053436354,0.325110243415926,0.736956931623948,0.130094746299188,0.627849595545834,0.160332005529664,0.679579061327085,0.168430809997981,0.860623759666747,0.159538917622931,0.910459634859366,0.164749620772973
0.942046459752257,0.148577707456865,0.818302927032616,0.229481329727891,-0.536819095297175,0.122821216331209,1,0.312895006382361,0.32224026701966,0.631490009224314,0.137876670302136,0.579593807495012,0.162133941490736,0.58946530237758,0.165389090982721,0.711600578777474,0.182706598561546,0.528542104069326,0.244617143577215
1.15665181329416,0.143843113304065,0.894138330912133,0.225150951868704,-0.683371658193094,0.0705910423428664,1,0.309037451361063,0.284374926319441,0.463086026148628,0.146520017646926,0.82975236643744,0.125919081906434,0.821048472997109,0.135307360660269,0.687781604614063,0.169097913204394,0.689994394682026,0.208904980348894
1.06971737272745,0.151757081907489,1.00351175095141,0.230821931168338,-0.429627932739766,0.127473489519953,1,0.0187296494911423,0.339039114204645,0.655358599892235,0.139507078156706,0.837749525399584,0.113750241365867,0.748776076509623,0.159153261735709,0.590366355891505,0.182268881182177,0.841887820864815,0.195209312128386
0.951386359951962,0.16971970948011,0.857080470833442,0.217469934312153,-0.248740914539091,0.210668242551325,1,-0.355349076854415,0.389937633320811,0.603116837034571,0.160162284444566,0.489336523354825,0.163559622674185,0.638857749707743,0.144112379916356,0.748356589681865,0.15294293187943,0.260530491734256,0.213301254863291
0.912378233570674,0.156453704369738,1.13551726012631,0.289449955251693,-0.480425031937484,0.142141496061024,1,-0.208066711675418,0.297131479684086,0.630803612670503,0.134504169023339,0.720602681021842,0.141345981328271,0.539042004071131,0.167830866720136,0.807062672592743,0.181504231234383,0.823415988323753,0.230681656193226
0.969899987068393,0.144232379423615,0.805377866585242,0.189211039269821,-0.467112494250615,0.130908436790131,1,0.277435284616431,0.301094158477893,0.480545558123127,0.156638704258877,0.507600599158654,0.138810558570726,0.858623493795646,0.133662224470699,0.535972059858844,0.166138671087736,1.0041163764245,0.171432763472468
1.17730059755612,0.184279473080418,1.02070320013281,0.295484513546712,-0.540335922490952,0.121570564031565,1,-0.0619058438939019,0.335162523150685,0.657770621516687,0.174207923677159,0.704192766499889,0.163674878632928,0.672214922062498,0.158394722491709,1.07361841912328,0.182960831036572,0.696004045016666,0.237740904297551
1.04165821335637,0.151374127647906,0.831437636655399,0.219189296087246,-0.32118677503249,0.166530620293918,1,0.341176516531082,0.305040166487778,0.596286977402716,0.145658691552557,0.650671318115686,0.154444005102372,0.532673186015292,0.159507875712049,0.567334157677169,0.186112909860845,0.657827004121733,0.182238587941398
1.12365030483129,0.162123787450493,0.814776613357968,0.206078105048895,-0.595135810796249,0.0921625988827618,1,0.193548115311505,0.314091033370619,0.742572697707957,0.127031249219556,0.696434155060018,0.13561103096732,0.78029355067175,0.16459009649864,0.739779824875511,0.172005742888334,0.514050557549121,0.233167799035765
1.07253356206275,0.145355590604793,0.770819739561673,0.18365058646695,-0.271338591233742,0.170272128518833,1,0.13007173431475,0.322254990990899,0.63783103467974,0.131763397548142,0.577993804518522,0.131611797045284,0.43871383912968,0.152750282644235,0.709492178987656,0.174504992692324,1.00028495954667,0.168181712627363
1.10854119138223,0.156977577531692,0.8172342821303,0.204247070550235,-0.513298831477281,0.112534390784183,1,0.0695856439119265,0.287133874653319,0.727468363643151,0.117949462579949,0.370791953779347,0.159225103473365,0.679486283478443,0.153842308959404,0.700568206730078,0.165189996171887,0.366357289538985,0.212388308221032
1.01456296647453,0.160313715259917,0.941545366431063,0.231209554327785,-0.569045912027839,0.0988718493499383,1,-0.300696329605463,0.341750022213928,0.780995162346812,0.118322048889461,0.643895045173117,0.158141170571011,0.90304873265236,0.128816197984128,0.821267144275907,0.164917658904259,0.959123598239219,0.182970762233479
0.864231207965678,0.149398405594086,0.948996177001406,0.23226694279865,-0.446763765386769,0.130889309294582,1,-0.0618646154611254,0.35846917578051,0.584392583782527,0.118101329913507,0.650906337658441,0.135905847893259,0.752180179395659,0.180707579024523,1.09258214349433,0.167502133472197,0.256719209591641,0.293224002199885
0.941279353745971,0.14512655682975,0.802424314525627,0.190359019164439,-0.518481905750943,0.0895371651601737,1,0.015828511432098,0.35504190620449,0.582437386056149,0.140554184649754,0.725459978427748,0.115324181421263,0.55012645358225,0.153532793988772,0.856802576930607,0.160341179267275,0.778243840709538,0.205441273624663
0.904455023277587,0.165985911025832,0.865499340445144,0.196649646042549,-0.22673437323471,0.201120049351862,1,0.0275577403286289,0.311413050379253,0.613191945638777,0.117505551968998,0.611765527556171,0.138624384690426,0.592780684290927,0.176280731422628,0.760110220552223,0.167175333127735,0.49438026360607,0.234115874401527
1.16016032486056,0.170776466661881,0.889866587000304,0.205880372644639,-0.439925762036044,0.137417108399403,1,0.430624243404105,0.339129717790421,0.761659639929808,0.122512352187563,0.628932780414192,0.138129375883602,0.680223160258362,0.168268583921865,0.827064071961272,0.147948859327904,0.500106868158585,0.254639325562297
1.14341152527503,0.174317160364723,1.32484579384441,0.313903104655282,-0.585841256229744,0.0892386766710611,1,0.270611867331455,0.35172304097644,0.565088654467392,0.145017685637809,0.743812132826199,0.107792575858536,0.866667582128289,0.126717778252309,0.4799392125633,0.214663767087467,0.558058811041063,0.248912530310413
1.0200225068899,0.157469584024107,1.03986865824746,0.247286491340165,-0.499870216125693,0.123369112279866,1,-0.197256659793804,0.382021809663411,0.770673810221539,0.145826469838115,0.626908255442688,0.137046193218288,0.827154412164598,0.138221208887574,0.309451732664058,0.215913279804219,0.981196999573547,0.156010859132725
1.0799765996673,0.150323734876287,0.834301184980575,0.231012379998881,-0.309968020284752,0.174658833990974,1,0.309479725524967,0.251051144789917,0.328999856822951,0.159644521889762,0.775322833672121,0.122945677146423,0.544745609971119,0.156537798159314,0.51546919180717,0.196254860477172,0.785298930012347,0.198171857203079
0.959314662786955,0.146233524107222,0.793755502371007,0.221895615658161,-0.453705455090299,0.134327487745009,1,-0.375365037420636,0.293849536859993,0.760764272506022,0.141796552001551,0.591014384562059,0.145681543334433,0.486493866710838,0.16775184183626,0.719533386739764,0.177853065130745,0.750564725902691,0.190072803252936
1.04204367242722,0.143848332670155,0.79399653761162,0.174918401954018,-0.539304892217978,0.10549964256154,1,-0.194384334183073,0.342569520302872,0.748707574183389,0.124278985862873,0.755713099301916,0.106904874367315,0.8091877490774,0.155900447654062,0.613787409226735,0.188743660936334,0.897067181291223,0.183805587361943
1.05319917052426,0.160503181681284,0.954202881494868,0.232858458659771,-0.558011515522293,0.116396894282382,1,-0.0654931754964543,0.331708758604897,0.649779251419944,0.14892712260676,0.754616376191177,0.124010665146688,0.959838681592755,0.141674452899112,0.446947828644968,0.230415456377302,0.864326832897799,0.245412161768676
0.92767000822727,0.173062716893727,0.960650275357383,0.247753407483569,-0.634017563461475,0.0962752025160067,1,0.0545847881256457,0.376282258694921,0.61370391063405,0.14487290035039,0.75197650700988,0.138180095053369,0.852501525269001,0.150596747864233,0.829726613013546,0.199099810005951,0.953955883890334,0.21476669054228
1.0864298044191,0.150129450339044,0.878536779309683,0.230281429622338,-0.620234519455505,0.0920785395548535,1,0.160121657808091,0.329762457093961,0.809260893424019,0.119171819498576,0.812707918654413,0.13864511846565,0.779618579349354,0.156040573346817,0.594270341353218,0.210644019457614,1.0178082910683,0.190712838939698
1.27948706746602,0.167872900395089,0.88534582001895,0.228094970802297,-0.474023928395615,0.13099851699533,1,0.53065801678408,0.35191402579804,0.740823429909215,0.127898616099417,0.633547915734846,0.144911956955865,0.559211475435254,0.162235311950245,0.882087653928919,0.173579777643273,0.606040238239928,0.20422186858927
1.21892907768937,0.194330191997806,1.46636217115268,0.410157598615367,-0.690745385933245,0.0767383609922522,1,0.69301842561458,0.375998227020522,0.836796695614587,0.167606398165704,0.86123363400392,0.141927921501386,0.931473223187778,0.173293773840757,0.759451251558675,0.182263928492185,0.482414623877857,0.262556585802988
1.22427806799722,0.192198469033688,1.54653986794218,0.369228513713742,-0.638701739115014,0.0955499681471502,1,-0.0978764080029643,0.433881210454156,0.958327980583938,0.143563743812402,1.00675705363339,0.107532649647833,0.833270312759553,0.170857782042374,1.02635500628961,0.167131600672882,0.639771173919136,0.266907204984286
1.53796990859058,0.224902764279746,1.66371801315088,0.463160744393098,-0.706238356613955,0.0879514570449919,1,0.0994820259126823,0.343409089624607,1.04139875941629,0.159947851411358,0.776268994329469,0.144540540743371,1.05800351241621,0.156218181008543,1.04365472238534,0.19899889924415,0.889437949476572,0.209135250055394
0.839315682885131,0.147107944747187,0.805998007672382,0.193220641701632,-0.406115549859047,0.131616958074095,1,0.0765526501230399,0.441260078679101,0.510049237112216,0.169909744196347,0.821469535515172,0.134410419209436,0.688884584334855,0.158776668840224,0.578946085888361,0.166913149373006,0.895647865663063,0.143180602892737
1.18962239113047,0.17348124844957,1.02860756695864,0.299845738751742,-0.573383525976372,0.110647571043262,1,0.351027529232592,0.334863819188208,0.684219325422008,0.160095311384824,0.740345982144064,0.165367754297737,0.678331725316467,0.158976024194336,0.743440757540083,0.171995177862648,0.605587486437133,0.203489856824426
1.15317752498456,0.142466215365691,0.671834394687411,0.155013991696144,-0.485008943221195,0.107864484745557,1,0.328472244097146,0.354494959342274,0.711831619028834,0.132778062356354,0.539431291777681,0.13301078079102,0.753794605603449,0.123877410535183,0.307415905300515,0.20851878917918,0.616834510292577,0.182453358422522
1.02243798770862,0.179688371511284,1.34104173361661,0.357105699040009,-0.492474040832223,0.128277549524562,1,-0.302120108531283,0.289712342892128,0.839977742010052,0.122490253911885,0.998504612746768,0.143557712069077,0.655810542672835,0.188579753031499,0.795259866199336,0.220214370958951,0.745257320322535,0.228226894903098
1.15810268104189,0.154863392928255,0.912129127000046,0.257512787931555,-0.504275170787522,0.115360843610729,1,0.461468865733534,0.303200554508247,0.550009565712879,0.150416025746842,0.742058904383514,0.146683418768967,0.770747145194058,0.173131179672701,0.611432184984066,0.200828642372702,0.610623585650278,0.180351568370445
1.04580177459383,0.150901164051873,0.850807310082629,0.205738347330772,-0.456944132002182,0.114610018431072,1,0.108493794281461,0.309467757693632,0.522077491106084,0.132891873006159,0.826430770144672,0.12192991943381,0.680727864784729,0.159577934758346,0.734397801714372,0.181537201060218,0.237749265317109,0.217742516409734
1.04398958688088,0.165785361889567,0.764442654060323,0.192183135695222,-0.472259915517621,0.132258408738572,1,0.0566848673393109,0.336749417834144,0.62440918385855,0.147688284517215,0.662167822509997,0.156068348863873,0.755183062829321,0.140995006711795,0.621899731374,0.166802013880546,0.779973998244897,0.174259312465091
0.992575393635582,0.152311306540314,0.919838198971326,0.237932783707598,-0.410096863448096,0.16043203758327,1,-0.223047007810703,0.302840747835038,0.528907394493473,0.163251105321499,0.76045991393314,0.142605567377309,0.650217736528122,0.161992858666758,0.680021579553993,0.182622098380268,0.28236300235786,0.21760169800153
0.800731711243406,0.130240427735572,0.765088853512058,0.177371666533194,-0.358951972607862,0.115386584450366,1,-0.573900893863674,0.254610577094105,0.713296171200696,0.115508602101115,0.741814145525445,0.127991461809575,0.801087729810309,0.12720392977142,0.680601019957334,0.191433698361829,0.869789342639596,0.210421895065853
0.913497837772428,0.148551616007999,0.875714701369497,0.204655759368361,-0.35312221518401,0.11540674073114,1,-0.437552105966188,0.302611278555184,0.739250627257206,0.133664223167041,0.78930320764316,0.136061243030101,0.622816006340164,0.143862482848808,0.72094848093078,0.170070718269477,0.472848641114087,0.240378907002284
1.17597612770331,0.148930851525501,0.808867494798196,0.188072411283047,-0.600568573707511,0.0927252806388708,1,0.596126187885096,0.270287701543309,0.521583206431484,0.154989139632824,0.718225899920617,0.127348935051669,0.806418426624988,0.141165527530404,0.769605044917158,0.172148850856366,0.612313221400604,0.18805890576733
1.0795478937493,0.174623060797748,0.93689690962566,0.262321292443512,-0.642614590602918,0.0959833697066343,1,0.29381741950696,0.363279442392503,0.711027450752974,0.144641498580632,0.67296594061894,0.144533892875345,0.704891697138438,0.164858060066106,0.542235181887171,0.203588811230932,0.188393227372137,0.303219571922026
1.00925876737877,0.160070996386971,0.743049187335882,0.212030735156166,-0.383415589364974,0.130871800204615,1,0.364403714541124,0.308517488780357,0.581174841755015,0.128265364057377,0.587598340177195,0.163771127574717,0.671353861859027,0.163012454378045,0.773804619979717,0.173726469867046,0.175813534716913,0.273352068016704
0.948122836482607,0.142072216260866,0.641130220584903,0.171299469314389,-0.191909816269861,0.18210499357902,1,-0.524102828755747,0.305820923612292,0.605912225791829,0.138371486545694,0.646557838303907,0.125802932317448,0.529721796231628,0.156127452623968,0.701940584383344,0.154072445287436,0.235328565541734,0.25179883856182
0.827580416203495,0.165737811142645,1.00019477303898,0.248453424389749,-0.52619444889772,0.121543976866143,1,-0.0596373236502746,0.357743176360711,0.614777198426457,0.127130969809584,0.796570917882261,0.147580068249311,0.517615961116526,0.181608708252289,0.792036781927451,0.164753263030461,0.989575129031199,0.197373471519523
1.43507135350493,0.204490093402124,0.879830371087383,0.250282010670631,-0.662693381667249,0.0882240112793394,1,0.889240218433935,0.331625583782431,0.547978339470702,0.143530973672831,0.763400334965527,0.157479184423308,0.744545443379827,0.159520492309146,0.651232891684361,0.180410756013706,0.67176843560754,0.223090485905974
0.854972242328955,0.138769570953137,0.743720430639358,0.206119143881511,-0.368985166933294,0.141419322096799,1,0.227120298866686,0.295648212259884,0.493615022490471,0.126680286784272,0.652395934236874,0.137512017192661,0.761789587656022,0.147274341547102,0.737473529821924,0.235364790349053,0.561788070698866,0.279662804638225
1.06659322505967,0.168390281896819,0.84547794693067,0.232044409220172,-0.476539558932125,0.12535691174672,1,0.340794052534801,0.316665285747913,0.667137235500434,0.140703253095886,0.591679371587674,0.150869749525122,0.640775905947968,0.164094876585423,0.552125749493417,0.167570096787907,0.489556312098949,0.208994533016537
0.723609316676658,0.128894100407083,0.668929563420649,0.183513149906006,-0.533883359167963,0.126417739109016,1,-0.158128902375434,0.279073756385239,0.776986643631672,0.127802273927493,0.58883933651815,0.148541792680626,0.585672415553937,0.176519764633478,0.303620830395776,0.213202634402996,0.666967345446785,0.192360558254449
0.987558660856083,0.184644721563906,1.28987244608616,0.353870372129892,-0.6259984511038,0.0914934968018467,1,-0.556520999931459,0.343306542431229,0.771022061130317,0.123162877782551,0.89958967967004,0.136582449893718,0.697230831856969,0.163999812869767,0.835641573891051,0.187322421934998,1.04159557048311,0.191589480891625
1.03458462794065,0.1453620841866,0.677177509727899,0.154428472744924,-0.422441186522544,0.118101967304016,1,-0.000565932435784347,0.312714847477923,0.579010402212323,0.14098764804966,0.49678346038016,0.131515614991805,0.710834013513279,0.143760811223116,0.18841588553095,0.203901328178553,0.933920037733187,0.136124944410375
1.02953724584621,0.149978592576,0.78718020053459,0.185615781727921,-0.551505431613376,0.0998977641924015,1,0.252957362646193,0.335937618378024,0.644378257541874,0.115124934715762,0.682017447507417,0.132313074445416,0.758392958525483,0.153725328408713,0.72001626586914,0.164566205411115,0.190420804978114,0.305950288778052
0.904046910040281,0.156637477195359,1.09681905802627,0.266865116788017,-0.608107436251617,0.102227310967746,1,0.150174982609635,0.306223634921396,0.656792351211038,0.130884742745065,0.543180260145991,0.143149498789371,0.781807063049349,0.17338068047013,0.94005900847457,0.160305330922554,0.852138203234612,0.181210841369443
0.804855711491039,0.189819324531763,1.58894136193541,0.399473142765473,-0.618882021436499,0.0946695604062821,1,-0.533596584169909,0.409531996231023,0.887708741624093,0.12921754679033,0.841117010753282,0.129526061107383,0.625479606816169,0.194872801943295,0.731797431702697,0.197329358722224,0.61379043740496,0.222295026391942
0.857972517132776,0.151623851314312,1.12981946747556,0.260609705888412,-0.563281974636221,0.0874164392061533,1,-0.504420891946316,0.273912775814984,0.738707319933414,0.125205465548358,0.745595441340005,0.121208471908465,0.956149012444916,0.134462550310027,0.449368315824039,0.245870842769014,0.742689218080745,0.225730578184698
0.787176876795669,0.133937464230879,0.691097382221869,0.18546149106076,-0.142975469491187,0.203633457439222,1,0.12794001875631,0.284396522243754,0.532194855092629,0.124172158222029,0.571556198354251,0.14087244754513,0.577600051884399,0.14641528033324,0.481141593702189,0.215178575453825,0.257231403318779,0.245510151666195
1.60190193436573,0.244655211521271,1.63100154616125,0.449555267750904,-0.676378449318427,0.101825348690976,1,0.751888202267466,0.385782101886164,0.834586597104728,0.167061534439695,0.935528385453346,0.15387784397355,0.876339894465142,0.16836734025902,1.12197941515983,0.169252082485594,0.952130662866773,0.197519584207298
1.07772155709065,0.170554057804999,1.06104132028287,0.232259515172592,-0.205103652728149,0.169543099751293,1,0.307917083918443,0.361162907504043,0.672427969824499,0.127361287337516,0.547082467292591,0.139858571589743,0.499239933505246,0.152840602886872,0.726829223994371,0.172744708561228,0.561529701431155,0.212619278712053
1.23265983750841,0.174283599426316,0.951848981335405,0.248242767876062,-0.52922107708259,0.120970000755978,1,0.245151217514502,0.32639937343663,0.636453033354169,0.134964247943386,0.798311585350107,0.144257935126882,0.712775356516931,0.188614776967868,0.589235689541957,0.175812822265012,0.945090875472174,0.194893845656261
1.07862596301101,0.139865266772774,0.864007318437765,0.202835156301512,-0.485359958421752,0.097720128491339,1,-0.103198379041762,0.262082340436431,0.756447760607249,0.127524603206799,0.779993135461246,0.135178400113737,0.698430017478747,0.136985544329691,0.894687936060203,0.138399322130588,0.455691502956088,0.213566054355329
1.03867438855416,0.138003854666865,0.594575155659401,0.144744974616386,-0.519872314613568,0.112609061442351,1,0.0301523227206396,0.32177861159254,0.574202693379293,0.144522858102359,0.648849515020396,0.132452929486786,0.555276261696991,0.151453825459191,0.40282832253898,0.19034942740101,0.764500799282108,0.172245012845264
1.15749804034279,0.169392650257735,0.997442718590345,0.246745315065046,-0.394515092898614,0.157884782583196,1,0.0329515814373266,0.353936402606565,0.834680200020035,0.130946530926445,0.657348693986273,0.150605285407193,0.70762286956211,0.15471922888792,0.395325130249724,0.184820439041087,0.663916977732005,0.173150732720051
0.917138627675481,0.150418779130773,0.861995834031535,0.227838445859531,-0.0759076551885185,0.223796278888882,1,-0.277770183978281,0.292880533760983,0.72823046532085,0.139228311908464,0.30284146292481,0.168609214044762,0.869184860873952,0.132386828152043,0.543932323464212,0.196813663692009,0.800883952563077,0.174035663810884
1.12241813295409,0.159291612990926,0.671335723269992,0.176570752705486,-0.557185487382988,0.10645141848372,1,0.126709931930364,0.378012810469934,0.705713879480871,0.141033415847276,0.660426163218694,0.13581598144096,0.571472085140675,0.163618287995601,0.536618115013839,0.18503118860874,0.52305914698482,0.193327471191019
1.18840847620933,0.168593887348372,0.943564720612512,0.252275392622058,-0.364279108006297,0.150564691626157,1,-0.275513946580867,0.321368991179024,0.829918163930694,0.131432777526635,0.778211414501428,0.139967937041334,0.882566814810711,0.139275377519379,0.412209433740525,0.233295453391829,0.885239258972896,0.16690252774398
0.929369763556021,0.138889352644702,0.734281285254101,0.160688659732643,-0.557580626975176,0.0972198034258029,1,-0.274260066450197,0.290495750093768,0.747099535856956,0.125374392317749,0.594219650214075,0.142390522896177,0.454579060042343,0.152055613573357,0.911092794230297,0.133579817411764,0.563024735916018,0.210443867858795
1.02926240150358,0.179607257025595,1.34595107011113,0.346525253132029,-0.497103877185445,0.128943260991853,1,-0.250565467469733,0.302902903874892,0.857930930476888,0.128600638979481,0.813288200718835,0.147471726343776,0.751611501187013,0.147321570662571,0.89218814310999,0.153460734570118,0.476621966573094,0.294919733651367
0.979720194778782,0.142570049312424,0.972030346914206,0.219267976093282,-0.41629333580973,0.142101540702093,1,-0.486150603708379,0.322230732752667,0.88059953909715,0.109517721390178,0.652053093982888,0.13558569336288,0.444100032388778,0.158778871958776,0.581493994080966,0.17742840468813,0.661331514474418,0.16481963727285
0.836160695280558,0.122401660166443,0.836522088700789,0.207990006385969,-0.498885871693948,0.0977495083993614,1,-0.351038186079293,0.344487153828318,0.852402646725651,0.127432139587269,0.655825898838204,0.104705578120999,0.719926331803809,0.151642223294621,0.742234689153466,0.175685087326319,0.511256602442498,0.280874895284614
0.823211462412151,0.124230714385639,0.845727588329164,0.21721877398302,-0.495910221364328,0.114284361046047,1,-0.148909362071453,0.272394814107234,0.814295928374916,0.118704057914618,0.438810984672683,0.151420595077468,0.895534112333228,0.139068410527097,0.724874026541144,0.173843878523969,0.767580512494721,0.202185127957652
1.19009357995734,0.148665136276849,0.710614267671585,0.165158078469439,-0.441300030719691,0.102191905581247,1,0.347343099692406,0.266781434738573,0.654354307230026,0.131695354368188,0.564714572404326,0.140906789210392,0.591417893680287,0.117844099374488,0.898163806006589,0.135392734639884,0.692733000831163,0.231162146746911
1.06998406696946,0.163907289935334,0.795041908537558,0.195977559753588,-0.387544920858233,0.14063849961836,1,0.211132493291466,0.287558263591957,0.66767272446255,0.133870160522246,0.584227074946427,0.16917815962097,0.635444541493222,0.136519807926214,0.560773208171642,0.163141182953876,0.575664181694049,0.209538238447124
1.26085614032119,0.170033046276821,1.18192552942058,0.280314665326784,-0.367231367654731,0.16994045150132,1,0.283962048500538,0.287122108778333,0.927633862917074,0.123280246177007,0.429774683731927,0.169276224071427,0.638700439274778,0.168853516603072,0.88163497432094,0.164656404856459,1.11746534353497,0.195316508652746
1.18546387705982,0.189000990328964,0.977862168916727,0.263699933405035,-0.508918691846059,0.130434877895251,1,0.05614232338927,0.35041300907715,0.850821727772423,0.13839012289514,0.844367766487538,0.147858762234761,0.841012708635996,0.168463472176213,0.625666789626547,0.190957393143159,1.03494030434114,0.168763010954859
1.21194029945768,0.162211188441032,0.920937618179376,0.208338824858261,-0.521669929404146,0.104251843641706,1,0.121211384902366,0.325135161945725,0.690822191270021,0.138616746690447,0.672427965525066,0.153280313811373,0.659925585967781,0.139764851958639,0.848658522834094,0.146139530770943,1.09136121379028,0.145897137262594
0.807247845192978,0.147203794157752,0.872470271912348,0.231247140772323,-0.415658310597885,0.141247769257927,1,-0.20725706825918,0.30267886139483,0.476362821357627,0.155271146763882,0.802670104720487,0.13038734993325,0.827697688114568,0.152174569754652,0.474317054932803,0.217112620026233,0.260041328392436,0.275231406186144
1.11035752043583,0.142956566679527,0.665283186569457,0.17073271148,-0.116872376590249,0.245999805137863,1,0.64685285198911,0.251978243199023,0.579075044044646,0.131715213125708,0.570416108099029,0.132157743521277,0.484989574190216,0.165785560710443,0.602847621554521,0.164609853003149,0.438050919970563,0.198787819301761
1.23459498564383,0.177517955336948,1.07670766962281,0.264175425715182,-0.556492118348339,0.106434979130586,1,-0.176579112002858,0.334817292453174,0.946255671169328,0.119601704331837,0.737111974387455,0.143413178394281,0.649793411090443,0.163977458897493,0.675523565579779,0.197375715154611,0.509750962806054,0.186428695872306
0.81289662779672,0.169486812766398,1.05171429935359,0.290433559726378,-0.470746053690367,0.138047558578124,1,0.145143273846944,0.298956789133192,0.578992881749679,0.13839516183669,0.581717605798843,0.155363774756749,0.610968978655494,0.176829416145923,0.765384378461372,0.181830819629126,0.810601951169643,0.231991467630638
1.57429257342887,0.179045657405866,1.24369794591102,0.287546799809496,-0.565045078861805,0.101857119430365,1,0.585794932040328,0.289182943747975,0.866425315157517,0.136185861609556,0.728908845004638,0.145071870256191,0.862097412753818,0.115690753086904,1.11791479529099,0.156129558569593,1.06097740417582,0.189007145166352
0.909187272180023,0.166299383966814,1.31633828029854,0.328324026690288,-0.573821576491297,0.0934446097313719,1,-0.522439635324039,0.346757301137459,0.950042650452918,0.12436481678589,0.661635910764805,0.16408235866106,0.848450695796858,0.152350758378442,0.537478026334966,0.188365812143026,0.966563193718595,0.164012685675846
1.23998374274745,0.194806726298473,1.18380711720542,0.318555917805321,-0.500190646269784,0.129490566375984,1,0.143809498651242,0.304751482720934,0.656099544129006,0.14208594693578,0.696504755257308,0.16192483118655,0.918967828779174,0.14120114559034,0.593147331952151,0.191978793768856,0.475869783837958,0.226676718670768
1.06505307469624,0.150230125309163,0.76362541647677,0.196467141329302,-0.325235239678401,0.140397474789384,1,0.573726206834428,0.327729258618252,0.700307875366084,0.127267633168459,0.546744456842749,0.158251682634794,0.599228483086365,0.147444906591927,0.557617504005792,0.183417522890855,0.704785393798799,0.17466636118021
1.0206717147977,0.169268365133626,1.07234741836758,0.287183534220838,-0.434403436171441,0.141929376254705,1,0.157838645777256,0.337439860873093,0.609272187655389,0.135616770834966,0.788763879163365,0.151263936124852,0.73257146123351,0.152393002667494,0.833506739624538,0.192199511751292,0.959848335365794,0.224255169410145
0.816316694186324,0.16152910282742,0.865798202014992,0.225564366915498,-0.590873130216755,0.102227379727192,1,-0.172288601383263,0.312619757432513,0.647144659588384,0.13288927940206,0.884964368941681,0.132368437474871,0.389568391860357,0.183456679633935,0.682057640192847,0.183977822691104,0.670581480854175,0.247860893455667
1.23437675513886,0.177183866013556,1.27823540710454,0.317316357900078,-0.5874816111668,0.0996909307597349,1,0.17159578819313,0.348862441083932,0.873011906745513,0.12507808478199,1.01800107317519,0.129977788742438,0.383722719577975,0.190211148449008,0.84971085825695,0.171054532910455,0.899708297269794,0.183003848921661
0.911288997990796,0.201447929981627,1.54380836452097,0.440942472667332,-0.680484715224367,0.0897685154786094,1,-0.31745760809195,0.354717077353179,0.724144190948657,0.162804487064354,0.787460458614905,0.157503169633195,0.682813361133986,0.154410694932749,0.824259476345937,0.194321815452219,0.787764018487988,0.232640090547026
1.07068948211747,0.15224345225324,0.892772791735429,0.239188756398939,-0.62978197776968,0.0853083204172946,1,0.110789093029312,0.334156803392231,0.604418248938495,0.141775443339811,0.804735301102212,0.134871406556592,0.803373730940288,0.136654820149395,0.681695049800552,0.219166300223424,0.632103497268107,0.281197615401821
1.28092177002018,0.182515327576784,1.09107856558595,0.298032552514088,-0.68156538954485,0.0743810117516059,1,0.0366046325014115,0.288448395208851,0.83451091493509,0.136561373710641,0.695301321250799,0.143537173464499,0.939621583726627,0.135777856906113,0.887312991552368,0.192829582635415,0.687464318047583,0.233485035740669
0.916371686154308,0.152802072551972,1.02829236113802,0.237999449525388,-0.397966413430593,0.145926358393345,1,0.0943821825326366,0.404256481661805,0.746623896883428,0.113368873414593,0.757093054353565,0.139390647496492,0.657324807586181,0.154064432470063,0.609768993634361,0.168521657031286,0.836486365804517,0.173101354223987
1.42189533185065,0.22754240087752,1.87764797187797,0.509712701180683,-0.649496581200871,0.0847612319971272,1,-0.318955814501976,0.445571427463644,1.08381307581002,0.143841247833689,0.745700687170376,0.162726311294488,0.899431388623652,0.134217737820018,1.15241881917936,0.156184894023798,1.03828835701767,0.229676383897343
0.79988412421337,0.10998226938165,0.550912569708681,0.126503543139066,-0.374518478847273,0.152607249708219,1,0.314535684670129,0.228892594864683,0.319578272160024,0.140918290554196,0.539467609296159,0.11823981993548,0.735736091973595,0.169242012027427,0.308812354504394,0.199379268682162,0.71457012576946,0.183065759557897
0.950697650256691,0.143384936996529,0.770719410842087,0.172218457267872,-0.520381442960158,0.113307074174032,1,-0.440094371206313,0.328725026757408,0.816721414959929,0.122308196629099,0.529106925648986,0.146793648585145,0.693537923356261,0.136467405381786,0.873033597153635,0.124427619015122,0.629026510648971,0.222932400444643
1.26475599346602,0.198880062601366,1.31128404011672,0.328627956805622,-0.51089924042811,0.116323995532716,1,0.27042547675922,0.354000311831951,0.80322616262117,0.143849662610153,0.633514083481296,0.167434921216895,0.791004309186117,0.149525004684553,0.931215541751806,0.140161100194688,0.873981434102527,0.193099340459156
1.17709094806529,0.169359478451926,0.966703113220733,0.279710860245854,-0.473022188602747,0.123478907883929,1,0.199976820677499,0.283123644620783,0.490053067757697,0.143972247499488,0.724417800181664,0.14174256406654,0.498243034748835,0.200845999975845,0.942154054910351,0.165297065563198,0.520051038063067,0.22221718132115
0.881236044180472,0.163225852121086,1.20196524887935,0.295439140839493,-0.428209112534162,0.144364864020895,1,-0.408164722857135,0.357771669493036,0.712304029450446,0.135152163102896,0.50876454520642,0.153227977338045,0.895149462765032,0.169772143799402,0.600122241974278,0.188956544621094,0.650439261573237,0.202284882709746
0.989659147188103,0.187391303404,1.17593537108449,0.33665187931988,-0.674391679747791,0.0883427732031775,1,-0.00889587867287773,0.318912270136776,0.745261405264071,0.138829669098739,0.632657837034945,0.161956916319434,0.846437955649148,0.174456376427755,0.816443428307835,0.196478365274805,0.67559418674981,0.218424293914411
1.24871451193352,0.163222033521739,0.87875960290186,0.226365700993824,-0.596134957543416,0.107207128310746,1,0.282826197068597,0.327496212811371,0.591004670221378,0.147645400069365,0.570565242744759,0.162151446234835,0.609020500333552,0.175400001885246,0.82499318103877,0.158209881301738,0.626420103910432,0.177270180469616
0.845120253533325,0.141596178260478,0.874074614459021,0.203061296340172,-0.361351821288435,0.139430617962623,1,0.0921190712270133,0.265216166969446,0.588193855116339,0.143921534351756,0.688011092610112,0.13106229277913,0.641308464850488,0.142274047698611,0.681821102443754,0.142232321715018,0.965250102175272,0.22721135587158
1.44112780648694,0.211134321906182,1.24949731274817,0.29217382784523,-0.623703490411513,0.0892009420908997,1,0.774521418653296,0.332302659717056,0.621816110220905,0.166629197777319,0.883575266657537,0.137464231485086,0.758615677063436,0.147080897502349,0.952976068640174,0.159160413578493,0.929402788796999,0.173852378246091
1.3266767858146,0.192837928392949,1.34052064688476,0.323131852127046,-0.629439457259875,0.0816435503561362,1,0.587440657218198,0.357137206869228,0.851319143170991,0.132213485461343,0.951620717561096,0.132162946330851,0.814771238254199,0.170138838444521,0.671000616736175,0.174712079508125,0.647441240487965,0.18432647913517
1.34525804232706,0.21596683430182,1.36573904383035,0.384887380649541,-0.506458658857606,0.127136859906723,1,0.15902880202047,0.395889331951997,0.730760288075968,0.136795722217448,0.640752117596918,0.170503020762706,1.06053566113164,0.133784315988143,0.868526884362316,0.196172548445719,0.843178226694351,0.214339872456956
1.03707392337185,0.175368626691552,1.22554171672272,0.309111716550122,-0.609316063846151,0.0899047552025733,1,0.303172134381191,0.319166450572373,0.673808373013402,0.138446523747359,0.858231262415925,0.147556080365487,0.649419419498878,0.163121520672204,0.988768442892277,0.167014751801702,0.848081401128997,0.197294841089095
0.890594721780165,0.157596825500998,0.916729376668363,0.238610538829152,-0.423973115658648,0.148087196794808,1,0.156793810221514,0.328070328185315,0.453044756638496,0.151302204053678,0.562653840776957,0.157177093602717,0.63794629020757,0.156229977609354,0.664202695173633,0.176174131017353,0.492520490209374,0.213444837937613
0.95096533227489,0.167292409601899,1.14384003436481,0.2649989354605,-0.681502720247025,0.06448242268944,1,-0.386356838629572,0.347257372287477,0.7189601314213,0.140481452802445,0.777134284902926,0.136671283225565,0.864384556089315,0.139238030085528,0.485141906452398,0.190855533216363,0.568516172722615,0.231395424259428
1.10348046576796,0.168106497709238,0.93610682196731,0.222620075953717,-0.602901504033512,0.0952212551566233,1,0.442850624710091,0.347014061586169,0.601683866437515,0.142612853632561,0.818289364330277,0.131424593771137,0.645581593498497,0.14869121404632,0.670937664077386,0.184054136799673,0.421479961261394,0.261917902523248
1.0060998056139,0.154870183390412,1.3303787065249,0.295783556430075,-0.38942596700844,0.139113261249586,1,0.21590100553053,0.296726430019975,0.525920428549133,0.164609650452522,0.745475983569682,0.118253110072568,0.641451307950514,0.145736522577093,0.864910738413288,0.147634727542451,0.536316029672101,0.219976345217081
0.86140877455254,0.147584739810971,0.93004724381462,0.205910735763961,-0.334607049442056,0.126356937581021,1,-0.289153000816251,0.28995701454251,0.808068423035673,0.105969508260792,0.623486688583754,0.128003312416388,0.587975436896047,0.167042264883701,0.788527234611358,0.175849332815378,0.862807147592821,0.195788016977866
0.91962059286709,0.147610064265194,1.02048469718472,0.272929021608816,-0.420470476130788,0.13700335275218,1,-0.272654104629292,0.298921295926497,0.778019763627714,0.118242783023863,0.647642012436856,0.137371586333148,0.796621470851433,0.183445703260375,0.674662519823664,0.188928854341876,0.86184964632464,0.209211846759713
0.990711013698117,0.149071341081298,0.726988793727174,0.163446135408749,-0.483656428179422,0.115093683090939,1,0.0567801389554506,0.270475623130063,0.618132729343036,0.127291022612268,0.66583496635556,0.135082555543146,0.433612175039,0.156741727810874,0.655268738337363,0.151572485938962,0.792979660172104,0.173059605894838
1.03642330752019,0.169655094277346,0.843090862328502,0.21752191374281,-0.257640919222634,0.175771061913575,1,0.209399104048967,0.364111591129303,0.63223772288191,0.137149428986277,0.568452822748958,0.174565565573093,0.618814936846949,0.156364841573659,0.66963916769967,0.171893211864004,0.78152760186434,0.175285866456598
0.997370452559945,0.161987030952843,0.79556601339117,0.208751337055578,-0.407335075107549,0.14722868896628,1,0.20384653704718,0.327487160767767,0.567745655957525,0.131100159965673,0.717170802209492,0.143406081264804,0.703790884433534,0.156789189431963,0.849610153662476,0.142700397689291,0.700305504431275,0.247434279868937
0.887138052116679,0.138537148894671,0.794273432176186,0.208563849999212,-0.333635956392787,0.172115409613879,1,0.0251282528163894,0.299472972900588,0.644272389526547,0.130372233428816,0.708897448910106,0.13631433783015,0.520994707795901,0.180172670432881,0.605108237307992,0.167852474308655,0.439042026019917,0.224307946805428
1.20626439123312,0.219831537827671,1.83698354932939,0.502021096838785,-0.611515610488959,0.0987445743397681,1,-0.2719475234667,0.380341681153845,0.911585244312027,0.139176980157163,0.771477823497684,0.157375214407672,0.811182642766538,0.185397558250179,0.690637722918541,0.180389016288418,0.741216209717958,0.220993019105867
1.14024705647384,0.19165055273944,1.49827601766472,0.381820044263865,-0.576885471897648,0.108063437700869,1,-0.420446143211672,0.347705495572595,0.874857261896683,0.142737789524824,0.820143203240585,0.159314494920471,0.39647903922787,0.185143896823169,0.640342446473151,0.167771588795133,0.898963265917142,0.169562245852759
0.957372098612392,0.136127437148276,0.763892368708146,0.172327625831194,-0.292691489937364,0.15464649406746,1,0.252822616996451,0.268105332614632,0.578887702111081,0.104151241130311,0.710708451086466,0.126253769931102,0.455274450551008,0.173915930740597,0.447654972560354,0.194876601608336,0.724312326874413,0.185584621487913
0.940645150758744,0.159770816763714,0.807896079351644,0.21746781757776,-0.498505413024382,0.138980878742262,1,-0.175774107359459,0.350443687229327,0.686195059786657,0.142709272532709,0.713486637014426,0.135331237053639,0.689468243553308,0.16451721273027,0.924917252924796,0.167985430344347,0.475503160772226,0.230316637372069
0.964732888668698,0.164899701606335,0.871903428658864,0.212954224413372,-0.438822201849829,0.143125707522003,1,-0.192491632192453,0.400691665733904,0.518175480924284,0.15081240775243,0.721401319201984,0.147683049347895,0.664721690996969,0.122474382748005,0.901516622710815,0.169839469033421,0.631161629402127,0.216775607884256
1.08914520645113,0.165316692615283,0.834611008983526,0.197649942410192,-0.461927282015699,0.121696109249675,1,0.116053378502385,0.277475950085079,0.595741995933206,0.130753423795745,0.780008383230304,0.134589597607099,0.693964113626905,0.143477673029067,0.828861711003605,0.129924370746682,0.706767765564473,0.214205156265576
0.947222097371635,0.148300972057383,0.881649540159342,0.196974065370662,-0.581655709108953,0.0990961317533559,1,-0.36638945283256,0.289521447910047,0.75123809894374,0.13415615281868,0.749876577852911,0.119716878059527,0.804684438002606,0.14298345864704,0.646726418200889,0.186589532939171,0.594476682706012,0.238538617869603
0.762352605612186,0.138451817467413,0.724851114187807,0.19055595381334,-0.551407009031084,0.118852421110289,1,-0.358735494790984,0.314163952368958,0.699267710513417,0.141924401323876,0.934706121134432,0.11696006026192,0.748158275942368,0.156869335556439,0.666274301152066,0.220516386298779,0.615941431298252,0.249687350581044
1.22518668931769,0.194242322277055,1.20441875554987,0.294300186028233,-0.62676626136914,0.0882528603729778,1,0.64661951037851,0.39931304795955,0.678476637172386,0.150117452991488,0.8150454535547,0.117112230401398,0.730934288049269,0.176571444567925,0.843881055017988,0.196670815830063,0.961404216420735,0.205683777737342
1.1093937681297,0.158712514358006,0.869008528059237,0.223629366871035,-0.257050063324224,0.191793076462948,1,0.572105684745954,0.39628321827676,0.647474139809383,0.154995208024536,0.779392082222058,0.159219779957863,0.330276277007625,0.169527250765117,0.624905812471898,0.142458645102747,0.780220144375567,0.158829287202887
0.824959096904367,0.133402077185033,0.724348152821887,0.164939519054742,-0.0161848499828176,0.206097152997686,1,-0.370183349635336,0.297874827741644,0.539261695586225,0.14005113605281,0.517147733533156,0.123383572364365,0.622548453887633,0.139440522688709,0.470684698880443,0.155468591687458,0.895611407092131,0.157192096120159
1.18484015416442,0.169467498005225,0.729830674645806,0.172734214693479,-0.317872344494536,0.16955057348532,1,0.394163003847295,0.372304368050728,0.791444572498558,0.147149877160883,0.603628462680314,0.135243408831959,0.542697950014502,0.146706480121473,0.599476625353679,0.176491021758088,0.803479168115189,0.168366559290371
0.715399825444584,0.160021290328293,0.935759463285102,0.219698224537182,-0.415873466702551,0.135940332855548,1,-0.0977000768591482,0.36280819180754,0.657890446098098,0.12840124336774,0.677806814023828,0.121265839903864,0.526350691864044,0.179085242755108,0.68254716983559,0.193209754654561,0.334530279651628,0.301463826562046
1.17846269175246,0.191057822165731,1.07850067216083,0.278656765544561,-0.662029769233221,0.0771853494182968,1,0.040212841953886,0.372855452152453,0.728613852753461,0.128463888141335,0.846165436225378,0.134224768995222,0.92705079076227,0.143929924223828,0.637207732978188,0.182649573280206,0.743142227156743,0.244263107776134
0.829784481695202,0.14408631322574,0.702679018935843,0.176204462828491,-0.0269872461498553,0.248413022900466,1,-0.323438794415894,0.281024581151732,0.359388439195197,0.138149118743486,0.509247637429131,0.136590869613604,0.753837575193793,0.145389952099189,0.480684220398546,0.19534596335892,0.588984017223481,0.22058777594191
0.841315041531974,0.139386930245286,0.868754943659848,0.214327988557156,-0.253562266119233,0.180081917439235,1,-0.394945848198836,0.303552558232761,0.688858165901331,0.123065665592763,0.487670303901182,0.14708453494352,0.690248018348079,0.135459021114022,0.474577671187636,0.166660117052944,0.73627721653794,0.206864593835573
0.800012037050936,0.17801628241321,1.0971325402403,0.314103176992892,-0.540169734951353,0.134568389352462,1,-0.656069955899132,0.380812766621392,0.8229637292015,0.136361538744402,0.796036398149883,0.140245669520397,0.787410181022912,0.172182369546595,0.377759600102817,0.248864297918614,0.563314392336258,0.246279521643007
0.868554376045585,0.170949826388482,1.27990528945411,0.279235037386013,-0.576624450989521,0.0977302425777091,1,-0.178307587594484,0.362670765522815,0.666664630923692,0.124612806736809,0.777386534419231,0.123813718900026,0.595722014264381,0.149706180402752,0.598157907840875,0.182523415662616,0.996150431948069,0.191075402031438
1.00022257792053,0.155960868629121,1.07462543295178,0.260149154474622,-0.479486638584203,0.119587883035121,1,0.54272898862588,0.344890124389915,0.660922296537713,0.138957721230458,0.592838002163245,0.150080616950813,0.68356744402363,0.169200703580973,0.857984970652648,0.146952430029246,0.357197238454188,0.259327367478922
1.18699125811422,0.165152893990023,1.04234609329372,0.237402224352299,-0.383714402043607,0.142090258156992,1,0.222511407288416,0.346145392163659,0.500366176830712,0.16124225621012,0.55700867335182,0.150468761204647,0.715251680406062,0.135988481254816,1.03725878549423,0.105858943134725,0.67338722277766,0.194890853403903
0.891460144076681,0.163747859590723,1.00465613811845,0.246788081653143,-0.532600396520547,0.114535379863996,1,-0.000344096792172773,0.306190967437131,0.745666930496016,0.134758094711163,0.720632638528522,0.157306577145224,0.836652661160814,0.11480047592257,0.691808845651897,0.191397868823663,0.667154723145396,0.28797795722703
1.05328425832455,0.175898057456455,1.32811593519688,0.327678336281431,-0.577131735313403,0.0938474063523424,1,0.0939039168337408,0.370267423928198,0.741362771293305,0.14948915312275,0.813000618247655,0.137206139492752,0.887087944815181,0.158316101077727,0.746475801899274,0.17359970331461,0.693154054775511,0.249234749475866
1.09789210212209,0.137865732252418,0.717657137552994,0.163896493012519,-0.512178503433178,0.111120696007497,1,0.192483889324103,0.308723990138101,0.658995972254764,0.140106921149571,0.793623038492109,0.118152864424631,0.765826943723867,0.120174590402035,0.551742928547495,0.193203232546845,0.599231089516602,0.202322327496987
0.844523263478667,0.141956162763846,0.741558092949437,0.182258553136562,-0.377026870137318,0.12907432436293,1,-0.166499662461915,0.290100383686093,0.633487446272588,0.115531123687556,0.584595098759265,0.114520252539199,0.728262482734527,0.171452673330832,0.379297861399459,0.201876330085419,0.805679978955904,0.225267341775132
1.01809798893341,0.160798085331755,1.03138394271196,0.255029319486837,-0.43401604568968,0.125605353898596,1,0.139369055990437,0.355238417286486,0.689498110754324,0.141013812111979,0.7338542850441,0.122112740577663,0.544523555731984,0.168202930206062,0.830197801074932,0.162789226527332,0.526375446668393,0.225418099409667
1.03007313727926,0.16019526972823,1.10270516057031,0.281288629485896,-0.625101135170205,0.0847393083117829,1,-0.289649207573648,0.312775360754944,0.759430988612827,0.127010693309807,0.738618800374745,0.141265211577082,0.769314348919374,0.164204713042096,0.848060685453897,0.15278886499854,0.945093504211126,0.191430767063997
0.965825337441823,0.157161708449948,1.0130649752964,0.257756889438005,-0.425389911060055,0.124442285172731,1,0.0509463724207411,0.291835587951557,0.730056489549785,0.136498419480198,0.619093685008877,0.131618389262688,0.445805028522856,0.149417809387218,0.796194887174952,0.199831500926152,0.77433494905794,0.21065834605514
0.955997670285477,0.160702404059287,0.980380881952797,0.253066474843235,-0.592130522248673,0.0960235141730532,1,0.169315996665699,0.391521333032389,0.686001641788173,0.156583550078749,0.59958439248077,0.139998594513712,0.528513921776277,0.163850661328152,1.116143839944,0.147809036228725,0.66808746034844,0.206084365146233
1.04348403752085,0.166331276849021,0.762276279123702,0.200371675799336,-0.316890048641728,0.16862132520125,1,0.0306725858994731,0.291194083129645,0.660016007113615,0.12834658515681,0.703772670077251,0.134461543827489,0.557225614166795,0.14723542165329,0.694187935004274,0.196353372531612,0.631529438147311,0.217190664885035
1.17145819943084,0.169261987664718,1.02389561696917,0.293653635595258,-0.566186743419715,0.127963259625352,1,0.159876532373598,0.294302676849516,0.61750538377872,0.152150251612596,0.861127869556029,0.140474234528038,1.01095285268977,0.148670449277402,0.560767608862628,0.225565293293147,0.729841004705397,0.254098983660905
0.924554531937178,0.162880820020303,1.05965261887797,0.263343150504154,-0.479772153842863,0.12489184052945,1,-0.478079918323203,0.270476663148891,0.580141848268778,0.126982624207736,0.762273570410318,0.142929081280883,0.635293329648874,0.164738495750617,0.521895224768273,0.191483535186646,0.572057642406027,0.208115596552188
0.884110484607811,0.166347063395818,0.866085229489919,0.220820249225379,-0.548110961974616,0.105531373321849,1,-0.0798695844602795,0.319527850753535,0.733721681269743,0.119937496130936,0.805463187358288,0.122179360732551,0.588671259864472,0.170017334133424,0.393811293826373,0.225721105267136,0.437650112743342,0.305512628203418
1.25150877648976,0.194040595978647,1.16134321785645,0.281413382981201,-0.552808929174002,0.113328361705784,1,-0.0301660598354642,0.301342471782116,0.982594083928161,0.140734041418936,0.718839297696288,0.149089513831779,0.733416794504127,0.145059587928226,0.826305748080572,0.164164918077281,0.472898462211859,0.217274002128861
0.877506387568069,0.147141377368062,0.794164125020318,0.191355233386982,-0.494690713381818,0.122926636185683,1,0.540753102387335,0.343929903972053,0.576348940258373,0.125651018668643,0.583932140921151,0.143211546215755,0.711141760027176,0.15014442056932,0.841453011983422,0.160126089217119,0.433662136858535,0.271289940066102
0.955339648989696,0.157192648669061,0.963988613750716,0.247415980435458,-0.344684703874661,0.152126501956137,1,0.107537161200933,0.312596542162925,0.646268058501933,0.127352331183298,0.6748225149154,0.131758601357881,0.787456267032399,0.153067696778892,0.810957104841089,0.180867549681738,0.565453939138759,0.241041672139043
1.22243014998197,0.179979251696896,0.797987152019436,0.219645113757427,-0.447189210276461,0.141385589538235,1,0.450052134054288,0.359419458633602,0.787581593609239,0.136622519110957,0.408302862662081,0.176826330626051,0.581363408700664,0.146649197047168,0.917209060336669,0.15331798725266,0.590623340327217,0.213828461252154
1.13922412150587,0.178901818646472,1.08808515230916,0.278643896425202,-0.504581901649569,0.112438079369102,1,0.40593140739825,0.321209385020641,0.683451636414586,0.14609764098134,0.761541722335747,0.140137797846184,0.616082586766383,0.159993783315885,0.839411452465901,0.145450889763891,0.722759651741022,0.246969772723411
0.862437558400098,0.163864548380224,1.47385580002483,0.365268087982797,-0.554117505910654,0.0921868743074931,1,-0.53734433302274,0.358287239631181,0.874040536761334,0.139280118563982,0.674997399745466,0.149233719519247,0.597663677302864,0.179851824340263,0.654505670661987,0.170314241630409,0.81258847838624,0.172475856200365
0.97072903224324,0.137121956625811,0.54888911481941,0.116833797513485,-0.513435008142002,0.0972609711096444,1,-0.171647693036371,0.299684199835689,0.614068709924071,0.13699014372821,0.763775819139806,0.108665875435398,0.587837050480224,0.138476871192721,0.408878605932358,0.187130655020103,0.798812335395742,0.17345789262988
0.798086242145545,0.153358490094811,0.978434492869451,0.266978199501954,-0.548196487237887,0.120221019545614,1,-0.403480002983409,0.338000044415257,0.649434106070429,0.146259712813034,0.736341578123477,0.129172177893494,0.573221915250422,0.175892429140189,0.670410669597084,0.222048575258808,0.749089405811787,0.207249197229703
1.14442761140693,0.185624246569849,0.92990731323603,0.252814403241145,-0.313329037389153,0.180487018984827,1,-0.0130595018487094,0.319647579804434,0.76162906037863,0.124504669418179,0.822307030605907,0.134899369886841,0.88987040232314,0.162685120836472,0.618426457657558,0.22121150220335,0.206524234725695,0.268376046606198
0.748826504678561,0.128918725061817,0.704152883139021,0.173513996748003,-0.419959294754569,0.156559234541372,1,-0.427736551266591,0.35291299543686,0.724071270327673,0.135177536186065,0.606292411213266,0.136137818962064,0.488084818471143,0.150161161637189,0.354498218808343,0.198949909389395,0.486610281578546,0.222403231849688
1.21915185224811,0.160942041057332,0.871883244591356,0.199606316320731,-0.279323194168258,0.182326092012903,1,0.246999179501431,0.335109967623629,0.551701358007741,0.157140787797614,0.74708763744794,0.120983077712518,0.691906110976076,0.142950665046904,0.845709009318125,0.156007303289286,0.746453627998897,0.223571369701813
1.147683927147,0.181282125068645,1.17092531711221,0.277459055842695,-0.642571403312789,0.0869198788303828,1,-0.365750542922432,0.417642769232428,1.04584132878449,0.146121448164239,0.554511853779121,0.177619574234171,0.521393162156659,0.153846997911888,0.891559740785516,0.133865636546867,0.737742227960147,0.153736044407433
0.933422680729413,0.166404493810344,1.19751410771698,0.303404728904251,-0.54749484169544,0.106076153289922,1,0.105506711492218,0.306799393516648,0.629277554025915,0.143042827373816,0.610565585610774,0.132861451753462,1.07110090512268,0.118725212895628,0.916454433407152,0.190704362746256,0.948685220836829,0.255126126165664
0.774573337984919,0.117089585921799,0.675552355095387,0.167345854708698,-0.106083671234568,0.186770496646018,1,-0.138092302667251,0.259393614411466,0.386696612301426,0.145032062042082,0.553961606697913,0.127105321462231,0.607892912546625,0.124469511951528,0.491032591040003,0.160235386314592,0.515590848592437,0.196088069834432
1.40041640511491,0.206473721316764,1.4170005167943,0.359161459869623,-0.635233760956855,0.0894234579646066,1,0.349594028172856,0.380647959135403,0.748323126075276,0.153499656880867,0.740327821995411,0.169082185190103,0.982449355955818,0.15478408583864,0.718894804381779,0.119654896308879,0.966488851584161,0.170729792552086
0.992198927514047,0.15459062334494,0.911818206442556,0.243686029273894,-0.277324925938462,0.183309682589385,1,0.372899712808766,0.347496166011666,0.761269736964913,0.121213080182768,0.27046618016428,0.16277535066082,0.825532952399641,0.153039811468097,0.503517944260619,0.195097660770766,0.687220129881464,0.222878830049205
1.01596899756305,0.155838826056962,0.919030788349943,0.240147941476157,-0.510243057952415,0.125457364446846,1,0.254486561264986,0.340197315040279,0.829451380823738,0.136074439436347,0.644631771667248,0.137682432794466,0.684243914825611,0.166935530973265,0.80871445657587,0.194224231719296,0.592834792403067,0.242829896016412
1.10154727506386,0.154134267390947,0.887207759629054,0.237458638117118,-0.536083388237356,0.112450687704128,1,0.535629480824482,0.271223945892304,0.401692528977284,0.146163963446763,0.689510680656468,0.13121492976764,0.855375152912741,0.148946521676288,0.526730932782694,0.212550656647549,1.10388474179128,0.179520531002686
1.11011875698682,0.160527538749436,0.837752078160892,0.2155818144357,-0.464668515000632,0.127115144501535,1,0.145472630178403,0.289939466888441,0.762192492530941,0.151113547101684,0.791207243297333,0.136126160041105,0.893209293855891,0.12693685115913,0.608610524716642,0.190928178109978,0.505377267502749,0.20425432276958
1.20071480971296,0.191851659791696,1.14461251758266,0.278325138122904,-0.597482030442846,0.090978494866251,1,0.346212588255078,0.434742428252374,0.571443593349803,0.152465659214319,0.648753530201804,0.151162186638833,0.701795108498623,0.132514222453495,1.01391163840189,0.147436762870964,0.851604225087176,0.188020664661297
0.718036104468576,0.152153934587223,0.86840534715013,0.210282122750272,-0.465542856874495,0.129115595042464,1,-0.719031961900321,0.350200264121342,0.712309355150312,0.118182764861162,0.660188172840302,0.142739381530616,0.74861604735129,0.142396229196095,0.680983493924467,0.204605013396764,0.839559555345601,0.207927912675868
1.03137449334047,0.175942452980642,1.17862464630058,0.282559221755357,-0.548470007036144,0.0979836525025321,1,-0.522925153057672,0.443080006920205,0.871420268271133,0.139836269044165,0.71417024784095,0.134238927464765,0.770333865007339,0.144574322986681,0.911169765384215,0.169740873887084,0.863826972515603,0.184255790172221
0.95359699303973,0.157369862660728,0.914984913154618,0.233876854751226,-0.612858311800711,0.0855998587474735,1,-0.0655133162462135,0.349879678026034,0.575432499408827,0.154209088921305,0.819515881146525,0.117290993284857,0.739229844905505,0.130366983719579,0.772105604901256,0.200125535042763,0.499332152407365,0.326877922111288
1.15953799132708,0.165669081723584,0.689019670534506,0.15497895763629,-0.475177528789757,0.110881609709715,1,0.47524931831472,0.337049754235369,0.589210040504784,0.143630829934011,0.688934565894524,0.131968335801943,0.753622931030826,0.136820434129627,0.638914695108411,0.149058523844389,0.628427390492593,0.183801988095073
0.524716846966771,0.0999379997753433,0.443453022428196,0.114219835001409,0.754045277460219,0.0972105498098265,1,-0.452650155018815,0.315837298371145,0.468724807177422,0.106364418116147,0.707010564701651,0.1046082157899,0.26452196324265,0.135544419217302,-0.162831039464401,0.242203564631953,0.794209562347439,0.168879687508577
0.928286608906829,0.160250600088835,1.23696471682171,0.332738403094619,-0.497557015699623,0.123248328208257,1,-0.215278635654296,0.287727055221725,0.703463493414961,0.151055878012297,0.45868957735732,0.151328486347785,0.806619852382087,0.13673180052433,0.641798444242988,0.204025091718394,0.825683565371375,0.237172002753563
0.911120771956631,0.138550949841687,0.630598163876809,0.166310634802098,-0.449474558263163,0.115482987113825,1,-0.0849791863678899,0.257929120851699,0.681271722691352,0.116251152564154,0.768032702416496,0.115646349971402,0.553578945971381,0.180548960024795,0.0711208464402102,0.268957403814914,0.521114239783968,0.23536149801494
0.871407216544173,0.17013479637333,1.07877835593726,0.285725734035862,-0.314533758965828,0.185111317830893,1,-0.556029716894641,0.336697462515819,0.75089345305589,0.147213412163777,0.800836697429616,0.147020646203453,0.846436148871382,0.154000435616986,0.814125587217874,0.149226148924423,0.784380680097421,0.192582454078949
1.34995672928455,0.189952967291708,1.268730336658,0.304221702550096,-0.488780094664669,0.106006745687527,1,0.292575930469141,0.334223212552206,0.753802415803936,0.133647605236519,0.835826961668073,0.133091164849491,0.80737708287789,0.148035369904143,0.900796386626029,0.188686197408359,0.812810669120707,0.169590555507943
0.935623961207429,0.152596814613015,1.00342205909604,0.27709039801227,-0.491696836288712,0.127608292405446,1,0.159065719127911,0.260089537782077,0.581130145942171,0.130198829951314,0.680567023406839,0.123304250459672,0.539662332200669,0.198142172612361,0.690894004372867,0.202131958454969,0.688652357267302,0.25665429841116
1.24046109649358,0.181278749426496,0.940846811149951,0.232625123557806,-0.520893774446853,0.088813654780539,1,0.578154406582214,0.390405952929465,0.763927413692721,0.120114664617576,0.672538281570328,0.150859197663873,0.84524827409605,0.174696881948864,0.631459678589793,0.166342502846364,0.886790266433654,0.157962202176862
1.12044849219486,0.151383088181998,0.84804481746282,0.227326815083867,-0.623433529354308,0.098603373612886,1,-0.0054815682168856,0.334568827104937,0.874005949976457,0.146352909857239,0.796574564633844,0.131304283829469,0.68671217808073,0.164256063086655,0.730807539560676,0.193580228571006,0.930648694668972,0.18491775821318
0.980684568378361,0.151311838566875,1.07125377561345,0.252891190878392,-0.448368678847774,0.121409973371997,1,0.171649733300215,0.258328698341979,0.646626279407642,0.129655876452007,0.652521606992877,0.13317278790059,0.721029533161266,0.168202437525451,0.748323792481683,0.187405409092298,0.828691369306788,0.191706235875563
1.14785529652854,0.172486872370038,0.831099778870875,0.210182298511237,-0.492272665618693,0.12833785135062,1,0.135409897183466,0.308311122914765,0.756142906027776,0.137133376580576,0.730561430479039,0.130124252962199,0.774308846527805,0.137045499196843,0.778508325272701,0.199882158505193,0.366173210450745,0.264614570024506
