"beta","beta_sd","omega","omega_sd","rho","rho_sd","conv_code","tau1","tau1_sd","tau2","tau2_sd","tau3","tau3_sd","tau4","tau4_sd","tau5","tau5_sd","tau6","tau6_sd"
2.68622290063192,0.0800874706703578,0.944098844963281,0.0772657039616645,-0.330457903965631,0.0478552449083988,1,-0.15168501364577,0.107799555413987,0.699461885276097,0.0583514081689237,0.745605293043198,0.0453049269325387,0.674087125081923,0.0443976152859646,0.6822154915868,0.0441657510276661,0.65886163672145,0.0467516692118652
2.66369700695948,0.0793529827548945,0.953312911885984,0.0765118582744459,-0.213715140290653,0.0621852114036041,1,-0.124094788917647,0.122414901883843,0.759060836101552,0.0593659753151543,0.666520182635806,0.0487403554702061,0.744727579612425,0.0431148546412875,0.725625211204954,0.043555183940212,0.570023803932633,0.0513895680602111
2.67497202350529,0.0776020550676659,0.920578434598402,0.0749609580846942,-0.268893802632878,0.052645545824338,1,-0.00413358367410478,0.108726960134564,0.676428776982726,0.059763110976762,0.698297700291347,0.0473889951983333,0.724213580073191,0.0425329986356484,0.766238738550914,0.0409307807224849,0.633689964985882,0.046476748801261
2.78360095680962,0.0898002650719711,1.12701788971477,0.0904472148781915,-0.406419489770406,0.0422758289435241,1,-0.119223600746947,0.112567024878842,0.709277248825828,0.0579231501528669,0.772229520685219,0.0463639097497323,0.733656140651671,0.0451324428439705,0.789805931532128,0.0423700995279691,0.728038747753182,0.0460226289227375
2.7217560226834,0.0798081286336823,1.01736858534247,0.0783680744939939,-0.322053250667846,0.0492316064562795,1,0.0403600703659477,0.128658029514776,0.677710149804346,0.0643927547358432,0.729514357714066,0.047077236093192,0.710554510060922,0.0422624681751662,0.648413583822999,0.0445360135814822,0.781143486036003,0.0445220333775702
2.63568220296878,0.0784078868701958,0.986911598685491,0.0811723075490628,-0.233118417803486,0.0571523365406814,1,0.128234137934394,0.0995571624361855,0.500767983912186,0.0629706811265395,0.784629045893303,0.0443102320729155,0.670534811216212,0.0449141692122651,0.631350305675253,0.0459942447586857,0.606990133686748,0.0475248771843736
3.01144315729982,0.0839966557654443,1.20243909775752,0.0926569114069251,-0.382326073264463,0.042718175786965,1,0.0846795106083504,0.109574475951901,0.739389801191493,0.0565243821850733,0.783980439779038,0.0443111286621055,0.789682365277972,0.0436934407283771,0.829153693635287,0.0415362502238489,0.689857386345749,0.0460223822749441
2.60417496002434,0.0738185216392513,0.896841064246621,0.0692445942411993,-0.192065432113059,0.0608382242742004,1,-0.170056547792435,0.123630698320731,0.785646964650712,0.0597866165594136,0.695056111546399,0.0464459884925786,0.691114955309448,0.0397322562958843,0.666691438470333,0.0443081286550912,0.680007051431291,0.0460610725213297
2.80806828306354,0.0839195694164096,1.01891425416132,0.0778094699829365,-0.325516053153182,0.046535122474934,1,0.166393782734665,0.104440464846101,0.729468968808912,0.0586262294772242,0.670172965704837,0.0492803222315394,0.693889232251695,0.0446679281008406,0.662731828156093,0.0436381026195621,0.698983955474819,0.0463402129370451
2.73215411555308,0.081767408729686,1.16405077331991,0.0919693544257009,-0.338501643948655,0.0475377144736757,1,0.0120732191687017,0.112725173550941,0.688011581885243,0.0600812099846824,0.678293716084874,0.0476182067202994,0.770154468753119,0.0416608066296006,0.752349292606263,0.0436203253376897,0.755661278226141,0.0455700306077568
2.62290345672961,0.0820439485415887,0.848892599543348,0.0719970572823109,-0.224219232701718,0.0637890774686134,1,0.00757278657287053,0.107387648526371,0.596769894967552,0.0607892085491833,0.684066260148167,0.0492459994109193,0.715351474113194,0.0414535550515225,0.599717816261736,0.0466675327976723,0.673683580557414,0.0458142248498205
2.72445130979349,0.0843087723301934,1.07201420377365,0.0888425096237323,-0.203441220145712,0.0603448691355124,1,0.0889647150977502,0.115159924871848,0.677990618744603,0.0598538603939938,0.686662019746299,0.0455219673598005,0.720677011212331,0.0439265294973125,0.641144674507482,0.0455257795174162,0.650612457581986,0.0493723248309138
2.68919529601246,0.0794374713352917,0.887997926157295,0.0728471629043451,-0.360511428024972,0.0443659252713762,1,0.05907360252042,0.113478321783311,0.627750401284714,0.0625850351851651,0.699567990175128,0.0477630072763374,0.733333488922756,0.0414518393086406,0.677634140998585,0.0449897992437065,0.743324574923078,0.046927340190008
2.77667991551517,0.0864361250837022,1.11579744673035,0.0868927617581928,-0.358799277116085,0.0447690774408893,1,0.0902749050119569,0.11020173957019,0.700240660103884,0.0569004631414895,0.70307362252978,0.0470599900309678,0.744739777607863,0.0460753546882396,0.777546792413376,0.0441534401189066,0.738757862863312,0.0474663511712951
2.70873982689352,0.0777318035044654,1.07882774503177,0.0831484673584166,-0.317049860078143,0.0459879203440079,1,-0.0944519368691481,0.125014982821908,0.718072701971456,0.0622530138206853,0.641837951397822,0.0485939575208914,0.740578072876351,0.0416690961535651,0.714691529233342,0.0435425401261277,0.671484154179024,0.0453902814504603
2.64552358093737,0.0774073824718374,0.963240339715697,0.0769157080706027,-0.285992569526084,0.052959380945804,1,-0.0660233251804494,0.10440544826631,0.7120150109189,0.0542571734231079,0.691898814771833,0.0452353990351624,0.779567451847632,0.0403603569337633,0.604265441967391,0.0454604194285295,0.690148891672198,0.0463899326806083
2.62226044584403,0.0767384090555156,1.0631900420437,0.0807563841168353,-0.276765983255,0.0485646675538373,1,-0.140202343923649,0.122055245077969,0.714299858094907,0.06315390942663,0.66085875998716,0.0464258250753662,0.687209770824495,0.0429215347747863,0.722780526600245,0.0421970367699357,0.663143751314321,0.0461837790614345
2.6784762434564,0.0805884920712067,0.958829094885592,0.0765685559598431,-0.219375635465477,0.058268546210181,1,0.122927534434488,0.113575208603526,0.571472502433085,0.0620731955019963,0.662663636466389,0.0507999650810312,0.727937497879016,0.0447041478255715,0.691609069623861,0.0444194601043178,0.663094996366448,0.046981995813854
2.87118499476823,0.0920430631633594,1.19651058685377,0.102762712110798,-0.328911506280665,0.0502229159675676,1,0.151915993010753,0.118137600557108,0.703015782893987,0.0618428210966467,0.737110967641394,0.0454977893949285,0.734977339128868,0.0452367723740581,0.741669113074298,0.0470540139286426,0.770706932133904,0.0473881406239875
2.60876639140443,0.0796332439964562,0.873320259314357,0.0729980892406093,-0.338436828625974,0.0487651493708258,1,-0.0107688865278266,0.103069035898164,0.682739255224052,0.0577738575930513,0.682854948058848,0.0465882663417268,0.639530634278007,0.0466488257782613,0.63214600621082,0.0468016993145135,0.629802560795464,0.0485313927984453
2.63732235096087,0.0783050577265243,1.05106364326638,0.0803517780652633,-0.292316444250748,0.0459581037650295,1,-0.0941714382896983,0.112629245144486,0.701919564790067,0.0573624532774646,0.694032931847046,0.045033716956092,0.705468756927954,0.0414655368980056,0.585027022667635,0.0475579782978516,0.745436858573591,0.0446398475851134
2.65061583046764,0.0814922529714293,1.07649739329851,0.0849026820777381,-0.292032550823653,0.0573946634506796,1,0.0804855647698495,0.120633042973111,0.611165109341468,0.0657141063856855,0.629191073438164,0.0499391397633813,0.72370681965469,0.0449842927734574,0.671945047720397,0.0447656656615461,0.654887918991323,0.047393579470843
2.516539794853,0.0736580135491379,0.845195158590552,0.0638019594449634,-0.22322947294436,0.056380778299319,1,-0.132150519053416,0.120448676840525,0.687476890133582,0.0635299976020732,0.680767185696443,0.0475555042601338,0.65353130816835,0.0431897805775248,0.619053904114367,0.0441896132551477,0.651575131456,0.0449400247809036
2.72189956504083,0.0818876644066107,1.04129565372054,0.0861317299853259,-0.310222045867594,0.0541237594639925,1,-0.0813676302723729,0.108186239849752,0.7671837499423,0.0546645235090551,0.683296963865889,0.0453273928052818,0.728569279659913,0.0426541712480151,0.669004488699709,0.046108849756761,0.688748629690783,0.0472440140925406
2.7011628731665,0.0785378160493977,1.00227940992457,0.0791201302067927,-0.264720625158154,0.0511281426357617,1,-0.0555171401965653,0.113063009245839,0.740689788642904,0.0569399244962384,0.710293705211829,0.0443075088236705,0.714897069228927,0.0421813449595886,0.6639605636884,0.0433960658885488,0.72121744184674,0.044751371140255
2.69860636600086,0.0806938496063442,0.880709777940683,0.0710966919812636,-0.307895651037756,0.0507284768784789,1,0.0350733706908814,0.124243374696757,0.747616677451511,0.0588212739320702,0.624360791781076,0.0492003944423214,0.744470186754652,0.0448652508689203,0.66605164522208,0.0438341175234802,0.619111121119511,0.0462317880175757
2.78677153376534,0.0850612809865977,0.980657951309831,0.0807109156351771,-0.355091734936968,0.0462831008741532,1,-0.0212327994818519,0.117715953282045,0.807261033891175,0.0594758796641373,0.671220679326983,0.0481510376401957,0.649157359980232,0.0446099888536721,0.707882268807094,0.0446240400308339,0.747249769539057,0.0460396303746963
2.75394113732178,0.0819313991279135,1.09326062457173,0.0861752872981417,-0.232622135424569,0.0529660813332332,1,-0.052349367233164,0.114016337724906,0.71513773362329,0.0596402476743322,0.631658336686235,0.049491664671682,0.729151044157369,0.0434915651401959,0.693746535915863,0.0439259237089349,0.676075172615935,0.0472237198048006
2.63359396473658,0.0765044394715918,0.918753718666248,0.0723624420828836,-0.175810250007705,0.0594806934551472,1,-0.0288897610999785,0.107442782886391,0.689463124470949,0.0566371415059853,0.650827319843138,0.0456943085910565,0.679569051338376,0.0427222684523124,0.665904582370338,0.0426522044267345,0.592730793740326,0.0479566686811076
2.74367167852314,0.0799460754839441,1.05315849070083,0.0824132357410006,-0.268850841498964,0.0523010042272433,1,0.0669978448611143,0.115861665801043,0.772977885484156,0.0595747052885066,0.63359454549536,0.0476269623775989,0.690807013661157,0.0437602458256408,0.708657890883095,0.0431603960344911,0.665848316006867,0.047843948829917
2.6775318712096,0.0800645988666096,0.923392527958783,0.0760997342399274,-0.278573570425119,0.0568787245709353,1,0.0820539658501944,0.1146962171837,0.678164188983058,0.0620789041938311,0.675105842429411,0.0497774351816594,0.667384993776821,0.0452261168765245,0.70122866556323,0.0439926496072857,0.714358571419825,0.0451334017294375
2.75380195456953,0.0811180112661862,0.965982255562547,0.0796638198154271,-0.270476182642832,0.0537373784245246,1,0.236156952277675,0.122785968459352,0.580674807359108,0.066467793524585,0.691977514897024,0.0491456181899614,0.687541508158292,0.0416875766356738,0.711839875767219,0.0426826300421568,0.73456404933819,0.0452219088852883
2.76044762121479,0.0821963738464072,1.08644866916744,0.0843336022992161,-0.330879380052889,0.0499606805195049,1,0.152263052223724,0.117324369223842,0.665645992426811,0.0588293201967454,0.698977844435659,0.0447477436070784,0.71572979954211,0.0444432518617164,0.744394783183462,0.0435838182758933,0.646765780482025,0.0487454262068653
2.77731563625123,0.081303516713404,1.12343236910294,0.0859503910530655,-0.272690295888068,0.0528176661054325,1,-0.0988792457234323,0.121167988689109,0.832168951851942,0.0545149037675567,0.635988932199713,0.0476771983157888,0.718236405268532,0.0425236318684096,0.699779879868364,0.0453715351644238,0.724247785261276,0.0443795839253965
2.58217054277585,0.0778261276542825,0.901300035026567,0.0735928833315858,-0.268267998721826,0.053117198822757,1,0.0216257954488768,0.110770171691727,0.720485772524269,0.0572985771619091,0.659603938289087,0.0476104644980954,0.54369291646175,0.0473095671270755,0.676046017089297,0.0419485613309884,0.609669285373741,0.0453519974804003
2.80378343430063,0.0843019572844029,1.04602389612193,0.0856889316038305,-0.327450397506469,0.0521852407283526,1,-0.0502002828783524,0.1254947853967,0.769294221452127,0.0613327493456676,0.803354018690834,0.0467184541658214,0.685450545775624,0.0458345915364438,0.751098912619457,0.0433005353719695,0.751595406888436,0.0466243106825759
2.67429486207016,0.0813011543282215,1.02312807108801,0.0798804640201244,-0.295184904556711,0.0480970156318497,1,0.159488049617445,0.107392560537717,0.626392127556009,0.0575398503662698,0.607197032122082,0.0484296354142748,0.743576789918166,0.0428695473722127,0.759036853402046,0.0430670010736262,0.655791017722607,0.046268285311849
2.82068633497015,0.0775146165084484,1.06199177543355,0.0812034826622395,-0.419337565271018,0.0372444345633972,1,0.107863627954451,0.108271950277149,0.74219296132439,0.0558237123708691,0.775728343758721,0.042436511938205,0.759144656447248,0.0404064436131293,0.746530810574729,0.0435547509391834,0.685499868995284,0.0478912012365732
2.62636894363554,0.0791413520123279,0.961410053054752,0.0766733751330066,-0.281313298685559,0.0500151931363619,1,0.0834047249387761,0.105306183917068,0.575490856592882,0.0636028552851069,0.648423449894697,0.0488317964714924,0.728878485130162,0.0420569015771218,0.633452557742124,0.0452256254107038,0.743663148621954,0.0470365315133843
2.8016965003857,0.0896701559084638,1.14962682215662,0.0931967808610615,-0.344003774240607,0.0528491252001865,1,0.0877502906335806,0.119579921862948,0.677852746893515,0.0615536944424616,0.788986870931186,0.0480961791725731,0.668492827675507,0.0467758165776698,0.795685078394064,0.0437353693905539,0.636597894672114,0.0492015077053099
2.6517945281538,0.0793170713074034,1.05770646581096,0.083529508626532,-0.272776701566309,0.0535315206882174,1,0.021238366902349,0.119094989312046,0.671224676055131,0.0606080756075754,0.652683147464757,0.0445885710174257,0.680462312643342,0.0433903227498951,0.681765125831673,0.0453667559312219,0.691914659534224,0.0469677578969295
2.6963835663756,0.0791978863592566,0.976606726530226,0.0783716703808613,-0.225514581768252,0.0575376521761428,1,-0.0150502927791329,0.125161893802719,0.750195524874831,0.0614348547642055,0.729389918955914,0.0459981976399458,0.60038546859759,0.0452774669824342,0.690507382499311,0.0435549869869272,0.712893357953129,0.0453477381076815
2.69361810524517,0.0831933714765758,1.0339730572958,0.0844702748131302,-0.2436175766008,0.0581828143816529,1,-0.0646027536588913,0.121126739074634,0.7585583409356,0.0576902860559073,0.656226924977707,0.0472579329692463,0.660557463054947,0.0469556902671644,0.688539605245187,0.0439591623083207,0.674252645178059,0.0475121740237287
2.94814723135431,0.0897715031032401,1.18411540217705,0.0942047948863067,-0.436841239252686,0.0394083975309529,1,0.224094385959881,0.12330181576621,0.635183266615055,0.0653958330669509,0.739553595086027,0.0507903773251114,0.800790703230903,0.0439631469612618,0.785991673292578,0.0410201057129033,0.780146505731322,0.0475414738500361
2.65318314191125,0.0794077988879216,0.972674663940056,0.0763707607558612,-0.255844838327524,0.0546159582696518,1,0.116581435057604,0.108402828860377,0.591141444853153,0.0614098597846829,0.708928758371652,0.0479498288589348,0.68194927729845,0.0434813354382267,0.708792570957411,0.0428827723199781,0.625690853989894,0.0468558968564858
2.66228597699517,0.0758035947877716,0.912995765314152,0.0722689177232444,-0.287595564685142,0.0518720779486108,1,-0.0413734227866894,0.10230299166094,0.739108899962082,0.0551398879575221,0.68723216817351,0.046181172321699,0.727070042449056,0.0433820506794996,0.644007607653563,0.0459401406424116,0.685768402002554,0.0468625186471451
2.62843925113383,0.0778167805879426,0.88349636007847,0.0689418368903293,-0.242969939725778,0.0546973728661832,1,0.0560156431135171,0.104453964219886,0.697900948769482,0.0555559482872834,0.633047944999069,0.0467022340737487,0.702528041362764,0.0447652076274047,0.595051090131661,0.0467997028046318,0.690449125487217,0.0438216202663707
2.5483114523208,0.072189346978683,0.856685532164356,0.0651135701476384,-0.238224926981828,0.0524077851452144,1,0.0134186346082965,0.10697349051775,0.611771180876863,0.0625349419106716,0.59405447429281,0.0496132435463778,0.705107089034935,0.0414117585221347,0.644872265533566,0.0423549775840779,0.620125558315951,0.0454275421925109
2.70880353421603,0.083840833470213,0.950616244016149,0.0774247391258022,-0.288310852789235,0.0508034914203603,1,0.0577437378574495,0.10888568265888,0.703095119551472,0.0578758846235256,0.65868607987768,0.0491883343095248,0.72323898789057,0.0448944955894723,0.730590610526684,0.043742693843013,0.721336618972763,0.0440666413988915
2.55085681378141,0.0733442302542876,0.899794477453524,0.0720282807577011,-0.259137713084631,0.0487773385626011,1,-0.0477629616745724,0.0958351283159891,0.589652023133447,0.0588442380685274,0.672124895597256,0.0430383841625405,0.693252448070593,0.0416187667193,0.545747397900084,0.0457184620566775,0.65581354239788,0.046313829067706
2.75943002130945,0.0806658311125121,0.991156503843644,0.0784546512033816,-0.343509605246298,0.043435801514114,1,-0.00725153537748349,0.112331113807601,0.774873385776535,0.0581090031083281,0.67748181483682,0.0452270928994865,0.796815020420435,0.0425431840821719,0.652181226454854,0.0457238062022144,0.659226013615107,0.0483655192262241
2.68856816297944,0.0815335465827848,0.88018574851952,0.0717010006820167,-0.25553348540312,0.0561200053715898,1,-0.0162901763644057,0.11079822883946,0.644657270031585,0.0606919751223815,0.68880680849899,0.0470233550445981,0.723735785741948,0.0422423178088314,0.690835820835768,0.0447668308474181,0.667015813885256,0.0452356549592492
2.74361069672687,0.0845274910002308,0.990612648970657,0.0824317913051081,-0.266713162586193,0.0573570955464391,1,0.00440233513084884,0.108925978188554,0.729978651149485,0.0593681047132433,0.698513615171422,0.0469409904544035,0.703846074465367,0.0448100049920015,0.729702987524287,0.0443543134645051,0.683840616971895,0.0478395286925559
2.69222731804845,0.0812560895268274,0.931472698162378,0.0757163283792839,-0.244580552003424,0.0555174078082929,1,0.0104353318840584,0.11112127838167,0.695927271356941,0.0566044564568065,0.689570562251008,0.0464428056133378,0.7141480954199,0.0425348654132114,0.690130694357796,0.0450254995777047,0.662268184434883,0.0478311659314429
2.8325876288514,0.0860910669507414,1.04743108202938,0.0851856413058079,-0.400325445188327,0.0440815747316746,1,-0.208538951050081,0.120365469032837,0.79014352728374,0.0619438124189649,0.73253047043238,0.0493345458042594,0.77707807580734,0.0439755704366265,0.737757228590396,0.0437462907631704,0.684046382686219,0.0470997716309359
2.64246715232246,0.0766117335217149,1.03766259972351,0.0800174644908878,-0.263957841440067,0.0501102077984788,1,-0.0626728986174127,0.117354001358582,0.716553466612977,0.0573180553909274,0.633573692115139,0.0464220205013347,0.69496652713709,0.0423411741174473,0.555398172314801,0.0456382486881964,0.713979928814052,0.0453395682400505
2.81791159870358,0.0852067986910361,1.11916707824557,0.088029242192423,-0.282551079404066,0.0530931463582982,1,0.131552407346475,0.127043676052487,0.678418711946882,0.0644481140067348,0.692623880411125,0.0489878315911747,0.734661162015483,0.0436899838378463,0.67237861192813,0.0449546280228278,0.715711023518756,0.0448843634491043
2.85072063903594,0.089845410628088,1.14556196089539,0.0926131407117109,-0.325542196683911,0.0508704311911876,1,0.166604275888925,0.123834438368546,0.641876488051707,0.0665516125708025,0.748306273537373,0.049081287767959,0.722582863960649,0.0435538179348132,0.717250077028414,0.0449916878048652,0.742555786816807,0.048176001736442
2.62820614940798,0.0769798630831253,0.994637507543886,0.0774520519089006,-0.30261303992853,0.0499472193823135,1,0.204764667344613,0.101623043734494,0.531664214574984,0.0633322095228088,0.618668951235745,0.0472596460504727,0.717721733252164,0.041585887926817,0.714940118698017,0.0414465761369095,0.652613128465618,0.045731903787897
2.70460976611836,0.0755968493447203,0.993591964759703,0.0784579265689325,-0.238595420007555,0.0513962668741387,1,-0.143930257699254,0.108599649429347,0.742367917929297,0.0547979248071817,0.744140046631026,0.0438109302106696,0.649426654666631,0.0426588726762932,0.695265155437792,0.0431969296627281,0.672911757287259,0.0469685882932541
2.90337098669058,0.0838690965631554,1.09279474407581,0.0851213455685285,-0.339288537056074,0.0463361424078465,1,0.0642969505035648,0.123315161894095,0.77136505621161,0.0602329723619371,0.737321121171265,0.0462373434682139,0.73034030542997,0.0424249515070366,0.71215442456024,0.0446600164176385,0.738944040651959,0.0455480059602669
2.62666915214471,0.0744443486655011,0.979252080921551,0.0773116807381343,-0.346916513524424,0.0428880081954189,1,-0.0754549562662902,0.110379572191587,0.628663152065343,0.0603756363607156,0.725515073383037,0.0462890424831573,0.683741513883504,0.042430862158836,0.673448918310397,0.0430405031799084,0.666788305739456,0.0472092747490495
2.77750903157598,0.0844640866581674,1.08492113728217,0.0885441840749994,-0.296867190667403,0.0497884707467547,1,-0.0638078068084726,0.115552424684646,0.677913230410345,0.0612431851333702,0.777717015327942,0.0453109176512993,0.717933099192108,0.0433716525017064,0.741354547048907,0.0443418051570702,0.739458473129751,0.046459976571034
2.81282156479477,0.0788128508846996,1.00217310232075,0.0750010622537557,-0.295283183562133,0.0503306314330647,1,0.0152548942809264,0.108732810143914,0.801257742045036,0.0557355576015966,0.648952795069053,0.0502973585619224,0.704436519239825,0.0439189729091886,0.74572347447057,0.0420580383509328,0.771177751915699,0.0436753278512532
2.63493260064748,0.0791240028372157,0.937883968506246,0.0738771375524586,-0.320722922277552,0.0470874480010047,1,0.181062529443365,0.107137481172931,0.571813532186084,0.0582237263123418,0.675131343574711,0.0465249072290086,0.71019595208781,0.0437220296092789,0.674664096202135,0.0435158525554836,0.723484112369804,0.0440325354774727
2.67730247245313,0.0787574213184158,0.945882895261837,0.0770354664029397,-0.225178693150297,0.0561458915801524,1,0.0225416864623749,0.116537452448352,0.654899641835695,0.0628779136218136,0.725968748306264,0.0449103640163874,0.652992912805114,0.0465924972964995,0.751667940388953,0.0401653925853769,0.565493608875599,0.0479054920299145
2.64124214663948,0.0786317598827048,0.96355177328228,0.0754103020937678,-0.23717803059524,0.0508536812153756,1,-0.0196176174220536,0.115312999510308,0.732556662858893,0.0589116077055382,0.647417162452674,0.0468903621785136,0.776627495635486,0.0401723963619116,0.673630185847433,0.0422123573758933,0.649657389467353,0.0479330784048144
2.66963952811512,0.0825596179175993,1.05050055179785,0.0832532369550323,-0.30832965020275,0.0493435355722453,1,-0.016836917390293,0.118718158397726,0.653481413603813,0.0631666626010527,0.750131082117259,0.045869219728407,0.58607986419219,0.0464388575897795,0.768594880843498,0.0420461490562831,0.68712476595019,0.045846429693472
2.70311007649954,0.0823836441429648,0.922002811405102,0.0759379061158093,-0.198521767959081,0.0587747487172342,1,-0.0122354289561714,0.117177981105257,0.707433268008443,0.0603626322991501,0.642889700895793,0.0473213402355221,0.625720991587351,0.0469344387635589,0.712679435852751,0.0450965162850756,0.739200897021686,0.0459862409049287
2.567569783922,0.072979651875445,0.92244964422761,0.073490887889107,-0.228194711177934,0.0510235951878276,1,-0.212474784931456,0.121820850167739,0.770215922875964,0.0587742824653056,0.656687325526094,0.0464111500344215,0.717104055125248,0.041894906718522,0.691417778002339,0.0428795771554817,0.655029440250593,0.0450153588273333
2.77958245558446,0.0840211031373239,1.14683257370135,0.0926410584495307,-0.359843211716277,0.0498608846411207,1,-0.014937370363855,0.119439877732977,0.720008994308072,0.063625534140793,0.689712710948545,0.0507890988351485,0.691058232984196,0.046967890607185,0.793323697520347,0.041543892920134,0.670114252577274,0.0492542589608772
2.77014079116457,0.0822428537368802,1.20075819032142,0.0979624755710392,-0.338758429007366,0.0456999905505294,1,0.181367810618145,0.104883931978957,0.633191622004378,0.0616692459552359,0.683794455805736,0.0460902958334256,0.651981384722915,0.0461624526643001,0.696803127629714,0.0465988583218986,0.773286786766913,0.0452601502807512
2.7304513552757,0.0853797786694216,1.02574228596525,0.0816698078936658,-0.265974838340351,0.0555148979908215,1,-0.0964959409461514,0.119026300194517,0.782066062250983,0.0545323809258551,0.715546019236835,0.0454153544789539,0.701165464877267,0.0434652679659574,0.736116730511365,0.0434558699161289,0.622295354860684,0.0497477311121329
2.85121253685685,0.0855528675897643,1.16206347461596,0.0912803230826748,-0.414019239889962,0.0412274891742421,1,-0.0495878345063146,0.117212534864346,0.814825765083371,0.0550715183113336,0.716767460181085,0.0498571494024536,0.712362614995404,0.0422089494023174,0.713406398078107,0.0459037106402506,0.754824711007653,0.0453637365948307
2.62301195672903,0.0802751168274763,0.82749595323446,0.067691341506895,-0.273510006537284,0.0526429422805168,1,-0.0559985755151834,0.119521043393254,0.770030014075062,0.0602469338301877,0.604818311565319,0.0508076957221369,0.62799285335881,0.0444414684537085,0.74100023849788,0.0429716004513472,0.65063854692374,0.0441445522710408
2.71842997131714,0.0830511157440089,1.06819390514536,0.0827690225560264,-0.315531882522063,0.0502292101358744,1,-0.104317929959474,0.119831581215969,0.681065179557411,0.0614295517464162,0.767849882511572,0.0467620057198465,0.752312882072108,0.0427606087571005,0.686533570000173,0.0452113086072914,0.675757663911711,0.0471184080402412
2.67096383192956,0.0829878876715541,1.04431734913272,0.080729864570247,-0.290586049044388,0.0536083201017763,1,-0.0645015950110107,0.119606916366738,0.673100521211389,0.0591170545108598,0.718749816799614,0.045743507005602,0.72076983503941,0.0446909654892706,0.666714921819658,0.0449629030880823,0.696762014535005,0.0463725824598079
2.66704881546617,0.073714643160585,0.916025813211672,0.0707375131846792,-0.33822590472567,0.0469080591480782,1,-0.154643945004428,0.116860962120052,0.77866729468141,0.0585891412041723,0.672429019758483,0.0470363645438216,0.747242547155608,0.0414105493125525,0.734196317651669,0.0415291939782507,0.627025632157089,0.0463363497701939
2.66446628169399,0.0817417652099541,1.04169978386839,0.0878744011705142,-0.28659426339746,0.0544008501328395,1,-0.102034155948009,0.117260903932915,0.692323813885687,0.0608499128916012,0.710940931857861,0.0462850097624689,0.645759332107791,0.0449606127830885,0.679814824292993,0.0446427047142184,0.750167016763213,0.0461699991059821
2.75739275793851,0.0818301950618624,0.914342457629677,0.0764639733305562,-0.260832352676262,0.0543616250641627,1,-0.162105587043152,0.125761323465115,0.742823697854354,0.0645946382269857,0.754423258577424,0.0465082837398269,0.707461854633414,0.0445843289629873,0.664561688922077,0.0472661619966881,0.702481865333449,0.0468387873212435
2.84509634548433,0.0880281696459674,0.977267648602051,0.0824930803592316,-0.336811036376553,0.0506512989564453,1,-0.00498502022585055,0.115250363134478,0.716765649076238,0.0618432351409931,0.797433792348153,0.046540590327585,0.754671831733737,0.0458238306079964,0.680469406516507,0.0475365268125329,0.691543801882758,0.0471660815010904
NA,NA,NA,NA,NA,NA,99,NA,NA,NA,NA,NA,NA,NA,NA,NA,NA,NA,NA
2.66926441959948,0.0823053003463264,0.952211190535226,0.0783634067100401,-0.226071519049363,0.059482448230678,1,0.0587638748152616,0.0984718019613645,0.632774873882506,0.0597952899017358,0.658465593567844,0.0497265185547807,0.729014166965248,0.0421756993505435,0.689360475189019,0.0446743252859167,0.666405449319067,0.0492651195696742
2.76813561602708,0.0812175660551464,1.06579601433947,0.0818234154848371,-0.246307254938402,0.0544260155803551,1,0.0501701877976411,0.13090326717079,0.696047342073464,0.0658179952670104,0.701795485292344,0.047105994334394,0.682349355671741,0.0450786625129504,0.660834794756219,0.0446136103180116,0.740432273355217,0.0441462889589749
2.57041146263538,0.0733841149122037,0.856617785990248,0.0676343001501209,-0.244381838903396,0.0508704445288579,1,-0.155564260742584,0.106813545881934,0.699300253140298,0.0562283845617781,0.689605397748586,0.0455272973439194,0.600981769247156,0.0443535201231674,0.712512341731827,0.0432001296538707,0.640651614586592,0.046602828365056
2.74289734479255,0.0842969624665246,0.936449623308053,0.0777221633243614,-0.221228514953909,0.0597950693352606,1,0.109743404044753,0.115740644031803,0.719582333139183,0.0587915495122559,0.656771349244768,0.0489940708525005,0.723035295642262,0.0424129203351041,0.661959906944875,0.0481619817501142,0.657716220913178,0.0480155815943357
2.68253131274025,0.0803601732176054,0.964549981569784,0.0751326068056467,-0.20791705021878,0.0557171110939029,1,-0.0161446981614175,0.11762057023021,0.658909341344788,0.0622707715000328,0.634591824036342,0.0485785892816677,0.677653675545407,0.0437884772947561,0.682776811331655,0.043593336745795,0.701612863036658,0.0462783786221811
2.71689121450888,0.0783737753736382,1.00010201225663,0.0797350860233669,-0.298730572306379,0.0477389415611481,1,0.0119929588691084,0.109758760805118,0.744930687366723,0.0570120498101181,0.585116831430469,0.0487960987588625,0.724669754456518,0.0438827458381958,0.697519903187551,0.0426228442583642,0.642238029964198,0.0490120169927757
2.58215821877307,0.0768918045674069,0.881875007450417,0.0704553248499323,-0.324893497159113,0.0514094940514171,1,-0.0349765315759208,0.113715105989329,0.630410817896469,0.0615651219490102,0.670860053637637,0.0474630029233892,0.661236547377696,0.0432745947740869,0.642474415303767,0.0466082131813124,0.691045008595394,0.044909039483809
2.73221870521451,0.0826188128923199,0.967498832842785,0.0782935487915826,-0.277296853708741,0.0531693880307278,1,0.0458807292747259,0.11183616624699,0.674291411368316,0.0592972195415906,0.706039543949271,0.0447221234592085,0.660268623137431,0.0457563628152053,0.678406113253975,0.0469614868364378,0.699098266721395,0.0475423671624526
2.55578173518183,0.0742122384534916,0.950576088358461,0.0730629978166833,-0.22851091120238,0.0503130908277965,1,-0.00487141200285753,0.109668818482589,0.683811127236029,0.0581033050273604,0.550727648427046,0.0496129747535322,0.758232902522421,0.0415059298755337,0.62057608442136,0.0427903809195788,0.713853672135798,0.0422878011317973
2.70302196578074,0.0763207917537263,0.931063645567822,0.0690022258081833,-0.281580763388273,0.0510539152100555,1,0.208321599846633,0.106877823021165,0.631986585731664,0.0584417390189657,0.670343828920081,0.0476567336887621,0.58396187926027,0.0449982519164292,0.754997248848033,0.0403201796235773,0.645414429293238,0.0448382519212231
2.82523424738756,0.0897294582578605,1.15959255899482,0.0961209262735054,-0.343159937219806,0.0507115631819207,1,-0.127673775315102,0.121571831362495,0.803618472899308,0.0614229310029738,0.713495831330957,0.0482397008098015,0.728137092269115,0.0462543796798466,0.748862806091963,0.0447829690773274,0.754351103486617,0.0481658437228359
2.75106675196215,0.085517533033327,1.12013045210576,0.0942299063332223,-0.263860775028876,0.0562763439563098,1,-0.0295913514902391,0.110380370550459,0.686963232099849,0.0589948824119228,0.759513406839997,0.0453567311582996,0.657285036975252,0.0430226872240864,0.716626546095179,0.046270195080842,0.719156078666036,0.0490234730212299
2.68782554796013,0.0805127219389293,0.927306128773825,0.0740987301819804,-0.260933591571115,0.055757133836957,1,-0.0713148244104649,0.12275761942915,0.658700593836073,0.0657298312472997,0.648089130559628,0.0497447723310516,0.71809119741792,0.042633739557793,0.703352294748765,0.0428918934635053,0.696548026745362,0.045898293479831
2.61415347466704,0.0756276634969895,0.876223102662459,0.0691516162390693,-0.250917820121323,0.0518122104334058,1,0.123047767819095,0.108844090693869,0.593414857108777,0.0597990918989295,0.697000722986751,0.0440925008614188,0.653628346978432,0.0431939431739044,0.653819787218432,0.0443926549576864,0.679188471035525,0.0476229942348251
2.55264015897969,0.0731122146178005,0.868616302173369,0.0683229526789911,-0.193694681531803,0.0558813019027047,1,-0.154519141887687,0.111560515256266,0.654295568915836,0.0600579600027363,0.656783381011951,0.044793159170746,0.646504995487511,0.0426258636569097,0.622046375709595,0.0432267266158028,0.663378583794285,0.0453652047646097
2.71738814321555,0.0830134935483067,1.04162851436715,0.0820505753001997,-0.363129937786028,0.0474573706908738,1,-0.0664096954459261,0.11893817706217,0.759787607792193,0.0565817633705504,0.713696273252273,0.0448690846875631,0.729199725022846,0.0427948185376879,0.664456807904124,0.0466971018719021,0.659081880659724,0.0492812093390797
2.6729649141984,0.0797105372023813,0.981942785518427,0.0772530062119657,-0.236073421021217,0.0550924420568155,1,-0.139054025157877,0.109426694065409,0.756407504620459,0.0592193764417566,0.649506760431458,0.0470559239662799,0.645213350692798,0.0448369211134917,0.749875066085777,0.0428756625178568,0.64753608869367,0.0450817412478343
2.72746283700452,0.0786899703021271,1.10638086078762,0.0879337480759903,-0.350193837744427,0.0435272625656971,1,0.200540341996474,0.115584004143832,0.627994996518632,0.0599769320108005,0.707286761803655,0.0438353310441455,0.700226365098307,0.0428824686244053,0.707583423543902,0.0432100918361852,0.777399957485239,0.0458255101509148
2.66824403623624,0.0788328270250255,0.988232455551976,0.0812380580981866,-0.275648382657422,0.0552641937454268,1,0.116694648752444,0.111318698917628,0.553928891425267,0.0641624235584545,0.713928930953058,0.0452341730351358,0.689909989131806,0.0427537611992531,0.676769860161561,0.0458385380370116,0.649890509733524,0.0471265434540414
2.75081530079221,0.0792084927396714,1.08460133881759,0.0801688953244172,-0.344641671722336,0.0453570903521783,1,0.0718807244147922,0.115078303413298,0.663455320511167,0.0578889034120553,0.727204972350031,0.0448659363685445,0.744279477911725,0.0414265488650941,0.699508079075272,0.0439860317106037,0.734943610563382,0.047719852134936
2.65255393162511,0.0805721786849669,0.908169967096868,0.0756124378440284,-0.314646618911741,0.0505225655976393,1,0.0630528468856536,0.107663009953347,0.702381886418715,0.0563560685315159,0.590605947816661,0.0501276750500647,0.708901726096219,0.0418616618521971,0.675027873397378,0.0449937044631513,0.661374337107627,0.0474586967085457
2.74227819860731,0.0798185359355705,1.0901373454767,0.0835276927873312,-0.278331805789269,0.0499285340824674,1,0.0852747484560709,0.112174427624756,0.650657455333619,0.0588868034242673,0.712227244677231,0.0443621275736176,0.655980782932287,0.0449276826551685,0.754829319809085,0.0421556755562842,0.768473400351563,0.0443751935320246
2.74686343774704,0.0825649120822968,1.05124333057459,0.0883038681478721,-0.281757132036218,0.0530581877546304,1,-0.0587950767975476,0.115840576009856,0.733787475829668,0.0610667022801522,0.674532243018035,0.0486243483313212,0.66731499237815,0.0469661203878333,0.781499330657653,0.0432102888587839,0.685360958718793,0.0467627625389342
2.79233310153582,0.0795023413356965,1.13182563602454,0.0881498382620653,-0.291727757490128,0.0505770373010375,1,0.0275084729142516,0.119457257860355,0.75573994879482,0.0549300355087737,0.620212409344408,0.05024358563877,0.717880307540335,0.041833293692668,0.670642420956906,0.0448973271600836,0.712278601750227,0.0448857870435472
2.71527153705423,0.0766215739025627,1.05498810384636,0.0824123861221511,-0.200184962632616,0.0523655764328558,1,-0.0353770717167322,0.11538195424988,0.745024476784284,0.0566781615713324,0.683540169316735,0.0456507869935114,0.729152197629074,0.0405476826857743,0.671102159585468,0.0425615374823744,0.67484928385656,0.0455266794898205
2.76182705130491,0.0833806074208115,1.1479412963143,0.0872905383953819,-0.375742690461618,0.0434527481708026,1,-0.0118962266999484,0.120996314913994,0.722868639045857,0.0595616030218015,0.668030709962798,0.0455622828049355,0.764776233801002,0.0422894666769026,0.670290362718631,0.0447911013126703,0.717443101793612,0.0477969841467229
2.7865213530708,0.0840261652577352,1.06292236219363,0.0869425999957865,-0.33146231087281,0.0483363073881981,1,-0.032046391254389,0.120626242347897,0.723843550558154,0.0593398072731257,0.748781828651337,0.0471865635441024,0.67280228807802,0.0463780463929686,0.763701819237337,0.0414583493044389,0.712269155986336,0.0451990383106849
2.55793550066054,0.0763520141407262,0.774577211104922,0.0623073487647824,-0.204806982490525,0.0565247770213652,1,-0.140206403524127,0.113780005306739,0.78314167772745,0.0580557335888111,0.572118761989281,0.0481562552811919,0.635073143270556,0.043267582706939,0.590537386686607,0.0456073357208505,0.724204631644498,0.044443773409684
2.6253902051333,0.0780576628244773,1.01538902831693,0.0816563581606014,-0.186787461009879,0.0604957561042501,1,0.010846264796225,0.104288045827743,0.688910982672821,0.0581641080568114,0.638243903414101,0.0479488693382579,0.685580570596843,0.0431156231141858,0.688658691806974,0.0423427880522399,0.619460133753611,0.0480262870944154
2.62278596677424,0.0746904239733823,0.862076387716678,0.0663620128272738,-0.244198545713745,0.0561488522575307,1,0.0543210692926697,0.110497078486057,0.662117285074486,0.057690109086002,0.665259440744357,0.0477397447692751,0.624711066087169,0.0432008429745031,0.730103640560733,0.0412833329682087,0.599739939035511,0.0469149849500973
2.72254784846723,0.076341009903516,0.910572295089445,0.0724546666419786,-0.30975285025439,0.047444562167219,1,0.0491137261692996,0.115267427317552,0.708557309634214,0.0586878839426119,0.744666597825037,0.0433922633690414,0.644387894351091,0.0446510006335584,0.682351739125721,0.0443304733896031,0.745797002577963,0.0440196682521688
2.76046575044269,0.0860376083530339,1.24896417760382,0.0997745177197698,-0.346309915650347,0.0476591401895647,1,0.164498822630456,0.102995192808619,0.607933948668957,0.0575848936077353,0.774056992699328,0.0457330499441414,0.729902981231582,0.0447793868287385,0.732163513079622,0.0459098231499484,0.759800321599407,0.0483395981432163
2.65851207537098,0.0782294364591099,0.878175991570124,0.0723546797750792,-0.275446637237469,0.0545623050834794,1,-0.149501071207741,0.121759855754865,0.743038184427398,0.0604646691227861,0.736201196358186,0.0439716594487145,0.6683015968829,0.0452715209194689,0.661195224014162,0.0456108065492361,0.688342914658904,0.0471841494011797
2.69398049506625,0.0789475979998411,1.08974747423866,0.0861736283800874,-0.299361896603152,0.0456176518155489,1,-0.00449060627997349,0.112515652608074,0.616423869692517,0.0650342377414754,0.643434025008834,0.0495920903913495,0.77658201030695,0.0409589985206849,0.711753919097223,0.041862467707833,0.616028728247618,0.0475293223760331
2.78105370527329,0.0789495266666413,0.99487830748006,0.076624477482499,-0.240045295854386,0.0557126799463104,1,0.0190181276028821,0.125948155268539,0.711339422346624,0.0613189454457243,0.690419046030794,0.0456099070435772,0.686788244019754,0.0426734126361354,0.6972317370359,0.0431556079944186,0.756314982048548,0.0442452155096059
2.57273630796233,0.0751216794664215,0.958510022023992,0.0735884717478007,-0.27073345966294,0.0497756519249519,1,0.0193895145740553,0.115102776757387,0.636790537705471,0.0602419601127317,0.626864758833553,0.0463871119821839,0.646704880768914,0.04177784574068,0.653625400922419,0.0411883374380007,0.731297983705928,0.0442957141392911
2.84805044157685,0.0886000179302909,1.10290012522379,0.0872717464026164,-0.345535425400164,0.0476510004772045,1,0.061590461530706,0.118327354682454,0.651754895640874,0.0626447967137639,0.796701817307885,0.0480613799406067,0.701122611965976,0.0473988004844493,0.715841155442041,0.0460663307312094,0.727513345886558,0.0459397157787415
2.70167801956097,0.0803611966455769,1.01660292313327,0.0803528035252877,-0.294747680475236,0.0530021871439549,1,0.232986809379145,0.105527803391322,0.635280820859212,0.0597059271476346,0.711469253810683,0.0481358065038052,0.682936383047084,0.0440050407889612,0.639146147281072,0.0460615812259521,0.661436212307855,0.0468840743482573
2.83218093168419,0.0813915389377532,1.08362748803718,0.0865889872850983,-0.243470017807323,0.0554427201624296,1,0.276243347566602,0.114890388218446,0.597693059329278,0.0628095577352808,0.670184005686819,0.04375336083732,0.686792432034517,0.0431113692218379,0.73749392073254,0.0437480639527193,0.695206527553644,0.0447856230062266
2.65646190401253,0.0827612301166016,0.959956785511542,0.0781444579773592,-0.232930679327231,0.057568230990189,1,-0.0600318574667194,0.111880778792947,0.673900650553143,0.0596949335497826,0.68804629900934,0.0454457420858299,0.669234315131591,0.0438962538336978,0.660521718893552,0.0443792859731294,0.668528936518548,0.0492934736844832
2.54625629031123,0.0721821481584748,0.788735380137846,0.0641190314624464,-0.211619961521787,0.0554699283487319,1,-0.00438156957210825,0.098931502585847,0.641196336728987,0.0579241182736008,0.67116821297015,0.0457705862598853,0.635753056530025,0.0429243625410705,0.587168392723957,0.0458878120391103,0.650418718739204,0.0454489758582478
2.80091305983953,0.08311123274038,1.08909763045663,0.0844359057190009,-0.320701841485081,0.0493260280080707,1,0.0806117752206364,0.119369479500988,0.672269169656158,0.0620024391144694,0.646856429268633,0.050812583069838,0.785318301856756,0.0431841198746203,0.71860610958749,0.0438961526749915,0.679748187672085,0.0459248583061822
2.7844763014229,0.0855874854319746,1.12940002014187,0.0907843871901642,-0.244190980777478,0.0548346772290615,1,-0.0317856860785647,0.114645924172272,0.655096566444907,0.0597944053253308,0.735941190644866,0.0473238170858398,0.698403871064152,0.0464601638488382,0.727160065419646,0.0446066950445201,0.682143717013809,0.047089343370146
2.67404321487234,0.08060193774993,0.932020229350658,0.0720811371121025,-0.343372949761696,0.046560966122234,1,0.0577925793687176,0.116350659744461,0.597059423544856,0.063442969704223,0.716130433346788,0.0497077386674405,0.681778519724467,0.0435279389070606,0.708423406301028,0.043478895770843,0.712459935215983,0.0437932138069933
2.69037029715175,0.0817373052844739,1.13568318203383,0.0918478568993202,-0.366609881530263,0.0448435473586647,1,-0.111021874607143,0.123047754293965,0.627365500951494,0.0642833956157164,0.774804996984139,0.0445941437527925,0.692822945235187,0.0431831197024071,0.770539428791064,0.0420685730636882,0.660529312568425,0.0474226721317714
2.69379713549388,0.0762814101432998,0.970429718928802,0.0757237161838061,-0.321007745765669,0.0477769164750016,1,0.0751922450766913,0.104872182908906,0.711633314896713,0.0538138415907279,0.580611084702946,0.0488258546647238,0.722540926197575,0.0434126672921903,0.770066383885446,0.0410333166806412,0.639790262157582,0.0455159745846733
2.73676188508996,0.0815731454155077,0.923562105487662,0.0743265278288387,-0.307644917275785,0.0493508850134311,1,-0.0675463382551104,0.110550741817336,0.775616824066779,0.0562834781587191,0.667667120144551,0.0471064130554915,0.655193191073328,0.0442791940599276,0.715238786012008,0.0445955081223493,0.644327192955331,0.0475032879116141
2.7464690537357,0.0826167026943167,0.93420472449868,0.0740286079117246,-0.352768163262728,0.0467221187428254,1,-0.14736136567775,0.122435309690988,0.748208975881227,0.0631568572255579,0.75942662548283,0.0475098121933624,0.722994929516948,0.0440448877211176,0.709221591636819,0.0436500078522832,0.687299284636618,0.0467751780356684
2.60459037177205,0.077637539812477,0.953750517884199,0.0758670698997023,-0.350773034803059,0.045558559539715,1,-0.153225420095292,0.113990424981784,0.676574648216895,0.0583319624669726,0.71247302283138,0.0441748445755387,0.687739233440487,0.042508376473789,0.673201661867852,0.0445717708931251,0.663024220231525,0.0488965035661117
2.61585911614552,0.0736812996427302,0.896759363911534,0.0683073748372099,-0.304682834386927,0.0508623744774557,1,-0.0931285459790429,0.119501331492594,0.685462553612946,0.0624673680763844,0.740828241745251,0.0432402450258761,0.62110728785978,0.0435236936057902,0.6821652333829,0.0409519276232712,0.699923558976624,0.0447148670762323
2.64242627899619,0.0786492808041204,0.953885928889029,0.0758499454034307,-0.258304808782034,0.0509813168018259,1,0.0305982656007899,0.110319501884793,0.728040552526067,0.0550836054659578,0.635026480967485,0.0455631215954287,0.649028578979875,0.0441450847466024,0.678945504084577,0.0448187155910866,0.651676346362748,0.048411967193615
2.59495592582453,0.0775216145230079,0.95289712008303,0.0791523805086973,-0.145456180712167,0.061820602498085,1,-0.00971233089619979,0.0982828102795893,0.60757937314099,0.0600533280467878,0.598518506888889,0.0482181315872628,0.712468434685371,0.0425572297104792,0.678831914556839,0.0436351414789553,0.667472250075405,0.0462947322532128
2.5849379339028,0.077334774181229,0.932684460001074,0.0740366865028303,-0.241437014753874,0.0567047357541011,1,0.0861178308881847,0.110527314538326,0.639385762300847,0.0602918396511978,0.638673091245652,0.0457431870280179,0.613586512092068,0.0444334176201745,0.688671095205628,0.044343659152844,0.640525869370002,0.0462864511446035
2.66419481038836,0.0768350177641839,0.919606848767756,0.0726916033357657,-0.176352087896761,0.0635818952328806,1,0.0765874949453966,0.11362223322127,0.716336954852591,0.0595698737483856,0.6064501983816,0.0479437289758467,0.642617837620207,0.0437008823265471,0.698462145386437,0.0434846009583739,0.710740992182805,0.0463720722647137
2.80795430964842,0.0889445991831982,1.07592039273379,0.0869678496255026,-0.341824658391805,0.0506954985306465,1,0.0812050232808006,0.122756583689448,0.678330730956091,0.0642782367002172,0.73490054097416,0.0457313930675046,0.648345197339672,0.0466156494502974,0.688564260814549,0.0473919071644889,0.721337957952974,0.046205293150089
2.96678972317871,0.0943414430275854,1.21978532456685,0.100176633404506,-0.386393918027482,0.0486450007599805,1,0.0973658826336522,0.113003963183645,0.748170899791279,0.058053167755453,0.75753605651096,0.0506882139968579,0.809337322063702,0.0458473286963182,0.734012948398024,0.0474517492263522,0.76164762828859,0.0485202199143992
2.87433802849856,0.0841662027408207,1.02801015049652,0.0810058013055851,-0.369099128319946,0.0447792241222931,1,0.0772014251218168,0.111483140483085,0.684438582453372,0.0620608149872287,0.756340684202646,0.0446634466796998,0.808416101137837,0.0429781618299845,0.691050930748532,0.0452197710670758,0.784061716421855,0.0449842164864385
2.70938231527462,0.0817133277588702,0.922267250681933,0.0769536878873279,-0.296421257803759,0.0530803815715256,1,0.126416518041266,0.116807541077479,0.610844308497192,0.0656092728067261,0.665811446328374,0.045225049978913,0.679956627879619,0.0439517195109117,0.700432777853319,0.0443798860504137,0.702875477123095,0.0468871194066234
2.69787421336359,0.0804956335943239,1.03308904128662,0.0852103158434197,-0.293859869779039,0.0522296495878413,1,0.0982802308917057,0.124853776831456,0.633132610073752,0.0669152869722036,0.687164071027906,0.048516016544759,0.694531795972905,0.0458170953507851,0.658876293751987,0.0452669483210602,0.735496402036942,0.0440116164001206
2.67330657339391,0.073213244273536,0.986649613866743,0.07576675733326,-0.281537940813549,0.0502240607780635,1,0.0940997676914385,0.122959566157346,0.727209048754168,0.0620423850622478,0.686276081534809,0.0460667607139365,0.601507355581249,0.04480434917112,0.764342906912274,0.0404620759518427,0.648258052974819,0.0435844072058464
2.73674420633009,0.0803839524329322,0.966346214082491,0.07568823016764,-0.269371504171183,0.0535288210318287,1,0.0262758592251316,0.121589433366283,0.678980048690774,0.064294895549235,0.630617160830021,0.0475374460897549,0.760357539372789,0.0420449464637902,0.713966790394996,0.0432341903757316,0.672869442718677,0.0464928011746579
2.76449509271212,0.0821475090517698,1.10793832659573,0.0888159161456624,-0.317607734498806,0.0499088967062707,1,0.130689494384748,0.106513256155074,0.682685696866792,0.0585685456407919,0.699313622145593,0.0469569656579373,0.710224535175622,0.042978219387585,0.690529750048222,0.0435106277652866,0.667709646456914,0.0464553256130951
2.71587064554165,0.0789625097412704,1.00973500950151,0.0788443361488212,-0.293342646031529,0.0467022660621081,1,0.100488114971673,0.111053960268671,0.663316215698329,0.0598133593816848,0.735344688082978,0.0444293388499843,0.689845812714816,0.0430461299250544,0.715822634823309,0.0439986544554625,0.713487662112179,0.0468852830022034
2.72433193642646,0.0828485023562841,1.02673300538406,0.0822355038187672,-0.275646361836134,0.0584021980231215,1,-0.0724297405799772,0.125515127456866,0.640260151302985,0.066608263377291,0.760420807377917,0.0468142484108286,0.712880999085229,0.0436288074503256,0.596263142604175,0.0471320973823094,0.727208474130917,0.0454437475643389
2.69091857139077,0.0804569756304691,1.04264214648388,0.0840996930179769,-0.284219316824948,0.0523990953617169,1,-0.0104496683902182,0.119854201338652,0.726445799432026,0.0590384928086735,0.649264303652679,0.0486462482098299,0.659822458846385,0.0459692381572794,0.690667215231388,0.0455877610894509,0.695024144860482,0.0466867591572755
2.81166124385329,0.0862729817860593,1.07797700940797,0.0851874314913542,-0.372429944399977,0.0453381836546078,1,-0.144795009550342,0.118998856018484,0.814473511342409,0.0557284472994229,0.752369053431852,0.0461431771113636,0.716894197180841,0.0459824769049012,0.727499103150483,0.0432879350506087,0.744085686634897,0.0454560206603827
2.83406070962931,0.0827118364061763,1.11594314571145,0.0881684680681534,-0.318652867723556,0.0473722956794539,1,0.0888548334585784,0.108255640457386,0.743959439032795,0.0575485293897288,0.722233016873592,0.0471998707781142,0.699359117777159,0.0433466802416241,0.718312380099617,0.043856124168351,0.710790873665322,0.0467442438933262
2.58199582824412,0.0769467475977957,0.916044422651676,0.0731599756528452,-0.235623197245065,0.0570333636059941,1,-0.0188685398935038,0.107054361787825,0.69235480969062,0.0578338022074626,0.672148723006799,0.046726253440759,0.703041661230331,0.043536388645952,0.643018696460788,0.044798359121833,0.670559620556658,0.0477476637743663
2.7053426347299,0.0843088367959543,1.00540127019513,0.0820008188594782,-0.378913604153523,0.0451779890321739,1,-0.0297732098913574,0.113789498941265,0.704787948129472,0.059562600719177,0.763989359067621,0.0453464844294154,0.645799489457565,0.044739416588876,0.735088832140562,0.0449385652549847,0.631058798224231,0.0503304790741032
2.82346643093383,0.0841389782716837,1.05981813691742,0.0864318613830757,-0.326506995650283,0.0487762996028813,1,0.0201816194411082,0.120043681725717,0.680359976055106,0.0628275477682566,0.672798838279576,0.049511329697938,0.709622029777661,0.0439230391948713,0.730624334566306,0.0454237812609177,0.702539108700561,0.0459044213978386
2.59208419730849,0.0771858909717417,0.864891233679189,0.0713100357228819,-0.317777259228317,0.0489388852750821,1,-0.067380657596666,0.105122620707515,0.662929908128176,0.0576614283290046,0.695307099425053,0.0464297684488593,0.704897113892788,0.0452887433591237,0.631252968755634,0.0443885502801064,0.665472706706612,0.045789757723069
2.89181411965672,0.0823108697686579,1.24866120906958,0.0972504827182342,-0.414676488974202,0.0387894462965935,1,-0.0679779679557476,0.120052024645013,0.737763181779301,0.0612991530768839,0.792870935274713,0.0432283798971376,0.797717185189458,0.0407506515152415,0.760282034801333,0.0426871866602276,0.789679259968457,0.0445361131845224
2.57299571857608,0.0762817465266489,0.997382626550706,0.0780895007328399,-0.23480331686353,0.0539485931157863,1,-0.228828517497855,0.117576931118386,0.82252756097135,0.0551246714955163,0.531330398032498,0.0493231830407031,0.70428419332201,0.0425830041121963,0.659224607917686,0.0421105293806913,0.686345833555933,0.0459299511346631
2.69672711413082,0.0765745729870553,1.00994458629514,0.082327503979236,-0.28783160586162,0.0507230382437245,1,0.112282999693241,0.118572562076004,0.666156994950364,0.0609071564168907,0.718665044817775,0.0452112423952196,0.707754934758928,0.0425062802331844,0.640382591767782,0.0456217609659698,0.729184464554478,0.0450882202709687
2.76854800621478,0.0849078148840388,1.16153352740727,0.0943260710597476,-0.303427453474028,0.0510995662607582,1,-0.118468371034425,0.111475736311233,0.818890999707241,0.0557132840691906,0.674886039289993,0.0496664558110509,0.644639574459021,0.0461699369273461,0.656758351437983,0.0447338074855642,0.743459480314404,0.0455503707875655
2.57618641446189,0.0759692304209421,0.904076587069709,0.0721323878232484,-0.289590940157964,0.0489367780645042,1,-0.00165362823482571,0.114364622369245,0.592960719883541,0.0641923441252419,0.674178964024214,0.0457251892317856,0.630557903626444,0.0436575363072921,0.709748685632715,0.0410624352911983,0.644893185204173,0.0443288268567446
2.65953242816194,0.0828669746458836,0.959188433135011,0.0782613000661529,-0.338817617811733,0.0484472833027096,1,-0.157280986064278,0.124424725419535,0.738575534837816,0.0628537382989018,0.691754141337638,0.0468722931754498,0.674573055818818,0.0431714454898968,0.751532965674809,0.0431729992428226,0.635033387035177,0.047878250364204
2.62427965384768,0.0768155899568219,0.862256074958226,0.0676311010177195,-0.3447234467212,0.0469873598189024,1,0.11639404805798,0.11797929823233,0.61337005222111,0.0636914129674224,0.721653561636437,0.0446192114853708,0.724779619774757,0.0427066408839874,0.710326135731107,0.0423925598806245,0.671616210211583,0.0470909396750657
2.66404652421125,0.0812050625778419,0.997406200688334,0.0824515096331462,-0.257528126235931,0.0553726729673408,1,-0.133921997880436,0.111840893671398,0.757184719402182,0.0552965949123588,0.625716240990276,0.0470136664418004,0.737686023137481,0.0429808916499638,0.666512520716057,0.0453044308089256,0.665180800053622,0.0477306081860928
2.63078901522421,0.0756906511002376,1.0208738485524,0.0783686019262829,-0.249206580616207,0.0499274790538,1,0.103037937639539,0.104494569859136,0.583405211536678,0.0608693480372978,0.675182091345761,0.0462000020802246,0.679054357820571,0.0431305497708144,0.676470530587518,0.0417826067457689,0.661957882617282,0.0457993407086252
2.7324593700917,0.0808720610410686,1.02211389634112,0.0827150938861182,-0.327554025433222,0.0491650372935969,1,-0.110005410868319,0.112244376388297,0.761709227847233,0.0581060248416789,0.682008238607523,0.0475208423189712,0.658840907490195,0.0444414080112015,0.639227924396635,0.0450356590458832,0.761587232594499,0.0454918593630134
2.83189842929814,0.0885487820791753,1.14530292307078,0.0932993374603569,-0.394102851533109,0.0415284827920849,1,-0.0309233865319853,0.127328322496324,0.738031546087805,0.0640535534692713,0.751470370255155,0.0472199626669663,0.712309349647251,0.0443437946223369,0.721283374465607,0.0444617387091915,0.769553849690206,0.0460984878385322
2.57321854494195,0.0782653597160853,0.98115875315263,0.0793268743334294,-0.227973936737927,0.056499992050875,1,-0.0251173138246343,0.116022957279908,0.662346336480608,0.0592775947523754,0.686719704940493,0.0475763577891345,0.592105526418267,0.0451856244133234,0.672530341163345,0.0445450604932563,0.616554345897029,0.0481504646861015
2.61491145482965,0.0773052943714999,0.938501006644154,0.0750827091059951,-0.388389574602714,0.0438971736788034,1,0.0627892630556283,0.122834217651714,0.624544885998479,0.0632165623568422,0.709005406055107,0.0449195906169435,0.642286111114622,0.0450867081644894,0.701741494707057,0.0413419995046747,0.688530705352005,0.0458479566814008
2.58741101272072,0.0773551109019321,0.949632188257195,0.075212117933057,-0.257318225385565,0.0528395567087942,1,-0.181487793374739,0.098649809355527,0.713555896092517,0.0549577578349933,0.674325448314904,0.0455939059504098,0.68920913384834,0.0414458967658954,0.676701470225691,0.0445251615049359,0.623807903858563,0.0493067245238484
2.67484537371888,0.0753719795819168,0.977932377821369,0.0766944275118078,-0.369030387294269,0.0428375867309981,1,0.0636039583157999,0.107224220882589,0.710634567895646,0.0562609264808952,0.681998269481096,0.0450657655985,0.617535507817379,0.0452491982142262,0.71368076727732,0.0427924256904749,0.704521573837718,0.0464405181203223
2.77250474377835,0.0838459361922354,1.07736767150229,0.0865467077430786,-0.36384011775754,0.044079635540784,1,0.011744963713876,0.128140162626576,0.710808461221536,0.0598991567500672,0.694916943601134,0.0463565044239346,0.70700194136207,0.0448709290034341,0.677995613922542,0.0450400676061494,0.729271470759688,0.0458108509939807
2.68542225761852,0.0822673436951715,0.974137806239777,0.0777799375286557,-0.331964596187494,0.0486008919170962,1,-0.207392438295982,0.110627957862445,0.79538905937731,0.0569579259482532,0.60209615896599,0.0494433806414957,0.73252165511658,0.0437569819113486,0.697918118961079,0.0441711457394712,0.693622654022636,0.0482886790468971
2.71435051758523,0.0832100295920569,1.04276105578813,0.0831363753436127,-0.349527167813373,0.0482005929952019,1,-0.0368057708975156,0.123135331602883,0.668698154982575,0.0621017000773578,0.733546073776532,0.0484075803869722,0.691325880056312,0.0446281159220309,0.688641338373905,0.045794762985803,0.717657907183918,0.0455363714692718
2.81433871352053,0.0838777795428858,1.04426588711095,0.0848896845010614,-0.211459244250413,0.0573572033554445,1,-0.0242596968554398,0.109963724698383,0.655992226205197,0.0626564862265865,0.742489952887591,0.0438235641998947,0.766787452882984,0.0430115405663313,0.747133810437409,0.043513702079918,0.701186116276875,0.0467717964560944
2.68288030415897,0.0793409606689484,0.913829388529101,0.0750447423457816,-0.237529403113288,0.057313494447168,1,0.230859158595291,0.12276545632605,0.54535013799985,0.068497692898609,0.692322023411942,0.0463378608656765,0.658604502944445,0.0442168131847656,0.648052428626941,0.0451451156354625,0.580230911901299,0.0484286342560854
2.57930649134165,0.0790807750559729,0.880831221499293,0.0728900418130852,-0.188964801386466,0.0614178888788554,1,0.15318688291564,0.105432820450404,0.565975025384596,0.0626522399026891,0.708890878146819,0.0464452996498216,0.644425138220105,0.0457674498940719,0.66844042052354,0.0447224273932156,0.523831512259655,0.0506232074038458
2.71741185300312,0.0813876384960679,1.03844307832442,0.0836766965902307,-0.312005847706826,0.0526206316453324,1,-0.11465357130927,0.12922233988618,0.786799320813173,0.0644293724523423,0.574305128543404,0.0519142456701099,0.746771301781204,0.0438317005772644,0.752145832111096,0.0432892668515428,0.713108596623593,0.0456809665480125
2.72386103748726,0.0764728751907673,1.02984912056678,0.0771979955277071,-0.215629912480575,0.0555037606322789,1,0.0727042323411602,0.122701945743422,0.689488053609577,0.0585133202585446,0.662589428589336,0.0484399220228984,0.71354284784711,0.0419561877575178,0.721296603842513,0.0420749363812946,0.667210167232987,0.0443525199332357
2.7434911151812,0.0822962079897968,1.15450725123043,0.0907713988052352,-0.345417041089537,0.0480500520701556,1,-0.0406426487590896,0.120430495018815,0.709945027374478,0.0618089318387558,0.71869044385214,0.043768635762615,0.76836853526428,0.0421484742836004,0.715809542590532,0.0442547474142664,0.72114607626874,0.0456092739837062
2.62142918987445,0.0744006519748831,0.878038854703611,0.0693493438282771,-0.241294893295406,0.0520813079114431,1,0.165100485767647,0.10998110819563,0.660515265540598,0.0585452283176818,0.68448152815149,0.0447702612183565,0.674450423208877,0.0422056047024023,0.744317366671464,0.0427419906315212,0.58944420042558,0.0489186875275132
2.74473339992272,0.0838146980528097,1.05364489283755,0.0837174368903908,-0.379345623862547,0.042925568233048,1,-0.0205986858324959,0.114745161541252,0.668826341311103,0.0614249005373746,0.7150333435078,0.0467609745053821,0.760907238579299,0.0428772027827426,0.728583378540281,0.0436664044685461,0.68981840326778,0.0470664075400997
2.68468656838259,0.0772627253308833,0.999217677993074,0.0798163645580806,-0.215361924688623,0.054778769431293,1,-0.0849119120193618,0.103258959136533,0.750065003170458,0.0561527609982938,0.649524617622275,0.0471953142985957,0.732062314332764,0.0421687468132152,0.642278377853989,0.0449326326010411,0.682933023897043,0.0447051617407183
2.69883845600622,0.0810033121004787,0.940288960861244,0.0764500523832894,-0.247962824644942,0.0565683211919476,1,-0.00539784737031188,0.123372519779491,0.688669186496315,0.0640865139685416,0.721474504622798,0.0461925173895857,0.651780474273749,0.043870721824104,0.616519246656962,0.044236768892689,0.724136524975754,0.045663069764659
2.781297582377,0.0808465595319947,1.13008941375691,0.0864257998160357,-0.267938526718167,0.0522081110761639,1,0.00264073013591319,0.120222849075166,0.742585994228419,0.0612209503822627,0.67572230189483,0.0444217755020582,0.673638751860269,0.0453441503567336,0.712006441810658,0.0436955189798718,0.74731239549641,0.0470194643644049
2.62422917358356,0.0784732114289503,0.925607269879195,0.0748222634458803,-0.306912886252167,0.0501216828831757,1,-0.167075729616105,0.112270620683501,0.769464804041214,0.0561727881278251,0.67563231233408,0.0453280825834807,0.7243829604639,0.0431636540991229,0.602267263717144,0.0461430402837617,0.695847658688608,0.04657616184391
2.69483030038122,0.0814929562187217,0.870890061048653,0.071063507386293,-0.256371384633778,0.0573570373286072,1,0.131393437695788,0.107541329551115,0.665725732119953,0.0583599893065973,0.653774850951571,0.0503092129053723,0.628542307455863,0.0448537855776679,0.707471932815813,0.0456043678275522,0.668757342727833,0.0475567155609319
2.68411105079608,0.0775932724777479,0.97958441775126,0.0745744740942909,-0.330206525831684,0.0491738540793879,1,-0.0825819456855997,0.104514086980956,0.694831569046348,0.0575837427545933,0.755143817582761,0.0419930946808237,0.711780279812667,0.0432790654516904,0.650739874187471,0.0436035349884056,0.708058904242378,0.0453479359683601
2.61940971081577,0.0813544876152709,0.903662091445799,0.0706865341838872,-0.262191842419638,0.0542291074990122,1,0.0510710630787434,0.109940963503434,0.640377447589653,0.0616979677799992,0.611969427965629,0.0484035119081155,0.617476636952588,0.0457794341838509,0.66260933803076,0.0456396352911389,0.674613615742745,0.0471057382612793
2.7712747490042,0.085723615388463,1.04780320798162,0.0842264105080889,-0.329138966761891,0.0496085200398396,1,-0.0622522917620727,0.122728706289666,0.760237880560118,0.0580662017681335,0.648047052711521,0.0495806918640015,0.765432462711705,0.0423741815264679,0.678204703366933,0.0450781242413338,0.744095912162451,0.0465215264072382
2.63030663332732,0.0817448272879541,1.0092609158356,0.0842821223835261,-0.242469993464239,0.0557472871096412,1,-0.133821612799101,0.112234321375076,0.700865573481287,0.0582824927424601,0.640377845820385,0.047839818006726,0.681070174195076,0.0444505035970447,0.681891021618215,0.0448426511881162,0.670979342150778,0.0476747244569734
2.52050331850074,0.0720553531846644,0.923399246374916,0.0698639863496136,-0.125256571226529,0.0586348715529249,1,-0.0468336091932051,0.107309342759694,0.586926365408525,0.0626108330253429,0.756839264660391,0.0430008375453282,0.595164010898147,0.0455927630371141,0.654796046256713,0.0418223087092919,0.692276625987701,0.0440348006519943
2.70366398015582,0.0773504726618303,0.97047488645114,0.077941338255937,-0.245512571861294,0.0524121583555486,1,0.0922661053525044,0.104032524388989,0.702600298235452,0.0554557533799389,0.67734859220852,0.0477531379020073,0.633511494489202,0.0442283834198088,0.692633503534233,0.0435265253237218,0.770652267315625,0.0440790736482327
2.61021924678706,0.0777364339681432,0.980029104639889,0.0778773642891794,-0.23997972807176,0.0547858363078237,1,-0.0464360418398384,0.123263556720879,0.620117393848688,0.0666926268355075,0.739784158295464,0.046042957997008,0.666719328105695,0.0421035827760363,0.697076870086538,0.0424257873212013,0.67648533003706,0.046716877636225
2.73777705515576,0.0787551508657322,0.963744250960578,0.0783286252728725,-0.180614431601478,0.0574994219620855,1,0.0528321901754763,0.117349975597188,0.722716948401246,0.0604931884640951,0.665322767038229,0.0460048465219684,0.754695448387468,0.0420178534075297,0.68553113126273,0.044124798434393,0.661315459942639,0.0466801471404941
2.85727729345429,0.0874984180554294,1.086450712524,0.0859895268811693,-0.366528418595115,0.0439464579159164,1,0.135779515403366,0.122923526065995,0.748479284333169,0.0610679458809791,0.709507411755869,0.0478303583377659,0.725247065528839,0.0445310607215341,0.756134224602016,0.0450043202469305,0.662780917966728,0.0484737458893132
2.85026867214006,0.085956661670203,1.15198606269193,0.0946040714435266,-0.352488236886175,0.0451289907447687,1,0.179329207037197,0.108397800887623,0.691807374431302,0.0595456572967947,0.634425949940043,0.0499101558659198,0.760561338567575,0.0436772099367395,0.704599098724997,0.0453507286378948,0.735432322827939,0.0475420119308941
2.68591121815797,0.0804731369557604,0.929295015735239,0.0739609159678781,-0.307087384501868,0.0519629986570688,1,0.10411245286604,0.11680682171302,0.594530719390453,0.064097527698401,0.680054933085932,0.0507800208173123,0.72056477782499,0.0423781506110227,0.711650733087249,0.0429611922999669,0.658985239691914,0.046197801779285
2.91130037562158,0.0838526294364474,1.16711883181729,0.0896330582668923,-0.393015826495291,0.0429578212954865,1,0.149829226104272,0.105904384267196,0.655616721120593,0.0622327445512261,0.73033522182914,0.0456716656702976,0.776066446369591,0.0419671214353231,0.763893324168444,0.0432783040119463,0.717982582357001,0.0470288594750859
2.59659112212805,0.0743036338599944,0.93124167601335,0.0721520174102877,-0.286783007708886,0.0522259454256532,1,0.0722235047777173,0.111862375993915,0.639255931917039,0.060315996884355,0.656056400012606,0.0468455517517055,0.69105742981844,0.0429580664699212,0.636169474953429,0.0436010291724462,0.688303799055434,0.0446959516363479
2.60599491607792,0.0734185099924277,0.926022004427776,0.0721056843753059,-0.130099615520443,0.0614807942472875,1,0.047864792301527,0.110799489582786,0.666697051168094,0.0592269321853779,0.633782353237563,0.0475645286136053,0.651103453488918,0.0441801568503113,0.625896787467855,0.0426567495860454,0.630924572638374,0.0471051281048773
2.75393970451873,0.0840814885984192,1.1779430905722,0.0934848929819829,-0.300761518240946,0.0506683806291869,1,0.0938191171759603,0.11522126933573,0.649491814790175,0.0638165462375108,0.723556441833066,0.0475015417187482,0.665170558204244,0.0458008768341324,0.654392632460152,0.0467324442869922,0.656072086456199,0.0470628567952095
2.66041264383629,0.0827918852923379,0.902938286045407,0.0744873907339167,-0.277248507496314,0.0555502268124547,1,-0.0500841991457226,0.114991353661198,0.700141958694058,0.0598704669821454,0.763852428685013,0.0435242647142108,0.617430727970618,0.0460973874474834,0.6881077406224,0.0445267168192353,0.681894399533994,0.0459189010734866
2.63482710995134,0.0801765671080229,1.00296218298296,0.0809004857203324,-0.248071468047013,0.0535804488142533,1,0.0210572576744118,0.112911887334305,0.652572711750407,0.0600453036437817,0.681808689439052,0.0469701351175987,0.672607950960402,0.045379456726641,0.65866092590636,0.0454196450746181,0.775345207021453,0.045167167295944
2.50529630816567,0.0737008855503592,0.89309600218516,0.071440183897846,-0.186987736273735,0.0581873704276581,1,-0.129539286129468,0.119961810734204,0.669581617973212,0.0629654110495868,0.618736635936254,0.0481143724668587,0.66490436979179,0.0431518535816336,0.604120856887786,0.0458246681545184,0.663516795324177,0.0446659754110416
2.66605002141453,0.0759707052024946,0.919642883995261,0.0706975038780398,-0.274941491510875,0.0527745912788461,1,0.0327080413811322,0.110042424306269,0.70849287386614,0.0569733585065765,0.663349769610837,0.047962901721037,0.681926720935699,0.0424984949299442,0.701019477363473,0.0423305066877647,0.767671565932927,0.0428075816502312
2.65747808764658,0.0847640505754186,1.06543458041867,0.0857612507428047,-0.301342320599677,0.0514573307270976,1,-0.00712046277850567,0.120637600932744,0.651088195909024,0.0640100202413258,0.716910568730225,0.0464557230366261,0.725748472509909,0.0449067141170324,0.692613317179779,0.0442235112444811,0.57997580974797,0.0505300633916098
2.69129933103454,0.0823959064490817,0.934412066293554,0.0764470746755345,-0.242658976644645,0.0608609992868316,1,0.0601073920500928,0.109897688261691,0.655477622175585,0.0593317822190726,0.648801204865795,0.0498303966852853,0.65374089957368,0.0473768352976806,0.730444689797166,0.0444777006525658,0.631809907184857,0.0483548819342034
2.67044237388828,0.0820490341879561,1.03232805033503,0.0835944379801357,-0.325330783132612,0.0469043902363298,1,0.0621170758292444,0.108396106312265,0.591351764596581,0.0602434380257585,0.703831090384245,0.0466308567126699,0.66929792138492,0.0451036636687721,0.741153285619429,0.0437942774264119,0.628068014601767,0.0490204070118235
2.81708475742536,0.0853526299982699,1.11480358013135,0.0890602519697231,-0.326911910061689,0.0514266656658097,1,0.24033997068735,0.124968779027798,0.669101760953651,0.0642625989809061,0.717919015191351,0.047865742728409,0.759273538774708,0.0446749711512012,0.6623945166792,0.0462045129259306,0.735853259327439,0.0471062581439775
2.72248083079426,0.084845700723164,1.11193174715978,0.0888165743155021,-0.354255374989587,0.0478461174322195,1,0.0321997835914457,0.116854556412934,0.723459425518872,0.0607173510549019,0.701228127485903,0.0436997434723886,0.727019882532863,0.0447236467735875,0.692826687700207,0.0473176563711632,0.724177677677442,0.048364095284233
2.6793465403005,0.0853072145341194,1.00645546401883,0.0849078508596861,-0.34048298381857,0.0471158659317427,1,0.0680699888682703,0.108725519485333,0.621100730965528,0.0628869325231779,0.681665243597989,0.0469061768061825,0.707325672140785,0.0453949388347516,0.644633227891712,0.0466937827494382,0.690511317932303,0.0480305831115383
2.85619101960715,0.0871582731923712,1.18880296307156,0.0957674954434728,-0.433227752820558,0.0386049998158774,1,-0.00246917911328321,0.120033835496301,0.737662527466977,0.0617527397744501,0.75023011581648,0.0471572947766941,0.784283974899504,0.0414162407349801,0.733543430013373,0.0446523828817964,0.857855481855408,0.0443816776839038
2.76228950133941,0.086751635495665,1.15281552694844,0.090814490576449,-0.293247820385518,0.0532510895659464,1,-0.0554184746230466,0.11410884661054,0.727624389874179,0.058286645312041,0.633720078988858,0.0491019485123346,0.736149033311114,0.0467157106970564,0.682051824868585,0.0456395652629328,0.688652550049985,0.0479349686246184
2.65927955091474,0.0779293844126191,1.01987729905535,0.0810958808676537,-0.324153710364937,0.0471495058764812,1,-0.183264645674158,0.114589393755643,0.678923319944509,0.0596170248372238,0.752174482130265,0.0424489259149276,0.65865237362145,0.0435718011934899,0.667997303563624,0.0424434978075701,0.727835961328817,0.0449729207484838
2.69205224926566,0.0788123290951148,0.972706457365001,0.0812291459500991,-0.292317359214601,0.0540919876223296,1,-0.0622365806750581,0.111074673538265,0.703909151639386,0.0571693517689579,0.658681007304815,0.0477732534028378,0.62922448180716,0.0458350068969196,0.733938334859509,0.0437958813177571,0.666857255767444,0.0472273127921286
2.76071182765501,0.0820013191395887,1.13484753476549,0.0883271894272233,-0.34963728760585,0.0482558061417601,1,0.0807054990422622,0.112447506562141,0.759450023737694,0.0528484152033065,0.672550450849483,0.0459398677045393,0.664041313257519,0.0457490144978249,0.747691672874875,0.044244203768776,0.7453301838421,0.0463186169679025
2.72738441043225,0.080419535740596,0.928190282341467,0.0751348730739262,-0.26778412270685,0.0543810378614394,1,0.100893812434379,0.10626994844003,0.688934712306021,0.0594622167192337,0.715657217086001,0.0462602948799511,0.663219844063391,0.0455692287919328,0.690007890422767,0.0436516359022411,0.691786059370392,0.0459562461806109
2.78490005282441,0.0807322990494699,1.10685209866828,0.0846902873773673,-0.319117849007949,0.0518247288297601,1,0.114116649883118,0.12204251936105,0.783018913771315,0.057478928894504,0.664423457597734,0.0462124551096478,0.699277663234355,0.0440693203521934,0.776940360535677,0.0415069993715211,0.700786251551239,0.0483030329827873
2.74659049300141,0.080101980214984,0.995332244445037,0.0800289198822803,-0.280434919481561,0.0519613748029092,1,-0.162684200749302,0.123514106636891,0.798071404156214,0.0601853296522522,0.727978916486921,0.046458722225331,0.715383345238427,0.0433770239051466,0.738292943673847,0.0417702827595919,0.648703768784409,0.0468399053806181
NA,NA,NA,NA,NA,NA,99,NA,NA,NA,NA,NA,NA,NA,NA,NA,NA,NA,NA
2.74554178585629,0.0834526573782118,1.06407617232825,0.0875009285956691,-0.220754104589996,0.0548292824792991,1,-0.0341438233569465,0.123497793938883,0.75536042471961,0.0596044090067274,0.640799426258462,0.0478410974558174,0.708708653506851,0.044788206944037,0.643941985465515,0.045838118177406,0.694017291632081,0.0486209555764802
2.62311034784393,0.0758661852262831,0.979323974170461,0.0757793410281202,-0.262411252782064,0.0519627887577475,1,0.00179923740752622,0.112618980332095,0.692660464271464,0.0590629785910535,0.643200874126755,0.0473476077848128,0.638665098143784,0.0451138127870765,0.685935827987854,0.0412684974182348,0.636483120788469,0.0482799804135555
2.81894221553169,0.0863930085140795,1.09920134989137,0.0874008954462469,-0.310499956707083,0.0505355416266229,1,0.178938188721764,0.112368999462211,0.679265751390855,0.061099759075894,0.726443473263756,0.0468862865668924,0.77878155294063,0.043022740101703,0.733908321336974,0.0464076165231859,0.700114031964328,0.0463140738596131
2.78036775803438,0.0782278052101059,1.06499657204496,0.0812257839407922,-0.362599103773252,0.0443671967522984,1,0.097306769311726,0.111775480780487,0.659348299571971,0.0589299411702594,0.725049852974818,0.0472887986961148,0.758167180128884,0.0420319859015619,0.671649369499737,0.0424370108953697,0.636045129656874,0.0477883796649201
2.60802445852856,0.0814777655227672,1.00526342058945,0.0826319474636217,-0.320289182221924,0.0520686183421395,1,-0.191678400247272,0.107528294835458,0.753687708392706,0.0557603028942673,0.654477398798357,0.0476700635423918,0.687679787445436,0.0440105741128091,0.647066918001298,0.0451652404770987,0.614243992576129,0.0490544384412735
2.63253565503966,0.0737002969832522,0.858572260523881,0.0682380730902143,-0.203683749297909,0.0536767169394034,1,0.00889855432431467,0.108987592925854,0.676817596163442,0.0593544784618123,0.641569384077147,0.0466925074217548,0.675826594698993,0.0423655454014692,0.670304370997913,0.0446054319550263,0.626014011165517,0.0478506618791473
2.65251007296885,0.0724221047819767,0.849772270304663,0.0642596687408273,-0.283517654215635,0.0500171036136086,1,0.204888737542447,0.12137980491003,0.583676769292712,0.0679445160480743,0.708310033762661,0.0449868805774054,0.688023687009005,0.0417455487457378,0.715731929982192,0.0420669224494926,0.648890222952463,0.0452401261739255
2.61980137322258,0.0808916996527852,0.914372095144877,0.0738254213644304,-0.276493980119168,0.0540283874295885,1,-0.115856212374256,0.114571199559493,0.700325109879854,0.0588960782705795,0.598794874803979,0.0510456368563257,0.74996922202665,0.0420989848457272,0.674349617852336,0.0453728318462535,0.694965507341091,0.0457775342775758
2.72389000707085,0.0788703263735381,0.969752557239863,0.0738267883950891,-0.263683636575888,0.0537852024778122,1,0.0535221086907656,0.126386802098763,0.714506735804379,0.0615958133049119,0.680424907848342,0.0485809804287953,0.730876384102346,0.0432549727953491,0.743256171576668,0.0424233998685868,0.667126438304957,0.045693051497997
2.69825571698862,0.0757177675174188,1.01505709754201,0.0785376348012553,-0.315664502621652,0.0493349346994786,1,0.0185225304762545,0.110543861383853,0.740577713975028,0.0539587029008525,0.693413671411725,0.0434457211227947,0.694395346529558,0.0437244653262044,0.619680092372871,0.0450420885874716,0.752390254040668,0.0450829533009269
2.71230060603039,0.0797288224255048,1.11709406390211,0.0850280594721997,-0.363986414910386,0.0442271848472205,1,-0.220338665400485,0.103917545649215,0.692355697603255,0.0575364555263405,0.814076792502241,0.0444252268468992,0.716795645211437,0.0408139418931235,0.682190255889214,0.0456970997543824,0.690785395180833,0.047864724507264
2.57094994174248,0.0777921523271962,0.869600399084566,0.0713160287472046,-0.283264616980674,0.0490641541912067,1,0.00482500515233854,0.107669495920364,0.682789679498606,0.0568092533886146,0.660510751109168,0.0465472373126875,0.639347867474473,0.0432248475694011,0.702996292165318,0.0435779082452555,0.596224260315207,0.0488035716344747
2.83953702791974,0.087151785680363,1.01686478927988,0.0830519037147872,-0.348274875412472,0.0481767240873004,1,0.0693227446590375,0.107706333897373,0.765162807151775,0.0560570148453034,0.65779449448262,0.0492813030290624,0.748258228129175,0.0443713164450135,0.746076330972303,0.0449436209583507,0.791229153973862,0.0460203709788782
2.71687618076705,0.0813709052673005,1.00530390784667,0.0843469473996481,-0.374518332353679,0.0451659580229131,1,-0.102801789485025,0.111954977593401,0.739894511951332,0.0571523156432892,0.712013985463708,0.0460469463896205,0.731728404402181,0.0443674646225982,0.683446937975024,0.0445517968826864,0.693928480069442,0.0471184626174249
2.79376330667445,0.0894687337402378,1.03756855662575,0.0846603637383331,-0.365174208139997,0.0487736635579042,1,0.000270222796915957,0.115780713684401,0.787539536948074,0.0535502120158673,0.69232912494901,0.0478882555243004,0.693231641810101,0.0458811429267309,0.691412636468867,0.047275934565033,0.675525586781204,0.0482805397301382
2.75091682567643,0.083180203702544,1.02485287114349,0.0833170593279024,-0.36786581665233,0.0444126544609266,1,0.1752874039316,0.111596241913934,0.646650710376368,0.0611894860893543,0.699087097804099,0.0458971112202727,0.612350962744978,0.0476699028131497,0.700777938668533,0.0452376064352274,0.704253578869203,0.0473746440490135
2.67401014334983,0.0768071436148679,0.961978508606962,0.0737441124743347,-0.30361358402024,0.0500151393286088,1,0.125080837317245,0.101011783846319,0.588028150741876,0.061322951240968,0.655698009998662,0.0481407654795051,0.720879902582637,0.0426514062492118,0.635288797329898,0.044889693965704,0.732865048577522,0.0441885175913559
2.71448068419467,0.079099268636505,0.984758754432117,0.0762950361321945,-0.339486739892615,0.0468976493123855,1,-0.0734677324989378,0.111788651716745,0.726644022763332,0.0591400662995934,0.650037519361285,0.0476533207734419,0.726408499653013,0.0424218779151943,0.682849913934834,0.0449368720866377,0.631799810981621,0.044729007005941
2.78983630955184,0.0849065311985468,1.17404537216336,0.0966560646378318,-0.274890311182783,0.0541904935163842,1,0.0455110191954697,0.111631539652106,0.629294577988957,0.0618823111312575,0.770502095508667,0.0435963721894228,0.723972396126409,0.0432619717962412,0.710706256448617,0.0450750789687459,0.691591234396572,0.0489264332910559
2.79762263385603,0.0887648637875545,1.09146962351701,0.0916710611914951,-0.336929983734932,0.0505623341646289,1,0.0621130772680824,0.12422989962283,0.719348172156037,0.0643418546568444,0.757415543837166,0.0478951202289397,0.658419140079032,0.0477316979251089,0.687685757799852,0.0472217694363553,0.756709413894719,0.0468848698887802
2.53181756197008,0.0752923578751344,0.853543727566966,0.0684842527117309,-0.218458221432704,0.0586483965344178,1,-0.0921220841804648,0.117400517328461,0.692376631967567,0.0590244472610057,0.617841343404819,0.0505292973562528,0.662625529137762,0.043720731894505,0.661877043905716,0.0424859917448529,0.629523209032531,0.0458514956366767
2.65852581919357,0.0779900462125794,0.863458623939924,0.0671260434349922,-0.206964879349418,0.058574822681678,1,0.221180186022235,0.102537410932265,0.540155059894369,0.06864688807125,0.723716635635319,0.0459395727863281,0.69998973705825,0.0414631652883256,0.599589302598654,0.0448156426014044,0.69662672118405,0.0450470080550141
2.77778644013317,0.0855530324611984,0.995600834191665,0.0791082555916101,-0.361679270353314,0.046693691109328,1,-0.0110058126591002,0.112318767506132,0.704111712757589,0.0624938123494852,0.675918219166219,0.0509174806318354,0.76695315397886,0.0423873652048635,0.740849540955226,0.0435586088205061,0.665462891469809,0.0495371812889787
2.61187935844205,0.0767449254552962,0.825075949086173,0.0663096082501336,-0.28416835116427,0.0463074547073248,1,0.0761162161193582,0.106049254676891,0.58379498305747,0.0626255672157328,0.69354985141855,0.0475403009380862,0.662693482267141,0.0428516483235325,0.633110479041088,0.0434030532713683,0.711709737188994,0.0432912329135224
2.7212665469136,0.0800835132159689,0.978143663550654,0.0765905039905303,-0.217825502316637,0.0587479036122762,1,0.129165927182723,0.123261634995793,0.688172650894812,0.0625410064977551,0.670219039186584,0.0462452438752876,0.678280787262798,0.0441009732258404,0.707438775660623,0.0452576256428934,0.695990427505419,0.0459335483851541
2.67704955345138,0.0792455538679269,0.912727904144958,0.075144615575375,-0.267904960412933,0.0504192972014083,1,0.124459070437483,0.098855117556519,0.648642477140172,0.0582797969120901,0.613982280234623,0.0476604873837313,0.753942810394117,0.0431971004785144,0.597158159408032,0.0476931476626752,0.653501427063599,0.0460155425492487
2.59054841948634,0.0766951876340323,0.917268667235073,0.0705102838564477,-0.209807914805721,0.0569087540345123,1,0.0077056112920372,0.107773520073278,0.614659287251949,0.0605829063530194,0.717641467809655,0.0449461736976656,0.584225812486818,0.0467571938726186,0.647289695334267,0.0434944711282124,0.678032744663607,0.0460766725541747
2.75732786539584,0.0859310892524501,0.909835736272326,0.0774727334322587,-0.30661069082282,0.0537413404339175,1,0.0896297380494286,0.111847347591528,0.679254301855106,0.059021338037898,0.740368975172021,0.047543363142895,0.695565240162171,0.0449478789114337,0.643572127885413,0.0483947296614849,0.670102847081331,0.04774252855644
2.81313266296495,0.0839281146819817,1.07090974887098,0.0877464368891851,-0.375049251381921,0.0451691685588716,1,-0.0640694014735104,0.113771247334806,0.686967161868971,0.0619705043262931,0.820802888181444,0.0465775197182772,0.677315753150858,0.0424103232044108,0.768767757421844,0.0414507843784254,0.761533497136617,0.0474536032833141
2.66736441112817,0.0780800998821218,1.01200609954328,0.0793215509738137,-0.268652828601222,0.051702387358971,1,0.0103023492672403,0.119481487608022,0.713143844048298,0.0597472662877667,0.698298004683256,0.0441758848195286,0.639536462103954,0.0448268595274518,0.678191393207207,0.0447641184209001,0.648927900649937,0.0467546034317088
2.77979754008485,0.0846976894136397,1.1032921356776,0.0866424917512063,-0.26229319168718,0.0565782713856743,1,-0.00251282990488363,0.118527004945515,0.715558138957959,0.0599116749917983,0.664448181202908,0.0471970811599701,0.76524395634342,0.0426467413797972,0.639731004564965,0.0477447025611566,0.70886605575043,0.0464355496881237
2.81941838445914,0.0803038920158884,1.00122553249536,0.0788708779270117,-0.279351552706502,0.0532661392459098,1,0.212967689722309,0.114570999058524,0.623940283187236,0.0638757780999377,0.722493653770357,0.047420264794902,0.716068811385054,0.0452234203723932,0.801653177600975,0.0402755288986931,0.663088945143118,0.0475941955687197
2.6836620025278,0.0784491989717185,0.928791618241061,0.0745646387126117,-0.362289953103462,0.0459065873471094,1,-0.0877085458619046,0.107321320912692,0.712244843407393,0.0581684087373482,0.683601272914838,0.0484433935522592,0.712405700304583,0.0429455181697755,0.67207950577604,0.0441684915369848,0.722093246965844,0.0446155104978917
2.72438220019834,0.0827543115948656,1.04268201077502,0.0833863386902041,-0.319030758668234,0.0513032873924991,1,-0.0147905096501244,0.108237311591317,0.687850806169794,0.0587079350018343,0.678665837280768,0.0483481196376822,0.785380482253315,0.0423786893974531,0.630822109198848,0.0467840564677597,0.746059087355704,0.0467797220764573
2.62931497188319,0.0751288342233651,0.913892828732178,0.0733434159328315,-0.359438368280446,0.0469073885434589,1,0.0255405604494687,0.109653042255996,0.644061614440624,0.0578559058505562,0.731036586829645,0.0454736879026625,0.674761745414951,0.0437868234263935,0.71566360098001,0.0422887511582982,0.698977763355862,0.045141747467918
2.69473502791787,0.0824667501461634,1.08087508339914,0.0863181746919234,-0.305773752353757,0.0506360646947468,1,-0.0119856067688052,0.102637223707298,0.724369320006876,0.0529374274821739,0.679249889506711,0.0464130070415045,0.731315412350608,0.0435506403280352,0.722922313240082,0.0456611952780014,0.659385979716898,0.0480766497027472
2.76271296815715,0.087148976747249,1.12952931006547,0.0879992863965404,-0.29372294453535,0.0509583674872189,1,0.135568483453667,0.110183928549902,0.624564876082679,0.0618177307237742,0.675778296024212,0.0484979474619769,0.707827859832202,0.0453972351651602,0.701140547055115,0.0454838913791884,0.717709990917948,0.0466144987994433
2.67170201839624,0.0794871462269289,0.912772060404319,0.0690678221798108,-0.328118985660502,0.0461593621425338,1,0.00350264951328632,0.121173845520958,0.703763335724188,0.0606871512782867,0.690761075628495,0.0481741576062604,0.739539169961028,0.040943614438097,0.717573947157047,0.0427324225431347,0.731707508236444,0.0445192290832604
2.61354077802026,0.0760489893457248,0.88314555429206,0.0693112714827854,-0.284081290847345,0.0536443085960248,1,-0.0703483311408099,0.112668624772921,0.715688801887756,0.0575602673467743,0.633288508147131,0.046414295556886,0.664339612804104,0.0448960072482488,0.647755826667411,0.0443365137754827,0.642722128579348,0.0483698779935566
2.67466852905495,0.0840340902750782,0.959958691475606,0.0803834591686899,-0.268681347953831,0.0536688800612868,1,-0.0761232797614541,0.112660952618226,0.712341120394255,0.0588565294751777,0.662124785032835,0.046224585022197,0.766757975997011,0.0437686334400279,0.709093767497189,0.0451404570926808,0.614965087422289,0.0504398833762411
2.68343092942197,0.0836220606166165,1.02296230235904,0.0834047642699,-0.289961023796121,0.0575119459252481,1,0.0646407523541236,0.119758728482383,0.673857155479051,0.0617318804048847,0.676075046582116,0.0483626486154897,0.701012913399902,0.0439719182396433,0.634611542192862,0.0485237518079525,0.729994786817826,0.0473183992169736
2.73959862866218,0.0840611690185508,0.971850025826981,0.0784907345384255,-0.260119283305462,0.0552989876011544,1,-0.0529362361224588,0.125485875327835,0.751088240416216,0.0622892772577065,0.69838132315116,0.0456557879949237,0.681054293601193,0.0472765369872573,0.70910194231326,0.0447016922121864,0.770882312759545,0.0445466014366704
2.81617362717695,0.0846378862956329,0.956939521824509,0.0772898883881595,-0.283307315536209,0.0512874985517193,1,-0.0637390959587412,0.131684409325108,0.737088234562184,0.0656880793116279,0.721890561441105,0.0477161407864837,0.700520561879374,0.0448972095361746,0.724538415537262,0.0436029372640905,0.651704101883161,0.0458534112646018
2.76753198460607,0.0817463277683607,1.01422765919807,0.0801975940462349,-0.209909045936162,0.0602422601101568,1,0.174421857352272,0.1143435267227,0.656255005308513,0.0598191060185126,0.690794604177843,0.0459806735221811,0.673071705772882,0.0449444551289874,0.653655744175867,0.0455180005881189,0.73858724464364,0.0452165062465751
2.63931152803325,0.0739787900475067,0.958188409182412,0.0749405788104442,-0.260239375673022,0.0526935322302217,1,-0.10852275558147,0.119720763150189,0.70965930508764,0.0618477961265911,0.727671952846211,0.045456980080198,0.71592271311803,0.0397388078081515,0.614205104278215,0.0434242906852942,0.703800526230815,0.0469328807568135
2.76410988415283,0.0781368052296879,1.06249002718112,0.0786712509306817,-0.288258327338529,0.050116182513963,1,0.0343248736899449,0.113570361938435,0.742478282160116,0.0572239175677737,0.684206096212111,0.043000533307536,0.729476684310613,0.0411453722443602,0.773852019448475,0.041987833002094,0.627121426066945,0.0481340832901445
2.71528958908112,0.0829974808196706,1.02312717213468,0.0830142038753634,-0.276373954132567,0.0532299389677824,1,0.00579582708195469,0.117226117381852,0.733379010874227,0.0589966993900379,0.663180694411168,0.0477391953408105,0.703780332873366,0.0464349599075047,0.69472489368065,0.0437444793704563,0.724357219873396,0.0462485619646057
2.71338094414943,0.080669855485008,1.0029370935811,0.0796981143346155,-0.293416310286328,0.0482566355447202,1,0.0581993888652605,0.106903446633407,0.689206938913716,0.0571613885442915,0.674273773815169,0.0457297691334942,0.750238074163457,0.0435559432892772,0.692895451306906,0.0432078795261557,0.658125330860147,0.0463953918663388
2.78732223053245,0.0835830939786264,0.984858599463048,0.0816326793771154,-0.308422264055969,0.0547154500250635,1,0.16538356520944,0.102970346183476,0.658249984744533,0.058288381036598,0.689101239397105,0.0479712040838958,0.686566093961919,0.0457345299311566,0.740955534124116,0.0445647444676697,0.754616895521925,0.0451373070917396
2.63460791327664,0.0823128370487065,0.901093408999469,0.0746637056046172,-0.320832803579843,0.0526292145059354,1,-0.208881221848362,0.137249222065534,0.740768705651994,0.067179996872143,0.668076919285847,0.0475625670196823,0.647995553714376,0.0452959404729692,0.740128828906079,0.0436071033521069,0.630367370320494,0.0488271474468045
2.54347049278931,0.0703735801235126,0.798234430293173,0.0628067821920459,-0.127618377219869,0.0643132418123494,1,0.00336918914613949,0.117390529675206,0.620053967357665,0.0622500500190378,0.651664711148255,0.0459431081392637,0.662185971057845,0.0453559037207858,0.699851087647933,0.0422859860867599,0.607366838852933,0.0454196315192214
2.64742653719375,0.0807983776993639,0.960845447969908,0.0767755264718713,-0.264685681193952,0.052512611643495,1,-0.0870683435003721,0.112431101456714,0.677450361071808,0.0643758764941301,0.71823185319395,0.0471692828642064,0.630845896996436,0.0443933271624779,0.723812061094337,0.0435308961212791,0.755465085070747,0.0447521319491175
2.69191890016344,0.0819877733449009,0.922981208236967,0.0751265718351816,-0.280959196209819,0.0563093424698539,1,0.132999297543328,0.114567096890699,0.687374212818985,0.0615519818477199,0.659994381788804,0.0480870978687919,0.656721632817541,0.0464596535996443,0.717742082656671,0.0441218957342526,0.652594260295017,0.0475070629008914
2.53297586217664,0.0740931627670431,0.972678147622585,0.0739284655344852,-0.306535749136621,0.0464226129237402,1,-0.150375034094461,0.114565926217028,0.718476225399121,0.0591498043169267,0.725603853921054,0.0419854565231046,0.673047598603454,0.041696672075688,0.57440070839923,0.0441590016167917,0.616067166154019,0.0469223020183625
2.7012404913207,0.0818539845751575,1.02873931900356,0.0840938691688532,-0.283968549743092,0.0554519703267572,1,0.106400858321371,0.115440268235734,0.693113927023706,0.0631516493539967,0.612228453428611,0.0519696490261611,0.689281846520596,0.0437466082132148,0.718323788769149,0.0431480096881152,0.685392302177039,0.0476643137113439
2.57718146713079,0.0757009607250733,0.969436677511772,0.0757506857656768,-0.215947769521862,0.0547087614358957,1,0.0102662769056697,0.110690171970817,0.668555945681683,0.0588719737299816,0.658369378070257,0.0461664389024118,0.590567648301063,0.0450357888055044,0.712209864552174,0.041208606650733,0.662573094441527,0.0441149007906642
2.69347668703501,0.0776705843340771,0.942703149581754,0.0748585876419135,-0.302302614582119,0.0478656416531255,1,-0.0224662747865721,0.110300446015503,0.654678596418674,0.0606542774586426,0.72963128282696,0.0457712830625668,0.636195115799517,0.0436406268520953,0.777651555124823,0.0421842636754153,0.660611629952451,0.0481903293831157
2.77324898005232,0.0818300146537924,1.0355986472902,0.081366282841025,-0.248292462740729,0.055453658445014,1,0.432105277771148,0.116105120282629,0.623278195802779,0.06094587663218,0.703023557141546,0.0454176052516861,0.665072772284505,0.0450472015293551,0.729208916202174,0.0428677985458395,0.724734238000551,0.0478293046258803
2.77645775040832,0.0830871479880344,1.08301186559628,0.0875791664095933,-0.322662597297055,0.0506787798480583,1,0.0562266830696573,0.114053452369626,0.74277195944792,0.0595515336452302,0.675064104450802,0.0492192072753312,0.648745016465986,0.0430054914519149,0.712424023400595,0.0453134950352214,0.804091391447434,0.0457343368558789
2.70144787545266,0.0840006673849323,1.0683151940139,0.088033710679767,-0.338210199507571,0.0505683277228703,1,-0.217678050199887,0.115844138801953,0.760393171944035,0.0566497103436427,0.70339043276057,0.0463917066717152,0.780155457627383,0.0422674252485756,0.628851399180235,0.0469694233371814,0.695368704686747,0.0494337400157714
2.70590976585967,0.0754936208676713,0.957983732970403,0.0736980974466621,-0.264675202592193,0.0475007406349747,1,-0.0214085687022229,0.118455113678129,0.716745136366282,0.059761290083968,0.723816251526137,0.0452465644438979,0.71711379089798,0.041043012226694,0.691561412407843,0.0434922473053286,0.679032243854819,0.0455283416773838
2.64033905857864,0.0757130336855705,0.990898418343316,0.0754253185348305,-0.304655866714884,0.051984426094458,1,-0.020798630854483,0.114318699720544,0.702580491077964,0.0599330655055801,0.653730231883006,0.0474877355723534,0.659902991774663,0.0436919729407572,0.733902544898868,0.041836537686309,0.603293575212955,0.0462500161908551
2.66248418091605,0.0798172742370695,0.999744123926415,0.0816415697762388,-0.296923634723018,0.0542410922242528,1,0.0569742152943827,0.114542381018882,0.644899824633165,0.0600481250095535,0.680885206344855,0.048608189559867,0.662601848423851,0.0452942029718464,0.73401863267769,0.0452004542848105,0.694262713903331,0.0477105700936227
2.78689320511622,0.0823593861532139,1.07035553842611,0.085776913710077,-0.306177402738135,0.050687519143243,1,0.0538368264823858,0.124182831824964,0.727029031156795,0.062550609167614,0.70571149867983,0.0475158611253019,0.756171270585437,0.040489466352085,0.710738121641671,0.0443046769957662,0.659694242245767,0.0480562595057988
2.70082903766799,0.0737551499003787,1.01082773150864,0.0767393906925482,-0.282528749073916,0.0498372293624478,1,-0.00577782502182624,0.118748042257402,0.693077290350279,0.0599328765929451,0.685333044168163,0.0456051129231766,0.680937134362425,0.0438936582751154,0.707131806615472,0.0398448455812671,0.740982576587133,0.0424612317443544
2.78048992496426,0.0859482850591096,1.02909942820025,0.081589203377878,-0.35788132485166,0.0480288317805414,1,-0.067729000955579,0.12647267966521,0.674341574013406,0.0649111602520755,0.77993060334107,0.0447186158104619,0.747298961661006,0.0436717600768616,0.717809875538241,0.0448089020651026,0.679370483736134,0.0470672548782178
2.6911453933935,0.078574061951936,1.05254946845209,0.0809829492760981,-0.306826934873948,0.0478937945918213,1,0.00244585960614165,0.110301169240462,0.649279898733472,0.0604767505553344,0.737922429494025,0.0442672720844356,0.68971810257112,0.0441934021482179,0.673749347781676,0.0432498975259201,0.741761749904877,0.0448653215582478
2.71503747274,0.0828528046139418,1.06962894747695,0.0833462255937116,-0.342144564639812,0.0480883433191948,1,0.0111152043469697,0.113037147891821,0.757745077575732,0.0578449373143351,0.67122774302797,0.0486081861774281,0.787133003264192,0.0411393466676576,0.685927961532574,0.0431116999800713,0.713205094539808,0.0453692744128455
2.54170739605821,0.0764070726381352,0.872045883628353,0.0709630867045432,-0.160627405545239,0.0608338769710572,1,-0.197642225936495,0.111740743483652,0.700968182461159,0.0571873855884472,0.675069114130705,0.0461500502655098,0.67775196579935,0.0441463267621598,0.674147222204913,0.0439790882674738,0.626289280284095,0.0454499970202927
2.7134815703481,0.0821164938014448,1.04992520053531,0.0832057722536611,-0.308232375072393,0.0503797801136881,1,-0.10216694738319,0.116971432634377,0.738017976535778,0.0570398224169734,0.734442705469546,0.047674072682152,0.635509799644527,0.0447798757597706,0.751204412587188,0.0420927875943346,0.627958662645709,0.0475099537269918
2.6558330242009,0.0784632281380832,0.910095911691987,0.0709447178982285,-0.211723795261998,0.0587122290192897,1,-0.0238001338732615,0.11026355114911,0.708376409144028,0.0584091413292362,0.668015992468116,0.0443599082927031,0.70393706441144,0.0427045212904671,0.636822503785489,0.0476672029189605,0.655397081422184,0.0459557222257359
2.76387320465136,0.0827032172866188,0.960754018004555,0.0742996658960047,-0.299838751100015,0.0484547740471053,1,0.225605360383317,0.108496360313753,0.534527813909253,0.0667900237686576,0.782609921896615,0.0457423710904713,0.699383776000155,0.0423827982360026,0.742250596372447,0.0441723918173667,0.694303521153527,0.0472053901253424
2.6826053710763,0.0785406650593317,0.954686342263656,0.0751709399430642,-0.332803831117585,0.045168329162127,1,-0.0853300036043204,0.115560394966429,0.643580900617412,0.0657557296815915,0.753520896038232,0.0450593645845711,0.648073848366353,0.0457855427664313,0.688000558989231,0.0427368937793943,0.755292963499682,0.0451286986670927
2.66189364466395,0.0776413811976795,0.947145238781944,0.0782252426951759,-0.311027552289465,0.0484906583384155,1,-0.294943196278205,0.118810940906018,0.713895675119059,0.0633749700229315,0.712787767043719,0.0454437987738777,0.748700310896941,0.0427426602781616,0.741100973849758,0.0432559840982677,0.622479056317953,0.0479538556219898
2.75313975036062,0.0804221395142871,1.06404640244598,0.0860020708975546,-0.281490978701966,0.0547140769506575,1,0.0285302145257909,0.11101784203371,0.752086301622926,0.0553270690689926,0.618132375851911,0.0506201310718916,0.646888720977239,0.0446326720595022,0.727056441567291,0.0436884875309502,0.708612699338559,0.0464951261907492
2.69160148317716,0.0815970603381872,0.963516848838942,0.0763131665272139,-0.307391360938357,0.0513270766483799,1,-0.00574284179872496,0.109416746138186,0.602190641555435,0.0628794553712455,0.729297108730281,0.045809117492829,0.68797267479855,0.0456572059271273,0.676752635689513,0.0430766253631688,0.723001204254356,0.04450705070269
2.60839849298197,0.0773332464806229,0.934085575086825,0.0736588367637796,-0.266085554389952,0.0518959188476647,1,-0.0246003952695314,0.109783513014601,0.717171103239424,0.0556719030311769,0.658366340017068,0.0475696541866751,0.638527394817835,0.0459921178821983,0.69970100883404,0.04470656546198,0.674949556115169,0.0465626812276784
2.84995335037429,0.0900398563980817,1.13218358922944,0.0903422514439269,-0.347901812801932,0.0490467446456423,1,0.0934630326038346,0.111413193549311,0.716186175971055,0.0610331846898592,0.768470698280037,0.0465074738015344,0.711947739734086,0.0455005482735044,0.813620616025275,0.0435102779568873,0.740166422234979,0.0486455986629472
2.57460683438645,0.0756016290228,0.948479749821673,0.0747538073065451,-0.283405975757977,0.0489788813651,1,-0.175250941421241,0.122338063946485,0.660799251847446,0.0640410944083319,0.688579534048732,0.0454672116180808,0.628193556056691,0.0431935286630328,0.746413375204277,0.0404190267708918,0.555909504089557,0.0491990525812735
2.7363057980496,0.0817538206307387,1.01701333310455,0.0799333283630638,-0.344043273990525,0.0462061297727866,1,-0.0476774475669895,0.126916756786034,0.716013658254124,0.0653430838967343,0.780790911136078,0.0445796459160874,0.75175035280353,0.042851375440085,0.6260795489361,0.0465900438286564,0.78699723324364,0.0437785999585499
2.70323482688808,0.0792029838786846,0.991703726275466,0.0763776223005593,-0.357935847612269,0.0471327048896339,1,-0.0371037459855863,0.106153596545974,0.693635638843216,0.0581882038379996,0.743714185633638,0.0474675470647141,0.632450875767067,0.0453719115337144,0.708005815043282,0.0430030642038888,0.738694141617524,0.0443134877039104
2.61152987868491,0.0807752899484544,0.887342685749984,0.0727959422504062,-0.370973175204241,0.0417225178227502,1,-0.0672295572098581,0.105620767242862,0.660751125358813,0.0586535988981778,0.670382264270922,0.0473843325185022,0.653253657130691,0.04589392077688,0.688805036508485,0.0424476506250519,0.664236208864165,0.0479124640996406
2.65750563030171,0.0791020781059485,0.940880591516759,0.072921870109077,-0.296703277007819,0.0494857472403067,1,0.0526767338651717,0.118200849745589,0.677458313614717,0.0608942924685991,0.712547664007557,0.0459985567876504,0.701119171485307,0.0418458912452698,0.632779617199785,0.0450212064057778,0.676138689008708,0.0464512575686498
2.77697140869276,0.0847449645161907,1.09550924743248,0.088357167950795,-0.321931016375779,0.0485171133263314,1,0.0466047150819456,0.118328582453679,0.701081837277756,0.0601489329467367,0.722541530937465,0.0478522516101002,0.714361135193596,0.0437164085084129,0.699276676867848,0.0463105755371258,0.698434342255463,0.0486711077821402
2.77662213413428,0.0863571071397702,1.05549953925498,0.0892037384758935,-0.308348763056115,0.0551313439018364,1,-0.0910181056864407,0.123436748140162,0.768202708022601,0.0572681360499456,0.802733418831905,0.0464611701075369,0.601733549923782,0.0469455291230636,0.710994580690159,0.0427673511877857,0.612725412996879,0.0493654354779343
2.72984149829242,0.0797604536017565,1.03733034865319,0.0812114822105068,-0.32563761732555,0.0500834952883524,1,-0.206054724605845,0.115940194332877,0.814626425013172,0.0561294850932116,0.69895908909482,0.0467367222212908,0.671451469046759,0.0441871414418347,0.716451794899882,0.0423487997515423,0.743890861206737,0.0465576969695039
2.68143645748483,0.0764507331557483,0.947763536021386,0.073282341513956,-0.329612492965032,0.0444723517943103,1,-0.183641184001788,0.111626787533086,0.79042540268442,0.0557536316743476,0.662212713194198,0.0454314897363458,0.750018742267134,0.0423891061212585,0.723719777977505,0.0406231666840276,0.731548361600438,0.0441551013676117
2.57857230536005,0.0717553334177759,0.897822399306953,0.070602497784978,-0.201645964136362,0.0566806540926525,1,0.064821783819994,0.110429791712649,0.69814712874374,0.0567668870766891,0.60190391611508,0.046283743932092,0.682696958917601,0.043520034579099,0.629436629566972,0.0457299674038897,0.662003091413007,0.0468042902453154
2.70226572431568,0.0781591156420506,1.05836653966618,0.0801069899215251,-0.330461437137531,0.0469195106631044,1,-0.0451190985630012,0.117371294062918,0.73152907506559,0.0620853899455927,0.609143491258672,0.0484145202437755,0.666150105294623,0.0443924303466709,0.689388260481489,0.0428276868103174,0.70452106289217,0.0453330383774633
2.7405846877065,0.0840402864357484,0.970041384955601,0.0817052470926078,-0.330622830045334,0.052408602790468,1,-0.150024690758265,0.120579806981812,0.759744532632298,0.0588597585679181,0.676246967323061,0.0501555263047875,0.714074027771916,0.0454796621900541,0.643716322182123,0.0456590530848746,0.686293618032952,0.0470560508231593
2.68508383904092,0.0779798410508288,0.881549647491639,0.0692658621791085,-0.139190370617374,0.0650912333650039,1,-0.0562719357393956,0.128123710596122,0.734961644570479,0.0628868379468182,0.56479752055145,0.0517157819128578,0.744243646675758,0.0428978465640683,0.708610802650314,0.0433396884452256,0.620036036860411,0.0482197294685472
2.62329933575206,0.0782866540428835,0.949054093975799,0.0787309184284522,-0.240629139517236,0.0577755040297853,1,-0.207025117621645,0.110398803749494,0.740996448214704,0.0570031050036744,0.666653389407596,0.043843331187935,0.700283943486298,0.0426013891771397,0.713573026119358,0.0432146018091887,0.665457722769653,0.0488760369844843
2.77345188660147,0.0830034790102826,1.19266849809827,0.0949963520038049,-0.341510103184488,0.0485604604426228,1,0.00628280643124634,0.121797117296872,0.770117090243186,0.0583977983420068,0.763520976182463,0.0462088329856628,0.609420318039161,0.0452905253632968,0.709973010698543,0.0441742969243544,0.707173364555095,0.0453117399702765
2.66364256439515,0.0785822194695377,1.03129966458032,0.0814658654006521,-0.267582859038509,0.0531686698370275,1,0.105415527950223,0.108959081904494,0.616147453363775,0.0593713746198463,0.71869655970434,0.0443432844323529,0.587708179450529,0.0451056059242263,0.688562141098521,0.0434049595331135,0.60033934585985,0.0481796718657361
2.78741893330964,0.0817550235728755,1.06472622078071,0.0807002992644292,-0.327156375181523,0.0454815463325942,1,-0.0399600105941014,0.124686591631923,0.790035645610009,0.0603550591139261,0.66562901634331,0.0472632162229509,0.727246613353695,0.0421446500662314,0.726961483339374,0.0435150902884532,0.781964985304637,0.0442914790412384
2.6918058052577,0.0797215622165072,1.02767811235515,0.0808786204789732,-0.224957660212538,0.0555545825867872,1,0.172734701897024,0.111886525419023,0.654644369189568,0.0579459049679383,0.644420508555872,0.0479217337988479,0.645313858223132,0.0433531243617674,0.68494210029875,0.0437154626999111,0.699463525127256,0.0461593041496394
2.69913510994823,0.0807342523503522,1.04265501186168,0.078582165180475,-0.264685071891001,0.0490582749380748,1,-0.0197349971275964,0.111534317304472,0.644929277425605,0.061558934489891,0.705779610400731,0.0460758630098328,0.738945746761126,0.0439743312876383,0.696150901344632,0.0433150138310187,0.765692248259295,0.0439537896394488
2.91467099001465,0.0874614775668476,1.07693421418109,0.0906933823959186,-0.256778164816281,0.0572618022616949,1,0.0231997800208307,0.122585196183701,0.828488865541546,0.0600403636942139,0.656739668394539,0.0487938324244409,0.782288363724279,0.0426807844104958,0.722918176821315,0.0455019401211858,0.662884588207976,0.0496883957842819
2.8316354495642,0.081670141166421,1.04189682157334,0.0793461711111218,-0.30152469051076,0.052942496154347,1,0.0945700372885188,0.10385038824705,0.746988845341842,0.0564591875513809,0.731645202709529,0.0445529704841927,0.711208856091352,0.0453337855591791,0.707000973838691,0.043822578682207,0.645112213834319,0.0486207096097137
2.58641384208354,0.0785760036933705,0.995180644463549,0.0794240973195366,-0.285617231345891,0.0512439232094372,1,-0.148157340054594,0.119180559519973,0.675098164986606,0.0601704052796314,0.629248200731628,0.0479250480636934,0.642539104517275,0.043587654480587,0.698563299493599,0.0428617254948707,0.72488873351099,0.0433587057720774
2.68430775163427,0.0827980650704652,1.00361399928344,0.0823000723525331,-0.268050500225589,0.0547709169971856,1,-0.0146067701977558,0.115845005050533,0.712276490645303,0.0561331471012287,0.664252933245841,0.0464751880307762,0.693732714636762,0.0434955720402501,0.740515867854988,0.0453587567939829,0.579415825427036,0.0525408084585214
2.51340930597292,0.0719483926511588,0.92972227296663,0.0733012063595045,-0.227376728748373,0.0540057120363858,1,-0.112327430363582,0.104089220877717,0.651070896012349,0.0582909622544342,0.646453741150032,0.0470775287868697,0.64592863978656,0.0426222454016906,0.599713205075213,0.0430118666039236,0.682784329971628,0.0441387438085483
2.59817610546441,0.075058676076151,0.932870557394563,0.0731562047797663,-0.288887905323903,0.0498833787643062,1,0.103424900189876,0.101210127230351,0.633598241226218,0.0551126502192266,0.576899694068225,0.0494336964127445,0.686813385354602,0.0425795276625435,0.677354554519279,0.0433158120066266,0.637754943499328,0.0472548780328357
2.69518603045548,0.0837251532460508,1.05348239591184,0.0838342221553955,-0.296982767521878,0.0524506130528943,1,-0.00551911011888051,0.115430250611388,0.744569225410803,0.0580178900767022,0.658544928646432,0.0480394098220275,0.695386123068974,0.0463752285199622,0.694664246323527,0.0428621601005236,0.751603432979892,0.0445520720088201
2.67397207748928,0.0769749111243622,1.0043179130439,0.0794986855606174,-0.216502530090725,0.0565719288029876,1,0.00868908901885017,0.115451670576063,0.66507851800163,0.0615466608351769,0.699068245958486,0.0436023966986206,0.696945081923874,0.0414521168089211,0.726767513892908,0.0416854914682526,0.683422533295118,0.0487620103639933
2.69538772841663,0.0768825229487241,0.895879946904079,0.0685631349630797,-0.338095304590919,0.048782173353472,1,-0.0257253175144288,0.131516924634254,0.683510311397111,0.0700947158430746,0.720248861661591,0.0465755029682745,0.756270283088873,0.0423353767090033,0.718659141892546,0.0423279306565526,0.696521603858123,0.0455090870042686
2.81936866274307,0.0814009735012074,1.00753308193007,0.0760273732368796,-0.319592409169976,0.0480027795492089,1,0.077404771910322,0.10871762825294,0.739158254090977,0.0562103170799117,0.700113953898615,0.0463855252384318,0.709889962194475,0.0440227939535576,0.692793013261568,0.045582215714257,0.701649750486069,0.045706572537359
2.74253248577194,0.0795252251762271,1.04848537110982,0.0807034505428542,-0.355962187312611,0.0467583830791583,1,0.0899958089740438,0.107673226726553,0.694939465045441,0.0569476931897938,0.688816757135307,0.0450704794781472,0.692244579750802,0.0441952952126091,0.724998767195703,0.0420450343302243,0.725484110323505,0.0457662756176781
2.78447157178678,0.0866729722782798,1.1159609319198,0.0910793728588288,-0.387442223590059,0.0429952482280632,1,0.100049810262889,0.113251473910359,0.726446195692807,0.0602755999561376,0.68857280281566,0.0466503791099389,0.703596066007333,0.0449148694325656,0.692876598836544,0.0451794535966104,0.755891940616913,0.0454784868970839
2.58355861732217,0.0754955671928667,0.951286092528538,0.0706637345711072,-0.268602905540553,0.0519359162619598,1,-0.0305563878537016,0.123733591385396,0.647981773669269,0.062552677811528,0.676340194726589,0.0458333247595556,0.682424423929674,0.0442132750069776,0.690620358356825,0.0428594099431622,0.637767254701925,0.0464266859572161
2.61619296152583,0.0744350047367775,0.945981925385504,0.0733564061868859,-0.255385219526804,0.0524002865709813,1,-0.170435831757791,0.105654701710407,0.788929176659479,0.056056203174323,0.651623670266492,0.0449938425136109,0.63519068673121,0.0438277731088076,0.678577270680603,0.0427220767735923,0.643498693220468,0.0453388202788555
2.78179093389919,0.0859374497902621,1.07335202400948,0.0876584469104901,-0.287629290560703,0.0541270712649384,1,0.0916884789849957,0.117822754380251,0.762434957918475,0.0578498214916695,0.650878327344129,0.0496571285484492,0.598465686855546,0.0494150184382485,0.716015538385673,0.0448242795450618,0.763983271205771,0.0448910642125642
2.67047129232425,0.0809979169913654,0.956380092833224,0.0793489207803752,-0.288493689264408,0.0547864248807061,1,-0.00353238590735584,0.118844470503847,0.711626867170642,0.0585152890763073,0.595010060806995,0.0508957995014207,0.730826991122278,0.0452266728294729,0.672573949072843,0.0461444688940822,0.666702572252804,0.04669629021789
2.69451099340118,0.0761820616971475,0.995819064522883,0.077624034961478,-0.282314149957399,0.0547571132590423,1,-0.167010694750904,0.103741563884277,0.786439690351327,0.0512482900827646,0.698031077439716,0.0432983607360711,0.681025659936232,0.0427984228509914,0.664380840493697,0.0441445247890326,0.687952455430125,0.0482181210667025
2.77506924967747,0.0814720388383802,0.96841960258148,0.0745070723944463,-0.305036756196039,0.0542629846660718,1,0.312574181567957,0.119684634987641,0.582054912949107,0.0687011683767257,0.692248040819804,0.0477932995182555,0.696146615444331,0.043268394576703,0.665492855602928,0.0450510141056926,0.790095343472552,0.0435055105889695
2.63594003605499,0.0777066029411778,1.00673163069007,0.0809685380910714,-0.27568910085354,0.0521677541792108,1,0.215708308195674,0.11239950302467,0.664848573582353,0.0552606947134098,0.627028039745143,0.0456808416727615,0.661231467964267,0.0418758636444402,0.614718849084357,0.0462840391065805,0.642566396463874,0.04926425318683
2.71616850988513,0.0845723189910515,1.11894108333761,0.0912475306896487,-0.318332339197016,0.0532505953628606,1,-0.174003711993294,0.109906512522507,0.750510842104509,0.0590432091521787,0.731668853476355,0.0466873391136543,0.676738444966413,0.045717840398297,0.680529953402932,0.0469742670503511,0.665806683241064,0.0505587897690168
2.69623869642111,0.0788639301028026,0.881858012632528,0.070956971322584,-0.173017210386556,0.0617816341463921,1,0.168830159315509,0.119016630323941,0.615256588630546,0.0618066059922402,0.645235425847924,0.0456295544646035,0.648775859193213,0.0453941252734499,0.672643526228989,0.0433901050276819,0.620073744691938,0.0488018688473964
2.76376936878795,0.0839957275105149,1.05959813057109,0.0861237060340107,-0.262118820387215,0.055464482842092,1,-0.0726608155094419,0.124574652279668,0.773575180152618,0.0588147748144238,0.633887625322178,0.0464931892788959,0.707882111864535,0.0430324460150184,0.744199965720758,0.0422825730821433,0.699500876163111,0.047613336775656
2.63194778067319,0.0751735152142555,1.0154371561742,0.0806267000600411,-0.245208755274301,0.0519807896404481,1,-0.0541307800756865,0.111957115462434,0.727170028590537,0.0554427146512037,0.703436036837506,0.0434482291073158,0.627151538525126,0.0442556175685468,0.66062083794272,0.0440158032622732,0.681880581510089,0.0463669786539507
2.67769086607899,0.0770560403425628,0.916101463981771,0.0727383967233387,-0.230272687800352,0.0519919489967164,1,-0.306610851752944,0.143633113146351,0.803796295621303,0.0661203597026589,0.670119211828913,0.046840983020937,0.685178707203831,0.0423661499957298,0.661033381071454,0.0429248169392164,0.718995238238006,0.0448781826654723
2.79036162587859,0.0816178094358768,1.04650168868398,0.0804389963920355,-0.46243485419336,0.039270213510029,1,-0.0455156449825138,0.114636131255861,0.702234864393543,0.0591673433839916,0.749986575621627,0.0465487368940617,0.70976428383123,0.0438035669048244,0.68090783493975,0.0462410408545271,0.754093158440443,0.0450450661243589
2.65800643972316,0.0797997729784618,0.972861900184511,0.0804733588703186,-0.284710714187407,0.051403992319846,1,-0.0808451915750087,0.113167924851536,0.714225387006611,0.0594565871477348,0.666764140332418,0.0477356001932735,0.666826821482369,0.0440957311621049,0.647167565424899,0.0442896553452549,0.635407589304563,0.0493985063548084
2.75032684527431,0.0803001855826439,1.08946462043568,0.0853860883953781,-0.344634470216355,0.048430265935151,1,0.0176178445230406,0.112973027824547,0.747775451106686,0.0562583147977663,0.716003176073698,0.0444055697360335,0.70892001350665,0.0430262152042669,0.741997483026762,0.0425337595707567,0.663803418397936,0.0484524495184562
2.82276054447725,0.0873343709764319,1.13175650751535,0.0891572020993031,-0.322409156822048,0.0490505037325076,1,0.249875924610555,0.109047209639381,0.623112383731903,0.0606145028699238,0.717487264866322,0.0461702442555019,0.712176579021207,0.0418363459661423,0.689346352485359,0.0461396714781282,0.690668996838037,0.0471235407656785
2.62938620634945,0.0736664870417023,0.866590648079522,0.069119481867152,-0.226200604081578,0.0548143926824536,1,0.0354431990548966,0.113519756613867,0.691675727279512,0.0601600545165177,0.69471963128346,0.0466056425472934,0.649162239473916,0.0442937011108829,0.669596231539475,0.0434072010966582,0.601437830465149,0.046015722674994
2.72598909178252,0.0818845667447797,1.04583369884254,0.0817585094063269,-0.395980058867727,0.0404721032973589,1,-0.189416563983723,0.133602554773098,0.823582001226353,0.0593310899758688,0.692546914256956,0.0472149390848365,0.669564788257585,0.0445560458027535,0.708454035606214,0.0450854090190134,0.706190404620244,0.0427892988797914
2.69789344652681,0.0816898167680061,0.994013303498047,0.0804755348156977,-0.321922575441029,0.0491835251690987,1,-0.214252042755974,0.129545016495334,0.72221261343715,0.0627541652933508,0.703746650826914,0.0466923979945737,0.669322411169584,0.0461958592098825,0.728253118597515,0.0430463629187675,0.727106440556153,0.0452907359970735
2.820845764685,0.0861699225693698,1.10890047681719,0.0900672562815538,-0.346570927318124,0.0484175852272597,1,0.0546596200995164,0.119780852978639,0.723886857200353,0.0628121683544323,0.743072302227172,0.0463848590476368,0.719093248234496,0.0460710764984602,0.696690628592228,0.0444945742984812,0.739068912557173,0.0464098615174161
2.70837845988379,0.0805402724993317,1.02538031723133,0.0828192079238181,-0.368081696114445,0.0445503715776424,1,-0.193724608652332,0.101875237019219,0.755847353008341,0.0553825483781876,0.667713950082236,0.0487467507840157,0.694233204227889,0.043178115655042,0.706853251813781,0.0434828625969137,0.746429366123021,0.0458188814810358
2.7575195769902,0.0836293868601111,1.08059528030921,0.0848532046434127,-0.369237064492054,0.0443146986199377,1,-0.00667257168095292,0.108842053659616,0.719797951917804,0.0563792650750774,0.74616374151386,0.0464368897925562,0.758137961637524,0.0415797203396991,0.665364707255761,0.0451954696400291,0.645847334246266,0.0486311574027863
2.7774898700342,0.079167506303688,1.03256349215795,0.0810970761680603,-0.298646152156562,0.0487144282501254,1,0.0447355077761721,0.113035365562114,0.748677497552479,0.0571002309211003,0.680153335071054,0.0485807198678459,0.691005177738567,0.0435592081413982,0.694463217604785,0.0440295767400566,0.77489377073676,0.0462083119321968
2.52087378667508,0.0738688794313482,0.937428764513447,0.0738613742718512,-0.205863701924947,0.0583405226982668,1,-0.0221792428414724,0.107939189266301,0.622274247691175,0.0590209498570383,0.668534804145194,0.0453487978367286,0.580533958975106,0.0461469978009355,0.653126829025869,0.0436168918347335,0.688262628662564,0.0459137705258724
2.75936831932066,0.0868070598770833,1.1287923052974,0.090775129810811,-0.267342861625881,0.0557120481448788,1,-0.147638114860387,0.122454618774256,0.776410308891528,0.0590368944526465,0.67068990693089,0.0475832762789906,0.756897628497751,0.0428933251671956,0.720637264850476,0.0447576722294908,0.691170175636399,0.048369888239791
2.66603882102019,0.0756112135970311,0.928213026262686,0.069638924907479,-0.309124104293438,0.0476063362781514,1,-0.0721584302882326,0.112684134634017,0.760476345420663,0.0548682181598576,0.664742435765148,0.0482772774020123,0.663668290826473,0.042819974570928,0.642778678209888,0.0443716721614511,0.676537759889226,0.0446723932676223
2.63289525958988,0.0721185858919961,0.930447724632755,0.0711322791542021,-0.26083985322919,0.0531349509924092,1,0.118418290178098,0.117166647629431,0.543251160231791,0.0693741189926035,0.705064168135894,0.0472755557499585,0.703621387515319,0.0400068349915228,0.653891663789618,0.041990077017206,0.676997601972079,0.0428324972109438
2.86637261761362,0.0880046960898432,1.30800951164777,0.10214508002151,-0.371938471949393,0.0466720048752413,1,0.097741291491536,0.107250687282279,0.704262168297055,0.055830901480296,0.721974864058047,0.0469016666613614,0.770680250239163,0.0431872967163499,0.713474261516598,0.044561299793017,0.775645700795917,0.0451186358771209
2.71094039872115,0.0779079044128931,0.887214421864575,0.0709225813286152,-0.293418831101564,0.051526358727578,1,0.0769847737132597,0.111176770858259,0.693371795355476,0.0611464171310371,0.733296453742714,0.0450135532933816,0.649463868145374,0.044241560554804,0.710090098556551,0.0435761585769094,0.66627525145963,0.0464485367711371
2.7374337730148,0.0803707210602116,0.950380593623468,0.0757054849662992,-0.243466738656738,0.0538187060976531,1,-0.0841887081868676,0.118410714554237,0.778893124178917,0.0580921797442849,0.672593993963977,0.0483521896601586,0.715668259712876,0.0435964723471865,0.67271489289872,0.0444201303407568,0.717497352994995,0.044392248922169
2.68678455007353,0.0815438163827381,1.12304085763338,0.0881292663739573,-0.283310877371425,0.0509572251837524,1,0.0471058809683547,0.111184943515014,0.628388657387806,0.0588799291648818,0.647278086610814,0.0486466215029631,0.710137509012073,0.0433168569722499,0.664496336133724,0.0447867583779628,0.655986251037064,0.047141193820964
2.81060277923433,0.0895421817879074,1.17786267867852,0.095237588649444,-0.405338081044185,0.0433256309692254,1,0.0682995454820879,0.115323239495631,0.683112719253792,0.0626346097077753,0.675954716335956,0.0514084888903012,0.795027935816301,0.0431763430859364,0.748803823108641,0.0448176658248531,0.794880843961789,0.04598995816548
2.80911815585066,0.0845949653696862,0.941238883685801,0.0749557672457886,-0.305940635524578,0.0513264672118651,1,0.137384186659748,0.109347068419101,0.66284816100544,0.061096813877779,0.752262943467365,0.0466070793177276,0.764713757897654,0.042906988470387,0.696059639954165,0.0471142651381403,0.700350419360847,0.0468368518523998
2.70823187147772,0.0776901011053586,0.967391129936301,0.0767624249662086,-0.277935554604892,0.0515369755191722,1,-0.0200402070242458,0.128490638776548,0.728448837021567,0.0629745236819053,0.666741424391556,0.045869613960326,0.749897589896117,0.0406328606051452,0.633605311675915,0.0445441957253979,0.702078489953328,0.0442822178134625
2.66477409896104,0.0804754576207956,1.03642758540098,0.0833064105876992,-0.354064556685716,0.0482992083638879,1,0.106142565787444,0.102839928404152,0.687805173927083,0.0563659849189784,0.617726014356742,0.0490725042331539,0.705805363132738,0.0439258466113479,0.712638828238313,0.0429286478551018,0.706794976917224,0.0448873805389891
2.59037126881993,0.076448569103606,0.883658118728279,0.0699652182524005,-0.229953043460503,0.0550202795459126,1,0.0667620576261053,0.100470685208512,0.650248868712606,0.0556944752599477,0.571802032144793,0.0468773618617691,0.735448114740709,0.0405503048957938,0.681765027575857,0.0448258340665182,0.595091217944135,0.0496223278872217
2.7148956129174,0.0837600504722732,1.04065302018097,0.083670914224426,-0.359308823521807,0.0471874827575952,1,-0.0594592767360564,0.102255554092609,0.725027474336722,0.0559494547159728,0.691288139704676,0.0474324908300746,0.697957415509474,0.0447361550541983,0.704935107891954,0.0460594322667665,0.698935468021969,0.0480941963384271
2.5459179806786,0.0769198283446057,0.924756561691079,0.0717182416774338,-0.276163911075356,0.0519975382851244,1,0.0235806112761299,0.115477611251463,0.553258671814677,0.0665842572597722,0.696542274381826,0.0464636491476948,0.648763437920744,0.0429681698725907,0.636091050548843,0.0417945700069543,0.658162465463491,0.0448072949325623
2.72404237401164,0.083466805747584,1.00722043318597,0.0796635853065464,-0.307375833140423,0.0508282151335224,1,0.00966353402908892,0.120705742361129,0.679447410741344,0.0631595259251119,0.719684229644233,0.046373592368414,0.748459644895639,0.0437875187271654,0.739376679618438,0.0434376642783457,0.727747111873154,0.0465560723864069
2.52486008889078,0.0730833655552645,0.904586740907879,0.0718912654759446,-0.261130542848726,0.0553849165830755,1,-0.015526005841216,0.106520930575653,0.688525175893754,0.0551164104153313,0.679329399288471,0.0441394956968321,0.630761030760486,0.0451736713868966,0.722636180287983,0.0431159397986001,0.621130228152712,0.0471106118934098
2.77206566838034,0.0783877857816945,1.13206492656491,0.0896943212548254,-0.275504898698437,0.0512524376128319,1,0.0145090337480708,0.112419582535223,0.683426768854803,0.0573563458881532,0.70503835926191,0.0442724619025005,0.75462132862353,0.0398748465917297,0.707267327205306,0.0426366170511027,0.701183881769701,0.0462827875378979
2.74055775792572,0.0793803281095346,0.899256505102005,0.072959965761063,-0.298673381127575,0.0485108014209361,1,0.0453723159667632,0.120128123216981,0.67364574613896,0.0648595769928249,0.691449415475204,0.0466271534159307,0.729854761092885,0.0442239490866781,0.720777716424944,0.0418698549820159,0.672540858261297,0.0477690481915927
2.62088717813237,0.0761321833117885,0.931735409691844,0.0724475742676768,-0.197731788918732,0.0547419725508904,1,-0.209944585960995,0.115858516588476,0.811697120237854,0.0573530810628357,0.594226609159602,0.0452743905583882,0.724156095444097,0.0416508567577849,0.636288747552406,0.0442270688014116,0.639404387667838,0.0448558340688045
2.77916806852256,0.0832515606713614,1.01146221959831,0.0808012030189112,-0.315555709688777,0.0494678933225662,1,-0.0167920320603574,0.116415541391667,0.727549274408136,0.0613917971851761,0.70086901218526,0.0489494581717927,0.714672033019249,0.0433698958277234,0.750413553485104,0.0430386007851497,0.719217228577046,0.0462051156267147
2.72675094311102,0.0852630840324712,1.01386523187324,0.0872016821181798,-0.293235355722474,0.0525090892325223,1,-0.211459519353566,0.115967497492589,0.796463424129975,0.0560357053297421,0.716504161603004,0.0460928146838568,0.722449396650524,0.0448500983087658,0.70113775758882,0.043287842015222,0.7116778547434,0.0475355403868478
2.64914766398741,0.079702961486103,0.976275187458671,0.0772420519149813,-0.290876764244839,0.0494145391880187,1,-0.251085768974767,0.11784032345667,0.7787847854241,0.0581371045918571,0.696703089954838,0.0455784022371,0.642664693927431,0.0436341009183502,0.646953350220391,0.0443576538367607,0.698807721689556,0.0457275035852113
2.6856466528924,0.0761363249638001,0.92231848122638,0.0720240424121868,-0.212771971671559,0.0524075590751326,1,0.132507120459404,0.111762300060865,0.586120262181763,0.0622248493294323,0.707499737833054,0.0453808823169604,0.713287664731845,0.0413128389687497,0.671069472074084,0.0436841133358232,0.659144753702788,0.0463159991175301
2.68054980313305,0.0805319897762309,1.00677632437106,0.0808884919508754,-0.325740480132397,0.0499465792272346,1,-0.186420642435271,0.102910392584364,0.740961712192601,0.0564289347559361,0.738822072670443,0.0456074959250568,0.60626603639536,0.0453722287754569,0.720496036712446,0.0433076090916725,0.728830409542978,0.0454742141225507
2.69147500038102,0.080412186808246,1.07248946456257,0.0844200955191621,-0.257224361749166,0.0548030679388562,1,0.0430995982844412,0.11138006953,0.661402753119643,0.0596461842615457,0.717097507020972,0.0458718261868978,0.712933656962763,0.0428476046859827,0.678062514140322,0.0434287507942428,0.645727551903309,0.0465389442701948
2.80884437030149,0.0819078484573192,1.05500115038037,0.0830055892803449,-0.302938796917816,0.0492322935607529,1,-0.0827644134303368,0.114865332325435,0.831510186033366,0.0533429605986811,0.716335030006599,0.0447982309373476,0.656063997195884,0.0453212408257699,0.715404086378357,0.0452337972628195,0.727191082680315,0.0445969845549049
2.6404017034191,0.0808722483343096,0.976718733460317,0.0791683771486037,-0.226059620973275,0.063158372046022,1,0.0286202781918745,0.123920817227781,0.629297209220931,0.0646596518198693,0.681272294099565,0.0474511835721654,0.691441405435024,0.0438240130728408,0.656849988079481,0.0456432490809053,0.645629336579304,0.0468860161787591
2.69735790915949,0.0770362243966699,0.97504960458034,0.0781930497342984,-0.262657963971141,0.055583652710221,1,0.0216251602613353,0.112807341188701,0.622777206873577,0.0605507150173254,0.71484745770135,0.0453161609256717,0.679361746375266,0.0431670926333744,0.695630518773916,0.0430110119604482,0.664383658914017,0.0473304969733956
2.66134314359348,0.0790537989144639,0.92041595168305,0.076065149478019,-0.153524389238047,0.0603471529988677,1,-0.156572319481405,0.113137807362957,0.761222893224876,0.0588808181686552,0.657859602243472,0.0475162553376092,0.691302715107335,0.0452944622888233,0.719334034966341,0.0414411192102829,0.684092898021258,0.046467665678427
2.77622037811723,0.083841061910555,1.05183855036213,0.0882998047604599,-0.305539179911562,0.0491616398590864,1,0.157514205928107,0.108789099271815,0.660222018341027,0.0600266872791503,0.752282751400557,0.044829822636884,0.70188823920787,0.045115800310136,0.645523329920784,0.0469860734550291,0.769318416578405,0.0469621779854534
2.69476345838767,0.0798648115575423,0.974286339063373,0.0761214373238066,-0.26500585619521,0.0527493580849225,1,-0.266870154612712,0.117941175168644,0.830952378910108,0.0569756814877505,0.662181239166302,0.0484790630714586,0.650469640269331,0.0459427069802495,0.712077227535949,0.0430775210775585,0.654385689568617,0.0469051379126006
2.79281932046332,0.0847224926555694,1.11354800425834,0.0886348364271503,-0.383448800435679,0.0465292622045555,1,-0.0183591535034178,0.118405187888948,0.774141279250784,0.0617279710744213,0.714819089641879,0.0476780787750587,0.75868138259257,0.0414154280623441,0.743102685002933,0.0434559252514063,0.744944489501679,0.046729196129201
2.72586425178992,0.0816218334871847,1.00482661140584,0.0819490592716789,-0.293897292771407,0.0525957769501419,1,0.0401866809323379,0.122206471041852,0.719836241068093,0.060154385407072,0.644443645030397,0.0480068140474202,0.748591976593021,0.0422988316491232,0.672772457597696,0.0451064139849912,0.69393470300758,0.0472059571604047
2.73188331537478,0.0860438627071252,1.00351320322306,0.0827185337167045,-0.328562426848738,0.0550914448999605,1,-0.170602894487477,0.124357311926124,0.757097302765448,0.06019103515362,0.71339058650885,0.0483366749855429,0.694272704340685,0.045479167252976,0.707871477632406,0.0470526658137945,0.669008948995329,0.0518577222915509
2.69070170895996,0.0811022317642125,1.1155072397221,0.0866209195931494,-0.351145312056459,0.046620915294919,1,0.0888842251696055,0.118224612348026,0.67803699172056,0.0581900861461029,0.676923509616052,0.0483033749177458,0.668011100569152,0.0437454261572663,0.749022128058072,0.043034117711066,0.798727240394636,0.0445575087527339
2.82210331768371,0.0876367452856063,1.15481880122706,0.0933525988488407,-0.309842002701283,0.0515418035913922,1,0.0861617692043854,0.116649507347858,0.682294675897421,0.061867385759333,0.77328820680934,0.0481388325147659,0.684213238752511,0.0450514246503013,0.661932214454177,0.0443486976703802,0.793958067989193,0.0462879052642647
2.87280732640262,0.0884345281852364,1.11832305102413,0.0873932505499641,-0.358333008816848,0.0462480363800257,1,0.219886270334797,0.11184234699403,0.730839699037867,0.0556059202195718,0.65033153042112,0.0485800686491098,0.759370945992701,0.0452759933201924,0.68479416316508,0.0447199578266417,0.805029872592575,0.046322346192276
2.74686067859484,0.0873692258217081,0.987147401479894,0.0812825402865679,-0.308886007484201,0.0526681194848338,1,-0.135828585788437,0.106559268210205,0.732580398854824,0.059848240093938,0.685042199520524,0.0507426041862296,0.766998387373087,0.0439513146076658,0.724624906736076,0.0445004220137231,0.672579341585076,0.0457625458890285
2.80960486903121,0.0826663720471472,1.10547737089279,0.0837213446301895,-0.361071195967194,0.0433607249996174,1,-0.125054727867181,0.127178385371306,0.806424831549134,0.0630754700343919,0.662364654238432,0.0473556777762824,0.767934912719141,0.0405072103763031,0.772341613209232,0.0423358637852721,0.739410116001935,0.0456135893503912
2.75091784200442,0.0845944495352732,1.09870937505148,0.0863316552701599,-0.387001876138448,0.0446327163495263,1,-0.138211847451382,0.125726705088037,0.743354271268507,0.0626117554027957,0.727789544648156,0.048103102551806,0.712149267183964,0.0452948897136921,0.704028593989526,0.0450312387978039,0.735243869668793,0.0449226326871835
2.59366481162696,0.0809799485333328,0.85837923144269,0.0715879878325842,-0.305465209512272,0.0501310115845284,1,-0.154261773924748,0.119360514635162,0.712939442737828,0.0596377896980527,0.717006596805528,0.0448300943790133,0.650364062803171,0.0459721612179693,0.636860307900849,0.0457635907320451,0.666428621261194,0.048542492371993
2.81184763553044,0.0832324962797234,1.00448823542031,0.0808071016163917,-0.397383129155633,0.042813751020395,1,0.093172903761716,0.119136226458217,0.65128210950728,0.0613716678754091,0.749815080491601,0.0442612022980543,0.7359731178952,0.0427074414492025,0.711450960391228,0.0447319938987316,0.763254999496998,0.044425907483323
2.63295072819687,0.07655772712914,0.89555199642966,0.0678056188253879,-0.270934299472925,0.0518641456818857,1,0.0899822628873887,0.110974147914674,0.646091451443528,0.059858307666302,0.646652019140598,0.0469086479873362,0.725986830447221,0.0405972709509296,0.678168330173936,0.0440190669315503,0.648007153588112,0.0450246162629446
2.79071256108351,0.0794569700654948,1.05998081048025,0.0828871573413037,-0.246072982165951,0.0518341360848539,1,0.108338261183436,0.113568384939545,0.702758357510748,0.0570826677596566,0.71140394411327,0.0438774202461154,0.67098005265274,0.0428431574038015,0.730497531124569,0.0432931156674358,0.697043886784475,0.0483936436955176
2.74294443898093,0.0824061282439755,0.989863290974824,0.0783633726481189,-0.276733423569298,0.0498199118477371,1,0.00386030340586449,0.118739471950961,0.702455560359933,0.0619108146497957,0.70694221338099,0.0455589187164894,0.739869081173167,0.0431884562406922,0.706119138079253,0.045363364064172,0.677561312982546,0.0453513540554445
2.60102125850605,0.0800232634293232,0.971939836380847,0.0774760794193699,-0.26078564459672,0.0519921495224663,1,-0.0928356973020664,0.11557981607942,0.737959477451752,0.0558166724198899,0.65504252490745,0.046060352190361,0.688656423710684,0.0453429137071156,0.625685868289748,0.0446815182612884,0.691492102512865,0.0461360925016105
2.71231954315379,0.0811392585759134,0.959495583688557,0.0760111454010333,-0.242777878409147,0.0544869209798767,1,0.0444998162204662,0.126776634104389,0.735518681072705,0.0626166362939867,0.583907671934776,0.048889131382498,0.683406336474922,0.043950180121988,0.656961382046564,0.0451147184405888,0.681117315522774,0.0468332020073312
2.58002633398431,0.0737603983558319,0.910351222960561,0.0744043232979999,-0.20990239658272,0.0575932658163825,1,0.023023219563617,0.095936410191596,0.665419657405015,0.0544689000449908,0.652420372950984,0.0459642855406048,0.574950202786125,0.0446110618414669,0.646786272254103,0.0439634055118225,0.660398598670801,0.0451046702514153
2.67457280146392,0.080649314530356,1.0013886304108,0.0806813894877554,-0.208765499473684,0.0569088028319638,1,0.0643039945725557,0.102410147903781,0.66693427279837,0.0569217234615935,0.662633426287819,0.0457461937760658,0.609504957718242,0.0456291429999595,0.704715107009156,0.0444132568531062,0.670993950238188,0.0466366955701039
2.70962360427148,0.0785024103905344,1.02849156430931,0.0798110423488476,-0.23566515592511,0.0557499294197153,1,-0.180761796343123,0.11184366477679,0.764245800003008,0.0572785907413768,0.712003078649421,0.0461257965654884,0.671240857762046,0.0444198953477926,0.695703727583322,0.04325938715413,0.717579306129977,0.0452778427914788
2.71140720741114,0.078119226754513,0.885666288275019,0.0727135211019291,-0.309572018935441,0.0450853062089233,1,0.0149942827575957,0.121571052849931,0.694213388064641,0.0615294361671668,0.733144313829166,0.0465810478569396,0.667423047734097,0.0447851034640533,0.666407169087702,0.0455806490834459,0.611215334901734,0.0473799776960263
2.74423384078256,0.0846654926670691,1.14620321907461,0.090456824563348,-0.357278277585551,0.0473528278229472,1,-0.125644417437527,0.116348772079703,0.732879834110632,0.0602985638068123,0.717237002925697,0.0479827652440048,0.729683836778688,0.0451738597724961,0.743734714841768,0.0430589406139243,0.738508925812635,0.0464483365210835
2.63441161330341,0.0785448614476712,0.956610880049368,0.0737838806417477,-0.300602813826915,0.0513650075028401,1,-0.034305595458775,0.125121882147553,0.689283318408714,0.0625017220271119,0.622778045297466,0.0482441761142232,0.714058193505143,0.0439984146324763,0.677025979341384,0.0439288153158769,0.67889062820803,0.0452178376694624
2.74862961484964,0.084268156686487,1.04539908950896,0.0870139592932154,-0.336083270827601,0.0481586453009099,1,0.125913698209831,0.115197090555641,0.634865702612793,0.0615763108249502,0.687095033821249,0.0486899071080059,0.773488591972903,0.0427107924369953,0.621271253876627,0.0467896649199475,0.742480713216805,0.0461894434229395
2.59817349549602,0.0792613935231765,0.896886916723579,0.075142927888212,-0.244061496732429,0.0547659630940767,1,-0.00322526085263798,0.123408086624341,0.637931435502463,0.0649966428160937,0.668764414067905,0.0455776835008463,0.647687678401097,0.0441065570028613,0.668540165886473,0.0435102237571315,0.593340650205167,0.049118073304468
2.65124034935927,0.0753253729303095,0.943909048428916,0.071303148449761,-0.342619516977181,0.0440055703851362,1,-0.147466692990176,0.136440700303116,0.733172864577474,0.0641709010723731,0.721772613941919,0.0455151045388266,0.691151017603133,0.0424264539013457,0.652522580780929,0.0421108331160786,0.731474382698544,0.0426553108437501
2.68230157721622,0.0780192565969047,0.899356161721715,0.0710908797656356,-0.2554884122997,0.0490822260608283,1,-0.0834041013753429,0.121027664065678,0.778108754139289,0.057324601192101,0.64600389191082,0.0488666670774125,0.645572845926189,0.0444502539953728,0.707196720952825,0.0417769849460484,0.663945305750867,0.0436296670247883
2.82965668373878,0.0848786406171425,1.1844912755292,0.0956917684391994,-0.338554117878487,0.047942444049758,1,-0.000566007568811767,0.112558333462945,0.732316209728702,0.0559092815384702,0.742013555378753,0.0452816529248715,0.733066097338146,0.041880772894323,0.6495035815859,0.0449131857745427,0.810974209652999,0.0462046082162031
2.74737160229608,0.0765133390801355,1.01114998678558,0.0759525243597848,-0.302942798426823,0.0483429554237811,1,0.00729202907932426,0.110603111997993,0.706686313970883,0.0567805243367989,0.710693519752674,0.0459198055013292,0.649420906260312,0.0433408629261924,0.731799720940591,0.0416415378349606,0.707965270793569,0.0450381560449865
2.65342836518276,0.0764021237809456,1.10829029262033,0.0845777248261161,-0.362903082416241,0.0455566857291211,1,0.0117405257293374,0.107174638075455,0.636316369405153,0.060322064141219,0.750928883847578,0.0451057056719986,0.652845282648161,0.0452792913709263,0.748139103423894,0.0420615978242593,0.641188346030014,0.0448607671248327
2.70185456281288,0.082960045869449,1.07736509398979,0.0863073628592164,-0.336435739325192,0.0507164131996571,1,0.115451694102943,0.109005813155097,0.669910704902511,0.0557610110666187,0.589547135098681,0.0505092832392348,0.723156667234083,0.0429287385335058,0.688610546257512,0.0447238584192776,0.737922706579701,0.0458926008835308
2.62479607337115,0.0752815409191812,0.864978766004892,0.067742973274089,-0.267152218185643,0.04848215467276,1,0.0613841817228262,0.115942677657279,0.617061019686889,0.0613122722944962,0.695752652912667,0.0453087972058118,0.636464606672955,0.0457290252078501,0.629222055536883,0.0445419984226862,0.674584575590863,0.0471709687022075
2.66637155563936,0.0776720129089173,1.02313759859556,0.0785659859645455,-0.272040864974224,0.0497015130389301,1,-0.0145882833151856,0.101855788514549,0.751413768768075,0.0554105131838123,0.713316277370799,0.0434509379426145,0.661821417982744,0.0430992888793764,0.708978607747481,0.0417907241418386,0.731271965223127,0.0464722836972542
2.68196544099116,0.0783018098123114,0.952447458038735,0.0769497270360852,-0.369700490648186,0.0449563013742365,1,-0.0578110672638104,0.12691476341154,0.687994461082085,0.0626871252960592,0.723419172151761,0.0453988034389479,0.744969910229096,0.0422406179838809,0.684102035883884,0.0428583284644201,0.695590955785355,0.0452375733786363
2.73020260654269,0.0790377099649669,0.988525175546918,0.0810329489783616,-0.23458371661082,0.0534099287388909,1,0.0396918200186074,0.117235855969594,0.741400863470434,0.0602975267378886,0.722100730968981,0.0484635164999755,0.717634568974644,0.0414301819922571,0.677561766012711,0.0430914899213339,0.670819199951469,0.0462523861084468
2.60201644383495,0.0745155203141709,1.00985112243084,0.0788120934703581,-0.307410547489899,0.0481482756419414,1,-0.213773894626761,0.120275377249573,0.735795915891909,0.0587378428532048,0.624959286634453,0.0486765652129258,0.670677998860199,0.0409143584442379,0.699763847431565,0.0415044103636706,0.694817268739108,0.0454825754991544
2.71971022695185,0.0818691760724299,0.939921707038617,0.0730334977062509,-0.329133721477813,0.0498564220951068,1,0.0211060886916283,0.119064439830921,0.704179451384161,0.0628547734688354,0.648924313510193,0.0497348720712508,0.737678372668839,0.0419410548856713,0.715711423184198,0.0427466972922743,0.684765412311894,0.045708749392013
2.7302158560816,0.0834277020736113,0.979366449295834,0.0778589191040606,-0.340278528981358,0.0526864889557889,1,-0.0393540064465622,0.117796200257394,0.753866145727238,0.0613452920590277,0.711578389816241,0.048225286204774,0.699084814805865,0.0446844637810829,0.691584117991563,0.0456603911545495,0.674542551158617,0.0487063284908115
2.62026533461099,0.0747257573863255,0.886377881177164,0.0704636156617415,-0.172731528584969,0.0569003255504461,1,-0.112173137951875,0.113873831746856,0.704251294057317,0.0582681368927315,0.618130239790658,0.0491599220756326,0.708930365240298,0.0414994600167083,0.639865471184587,0.0432048642403564,0.72391190943241,0.0445195513172676
2.74153776343419,0.0835163709714376,0.916108841485261,0.074218032013329,-0.298440823312289,0.0539356505569967,1,-0.0936588935050041,0.111572332874779,0.747773413932885,0.0591995959537191,0.646237807882469,0.0514107973255681,0.736120248508567,0.0438415499402921,0.723466734166921,0.0440727906218807,0.726115872566122,0.0464902004651308
2.72829214307909,0.0804556361931042,1.03399617450506,0.0819542241167508,-0.262688224767835,0.0509025202136631,1,-0.0590149984964926,0.112788254588413,0.701081156415299,0.0608595423568103,0.667592263948355,0.0493076864092346,0.719114352584208,0.043907854156469,0.683617174738416,0.0430762171319978,0.694085323759966,0.0460604856113734
2.71527523438857,0.0815145763388779,1.02716882606886,0.0862966256249817,-0.265800035637294,0.0590382418169143,1,-0.14874355629511,0.123988988912962,0.760178973420665,0.0609058873262871,0.682208771612632,0.0482362818424715,0.717248483193262,0.0436368481256132,0.661925024340141,0.0468407799781544,0.665893955959711,0.0496076642111722
2.63531151896125,0.0787683964710356,0.925239646306625,0.0721866906165854,-0.278857113108377,0.0537161683290624,1,0.135408552419271,0.116723711315135,0.610110623258963,0.0635542173651837,0.683318532336622,0.0460782671886763,0.676041708063346,0.043020273007437,0.710677143846986,0.0444761339313071,0.603797066034533,0.0482403507622472
2.69499819667991,0.0799011458602262,0.966804523099511,0.0761207404857241,-0.256527934313919,0.0566528118607269,1,0.0247058810431372,0.122069044922331,0.726862409215762,0.0619542284245354,0.620037480861299,0.0496856082470505,0.767620138035113,0.0410020792561995,0.723236704475692,0.0446338167188199,0.637699990395058,0.0481592176002738
2.58391815824845,0.0762863188838525,0.932207658752999,0.0755793254071845,-0.297994171683128,0.048910893715657,1,-0.0856930901940505,0.12629457394587,0.72285555270572,0.0605419068511553,0.641792387362104,0.0470652877795329,0.70732412202274,0.0427562560826904,0.672544313604382,0.0437504743819332,0.637367618338173,0.047198394167027
2.68779459627993,0.082192439596993,1.02087590613817,0.083162831932167,-0.294634370196609,0.0540429132265718,1,0.117237717372151,0.108787056698967,0.623578360274644,0.0614870693586325,0.663203167563404,0.0474634241950832,0.657675634879175,0.0444484021347355,0.676749568897145,0.0439270445338558,0.739697879967568,0.0462729430911439
2.6607056512,0.0781531793429575,1.00263404141244,0.0812098392539469,-0.266906585389406,0.0525935152857088,1,-0.037848629309062,0.11146328323809,0.743343030795682,0.0574782474488559,0.64766753137564,0.0450742666240758,0.604707794307899,0.0422775398078757,0.65593519889908,0.0465277999265683,0.717317799533703,0.0478801295330486
2.62656223157368,0.0819938174658166,0.935771982831203,0.0784790801377009,-0.298118778832103,0.0518397049300076,1,-0.243946233322668,0.120727118284911,0.796127905008756,0.0557084400946963,0.600357527735033,0.0490722531688761,0.705476651498898,0.0444215720514444,0.627805240105286,0.0478139484943099,0.662613260995219,0.0471861914875008
2.59476089032466,0.0773069677922518,0.973898840444687,0.079051533905339,-0.200662874108492,0.0580565213141671,1,-0.0910235306791363,0.106107178379915,0.733580335683805,0.0530264335306705,0.602601726481502,0.0475488419732894,0.707231302510453,0.0434772798332265,0.709736627272418,0.0430466838278446,0.683620045424545,0.0454716602047253
2.65105685246794,0.0793838167205056,0.97154701309134,0.0778957128486806,-0.311050672083865,0.0512969404034778,1,0.022995297192182,0.119834137341425,0.679424352548884,0.0625178490364987,0.72123639514874,0.0467842640711703,0.732210282120561,0.0430286683298238,0.677311780447912,0.0435762452546764,0.640709623986018,0.048993721825925
2.61211445755001,0.0789135344448555,0.872710070965146,0.0692681775548374,-0.333640006396638,0.0491150391895743,1,0.12549260773154,0.109394088429152,0.626827996138732,0.0628309566238119,0.654272177351548,0.0476142981038502,0.686059941526904,0.0428259504005009,0.694801156199099,0.043711278876746,0.63811498717841,0.0491663590604653
2.69923287781598,0.0818096217326407,1.04222173915571,0.0815918811633457,-0.283456161297724,0.0509646714804973,1,0.0444024583530099,0.11218157298059,0.694667215714419,0.0572237065533806,0.661366370072355,0.047590171667795,0.688047779563168,0.0431915263972255,0.683065255131553,0.0444865355732713,0.686525523484348,0.0477590290530016
2.7310475723702,0.08591700396104,1.01029556419993,0.0809253536641305,-0.257851898661131,0.0549090267199431,1,0.157345533220506,0.109876865408773,0.602060977458517,0.0616237835224635,0.730028773119438,0.0452434948953882,0.647265916613346,0.0445677266766515,0.639599075813984,0.0480282646151348,0.683070185630272,0.0469056409488201
2.62412186456454,0.075766263387614,1.04600000034441,0.0799092047080658,-0.276373904512466,0.0488664118732103,1,0.0713983920843968,0.114426607320808,0.608919649174552,0.0602143801391892,0.734425490408546,0.0426451093716852,0.651046640678003,0.0432835718189189,0.620419170258111,0.0440448462108592,0.690540651680188,0.0449521083800904
2.72057243730589,0.0785936968605985,0.916488742519642,0.0721604111390441,-0.297574424721819,0.0531348438924973,1,0.0290217428402496,0.120654113188829,0.707901791957512,0.0606372319796883,0.724146510851017,0.0465095909978332,0.654398456818878,0.0433862583646462,0.682067043675504,0.0448381072746912,0.685723645119742,0.04853422744231
2.63555415041316,0.0758618702574523,0.986992350100555,0.0761177467609089,-0.284027442447996,0.0515192003644436,1,0.0485753533091323,0.107542481122749,0.651042893294428,0.0582716885422864,0.714229277868997,0.0448599409301738,0.630282284701915,0.04361108830279,0.71565954169593,0.042879866897705,0.643281588132143,0.0456208354730126
2.68583670275883,0.0785126381914995,1.07000826161896,0.0808689933231779,-0.351419461037328,0.0465813222571003,1,-0.0974926951294931,0.113989065461165,0.739443589690188,0.0582832890578524,0.688622208138964,0.046439400905135,0.695751109529851,0.0433175858777278,0.688767555214046,0.0434984887869832,0.653448074357132,0.0469324139481387
2.70927882214349,0.0818933998377017,1.05535182151812,0.0836934758776972,-0.405072679506275,0.0396139724112213,1,-0.0938580758647321,0.110873099587647,0.759739903040732,0.0556637770170595,0.649485227507933,0.0458117321476913,0.736960604227517,0.0435570022297067,0.636004607463914,0.0473242473614712,0.739853781774038,0.0450043632494605
2.68478265206369,0.0827048047902082,0.984675837105595,0.0812424617336191,-0.247142894572996,0.0571563387929697,1,0.0429634625254031,0.108585705674857,0.656748553937499,0.0602583164094309,0.704046486965161,0.0467869686206293,0.691662848428323,0.044468067148744,0.748275358212384,0.0425832459795603,0.663680472649752,0.0476571667952371
2.62194440270788,0.0781896280023966,0.892685320770503,0.0718427301553697,-0.214094885925413,0.0588197180477761,1,0.153401421471414,0.115347313288149,0.578952070847163,0.0660635705726665,0.615993602265613,0.0503374821794296,0.668185718148658,0.0436491366850514,0.71874939471753,0.0428148708623579,0.68884064489934,0.0441051749940735
2.70794352296427,0.0780674615193352,0.949104667360084,0.0723935972910822,-0.35670882120163,0.043569570550143,1,-0.0898524719925732,0.116479150308547,0.723101905271734,0.0613500454232761,0.779491072892165,0.0434356327416801,0.6760198528479,0.0425060631737266,0.708636092791795,0.0426935640190614,0.711655033839555,0.0435286744900227
2.64255155958757,0.0840269803124742,1.02339780874614,0.0816572705417259,-0.263097084309206,0.058395394972667,1,-0.123432116008834,0.123282799405801,0.693264667986639,0.0623270231055977,0.767125405606976,0.046717135050496,0.724823619078735,0.0445463920192747,0.665043547167382,0.0454166825840322,0.708985366367933,0.0474716106066191
2.72111904837553,0.08120807847481,1.05357005126442,0.0865531951086641,-0.267089486718554,0.0553953621938591,1,0.128563079560855,0.110607882300091,0.644479060505825,0.0564865380914447,0.681301223779914,0.0431244312444691,0.685178816179735,0.0436180257333715,0.699295351277254,0.0451727156665588,0.697059659718943,0.0479927962261085
2.75456264958487,0.0846274781837369,1.08441630622928,0.087025793027116,-0.265488975427739,0.055236437871018,1,-0.0512828029064389,0.128118203696026,0.747800945575627,0.0631275603375241,0.664414201875506,0.0501159590492454,0.746015011091066,0.0438866309026368,0.655623342678176,0.0453344990139505,0.741095050338882,0.046575531949928
2.73893814163691,0.0810618495238754,1.01907978042295,0.0837689396131695,-0.338480094278961,0.0485819033718326,1,-0.018341752290398,0.115711389929725,0.747478627653565,0.0571027779040129,0.718498560040283,0.0446157885264977,0.667371735033099,0.0446123677534554,0.736776048286693,0.0436807237001106,0.729703504404134,0.0472757733036916
2.65249946754968,0.0803740086903762,1.00068152899172,0.0786926195709654,-0.33390100269083,0.0436372795859363,1,-0.0293748388745189,0.11315881660519,0.676971957954823,0.0593099002653161,0.691747346904329,0.0479112577408176,0.725972116574953,0.0410605843283168,0.6259536647782,0.0452643306869848,0.734671525936139,0.0449672413777081
2.54037401410402,0.0780137218983266,0.9843268331839,0.0778638866030991,-0.246437834265735,0.0549531540842484,1,-0.101309762907124,0.11116730463023,0.635972689107783,0.0592205959846394,0.662744182558753,0.0472559125049997,0.692327306822656,0.0437541139944339,0.605748413100463,0.0456340480221256,0.697156826780709,0.0442513849022473
2.6578840995798,0.075129089016015,0.906763237469672,0.0706286479355421,-0.235814895095435,0.0548490838135449,1,0.261771715117204,0.104790639950314,0.53539569866837,0.0634668092846589,0.698291911785669,0.0454859556453951,0.686258521720364,0.0443858680637618,0.669849762273566,0.043525436839932,0.646210916461753,0.048591533498787
2.77983524692325,0.0820042474687397,1.10832348328729,0.0885481944587509,-0.329840243258463,0.0483495283117254,1,0.133942795987004,0.120306104561175,0.703264972135244,0.0591898232730881,0.685710804911205,0.0453469352810662,0.72852459880507,0.0437671013962792,0.69091949859284,0.0446404743046296,0.71339504253451,0.0464665223070755
2.70652990856886,0.0778784510551551,1.1035915392549,0.0878044017903347,-0.238553646047694,0.0546433474245114,1,-0.250667131419889,0.113534675040504,0.827493712435261,0.0556698814586023,0.60161207510562,0.0467141334650118,0.765334089581836,0.0401444003004528,0.679736055560499,0.0447121905942952,0.678178939863794,0.0458671612067175
2.81019210939127,0.0836431117917814,1.07645955744414,0.0860771541551164,-0.395641833273098,0.0404184581661349,1,0.0554964743193467,0.114737038992547,0.740757194294484,0.0605952092166322,0.682804422688682,0.0463514425458847,0.781218252176815,0.0423634005690811,0.699005626431026,0.0447570768419183,0.721129116832341,0.0452408459507831
2.67111171629934,0.0767783373501436,0.890084674176241,0.0700585948876773,-0.192084852635064,0.0610740427646019,1,0.174450378574281,0.113222109454124,0.564593145017886,0.0655224186432775,0.752578902374465,0.0443583403296673,0.659756318401587,0.0451315211391752,0.61013593676572,0.04624882736443,0.651267312105884,0.0452226648446893
2.7377931319134,0.0820312397734804,0.95869084410747,0.0754002485106094,-0.270158452139433,0.0516661237582714,1,-0.00633653864812115,0.11247030734028,0.66799593731566,0.0578926421035622,0.761493240568391,0.0449491073537265,0.69337018372516,0.0437078188296147,0.68946866997174,0.0452005969809491,0.745748210378738,0.0477088677612851
2.68139486064636,0.0819319757681623,0.884029229076082,0.0726969421372251,-0.326341337439677,0.0496219281432803,1,-0.138650946565833,0.114996209664809,0.790963176388248,0.0571286067459945,0.614217854089611,0.0508878876762539,0.6769971978864,0.0433582744989616,0.695331367359758,0.0434529881272408,0.656043954297816,0.0458419000526959
2.69578848286619,0.0832411763551971,1.05353906575041,0.0832309930579967,-0.300246697245239,0.0527900356010888,1,0.129303916410991,0.105358982551335,0.696675602372384,0.055057815389816,0.660936515895181,0.0475302565445116,0.727823693667557,0.0434980126904157,0.68084947007733,0.0449309038131099,0.695796965277083,0.0480028175206054
2.64251314581197,0.0765449009204007,0.841559303793142,0.0671400310670218,-0.277683312142145,0.0515994295732876,1,-0.0441896476301516,0.104896504435282,0.621318515893528,0.062716784819104,0.665426364404248,0.0471802557893749,0.725564301885027,0.0429774061170658,0.675180452674935,0.0446649519137888,0.633740028905971,0.0457837353314558
2.67066029258207,0.0815426589026239,1.00156401801695,0.0800575428180157,-0.253814582139407,0.0519328967431652,1,0.191001358168847,0.10894232083229,0.621792814238453,0.0611655866066664,0.715397190128505,0.0444182608787933,0.691769054254433,0.0423947939134717,0.655513752071092,0.0461352722755363,0.671498782743921,0.0466406012836254
2.71288668716002,0.0816743909930646,0.943279372381102,0.0766096545479522,-0.286954992806682,0.0515576161947252,1,-0.10731580321589,0.126060154033558,0.72308906589473,0.063148585783609,0.632621154298303,0.0478375981958439,0.736724579383141,0.0419242804096116,0.717520640702677,0.0430871723003651,0.69529978664116,0.046550770686468
2.71566897392775,0.0767892212801293,1.05599207892356,0.0824458630742802,-0.341681807073017,0.0468197609096151,1,0.0727935794569964,0.109037905981349,0.71289792298702,0.0564013615593546,0.692973128982022,0.0454887215928173,0.67971258756482,0.0426167424798773,0.668386962024143,0.0432849702741565,0.717421987629653,0.0473351287837837
2.61856208773262,0.0752931099030233,0.885946352889381,0.0701005619573549,-0.209822330590398,0.0587151009805164,1,-0.08858937543069,0.122014136909891,0.751322146726146,0.0604022009000118,0.667798914443551,0.0477253358819245,0.696946831606497,0.0407845075752049,0.590459765898664,0.0463204383758567,0.734093152199791,0.0450238017918331
2.68036899613187,0.0758548048552692,0.977555675965357,0.0766112870312357,-0.339456910449761,0.04651919255694,1,0.0439493135899526,0.111840328268998,0.607814215443907,0.0589823726806348,0.682763359992823,0.0444768870041174,0.777654185630749,0.0395835591756573,0.63318384226597,0.0452304961275555,0.65288037680432,0.0477401790044157
2.75916327987739,0.0850012041842256,0.985419810606737,0.0802151220998853,-0.309720712945897,0.0533716431430099,1,0.201484642128427,0.119923575116284,0.569866232894291,0.0706613226692717,0.727526081737188,0.0489380863100615,0.741536323243067,0.0432429206195807,0.732112790429155,0.0419105045854576,0.716916864415547,0.0478410276235236
2.67860849158923,0.0737933221665696,0.859196794277971,0.0704444271447241,-0.182599656784565,0.0616795847154836,1,0.0316877353709241,0.103991577634498,0.698241913730509,0.054775877903066,0.650704306032434,0.0462703511480234,0.688225437241321,0.0427180451736445,0.643243849995022,0.0455466090976001,0.580818146054384,0.0485561387801726
2.69147207286281,0.0786385537190114,0.996054280890691,0.0770975996040787,-0.365855330469876,0.0453527124966666,1,-0.0412071693024783,0.124892190071192,0.792267700546726,0.0608630879657953,0.583193069090759,0.049887972240022,0.774225503449852,0.0423357024442671,0.657671063887321,0.045024771455354,0.648446845326159,0.0471739510056425
2.71019009636561,0.0822523783448975,1.09108217397447,0.0867121912561418,-0.270509014601133,0.0529203903166576,1,-0.0391941970906245,0.115839294729055,0.67941787133883,0.0582696467320101,0.699848387629826,0.0471317822715362,0.700587407835803,0.0435234028107422,0.704970245587818,0.0444317004252366,0.687583239010542,0.0455258314622533
2.70737571745083,0.0825660159708248,1.08337679890859,0.0851962052005949,-0.370131588305658,0.0462850398047805,1,0.0864335678214255,0.117085292320887,0.639750974827145,0.0641048457975969,0.674526863585222,0.0481216840501304,0.733755623193526,0.0450269446239634,0.688445461985068,0.0448538008236845,0.723046664419697,0.04836194433509
2.55602081222632,0.0743531750997597,0.881525674240135,0.067381800435944,-0.216641232998311,0.0554146664656661,1,-0.0897643976122918,0.121511171442448,0.578178283705137,0.0640285392213966,0.756201002070731,0.0429273685820506,0.564178348016844,0.045169966928196,0.67609782423212,0.0426062103936585,0.658332556600471,0.0460169514487003
2.82053753000539,0.0823764700245025,1.02143337498123,0.0771987492967433,-0.428872955068427,0.0384111959117045,1,-0.140137889022457,0.131459675604154,0.778858483885795,0.0650207970725228,0.732852146173794,0.0474160738618419,0.727761776493714,0.0420456106138025,0.735991094662441,0.0424738979610688,0.703006506859519,0.0460956567469456
2.89275446880908,0.084617850782956,1.04835960716709,0.0821705819632461,-0.331983943864343,0.0515673994062615,1,0.0809374860330163,0.116709896034077,0.752339965971225,0.0580646605147949,0.732609276674837,0.0443306921279379,0.787088173790085,0.0425950569721406,0.697268452404311,0.0464962911947338,0.761710161209229,0.0464776417815036
2.78861478429775,0.0799178817129648,1.05660855404201,0.0821350224874676,-0.304794232544822,0.0528505401965907,1,-0.187879487585908,0.119470000683488,0.775722895967976,0.0590871911914262,0.708797430822777,0.046512943768875,0.737871515483536,0.0438967857094381,0.650857032924018,0.0457500839643489,0.784925500237508,0.044905363194377
2.73401278884238,0.0783260964435661,1.00938115293443,0.0797318043755299,-0.290514072741552,0.0500065246324621,1,0.0596592728292375,0.11268950546093,0.658332498588538,0.0611718661257321,0.706764398682653,0.0447435476476841,0.677231716230691,0.0426958119790053,0.706735434259102,0.0437678565708888,0.699204967897121,0.0462618083087612
2.72288132494019,0.0805915336843371,1.02755417287675,0.0797811957726117,-0.282850001546112,0.0524676336623962,1,-0.201239723423686,0.123278252571112,0.784529628259453,0.0594086808704033,0.713552218594503,0.0468902945758654,0.662178696082589,0.044860668169696,0.6991787440742,0.043976163316203,0.732519740743574,0.0449494457267416
2.72081360710572,0.0833063308644683,1.13123110284092,0.089302663954645,-0.350466593890054,0.0440853553505851,1,-0.206059069984578,0.116882164222685,0.756258087883599,0.0595433044722949,0.674027627584381,0.0448550226050489,0.768467451403262,0.042811113921761,0.693397823334932,0.0454915195069851,0.749887828440097,0.0474024739001498
2.74226248798823,0.0807608972051577,0.967797764807867,0.0774580171808285,-0.238747413953762,0.0561287712575752,1,0.0792019614655628,0.103646984699462,0.681827860990733,0.0545363557339243,0.704985121755992,0.0446056751191901,0.696774114027647,0.0443971306617831,0.740746487138017,0.0431091477927734,0.712200063036396,0.0467363309319376
2.5790706951633,0.0735436975288373,0.914018208159009,0.0694204023884512,-0.271727640248572,0.0502865326111005,1,-0.0893672776672387,0.112024150267979,0.664330262804716,0.0582863178537679,0.679566478649415,0.0434045433058665,0.656713023422258,0.0440134635049365,0.634654357301848,0.0443858293528481,0.664684501908241,0.047024255167604
2.71591770859526,0.0846492550110374,1.05732543472674,0.0846440175458457,-0.328781570524109,0.0519575964089002,1,-0.0792063637421894,0.125029709987665,0.795868050304628,0.0590210571190973,0.703886369865249,0.0477064407803981,0.683980246979186,0.0450481554410572,0.765804913842345,0.044496410756823,0.695741784232623,0.0481878478148913
2.66528107304731,0.0781838175164539,1.02334747821363,0.079745114605967,-0.288197932450047,0.0517355354807013,1,-0.168203683775851,0.120528151831108,0.720977543564906,0.062941351314001,0.624988387398389,0.0477547842372223,0.767996124167372,0.040815473413187,0.695581263396897,0.0432860519662912,0.664030147624912,0.0466899401756334
2.7896291500372,0.0835488369869241,1.03370298706228,0.0834271244955962,-0.278108941216554,0.0512901704986963,1,0.0958506827579786,0.116085549789336,0.699864558915667,0.0608118720066031,0.673956905539281,0.0487760302175666,0.699268969656491,0.0442257291306815,0.708940137955069,0.0447047102407676,0.647382200545745,0.0470951207222346
2.67841008441783,0.0740081657828184,0.888623254707074,0.0692344424022146,-0.320813307148205,0.047182742991049,1,0.169832465251515,0.111838749189424,0.572477625487258,0.0643337553201496,0.71176433431041,0.0461657445305333,0.666382424437265,0.0432874565474272,0.718044241278401,0.040771274638058,0.656318234858211,0.0444755774316373
2.6349297058312,0.0810052860554887,0.954960181687845,0.0772745588540343,-0.291445405280067,0.0550415471092298,1,0.0340605395836516,0.120201006868166,0.702321202996317,0.0602843548474148,0.643868476703429,0.0482803109467617,0.697393617733529,0.0445356686576132,0.736833503956891,0.0441066627635446,0.632282691612795,0.0483210826529171
2.72484591021174,0.0806100713648683,1.00332211931695,0.0812760656291309,-0.260371329898652,0.0553807551263947,1,-0.104073718648568,0.127810800217504,0.683505048927923,0.0630655337580942,0.675935458017591,0.0467844121829941,0.675000809567578,0.0448261428928175,0.770917489653715,0.042157825883977,0.674960139540961,0.0477669907761857
2.60549585780815,0.0753080674445489,0.892505762797554,0.0702195620408101,-0.319176992356611,0.0493818078258077,1,-0.105220267539793,0.108701294018085,0.688853352675036,0.058313679528335,0.711826037903302,0.0437687737405804,0.737966276501103,0.0419933136758612,0.689758615796443,0.0435782589868173,0.708242266463312,0.0468616897363052
2.51370243814793,0.0782461725793849,0.935062480376211,0.0751995317683972,-0.342919924638687,0.0490001263942985,1,-0.106264445532938,0.116585669643803,0.66461426858852,0.0600896673786807,0.705209476131918,0.0459579317129578,0.663032227607644,0.0442045132668445,0.588844129497843,0.046746762134853,0.604345260724528,0.0478665967012987
2.68308315992838,0.0766256935425919,0.975456200140136,0.0756932177322045,-0.328540477829913,0.0457306316372123,1,0.0475893682284882,0.111049359684333,0.606846662410002,0.0632629583861717,0.680536584826115,0.0452114329021385,0.690637164303574,0.040703259866321,0.676504435127418,0.0416754216878089,0.673963752815937,0.0472143688205075
2.67234538188131,0.0815922494490412,1.0128359259311,0.0826513641359698,-0.290393978063539,0.0496434818824926,1,-0.0903108709933408,0.115896336850519,0.687770269608174,0.0631262201762916,0.742102752067444,0.0443648987608282,0.642258693659643,0.0453994403907302,0.699327635043053,0.0425700113792433,0.665964478691602,0.0486965291554546
2.66245559516237,0.0818967699705177,0.951810389200255,0.0788029876215469,-0.252030449945781,0.0565499114679027,1,0.0625604724030543,0.11485079797951,0.586527166035281,0.0644224359152744,0.735721576476767,0.0473021948209034,0.705266180919481,0.0457853399454245,0.621755188397794,0.0477832857441627,0.661205153570771,0.046691683639917
2.59581920218082,0.0739874295794761,0.963650985514175,0.0744771258150146,-0.272522647382638,0.0517579838257992,1,0.0853804398488644,0.106801788895,0.631417962655581,0.0563909748843728,0.681885965929755,0.0451858583342861,0.649385094805594,0.0443107960075947,0.600422342939962,0.0442552857292032,0.652660650177217,0.0446500788038305
2.7535920592655,0.0837204081856627,1.18003001567761,0.0972498604270291,-0.32760585011206,0.0506511299445677,1,0.048205651089065,0.112302489985918,0.672290006051151,0.0583568332781751,0.756298620286891,0.0451731553642645,0.649224551401439,0.0459792655520982,0.756367422457555,0.0457632986011317,0.746861646927573,0.0457054101318968
2.72939539050454,0.0820557550406117,1.0526577452283,0.0856677407260285,-0.29865008072483,0.0520437583155269,1,-0.0410829708970957,0.110397924909056,0.716652600016201,0.0582678178015878,0.753728483984422,0.046459337876032,0.744495668053532,0.043972237228339,0.711343199273375,0.0440049560864685,0.7658348805619,0.0451363608201519
2.78823237337453,0.082821664832894,1.08683466890269,0.088109712002418,-0.333322475123885,0.0475299018878207,1,-0.0814542416813084,0.117784212574573,0.809958196522414,0.0575329750571945,0.664553006115656,0.0487781414492183,0.704461035217198,0.0458736326443452,0.793778535538333,0.0428876270791052,0.712507723146301,0.0452004469606089
2.76289793139156,0.0776764968789411,1.01831101627174,0.0799624875618949,-0.28176988276896,0.0494253096047334,1,-0.0333355271639406,0.103426547695791,0.730765852033689,0.0574668905283245,0.68340898657269,0.0480562721689484,0.74615656706937,0.04162686049092,0.657575223325662,0.0450714688561197,0.719549373387601,0.0445653490053731
2.62020063928381,0.0774781676744818,1.06805546060713,0.081336758522909,-0.339418096270121,0.0470456493153116,1,-0.218188186469024,0.116329174069242,0.815673614422803,0.0534049128621841,0.661687950848295,0.0444791465815579,0.674599892980684,0.0435477645356853,0.681880009392951,0.0432561896768706,0.712500935150634,0.0449641513030417
2.68703087573172,0.0742058234378715,1.08518212886442,0.0810124721173413,-0.233657820454655,0.0554410727653351,1,-0.0113055905735739,0.107597863821583,0.706331442423106,0.0554057955040624,0.701915461764311,0.0443518444751616,0.675146469218171,0.0418993143249085,0.615553498014207,0.0429157152015807,0.743522191856765,0.0436857028105917
2.81606060522951,0.0840100211927404,1.15833269136687,0.090512694501874,-0.303286802965037,0.047564898718733,1,0.0242170071121457,0.116080122532054,0.663780179571728,0.0620629908617154,0.715343008965631,0.0461634705880061,0.783967901481094,0.041669591547486,0.712795126219338,0.0460436173877091,0.725533202171572,0.046633548181879
2.70156304687096,0.0795943049460399,0.959854561718216,0.0751917760723966,-0.362305952355536,0.0443919208332152,1,0.00642422903368914,0.114557717137665,0.712578482467238,0.0582747151712195,0.687424772695689,0.0462376836399488,0.685296483045774,0.0424697028062629,0.719036241891732,0.0437793074064864,0.722040406323575,0.0463906391463812
2.70054731950763,0.077265890168294,1.10623938946581,0.0852418397877561,-0.328920541608904,0.0436333072092167,1,0.0219978322013708,0.120101202186905,0.77110066508106,0.0565401059508467,0.628333660829668,0.047380753027713,0.725529653602016,0.0411331813089362,0.736158882165792,0.0413516496880992,0.733512983680155,0.0451580743408453
2.78626387948453,0.0816997890998208,1.10458295649959,0.0854033977158454,-0.345152848801565,0.0449823545003635,1,-0.176209994936873,0.114110879225788,0.861619971257333,0.0542275525305565,0.712906240939631,0.0457212730195378,0.692664045079685,0.0437644812267566,0.695671660696416,0.045082332133446,0.724304820856494,0.0456974329229789
2.59563810238704,0.0743693789970133,0.914950675100776,0.0709806722920506,-0.3530800672082,0.0426986551319428,1,0.0421980332024337,0.114677789545799,0.639989216568293,0.0618076858434176,0.703965789469824,0.044412309087108,0.67764179771434,0.0394656201375702,0.665888111825471,0.0427311368062095,0.685144296785364,0.0473789293429441
2.66472125509362,0.0810586790714641,0.954911082192487,0.076502732956584,-0.287955751730762,0.0515619826824652,1,-0.147504456613644,0.110136051825931,0.76036618446281,0.0534759834536786,0.67553947845293,0.0467576855155703,0.699373348559028,0.0455448184022279,0.697400583130969,0.0454089015297176,0.673201012158446,0.0471924589319734
