"beta","beta_sd","omega","omega_sd","rho","rho_sd","conv_code","tau1","tau1_sd","tau2","tau2_sd","tau3","tau3_sd","tau4","tau4_sd","tau5","tau5_sd","tau6","tau6_sd"
1.91034192456505,0.909928271501803,27.8567090498098,13.5169551494759,-0.249936756267947,0.410212455012933,1,0.359007869601951,0.953141808973114,0.601043142328819,0.310565015419215,1.12634921176027,0.302368186111148,1.14030707605224,0.226809038210771,1.36471670212912,0.24123710694144,0.859468435240054,0.405765855783565
2.49396318101897,0.914274913504429,24.5684207447641,12.3166670615587,0.8001399690523,0.287684831437532,1,0.877497087500329,0.961743171598961,0.872183471929313,0.345271927678789,0.756421637967656,0.285980488176225,1.07860402904087,0.339365056537765,1.23505227749268,0.237927764018324,0.931425823907814,0.348190913842791
0.809997386963795,0.373595055668177,4.85604357477987,1.69940787740479,0.47349393121918,0.528455420966889,1,0.0934345210233651,0.472691149337813,0.746355045461266,0.196228122723013,0.387015115680708,0.22933764671999,0.773249748300791,0.151629582996639,0.454631045124429,0.255414672284733,0.488150518101577,0.363886913699221
3.0216541197807,0.835279938712778,20.9253175848323,8.60229951410007,0.229854735873397,0.471654016272737,1,0.173074408047427,1.06578756536945,1.01785655594406,0.378432510836609,0.965409461674605,0.222809840990661,0.900119631507565,0.181576410009623,1.25346685062158,0.196911221680067,0.869587713468617,0.322732660727092
1.31381406581427,0.921058236760225,27.4013327519116,16.7340391278556,0.618921581734649,0.472240977165582,1,-0.110634715797365,0.671770332913561,0.576804844257277,0.24052040992165,0.973657053856043,0.248515228644532,0.742701562085261,0.398872153890075,0.783734967137129,0.348611943113596,0.204910997545532,0.491725550681214
1.38898122964561,0.664065316329454,13.7690558031795,6.3557155532007,0.531635986989572,0.544059082835483,1,0.872479942375541,0.953105329112763,-0.396160239563004,0.598380660985099,0.826978275705056,0.269500498634143,0.858054554458594,0.214922165804276,0.931654543979034,0.390912392756245,1.35004245519719,0.187710452378494
2.48955103508546,0.809288025935299,17.8648472635438,8.17930185547528,0.196627700364482,0.499150810633174,1,0.68188180030058,0.475035930943605,0.836756797217217,0.214470695247361,0.970300275163084,0.292582873192165,0.33216464306756,0.531714704611123,1.15400100166738,0.278943233245718,0.750384351947677,0.195330755825529
1.74516925197106,0.803826252175079,22.5444476347386,10.3203206876127,0.606766139811121,0.617016134804445,1,0.191998234573551,0.708759878101415,0.529491584158254,0.252953837068633,0.728501063777257,0.308672973075147,1.08662949135995,0.275745264204539,0.786196944591652,0.28957217429523,0.558086276568064,0.3317517111904
1.79130187093824,0.841976188780781,22.6566582599497,10.219961771727,0.0909050163922615,0.473107898168283,1,0.265451337594129,0.94588425935526,0.94246540300017,0.192336112184223,0.573864371685287,0.27238471624595,0.903502227151736,0.285936254192428,1.02995116727473,0.247373740644648,1.04763243025254,0.266241774688958
1.11373874478779,0.747233464074998,19.3736292016494,9.58597783461426,-0.0991634966701531,0.425294819652132,1,-0.811914505876163,0.906827592047484,0.901204190196474,0.277088836333252,0.895098571256481,0.223814135900753,0.631043120127937,0.296926898150761,0.99998038720383,0.293008194297216,0.729423875914716,0.223664565611454
1.2353314047353,0.999610931759799,33.5629004308301,16.9240435534209,-0.154545728539577,0.551110098891372,1,1.048003163667,0.808578360847174,0.398965575075334,0.362689945901304,0.862879210522975,0.376191889910643,0.682717534134746,0.352501442615158,1.00529338345095,0.223820828036891,1.21456554883485,0.200276112943608
1.4077089185528,0.708980741381377,16.8185179710219,9.07650525781689,0.35545024732641,1.02764750464271,1,0.653761254750717,0.800156929386747,0.672226847715315,0.286039529330245,0.0817595170550965,0.432284856021308,0.831473850546631,0.256621555743525,1.12939635595005,0.354334971719679,0.624788490281734,0.465887880343266
0.820003798270814,0.760800675853043,20.6125951835419,11.4397838568898,0.684763022037257,0.361577389297559,1,0.137343589762474,0.52074692058286,0.333906330999885,0.349133613501941,0.660966537596133,0.41700223135263,0.738781015457776,0.250531589512413,0.608853019479194,0.182209382201926,0.861645763138097,0.293018182914189
0.380719628463363,0.574578092984922,11.8039385763355,5.39640162903422,0.606161946141384,0.425064818391192,1,-0.453381718407754,0.439300942627478,0.58279317232977,0.215261329549436,0.728009439560225,0.140854164284793,1.09883638087797,0.187613295862309,0.499567165262232,0.350921967429852,0.631290167913729,0.461020943595646
0.422967478820156,0.768276083649567,20.7606098474305,11.3144952755121,0.768426804878058,0.32268564855878,1,-0.011963925375608,0.77605790445475,1.15325519047071,0.289035611331079,0.866518889708054,0.365100763103673,0.455816629878133,0.357033248364897,1.15079029299268,0.269416928506154,0.282477025671326,0.677108337979121
-0.0674750926600991,1.08541659412132,39.3527866789416,22.2348760391257,-0.18477062952987,0.42013067414865,1,0.0527773343212376,0.566625184131002,0.525368613855911,0.286382645150457,0.515618674326987,0.22684751589138,0.820231111984241,0.348135172223839,0.451141052933042,0.527745143019121,0.674076675398352,0.314963005301865
1.14401155450864,0.609184584811969,9.99039321433519,4.6819232846031,0.882802042512437,0.153177408732721,1,1.13350236414171,0.999730715538198,1.05910288643108,0.243924592117353,0.565170371465775,0.282278512553273,0.679945567470619,0.244591956625957,0.702179097735304,0.299417731977397,1.1755721845835,0.23929128871135
1.3489866148169,0.964716581570327,27.4880567144723,14.9311364287626,0.623240747181309,0.619335521390161,1,-0.194534639684893,1.40340274705093,0.913535664530417,0.414357952984249,0.812244331516973,0.251636228500261,0.991436305874629,0.336917482277538,-0.0448976285796635,0.471807005159428,1.2694232919754,0.260164910337306
1.32070951467119,0.549509950557292,8.76053134992013,4.12241893669735,0.721813609233096,0.587426315948355,1,0.832464725745417,0.781568120484773,0.241211994171582,0.319603083845131,0.767268379090265,0.268510884038037,0.948410381936903,0.241318705645042,0.601399868496449,0.317032815381068,0.538809125761358,0.274932708316253
0.837217507338208,0.60982598511884,12.6159149258086,7.34405726119493,-0.181659295335128,0.326454446467854,1,0.416317416584281,0.645867261719743,0.478807534576608,0.374788474810415,0.866071583878581,0.216489389428515,1.04469555556821,0.182447740178522,0.489750952853326,0.294714983140868,0.418002585075663,0.501355404473825
0.224136745833627,0.695969210945286,15.6387319665759,7.57558572014513,0.523395796937092,0.475759662720231,1,-0.642119363864715,0.754915343316986,0.854444949617924,0.212944326243983,0.523120443948748,0.279442228107935,0.660378581023447,0.250973841537754,0.830427230096461,0.313921406502357,0.394824527455449,0.358929413025276
1.60542541076578,0.565323495795909,9.92175260176552,4.29370405591756,0.894090836728795,0.131501256532094,1,-0.00682073625019401,0.710559387574208,1.0847030706588,0.257383095302594,1.10882115117802,0.224779745622625,0.705809997409495,0.269716461905132,0.807951177941,0.315679698762692,0.764018557437863,0.3495143211407
1.6309277637808,0.715717211332498,12.6547852608327,6.7210541287188,0.871783415735895,0.130633717762132,1,-1.23748102830569,0.736455861060347,0.970648036246667,0.223166219532911,0.5085534441129,0.261250138709093,0.606055839532595,0.279587863537487,0.573259246311724,0.394540869307695,0.0163225825256129,0.458586043164102
1.10042640412341,0.60752355335682,13.978224422888,6.10982571116028,0.875622846748853,0.0890651120726911,1,-0.0261649319806978,0.531739503370413,1.05536112547166,0.219894733170596,0.750646187515391,0.243199813755284,1.01170494690711,0.227564178931781,0.847038618315057,0.228656873109323,0.462271148844044,0.30864471934043
1.00825174553935,1.04634459407556,34.8803338010395,21.3416493590069,0.502121550345807,1.00830764655678,1,-1.16540126129519,1.02503897515034,0.959919180560812,0.270872903574633,1.17200331659323,0.45772842551214,0.877970031420315,0.366574114778698,0.634598711510125,0.467282432397548,0.988407222806621,0.326992369629936
0.997781012175749,0.719542674830044,16.9380934230222,6.88139404706001,0.695222345347072,0.517687967598114,1,-0.944168321113561,0.834621097120967,1.00443548525537,0.306522572596611,1.01728272217509,0.225764373582767,0.0545726200261851,0.422903852826216,1.1810162126981,0.205817072032347,0.470260587207617,0.373390862433344
1.96568384230812,0.623945246874992,12.1318786782722,5.04036094279413,0.538555154344468,0.536094497850385,1,-0.552755540473812,0.647880728591702,0.480716111562013,0.298903940424961,0.715239829308002,0.233261957698736,0.893273164410169,0.198056329252476,0.679674840315769,0.246160254326399,0.78841310244481,0.224748635553354
0.0147511828628448,0.757777825163368,17.8035852464851,8.89977096152161,0.197152145081069,0.375867943841488,1,-1.24874227709198,1.01770476221261,0.487682194673718,0.351413762951999,0.714168042661628,0.232224929413711,0.568619151221031,0.244127335040854,0.657802187747171,0.236767235868125,0.835809320250758,0.312101452980456
1.51667771032155,0.473528941542016,7.01051592588742,2.74374755292312,0.449859096453974,0.536466861009506,1,-0.878970485404062,0.745257607375357,0.894187763450815,0.178871389293706,0.407210250259275,0.280941649335937,0.751204816649888,0.232396321233194,0.417910755818438,0.311066388736545,0.706606436783534,0.224253208465911
0.510924309246176,0.876584727852623,25.4655256817681,13.4867505989352,0.406098879457353,0.358232648333736,1,-0.0689298177772119,0.75583556425701,1.03444373958479,0.179701340111489,0.604340051323413,0.309234728290179,0.951159353441289,0.309788173858538,0.91380109554523,0.333290600915108,0.324573489755239,0.509299730721918
1.92306413455515,0.647301564350267,11.657108505448,5.48057761348127,0.606483366339593,0.44088179220091,1,0.290243334325734,0.484506664464036,0.552889314808031,0.186241835154353,0.802807535193524,0.266910102888207,0.0162864634711674,0.461189735954242,0.754439762381239,0.224234669359268,0.034812209976918,0.45020154457741
1.40338131537347,0.862766799689819,22.1830892758836,10.6371799476767,0.141332990902356,0.962900578848785,1,1.10429138837687,0.820915559988505,0.201392108741363,0.341770080699959,1.01946218359058,0.312497811377085,1.12938123823519,0.304089483805095,0.612822664996387,0.341506584629015,1.1756907309787,0.287939109143368
0.435835120237397,0.518737384401484,9.19287236682176,3.91736226766614,0.136758402211054,0.447320152918479,1,-0.753398872771312,0.467704705368999,0.516486875410691,0.19649587196736,0.734917736664182,0.162028962562444,0.183200166238887,0.277520196185343,0.458110713033339,0.335354596371538,-0.120901137098864,0.447128986806148
1.17797081176497,0.69015681885659,15.485168139424,6.88190784164533,0.731139377970397,0.481142687862534,1,-1.7077129877417,0.83298832112549,0.786889148327574,0.204835575024351,1.18853256626678,0.153090215719141,0.788966995763765,0.277801991984647,0.857548023736646,0.350219774936753,0.722304270955173,0.347918686792549
-0.292094714981208,0.678064087981737,15.2900197704668,7.72598308420899,0.419034195274516,0.409411475059304,1,-1.18411720752888,0.491909842824267,0.439602473508234,0.296303122090251,1.15945955735002,0.161283049679824,0.682858775165785,0.33017393461862,0.682371650360778,0.319179832574923,0.829392132174886,0.320012278226108
1.69924354129437,0.64131182754237,11.5115390879487,5.16154538464562,0.426341704871543,0.516554067305995,1,0.379116844571194,0.627225082372307,0.611169715226057,0.234436468924512,0.513510510303336,0.210087023174294,0.949073937558046,0.293271828625545,0.00481298374578708,0.40100917339423,1.37146003475006,0.211456972922803
1.77017871273893,0.943239876052943,29.3542388108731,14.172726129547,0.468123597957214,0.599734492117255,1,0.82359743418871,0.77944834168832,0.381630823649772,0.353310933386488,0.862579775609933,0.242806508715842,0.461795148349684,0.28995563443943,0.830014662953478,0.424353617539506,1.20546082943413,0.333930961542875
1.15465874500084,0.583373379758536,12.3863286799468,5.43933224913626,0.360555203035577,0.585708886772345,1,0.00073582806525101,0.772047021497776,0.626710781762461,0.356722075102606,0.718565347820209,0.273882478343023,1.25566331073539,0.178629654256397,0.314369080543759,0.27007610574621,1.00440677410604,0.213369494808741
0.616486932739129,0.826331652832356,22.0334631681894,12.0137839641571,0.287401555225653,0.422925399798789,1,1.11623965085141,0.913664133595576,0.838544529679372,0.250328303774902,0.997283562114441,0.390197362637114,-16.7817730338766,1000.00000035168,0.788044896063173,0.443172419931506,1.18733902120499,0.186822698525515
0.948438367802608,0.586868577172864,11.1010307006335,4.75544632403151,0.316005357406633,0.914047874725493,1,0.627223420953762,0.547409035530079,0.60240462254378,0.293351625705638,0.938393013507771,0.284473912086685,0.855930338330287,0.23795750002442,0.158247179102988,0.432345385912844,0.482183020831366,0.277693816211209
0.760166742997435,0.936267337248304,30.0424914830068,15.171771452785,0.298704464116394,0.973866883418996,1,-0.0682143837393336,0.66086107636517,0.963931881325926,0.285716426695845,0.971930276114332,0.287330339293619,0.589162168107217,0.380504717542275,0.726043182486398,0.34930789294951,0.29458054253274,0.410048017899316
0.693075100046148,0.699325107973654,18.0677234316185,8.63745726963022,0.149913645299262,0.43066383581648,1,-0.652065176751526,0.545593550083244,0.968751643154846,0.189826256555651,0.601023307679829,0.33440503885009,0.849566693631781,0.314596137511993,0.7762850915784,0.308654295760466,0.752920127316627,0.28891364494805
1.10033653586725,0.611438629046588,12.9443308950803,5.72635101367131,0.387982282258304,0.571388812468357,1,-0.0395908408822257,0.527405248108389,0.546474852253607,0.250760418282731,0.648277008149773,0.231021901818536,0.602641309117868,0.261770421041376,0.907856472949151,0.236401779493756,0.582146013422399,0.233264041865533
1.03680656417489,0.575243579276025,10.2683921932625,4.16368552716279,0.287062742696616,0.461242903809753,1,-0.463873763510442,0.671472241920953,0.902079815080617,0.189936023542436,0.395276612517499,0.241685767453087,1.08192881877795,0.151530912325162,0.535137538376324,0.287302317808325,0.692706846987538,0.40867759920576
0.427732799881676,0.958335407202984,27.6527368821213,16.6849694597806,-0.0557565663370005,0.419552589581422,1,-0.125667069161992,1.2902408753258,0.619395815060446,0.570209762504376,0.643364345752528,0.445284130911497,1.24298534660937,0.229635128257571,0.779721325412399,0.243823387367693,0.676029361288301,0.383458338293651
1.51425263642646,0.441198457755857,6.64134500669828,2.32639771182383,0.238749305091641,0.358309760782622,1,0.385061933215001,0.551496156176549,0.726857841158372,0.227975689757356,0.0961710287050194,0.22887468195499,0.64378783545402,0.227338365699898,0.838001645860059,0.196772524111281,0.540533725839582,0.253955435359367
1.50118602391364,0.697978021214921,15.9816803115433,7.02435330858142,0.544200797468814,0.59027110450555,1,0.77046240728906,0.611860739379282,0.554114436158446,0.210880449062736,0.14192130207918,0.314424634750039,0.587885083646553,0.251316445232719,0.415791341284279,0.40444614728101,0.981676300832393,0.232772943949227
1.18815687291038,0.811272363550818,22.498219008927,10.6045966416564,0.820152712209702,0.198275008605409,1,0.344586457206252,0.87261202160386,1.05174117896354,0.112957680585185,0.902487206340468,0.218146738048433,1.1312444104775,0.232085923249731,1.19625166382199,0.283513971745395,0.904458067959342,0.343608015856293
0.623068446083343,0.781172889879539,21.6074080531433,11.4112316863096,0.471490936531104,1.20957366117954,1,0.106184624343067,0.656011215233941,0.858692498487829,0.338422568147395,-0.622015855474737,0.706311834483463,0.805565185042571,0.220703104404224,0.186446112129714,0.353284475132249,0.627270502989106,0.341595355740739
1.04564164562845,0.615764065948738,12.3847077052562,5.27679860086947,0.627949879645715,0.492641659175236,1,-0.215587740369104,0.663147557040723,0.71193432542693,0.131982440713392,0.624558298432304,0.16811405039333,0.624652186375647,0.298052707239876,0.538163198669763,0.354663025720246,0.25365088844114,0.398978537415062
1.58826098187529,0.625954637746819,12.2621531383063,5.772756822306,0.56394988033137,0.203495685411724,1,0.284229134608651,0.524780726134299,0.998218223690366,0.164992464611415,0.972804337821095,0.218622614226042,0.754895456014287,0.269460930019024,0.398621712300348,0.339531811676064,0.718716314472403,0.365313783076617
1.23855966583338,0.951233187570018,31.7073588822564,16.7923217033166,0.372283679306021,0.819095459648321,1,-0.0871468299540215,0.689003847101356,0.75889676413706,0.174404830133811,0.544598345576021,0.358952572539633,0.442676937781765,0.430495165606148,0.472869415463274,0.365505564577196,0.743384255575354,0.429261654006475
1.51945100008108,0.891269590802592,27.5743404312123,15.2716253420854,0.532596105615535,0.717165351870311,1,-0.132681202689221,0.756063227744027,0.926755300085776,0.264832286473969,1.0112122934475,0.189793699801722,0.685213730119275,0.232483418642069,0.700918219331957,0.342911968641212,0.807715238487227,0.381918845534144
1.86975128670088,0.761140008680059,14.259849704237,7.62908613529127,0.284848602205552,0.294006069096757,1,-0.138200194104182,0.976449734606455,0.567813367686445,0.26484829375139,0.618972015572568,0.252180335058603,0.426112109414873,0.375222094720806,0.63464260926943,0.355328138227613,0.44278377393801,0.358872403846162
1.0132993535588,0.928754374450686,30.7748794254338,19.1276031819084,0.401746064544769,1.26932892510435,1,-0.366525821816102,1.11588641218034,1.17336961574623,0.310301671678824,0.387482602252764,0.603630088655565,0.664002281305155,0.244349783885326,1.06608004031578,0.294075010537634,1.00495072259647,0.330722877925853
1.46824894175523,0.699451904266128,16.4762327999719,7.9701671996711,0.218248794197431,0.841863987670698,1,0.520086508628869,0.660467439282297,0.973662889214584,0.227382613259439,0.473461716310647,0.322607549488154,0.936202626732978,0.164708030519719,0.585707911738532,0.312412943846247,0.417644619682741,0.33864859820645
0.993130173607748,0.857587780742925,24.9598232925496,10.4274147316868,-0.0110845843760245,0.356245390493263,1,0.171285990345548,0.682452352475743,0.356165293588104,0.304917331234306,0.879677887992074,0.196810382319706,0.653409785267171,0.261507759153522,0.770479108762577,0.270432809412457,0.738728239688392,0.283118981579287
2.08027506883918,0.898267504564469,25.6806004632381,13.840611749315,0.0649101060574832,0.662410534506501,1,-0.599603446365577,0.948688149886131,0.894052480275972,0.436389500167111,0.837302938189228,0.316385623593701,1.16407991048924,0.155571966974845,0.518129543752319,0.32368654016647,1.04513674342116,0.280585710777033
1.6505443186573,0.657716006410064,15.7659482668053,5.83491122204357,0.438362187010265,0.370672523148501,1,0.414651424589821,0.664165380663266,0.741909652442817,0.24881176786878,0.605086006393731,0.28456746635746,0.929156047985809,0.275224939979636,0.941945708962915,0.170616318488276,0.945166999414513,0.226675058705211
2.22682953847655,1.16295270429583,43.2100176677683,24.8669891510473,-0.319694766305836,0.563479087073419,1,0.163899769463836,0.702264222079597,1.2279322410338,0.342151822047862,0.916450411371298,0.472283902297051,1.30502262436177,0.1629478528432,0.338009405412903,0.686463302623839,0.821285856068392,0.434620208261043
1.79338969606758,0.780397852281999,22.2644863089897,10.1052979647278,0.099039120095389,0.423541839604057,1,-1.10705877683068,0.548200459515954,1.06616401982381,0.286399749025901,1.10040469824363,0.194289090879006,0.537797006486881,0.323261534524106,0.643965681688166,0.361082632829288,0.814653986764984,0.164467931536423
0.937864807267484,0.504454663265414,8.69615905317205,3.62041530766047,0.437053571426469,0.593968059087689,1,-0.587427675412907,0.516974885747068,0.820324950825456,0.195614780180455,0.523725335496738,0.203745230998068,0.505552612808393,0.282453517001389,0.761702609238792,0.337029709386399,0.339570960887832,0.441371704135486
1.0408973124916,0.621378299774493,13.2291936957666,6.16953084854505,0.619689417640513,0.363551656017611,1,-0.882695414541007,0.523740221341373,0.738914625160114,0.267987233218529,0.472202582925911,0.395211753208824,0.593530627322166,0.300085818429749,0.607315926303881,0.227258922566682,0.813364730849441,0.19556583031963
-0.222175991337757,1.20635171349077,45.119474055663,28.2003335502297,-0.0699865869084064,0.613111397789516,1,-0.539149275121509,0.881122821506565,0.435867045010151,0.356083312816199,1.04262986589121,0.432512122404885,0.8724637536533,0.389565423496599,1.25790214147796,0.343784304667761,0.406873465817866,0.40529017301904
0.24767441066187,0.526980537327183,9.13173864173084,4.74467075997857,0.492356855165002,0.780641800170568,1,-0.213604599208223,0.670457388226257,0.274841510128183,0.356296234271159,0.7407888329774,0.257238509255582,0.639952965725428,0.204273791606703,0.561514740976034,0.272962775965112,0.397011385425699,0.325305556929772
0.994974218169279,0.587262963253578,12.2399355849804,5.33083949556274,0.469769516939666,0.56822112262876,1,-0.272734832108923,0.653536802405687,0.794572890291391,0.229032292330079,0.744643142668242,0.188164703961839,0.779781121309361,0.174801399143974,0.819585573887824,0.401040296977941,0.967793689743905,0.313136688194429
1.6411333961341,0.592516991768101,9.82569280226552,4.99609759327472,0.746035553882953,0.414194463092113,1,1.01464555315776,0.60715480065303,0.626044832152721,0.250744611991121,0.401217012544619,0.303080538778972,0.804394043522824,0.207392379197117,0.617121123991694,0.253528377870753,0.742402338722181,0.315177745964224
0.805108551348833,0.945507683427088,33.0803668923406,19.0835723537013,0.770583968903547,0.321686255126994,1,-0.788834030893955,0.617205139438004,0.767547681424217,0.253446873454338,0.846595433341012,0.345889147013352,0.722966650901779,0.198423327067745,0.234243676594094,0.366227495198564,1.52726123355011,0.34699637986232
1.20591014662376,0.75934219309342,19.2412112806587,10.0349650491471,0.116530008223651,0.58470426694863,1,1.18544635439904,0.667595637064947,0.553681273412274,0.388488162448352,0.677672984578433,0.344185283813653,0.853683227226853,0.293688384383956,1.23906685557482,0.264734646338688,0.718884631942299,0.331986877412033
1.34407315710838,0.924133204175663,29.7609172382873,16.6094357122388,0.17040161016745,0.481878488534181,1,0.172561191084247,1.12018077015184,0.630618741950378,0.503184255510994,1.1551970784056,0.31278398832441,0.876533198307813,0.187687012793632,0.102095108461064,0.578054518107692,0.651873746056925,0.303607919770625
1.43500937829712,0.583884944931698,11.5469061093382,5.23931022292991,0.60641137483977,0.328439503757469,1,-0.316372539917987,0.584206048214969,0.602469756590813,0.25710841921262,0.564273120485445,0.351246626982364,0.821153586866817,0.231769130930674,0.390194379709134,0.341405460517894,0.734947137490449,0.262612706904842
0.462827511353411,0.785777493638102,21.4406515921366,11.514588830949,-0.0291221261646712,0.433778557078972,1,0.216043436750722,0.503686828304858,0.802135444997422,0.38825537765852,-0.120782584713255,0.458420478189705,0.938707423622804,0.187059944177398,1.06551711387467,0.236942917366029,0.770809161170241,0.290746101808141
2.19485501575983,0.646350431038924,11.8030408680596,5.26794892831414,0.174583431470532,0.44913033562521,1,-0.297160208249307,0.585662428592524,0.601832977113662,0.272528805223296,0.843905559508004,0.202665333561664,0.640202609674124,0.218310392882122,0.923734431841432,0.244705523934817,0.910037053986722,0.332136331227112
2.06761183094264,1.06267455696252,36.0405817321373,22.0401882402472,0.84269763969286,0.232960119451045,1,-0.029593916136529,0.946847936823083,0.929829243666763,0.338255109085617,1.08612962515584,0.363734233113399,0.928898616504053,0.279395577726466,0.985183837843691,0.367409712997309,0.722989383792402,0.38118930425623
0.800587476701943,0.719391577731548,17.3418186589091,8.12179253903199,0.838004007315656,0.214258110288041,1,-0.0255364493450508,0.78174586428572,1.09271681297759,0.254958031991439,0.728660610640282,0.345355897587876,0.424529820057143,0.447631658859184,0.810654892613638,0.244176581719648,1.05804143857124,0.223900602511585
1.82199893263347,0.706344843690047,15.0043837574749,7.76210624771509,0.818967187189383,0.194652112680231,1,0.2764174187058,0.744901398867139,0.719876019748323,0.270653799766339,0.729627723510599,0.276032839460783,0.0791783112558931,0.466823200160706,0.396657476853511,0.327036344662181,0.921217352423157,0.237570855141518
0.422279050160115,0.715858585693546,15.5417287448436,6.85018146791339,0.327437823728261,0.782553109399778,1,0.0472134867747121,0.872307717018717,0.542008138914585,0.267290649234392,0.780506301775938,0.239212329796193,0.960750796927224,0.19672426358304,1.00358052991365,0.262068626017962,0.61218697912133,0.299472395061568
1.69319343117721,0.592507047129776,9.75888161865454,4.74211823564723,0.864085877364464,0.106779764663506,1,0.674373986059721,0.90317042844498,0.199623556179509,0.438458077899905,0.598999100179999,0.253647648202038,0.842038621192908,0.225539203850811,0.692914453354247,0.287232705454119,0.416468425161345,0.227019128920271
0.843410706463506,0.494702387679433,8.48648836553134,3.36403388118777,0.405329338836854,0.489246595418065,1,0.179937930859785,0.633427191124192,0.889324933765154,0.229578179112352,0.572194553728783,0.203962549211281,-0.00488324917968588,0.334185623250749,0.498827932311355,0.250588237492963,0.698721033586534,0.235771538284663
1.13140698991727,0.86621765982004,24.2766821706114,11.5580930648035,0.82118155862186,0.125992589147213,1,0.395350957076496,0.902964946016853,1.04753132144169,0.245191528061628,0.947908114785232,0.195132531147463,0.618428229655012,0.26401103029989,0.810318112876976,0.24423790141931,0.180144976857848,0.586192358793622
2.5643452376936,0.857973753393086,20.859159738178,10.1167271559859,0.260137947225608,0.475129911378023,1,0.638067097563981,0.859109325041407,1.13093028913361,0.219777921730569,0.393710521421953,0.282036021752291,0.767840111262006,0.369222866885758,0.775229519891813,0.260658696126418,0.912706602296566,0.371783232546492
1.50449447563035,0.848874741385037,25.0494121935641,11.6017323635373,0.377512573544435,0.971312479963154,1,0.546974622528231,0.575414988798595,0.92221889790757,0.2880840922875,0.557936376484037,0.273890505135108,1.34146549028193,0.226005311607039,0.215028732514895,0.456956129174232,0.885183887032319,0.19927998752348
1.88413917078472,0.530648795165761,9.34411181258369,3.59589282126698,0.301444488613133,0.53432745119086,1,0.0638030282551384,0.595436859228278,0.494018503737218,0.217071830009872,0.806273583581401,0.175726489437976,1.13904748803093,0.171902238405944,-0.0168287487957423,0.48247884168816,0.951255528797932,0.301046139209007
1.1414891389471,0.933574157338472,29.6178374322836,15.3630919788383,0.458513400301668,1.1597382368375,1,0.223957095310156,0.781910256988712,0.629099236436063,0.308788525523407,1.19502027116196,0.266767908239641,0.544956334839597,0.375800250677322,0.387216369154632,0.356222007760237,1.25692147404886,0.292803039304714
3.23042168136025,1.03130827074839,33.1296272443155,15.3788002709295,0.271256669823845,0.991343473843932,1,1.19624406130289,0.71724972107833,0.972168244304352,0.223445169194313,1.0611534615103,0.222198882285421,1.11151182913175,0.242416772720235,1.12387764782896,0.267493689500403,0.947329077139501,0.344828214543748
1.15387931981906,0.796526160047368,20.1602934342747,8.9794043359277,0.378469976161306,0.581355958477744,1,-0.652744977984091,0.716756686082691,0.782367240331098,0.198197601571851,0.834328679146882,0.293070677829785,1.10535314898415,0.369530403502246,1.25151441958649,0.279311191603555,1.07560130337767,0.262970978606224
1.8173684245109,0.601872909294345,11.6152013558245,4.55307529264956,0.582351984146672,0.398361666899897,1,0.524286454683915,0.539558664091682,0.584783193273343,0.279521901408962,0.519083364339187,0.270254381507891,0.971602141709043,0.211158838183575,0.176181578460987,0.322936396357078,1.16998176892621,0.155515032067746
1.90157715822412,0.640914693147333,11.1001566825528,4.68701714041024,-0.0791139977230412,0.413034999959956,1,-0.944534772462288,0.524077953339445,1.07667784110656,0.240096362627527,1.00800139891559,0.265000184064968,0.512216714604477,0.275710645823755,0.6729086115528,0.251713497826912,0.763780508947755,0.259768051087805
0.569727373931267,0.609541681852632,13.6221980722454,5.22627985009897,0.404170155558193,0.59273265702755,1,-0.447798419000221,0.687105713773471,0.463671842043453,0.316770343915648,1.0016118936232,0.191282236975644,0.802531942197021,0.264702627533423,0.413327305573403,0.335771823550292,0.447293063954344,0.217038077146409
2.21787236508563,0.831848794922457,22.3685812434511,8.64558842431378,-0.204415522197452,0.358578767360774,1,0.574969707861034,0.733505727143222,1.15410588852313,0.193328069153571,0.885496137853534,0.200090463683878,1.38965789072227,0.208752496518967,1.01061306554921,0.211405957226572,0.719230623477134,0.330788044571163
0.104761863045176,1.07814063637498,37.8156224774792,23.2970846324217,-0.466433913575812,0.259890354952945,1,-0.109849973105598,0.617972492363245,0.63293567427631,0.330427188069996,0.768831977800379,0.333366650860114,1.01778571064302,0.364092188195207,0.887886066841399,0.509214900155454,1.06814529682363,0.372269813342863
0.786917265249116,0.623889940586562,13.9213588226806,6.62639387824146,0.179903624825351,0.562172217838121,1,-0.793651335758757,0.407804404499274,0.922456177290381,0.214053702640207,1.13185855912231,0.293009728814149,0.606019870596642,0.308247093299622,-0.128170450407474,0.527796078282957,0.757060676697635,0.365977915328647
1.64895438199186,0.667911791892364,14.195910629004,6.08884312975571,0.909604921719707,0.0507756054201537,1,0.72804109710738,0.785067891787918,0.798721700302509,0.197818602829051,0.707760687116459,0.287601393412191,0.888805741823079,0.202328364878396,0.863093339995754,0.268209250081958,0.771731739623228,0.282832937881618
1.34439246024918,0.539095484686035,10.6368540096125,4.17993979713783,0.230624551083761,0.433040827832255,1,0.344622045284875,0.499043341873561,0.852636606142387,0.187373278695755,0.700033153565655,0.21083541067654,0.374325918251911,0.33560800174039,0.525370845508557,0.273054913626056,0.968742698436947,0.22049048032895
0.515153182192595,0.55032222873843,10.3338182595023,5.18428171560581,0.0434847028523602,0.384809856440728,1,-0.205515924875365,0.532945924520058,0.389107566840849,0.276798867149186,0.454464550464488,0.262582739855404,0.354673074666798,0.341693508400239,0.735946350953779,0.400896700695441,0.438449178399122,0.35662544488613
1.50818999740818,0.634097337938368,13.0569074392462,5.61911026697494,0.0450576237554472,0.286943399336501,1,-0.4044458657605,0.454278855055042,0.781094771183668,0.230617412122129,0.567641590531335,0.259500906393547,0.899429302371348,0.270960720058457,0.680124630114825,0.295658381555691,0.712543696250266,0.457075583686852
0.680886806046777,0.731348439521297,17.1981785339399,8.34818557941909,0.831253796625708,0.177784525871169,1,-0.18130028924607,0.926063836731804,0.654927333070086,0.374979340347214,0.766716335089093,0.256782848409265,0.730224275984002,0.192711492921224,0.796104846021031,0.292884663501553,0.713576425239383,0.297115874817422
0.746662176559704,0.742764060248206,17.6770644873866,11.133928364189,0.254200957798733,0.912471454362825,1,-1.39193098244562,1.01128263226717,1.25075144597618,0.182738754719782,-0.124170944774958,0.565043768811365,0.428094225471016,0.367241261535017,0.590819431276418,0.580483166432797,0.312950257253334,0.558905785006125
1.33849187798046,0.484413538704986,7.53222235615039,3.20004922181377,0.447163985367741,0.293638332393912,1,-0.213134897621353,0.534124236858167,0.705891140458425,0.244339969245168,0.707757104012259,0.226412548584084,0.33075043309512,0.288051348346302,0.755499827502829,0.183761095436173,0.789112434696527,0.223957225435726
1.49902833157231,0.937939454627287,27.9850816854011,13.7101361104855,0.403948908703893,0.75177716637679,1,-0.0445925643507588,0.894591612202689,0.551107780155042,0.263070646318111,0.96667456046386,0.289755322796152,0.375043133667633,0.417424376165597,1.25021600566786,0.230131028736979,1.21655526331081,0.347659021881025
1.4292660111319,0.963488210336055,29.6340142859823,19.9925714043285,0.16979073254734,0.760164693779873,1,0.461039786245134,1.12258577275583,0.935387735026417,0.357329094379213,0.935920140723323,0.370031539644779,0.451750773758664,0.484695104784956,0.83537482192505,0.310769455059528,0.381608393669569,0.449157299544199
2.29769465565999,0.790890830047292,15.4674040519662,8.06104224131974,0.225249927681688,0.962158260110731,1,-0.191984175164135,0.9444465868709,0.860560138608496,0.34450143683754,0.933803429268756,0.188173057760505,0.595218515701475,0.332698790317989,0.821932184522699,0.417688017950863,0.640387115984755,0.327368344386639
0.742847824587868,0.51751873921777,9.04079022477974,3.83654781150486,0.43077358933216,0.764202826357649,1,-0.538402341891319,0.537463173487294,1.04925092579644,0.165612942657862,0.353618222738747,0.278499583282006,0.432096725480206,0.3570416410057,0.716327241888121,0.349681876223829,0.171417336884845,0.395487720024626
2.04566164940579,0.699535158992005,16.5969457631551,5.9389118986975,0.223597398595921,0.415949504092032,1,1.16618587901294,0.544581024229642,0.259520996597909,0.221297699373056,0.839502964554829,0.186355599693662,0.399143098466261,0.240784229176514,1.05867638337713,0.162650515601476,0.6691011955284,0.315575153756762
1.67839996208762,0.831646644888122,23.9891213853281,13.1501651990773,0.126382779310808,0.773489866973124,1,0.261830452660835,0.559390886429955,0.0650661190574617,0.546141624705433,0.0218879529507869,0.305456428357862,0.934063896926486,0.319727871369496,1.27000116809031,0.161456667619547,0.242754146167734,0.517790333718116
1.85452953493037,0.679707494676725,14.9805356856192,5.91916182559189,0.641230236298473,0.454439086074878,1,0.399860823550104,0.656357828196967,0.519575714516345,0.406718260961787,0.952930466989253,0.222667470704516,0.711551341362887,0.152718831877195,0.456910275154555,0.285330231669792,0.759678591785297,0.264438070654724
1.76172760457665,0.66564098685516,12.6754161695438,6.64253205422704,0.924932930863869,0.0553275845428862,1,1.24871829100155,0.862437113045751,0.316181932689193,0.352734248936602,0.450953220222744,0.312301568457303,1.0039680341971,0.165826297265863,0.746718408301685,0.241691437273441,1.16923912142791,0.362962855804513
1.00407490114997,0.736506395165892,17.8847663710452,9.43140933219707,0.368074087775097,0.730031693809009,1,2.25502865103193,1.11190234075138,0.170962052562458,0.645930005706646,0.725183462636823,0.306763124462775,0.905587949603663,0.172146383607137,0.692462332133436,0.235620704500782,1.12912940573294,0.243125184531517
0.573600289200107,1.2438053987636,51.547103388643,30.0860631337278,0.811034902072194,0.230259490390848,1,0.848697988880948,0.724541004083719,1.47937445497151,0.365210327806495,1.50029527063561,0.263906548850811,0.629192998466015,0.323968578702937,1.2236492405836,0.346616065391981,1.76204522919267,0.418261213159233
1.49434376582651,0.798989294982925,20.1220434228936,9.52093846308736,0.813520482148666,0.263017176882591,1,0.767985137319264,0.894639098261559,0.349862320574842,0.406190019734833,0.970176561587449,0.278462329604732,0.87319686168103,0.180223661020539,0.457040303635877,0.326017005387234,0.982497094339725,0.30322063559413
1.82880871075445,0.734976590269767,17.3579106299248,6.85009578669203,-0.445685422710205,0.249864482969015,1,-0.40011403730229,0.730289264291,0.838719219650768,0.24936811679525,0.717587043917134,0.261574506902288,1.00266924411426,0.156762267081229,1.15440982772387,0.242689072457481,1.27682696662885,0.222040117578217
0.914950455746565,0.729089926016618,17.7495169374092,8.80154595045303,0.86613416984803,0.121075112456736,1,-0.0252062571149447,0.765573141795075,0.685889926607768,0.223048461182716,1.12393360954927,0.258375278944534,0.412817744647564,0.484440215868528,0.933553525303889,0.364494806373116,1.15195778262912,0.23975015631082
2.57511410731203,0.97711666503645,30.2518538694913,13.8623876741622,0.250635837590593,0.941310698838474,1,-0.117701980020479,1.09896756943081,0.98432843315027,0.241646812401635,0.972496064042667,0.317837557957797,0.891019880946064,0.349625802174233,0.600205129228826,0.440873988213299,0.908792722528558,0.254158745039386
2.10820739934542,0.865339472411291,22.5961561780865,10.1254690370735,0.839957071982441,0.210016636350349,1,-1.51606268888679,1.19875855881365,1.19891070069564,0.293971325247644,0.699190275010939,0.360873210128026,0.804783592213392,0.328091646745245,0.686144201124536,0.278287978664198,1.09615327542474,0.255171834842413
1.08929447129067,0.603959244312171,12.178411127428,6.11072239045008,0.620953092064237,0.333043099248823,1,0.987527207286452,0.676210206474834,0.700393576823421,0.308607787941945,0.962487865897028,0.175040113041375,0.770284328487729,0.223504053716858,1.00374281984796,0.277375016424431,0.936996640186257,0.331300885198839
1.5974694912927,0.449812306706787,7.00933756935319,2.51538457277675,0.349858071521119,0.587367221803591,1,-0.0364526041000431,0.452590153629007,0.823749852594877,0.194346772714002,0.453283710360041,0.251620697184002,0.739597627909203,0.185099514940507,0.777520946713936,0.192443340317194,0.265468377368112,0.307029820374835
1.17269868301068,0.617739262530629,12.1376863425949,4.94216958763243,0.934595989370361,0.0715564997184242,1,-0.308143035644505,1.12400665122666,0.783031221981931,0.281864592876349,1.19134640536038,0.223344182679105,0.504711792045898,0.296393243532024,0.638241856071406,0.2056413956485,0.517801281161249,0.271489331897545
1.85091659500986,0.646973947770559,14.2677205205613,7.43053822283506,0.929479120484904,0.0702217307583612,1,-0.298916224329731,0.930527225673472,1.07276103777136,0.337720502021573,0.661252969593953,0.250097060323057,1.1357565546999,0.261110726841373,0.868655028163972,0.335205790974071,0.340816918711757,0.435030611450503
2.1947971110624,0.645536650415785,10.8308086142571,5.26465837756855,0.328109374937173,0.490573617553448,1,0.224887270717326,0.511933337030879,0.684232300406766,0.280492516297149,0.742620419534499,0.264778602529192,0.537945478528075,0.291718809909595,0.945019571746695,0.168899224386882,0.811304558740562,0.266448954350348
2.23081706122858,0.692158965732916,14.4953369270119,5.76625130240903,0.0951852225924343,0.304483384181375,1,0.521779479230725,0.581973444942237,0.112229548242288,0.314506371439729,0.708246683743084,0.282283971286391,0.749555419609704,0.187780545899166,0.726524612948043,0.186156461607097,0.707901776038598,0.343922696015082
0.723879610911477,0.670161453704381,16.0252431603701,7.38005522433285,0.431531287455779,1.17408023920053,1,-0.649767327251898,0.615440776683767,0.90013947213761,0.213388651524264,0.55745755717839,0.260628572290652,1.29624288288836,0.305649541399752,0.890879720678397,0.335851889429267,0.729378713585253,0.349877636727878
0.795382518938251,0.538511813764633,9.01404117366151,3.53087349025579,0.551790362828567,0.465557417453864,1,-0.245675668425947,0.664655659325424,0.667068028565013,0.203435198525682,0.449548123460839,0.221190225886733,0.732773547196593,0.225381354516967,0.693506148604443,0.211590758022007,0.491997267636895,0.294452190617753
1.028601436609,0.495574788437549,8.34608199151616,3.48778345159048,0.335923950019286,0.786893790313574,1,0.727459870556631,0.480641919967398,0.833485648459568,0.188154513604315,0.798271950277998,0.207747814324252,1.30816223109137,0.267139569157441,0.660949998050582,0.419898760378901,0.00857332359393835,0.502903660503593
1.94976923145746,0.731828494439959,17.7375681480289,7.73686908806649,0.787348215980348,0.201714014647178,1,0.282986584413019,0.484066495289315,0.700797192746991,0.157556998208386,0.490414592117405,0.238971805223984,0.627534697688383,0.175471719707809,0.208799071550926,0.402093751366242,0.698284691293759,0.316012277185457
1.28369331657878,0.859685743902473,24.375366635613,12.3141056943812,0.470156053288879,0.774996993773138,1,0.927651932552538,0.575237393304773,0.440658540487004,0.240624839876421,1.29047297455524,0.252841573879193,0.51033838489898,0.370808895774197,0.60565336767699,0.362966362934135,1.06412627654676,0.286715539341474
0.372252626291916,0.636734514349649,12.5461744281778,5.8302984102624,0.869248041577704,0.150901970344781,1,-0.143633837213593,0.598144184101755,0.90254409921259,0.239368488603976,0.888328055020535,0.226133625904709,1.08030627034979,0.298465008721392,0.441079238879904,0.428875883922427,0.786685939973085,0.422815639327582
0.0519895920713615,0.763858452626714,21.093992656806,11.2853171047209,-0.0806567706989417,0.414770002009857,1,-0.976018184174422,0.591349437924325,1.16771687343396,0.208746721532883,0.0243794938261906,0.413093796415347,0.251152527550618,0.525674577777855,0.709824474672111,0.34692218450962,1.11326718743454,0.341352234668363
1.50709384603426,0.604950786712478,13.318150536777,5.32657056547359,0.104934306720542,0.610819063554823,1,0.675586586893405,0.542388747531873,0.710266001170854,0.236124902112254,0.892154347304794,0.238562356831377,0.381549643902222,0.348174409189948,0.796007999097305,0.211651370063963,0.547740915207763,0.2735268806621
1.06770044837492,0.863953686664478,26.2540896057948,14.4048491091974,-0.145891737102882,0.285136102332986,1,0.616979676257373,0.864172648688044,1.07815644143834,0.379422612351143,1.06229239450584,0.30512012873149,0.860731546893566,0.168435785620675,0.576654246594772,0.409416875810271,1.12957906008771,0.224197089710898
2.27774015818401,0.788244967728449,16.368461540366,7.67110363533028,0.942384667005391,0.0679197149304066,1,-0.90032212150479,1.13897721294276,1.19128637075286,0.301253604935662,0.817215210992243,0.200729067697523,0.517691212060518,0.291822709298426,0.753191311977268,0.23627060146428,1.02612257929858,0.327314394400601
2.4746994273135,0.770429084809414,18.5730835068007,8.87722521540636,0.324846580889372,0.361406826148591,1,0.565677697199342,0.740782579896965,0.46102035285394,0.377054224327876,0.812523188207422,0.177118618551334,0.576481932965506,0.157945815068502,0.306784435180357,0.317853931783388,0.465105275886299,0.309269445880002
1.19555727114002,0.683691222130524,15.8066705352322,9.01796708685638,0.349324518650409,0.954714634015986,1,1.37150265049291,0.704140801277546,-0.474073913374118,0.443496339343707,1.04627044029448,0.20188625268441,0.552626106077839,0.370085751452064,0.205710683750799,0.523983732954832,1.16057565234615,0.301964379649048
1.65997211863936,0.785081624540696,18.6100226627336,10.1295846531805,0.455305522400361,0.339661904528635,1,1.21129723686264,1.06110520318469,0.525330597045756,0.256313408233113,0.822006281980642,0.275369655190943,0.748786080332771,0.374049112240954,0.631774361128703,0.369474105842118,0.750667393904206,0.444556477650732
0.652715215459159,0.596943241875887,11.7094287462527,5.17483825240246,0.82362528404206,0.213349127431989,1,0.628462604172788,0.574939682107427,0.892818152005957,0.179761094371177,0.731886282324067,0.260651892035295,0.738968077963762,0.183875148613505,0.60459392940419,0.401501199997808,1.05569934047424,0.417973484822775
0.722871366733901,0.70370139765471,16.7247695609732,8.36670708166943,0.670187319105168,0.470078238471053,1,-0.0333563743690814,0.713258140492246,0.738241502114901,0.27893956281361,0.751926432672714,0.184518965696408,0.621279384049384,0.308688614421809,0.618924189225293,0.320812339569991,1.04371712504897,0.212872410466448
1.42111638234057,0.690316967737607,14.9605710047135,8.07240430436207,0.02891326878589,0.323984047784917,1,1.87648810552322,1.14316756889338,0.307416390010871,0.543695876220435,0.975740338130238,0.353253358951439,0.452097825549437,0.329986300574353,0.948588735976697,0.165107608064024,0.45756536002274,0.254757312710609
0.510122241728356,0.646431418431814,14.2383832516038,7.95460549453972,0.621349780356663,0.516964031714404,1,-0.53067229243719,0.616642622053407,0.606827116098798,0.273675330840611,0.940933158626867,0.259757736788057,1.07875933597883,0.316064620358342,0.436499361638136,0.446931611049972,0.26500093572985,0.501824679393249
1.4971714607249,0.737232753263101,18.3658033444073,10.4613701384016,0.323373740596847,0.771490051955828,1,-0.251469185588962,0.448347423187671,0.802758978965655,0.197466784528057,0.850149144150867,0.325412793023285,0.699588216287602,0.233130998999045,0.40489580764579,0.390027326701979,0.769246699081651,0.289176935828659
0.819769858648005,0.532630074258228,7.57867457231433,3.53888493608583,0.777704712032422,0.429207290739046,1,0.555777799451679,0.737711462284058,0.0915188861086554,0.311054921753709,0.942205285109626,0.158649898195122,0.564671372875436,0.289635486970738,-0.221040227347195,0.534802847932761,0.412740511455029,0.281713394532252
1.84779280547596,0.811738560478635,19.351331441707,9.56322638136989,0.789190430526158,0.321890309868029,1,0.441832426223443,0.734344780128518,0.926072522296865,0.267066240062557,0.841730622757331,0.319291521365545,0.39406790408442,0.286091765265986,0.784791360979864,0.283361964785465,0.27633735139788,0.459943228763684
0.891603649988996,0.650547556241678,15.9359259118879,6.80742764200048,0.0977015255209917,0.367691641452908,1,-0.433962580779944,0.480956635663407,0.561347604472124,0.218994816056942,0.581755942350839,0.199180488548798,0.434501091355901,0.332864444242011,0.863740541939445,0.180318374340094,0.599503831387927,0.319539885295449
1.28326202539455,0.777837230484657,22.0603278204364,10.5193498423132,0.295583102248556,0.62604649823418,1,-0.00818675402362951,0.553100123029732,0.727376229563019,0.243209497379636,0.606289061808157,0.270983877956343,1.00837892369357,0.241782582000126,0.889977934226755,0.265547405556021,0.886514384538948,0.287948328860142
2.56792529032997,0.803145888465952,16.449018033591,7.88532074699194,0.422997786134822,0.486419030308978,1,0.551838666578857,0.769537373405837,0.892923996209825,0.192109051189293,0.277574329233822,0.335384880120973,0.297279132815188,0.352178973672146,0.888563602365367,0.237617245586751,0.711738932867554,0.302902222803706
0.9759961746957,0.726110315786579,17.1400978470136,8.74321330653447,0.855141541615824,0.1400150937759,1,-0.0124776093700594,0.679924495138599,0.505031296175153,0.29484080996137,1.05186155149932,0.248349290209226,0.824039997972733,0.257464919892314,0.936147264952826,0.323892265909412,0.278588557591862,0.504630153708223
2.01081122172269,0.792287852907393,18.2133498180286,7.8190987348972,0.279558723778385,0.594255403281497,1,-0.175645121282459,0.76895666332314,1.11134412862846,0.21421910345486,0.248847796344762,0.27315477325206,1.00791226336476,0.249296905003119,0.68737889401006,0.279919256392925,0.626288957795522,0.331580296385468
0.712836701921724,0.529797993250374,9.75996876394443,3.95018899475704,0.539990533919629,0.401422177355194,1,-0.159627113351841,0.617773082279628,0.367784547806279,0.327614046433963,0.874008691847201,0.234788006945842,0.572305857042756,0.230900215910658,0.546505531099324,0.24590607390203,0.354907349927451,0.257321918846853
0.158631790874285,0.553134338329509,9.66203517974499,3.9287764612225,0.056181611061413,0.543137553417343,1,0.243801868806571,0.465721654407989,0.402060862160441,0.291004677206178,0.541626767483338,0.213368890313967,0.438411439189746,0.256809113144728,0.913476086115883,0.229606115534378,0.616101020974393,0.344832180932883
0.765278575070332,0.999599289020313,32.2591030881577,18.0751969731535,0.908181216151886,0.107138112492729,1,-0.275884474538738,1.00151028231028,0.470082095568625,0.308242983294931,0.8570070137189,0.276493063053151,1.09577436323003,0.158368725663657,0.729119256355668,0.546753295577619,1.18114288605,0.402549925001276
2.13447109897099,0.723486658452129,17.1469469172133,7.76774903956917,0.316947779677789,0.749490617339041,1,0.139051181772124,0.382840767258082,0.798347778146284,0.176374026591539,0.0858590070987651,0.312415856980614,1.09043165819237,0.232512381448255,0.888524239467444,0.356733838259726,0.872283135015719,0.236968099416494
0.956867123542363,0.579775843407102,11.098096610812,4.57142608746891,0.198583558970166,0.367329581239562,1,0.861603796034285,0.77269995041518,-0.309200059785244,0.456296115325865,0.806738539585824,0.292943572734778,0.769207666492094,0.167718348783774,1.01280909468512,0.180311791566445,1.10699896966744,0.233651155120536
1.00929534734279,0.750806273847262,17.8530175960591,9.01348736295476,0.851328651270164,0.183178424502165,1,0.129727530106009,0.724451249024957,0.756396362743418,0.299137814905079,0.34494556392834,0.312374661574152,0.888898763229594,0.285725744500822,0.416354039135338,0.506274031970308,0.931672511250526,0.348479206789843
0.891843301910121,1.32170412789807,60.4351353534082,48.3758625622432,0.294478698526514,1.74127094670499,1,0.0735018958096895,0.614876448242414,1.05644357891478,0.343128924144527,0.826732486235265,0.580571100901956,0.861250966401986,0.574360135814645,0.527777226670277,0.579894218393067,0.788110973594481,0.467899411487795
1.96518775293812,1.19699802753571,41.5717633613166,24.9760286789021,0.00848521993516848,0.546964269310515,1,0.474034655134183,0.909651977470412,0.814147672289454,0.34900210921386,0.907137733824008,0.225913529941368,1.14573090815583,0.457490502009184,0.768187428868282,0.389236855349593,0.885752641519352,0.391071292911144
1.17504006352839,0.447778306830393,6.3724501517106,2.55683705546765,0.220015910503349,0.46284916385596,1,0.0871120249137137,0.436732622271623,0.0969137928718463,0.212916261550701,0.905378123562848,0.188631382776308,0.660599273061361,0.19899878421935,0.480476654001889,0.256723692749322,0.665156866042688,0.304011474009866
1.89463686948508,0.511185220414774,8.94979464918773,3.76788526581043,0.246834909064427,0.362105814013677,1,0.0224023080051012,0.435187274723242,0.602963536725896,0.261297686380182,0.978707846908161,0.184870498803375,0.940942058428052,0.206670813479205,-0.172689162190555,0.444105201255057,1.16043842731204,0.274146548813014
1.73378721748536,0.602700133747145,8.92322039884556,3.79101287454532,0.782199359433379,0.310518399765999,1,0.155461780517346,0.953416728747754,0.803494403116631,0.292865255629764,0.684696979711858,0.193992406261898,0.68567381102358,0.189848032922912,0.519620468898574,0.285054257473733,0.824497115551196,0.270623694319906
0.826707465267273,0.709815004071531,16.6514541657704,7.91621849250837,0.679995043681528,0.831479226648654,1,0.139352320787554,0.817280317161186,0.671161348870658,0.243994130102799,0.67889904597482,0.267378315442914,0.735945504710845,0.28448755728168,0.512358222809682,0.42195368854274,0.849857196669812,0.297695491443838
0.622791212493828,0.554628625009806,9.18487164649236,4.67443566940319,0.836691097980319,0.274177834915264,1,0.701170448290224,0.877788792754827,1.01394428221968,0.222511249319581,0.766211271877664,0.27538043784124,0.485428175248367,0.376618216963921,0.0982016232772844,0.589873441911084,0.804335758669797,0.194217627484205
1.32392269865079,0.695535538067814,14.0377322431216,6.63911363181338,0.310436208457962,0.747367507197795,1,-0.736832610266877,1.02140405371477,1.11344350275845,0.298016795816481,0.319323814722487,0.393759987616822,0.887404787488639,0.21393008467674,0.801192664518339,0.256949015086299,0.814773710038807,0.283566160495173
2.04695049238697,0.64676207876291,13.0153439722818,5.4597887278529,0.175862545202443,0.331027899775625,1,0.598413652250762,0.498659566780366,0.523708504552706,0.247766798881591,0.965346785482561,0.217043346567358,0.732053847087472,0.283121109876617,0.630308099788835,0.242205676124617,0.586274335315494,0.244002736042492
0.988210059364449,1.01326311289837,36.0081526211842,20.4559547584302,0.633603881313624,0.556180936249426,1,0.390406401858981,0.610350385317537,0.587294234520742,0.270625143536882,0.51913889716699,0.364404302491692,0.824117368148099,0.296184345511411,0.784556502683211,0.274611584369087,0.846227785812089,0.317370975135102
0.533131420387669,1.04785294200416,34.4581789631527,21.3321204946213,0.868908068241868,0.174334670190022,1,-0.996775845244188,0.969102949513561,1.01090704407849,0.374065328312956,1.27636657342041,0.348561743799816,1.09453354843789,0.355184034509167,0.989994918364857,0.384464915462467,-0.0183984666405946,0.52601463933206
0.83426491284746,0.670061118843121,15.0800644378725,6.26623847002009,0.490338991747672,0.820941096828298,1,0.436640739145899,0.646297278389227,0.106012365638965,0.350301363382233,1.02258658839848,0.210781326893127,0.950086990885904,0.224608988470198,0.803914247171517,0.274774266057076,0.612412064280108,0.278170223823171
0.904028819356521,0.738844250962452,18.0244921772104,8.30784219639574,0.852764427614377,0.149010260219402,1,-0.779773215902844,0.865554716992113,0.791554803627478,0.279668506814923,1.06624115756001,0.192581293511516,0.22724633565956,0.422496033467565,0.478673936492259,0.436206082681696,0.852887920992819,0.379503740310112
1.42702981446526,0.449288806753323,6.99517293040294,2.78983550627787,0.287514389625775,0.273245195854559,1,-0.377761760737003,0.417161241071103,0.6115062252387,0.1923935928403,0.714212706233795,0.182100912953779,0.882024417483638,0.144993910211115,0.678918064906606,0.296028353819437,0.448966090089322,0.305936762540981
0.0141746560293628,0.876691658118818,26.4162513051557,13.5427162985615,0.454242378654666,0.923859820776445,1,-0.83499620669117,0.836927187606661,1.2410750571571,0.235259347818597,0.638820894852708,0.333140588905234,1.12349605928628,0.317244318108319,0.837160001617442,0.300884517653251,0.668055881757249,0.476952194947007
1.54124002969647,0.623522428942468,11.5873665769535,5.65076098804085,0.442380283836373,0.529993225852254,1,-0.0690447476962407,0.610106203558409,0.767417726220671,0.27400446858404,1.07758216829625,0.286574480979339,0.565787778561813,0.236066018945088,0.885897257999952,0.255050868356981,0.341602915318889,0.439342201288383
0.92926909918403,0.519141639276416,10.2249441859923,3.79624960857923,0.48156812207968,0.232489826311005,1,-0.201048715958806,0.446616998257716,0.621054872576101,0.169063855494025,0.658770689903161,0.216422692185015,0.55220830980787,0.286497622569289,0.78451512472958,0.246547018818664,0.802906980812434,0.24747827260172
-0.348409625641175,0.790195670407246,19.7617757156203,7.67566342915384,0.520231040334665,0.524267201697471,1,-0.491057621404675,0.591866252789392,0.873350251710443,0.271701326644799,0.842454348886385,0.241161499091026,0.924474472238752,0.197647090468746,0.391182575152188,0.343146743271332,0.761376023796854,0.21262663931409
1.78183750593591,0.526858665281977,7.82765339714999,3.38658467530823,0.174258948421404,0.599528423754105,1,0.537816617255059,0.596640507827176,0.420836957332966,0.339513936378205,0.357400330368246,0.326385358908177,0.782542091494789,0.252458639264409,0.801336557383294,0.217866560226499,0.84415868289366,0.272831302778024
1.40982869159814,0.934816604216725,28.0733921774451,12.4494770355496,0.229944355331423,0.452337435861252,1,-0.197428096939768,0.51329513293949,0.802613106211877,0.19917184964595,1.2308682587743,0.188499166050307,1.02278969020006,0.246360757385855,0.559532249532418,0.455214991100303,0.931657458372993,0.391645905063752
1.422028818816,0.561151183365879,9.92597522778712,4.02192478696698,0.179170225610929,0.378979370071312,1,-0.607109449254479,0.318753183882471,0.641691210861657,0.197559107169484,0.76037554466443,0.165790331348525,0.679476072295234,0.280091924853933,0.20009377874112,0.42325978581223,0.494793703835382,0.301407315951058
1.30092466806142,0.691532239325686,17.1459907404493,8.83645469391442,0.46559242195835,0.424741083708135,1,0.0143998509928853,0.461349888327377,0.723893702869022,0.306780330397491,0.650259168509573,0.28224725288991,0.320847122653207,0.364601699034073,0.995536632373167,0.206345014071096,0.797299992419445,0.375750220933572
1.72105730070234,0.770335283960652,19.1768383982011,9.09756542720764,0.398564378330181,0.663303685594884,1,0.357822951147927,0.707052670743932,0.396355723232788,0.330396913602641,0.983130549868925,0.219383932014355,0.951870355070409,0.21505327009964,0.693350992053237,0.2725383494978,0.819750063392194,0.396957102522625
2.99272718600692,0.738673924267074,15.8936488869168,6.79940379218249,0.677645619886237,0.493190714173457,1,0.624034953100002,0.618929155829295,0.8930530320013,0.18512081380173,0.761290110062408,0.238426891752344,0.815886043224053,0.245273830316428,0.286625158025991,0.299069341211447,0.916067850581793,0.264503394884114
3.20796779367632,1.27236044844461,37.05853371285,22.9742371513116,0.226418252355546,1.02653828840167,1,0.940010233099236,0.882715328143655,1.16163009463186,0.472564068563604,0.79710038581377,0.348442252911307,0.57516120048886,0.488831149575157,0.926246903170317,0.324049443214365,1.11570894032022,0.414393340090267
1.65397165801925,0.950301916797904,30.3089717342077,14.9206918903908,0.347247318486752,0.738097566908219,1,-0.546299616181625,0.671620687987359,0.927713700765076,0.22753913217056,1.07540581475613,0.40513972463755,0.901458422524921,0.273991706811642,0.7613461672797,0.345890087910907,0.767296219826537,0.330677059841509
0.758704154704064,0.657581703843085,15.3705731869715,6.7661351403457,0.210812223797745,0.582465439705637,1,-0.00160575969732553,0.48012430194681,0.357785680994239,0.256158842289956,1.19859850626835,0.200848281503639,0.478667332930386,0.322087098940122,0.840657536265959,0.333952414688711,0.203776748452115,0.408894993089727
1.92822799708994,0.630590763526042,12.0359795349272,5.78870105952076,0.133828596963525,0.264295193238888,1,-0.00197983798426549,0.880263051722908,0.859949748032243,0.242630581488821,0.730443957058285,0.212205369358041,0.53556035666747,0.384658580961433,0.630791574189619,0.346354872911116,0.839035655174304,0.283018491475025
0.959858638402802,0.652577117887722,15.6506676765815,7.95060146547828,0.340598700448345,0.801977901977407,1,0.0961110847997484,0.506960644557907,1.12233403576984,0.220129693823459,0.856162138439883,0.235756217205591,0.94835888837268,0.266551095910779,0.999717338410418,0.377600685295565,0.851384557510987,0.322804047738709
0.677632574678358,0.5931638656113,10.9280106557337,4.31330840820059,0.546667586543085,0.524839334150953,1,-0.304653471790675,0.800382214365937,0.859357213681284,0.263888342470554,0.142299162223091,0.23316607281261,0.676117252049213,0.177447355984597,0.728695712598164,0.249877904273633,0.36664085167868,0.385092608571162
1.32556621464208,0.48139176737407,8.37320039932605,3.47035186710953,0.464477177734229,0.393473189104694,1,0.214969911233308,0.388574119552895,0.571588643774507,0.178780114529821,0.765739881245071,0.188313993383107,0.945586004314982,0.289830048292636,0.2194076256085,0.365606431610232,0.559486671772611,0.269401897393162
1.14561631472022,0.707588555218957,15.9614091183257,8.87460995474614,0.912477070137153,0.105894697907986,1,0.0276332502745305,0.870025116428562,0.980969198236424,0.299856396345758,0.101128007145377,0.41624321813689,0.482634918652015,0.32876241667641,0.913945719961081,0.126060573444299,0.742896214629,0.336069609626625
1.19270438512236,0.654698601695404,15.3446226993139,6.93317133792514,-0.0518880455906236,0.518517114451264,1,0.542675594415159,0.440752281765678,0.92573566094604,0.181481206233862,0.161896293871074,0.288203687840755,0.880226939845658,0.318355611732335,0.984983856422993,0.200112714299224,0.768555390809097,0.314814540660739
1.03951953041581,0.476281092881015,6.67668355706863,3.16010462752116,0.358273125990266,0.518875981941283,1,-0.0280228440672939,0.609994509278515,0.665214937706432,0.192482533690354,0.662192989677047,0.174824967741316,0.900605701546634,0.32579543274758,0.426781439672372,0.468785287202697,0.802838543709035,0.295275464673031
0.920242910481942,0.598808314278056,11.7074035661678,5.76308236344422,0.672964834117137,0.427922926621505,1,-0.139456525754377,0.796864444226278,0.706214218047233,0.341728695874207,0.520834085980531,0.298604680971845,0.921640142177531,0.235025487563177,0.110745884549847,0.317007322025628,0.328037785255343,0.391799657713364
1.22464251552233,0.624893376487641,13.5519075943718,5.61524294945741,-0.193876835914091,0.276170902044404,1,0.0706115672148032,0.729467717052976,0.992696992858373,0.235860278341647,0.366877835474503,0.244749515732275,0.957445228682331,0.197564085878195,0.648635896980177,0.191556027671519,1.1335573669685,0.214048296049953
0.217240557690895,0.522480410683063,9.12382919084004,4.61969928730823,0.675519264268044,0.354596147918185,1,0.112421608408831,0.538360411996023,0.503333702112717,0.290200372127436,0.999506357183016,0.128835400033431,0.411422158796073,0.365053278851618,0.834318774485378,0.290187045167833,0.294865910590133,0.251836213160216
0.187823620990996,0.73452541637329,17.2892160474424,9.91268766606281,0.0513360743080285,0.350766699259187,1,0.00239256709875598,0.678224725638766,0.409465046207102,0.288303469548478,0.699860385721302,0.228197495416011,0.692392952267804,0.297975824265306,0.521329948301959,0.362915158830512,0.701318437635179,0.299942840748282
2.69306262034396,0.82391100604556,18.8328469657889,8.87192207337754,0.603508184003546,0.582916900012102,1,0.843053547728998,0.537967002517193,0.959904322851118,0.168102146043636,0.496981868344944,0.342883855677681,0.860625441124958,0.3725735514549,0.682324136344263,0.290432331085573,0.164362295783437,0.325287913028837
0.896522829618025,0.820186991190519,24.0594890321429,11.5552132199786,0.376788347918979,0.5636569051008,1,0.457011977264034,0.599901356784135,0.592289055523885,0.230203147367246,1.12279268256783,0.142418119083779,0.577178834179126,0.369168703453644,0.532606796110124,0.294728570529173,0.590195167563153,0.37912595548968
0.627647604832967,0.562443088865055,10.8726278562312,5.31702370353285,0.767406936596648,0.286046022107248,1,-0.00765907709429263,0.550164074740476,0.617888411998206,0.211436804052032,0.758213046190579,0.330072452324406,0.966013361852833,0.25143740857183,0.446413519359112,0.383459041984784,0.308995853592738,0.25732640868946
2.19074946508376,0.718866477863937,12.0646735021707,6.95282926523938,0.956745177020633,0.0603977840072761,1,1.35661288168825,1.12200430826717,0.739434591765662,0.337168024519919,0.733121899547516,0.473360908554639,0.374377401679448,0.391136968883948,0.805978348403267,0.255439796633167,0.726833940267702,0.218595884473698
1.43981489483836,0.605782586107979,12.800651879318,5.54959462151075,-0.099353335497874,0.327530309850821,1,0.33618517954737,0.515992452273668,0.764524654348248,0.20243575715835,0.113472684032857,0.357225686810303,0.701419285202986,0.280125227104651,0.236322644827597,0.401418411376852,0.3580232257522,0.291358382609606
0.736061817752885,0.570894204536137,10.8358694681524,4.88952124352541,0.482721367341359,0.51371935986183,1,-1.22772002279567,0.644358488419641,0.778107882047889,0.205392241455902,0.496636041349053,0.324709330444103,0.532735749567752,0.253679453015212,0.799845717078499,0.260592106969313,0.775378750817965,0.263922121832194
0.398690561500411,0.718392772915804,16.0909933869538,6.69773704090151,0.391937272734564,0.546911894266718,1,-1.17115608700358,0.803386498268817,0.990527545303373,0.186305567136735,0.947421718896392,0.223414056046505,0.883835238015776,0.253191536030883,0.107432514788481,0.405675767269539,0.736196022177544,0.306131340920885
1.50558772965547,1.43874557714388,67.7911014575515,48.4734964935606,0.329610235519487,1.45000051412339,1,-0.265363075749068,0.783698355834882,1.19707807747734,0.243874753334096,1.14879078923967,0.516595929554502,1.33738763125869,0.368019825845058,1.29977933832307,0.360507218179215,1.03998677404266,0.604221779551797
1.63347660334098,0.587979056116008,10.9791192925246,4.8763295787842,0.45553052817359,0.499399421709671,1,-0.682097613441264,0.555249030441869,0.680140031041617,0.221343374203932,0.79254863786332,0.188662616267794,0.612823198587412,0.23699555224701,0.57446107790213,0.403381866756208,0.379064736956525,0.341197280290963
1.40464542830898,0.686054895751239,17.1856710872578,7.62366825376513,0.555672315964046,0.473408715261566,1,0.0952562969298546,0.457718950109578,0.713155697606011,0.171609794214831,0.834439610477086,0.18348617770652,0.665028491062712,0.255935669648171,-0.018309670800525,0.404701514420781,0.949860199534574,0.26977550619725
0.73892229940764,0.822350512457474,21.2372486283164,10.8764777037711,0.670717238017836,0.679588591642171,1,-0.218217731845752,0.946972057966097,0.798994595076119,0.245029571471313,0.9194096602409,0.214043224679659,0.523237673707895,0.33078034317482,0.812156361398674,0.368590171535993,0.368371743314881,0.594457036488467
0.556994807771883,0.811180807214303,22.3036912795787,9.90660638339219,0.712480181220384,0.40906609763314,1,0.5519255038788,0.51225715182112,0.76572066175236,0.209162604126265,0.613688118485724,0.314423643266669,1.01148758562577,0.24750668707436,1.01034253066651,0.277966413716559,0.745812816570242,0.312993101900803
1.41357775043796,0.887162821096892,28.2513527667589,13.2500031044663,0.839236494839597,0.16734195135196,1,-1.25886856471646,0.918215925990565,1.21966808785787,0.274238087486205,0.897033790136054,0.141496010595815,0.353395498338631,0.289212019620724,0.40268697707075,0.410800312720836,0.981668979724873,0.33361460677813
0.609945700557582,0.564712912089328,11.3398864544948,5.38195135950096,0.790835004913359,0.19239262071988,1,0.312028438014779,0.451147602508021,0.663323461597298,0.29813003317495,0.796014503146766,0.161459351070459,0.571145381025391,0.278092656882754,0.984989885771387,0.338488788999645,0.209764725646443,0.514182217074734
0.925738143275223,0.712613412733937,18.4624743679184,7.56342469556124,0.220493629851764,0.573697086178986,1,-1.30692908610042,0.577443402892918,0.973584944313037,0.189094785428593,1.00666152589098,0.18834101377615,0.778860518559598,0.24543550055281,0.921239201573389,0.254106928967224,0.853429603237366,0.266439858543662
1.18319009780671,0.671728822793612,15.1617485115148,6.58562731797606,0.355120869384823,0.584463031622647,1,-0.0784612212085043,0.961049866541348,0.499296222960226,0.369786960811158,1.09881988043509,0.199900490086676,0.560942351437346,0.288963162784396,0.960661072575651,0.121239160944314,0.90281090944652,0.265580330218103
1.92878845612247,0.972815795604937,33.9423516072351,14.161546469383,0.931140331748356,0.0765820865174794,1,-0.877135052694555,1.18811897616729,1.15204439734774,0.266162696671772,1.37477869286783,0.230951188807626,0.972355399642288,0.199362592962522,0.568576198878763,0.356488728744497,0.933174928087586,0.203422360515841
0.508658152732186,0.60940795283432,12.2567652860541,5.580943273612,0.838100552158424,0.185392435020207,1,0.431605991192376,0.771860649078444,0.678165384963972,0.208041862427924,0.604448882519925,0.300235268187654,0.618229120014434,0.283032555396818,0.684270835324375,0.286766334335159,0.512830214076663,0.332847856824577
2.22903564193709,0.774489901896972,17.0071495376004,7.43724962538201,0.885513530490496,0.151217519796719,1,-0.514459146192588,0.877541642379469,0.955117319905508,0.220866721957625,1.18295851757455,0.238575362283735,0.604432703551615,0.257055813082258,0.838890479133642,0.26991402550645,0.471264569212609,0.409302928812158
0.830256995057446,0.758569953956085,20.4824437749543,9.16355162884311,0.333236489022324,0.866927917074636,1,-0.393389059581995,0.859409929800486,0.550586120587177,0.376499666621826,0.915508367935992,0.141803880526037,0.622089777556575,0.23938876336886,0.566130128042361,0.268508434282689,0.78938695668468,0.273015575955973
1.47006857147039,0.503390027596551,8.1226790872348,3.14511181956906,0.612164399807253,0.393194589419651,1,0.459744383225015,0.540469005774442,0.506404499838207,0.271356302250802,0.657004311073427,0.195718958953733,0.526161090236886,0.204688692332387,0.61802901057407,0.23633732587919,0.79710759783637,0.190497610237474
0.702004602426717,0.535274571796564,9.99600033906573,4.04333495358106,0.521892339243143,0.630179744225999,1,0.023699505467529,0.551509256371228,0.800183037040648,0.215783612480829,0.455914885360701,0.283098457031815,0.626534623417485,0.248209508151092,1.04765482316508,0.226741235158313,1.01290749545606,0.298281881937917
1.43814792182463,0.604382367425559,12.3905360205536,5.30537685155364,0.457197119464902,0.355227368853027,1,0.219440815252727,0.587557634274654,0.923286077968545,0.225115328018069,0.152338178760293,0.390038974834821,0.489725182499754,0.274754854280761,0.975918755379513,0.203982035679614,0.341387019329878,0.270859902646223
0.935653759534355,0.778379010186435,22.1360781452332,11.1381485432341,0.289381099251767,0.572957508534569,1,0.475871908560389,0.511621036537172,0.691135153504531,0.208367581064404,0.20470839553388,0.282943785524277,0.852341124944547,0.222701392789482,0.707373173301258,0.339785440864372,0.670948732664342,0.459239149174603
1.24152256038578,0.891817069862413,26.4633141383041,12.3129710174109,0.0356655079030994,0.815750215023142,1,0.12510502322061,0.540246296205497,0.788417806383162,0.218907638888316,0.759378666562387,0.29378731851341,0.859709613936803,0.296044259694139,0.801587214096755,0.32746877602103,1.07687565190634,0.308458038557415
0.986806484509929,0.614872764490646,13.9119881249736,6.18134702354295,0.313187029080254,0.540206450386788,1,-0.247306449986497,0.525503912135177,0.966435952704686,0.216564080381983,0.157659225900525,0.292361617720951,0.394680959604202,0.339159340915595,0.670212444775198,0.228388231737125,0.870465241256497,0.313837976220717
1.63378597094347,0.491797328624551,8.14086935306542,3.12354658033031,0.632435952560601,0.350724217457061,1,-0.057162877883709,0.496193691705191,0.928566418592274,0.212722227453641,0.568673461835392,0.248237793827489,0.833274236971011,0.201311875463702,0.335964324586478,0.263017832037139,0.216291488007472,0.375049354255556
1.18896624109986,0.938783591331199,28.1540023031879,15.7135101030143,0.278071182678223,0.839167642573619,1,0.976107161608796,0.789370239593404,0.952262235516758,0.296661287833576,0.81584235905683,0.378254000711375,-0.0998447402871294,0.327820083543404,1.2662632930842,0.308169973433991,1.0053592757268,0.343158320218364
1.35924715334425,0.578622980287182,11.0073413042964,5.20476851595179,0.566773944227963,0.498979974460598,1,0.546865740480721,0.566119105720174,0.749464293438813,0.223069936292897,0.31448208581269,0.33052444640361,1.05929209979774,0.242930123236189,0.713773232895307,0.299895365658919,0.698048994028448,0.3495612484498
2.28133027701007,0.692183342280565,14.9902006689694,7.6309243289803,0.24630981434809,0.41694918377746,1,0.588861452064197,0.509010489910153,0.504406649965425,0.347192115845015,0.949961975106334,0.229856747995396,1.02194826072998,0.189165824243899,0.850219671715733,0.267912951420955,1.16495802538316,0.26418234144064
1.46329790166168,0.406201259049069,4.68447548104773,1.8564438314982,0.254828207483502,0.426597757754312,1,0.344012307331176,0.606581706054444,0.369012355058752,0.248718420582931,0.765117342414416,0.268068520554434,-0.179565396306305,0.408144227821651,0.292286884054733,0.277638946766378,0.843861259935851,0.222788934372369
1.65367627905578,1.06470984499163,33.4794615662341,20.4405595569506,0.736945713914473,0.658431747664754,1,1.30952478888369,1.09009133659315,1.03063730984554,0.390216152652673,1.02982066296547,0.285666443730413,1.12432391172366,0.25270937695529,0.166892464883157,0.641478333388747,1.02753600113392,0.426368725925416
0.336773182957574,0.797324016673021,20.5288595660664,10.8106331373565,0.380450269601698,0.570615592822853,1,0.520714177811591,0.671804588930013,0.287237072688597,0.349556088473678,1.02744814266546,0.265719382834575,0.541758245659219,0.269003400501933,0.887554404473862,0.262967101911427,0.832819243376972,0.359316678735906
1.67654163197561,0.74125494900663,16.7838301808773,9.22663113561725,0.839650680465826,0.195258531462607,1,1.08126948026141,0.805415567331766,0.412970236750563,0.232394032477343,0.898354507933804,0.207392089225931,0.529442930591088,0.435838005758698,0.13026350032183,0.495701223146561,1.01383709113832,0.278102833297522
2.34783896600906,0.72800220066835,16.9055881026152,7.45072810016365,0.781053508928851,0.243871504139931,1,0.300520427491572,0.697946479938997,1.03587691376411,0.110969888326514,0.759767174165737,0.262096820731987,0.814499551237628,0.256730983158296,0.960834015730076,0.311491963735917,0.958290144517869,0.313381858590212
1.6695746711094,0.968810192079838,31.5932898851775,16.8547636150465,0.443308321149395,0.775606510262509,1,-0.222704501739312,0.59509254691156,0.630213103306409,0.310551123456294,1.03341404999075,0.217665043937014,0.94940670742981,0.316484776078442,0.438041221671427,0.305054025771289,0.853055126943437,0.296391314199191
1.22128215648297,0.647429358467336,12.1616694560995,4.71286917703293,0.542093860096925,0.417412311482082,1,0.385360252255123,0.914442289927988,-0.0809263415015301,0.464540851404369,0.936514120643381,0.251639196389482,0.285768828079082,0.317292672334637,0.793933800057016,0.16422722702662,0.729710234866709,0.180854944053156
2.33867243341524,0.744878347262555,14.4357847928216,6.9725707582434,0.904995760575501,0.101933096965469,1,0.825635288702536,0.853149429005411,0.858759505537298,0.289729838310206,0.411774225353347,0.401823451162083,0.70542654408711,0.218659381332809,0.938545878896668,0.316798862950044,0.690745890393504,0.36153446428351
1.77352061215591,0.592310164411375,7.85659630402328,3.78087342971257,0.925475098093286,0.0847362255828589,1,-1.41610525183169,0.980456600111472,0.990704201870426,0.21732947620429,0.636216685334899,0.259391342631035,0.475574597041958,0.215431651062919,0.703000982200422,0.278101930702989,0.520745283843464,0.205430927327439
0.432139126460468,0.566886499645764,11.0344069948102,5.9294860402401,0.578548092822989,0.680429290434029,1,-1.36254938784975,0.573573962422103,0.975798374542851,0.205437917778979,0.286924323180118,0.192287866296827,0.496926780670468,0.287980236208903,0.149774336888141,0.499788053752427,0.207332211271217,0.51217597784871
0.43202308768373,0.585329238397394,12.0701969912286,4.55082015788734,0.481280952545692,0.42351555392077,1,-0.263090714624771,0.573799035357714,1.00188744230395,0.195485522618869,0.576038235481329,0.277748953204656,0.670161708009031,0.306338819958092,0.96150906041763,0.25052032697013,0.986215135202164,0.341882139337437
0.283272730170309,0.589952139318264,12.9786352005212,5.37907879771452,0.672890220195364,0.259758377371711,1,-0.273060158043431,0.461213829433718,0.974246233718933,0.195091318695979,0.559947684429734,0.264809929844371,0.908904463441942,0.204923865155824,0.500253272196575,0.32925051957888,0.355914154265246,0.301603025481957
1.32110693403266,0.607839220092998,11.662711836404,6.78288429568948,-0.435174711579378,0.265552335415952,1,0.637017710244543,0.389789630239726,0.740411608270058,0.291557780007299,0.810443199621175,0.291224885558611,0.892603611072512,0.253202236674081,1.02484556502559,0.298759907730221,0.434188920192139,0.49793697203704
1.56407196684594,1.03561797251167,35.6867430675084,21.7694801501359,-0.101302460304081,0.47951651587763,1,0.43802803493848,0.993460137373919,0.687578942608916,0.440929851129468,0.871795396824879,0.243332956867066,1.24122727042297,0.373557156957854,0.967608001254858,0.27911434079882,0.988944753867386,0.290148566052167
0.280941719006694,0.80375249532348,21.8471081284172,9.67694505262324,0.190766144159832,0.421386603524644,1,0.133339022165587,0.556550168597595,0.783526290445748,0.203888930573039,0.813104478708451,0.261698506283587,-0.0270362355548055,0.4728189461528,1.14340204729081,0.155959075853826,1.10184465518016,0.295613382924283
1.06952129345809,0.665936972872895,15.7982074658364,8.10514502662201,0.167435898403183,0.4620933389341,1,0.0209493705784323,0.721158835007548,0.629963590296543,0.160844701802025,0.608659426922423,0.384424869060391,-0.172413833340706,0.600765374046351,1.04183133416592,0.336825956688496,0.4106986828371,0.338567674489949
1.18774197057533,0.602973615092568,12.1305778187004,4.68850482708095,0.838141615089128,0.153697593442888,1,-0.0481267168040386,0.570896369828607,0.791877480718322,0.253569880791897,0.536117000231166,0.326243450639601,0.522060133238667,0.211410939325848,0.941254752760252,0.227483663084267,1.01326808166172,0.242869137595607
0.674890490629232,0.767178244587442,20.727541757615,9.64585999589691,0.0768153565159906,0.295147214148344,1,0.0478987643064296,0.540073180884031,0.632901402198914,0.207877466910044,0.984647208773752,0.189477722156275,0.557392751122981,0.363156825280072,0.495638694171928,0.374471611481504,0.976712830923188,0.333274181616253
1.4367403237434,0.816533902581095,21.8220496118512,10.8270717092141,0.682906308358729,0.442301459766102,1,0.801095128656468,0.953315526173817,0.864469605174478,0.284045271931751,0.256365597664987,0.450778133969085,1.05759770337853,0.356828434620963,0.909731225656683,0.200232488026499,0.878638897525871,0.236625277997111
2.20697635421261,1.55107079479811,79.802413566605,55.1945259948959,0.627388713494351,0.561584697997367,1,-0.1779261061239,0.638119542737093,0.299119432361658,0.394437909785415,1.52563480701543,0.243495920332873,1.01932900530319,0.424834865829072,1.47846541985931,0.209794029538852,0.836151975731801,0.488320119447649
1.23581758105524,0.463668421908363,7.27481138108348,2.75189734266615,0.598535111041923,0.235709971580643,1,-0.214326533477452,0.470719204813886,0.509804664781121,0.208331740301078,0.729124542595063,0.168428324545576,0.427597507852481,0.284969224466317,0.773510887050194,0.218319115496661,0.116311119484422,0.321437934602327
1.90229314875461,0.736404059334418,17.203268837876,8.52824489475656,0.140387713975297,0.591148406996012,1,0.421460496026825,0.663882761569693,1.04964410972284,0.263343236196042,0.532389600740798,0.307252699209329,1.12063350280102,0.199306404261254,1.08825754098476,0.289228944045635,0.609471659178117,0.289141609227534
0.584766401171172,0.396584538705328,5.06480899434711,2.13337155463229,0.823739053538545,0.182244169972788,1,0.218960938559954,0.59182362564483,0.487598571139062,0.265239771764631,0.81171755915985,0.231961548839874,0.583375872246435,0.354293010557594,0.167897379715432,0.402839556546136,1.05320188586412,0.234848022897438
0.424577516805116,0.769387888877696,18.6062313442801,7.88922330577731,0.4703845552567,0.381932174436985,1,0.32410067476764,0.674097621769983,0.406016651947328,0.282146637579651,0.461449631672005,0.306170355895419,0.944539412944153,0.177820094419283,0.636476664354158,0.347368489379006,1.11065266214905,0.268018248545968
0.7852328422288,0.566809867994592,11.3669948223772,4.94830282326394,0.608572579039522,0.504664315897058,1,0.684653493262512,0.49441854123476,0.314385873144027,0.339872020724554,0.982192043550007,0.259066728396887,0.365692899478666,0.240741882019463,0.709805451832366,0.244359985916335,0.913397843254878,0.286184411937573
1.19630146622407,0.66626203120432,15.7095311243196,7.65163157560281,0.479400747148653,0.497993517510588,1,-1.19353829710318,0.719666680627004,1.09236680860769,0.261192417256285,0.769644183792796,0.250151356170189,0.766892642663795,0.268921628796484,0.492279148752506,0.314272695454277,0.326970952971828,0.355425232387358
1.92807868780902,0.569116982426732,7.45372669908933,4.1584839237511,0.229635155633494,0.661860538971517,1,0.530558619032417,0.556812850955727,0.491836756043509,0.288901770828589,0.657678346217972,0.268619264242451,0.667367724580503,0.166738171628878,0.958677515794609,0.346031236985199,0.361872198754564,0.523280178833844
1.46097202982701,0.660476727894088,14.7448994432462,7.08123913006952,0.773313828006752,0.167219491016066,1,0.676882167288499,0.533603536239782,0.265587629898203,0.260696513314781,0.892582105881386,0.1552410361507,0.862753937831102,0.260685689459738,1.07521838628143,0.350267425108253,0.270922737103198,0.580257068770955
0.87011285738871,0.987309706228212,34.5310635110937,17.2585207778843,0.372659662416068,0.758883654112409,1,0.0481642519222098,0.596205361328043,1.09896067314443,0.22457093667928,0.373073764113694,0.41125742645354,1.12460011168586,0.354585636200319,0.479043706775681,0.483947468556249,0.944932174014571,0.290005216877471
0.401608690645726,0.870306018958908,26.9421063727123,12.8370498474801,0.265065448516075,0.876981906110266,1,-2.00985664452573,0.638387660410329,1.17087810891024,0.215786087041904,0.954634894149137,0.247607044825758,1.12660070369351,0.315625119335281,0.520608940826559,0.438090452357671,0.430284424797533,0.482680393997519
-0.468829015803284,0.812919735732553,19.9195127879424,10.7446802157242,0.11757263903597,0.739277239034307,1,-0.622714533424178,0.668649762562036,0.664600140768095,0.268487332416973,0.887986993744024,0.218041204864531,0.390323558760547,0.437226076299722,0.570482555267477,0.309984825856546,0.156070946172649,0.626862576805594
0.849516839414267,0.467590770633091,7.87119028287443,3.73746473552358,0.0796320574286066,0.354883639746985,1,-0.0930560774901041,0.538856342658112,0.728373436870943,0.236901095585629,0.662061696654595,0.274322399195002,0.442870693725675,0.336736553274389,0.901415130445062,0.18287152453474,0.703853280981778,0.211327157993386
1.38752575613649,1.17308993601555,44.042837228617,32.2523818389304,0.922530279403804,0.0958095524004045,1,-0.849683408586695,1.10623516552504,1.31016117936038,0.401877925852466,1.3789393005686,0.451987906229664,0.526612284866287,0.44541466179907,0.989842379445058,0.520010473197465,0.974931159759195,0.39193685837729
2.26095549272221,0.670499181889926,11.9480954819573,5.43776784434518,0.877280635929494,0.109940775310392,1,0.74386215924321,0.738518335198024,0.499811874655937,0.23885354973683,0.923852799031983,0.212978951098984,0.857777516930517,0.232793517350628,0.537785508625595,0.182012543647056,0.0296911446105291,0.479919540919226
2.38203546304047,0.876530975928471,20.9982742776955,12.2966272816547,0.584097925057168,0.522404374922995,1,1.89576784126561,1.00920956454616,-0.190665809750916,0.435977588243752,0.657942598601326,0.437227020977142,0.889723438029231,0.219745326684747,0.738223820008905,0.224262115507208,0.718687537456874,0.256411129160847
1.46772257719542,0.693105853328273,15.7894784145935,7.30384719118447,0.581344525213865,0.362703724000668,1,-0.536111780443457,0.756068034969467,0.64457872468449,0.192657336451601,0.924260147913761,0.266471752131254,0.665778810828342,0.313259707209053,0.847120240378547,0.242486409608021,0.860890295410913,0.403301965367907
1.95631365935204,0.826286634972374,23.2031308713937,10.2129065012946,0.374524424071065,0.525109283122906,1,0.182825188059592,0.51891596086518,0.188773402397114,0.255089393276859,0.95825084263822,0.173582507917132,0.62558371001731,0.307429518386952,0.802397533834457,0.323511552577087,0.680823539992565,0.307108026853012
1.42957180126558,0.767642776904214,19.5325217703336,11.0324815046302,0.753342426857437,0.337267307924018,1,0.0326092606967431,0.470212403338428,0.894170169145503,0.25162438193691,0.854724909815873,0.28922112600934,0.84466395732491,0.392445401407666,0.357475700891261,0.501068771306399,0.602732334223358,0.300952415781022
-0.770957816830594,1.12173972572711,35.6375387372235,27.1631422515423,-0.338562054486859,0.378134444384693,1,-0.0338098846073092,0.713035753443493,0.584131567639739,0.246198939850251,0.661547205779611,0.342812855719521,0.840546506401927,0.498581080317905,0.053558644754761,0.688554162109869,0.510381668209307,0.711932518675296
1.24862558902433,0.861547156508432,25.9813821110594,14.0956894081696,0.459635133376229,0.526680092765451,1,-0.0856315158983955,0.739231283016554,0.842052379709208,0.3194879911095,0.850562449780703,0.217917695596646,0.718311471830594,0.211007224879693,-0.644733207513718,0.955483587029682,0.898149245092094,0.476018623277937
0.953934205596004,0.783797403573782,22.3937677059916,11.5911052074374,0.445363540356012,0.599266524999182,1,-0.133640540320179,0.707802793753309,0.872790370245311,0.383853995072645,-1.11552710356076,0.97959950525105,0.276156960163082,0.445210744719806,1.05642712437986,0.15041887450939,0.7299601312083,0.191270381175572
0.564671427097706,0.717323694730404,17.0332711686704,9.24499529242775,0.800286489220557,0.248290609952468,1,0.76340598447841,0.573012147668795,0.875988303763026,0.290542243278473,0.860561255708477,0.310272772341877,1.00720131452019,0.352826015993868,0.950938980757711,0.401812889250025,1.06505036201115,0.403009001514491
1.45033145296549,0.814267576120783,21.637490709603,9.18078355910195,0.159309630437854,0.770889565258841,1,-1.46232370967493,1.09231218285738,1.06588333371737,0.283811668180567,1.01528986479729,0.240694637576252,0.776143022391863,0.287549300003812,1.25408671477438,0.257734107756818,0.949043538925193,0.27614271282286
0.191526761169114,1.23139873251642,51.7490189032408,38.5432031674486,0.891929227686811,0.315129607183752,1,-0.326164171962644,0.975543646370155,1.17283728316736,0.429126963758509,1.09821312289902,0.449519849928387,0.878422957501887,0.371268193327341,1.19814658743764,0.477762978671008,0.347874161622159,0.713076152557854
0.991248758511461,0.68181229283579,14.4493839507627,7.31893836929736,0.241610912450947,0.770824932273758,1,-0.769231014275875,0.585548587956351,0.550954435006136,0.175620520262146,0.477872273769424,0.222348527904828,0.963442351268935,0.324980050490013,0.550544271253386,0.43264505802071,0.416208308179753,0.303004487038158
0.809431932108388,0.535377893307164,8.84999680551108,3.66697224867425,0.281471037340489,0.327826473470472,1,-0.441595022891793,0.617641762595606,0.51979437775476,0.221319567904256,0.586516984454857,0.26700960956606,0.91287789579002,0.190210559646815,0.545599053304404,0.264760044664233,0.768368448102803,0.257649560870604
0.363641221108832,0.880510966687103,26.1810358016242,11.2481648882233,0.83991060366778,0.17820262783447,1,0.81562781699618,0.598929967294977,0.610160187644387,0.402515112540548,0.854373621881036,0.269752261505351,0.752043762391895,0.213622346901488,0.49015352160051,0.279015549823631,0.992008033109445,0.210695308049126
2.70237681105703,0.876921799259155,24.5667120026312,11.158421232177,0.498548270750998,0.308680647629687,1,1.53477707599559,0.711757764581667,1.02689465701901,0.252396861721939,1.07766471389843,0.188352615313444,0.860231968007388,0.210524642140291,1.05365628208822,0.18820031162349,1.0501032902914,0.303304301824999
1.87214970047929,0.94412486852507,31.790415058089,16.6093099214257,0.557745203885634,0.716512140823417,1,-0.0416917924026984,0.780550561790907,0.931203828308436,0.365524032637812,0.486682249853065,0.223579370151232,0.899637652369209,0.276348753089082,0.854703735106263,0.285155795193435,0.964650662576075,0.263980717498269
0.283667460958349,0.620332871128109,13.1009636570892,6.62069531212114,0.783028871971354,0.273495910714501,1,0.0415574809762032,0.677469200383008,0.396477683441414,0.318083039472627,0.843346259057609,0.204291536369388,0.667633552230751,0.256157112697147,0.740149233059889,0.24408772560398,0.848495857336196,0.330311263894231
1.59835860360813,0.72116680040964,16.4676894209237,8.33547861194132,0.628205966303183,0.526798437147689,1,-0.447425224611867,0.712369594232588,0.916793609287595,0.32445703240479,0.700900330703558,0.32494958152609,0.696000639040496,0.294021054218404,0.322499937735804,0.353758435218366,0.875516246760107,0.236857942670317
0.167078240072164,0.786044758516398,22.416786489882,12.8353977885904,0.456617237154182,0.496573320432366,1,-0.678961165016964,0.356270674558884,0.851473888540976,0.192443261774352,0.667397436056639,0.298817228670606,0.916685133004543,0.457882106412946,0.332425502206244,0.646773060489701,0.576009790761059,0.462665835042495
1.38634379060059,0.568307836161997,10.4787875243433,4.73636158853289,0.334453235543403,0.476628507454198,1,-0.461348428324673,0.49228169744927,0.4497985486919,0.200636800240721,0.52475562937493,0.224526927329033,0.715401840918396,0.235412464902175,0.540416129807468,0.273003717045443,0.776203992139249,0.334448417885143
1.16355459049219,1.03780909254825,37.9107316040558,22.9561535074543,0.317805184813696,1.13011966915926,1,-0.325811147405264,0.651394967462334,1.05331910756492,0.363678903418236,0.506882309875948,0.363425927974703,0.806545205550848,0.382251951192675,0.729087946967906,0.292501612889622,0.53895546012218,0.409310403768574
0.46254830788152,0.712626411307153,14.6973392927464,7.75012791105949,0.944053031006148,0.0514420323311486,1,0.546611499390814,0.984957789993291,0.615917664823382,0.286259951293028,0.406152423672074,0.216054549934247,1.15207459745191,0.292986868442105,0.802183368657007,0.295057687859315,-0.525984077901675,0.686611725192078
1.87274000724205,0.605844724842492,10.9203668160324,4.48891885714128,0.289416102614107,0.480030546092712,1,-0.145760449754621,0.469063945543339,0.766005690802315,0.119146168051513,0.670324954320358,0.217455102194767,0.690754725898804,0.201175936154383,0.536479113507001,0.304799642168649,0.703205153794781,0.357681051362106
0.97692696595186,0.474835540302555,7.66098130216505,3.27807199274709,-0.208066026648817,0.337566994302121,1,1.35378820950975,0.597188379584017,0.702751380050593,0.204682711209714,0.681737722893795,0.182152325243585,0.726994956050571,0.283637289851807,0.656036770273448,0.25855597968388,0.287439394294553,0.382963153260824
1.21851473644212,0.734390170766568,17.5896700322413,7.59795637789762,0.673322102756559,0.506001785920032,1,-0.741414786973312,0.952205208081864,0.806760421554553,0.356493397372121,0.845706709984896,0.282218311999832,0.911997642764973,0.264895938030538,0.892445280463152,0.223763514527455,0.88109080794077,0.298560037528886
1.93396805763151,0.738736856436807,16.3443330632835,6.76297903220061,0.0526246338937752,0.289718072065901,1,-0.0823884016664408,0.79884751680699,0.822873424165158,0.193729405230548,0.312547451302528,0.378258118681463,0.62769161732434,0.250368564049932,0.929334948840606,0.199446134634826,0.896411121381173,0.319833407929336
1.24952165678795,0.611603719988338,13.167586886638,5.17969731893371,-0.101948138195549,0.295562328799713,1,0.391861156844163,0.420640924684802,1.12600198371777,0.144162152599067,0.728560172457921,0.283758584670155,0.539267757362771,0.452140828568168,0.870625719686984,0.337426278858933,0.940079239357335,0.243632832000792
-0.284618183928217,0.50238762284348,8.54676339850236,3.81631111870324,0.173227047714065,0.554110322657447,1,-0.735188420018438,0.418391961297109,0.798838542001234,0.174439597332177,0.608580984008971,0.312406865739997,0.858001982255426,0.231211844832131,0.666504661409078,0.282521545828368,-0.375216417843695,0.553861833482481
1.98042844114102,0.562842647558925,10.0272410548953,4.20998259370745,0.87582975793565,0.121479590886877,1,0.786937474156247,0.696537834008594,0.457004701900607,0.348395134801299,0.939704182213561,0.213135928642589,0.69221696844607,0.232050113413297,0.773516088079645,0.220698483606,0.865401389307092,0.210211822537062
1.44639091157495,0.541585800299135,10.5122582096705,3.8475431214572,0.429667808822638,0.471966031592594,1,-0.312250096689022,0.441443357389858,0.671170418567582,0.172532361778499,0.725223346519644,0.26274100847528,0.865553148345569,0.183028956858042,1.04237132430082,0.192665577399197,0.595008734067873,0.33335326458022
0.255013677202448,1.04901363751359,39.215026519505,25.3775641549834,-0.321632681033126,0.409991269080887,1,-0.69038053584223,0.580870591571892,1.26138982997999,0.26233924521638,0.821194583620281,0.371954194098166,0.43861590961384,0.514340043083998,-0.174574882546784,0.58596299125591,0.833955639622504,0.278631564957925
1.89148104604409,0.729857721311408,16.1989171327993,8.64109685490506,0.105935522908471,0.525460836533679,1,-0.136880542484446,0.555604851607367,0.480279974994701,0.227294171474672,1.0364351630546,0.295564572347921,0.384211984452043,0.369552820503478,0.143582033176165,0.378409108481609,0.769248690341356,0.313626700876745
-0.0181241189200175,0.796759411465268,21.1137766889111,11.9228500133903,0.716313410255026,0.522884310300198,1,-0.463599180778079,0.658958066320636,0.841137814791703,0.248887848481324,0.608044400764144,0.219895908315722,1.05327002158328,0.284565920917541,0.475047985292367,0.372781352737496,1.11261230012227,0.332538914011304
2.54335790331109,0.711444329139138,13.4181746144674,6.21383716019803,0.424153956544722,0.529212676959231,1,1.28065967923073,1.16784520155869,-0.0911056398009387,0.664471409707354,0.826016564315074,0.229186625919892,0.526895335783859,0.172666394617169,0.735825948198066,0.327921640871959,0.971320431650345,0.207822609016276
2.6488040811402,1.47434379604002,61.913501177393,39.6507089660366,0.399352377893353,1.24553402878087,1,2.47331900315632,1.19888367781389,0.306156125962007,0.44914616638254,0.0735617357232544,0.506562411574411,1.39066599144155,0.437633706179906,0.907631776691555,0.423526931855196,1.3968068708964,0.35902621491891
2.91446837226528,0.867355348000645,23.1249137239272,10.7960432739806,0.506954328897855,0.590643956133665,1,1.43483632102266,0.816200443435029,1.23838484459917,0.2205919264341,0.930813581760991,0.221438123324197,0.746703997586554,0.230954342110332,0.787749130203061,0.261647715861031,0.713595382659188,0.299817089673862
1.23913144017697,0.733042760657393,17.5671547752725,7.85900059680203,0.715583060577702,0.35929074352682,1,1.59840203624402,0.720725399069903,0.684039354264933,0.344331654500095,0.774631554525605,0.248884593715101,0.564153012727698,0.224178318375127,0.745740624025894,0.227543906951451,0.764859327198993,0.286003253132079
1.31999290872612,0.575627160910883,11.9189217388772,4.71473876263615,0.461594908635309,0.483845046629772,1,-0.373753766333159,0.710111776283962,0.849647480187103,0.293774651045867,0.533625881398809,0.256583331319754,0.834707576581029,0.13216016191015,0.208516267894161,0.339249539192346,1.33160836893697,0.234520645387168
1.36354570044753,0.509771404963546,7.85896181993154,3.79871944553876,0.838077730244492,0.197846333897952,1,-0.173355582528073,0.679029041559305,0.607287018564611,0.20929211242966,0.678340260942114,0.215668064554327,0.483591522037942,0.319632358175764,0.57849541805892,0.31859574939405,0.413125369223329,0.279732663928405
1.96379211387708,0.682346381915559,14.6067429772582,5.53915073697322,-0.0133524245413021,0.551414578234815,1,0.448327778889012,0.652901024966454,-0.0429624332065716,0.398186029048163,0.798590845372631,0.207752030243275,0.86556658915536,0.226747367715313,0.984816314294051,0.215108602504237,1.01715691884212,0.253995903569172
1.58941025795264,0.607004778985744,11.694461677852,5.71674673481724,0.09190593067137,0.440092962405895,1,0.543789746722817,0.446757549409766,0.737111084236101,0.202619677720167,0.408840684204704,0.277852269845251,0.167779444511916,0.303365809026883,0.219957619768096,0.364493750411043,1.24235287634117,0.262700222107581
1.77975010075005,0.894508897207992,25.5800410216715,14.6793664531078,0.832788556515218,0.236985499677614,1,0.830289764538976,0.842173893991123,0.378966053946326,0.478532193272637,0.665932569469784,0.387211317919499,0.537773717182398,0.233132905671648,0.882953304163847,0.207059763173847,0.358661680706075,0.386838236280366
2.04109209533627,0.694137962705407,14.6193279250587,6.35077470741132,0.442440870682596,0.905255765019099,1,-0.807942004994898,0.815358244790469,0.887101393906886,0.237522526544177,0.863943849002717,0.253487905215219,0.53898491877018,0.179285801941427,0.686678545996045,0.2697093994565,1.06909324891194,0.256909316335318
1.00183999564117,0.680831706857844,15.5417609056626,8.33886416542796,0.0966298427964555,0.546905606423416,1,0.106876085537275,0.728854918511304,0.63232871917036,0.252071666090412,0.429423529528697,0.293223646187317,1.1172110218415,0.243804219937294,0.98200142450765,0.272169796164225,0.759624917019555,0.374619497942005
0.98783379833567,0.597892386397189,12.3550168749647,5.50077630865837,0.302522617357864,0.428830370715959,1,-0.144056769722611,0.636640019022651,0.417445223539877,0.209710250475091,0.937259991135838,0.148998270937023,0.427058572759571,0.24821156199444,0.744210636172773,0.297381359982865,0.480080555677898,0.381917148839203
2.55494988488828,0.836623359481093,11.2553511100093,6.82964815546117,0.768331661931223,0.359148548124493,1,1.40836312632476,0.804950071582044,0.176478531731428,0.469350278843399,0.84541575047738,0.288352434739482,0.677041245987681,0.259682793194771,0.944463382707972,0.283350924945085,0.876138958159237,0.339423709993748
0.0105160331587627,0.758781179489838,19.9542095847546,10.7094537205506,0.688771215065796,0.368867991797782,1,-0.127883522769828,0.560815525561052,0.460823704027851,0.294076944579837,0.634127139394042,0.185286001083675,0.740048934149207,0.293587341165632,0.76105681491427,0.364850428519629,0.942807009281068,0.373069669319884
1.39528289082531,0.7177516856581,17.3205409728065,7.77737521839761,0.0984503455300459,0.400346696643439,1,-0.1549066695564,0.705346329749304,0.374866025683845,0.370786656248224,1.2590019255076,0.183190071892145,0.858629582704667,0.20785764523832,1.16884519931472,0.306796260885127,1.06571944364783,0.316755498746346
0.807640727811258,0.403858821138468,6.24062002239525,2.56411519954212,0.325149522178219,0.351732772811499,1,-0.0703353024588958,0.551072998580896,0.241352372108941,0.341380142236669,0.664698040286903,0.206953100310489,0.872774272317943,0.200154267730167,0.767088722932004,0.207927646968554,0.501943933855693,0.300927026129267
1.25556752932167,0.726911702676581,17.1526970971148,9.52656424966279,0.750799104566176,0.469987365491681,1,0.437718837789139,0.698507684995348,0.55275002728187,0.16235361807823,0.694031293866401,0.278808778426529,0.962864693350728,0.345610037940248,0.805728362272539,0.362393024862607,-0.442467758657659,0.68957132183984
2.50209718306746,1.04190088006687,29.0713141012701,17.6000014610846,0.915252749950415,0.0826372181512334,1,-0.0130063113309272,1.09282004126797,0.724928481689909,0.375137711642343,1.13589913861634,0.269776428916514,0.472153842766134,0.351401378212395,0.693078686867059,0.32394285933012,1.00116251864888,0.425708198353912
1.50228648248422,0.753085091940638,18.4104870716851,9.79860593492746,0.368193990817244,0.912674585680383,1,-0.253194731544843,0.459803370549634,0.879373243269498,0.160004495775462,0.829057404086478,0.236139846247243,0.32759368892809,0.453308152257761,0.287602276231003,0.504318640882905,0.826919013215249,0.448650617130717
2.12423709811248,0.859334292420195,24.1618816762568,9.5754854416562,0.709650045654579,0.234309211846114,1,0.83461093546623,0.552086563458725,0.83254509549559,0.197369153143361,0.468244541734716,0.250569011179821,0.809214146329553,0.239931959062731,0.857949893374285,0.289459409837046,1.26512911756783,0.272189218338772
0.784952019678253,0.51264077683304,9.76452480182902,4.34091872700708,0.783083292312884,0.18543148979293,1,-0.255779954005221,0.604165860382527,0.408968142463048,0.231981122250125,0.312264054155816,0.322053167030455,0.559234386322711,0.251636825744745,0.652220411522739,0.258457999699841,0.658429681899834,0.208091283498425
0.770154044212608,0.768318970321584,18.5851652515155,7.8912038787723,0.425143977775164,0.537176988121261,1,0.275769988497861,0.742054041947561,0.566887653674614,0.214407503481177,0.456752220194613,0.26936388317876,0.895177323960723,0.236062799649277,0.634157068169349,0.260573229440943,0.541072448838455,0.413984158447186
1.21177908794005,0.696838954330509,14.9550367316492,6.25808390605317,0.373278885835615,0.71861193717938,1,-0.176516715503177,0.668907889816454,0.858776621372348,0.111223101110818,0.508626429618768,0.3162407468026,1.05681742553571,0.303695709566123,0.662704471931722,0.273184511194746,0.104230316155273,0.551640713596375
2.0360560636931,0.666509887468384,13.5169049025696,6.55313443043979,0.639680755130183,0.371206890334777,1,0.281610174435428,0.744894874176006,0.514596354635234,0.329064588799766,0.730133005748299,0.220713250788694,0.575318862948675,0.223973040303203,0.275489835624891,0.278208916012655,0.837824949413572,0.381595664724356
1.34035970635583,0.537429321846291,9.79717602262328,3.65109203165556,0.783286931139248,0.189715023218581,1,-0.201443169130233,0.543767970163167,0.753380798268739,0.270599508765654,0.778659999691974,0.186439065009096,0.495236636135851,0.257262929963822,0.87444928968462,0.179345726127185,0.411706047240524,0.260963199178061
1.81421205427354,0.556871455839475,10.5741732361652,4.43706463662307,0.380579852836861,0.712774190596083,1,-0.0106050433197193,0.834940963041902,0.939101401743882,0.202467738526741,0.125934415449509,0.383697503343916,1.32058936089834,0.180961310013371,0.600565788146718,0.33228704469919,0.960976306456326,0.290962143475428
0.798836515009347,0.615797894393144,12.8009046877565,6.61826195248532,0.185339964522341,0.918483061148301,1,0.739606299270168,0.833458929241505,0.566757998594845,0.26622603933385,0.702026987363926,0.379332870131776,0.665777009180139,0.306281114671498,0.679077097166222,0.274849663650898,1.25494355814217,0.302033709522069
0.67099849625546,0.844908666388918,23.85538505894,13.8364435486015,0.842660092954765,0.217843691640674,1,0.0397414730468099,1.00096366133943,1.10263820304238,0.365971066265783,0.905271566685925,0.34477916948056,0.3621111412802,0.373434089185482,1.00670467986256,0.233511411131882,0.615009702213516,0.338543117882142
1.09078008133441,0.587682488472287,11.5569118132662,3.65888747730073,0.439052438573009,0.424312363235825,1,0.188608819368066,0.611172033322682,0.809685081057559,0.203494456625225,0.502960823632559,0.250489724843544,0.842193518474873,0.207363469998267,0.74380483460754,0.183497881358902,0.43072877433149,0.274656739111443
0.963214199208117,0.609112605373872,12.9515152747749,7.1326299333499,0.523142147447518,0.924156889207931,1,-0.11024983003187,0.825910322406883,0.991882225847605,0.356030973116548,0.488145344131638,0.501436495041993,1.10124207894837,0.12976306142632,0.804889230902328,0.320500439748949,0.301929072459076,0.485958883329437
1.81828727996355,0.817432230894984,22.8232488219916,11.0699029768699,0.144037651346904,0.791445432474125,1,0.790156039311143,0.653088228609457,0.567570235875598,0.39744418878148,0.342727610751531,0.570392318869161,0.409534000546046,0.431727867131011,0.544704745438665,0.346787314935278,1.06079162538006,0.222314856530287
1.19941546192101,0.495629038490731,7.58128949449498,2.91866590967458,0.843872390792937,0.108676085427661,1,0.450106751734529,0.667235331024954,0.456106299605284,0.275152365890491,0.730678400280739,0.183999592259962,0.564633213249995,0.264602373894334,0.470198882230446,0.25769401867046,0.742073176999276,0.242211947022828
1.84244024313551,0.802578184293915,21.7170855141169,11.0608053311322,0.919069436262804,0.0716566194233337,1,0.0565663800597548,0.776297246550066,0.629178769141872,0.214748567011051,0.615715895062914,0.419991445744705,0.712876471107422,0.263854662648743,0.42744272137344,0.336529231271321,1.14000627977418,0.166225163311493
0.165889603698481,0.566286958916466,10.8172564112585,4.89147562013924,0.1636455492975,0.363656531711092,1,-0.282941592406653,0.569226801258801,0.829955706971112,0.252117446698585,0.15587260346555,0.360584611376224,0.724836815518056,0.204949038527111,0.717158111606542,0.209404970867721,0.0328165095329362,0.397273121081106
0.335471840096997,0.519700985155909,9.57974014882082,5.04299746702535,0.150237735995181,0.597767578651523,1,-0.0313319407110083,0.447912932431479,0.919061337700555,0.18876953950749,0.716880324832667,0.228925269240869,1.00916189011049,0.267808290682094,-0.94034296873223,0.925328268545016,-0.115732316767705,0.681491874056948
1.91755295878542,0.930784172223641,27.5052886219266,14.6974971655747,0.430516944992829,0.844533838058265,1,0.491416179048261,0.673812765099126,0.667847591908689,0.371547754197988,0.850334339905804,0.291270990503202,0.562084777746197,0.390296005231058,0.665932044905273,0.192783247851841,0.784175217223337,0.349167992170823
0.585056554191632,0.474843649534273,5.44469652508854,2.82088179436033,0.912170688359874,0.113561904058669,1,0.944480889329589,0.88475047563461,0.860196239801533,0.19934784936585,0.961702021603485,0.176194564635924,0.813546758154876,0.390494613093276,0.391472085446982,0.580783861586554,0.681854599639926,0.376905184106511
1.68497681609495,0.540080053599219,10.2514874791061,4.25290964418323,0.552637819834188,0.449976708725024,1,0.296429392430875,0.478620427755046,0.874722810419712,0.228737202017182,0.657684635153663,0.263433470918515,0.680949800652493,0.295134528904931,0.56691695750811,0.307545941620098,0.785508649662895,0.171212337810125
1.17059955758999,0.839890969698776,23.1618425278791,12.7190403665862,0.885665661665638,0.14782464060931,1,-0.745665203330224,0.810295254434254,0.843625065636723,0.214222575077201,0.694669166618404,0.281720969018037,0.79761512931124,0.284867497534215,0.29558118966994,0.446497923967125,0.796680048724623,0.30589281949129
2.13896601972835,0.84739673343188,17.4768304669336,11.1423510387224,0.981272499690767,0.0189289849799256,1,0.577933156089112,1.37921870960687,1.00053665839003,0.251471724776077,0.928816783378104,0.325540013743025,0.566706489097433,0.358964898948141,0.799829199849089,0.348649037245553,0.815802286723251,0.435412716970258
1.22750316319627,0.648440510614134,15.3501179271362,7.23496728477762,0.466471026793704,0.895875980807909,1,0.0243293435445379,0.552985869491073,0.567624921776123,0.32804395257917,0.852369026313051,0.241445134906662,0.853179283526347,0.241292875597505,0.224891563649958,0.390117382177234,0.683898842220127,0.306315978785575
1.51751438587848,0.41499087746005,5.79155306506081,2.19139636810152,0.589683616121828,0.335340974472727,1,-0.388452608510481,0.514529902845952,0.438898088060503,0.267010122881326,0.449227015333905,0.284417527325901,0.66682864657537,0.202373732064067,0.643487778065746,0.248891567201009,0.60296048817043,0.249731766041125
1.48679140839525,0.956416475032877,31.5860199988445,16.4952820590801,0.655784788981422,0.348294557916174,1,0.167938100417762,0.584849408359787,0.853910639381748,0.179644318658395,1.0447311572558,0.237902108270661,0.738694281299107,0.407362230414028,0.330177197945698,0.408538440243875,0.566273806440976,0.398981167895168
0.582000610063057,0.80103365287482,24.1156917787847,14.7034637708026,0.109681578634533,0.905415475937634,1,-0.522685703533142,0.699022310419551,0.60388645598259,0.307926263691675,0.678216613890691,0.280372191682452,1.21509691969709,0.37053034478157,0.449444744778474,0.471805775444761,0.943185563350461,0.394874553272841
1.29049216000575,0.851257350756835,22.4681349071129,11.2242061212028,0.0969350404947287,0.584274249071512,1,-1.05161905443267,1.00152443852007,0.928161826069514,0.296638667817788,0.746239095446336,0.304661539592993,0.0859226841509783,0.505848182112736,0.844946762692684,0.257713853572213,0.0945736626158285,0.367038287130199
1.39461911440811,0.779551740357058,20.5557699978138,10.7492161239617,0.898281187530601,0.0979647200984961,1,-0.0966469590758921,0.815932113165707,1.09054663571977,0.254737639756655,0.829149639229292,0.199551972879566,1.141318950573,0.292929800730611,0.516009297128895,0.430729087349055,0.618963403243722,0.316289362285943
0.7977169400904,0.649628017920633,13.4295710804187,5.82734780128282,0.347583703114797,0.495390600100389,1,0.817094610577457,0.82039270053435,0.521074332660463,0.297440220503982,0.885725768145897,0.28512941809101,0.65043332115383,0.166033365460129,0.841169032181237,0.214442402386534,0.897575922299875,0.287751912199146
1.43537818328945,0.633135462413506,13.09630307501,6.53022685670967,0.739054034355561,0.301463380511176,1,-0.375514189922685,0.909134673910528,0.924435904783487,0.362040308041586,0.508535051089755,0.265099108890138,0.98697933704039,0.217990806898679,0.367253818831035,0.295218474994766,1.04049568158932,0.276405170798462
1.46790462857639,0.748328721922431,20.2788577839858,9.00010980719981,0.285462790876397,0.327392229193663,1,0.197516115620514,0.654921199645372,0.761479522955221,0.243888466684773,0.91453739151943,0.282839377373715,0.883362935025736,0.190403416118457,0.887734702984444,0.238980279810174,0.994167303158466,0.296637584706621
-0.455484875891778,1.22587624587578,44.9425947380885,31.8163596230641,0.294656747814034,1.18500090344473,1,-0.543837070354331,1.08507032561501,1.01710136092396,0.223096860492297,0.890031619415158,0.318399166074901,1.08372101730982,0.629341126800557,0.308908900319879,0.533055063995955,0.994151339292967,0.35434397519267
1.47001859008962,0.728499797254562,15.8163844996549,8.07415867999198,0.454495919788996,0.849798984635584,1,0.791002377068,0.93737849572554,0.71024854756252,0.218660743465825,0.035118955100217,0.414796358773067,0.960145686795348,0.210113610579385,0.338087362314889,0.349545302037847,0.816617177024988,0.385953041599471
1.48077949495753,0.827143809266541,23.2897884405597,10.1720618160016,0.39749789956086,0.851439775778345,1,0.552176292982431,0.486354167117985,0.418596656733478,0.247973490573711,0.761443543679349,0.219163692497765,0.762528267961042,0.2781403737651,0.601057215823383,0.36601580130691,1.0353031408682,0.305983919586987
1.16454684753852,0.734883225192663,18.5427222251257,8.86824824792835,-0.296666345643626,0.266361411082352,1,-0.296966921422796,0.664166765014136,0.843478873786033,0.247031253098241,0.567235584503834,0.306943037802003,1.20006107586204,0.183629954704831,0.5802275646135,0.277889143532211,1.00274447709024,0.201067333993552
3.33824435415535,0.804154974063389,14.7880636142402,6.3186715806695,0.328380615206678,0.460582867211539,1,0.57520893032909,0.892487556518488,0.552431063967616,0.326548852662853,0.834618300051856,0.189972492047005,1.21289596822317,0.206159560478408,0.939007631753273,0.253730473359607,0.636684125572061,0.410003849336052
1.65891451996311,0.744882075849888,16.7983631511639,8.78747681942967,0.498815949023093,0.689275923934611,1,0.0954481717447452,0.604952243151164,0.341054722290372,0.229614627150322,0.8936308099618,0.28352718706485,0.543959152265557,0.276898717750366,0.736320606941462,0.257661354441311,0.183091805394912,0.45309638870613
1.02012481459569,0.984298532368862,31.8346653465739,21.2500639658276,0.827108955353658,0.189443419070845,1,0.998708450614794,0.79853564403631,0.204868489967121,0.34829131371713,1.08120844748272,0.280766884756527,0.976024317144191,0.303863769013335,0.421246985838146,0.675051518740903,1.12089524627018,0.541426747089208
1.09105204909749,0.794050805693735,21.6564358293023,12.867387036485,0.654003242996491,0.541927767216682,1,-0.0382333671347117,0.779668238288727,1.14759389840604,0.361932929879979,0.745335849394354,0.215960945244962,0.602509675769583,0.292001444998309,0.789921285850778,0.397470373213471,0.76130364391185,0.356449514387723
2.39160589618258,0.869087931705969,22.8898969087602,11.2324306838693,0.60341298755566,0.723548624007669,1,0.931790098433181,0.77584308967174,0.70121209293906,0.297136706650813,0.70949178743569,0.423690128763407,0.866691813366626,0.282108830533834,0.66690052254311,0.2784587226455,0.608636195246846,0.220247975842108
0.750411794522564,0.806433809251542,23.2406988156223,10.7600541631141,0.786394849525208,0.189317105860459,1,-0.276395343260969,0.511098882395903,1.15548037456519,0.190095171020272,0.44058365498999,0.368482451134927,0.916912405323464,0.236435787499947,0.793614924823374,0.327861807394686,1.03371918059722,0.354736522773475
1.79203937393823,0.650432074414315,12.7074507254796,5.33386195538774,0.666402251919467,0.437107053194217,1,-0.478194467869598,0.531751970263181,0.975391789096192,0.192411075888742,0.63818115976989,0.235991224385201,0.435404843114125,0.274716081443385,0.554423045643808,0.364972756098194,0.0024172967160088,0.483289079260686
1.31871426283816,0.681404171009424,15.1887612377218,7.42702390695351,0.456862776626003,0.996549542652668,1,0.213596440725202,0.766463457959964,0.522903008995544,0.257164743204078,0.877580292729482,0.315672207990928,1.1857223918095,0.267946735888869,0.617251410537201,0.358404975850209,0.590782135211022,0.415854248603695
0.467054029201248,0.579920307499514,10.6475229690529,6.13837493786782,-0.0859613064533476,0.619034674387588,1,1.2421395894017,0.574077471747552,0.597273072586306,0.332124908605158,0.771837433182063,0.30154004239411,0.813558278509169,0.354383799869368,0.968177894820867,0.329450323485149,-0.283872960906316,0.656027442228498
0.956195963444749,0.50081755480502,7.7627785460464,3.52408798593368,0.538601826428521,0.389717491302826,1,0.442572237091819,0.715749225551759,0.620708974618714,0.181626914457656,0.515490702172324,0.270955331158866,0.591913034353074,0.295600881733378,0.413179893830453,0.357772316499923,0.539465839917969,0.418594384697432
1.78984702025296,0.632509671693373,12.2966714104893,5.49165728447751,0.242791615157286,0.425490663422998,1,1.21215004363178,0.586628702657258,0.68741764371531,0.306690383047942,0.747731721002072,0.215921590047378,0.78801075322853,0.229985501568992,0.349705346248561,0.361163837716736,0.618380249896277,0.325408870757818
2.99092984368872,0.826190245206977,19.5098125393957,8.3446064328039,0.873072896376656,0.116018682686963,1,-0.699470785830297,0.87881907780484,1.02480420605247,0.194417302366968,0.915520541019017,0.196992585106015,0.723090914417484,0.336171154091565,0.747237500993343,0.323290701835898,1.07723806222849,0.246141107087477
0.813652993057611,0.628185699557212,13.6542467761097,5.33428326930954,0.362851564430493,0.505252930345283,1,-0.453795715198564,0.544756951010259,0.678339596489235,0.192692478008089,0.485801351826647,0.246548882225982,0.973176128840811,0.265523300176631,0.182189523880574,0.354165719654647,0.744692136280703,0.292802695298674
1.18676875975355,0.611796298214953,12.0798748613944,5.79779478638216,0.52382425148791,0.68177900003233,1,-0.185175205929752,0.924694766812851,0.476416813820193,0.321772257605857,0.854844309406752,0.21686529630562,0.731241072453899,0.341295861944654,0.603783327055662,0.255472975120401,0.799634704615747,0.290969406428171
1.92197309611099,0.665177465602691,12.5655941043593,5.69954632707269,-0.213760782064345,0.426932104474503,1,-0.744499710950169,0.78053736068218,0.778044931829949,0.270834378576443,0.637437295709997,0.28667998234199,0.96127126057326,0.190857142014792,0.628643043913859,0.244606176687571,0.260611657390619,0.372933299332796
1.85967523176638,0.833685613298704,23.8112677037152,11.1431284118081,0.504162977156499,0.805858197232066,1,0.0233535437552883,0.881152821961792,1.10389757722737,0.371292308296985,-0.451654478905342,0.610532323599716,0.620584852963148,0.34769742232719,0.724593479701899,0.322904603778403,0.996760884485016,0.205131722279538
2.39481147184297,0.8472159441078,16.2701784247617,8.41625549896624,0.644155958669203,0.430153629995818,1,0.503525948988918,0.591205352791799,0.815188538079405,0.355441195080318,0.593488256515807,0.421473411025281,1.04495777906477,0.307586870136588,0.616226724618806,0.306151215275546,0.57841029350114,0.432584114231255
1.55118459247097,0.544494532547298,9.57733982823289,4.61525368117281,0.469586293816623,0.712155434652224,1,0.818264626427158,0.852630686155963,0.109349863923222,0.44972234254218,0.810162776441239,0.208093212223105,0.533651706267557,0.225232199997531,0.444011266332314,0.226228282041348,0.620703261202551,0.270413756784776
1.07006919745965,0.694354695698692,16.4534222067086,8.0523961249907,-0.363018819254624,0.299966546561491,1,-0.187618220412137,0.915651257700316,1.05392678899983,0.294059197910375,0.858875321216656,0.191835490265983,0.926557034612628,0.290706549412731,1.02338949723554,0.210559128058797,0.859385289245069,0.360642025347313
0.516470072089085,0.526545734439226,9.11768386467066,4.1892498896454,0.695694482741351,0.342284673302597,1,-0.885581944070275,0.548004341645718,0.750288206893436,0.170947978710322,0.653872362668422,0.247652581975121,0.606940843725763,0.313144604950756,0.329435822364604,0.378467170409044,0.37017682218734,0.419659093991886
0.785542469970242,0.728188785385884,18.5631274990595,9.81926180925874,0.836522382257626,0.193907501733889,1,-0.4581921672902,0.623660717861507,1.01753482921751,0.224653378804866,0.105151209211245,0.411383198726192,0.889985203139648,0.248878026314194,0.510280005350233,0.29083676568834,0.319086486342178,0.428738744958725
1.80149805737118,0.936362834948552,30.2161967500261,16.1032904443179,0.39413042947515,0.756667149220396,1,0.293891220982373,0.643370159068229,0.435289315407989,0.263522150955965,0.737050249322945,0.308832121653429,1.1719836867562,0.229044257597099,1.00942816371339,0.367719732446838,0.130613443655856,0.65444669359273
1.24851079163909,0.67891160380713,15.9557809839432,7.42510587984865,0.461768647741985,0.721737287106527,1,0.405610596193273,0.456197467482444,0.640954003450381,0.234427125138111,0.499733549762564,0.316656089060101,0.949434063840623,0.234778152899128,0.388959803269082,0.261282213840681,1.06153228701635,0.252808131889664
0.520229361765203,1.04957751698025,35.0527755467239,19.5321946027391,-0.00472056598287713,0.516880424916271,1,0.62568591505924,0.796219636714347,0.65019648135879,0.295774789386848,0.589693277343686,0.351457231007803,0.686534783864923,0.460300394334511,0.567004419890576,0.309804788416633,0.80957423058358,0.435111040595926
1.59990122075669,0.618798361037807,13.1027603078679,5.17426171872512,0.324659790507166,0.540970644601344,1,0.330980705664159,0.543598526719785,0.804652899746702,0.200894106926872,1.031765446241,0.179007767435406,0.720571081186454,0.246284711446121,0.673983129364511,0.24679569846591,0.773405170065552,0.234527678344798
1.22365770893524,0.544815430037507,8.75843699810385,3.73799766832835,0.821197745986983,0.20897248692824,1,0.532628261927526,0.790251795071686,0.639380834187666,0.240497610711639,0.952641253555653,0.268629398955423,0.692680683335597,0.291269782285394,0.662413718748848,0.385017034382978,0.779649794135909,0.248612011726721
1.83951518261071,0.609463872095126,9.49187201276459,4.41835932510486,0.48832692765328,0.817097983987723,1,-0.0851034252741893,0.655903035774029,0.388185053553082,0.22678986683116,0.851993504840239,0.236587645417415,0.577119475332986,0.334337895595695,0.406491703544488,0.380970358701722,1.22673848518712,0.275050472045244
2.81724072013659,0.841284490729458,13.9005684803906,7.41088102206841,0.867758472983738,0.240973514314492,1,1.20098566800975,1.52714427905239,1.0293154892301,0.318367733400562,0.681245636133848,0.224610844442705,0.721628987097191,0.323384139339431,1.09945443601776,0.258849892611189,0.886522903232537,0.32257308291893
2.01819587155881,0.616847449823309,10.1289080110771,4.64609851988889,0.676952414666046,0.384586542829374,1,0.706586179027402,0.650294854005386,0.193543269394711,0.35527604973197,0.656574609141475,0.266176136642929,0.578118069083817,0.202417672036203,0.720998002289943,0.188973806442511,0.564902471879069,0.287599332754441
1.6315178630279,1.35770404999284,62.6477725609044,38.1864697181398,0.209458841922574,0.964645508863963,1,0.0902952548875185,0.829295968526572,0.508238670828929,0.37694893450109,1.0932443262835,0.36070032158016,1.24205670023503,0.414130577170801,1.16103997169382,0.454588504595783,1.44668400976798,0.375180743396703
2.26035309254396,0.83297650525024,23.1500001984373,10.9359919226164,-0.205074818771786,0.438928390394864,1,1.41093485877923,0.709681375322321,0.454246641034104,0.276698755949928,1.2274495486689,0.243403901285165,0.93152900552613,0.234151857132643,0.803869277395276,0.376751427243586,1.08351682575043,0.297940160461311
1.86604740997308,0.854204571662993,25.002056132086,11.1786500705022,0.114386318424673,0.595098499851115,1,-1.53840882547103,0.586882496645022,1.07145121709373,0.290945214263405,0.595626992372957,0.311419236939727,1.01576433609727,0.198127828225642,0.970311475739312,0.319546020292485,0.661505357320847,0.378635712756249
0.685826141403951,0.772343450793042,20.6632548106947,10.2397267829878,0.456879125475433,0.699995026950163,1,0.41543962853106,0.670497388192498,0.200922389676097,0.31496794746966,0.836949920110449,0.205377833111007,0.838964968466723,0.350714481748369,0.159086435348095,0.529720685060189,0.89257376254505,0.35495458790218
0.667898660528233,0.487606092329764,8.2691275881684,3.76950300302074,0.547981667244074,0.562473972463779,1,0.711803476248105,0.372850543086222,0.846287786692952,0.167358589321298,0.470741804453719,0.17305557381313,0.595238880011213,0.282758512395216,0.760843583107523,0.351007282329967,0.499699903487126,0.448953035766551
0.401616360642345,0.49240984528668,7.63866244030742,3.18349150798586,0.333545314008684,0.910184139531136,1,0.34351509234476,0.619740819681975,0.70310452071151,0.208909537043559,0.605433444961325,0.271101101938947,0.41357874358063,0.312150082185468,0.236651987339778,0.381132836731007,0.508981450981734,0.284618708598729
2.21689643645912,0.860937565267625,20.1412064156653,11.9364652320386,0.396864684239457,0.365899239700424,1,0.974705408656118,0.906976483592268,0.755104586073125,0.287856454410863,0.397730134232836,0.434970159591204,0.550087585375091,0.37670917445707,0.80412599616986,0.232845051951113,0.393477708126606,0.362764483145749
2.64535224407854,0.909020724926199,20.5095026153841,11.4671383254131,0.0431739379501908,0.690291682460605,1,1.21136440748134,0.587413761474128,0.575713567784857,0.337287800804288,0.944780265962498,0.371893862949417,0.411521096558089,0.347603263170943,0.787802941752174,0.302549192404702,0.990532408430338,0.236727522751154
1.5875444482454,0.596353781498329,11.2323995261472,4.02694700283866,0.319645835711572,0.400742585827843,1,0.0153600552293494,0.79139323112101,0.560413003373369,0.294308326459686,0.74636379097978,0.20482359118465,0.810566670295902,0.186011341591868,0.25708721028519,0.346146656356296,1.04773447156837,0.165996512575151
1.93633319778192,0.960309772119299,28.4166296757539,15.0694472893362,0.6285375448104,0.940024580842389,1,1.34440903892923,0.744698499350703,0.578956569939617,0.362749856894793,0.756047297314649,0.337014440114044,0.610778203270475,0.356118224014882,1.07831965485267,0.330296236111321,0.693538727954776,0.286737138257375
1.80835395894826,0.789567388252041,21.1198928255811,7.98410019776543,0.138298303577168,0.462216985880412,1,0.319801368496405,0.694689331789413,0.712131129198312,0.250383114779149,1.08045443233512,0.281668586093832,0.799285812229324,0.295648813063087,1.18672820721094,0.173550557830449,1.11729085307468,0.33713503881643
0.526890395618811,0.583307213002409,10.4074336615186,5.43678356446819,0.273517755994152,0.546372093480722,1,0.556237140413253,0.708704202939249,0.821363137733046,0.165191195134366,0.320087310314283,0.421386903122951,0.623172136167058,0.412778638553122,0.586841991401367,0.410435052357092,0.295250663959297,0.368436687573382
2.14583990454998,0.646841157989286,13.6463103560022,5.68523268914595,0.248813441846318,0.555492916020313,1,0.404781300402422,0.614140471888069,0.759382926381047,0.247218128699514,1.12367658331793,0.17531031600414,0.514002754921819,0.228384414401707,1.36583175098659,0.243233466974429,0.648979100239673,0.400500377049988
2.38968746580371,0.695914775358616,12.1218440759298,5.98316785121782,0.401663166526682,0.643519856930638,1,0.813218001697304,0.876596410935601,0.86022025987488,0.25546610458885,0.337618281884839,0.279819212647045,0.746471978855542,0.261152489115128,0.64755111216297,0.39746676558791,0.701781199214248,0.369788997173151
2.00441698483696,0.735941074577919,19.2962315371613,7.85970952292848,0.79987232246188,0.137576304152239,1,0.224770978283351,0.356743748574422,0.994198092617307,0.227376068657971,0.239267128365709,0.353303523666805,0.686631509161683,0.240870372877257,0.845137892076792,0.251002830889463,0.78456749859844,0.289598593384798
1.61623949692366,0.558397209149332,11.1962479125451,4.66124129417434,0.250924493370221,0.322854113904298,1,-0.55220784474826,0.472430979116688,0.904856951342812,0.213770524722947,0.680333701687197,0.194871094266237,0.817993466986947,0.14920170275223,0.798263828009669,0.205717900377215,0.825097350576416,0.304704885195833
1.37561532233015,0.679883431608414,16.6663086428236,7.30209301372912,-0.291763948865748,0.30102747630385,1,0.458434613567028,0.421434102803577,0.90175208521934,0.162834297493397,0.923828675615548,0.209045554360769,0.757837300020583,0.230883612757844,0.852953598720253,0.273630003709052,1.03116157306946,0.310030028285151
0.0222798858937036,0.970756782878547,31.741853089977,16.8811294512286,0.776832776258307,0.203059684007719,1,-0.397821746585958,0.547770006074491,0.605412346118348,0.369594886471529,0.855590750505136,0.225206985031389,1.13559396781057,0.265696911725453,0.70705451995644,0.349658853856649,0.0857614998050262,0.490841739904744
1.45233143317058,0.729340659702793,19.0617011835299,8.68398169926774,0.399034015193469,0.534627451745074,1,-0.079416376076543,0.605529197581761,0.588957666131776,0.295989231368824,0.996746992991096,0.229613993136646,0.458759215380074,0.318213345323149,1.10837060149114,0.138221618686524,0.644919566431062,0.36805762499582
-0.353877288108723,0.721791071375721,15.6085902096211,8.76038142967768,0.81010969396646,0.164619919982413,1,-0.883184463004395,0.834145548371671,1.05587935944585,0.341308954425057,0.230208635514901,0.370231125262741,0.387981498444097,0.429328494071957,0.661576388152054,0.275093598793929,1.00517790466743,0.177052817008249
1.6686661634339,0.698012917562231,15.4124154441483,8.03481260811729,0.151819640580169,0.369306655690726,1,1.1844784609108,0.849960462987717,0.677609745168283,0.187182338805801,0.880419807289063,0.224287034092689,0.536080777317552,0.473663045964264,0.408622897040161,0.48167995294449,0.965847325586673,0.399917045338655
1.30054059527945,0.533867560406774,9.48827306456374,4.17858575503407,0.192695496115335,0.357047555381749,1,-0.278864904818724,0.455987745490102,0.860305674263412,0.151519756962676,0.923822650690911,0.223986847560138,0.373001650533012,0.242868521972735,0.937166437865224,0.285682207013286,0.69612301552224,0.414632602121886
-0.235193276692161,0.530007115717524,8.00130601315605,3.49049043904823,0.453980232422937,0.416175960981746,1,-0.488602327055582,0.821981555150287,0.580828629819646,0.302021583189809,0.131108180258874,0.405951496040623,0.24291773947077,0.35624124414536,0.870955869578727,0.210333971698827,0.544667492907438,0.254735095457814
0.29393291065084,0.530240765382108,9.85876666774108,3.82799341522148,0.432634765248642,0.481787712810799,1,-0.445553523738218,0.422590942416316,0.591487925975774,0.239746771021617,0.725730527877702,0.133302230858801,0.37404688059053,0.401122751643185,0.930029623416641,0.272856140563306,0.496861372035645,0.21293242929958
0.347823245199647,0.86499171977102,20.037745528312,11.971215642111,0.731394492123022,0.473046840269833,1,1.44762105880734,1.12310964805183,0.418587766589127,0.353214080241376,0.860496173500954,0.442961204464719,1.06621812231106,0.33517932971492,0.663354545020789,0.276250902685117,0.486838377867387,0.457115872328978
1.34487294511436,0.736956526128296,20.2645746676205,9.04636914861081,0.0298803578952055,0.50211653100626,1,0.185065616504148,0.857516146563667,0.927788013986598,0.305120623463211,0.880257722566135,0.321973834994757,0.909787779202471,0.234519868754603,0.746827367956737,0.272272310324102,0.774875767666092,0.283717360137835
1.11415193831241,0.764956535681213,19.969561836669,9.68155348413462,0.5474363488868,0.578338472038616,1,0.402846150221324,0.761083996706627,0.682678435998229,0.305168960104618,0.742469455279859,0.306533414738288,0.711712976136137,0.245904437601322,0.500739135095607,0.256006776268832,0.56199093575724,0.339964415453732
0.507380038755351,0.675550995015749,16.204662223143,7.25907204866012,0.397001455236313,0.581573817618656,1,-1.21441666269133,0.666067961208369,0.798267753712922,0.236976555523563,0.914130929032538,0.367049774677819,0.613058160807095,0.231015585105295,1.10671011600947,0.237969867521743,0.192073684457521,0.399503819180282
0.516934795396901,0.744599984250406,20.5319891584553,11.9888102447381,0.62484635834987,0.540631461342386,1,-0.431197349275111,0.524990774474064,0.564349288508391,0.274891195744952,0.806584488287188,0.256232369176592,1.03704742484549,0.241444402289416,0.475667228268602,0.451095555268528,0.349022870232372,0.400117431655649
1.65672712535101,1.11411545977079,42.0381054611439,23.0768875448827,0.527226864436385,1.48133557540923,1,0.322387410153207,0.764131789651223,-0.278434651609085,0.510629148067052,1.12544386037751,0.229011504612818,0.576766601988778,0.41346185498309,0.424426430760404,0.28283641867525,1.23948840252799,0.295444241434389
1.01728150448489,0.605589359266861,12.1542216998054,5.32678064065975,0.310700023201151,0.622518768751722,1,0.171744064884459,0.656639156212993,0.402916704019754,0.304609948307426,0.528912457890484,0.265162880683763,0.73309905767118,0.255267146342196,0.336168064799174,0.383385291342177,0.367691861799004,0.288329137873828
1.95121097904296,0.786478718010667,20.2569654313247,8.1234687562169,0.330313785116037,0.302940928654376,1,0.71194033848874,0.680497477234221,0.298761227567634,0.265737811953374,0.923294817465557,0.181529190740283,0.649712884126205,0.322537372904455,0.764468279407054,0.310128718559642,0.426109109033511,0.33542266660244
2.46171144890501,1.23216213447011,39.4752431684263,26.7879928250474,0.820651796605708,0.326119438282393,1,0.301187995646887,0.632221496922164,1.01377887414368,0.307794281235735,0.533936319281634,0.436305636698901,1.47798261057979,0.325224302880964,0.955638407729125,0.407198766431073,0.828787994280674,0.522460699298116
2.31830858287362,0.927389612542719,24.2636641890001,11.2218886787917,0.879717101585263,0.0912460345177345,1,1.06617846353339,0.881360053710881,0.438927017315206,0.350334081754141,1.03740712811137,0.155738488948719,0.447371131458709,0.28323086386039,1.10808220300198,0.270029212154112,0.956135922779398,0.39976386514065
1.18934373628835,0.818051872634419,21.5975793418791,10.1937087330557,0.718774201078898,0.621326906090544,1,0.978769349531029,0.622585939922691,0.483494599257598,0.260337380038686,0.821010574154897,0.238069614002136,0.632333819833378,0.337201649037647,1.02888176688621,0.280746512295383,0.509211728911663,0.447174477910576
1.75077100970165,0.585509712003491,7.75843388291946,3.77245412342742,0.918194290808759,0.0928469943384136,1,0.673149615158686,0.997967534416207,0.709348584857002,0.285893074886637,0.790382989687178,0.318156105452524,0.40337385011607,0.362885300941028,1.0602800610565,0.209724377583179,0.392211348732281,0.253564697798951
1.49739500463952,0.792960995867693,19.9327980826435,9.84297077476113,-0.0617900960063359,0.419270276703572,1,-1.07907462127584,1.11421486168104,0.993428152676318,0.323550383615842,0.431845002727518,0.340347347794319,1.02988541667596,0.200225779176976,0.576444148837804,0.257429839758422,0.218295915897058,0.394011398724295
1.77905126917036,0.445239142589073,6.46404987339652,2.20896422390289,0.201140564888722,0.519266157295478,1,-0.274768244062394,0.488849799272599,0.880642590470322,0.200444724350369,0.628869958020695,0.180960659817685,0.982835802842571,0.182770190283667,0.57649838422079,0.259812314049076,0.78845414460624,0.273481470344124
1.48118738920873,0.458562926694253,6.40133370922578,2.46192897439467,0.370535618823387,0.452335862813391,1,1.15696116795522,0.539334893891439,0.456415034050196,0.296698454587298,0.578548046425513,0.217147395826727,0.819305576129384,0.209956489171814,0.452937557203146,0.241987611157001,0.592061648009173,0.286752124309788
1.67450921925598,1.20403311610313,43.7542114034541,28.3143489458982,-0.0976597338651026,0.460218144116666,1,-0.297358218841145,0.910683466154525,1.14733487911421,0.424197851918914,1.09040260911709,0.465757688154395,1.07164255639079,0.366964502261803,0.431660128346047,0.342122755018401,0.899354635492826,0.415393898902211
1.22168214012273,0.751465343671289,19.8321453702582,9.99632759938079,0.581322311862682,0.607864174937219,1,0.00601491260848297,0.551610110879656,0.964754476565741,0.210679728890361,0.743131984729692,0.268993074487777,0.747762846981492,0.278848922124801,0.907412176553945,0.335290622475684,0.510247895521317,0.442624584558733
2.12792089634572,0.666691067635577,11.3811325916787,5.64683342592994,0.558157957167577,0.522725672200649,1,-0.0271427947198136,0.510767441020679,0.465634448993091,0.298569596335129,0.917420566705651,0.267299050035197,0.326772459128468,0.334877748789937,0.949575573612541,0.275343020425148,0.294405704682988,0.35861252025723
1.60875330683828,0.711521203525397,16.8620793696755,8.36228419208195,0.833645310305659,0.172604512317814,1,0.117602620056081,0.581508596490192,0.803217216419798,0.235909516332114,0.757386750283376,0.28269542239608,0.679006296194811,0.325839604220243,1.25972464708129,0.341597857792424,0.753371734770735,0.30064518812017
0.301098830256793,0.611841950050079,11.4402192333375,5.99241745868312,0.0918531858044031,0.50510784087753,1,1.00198140561681,0.772381604045322,0.629987344532069,0.237203739046197,0.329258427582385,0.43317048313964,0.775302342267334,0.314176531629013,0.195478085442249,0.278133720778237,0.503103695937524,0.307449179932789
1.18283258184605,0.570408872711557,9.64172133276143,4.55285825615206,0.933503410483931,0.0567601601044581,1,0.0183975194713838,1.00385554055557,0.245643139227924,0.311851908024756,0.960605006096052,0.231565554868703,0.910056252985042,0.179264791221418,0.590527284321303,0.244278101025997,0.303530014163978,0.42928200444124
1.63843374161816,0.538166987572513,8.81967007755084,3.60664399496122,0.390130421121909,0.435467062768447,1,-0.298991037859637,0.632374623786198,0.732352309803572,0.182597559649513,0.821494897102141,0.2563620322595,0.594739322920157,0.241458778530844,0.579077264863603,0.208416542865424,0.928326938720684,0.287082440139257
1.65706198703262,0.799942879278409,19.4881882888292,10.6239658697791,0.748247716594683,0.316221666780947,1,0.456848279326831,0.603953528241556,0.466286460490317,0.325569711311764,1.21539279445129,0.269730203269058,0.836580132928166,0.398239739277017,1.24444015480681,0.357717735901443,0.500658428533897,0.53876677937855
0.772293573341148,0.95153760710275,30.6666862688837,20.0517742685367,0.841834232057046,0.191880469085891,1,0.618290372473249,0.692115671373628,0.806090104686926,0.399096654323326,1.1038372364223,0.239826423852637,0.495908746290518,0.431167678100742,0.543960679813926,0.524012019470288,1.0056048801163,0.33087889127022
-0.161103677915115,0.671446215803554,14.4089768806103,6.65787454496592,0.242834569829792,0.500922029145257,1,-1.0676894671276,0.705663106267212,1.08194603270136,0.200660163237217,0.790618839399852,0.230296151026157,0.459343517042168,0.300858946208067,0.478669129383291,0.321358922230678,0.0317070378775088,0.601859216311851
1.82759710883204,0.537287039906385,10.0449153523855,3.76652709237409,0.256446819578242,0.311209614823673,1,0.529956530765024,0.610998650211398,0.249030381822353,0.28349145132107,0.629464353739565,0.220880015296016,0.738549357528854,0.175210359335495,0.989774456612883,0.262545614917949,0.522309391871956,0.291312791697038
1.63207859359114,0.714303958285313,16.9084781557914,7.58976454282289,0.307539302841094,0.510391191160337,1,0.172857498973215,0.521866799328018,0.451290295579598,0.306623268850389,0.69062251362082,0.248787006994465,0.953925822320291,0.162514706709004,0.833737413636971,0.319881234763694,0.594345221892499,0.385614834500288
1.55047419776974,0.597357942301912,11.9140272520147,5.16929233879529,0.126662703092592,0.375433219561801,1,-0.103772218119127,0.522307457674595,0.72127021283603,0.21738270658296,0.57282164556203,0.213214261995929,0.629365685243288,0.246303742134853,0.969890737655093,0.207129235902015,0.271914802241237,0.352635654539057
1.45100883908716,0.825342166895166,23.9043195974768,12.5776891463689,0.550354305836077,0.541059278389116,1,0.132913846531208,0.962078439721657,0.979110745654182,0.363603293690628,0.891882458223558,0.405198237876163,0.570488091582238,0.283761047058792,0.903016513063983,0.154343672183897,0.630551853156608,0.313177188630207
1.09063052324625,0.568483390107276,11.0677443507576,4.46504800929581,0.709423292181331,0.365064049379557,1,-0.522150281055362,0.563222663103699,0.755458162933717,0.267634893818559,0.117161775297949,0.348549581770743,0.997484690284199,0.222517149562661,0.423816177357371,0.246400972735515,0.79310203917302,0.192902367578609
2.18896970008916,0.696557853846801,12.3878970261123,6.42861367253782,0.243405025400893,0.562885369306775,1,0.671393899489079,0.393525133112779,0.738432680098454,0.32822190768852,0.918110767973279,0.203915819635778,0.935716262103561,0.187559523675213,0.700968541829171,0.381816989419121,0.767520101435887,0.402531242019175
0.874576928661952,0.529470384910122,9.20844643442902,3.96878558545289,0.603695333081594,0.515278752962857,1,0.109973406500679,0.512964683821507,0.76033618013914,0.210964934487278,0.583333570831149,0.294910321245769,0.643040927336186,0.260034095284609,0.459435042293062,0.249181963038918,0.564134414824617,0.28512319372964
1.93794417445009,0.742364365144839,15.6284218431008,7.39810883325945,0.382042891626213,1.19351175394342,1,0.962619200722249,0.71160918168086,0.63739882832306,0.283290335786721,0.543407376658139,0.250474881332757,0.862700608787628,0.266403211778938,1.03317699463183,0.25158531085122,0.237169561620963,0.471431872350294
1.96995220786822,0.843066645738926,19.3158591903158,10.5996176143382,0.685392144175588,0.34949546433528,1,-0.552470372512931,0.683355014530983,0.715472088428364,0.37798460758544,0.990681801947661,0.384098441726567,0.973247895861544,0.220352699064837,0.485310759329533,0.308305418678099,0.766417402644654,0.30397930226231
1.65777201369396,0.414224892367353,4.55450783177362,1.91146577331788,0.918272004678813,0.0909196108343865,1,1.87325842376373,0.772229109997296,0.617514325530073,0.244813291556424,0.164286380758401,0.393794503226705,0.504091135999225,0.231658564366793,0.723761933274071,0.204818505468177,0.643574344950971,0.226113634000037
1.30910649506261,0.910872862368398,24.5501654141665,12.003827068614,0.957708902563379,0.0362498039786442,1,-0.782639466667226,1.25118494990524,0.85201240862078,0.381264472202386,1.22009870913447,0.159717919857517,0.578253145955624,0.218188773581733,0.763974970440211,0.2444915910428,0.862980163374964,0.394910129428577
3.07958400692585,1.11943626149464,40.2010519900684,18.7492090421374,0.310538199646734,0.51701608456127,1,-1.07721521017346,0.770746158479502,1.17990892323431,0.29497815948937,1.09923339783542,0.258780946724222,1.15051090871268,0.218136005523843,1.06475318372817,0.248026641718854,1.11763554065389,0.236632886303677
1.79527068748658,0.935117827495949,20.9078267485092,11.729229699051,0.323365841969881,0.466646931701493,1,2.06379615153984,1.90449972632353,0.585645343390269,0.442057962301236,0.635378355074512,0.307323174888677,0.102444226331519,0.372008136839039,1.02558805642735,0.219771775395379,0.979851633267693,0.319884148698243
1.38140370362176,0.796588360154276,20.7287652513161,10.781031768218,0.459332813530793,0.53136480290757,1,-0.547216596256628,0.465125984377481,0.705822438092385,0.161038979007986,0.384979633934796,0.367072358779753,0.698436055652039,0.327212134141681,0.73206077183586,0.252674100603225,0.577389839949213,0.43257284781181
2.69517665887843,1.13099686649626,31.8643881490005,18.4949075485314,0.597878049880131,0.735278196974515,1,0.220804392088231,0.913962238883903,0.734072926683545,0.358532632501431,0.846026079934491,0.212088710474705,0.345767548507343,0.565813927197395,0.655514284626385,0.47038855936306,0.99265308039611,0.320419274939588
1.37038078267528,0.664900466025478,13.9250343884475,6.46833181040974,0.262981827608685,0.554171377924435,1,0.176039652876648,0.609524682758581,0.680195064182576,0.190882807770757,0.84281784819637,0.195431343906017,0.521291654587514,0.292849155782243,0.94525898266516,0.351676999113719,0.929513384898107,0.383079852351255
0.518507080230059,0.97724883571177,30.2870639686721,18.3896771552893,0.924905266380376,0.080643960878702,1,0.346073012861861,1.05400692734251,0.738444207009168,0.389212773072244,1.03277897870645,0.269710914252784,1.06507190731586,0.393635364193444,0.806521312025751,0.334378282788962,0.896968640469956,0.343994264334414
1.12800344002476,0.667517149540544,15.6952944366517,6.78686536251002,0.509280501380074,0.584957419768346,1,-0.276826102106853,0.522959444316892,0.276284492901842,0.301436037036779,0.957797421604813,0.180411147389706,0.745274389719181,0.243318190185308,0.740775162031817,0.325834980651695,0.246974065814512,0.379824868309042
1.89204221052513,0.536656089055073,8.14622845769984,3.7622493367846,0.458416572699262,0.622715771964276,1,0.239927084155294,0.519059755449118,0.144723294238574,0.347302152850202,0.792513574658884,0.231397969173086,0.603641416715473,0.250475563847314,0.725639674914386,0.249135701378343,0.0339245267209385,0.43180487099515
0.662634991551225,0.724296151246291,18.9125815829285,10.0371973062983,0.479467043732377,0.948300935784345,1,-0.0466724616992926,0.618431694966645,0.803945325974858,0.324057854468941,0.480289409518408,0.335189583391502,0.439218360466522,0.267691334817428,1.03929507809182,0.221198914524377,0.327728527365227,0.343154294515419
2.0003060149417,0.739591057253786,15.5593649815356,8.14076694943677,0.387834727439402,0.75609530582365,1,0.243331580490219,0.594193572669119,0.960046844924135,0.279444772767571,1.00638626202864,0.149945005107785,1.24178118065407,0.229605517134543,0.292666602250356,0.53846387699191,0.192490654489322,0.656983691804997
1.60220412280891,0.705131641565585,17.3087024872598,7.53437901937328,-0.18243868001439,0.310509571961421,1,-1.039049125347,0.378842067060155,0.953293313286622,0.182830836540478,0.71114943753985,0.214282967903711,0.724050670287053,0.253037294909952,1.1295783473661,0.1882216424386,1.36813264956923,0.292328506023071
1.55582041515709,0.687377712469787,15.0880178244886,8.38283590171281,0.259238151346776,0.745379191134663,1,0.486003420557679,0.610402316719321,0.498728040270895,0.165894230141193,0.893770398311236,0.266981062619044,0.802007702038814,0.288652460724006,1.13934981575049,0.230915639556815,0.510104675879985,0.468261057675775
2.68839528966295,1.05897373330554,32.3361441504783,15.8428597911397,-0.0591185679970917,0.494142948642858,1,0.343120588378233,0.92092652871486,1.2071788716662,0.358743645614634,0.889357074649712,0.309822339672662,0.87332928912525,0.286388896963001,0.763761374912056,0.375855933657043,0.509214331153684,0.36925336114248
0.482531107622245,0.385985579689234,5.07598015237206,2.23174029528212,0.8172186055945,0.17035493602842,1,-0.395479896769656,0.57991985726462,0.774161455732411,0.21048708127726,0.894821322970073,0.160022255377009,0.314319923036799,0.243215474219976,0.97507937019971,0.327487287903755,-0.5218394399651,0.818732661965371
0.913305226082144,0.728403806072647,17.0724935684992,8.24284774012972,0.240531033278853,0.522035064914269,1,0.426084794028175,0.565925369981279,1.01523226479449,0.194657921693178,0.468554805425791,0.30818755430809,1.09607049374226,0.292534305733163,0.0401290300010425,0.529365400000603,0.728881208092064,0.423860272130979
1.11954801409727,0.613285694696726,14.3779158693404,6.25328483361769,0.366815625970349,0.35651490449869,1,-2.19984109506541,0.64877945015306,1.09671743588423,0.25795679599445,0.706350020677438,0.216320501077788,0.7604768225941,0.231931290844614,0.484859078764955,0.23724454305607,0.399719756774034,0.238199804725194
1.16430466368147,0.65300666139965,14.0339915163106,6.72513501002496,0.400243881194461,0.70907847425048,1,0.271495932750513,0.596656894215135,0.61715455630063,0.218875831857766,0.159874996400825,0.399100457276119,0.615324919506335,0.310082734620548,0.508074095087372,0.302868972895372,0.686914104048942,0.306460455593615
1.72251324579145,0.854668328098241,22.3476454807428,11.5813609208485,0.629413505173842,0.669782617326481,1,-1.4431536517642,0.851199415179279,1.1895147390641,0.230237075517481,0.997714179740742,0.241526195393222,0.963028164055339,0.452630274853426,0.833408739672616,0.32311497696318,1.00329725651852,0.395245018899096
1.34564833270076,0.599640819614956,11.7346942282949,4.80707835153801,0.634664361106421,0.575279014081123,1,0.220740193155825,0.599205633314287,0.876114656092133,0.215572055579924,0.447966956183862,0.249727093425297,0.677780711298153,0.241075060003928,0.537945100744689,0.274241450577887,0.803755595220776,0.221281720435246
1.78564627706143,0.791845225980838,21.9477987461669,11.6385617654386,0.104618102762289,0.642801485590067,1,0.0425055672516742,0.681963307098859,0.0438168690041112,0.394255381042393,0.681343282892137,0.262404783382408,0.882061989650069,0.21675191954584,1.05870708328522,0.32641165937337,-0.317789929422362,0.688759919051513
2.01567347571374,0.871446689102034,23.2243254241648,13.4321332469762,0.67299690340405,0.554662865219371,1,0.724469640407717,0.730355730092458,0.527646298629027,0.337444209540626,0.970768447903104,0.248470186837897,0.702675778895019,0.313036115876241,0.320336073561632,0.421677592864193,0.950537877513637,0.395049353219794
1.19872783155341,0.672431539448892,16.8662339772469,6.83096282019593,0.251437547175843,0.360467274326602,1,-0.560521792189883,0.395465157054964,0.763929519230719,0.194593715446059,0.662001687686466,0.197230476614902,0.392572764948019,0.278750866678743,1.06545980688099,0.2430904994346,0.539693018351854,0.266110068049218
0.977944506115342,0.761982216908845,20.2684157900483,9.85826250226657,0.457065487722046,0.835070407776408,1,1.02919039416902,0.624006836165659,0.827886358425356,0.308164490460966,0.768372069850471,0.361954688764169,0.835202053147387,0.243620060009959,0.497106640905199,0.329588711290249,0.916027473062933,0.301761280203114
2.19276983892235,0.633538286356829,13.1298967581475,5.64472243750012,0.581844687264979,0.417631024118637,1,0.482485377843349,0.484333147496674,0.352583314777042,0.287737392432186,0.965502269176046,0.194367818222656,0.291888713478875,0.271204308485238,0.742040498815638,0.214682871161081,1.13626250407691,0.240604089547422
2.39497216585577,0.968929143992132,26.2441975611462,13.3412059364295,0.323342778296793,0.878135489396615,1,1.53162438255376,1.49135875147043,0.823603844555445,0.332901843242487,0.804874414301004,0.290002171673951,0.375628831980855,0.475669660907294,1.1967572926095,0.218908641649653,0.640124315431493,0.318868278606963
1.26722712631028,0.545022866067318,9.17560328409631,5.38142036705117,0.972586330438878,0.0243935032594193,1,1.25511121006049,1.13340236677365,0.90081027690974,0.349808761632991,0.573640684783194,0.330405879388768,0.781456158599721,0.367579648767085,0.897046102681867,0.226369114286066,0.771813563876451,0.311969658589646
0.897534361584289,0.604457450509549,13.0556563944674,5.36672310506004,0.429183165627005,0.552942749631085,1,0.729486962405831,0.475348043368247,0.460144489558466,0.246399802420508,0.678951768616196,0.211073516746656,0.706246251367715,0.259787783698404,0.516886439874583,0.334444420891354,0.731961396620138,0.268979187384637
0.6121635370386,0.546190389351346,9.04446164226198,3.90465272524098,0.89408808453737,0.0917121319267219,1,-0.832398327429499,0.80143942700304,0.777195116031083,0.20350928912046,0.786128342164923,0.234234296107184,1.05359432650042,0.236024487154281,0.442928801879607,0.316654563141063,0.702779747721877,0.313813031139466
0.916365549042621,0.515200559533559,8.08970365978881,2.84920475826884,0.262151453482751,0.489198610789883,1,0.712218885786273,0.592153540455387,0.403368596566438,0.214977694576985,0.595118308418903,0.270562195193882,0.479961822819007,0.23694600121,0.385732807316568,0.307391817565275,0.925434897862102,0.248220446612761
1.53673251957476,0.721056541660562,17.5912914185452,7.71951885028581,0.705661929858207,0.30226349058819,1,-0.88200748661202,0.614250151208425,0.93569490377951,0.207114920750729,0.833328704706791,0.226859643470903,0.691467911494622,0.268633449937117,0.980134733166984,0.27438314203452,0.53106733017424,0.246241432798524
1.2239969818802,0.746224837740286,17.6763752081455,10.0332855702366,0.357227132759728,1.2109682228677,1,-0.437889975202591,0.812547311759627,0.660794786756203,0.285297507480695,1.0051286584202,0.372384528207123,0.745908531879892,0.244448210628548,0.471476264463232,0.39345584851009,0.970997406518418,0.317192517981478
1.55545226228541,0.938788089945522,25.8438887756987,14.4014790247465,0.550250191282977,0.81914227039946,1,0.687104562173741,1.46968086085536,1.10212433912937,0.425359336105085,0.195528531331604,0.464147463221333,1.27925789856199,0.339749228933298,-0.482967011640466,0.709095989162457,1.10612058258699,0.19849493948794
1.49510046253733,0.715203182414848,16.8629106707389,7.33363565037293,-0.158344757478521,0.385648442621399,1,0.816270558953678,0.801026195308278,0.532282837946063,0.331796214442732,0.473821052599679,0.261121956622773,0.779730418869697,0.227708083000484,0.655765059275402,0.23735264682281,0.633912117290929,0.284871244321286
0.879497172657643,0.547313212885235,11.181837032916,4.51455615621782,-0.183869529373619,0.339889281022516,1,0.147379516426077,0.484114297138536,0.659014712937038,0.200488173881815,0.613884617417469,0.236956533543611,0.847822282011793,0.165739835420734,0.543916882897872,0.314882487253557,0.342027662646235,0.419692012428672
1.7498544280155,0.673308256435936,13.5450154031137,6.81853578944736,0.374519763572159,1.07444487099133,1,0.269621759378668,0.636413397809696,0.617282185364893,0.195970923218906,0.85323054037367,0.252863577480885,0.232692930097946,0.346478893005245,0.944964378595369,0.313313058984725,0.702059849424289,0.324364941676955
2.20031118403989,0.836253704978561,23.8055807286758,11.6906650700782,0.62998693857052,0.294941913230481,1,-0.0037228594157607,0.493351348384406,0.880226274388755,0.219482049918938,0.60655125980864,0.315928158998997,0.800822032540751,0.313733820327112,1.02601089599306,0.250128415457071,0.736389096436096,0.349441671838827
2.5385418840872,0.939782628646175,26.5262588949079,12.8865201332885,0.275588766284557,0.387989435860213,1,0.108647271758325,0.577585640058906,0.958599751496913,0.145967770880503,0.454352452871192,0.306931754638599,1.1281700944716,0.30508206250672,0.751763908462856,0.431425781643908,0.777417947763796,0.440017572367638
1.26731091387186,0.792922515469784,19.776047250198,10.8282886144792,0.018798223694573,0.54733311532525,1,-0.861728137129433,0.674810486697412,0.842149847772923,0.24681779018625,0.675810604190711,0.359764197439727,0.80854805337446,0.28011453507729,0.961761921078591,0.291145680637007,0.917306526054091,0.379810218512235
1.22487521186355,0.685783823402025,15.1089530200753,6.46806355066776,0.325315534964327,0.485172989771344,1,-0.935141860270734,0.705364021224206,0.510621981555574,0.210779999700847,0.792287811083536,0.26784794553539,0.605950996571885,0.249961899581242,0.54104692397974,0.293141119019575,0.342233468458839,0.341864809844647
0.406091338600479,0.467082934413847,7.59014324057674,2.96754798522589,0.415004248215256,0.459928646586089,1,-0.800478945091368,0.568440785518241,0.752860343774133,0.17694454036043,0.201828803207993,0.215496723298323,0.662854848409892,0.224918503495218,0.347631350752898,0.36722903803877,0.436897724994445,0.254862621032337
1.49481812482267,0.710190360757726,16.5956183786816,6.98558812653132,0.512890229061771,0.903805679850741,1,-0.417385545580693,0.564207938306194,0.853575827350333,0.231142193082207,0.80634987113384,0.315141749379574,0.606474355931323,0.292727121584936,0.675176481757022,0.242646685738734,1.02674173766065,0.256188125275573
1.32139121253463,0.697507406405796,15.7633062231838,8.11724972435293,0.494386075011269,0.531326274751175,1,-0.511296663372443,0.828927506399968,0.740698900413461,0.385386983404324,0.613933496307565,0.24675402569365,0.815056521332946,0.201004136005313,1.090589901853,0.235404093104167,0.558534425943571,0.356420394693146
1.5401115821335,0.698943617280778,15.8834905774118,7.00784196769818,0.111886664505878,0.52689053861756,1,-0.172600018550462,0.684759121347804,0.682856481986912,0.193668484759482,0.667302200275465,0.254359341047474,0.694035324541629,0.271552924139988,0.585628200098244,0.331570580018598,0.360662099431501,0.524102724676689
1.92575981566346,0.756408002357535,18.2529341477131,8.24973697850987,-0.184716529194391,0.372355260683178,1,0.101261350967591,0.499470759416875,1.19565916840655,0.227703345970787,1.00698480145942,0.227910698513211,0.523769395126166,0.291071069757703,1.19388441769406,0.262579530464657,1.16452450399505,0.270942153834914
1.52246410586636,1.0567510331363,34.8968778093033,19.5683216028118,0.674020557389964,0.643151591993983,1,1.3041803117492,1.22791383532329,0.406247117552377,0.436532538233969,0.888046716767821,0.194920957472842,1.1232929904404,0.262853241762819,0.880295512189364,0.294247923136834,1.13122769159856,0.420026351359028
1.00725968552207,0.934773651566349,28.6805074430059,15.4161195330293,0.613402792975881,0.900598409280294,1,1.32272241840034,0.873622066531263,-0.132719146890878,0.514336777886981,1.50555283267205,0.282146954714213,0.333970047032626,0.33499377830382,0.543620554831133,0.439796749485045,1.13733480049912,0.295952892669503
-0.0677650898126349,0.666652683317779,11.7517530677275,5.5215316229113,0.813529768481477,0.352830316033273,1,0.524648677243423,0.901009234638057,0.658735761441212,0.428024120294537,0.699554038682145,0.266266673241145,0.866521865761075,0.164199611481538,0.508639399973482,0.406071236720644,1.31877613080159,0.352616559217447
1.19017423594317,0.822695117709407,21.137294344776,10.2308258845164,0.377072214759945,0.780613995231533,1,1.43791823380277,1.00389764788713,0.0608779298076081,0.440524308387069,0.876469034797504,0.311176308389747,0.653039032878606,0.318673731621617,1.18328868763128,0.194014889580373,0.309410238286968,0.237086174348985
1.15533120133871,0.661289512522713,14.5919405172708,7.29166099095756,0.77923354352656,0.240337742242861,1,-0.125617921377556,0.835328270974497,0.540566056692454,0.402717040609397,1.08153613345714,0.287086821429999,0.726910215705805,0.239778539924221,0.846177902280922,0.258920647620675,0.4369645581073,0.280060558229177
2.21297853924335,0.907540643795266,23.8384602302266,11.4843330850083,-0.339221533611436,0.265174507905351,1,-0.378152064574049,0.821662588186973,0.816598933604945,0.229482164425732,0.913639921684934,0.195251909345958,0.431618597572963,0.378470973123664,1.13470275849942,0.252879171356627,0.918174752190407,0.362222580595435
1.07085956017204,0.735939254129138,17.1580930474038,7.81266555473491,0.731448632867475,0.388221802955475,1,-0.366258239421846,0.963527005589607,0.887035247846285,0.305041518127351,0.783536874761875,0.183034707992197,0.709966462053152,0.212004038083617,0.620811617763903,0.363101437996836,0.93618952456096,0.332278555246939
1.09372313697156,0.850824572696217,25.2734964760266,13.5269630388382,0.226954495426754,1.01601470232763,1,-1.45472506101759,0.711152279953956,1.09384280123977,0.187667717111581,0.711041603892329,0.335984705941897,0.790229623471182,0.174368935106083,0.840595831944918,0.457873094608647,1.13842897233447,0.421249744413752
0.410988138542573,0.381778294438452,4.72050808312521,1.68780819776891,0.329997074071843,0.373549912977073,1,-0.381601603362146,0.422542050476188,0.478157690483541,0.185743672261349,0.701521162719595,0.15769181534245,0.366499053043859,0.29137904981022,0.895611243879021,0.273444679595821,0.161145313785391,0.360393338020388
2.03874246187789,0.923709064516645,24.1396849195618,14.0319462836392,0.832373730346149,0.199587697243128,1,0.647007934324217,0.882482927723117,0.601656842558432,0.345356259968806,0.483551675748069,0.413350088270923,0.893141391672824,0.258337077122557,0.580402299264635,0.313906074687975,0.556356966253887,0.381039625049427
0.501156407948626,0.483772352089621,8.07803428464026,3.44645255456354,0.267387007337298,0.47265206574975,1,-0.581718789268391,0.578739100945723,0.917856878894498,0.17349072007176,0.147073263608055,0.315129586145472,0.947701937711691,0.188196431431998,0.813242302414129,0.26815659439231,0.570391869608282,0.269501609361055
1.69492470490334,0.705115262918363,16.709875776786,7.01805648052491,0.396146391119213,0.632389755896382,1,0.826344035436393,0.924943275624714,0.758815379020708,0.339984072020171,0.873001936569133,0.280447380436041,0.432410573433381,0.263974408226216,1.01661206302979,0.220605476928587,0.827151071928488,0.18888642310065
1.21945104545622,0.847330666965058,25.6651152127737,14.49970605307,0.858937327978003,0.112527619336137,1,-1.28360017432547,0.637422388615143,0.990530626466234,0.204174595780803,0.674674980212206,0.302423479674656,0.758300806441942,0.351833557852534,0.525472979891162,0.451689716605148,0.856935155850468,0.4046135297297
0.540688694134123,0.941329124692668,31.3697838328345,20.6989207807173,0.222276738609525,0.949956048143396,1,-0.864142606951164,1.04914179704015,0.892021427897204,0.463847488116937,0.531452832086638,0.379444520944475,0.603904449030267,0.366075306572913,1.1324765369577,0.218903066871322,0.833060621385745,0.442429892634024
1.93417365035471,0.73637826253797,18.8430799489953,7.97300484042877,0.0925789446920196,0.477414502030324,1,-0.0684165323723972,0.597944211319201,0.899410419478725,0.239934749658236,0.87825670535115,0.277277356767191,1.18034226825089,0.181827032315723,0.710962540041264,0.31530186843902,1.02544853853726,0.147404959597109
1.5827688888489,0.782416696791756,20.4452617592103,11.8961107542316,0.150382166005505,0.571360456204062,1,-0.403322862380647,0.781805838585192,0.968214454804922,0.312690851235925,0.709467969738708,0.314852809804811,0.655970652052714,0.344225318516073,0.588073511806651,0.213977716957018,0.827643910291563,0.275833530771554
1.12372078755743,0.559657483293575,9.64112036800884,4.06167618795852,0.37609382268347,0.565392261782654,1,-0.248915918647326,0.538395563080706,0.795005274100576,0.196762192406853,0.689551617211742,0.2827808859338,0.114269952781882,0.382409345876049,0.554738254714605,0.295776633624765,0.653103293434038,0.297440624840617
0.417148887959404,0.928632178005786,28.8985823545472,14.5963830418563,0.4102354622028,0.619774618852846,1,-0.486478859374651,0.770258340836296,0.666291023992765,0.269088134313631,0.845694275996845,0.244786291929445,1.12586219195888,0.322439107434437,0.991493403573439,0.285242878449668,0.391863610564567,0.336271363292062
1.0776191375038,0.625499876445432,13.5546443979022,7.08454491695585,-0.236550771805462,0.322446112563403,1,0.497951597424737,0.533820385401379,0.919849213118657,0.229774230626997,0.720578236691361,0.220253087339779,0.919395238005679,0.300672638728239,-0.00506872612306472,0.444693416897355,1.07388601091037,0.260986829937316
1.06932364590412,0.857758439554382,26.2017285453208,13.1221949710623,0.438857870357116,0.75740521003933,1,0.0899937840319647,0.677582953450674,0.866191667881802,0.230229129310646,0.824030358814938,0.325617034959586,0.535021331184579,0.328448807137648,1.12663846067627,0.203561132851763,0.646916864702901,0.343618488341808
1.29183074796223,0.917865041698784,29.6190146630406,17.2541522622515,0.403098145277844,0.911162288114099,1,0.27843005368281,0.661468156285345,0.340904711974054,0.283392282252002,0.856794025329196,0.365868851920084,0.561698736450925,0.437397993211175,0.630580992210637,0.354917988717834,1.02631696601152,0.286971802975035
2.50867410987752,0.798059017221354,20.7803892854374,8.59399559686305,0.376257332983275,0.981342012114661,1,-0.821402808628086,0.45505497244395,1.14809565192413,0.162144673098605,0.665972082277458,0.291463627526555,0.912402709401503,0.233664465573455,0.65152040469909,0.319477635804073,0.898761381904499,0.285259414697902
0.927181756092891,0.784900734142387,23.2482358448101,11.2989665868801,0.511679171772077,0.638076937330824,1,-0.445752513091433,0.478018648491268,0.851704824601383,0.32770854533896,0.714203431813051,0.251826234656244,1.00677595204462,0.222419523538628,1.42415591139097,0.258396391045505,0.963926366284037,0.300479979201818
2.42033320611588,0.85218513308166,24.9147099991798,10.8236064039573,0.130360545504332,0.439139136934803,1,0.467270227407435,0.565152828978239,0.766432629887712,0.218580873531792,0.589047675272556,0.235390425395417,0.695061051249819,0.261289544563699,0.94069837087533,0.254797462294549,1.16295580688108,0.275336685529473
1.30378448138423,0.608015388701933,12.1233104731492,5.07918766594511,0.681642603096599,0.346056470638637,1,0.000981707678561928,0.572859242482361,0.589813839782742,0.2052111455184,0.586954254767698,0.240326680534551,0.609809525367699,0.156532463482638,0.740687792462931,0.20442847271083,0.640955081961708,0.251943772048854
2.10548655027733,0.757381716336236,18.2973986232856,9.31190040296571,0.637135019926721,0.780001895066562,1,1.58802523944947,0.79916780906242,1.02155746224507,0.270158360469474,0.995833654422808,0.266173182202578,0.682827975768985,0.286624381710778,1.26931323607212,0.278772902903026,0.72782147120924,0.283129871965917
1.50218104482219,0.54780047245614,9.07884288366969,4.20029579202488,0.429331155980275,0.483712238878248,1,0.4121806086529,0.630828711010884,0.466947534291355,0.240044528395925,0.720593273975653,0.164323546165556,0.734124039401215,0.300051134433601,0.257682092148758,0.387554787264667,0.778824813752369,0.350216865417253
1.85691611327407,0.648969723550214,14.9259077761309,6.20899041873056,0.346511929736388,0.651123449264419,1,-0.403836617600341,0.577446227552076,0.903924976485551,0.246753530053974,0.939710224212892,0.230675530998547,0.911789057965623,0.238841038010485,0.571513554670892,0.284379294089129,0.918869674736437,0.302762168856444
0.804589504437769,0.544604859099423,10.2052729460239,4.65735662779239,0.877514376522982,0.0772476860378105,1,0.045941390947935,0.639761932595915,0.844720888574783,0.187409455987068,0.38949343136314,0.240456679320728,0.733091783705659,0.213308217247841,0.701235365795108,0.262013933907861,0.673856763666594,0.374099861688722
