"beta","beta_sd","omega","omega_sd","rho","rho_sd","conv_code","tau1","tau1_sd","tau2","tau2_sd","tau3","tau3_sd","tau4","tau4_sd","tau5","tau5_sd","tau6","tau6_sd"
1.89641678073443,0.384303682565262,0.766615454913501,0.52642578758425,0.583078774944904,1.11933173214251,1,0.300936423422359,2.15983585467833,0.911464249441073,0.398707631492086,0.579959016025149,0.358553029783269,0.715284157905038,0.256909868969687,0.826853340976621,0.312933876517652,0.71053187853636,0.342507778439678
1.66002953778855,0.513408952954312,1.53925699670291,0.99937411335958,0.488611420127543,1.04296647064192,1,0.340624230236523,0.900456072401374,0.538215601260632,0.373389722353284,0.941085905895363,0.293008014252351,0.430300587615507,0.28388322970864,0.798234876533797,0.34237065369539,0.972070496682293,0.571254793375019
1.46133528620649,0.598723845365324,1.99477605558385,1.37181775290623,0.301194466756656,1.73235996172345,1,-2.87039714785016,3.70476198824879,1.30451191985933,0.873644872402804,0.826008193809413,0.291740092107912,1.11607024146712,0.256651416557846,0.737837868636606,0.4642115164264,0.712184128776294,0.647117828028449
1.43802367808095,0.457652956677862,1.06915789583604,0.64522798314155,0.191326859737759,0.907685810434136,1,0.335976988314407,1.00550337287674,0.044047750187941,0.443890603082144,0.743397770327173,0.264846997043786,1.08020597353153,0.284972382087537,-0.104520668616415,0.674087991273182,0.774764938067386,0.522635026231542
2.0076285143182,0.70052555211794,2.35435449355535,1.58368900155525,0.34766678937191,1.35967829577088,1,-0.746122711742039,0.686681148008515,0.982610847554445,0.222968898245297,0.997735542008653,0.272110772946042,0.884127080747106,0.395411241820538,0.704061414329182,0.571029056248065,-0.324769329874514,1.44137504459757
1.42799274793379,0.504985258910848,2.45899132230952,1.64390184809368,0.325294045030788,1.03537434916696,1,-0.419825294362546,0.687168732238962,0.967825128653896,0.318581692702123,0.872677797346185,0.352426070816701,0.599471171252884,0.341929877325138,0.585324432319451,0.472833087114558,0.911583401821333,0.531595943738784
1.84049651509288,0.414538288451138,0.695509995374771,0.443564905821274,0.344132267069833,0.503401100505716,1,-0.274094458032276,0.583861158837412,0.708558081728136,0.21451270173765,0.45069540407074,0.333891497135318,0.782239865236499,0.336803180621397,0.649196185736292,0.364555746174907,0.296618099436238,0.414248402669576
2.03592154602961,0.591430460123409,1.27372257642228,0.76286154285644,0.0180186282214569,0.85721154442036,1,-0.126602083803921,1.76072674315134,0.797427356278003,0.493613212602379,0.888953688740827,0.299827532121677,1.12825163090559,0.36994420368031,0.730510959968936,0.402878921928015,0.498378177041476,0.522139103069672
1.16795124698782,0.434989310778111,1.05201355460977,1.1403449364938,0.928735608958671,0.0625121949610122,1,-0.971008862479943,1.14333364047969,0.928858929819812,0.22143551233883,0.348675812487789,0.411271322311773,1.07226765158376,0.252730293079166,1.04573828288974,0.43850313217752,0.397913333520527,0.752417911579514
1.7157109562723,0.524440860807343,1.17772629253964,1.11157563101504,-0.020182606052861,0.746672564824976,1,-0.73476843330754,0.699893790831458,0.943769966959429,0.295684890269766,1.07444445720102,0.323440537932995,0.820168199397203,0.500103720882065,-0.798636528917432,1.01908775929703,1.25806444255882,0.410918967617821
1.66749154162341,0.499590598549628,0.544535786085935,0.589653929119239,0.470606615861211,0.94135142216232,1,0.0214646796251486,0.834367266190576,0.706440690767983,0.198497599769742,0.415092197425276,0.430175050196205,-0.318729617324215,0.442512977981324,0.566827015180157,0.393082012808912,0.214212656108616,0.481453761056331
1.69327524495168,0.298745917482509,0.458735134709496,0.265554214399885,0.276167150108184,0.661364294885409,1,0.143127863937429,0.818626166772202,0.789831641065855,0.302075940337786,0.405196897573117,0.392227376377882,0.795528187381365,0.282893938922727,0.230865282883965,0.231879106858338,0.507615697330202,0.320486731907659
1.66529454920238,0.474726330741377,0.925209717307392,0.503238760429562,-0.35631128731108,0.394304627655309,1,0.122254435767463,0.970667741102879,0.94504069341266,0.286129150324346,0.424045863236996,0.282929737224448,0.605626302014497,0.269702223423858,0.835234274542865,0.320746592614797,1.43516818676274,0.492827431051012
1.5621266365248,0.312550868679008,0.398738602416155,0.28133550494953,0.141177011537091,0.63530705376137,1,0.704824496458776,0.701884138638949,0.117325369766185,0.356866860544359,0.516833945665616,0.299738320582345,0.801314276669815,0.389449625973774,0.684098050997094,0.418812339816143,0.865551404411824,0.346060894647291
2.51852987663851,0.846870062378321,0.806585988911998,0.866832887608433,0.41265717209138,1.39144728766597,1,2.56609986350445,1.51847819262144,0.603905478577136,0.59043221851958,1.05378362559107,0.291097988654583,0.502635382815463,0.378549933556392,0.778369336738603,0.623846863466568,0.948787581551459,0.491777140282254
2.39768762530441,0.552853651231092,1.08428028339497,0.85524409020616,0.126017098068458,0.824621460785526,1,0.362609610463648,1.03769604347454,1.13947005221405,0.345229926079354,0.870735729073335,0.363817105136336,0.531572381175348,0.385613718142727,1.07245372703425,0.429027451132804,0.625067367696336,0.450008829312717
0.958469938589836,0.247223419365506,0.358691781902132,0.287330107512432,0.0219490960293878,0.503745718448309,1,-0.147100879457379,0.520619094426422,0.292812946128394,0.283287801621489,0.625959546327124,0.213211514540882,0.444699697824483,0.413193441955379,0.551087880062663,0.42640352764574,-0.163194978131809,0.744051199454712
2.70026337799375,0.542353512982514,1.02873793444645,0.657422164064404,0.0102859786991533,1.09112629546316,1,0.982127587605547,1.0108951943558,0.925735979826745,0.341045571817496,0.937850260461499,0.32254909079057,1.03766962080668,0.340682378997705,1.07715050100111,0.413854117661589,1.12092625456246,0.348547603150403
1.92297198780716,0.518075318900461,1.46157620934159,1.42322707684695,0.902562593435568,0.149260148959101,1,-0.492877017837692,1.39805192456272,1.04043234890993,0.36099412947927,0.933812532508337,0.255077745485193,0.90197103175185,0.403455629432583,0.853964365743656,0.473161970669448,1.20884302042464,0.277992372010846
1.6621702571066,0.519159928760299,1.17172139070817,0.732945721876833,0.218681120694745,0.924635307594514,1,0.0458280927398553,0.625931176439644,0.785491325961951,0.51176365721201,0.708958816408612,0.362527537519243,0.423960903458154,0.281667147826898,0.408700959512522,0.370004005134758,1.81098322868894,0.41720303609158
2.59529783725052,0.565887429613007,1.03183480221702,0.597395856891981,0.76195361653242,0.410575366076087,1,0.463780512755224,0.855461961114635,1.00572939049763,0.406437971883392,0.649162896537613,0.316997329969064,1.23465091279251,0.412328181194974,1.3661614642362,0.333561506596133,1.40665200064927,0.419405940010995
2.22404774108189,0.540080314502789,2.21298877354998,1.08911767741721,-0.0800709861646081,0.598313453497372,1,1.11048671891499,0.445444342923307,0.0898191357937576,0.591185396303955,0.937442049614084,0.317024295164729,0.834511684327638,0.379042950918409,0.373153258811882,0.436792932296801,1.2159333733098,0.318587346660876
1.86646328802235,0.375698752253098,0.622379960804315,0.515195822828747,0.861005546661501,0.106199527163239,1,-0.1949404472039,1.06596941456574,0.77243967173035,0.392003243428911,0.625169801222495,0.270262853995224,0.751540672600549,0.229305976771861,0.724197806057916,0.264438067496849,0.862773955352901,0.275612605055462
1.15995841051119,0.397071605070302,1.4250403786164,0.809266296254861,0.0714592784868047,0.387247333437948,1,-1.58648223253594,1.02643646667439,0.7304806428961,0.255177165410215,0.739346588043096,0.336770851579836,0.307451079271284,0.385592964885636,0.470465115871157,0.359802700915226,1.09255278332126,0.235904906143277
2.67424469172929,0.568108099817479,1.73467062821944,1.04657186017791,-0.701747247975994,0.207366704738175,1,1.01844792531921,0.64123588450567,1.02467764199773,0.311201522153389,1.13829509703294,0.246004861552429,1.13155760963591,0.313172167184586,1.08732559775734,0.368081724173418,0.889854736130562,0.492872682634309
1.97366208750443,0.485856447135927,0.797826669298011,0.435798116511137,-0.611368028504139,0.192347066596488,1,-0.366094000386332,0.882981780408708,0.648541897426183,0.420632691101395,1.30251066096016,0.295260182948957,1.01238962964012,0.228841131617457,0.295258852086329,0.394418650401591,1.11375902221192,0.321928566798217
1.6992318788803,0.461674928902208,1.09153812021683,0.71243593192582,0.135357815280618,0.57362317183219,1,0.0934732278369001,0.610659846686293,0.664664075808733,0.284273463752752,0.703614288273971,0.33640996772675,0.6356491936283,0.301712539462888,0.54978676531397,0.545535680388074,1.12559269135355,0.400870134379907
1.65621630410546,0.477494070311183,0.349146612886848,0.46446162706539,0.875673954442724,0.275874646177279,1,0.182485712874232,2.37108916460431,0.836716219138377,0.595637711032024,0.487446748749132,0.240008048777445,0.891060881170425,0.29678123020868,0.525273198322515,0.350197358958015,0.377110248878893,0.404162304127337
1.87898257142005,0.385501359974103,0.212926918538945,0.20958200234267,0.672638407741631,0.453403250508457,1,-0.557955067696038,0.861554472953848,1.15338895740246,0.352643935169742,0.905366476211946,0.339382651692904,0.117855375438159,0.457784047050681,0.49366979620479,0.343773266433615,0.794703425950452,0.273959623703905
2.09327043552947,0.637884943593175,1.66918971749696,1.13487184695224,0.0321214095681598,0.823607574802151,1,0.0392690228324717,0.650045474987506,0.890976457575728,0.305622409547446,0.960318977997292,0.31142044120727,0.287783645342752,0.564655022086947,1.25640356215984,0.443396537647524,-0.602652108390598,1.12856634378176
2.10447228745792,0.609884989973112,1.07707996219099,0.740705460811917,-0.113081732130071,0.499214838627709,1,1.78738766955045,1.32098053344267,0.38193723230894,0.438373421494198,0.89667137275492,0.332400778965552,0.924174253501356,0.270585646125453,0.643783879333592,0.465729016290593,0.928572270265272,0.312773443360091
2.30299468719015,0.599986853251079,1.85184611138026,1.33317594895952,0.238480084655382,1.22252058792357,1,1.43958579495809,1.24820690676297,0.88310060085314,0.395609596240743,0.826108036033576,0.362767547440843,1.2208148825126,0.243583548252641,0.337936764379389,0.512661597224941,1.1271520253624,0.316217375750201
1.28672347124839,0.372831298644768,0.636829243215924,0.342340343234629,0.753170650067538,0.356253785831773,1,-0.681197317773583,1.24880925086545,0.438563702170436,0.566043996856744,0.90359660444095,0.358097619902308,0.494760639849832,0.202082914402668,0.561501100029159,0.342562366161263,0.695635564166552,0.293426766022764
2.29494119814972,0.55519470235371,1.19698854776578,0.846698001170985,0.0290136392930614,0.599776473468442,1,-0.238092926249383,0.864767248637185,0.855916827598471,0.238204425711219,0.97667311414196,0.349278869129191,0.4338290026782,0.551258651769408,1.01364080439596,0.323459641985588,0.846748780231934,0.496983519500306
1.4900466157844,0.368272048670213,0.502326179868411,0.579398448255431,0.65129514504988,0.473942368232768,1,-7.92066264478818,993.872177573835,2.19627149413755,110.535565913075,0.460967173112631,0.229439926601792,0.728031537383155,0.246332135726075,0.519611104328032,0.334715131688134,-0.0443091801407637,0.71463092134771
2.27857621547154,0.798672800845465,0.98152984678043,0.909084764723708,-0.35037131217897,0.443302198496267,1,-6.74303269958327,993.885611110872,2.19737890084135,110.414783172095,0.973736547963701,0.336420842492706,1.18127501964798,0.430729887222997,0.393035758162694,0.331605025491314,0.772052307968934,0.46099600733288
1.92390910483198,0.61697387554375,1.56036599020174,1.01755945331718,0.22168255398429,0.742199949164511,1,1.67152223498638,1.07378306471897,0.293380923693872,0.608110888245312,0.645513927547113,0.423597892589277,0.223444789677628,0.370441374338546,0.774555459277128,0.264628179973527,1.11463345503855,0.603580390336122
1.44438414407338,0.342025892687358,0.799875726122128,0.38915792234878,-0.128982588832645,0.488248844258456,1,-0.707004565893557,1.29881547877401,0.891781240378745,0.459774144975725,0.922869202817166,0.283618613799274,0.991906754671841,0.289146872306868,-0.218941845616053,0.463073451296142,0.2734932071791,0.378472577417788
1.79857033666075,0.465516913668034,0.856236978076586,0.532354263756232,0.551121803043149,1.01271630595176,1,-2.20186592413084,1.07288517450617,1.38516758250587,0.240394442414611,0.919956094886719,0.228304331231118,0.672623964261926,0.450412589335135,0.467986161651,0.607383310681517,1.0990404260045,0.26922476852587
2.63623267381061,0.711488123639865,0.651447977476215,0.708490436719776,0.935480108048704,0.0665322654154815,1,-0.0500227868089777,3.59844979700935,1.25658630657653,0.977485852318235,0.988378277848965,0.337184654989945,1.32209441982482,0.429230034053549,0.794433323019829,0.491113513514431,1.2771892139847,0.34799642969831
2.14419032534634,0.659088206049653,1.43839575342527,1.0667735863181,0.273019764336609,1.08541037219357,1,0.00103924103848055,0.891563930451232,0.833362945384409,0.432834684899801,0.871986439635139,0.443390154793946,0.860110928741742,0.311903695203107,0.693294413635427,0.382073283262902,0.192183376724891,0.536843972206364
2.82935465034207,0.750689710814092,2.28814949241479,1.56791984937153,-0.405121178766875,0.473658382175135,1,-11.2065161992045,996.87657800838,2.53549203383967,78.9753169350224,1.25887762495169,0.267269979529045,1.31971433185596,0.249676700338206,1.76916613538063,0.377967204456665,1.33219292140132,0.603665639152607
2.27724158862079,0.860851348253451,1.70107028332149,1.23347023276873,0.404442599617893,0.846106843453569,1,0.113529302426158,1.62917556814942,1.20347292216818,0.309219351054017,0.623738955485445,0.26762524823043,0.852096472140085,0.529527351440682,0.862161522152708,0.446405823103896,0.608107689274355,0.634027087500243
1.97250997336509,0.663448045068874,1.72857052394531,1.29009081040631,0.780013993580961,0.371484863841316,1,-1.1389331519111,1.6761016760836,1.33127136061814,0.45703694608208,0.826006688355344,0.323089047571645,0.400970495131871,0.458706362713979,0.997880105434603,0.44845113985352,1.28406885350659,0.45866767809629
2.10833218752549,0.574216973276865,2.77201674683983,1.27648163815862,-0.230986074095936,0.444231020834316,1,0.160977016235541,1.04842478417337,0.698342826399287,0.509227202650442,0.949249475768761,0.283788653644087,0.863470849957761,0.25320285459482,1.01470381273661,0.385178487954005,0.75790051061115,0.377475984787122
1.42342434492954,0.375865186158948,0.304994862885679,0.246916170434099,0.511932761922168,0.53419743674477,1,0.411552887846938,0.729452307410652,0.691965299556718,0.254660518613903,0.387709456003473,0.286389508599303,0.510785113333226,0.3542639935287,0.528956430211183,0.437012922710751,0.602344777522728,0.29334519881955
1.07889168667534,0.467990513121504,1.41778347169675,0.832453660320573,0.190450451222397,1.04879981196163,1,-1.06209022103595,0.823684287294079,1.09082497094931,0.321565993856263,0.725898973655102,0.367219769362319,0.801748326398485,0.348772878289984,0.432073851351709,0.344386947213553,0.807624999535882,0.315461030035308
1.45079786164898,0.438813031040747,0.45141478716702,0.396029317930719,0.821317611143586,0.190025409866067,1,-1.18635147576377,1.19003819504061,1.23101407054271,0.29511306888712,0.472598100438199,0.337288215857025,0.400528345183375,0.365466709741629,0.457586267911165,0.421070098087796,0.788564775603173,0.423769289432873
4.59003731861627,1.96956035159033,6.24905127983887,5.95688471344884,-0.743635060724521,0.303318100311373,1,2.35736935261929,2.03066157131962,1.42622807723419,0.39804864570409,2.0157116350406,0.473037473331782,1.09602367297985,0.548112124049156,1.59196207240193,0.561189327271017,0.699906698881603,0.70099026442733
1.18490506464373,0.289568970374965,0.208446027997929,0.142929356197595,0.248164578780838,0.602627793515332,1,-0.98945031612908,0.790726574889297,0.526956951404663,0.452053332357129,0.462229172420567,0.292006740677566,0.228829114706085,0.296103921997081,0.676865025116745,0.238980401494318,0.31089842132301,0.379911296853289
1.63608742437693,0.396222583201662,1.24624929470987,0.836678318863308,0.107981659233223,0.662171791302449,1,0.124190281469964,0.771169747485715,0.763004421736549,0.269247973605455,0.560632799130446,0.215072338629517,0.300902303446113,0.379878632453936,0.784199805637799,0.344884259474231,0.457283034744427,0.626882590220799
2.39936185194579,0.771063843002816,2.49327741621244,1.64488332072911,0.382190894379204,1.0246831837556,1,0.161778543290752,1.55541378650391,0.859632525105336,0.62361776090861,0.997852938559563,0.31723504095515,0.912285618465404,0.386874286205595,0.462400797343821,0.635109308080441,1.17114679309393,0.254990663420456
1.79838306204044,0.5189199471154,1.16993956140398,0.791214168345084,-0.24200143397364,0.465437956554234,1,-0.135267994401998,0.921543179423088,0.651256046658815,0.358384897222465,1.24068740970097,0.319474178940708,0.804886332753177,0.40452856023175,0.31337037976316,0.645511389110312,0.702925196380664,0.40338663756055
1.35569456890892,0.258115418102746,0.296350585862002,0.173564449142026,0.0855602601708467,0.335333704803173,1,0.444560913148214,0.602513029262868,0.463236139133395,0.311552858826059,0.585335049047056,0.195839767407627,0.528538245302674,0.284798373079664,0.668615010624754,0.252775860402779,0.74450721466447,0.390466114090151
2.22340616801757,0.698924185798574,1.19584447117033,0.940290690233274,-0.104727124694806,0.893420800967237,1,0.659796663490403,0.90122522557628,0.705687020746003,0.404527389967502,1.18004590672638,0.415306703050809,0.695658572346271,0.367929321973027,0.658939853806169,0.460650588015943,0.73718661991634,0.48458444821382
2.15198543628587,0.682939997399212,1.27928684308404,1.09230072308183,0.457608155320615,0.985244656150097,1,1.40493100895191,1.83166347848258,0.437067135800738,0.473318623498142,0.732703679910313,0.408699693841269,0.875686217285317,0.389335516599822,1.02629707261482,0.531593290386534,-0.189034296001212,0.82678681952117
1.78145482245251,0.486408493998721,0.596350758538207,0.423107818179497,-0.385139256712837,0.551285527178873,1,2.49777937980909,1.09802058290172,0.359569649850904,0.443164385075741,0.532242378104405,0.457029810532842,0.677913889709724,0.369921988675216,0.439971091766057,0.498170662519558,0.96337014499723,0.236322378462324
1.42683788864812,0.434599114735601,1.24419537165932,0.683347526294549,0.265890848823098,1.23931080478062,1,-0.874043162929307,1.01872196365145,0.47526715907095,0.329217466806332,0.836651524843007,0.281670460688495,0.477191760173499,0.32549621009229,1.1665956951148,0.306864483139195,0.502301663220022,0.454431462762617
2.21874758324298,0.671460792443426,1.39560580917625,0.913874592935535,0.334361123751714,1.29126293350031,1,1.20268340487542,1.45925391118615,0.564832480366145,0.426273307376235,0.459628470838562,0.568442724506419,1.15433677767504,0.324809654523441,1.15788398388228,0.339485455997621,1.26817429043791,0.322438688514878
2.57157322610949,0.588033827412227,1.0074271424895,0.62796274086584,0.0419086322086641,0.93366965760692,1,1.43002589634712,1.20959886108189,1.46520995646453,0.313698738719325,0.300711934442884,0.344716384055867,0.714873316607255,0.421171012452885,1.02822434397105,0.359730943301445,0.686486221539633,0.329372317327878
1.26226813409412,0.408424570627057,0.873544356134368,0.603367733830834,0.149209607290589,0.574635715625629,1,-0.374379400421316,0.730555394373172,0.508200711457052,0.242275793368471,0.683623595424586,0.314292278862498,0.890204268827807,0.410142508570415,1.09917442990803,0.404765765115684,0.571548396033459,0.671723957844251
1.28578183110074,0.347856228707292,0.533427982509666,0.302087733406943,0.31972627024211,0.387352538459667,1,0.626350903482237,0.983802687192902,0.261603704519327,0.279877992755073,0.664756113605682,0.278109548280896,0.12512151689636,0.450124620190135,0.327254259784138,0.385106406211088,0.424401624737634,0.272768354331614
1.87803817450561,0.460457016987688,0.863423838171644,0.696235557873997,0.624017190797388,0.420886966676348,1,0.0435609824127021,0.535107195332812,1.07820681863468,0.197896169154436,0.776076075445511,0.301661892203543,0.251935277962601,0.599419321263064,0.54136902385272,0.308328762357124,0.497804554819096,0.826979874236148
1.90645336373319,0.532878307402484,1.19996100295376,0.687115864285689,-0.151754473649595,0.302583311992331,1,0.554866183148537,1.12302481124421,0.658642987259029,0.262047835318993,1.12303249615817,0.206098700076924,0.646350887187706,0.469844269433023,0.347135351746679,0.406965950168462,1.31779762888012,0.348598507866642
1.50993933511043,0.472973421353972,0.627269613096885,0.754862955192554,0.914304672654407,0.0899475940366715,1,0.0458452174441877,1.22667934443722,0.594759656099771,0.363859776930038,0.826829863612079,0.231069514176602,0.550611819862037,0.380998436001518,0.438010004644878,0.400711127996574,1.27910936769384,0.446041439856202
2.35516124157618,0.787503884289057,1.21997663217069,1.0493054986299,0.523707459950308,1.8740499575164,1,0.467646090593571,1.33061200406283,0.804265853046452,0.465678938262388,0.526729677713445,0.470300246207487,1.13643272716123,0.388862671461313,0.75392581270323,0.350733677473754,0.998650811600463,0.474591788507251
1.84012533397542,0.401549777817763,0.42407013247838,0.379653901615259,0.478773112074828,0.936863983879015,1,-0.591308497242225,1.20038400066289,1.26662720831646,0.29030665208463,0.608563730353289,0.332732714026434,0.318718912341151,0.374222153972919,0.766723978276596,0.248911632550781,0.423293513579795,0.50474502297947
1.5754432406851,0.423570912705113,0.817103961125916,0.475855725001728,-0.138876703342166,0.537028498773323,1,-0.256766372781592,1.82697547233328,0.415477888303924,0.56516633044373,0.879761588812269,0.42734735826785,0.856066999487804,0.25802740820148,0.957742970384137,0.301014459635864,0.387307714973403,0.36163281467427
2.20147120304638,0.545018015043101,0.732422767512572,0.478974428829506,-0.149484968230995,0.417342103396883,1,0.0306350292428034,1.07296159994067,0.747160230346074,0.466599079956484,0.612505520362063,0.385204332677042,0.907449091838185,0.393632396670121,0.61212837730432,0.401156368220177,0.626225298771293,0.383685210214765
1.65839029650928,0.521156374396324,2.18677611071881,1.23420385718776,-0.124204457591784,0.584422270159499,1,-0.567431910640672,0.654002852657043,0.761328636114838,0.301769256693744,0.427417220921477,0.390062777128566,1.27703739493273,0.262625469513158,0.777001525553362,0.356525437987333,0.540154217036101,0.655060700357855
2.10894554226044,0.551860007330506,1.14686495123732,0.881581036507131,0.600108299327085,0.704677701795581,3,-22.6031658540591,999.222916542394,3.23282170988848,39.4154052509326,1.12400673394154,0.325592844267185,0.328277403465601,0.406339541519255,0.598341105014553,0.511668671727215,0.388232323012607,0.541809281840456
2.83317181187345,1.4611208166994,2.66052433738698,2.87127446063214,-0.608337855323136,0.354514308350148,1,1.48678475985031,1.23912375894943,0.76489647553828,0.667762234698912,1.03358138772685,0.409112391557092,0.547187026529615,0.668279734844704,0.892221684659364,0.610482018435075,1.01414408258341,0.622483509228967
1.5136612043238,0.590349784540006,1.24392487216186,0.758801346552543,0.0157647049422613,0.526223846922975,1,-1.06990782356912,1.45753792590724,0.83190760445346,0.547207317280342,0.29870271397109,0.440859881785252,0.962268552091426,0.401515532340996,0.805958323493381,0.262485530136496,0.220878439673665,0.437462950612615
2.70646603253945,0.926995488312741,2.19322708073186,1.80328608546116,0.474205354846558,1.45809515208882,1,2.13896096079361,1.12377576045048,0.788310171355532,0.418389679430132,0.914195432109102,0.526658068699253,0.485082848472508,0.432914085836597,1.0396400279679,0.548718365901548,1.33840536165247,0.341852463416688
1.77865809265704,0.463644343537372,0.489765627019966,0.482667719761946,0.751748570779936,0.201716642911814,1,0.125830834344806,0.901105384162308,0.987347511451409,0.224552646521605,0.192228344780189,0.375712068325416,0.374858943842512,0.286970445995911,0.951698807071093,0.392088027689428,0.190865675784927,0.534215898135204
1.6864049504609,0.413254037637252,0.68530476048848,0.441683601879491,-0.177056889496432,0.594727332990938,1,-8.39141433017453,994.49101818298,2.24996810906179,104.821953850782,0.994458304549833,0.261301326449901,0.939029963111117,0.292072844059403,0.713296319671904,0.288780936537609,0.506934938295448,0.363227847387211
1.78653675422003,0.459563709862782,0.968348100390622,0.535687799271298,-0.156274111177368,0.595755429107098,1,0.640889441686694,0.855753444428624,0.742455639062918,0.328585802426713,0.489313876262431,0.411448864277024,0.949824237740064,0.334739552932815,0.854165293378937,0.27582963602904,0.51261119667329,0.407592071477692
2.12473783218801,0.62845998211737,0.864912098872396,0.670086438091829,0.110187817886573,1.28741272474361,1,1.43517982162233,1.01053143589602,0.438338822415483,0.506974737868884,0.994815958974534,0.282235163643173,0.595145531908812,0.441158644556436,0.820787725462529,0.543775574510572,1.60882410917931,0.292345093364609
2.48654020592838,1.14074263137954,1.69408542848388,1.29341859141923,-0.299283955466341,0.618900742019283,1,1.60804103434968,1.59327186647905,0.434371966128474,0.46145958452283,1.05209742833048,0.610847769920145,1.11785960591463,0.369270489716414,0.0920546944711897,0.553405734191852,0.615483555287594,0.313621324600585
1.63501684751252,0.486882598143747,0.699130210510718,0.48810464210796,0.266067249984946,1.10416330774707,1,-0.838799925959802,2.52145895134919,1.11293398608344,0.825584824303704,0.238955353646183,0.417916490219646,1.15288218737043,0.314910501792224,0.519344618688026,0.310721961233811,1.01461501160138,0.341430178982337
2.11345455472593,0.637840583954323,2.05547376218897,1.47165594787962,-0.0641534536393558,0.549742184497974,1,-0.41980843894379,1.01087354740687,0.728255704706212,0.338410607403434,0.920156340228259,0.460159083276171,1.16478972033515,0.324003244190695,0.732585036905011,0.394393484904574,1.66911448169959,0.502458091234273
0.987668725124608,0.360815613745089,1.17706903538982,0.656115164546275,-0.247251739094319,0.201250572476261,1,-0.926687631179252,0.745256500119027,0.78732642882283,0.1893774775594,0.721098009399177,0.278405419752281,0.691073588349771,0.24539129885541,1.12116056137435,0.32825764449166,1.44831802145869,0.701985751790941
1.45386111854868,0.467514165324263,1.12914487925534,0.781087935559603,0.518003387732163,0.910772367858434,1,0.119791428567671,0.902604225196423,0.217203053175357,0.451335615949636,0.917171913798957,0.329898273696156,0.428160651281097,0.3273653177571,0.828904625800679,0.342626495940016,1.04425996544188,0.322506203249558
1.94854930323828,0.662875312074772,1.2562793783656,0.935376595146966,0.213497054250213,1.48782095163154,1,-0.00367929601365524,0.749871691437232,0.413774066443995,0.404089287640412,1.30941296098566,0.356201595577447,0.931703874131045,0.486994621151895,0.465991341973825,0.498086420010811,1.1477685676724,0.481357024675166
1.42146361133002,0.352349074685459,0.349211102535927,0.20514685049164,0.166330241137302,0.698651369773129,1,-0.213195378039264,0.50636257428146,0.702868269002374,0.24827762830841,0.698448544721751,0.296152134473211,0.494382454026685,0.386613323374565,0.980278695105479,0.29468721229497,0.89499401117573,0.512052117079145
2.16643990927575,0.700053129798116,1.36479369924127,0.86967053694572,-0.0161035184374455,0.71001045425687,1,-0.793969888225808,2.1909117828438,0.809036877651883,0.744423800716019,0.811622804190907,0.368952585414606,0.55185105050331,0.41842900191559,1.21130275091709,0.312696115628161,1.20069211018557,0.37844171343472
3.09351798768807,0.960095652303482,1.16338253579728,1.12224723755443,0.92880356319017,0.0937577482248248,1,1.31166350042396,1.84522447367506,0.931480901201065,0.781520458521265,1.07594905977036,0.412599318429817,0.622349394435415,0.372843307717001,1.50115625812208,0.441201155000991,1.10946894037842,0.605323106972032
1.58008629829925,0.427954717458359,0.9180547102922,0.680364075259415,-0.0797382111273533,0.656659249670123,1,-0.672179846362186,0.855589490870652,0.717214284323372,0.291456766446124,0.668925389071506,0.314383346348228,0.490660952286779,0.421879087409001,0.198503740037251,0.431509335718855,0.819601744670741,0.349663457481382
3.74713823072394,1.80385940591825,4.55465663141053,5.09642096137981,-0.740951315324075,0.270710916480087,1,1.21538832096891,1.32669402691067,1.20754746505271,0.552181735358944,1.47339215701964,0.550980075031936,1.88756196651518,0.568030157718236,1.31086464158792,0.6241988639441,1.22117866873708,0.659177538674171
2.75279292503928,0.975479960700498,0.60371283945186,0.672449638724558,0.245530532977679,0.81167449375334,1,1.67795073907382,1.23534082220307,0.622177619733879,0.216320421213512,1.05607970904562,0.414721232198558,0.400140346519787,0.435805033129941,1.27486658633007,0.462026448792891,0.514364418965301,0.511252107819968
1.30612815321602,0.309158755381695,0.912176737283744,0.487892765832633,0.670866827975694,0.315520201809547,1,0.0146619127750494,0.56656233848278,0.698025263574386,0.227289591211465,0.887574678623787,0.22680596963379,0.796362296687516,0.354483937848414,0.703866778881309,0.309704231507794,0.895859917903227,0.41444922132081
1.87747301521712,0.473892631283899,0.658674761811967,0.424610909395702,-0.226367373129103,0.469369610509133,1,0.854597181710281,0.957697167297007,-0.0479364083105841,0.657735284069488,0.865083983203494,0.290578606132881,0.822127283773503,0.374486706811039,1.18892372712292,0.321516160296806,1.01957137245569,0.276290155892902
2.48716294052161,0.986888500781317,2.96003876966749,2.3405015350503,-0.0613956823676074,0.933840795062211,1,0.285514907680589,1.75115402774878,0.615432533302497,0.51162745704106,1.19499372088963,0.304440172391229,1.14560427965703,0.448872505335169,0.733220963992763,0.761694793084467,1.04389824438895,0.745606108792637
1.78586644085946,0.537611254304874,1.24715955021829,0.929192479164231,0.61864588140284,1.17661506365568,1,0.0251726773831157,1.13277193153497,0.486284232885227,0.474002064513092,0.708992941975244,0.316857726100424,0.764795599710147,0.305026017825354,0.975490331445298,0.409313782513548,0.807511582456557,0.463859841699109
1.11440546777814,0.32361159396548,0.860883926619106,0.54217976704621,0.0221295261252601,0.659762946873194,1,-0.221985754568183,0.496827094419409,0.423136395222603,0.359252635766809,0.593565399058476,0.342117827784932,0.950430119648064,0.273738482290983,0.791294661597729,0.549360334220979,0.0919976452429066,0.733898489370984
2.2074510450823,0.54421495982549,0.650072200265981,0.57541109627317,0.220031238321838,0.819661366515126,1,0.627374074984256,0.95680759989728,0.529055011676817,0.400352397788821,0.965042876496392,0.256469584115844,0.427939495911921,0.422881751273662,1.09593154976368,0.48114857684315,0.817073969884965,0.289452078471461
1.65869098926067,0.284459102107701,0.339901427341218,0.250992847107369,0.788830775428394,0.186490600864512,1,-0.0554144517546172,0.757379113394187,0.602677370686329,0.256984695895279,0.904505178419958,0.25486608482929,0.792374797136781,0.229958926899287,0.49085432280332,0.354568671935268,-0.310233333405364,0.789716250571602
1.36874668342626,0.413319594294715,0.823003444633676,0.61892568407319,0.261511416866786,1.32919899610106,1,-1.78853813229976,2.16062555763075,1.07420369250336,0.534548763191381,0.655584078392923,0.500334173547943,0.700364843063237,0.284039923993029,0.989773612928237,0.379806670668538,0.736718067780209,0.50647068505296
1.8596549587502,0.434502374584841,0.334853114254509,0.375470369903035,0.848162508972051,0.236487756558055,1,0.47849892007669,1.75955290444288,0.853893419913788,0.343055054418133,0.677193912824262,0.464770126913294,0.563637759153511,0.283427303621799,0.365135306708434,0.261032907673141,0.528290003726104,0.336465659633539
1.47129955822353,0.358645848375381,0.697111605631652,0.393367386027011,0.34690907215432,0.750182896203831,1,-0.214858630325922,1.11780126792004,0.942228644567151,0.361339017328529,0.430247130982317,0.369356453470138,0.823052604844681,0.264496010243221,0.515998738362295,0.25533109865554,0.630717596728096,0.429350990865759
1.92383929703316,0.515560557346766,1.2706418265626,0.811196015954262,0.401717372191899,1.09866438192161,1,0.503449174750359,0.946966471766089,0.511000174280967,0.53083647742074,0.495955501137295,0.295973644078069,1.01130314716077,0.245097742011007,0.52655261190224,0.443099619957021,0.696825797908778,0.576727957998882
2.57978035222048,0.764556526559061,1.86530799615963,1.08248707104953,-0.0935180273566226,0.876308368494372,1,-1.22892174400832,1.15880264828606,1.12988599313048,0.367003039272101,0.660251710394397,0.504198205526261,1.07615568806309,0.490283219082794,1.02902283505322,0.446252322082557,0.812100782375053,0.294264547736692
1.65021097981504,0.502160957731671,0.0430276121987882,0.257206354825772,0.892063883924142,0.0814474015332822,1,-0.17209831707652,1.25000445556725,0.283788112876878,0.496140969243989,0.758544537922907,0.312343348430207,0.855741040599598,0.283673790707554,0.449366566853776,0.297383112011163,0.230220375353325,0.380402326268659
1.76484024182922,0.540423330605173,1.38884855924942,0.890295775447304,0.836521565860312,0.189989659946623,1,0.900543468305738,1.08138114423998,0.282806390731135,0.56194520946606,0.955860409381492,0.317068378375568,0.544929889418746,0.239436777542294,0.665928137383423,0.309395593704986,0.341220987321535,0.422435647883296
1.31895621443758,0.325803312714202,0.546130241080636,0.386437064869044,-0.0643301023005292,0.578971602150135,1,-1.27202574113544,1.05318123029662,0.969137896846421,0.330806736613634,0.669512919914653,0.280526078966064,0.84285576179386,0.327554575546757,-1.28194225478836,1.08043470359911,1.05228398566344,0.366417469917385
1.73506138049375,0.482548802156005,0.937776455316686,0.724927692079195,0.92487682716202,0.0990049224526963,1,-0.839340874476947,2.05870678721009,1.26983240816601,0.535620904048058,1.03506638949659,0.264619424358325,0.4869636679121,0.278444102831264,0.869751239518057,0.516622647666037,0.549707659915492,0.523380852385164
1.7072301778299,0.466683185653927,1.42948570314996,0.938732344585314,0.18800683731527,0.596075333516258,1,-0.25325147323549,1.97441506370514,0.551317692406699,0.974480846192375,0.676779771831314,0.28443608421599,0.313792529922484,0.357396190737711,0.963837702580746,0.474227175431106,0.30133210260847,0.401363877814416
1.95008895216574,0.4391862689817,1.0453767220563,0.589772069827952,0.0539693004790622,0.540771745740865,1,-1.56217809790643,1.36040200858858,1.03229614298204,0.283767917812532,0.780927792325534,0.309537791491775,0.490090140629474,0.364570092488158,0.951314363975264,0.183730278630981,0.812501979956272,0.333386251235847
2.40827440382833,0.508885048787041,0.576841305458308,0.38360023843498,0.0471395900073181,0.431034138414592,1,0.519350046906227,0.586685776446672,1.14893323806669,0.175052135218676,0.492503230316363,0.324189150060135,0.490908047163866,0.304341689457846,1.21176780059071,0.341359981335052,-0.024475368007509,0.610025285356342
1.63635150421613,0.356399000402605,1.02563602047105,0.607275416626799,0.437480111573845,1.02584780392368,1,0.804223685651245,0.704239522307498,0.0404106371114229,0.450530588347254,0.797295228830793,0.310084810122504,0.457018323347209,0.373565424026134,0.627277770693621,0.275776140107646,0.843592176447791,0.244733646827079
1.68906936191481,0.401437442151481,0.644290407219271,0.46170879917592,0.378338497158784,1.23609373891212,1,0.0193226042853284,0.844917455429622,0.909365367955368,0.260035434549073,0.671474135054901,0.285919224333145,0.752073711436686,0.300162103672967,0.884316027482678,0.383557632761051,0.541332659578493,0.717278021136846
3.11701281466097,1.21029983731511,1.95154522405846,1.68354016983573,0.034111393590333,1.34378092125524,1,-0.247704270181268,1.38544985414281,1.15167562165695,0.4303390374962,1.05982671572553,0.404429293004493,1.3042935124186,0.457552012320551,1.54950192846593,0.423492693362723,0.92738409267302,0.69218331881035
2.09762627254883,1.25836408270832,3.1108212798846,3.81870392411676,-0.482245054119076,0.569580500974435,1,-0.960305166187578,2.42880826535461,0.762656624119305,1.08574006854169,1.356473870505,0.594025275970096,1.1450699941154,0.625930683442219,0.80779675477457,0.523289190610272,-0.468788287353792,1.24052864876007
1.53657404087037,0.382506160438077,0.528653792955812,0.452139496811813,0.256364036764625,0.749294196410945,1,0.302991705445541,0.722918455025691,0.827795811440455,0.287434450994574,0.685936108201008,0.261188037738142,0.660216030086387,0.306891895489951,0.444665849140794,0.442346203600115,0.712862778104445,0.552725294472608
2.13877186359713,0.490590854416217,1.36327741751922,0.965882861432974,0.386618017837944,0.86213822691182,3,-21.2834023498871,999.098498479814,3.1584749435535,42.4522138706346,0.37680611319008,0.317029942895507,0.865967638429019,0.207668367167656,1.48907402647763,0.405158830089825,0.861238175073625,0.54319698468697
1.63280597462485,0.498472984019392,0.404375182649294,0.279482518752418,0.388471793660058,0.919929750032735,1,-0.333456830384664,1.62634355638574,1.40484613317724,0.342382048196488,0.736409725387595,0.249062388462727,0.821292441887561,0.202188108683385,0.474030865937595,0.55363181047226,0.331681152818424,0.67999720758915
1.60328465977023,0.583932679440782,1.90123380795112,1.21494292419334,0.110981991898524,0.682605980644513,1,-0.204246060203794,0.932884154707832,1.02214455592152,0.273797087361409,0.91688779097429,0.346190705233236,0.891857680739969,0.640835340933059,0.675704423263787,0.327315461520486,0.0710216233771357,0.820932533705725
0.878628516572776,0.214471852696279,0.106651486456769,0.216345035049105,0.851959489254631,0.103722973568528,1,0.347483143838059,0.724007496278774,0.269470349838391,0.303423207234219,0.771429757066991,0.188168185360949,0.512318120235288,0.380744946644369,0.0127554411008929,0.802753348406885,0.658826950264433,0.594495906235533
1.68732116611735,0.51070913362613,1.37015330818366,0.716257806145085,0.341197265448087,0.901709140945135,1,0.035650435458514,1.28243660323648,1.14928939436545,0.418230929215575,0.431271960667543,0.380922992525505,0.881105508904021,0.297444834929507,0.936867004682513,0.329815150553074,0.189269270212379,0.480473410720302
1.29363519694765,0.35295081887619,0.460379426179018,0.262646932414298,0.574316194454166,0.520900184353427,1,-0.161554177825392,0.870210698545432,0.448597257845811,0.431066256037729,0.147229868684098,0.401310496315148,0.712497958989597,0.313113906670316,0.391668505928085,0.31006044355762,0.682024555421519,0.437933825169399
2.43659813440141,0.808155336779107,1.90753027627185,1.95396296869881,0.876991878624591,0.171638908948984,1,-0.661023342640968,1.24648750764637,1.23411795171809,0.352736078467184,0.850761349929834,0.480009262999813,1.37771901941598,0.453313485125561,0.0529591737058403,0.711985346804076,0.869935863173352,0.727901871582558
1.32137816390091,0.464590981750512,1.45734337241429,1.039266906413,0.342098432823792,0.984797366819155,1,-0.667545286555995,1.17432814434263,0.918230534470897,0.374201189878024,0.409997600149538,0.420251227050113,1.09389741394429,0.354798723553798,0.739960831297285,0.382728201298636,0.287607373024058,0.464801495877724
2.01025254428673,0.496165853087866,0.373865135264817,0.547527280978589,0.927232549356403,0.0871020420234181,1,-2.66870441808829,2.44643304148672,1.77129678616175,0.403430435144398,0.342970450068354,0.477605123336962,1.0331032327062,0.4436746195964,0.671902508493902,0.260636622210489,1.05166492589516,0.376437116574141
1.43528683578047,0.328860801383035,0.447275227406181,0.514791297396799,0.866939718640037,0.145551875141078,1,-0.103683339859412,0.963509452961274,0.786103978562893,0.246605905902804,0.654322368916672,0.288203365340997,0.781008759540091,0.293840846345476,0.651380265852241,0.352994853741268,0.697662132499768,0.231894143703427
1.47891870699731,0.433423789883996,0.9985928426079,0.605519483817164,0.864590149423523,0.223157130614489,1,1.21058885085367,1.51727887817263,-0.193093314304442,0.686205766483243,0.80311686958217,0.40819142089832,0.537338225957583,0.313488370180156,0.671232699321517,0.241753578596887,0.273022506821799,0.410480226604204
1.8897916905416,0.78765187206007,1.23032632484371,1.22056768051901,0.294967672294199,1.64887889952024,1,0.615104887217941,0.846636447102914,0.589567910141604,0.53767104133811,0.401725466871522,0.533687452439584,0.997658278594904,0.523510222396869,0.94563557580173,0.597579539361018,0.55995486044747,0.468549664412813
1.6976290105074,0.551787685813146,0.658786876491485,0.386684995563671,0.105189264823091,1.10200062019488,1,-0.61439862947411,0.51699063375561,0.680183894767482,0.377248246003484,0.767209802535342,0.31122594712958,0.539268707915429,0.347979237445007,0.605137511452499,0.373640432314537,0.62884252100941,0.526208932453653
1.84490128987975,0.28910178123055,0.691969373178214,0.446514610943481,0.544538537942666,0.849232402672374,1,-0.257327841990713,1.07294164219946,0.744501957439164,0.415152636465123,0.53482887381508,0.251554444341873,0.772057578757822,0.378492398315142,0.957361216393477,0.17703185724079,0.527580154365704,0.403332019313427
1.22324579685276,0.609086699448736,1.84427572985338,1.41074046394029,0.9142370456337,0.116171718301147,1,-1.49415579482481,1.64612619503629,1.28356804963179,0.352716149077136,1.10836691284215,0.263951572762538,0.308673745941878,0.580451197443424,0.295990772582427,0.663369532226984,0.286677348737306,0.566007734351984
1.73784581723742,0.494967934984149,1.78714015046916,0.965441047212336,-0.388586630042199,0.270744110635945,1,-0.948699721487938,1.35174073159107,0.811989449056156,0.463659511070813,0.825689970643817,0.285749954271366,1.05096003078784,0.199585484717279,0.750844381397539,0.451549435099685,0.662660051544587,0.551867773782336
1.49170939175015,0.342092836148262,0.969965685022408,0.519268107156808,0.602459662452557,1.03925948854206,1,-0.941577768795845,1.40827408431244,0.821199349024137,0.390006208505855,0.821256707598029,0.29731790633972,-0.0371503296422417,0.682083339575459,0.529091254553462,0.364437446920893,0.853585803354604,0.328080190249306
1.80577163665769,0.366458945881397,0.382240053313371,0.260061151280177,0.524655719977316,0.506608614854152,1,-0.230517582291335,1.01136999437676,0.91967477425711,0.355671566895687,0.704512515908827,0.264103619591184,0.49888949352912,0.363511578202508,0.967387666256327,0.267167881303538,0.765841087493777,0.302833598629336
1.87541433115982,0.541878688627652,1.39107512515171,0.885436124315224,0.383277222307179,1.02796212556054,1,0.0106248545258113,1.3902226377778,0.0998007017576318,0.65976799108378,0.995882333538331,0.316195354853374,0.507559570318718,0.355350886912795,0.75477290871414,0.420630473458709,1.06229205018689,0.421626731874596
1.5419194963313,0.403598322347637,0.872805686456732,0.591209241708137,0.58159406922338,1.1442762065726,1,0.52559752357404,0.845696572062716,0.860044006716705,0.27835293656388,0.630430515381474,0.278477540614052,0.82651701155322,0.286511050182997,0.463365787507572,0.431670646792802,1.09169636131933,0.408422923528033
2.17586901163429,0.560370987682388,0.604784543908885,0.515523749596598,0.443028757692464,1.63027485964991,1,0.658016274834201,1.11465166632791,0.939031619648509,0.351786511112817,-0.0754647987251767,0.569348047062293,1.05678509822827,0.210920666035329,0.867715686828816,0.349263520679184,0.536708136829065,0.455649579281808
1.75425852105191,0.496015814319557,1.84699593892656,1.2717558215638,-0.217946973450286,0.60608793490241,1,-0.419244401065509,1.88258096332388,0.745865181160259,0.89292379787359,1.19566561008573,0.275951485078698,0.700995895188873,0.405451145615667,0.973214139491597,0.387951206502009,1.13338458606034,0.577767760067466
1.10912465508549,0.309215145615162,0.594059608108213,0.395010352731377,0.323080022792124,0.717980268542077,1,-0.260156972067582,0.864857993668899,0.787219774076684,0.22146405932741,0.360488329240208,0.43263618976664,0.23352328182044,0.444460197093098,0.679799839396176,0.287450386506715,0.549329084963242,0.341817144406321
1.70879913469579,0.33172169569758,0.0975131928497619,0.23810939144259,0.913279418019661,0.0733241202831967,1,1.03557820589849,1.15996912440959,0.743961528521294,0.464659487308945,0.246920178579131,0.515543445033148,0.671492125184458,0.330110776537208,0.293230323735783,0.328844104223886,0.229610317614805,0.57319860353565
2.30584828486014,0.802887019518674,1.83909470386393,1.22857851728889,0.027524710184119,1.02595705032855,1,-0.536685899580364,2.35833132951635,1.10533697697932,0.708254227337416,0.799639240392057,0.408271569500687,1.19541790591971,0.291343383548367,0.982191768430555,0.55180500731686,-0.384679167024038,1.04251028373404
1.57220033068429,0.361431703536825,0.735713116843096,0.547722586891875,0.836145299278751,0.177137882346552,1,-0.490077935317586,1.37736956671239,1.11025701443848,0.268653071831117,0.675487882145806,0.361583419119715,0.473861878085719,0.265732748347227,0.336915502952211,0.3840114245343,0.638438660938776,0.396278235554712
1.54330302127132,0.418287722238865,0.761914510467625,0.493410516724825,0.409188109183274,1.38800760403172,1,-0.919369898760603,1.27210024784509,0.844824872364632,0.300765597115164,0.513209028166853,0.37059521401898,0.687605181888797,0.230752660050322,0.692196413792704,0.226569665198613,0.453070472636647,0.545150344535825
2.68132864461292,0.792131131747549,2.36558113288817,1.47161654694015,-0.421875641496911,0.522836371750992,1,0.760666541292266,1.52952381718369,0.934880257014151,0.465682894834535,0.904898660225192,0.315418502761948,0.590646485278572,0.378000113900979,0.995508138074107,0.498804229331148,1.00268510160042,0.402489964888849
2.25476628361546,0.655951187517647,0.887668616655422,0.68501677478661,-0.198771568909882,0.752839814630412,1,-0.413554721877609,1.57285583187707,1.24783711476724,0.362074038107713,1.06044219454197,0.428834610533232,0.349466925180022,0.615485522337348,0.861500807860893,0.309590563809326,0.777722232376186,0.385629376142568
1.757411551996,0.361439218665663,0.0673227454112608,0.379242270222259,0.964045649211218,0.0246453562485147,1,-0.899120272118968,1.76877258564826,1.37581060791875,0.373402542414438,-0.0898208237293297,0.341952921714735,0.82939347243566,0.220284142605458,0.758676958218988,0.365082880278572,0.279144326547756,0.308055457273118
1.59149972179316,0.397523658197043,0.642363882172839,0.388178618275584,-0.0753006598953716,0.73417150806392,1,-0.371328303573816,0.968613450796087,0.977908291018557,0.280982508686229,0.455133761943605,0.290726556708382,1.1743193000431,0.324647674703427,0.31929596823263,0.59886141388802,1.10211023415789,0.405186006269758
1.20392237255973,0.408094829796704,0.791794381593943,0.555385457063387,0.154127990579356,0.881754450429954,1,-0.256310330028904,0.495932305494299,0.635398452493219,0.354410496425218,0.182363961119333,0.512374556095148,0.506162802599464,0.349226181825429,0.733639213853279,0.390178744523797,0.0154776908045947,0.597550217794112
1.60944824020609,0.529666751763247,0.51995997332828,0.404577727691019,0.208944258671529,0.6879852084494,1,-0.919563595642288,1.01754601713808,1.29986183035466,0.301224292455778,0.634870395856865,0.283688189166494,0.353382771458638,0.49266649940684,0.329778243176802,0.451811241774747,0.965198990422219,0.394857763477375
2.07463077018178,0.465595245401934,1.13043048883083,0.6154090639319,-0.272966505353206,0.211206925379378,2,-24.8227135782752,999.336878512676,3.31220546259827,36.4115828744151,0.668598754648776,0.234549004950854,0.754648519178762,0.391144423739083,0.596803699457555,0.360584547589792,0.730007475974885,0.40036953375783
1.38531738538375,0.303596166622807,6.5157329213238e-15,0.000161440205452372,0.972163772928943,0.0178043814191572,1,-1.40897399718974,1.4209263748925,1.0438742036046,0.217526522856867,0.274458436042559,0.360621413296233,1.17158207629005,0.209645685510356,0.315274417020314,0.513126602868171,0.388760184248871,0.559384258081625
1.35415551466858,0.390898374655918,0.925663570808286,0.658405630382095,0.369314208039318,0.940243122775366,1,-0.95466444229168,1.07722721042058,0.866693896151428,0.395039356102363,0.384078183619551,0.392860458725776,0.942452909598721,0.260352918386106,0.517625185441173,0.346432024060072,0.356346783070552,0.410081210332778
1.58033742338688,0.297202883765982,0.203797699864892,0.181014229710434,0.875052864686172,0.118177885345881,1,-0.0360986297240133,1.26538785079762,0.749638235392837,0.375937793778737,0.626546178529406,0.200803596785631,0.50820207184844,0.325393701342325,0.328963621861979,0.393709331365887,0.878510977113879,0.278161622911579
1.86702358298566,0.627940170420354,1.92662609197465,1.26534683948309,-0.333885475888578,0.550242829140058,1,0.570285988913644,1.10382422025772,0.709504212933784,0.261846629442208,0.947795320304767,0.369240433428783,0.972014891447078,0.512171823655961,1.27663985532034,0.328213236403154,1.02466680869148,0.398857307462129
1.07983018837532,0.343079217106609,0.720942557691417,0.370959892482262,0.149318524382944,0.58749276867666,1,-1.82666036447257,1.21723245754021,0.731130054740428,0.299689110539021,0.726277175061913,0.321297383861271,0.929375501862662,0.251049528886322,0.85439428489172,0.231415815063086,0.295083214100953,0.443174175771277
2.85146372211285,1.02333218647187,4.29126574111091,3.53789820790567,-0.284573662518054,0.508520074417121,1,-3.31244193771314,2.96976207151462,1.72284784773551,0.560969426139486,1.05898165705037,0.635055982869255,1.28709132138935,0.40730765815609,1.04460759050564,0.2743550029971,1.15954265562065,0.350571179115875
2.70483097605511,1.045518646512,1.96454206093677,1.50722717243814,-0.522655890790969,0.365552336409307,1,-9.51182494714108,996.533550778543,2.48311641145154,83.1933954476549,1.14621850378083,0.430366458989683,1.18865466678369,0.315814621802798,0.758073959765157,0.371456217345717,0.896389127049959,0.522395984346185
1.5685723159757,0.456715924278605,0.141308091312535,0.154299852345237,0.318888769555289,0.858329189476047,1,0.438859217362337,1.03500992590266,0.363953577388855,0.668499602499888,1.04250286338657,0.314277023173646,0.399782871767945,0.261843880576789,0.452330889285752,0.404220269065573,0.399988793575715,0.412853620645662
2.1768635489463,0.560733134133545,0.251689899451941,0.3849345843665,0.900534299050257,0.0905519119685447,1,-0.596876489300499,1.33321144517808,1.30736283861608,0.256011793029975,0.7824385109919,0.38634977676927,0.701590618715774,0.409039553707506,0.738861674230904,0.3355452729698,0.581643030188977,0.308112518889169
1.84366325553032,0.38590930902933,1.07617360021674,0.60266199797782,-0.204298236078936,0.313868875364622,1,-0.0549082810338299,0.887348754864188,0.725631624999015,0.344162119788498,0.697139112118122,0.351259631630677,0.850558898477207,0.239332599612379,0.94843431653744,0.350654636770756,1.35086001293376,0.186445752419009
2.39970349691772,0.706244882360974,1.72404985732815,1.20750186658167,-0.087791985886432,0.906023234290659,1,-1.43022575695434,2.15189686210712,1.228106482082,0.417704105756893,0.743351362748701,0.409255606754473,0.922799143729386,0.368060205567919,0.0331495355340545,0.439164561450404,0.94957850481783,0.40891120644137
2.82206264848703,1.24861316521372,3.6496787159156,3.16666820293899,0.695576605486806,2.14177305454632,1,1.05685866254941,2.04096345095864,1.12080404501868,0.542218022576129,1.41705351639971,0.508222064369943,1.24964057724147,0.483801911816847,0.844778127454431,0.36429989725906,0.795864811386224,0.625288701287039
1.12610974590725,0.373150568642512,0.415695714544529,0.190673743875096,-0.15609040469283,0.393863614223464,1,-0.894136621545869,0.880570201539001,0.51153759346323,0.407513175125539,0.241201228720762,0.306428105093385,0.707564291379821,0.243010935732174,0.86008927107121,0.263201499239575,0.816902796771499,0.286429455750313
1.89524416739481,0.491400899341223,1.16029012364357,0.834300775259283,-0.0305536594026673,0.682753226486528,1,0.748096726408229,0.758875959046759,1.00262059214423,0.262264965310185,0.950378139953681,0.309603293590659,0.035217050677938,0.523633422740104,1.40479366766692,0.262736808097335,0.703113323589453,0.460826590026883
2.03115372847441,0.652053419588531,1.0030753329744,0.818024588332731,-0.0543149910031863,0.581827095477601,1,0.57666703732301,3.57147397986247,0.367912817440679,2.17021723590908,0.620801595547024,0.433135819376779,0.94481582980462,0.293706742184446,0.731816043079048,0.458253351045462,0.44216322845139,0.570859823816152
2.58781915838098,0.897357598065962,1.45029824609361,1.29616683573229,0.312831765822908,1.4754900005945,1,0.574637634431888,0.824655810056909,1.18686376954008,0.38028138036984,0.857496621011147,0.296860724527075,0.463319398049589,0.345400159682729,0.390369821829917,0.585088432310486,0.604398861123275,0.637273777001308
1.11610707951607,0.380124898732132,0.719364385177136,0.392294069081516,0.256122104333163,0.81214191593366,1,-1.29926913554485,1.76813574692669,0.700413796325341,0.765448695296943,1.13629091806211,0.228594757856601,0.478843485380384,0.413746394574966,0.63884617072094,0.405295196014436,0.3565550803983,0.412948017523384
2.50282376653204,0.990554859487741,2.38127023697278,2.24073234664558,0.882864366409602,0.140981013656387,1,0.00166629797557308,1.32576967317811,1.00723189366145,0.271214840784514,1.61563304087657,0.422316259561243,0.211457915349732,0.567956285562818,0.843706049104079,0.631346087116151,-0.0833437605735375,1.78311713222681
1.49625032551928,0.276657176184585,0.400444323164287,0.224410429325593,0.164882209298126,0.575807150722166,1,-0.327029986945698,0.673877785293993,0.667022259972546,0.323883178006014,0.863055450870271,0.374870028398569,0.599765097364593,0.237723080909144,0.69305847837814,0.294618453509298,0.818889353881105,0.411563039557832
2.18026665024351,0.721016867262897,1.12295614519106,1.06925557061353,0.385765525088863,1.41621284854833,1,0.99806753522503,0.876791550719827,0.873547667852459,0.226069033242345,0.880747166263829,0.356907336136202,0.457398123240495,0.487491577338548,0.698906530186491,0.57836320235785,0.776050099452288,0.541403378183888
2.57746474332816,0.76525763662031,2.93953720774191,1.94338821648599,0.267225243161109,1.05089666306462,1,0.458447901882497,1.41898929616812,1.38952790940312,0.389883871432054,1.01618057570958,0.316749265444326,0.556649755666433,0.416290640453149,1.28420253058006,0.41312484022777,1.04542679227197,0.318034443622175
1.43959988110851,0.379458577220712,0.114093143682043,0.173859738047766,0.812287716021919,0.221262597228908,1,-0.598754227972141,1.01373824177047,0.723226127645311,0.478777663243615,0.729970171914805,0.333215253322599,0.648757916093362,0.34277464538352,0.861864293573714,0.285902180295791,0.952407850639036,0.394344473330833
1.38258440810123,0.42214190724726,1.32233817551928,0.761319428645172,0.165704241713638,0.65406797230619,1,-0.187318529442112,0.535115829603899,0.518545117650615,0.2826286462171,0.241307969268611,0.518774935993629,0.52810570350102,0.437491857650754,0.900128157899864,0.220169773282448,0.821813012927497,0.388133080058833
1.47382849590331,0.410665415265381,0.447872804672323,0.237513045342385,0.142779076218766,0.662524303720315,1,-0.247993616179002,0.776422048446013,0.570452371131,0.443566426943188,0.770745719477378,0.293193087394248,0.142441260525013,0.372760499102668,0.737809650172272,0.340919732691538,0.481628245285917,0.339971985949871
1.36526564605769,0.516598395168234,0.985953852553235,0.703944712179866,-0.312542762752377,0.299645996528619,1,-1.30102102526604,0.865324995731261,0.748429555471166,0.298018243237089,1.00391584792499,0.23802005635745,0.757132723746231,0.354815455681044,0.695641936498579,0.339691576800375,0.422162160179257,0.621993847259558
2.8953357213097,1.06884459235932,1.63708726518307,1.3735714541782,0.038596044409954,0.974200104548725,1,0.639415178724315,1.09822635980179,0.722296863446946,0.652289203066472,0.961408190816095,0.434267068206295,0.609818996029393,0.388585731047996,1.18168706067804,0.462949793305596,1.43410337721319,0.367418396879907
3.18877612963289,1.29499945337083,3.06685050720084,2.79913584541616,0.422029324101481,1.48106460357155,1,-0.458070926595965,2.226902886649,1.49205470360726,0.605935893953301,1.52974637982959,0.394881622697185,0.624685083997108,0.454587326366014,1.34445290872531,0.312480501733073,-0.349143394092497,0.932305023374225
1.34169109575276,0.424597059754453,0.370314393652846,0.330006381744665,0.434440868904898,1.0078960022043,1,0.406868980541821,0.900617190204137,0.748348240167579,0.204540282803533,0.106876398389324,0.321717763555804,0.344692862904675,0.31245817272024,0.296743796468715,0.580512802905533,0.378309411789289,0.36055752748292
3.04989258471399,0.725530388925015,3.81260045932965,1.98668677281807,0.197152636488892,0.834869784319004,1,0.916836021015131,1.12078350918729,1.38148277258097,0.301693139548855,0.589568846558474,0.369287766735431,1.12172177603323,0.341501352171437,1.02224851380715,0.360881684660318,1.47164355941822,0.219408535936803
2.16469202774527,0.864348801518475,2.15259918115732,1.79303458027551,0.301451205813346,0.595810932387566,1,-0.209050242317044,1.01812754398289,0.832235111331551,0.379117713080864,1.28052743226715,0.309587177984526,0.523409495927785,0.438103559400299,0.537551069468348,0.747163510146322,1.56312814583889,0.488538961353284
1.24280716754019,0.322209057249551,0.762631592870841,0.3959186084487,0.299082045826077,0.613324713751077,1,-0.780928188997273,1.50254629925339,0.72660520941007,0.545169077784567,0.45247723888577,0.344866027416549,0.664889695180714,0.256590866508735,0.222687210918076,0.316566231909139,0.784514429850786,0.291713580899752
2.4408025367972,0.501853694952129,1.66733812561265,0.820844113396249,0.584136014021717,0.884456126774943,1,-0.178207392579496,4.10231503176337,1.53574521127904,0.854938076245873,0.842308344233132,0.285079351429514,0.405967499203097,0.292769295601335,1.18864011528149,0.225837402724723,1.25283550958784,0.352496468710948
1.40398580415312,0.440934013976292,0.808342497074595,0.50965458296581,0.471819620105973,0.956076994597892,1,-0.603221972084149,1.1798992678998,0.59382140068096,0.328308156526563,0.702303746447099,0.211189158655588,0.828592183334053,0.280046590112529,0.73539834795828,0.378651554387923,0.340834587200095,0.643767646499339
1.7056305612919,0.676272618699208,2.92656917670484,1.89591913690698,0.199222025943496,0.508578114590191,1,-1.5538301714826,2.01071592877278,1.20005219497437,0.474521713113586,0.862228755090745,0.273479810490805,0.665493742359129,0.22593965693974,0.914393591950769,0.540888748592122,0.741427130789089,0.492412885156702
1.29462669621583,0.472374562855661,0.888289565309437,0.523219428084676,0.380772393788159,0.974023136034798,1,-1.19133703066407,1.27928369079808,0.817671183651376,0.466469980594206,0.636719222934014,0.230579080297574,1.04531898792146,0.28488836444134,0.352094362434921,0.443442379771414,-0.0860745188577132,0.520805877741627
1.26351907299023,0.329849704241556,0.454962052128104,0.360524636444812,0.758004525270715,0.279488623367582,1,-1.02793418987545,1.15944976845081,0.868227216216836,0.410238919518645,0.959278240324006,0.22055979195938,-0.982963278403676,0.703494603942843,0.731203715893909,0.211394100211527,0.593152245785461,0.465410028972979
1.32234857944264,0.345430584700389,0.773356381624958,0.371402237822874,0.382449140173586,0.554851809021687,1,-0.439588722850416,0.914698342131366,0.497130583640428,0.41083897733614,0.680219934633745,0.265972009694455,0.677472114142591,0.284091342749788,0.827725882349948,0.390330615152061,0.595911054286669,0.388543962900244
1.65195955367497,0.39226280917571,0.805543375113102,0.535596658087341,0.325121963691507,1.13283213903517,1,0.485574894740788,1.42251120187165,0.928054316819773,0.285028851142734,0.934036941547535,0.35301006368928,0.620850853156172,0.480288776507679,1.12815695254855,0.333677884672492,-0.0339820978740392,0.647071645510716
1.8437202328027,0.519925670770562,1.16459494540469,0.72558810085519,0.308457743330638,0.802820958727197,1,0.38379732518225,0.662606351835668,0.744939190640815,0.314048736253333,0.773369841040132,0.366927251474323,1.10637202773029,0.48381876624371,-0.0256939621016172,0.777950721171083,1.2079121699848,0.312520913679468
1.51667353601902,0.291569864873773,0.166602906645567,0.125621107532435,0.278919942669881,0.610412876992287,1,0.482818069887245,0.86014115477594,0.495208359261195,0.221370866686493,0.0229173736106496,0.328784813441722,0.673289380215918,0.268891306364089,0.442332066620009,0.262364722383074,0.515798054233199,0.295500129258107
1.87306377684613,0.613112679426448,0.340653447966999,0.475353169417828,0.292680550658788,0.623699710680849,1,0.864240675723594,0.542314786559896,0.655531968575719,0.326083833037016,0.984977754968719,0.373482509830467,0.331713346982446,0.588893474757408,-1.00960085155664,0.675432854679318,0.311911666051489,0.572598850810018
2.34745938162895,0.740976342430685,0.396102241714609,0.413303084478183,0.107647633211096,1.30239657142553,1,-0.303886535688087,186.081172897904,-13.2630086975288,1000.00000000452,1.17635110433162,57.3336705761941,0.942339518915481,0.389659825593038,0.898233437091795,0.423407796974842,0.846110911679788,0.370776961221395
2.42355207369954,1.24205577626253,2.38794535572555,2.26690327302012,0.737572069700198,0.795590736566817,1,0.324921991916958,1.1820935975165,0.946575778188496,0.371104212200309,1.46429215839367,0.489295462954272,0.982820252844103,0.685116205974606,1.34916229689629,0.584448932196166,0.113052477283462,1.10708969681861
1.05354882958381,0.334574174670247,0.520853312490418,0.478868179422819,0.642023114757235,0.452144167699613,1,-0.82025311335261,0.753290485999433,0.717454581311974,0.282882912160653,0.454678619271673,0.195605969588688,0.54392814960747,0.384615577249189,-0.628812455286172,0.684345497821975,0.489014460987219,0.391354620434508
1.51734882667936,0.282162289872923,0.377840675033371,0.26528615535161,0.287440392810346,0.478193771445269,1,0.111822862956206,0.525955310011735,0.697509398474749,0.259408573044493,0.351028819087984,0.324916398319549,0.428086157732165,0.27604348394803,0.454677341200056,0.250638963654989,0.343922690205799,0.391943985552454
2.15134336485235,0.644114722016921,0.707825033039405,0.548958424640514,0.662332436482345,0.389119770151149,1,0.693171458931945,1.06439058547332,0.428575757580313,0.28443627194716,0.854064797261749,0.408904506675682,0.962289191475931,0.292913837914638,0.463480287872513,0.331254764687668,0.700602574063426,0.351353776422746
2.20083946095817,0.674251418904412,1.46477226941495,1.26249581514711,0.82132432886117,0.317116804808129,1,0.77755468476648,1.29319818444712,0.454265780650193,0.626220945540015,0.638602674577135,0.41005783816797,0.76714601104678,0.382818028608665,1.28473917300942,0.251107998501911,1.45654330196142,0.523252783813583
1.85927605371889,0.551385508595887,1.79000169277353,1.12842502065586,-0.252392452300986,0.635907691323643,1,-0.0760257098531208,0.848662252898226,0.849604445259756,0.290005677234604,0.718182586949413,0.391691951078878,0.609547465987997,0.340387148159137,0.898892313373474,0.642867738049467,1.35745166518299,0.494346627304829
2.46027250396976,0.830124036208448,2.56827284495708,2.15154496948412,0.270141284873628,1.2120154279633,1,1.52295018823662,1.26854866394361,0.659857928487792,0.326489375639864,1.10243364215756,0.321770640439108,1.21879880613708,0.492327310232535,0.978574948435177,0.521540692674985,1.09395263348591,0.554864963932246
2.02666777073093,0.537359950020306,0.659832079267967,0.655915460475858,0.677413322587471,1.00416613574843,1,0.862210335578919,1.88487605409427,1.0149000975956,0.433049969200222,0.623753559356578,0.305246550600128,0.831161039295356,0.379409234221202,0.952698579584381,0.412877144118252,0.0595759919669076,0.498426895364657
1.49157515127864,0.493743890562757,1.08682473582461,0.761435645759023,-0.466263727684073,0.289789261889177,1,-1.81376300153161,3.0045280527889,1.25199716828469,0.738600660977906,0.649580452130935,0.373728119785831,0.857086393015331,0.323782928571462,0.854769317006054,0.265411134662485,1.06798554391592,0.369682395853176
2.05894563113493,0.542836144713885,0.717796641600506,0.535975605429193,0.81867921786055,0.233900445062599,1,1.40661285896271,1.19605301036524,0.402951880312327,0.405332579668352,0.441236913183218,0.281222563461364,0.562805110643481,0.299142020188868,1.14733260710212,0.238961836289522,0.919469375840754,0.497981534808201
1.99425006485634,0.549435039791493,0.685622285772939,0.699989349865509,0.887275237209186,0.139678742781057,1,-0.992129971365946,1.47932093015922,1.0516194370111,0.490257851704582,1.12608059087708,0.281658011934523,0.536348939384146,0.261498647075963,0.614498217705849,0.408219734862755,0.921018939712076,0.305975690152558
1.91595408841167,0.498326170187086,0.974973610319644,0.671764238600643,0.31203095279714,0.868830654478353,1,0.761924169862956,0.878980740859907,0.770293777563105,0.385331332681436,0.940946119587368,0.291285291647765,0.814326348150105,0.252243263954615,0.458568872956998,0.407989408897941,0.874058562450548,0.35111440195232
1.87512094928563,0.585903863560488,2.05858748894949,1.31627915973059,0.335529453234958,0.97981516489906,1,-1.4662719572322,2.26002684037592,1.46387589020826,0.533257120294902,1.17940506960318,0.478442764944981,0.923340255051166,0.224042142845356,0.622330584076659,0.401466716989216,1.35576625977977,0.532971316657651
3.11588010076081,0.782026416973266,1.6620869326422,1.5666974220295,0.235881046616894,1.8358518428525,1,-14.6878353407017,998.492882947205,2.90107342631306,54.8813827464771,1.01883776270403,0.529658183954979,0.4741509153623,0.683943157969564,1.14136001275599,0.451254511209547,0.66572580237831,0.488823380062863
1.06222639668124,0.294892095139178,0.711064068203863,0.39910401040724,-0.305357567547943,0.316905436404172,1,-0.390503508472819,0.609895732791524,0.830440070463476,0.281689492330596,0.684305388159118,0.297663132182262,0.791024760357008,0.277952473138048,1.15076910546927,0.283904314864619,-19.5709257765581,1000.00000000023
2.03710515516406,0.487555882781477,1.62559835182553,1.01289627000179,0.435042562034828,1.00786089041946,1,-0.249497299874071,0.660543746371838,1.1158314166748,0.22285360555882,1.11366459893655,0.188971135034737,0.610818134322338,0.365662094878664,1.19637160712697,0.288052495284368,1.08335009721697,0.418503354053207
1.52769482886614,0.439587521620054,0.88630617374176,0.769116127049891,0.0100696470504162,0.650356526263913,1,0.715172502976969,0.80171217368097,-0.602765936996442,0.650245738675407,0.792879259627115,0.336373478987791,0.99236961771096,0.258790697214775,0.70578890692411,0.543849749267973,0.685677110048792,0.475050653258122
2.00734949263693,0.581000925220359,0.943035393938366,0.80897664438447,0.523712213433022,1.26716180204683,1,2.07125230621145,0.828876073651291,0.646742138606255,0.522453751450387,0.71796322014362,0.605837758015922,0.954595484283575,0.363603079851995,0.782786988419767,0.469218352557135,1.02566221929416,0.502429081477739
2.51336221208583,0.796181644802962,1.91466453731978,1.35572591450211,0.247856394712343,1.38631865591951,1,-0.748395407929335,1.85614052890241,1.14476021309655,0.443749836055942,0.830693977658675,0.477329939226618,0.932406659254159,0.406462455890344,0.408209127201757,0.545667770625957,0.837122588524808,0.424165141882536
4.35237032122514,1.4459467738697,2.87470870753752,2.55017098307055,0.537543134697291,1.46599598562981,1,1.87035801970415,2.23113774684037,1.02439569763926,0.585472963876517,1.22070854305649,0.46680675133584,1.15203472540313,0.318395359203982,1.50809000823941,0.401326661074613,1.53107052665022,0.587178725202555
2.56539756825193,0.687108369529024,1.16601459488737,0.615350457264745,-0.283477304890561,0.746235228733216,1,-0.889011218276574,1.79539401444688,1.03808379514045,0.572597661963792,1.38777465022782,0.22967809233247,0.738891155028243,0.467280607129168,0.867396171786976,0.365060890405225,1.23733592030221,0.339735865251777
1.27024953233994,0.350628373454758,0.591325061156697,0.379308965002124,-0.0693033472818167,0.628999733544298,1,-1.10894494347007,1.01846834124966,0.542681667318495,0.461764237778382,0.543990182785256,0.388852092471733,0.399386272249813,0.447908500403718,0.510875793260781,0.343457541598387,0.524317284740837,0.289867282432149
1.70902763107199,0.349030523252877,0.390571005778264,0.269904791576183,0.0146605822086383,0.75350257205832,1,0.737365249933605,0.748850863401532,-0.141668267046777,0.405861204256014,1.19748644230828,0.223982176144826,0.945282064305245,0.278055609250804,-0.123560226957509,0.504967016132669,0.473553957675009,0.510874340117411
1.56917082560652,0.500812876989952,0.859497946114197,0.512945184046557,-0.00156079150730471,0.624632488462127,1,0.297199970925104,0.726439154461757,0.663121760066933,0.314072686200581,0.814262264205652,0.341492831612833,0.721933427916668,0.333856571478161,0.479718277324352,0.427698364249671,0.36457492784504,0.538336467847021
1.56634490988039,0.427848775299156,0.960585664936258,0.64981682514373,0.227394971073435,1.31153887560494,1,0.89712731450034,0.670151734800114,0.464891394340739,0.33401301305481,0.772376819481131,0.298242514792192,-0.28671668053475,0.723107822122771,0.836595628427892,0.52019064337579,-0.094718338263475,0.611466917932117
2.20422388281358,0.637492828720822,0.62663999785142,1.06296887790229,0.967645484181402,0.037188010003125,1,0.526818299517271,2.24911221368155,1.097050769129,0.494057276561695,0.331238798102264,0.327222612017209,0.80046039689207,0.288932246469989,0.912642655958333,0.387836248686922,1.14845704609417,0.450950742231749
1.48497871760176,0.32154228512789,0.147980062488758,0.173071117317621,0.625669991875586,0.455239532618871,1,0.208958020734764,0.888362339901637,0.408367681015028,0.324711793065323,0.503867577981462,0.380261830383222,0.804262464740801,0.188102144900224,0.53082482738451,0.388523929549585,0.0319019492804731,0.520638241872204
2.24004162689855,0.412472309892905,0.334684126970462,0.198100506874011,0.109839979700375,0.421421109272291,1,-0.0942278641297378,0.712780137656347,1.02482180166483,0.0975855115950987,0.742800894211911,0.335645241064799,0.515828429078792,0.360589169389843,0.808877702691355,0.371877729756186,0.548891490033211,0.37628264128339
1.6695689164161,0.644818688203104,2.48421965986612,1.63341191832402,0.349650679783134,1.69158854453754,1,-0.746494544452693,1.41237764359237,1.14216582355681,0.435202170396097,1.11036291640345,0.367777864034947,0.536086225445788,0.513259589143583,1.07027465954291,0.268188491139759,1.01479658092346,0.407986173089481
1.97370288506775,0.419483520693719,0.938088386350485,0.567564394587471,0.154745028942593,0.812219316380968,1,-0.948711417366203,1.07324676288775,0.918066334888714,0.337729508037087,0.778633851875603,0.240929378403721,0.781461523415222,0.311271651950521,0.669027886899291,0.328176206037586,0.908749752561248,0.282853958698667
1.2716995575868,0.436544351526491,1.85807401083308,1.07107886478577,0.853412414530548,0.268562835652051,1,0.422116846793408,1.56550577688138,0.621822643502743,0.608195557666767,0.647867606124638,0.272257023450986,0.0830101131026142,0.359115901601545,0.589268225416716,0.638435977117886,0.736711359921013,0.245627954827028
1.41699929472986,0.366867228495308,0.270308648335144,0.262957211038855,0.867664393313226,0.102584807508369,1,-0.466060905310701,0.81943850332813,-19.7609557554305,1000.00000000053,0.76085355208587,0.384082521326272,1.04301454661775,0.265097569623699,0.376320055397536,0.289409024165861,0.57518261226373,0.318838832972934
1.9275575278702,0.631511356961105,1.26981097942066,0.929773602614189,0.476208776525193,0.852895735969119,1,-0.18618860705772,0.825191490447199,0.396319098231847,0.458152401243324,0.746477301583354,0.269514877463244,1.03001686227859,0.370479819608808,0.673235294089676,0.488215440709558,1.07612466070382,0.519923173341187
1.92614561802365,0.447202917663344,0.449775005665807,0.27385676405298,-0.329297624813866,0.254001701274007,1,-4.67795265845299,990.665639809823,1.98341349973103,136.314399173798,0.860154098922208,0.335487450084997,0.683856129874001,0.232638126872227,1.01010209536534,0.305595146660714,0.731412353413579,0.396257303728483
0.955926821133152,0.264615363695634,0.411307879325089,0.338775414826904,0.416429319853996,0.334735279968686,1,0.241273441341677,0.51030290062105,0.320963524763461,0.282590879031848,0.359569357468509,0.283699354471972,0.516544665677689,0.311189221897217,-0.121089645847014,0.546820398874919,0.675116852198398,0.43015782504115
2.06834596145665,0.601899663272353,1.70505209819841,0.998297982205053,0.373345653116018,0.923444650787623,1,0.0918537444723117,0.704066376034288,1.08075370627462,0.19673325451377,1.0106162165247,0.337863475757879,0.481189042004445,0.274780327299195,0.927809605560088,0.348404529228654,0.924440081905698,0.435066158996424
1.69180998457432,0.525456647606083,1.57816474041496,1.36589867588005,0.873762489705536,0.241377687918292,1,-0.464777655620826,1.29363992701337,0.113335947452991,0.467802469164908,0.864567794620513,0.36488438157359,1.00494007191173,0.404984377682524,1.04119724318794,0.300365464320433,0.818510347420889,0.486512892578396
2.31115408340245,0.636753590748446,1.89738428743406,1.09030592965194,-0.261344286540058,0.742809866510925,1,0.484151427607838,0.932212903053341,0.7220754196402,0.507193702129174,0.909503701896955,0.338646281639215,1.06107518321976,0.375571213746612,0.613710105172018,0.527069146996503,1.56186807196642,0.362686468905412
1.80409395446496,0.434932976564082,0.622570201869338,0.432351349807254,0.487381691183438,1.03014506916399,1,0.826499621816919,0.991238691233683,0.674030627987953,0.372898405692854,0.741418447355976,0.282898621453512,0.821829352536607,0.358665868548232,0.707263406536993,0.323375126511161,0.716439205540909,0.58723182958653
1.50220946378355,0.338933184871139,0.485306655155656,0.266517314259049,-0.278632931214748,0.358167405205839,1,0.81561141330122,1.32270938134737,0.178122025047292,0.735893906378732,0.0784346907025871,0.521741580440536,0.702863576633691,0.227742744811882,0.802164798125263,0.3045584435005,0.675574944149878,0.352923676152288
2.78894337305795,0.56681684000686,2.8727681365531,1.60316586930814,-0.00235262771635725,0.590673203972852,1,1.33131540455372,0.866556140732211,0.868143121784115,0.356140921149228,1.07005489477238,0.348584030512722,1.17139086872791,0.375037026501899,1.1179650173013,0.308412232529406,1.87998037264803,0.217144190673869
2.07328207534637,0.696862533596419,0.98351588284881,0.767663753908128,-0.261363501124662,0.388268423905409,1,-8.20851806357583,994.787444914487,2.27784734041597,101.970465793136,0.756537870972079,0.278521457640554,0.7913018347188,0.365887628433729,0.723015750854606,0.417020831609636,0.31676326917176,0.527281702677561
1.61768875925368,0.553565474616227,1.4600725982073,0.78112464348852,0.75907909370172,0.561667658845488,1,0.387278763074521,1.49775413686718,0.723639579943364,0.486734856216076,0.704857627507834,0.373933798257485,0.494167401539055,0.337410079119404,1.0669988878447,0.316460458211185,0.665979594408599,0.387595156536035
1.34231905734574,0.445121792132372,1.38015546710512,0.782452976704053,0.0426025860872004,0.908748320401519,1,-1.96987367397305,2.19936189020063,1.10915482789028,0.538187921167859,0.884254316421925,0.355627527672967,0.19061033909575,0.606225180166841,1.05448883523074,0.324074061120041,0.820511982198274,0.377189436729866
2.03819469667327,0.607232750685007,1.53976043303378,1.37068378826645,0.0479350879733652,0.627625292626345,1,-1.12576971796084,1.00043621090634,0.98141285995797,0.385552079371974,0.901979916456128,0.281442271901099,0.847021699452151,0.443359193592373,0.773051036786138,0.336493939385294,0.855292743965359,0.366930691961463
1.06859313896741,0.39296116620512,0.656755269831418,0.562638785671131,0.43002413393334,0.933585179794402,1,-2.01515816348808,1.24415903215436,1.09370689318007,0.25522590366762,0.899889555077807,0.231891121894873,0.0563783761115946,0.470279058974882,0.830774564806611,0.406874639018592,0.982682261304932,0.425764810348971
1.73832981078862,0.443685278620827,0.0653900864050529,0.146025972643783,0.805421725402079,0.149316522002044,1,-9.87922777486056,996.293571802812,2.44948344811002,86.0182087758582,0.945423496352913,0.19681256556607,0.706482718826894,0.312195251483468,0.00192295265504989,0.493514477759148,0.669989929000862,0.500670650294243
3.01950811693388,1.06439517448422,1.90125092421631,1.74083634676838,0.685452295124426,1.32181629722165,1,3.00948891244315,2.94447047390812,0.0167807936395226,1.46247362736613,1.27658983542877,0.569802732887697,0.778003612899967,0.318393042859399,0.370669538257654,0.559019287671059,1.07406560239263,0.349926835319734
1.41871693490419,0.500074202317015,1.09995669701976,0.837368473472394,0.252117400793742,1.73503831297034,1,-0.0348235943043049,1.25564592866597,0.291643749257419,0.663523190242836,0.939905294596934,0.369100526782231,0.00109405905081933,0.584342426778463,1.0197945581177,0.381147456028865,1.0705573624773,0.386000880496227
1.26308202853002,0.263139259486498,0.207073467591674,0.17933415644397,0.0694163260165822,0.588753711788437,1,0.502630401529091,0.555716376777234,-0.151233025238449,0.43230107397915,0.720165172416938,0.24090389650742,0.706766770346758,0.317811740969569,0.541064943455647,0.295703916055574,0.327770488778987,0.61072269329725
3.03744310175786,1.0158496697092,3.94538109154103,2.70183686789437,-0.0955843811653245,0.711280246471926,1,0.268104181574285,1.88853901166819,1.24056443262286,0.660292900324646,1.14764278578584,0.292244566771078,1.36479097201768,0.472033117590696,0.114651618161888,0.653009018535657,1.21763122583143,0.524943372308021
1.34352808933243,0.537226352652786,0.898269639086999,0.529592348842153,0.1847009883967,0.746883364667786,1,-0.863604179863358,0.90182521738106,0.759214003696721,0.320687752010393,0.577727708940953,0.336869474848897,0.944023091227426,0.458237149177755,1.03843832421012,0.426913993540716,0.668377552159073,0.558679049630184
2.17905467002481,0.582142919985094,0.611963175303616,0.516185469408097,-0.0109158797907492,0.681580512319788,1,0.226618356124557,0.825865345239618,0.874348581095472,0.308137893688984,0.375974738825112,0.394048354394656,0.688456569116341,0.397512949650574,0.679418665004065,0.318919102147413,1.22835323701107,0.61302216633226
0.828801387776713,0.293920074950318,0.386222178094353,0.398435334082897,0.880084407436598,0.170253194151184,1,-0.314716958760762,1.13967345584199,0.371064236080339,0.536496839506104,0.80147013714398,0.270873681091893,0.619931593301154,0.263607988655674,0.594807467456639,0.532733895825138,0.405754787320326,0.540419607068041
1.98734799740707,0.588543777591258,0.568034258456787,0.481955541613947,0.280635966505652,1.02077409903858,1,1.69582538853987,1.31535630335224,-0.649464333004812,1.22797646355794,0.976257817195552,0.32845969037097,0.95868938683147,0.277952952463047,0.918647743057221,0.401979117359,0.176002156189733,0.833475674426654
2.61772147252434,0.726263273299739,0.946990004159084,0.60055336909337,-0.405031123125436,0.442416386191094,1,1.31235757618225,1.09040767457811,0.274325184683244,0.652631276711437,1.0756536010125,0.406675671171838,1.02669265157448,0.337952909654163,0.976259009951379,0.315337021461696,1.19636742807526,0.481591562622059
1.98972502720175,0.531989435733582,1.54538525920463,1.10322255130293,0.563293289805318,0.912824162977474,1,-0.12825939244278,0.995563664924784,0.884861715507057,0.356372213270527,0.889429864302169,0.27160253532866,0.998421479855227,0.289569217887823,1.11785016775277,0.373149029657118,-0.248899882590187,1.23812989421614
1.7625244032404,0.502021298046469,0.823511029759374,1.00689128359364,0.7885694885007,0.23357506588228,1,-1.2161209497187,1.07014273763488,1.07757731714149,0.347679676747839,0.768829950275959,0.200262798920702,0.869623746587149,0.50195127139838,0.166596986271228,0.569224954628559,0.335027320579668,0.60954281950084
1.59864736867195,0.59538182130183,1.16777784408011,1.06992667090759,0.232618767037878,0.835513952150326,1,0.968241140964797,1.0959380764751,0.628502593425368,0.394769718467507,-0.193778504177021,0.491109984502225,0.737914717958737,0.313084800766008,1.09640098251711,0.505271741906724,0.303172709385799,0.756298055696718
1.65836682605313,0.649591544932874,0.906453400189013,0.579008262887401,0.32501365103911,1.03147101429984,1,-0.907670827298591,1.40070683131084,0.933824269126401,0.437208475304031,0.958540464584327,0.352859300252916,0.92442304855126,0.249185055847846,0.490402166436083,0.361720608385502,0.659650760873077,0.269413389556152
2.35844372091717,0.594713838872858,0.662629355311023,0.540734075177082,-0.555842538372399,0.290991429860958,1,0.489683099997668,1.41230451320182,-15.7063050680364,1000.00000077736,1.21900703222064,0.479946363005183,0.966184932358948,0.265561379893084,0.708633509010361,0.331756162973561,0.567046629443011,0.488895474734872
1.45865243174163,0.410160663945664,1.34826112597031,0.951697048316681,0.159587717207223,0.676075522014716,1,-1.04628246605702,0.719848915828185,0.873725315989848,0.207586527966614,0.379665794927,0.338234396181133,0.822509486724341,0.252680400064603,-0.0308934550286973,0.550691464784818,0.898256715483535,0.444343366056086
1.46788721517294,0.388936418594097,0.434709013231778,0.347563097129905,0.380368866107064,0.575333717448836,1,0.719304377886882,0.68800421543682,0.530132677442441,0.240769661340579,0.545375495336917,0.505970087249511,0.470465562986738,0.417708643898101,0.564657624190886,0.318905300076211,0.826129194807341,0.385896597038039
1.35605554773856,0.436371796738538,0.829406047372086,0.54351778519197,-0.147036628906816,0.371977367749663,1,-0.457438766855094,0.581322111784839,0.772746080020996,0.366772075231113,0.478750927728274,0.306721863659671,0.988222583231706,0.259854744362109,0.556430904611673,0.385623803493348,0.690388784960806,0.394335439957104
1.46146293075941,0.454614907425076,0.689564198663785,0.427067542392501,0.146879421711828,0.778125148107961,1,0.252256841564726,0.807630851519184,0.406319683012943,0.428368063246366,0.235969920872144,0.602120569107187,0.623874301053093,0.320711328263645,0.890602401650179,0.283240124429043,0.630414649884103,0.395092462014825
2.22432518210133,0.499374791074084,0.998152516425802,0.855421162726431,0.510702623440302,1.02995154779544,1,-9.94042205353107,996.494418374856,2.47740240421797,83.6667164175287,0.97786699488347,0.230649538556976,0.666021772146793,0.392734781575781,0.695227527301827,0.417354175518361,0.970695178637374,0.257455609748688
1.41408088041921,0.351339791924797,0.504701287123522,0.423971056864304,0.630302829637242,0.39912049377356,1,-0.0018595657786262,1.07541078508674,0.759989467538736,0.314731548980223,0.520659887394131,0.235244520984206,0.725974857194039,0.266397757704069,0.268512354071085,0.397252460051817,0.233246047147795,0.517840577780539
1.52780621301595,0.411619311228228,0.711186319712749,0.432362734425077,-0.154878324037968,0.302297039498332,1,-1.99069535705656,3.44574264703613,1.1690982098498,0.974922430609576,0.51159535829129,0.310143557766497,0.798984847426829,0.282390921365268,0.831318224699584,0.301870449140195,0.962706930785672,0.273318943210253
2.66369866722402,0.821968541694184,0.606356834559965,0.586584223067428,0.249133401707417,1.08958912959564,1,2.62651126174074,1.34291061206023,0.00133113366472009,0.652169080642864,1.11625514263363,0.434255283888669,0.570810591042126,0.473745796541765,1.12403486840687,0.408146318836765,-0.289573987860354,0.764770755485248
1.81655071134947,0.503327137111598,0.761886345809103,0.697816417725953,0.261471828492105,1.49749266043842,1,-0.0911891249282482,0.767551191069165,0.473797877059464,0.38262142193432,0.201053899204452,0.324641662708756,1.17111235694344,0.363598382402256,0.897079163271502,0.447506599513944,0.573191583720382,0.503453512700161
3.02129536867915,0.799038314688131,1.04378391046934,0.630187137159832,-0.258278923530733,0.310318359486725,1,-0.441756490198703,1.2842798635385,1.25005444444143,0.300226265761904,1.15655006509966,0.264629893913001,1.05934642420809,0.32926799131342,1.13130897913002,0.186379932020284,0.991222081128442,0.423093941845989
2.8007603750358,0.85976581482536,3.59602789814137,2.69022900113987,0.186163006964123,1.20774276328012,1,-0.211140581974276,0.687628209307928,1.19242502969898,0.332203670073238,1.30584665770586,0.300303519737853,1.11368916174287,0.216777462646394,1.26145342571696,0.354961579991387,1.36734469564501,0.389187367025212
2.31198915761134,0.520612680400392,0.725754843722775,0.732714838636002,0.926063541312656,0.101720144781196,1,0.602734805922016,1.62951631296574,1.34904328147012,0.254820914004589,1.15891386582526,0.355716650467009,0.379342468328028,0.588429550281444,1.15935713544745,0.388666791602377,0.913416118428367,0.454629332109715
1.81635530244779,0.550349723667461,1.3621080647916,0.856043765876181,0.461675787976369,1.14979871754269,1,-1.88401330034018,1.00236592178872,1.06195139401316,0.267610414649916,0.996993868086334,0.341573134747055,0.973089772841209,0.26532886251183,0.933767784312135,0.424429946339277,1.02139374137991,0.234381901350766
1.7647332104556,0.707784172751488,1.30024117017798,0.965927348774936,0.298132647290606,0.777601003288208,1,-0.195262305334186,1.83257690611901,1.06586360071138,0.422484900084773,0.834590671350223,0.356091073997204,0.931279558817819,0.350703675391641,0.575380623630481,0.621523782899755,0.67493211578813,0.863069377751093
2.2775342629597,0.685150089732431,0.589340859614518,0.314784532372333,-0.260719116983575,0.320237281202454,1,-0.769479341377568,0.793620010051643,0.854489048907571,0.560450387053335,1.14018539742548,0.274827887007432,1.2316719694064,0.432848635934862,0.0667765870421261,0.691799138449153,0.405869982978331,0.629422943972959
1.68699914252248,0.577497938636792,1.06116317856592,0.838867451440303,-0.0174976745406258,0.577770989524718,1,0.247933791165892,0.860545194096827,0.245020588259486,0.47602280575389,0.972764546234116,0.348766610624015,0.723248488500796,0.276411741234622,0.615016586732445,0.486774342512187,0.601851040512852,0.491009328425737
1.83412243476417,0.482067370242495,1.14883773287931,0.818488468048801,0.485145271483462,1.48031464372064,1,-0.971411922337597,1.13278746842852,1.18531404016694,0.27583788895643,0.463372368544728,0.317988183181988,0.790650505918693,0.294336312561322,0.513554493795525,0.404804287830717,1.04661626777538,0.206877990296066
1.23039850582578,0.388242692218854,1.10244491564108,0.717155049124241,0.0986173434226832,0.72270984056895,1,-0.221125123619557,0.686807984434762,0.839971315944459,0.281383682440989,0.271778897573937,0.307941574090484,1.25995876731424,0.323040586437976,0.683883162338428,0.493723215102955,0.587337668779718,0.668500954930142
1.50108505015858,0.44500282879346,1.03091234511434,0.61303809169648,0.127694475397585,0.702855692852608,1,-1.30855945122348,0.840125358340508,0.949897927439024,0.409613549972946,0.962353691839771,0.297115053134388,0.497177916270708,0.323717334746117,0.740799312237523,0.354089987071908,0.344296074490326,0.572298963157253
1.69833080473165,0.480281161256624,0.123465555748459,0.257939870509843,0.824639744888728,0.115939194905694,1,0.724010749153783,1.22703470819779,0.337776911241045,0.415476294783929,0.791203623154337,0.264503815878459,0.435839773123209,0.38156063942634,-0.489168122436198,0.681402671775849,0.203138024410278,0.561843635423485
3.29347582303277,0.976622884005849,3.34532274796284,4.40488562729499,0.334903755044165,1.47128154024552,1,1.17452501659908,0.989538787786349,0.740914474639693,0.28097441024633,1.4957107764338,0.274071710605857,0.992341347686451,0.675722217221683,1.01024776906973,0.454038787297391,0.597080789428725,0.361279039360507
1.68259432124235,0.536560169921235,1.80232861882064,1.05411960995574,0.202057873396924,0.782540339747426,1,-0.695169250033895,1.15819130920659,0.233858832132842,0.489970884574158,1.11999922815378,0.308574419688966,0.622311337288657,0.4978022080174,0.839243388316771,0.392069796826721,0.517366692280723,0.485920572137981
1.97163432191793,0.437137030510177,1.02348185625547,0.762283072106878,0.430346504685641,0.905643556498657,1,0.0173186130314969,0.799866030548113,0.885056608317965,0.256326545780827,0.460442254756216,0.49307937354473,0.86332022647629,0.337116096108949,0.613071230358628,0.285169756730354,1.59790532645148,0.411238028924076
1.60499380107549,0.39630035810554,0.4080115773703,0.329849444063272,0.173743307224215,0.834700246096557,1,0.638368741221985,1.03822998513525,0.839497350921643,0.270835772682892,0.610497824442153,0.351691977792251,0.621196518411596,0.35197451146507,0.752136810819091,0.446178567841387,0.456142757838119,0.455157003103969
2.30933123026025,0.650819668831862,0.997278019238083,0.806966718519977,0.64989926408134,0.495188296931777,1,0.282412707733284,1.09028266840371,0.683921848634661,0.284682834901942,0.789584858446738,0.371777022763803,1.02837361627906,0.33993276413814,0.195695561719062,0.378891607830759,1.30880077470675,0.340403286229725
1.85420054188649,0.629485018825142,1.57697162900258,1.16061716345927,0.354776472704592,1.26586716741661,1,-0.878996992539521,1.30644144370832,0.963573540564311,0.416612607728446,0.422406714644405,0.391697742667564,1.05020515997178,0.417423142118418,1.12778142311915,0.305033878207894,0.647686321827846,0.629046858202064
1.67474016941495,0.630526460194898,1.27750614748074,0.880034517236877,-0.122829788200473,0.593315679857161,1,0.107046070066623,1.50274906290103,-0.066428274665421,0.946932927829998,0.71492699976541,0.400473847487166,0.826527894300702,0.368008909379865,0.596703518960813,0.394543058150176,0.689937110749558,0.262483222033084
1.70876626499028,0.439973005541812,1.03682632101018,0.524659961007766,0.484771131607492,0.964295441417419,1,-0.138675322642297,0.714796773843914,0.437937843430297,0.440652338684358,0.685494455290614,0.390136641825746,0.90169894391382,0.17601454144031,0.980000498596909,0.228603190084907,1.23816231983391,0.505748253510476
1.57684236825689,0.458968599830851,0.471968304749322,0.387680936693082,0.259471093897367,0.80170875960874,1,-0.143962762287476,0.895631843588628,0.836558357160527,0.259900342046273,0.701209997563227,0.336771090426015,0.206757931595463,0.474973221250836,0.649101132585364,0.266376033868058,0.901945954838864,0.366457190372619
1.40914741471035,0.397445181470969,1.34736029903897,0.75267378889896,0.748411676695157,0.338152715435571,1,-0.478263326533785,0.808437698626708,0.752348127997167,0.39325200927595,0.236629961920888,0.42545727594267,0.602953719051144,0.294822765047833,0.553135374118152,0.300522305044717,1.06575233279134,0.473742481728037
1.2349337856554,0.311909897600569,0.671012999497845,0.427181614999264,0.620738364432164,0.5314116344221,1,-1.18504700047136,1.39693458847848,0.900402387146861,0.482512658308327,0.520816903813147,0.210064256846868,0.753218367684383,0.21683920890956,-0.0592792363798492,0.444930151061558,0.856794147234602,0.508223032347542
1.62362583144287,0.444572045198741,0.748596586597541,0.426791857033992,0.158952112146063,0.725665896857714,1,0.574467809474213,0.794730442056681,-0.491687904619379,0.59963805135872,0.447533043726491,0.320772222581282,0.399573540924142,0.366454875735959,0.683638128054233,0.322383289710746,0.894623228450908,0.249549684813972
1.77152695111947,0.424017936754305,0.0282580327930645,0.114849241923263,0.899534113246134,0.0587151996310034,1,-0.290818148933769,1.16342184483736,0.963456218807091,0.269030380996322,0.583513122414185,0.34956581353247,0.559423613412805,0.406462227021339,0.442072178283741,0.422001284199581,0.435414265450721,0.308502933717518
1.71967876360563,0.507222294264759,1.23017207161391,0.790946008087218,0.117630538171252,0.728982135927151,1,-0.914870222479744,1.22817563381087,0.774406702113428,0.427175089656941,0.50059323740407,0.303230199769101,0.966102404488048,0.280686107840458,0.846554616939999,0.471717177300288,0.669773190729645,0.521516160484147
3.10428475049888,0.901690925141845,4.13734829513053,2.6869078584008,0.336971763605557,1.46142647266393,1,0.940110509618873,0.928460699857075,1.02918534207019,0.252341536794774,0.828198673110331,0.361445319518292,0.741636152026953,0.438578344230054,1.45964631006785,0.333858869113305,0.800392391118483,0.550005069843004
1.50901861485012,0.351050586619399,0.473438729123485,0.381624412154324,0.658198522889628,0.309218712169462,1,-0.0244716442745516,0.529346740530732,0.507110531554533,0.266115104438347,0.641686301159346,0.297296112601774,0.73405519695837,0.275397853821566,0.545520912636134,0.290477537285774,0.769726067309475,0.594376013101428
1.65924802221014,0.61007122979566,0.938080310676687,0.788742282252596,-0.075326301906949,0.696290719605879,1,0.276819521948106,0.660952229411014,0.611325751112832,0.309031901158017,0.806430986875591,0.336070251911051,0.760406872529535,0.462442892338445,0.990458096712164,0.435755960523974,0.94208829559338,0.417617847600886
2.1272657783775,0.5861264916694,0.843022374728694,0.671660321959746,-0.104506219770048,0.562651489178853,1,-0.298595755972821,1.23398875770942,1.14080192684863,0.352800887406361,0.946017740712089,0.295758208159963,0.259179709015143,0.278501860590591,1.19890013797457,0.491435795419388,-0.639880659334591,0.952504861959329
2.4516826373083,0.656211759859344,0.933407359507856,0.856903468847819,0.414664825298335,1.2038395675775,1,1.4509695347338,1.04048639006661,0.600005428885635,0.245885412728913,0.637007574736189,0.337389649463223,0.706733544507959,0.349500009718362,0.837448771960395,0.41238673246865,0.66516589325838,0.585354009185677
1.80003042153208,0.6863104878909,1.81157979223049,1.48335132168986,0.229057995257651,0.9342539208099,1,-0.0775674653502716,0.981316745875847,1.25164061754989,0.227470450091194,1.01114617741545,0.532280595875959,0.82436979808294,0.466877734434725,0.307423457155719,0.641555034696162,1.00993642593945,0.499036497020047
1.64732546554153,0.354266656751628,0.429237396461408,0.210151663482763,-0.0864122500396911,0.49875119959286,1,0.0725768222389519,0.885727010062313,0.285631559810937,0.493909080766689,0.645414648204583,0.406438176305967,0.537856700872938,0.269014221054506,1.11067201285849,0.196693040111991,0.729269280652659,0.470814152546498
1.43115486244855,0.645033697885038,0.393147734591157,0.303020831822869,-0.428870473270112,0.370544825113253,1,-0.225673683779065,3.98458316037863,-0.322765302769608,2.88695538087105,1.12879350565946,0.466776926344692,0.416415854823323,0.426860599211639,1.39756702318259,0.290241981031446,1.31865143887371,0.379134262165362
2.29669918974698,0.780200436558902,0.543970073224677,0.523069338697254,0.164752682207149,0.633869614809153,1,0.736642057914336,0.792413983275541,0.766698448450637,0.397972905243911,0.917111127483765,0.370490513492006,0.901537024239735,0.469112647562853,-0.525481118232965,0.7458495605805,1.09000330401384,0.292195815903125
1.66141312124176,0.388495498466973,0.674786453289484,0.55619194686716,-0.0902552028147491,0.463056955392043,1,0.374586348107062,0.705280303160425,0.700587157926007,0.258665245143042,0.234936867012144,0.300647288971292,0.698100652865339,0.441075786927799,0.58491043046372,0.496593579858269,0.706431567423922,0.561620013228542
1.70192275199642,0.507198082929276,1.3823083273437,1.04130308963316,0.428773400819707,1.02546914817597,1,-0.884672530361599,0.718021536963776,0.827257484136509,0.247839512860275,1.13423430945032,0.29605028109617,0.821518000916594,0.362990168471986,0.402203153856528,0.361734797387711,0.318955763946183,0.438522290387104
1.45050327283484,0.546891393076074,0.912098672664788,0.691754803627473,0.915683337106683,0.108658889491457,1,0.241003900479808,1.60703301119806,0.682269064712608,0.27048164213637,0.854406250127201,0.350239399944762,1.0189033902738,0.241237792615464,0.315275326958987,0.455267181178473,0.497333389949604,0.390649329206579
1.1282248655721,0.214283561453412,4.36132396658899e-15,0.00013208064825071,0.887136986948786,0.0650469934950119,1,-1.5993192118313,1.37153565536728,1.01060120172455,0.496611493682302,0.842020472128253,0.232876263134438,0.614066920845783,0.335382229726106,-0.149562579403742,0.445413822473783,0.0358384316758016,0.44547176804224
2.67695577938025,0.921319443134601,1.20094216497354,0.986954943172545,0.443016041198388,2.46810948153757,1,1.13506852670836,1.31459282957911,0.342575654718881,0.402291885312389,0.545813265973077,0.632236546779807,1.47307793649662,0.507004016704931,0.705345239623904,0.356245311351754,0.336060503565304,0.670295158657902
1.41689347488224,0.319198406890126,0.550499384337387,0.485017629750384,0.291486133319606,0.795058080111262,1,-0.162435660863128,0.69395083201083,0.619174992871629,0.24962413147553,0.478808122576585,0.283100390500204,0.445120453164157,0.24295471529325,0.626622897134853,0.408551191667625,0.702156769086602,0.486281508440516
1.32237592189653,0.461345136760045,0.420883082102786,0.38830255991973,0.255450507472109,0.935080274728834,1,-0.106055006989825,0.892030533856954,0.460104753551682,0.294666475790485,0.574522340634446,0.396391480255314,0.729174290547171,0.364948286350996,0.699419120115752,0.549579857755095,0.728936587260804,0.30250255809977
1.89581947751692,0.349180518491288,0.559045738582484,0.336644813936396,-0.0418073955807881,0.339869200813301,1,1.37383950527563,0.612344005349912,0.419105346478994,0.331469942274208,0.63296468143614,0.33439013502473,0.586101562527963,0.277960472755492,0.639068066427614,0.174362246713566,0.676835741379724,0.354134432137525
1.09428215819046,0.513784421378415,0.445091942850478,0.485709528441678,0.0163253973514367,0.704098140218447,1,-1.15372594902009,1.575003782084,1.07075103263346,0.322083246877952,0.537157190084784,0.378551484514288,0.411682261323567,0.537223663580173,0.211838372358965,0.538665285860776,-0.103658097143026,0.703817951214652
3.15680358796035,1.17989288386105,1.80568556506528,1.43025217095732,0.147483748925388,0.891712037536452,1,2.68723159620784,2.56030935167971,0.781434214503228,0.311375825581426,1.62166096544304,0.428537148405826,1.29062651820633,0.5697982579558,0.804179083044108,0.678981840783888,1.47403929561437,0.504254523027685
1.4810275417522,0.460096880790311,0.905482028299396,0.628035741987348,0.287558675027288,1.16302387258348,1,-1.01950876084142,1.73203117873063,0.788317218804699,0.404460287478956,0.97143585232188,0.262527605201823,0.365287546195732,0.405272115893626,0.839211489567869,0.373870310031986,0.447840783253191,0.591646195556558
2.50645474750264,0.565499174262654,0.602903826374429,0.4150539616756,0.163214958099931,0.676633824745717,1,1.39805339667681,1.1863773806026,0.782773358974345,0.341570123951389,0.464963953573297,0.346569649914062,0.759484798751746,0.350444976347867,0.540558836256849,0.351146409581515,0.490621689753307,0.284779466503396
1.33749094965702,0.316819263098326,0.638472730054894,0.4817180119076,0.287626366208993,0.549466137475052,1,0.0735922746360453,0.815213299537094,0.696531712397439,0.250618840774709,0.521464415657083,0.303414129187337,0.18077827173648,0.439490697340099,0.718591227128058,0.389293496009932,0.898810198840371,0.48365073647051
1.80371676325708,0.429935823162903,0.766187466052407,0.451324125655617,0.175732968136165,0.716506300305944,1,-0.473215041012291,1.16533659202019,0.75155687345835,0.524697840977284,0.931969006426937,0.250247574351846,0.689801167370614,0.284181171487445,1.06138558012258,0.421442052110432,0.65993289481282,0.256843250106909
2.62115101816969,0.597460884961533,1.72793475983875,1.10821754079872,0.0822586822701895,0.825280611890487,1,1.16957336092108,1.24870336913945,0.771337846660523,0.562126334550272,1.16222293539391,0.308991249888179,1.11859724830151,0.352470657607208,0.775443406797508,0.333781261609563,1.32189793758681,0.284880973124126
2.06783521326527,0.600393472648848,1.09849383221517,0.835935294445952,0.14428933954284,0.845308338247087,1,-0.341813958385735,0.891550004435741,0.935170431959295,0.350951481443646,0.9217724873431,0.386558503305188,0.695951737068168,0.35009164618924,0.537986579730978,0.387664623134933,0.925208256185163,0.437925795681574
1.99687446219185,0.877500218195836,0.854333494977988,0.895949262803625,-0.301483128455126,0.621905790123855,1,-0.545601500286176,0.903528123378348,0.972549375975691,0.48677974797005,0.433349903832382,0.33259591260933,0.608382364394024,0.564300543306138,0.88641991975711,0.630929784247892,-0.682050141774593,0.912629414734814
1.61939775037102,0.485930649623212,0.503435151398006,0.375660590705975,-0.0424149423740022,0.39713714652863,1,0.699263534686461,0.943145918746431,0.0843246065089874,0.697527363782138,0.75902641009931,0.193317607835843,0.617778212191025,0.318088114467799,0.399728634491002,0.502939199085482,0.694452971934163,0.329460063005932
1.87877329332259,0.426372738906118,0.516315751342276,0.434977277047196,-0.236787841352688,0.406661380811822,1,-0.198286752293938,0.434920439681612,0.0802455792135655,0.527942552435361,0.986748708125072,0.234213103086812,0.731453096169183,0.289423327168461,0.83265080828866,0.279766253563349,0.634493900970528,0.351978524240204
1.85706595160152,0.35158680376457,0.476195620067226,0.310197249158845,0.668953079994251,0.287373813448473,1,-0.827462752405201,0.996957322811905,0.842165336198077,0.369586160532958,0.80478409964732,0.272482850072672,1.05375333455175,0.323707251866306,0.735120203494442,0.242556314990187,0.0798457704681044,0.44073078562433
1.84544425707391,0.702272176682291,1.1485049580243,0.830756045555235,0.488121503128873,1.44664008150363,1,0.661222183291735,1.08297376324813,0.437545532285081,0.436014746727841,-0.105242627281463,0.622650178982238,0.891328914435514,0.447123805981221,0.036820930114146,0.64284751726097,0.595484977217756,0.342933949758865
1.62141326361749,0.405087548158076,0.618473398744679,0.417635558135821,0.343730615995558,1.07561037731868,1,0.0370903455147908,1.06920952408235,0.884418398583969,0.246476460832854,0.894945503479223,0.255171497010367,0.821906789782349,0.328051651366039,1.15769737342431,0.399726395982199,-0.621414398659098,0.897030004411252
1.87470093627163,0.731091210527068,1.53832972277047,1.33222831340033,0.0620535177009864,1.13714559418036,1,0.191812765620832,0.725094423789,0.739455911928946,0.435395692787097,0.696320986536821,0.393896597755955,0.636742329414407,0.467201805211298,0.320598175551252,0.656202359389455,1.51769120468736,0.546149725846242
2.58960376992634,1.04601349561875,4.1570961260646,3.38934823560715,-0.205060212588893,1.25408114652211,1,-0.47803523353506,1.41013994695421,1.09552231430721,0.6369313361738,1.69288459914648,0.39016428867081,1.11507537966241,0.393369922404065,1.05608745445643,0.724957113210247,1.07694049290851,0.325497976259971
2.47293050915826,0.757247967422596,2.45059480283109,1.6664122564723,0.403583256860655,0.749955155951077,1,-0.143238935239584,0.686313330023754,0.861453446220611,0.351485374194537,1.11419182207767,0.407092768710172,0.742329849422714,0.486831260462374,1.43349999901438,0.5373637662055,0.302855650399007,0.532650435840917
1.03210793240037,0.35928714554181,0.532727853711117,0.324254583242133,0.0421443346043882,0.686462496551199,1,-0.389620962876986,1.01588894948318,0.558513287511547,0.366205378258966,0.686919353195722,0.27153320045938,0.386489730801143,0.404797215649899,0.192901157524104,0.344821902545359,0.80627995235677,0.442047828097114
1.78733716625013,0.448617554725736,1.13956918556624,0.743301239354879,0.337158883645866,1.00737267198732,1,0.931189851832386,1.73435936836262,0.458678047116669,0.939710221891133,0.805840693153794,0.209088355385331,0.867332309391998,0.317799246886662,0.829677745426953,0.334235055585273,0.536246613138347,0.506810587968439
1.42702082365385,0.33135809380764,0.469291963881565,0.342680950718581,0.297553715193971,0.295649761874814,1,-1.20903063808967,0.915602931355276,0.886177085412993,0.314181884857142,0.230399118678333,0.26437727453477,0.710501269352234,0.226426032114095,0.575935687652494,0.278774613944661,0.510700535218966,0.472612344115709
2.24924701273761,0.595120981425353,1.77327964774724,1.10348234799866,0.342785521358048,1.78451940376574,1,1.90594210137659,1.23339402044589,0.815099841121022,0.33041729918635,0.949871707565624,0.237377478041794,0.663485492294076,0.395066351231254,1.02603307714287,0.461187565815697,0.783326661304587,0.407105815036274
1.50318257761043,0.465887460717663,1.10503995338923,0.660842757542959,0.742807879853571,0.432597744105863,1,-0.0530210605448605,0.825796159989651,0.43536144986474,0.438721346377004,0.439924131951535,0.339536456316278,0.944462526212636,0.287744285211117,0.904182431276609,0.39235911071129,0.776384092732508,0.475340174911908
1.9723489964404,0.670635354695939,0.924450861280007,0.717908853734177,0.0542921248405232,1.23486079108548,1,0.382594662980049,0.980156783651726,0.478455457554856,0.461516764455931,1.17665011499848,0.372048615220572,0.808621981308758,0.454445554153623,1.11593588430542,0.369456968675233,1.31904778632006,0.358192809775305
1.80400432982529,0.439109668054725,0.335473042306386,0.299684682777299,0.766910344010417,0.171144810223185,1,0.692608963835814,0.788299560334542,0.788970311132513,0.170032460433775,0.469541014810807,0.292856228078629,0.591005549990899,0.356902626398655,0.214330636633252,0.402269643542575,0.498615590534272,0.569217557162865
2.06787510596227,0.67840383192063,1.84906715673086,1.6867284733234,0.214129183186613,0.966936759619831,1,-0.468569062423476,1.12546188467738,0.709325622443038,0.446713801574547,1.09177684670637,0.397851875540629,0.954892764640867,0.240319574983575,1.01750428836646,0.513522800079672,0.960807012493198,0.639726978527297
1.20741734617145,0.373127449685212,0.484536879410096,0.431562882897924,0.403160326434463,0.881870662976216,1,-0.321016510483394,0.901120988244764,0.582067352044135,0.292898422237656,0.638212494075958,0.327510548775459,0.334869836665563,0.393383243475848,0.751956667904049,0.367866566686011,-0.0937829576045662,0.730922079912176
1.64885007310241,0.56512472054825,0.677252049205066,0.550576177569136,0.401642857384219,0.99616314910407,1,-0.554730037301345,1.09338704219174,0.785576246327307,0.251279259233061,0.671173744307031,0.394999894202023,0.672008083948623,0.366177129208604,-0.136641218380737,0.635482405594738,0.852696703852294,0.525021623297471
1.9563642827387,0.417358466830635,5.85309971323209e-15,0.000153011108878732,0.943893828476225,0.0333696368923594,1,0.205201951003138,1.7346752990683,1.44532099765623,0.228478006100472,0.255498675568848,0.458094111700528,0.694564991302943,0.253435684765885,0.603444614874989,0.534889661835119,0.528915033324942,0.574961001980102
1.61189833541128,0.355883986268275,0.410376221433147,0.283416302001808,0.714195667219189,0.315790794336111,1,0.320331505308716,0.867000164452862,0.205324182980587,0.438920136901494,0.653351991450631,0.255582514078557,0.665791707397944,0.226891394094626,0.712184946800435,0.266644873666451,1.23554400571065,0.448058127601231
1.9870024054123,0.88356522689814,1.74333199375104,1.45046842139837,0.588050605363153,1.29190119386654,1,-0.0654018326209002,1.29477135234364,1.19355778738708,0.267249235370893,0.856568200078489,0.375550801794836,0.588083302182095,0.441515030678926,1.34918794852124,0.488031263444134,0.843812451838094,0.339154647889478
1.81305607286142,0.38993956937607,0.62018281688897,0.348530328729867,0.0098773262834507,0.564997796460201,1,-0.185039074962635,0.878808978968305,0.856695634388242,0.352726435243736,0.60370852593253,0.265333153382538,0.687456138223157,0.220228229818965,0.897234137892687,0.204056942949892,0.527116973600204,0.46457847675984
2.24120531419018,0.56851966831523,1.84150031246498,0.976144739662029,-0.0347735412022147,0.61380218179591,1,0.314721107463377,0.778115919986145,1.09008752124939,0.414154727705689,0.776940150928966,0.409799055599398,1.15331010335347,0.278722760143509,0.975147582739573,0.417022032594009,1.21879337735644,0.333205926866571
1.70767162604457,0.462509956726156,0.55196123960656,0.386326656169467,0.170099387976746,0.663224419079601,1,-0.920407127132769,0.63059324938354,0.759812416435967,0.290893254619341,0.855813027816783,0.290389339608408,0.344976038059667,0.460392976967869,0.837464942229196,0.217075774703711,0.677372494757293,0.40047684559469
1.58280693289927,0.475298588205316,2.36298632727143,1.47930984324157,0.35677385819025,0.861839787803312,1,-0.60971265089144,0.863979407719017,0.464939251566972,0.302443264954624,1.51164727597402,0.298949508952846,-0.0725936292484657,0.550409392206576,0.47479191010863,0.466148339767527,0.713774403618113,0.309268542555957
2.31065454989423,0.765007892449651,2.08277902950561,1.44728482044055,0.147568106315555,1.17928660448911,1,0.509945093553061,0.482060428372292,0.772557597780026,0.438780491652282,0.836251029860043,0.326414576302917,1.04005189841017,0.37807577213164,1.27989674156468,0.428016583321587,-0.0299815801594203,0.84720097737725
1.43609354482597,0.314425112490355,0.327703441969436,0.195066041867798,0.425350507769186,0.589145386842756,1,0.696437062150397,0.768308996084316,0.928578541444222,0.236969141985545,0.327297131450076,0.308359761177411,0.823735655335194,0.284319317747086,0.512571536021837,0.416168986945201,0.563851760743776,0.251102856431546
1.17920946138453,0.411658100971279,1.5304344515946,0.70155223403919,0.314023654392706,0.653199789798038,1,-1.43674078580416,0.89164474434441,0.709532624611458,0.288413596017439,0.788456402056094,0.250596452809844,1.32012074601008,0.22751033573353,0.145666648689871,0.450702685234018,0.403918377604084,0.422296458138614
1.9355959213322,0.378486857447023,1.16458118635939,0.679878247507964,0.824576485528022,0.184785083724535,1,-0.521391385119318,1.21038891231458,0.96530808298796,0.302394319803353,0.874794140462001,0.292171734288205,0.286824466921222,0.433014835842862,1.17704522268798,0.249089364776683,0.754135093196351,0.472297535109089
3.25672360062598,1.21348389324965,4.55293128101504,3.61939433003719,0.272495317216836,2.10650024738346,1,0.771769333395444,1.26733224387746,0.396531176353523,0.628290529916943,1.61917072900407,0.421102652668823,1.49941409448285,0.538800020886767,0.866919304416357,0.504597018269354,1.31173308400251,0.381842846435256
1.75030545196813,0.357311393088209,4.07406373408808e-15,0.000127656850382857,0.901610821848137,0.0485236824982813,1,-0.279715278876969,1.11493975567957,0.838277399747899,0.357721689263983,0.0512473995036169,0.713883832780625,1.03031087542564,0.246412969657148,0.957306529708899,0.267315380737147,0.388123560469191,0.301324022788428
1.4080804381137,0.36091500286958,0.883037639817053,0.514033449525022,-0.0366607239721618,0.551720736340894,1,0.521724072718105,0.464057473067917,0.645661983469407,0.285081303069639,0.379192127290449,0.291260829775052,1.0671161971945,0.322409974907753,0.203604196687997,0.557458516704224,0.764589821984682,0.612280003115859
1.39297371204338,0.31949458722947,0.459275287525291,0.331222581281516,0.294404793207641,0.524365836363224,1,0.120640889456573,0.816226012848083,0.344766410800226,0.221095144567419,0.256807189137108,0.380889752618853,0.63375523689348,0.350943916566761,0.763606957425038,0.203066371878945,0.395804976890442,0.477016642073208
1.40639893036247,0.478476107363386,1.35361377804556,1.18274075337921,0.0258098571883227,1.08466821173986,1,0.725207572610347,0.592083496340335,0.81098340020791,0.376773578668406,0.891157078357803,0.358311708876113,0.531469989965829,0.567011066760489,-0.491751982567802,0.802587536400952,0.772197805040761,0.624806203365682
2.26278255814972,0.556789489790615,1.12821927255312,0.894528122771469,0.62114285353366,0.714841141599093,1,-0.0490013249482596,1.12677581365787,1.04821785040928,0.379573201124072,0.622946740600485,0.271272728541011,0.609057960630037,0.287478908976155,0.769745676869256,0.417850117615296,1.14024010178404,0.463804135608647
1.90105402469367,0.562600766503944,1.77621733298877,1.27238329244472,-0.0775483313727309,0.733390313774208,1,0.220762020302076,0.931579637930912,0.796737151721878,0.339419628895467,0.335060767818436,0.414369509468933,1.14461392491421,0.443043894096167,0.601281929086313,0.436510174380359,1.20689589743577,0.387964155060549
1.47532216312312,0.326318838860328,0.695086026452083,0.491971895723771,-0.178905926459419,0.286654173185102,1,-0.81086946940204,0.586720268415716,0.99270299285299,0.242743197579259,0.814763340170469,0.183066916312493,0.573062558812513,0.305704494128351,-0.951411260385309,0.916488880336793,0.207143908380556,0.48748097297858
1.47156427236901,0.472163984698914,0.87435827650592,0.690640169659756,0.681842880084442,0.406543700226427,1,0.396631688910517,1.20890312113379,0.416642730983951,0.46411716023787,0.683111287925923,0.466459786667356,0.699038687212437,0.264708682420689,0.860899504416136,0.29920052701888,0.22392555813971,0.485844637761259
1.8951761229146,0.714813586430465,2.18811662996815,2.28594711103271,0.10668998920764,0.922617091702311,1,-1.72563538198497,1.80147425687831,1.24599961541886,0.423965143472205,0.82229009765461,0.591529912645179,0.875000834279468,0.424520136835877,1.20871078151581,0.419143158676617,1.05066881780743,0.558059375922853
2.46970631908874,0.719596444612898,0.932460487974852,0.774759755782983,0.493016900473128,0.765579568542372,1,0.895913449504803,0.939029217357909,1.24864953031055,0.360555031844394,0.507500970895943,0.410268597646744,0.0653026358795268,0.53407632593919,0.729916334151575,0.527240530928751,0.75104039789327,0.449234485049665
0.872709170424858,0.275061836441849,0.778887943447428,0.376425162621006,0.46767780307879,0.458729383219355,1,-0.286184640449042,0.56518673840528,0.569064474972071,0.295163597510333,0.359980045614872,0.296774175931652,0.650078708305159,0.306085331874571,0.059825254125312,0.403397680559312,0.776275327825713,0.295139293945557
1.35570885360921,0.322613147720355,0.627064149715763,0.434231609515943,0.496081878560674,0.604283272865443,1,-0.927362575959167,0.923633975491051,0.676625234215681,0.334436926414697,0.476634335607384,0.447853819324387,0.802895447123947,0.231308174077709,0.722557991952799,0.308793672688937,0.669708000106944,0.451219667167453
2.03313057617582,0.531442993395162,1.45587792538867,0.854116158488997,0.140360200530342,0.893649687626044,1,-0.594582945450268,1.02875419021869,0.859471761498283,0.319036975897549,0.894626155248672,0.241299442941397,1.21105423837785,0.292633262851422,0.631654599872127,0.378935771512798,1.20806026802479,0.441828166351949
1.2597573975086,0.269197577016361,0.480177316462044,0.364363313368668,0.816395588663888,0.189645519973699,1,0.321915181463003,0.78944467291892,0.594226795560054,0.351367013740514,0.303038365770151,0.226045436712517,0.812237024930428,0.210754070941561,0.377779487751246,0.29917522782774,0.109345477994799,0.833693178082891
1.4886107722633,0.376431795199057,1.76495896650641,0.977940332819151,0.658192629966091,0.551143092400205,1,-0.641775586893281,0.697836483987791,1.04163710641036,0.237254977654093,0.848032224876527,0.285753484195878,0.393839685335773,0.397178706972198,0.859862835103926,0.443427004968833,1.13615129248459,0.412117228427181
1.98975701621954,0.695884098419314,1.00850107849715,0.803887545994835,-0.178861756790846,0.808982468272712,1,0.177413372741351,1.58680255861971,1.19916582922446,0.339540975831132,0.585976044995655,0.426874670897362,0.35690629280037,0.602193607472461,1.02629703474355,0.526665274530715,1.51826045823367,0.469245299010637
1.58205694160158,0.453106283570715,0.531205745796069,0.457158324314214,0.377688084381739,0.974513395918687,1,-0.608740455039126,2.13815854633161,0.683794746304138,0.630591425011735,0.39797588367447,0.43900308479458,0.646478698122406,0.283143153937512,0.833615721463941,0.303358469970593,0.0358812096275795,0.485268117660565
1.52963587894814,0.403213900613817,0.703369353809482,0.463587349053153,0.896128034873965,0.137966486591138,1,-0.309265640250747,1.7019102195627,1.07427779369732,0.241389400035269,0.498006897051839,0.501713005808164,0.715849837421519,0.371631479632284,0.654835053302995,0.268822029770748,0.696591993904355,0.376238138486021
1.90750754162795,0.506090753938777,0.581008132374264,0.593327098793558,0.298791536759247,0.939137197914792,1,0.434721966742601,0.757705046032685,0.676153228904987,0.512704836980284,0.790509464588665,0.319832933573804,0.71574339285277,0.355810978022784,1.12057428058831,0.301652008373986,0.21545003671472,0.451215102100764
1.74139943806224,0.472500576170206,0.910313157431983,0.63863601465287,0.640362630683869,0.794392158796615,1,1.2651767021093,1.17588053465188,0.427449007620034,0.289836460160278,0.938413609012033,0.317312329243306,0.390909014539406,0.339526504826607,0.961312276111236,0.400638391756654,0.23636353570837,0.314796704881936
1.42868371857661,0.363188163545903,0.270689343657574,0.261108817038748,0.516965201022031,0.38216196352925,1,-0.633723505593663,0.931543438927057,0.992676553010742,0.353820853716583,0.32472883314259,0.262937760670923,0.952635464875775,0.345732002681182,0.280540630360118,0.430077528704895,0.526281718541786,0.402999304639486
1.20778362579163,0.411762120546808,0.814265914765701,0.563974036484431,0.783784965245725,0.365128168464878,1,-1.11391044053884,0.860307679065667,0.594226821656614,0.272078332009088,0.577526910104829,0.257193052586434,0.628005707345212,0.299286784390239,0.79371194122664,0.317903319599756,0.386756915357424,0.469365978223995
1.6543456666892,0.390289794798313,0.837980135496552,0.46358318281399,0.379837601621169,0.838018674258716,1,0.578232217599704,0.67385551150223,0.638477946870462,0.400247358381932,0.562028168833337,0.212733521060142,0.810681297414356,0.443286879225701,0.560771551352529,0.337380862059511,0.59073563957606,0.457661837134271
2.17643487787584,0.579804466851241,0.884985841192392,0.73839439012642,-0.0612598562024192,0.743084582673594,1,0.892578256351413,1.25858369694705,0.5714761768472,0.704966334739717,0.825972941961167,0.343303077144667,0.633637268930613,0.50310126154578,1.23609348526987,0.397020092632208,0.917048478458891,0.388311340543127
2.27394125774022,0.739967948470622,1.61359631007077,1.08092577772411,-0.291921995651811,0.63640257418704,1,0.600277415779455,0.789320186813207,1.01125802214164,0.318949420436019,0.80066205325519,0.494479036241282,1.29593604158032,0.375775527502257,0.97825635206367,0.456038007386349,0.912233740763895,0.403707476669917
1.61736419599918,0.511269561506537,0.956119433741027,0.68244977893654,0.452447645476028,1.37002646022383,1,1.6501297106212,1.18272132830062,-0.174366291868039,0.633487016148578,0.769058415991794,0.401016905568874,0.451923121212994,0.347702640065149,1.01604047096637,0.272029671163244,0.608135381644083,0.438206550103911
2.65372955719778,0.777117431147688,1.23869791481501,0.882243857243708,0.214869229738114,1.08756039168294,1,-0.41305129206161,0.936725952161996,1.31898818903593,0.403308665389231,0.918186400202176,0.340514326587702,0.829022073527743,0.337528788089105,1.2190111314595,0.243059294551826,0.363882194646704,0.495514143838977
2.00624795657333,0.66825452331619,1.56376966036828,1.08264323291217,0.4678085224392,1.83750292971715,1,0.807226336995882,1.50776050347316,0.855594509564468,0.208383279524254,0.934000014631471,0.365785863559584,0.858402205380229,0.256100510176965,0.917401674758288,0.471688932226691,1.40605208289479,0.41731079785217
1.88176026719701,0.47840939845037,0.858775062307567,0.52604413028566,0.120019302666891,1.12764036199117,1,0.637641593042992,0.697925802819203,0.641819484520575,0.390973371725751,0.7186951163203,0.30493587472295,0.344518084056697,0.436865790345421,0.772037836404207,0.367350170527394,0.341185311401756,0.589934349032753
1.46082132564826,0.371114984957001,0.589743000566566,0.334667851345026,0.742232428693601,0.367704521612361,1,0.0638377240351644,0.767960653660154,0.725109531869737,0.296045924969866,0.971034440468486,0.291947810016321,-0.113701524582343,0.479993102966355,0.600442236552779,0.333824537897088,0.960066061866993,0.290507155882361
1.4446581070042,0.538166870901829,0.849439884212207,0.727713205799494,0.0353562262974395,0.977220105725218,1,-0.481949145797322,1.32048569508474,0.969290971618068,0.41737648097407,0.627941764637081,0.480808427575594,-0.0532925748951243,0.602285925772169,0.998252730792536,0.354923666477964,-0.0630118352806373,0.674684895481724
2.47813139991552,0.802825817169379,1.78509945162559,1.17301878115485,-0.449756123553211,0.38915864807112,1,1.26409498109855,1.30138681747134,0.57531841142637,0.366474187875537,0.936078080079006,0.36593498262572,1.40387314476658,0.395633066208792,0.925689043160765,0.394298187980226,1.37692031935761,0.392330699082195
2.9309287163502,1.12915556088134,2.3380296517525,1.85862003952195,-0.136824423569449,0.795952871592846,1,0.113998710072308,1.16778847137685,0.937124248292581,0.441482988640282,0.825932187137539,0.54027559500118,1.51968914225993,0.464820786046909,1.33997810892909,0.316563346988123,1.29751909581146,0.600973381114377
1.3710246394787,0.351247734286466,0.740322384357926,0.376219218646526,-0.0161809580560449,0.324224420370961,1,-0.553384862498872,0.930434538343497,1.03869714884997,0.240862942939416,0.926815365792377,0.386930783006619,0.514351294721883,0.377056233612963,-0.125338706712962,0.426463363135351,1.05280103363995,0.20134785262344
1.78937675701021,0.407223001269806,1.10551775095215,0.805344415002789,0.838374540223621,0.194333083631254,1,0.700689631834325,0.856730427394231,0.658830884108123,0.471245522425383,0.554739333231835,0.276363917064153,0.913424401665846,0.236088086393349,0.47638468254948,0.3927442334736,0.657519173825166,0.359381044468398
1.70913580274997,0.471220148999875,2.07211811490689,1.11841891043268,0.181864289091599,0.75884388299104,1,0.616086893690034,0.786679812871686,0.620757063239723,0.43634142213554,0.932164679104434,0.217482544044257,0.962240555220638,0.261715056017158,0.683702400789358,0.562696196270763,1.18837687888982,0.549304058248572
1.5005818256553,0.530863468407333,0.443938054933741,0.37762747713323,0.941871118170489,0.0557698434890212,1,0.411426758544203,1.22731659386286,-0.0145318533820544,0.557859080588608,1.11979708841925,0.343368950940509,0.961370986644495,0.342462944004565,0.235487758760961,0.356986228590315,0.384445773993144,0.484425776462248
2.71145747212295,0.734884249417868,2.05221548935567,1.1536442150906,0.178030544022833,0.257172409784016,1,-0.139878901622557,1.61829361236231,1.00289620137937,0.459508039895384,0.761906623563768,0.257745891415738,1.1156000738695,0.33209423549612,1.47996950945654,0.289964499015404,1.24303589329974,0.603392589240384
2.43122186687983,0.684475666435089,0.625291213439702,0.649856402207607,0.843674751980228,0.183221197649483,1,-0.934985858407285,2.69020895847297,1.27323122213919,0.774348067851943,1.07788000342019,0.369722056896412,1.06445562500164,0.32747515030659,0.172631007503062,0.467766956009979,0.791613754888223,0.654261102136362
1.88406984998925,0.487305379433563,0.304523137824316,0.273781885993621,0.13934681483866,0.690549044719955,1,0.4325942847014,0.888250562333798,0.775118643274688,0.290160840273984,1.3146095580347,0.232739072287982,0.62056190733606,0.492281327552682,-0.609758783092427,1.03572287955114,0.406829460524676,0.44679198894217
1.3458363972733,0.44389710085393,0.970503231472624,0.718856336736485,0.276706738583939,0.94896904488665,1,-0.645553674192592,1.18262125206735,-0.255654933716603,0.897657562003121,1.11996553860811,0.248462810109499,0.541469159980494,0.340157177466665,0.972406435593183,0.435038917894426,0.941446162248825,0.385378889623216
1.50625131069603,0.473877913845217,1.47934134803472,0.92323699121475,0.405223019166145,0.716234932763728,1,-1.45117467185438,1.22671157729146,1.00971514243062,0.347122266965226,1.15751347088903,0.422613175045505,0.698469850495847,0.425293259727764,0.554518416352312,0.367977520250416,0.605562206585533,0.327967289516667
1.66696834706202,0.44107036260455,0.699530396080206,0.43503546295476,-0.172526288548457,0.287719411949304,1,0.277202957372381,0.55978722201217,0.637757168798644,0.283006059345454,0.998520762969304,0.259903170572029,0.653560770251522,0.300625228869113,0.258972042334076,0.560233771360063,1.04267520984344,0.498867387193581
2.19144295080051,0.545373981232951,0.456220829349989,0.356338086277625,0.835604167596915,0.149166467661164,1,1.13694690337602,1.33795193844466,0.519481074171947,0.361373232823366,0.840565835330039,0.198200872327734,0.881498123840065,0.353427228115469,1.26924051792333,0.292030612472999,0.555532927298198,0.30756086093982
2.06308759117041,0.65042210264842,1.94858126353372,1.2258368608687,-0.02346499513526,0.630023026266978,1,1.11502043185321,0.900043452689558,0.570781279077955,0.371689089497582,1.16711837745152,0.383791189517831,0.432634734115464,0.310309830676533,1.02246552843378,0.497210030954334,1.33501753688756,0.549562218429727
1.99040847786781,0.573819817398182,0.692865422984001,0.462095952457927,-0.134560742400069,0.677465609794008,1,0.33621505239163,0.928605472433546,0.882395747985766,0.573984921666574,1.12160550205394,0.338247318188166,0.753978464335766,0.404522323533542,0.544807457083835,0.28310465916767,0.820143025648065,0.477174527339099
1.79267759219798,0.586720213737592,1.10258892117475,0.996840128905806,0.364521264535085,0.771458715336293,1,0.289800956180379,1.07314922059571,0.508912656406471,0.486214262629727,0.377231785756586,0.458031174855819,0.0835915471803561,0.465648871274192,0.642564747158556,0.460620611714022,1.27427499987099,0.47486843749523
1.79472821041228,0.548545299041037,0.735931683225266,0.529759873288219,0.124075032032618,0.725728175731321,1,0.866590198493676,0.967484299511471,0.14773880553863,0.399787553913304,0.990145147856887,0.318308239011123,0.935797544708994,0.268617200892291,0.574868948609579,0.417399302730629,0.83220846000225,0.495946820278269
1.5088314690099,0.470207630748292,0.796048526811923,0.825690603264986,0.81918515971172,0.257774363769013,1,-0.84698091130234,1.27171576152077,0.758701280040813,0.26956633506707,0.665966433124108,0.344685009378278,0.636239462071021,0.377979191950646,0.520467352218541,0.327891798700243,0.286178122068008,0.450122056700027
2.57456021799054,0.682885882095111,0.941162275361771,0.601927597506146,0.182052408293707,0.592650230913179,1,0.918107557169243,0.465201499908287,0.51860284455424,0.456759252530203,0.744808709003847,0.334100834833094,0.974585362776633,0.252375896777821,0.979283637051999,0.253033246626495,0.544657886501375,0.659377116364043
1.30549022445591,0.351886798176392,8.85554475575956e-13,0.00188212642272441,0.940393789030576,0.0422716645665192,1,-3.33825870027102,1.48400348003828,1.27509645558592,0.293556727579907,0.99144824938885,0.273259070667774,-0.0495389284445213,0.4709314814879,0.287288967093941,0.446497646615429,0.503161532009706,0.380399290848993
2.28205570384728,0.592030886747902,0.363275793721525,0.424279435234819,0.371031394179796,1.20465510079049,1,-6.73302930077478,994.53609517881,2.25411065606897,104.393406319165,0.501146910255078,0.48667868094019,0.395284895013236,0.477964073583385,1.13828806759268,0.385920861538831,0.736961597732572,0.425474651907835
1.42147233273577,0.324210803577622,1.14737897322386,0.589597892441688,0.226200802617297,0.689306761017648,1,-0.0180007733216263,0.690268685605887,0.740918121314951,0.296592013010437,0.53167465374649,0.242260926138631,0.7139921034502,0.272120619789822,-0.383153863850528,0.719709037269002,1.2894056861008,0.35483703649997
1.19806006933888,0.240569099630285,0.21115637429292,0.135020742246796,-0.0381126633444165,0.220638540246677,1,-4.91809940314473,983.363261135378,1.68889614466006,181.650148164961,0.722593904326106,0.304031367305456,0.401734092852107,0.271601383906171,0.377995890250702,0.298749788028341,0.5781689677021,0.201025579804208
2.7181842932871,0.810337875149453,1.43546791287434,0.855154585087189,0.216156256757053,0.637186385866253,1,1.4721860961878,1.15810952853783,0.959722323430173,0.440684677967116,0.885581124339614,0.394035114773338,0.953422174640654,0.220720671773908,0.755856308846562,0.474164761435907,0.750459594558141,0.471641010803359
1.87213588359514,0.382571081813176,0.39094060836376,0.308013956507272,0.221546955424418,0.610689302226231,1,0.858442353650392,0.690999114188871,-0.0113347374343611,0.502786033249369,0.576695151255385,0.415795768470445,0.892812622021263,0.271597310288777,0.333564366466394,0.37352455148215,0.666579029426727,0.247702887791523
0.825491189003142,0.285106876616853,0.176274985719165,0.18340257972297,0.775801058278416,0.210456819353892,1,-8.87025152522823,992.907613036173,2.12245126328562,118.888576850392,0.918806116590212,0.332054460974476,0.265448703675144,0.290648771672291,0.615541354220605,0.265998874654213,-0.0449529450041564,0.290888052248948
1.80433192983547,0.403708917873754,0.745756888970638,0.384990444660582,0.320646649159029,0.709714369138742,1,0.328155284586243,0.945265848914118,0.372508681227983,0.458431839576139,0.746313528064614,0.255769514928263,0.531174571860168,0.359107088502226,1.14877581127933,0.308623285840772,0.186519911068678,0.423697872915854
1.03330293650481,0.289113255176085,0.636621847272367,0.573556727252842,0.874449276688278,0.131271505608212,1,-1.20262759051869,0.892491840920157,1.09463222543684,0.166250435789371,0.864548950329976,0.239873135410244,0.512804426350612,0.399232254264167,0.790090880481692,0.57135423468663,0.920149003818034,0.376903884458321
1.5478807563413,0.375428380814954,0.656442213207897,0.481784619837991,-0.0431343140526108,0.63240340630515,1,-2.01583626510541,2.38354075979153,1.64296541251325,0.461569036973649,0.557209867336324,0.280236509874867,0.577061104601413,0.325465733678645,1.06317692019333,0.354495118326744,0.729114304441876,0.458606222096099
3.32761198984776,1.18681657575257,2.98124877533786,3.00902161563345,-0.156737256694444,0.629115448652162,1,1.26181872285021,1.26807838469776,0.558477214377055,0.497567164867606,1.08965424463668,0.433694469547881,1.25166435457964,0.348178052295872,1.21099826282417,0.623565415171597,1.07724299960635,0.387348430234679
1.74151668949694,0.49762288633445,1.40438945147737,0.877624120583132,0.0688045014976058,0.92526742212449,1,-0.955852687094728,0.770257846026957,0.925347409907428,0.35743546674484,0.700342950288195,0.225306204382792,0.501643220186848,0.460012776225657,0.74345529952969,0.408153849642713,1.05176643557321,0.396482918561785
2.68250488643301,0.808547028900486,1.29142366847777,0.931384602178957,0.0243636787655186,0.873566135602765,1,0.0349413308519447,0.884829642762957,1.01318828998751,0.351962609261594,0.864191581104326,0.384688163458195,1.16970842794707,0.268505576773095,0.925404506249811,0.400353853233646,1.02799954871102,0.480442922922995
1.24427069795814,0.283353960487073,0.222195280206118,0.250225937172749,0.543593157925245,0.444561165068039,1,0.290454650960765,0.648334731491756,0.632173068162089,0.203739367590269,0.205303924123999,0.278871616162428,0.360390116967974,0.414205309385168,0.551652517039299,0.382036863440168,-20.402656104697,1000.00000000011
1.46640715083056,0.638068277113623,2.24862750144413,1.66143143975408,0.802511062683415,0.43168597369243,1,-0.171066099634335,1.01882816830722,0.604389527468604,0.306811770635254,0.870401269329464,0.341206823006923,1.15431253577243,0.434845698717308,-0.0718848092885551,0.718480766712069,1.13869059369629,0.528951608811338
1.51351312939118,0.442261895628659,0.913309072503937,0.455539838628901,-0.306184796355526,0.262856359292266,1,0.219093787538134,0.950397756808333,0.859256462868979,0.385478596047082,0.52631564876479,0.294674165715059,0.696407569222017,0.258043824544452,0.801542054674827,0.260882905880172,0.184446506800979,0.793387168684767
1.59520075289393,0.289390804504618,0.702523859492197,0.28018761670517,0.667972356899118,0.399444463970452,1,0.0474684855212845,0.756847553678271,0.78880693420562,0.335743516176747,0.639174544280918,0.197244286236977,0.767255374475297,0.24167722512195,0.878077315743544,0.359774056407724,0.618019999869951,0.332626818009735
1.29530753735736,0.405040046500881,0.836835834291291,0.507393982441062,0.292979945693864,1.30350692999113,1,-0.116710172577323,1.30386053186013,0.99830109470392,0.237911863108508,0.191135733296464,0.50050862028666,0.324953433783665,0.453012849032486,0.83697856796426,0.319430823557029,0.973928471280972,0.414675291492212
1.77688535044799,0.487883244856887,1.13099688196319,0.716360512176817,0.482790308816343,1.04978180517279,1,1.0479364617685,0.768062615133709,0.951007950789904,0.25109846215487,0.206626393769339,0.462026633977558,0.885303469124846,0.302810460814698,0.935108923339408,0.501759183542714,0.847122123969394,0.40465875504825
1.72800680915491,0.488942169234096,0.791150927433286,0.589681839523808,0.709317794101419,0.511619719870563,1,0.483956647786085,1.04997175923034,0.845879086383887,0.410387099449504,0.272642325164202,0.668740763779235,0.954095818047252,0.224554711105797,0.815902176766348,0.365473653430804,0.386354965830311,0.512302157531495
2.08542234464348,0.4295754874156,0.835752424423543,0.572159460640915,0.200482364080574,0.748450688413808,1,-0.642550114962737,1.101345364355,1.07468159407276,0.316149640987513,1.02760443943618,0.355503386631835,0.835215174934442,0.319704008762051,0.70875538983279,0.299650543539969,1.19734732025114,0.332110949505352
3.84199235443712,1.69499079100815,6.05919400361466,5.71666793549587,-0.627373481479491,0.540149846676071,1,0.973999854069977,1.25864368089418,0.924995823032339,0.592244489451332,1.35348934589296,0.478420371529423,1.66533673998428,0.523111551158868,1.50530756545663,0.563998933437277,1.30958463335838,0.421982866836356
1.44228773282161,0.418134044357105,0.732450166394548,0.625850132710508,-0.114970338960437,0.656778401977332,1,0.711973006802652,0.648929438279392,0.716013087072461,0.293948689828883,-0.083251579733,0.508378338407294,0.792874016108486,0.528877943056925,0.444041440441725,0.605392528998466,0.34971932699521,0.437226537296236
1.91692710030317,0.592911235386942,1.62725363677112,1.08224002535967,0.488332636890606,1.38138230198377,1,0.610892656770554,0.841383527338572,0.45485730317248,0.364783978736681,0.619822505219535,0.3971109635844,1.36401403631342,0.342630339033885,0.560409066275374,0.487616759071151,1.54644036383865,0.538410522469735
2.17485649032374,0.71282864959804,1.51942752645755,1.12105049097685,0.138116145833334,1.22863912801893,1,1.57987921319462,1.09896390816076,0.694746025812338,0.591590046870701,1.04490894486864,0.434355254129844,0.199780956660521,0.669289161677247,1.19430416558161,0.256157505952208,0.679490557985904,0.390307204814145
1.9710199163359,0.48393918299492,1.04238190443032,0.598222392830211,0.123566630324635,1.05387423597683,1,0.508802511102148,0.989029495042862,1.2379663865157,0.291218414607803,0.283114618929957,0.494887811255356,1.02655712735748,0.42738702485769,0.729813698429193,0.522517421306317,0.774937463709932,0.357463183590842
2.14359063486981,0.837409913793816,1.87519501966149,1.46324402591138,-0.0842292523768853,0.926970213264753,1,-0.776346381837468,3.78969081524593,-0.0258571732079192,2.10240124574097,1.37372716018325,0.447766594881121,0.481086497224749,0.689485339743457,1.13237540098688,0.334685403450243,1.089608908829,0.321112749829874
2.47928863433972,0.569823572557568,1.64998908758084,0.964030838466845,0.258176307381364,0.843730169535341,1,-0.435766811663126,2.64665240874877,1.39411177126211,0.636769921732465,0.931015105178672,0.251946219791747,1.16934363613107,0.31524930377052,0.851316671968455,0.441433487218406,1.23076176795944,0.433403946826986
1.50836823056563,0.392230955814866,0.788480299423383,0.465414188074155,0.188075679412047,0.967135439395411,1,0.708812630431973,0.586706895203849,0.363802221450103,0.349341735647022,0.781311097597735,0.322512963323526,0.519076318061221,0.49380709621043,0.884709832171202,0.268370052951506,0.571478276165068,0.372563733752898
1.21712901479414,0.308968809092299,0.478541785509595,0.223504493276452,-0.33173039202947,0.297228437803619,1,-0.85076162601692,0.625447423421939,0.679485981480994,0.281338119260023,0.194258853717864,0.366488183559547,0.584917412327624,0.293629746802907,0.741137114652364,0.207035396751171,1.00426873308994,0.309987224979469
1.26866300186182,0.340784715971687,0.223029886613419,0.207329512412326,0.932526024911896,0.0525110017760745,1,-0.487839497506452,1.93388814002741,0.900584832459632,0.507251630871908,0.54733229324488,0.368592041866434,1.00321036872784,0.194904297515582,0.380979987349225,0.345361504095265,0.100864374677252,0.453524162615277
1.75269464090064,0.39704950334374,1.45210882733713,0.633853518769326,-0.433811994537869,0.207621764219913,1,0.0972236216414582,0.810493020614411,0.959218899749286,0.377302358849851,0.829335040094491,0.212557519500122,0.646101811870525,0.270967810626783,1.00702963974318,0.339123676681674,0.656946393753639,0.394426789612699
1.77134804484846,0.687966811444398,1.71730500944878,1.45096290551563,0.914549784662635,0.196712835015755,1,0.514301346830565,1.7055706383362,0.966044237558217,0.384045284785821,1.17922541508096,0.332779532256151,0.81070859366122,0.643215994170934,-0.692370083566805,0.826298093660489,0.932567047476251,0.407482685974919
1.39545094719118,0.38420135665531,1.56317550120415,0.972072595693837,0.58965845059729,1.43154270078136,1,0.545023332287455,0.867317468408858,0.487984195239786,0.530422365722239,-0.0603559286977731,0.518847615880134,0.610530344064848,0.312801270914391,0.810665964701003,0.458908664834069,0.655306311575118,0.425560150379791
1.66631894109683,0.496869276756185,0.776118255774169,0.495915510704463,0.182161170428551,0.421562608153406,1,1.78579855664859,1.02344342341926,0.871241980924895,0.239549617380596,0.803099169978212,0.286511190447315,0.590924466022494,0.452846482578456,1.23355936931254,0.548431847323853,0.413934955793408,0.531791398218059
1.90688629060625,0.445292120607551,0.579639930466524,0.416495538031208,0.397824441068896,1.41685943066027,1,1.1535376104774,0.824275803395982,0.555648021729261,0.704680843989982,0.57666611438739,0.51379680992948,0.582572426463976,0.338573854925192,1.02159477856289,0.232621782315187,0.833317805218982,0.272365596823691
1.55524827269942,0.416725748608014,1.02088487255051,0.615664196323057,0.164864700726593,0.911983480466056,1,0.544343270130264,0.835781684550739,-0.436214102217043,0.718975197770072,1.04773431554904,0.307252934106322,0.885376141994795,0.23139340334545,0.391418424602787,0.382659797113675,0.74135143710686,0.344842303728206
1.20613979758823,0.342981783394929,0.391144233849833,0.277656561656115,0.306394839645444,0.958094537329459,1,-0.765799641458657,0.857094822393139,0.670249134569197,0.306741953226786,0.614226869953545,0.274077772049519,0.992910787543833,0.278275226488973,-0.12027729823927,0.550873110972234,0.5365667499557,0.584654573809256
2.09171038581131,0.856105672286839,1.40909750845948,1.38673325587278,-0.110709196423166,0.53472845334049,1,-0.611116425481566,1.70430077350881,0.769980349366941,0.500530905850516,1.23892389304563,0.281823872738759,0.897708536266799,0.428510309546907,1.38448870099138,0.53664381503679,1.4269546197085,0.651699753289292
1.32960356203475,0.457051647434852,0.920258837410317,0.60765644464219,0.0111642296919924,0.482768412157351,1,-0.574579790765601,0.727137831706247,0.946302015797596,0.26110628512187,0.575958455269089,0.419018726924564,0.520547317988423,0.342922404804342,0.811549019077518,0.38845738102327,1.09805729330308,0.39530500430223
1.42599685159236,0.534642780247659,1.05904937952993,0.847635973256735,0.346919100911398,1.91327770338988,1,-2.58592668308015,2.36727134298568,0.896366864620229,0.724293856639323,0.782951580581851,0.294357173533771,1.17324201173366,0.457280510440176,1.01450547245365,0.348607733555745,0.53378490785153,0.527504866680546
3.28341992632432,1.35498261681678,1.74584955458937,2.08644526798524,0.45831500919917,3.875393517332,1,-5.95154616502316,988.686637117865,1.88576989022536,149.995990069085,1.89648058711707,0.429532734008998,1.1527667348255,0.394380856877484,0.696129754971415,0.567164716841062,-0.253472536263584,1.09643400177835
1.72460255418952,0.660468270993571,1.3424774839572,1.17460371382254,0.866026296630686,0.282061428989768,1,-0.324112555942816,1.88063756710356,0.52323832589959,0.397687217530179,0.961257062124075,0.499196779888754,0.401133242523136,0.440172831453859,0.481423771384893,0.247373614095178,0.759153373501214,0.475570191287049
1.44121617827528,0.390604061066477,0.998608290742013,0.50056412767376,0.0535486593409715,0.541640211691723,1,-0.207870952423554,0.755084500663532,0.421630466284375,0.367037373251365,0.733789524608399,0.223864159187487,0.594809715235422,0.356708762607918,1.00625077458435,0.332783748014219,0.199596908604353,0.463220194989494
1.55099689370783,0.433610720483972,2.15373182857196,1.33355017070297,0.241060631939126,0.863481130826992,1,-2.62972035555749,2.95207102491272,1.63018921214142,0.548625799438242,0.972637932333886,0.180851155546695,0.371263249456806,0.417571368954671,0.429827061230836,0.527233297503268,1.05773200897526,0.314985694738649
2.08373131949381,0.643580006428618,0.541389951876474,0.339767154185358,0.170014379908953,1.00132711460791,1,0.00974980613565727,1.19714434610589,0.416002433923227,0.461764860663689,0.585365384436408,0.448558167162007,0.924731842254192,0.249138921112939,1.25968766509074,0.309672485901983,0.0613021012122441,0.572455343560206
1.99718972658666,0.550703712811182,0.968568322669661,0.683271623587144,0.318078771201569,1.05398408860867,1,0.908633366998355,0.889453390497704,0.183016517571764,0.464863579886483,0.950549994442103,0.316454183127629,0.736111010075393,0.414598008547379,0.645583070234903,0.346743655819453,1.07075855201944,0.358970398164689
1.33776976550235,0.360759477281674,0.57066114154157,0.272965567788359,-0.0947632208128546,0.438047597196835,1,-1.09646951359382,0.798321943424789,0.727946900794735,0.27186531786071,0.63108129225488,0.293855199218258,-0.266255477510048,0.423005720533847,0.999220120446746,0.266317700066929,0.719877058645764,0.323483697989196
1.69679974601235,0.511936632020906,0.434358807886707,0.359526706985708,-0.096207701737374,0.494237748460659,3,-8.17284788825854,994.608742410159,2.26085860430472,103.69886567984,0.243124141925588,0.352053211750641,0.385167836015553,0.383702985970996,0.746505275564993,0.365772600300296,-0.402425847688065,0.532994111598099
1.06975822691127,0.29822699954635,0.629681340592942,0.36676358070597,0.181812169293741,0.515534829949634,1,-1.05106667259609,0.56120392607664,0.480577608386493,0.304801638289115,0.963634727773336,0.19350656910698,0.464790626965201,0.330327792464288,0.815395480851534,0.361424012211138,-0.0340576883728704,0.687115809139186
1.82361403466231,0.370785486094199,0.998420206842829,0.513139309588005,0.277779429198732,0.524305954296859,1,0.178118877739509,1.04022547785129,0.664087310647007,0.25883083940102,0.684849567775438,0.347017854518887,0.613743283887367,0.466352176601581,0.693140684361922,0.367951968779503,0.684791093816871,0.2336946988819
2.26543259043643,0.828042514144964,1.4652287360215,1.01824548131431,-0.473371823587988,0.319127167461878,1,0.880400757834141,1.09094166281469,0.448132273616304,0.498689005967489,0.60353638519913,0.464928087812221,0.992533359677241,0.393893882975232,0.693994256115286,0.470963462674128,0.998200180098239,0.340524928253457
2.22583560461633,0.560257290910291,1.8518725783013,1.14863883293324,-0.503544313994007,0.309960541777648,1,-1.33829859451456,3.7792288795015,1.24529818452034,1.09137331465521,0.757832004046951,0.323817646853685,0.968345961290589,0.28520997682126,1.34629419101452,0.284776558621861,0.691169472538534,0.494806937119791
1.35415361512036,0.377706679941965,0.95597617596695,0.707378995368647,0.513438034643487,0.842654899075251,1,-0.345184029534324,0.987131085714366,0.896007423814088,0.340053669422996,0.607917536185338,0.404909827575554,0.499490965467812,0.43630932874516,0.631988644300077,0.360026630834186,0.977174428550349,0.45567216239405
3.11105417966003,1.29023060954522,4.38382593095804,3.57252960966758,-0.477149551539553,0.442108395552828,1,0.344692231924529,1.23171721816749,1.25034387145771,0.557198771631777,1.09745484726438,0.50826422881139,1.10712485488639,0.356864188678571,0.966920462529869,0.528658272187702,1.35187970814772,0.493060407411631
2.62335105631113,0.697689267749298,1.913842019699,1.71943184544932,0.578883142595805,0.613601080072295,1,-0.855444087453889,0.788680800219954,1.10251248056281,0.396196200022725,0.984109529301367,0.265842674497567,0.766444066997909,0.458072320698622,0.891596710023197,0.515429755273686,0.815946187538072,0.618003785034848
1.00145625640034,0.347904985046652,0.761521717381204,0.440697219697407,0.258921023062405,1.16828302072264,1,-1.03921679755737,0.849762859222397,1.04619129246816,0.238512154553372,0.10455427077112,0.362020635349946,-0.0341087150524144,0.487383850744122,0.868714606303822,0.237293039230266,0.697779464171378,0.34221408470166
2.47032836887462,0.575000254024929,1.05493170378116,0.719179009741639,-0.116482404005809,0.522289537920985,1,-1.11810810858863,0.727152683221775,1.29796718014638,0.316752035477282,0.97508715276404,0.252924064757037,0.818259547728318,0.250411800200536,0.861717502515465,0.240394598132606,0.58539002466715,0.672589442296499
1.90709292067253,0.466654705092532,0.493597821493605,0.305726020511368,0.279615370503537,0.718227259182514,1,0.522224213585036,0.733224785995079,0.916617717883199,0.304882438265352,0.819677767616498,0.301003321854015,0.823194458005839,0.305387094494791,1.05323957045553,0.314686724589124,1.41859636932275,0.607765140762613
2.21193383689531,0.679504582059924,0.958461840130172,0.756088182749638,0.232847636644579,1.09824161326331,1,0.193491788984587,0.874287853445173,0.653643960620449,0.259671709068025,0.159201029803383,0.532379295356607,1.10474320756295,0.309875786222096,1.15051063920926,0.328337439650191,0.890419458669432,0.476414676364405
0.942796466256386,0.26828115559084,0.498453135256169,0.255506086402787,-0.0142342368606619,0.436719166278216,1,-0.532618914226189,0.674478277876687,0.696425451509749,0.245771162316715,0.301606067145446,0.2666893079717,0.764769436228223,0.29926751291143,0.56851679639212,0.382197092847666,0.810083620554883,0.309299993735421
1.56175372336887,0.46528960308854,0.947838539447502,0.543662093258846,-0.164788257519626,0.418888409482473,1,-1.16114575728381,0.715530144102975,0.766246302634897,0.427586467027696,0.518431227317952,0.397983810821716,0.724226677133313,0.244178702241873,0.875208573178472,0.282966620187822,0.967362360816298,0.322737458678331
2.31499982006147,0.521378167046608,1.58951772637304,0.73967537667369,0.269116297951613,0.852145216962976,1,-0.454686953625785,1.98156746271707,1.32557618556794,0.511220865988569,1.09685913543136,0.250947158297215,0.66954556153777,0.373504871308552,1.24604666155115,0.415161911281737,1.13791502630658,0.260151296302146
1.80620304846554,0.443860111988965,0.664746993250672,0.589765370584667,0.624258544085697,0.83472298094719,1,-0.289735547290398,0.990783417128912,1.18281885463122,0.243022756758822,0.805307276436507,0.338416877492402,0.326179396984549,0.351876128269436,0.59610855486598,0.38250789943335,0.694778121762992,0.442636237647617
1.71766385103352,0.463093314155863,0.419394888794432,0.370883157229277,0.163578392273461,0.683216817544374,1,0.49718525390267,0.694725944799545,0.249526257790795,0.435136615985074,0.634447007883592,0.27066074012781,0.737295844371985,0.30671748438126,0.371131371104887,0.433691682544505,0.561352839778061,0.440240714636447
1.77255559104951,0.597741968832309,0.914138753954797,0.514558534798333,0.140072291905994,0.855153908522618,1,0.410449776024914,1.11917702249532,0.802791174674851,0.302232980601294,0.477544970370303,0.378580833386104,0.129041989376648,0.357514434420207,0.443130601926168,0.380262183845469,1.20352463992273,0.363078085824429
2.27870004835219,0.569682512334763,1.60889435336158,1.04162751751888,0.823964707532235,0.263089173238874,1,0.568663215651035,1.3633103963015,1.04718419086545,0.433961415190194,0.891910293790549,0.377431037677585,0.439121650903105,0.456621686392093,0.797601102478085,0.303511485659355,0.93454820360844,0.381461475304422
2.16575964335575,0.648169398981606,1.82463000735554,1.53195562365988,0.0708863815800501,0.487469242505128,1,0.912004902727218,0.988748540849398,0.623604733778996,0.491740471432102,0.529684083829809,0.446093769567764,0.255107667254155,0.500051420460399,0.992614936714785,0.359861097352487,1.20546634038279,0.277858786677832
1.78643679395822,0.387744947602812,0.654692948584146,0.466405252032324,0.497641958694406,0.627691011374032,1,-1.02984875809384,1.27341252926272,1.02708743955572,0.43849765229594,0.337575021068086,0.327361213475184,0.740847111745314,0.248875979208137,0.896544667646777,0.271241632052952,0.904866640991159,0.274818723156887
1.57242131648394,0.391906686747993,0.958555853808002,0.742603374871449,-0.0457363018299748,0.411341603648278,1,0.0140089790965769,0.735922659098332,0.398475473084883,0.27419590904454,1.0475259382385,0.22793433219861,1.03761968605064,0.357542030633075,0.905957948661865,0.526832889370089,0.278225388456414,0.631367820205566
2.03885962024749,0.409656805804824,0.289533186716505,0.307145475227314,0.931957490104085,0.0569913801333784,1,-0.617119011811501,1.47786013842368,0.863807333434546,0.472557043227659,0.915851210062593,0.374308828900725,1.27707121466473,0.269009903517114,0.555401815337951,0.252028396418471,1.50161401143666,0.242393053437215
1.7039142773094,0.533464656803116,1.03643695032224,1.15860815996953,0.646951638330428,0.965919053506625,1,-0.185605237509778,1.23443264464719,0.871252769764374,0.227238936637753,0.935508858543506,0.44510155949309,0.340598754538141,0.48873725595064,1.07901033867741,0.58462771515238,0.617986302878327,0.389911434996198
1.86395355079004,0.647454988787238,0.889534034850994,0.878062080121028,-0.14708835672159,0.807223017677692,1,-0.939171715104704,0.945638805003054,1.12561193904625,0.324889903350127,0.905519112024403,0.369330865970043,0.31380357728131,0.426038216557572,0.992827592271525,0.445487167784855,0.85792899763306,0.396932480638781
2.34235829818808,0.748674768847975,2.7612132896755,2.26943277955174,0.372165952393589,1.48145274815722,1,0.541843113249569,0.816413449187005,0.419692359347611,0.259330881852514,0.828163192940329,0.431430347756922,0.76301740829383,0.45476236111134,0.884864172443124,0.485644061629439,0.800915077473188,0.51844770179733
2.59253554036579,0.976669621303619,1.17779880845345,1.12968422791982,0.387536371538741,0.609833339709987,1,0.370090174822279,1.81934263207753,1.16619284900877,0.50819216742185,1.02016843124606,0.245949277398148,0.371072864302075,0.510153099796176,0.939457932430366,0.52702908844939,0.78945543862932,0.556302619721231
2.20565533879849,0.573135316590048,1.43289504276688,0.959658878965211,0.117025978998185,0.509970330996365,1,0.859599761310426,0.631602113522978,0.984583079146851,0.329752481253546,0.836905962626815,0.310044941696422,1.09753889057204,0.289143422699701,0.415319822235666,0.524090674093934,0.581276129775751,0.472063354221194
1.36583242356832,0.325414817362947,0.467074481119507,0.36632410147697,-0.114374277878583,0.248539882003327,1,-0.63957982033273,0.903111535995317,0.960281444124956,0.264784436880485,0.729409535493326,0.218529734241652,0.654405639582456,0.297994452245033,0.38359031522804,0.567510090647517,0.215930697552794,0.351701219885212
3.46301410407959,1.26198666759898,5.5717101056719,3.77545317593547,-0.469432191854524,0.527039704107991,1,-0.113255836873094,1.11530241567188,1.23610948971063,0.50689844010777,1.13573677786961,0.491021610226771,0.740573305161023,0.542430647601082,0.836190513899841,0.468996011756767,1.72309772045939,0.379986694863615
1.73983029148271,0.568835111654321,1.5112194207772,0.988416437040807,-0.0317638590364066,0.451727559191834,1,-1.61168428343231,2.83020262632959,1.07501733061025,0.991802665249763,1.04042100222343,0.237739601154602,0.838849816551094,0.331217659365337,0.348405432830427,0.339275479752935,0.395708456957769,0.517343502491589
1.81899813336064,0.487061030785396,0.674415886461504,0.514789719203518,0.30567865474373,0.861795975292265,1,0.272492379985948,0.969377790803931,0.351604544435799,0.402895736275089,0.701854772271297,0.357045020957026,0.595653083503158,0.321916715844016,0.684353589823459,0.252487671061845,1.33493505349407,0.412123985778334
1.75942361172496,0.514829555824895,0.688919231797836,0.519508347305709,0.691842988444258,0.55983324542814,1,-0.195707846005511,1.19923552756263,0.759056889312299,0.340271097404278,0.750978679324033,0.351462018009307,0.769409063468199,0.341432836944306,0.792041372781507,0.399160586778858,1.03747608009942,0.226110895591465
2.03213378652881,0.588370926685787,1.12244143908306,0.931849799224436,0.318083811593213,1.24181972335367,1,0.8367780542556,1.32904316825815,0.771860166152924,0.469369683087961,-0.0500885748355292,0.424232603945538,0.389194724168859,0.682154543918534,1.16002516462359,0.494601383017567,0.936660755206391,0.428981444804785
1.57488837512363,0.493164842705314,1.12904889186668,0.605025536174101,0.335968844777677,1.40154849629464,1,-1.8612795546284,1.44520572107332,1.21592431372283,0.34334567304291,1.11692328940254,0.318389056746323,1.48027671419125,0.248456623564088,0.638905047496038,0.500769907674151,0.889772297205037,0.494650107022415
1.97168225622936,0.505401710066434,0.818515378775082,0.711425200856741,0.306289085495886,0.773032404941957,1,-0.397634074830977,0.840574954887586,0.995324258647595,0.311399363988568,0.125862188714024,0.402455549946214,0.702811122680478,0.31942618482855,1.02574024989588,0.4125903710866,0.60930038684097,0.340215431075286
3.31558458260757,0.876879058077945,3.05143181810816,2.02479101155331,0.345856775877035,2.1081051400744,1,1.68977149670068,1.03070532592078,0.408179802680537,0.463403187688013,0.754503105960294,0.467801419486587,1.35221104381806,0.285551479986038,1.24096576011577,0.495923576535969,1.28127781608675,0.270707811239811
2.26582012143979,0.359054432423147,3.26424715896587e-12,0.00361353675761276,0.963357452058166,0.0153475715285004,1,0.529179386713083,1.34636860552045,0.919806787467608,0.293955351558459,1.20505762012553,0.181131007234082,0.504860088065787,0.283337119144124,0.680218438560236,0.280483905627757,0.878597526491529,0.349387300405013
2.30473294284627,0.903155045671251,1.18613463074379,0.986650752973202,-0.401935850839109,0.543217650577332,1,-0.0408114973023343,1.28518806296964,1.03637465615763,0.359820840359275,0.798857248791174,0.468820298011587,0.786289173381335,0.362328657022396,0.98969852295887,0.464115732524228,1.20201935353324,0.466990468443441
4.71330266869105,2.90760990009493,18.4965077043,23.4723032548697,-0.915621577574443,0.118115357350488,1,-2.43070122446316,4.06428494964812,1.99140978058866,0.663229501372072,1.59641526120419,0.668250115362948,2.13156966858523,0.687010777758262,2.25358029277823,0.763977634705338,1.38814678966197,0.953220172456925
2.38380997149207,0.544401900572072,0.352986482356421,0.400811311272922,0.610550794491919,0.409881561947022,3,-6.95921428367287,994.128927501317,2.21786665811724,108.202058507453,0.701549005358629,0.364151926913934,0.717629486397107,0.388544937810493,0.591756078689278,0.517049183507946,0.479897333606247,0.449116982442726
1.86997075075863,0.579233367735071,0.389575176791058,0.427623112546132,0.559319705159298,1.11775113432167,1,0.702008258558879,1.35031813902409,0.037111116698554,0.60462815813478,1.12115867161087,0.235956013845459,0.453501339262349,0.423943781725668,0.610390149224235,0.387491276495569,0.713882697199601,0.391077502544884
1.81729579865704,0.646656742670216,0.54548524539112,0.514417591233461,0.90454049588371,0.117823225212227,1,-0.392199548076146,1.48385614452908,1.13308873894595,0.348557630373384,0.526773743248821,0.345872633068269,0.565301287522602,0.536036604354516,1.01746197181853,0.273437183440387,0.846361119103148,0.445806339949253
1.73871003752477,0.65735907949788,0.949859400058878,0.622924368963157,0.33676344703163,0.886614078146792,1,0.0874104521718156,1.3493924582681,0.947810350183115,0.311446512975532,0.662176861962466,0.42752850798527,0.753332180616117,0.339282758605899,0.835391801200548,0.392238786425492,0.648536596509073,0.403273264613122
2.37926559908998,0.803583945567879,2.23943417995121,1.73120699832209,-0.255523285961046,0.509555143402202,1,-0.552531393469403,0.908161609799673,0.88281088796791,0.371651909908621,0.756184524412469,0.245983224037826,1.29717191548393,0.499478016879585,1.10294423707704,0.608795794191026,1.69554870194566,0.394837393230711
2.36655036368446,0.751222080886704,0.320374748287975,0.769270479583986,0.962503492864975,0.0294730159540002,1,1.64398962604603,1.75569157228834,1.12860766119422,0.341806417823472,0.790047862002454,0.333988295034582,1.06425197423389,0.259500116127652,-0.0609857577878236,0.77727659251809,1.12989824429293,0.469987193572038
1.54547822176755,0.656637816291775,2.47966617885259,1.80919456036104,-0.443676422856081,0.449504843250743,1,-1.08722244414092,0.872070726095479,1.07570539559252,0.36241193203354,-0.0834423709053466,0.598046532839043,1.1546280888829,0.435291247020581,1.08368975361254,0.228969163683987,-0.177233767095172,0.618244481815085
2.09996783298415,0.655495195573114,0.967524143099993,0.824398791414614,-0.323683879292881,0.424922843230243,1,0.512775924910227,1.43247288236754,0.914750041207667,0.376947576429452,0.876572341660361,0.400905442106239,1.18971766792743,0.401710479283112,0.929400222670529,0.318886306902677,0.398745571100597,0.468931005874152
1.45855493868584,0.484692357243126,1.19589206979043,0.906653705523916,0.277536073030146,1.03803997550515,1,0.134562531262368,0.796127135646529,0.415129635066623,0.327508256308994,0.943733188769693,0.308002660350021,1.35911620089144,0.536737536294944,0.838090488089528,0.620415434645623,1.0338402691024,0.648719357571112
1.6910472277435,0.369915111593501,0.289977512089154,0.369783808480283,0.932167298858984,0.0432735090697744,1,1.67882017289378,1.21728186755143,0.691561411839602,0.251161841566361,1.0859467505748,0.262967729985181,1.09229338026139,0.190059876229442,0.366097563671403,0.391834724536897,1.11214349377233,0.482653294515801
1.33150623864507,0.521004773829499,1.10410879555408,0.848313664561829,0.0683795094108933,0.712199484501228,1,-2.29223041880113,1.46350957726812,1.12821835638942,0.333317452378424,0.598985978512181,0.352222811057409,1.07917346475483,0.210606308034178,-0.269315955567935,0.639069849242254,0.681272301545924,0.539105516531177
2.03208020125194,0.544163856823582,0.72336984930128,0.463212168449838,-0.0271002379174998,0.380220819391782,1,0.4880644018346,0.683181627352844,0.862914519757886,0.350597012027297,0.303350176679145,0.459617347295952,0.390465467636838,0.39055736239685,0.828242728746889,0.298594545611373,0.308387926706793,0.419261690755389
3.14154536550777,0.829008728962776,1.52331990291204,1.19766153739047,0.411108834581982,1.03766235915443,1,-0.769499544700072,2.36892815515011,1.38932582297741,0.571284685677237,1.53242581966795,0.326115646160739,1.00277120693401,0.398327068459456,0.953145278145579,0.337477861551372,1.13254782550957,0.467081812566539
1.82949298814556,0.725069771548951,0.71367357061564,0.892577450913622,0.606590756969134,1.54176115059073,1,-0.534465756916065,2.01122822220825,0.843824887194953,0.263234003613759,1.00005702309294,0.456835968481766,0.741237215589503,0.386798291766649,0.0998357640061772,0.5353774389501,0.500090741414481,0.588049606585122
1.55349476401812,0.337500380372062,0.826318641424976,0.489253953728941,0.544043098459941,0.832581629182007,1,0.318468323397597,1.19732342867851,0.632061835246864,0.502009028588282,0.793165582467766,0.335676477111877,0.487572058615672,0.333489888893749,0.611644360397067,0.47810757545402,0.687212698652606,0.330948792911233
1.67489373812729,0.558975237953942,1.55256359519524,1.18489377121753,-0.0443744893814907,0.590707007144855,1,-0.623843890568488,0.99305823056524,0.654495953811362,0.294603626406519,0.878778179113431,0.392539050753211,0.934062477592696,0.36751622067305,0.667219192781966,0.460007430986679,0.40587203219713,0.673082180731903
2.0207623338365,0.650613613453166,1.17538783527268,0.832837460338543,-0.0766480342677339,0.506198384199617,1,-0.0435490843351055,1.00256218792496,0.733216524596298,0.30213676131782,0.311461811574785,0.498477513458403,0.689829313731272,0.426942622940732,0.603704037304922,0.477003708183917,1.01298897678588,0.481549786004909
1.42457859842438,0.417773636202882,0.780937907974284,0.550888635310127,0.427552178990428,0.700867692751587,1,0.499315025073889,1.00688034451524,0.205505331111958,0.417235027853602,0.555930548993096,0.348000057324568,0.160985283555204,0.455733982487942,0.83731145575562,0.244558344753874,0.636735893929514,0.392214150934912
1.12484790405634,0.249721941119399,0.145488642277307,0.0921067112855015,0.309782328088018,0.424994021944471,1,-0.139693651553964,0.636108246629146,0.420401927554941,0.294896439570094,0.31947963569539,0.323310126539387,0.522954909352748,0.249757187256561,0.453540142493789,0.211391746320894,0.509870542412032,0.260928053758505
1.60610000433237,0.317660175997322,0.127802288110856,0.232697455140724,0.926593764775856,0.0591466072217383,1,-3.53680720134708,1.55146018757,1.19548254451743,0.154782355661245,1.40015006374014,0.415555464772753,0.695392892872314,0.25453871456885,0.425211397261962,0.346696013621347,0.439493851132173,0.391735435927556
1.394824082992,0.281359821055134,4.73361998646722e-13,0.00137603553701317,0.77281991323945,0.101115302255407,1,-7.27833270887298,992.164649541393,2.07206844139077,124.938389665796,0.802253454483635,0.247676525514934,-0.208553417451951,0.424691416410937,0.112329647844732,0.309554399453179,0.5107302857095,0.295254713992054
