"beta","beta_sd","omega","omega_sd","rho","rho_sd","conv_code","tau1","tau1_sd","tau2","tau2_sd","tau3","tau3_sd","tau4","tau4_sd","tau5","tau5_sd","tau6","tau6_sd"
0.894498343861573,0.147908719815616,1.2527007053496,0.280742646417762,0.141972248752143,0.198019583277363,1,-0.262886888959752,0.306166221906643,0.695165880943993,0.098986972939213,0.814940501404638,0.0978066293425513,0.660935587711011,0.125310274359855,0.951849678728405,0.148374630725434,0.69830210139633,0.182221258090394
0.924199009118469,0.121699211475524,0.747463902554721,0.15908620385399,0.259989373110284,0.171445971263137,1,0.349209418310712,0.250487141388073,0.531971762395752,0.105191780557581,0.742991878642917,0.094235599153248,0.55955468649867,0.119189846423711,0.681755673474417,0.152429390193186,0.616710672231171,0.178598375997532
0.878502862461461,0.12608824218007,0.914688321668329,0.205698291423702,0.085725140400321,0.175806136142891,1,-0.382203797032697,0.219936434906598,0.769499495037118,0.0857904668119836,0.878528592733353,0.101200008562333,0.724468522878493,0.141454803703725,0.668800155326645,0.199084630925301,0.71084835624349,0.201292732154342
1.01860927211238,0.13301632952043,0.953296417307203,0.206654021054018,0.481061693734325,0.205598686806288,1,0.216749494137613,0.26910589566999,0.829859139365172,0.0984656895494965,0.549913573052624,0.123912963373437,0.742723625325467,0.13008257293335,0.82656093630085,0.145777544931014,0.723932334973049,0.151713622891925
0.953586441431266,0.118664638804015,0.680773662395707,0.125272877996871,0.0204209385235947,0.136565235080132,1,-0.0444717572485846,0.256101630537914,0.623422228391453,0.100113045325744,0.588278081411393,0.0966728839025411,0.66875159824635,0.108777132352535,0.579866970678045,0.133000491017529,0.827960543872109,0.149624005024974
1.05886067722348,0.151781159819121,1.30394028356852,0.288370972847114,0.250036483494438,0.239447709533821,1,0.0225768141253869,0.279006562745409,0.703043461530583,0.121861691098888,0.698042973792971,0.119537879404759,0.714563959626657,0.133938357955054,0.924115698020708,0.125926092197299,0.712262098091579,0.137245395279498
1.10717266014551,0.146008352637366,1.27546387035899,0.275407057569914,0.462216374624446,0.201371742154997,1,-0.208823798073616,0.26354123404361,0.848410632947798,0.0941837541071977,0.488375075327568,0.125132059720393,0.557308922105891,0.112125364167927,0.715613434019765,0.155907735741852,0.474955294695594,0.172574261544258
1.16292434295104,0.15551011595323,1.35748422820675,0.293822217703891,0.593904607088159,0.212593090332576,1,0.10817289823407,0.291737481329062,0.756930062919346,0.109133342790482,0.840164380985277,0.101468655571617,0.756924469323168,0.12047246694263,0.842655513912122,0.127363649492532,0.889951566710714,0.171843264368466
1.11300758219401,0.134586954595546,0.740056703076313,0.143459917247695,0.264904371320079,0.178994905109235,1,-0.0873585644900655,0.305890874447828,0.766483823863669,0.0954543975779844,0.707873465257823,0.0928679422304157,0.591676269754909,0.124943621050945,0.694257553650464,0.136634228121403,0.374331851486679,0.174084775435175
1.06927156809947,0.117201766330166,0.704896550696596,0.152929950922221,0.346566266926846,0.174946305987843,1,0.267537135395573,0.235281702040843,0.764825832822481,0.0841799501833557,0.681402147303323,0.106223461612624,0.517312754749561,0.133857716654894,0.721388531212853,0.131095777704693,0.658649869482101,0.185499070772508
1.07159840670437,0.137436300800483,1.09812547088118,0.232169054440311,0.586948373095984,0.153352559844171,1,-0.264324863137623,0.268859094306829,0.745229716722136,0.0931680838909293,0.742889239819018,0.104131901097174,0.760684549989355,0.102576179310294,0.661414042328918,0.160919439596507,0.504412858768612,0.175365123467363
0.942853855061946,0.144282565692794,0.968173180261494,0.234323106611761,0.6533998575558,0.199581582531994,1,0.127920110362935,0.34746308260144,0.592504061966589,0.13411977585411,0.796072187651727,0.113731495243729,0.534658664001932,0.137367084252347,0.631137309687816,0.118994728751726,0.410903076296723,0.153049541205769
1.12169852764643,0.138522769858099,0.846472693531106,0.195796819676919,0.392411805118051,0.209248761534749,1,0.570801661331424,0.299234211495057,0.642341259248543,0.113026446337141,0.697985726053079,0.115874933495313,0.743591316404682,0.133447359079981,0.682180585419665,0.127769758043195,0.709627233248031,0.134025896163805
1.19325725216357,0.141847902609774,0.838493907161244,0.184217646843063,0.245913545410934,0.244423792521845,1,0.0521621611236461,0.282787257592873,0.731088724239954,0.107576729251512,0.715432147796145,0.11582931640757,0.713716051870163,0.117966545539588,0.749974041983638,0.120667345765351,0.668210296756314,0.163489775330964
1.26333664738141,0.147148848097701,1.11524075927326,0.246102943466155,0.341274931532872,0.254721935068132,1,0.202955708890283,0.267242071385528,0.809084635466453,0.106515362965495,0.86264313485,0.102710560362358,0.567870861613857,0.134451680886978,0.744306465712999,0.125223300483347,0.888001768714926,0.135144683962348
1.02484995554245,0.155816909922389,1.5846930955394,0.350657593907977,0.563980595674119,0.235642771601253,1,0.225600705377181,0.28456458984939,0.633263487614966,0.11156117692981,0.797509345787729,0.0870042467574376,0.829721564833953,0.105873560252133,0.512782621999982,0.177385684338523,1.07673612222667,0.169700857141843
1.00446626225458,0.148509351269185,0.998012813568946,0.213622281077167,0.0605476816943594,0.179533172199633,1,0.0321800703082615,0.30266081749474,0.725411883987636,0.0988961730229033,0.72869431302472,0.0987507834053612,0.75240197760121,0.124522335448725,0.503008578957445,0.161692682768589,0.484916763481993,0.180258198248664
1.08661505642834,0.154810353886176,1.15139743802112,0.243227843360195,0.136668857013638,0.214610810800847,1,0.251409348849354,0.28305678213922,0.565722086508386,0.0999529783972488,0.752764181788982,0.116234109834944,0.889185440170655,0.14761076861516,0.748933503006807,0.164039388370568,0.577022580754706,0.142762900055472
1.01592712905339,0.136938502102849,0.861883772984369,0.170620768612673,0.279748772461992,0.219829172734812,1,-0.322873426404751,0.324906284044616,0.807634643592038,0.102102689640183,0.556089980466445,0.122105299493506,0.695663483046641,0.121336644205596,0.60246224786716,0.125132468229049,0.571177355535081,0.152427546152392
1.06594546070771,0.128507448201611,0.951497482155702,0.185960208249401,0.122265399630717,0.184640604568486,1,0.0711918957892802,0.232151116545793,0.645768651528316,0.0949741345368252,0.724204184963999,0.106391708524581,0.677529024166704,0.109156461431204,0.967932608565087,0.121295852732665,0.812323734930386,0.161551565200756
1.05814400156551,0.144200671312231,1.15743088076567,0.265788805174172,0.286441278999761,0.290413610834835,1,0.156052232599275,0.297173394072247,0.778300079678583,0.100131513985355,0.70651027218735,0.122552017683956,0.616384349490792,0.157448403162562,0.805486556920986,0.146289727130333,0.583831786819549,0.168072124257824
0.99738506303543,0.128434180788374,0.710477913979156,0.144707003258475,0.0270439876021832,0.166158798172451,1,-0.236594915675782,0.273850898225822,0.799693353154959,0.095330004826417,0.625261158447318,0.106244039849313,0.683630785088269,0.115943790738288,0.733782206752784,0.10022366526896,0.54133430511974,0.183241242535936
1.01940612188063,0.134952951372874,0.798976237216741,0.160504400638584,0.162374155271343,0.172864768982144,1,0.123255444768576,0.266369666195109,0.6464909935731,0.119630537234004,0.77380441429849,0.0984996375482841,0.670311840776694,0.113456336484519,0.522767861553874,0.13701525621788,0.894501525403604,0.127425040719763
0.734480648896446,0.111804720019235,0.59264993324289,0.1335518178751,0.329967589801549,0.239243318193956,1,-0.249247255852677,0.246544168167726,0.550598767403838,0.103150327564256,0.62071155365732,0.0978303758248311,0.760628588603953,0.109040849503826,0.595277329263751,0.167309790738046,0.506895781296247,0.205657302440961
1.28394732359539,0.151331717906088,1.11841690513234,0.239905808514128,0.599555958568297,0.222357518810875,1,0.254230862313504,0.315206157559328,0.878565790396154,0.0963857998940831,0.519414257015893,0.133248888840153,0.809417187540273,0.106790991195608,0.577594397345739,0.150251877902803,0.866840145416378,0.142875719138647
0.899532305483349,0.135367274464138,0.869652033005967,0.218074974284613,0.794347551618556,0.10503278177515,1,0.0386578701014786,0.356204052613601,0.67435590805224,0.108441565780883,0.575879800931001,0.0974427093224863,0.551815827337424,0.127728648889503,0.875607834599988,0.122911940203457,0.583811038478531,0.171175557053787
1.14690800459201,0.159231286690409,1.31823502725069,0.257868993712834,-0.118796703254833,0.137589650117013,1,-0.522027352504109,0.299150433114811,0.760857398967214,0.11645002540405,0.826996793040802,0.0954693414567721,0.937661239860007,0.0998869735308222,0.367749317360168,0.149246188054138,0.816532458304365,0.147052073278833
1.05229111018516,0.143617896332134,1.07227457216135,0.217126543975104,0.248124232113457,0.283520285277453,1,0.071275335442721,0.275345063705852,0.655805509689586,0.101229637398355,0.720396980356096,0.104090331274796,0.597719042012952,0.12618871580045,0.881423607221449,0.121308978815208,0.756552694192284,0.182861040629191
1.25838819110158,0.144625507376359,1.13122474621808,0.242723653132879,0.364032446172348,0.24421152733813,1,0.477795170666905,0.316232189370038,0.696524489963604,0.110452233575343,0.724845169225276,0.114153052328124,0.693129629030356,0.118053749589084,0.73245773312781,0.129913752485757,0.741127856363714,0.175419172249949
0.953709209570784,0.144235903414952,1.28938629804304,0.288404786590958,0.433320361337617,0.236151102367945,1,0.287113135823046,0.301024955542142,0.791796807765512,0.114333448310558,0.597854880307653,0.118870868678904,0.590107750805812,0.142978631848964,0.768960862779548,0.135840131716141,0.65861385071705,0.200828679412313
1.20971983478875,0.136876800196983,0.821450125385058,0.195166358886796,0.455641291998223,0.242195508777911,1,0.303326488193489,0.299509172009343,0.734013822085885,0.115820925386363,0.771713827950662,0.105556964669527,0.777409149111956,0.133782574954144,0.502202568933075,0.179404191927917,0.664249513831531,0.177035967237135
0.84811990364292,0.121890900029859,0.832758322736668,0.187058245451351,0.403934113601191,0.207613559590824,1,-0.266899433332612,0.258044895957787,0.73473750825892,0.0862667414385825,0.653606028387254,0.101913871302781,0.510882967670736,0.130041820700312,0.669383041030958,0.158251801271504,0.667897053392712,0.186518227850775
0.841787667672748,0.16043759404116,1.58166416433826,0.38977669941581,0.481188722155546,0.327556266867941,1,-0.454041554046887,0.316905639622334,0.724977883632378,0.112910800420894,0.655625282128222,0.122850912957508,0.669252320196941,0.13027150446168,0.991533478686266,0.142227356229683,0.577423880170347,0.230748816453987
0.896210684540893,0.130611085741787,1.00124521011629,0.222064543338279,0.336237415799817,0.210789832471401,1,-0.00343615198128533,0.207583360176285,0.783989893892858,0.08166843392047,0.733941972724702,0.101199910480152,0.318756830362932,0.180015052279134,0.655365073086122,0.145526214821751,0.664718510345131,0.172653772806941
1.20075611842488,0.141255405990523,0.990373014717878,0.208491000698478,0.370084574699502,0.154943196434455,1,0.0672927710516448,0.315497532229586,0.699702468255053,0.106012403947151,0.672383168511113,0.107617687487543,0.626582260862631,0.126626693515098,0.625211415987627,0.12019804997786,0.82409673179655,0.126485020714929
1.25866596048761,0.187207832678261,1.82932030608212,0.41874305560887,0.178144673736399,0.242843637836615,1,0.662512737038826,0.338423675156162,0.951285054754074,0.109872114915184,0.785379206405678,0.11385664995432,0.780668057991207,0.164873691353648,0.734462658415916,0.182885018015455,0.83453566593764,0.16857184955471
1.08384134623832,0.131025403601072,0.935103231595565,0.207030010122407,-0.035656106950489,0.162905914255392,1,0.401345014600174,0.2429825764629,0.503600827345578,0.10575862897538,0.784776261293346,0.105106557019032,0.492330148916813,0.1521248190626,0.542348009259662,0.136620501926134,0.725826800052467,0.146245029585057
1.13589134022158,0.1710620796986,1.45713735932845,0.310904672043743,0.422579242307782,0.247538501254294,1,0.685318131162567,0.380742535591891,0.679876390462417,0.139088018484379,0.741795523572334,0.0997989451058525,0.536157754561929,0.130372407557199,0.764231545868459,0.11649709561471,0.727119762713099,0.154026770817795
1.15018952326107,0.146115749859249,1.08713464382145,0.248057430117792,0.324094948667321,0.274180124695138,1,-0.319288140978348,0.29548754206578,0.744594717143519,0.112782843961518,0.826040498766333,0.107832990823704,0.75509288040329,0.110104365670676,0.790431140372816,0.116635287070195,0.775766362748756,0.164068881692296
1.04932753523405,0.136228049956891,0.919849144643425,0.211620488204444,0.299249913672722,0.23506303633035,1,0.194362326785476,0.255425551632442,0.615588744138495,0.102677561555644,0.706478511743392,0.114978873677052,0.658485873842608,0.114551937833326,0.416480413441453,0.198979263648229,0.652361529735365,0.185093153846685
1.0113150721531,0.115522496215189,0.633316453326279,0.14985323568665,0.557760758520865,0.154441159795526,1,0.0932306785398108,0.273695624882441,0.634930345444115,0.0913930234816076,0.625208636238665,0.0913357039114703,0.641488436429317,0.145756902578981,0.48053509362449,0.16908600157763,0.316528056347889,0.207348299320891
0.824742241211503,0.129225097788566,0.897030064457705,0.18478516982367,0.334667623043866,0.228540491046382,1,-0.320059733280129,0.289692543570294,0.585318907340181,0.112148931546471,0.813633380013595,0.0924274543501012,0.696535527207021,0.121127969886846,0.594528934438998,0.141012360240879,0.930387493160712,0.119747179092604
0.971821588175203,0.15013338731252,1.19209662007437,0.249448857639945,0.335489607358425,0.208306854739579,1,0.100758229060712,0.294380718506765,0.695214410543114,0.126250369309836,0.438916901433549,0.138149357669645,1.02822279988556,0.103198114053493,0.79014883522205,0.111526070065341,0.83339626653061,0.117226756665928
0.965264736759372,0.126913542467729,0.908456185988858,0.199694101546482,0.370062178104071,0.216757811483651,1,-0.0240942517529116,0.254743980992218,0.762400559839218,0.0942671077496883,0.521722486728793,0.101192714651241,0.74566958870504,0.132026325672767,0.579869164295249,0.156475287310706,0.438072335375353,0.184586843768581
0.824054227166676,0.118921091043468,0.807327317086278,0.15577777553665,0.189407624426211,0.169279433423631,1,-0.337492780781285,0.2921682378386,0.835698583709785,0.0936469826551935,0.63850879610198,0.0899325007332981,0.676488300661821,0.103468266714301,0.506212117310193,0.141394021603403,0.49320792526243,0.183320349664596
0.946236039439701,0.137595184739803,0.916033294839492,0.206271880695269,0.33922940740807,0.253998899225744,1,0.092290799916428,0.307547158014123,0.798095033858764,0.102332584854349,0.65276707350327,0.101421770558343,0.709069213370723,0.135396791079102,0.868470066867652,0.148903664874812,0.818253380160392,0.175603934626149
1.13356229597755,0.147993770322545,0.90507841475259,0.19706493031759,0.455631880444862,0.241450514210476,1,0.154916388634895,0.346833798009055,0.792161981230605,0.116110006569468,0.553147951857356,0.10987572538899,0.743760781794797,0.11190437200938,0.895217646628554,0.141569830427656,0.356051568749892,0.230434666485951
1.07316730486956,0.145803417261221,0.924440034987692,0.181075060629274,-0.0568006334960742,0.176519273439508,1,-0.330670276687036,0.282058560094317,0.794131854134583,0.0990230771806171,0.62882271099452,0.105415990844207,0.739061544108269,0.119023878838703,1.03795026851563,0.10219847601165,0.553820505276995,0.194661876899557
0.967017215472122,0.124294676921859,0.971477702537483,0.205022136345497,0.295018140025186,0.226633225764676,1,0.498217697383737,0.231705509546851,0.53453937586937,0.108780883488421,0.748250630612008,0.111902878096609,0.546535941130576,0.137128559555739,0.632365402796333,0.149829411400201,0.837435666371096,0.164465564587103
0.857925264753147,0.12633066325489,0.851518243977679,0.198604270083038,0.592268942388177,0.179603169008747,1,-0.111084892665351,0.297451811543581,0.813733961906753,0.101553858210293,0.688717491467744,0.107569462572342,0.557205898756964,0.125413187029858,0.845629567278374,0.123641694380989,0.671059806243507,0.222292469727432
1.40883725598692,0.149157738605131,1.19721696435885,0.232767668675858,0.149851506293758,0.210722943851801,1,0.471895011287344,0.284133771281288,0.641164248392591,0.123528865604331,0.778607608604707,0.101135546410117,0.923377247690396,0.108082341060274,0.722935384278944,0.138299244904189,0.720764934326094,0.164814311696452
1.01245426169965,0.136156133328353,0.847398225863924,0.192343216550945,0.76781466553229,0.0880216949526622,1,-0.123411990068953,0.336945377788455,0.752770711265832,0.105863827519162,0.829834020607228,0.0895250065194141,0.550316743654808,0.113916364158262,0.8173296774707,0.136927750177921,0.662532238856491,0.18330773980306
1.222665256115,0.12549271477098,0.628620295607948,0.130586188205494,0.410304824345397,0.204866669706222,1,0.108536680605418,0.255805554038364,0.766171013640287,0.0960695029688066,0.838633947656391,0.0909454903523387,0.840547659608585,0.106017174552702,0.812818591588202,0.124653767844713,0.628899392358028,0.182339488354429
1.16017421649179,0.142607032647078,1.10421076618135,0.240170590390207,0.238595905630977,0.211526851216058,1,-0.147881152269867,0.245138854030536,0.727996558350061,0.101782078762361,0.728913450281656,0.106142278590258,0.782411622021463,0.140568658595467,0.759305063628026,0.129104143921487,0.725819738119527,0.175315862029481
0.832845942281757,0.116820869204189,0.713332317550987,0.151081500880473,0.370406536650006,0.190512850025272,1,0.261039887857812,0.246022461939549,0.664038343394069,0.0902299933652187,0.678161988567187,0.0976772282201346,0.586832177110492,0.121616908505719,0.540768736260658,0.168089094163095,0.73520107028561,0.186982797916129
1.13369421498926,0.146893595745102,1.28810929649839,0.285512302422119,0.0388983731426478,0.195965860396909,1,-0.175881772550334,0.220963347031675,0.851854453355402,0.0926538006822852,0.834791220959318,0.131327141705714,0.826811378528814,0.119182340561004,0.816268344853047,0.136185145853085,0.922400899209713,0.159052742869776
0.749355601677034,0.138959221115549,1.17142775264671,0.257958876517206,0.231620239470594,0.199397608179873,1,0.00838721090513786,0.258656688274829,0.556458952777474,0.110994366111172,0.454630388974776,0.116722384348189,0.753262378668124,0.107427396687724,0.694472488742353,0.147502889423227,0.426241289226346,0.267411629377851
1.02015343724828,0.120965519499457,0.659580483538055,0.147698408699575,0.28122644120994,0.202907748576506,1,-0.112932778578141,0.287203439711253,0.662936931737212,0.114029946450385,0.666600000380265,0.108866637932736,0.457417601148888,0.132687202636575,0.631567431149627,0.141665240438309,0.907236383552719,0.134877259133938
0.910391689198362,0.135912164541183,1.0469031966677,0.230430183056957,0.317204902820624,0.23684416097071,1,-0.434478296993044,0.26036964330653,0.70147347278283,0.103946850325274,0.691037394605067,0.102400166116879,0.753348456477797,0.115337864519892,0.789776862104284,0.139477215080367,0.599777024257575,0.196974378457562
0.913676434793206,0.130493221474592,0.901826123599241,0.193979410899104,0.180840507183363,0.21040083794028,1,0.000462387528730967,0.266735083649471,0.614993671964065,0.11015053765508,0.65452904587792,0.120257100794999,0.711562900145394,0.0957054585135403,0.840107061022126,0.123300974830082,0.538334291105277,0.196250862246023
0.596186627545106,0.109360543271705,0.624859833307254,0.129575890090856,0.383003820411779,0.154326742262366,1,-0.503010678781377,0.222614452921203,0.514707405226173,0.105509525196552,0.592271799163765,0.099462328014618,0.597287537533225,0.104195143437691,0.579102012820312,0.141963404127734,0.657332721036201,0.183723373414395
1.12516093127748,0.132933611100562,1.03314663446405,0.250382144246189,0.597520335965014,0.193503404327466,1,0.353065838336418,0.237661351958056,0.936164009373916,0.0798813399707712,0.692604994499777,0.118476976180051,0.528345665027225,0.145160031369002,0.743401889325967,0.178246819440756,0.799466563150581,0.171936532684647
1.23966269019085,0.125775475023527,0.717227272657048,0.14564134494617,-0.00805670860732223,0.151549721113552,1,0.171409711031575,0.232466553441841,0.633877687917179,0.0916182971783126,0.695595208710497,0.0929274070432782,0.768721965655079,0.119533478262189,0.464578530848883,0.15350753102477,0.80526529974217,0.140136562715572
0.97368956716248,0.129904080956046,0.723836609927323,0.149830527696499,0.207520740142358,0.192143410533151,1,-0.209456875349261,0.261473213175358,0.629615132540995,0.100960170461336,0.693131802955047,0.102788122717096,0.651537276893907,0.115919058191341,0.64212221567833,0.107777384938037,0.683381809260295,0.160340989171625
0.955693641004476,0.136681773681833,0.903382063994865,0.185066175296197,0.17392798971453,0.184032438229016,1,-0.384971684059593,0.359997372254768,0.68982127041804,0.124296298396695,0.40921669994098,0.123960009275559,0.680931768161689,0.104102774181976,0.853948380459957,0.107198399319687,0.471291461821888,0.18006256098592
0.987795180525858,0.125414911621641,0.831351514963229,0.181760244118199,0.0581142607077306,0.147160807006272,1,0.33361123075425,0.22804939122905,0.620086661769592,0.108470123439146,0.602504413682411,0.119086473107152,0.662269712871725,0.122031701763861,0.824553915770667,0.112041390155953,0.890512156999486,0.173311498634064
0.84446614914308,0.11332136066545,0.645155658004915,0.145659499702756,0.444188303567663,0.19985771566228,1,-0.0366492183398572,0.230287715435479,0.757944438829553,0.0842174674269498,0.690096904626154,0.091448427255062,0.637094293053971,0.137969636605392,0.494563444897072,0.175736917308975,0.841464329335175,0.196266517522495
1.05702749605283,0.131393892651245,0.801035387605925,0.184848666417131,0.357559962354564,0.209661993870125,1,0.430249948971376,0.261788136553566,0.631404875702528,0.0926340012577698,0.607923488861982,0.106744766710081,0.692387313080785,0.118305965812997,0.813343981461795,0.128975064325168,0.361246507629212,0.201283557256908
1.08910228501267,0.131788979477084,0.845928891928251,0.162906384457007,0.155093968795932,0.16981842000855,1,0.262311550595527,0.287496790588417,0.701072193432497,0.101709720101496,0.692843391079853,0.0893923276127736,0.655614062390876,0.14232985083952,0.733433114530448,0.136289680513259,0.609776257822663,0.17160084811102
0.993216443262206,0.12551074340135,0.711419505597231,0.145640912785975,0.46834415645301,0.206220876360437,1,-0.0678730323817353,0.272821494014861,0.67159372176138,0.108778779073646,0.623435564708904,0.105797583523363,0.619818785648567,0.116523720019585,0.696063105118593,0.13323848602639,0.635777000286069,0.168598091894517
1.21294615463807,0.142732047513764,1.20010735968901,0.253133599337693,0.253021626821481,0.226975766484674,1,-0.191824075428798,0.294542189543183,0.853264775479997,0.100569192202738,0.836806087824964,0.084668281164523,0.646960742496209,0.137758884595036,0.614425523114715,0.157386965126914,0.342128857744742,0.27074475447277
0.960413657421682,0.129089678858416,1.04444478022602,0.221884285399196,0.27498962159582,0.205870833228427,1,0.230442161601588,0.243771795225104,0.657207722866416,0.10271068889336,0.633493838831326,0.0976985204266572,0.629738530569388,0.10509531759115,0.815397430779219,0.124973590091452,0.653063011691549,0.177970235402799
0.950854632308675,0.127296035885542,0.909860764455734,0.193269295748161,0.0728469646080176,0.217039705636255,1,-0.0757870163087213,0.281056440608538,0.642758799462415,0.106036849242685,0.703603695172788,0.110075188549405,0.68284848269732,0.116291874703385,0.704673861366377,0.138412861996703,0.636247605201843,0.147144561793172
1.14774220436668,0.158810547781438,1.22908006079002,0.254593682357407,-0.0441803046491191,0.164765506699667,1,0.224275269117327,0.261726529946239,0.822322535654741,0.0988378487542432,0.710110369073206,0.113314509560335,0.667992132317683,0.141241505477804,0.820928976876388,0.163185453775383,0.960664922991629,0.123680571504751
1.3674912377098,0.147815278304845,0.926303767818222,0.196720891037282,0.70542533576329,0.109521978630043,1,0.339687694669934,0.305685229701964,0.684800711424967,0.0993298829042029,0.804729679854099,0.103023714011194,0.83126452726372,0.11551115299181,0.579814289487058,0.158186459667343,0.860245047111099,0.150527392492654
1.00189713002401,0.131410767238181,0.933512552365968,0.199346653192142,0.28805205963069,0.215579339629477,1,0.283214235671104,0.268079431758956,0.691619777656807,0.0974863284616233,0.712433303155866,0.0980764685998211,0.801773195353363,0.128098637075751,0.461082431058258,0.170899557803195,0.621602357198394,0.181814074044372
1.08664150559367,0.148941222653067,1.1988759966982,0.249184481084347,0.408294485459011,0.286953040246794,1,0.231815343592551,0.365552101432014,0.560642868086514,0.110929692258236,0.701306917993292,0.112298839121254,1.06451843986932,0.115794032937169,0.657834292358916,0.14740407128194,0.946270620247892,0.127438277793718
0.735142779108212,0.136382888011329,1.1343675375501,0.259324465230882,0.298435330500969,0.206878817621933,1,-0.132336932154371,0.25404825513659,0.811935225085874,0.0956209486892058,0.760139891246708,0.102627308309369,0.572727910780667,0.112296419154975,0.458137220704165,0.186923026575518,0.301041134657608,0.252736576764358
1.29568981812128,0.162906865422428,1.46322113063251,0.300722161492268,0.22659055234703,0.173958720384116,1,0.105097133787574,0.297183537609266,0.836072515371917,0.0941236131089498,0.831868808487958,0.117710970667567,0.660563801104358,0.129479265303777,0.910156537034949,0.119324690716024,0.76963951458597,0.141247985463465
1.12961806907282,0.131241050694739,0.709331967563012,0.151974107422482,0.404908428845497,0.228968405092591,1,0.0101609029084722,0.337336153176374,0.755540132688693,0.112861724535515,0.749003359847389,0.102574770801121,0.816123461348298,0.108540444949704,0.663218934914681,0.121311429393304,0.633977960413552,0.15498345414317
0.909743540962741,0.124030006560894,0.956279990279478,0.201050154706864,0.266206072867419,0.17313434725683,1,0.0499659848867208,0.226273236168888,0.577070484487266,0.102874162165994,0.72459151556552,0.0975451379264475,0.462292229306895,0.115882199340171,0.825449938920063,0.123737554696258,0.685019945906743,0.197364770910076
1.06291744722914,0.148302555515173,1.04573401376763,0.23932009821694,0.233370079389833,0.23357310475861,1,0.307889664297846,0.282977207677581,0.598621677025868,0.113407605793055,0.789901445337943,0.112350594156861,0.856061693584029,0.137349502957726,0.493035216021945,0.190296749453628,0.898308611073798,0.183906302233688
0.9296347206743,0.13740939703596,1.00480678519836,0.213915379431091,0.113016780635882,0.147802631720309,1,0.170242115592516,0.27073331235693,0.700293678852694,0.0949614016320985,0.644016843407995,0.108914991852826,0.699701910221329,0.126456694175164,0.843194224050301,0.119565946469318,0.712369837080381,0.194688320185754
1.0384158881104,0.161225676988646,1.35672728836223,0.286094709237748,-0.138402508199352,0.151739888278471,1,0.246722891019092,0.278150028177217,0.827513744955021,0.103073266588657,0.699640556377887,0.10206854457669,0.656206731561244,0.136717108566904,0.806819580634857,0.138548867367411,0.823700542012994,0.12064121067298
1.27975235550848,0.139572628952877,0.951872629709899,0.222684063457862,0.482185001264915,0.187462775529758,1,0.30953968674932,0.294217830952947,0.659874177221978,0.112445694720695,0.595879599635704,0.121449467413572,0.862766095953378,0.093089386118524,0.884142320083686,0.131232321863758,0.813419976440264,0.159231795618731
1.13161927467422,0.157445728929339,1.3253633325964,0.296773859293624,0.0197986852191116,0.213877278556833,1,-0.216410118366946,0.289227190130873,0.857113180896685,0.101740964310176,0.866696134442056,0.107258564890623,0.572411095747689,0.137833874156129,0.666138999014126,0.148463582117689,0.692723317921779,0.151604341452339
1.00973560456028,0.111178039499988,0.779569065566011,0.164639614841082,0.557708418229802,0.186232523469734,1,-0.366058930015931,0.246513076453697,0.800784074364024,0.0905860672897162,0.652591173427836,0.105670748115758,0.614321122632295,0.121996870831051,0.623013894589721,0.142812521651332,0.662226281224347,0.132496062966522
0.98484294572471,0.147607424718332,1.00863102527627,0.227215822910314,0.187209318234197,0.233667077749964,1,0.150184379974202,0.309752215971981,0.682859559419797,0.105839056609498,0.626703782757147,0.113873912591386,0.77069300939449,0.113793471610096,0.77364073620018,0.152666458614661,0.7818572474904,0.190818358544868
0.986422323544151,0.14134856005436,1.02949044830372,0.216712407634226,0.333117580395025,0.200303437353749,1,0.340874310399607,0.272625477448624,0.490682647223986,0.117281261083203,0.727838606938226,0.103072195389463,0.694819590377909,0.110089060378263,0.633235296928248,0.140527243672434,0.849731997452873,0.15509365006411
1.00109814432437,0.143093591053395,0.941420596901428,0.211911167104359,0.657153329243124,0.154590156454965,1,0.654945954012204,0.301346369562764,0.606787277308824,0.114506717881088,0.716575896301807,0.106689896204225,0.640497078716602,0.109587011862905,0.743420713276443,0.138976346590814,0.436085387204957,0.224745477000353
0.800919740473227,0.137336940801047,0.997552282275678,0.224292599804284,0.235005196358083,0.265746146193678,1,-0.364434164106557,0.242909551974574,0.731392642229879,0.0917386823763863,0.593898457269829,0.104032728760881,0.723759619558766,0.139417040547404,0.822479373498386,0.192202615529387,0.615405703609038,0.187650762902921
1.03164973729632,0.166193596579225,1.71140075697803,0.384297447773052,0.26462298940567,0.231976666383849,1,-0.17137021271437,0.276406837213379,0.857892898584966,0.100303010861185,0.734895188575565,0.113770632894612,0.96781145868021,0.123575459231993,0.52443698314174,0.171958369210647,0.798422982789454,0.182486376227728
1.0256629275419,0.164419812884566,1.36143099266768,0.305718674589371,-0.0790170206420996,0.147582483986827,1,-0.00966710397301857,0.315235700498058,0.745921357791666,0.106855188020982,0.780024222200088,0.10690986328187,0.624020576224651,0.151930786470146,0.829738651588683,0.155683518987234,0.369545516928649,0.220247658787488
0.731441943708,0.111730752015581,0.598397539337528,0.133377346596978,0.597349980475648,0.196520277258755,1,-0.790890155769692,0.289554625041295,0.844113168723061,0.0961678563844,0.638368441224666,0.100912777968772,0.673765588747463,0.117518206575614,0.228912193639847,0.177988372381602,0.783373332112217,0.152111469018542
0.952021006263013,0.146422985183817,1.23328322212373,0.299715405506836,0.47941247103007,0.212819491027832,1,0.186132447998172,0.316024509334372,0.678390897629572,0.106247659816099,0.722009531295365,0.107287273376296,0.544362845002321,0.139797569435081,0.652858629529832,0.158799694965098,0.673406820488574,0.159540245168748
1.10652647919393,0.157856875764271,1.52424029010649,0.354336640708595,0.600932081392414,0.207963594908156,1,0.427050985873703,0.295925522465856,0.689562896933872,0.123423831788179,0.712923917054304,0.12354134271986,0.688152754192756,0.105198204587183,0.788545123207528,0.137337262891633,0.749064499212548,0.148846803507699
1.03978147415043,0.129796570301376,0.857865671175876,0.179936830538381,0.29890199655094,0.217808330133369,1,0.27899295968888,0.275087786227063,0.713260184055864,0.0985298215083237,0.777189219316335,0.0938037180055653,0.705841981510619,0.122485635118101,0.565082093182736,0.184887502841447,0.710318266557321,0.188214679432586
0.986123191398893,0.152823349278995,1.19851876589152,0.275614009301785,0.393326758762367,0.263124710852181,1,0.216631201197354,0.336004714075238,0.771992072786617,0.127001392246834,0.588442897282149,0.113612301536213,0.870703138434886,0.117869078760906,0.741993638633549,0.155245662358729,0.538966450619654,0.173652308345074
1.10162819553437,0.145950262325162,1.14765720273871,0.258151622388524,0.506803525841924,0.237165553464218,1,0.183435528345021,0.284768407398627,0.431421028937163,0.109158432088776,1.02750538170878,0.108847128334728,0.743673456487084,0.122577121228761,0.727122454556577,0.14177391235498,0.62906630113456,0.155774353961871
1.16553887520406,0.147788165146206,1.12392350642017,0.251043008305087,0.0464735912164579,0.216443559260528,1,-0.0429835108298104,0.32993314485772,0.833425352595781,0.119943553781628,0.661830602640618,0.117863354789211,0.663419595673462,0.128834501713393,0.610157216568139,0.142889123899538,0.812901645620957,0.137872278142871
0.632567424627698,0.115051490604573,0.739289058369814,0.164336182181432,0.440552479310086,0.216622760270178,1,-0.135707439035045,0.248521212253334,0.497671949486802,0.108339835556064,0.625684529698183,0.107055379396698,0.595981663285541,0.118284340358588,0.412755793563911,0.177986631906316,0.700968653565968,0.16023275032921
1.00691667954188,0.138381828069161,1.08603665734464,0.252123571582608,0.3607253732391,0.208639664932362,1,0.0295354285832583,0.242486762872579,0.6497155476529,0.105931234221144,0.745902612325384,0.101900651199626,0.924244295787053,0.110786434322298,0.314800970013644,0.193078551224599,0.693513239063445,0.249108303560679
1.0778040336038,0.134471455992104,0.996457991766868,0.214765321565111,0.564167915900156,0.154117964209774,1,0.265015842491871,0.294043952943518,0.68452279887955,0.110948357394333,0.705283069211136,0.0916319741171359,0.797735998406143,0.106201280100377,0.492426502720776,0.167479598060064,0.742103295231759,0.1731533751588
0.770660551316927,0.142186868885301,1.04562588979661,0.238846273451114,0.0198010171586277,0.1722479436893,1,-0.347910447319849,0.296230602575191,0.792321392821792,0.102502217898286,0.636385115282732,0.107155629274982,0.527438947433847,0.131818113169998,0.507686337842445,0.15511007758184,0.942864338078645,0.168472509481206
1.04987699804293,0.142530522463181,1.00446198585313,0.231186225545989,0.765367063358938,0.119299489783903,1,0.467299696231239,0.314505703865046,0.740100784700416,0.10119499411911,0.691976188996336,0.11286515789064,0.44344787657063,0.129608699006373,0.698513748557849,0.120218561188501,0.857013423328219,0.115013649107811
1.16890932921438,0.157710553443872,1.44035883241026,0.30334618394516,0.0535430547455238,0.161737894414014,1,-0.0358029820625519,0.299611960911555,0.779128628751731,0.0982890577810318,0.826559978376005,0.0984084968937801,0.741173452238679,0.131270858318998,0.709151406849678,0.166007482653981,1.01131629992298,0.148423364640992
1.00546518602984,0.126512785609254,0.636601073960518,0.136759383597555,0.225420404723089,0.212489214700048,1,-0.111195596997678,0.252971452056527,0.565387015936746,0.107178849403469,0.901577664239644,0.0947474312556056,0.570601255501841,0.121478665889405,0.390085040124221,0.186424290098712,0.880748523272844,0.16606994522288
1.0015358158864,0.149007815569178,0.990253912134349,0.207711301953632,0.323286917401619,0.268672006906276,1,-0.127953024586837,0.349690637222137,0.688707515433993,0.112440672309659,0.766073173789003,0.0929346476958776,0.697760174625097,0.133789435959652,0.589354163777316,0.143305327595435,0.577444556243374,0.153093883184105
0.980045499511823,0.15885312526725,1.37386527080663,0.329088156423127,0.105720928471689,0.185086414454577,1,0.0929123455410374,0.276947191558718,0.775300384972942,0.0914389559910891,0.772149005586395,0.102219819165441,0.724956637496921,0.123239510417208,0.610463926957247,0.200212993283443,0.754218823074323,0.216073499639788
0.9211587524947,0.119536603623968,0.742108977101946,0.160531491072474,0.426521246451549,0.247073310586595,1,0.0450965748293858,0.24737860962081,0.629287470730751,0.0998089988016681,0.689839687799075,0.0926329463763562,0.806309878359193,0.116109329411186,0.692650848657495,0.161770058939349,0.646302861217051,0.222843461471604
1.14690655633817,0.176841810662769,1.82198899678845,0.422679062337437,0.357353513228953,0.305419552023872,1,-0.0869087091542065,0.303441068838563,0.748048712823149,0.124886068789183,0.655713010351922,0.110565459203272,0.876302497812988,0.13156570746297,0.643179583105158,0.151706598165842,0.693714963830764,0.154531130089926
0.926075064044723,0.12931845736239,0.977444351519487,0.21944155855167,0.362463784172544,0.21478145306718,1,-0.0585245334696957,0.269418630890865,0.65101591536852,0.104159897114188,0.528409470946385,0.131370799538333,0.587365384958718,0.116957219603532,0.669946894884611,0.128637077215286,0.529082631301618,0.175296372024168
1.1240011524347,0.134865513111626,0.687801132343651,0.149073009024625,0.330500476594232,0.179105515712257,1,-0.135980830554927,0.275899660632084,0.788815531913164,0.105690519393375,0.7438966990893,0.0980532135398149,0.729919038656156,0.110608147702598,0.721836112253936,0.125849781789382,0.369473684143921,0.187273532592029
0.971953153892744,0.15345347656988,1.38503146610362,0.32502492123068,0.24027159764297,0.23824256339851,1,0.0158226166955737,0.296305850458731,0.614230873864247,0.124497399871861,0.717686238133831,0.106048928404944,0.69009037890372,0.124063424879267,0.896674120440051,0.133043137111154,0.95818771537904,0.180107118967136
0.808967767469913,0.126132067788589,0.841945978896017,0.167003806345346,0.249759935482139,0.169267842879261,1,-0.354801455220521,0.318727486354795,0.692272584433124,0.0991104871448052,0.894384179262624,0.0975375867502131,0.47624402197105,0.123414533204949,0.545597814955157,0.140026020165865,0.65209533906404,0.172751420601913
1.11127201843406,0.132771873253279,0.804706503709806,0.185855908914951,0.663138709144751,0.159825170947028,1,0.755106822272878,0.308117538109929,0.443373603198953,0.115313158482471,0.580434935752782,0.113210983964076,0.656080518482373,0.116236438091257,0.647404843755556,0.152989836643736,0.700188920231657,0.138756477496776
0.945953408006103,0.144644015039253,1.03213268532917,0.213117656920821,0.204116269796234,0.237307510521759,1,-0.111976040092141,0.306683357784768,0.74245602093175,0.114165338504555,0.617848542083435,0.126930515815576,0.757586134594091,0.109151511015156,0.674617581384989,0.139641534613802,0.646502011203058,0.141803709697206
1.01162791322203,0.1452409330509,1.04385511053704,0.24302686926858,0.381738262897716,0.212456282961507,1,-0.0931684132929685,0.273118805202501,0.704494784648178,0.101136046017725,0.644749597136335,0.102809072775976,0.739044323867201,0.131842143125982,0.608758777549575,0.156067622932305,0.629994361947184,0.179144904591322
0.973610349092813,0.139325799332582,1.24058667063574,0.259834711296826,0.27059112927347,0.225006780474855,1,0.0765767417454609,0.200105604472358,0.561170864664496,0.10981414557752,0.697082953447834,0.115822851586983,0.456602132174584,0.137408334983477,0.739202620849394,0.135339832678539,0.960863220527945,0.158340399415129
1.05282684851605,0.14824652857269,1.15166101869496,0.221946553275073,-0.131260251568673,0.164451860793703,1,-0.112381188587946,0.257037681242203,0.624162705493036,0.113496535261663,0.786223035935791,0.0978087577418174,0.613364115531991,0.114574146488827,0.428127930122374,0.150139820071558,0.861187845929328,0.140615117967388
1.17087725658528,0.144335219642067,1.21034890446682,0.222055132788652,0.143259840135578,0.170878210913228,1,-0.0495192785347674,0.257470896354006,0.726482624694415,0.108507547498069,0.660121570590738,0.112436230319972,1.00028934246786,0.0944209300498088,0.517231605112092,0.139826174783431,0.543702098347541,0.174719366776142
1.11139368101551,0.158486306715508,1.22682633034142,0.255952200769255,0.0805415920444033,0.172506085756075,1,0.0588190567430649,0.312280732807807,0.82166772538278,0.117093236132207,0.61023386562994,0.117774053088102,0.765336652738603,0.103681933866659,0.657988380737736,0.146644403375935,0.704331647817252,0.133446602503496
0.951910265782761,0.13472925511659,0.875716036962574,0.185895879198855,0.273831334896436,0.256480322270959,1,-0.294404526695999,0.24858789661262,0.577316863472775,0.0958314944910307,0.798519056985522,0.107654114634759,0.716326297919892,0.130702013273364,0.436097064515411,0.128608614159397,0.680952490534595,0.166567937638886
1.10615172335623,0.132355471584879,0.995891113483895,0.224937026530684,0.549778344817146,0.212320199050445,1,-0.0606168384228228,0.276204176128734,0.801836255190473,0.0956362586545097,0.742279755150713,0.116661358411086,0.771455904482762,0.114429029934439,0.739848840599089,0.136852182737152,0.751359098249468,0.173949588781921
1.19754649389189,0.144574762812355,1.33422495777249,0.295593303632672,-0.168350639787093,0.158754316048201,1,-0.118659969813409,0.218487590656298,0.890453641332456,0.0852374710480053,0.709015148361178,0.10913515341414,0.645498549731666,0.140534341055688,0.783974436290103,0.171481917635181,0.584469620680875,0.200682141779022
1.09845022622456,0.128991401612939,0.773538529390215,0.168707377483655,0.326084623168396,0.197917805391429,1,-0.216292310917356,0.288626517259741,0.718799171175778,0.106846163472343,0.698119768989578,0.107413213939737,0.583798689056116,0.113204052730954,0.583092381361077,0.138729227133659,0.461562121968166,0.17151530619644
0.93604096764436,0.141684663477086,1.01866213924845,0.211902186617289,0.358311257437175,0.190184853506431,1,-0.490146989159375,0.322956307025863,0.767278019390406,0.103500902199484,0.65755350164211,0.107674984433383,0.506438342140209,0.126204592093053,0.551349393744754,0.129899805050395,0.932066342850417,0.142155458553005
0.915851893186165,0.136953504795793,1.10193963720221,0.247206267261839,0.256489647343823,0.235883690130562,1,-0.164133509163257,0.277623186222574,0.872029877318493,0.0827744737713943,0.597063534611697,0.123860966662299,0.734725925665072,0.13226345353047,0.581670260694921,0.15862486949566,0.649162890440282,0.205907846742286
1.0791541135214,0.151615208561823,1.12906551940467,0.236554677896065,0.0618871004919645,0.144226512521704,1,0.1111263007851,0.279558016584188,0.551379918232542,0.126816051615732,0.581654247229154,0.117239023674314,0.708827680886758,0.103499164040921,0.653507819548053,0.121262505616886,0.740903066972259,0.195398425940631
0.871341041872697,0.144814123198008,0.973982614112909,0.225806784202597,0.599053766426289,0.271322804254702,1,0.285302686698715,0.319076048976277,0.745307608715222,0.0960657471670853,0.642109427648706,0.102142292044469,0.651526764392051,0.116297716897282,0.60304350690911,0.161932310115194,0.633405543988169,0.19852478625635
1.17365677109661,0.146766392720432,1.05502560781169,0.228056241407313,0.178809138381838,0.16242320035954,1,0.679729422131692,0.273385945543617,0.641011984112213,0.0907603833073957,0.819321743017299,0.101709024657239,0.774409607403789,0.119119627491483,0.77357656768505,0.162167291966578,0.906411603549542,0.190127508212096
1.20885905524772,0.143014870581729,1.11178432732439,0.247818947051727,0.690093113751367,0.171595760374201,1,0.234888226768697,0.292299922051621,0.790698247041324,0.0998733626957803,0.6669891204395,0.110747742358512,0.814062194722365,0.119992426660072,0.709970155849609,0.145478598589014,0.835593860119881,0.145763345955817
0.853786519080783,0.129253221140199,0.98515488726108,0.208084007724505,0.295085097742649,0.262795062960802,1,-0.00736820378588461,0.281315728826012,0.735543507857536,0.101045089430693,0.855532132747577,0.100550827892258,0.899440173627567,0.138515947237384,0.200325168219312,0.219814861718668,0.611347125079421,0.211967084787416
1.04538562561471,0.131430252482404,0.996304204948022,0.203142252309387,0.445407917336596,0.223704773188054,1,0.0708290283598937,0.242457443890533,0.670590587901028,0.0897044734269876,0.755786869074471,0.106067354831506,0.604238150650181,0.129376223591863,0.694203773078503,0.123605894706948,0.869128839632927,0.178439520274894
0.998451402082212,0.134080282114795,0.946150358911242,0.197077563905285,0.379689754019504,0.208079192514704,1,-0.144885978953899,0.295928284712059,0.642287142954954,0.110115874627509,0.817770181253235,0.087843825029998,0.699858576926827,0.109414638968675,0.606381934532471,0.155058657658375,0.594251924633868,0.204017965483999
0.917588615155876,0.126283507991991,0.846385418255201,0.202260355947795,0.683910695989529,0.145073503626577,1,-0.0337294758879819,0.302460325006819,0.800353950538161,0.107034618058517,0.387909917986258,0.125879190033948,0.644847929882736,0.113847561019804,0.681421831343801,0.133047401512654,0.761471039296852,0.126926447575572
1.0660722474677,0.127975419667817,0.951129821392844,0.191771213821701,0.301623004807484,0.164852077907982,1,0.084432496840112,0.219327046668947,0.560936081385696,0.104216750914902,0.777479771227519,0.0996922049246591,0.65548806575369,0.11744013601254,0.861842405184145,0.113232320083699,0.55656934232759,0.179300852514078
0.93981480724702,0.121792715735259,0.896726496824239,0.179253597646679,0.28678376181464,0.167668025776653,1,-0.642149677309764,0.266041589744812,0.793623980464868,0.0957180279511252,0.71616800579841,0.0913603970174328,0.614010865546626,0.116661536333991,0.606369573887767,0.134040934055202,0.589659194427524,0.165057823296413
0.768668632593734,0.140257632772936,1.15033964999979,0.234498356568245,0.406861878896192,0.249430198786107,1,-0.252736907747423,0.257402072818218,0.748964834179614,0.0928540672760096,0.894878016238216,0.112929276649049,0.746956798969033,0.109790569309509,0.690980604308156,0.146090454629653,0.952752627753018,0.163484611950196
0.762137789736375,0.135772182612465,1.20470353079118,0.258617275478204,0.395471524049435,0.225173831370597,1,0.133311537771327,0.252410321385225,0.736248175158027,0.0970216443791424,0.759436946505347,0.106242038136032,0.617422119853246,0.120722932550704,0.58646677683577,0.193304207405502,0.786125008651683,0.186008302523999
1.21427829941012,0.152274869863243,1.15259911515971,0.25639828502708,0.459451448267384,0.21498693759921,1,-0.0777905580301492,0.288593806895915,0.652540144644355,0.114101678431113,0.684768818771559,0.105970729793043,0.922994724256669,0.117168947337063,0.962084507232088,0.127848403361789,0.770522615128629,0.155185689578057
1.12629842294301,0.136888026803934,1.07823871990224,0.226870507563213,0.385629421801277,0.180466178219059,1,0.428462271316439,0.216182939190366,0.627980394079607,0.105558340151944,0.659362821291076,0.099812533789502,0.754164879023355,0.136623756491788,0.69308827684713,0.174440274173024,0.469524431273728,0.168580119689342
0.933398257079896,0.124739232381364,0.786505132512101,0.167199398207651,0.300863926847957,0.266295306571523,1,-0.350347532983894,0.311849595267909,0.707484468438401,0.106672592817297,0.75457019757055,0.0980192144072318,0.792621340595593,0.110154530232796,0.480255036683336,0.153017171811403,0.924759870540719,0.177623004391941
0.952693523794803,0.121415255259711,0.797097922011018,0.159500711241283,0.284745281126682,0.209391904721061,1,0.494618873827192,0.246524244699151,0.44265035516095,0.115786181204954,0.768584875755851,0.0995311095746031,0.88752111309188,0.0978515222876538,0.334324154767187,0.191643776189725,0.636537789341976,0.202702806680632
0.848022566945554,0.127874566171974,0.918027839957136,0.20459391402249,-0.00280716899843475,0.174999973975914,1,0.0509283245664784,0.291938563901679,0.689765871783824,0.10294839189264,0.715659394541043,0.119758332849559,0.703981444352906,0.136634610654432,0.693286603948486,0.13617051956661,0.809898629232945,0.131230911878683
0.996868840366965,0.122311211019747,0.686298930362679,0.147683719947532,0.353662136782072,0.253806443674751,1,-0.0425929612929002,0.312971619290022,0.675952575674398,0.114011496607412,0.840907620267937,0.0920939161264627,0.59436572230295,0.120702197931044,0.745278399588488,0.1233861699869,0.806544493289512,0.141580667160965
1.0609360296881,0.135973803698524,0.820342351649334,0.167640358329004,0.122622664718475,0.182629246698446,1,0.0875522898322278,0.292347309248006,0.709280074137282,0.0925030483097945,0.781507530910359,0.10133825089066,0.463675067279834,0.121772133877655,0.3898308663463,0.157936760984104,0.815004695654544,0.155219609155685
1.0265580474915,0.135288061069171,0.822000172685212,0.185011799439069,0.265010402134774,0.213422589350074,1,0.124725506960459,0.274645530331391,0.560998821798648,0.107573742774623,0.64800230927757,0.104655459850274,0.558961686263004,0.114321148681228,0.741842900890608,0.140965689034952,0.91587809073306,0.174606069647506
0.739729046338054,0.14780666272501,1.156470158145,0.229340961256279,0.0442372207145164,0.191384401149409,1,-0.378919358729658,0.306013805558284,0.795949382486767,0.101658773398152,0.675079363799231,0.0904292889490494,0.567243736459797,0.146949009219604,0.630012299542627,0.143849360345979,0.695650962392263,0.175427485340781
0.748425199761894,0.136318753065171,0.928204431166176,0.211297176823841,0.229379149815185,0.228815450820162,1,-0.566120642218062,0.289084388168531,0.801718017855645,0.0921381804869823,0.541230622799324,0.117008924086278,0.617950551914995,0.131778529515861,0.433962317476737,0.198917571574251,0.661578829257565,0.173025598430917
1.05910697959267,0.13257886879448,0.845779463811783,0.1742003341811,0.325266987487483,0.210037937587535,1,0.0807976341125798,0.280256099272101,0.717876875273654,0.115290128471332,0.4988231816902,0.105077774383862,0.465533377086492,0.12088559220903,0.718958940259823,0.118957204970352,0.734416551139692,0.149126198514337
1.0367675026148,0.123619075158591,0.742258318354865,0.187230185047931,0.623366588789247,0.176290734219327,1,-0.293812821671,0.278378005322143,0.835106588755718,0.0862515974501144,0.620249176770131,0.107007495805362,0.454451189024815,0.151135105980872,0.647696720864813,0.136107643384106,0.806179342705984,0.205100578939357
1.0682547566965,0.139257300072596,0.998554208003208,0.226475525388114,0.57138004599184,0.155384673618253,1,-0.133926629509067,0.265089278792797,0.727973674773856,0.0941985984768681,0.843881953313253,0.104171942742884,0.589081314704338,0.128193602232648,0.804119556641495,0.138835438868834,0.304012018333789,0.15833589770708
1.133135034583,0.153047380923233,1.10891589413439,0.234310612067174,0.0696627823541355,0.198432132408964,1,0.0251080609343529,0.292523164874079,0.897560763166494,0.103775314741281,0.565705663493909,0.117857080876976,0.781148846357143,0.125205195768249,0.641826755527628,0.143861967797843,0.958561102111441,0.129216974229848
0.951497768001279,0.143962806178526,1.08531667634789,0.241211966760271,-0.0146049510332233,0.161003738366729,1,0.0965367695760136,0.294237965340516,0.760690327724174,0.100579123968324,0.809863771174574,0.0961130198792025,0.864306485700707,0.140226000604807,0.576938782607868,0.193339546505004,0.801246506491219,0.163472666538799
1.18858732700897,0.146271617443299,1.20399024423997,0.276952632188134,0.518001378932837,0.211459085914754,1,0.342920103054674,0.256868100071425,0.312080284274068,0.145415920978704,0.758293738942031,0.103540195083432,0.7355510523874,0.0952267725157341,0.924863096142688,0.117666308573712,0.476170082243422,0.240220956485227
1.24374607757332,0.143099347145368,0.997758386537323,0.227498623666777,0.505603577603697,0.197010854914954,1,0.198150531082271,0.25814234863052,0.614348609446427,0.111520502924958,0.666315960037034,0.102809389963561,1.0365550770439,0.107753240094096,0.610502604170314,0.18041481377803,0.938153186288025,0.119652870152813
1.01673478810106,0.14299455457263,1.22831467740459,0.264134790176497,0.605262320665013,0.189741935662745,1,0.13273029796092,0.251710510143842,0.716797158114815,0.10683319762698,0.558098806278828,0.113549708196708,0.919456736567165,0.120609999651383,0.687088655636246,0.162175889648932,0.747817716190629,0.169702681149805
1.42677592588752,0.152370736364162,1.0161442992526,0.221196366132073,0.318936993600956,0.282012120263795,1,0.597389765441582,0.281845217649269,0.711968178958435,0.109651192142521,0.834127051842586,0.10427805034367,0.46992193745398,0.148214729545464,0.813568528194265,0.138625483412665,0.643321307688178,0.157352996161224
0.863197797162788,0.14274827262884,1.11161031183903,0.219668711771332,-0.019571368983585,0.146481160482769,1,-0.133632731262408,0.271673351486571,0.686965085800044,0.107590499136472,0.731915478155948,0.1079283287705,0.849613728781842,0.0977685299081225,0.656171246983821,0.141356677428752,0.631831483818308,0.170225107617588
1.30914490271467,0.147346658835104,0.859284384326999,0.181448213292082,0.178286549237857,0.198410773872686,1,0.0686990647676715,0.328023616688698,0.610865321146542,0.129607605161983,0.915045475355299,0.0819457917870057,0.580625435278962,0.133871949687938,0.867093972496321,0.122753890374682,0.700584901378513,0.154356421009767
1.13108089779379,0.147868645744652,0.923288890947824,0.201330566960094,0.119699220574444,0.194891490778475,1,-0.0665573551919141,0.311439806922894,0.785086357820405,0.0960102623981192,0.720043116817037,0.106734984124874,0.555989393194324,0.132780849775389,0.741671901564718,0.142369358946833,0.566459282593372,0.171236978202138
1.15099998360848,0.142250452526214,0.954634313905702,0.198858269165883,0.250179759306246,0.192984237341654,1,0.187543474666171,0.285327638592327,0.874447156823834,0.0978498643009353,0.693888706943272,0.119083408229283,0.753263467009214,0.12949988285313,0.798694210255058,0.144915768641448,0.681856641479188,0.161697519277858
0.920957650162808,0.135585490217589,0.936604144051668,0.226296603326846,0.617497675272834,0.186950909074173,1,-0.118804844722696,0.298682068204782,0.692140848066046,0.0978146146714241,0.803641441157543,0.0836497663598272,0.546447498654554,0.137303101138931,0.539583917651023,0.171758177876827,0.906533912015866,0.181114559950498
1.09735690178525,0.13454135703388,0.904683777090102,0.188670355045852,0.365687463159831,0.177073674393548,1,-0.125174398117909,0.274606185859068,0.790636580968486,0.109980935296017,0.984512215326715,0.0891224969864956,0.646476654552828,0.134849625005076,0.695188372914455,0.130573544900045,0.503721615405099,0.20355771067193
1.03862981484436,0.125913393593,0.787154660760945,0.182787802646626,0.558023178250788,0.205588948072461,1,0.41057487340563,0.271679854930452,0.685233947961881,0.0991631533391784,0.690233466645536,0.11061145862846,0.688445379397273,0.123887703748156,0.643772296894019,0.154039996903621,0.948991035270275,0.131364295491231
1.1255595930251,0.165455093107531,1.56217914482274,0.361635165959709,0.146906684193888,0.226905811893318,1,0.185376712037142,0.260172130832552,0.602247750255733,0.112855607447463,0.858365189836921,0.108117017700335,0.721741567479138,0.145804489096467,0.842143916938945,0.160448948931342,0.875142205743097,0.167629198008665
1.10177082064426,0.12524918792057,0.866207197719919,0.190209348344763,0.352842386389975,0.229798281752882,1,0.33519914701242,0.286007583773177,0.660769080305505,0.125934491669412,0.586296347549475,0.101968927461779,0.787734267102519,0.11327958485075,0.53281560602465,0.157167108067104,0.56934670721643,0.158074612871377
0.882763999972827,0.134613889211199,1.15105685566521,0.218642005697623,-0.0221513015381671,0.150079696623551,1,-0.314462472433591,0.217886665948104,0.798521299820274,0.0923843875642284,0.553191469507015,0.135229312775426,0.6703074210773,0.12931820951786,0.66062359201342,0.121762868754532,0.76189040519415,0.116146874161894
1.19720711747647,0.139270379626507,1.00649499095292,0.210922742429811,0.0541419892624742,0.198272752142662,1,-0.150112856627788,0.260091358026821,0.862584028850074,0.0970753577554531,0.746671872287668,0.107105446565854,0.699304106680932,0.126181981736816,0.703475358790734,0.1572316320615,0.583209434450057,0.14391397165838
1.22890178827427,0.138558044613388,0.793066801456564,0.18651496879902,0.326256398095762,0.218766337777729,1,0.422529272098231,0.302990354103591,0.629021020699298,0.121310085444667,0.700124455510404,0.116173921195596,0.726135705780595,0.12584714967046,0.718129157141867,0.15957327460562,0.307685118306492,0.19468781467186
1.08762444405911,0.166635499457749,1.72285570062794,0.375263511780972,0.431372328007242,0.184989940500173,1,0.107459167097104,0.259160108496994,0.835637984868698,0.0928981796208381,0.608954143348132,0.112517024687243,0.495447725549242,0.133713146952979,0.907125951996704,0.155326832848065,0.655979839119647,0.170087965156756
1.03840467615505,0.143947125036403,1.10002361664118,0.234776774729611,0.276481313125458,0.149645540427799,1,0.386191864302417,0.277615433059002,0.576761388336257,0.1117896942725,0.625320085443292,0.108986702262395,0.889048889176977,0.0981848150900426,0.638616783271513,0.158412275281985,0.523974864668245,0.184138378950857
0.756972070500755,0.129833054526504,1.06679915010366,0.21974256119569,0.221488974240246,0.169539378402132,1,-0.0858553707841199,0.262037589565622,0.635067388939911,0.0996762511362829,0.649718052751649,0.101484534054058,0.611139306002532,0.108321671218782,0.794711521923272,0.156232485463568,0.821142663242761,0.179306727829113
0.875347945178824,0.125436552291649,0.760324622137414,0.159076711085935,0.0292079940699938,0.162637121164127,1,-0.145621400960001,0.255695795633403,0.832686551231536,0.0941456139506285,0.605865477053517,0.105573102794434,0.583753980115553,0.141352498812697,0.604246264459118,0.132827753133162,0.521742377016316,0.240623167760208
1.10117247920635,0.129510569005799,0.797048229333571,0.190394155956329,0.23472160560978,0.235260323100105,1,0.141712827829397,0.258250619403117,0.686815710242766,0.1027921869034,0.740418469570447,0.104397670677518,0.806174513253992,0.133542831492898,0.674980869867653,0.154343705984828,1.11805860238729,0.197860232905858
0.836634567026681,0.128416636079176,0.965818939921387,0.219989266385956,0.511161249182722,0.152058112893091,1,-0.285715294164263,0.249164938514958,0.681969153727365,0.108015008008084,0.6572808584223,0.0979117318929186,0.623821475372355,0.121421056378585,0.856052697497956,0.135340914106866,0.552993765991155,0.210092920050546
0.880778904462827,0.116990786727507,0.68286447961962,0.158120370634587,0.529307255297907,0.171907750515728,1,0.0384639830435415,0.241420835238997,0.638359541730161,0.112475135239694,0.574408980036167,0.110133636559392,0.748579748150744,0.112929892717827,0.887006726273595,0.110545836473381,0.546405486338078,0.172242408675038
1.11712273484208,0.15156909651327,1.05280978910084,0.231386381953913,0.0917823567134243,0.187290860512918,1,-0.370980880731689,0.294430815037342,0.733376147328832,0.114256971773092,0.882007615451485,0.0917193583048199,0.72538896610445,0.130061505004618,0.670289751042708,0.158028782189339,1.04479810610901,0.122134970575018
1.03837763166892,0.140362791450668,1.05442285850031,0.22310929825753,0.311908986230804,0.19308637047307,1,0.126619783234543,0.307839088153925,0.862471526383756,0.0988488170576743,0.394730499979953,0.146569496038216,0.503607675721886,0.112537208773119,0.575565160517211,0.125372972791809,0.724489843790432,0.131608437190067
1.15969718978857,0.151731326455249,1.18239325747691,0.24707306345165,0.467503890886597,0.223762797693291,1,-0.0609182648784397,0.279352943411368,0.756969569815141,0.111957368416563,0.774515267959023,0.110981226981991,0.718283851070217,0.130005208741173,0.830862679278399,0.131696966258514,0.617185275125875,0.163801981620118
1.01261449862216,0.153289658737223,1.12141211106013,0.256663724086937,0.73798189029971,0.130777646254967,1,-0.124100502884963,0.409076235781545,0.699800450509458,0.127052726153449,0.889721096895278,0.0890854847875647,0.814342592602188,0.11181413595208,0.689928942851298,0.162044751930335,0.99756727950889,0.156283027090937
0.989674721472079,0.148622310835145,1.16119077661314,0.270540367370394,0.127815263247449,0.185539730953924,1,-0.0836434037489398,0.271721629017749,0.848162185553096,0.090722556405862,0.661808619091185,0.127192468220657,0.495843316298111,0.151908698343599,0.671208633386198,0.163096754892326,0.602690466297222,0.206906135682111
0.827826737495882,0.115327108088251,0.597288667852437,0.142684309525217,0.690441282020305,0.141867099581552,1,0.165820466325219,0.324457006239198,0.727395179004707,0.0962631907814406,0.697851700271033,0.102895100597239,0.647102609407146,0.132393283095349,0.79205954424405,0.146397516650105,0.0597384234706268,0.214225908589745
1.08423821382951,0.140929454714532,1.04586006546384,0.218215323226864,0.316849547481952,0.196489601181849,1,0.0662694105121998,0.303570994669941,0.747883825368102,0.0965155813483547,0.605886559218318,0.108655583186342,0.814038904116662,0.130508723925114,0.60297675879741,0.148333003413648,0.54169025080065,0.174139170694799
0.959602508504951,0.121039253106339,0.593763264055162,0.138554696893357,0.709240213302959,0.108308028512987,1,-0.294399397965063,0.32057325538068,0.615853598467871,0.114198362950252,0.72709827307989,0.0936357282506006,0.686273818306926,0.109587611490443,0.569846137053911,0.142532574824598,1.01741419707063,0.135871521948797
1.21749310197319,0.171453273095417,1.69904717412169,0.395248196049236,0.484151815822626,0.269149724706906,1,0.170057278557457,0.296139642510129,0.727736845750129,0.131290538595573,0.796842626644672,0.106011327168006,0.671713201971789,0.128217711451337,0.567523097767491,0.137028729301019,0.792670711510688,0.14964668020829
1.13172579386492,0.139301992312266,0.985295460775508,0.199000749868609,0.238708353142459,0.163002276502396,1,0.171997042707745,0.291305895400471,0.657435942596645,0.114900415553134,0.667908686286194,0.0992261192445659,0.566615046237198,0.122621663143367,0.62459518760248,0.143399648663717,0.808327191855565,0.16443557171492
0.657224821031837,0.125259464405554,0.86580013376632,0.185270284426939,0.372903842441954,0.239548356391032,1,-0.508666220837231,0.257086018895056,0.717778141689566,0.0855588143080186,0.76517113786738,0.105670437774008,0.743607162066422,0.132479290009304,0.63298408291673,0.192635797457782,0.360781390871334,0.253204691512942
1.04110139043438,0.160494904516287,1.22583829681929,0.250378975918754,0.0695443917658231,0.178558631518498,1,-0.0226926709900871,0.271716697160854,0.753862295579332,0.10427920417092,0.747296713957115,0.107279129809276,0.614653785954189,0.12967094929085,0.823687515364274,0.125467158536749,0.877415529605044,0.175746730089799
1.08381784294099,0.147936725137385,1.23653560878619,0.277844527813628,0.290568670853457,0.218576916253426,1,0.439348963176317,0.294246682563465,0.666074295484478,0.114148928972448,0.665270516198988,0.134199006334506,0.935945451564978,0.129788122047742,0.824264991856175,0.117072223836615,0.835861077976028,0.129112028802925
0.704325795781066,0.113129724156703,0.557064237475783,0.126819199122177,0.63077145665648,0.121561746463324,1,-0.0989950989983374,0.297145375691531,0.664736116981151,0.0957290097535578,0.60756938560279,0.0910755118604738,0.664223615415047,0.100648314103312,0.510894009035951,0.137242385400057,0.396740487712101,0.217394117288361
1.06267794160451,0.137328503085837,1.1027537511565,0.225855827886118,0.120042629313443,0.196635600291285,1,0.0135448249069441,0.280136606113291,0.560865082621713,0.12404898825412,0.895860756446984,0.0937475678590438,0.658421862301756,0.12439041268161,0.780014074897289,0.120983332399233,0.786203386845181,0.205403101557864
1.0661844749612,0.125413551306104,0.788488731504717,0.169081448847848,0.0461457306492754,0.165689545503385,1,0.101895286566177,0.261416835998842,0.841664939782557,0.092661909070004,0.588293031549464,0.107652765918294,0.540602913755684,0.112344362479902,0.692278215965105,0.144283707347,0.787288451959709,0.177263161946274
0.988891430254786,0.133902336233194,0.854463213459292,0.176377240030393,0.0651466321486302,0.172910126943009,1,-0.227517198700202,0.295322691336104,0.7374515691882,0.0978228375168458,0.807083104704363,0.111261722111207,0.708835760289505,0.116218413046082,0.814661505927439,0.132625606014317,0.876169052957661,0.143546088642695
1.08054798545785,0.138735385972625,1.11216804862622,0.24504907299868,0.0733267443646335,0.210060027664953,1,0.167601073067731,0.33882893375442,0.663082305047317,0.116139865926735,0.83562414718765,0.110875187653227,0.556367733117927,0.136378705884692,0.634253923262727,0.123500164982218,0.888981680579192,0.139265650103419
1.13748899263682,0.117086524023485,0.632500509536066,0.136049904122838,0.311648003108865,0.191212486336344,1,0.396457627633165,0.290624302253601,0.702988919668633,0.102226324410895,0.685872546815329,0.103356216674703,0.712656970910549,0.118970661641532,0.603886774386936,0.132221832921441,0.821539718137881,0.169200193380404
0.967647259274094,0.118955584214575,0.76178606254585,0.166713773446162,0.221744435223581,0.196271570891111,1,-0.175222362251415,0.248077256764264,0.663286125007649,0.110381421014223,0.768568858978198,0.11079871240768,0.840777821587383,0.0991307667670232,0.732900991782206,0.136555435553236,0.549878046954011,0.258622859626869
0.859431720830462,0.122524633838735,0.857536085571998,0.182854154048116,0.46974971187642,0.194038742180589,1,-0.333773612233899,0.28737485429121,0.65495583636292,0.106283754058953,0.718488931960127,0.0917731984771844,0.504354722079026,0.122870211643068,0.597360500430312,0.149462086423548,0.742009066207256,0.150777720174041
0.931941092813216,0.130975554085014,0.930360692098108,0.215285649382088,0.715275479509459,0.136120254250087,1,0.271347559473359,0.277826723408169,0.580053038310878,0.106544131428598,0.574987754871046,0.107550634692072,0.673480000284473,0.109194645020827,0.560678785724821,0.158693954112242,0.552086299141027,0.157553699739981
1.21220804697037,0.135712747906468,0.75960385163678,0.164318436531484,0.198134625704238,0.187050472485011,1,0.52485034227565,0.271286188760573,0.704057147176716,0.103021142558926,0.616851343608892,0.100528507719697,0.629154191966397,0.116743368078444,0.746578507660829,0.121250697692525,0.480757112763923,0.185568369808143
0.783830357183981,0.133585309881758,0.909875168463971,0.203029713788169,0.379380197146386,0.210656483403161,1,0.0471659497348416,0.295844496822712,0.489315710834549,0.106764335605392,0.706518235106181,0.093038500483985,0.647043204553886,0.14500487467641,0.464184727823264,0.193992177141906,0.790473880479633,0.157367247391066
0.902292020255271,0.154944194387423,1.15669345267986,0.272805864396058,0.397722010200224,0.249100425034269,1,0.271017035231374,0.280052851324226,0.639678301340678,0.110566857878253,0.746444322326905,0.1012219811947,0.704834559536537,0.13079332205261,0.67589877543569,0.161486910624405,0.671612220574812,0.179911062113621
0.887064444570376,0.139727789208745,0.900356848733916,0.230817527783377,0.749268685544142,0.134019084206766,1,-0.00819409413171628,0.325868303248014,0.800240110558849,0.0839911452562606,0.849466472298103,0.0950994922117804,0.562870235371531,0.146329582184707,0.683101285943914,0.16369528144791,0.54489110626761,0.2242751068717
1.12624559731953,0.158727680173302,1.35024743987356,0.285874430383279,0.247048616119878,0.261593049050311,1,0.0468184311649238,0.267167998570537,0.764330825891826,0.116857001745007,0.71667850221843,0.115427845199317,0.629525711969701,0.122804950176909,0.625967080208843,0.145732229064068,1.0672284866767,0.134498238375688
1.112074214567,0.141950623178371,1.01544188525029,0.224666277062458,0.108428091207076,0.180000168271495,1,0.0182482402772021,0.265103511284011,0.652659233530103,0.1121642817354,0.767454299880589,0.102039548431862,0.859829349036668,0.123015003993807,0.676693595578065,0.146364528759346,0.725780851890506,0.165354084890083
0.972156149663645,0.147730981326294,1.25247425061139,0.297175773349677,0.305599295264669,0.257995385466729,1,0.172032006452928,0.264282987534019,0.756113372943359,0.10410627320972,0.496326103926534,0.147765635367826,0.820439438124653,0.126189755363917,0.74268267304805,0.149772746191128,0.225777266434625,0.189572431392567
0.88344324497748,0.144560230124334,1.09411148190116,0.23500803110996,0.214089533876559,0.228817705965914,1,-0.503492322062901,0.344234090368549,0.786829695797892,0.100622937137565,0.829316092345304,0.087990122035529,0.727124489004157,0.136162282855498,0.429741818521389,0.194490747430611,0.818870034478456,0.216805911182357
1.04854466257053,0.13691782619511,0.81953490021585,0.155374085194963,0.349527151539667,0.190215393562255,1,-0.169512140293361,0.278763814351628,0.745733143953154,0.0864282331960535,0.746814448095724,0.109080486063692,0.58109878413902,0.110936740790976,0.390808170275495,0.14417184662192,1.04065612074996,0.116945725325106
0.873131546208256,0.121940782530616,0.606266047980101,0.144888104402595,0.533854559822205,0.203161738550783,1,-0.097197434831482,0.281082564025022,0.662680919052476,0.0923240181746067,0.695951498125006,0.0868181393653981,0.476775188823794,0.12882645745772,0.60754796389338,0.14629039976072,0.585616596992644,0.179844041090831
1.21365791512638,0.13300303735496,0.991599732402756,0.212699267512434,0.235516176330309,0.178773728984915,1,0.39410732072473,0.232744832549647,0.761187942491691,0.097723777704096,0.813479731260545,0.0978575428466525,0.628793988499129,0.134558655359436,0.663839815553721,0.149960166214743,0.933778831802738,0.195841826934254
0.87409117933992,0.159451703970288,1.50924325842782,0.331728979447999,0.520456368210474,0.256789350076314,1,-0.0385991702595442,0.333720713322901,0.650921825053536,0.119882495435495,0.647973336090778,0.113066275708132,0.613064326322005,0.136481454733928,0.860222740317685,0.129086197076577,0.682264361058943,0.163178429444123
0.882385074495635,0.124249532289607,0.782713180074806,0.161377585270515,0.198976335187099,0.174436461217264,1,0.283358686476675,0.260511683822581,0.678258169245768,0.0990470733679476,0.59869748892756,0.118283179851969,0.466209842781501,0.13185124404232,0.688868880901816,0.127951878858563,0.650499541237829,0.177330653897886
1.00166094812529,0.130492636533236,0.980680039500278,0.210244577700718,0.166373820720744,0.241636142920411,1,-0.0377040993000787,0.247519385267418,0.796303417889569,0.0842411680034738,0.717950182775149,0.108112471806994,0.674619607379454,0.149223543985556,0.513828858230043,0.192055658504326,0.629832630682257,0.162961856159285
1.20610564804339,0.173813209493549,1.53347312921351,0.33176255167563,0.0869274334022843,0.1870903258838,1,0.255266851339528,0.30738137018294,0.677018056031506,0.127145921372795,0.665467029814114,0.117916627046248,0.758936790810347,0.115521359476841,0.924577283808552,0.141521641832506,0.865888100905026,0.173314437834084
1.09617968567404,0.145552023827491,0.980606191369265,0.224702175079412,0.335351122999794,0.264565352266734,1,-0.0603802676369449,0.308215631642583,0.588180455421395,0.115146696734734,0.765410043141688,0.114639996780579,0.753791565482754,0.104553163990112,0.988852523021181,0.109187007509034,0.825707890288266,0.162707237243107
0.901952221771807,0.131615980385818,0.976396072307428,0.19834364062314,0.0690485748806383,0.192120597337754,1,-0.068424322081635,0.235501465078217,0.689911194627514,0.0904531034620913,0.658447108616519,0.10371183844268,0.482554686691922,0.146293337158765,0.603327756481169,0.130254729028832,0.574680742624279,0.134407342159522
0.957263221254563,0.138683814657385,1.16670938785324,0.229853867359547,0.269690020002182,0.194267473851617,1,-0.0797820954560531,0.228498783630752,0.724854149191776,0.0978767618574861,0.667782292784061,0.101305355742903,0.650720929805283,0.127196507074167,0.768901603826625,0.133039982664573,0.304602644920877,0.199628654742393
1.22462982553442,0.126831149777664,0.742808422061502,0.171119298882532,0.599179518277062,0.197735728576737,1,0.783040219385562,0.30059177418255,0.706883596512574,0.102973691679264,0.716040025563942,0.0999049769115052,0.60163835903925,0.133504784100183,0.729932866375429,0.130775364226573,0.678040303551112,0.137788898399666
1.2568357933513,0.182611810927233,1.92772682409086,0.435071280729917,0.00616312638910973,0.223611131410304,1,0.215636117828816,0.296849517510833,0.817780555743724,0.111243696869417,0.969085069678467,0.109672436982763,0.620067381368993,0.159725585157736,0.597574089670221,0.154496438501154,0.849708776325635,0.150767068843629
1.11007618382951,0.129228797889475,0.85769322065924,0.167121891491672,-0.10025380181223,0.144814792466534,1,0.0296953669886337,0.258544192908371,0.740150848836264,0.104561792445395,0.908157356410151,0.0938286002422151,0.872983531487614,0.113379174646323,1.05541529542619,0.129354345346881,0.690014641654119,0.176644226001762
0.849145502045675,0.147601905566801,1.20091225956595,0.260844199900531,0.259588567797716,0.20139886323503,1,-0.0293646801111784,0.265797261845888,0.715139004138609,0.0967237182721825,0.740778137718277,0.106834941275643,0.465082841668038,0.142380990954505,0.684114390637631,0.170886579920197,0.422475851808911,0.209293876574689
0.892792885065802,0.121717150094586,0.920047938433285,0.189826597027797,-0.0124607224507463,0.157782862601205,1,-0.109459627024731,0.228068697069013,0.586332176107316,0.10960774631678,0.698932412135083,0.10505701381784,0.833854726619008,0.123721989308711,0.819839823910244,0.106596926943734,0.758420181227617,0.151170776296125
0.883112650215078,0.131626085737489,0.893392842374162,0.19930742193676,0.516165647563276,0.226958888431555,1,-0.349493485171321,0.255893481165201,0.735144833721729,0.0888230805291225,0.69553844976362,0.115488038819976,0.761928843339733,0.123288360897884,0.733996851467943,0.139599721939007,0.9584675858301,0.206757788844431
0.781000779863716,0.128866168631666,0.947234178875394,0.214058370111691,0.361907605431354,0.22175991738928,1,-0.412370621704984,0.313172928310733,0.724668561682162,0.107008317876723,0.808393310522393,0.09014939607492,0.497988709135954,0.126631917615274,0.822943667308331,0.133861625516087,0.463075909714756,0.204716846988137
0.762889241848643,0.138016504376577,1.05949978310212,0.22169534760545,0.489849217277579,0.217187194496229,1,-0.236059275315988,0.288670399532529,0.539146420843295,0.116725251213758,0.671744117375567,0.105522536116939,0.736438190090778,0.111513325550512,0.690516714225377,0.128959942794945,0.589011624353242,0.185726534295237
1.1407559110065,0.133793368486749,0.859832371457849,0.177327158143821,-0.195428509883417,0.123252046438505,1,0.144447640582263,0.2986698889916,0.683103591995185,0.111589631621388,0.737543303475773,0.0956496883659896,0.634547865700117,0.101041086044943,0.785661811610274,0.12452912349569,0.640093834721422,0.215915818410803
0.762384660450916,0.14462028922928,1.17965427669558,0.281170124612043,0.174219449066094,0.200638296558886,1,-0.139252034321778,0.311536498538917,0.488126720977388,0.125791237951193,0.603202465402175,0.111562241681706,0.622775970743308,0.135917699820526,0.743975274364933,0.159905745861308,0.258245758181602,0.215271548301913
0.90078521471861,0.148658849640543,1.26682704627884,0.261722216754426,0.449476290306174,0.186578168187559,1,-0.288494403193156,0.28935934812968,0.720884033020203,0.0945130489028166,0.744017629334286,0.111692839588443,0.749630687283671,0.112875661805039,0.725050212773032,0.123437052359838,0.79853929390369,0.178880758719337
1.07291698969166,0.143727242014615,0.89495011389414,0.204589497574684,0.734788465157353,0.118349522754764,1,0.130043244681021,0.299224850177523,0.723993099631493,0.100527008556332,0.680657441457373,0.112146962242865,0.739746982677078,0.111981360189664,0.723422358075102,0.127354814306105,0.472203210408908,0.17901014518694
1.13238695511489,0.156087693581504,1.40555454975829,0.282875862554143,-0.423972910515908,0.0765782813189319,1,0.197211011480344,0.256299504111535,0.726408969723339,0.105896102416063,0.937328431312087,0.101998389742866,0.839943693664463,0.13313173111258,0.754166272804421,0.124518985631662,0.90490101001092,0.153013836987402
1.0803242166216,0.146120582225996,1.06183867636874,0.216025661264914,0.324205951393376,0.2739366173995,1,-0.0912045460945437,0.276293086659192,0.956451314056352,0.0959873463668309,0.760439103021615,0.107590315444916,0.700037555917995,0.126227605226962,0.750105826831388,0.132090280162754,0.676896361111718,0.154092078504934
0.995615130532074,0.120461195665207,0.601097450117786,0.119741685278143,0.208914167432694,0.172902806268564,1,-0.400438009264074,0.244832451888106,0.901856756918857,0.0914321222720625,0.701155005041519,0.0924508142953149,0.502559675697502,0.132781816932801,0.765287503798749,0.114750803981044,0.555925266730459,0.173482008680103
0.950490284113951,0.138252566149352,1.05905825544949,0.236194189096669,0.319454404971325,0.23843500333822,1,-0.144810148875383,0.248971814234461,0.666585745652897,0.105249557712013,0.765635825948676,0.095191725717296,0.447847896557509,0.157072719167108,0.589652520018385,0.170161204255006,0.843264634135395,0.14676700148701
1.07760392964953,0.13266580608432,0.945434818816294,0.196827378971942,0.301754650161606,0.179163731625853,1,-0.0390452298439257,0.254199117619794,0.785696492538255,0.0863135021081327,0.744634476098451,0.0828974635511152,0.618678899571279,0.136192385060517,0.696337989621867,0.172886073500786,0.644037945934789,0.180763673806743
0.881344182725045,0.152536122543787,1.2961971715174,0.295943241792905,-0.133988782793582,0.146593775634076,1,0.324484367506441,0.313775553617682,0.703820914677464,0.113343256266336,0.664951691588917,0.105243811527018,0.828921624664497,0.128475281878985,0.658720688372792,0.14019910766721,0.925409471475144,0.151179796147529
1.19457719233351,0.120922621944285,0.643132648651109,0.119950239669455,0.283098698186511,0.189321537617051,1,0.0683084127650888,0.278202795993998,0.583598526859512,0.120390129756756,0.753055659212266,0.101023562254609,0.784306623646575,0.0936133025177294,0.738598305381416,0.129940900685989,0.72890986784995,0.174826663408278
0.978224506395095,0.121915827622349,0.697928319191298,0.151478653268623,0.536977070921676,0.206091398567241,1,-0.234551074309475,0.305478086296087,0.498346307918679,0.134497877303851,0.848097912991618,0.0882565088229708,0.592077166160859,0.114154719621679,0.548793600089719,0.129273223860158,0.679170985733544,0.152697925755359
1.27135468144583,0.135568689351747,0.847426922860891,0.205239319767425,0.552201472618874,0.190566255021227,1,0.177868839453474,0.274776005732649,0.727721252454856,0.1099022230743,0.761403349881317,0.0939877332603941,0.632644511160949,0.10789431988707,0.562297073392365,0.14016266659273,0.740490115997206,0.166332285977838
1.02813716379088,0.117561141612596,0.767808225760227,0.178927640974892,0.139110565822452,0.178880458011201,1,0.19416008768839,0.227068508975455,0.626141161870678,0.0934783652509399,0.76267079930945,0.101862138298377,0.571853088138669,0.135954652427513,0.57205777238008,0.149446654203028,0.56015631276877,0.217447773121044
1.11045130544426,0.148762520939671,1.10588315839693,0.235164197654567,-0.0787987863616066,0.16758630480548,1,-0.187392245590751,0.314442143691157,0.707088039297892,0.117205583785952,0.813068795760998,0.116810487397475,0.810584403157656,0.113187918089924,0.791440300165282,0.111679085212961,0.757906164717914,0.147853155917568
0.931854727402735,0.138124591199565,1.09716279669868,0.230360386737057,0.528195777074723,0.217511942979693,1,0.052819378528741,0.262152693418327,0.779547930802041,0.0990982814815533,0.691188090514651,0.0946225483083181,0.836795523108692,0.120797452680268,0.558189561225966,0.183427668536279,0.782410569377996,0.178837616619209
1.07588095489853,0.142176567429802,0.986372453931028,0.222456971850387,0.105792031908659,0.160209515118762,1,0.388021993129648,0.307266888572832,0.628571041699767,0.0975166196208422,0.719947738139157,0.108559867696594,0.578886973588697,0.120878627921275,0.521050738095199,0.158461740428666,0.539194818139282,0.211716589216372
0.866903071342922,0.144929913713123,1.20750263397568,0.284871879820869,0.555918869135396,0.20244525149751,1,-0.346205794787843,0.29903992125817,0.612755912951185,0.106272229256968,0.794795788745694,0.102853112732594,0.702282748103271,0.114899654738082,0.796516521556859,0.134705658010705,0.474221344412585,0.210442087823056
0.90839797925492,0.125673673360192,0.865505902081126,0.204419097716898,0.815343966073983,0.0781608952659964,1,0.0894282440534687,0.311854736336273,0.791871648547159,0.0912585996942116,0.756563431339578,0.107782807595507,0.417265705428963,0.152721223056084,0.802956607475223,0.104306199872009,0.743969317563587,0.11245269797911
1.08356151418109,0.141784374579349,1.02918673874218,0.209413490382209,0.274887339397415,0.214640712091712,1,-0.285845489812978,0.303461911318005,0.790827938659461,0.110306635813119,0.582688484883219,0.117969781290278,0.77638552316518,0.112437327033347,0.600393926686262,0.120537958512122,0.8567881113582,0.134765593804866
1.03302788333264,0.132534329977307,0.869170397859554,0.187698927374869,0.2371567941634,0.179459859056085,1,0.13720290549405,0.323449858784469,0.64812601441915,0.118929273930021,0.61765311798181,0.110950085188737,0.625311965958255,0.136425512669471,0.844582648911838,0.118321530751905,0.662016426561471,0.151208657541841
0.873077892580969,0.131322184002533,0.988550754360239,0.202420456140604,0.291292918947274,0.249785913350435,1,-0.0678603377854628,0.274980522451489,0.638881822406994,0.105806967445387,0.594706448755662,0.112585065066465,0.625892089171731,0.115394540958856,0.951395210778801,0.127826269429688,0.587600195447692,0.178640565910405
1.1207013796437,0.156102758694834,1.24869564790726,0.26358673203506,0.380671802437406,0.204352341320032,1,0.437343713336887,0.268227180422325,0.638714369574953,0.117074120630059,0.64009286576918,0.14244849146088,0.72960396783443,0.114711932667109,0.813600694295289,0.140623650077195,0.736567851177749,0.134792436580823
0.918334829425284,0.160026790792881,1.46740802990965,0.336278517272293,0.139004180398089,0.236507523622219,1,0.203913813973055,0.271806657098664,0.67457311724813,0.105797452018536,0.721582438808678,0.11217396857415,0.914561059395932,0.13246937744205,0.516574964950095,0.197843289636685,0.695393961982647,0.217936644721657
0.816163039857917,0.162626381526128,1.22845362515004,0.281319398595653,0.352270193493758,0.242232654003342,1,-0.110062662566143,0.356728825119739,0.599219455961902,0.11348403663951,0.853041036699152,0.0976974087052194,0.551782349105803,0.141810067900572,0.790183198936261,0.182817457267131,0.598537921299542,0.183005276765979
0.948176964834436,0.133878662049225,1.11420893877673,0.245970313072499,-0.23058921034475,0.124132049026291,1,-0.536860500085811,0.213118964435,0.785005986943403,0.0855799847807368,0.824065686176856,0.117763010122436,0.813604926351291,0.147019227809405,0.476271909058745,0.168266766492836,0.658455441657276,0.17733354483226
1.06440437344356,0.130687350206646,0.874303602691035,0.185338135802776,0.390206837507156,0.239443784085733,1,0.485593891379919,0.315649499910189,0.804648938715081,0.111866113361316,0.572235886790262,0.121591197104808,0.666348803013591,0.129604235619043,0.826510589505958,0.128709622704228,0.360900111349376,0.209450378036536
1.08073786110367,0.152309815206535,0.959319370431646,0.227829757405341,0.0218453696708489,0.212542971976065,1,0.479220325741893,0.265022136521635,0.859591674108936,0.107163400338628,0.597195773060326,0.129729364228502,0.823181974533326,0.140535560953614,0.617673835266974,0.151368603348605,0.81884440659698,0.153457710644358
0.980872093779361,0.144980744819121,1.04032511025788,0.213351431316823,0.464183882375328,0.259606434014538,1,-0.350132811192855,0.356341581931536,0.805505160591498,0.105399444624854,0.654737010554917,0.0990287068243869,0.71962012288012,0.126549025998773,0.803125441239944,0.146621488289172,0.71511792050142,0.15818905993132
1.07528387548125,0.128450622228925,0.915742633906837,0.201783106990749,0.50625127346174,0.220916000433084,1,-0.181007407258674,0.317694389627904,0.892840488541157,0.100178696072119,0.66200338377816,0.109995410035137,0.923189386947906,0.10476843247182,0.676355311201793,0.147003108280553,0.485781782343525,0.184761493842535
0.827656820915692,0.14105758700056,1.18930151232759,0.255127237384838,0.201205247765417,0.256141566255865,1,-0.252838150634265,0.274759287425124,0.605355339857815,0.109190915799363,0.686597605401139,0.144581519725483,0.882634543979026,0.109779091230066,0.84159720836369,0.118164713959901,0.544972406993374,0.159583385545698
0.972254096678642,0.145222070345279,1.16586694517313,0.270902731909318,0.337254956044202,0.239223428235277,1,-0.308597664789416,0.283962336854996,0.885464973905807,0.0908857970558408,0.640331401601961,0.107837300296942,0.430843896278123,0.151091608188928,0.684150443830582,0.142094035273566,0.418175418461916,0.240094832844965
0.893306503592321,0.14560371346409,1.11171865071962,0.251526730542652,0.266052085052216,0.253414410924489,1,0.339838444998177,0.317465160802388,0.495248927956598,0.120958185276084,0.871589273977423,0.115608967354373,0.675278434453352,0.125569673206251,0.850717630683613,0.128215280509727,0.670469466784158,0.170643385529444
1.02938459447711,0.130456340097549,0.954458607872042,0.202054708886706,0.238333392799216,0.185288831081466,1,-0.100506598209171,0.197552755261594,0.662975874862858,0.100906520137591,0.841423887483913,0.0966789250245918,0.660531883569115,0.127984018094069,0.63316973119856,0.149898670027644,0.375701401308313,0.196550159793258
0.794505860570096,0.112142869776741,0.580029131333247,0.123867423307811,0.314850844443322,0.211305017607481,1,-0.357705377741639,0.241775899581803,0.822052740306608,0.0913210967006329,0.572462234376736,0.0991985299480354,0.66516060654524,0.108865743836432,0.576306802395216,0.14896068920673,0.676977846497439,0.194598903101902
1.09907127773724,0.175593564411848,1.57244748557488,0.331916072164778,0.306623860725648,0.179680551146562,1,-0.375226489710914,0.316086529684557,0.712565196572009,0.125311014537624,1.04737028165861,0.0902006437003233,0.86895495446399,0.118892127029856,0.913475632994373,0.144717177468557,0.708438340305536,0.201017145014269
1.00282633934315,0.133596492461403,1.0512988432217,0.212308567996179,0.341187465095289,0.240978881265297,1,0.484003333948346,0.269273031488084,0.638480466485806,0.0931574939440903,0.699156851779419,0.109734974452299,0.876774644734453,0.0997197184122942,0.885759108223405,0.13482929443793,0.34558649926369,0.223071597422174
1.05724768784699,0.14851993293391,1.19298477260003,0.260626101922322,0.421449524954267,0.181878879473907,1,0.565594835749891,0.332997649285931,0.633484054413737,0.112441394243063,0.771361822452592,0.0984092307706064,0.55560090915118,0.128516359756768,0.681126098915247,0.12586960476414,0.914350636959931,0.139032186168943
0.936221108768233,0.141431347768331,1.01148577172632,0.220298871911575,0.28774270221794,0.199953263015885,1,-0.221213178806457,0.285101665841037,0.699911549476982,0.114130776615742,0.765401075087505,0.0938078378479604,0.743314668089062,0.0954490947702568,0.77961425982318,0.10997833715374,0.688898430713194,0.167716314996185
1.15998118368979,0.146712617442805,1.16092949311879,0.247917379566424,0.274486199095954,0.216397908035351,1,-0.0131136578149939,0.246134278812038,0.640746592281495,0.11386904180855,0.736095855356429,0.101412981068867,0.627752460908249,0.12518724819567,0.662399113400104,0.145189226573062,0.650768389422058,0.185424538235059
1.03691067764141,0.139889662400314,0.915322566289669,0.202969163521767,0.576044745737675,0.20337063182069,1,-0.264247622431097,0.326454629411572,0.806156185082093,0.106253094467797,0.782185849872216,0.0971108854987622,0.456332830774751,0.140514015359068,0.680493955674696,0.118217639516102,0.657213684041562,0.169031828494748
1.18823534332127,0.14930732053043,1.20462913761264,0.26090112961474,0.470517364991877,0.231848724762198,1,0.0332623069102856,0.283878231963553,0.765693372226944,0.0967954508604018,0.666776251151392,0.0968892747535218,0.692376973666812,0.141074955570401,0.690400077994324,0.127259163272549,0.601060249790417,0.151348870927855
0.662238430038756,0.162636288501137,1.61082863399665,0.328643306697471,0.390305771070162,0.202428960819085,1,-0.399698280140562,0.29332846221513,0.938719212052527,0.0945162227865707,0.680276301842106,0.114399411985993,0.507703930745234,0.140713695501546,0.712352339075875,0.177482777429496,0.978825232560329,0.166133747028811
0.776986902820402,0.134771684691586,0.820212458600714,0.188751509432502,0.238650870462715,0.224516666420489,1,-0.443586243281419,0.249628583911289,0.701080269977709,0.0835381637950036,0.571916513600815,0.124064346883737,0.5022526978174,0.156354319292295,0.465513594042952,0.166926072116586,0.537650476434909,0.184961022124718
0.952800848865158,0.131967473766485,1.03791852831972,0.213886887191818,0.272283875982645,0.190192409564941,1,0.0182526765900598,0.247110219816909,0.770497429632087,0.100611872302726,0.725675262911502,0.0999179171787414,0.815014623941329,0.106564239426915,0.594149962937193,0.210256113444205,0.644978934212614,0.238537937962019
0.915226627311261,0.135384939541367,0.885628394697107,0.18148112362881,0.130904835781842,0.197307387118409,1,0.155493979434319,0.298780003500894,0.651335673199217,0.108184766795543,0.698694105939544,0.101093862466033,0.795074224694234,0.111329291806581,0.737430011104515,0.133653757754729,0.759936510021349,0.186368121047292
0.996880607842816,0.136224871023826,1.04881280265147,0.240053981335404,0.412259050549092,0.259230628338459,1,0.535332446217082,0.273403961876638,0.714284472650749,0.0904728508469154,0.739079682107407,0.109932114259413,0.626933477053527,0.157135575679837,0.745645246516903,0.215422672047582,0.583136054057138,0.230377074905855
1.14296158111942,0.13926751071938,0.933314362508789,0.192784247381704,0.0479803260405129,0.179322626251141,1,0.921271976041586,0.286591181380987,0.594625411917264,0.109482562190959,0.65310113206429,0.117539737420193,0.877811105055421,0.101885427210204,0.722040880796749,0.153977234319843,0.691895879236134,0.191442625847163
1.16528668831234,0.157442802825263,1.30705801043002,0.273847495776432,0.189299547482114,0.174705405367389,1,0.199387445380594,0.260377351828265,0.701986894841403,0.09469006531626,0.694206815164993,0.112345194822176,0.802493023485581,0.139904573598071,0.821640929489586,0.137865076298459,0.69614226546747,0.184393664055655
1.15650605490996,0.155394437322759,1.3815052907536,0.298861300333022,0.269032535098442,0.248499486894377,1,-0.230838712885698,0.259258248792434,0.703632115328988,0.111940981466305,0.709398624202005,0.108367101706568,0.64111113034462,0.129770667395203,0.812736479475747,0.121106215863002,0.892803274883277,0.149880649057512
1.05562756764254,0.141016877483187,1.00947477366984,0.190711350355415,0.206166408366709,0.142653186638732,1,0.0866719155367593,0.269975645091795,0.728038890384063,0.0917025208553283,0.642333111850236,0.112574868338022,0.748086167589538,0.108809318258539,0.853012401942372,0.112132385537882,0.754888147058407,0.145171738362556
0.976680953412803,0.138446063874884,0.92722739325758,0.207608901008525,0.231229881275058,0.20043248185664,1,-0.182761172683977,0.312314781354462,0.753273236459672,0.0990082276097508,0.734555074171157,0.102252990009478,0.786576746453519,0.111729288087422,0.849265301411729,0.135610751631754,0.877588807809608,0.21332726147905
0.923162533340659,0.143592910313242,1.23409965084599,0.263762169282669,0.414846077550386,0.23736551663808,1,-0.467467199939182,0.243022565950637,0.904996608033708,0.0925963045617604,0.665618209449188,0.101464572926414,0.571722531856246,0.137774074548622,0.7311877106787,0.13822788928324,0.799086776446938,0.138284608360218
1.14590935532438,0.128861345125184,0.732597346550135,0.1457550421868,0.371654572504542,0.215499675706401,1,-0.215056183722733,0.335604906997639,0.83871408877501,0.0971712366858793,0.644760816814322,0.104397541915711,0.628133838807501,0.114857065897946,0.581389074552511,0.130410981277595,0.598090254926867,0.145983371601755
1.01530692886817,0.119897569967744,0.79800115682968,0.156445077404639,0.0533102300687426,0.188550281368803,1,0.0337906500103113,0.254349793775456,0.582761981093894,0.111443168104145,0.682862029470278,0.113814712678195,0.752561332556823,0.101855956458319,0.65225926655393,0.127534571489794,0.539123492438732,0.175950530424536
0.800723269567203,0.126161762774853,0.935289480393986,0.214573490558529,0.664502394833967,0.137699753646588,1,-0.204308811069837,0.269531769259116,0.794080149632419,0.0931210012497823,0.533310667378963,0.104845995333404,0.493380802810578,0.12217286609082,0.565969635744903,0.145058289862634,0.651957476040205,0.178666052174124
0.832518667782223,0.136874405301423,0.99072835544539,0.229620043488648,0.520947912056483,0.207286515772404,1,-0.0461518129046311,0.268982455600542,0.759141585132773,0.0987052286567522,0.737770137175333,0.10668979480947,0.835276696177285,0.116791241572632,0.59143039140416,0.157350999774781,0.604864786663738,0.209304681770175
0.986094911301332,0.13128334045305,0.890794846039592,0.176366376934061,0.0683740101262397,0.182466839504681,1,-0.155963860766954,0.261145084596916,0.672725533217892,0.0988241510686979,0.870650091765823,0.0895034359851304,0.696917086424653,0.112069388514242,0.819079629543776,0.139357219545439,0.894637220229027,0.194898250688201
0.970894811783361,0.119165108446678,0.768375370644017,0.18169359563793,0.488617284328667,0.186389076258721,1,0.0687056697218125,0.248140936957785,0.636788831962788,0.0887357169069594,0.641446553081036,0.10370457388198,0.571318651182583,0.136839606469893,0.603620033167734,0.148929414308696,0.740731337603905,0.180711004695029
0.932798110937031,0.141092261433475,1.06807193894254,0.235073310053962,0.26946275284896,0.227091098739208,1,-0.0271540831139045,0.313673885758724,0.770107094762345,0.0965236503643385,0.700339045829828,0.110924269253814,0.874753149748144,0.108475884475103,0.760747326734136,0.143733474308383,0.390540084931571,0.191195071243207
0.961526493000586,0.145293221513171,1.27959508028376,0.27804022741912,0.279764607448918,0.201381717832958,1,-0.198865631576844,0.304321718480538,0.69620145044609,0.108203881417924,0.835282983122098,0.0872873731629162,0.662152185031314,0.128118565412857,0.759709536347226,0.148311807372007,0.811097878202217,0.195511430279171
1.17359099977872,0.152974042581099,1.1536408507156,0.240191251137719,0.294736262224543,0.215012863238763,1,0.265045020931496,0.298661774927007,0.588288076741648,0.0983446201567716,0.91470820973086,0.0978103729299984,0.817538288469292,0.120478802455179,0.828822874173969,0.160885175095939,0.787433969576737,0.166245466363965
0.980922395955347,0.122033258219632,0.795117143260838,0.169387097392543,0.141922638243526,0.202938101257894,1,0.209783801417716,0.256526232300477,0.675687996455801,0.0928501354787187,0.547834907608123,0.104316310021569,0.794576298426567,0.112548291662969,0.538289394175208,0.153290624517862,0.719058625908948,0.134373956539164
1.02037256038735,0.118152114959715,0.737164485477312,0.150546925237447,0.147613094553216,0.198400245003939,1,0.181152275034365,0.223735737916654,0.61604374153214,0.106632277859784,0.635711120102033,0.105371703826781,0.753994475187817,0.111446632298018,0.871417653042378,0.123424083786807,0.450335507563195,0.228019271454454
1.18848228923921,0.151930426306136,1.18696953991955,0.289201063647004,0.784158548110624,0.0965109707998308,1,-0.19427542306411,0.338769392950042,0.969313745836462,0.10236308757982,0.880092490838119,0.110642793783298,0.711572559546838,0.123568074232028,0.717819909099822,0.150045074472314,0.551412421171304,0.223860594076614
1.03381474505013,0.13223461157671,0.800837219014023,0.185212143992259,0.338736190999191,0.275293301110571,1,-0.0535617512591428,0.273845812536267,0.702828297874864,0.11207975836712,0.548591510436619,0.11836137639881,0.635334649773735,0.132430788489317,0.588753796889684,0.127922370303628,0.708891916290998,0.14901982763377
0.877014858792752,0.117897532292337,0.679231896180883,0.147852084379987,0.428072123536743,0.223033898829397,1,-0.089366813994219,0.294286797092112,0.811550423449701,0.080642258636165,0.447456876536439,0.120035017067861,0.385668050574332,0.136672211211575,0.685712600867562,0.125864522589472,0.806394358030465,0.129093020055149
0.916924876638928,0.138501053921564,0.966180422537239,0.212064709390416,0.358370692687177,0.2907023324036,1,-0.220277229369551,0.280583795168198,0.759239488326653,0.0968678437566978,0.79683419271332,0.106682605230173,0.714212676623158,0.136907837942129,0.607958399482169,0.151944560597823,0.722794060016269,0.162658476448021
0.879182393333101,0.134222329720838,0.92578545699913,0.213135242578668,0.338705766735941,0.243399851287699,1,0.273879640679589,0.305675998086179,0.536471616641139,0.111442094133259,0.662190721097065,0.11117827746004,0.528785275691413,0.149856779597306,0.737891208634791,0.150420399981855,0.707470785541246,0.149490288738884
0.966683668504408,0.128009794756979,0.844244920154227,0.211853610431766,0.753268726270567,0.111204196515966,1,0.0562203650739545,0.357093808918066,0.925878312107764,0.101181740379423,0.667945558505148,0.128384556046169,0.560952615948444,0.138144991252794,0.661615812714142,0.123900163374716,0.644690968900914,0.156065738554413
0.654618994757038,0.129933520539762,1.05115431195048,0.217633728336559,0.322085412182137,0.166311978717208,1,-0.300515504590125,0.256446712246402,0.796585353511023,0.0858935915212775,0.659153048046463,0.11762828574358,0.783498731826116,0.115181320280135,0.755730984788278,0.140558789790877,0.41909984469745,0.202261885288895
1.07560196661516,0.132899271692181,0.872794398032643,0.199684521112528,0.460981093106292,0.199865235932426,1,0.234365825157924,0.258879810192121,0.593672193906366,0.103825849490841,0.73043032615004,0.106324287908166,0.772829164931698,0.114204005272932,0.556998283336165,0.166089908906679,0.658400201932644,0.140268724360906
1.08907379429236,0.133768956675632,0.885910286675999,0.190842812590626,0.367419539235951,0.235470333654596,1,0.0711773778949688,0.279020432715184,0.694155698298529,0.107312804125622,0.632152124505145,0.0991539883525356,0.884206887797856,0.0920049503286701,0.470378627478989,0.150923958969952,0.773934376145778,0.149098694114868
0.928562616969719,0.149515294583425,1.33824281515705,0.291697575307677,0.196398966027008,0.21577448855608,1,-0.278434286373923,0.290316774332395,0.650511533025972,0.122155988427158,0.777136768083044,0.0998250682636083,0.735080825892285,0.11132396621917,0.901192687863725,0.135929011180072,0.710703666950736,0.202012108674582
1.15186188324084,0.148070759069602,1.09936823481846,0.246283062699619,0.396292112446526,0.302609945444115,1,-0.129464919207113,0.297121833706201,0.679380770436496,0.11336571586486,0.721992612154204,0.122887551782925,0.607347234699601,0.115533030070766,0.986438614408097,0.113427446144934,0.6764923071536,0.158387963917111
0.982359732806034,0.120980313759035,0.763871773698594,0.148899318069635,0.418803664616473,0.204598037075326,1,0.575597058006227,0.279630665734114,0.61544504205954,0.111490675223076,0.600513123939775,0.126348606424714,0.639298349089617,0.113860822879471,0.699769525182251,0.11935035253702,0.688432624764331,0.156863741099734
1.06958598040429,0.12728635430245,0.865649986911347,0.185015935762477,0.363007363471226,0.195732843917454,1,0.0972034169449193,0.218167582317067,0.686226634619097,0.115091070474489,0.679434616865341,0.10911541841589,0.99892468127091,0.105187302784298,0.74162482056319,0.131898115741704,0.751590483368908,0.215212591998094
1.25351297028855,0.149279979392706,1.19202473890449,0.257842483933031,0.359435645599308,0.184509254867721,1,0.0962100225132175,0.326623555101401,0.842036446130809,0.104845294217972,0.621581899957706,0.111876866446508,0.943163673140606,0.104977032626416,0.643745341298006,0.141928706760264,0.812685988109342,0.157127516250425
1.07228377359474,0.146993327312367,1.08140524122243,0.236085680033021,0.285873914481972,0.248832209711311,1,-0.423525831854545,0.312663861995842,0.748106778262767,0.107490945095668,0.891188579067489,0.0980116346473121,0.656781181695141,0.12951690723835,0.664552260894204,0.161476832150356,0.772018148654577,0.140626151473778
0.830585098172435,0.11646570915122,0.610531058607639,0.145380590168612,0.692017836659918,0.121521944124616,1,0.0742949107026776,0.276122685390649,0.712845378450623,0.0916614209534232,0.604530905993497,0.105740345737062,0.716209909984512,0.113447494499656,0.385975389028282,0.155782684621036,0.367746187493105,0.1982654768767
1.07200018879416,0.124661802189573,0.836039451893201,0.167952722493397,0.083318220565727,0.209870676507482,1,0.0134275618168337,0.280856643747263,0.75816427765438,0.100033047409427,0.71862341003247,0.106345119545592,0.700982529466657,0.0979671012688055,0.784520578733419,0.148177062338903,0.548225782834677,0.215725846709988
1.23290627477275,0.144080186863474,1.09272519681611,0.234231263843816,0.330043447634073,0.165733998121727,1,0.0797752772347895,0.276842179325901,0.763278170460315,0.114642580523609,0.551167353470793,0.11128128970079,0.943573965722993,0.0906904005734696,0.516139626004532,0.143387648272163,0.695799764885569,0.144809884750419
0.959758136457084,0.145205885518466,1.17399325814247,0.262511586448582,0.172790149874104,0.186198032601982,1,-0.551564811721533,0.281966796901823,0.808050304138428,0.0926272180527169,0.714030762700694,0.101020057817049,0.729985567375446,0.128528854750996,0.625722402607804,0.147205652244739,0.662640264042471,0.171262071272374
0.989170733737104,0.138617059596682,1.06145304880456,0.239863372257584,0.206760357533351,0.226774528825166,1,0.0544427270600492,0.277684492291798,0.629204371291894,0.117584716433592,0.604401202014273,0.0959887487518094,0.877818133177049,0.119828281437344,0.597288662009619,0.155007446943517,0.621828628193959,0.202533231949646
1.1546468962545,0.15330986764568,1.18989207572358,0.269627656498717,0.270869137727903,0.221946791345852,1,-0.174185308163382,0.252037204642358,0.751317965803188,0.110176242185176,0.697695717026353,0.0974029441765341,1.0275764121573,0.126881800316164,0.60497782782558,0.174439389475241,0.422574866664551,0.220185309911562
0.803458533416735,0.133803783680844,0.800245781308512,0.174201508015781,0.358459766709612,0.233544924659714,1,-0.467149343733124,0.323606916906804,0.746937309344168,0.092714611821135,0.434512175663031,0.122105122633996,0.725016248110843,0.123273031262808,0.421455826753051,0.13277424699977,0.655932757369287,0.145755099367868
1.00220889602532,0.156714938084676,1.23038712445742,0.290615226605426,0.691509166513332,0.145382732985712,1,-0.281511629133117,0.374111363263082,0.841246840305507,0.130365283033132,0.704648240369331,0.120989456792325,0.869806658947433,0.104407407288406,0.453666194583303,0.161543269256827,1.01141720397184,0.149791552050754
0.960846997860085,0.143595705834601,1.17560710441509,0.261203226335032,0.193019933987605,0.184951019118942,1,-0.243869389523252,0.288281582311384,0.969500813217263,0.085331518577059,0.619640044753929,0.116023266549435,0.610431168453226,0.134962775876492,0.701511727602437,0.162741718777271,0.206028263795864,0.275585617246942
0.951179234421179,0.136978392989914,0.95804560543288,0.192405907794977,0.234144083847987,0.204813138655506,1,-0.27923358715786,0.304944485122789,0.760465512827006,0.096746225564218,0.811579695532564,0.099611106095741,0.865510764032075,0.103402121579815,0.838683387620817,0.126874787138646,0.41111001329476,0.197186455916466
0.784446017116815,0.140289982639935,1.17684429192433,0.244069945241526,0.293377990108769,0.236730960310067,1,-0.669501013936498,0.264669911130334,0.668684904562439,0.114073422347687,0.695011585525816,0.100871059245087,0.543766261210635,0.121257603099204,0.566469608812918,0.119705067817316,0.616832506033545,0.155570394236243
1.10389100053428,0.150831431635672,1.22228523586656,0.277495828273319,0.539471158794846,0.213538444533371,1,-0.171603047079353,0.285402283839545,0.743471465902566,0.0965963686495013,0.80469352544886,0.0981332516407546,0.399257459864961,0.183703179264101,0.648542160954128,0.179984524274618,0.849863272446608,0.158879541838847
1.11780142406476,0.129303782711309,0.83248826806847,0.171506746675933,0.0512965467362001,0.182367229437897,1,-0.0739009916684375,0.301506124589963,0.524164431531112,0.155528334607784,0.904478211971017,0.0820965893123951,0.575599082469312,0.107986034345924,0.631702584993756,0.138832476596156,0.682166945902283,0.153637113491557
0.910924648307501,0.126391875741823,0.742117348804825,0.1609649986726,0.563678925764341,0.234794734355492,1,-0.0157714799052178,0.295536578901657,0.413435042398367,0.119038842810895,0.819120943706582,0.0913947126366029,0.70342878987775,0.0999443322038932,0.704801978166589,0.130384809342481,0.589111712842283,0.165259854838943
0.920597484403829,0.139644688181481,1.04954344073962,0.223985204743522,0.207947722238784,0.211718708679413,1,-0.292305463763566,0.263059018562958,0.7024594091879,0.101814259343777,0.754024857694784,0.090870794308664,0.518987881086721,0.132086046829386,0.656498616633694,0.17991930728895,0.607140207635786,0.180187238777888
1.15202926719879,0.141915751734717,1.02258481755877,0.21960581724765,0.173720625495948,0.248052547389901,1,-0.227136344908858,0.286893903012008,0.963518302007257,0.0988530812766846,0.478151815359812,0.128964228422174,0.756302118311707,0.106051392871378,0.898431503885343,0.128789424641532,0.838846388491525,0.147124053797348
1.28751541267807,0.153238542349994,1.00575872089429,0.221734626811239,0.286611600841982,0.222718356632028,1,0.418587008408822,0.280439576949624,0.602227662600237,0.111761739657374,0.667640088823582,0.101881594777079,0.74227889411256,0.140190477256056,0.776270714645096,0.129462311595826,0.669426529015096,0.134275713618701
0.782577674862228,0.130761209057537,0.854168856839796,0.172165959088346,0.288558751822649,0.221535859519548,1,-0.436229236867721,0.233303637893102,0.668626846760114,0.0912180418453249,0.621288778168568,0.105769808043115,0.459253195113584,0.107104538379181,0.887505307854657,0.140446669819338,0.599445896913959,0.184289679441014
1.0962589045724,0.133189761195341,1.00752021844374,0.211395134927148,0.183281533025794,0.181427161930948,1,-0.0408004246436208,0.274095184382132,0.760985249085256,0.111948670824616,0.806138367311856,0.097283924763169,0.571043221440778,0.12122960064559,0.861542492984293,0.140369511808843,0.819719137258699,0.173944609022213
0.962197571667909,0.139947667928547,1.04073594570314,0.235210266364532,0.19323664227243,0.242181725538121,1,-0.133274884911426,0.263685147365544,0.761021578016504,0.0868026502763816,0.673716453996354,0.0995775483109051,0.754982340042467,0.16049012534686,0.546105281464062,0.178471345194623,0.777253306167527,0.161559618800431
1.29701784306007,0.14646792079116,1.18482609772444,0.259168158696154,0.518952898830799,0.23528855743215,1,0.126010862099095,0.287920108960262,0.918666993608391,0.0871309457642262,0.650313942523985,0.117673129216337,0.911712257037693,0.127735541468588,0.832853697150702,0.144537832858182,1.05406507732864,0.161543787117716
1.15425988542571,0.120779401521042,0.831563533985081,0.165341297661079,0.1329643303892,0.204675318275529,1,-0.158291465200564,0.251033681506562,0.812275192015801,0.085606957825347,0.702321161563629,0.10417474063751,0.753579211557992,0.121034672677453,0.875964099823834,0.135128313267789,0.735253032533186,0.1425319973912
1.28701603960801,0.16495504058835,1.52796261173801,0.384477594242867,0.673683021101407,0.206753171030655,1,0.65669871826223,0.31530902341048,0.643974912914267,0.144014575148771,0.667349343684266,0.124759247205447,0.90213692993226,0.0955184336465001,0.857370386379372,0.14770052928637,0.800459733320065,0.188632152070927
0.692849681833855,0.135128044961023,1.01941891998278,0.209771274609186,0.14251569756912,0.179331235898272,1,-0.397592178932177,0.273267320579331,0.651254941675913,0.106432819163065,0.584223294972631,0.115194461947259,0.651735591293305,0.114173709763105,0.881860092042368,0.123251847614796,0.636261861527303,0.177192991452898
1.0441044889756,0.155380353075874,1.32396876622182,0.28342172170873,0.284306601791131,0.247362432743138,1,0.409434257050598,0.277605799616655,0.644263878525231,0.109571519688325,0.599484350083841,0.103891308710611,0.810565156654593,0.116165530257102,0.722583529547173,0.163195026693566,1.08368905946605,0.142193809456701
0.948479364964815,0.129089837572012,0.924137728478873,0.193776034866978,0.343597915752456,0.195207684723495,1,-0.362769852679265,0.271732100373953,0.900335934161805,0.0955581018558691,0.573480439645873,0.113608027549653,0.541779674866117,0.131319748725036,0.747544416580623,0.110231088074498,0.754915000334207,0.141397522993363
0.799097573972422,0.128852994123218,0.973774406068335,0.215532638527452,0.259833065464574,0.231549948878918,1,-0.153900598407859,0.268320880837132,0.590372411576708,0.0947291419439675,0.626446864193926,0.08955148748727,0.745521654944888,0.112213227299745,0.41974106852238,0.183025153950842,0.390370562487156,0.215378016803839
1.0117567030408,0.156546062374586,1.45574215280528,0.30349556752492,-0.0793191432457717,0.140898280987283,1,0.1231579009155,0.260955300552254,0.666338541445038,0.107945762774934,0.624565973926908,0.115546687465809,0.825336314711793,0.127861478423931,0.825308882691913,0.145639117931133,0.702617336831358,0.152949996647765
1.08949712431274,0.156028289323321,1.35769709523597,0.317640795687289,0.263597009912566,0.225689251744936,1,0.0432483476931321,0.239286875832923,0.73134762693631,0.111528570550686,0.819310216941524,0.111448527296635,0.762484462046686,0.135278186643676,0.821113566013811,0.143715294175636,0.40524210865055,0.207461665167415
0.985262688043581,0.137092441392036,0.830052786072099,0.17507538618409,0.422594149553849,0.246195681547269,1,0.013974748179762,0.35484344116135,0.716375882277699,0.0983275876872649,0.520710780386526,0.108086785687532,0.769667328851485,0.130482599158382,0.730942481990832,0.120605293648695,0.73508909794859,0.149778527300992
0.984867864102418,0.136588199762196,1.01863722715952,0.215428502503071,0.210982908450017,0.234660416275026,1,-0.367567283426623,0.284505242775409,0.593566801571505,0.106590823423699,0.721388154909084,0.102558946232817,0.738870516994126,0.109034604137725,0.801467448189102,0.132057789970744,0.742867803012618,0.174558126871445
0.810295229376601,0.121848714849443,0.868892253205777,0.177996620484345,0.48515198501914,0.205947229625382,1,-0.457940114781815,0.273399895796933,0.728945196706976,0.0932910471045236,0.719415027827971,0.0938340731697745,0.773398292580356,0.103568518505467,0.738221585863,0.137639157582941,0.487652284493386,0.19234280120146
1.24394617134799,0.127300152457598,0.682908919354864,0.158336469538696,0.705563445016238,0.1251374863396,1,0.721281631194632,0.298486948030452,0.538940277528672,0.109122298266077,0.731545102164771,0.112825398420791,0.731812827556986,0.122311271470722,0.715096824813267,0.119072063111131,0.867496414493319,0.126035680702902
1.27905996449305,0.15235987835125,1.1647536386498,0.263371758952948,0.33590081583794,0.216556357263472,1,0.131610019219847,0.299228814024748,0.768668227955724,0.103781525171742,0.80544570686055,0.105397511051255,0.758378001726074,0.127569152074594,0.595051492134157,0.178756107525458,0.459542786662165,0.218649870607706
1.0541945705812,0.130564115804109,0.976605856931826,0.192103736229226,0.440810060005641,0.152453582206027,1,-0.278752072908613,0.265818737691942,0.903102323295254,0.0977526546635131,0.715182895388411,0.0907253728461144,0.702854763209269,0.102363853546124,0.526984056579793,0.15716551957237,0.800344055053077,0.135585885129057
1.19888924318068,0.143913880166496,1.05103292977915,0.218804633738307,0.0188151879629797,0.143118729564256,1,0.310207287817985,0.29084028958189,0.723087087333407,0.1080434574914,0.776788902422895,0.11463291992218,0.612715812742899,0.123143783538229,0.849201463133134,0.109647355800012,0.585472946200625,0.162674040207878
0.902652122692593,0.130283768925196,0.893260582059043,0.164782267502724,0.549034908585787,0.126692413915753,1,-0.19111128729581,0.261115538462757,0.715551042920323,0.0896943187774585,0.663414655124565,0.0997487177464637,0.518162239198632,0.130179301251423,0.730560036765324,0.134271454898749,0.736222532869186,0.141822699259256
1.13615477164115,0.137190586347641,1.00838144079608,0.212791887133385,0.153847737131439,0.192714638899767,1,0.232116691107536,0.274924529016592,0.607725336193711,0.11652968197748,0.684043325590958,0.100868127986493,0.986497136797809,0.102704822248193,0.933145622521702,0.125933102234088,0.646888200189489,0.190583023482871
0.89638054601755,0.135600368248059,1.06780859630324,0.233128871468988,0.172480031884475,0.178962708095794,1,-0.528062056826566,0.292187634626127,0.782903233707034,0.0909011032312858,0.672872589373172,0.10972151440129,0.576719438938985,0.135428594450132,0.80710225112637,0.133368064136485,0.777715077739629,0.152326888510238
1.10489109168885,0.137413035290365,0.750327966080561,0.155887815003682,0.28767451360311,0.194781403517491,1,-0.299300963045249,0.290323135769387,0.818034324977125,0.100092988900612,0.76058063733947,0.0958050742627339,0.614694163873289,0.114008615409991,0.585908805601004,0.135873494785666,0.582930507925673,0.180921437240303
0.870818357869402,0.130567244013104,0.892742744306332,0.211868096922218,0.765737489272769,0.0995929261400183,1,0.211851581404971,0.326349651413557,0.714576786076298,0.0989105515076619,0.752572622256801,0.0967107714121311,0.748391194193977,0.117799036461272,0.464503962805417,0.164661078730813,0.602367897598271,0.167193265969078
1.14578151672704,0.175711700036474,1.42366928915162,0.303956414808317,-0.143487058241401,0.175246070934779,1,-0.129786167958505,0.288377347299416,0.794470073821359,0.100339391761247,0.77304538941615,0.12442921404187,0.966063225178263,0.113942610215738,0.716895003502801,0.152819349547986,0.521043360394106,0.198046951781896
1.13612204708714,0.147837721976121,1.17748334398248,0.235368605100739,-0.0510941480706256,0.190189476020556,1,-0.565015132253797,0.269332929356123,0.850928534322922,0.100006066708031,0.769803717178289,0.106525992647676,0.666503519427503,0.122572778476095,0.89881035712595,0.125276670568992,0.551586058183028,0.180652594926835
1.20007343123063,0.133914664453671,0.891968659362866,0.193450290530303,0.335301433007362,0.193849909959649,1,-0.290052526143542,0.254031694423971,0.726277402223582,0.10070358204586,0.690472379248436,0.0865975276289977,0.739872203377099,0.104707747589469,0.647921879536542,0.122973633017071,0.6122929838221,0.157100372872235
1.04098488631294,0.139821809194682,0.856889712871066,0.19415215376994,0.464418606117469,0.242900207232466,1,0.133220654877961,0.351235089902716,0.691342454807532,0.123067701667561,0.541994186137054,0.112859529186003,0.655953492211938,0.120024585019326,0.48100998446173,0.137301653217728,0.774145210696733,0.156315703287218
1.06693049788536,0.156451630528187,1.25759460294566,0.2785686171877,0.206050176365813,0.246184450090351,1,0.049717728027394,0.317382333139517,0.765830620368325,0.0975984093574375,0.74134458961974,0.10723348894177,0.854311116434493,0.114810803663678,0.832365234649757,0.188264444752716,0.763260079448756,0.198121015117359
0.958350004566417,0.145538223006008,1.15176717564447,0.230638744377835,0.332939469821099,0.221610982023108,1,-0.19588098824567,0.271492208686058,0.651051744563359,0.108309311912066,0.571607069733166,0.109666263998023,0.774341435499761,0.0994006116232371,0.557849042398179,0.170393234857658,0.8080907809871,0.145549005585017
0.797425145078547,0.128264286172272,0.83114990345384,0.160575327183207,0.22563243920594,0.185514698661307,1,0.109618836547677,0.299623240504036,0.60962501475255,0.106079667939543,0.603308686782952,0.11502448613858,0.601796229728651,0.103376031751078,0.924965480846799,0.0994020350391157,0.613274504677394,0.176728677636964
1.14651464975321,0.138146615754362,0.931549526880682,0.216715373542152,0.379606530609057,0.260604053678358,1,0.247526031369335,0.285200769459907,0.659318278362965,0.11095758306377,0.656142351141586,0.0987900300734042,0.712592517575304,0.132863959126495,0.802015232460189,0.134248505823546,0.751095318873821,0.154109946566075
1.02412154758029,0.126600946801319,0.94681781623708,0.208151683916168,0.295837489647294,0.17429158185854,1,0.0250672995286741,0.246220355874546,0.666832208814339,0.0890478364416777,0.821188153250231,0.102542861536155,0.473416039203485,0.157039964479177,0.889200159584255,0.142723875084276,0.479341243231332,0.218557299553389
0.825316630837117,0.148524157048998,1.12342879063448,0.255099157639417,0.517514984244739,0.238524399601468,1,-0.282634572359899,0.318832442130159,0.848859968115033,0.0955343709292551,0.646725591958894,0.12174066451177,0.696478831396876,0.109887353935468,0.773950596177816,0.10928458347122,0.695401519482241,0.170043034107695
1.04504160320842,0.128501838166222,0.808300739764455,0.193946168072741,0.259010495033298,0.210789162333122,1,0.697070328979399,0.279774014314769,0.60771694501227,0.108504737852368,0.541471680737408,0.126680915202425,0.7598875346987,0.118712913448552,0.416293632390051,0.163064261170812,0.916953835559157,0.160262939135872
1.17838448952162,0.152441385646765,1.390187999964,0.280576755788076,0.242291757981262,0.234005670180854,1,-0.0190915332187276,0.312965293140519,0.707669489530407,0.120625554651699,0.798809086521964,0.105722304269777,0.839991445981201,0.112715772697599,0.660446350910149,0.147182989971338,0.729802438125229,0.190746469891666
1.22307512552414,0.141886611270267,0.931303935047402,0.196867956126055,0.238975613468271,0.222516049874655,1,0.19449051150585,0.263029273519961,0.550670821652573,0.113620063650006,0.812925362137053,0.0903358041766155,0.856629787396539,0.101209056816986,0.584359619382247,0.145334087926036,0.719799381298421,0.181008102667092
0.951307133987195,0.133269983815596,1.00927168131402,0.201390491679945,-0.0763010828236051,0.13702114927242,1,-0.266795949882884,0.294096433279213,0.796344543489326,0.0873909983419914,0.828222413309664,0.101458706270107,0.634563143202442,0.136000222587694,0.724669618422259,0.139231842349981,0.526265021711274,0.184839688990567
0.916952539968154,0.135103830418908,0.882953503661306,0.177228457714245,0.203014096536446,0.205814916954177,1,-0.0330459628446932,0.294381938776514,0.547058085893793,0.120096447436039,0.656589087202527,0.101389857221264,0.821730398269697,0.0917942716468841,0.50713246505062,0.154037226509001,0.545489113902993,0.186192751491124
0.909500420846249,0.136361101971891,0.954052766640847,0.199507653830354,0.128711788763596,0.147025126158186,1,0.0683322781380643,0.361074840800486,0.583220290692986,0.115507854447577,0.761797734147412,0.0965150925828942,0.535884155946329,0.128719569719428,0.749253236525056,0.122350350922995,0.715185551880978,0.138679513818669
1.40176205660102,0.140219667766042,1.00779450154809,0.206883700903434,0.260070253110427,0.227476623080986,1,0.477297085574561,0.275174612766928,0.632164547955257,0.125440721092695,0.74267080175895,0.0974507570348258,0.658699125715871,0.115561155010717,0.747994877683087,0.136781869213332,0.639095579377659,0.161392107051011
1.08814356324267,0.142663965825676,0.862517124001014,0.184106589236222,0.464917980560291,0.217204276501862,1,-0.0188247997708652,0.302472442268313,0.619553548067246,0.116551424319545,0.9145536148418,0.104754646231049,0.634905480198139,0.113336792333589,0.747205893672697,0.126536148257942,0.697383047127931,0.122443771460615
1.24769641593846,0.142690784402186,0.9144892601036,0.202618477285991,0.656250551858732,0.160113687358474,1,0.52850598297522,0.293221455277644,0.820428266086247,0.0943731120317597,0.866264978870488,0.113412300406671,0.559755933612999,0.113627168407638,0.80239572933299,0.134960931502328,0.607667065972573,0.186323159849805
1.03192867109669,0.159875714846741,1.53597426377661,0.332641536473923,0.488638729350684,0.229032436494336,1,-0.394250261833864,0.312821813309004,0.887886376065072,0.0977969209801635,0.949636031826642,0.0991081659509272,0.692733476288028,0.136567012487415,0.502380356730557,0.151800716747588,0.73238448851106,0.165147455089942
1.07448671837713,0.13716226465698,1.05163516068666,0.226865691272118,0.467402032093904,0.211910903866032,1,0.126535883506731,0.264599064804112,0.760764664248757,0.0962680193030129,0.795691480927426,0.100264155320249,0.756695050805983,0.120433343775295,0.672046536377115,0.140776132002437,0.650665813315528,0.181405495462004
0.893733349092311,0.133174967565272,0.792851326102499,0.169976725947638,0.60273556024815,0.194453749297729,1,-0.230284562301326,0.332722894483237,0.752650378861795,0.100411378568633,0.745645716372475,0.0953264420045973,0.677278687040419,0.130559555049821,0.523890771991828,0.141149775591684,0.512504372177834,0.172681627244899
1.00681425571923,0.133308960655441,0.853292378599984,0.187393252868952,0.0671453959216197,0.165304947377118,1,-0.156421655288242,0.296599514366516,0.756896740764038,0.0994976662352441,0.632521125481212,0.11051955371653,0.802277439309048,0.117021107721269,0.608459108819176,0.15301087772585,0.49788661892195,0.191381102477283
1.07022818077622,0.133595266071278,0.886676704841512,0.184903637464443,0.233672490700404,0.210372482876901,1,0.3671564933022,0.235128497893664,0.694078937604653,0.0926821763612612,0.576779815746408,0.107274808596465,0.704852160763144,0.104922016685005,0.618354264216988,0.134134265141743,0.884377163797198,0.15187910507632
0.998861286240676,0.140168533837363,1.04160249874123,0.248282459349267,0.204347653036762,0.21249996671907,1,0.326049810067719,0.266667830456323,0.657035348849383,0.0966290301274329,0.71273862550573,0.114559610018515,0.767875979744624,0.137866360547917,0.764055554906572,0.154439459571227,0.555159536359445,0.142730958158604
0.878163768781113,0.14583984424001,1.26508187279326,0.29400297539908,0.538131698046097,0.191341705864943,1,-0.562772229744319,0.303518091414044,0.796623862509714,0.0953977218136155,0.603006136867423,0.116536756103159,0.788017643356042,0.149129823322086,0.883161316586696,0.14737330261655,0.779121371413054,0.145264597231474
0.999031316248035,0.12903954502287,0.923895938647249,0.21207177662441,0.557700211648886,0.22572503909457,1,-0.141250836688911,0.278366386073691,0.720063664210165,0.112807378326186,0.69364573155474,0.108653833486889,0.641820681329405,0.111964202613534,0.317413041001362,0.147829469206629,0.655690528929418,0.159260358679123
0.863326217638855,0.125081310481079,0.777045106442065,0.168758603508648,0.171162410043223,0.173569531748511,1,0.0158142646494964,0.261123022058696,0.737232648866215,0.0931789463615945,0.732075314087657,0.0968923319011176,0.664072758190266,0.120170026796024,0.734498328071325,0.142807546205171,0.944567707073302,0.164988204321584
1.04110538442557,0.146235712166073,1.25734855904537,0.285611933883872,0.28272167487407,0.260791562784858,1,-0.0811902026422367,0.281677428109115,0.691283645467037,0.10477456468221,0.750288286229984,0.116935006722562,0.778450019960493,0.121657646071566,0.776541436820642,0.167037296176448,0.907435418421566,0.160371872506801
1.09423343483119,0.151618239162637,1.07451557276401,0.241246704666407,-0.0210647357377047,0.194562816836148,1,0.25505630712022,0.328736122638342,0.764537750876876,0.099376917019667,0.707709149468075,0.112153460244144,0.846358129017968,0.129187999766539,0.638883296894785,0.153459910433458,0.962875620639772,0.16702423967298
1.22539973526478,0.16752269059544,1.41909124214557,0.317840195104257,-0.179345648530965,0.181894194433093,1,0.347901670855429,0.264000550648711,0.81518712635076,0.108871377212413,0.803174218612065,0.116940647691406,0.849348364992257,0.127762678650497,0.887551628193114,0.133013982861995,0.745641581950784,0.218929955931023
0.882673950104381,0.138220155502415,1.05106416857563,0.244086578621984,0.805202860436717,0.0807769835012744,1,-0.0342252334999985,0.364321249070021,0.738390620258375,0.116896015244024,0.739172743768199,0.108454226532425,0.819516762934555,0.113211252761683,0.565627667479891,0.157450942691761,0.608896191199518,0.185604171924783
1.19098737294492,0.133556355337427,0.637996185722756,0.129856706970207,0.391676881023208,0.25904002368419,1,0.0713561514336077,0.343309867162822,0.731389355267635,0.104768486125198,0.794083809589522,0.107140106779106,0.729133737693715,0.101924531923584,0.606383097960458,0.139783882502717,0.747491937768539,0.150188285651087
0.944927374869557,0.148298462874853,1.18875383608611,0.247807427370798,0.213253057780427,0.185261178524319,1,0.197075402846865,0.288539880738413,0.663752541275723,0.100812581745743,0.681176954414405,0.0974380461605841,0.838940868107478,0.111182825239543,0.673728060536237,0.165993188100796,0.362475646829496,0.203031702305905
1.20799222588825,0.165366949891487,1.39484244340257,0.308085708000674,0.178869204568387,0.208149985423912,1,-0.0649677856257051,0.280085913622414,0.843896548948993,0.113326168511443,0.708133955137831,0.110627909696718,0.954403955814754,0.0999575106769914,0.538937514961463,0.140775408040772,0.403801416762786,0.225961974268333
1.14008130516315,0.164888568661604,1.2230064789357,0.265220191372242,0.108933842765966,0.166345078417876,1,0.104120931108041,0.317179152544728,0.632234061937951,0.11377984398322,0.585270939107016,0.110053391219641,0.928737840496,0.0993034811251276,0.805148454110733,0.15515255740227,0.470338995869356,0.189590647377317
0.878896591159574,0.135125807745023,0.846719770830816,0.181810391501689,0.401124079022335,0.274201035866422,1,0.0823611666968078,0.315271058825539,0.550454308754257,0.108571891986196,0.77746668274507,0.088904216531451,0.500376876793335,0.127579997866557,0.643300612258144,0.167279108641977,0.584892170365861,0.198905541571086
0.930999169184553,0.120774384553212,0.696549747404563,0.171655397009416,0.710251405146154,0.146754149289582,1,0.185695690825637,0.299366903038383,0.625506019643337,0.11589683473859,0.597519028002586,0.0981989322600755,0.570288983850168,0.117703412890878,0.77061256211301,0.123455549362842,0.29983743712016,0.226687056156563
1.09146257201293,0.144206094162753,1.28628282176227,0.284143007650035,0.247520606119971,0.229157293659035,1,0.151113313155776,0.267534810149858,0.562907089751258,0.134306848558907,0.892456563203426,0.104056668680306,0.580139260885605,0.110836335383121,0.975311633791359,0.128087164580092,0.235901718883594,0.218368099760492
0.746942415397631,0.155486808970517,1.24277151317285,0.281468543534083,0.604133278532942,0.224973037175466,1,-0.0795399446501886,0.342964218865427,0.683497094020225,0.109759796846171,0.904855390707004,0.107435500986543,0.710139995153563,0.119986179017043,0.7341018747124,0.153337092587831,0.735293165159971,0.175696328431751
1.07191418278329,0.138850609661839,1.02934808054002,0.227236806669819,0.240992377658378,0.186707677916594,1,0.142751697851258,0.252114808677452,0.808885063864924,0.0939049132933694,0.600353461338183,0.122981760091413,0.773213065679346,0.13074246170484,0.638344061383743,0.151326893879223,0.59954022062973,0.212047190839117
0.879604270358516,0.128708563649431,0.772209041613034,0.181228709740336,0.708634794823832,0.130093665758385,1,0.516195963823319,0.30007628835681,0.739696326832498,0.0906300650236141,0.453641357259716,0.108165266706339,0.704776960389632,0.130476894442715,0.631294116153727,0.189609834400651,0.399475806378001,0.211327648222939
0.886349581005676,0.139998603380089,0.995866157155755,0.232992486690038,0.155006724456185,0.230417445699912,1,-0.158331200865696,0.2722740343681,0.777353161285603,0.0977996980548517,0.72927137269839,0.0940524319504122,0.595429346307536,0.149404132688126,0.626614002749018,0.147968550658637,0.726040061099505,0.181531286660948
0.959583305538411,0.139712164531671,0.955436210560442,0.194639045625616,0.314723527353581,0.23494362754475,1,0.135049386976923,0.310155665622813,0.609639723856885,0.102978756066604,0.662257767521589,0.10661220724213,0.559919348939617,0.124891294606118,0.766186391705139,0.144195144938045,0.579596432995002,0.145506322123352
1.12655781388877,0.131936438603888,0.901176396585644,0.203772900241366,0.238155007929122,0.193742047552196,1,0.248973158103481,0.312094147998746,0.647559259057804,0.110846885708661,0.652640407177251,0.11440216223782,0.459036951140244,0.143227079261718,0.677505447830201,0.123003262499055,0.549970091845014,0.137421930635163
1.07621886539783,0.132987883636089,0.932053000589011,0.188254166377693,0.367366722812146,0.215308613267717,1,0.0850436396118995,0.255513953078033,0.654745000508486,0.113836223527753,0.638540325921596,0.103943562262226,0.591451202130034,0.103247067448356,0.708824453582538,0.132866388616935,0.724100334923804,0.145026861159503
0.922821924729805,0.127917788638884,0.851197211857286,0.186547500690679,0.546204511181347,0.188002844674898,1,0.127095595409748,0.285691339469406,0.725899191751129,0.0888351244522305,0.78751259318112,0.0943516787379611,0.545839145210338,0.12328367696484,0.740139851074389,0.117399606289771,0.592434851228338,0.178335265879089
0.877773612800668,0.154483299533149,1.27176636099496,0.267542959493757,0.183905741334827,0.191114597608594,1,-0.182357456925493,0.296210399439965,0.732178566994927,0.0964096744489475,0.675641939702376,0.0913206208274117,0.758355729715957,0.128545436421114,0.701210684844656,0.161252239838863,0.876432321015613,0.169582507163817
1.0591019651734,0.128651186298361,0.823295802780992,0.149826191301748,0.38009766687447,0.171936312947572,1,-0.1956278050643,0.23870222320306,0.704088009832754,0.113068682951187,0.685393679930843,0.0946220175111601,0.772479767758706,0.10210723436145,0.671144219577322,0.12261442263844,0.752470832595866,0.150497875742134
0.973791214834283,0.125914652871787,0.879569725837068,0.193971772497101,0.650006463410747,0.145041775863655,1,0.437699912130595,0.294212026396274,0.739465625511746,0.105920474051133,0.671401823454844,0.106575721433889,0.523860152478878,0.119296594618912,0.831766464909034,0.118383656578955,0.648785173789335,0.159446450733674
1.04673605876742,0.149419300055896,1.19908700485962,0.275533003968855,0.32271036190217,0.285918168238745,1,-0.0510716116367804,0.258925050912544,0.737712583185265,0.0987169595386986,0.679068828891157,0.101374470949966,0.735891071469214,0.131615313618893,0.732816898053454,0.17629067350359,0.700126979332119,0.211514141216187
0.919697570113154,0.138318289362077,0.866586976489556,0.179533652808808,0.49005329146651,0.232404197388596,1,0.107802966966838,0.294359918572962,0.719788581105592,0.105460173449785,0.553256952526662,0.11565478894079,0.805459325714591,0.0933294758465435,0.653046811659489,0.141255111286531,0.785425694516565,0.158766423608836
1.09564655191548,0.138454895599515,0.979705442518025,0.204716271961478,0.307291835667216,0.191916645984948,1,0.983744521627905,0.258115733459669,0.63547988150913,0.104700260450786,0.802642108281013,0.111935140340744,0.659293395074714,0.115230481401866,0.645217474753889,0.148449539614241,0.812155688033513,0.150656690609814
1.26536501261179,0.146189670744503,1.15228208492936,0.258716771400048,0.345305933157522,0.200774342234716,1,0.249618395122555,0.238233888779996,0.759389908855425,0.0987275443114982,0.841065667554511,0.105799776945814,0.614731643403129,0.110870514601613,0.616352613147374,0.159122800388737,0.76081166033608,0.155797867752637
1.05044781639837,0.117170317593994,0.644853771157004,0.133468484661297,0.278241688022503,0.195977335565234,1,-0.0646944547649425,0.272838052399074,0.678577031181979,0.111123787183919,0.686983893325447,0.0941518610848041,0.808461178336647,0.101252559593386,0.686132036783637,0.130239716999197,0.418018996065722,0.202366206368203
1.11899059258348,0.168654915256624,1.5878977635403,0.364394499968775,0.0495709482365283,0.194884375400992,1,-0.0172605985861825,0.266831636637048,0.756436148213671,0.106441480252968,0.67161661735418,0.136710315110226,0.55236162598457,0.144864910919185,0.974117070911991,0.112265373070907,0.767239418635589,0.168676312716299
1.16913271642036,0.150888177303875,1.1819960440156,0.245930041790673,0.051013159749564,0.17110775216457,1,-0.201074292435345,0.387515291941995,0.799557408373442,0.130016532290004,0.798343117994731,0.101389843157206,0.697489390131311,0.115326453286471,0.990346363093582,0.130803473707674,0.681414744976888,0.188260504914272
1.08365912849645,0.133611693564094,0.763507303530452,0.159897134707009,0.325120833111746,0.224572006430197,1,0.217392734464718,0.344946524636218,0.636405895714859,0.103839084688813,0.68327577834227,0.0962977411590455,0.761953907650137,0.0945432436751273,0.619145658949644,0.163329367668782,0.709092527216801,0.173024322017283
1.19215545437145,0.138497178189849,1.02827927506547,0.209111553569306,-0.00060306925230902,0.16034659381107,1,0.319082104000375,0.244579430669614,0.692431041764789,0.10340195263759,0.589524318470014,0.115759424011659,0.588449613915698,0.123674327014105,0.869663657349076,0.144007285404255,0.775313668430037,0.15094114559155
1.02798246280181,0.133960647515874,0.961465134921844,0.203528506404656,0.476721078621086,0.219681723808516,1,0.0678938936767133,0.273027048423009,0.738807409180212,0.0904310913771137,0.629647609608639,0.106439821070156,0.654698023601311,0.11018681648423,0.672584698525877,0.14559484491566,0.513788389176187,0.190761064822743
1.23276038603977,0.132234520722034,0.939142399987322,0.198510478733227,0.0626154932568533,0.188313235057643,1,0.178330464102725,0.24707436161127,0.781362781248637,0.104763520995722,0.678540419780859,0.113266702790604,0.46920903269787,0.147822944817203,0.741941253221177,0.131105897920404,0.655088484032757,0.141761604563087
0.979242296890626,0.120228926094918,0.72602984486733,0.140477361142041,0.17990215737776,0.148510933295606,1,-0.00257082415532646,0.246000594718736,0.68572645967028,0.0919293681163106,0.668810138737723,0.0889430774615187,0.583058152229255,0.127661150882557,0.712520590554022,0.123861798608711,0.736649822169821,0.178700644555621
0.840861186959445,0.129402803680906,0.746894546936999,0.151543996618764,0.366999388473752,0.222059422617336,1,-0.361640695281504,0.299934904898963,0.674775497787448,0.113641864655783,0.667807591739842,0.10056101211089,0.55041855140537,0.129105500591732,0.785103413000984,0.123742139695582,0.731929653450271,0.163803244421659
0.792200321447675,0.113770821876736,0.771333631834006,0.159073751804487,0.302853364026458,0.194556265947827,1,-0.224243019332137,0.23830972776947,0.785999610450104,0.0931688429965844,0.627971830440548,0.0898092540807485,0.866087499724937,0.118146311382612,0.629000037440961,0.183399658868525,0.726297520744378,0.234167804385888
1.08057002122177,0.128966911604205,0.932024813297477,0.189054615278603,0.208413636649558,0.184979624686278,1,0.0235308575094745,0.277315555727714,0.712224983054688,0.100106850462459,0.716720972979326,0.107803577790338,0.659687406823159,0.141184784859796,0.91503398763321,0.137426451429855,0.657816584357751,0.17331631895365
1.13408740499967,0.14210665360609,1.00591443687694,0.222718663110295,0.177502827053367,0.177419431516057,1,0.102577215637203,0.313663143979168,0.697410591899471,0.107242761535175,0.793277189710191,0.123029117996635,0.768626411270306,0.116308018076913,0.588087151196976,0.141373255106627,0.572714241571247,0.186405645430603
0.952200002275042,0.129407713197159,0.921552681314592,0.208811644199045,0.570280251811358,0.21154660207397,1,0.199956275530366,0.258888805673307,0.671384318485962,0.104692168782224,0.713878144161058,0.117404206328346,0.629630261053622,0.131391902830462,0.628599904646175,0.135654689799015,0.694322492705777,0.140920262605406
1.13255540344922,0.134788343656377,0.901204467639786,0.194492134301827,0.259357989816755,0.17318139740362,1,0.230927091701728,0.2793947842126,0.521452878004356,0.126031502534766,0.762810381437582,0.116323391053102,0.785224338103637,0.108982038103542,0.726704156564662,0.118027706644822,0.597686677169936,0.17408394092021
1.23614900929048,0.152032796013639,1.19895296298022,0.247424466802968,0.430097570327823,0.211922234555692,1,0.512093188797634,0.27363624628813,0.710582335178069,0.119215250383095,0.769246161370644,0.119064663340019,0.637303317498912,0.124876335412598,1.04945005395752,0.0998659289835529,0.61523130104772,0.174869174134329
1.04469613862746,0.140684758556243,1.01862535752948,0.215158984731876,0.149459211705517,0.206400051993584,1,0.000571431471793929,0.287091087663027,0.786900588792503,0.114245150693668,0.921974649564312,0.102481599246879,0.60122182559771,0.119100294531909,0.626973947998548,0.13859637078842,0.638735219402841,0.14360618289566
1.03643286612659,0.1364067338095,1.02511974446428,0.221580922756993,-0.000714121627687665,0.156714518117228,1,-0.119639341076035,0.248778514874605,0.808546634875795,0.0875939290822958,0.785439467852357,0.10729011990865,0.483475765693794,0.166032334989764,0.620460671833391,0.138263291531978,0.722347790347379,0.165969955468231
1.17049202173711,0.137358456575926,1.03872620609725,0.219424810310972,0.161456446701555,0.203610068472405,1,0.275406086154769,0.281763845843135,0.779753206225608,0.0973575746037365,0.712122312384107,0.105578800613038,0.826572336900779,0.101695991658245,0.838369483510006,0.14193100770953,0.823055924734447,0.152944263642097
0.917193083186687,0.120711448592702,0.767001337092391,0.170065377707118,0.517618940009493,0.211045720320434,1,-0.0959463681655419,0.253970619711842,0.712289685707964,0.0871281880965708,0.643409028548606,0.0982207357264687,0.642965194009305,0.119781527792446,0.7222843296513,0.18083345759044,0.553146428435284,0.185351356717441
0.926694918640524,0.113733297694241,0.737963875540326,0.156392570431817,0.442235839529011,0.200247056454888,1,-0.0214818143948489,0.234643527514584,0.687485491835159,0.0945370026296549,0.62760095219652,0.0878490873706444,0.581826013005371,0.113222659181701,0.673082078232413,0.145340688366294,0.665478009293901,0.185249830773383
0.712560595665817,0.130804378304753,0.881415420689942,0.205203703493383,0.167388026069089,0.2088169409629,1,-0.494628635477851,0.267909374621737,0.63827954929555,0.0922381896021559,0.767209253042237,0.101262506106415,0.41122560063939,0.153483096030414,0.868483469117179,0.14870735877713,0.40453771158877,0.203199868245808
1.09487451772763,0.126109326638067,0.853436713506692,0.173349129530894,0.283310049735622,0.173411949068884,1,-0.109570348630756,0.237415824780128,0.682738340761509,0.100440597846004,0.695116454905557,0.1018574431323,0.622200587581249,0.105420440398617,0.819723952305734,0.122567216901498,0.868589538590005,0.194041299570715
0.92585524793812,0.135704955380091,0.982219408565739,0.211949981677119,0.0517064598723604,0.161876390289951,1,0.0422910814615545,0.286532588033386,0.541303000777993,0.111954868683391,0.822468207020813,0.101010016631103,0.685217975229769,0.111243218322126,0.728547785343976,0.131346777811487,0.707500691775436,0.166288173948058
0.674900388830469,0.107039360137816,0.704812443300045,0.134731037016102,0.17661979197961,0.170190189943568,1,-0.220988317924658,0.236211090680494,0.619343133833396,0.0860293574062434,0.542381315908505,0.108157565022385,0.448705127203669,0.133338696183592,0.695309191669396,0.131987681135936,0.657828046139555,0.180250614229267
1.10522601285819,0.128072633488991,0.735723261911214,0.165822194939069,0.598008699276594,0.223374317618561,1,0.096944635774102,0.311929876533186,0.64927163645754,0.126203183784235,0.694541901514094,0.108121134972815,0.591901006566799,0.100000665295317,0.611483046700308,0.113253197988244,0.781358601018119,0.162143362675518
1.0371500430162,0.129183524331547,0.742980098052662,0.159246844716458,0.321002717061489,0.216371458008675,1,0.375744315067373,0.297464148697413,0.587717578368776,0.0985860316345725,0.623140334968607,0.120453690262008,0.846786313111827,0.108598009727033,0.698738963778622,0.139977504534628,0.400174199711969,0.200240429830814
1.07309205418852,0.14170663432026,0.896771370018682,0.187939661222755,0.401069819066827,0.19233709239885,1,0.296194628056658,0.276008164051518,0.793565879909229,0.110543079288638,0.659510681458102,0.118171681653457,0.726114165806424,0.099336001008126,0.851518656674539,0.123255904927776,0.638100067240663,0.204354902877867
1.20270907648809,0.139710437479567,0.879750330232942,0.192648112720725,0.109464443107384,0.206327507089283,1,0.398606793329263,0.298104280502189,0.729875344133483,0.106527316022581,0.713618004374196,0.117034500443212,0.731315676070302,0.114561340251686,0.575594220314033,0.120895600259435,0.832963650291944,0.15156901912129
0.817386829420722,0.125251755584495,0.945735707619653,0.189218180475602,0.0539860264158834,0.1737079698491,1,-0.485567219532181,0.240285352969341,0.774269623377974,0.0911152996470955,0.708685771951828,0.0981961266434979,0.49674029804573,0.151930231757855,0.662232881561219,0.150204192261205,0.673481840460299,0.139103872760492
0.879553130861012,0.174268023319417,1.51170902943069,0.341078666669346,0.384206834218857,0.271644988474466,1,-0.143189571604878,0.316162146047511,0.907559254001861,0.100263729155125,0.698102544979466,0.133981214520148,0.566735762780716,0.13170453640866,0.912461575950242,0.128167526118249,0.710532965665745,0.175817094864558
0.998265295085476,0.139908895766471,0.954658953264374,0.212772378656627,0.227751377854704,0.225115951902129,1,0.0855167687603683,0.281710135068734,0.710915060635591,0.0947941922754821,0.870233573389843,0.11653218803571,0.518736890789447,0.144641922576237,0.623717651611212,0.137958094502478,0.808677304552228,0.160863715197308
1.16827559817749,0.147739519936233,1.33195937797791,0.264350601497529,0.0251763966119865,0.154253118109919,1,0.0557299905686011,0.24449502555729,0.790030551830739,0.0915154224121758,0.737148966159266,0.11095842651403,0.733927075637189,0.12012681947509,0.707574638035935,0.140856178015302,0.859534602647861,0.153455921025557
0.862105265129147,0.134982155141375,0.876649674239317,0.206409380097934,0.192332066373036,0.220013379294439,1,-0.549432342943935,0.307705630648187,0.744632739016923,0.103601217458223,0.718967168981754,0.0913891014327659,0.815954522076581,0.11341205296758,0.518197561940458,0.177715432617081,0.779454777273092,0.196068328749658
0.870799682756696,0.146216336819439,1.48083530892883,0.301657724412657,0.246428154719518,0.221912772740582,1,-0.350685257068195,0.253538431603838,0.728735545347367,0.0945505013349346,0.835848455123965,0.101543347866626,0.461659376933448,0.144084590050718,0.782331473898743,0.170815581342146,0.640683124092881,0.220974089265097
1.17046509861462,0.126569992664604,0.795848507457878,0.16972905721821,0.225894167654571,0.201685888867875,1,0.384385523071014,0.262090150906553,0.499403242569328,0.124563178831712,0.790323375768851,0.112373784657961,0.692843675551804,0.116462213234818,0.783044210255716,0.129044162216665,0.86780534633712,0.139609038505189
0.824383430159604,0.117000198310021,0.675848275152719,0.14581106976952,0.132738162898765,0.185449943731046,1,-0.439153838609285,0.226260732706524,0.709011894859864,0.0906427140019165,0.6357543101961,0.0916911171084146,0.712324352840299,0.124414727230459,0.573994460805497,0.157924134901936,0.425478745396046,0.212509455208597
1.07450854388095,0.123720220391781,0.691713693860984,0.144069649215678,0.217579139582985,0.235162772613769,1,0.155901585606915,0.244995780168369,0.555942656684611,0.100739967897404,0.773987590132931,0.104399589118975,0.978875348859509,0.0956054513350444,0.432859049037946,0.178544996451238,0.762685375932472,0.180995763538528
0.910232340071189,0.124733748743513,0.750886780518101,0.175652604119702,0.11840371217514,0.2301381843883,1,-0.0635748209314678,0.25431465895461,0.733599212330977,0.0951132327209529,0.689259001406417,0.112502787049924,0.560657307732599,0.125209055941837,0.947921873684924,0.135204004357438,0.527152601763931,0.185878600549897
0.827413157877171,0.118954746860949,0.848203487325072,0.185808715846114,0.252845388805907,0.184290639139036,1,-0.394786413772659,0.251779490867896,0.653708796547223,0.113138591502085,0.660633508977595,0.0879423141726275,0.72483701431523,0.113541574827265,0.643739714277065,0.131268296204969,0.503111393184612,0.199039882685638
0.93068012784308,0.128088426603692,0.917482401567366,0.193775102558072,0.184920667502844,0.221084617773062,1,0.143930152482898,0.24189229943681,0.693868694876945,0.100847591219368,0.594940379178471,0.120687124645601,0.546412571137213,0.124242668713103,0.714486688538194,0.132858251879501,0.866921563281774,0.129959859151057
1.17251735545321,0.152342758795137,1.40299711176052,0.278616763060281,0.251052239412997,0.214988930907699,1,0.150517711994524,0.262824797827867,0.691375066517371,0.0962479607983488,0.80088280522215,0.100347716018307,0.742765687156401,0.118421786158857,0.843203205969591,0.135355637621542,0.645411557354064,0.169423495703505
0.965244873166486,0.132019449862982,0.787695745258724,0.173084526206662,0.439825979319506,0.223896262458119,1,-0.0226021331714124,0.280896009315235,0.808381579252384,0.0891114166693229,0.801926224973076,0.0960159527995184,0.75231827925216,0.118623547164459,0.749225634906855,0.186856959988747,0.48347254429583,0.253190210812251
0.952572255990673,0.126309192669186,0.636926356663519,0.163139023131861,0.735899258970498,0.134699240807139,1,-0.448949564517038,0.349299531835506,0.690389615779499,0.114328637588632,0.745836935184007,0.09123076803515,0.62266182087114,0.12062369339763,0.40282942601306,0.159852824326014,0.674932233445844,0.149694066227364
0.989051848018198,0.13431905623113,0.878340996291085,0.197169166696388,0.620652725851557,0.181149675661243,1,-0.0950994807165214,0.289522189616988,0.563568569189125,0.109012102917797,0.594912877428213,0.115005361334131,0.508076279362039,0.136747674167157,0.777698700537557,0.128162989799736,0.496512755416649,0.17228174504229
0.888603390274685,0.115006775195793,0.735130457199665,0.162055762658735,0.29572061469127,0.188119470836422,1,0.169441723910313,0.282548967627738,0.535892703663118,0.119333775861609,0.727291077570794,0.0890847406720786,0.711872794300785,0.111087207745963,0.679852163711332,0.145959659148862,0.619673120821137,0.20584168651173
0.84031508601468,0.118598699574733,0.749058387245274,0.17269372014153,0.370449320020487,0.207131932120487,1,-0.0725437408954636,0.231214164079129,0.635068625911156,0.10176504545353,0.638929428504305,0.0963113255891292,0.455414753573901,0.132832779186104,0.629144476493461,0.160457698818446,0.531650179105929,0.223806806354974
1.03863279860069,0.14836902806514,1.30530059126786,0.293426178450314,0.169352759487159,0.170810515329575,1,-0.0573041950973746,0.252962560759568,0.543905372793061,0.109042886108911,0.674410244356209,0.110056969915604,0.787289871151755,0.108923488077562,0.345684571186437,0.186096033046676,0.810730731837835,0.172524649320255
1.12312360443248,0.149706484077649,1.26588113440883,0.298513265523051,0.330298419362338,0.23952473393676,1,0.407508992130918,0.264900884167796,0.647811647144564,0.106110902439013,0.728828918407893,0.112261804622318,0.766437131987402,0.124788734584355,0.69382819700806,0.162076639948741,0.61744435665923,0.160825826973524
1.0507534288422,0.14278858386107,1.14998087012225,0.229191053215472,0.207372328499361,0.192625492390206,1,0.162080896752529,0.241684689052213,0.810955773932832,0.0904841207676301,0.737092682186504,0.107729163566059,0.498020114483162,0.172524756756455,0.738402737454002,0.166970024942801,0.788592457324767,0.175762595907611
0.983773024574508,0.127580088027128,0.794359612439092,0.161940715649067,0.332536249681397,0.208847546014951,1,-0.119258277352009,0.25476263563483,0.678430648792678,0.0900236449720319,0.660071269255106,0.099012732533199,0.798263073044497,0.114592643908535,0.716278618873004,0.144696023437679,0.787789943994508,0.148035562354939
0.971641921495965,0.139963601493542,1.08501710582474,0.23132681604461,0.29457900167076,0.201736315621588,1,-0.194984437500732,0.301287732952085,0.696915606882148,0.12034323140237,0.723660299037436,0.104975234583405,0.799404361714907,0.111638484018752,0.472591601320941,0.150394062778961,0.626574232601571,0.138868064187048
0.902443780435948,0.132615367429316,0.84199364539374,0.161117935388723,0.432276925820867,0.186816325233672,1,-0.042312474935953,0.306526932152297,0.738766632710282,0.0971463483986424,0.667355322998217,0.114984754377075,0.689022474945138,0.132520799196625,0.509874515595368,0.138129408469186,0.614952857474884,0.14671427696983
1.10319141715844,0.131185123988355,0.811944577743794,0.160838705277179,0.115521921309052,0.170846563979498,1,-0.301130356156432,0.268492441538614,0.7269914279835,0.100826381438033,0.809265279605529,0.0991204075690319,0.525193193999504,0.120469108028226,0.691856237765006,0.132513310298253,0.683509924563544,0.146948509786726
0.935682293405778,0.130230193026902,1.06076846887488,0.232421150586028,0.599423295399867,0.167697576753901,1,-0.243468307317396,0.269738245829638,0.815966282392379,0.087926012677401,0.652793667856821,0.108767766474797,0.587478238598766,0.133933614187681,0.644906057807803,0.169633261588258,0.549122043827723,0.17761858029874
0.963676059514868,0.147326848858094,1.0348545139867,0.235658498272644,0.447094503135737,0.272506670742253,1,0.0880937545727889,0.27146595351349,0.620721858445445,0.0993479593330492,0.689291581372447,0.104311555590257,0.574255363897087,0.133917978187848,0.761673537107561,0.152498801636705,0.260450524244257,0.24492855044479
0.939022987949975,0.114705314832635,0.66033395654386,0.136384790040347,0.229185889876289,0.188651173665133,1,0.050794319093098,0.22486783222215,0.639185748266443,0.0922705479622715,0.619808292737275,0.102633506102222,0.777769127736063,0.101864332203993,0.445943117808981,0.157691294617943,0.673483910584565,0.199869975900515
1.0941020564036,0.134193666307903,1.06597337397357,0.22924182159632,0.159550921157185,0.148122974661334,1,0.583286497610347,0.276586315764512,0.534534424559248,0.123664189189963,0.651503782573315,0.112702075313278,0.786980358062061,0.120160303907351,0.809124691873385,0.115758106026838,0.552608617593164,0.154231438561146
0.889860997975405,0.115002141451008,0.650847406264923,0.150092000040323,0.495180416500749,0.174784944545417,1,0.104516044410075,0.255440695789367,0.535041310555405,0.0992603841920999,0.542663043724222,0.105281930778914,0.753907136301714,0.108354745410922,0.624828065904221,0.130513665899664,0.810131740984036,0.141409783143506
1.05137873200356,0.142104733020516,1.10373249614176,0.239051722481092,0.137455249898416,0.235502395969169,1,-0.138219936910763,0.256704735027464,0.722198217205132,0.100828654400871,0.592584712454763,0.124898084166953,0.707338592300585,0.11775396896369,0.816056372321263,0.137614648510319,0.838232397901453,0.186420635381382
0.97800541777549,0.130482380011443,0.753737764204517,0.180737640784064,0.396565467584556,0.214645162721077,1,-0.197401420551716,0.296817766129469,0.625119205402982,0.10977251384792,0.55769465097791,0.106262160006277,0.620299491885286,0.115176789590009,0.634327041952244,0.152095061678377,0.329181101038812,0.21876375684338
1.05491446629409,0.137949310000801,0.893741617789231,0.200760749388549,0.562513331969078,0.269399433157547,1,0.243121326770209,0.332222911921417,0.70340619205951,0.112075909686083,0.656573123856972,0.0991047409605355,0.719098996553346,0.107392283199856,0.726440157222319,0.137277054098402,0.635578849748208,0.185505729468681
0.916022669587768,0.123112477133393,0.756743968361005,0.166779315922341,0.179041142043009,0.18367530802017,1,0.18966315551268,0.28593371943603,0.623646911787087,0.113021022149879,0.816491030630632,0.0988013837387541,0.47651647479153,0.131779849472269,0.744303265805545,0.129533113462367,1.00689796166898,0.153549802777735
0.994989390320838,0.142095289905936,1.31166169073104,0.315607813289237,0.513709061771055,0.158836770479603,1,0.420805403192801,0.227018668061004,0.624553380668724,0.101759171235249,0.590141930778062,0.121062665462518,0.744074574786142,0.121297405088591,0.545533773224832,0.168737331560019,0.893361364902079,0.173101039274174
1.16518461828134,0.172187663090268,1.23996274190311,0.302568041397696,0.235295358368259,0.272218559658151,1,0.157880295170982,0.339867261811824,0.728960406466812,0.131688628280723,0.686437587761325,0.129248135534686,0.668668354233157,0.115131275763923,0.667666032807084,0.125002070120395,1.04645062074154,0.142793546635802
1.01725074147468,0.142384286776849,1.22278615194095,0.279042048267734,0.730047775277716,0.0984023827227815,1,-0.0977288900994932,0.319067479498066,0.845327117740078,0.0971004431717986,0.559379826035183,0.10545608888268,0.843995203186577,0.120296104703015,0.694123117779563,0.160236753825357,0.385308228097245,0.205994938204947
0.75264582224927,0.132751403965881,1.01402653974335,0.234410561149032,0.143118723878872,0.20557594305184,1,-0.350648182192973,0.309849650032687,0.719944858332398,0.113442835417261,0.63424449819064,0.110614945037506,0.534295980752309,0.116723383679001,0.811472979032098,0.118862514802971,0.537460520115194,0.176448684626936
1.02160129462596,0.124222156743054,0.713321417126417,0.147455647965755,0.240190692120735,0.199623421742003,1,0.0444555626137477,0.261455046359516,0.52220110319779,0.10610239801463,0.88297033163132,0.0979873645708712,0.572643393848713,0.113558523012651,0.780045196332004,0.100009331637527,0.503078258882463,0.157791827557416
1.01088355100613,0.135763095598276,1.14297464555287,0.237958588137241,0.338221387671302,0.201275324461509,1,-0.068011540071512,0.228426958906971,0.65247188811535,0.0979775725827599,0.511742424703542,0.11154272578787,0.840754684322957,0.130975262238516,0.784877306142689,0.125799298548377,0.576486907193189,0.158210045151438
0.908446401525386,0.136763156750622,0.985598061869306,0.203731090384656,0.28503647471224,0.187629369423183,1,-0.0072211133890754,0.283211263093423,0.744933520682536,0.105618649362805,0.65578837260288,0.105552969976059,0.881418788642621,0.0967778603018342,0.757220000363491,0.135616883901669,0.469915419710906,0.189836269941896
1.06403988777084,0.16167033974084,1.2565780569115,0.278013503352346,0.205385978083755,0.245271194188891,1,-0.080298757643584,0.33097834222973,0.777518921079884,0.106115930591669,0.738229782872417,0.114541103297199,0.644895700873094,0.111679555783836,1.0055085915093,0.159232159451764,0.690991375517537,0.152706626708609
1.16857332152054,0.147634177011261,1.25251030147749,0.238850152224838,-0.0620441807270447,0.179502956757117,1,0.374673818060458,0.296468939164702,0.822062161436487,0.0954775998471232,0.618219012350913,0.119880711878817,0.919619050795994,0.11364334324171,0.771949517937602,0.134067480928665,0.668371081698913,0.184194023908824
0.898474870625467,0.119620785732116,0.786417934397326,0.16034480295817,0.142778628453228,0.187917920360282,1,-0.0319724968058574,0.262627796866183,0.769307647698822,0.0869436256810978,0.666761348089238,0.101390867476093,0.805912252714338,0.127384761254444,0.781091545709967,0.153750048882892,0.704663890827093,0.176666337461258
0.681593730126381,0.123907965426291,0.902298666035695,0.188801788450098,0.525036384842543,0.190583906300271,1,-0.303025809891372,0.270753386628438,0.616130068740554,0.105668051648229,0.652715860147404,0.105717064960814,0.710029241825053,0.10865573199753,0.415102345170308,0.184372033002254,0.676700676293894,0.172936763670365
0.994164690084863,0.151395628303171,1.21683475186009,0.282984557175623,0.340668856606356,0.214834851962283,1,-0.205802050927291,0.302957339880564,0.860693960040207,0.102002091613805,0.546846112579015,0.125594771135492,0.546873872712568,0.149851723703559,0.750797690741482,0.133639054627263,0.580489511144701,0.151326127736989
0.806843247320756,0.127295200954271,0.847197175508569,0.176384010750864,0.223656732124379,0.221979934645124,1,-0.0694971040696766,0.254348067344097,0.584737008903891,0.105289373307869,0.612173723962129,0.114945076399143,0.565952273322345,0.107595375988323,0.832345483895245,0.117407063396238,0.670243146826373,0.174780088423499
1.06933239059783,0.144557701985702,1.10676860921268,0.217208620550218,0.21044651054025,0.192410350893887,1,0.179696241425218,0.254499276808558,0.64459636020743,0.110515123009363,0.839980687682082,0.112508008167134,0.540025232355391,0.114411102554908,0.76352266647102,0.135676363194676,0.720091189493449,0.163067590215625
0.930846716720547,0.128914118250874,0.825011266848949,0.2003795852828,0.360320193147607,0.239850057138441,1,0.0460787642727476,0.239631986327895,0.733514158348629,0.0912862324357851,0.591557919278078,0.112438843582193,0.667586835372887,0.152481113493052,0.685487901711407,0.188433586785328,0.589783488136773,0.228932227095615
1.20006831795322,0.122607552292455,0.632260894600336,0.140203323463814,0.324753940688837,0.197196054477907,1,0.179434510125412,0.263984709303081,0.752834200494369,0.104947642439755,0.724320092025929,0.0938943784980815,0.465518858154844,0.128781366306701,0.625808017305504,0.132455417839346,0.548016637954589,0.158068460550861
0.944693678620831,0.129098200441866,0.756188511735501,0.156815958506558,0.26939090590145,0.182080522424568,1,0.220471936658082,0.267191385184447,0.599171594326101,0.111475815479395,0.763080349280831,0.0944571578596566,0.672046166113448,0.11093419449853,0.8828578998376,0.130007804381612,0.371284306024894,0.212299915814014
0.85912824186909,0.142470363865444,1.1990986095237,0.261501042685663,0.430169028535367,0.191681350663774,1,-0.14060075680056,0.304433364531925,0.628169518336512,0.12383417611053,0.473527925201313,0.119042509485142,0.678074667606486,0.112504808481832,0.672030725094557,0.12114742794742,0.653126623533331,0.135707888361321
0.902612531899141,0.132154849581592,0.989194325152084,0.249454111487628,0.578073945471233,0.205808798837034,1,0.265667155722626,0.319730955832531,0.675660914438311,0.116277525728911,0.688737566854893,0.111551435236268,0.79271973497511,0.127482736764445,0.853538224787148,0.141116166791897,0.538499111777058,0.189406544128092
0.731147826396498,0.134996793780073,0.953791223734822,0.173857893669599,0.151611715509227,0.22402816058235,1,-0.0850858390254978,0.292847083239571,0.746164153142017,0.0996246403707075,0.63172031502737,0.0971164723469875,0.567513570335341,0.121954345423267,0.727045118679298,0.142292735161529,0.75260729469826,0.173120271341372
0.982363580327103,0.142099949573224,0.98242119848845,0.221629563032797,0.429382813831786,0.204315046585126,1,-0.449079111707698,0.325335154719964,0.764696489825465,0.0931671491201678,0.726323898324361,0.107621688382211,0.67204740744571,0.120383724250602,0.351399613988052,0.18585426509373,0.718420013099538,0.169390108346398
0.929871723073824,0.143007765854723,1.14766114803516,0.25403105213429,0.0338508490020885,0.19807662108964,1,-0.161244431197358,0.285816007880866,0.766785212445311,0.0981661062227244,0.784880199299444,0.122021351621278,0.584477671491226,0.144712056135134,0.64269131738276,0.123629011831906,0.703780571855537,0.170153348001901
0.863890350219941,0.138517018476783,0.973453514043722,0.185146419372468,0.387902798869729,0.193718336151037,1,-0.235349469968301,0.279288560124699,0.656382987844612,0.107173278571712,0.833620333803519,0.0832591664209624,0.606792486795054,0.120521875492765,0.405653795384129,0.156532751398087,0.940674005369456,0.136301509462958
0.828439281906321,0.148136470128987,1.30392747996579,0.290763555777338,0.157753982989392,0.237544325579055,1,0.0121117101050188,0.312035996692871,0.671509019341332,0.104811897305261,0.718156438918206,0.117800037559146,0.522328099508057,0.148489943903347,0.871687235913373,0.136689271434945,0.499092807498,0.16321342828136
0.804842624645008,0.147224862779514,1.30176657032798,0.28535676242777,0.350823583552413,0.204848388707171,1,-0.235411821646925,0.269213492044439,0.747770607693466,0.0968354638073957,0.389098509929764,0.121944579804394,0.823172709990383,0.123259975941292,0.726744428304494,0.174925659241673,0.540882461600337,0.201605009168686
0.858142089398431,0.143497834964189,1.05008200935505,0.236961897492431,-0.101905707891463,0.191023367137584,1,-0.407844195449569,0.279358489750407,0.859957839717118,0.0814403025770821,0.755299836926229,0.107650202652168,0.812607439019078,0.14953398868085,0.598405279346803,0.205586508049161,0.488316425138299,0.221372678926676
0.93756605182055,0.141156895924857,1.05580879063718,0.247476353546185,0.351483564700326,0.246887204648959,1,-0.207818840892618,0.272360152153742,0.754195593177454,0.084792280204476,0.887812493314818,0.113400205209684,0.68907928185415,0.135339661063893,0.786469927666962,0.185874381285858,0.660712522442408,0.197590231723885
0.988982969142261,0.114571348871472,0.50917566496951,0.104361279848614,0.296736818839639,0.191274895251436,1,0.202873939803304,0.265495001678285,0.675401890902592,0.10510729843341,0.732773738586345,0.0891052449814138,0.743038095305583,0.124215003232436,0.671854056276045,0.132568111932463,0.749223945071686,0.182243739221947
1.18431662583235,0.136898972633003,0.85460024366168,0.201626592038653,0.311423111676694,0.275817947584945,1,0.172007326810417,0.28196388377182,0.684476439430321,0.116727632497762,0.707349919169315,0.110228967349405,0.871184330650337,0.109402872049305,0.786930991535644,0.123366907747198,0.918521829887803,0.153910455649135
0.712488534079713,0.123702566112392,0.790681616553469,0.179294992147053,0.362151323059269,0.241202441036028,1,-0.114855264355576,0.262254468444907,0.681474228580609,0.0981310372213495,0.50887212628631,0.117727591571535,0.744039847458448,0.10430561778933,0.525153540896247,0.148601580383059,0.703993157685586,0.157640515869203
1.15133036554367,0.165010809347886,1.40285926792773,0.332621582846109,0.521202394405099,0.310507990785691,1,0.19533941007614,0.365643033500153,0.845993391666645,0.119964712616015,0.68730912989482,0.136709336181283,0.852639646563295,0.115022274504152,0.895001020801368,0.108348638986126,0.572046868077622,0.18212210841955
1.16079659907459,0.171926051193235,1.55678740246939,0.354302491228846,0.530522404913611,0.290044417604669,1,0.17603297586083,0.339587790897555,0.690255046201663,0.131094684173609,0.725239537966335,0.117136193498572,0.938450418604428,0.118257967170434,0.474409021031112,0.153284285472592,0.843963290325722,0.144375603741247
0.920744717074553,0.140267696299976,0.955385091379347,0.206622271364673,0.132864744974863,0.180734856731873,1,-0.1573881533268,0.251308422309187,0.581976891370625,0.0966133297657524,0.728568628398738,0.0961640056405451,0.571374175837961,0.124830388682048,0.807208406627574,0.119764003781163,0.483801106994725,0.209833658317985
1.25594138257136,0.173474377162758,1.49876192720779,0.36773222689032,0.240907326002189,0.274709121818273,1,0.771548638900786,0.305992353769871,0.782032971257633,0.0986487361914495,0.711723395826162,0.139810974148914,0.803932658527716,0.14327023748172,0.611760553868925,0.209580194596128,0.668530674200159,0.198374211565555
0.621525537691324,0.117379492200169,0.835192028397271,0.161042033124425,0.181813773383687,0.155373239906879,1,-0.377325827870137,0.222395075302204,0.755949045445559,0.0778434003692019,0.681239389750308,0.109820941072412,0.728498761896434,0.131395496189707,0.607739747987744,0.163735940736513,0.296979161746903,0.258569344380943
0.769523723465911,0.131504974578084,0.945474869206645,0.219148632657576,0.459407704849807,0.21493771817003,1,-0.122481275817061,0.287654348247397,0.791244400059649,0.106979515964508,0.571806853204484,0.133383840932435,0.601694580882218,0.14341551291734,0.655093135616052,0.109230028453512,1.0324949085342,0.102170343733874
0.786102751871364,0.124084612410033,0.871174231313971,0.177988161904544,0.221463012237547,0.152175388488649,1,-0.198616379892908,0.247478303817157,0.701602102733821,0.0916684067912281,0.570945750938675,0.0991365818849388,0.813627314085939,0.110836210697988,0.781690744228222,0.145925116574236,0.278617229456876,0.209459434163888
1.29551957918028,0.150177626028918,1.07899020300299,0.233420983987684,0.387587449856196,0.250242967574469,1,0.372788213888307,0.300195365747402,0.672463896224176,0.122310868465217,0.727473455775221,0.116005478484545,0.953510997378782,0.0970547631801872,0.625749281310555,0.158873906102157,0.777458907998999,0.149862375713365
1.12298840271165,0.122006470932244,0.46005288643094,0.127633348180779,0.795869830946322,0.0814989257853868,1,0.827492720496192,0.36318617404325,0.633488226094593,0.118224789655306,0.6982896294396,0.097033256345105,0.67318110063255,0.113350239779386,0.665242385323627,0.117136797069847,0.656340276551309,0.162879564105904
1.20585133073903,0.134703365518287,1.0145393557013,0.22096990599671,0.75232361665165,0.104562367752107,1,-0.484430523890602,0.306702171078461,0.87269789174469,0.097516368625892,0.664405624559718,0.113917547594503,0.778722619861987,0.106779512451635,0.600426591812898,0.111204967547282,1.05679136991041,0.138265765388944
0.995666236063216,0.152513738350375,1.2442976298458,0.246737897723234,0.302034413789973,0.200927420473616,1,-0.082179046755386,0.299926541602634,0.5966944308015,0.104115963486094,0.748357680126734,0.106946055067856,0.931919775836595,0.115636599925054,0.557461917944103,0.150418453173131,0.676165799082266,0.169343895600273
0.958398477306033,0.117992545982304,0.782397141405296,0.171680642034954,0.56679267235778,0.148727224819639,1,-0.272556175822602,0.264734002998944,0.815273466746825,0.0979438940845264,0.496271026763622,0.103745886501312,0.718877366645545,0.121723261013901,0.638602578294194,0.1601626358838,0.576060620432545,0.18137321968191
1.0887516603303,0.158580430357453,1.49254660283929,0.301618329526949,0.193830351762131,0.172707729335104,1,0.318108778742645,0.274465645336124,0.839841734663407,0.104064721150011,0.746505567225904,0.104326713984973,0.685941632518813,0.125488961823741,0.842251934915829,0.137053482450633,0.87843924102659,0.170933257451833
1.10536002448757,0.152712797008898,1.03527874154511,0.233820863275358,0.301507643693388,0.224641901620888,1,0.203791282685391,0.282030661839922,0.754712718385257,0.103407680443939,0.722014556753027,0.0989354459780317,0.660094051289199,0.126379730543503,0.428669051234162,0.160931052461202,0.984783905275614,0.145044926659009
1.05028368306399,0.134579637403946,0.846098649337653,0.20149055201011,0.620617870451721,0.150184206496704,1,0.127093507164501,0.269392657075243,0.773812946466515,0.0921123780973916,0.642414015735972,0.108833475180186,0.538289763153309,0.128967750509386,0.666485502571856,0.151540908348121,0.47355181297281,0.210417350296759
1.22690375253524,0.128742889076496,0.930116059209579,0.198227452288433,0.312853721886646,0.169057732936427,1,0.203103563314253,0.265455850060735,0.748258087113447,0.100875485913902,0.627706961034466,0.111935609053023,0.623274704675177,0.115326456618333,0.593378731010778,0.135208742872734,0.837323795923085,0.153561026689512
0.844809528179832,0.128409906139676,0.762073561122841,0.172452221426366,0.564007724105303,0.236366695800801,1,0.0491517090296726,0.330723867483162,0.803873296586225,0.0930063782532819,0.47025931407069,0.10311418174586,0.65733803381174,0.122554759879603,0.614035648269112,0.138132298603428,0.727334430728721,0.157826286469227
0.84077055970055,0.140322885064179,1.06201184688098,0.24071780285735,0.324467544846309,0.267729252513194,1,-0.112892085744471,0.314688646403655,0.84589957805155,0.0912164886998693,0.641041418294777,0.139504001039267,0.778800090453506,0.116448998784409,0.766991821564372,0.143927034340622,0.756776810720238,0.200957980687396
1.2818953619183,0.174819881668275,1.44956299310861,0.307223240633905,0.168313732518988,0.18075700703449,1,0.169317614912681,0.303930227604116,0.701915882049252,0.101769123512662,0.773428802918874,0.10682054769737,0.773133716154239,0.132586423455325,0.533953996712927,0.179517083116096,0.774860841587335,0.173020328203229
1.46821223471732,0.189121562374439,1.83272808701674,0.417584325619693,0.146789163635737,0.214319895431735,1,0.969900926310475,0.351119595176845,0.589578114003048,0.139532870380009,0.95662272099116,0.112810395214333,0.969330397838079,0.112210318655648,1.17706289322239,0.113085777450084,1.05941552160265,0.159732671931301
0.909998675701747,0.107249195333998,0.782720524482431,0.162203560159792,0.472006291085096,0.173742631096729,1,-0.177551652757363,0.2043049372454,0.515166876413273,0.107043174302465,0.72212991644769,0.102029639668225,0.451367748919815,0.129791602684075,0.836923916036489,0.0878165949721695,0.494772381379253,0.165874286596588
0.724446244423427,0.126197337965407,0.881314408791347,0.190468432467539,0.145636682833531,0.229961825229884,1,-0.805171420782353,0.280656701101379,0.797982028066323,0.0981093322636995,0.700129129557921,0.101076773940136,0.656193036203396,0.128837224559485,0.615133165835104,0.151140768084867,0.799142743238175,0.170177357435918
1.04431765606312,0.144117453487286,1.02033573487014,0.226693215307501,0.157216468530843,0.175465729451691,1,-0.18523873939347,0.302509532612948,0.573434157633704,0.124595815332252,0.592331599714762,0.103851270970646,0.769863511818825,0.109599147359492,0.745343168815174,0.141820273176483,0.653993476173386,0.162480319769216
1.11060148495224,0.146316377946644,1.1557574797653,0.25108818545441,0.260041719962677,0.242004557657715,1,0.494597046954465,0.283091016837872,0.473418540123737,0.126963309548446,0.681224014453368,0.122699079262193,0.807395310308462,0.118525973653377,0.717071185131606,0.116985944803108,0.923176002139192,0.125530388832755
1.01607855193137,0.167154696223663,1.43864724126586,0.327703850450459,-0.0623827691983412,0.188965093879354,1,-0.011231026848146,0.309911054434828,0.833373016368747,0.086994445903667,0.862141369621663,0.107892046457774,0.953674283789075,0.112702985719418,0.660308821290191,0.180070593996267,0.88728309098945,0.197962864659381
0.968310342875238,0.159282007461749,1.20005363328779,0.257195309948596,-0.0344794369989103,0.162147345152863,1,0.0756790729564716,0.334599445889905,0.668602758277954,0.115726898212726,0.644757768959091,0.100462117317473,0.609387532226169,0.125635059505216,0.832638934213429,0.143668064416754,0.953930294730273,0.176775467530009
1.00055395433381,0.139928984075546,0.955237681349914,0.205136085453831,0.246514301085844,0.187826763046125,1,-0.284456261745673,0.315287788928258,0.71849898836672,0.120170546055405,0.678381513424089,0.093162393680847,0.781039139730208,0.0941786741509798,0.961028331833301,0.128105054390822,0.502103146241657,0.232647360027932
1.3053375191232,0.146118414848227,1.06479287371344,0.222948965382792,0.249545230574931,0.198462665105231,1,0.346729146417483,0.231013890232051,0.73369408684088,0.103068490886771,0.90871500712283,0.0925064905844976,0.648143892606307,0.117620221774324,0.840155761853041,0.131248772278337,0.795018051632423,0.189718905739216
0.818746995017613,0.141593267941513,1.03334377658056,0.249959863988611,0.472971114877804,0.261381774919939,1,-0.0650387603313871,0.27440222905337,0.687716652085747,0.0856424007721474,0.580483715715131,0.122553708880756,0.637399359048535,0.128315884098166,0.466501644672192,0.162815500217057,0.628642782540252,0.18344427730251
1.18947068191087,0.140587371230773,0.93020157592601,0.230721934532003,0.330849368705089,0.259680824795402,1,-0.167458056681497,0.252904566803499,0.774778226521893,0.0976737546024262,0.655009429806172,0.122562480069716,0.668810702062659,0.1305384592963,0.36989543523388,0.161631337048959,0.678660042925718,0.188490319762998
0.824387491432467,0.150284580086791,1.1609302007702,0.251835252559074,0.0909956969657087,0.21050107722846,1,-1.12129670294405,0.376132666989988,0.887451221603333,0.112310184154301,0.79929393971987,0.105252125925322,0.846264151940399,0.12963633357384,0.811049678704627,0.140005968962675,0.929822514979865,0.152416714434912
0.999664313810067,0.140668693292958,1.03886721001025,0.210512040440024,0.259037960619446,0.209136565968938,1,-0.0209408243095057,0.260139863771665,0.631939969709172,0.0993929894936774,0.790798130356866,0.0866118908132898,0.581808237279651,0.110493732261547,0.88481982274199,0.129243283218329,0.554738694077196,0.235805028537684
1.0099367221473,0.116282179083622,0.565466513051633,0.109376629579451,0.226689219566254,0.171283676613209,1,0.0333707282464642,0.312356133369748,0.587638470365061,0.105132343440528,0.709094651100533,0.0928380355636245,0.687560798802797,0.108078289628919,0.680787385860158,0.120337529568768,0.633100434534151,0.168868879103755
0.896871055674982,0.143759919609793,1.15641127120007,0.262618196915883,0.348027596330296,0.269159143561628,1,0.0953375043231253,0.286718140951832,0.690600328015766,0.101436447572576,0.634071676032886,0.109740830048573,0.759475417811821,0.122645721405168,0.946308054707465,0.136244991158917,0.646743358874705,0.229256887714159
1.00862848950425,0.121734859328803,0.896323606246129,0.184308859490298,0.33958865157117,0.205963729101411,1,-0.106676065162099,0.231029190357354,0.818556745633858,0.0824200746250029,0.581914232657504,0.112801291785445,0.472484028427385,0.141668836606986,0.443487540670852,0.158239667038718,0.593388382525415,0.165039094965839
0.946446620956527,0.131878144857821,0.841579335147219,0.172666214364973,0.212037203917387,0.197931446949372,1,0.279998923937749,0.3022561069641,0.548203319216176,0.120584689491947,0.734657332827191,0.0971380758836872,0.637144550572919,0.117822203868808,0.512448031779848,0.163634516031112,0.624400219541752,0.171685263072953
0.903972656487634,0.15426068503942,1.49845971531409,0.320078885996883,0.00410343994418586,0.194404877570335,1,-0.231267606380518,0.284559774365458,0.838491176137728,0.08411751486829,0.664535768031327,0.122775157167456,0.914457573598141,0.124786071163962,0.803645185850199,0.168267477298612,0.614801138231869,0.169484066717986
0.926313264876822,0.145597607512467,1.07722244212772,0.255465513664692,0.00815417457768002,0.180547135189697,1,0.321846114435006,0.270602574166775,0.446967342253283,0.125549116066541,0.716398117919611,0.108379180057162,0.613181509725511,0.140033502588342,0.784983443595724,0.13798689382717,0.958992351207721,0.152813514692856
0.735045966566427,0.124477261636297,0.916015980656133,0.20086812085652,0.0983722152176795,0.167981372110209,1,-0.0770807081879922,0.266188604901396,0.740156145996253,0.0926405471737039,0.627697931189315,0.087013154458531,0.677549492917733,0.117868705042657,0.60665562622432,0.182244830525517,0.432226093864511,0.246656668125363
1.02132439258613,0.142164511347414,1.12250083471834,0.252722360721031,0.13407110493074,0.201277878837733,1,-0.108540609907672,0.245995146282029,0.881719359324848,0.0944602452832482,0.731345133039919,0.10662032722829,0.717116458406395,0.140867106526873,0.497747372277712,0.175243263266557,0.911967653661526,0.167888672033797
1.01075583949528,0.141213659343849,1.09893385782347,0.238845185880013,0.400029576497522,0.215417048057314,1,-0.000866736044027754,0.250648051289678,0.637591063408772,0.105384084346134,0.574453168572242,0.107810987789399,0.88538577176987,0.111185627497945,0.83280039018668,0.121666456245851,0.800513549459109,0.164131852472477
1.03124987815824,0.126308170430366,0.881765929701987,0.195436012361778,0.569631467512407,0.174096873277144,1,0.418736230445231,0.25273317335755,0.737537724886682,0.0931535351173562,0.516515983968736,0.127602651889092,0.653858452251651,0.116022815514725,0.638461957056241,0.137300004618188,0.935767461129135,0.125402273252787
1.14089514268528,0.160188305539651,1.37090848951121,0.285949023671079,0.286970152396733,0.255688249823109,1,-0.0819872717385459,0.292007453293708,0.795621970536893,0.103355883965221,0.8930324586253,0.105386226827232,0.842608699299542,0.11197341147981,0.590923983267497,0.165043280426153,0.449829218358876,0.215323053056033
1.02299848104668,0.157212987521856,1.53789768993462,0.350707457259629,0.253319984274479,0.245975349970171,1,-0.137870443537287,0.341864188756299,0.803633788375521,0.112973112236054,0.623963323488549,0.145374895545467,0.661356364944175,0.146204352133434,0.837307031091685,0.151474697574616,0.727341986880549,0.121363458065533
0.961734452481735,0.132710932418962,1.09759719023845,0.235836419938803,0.477542720758034,0.210891439164751,1,-0.407933603439809,0.30157273090053,0.81498923998881,0.0989232435626442,0.734596883953627,0.0979878776294501,0.781783913423786,0.122108337108229,0.775620838508402,0.144306924248197,0.791610084856874,0.175448222025091
0.992016342803034,0.143007584797078,1.15512106489525,0.255529679328535,0.337247412949608,0.179621139599636,1,-0.199723726035696,0.36086530537897,0.752799248077223,0.12085785283006,0.876733524460973,0.0965338342546842,0.524408611818396,0.129687248806028,0.932230466342382,0.111751514536445,0.613330970451836,0.194435311732785
0.965030168718648,0.147064465740296,1.18374159440722,0.266386242999394,0.145983216831284,0.239357388637386,1,0.0170732498820503,0.300736432656156,0.86372347283995,0.0948356381197799,0.672520045473213,0.105678675459947,0.648160725912122,0.146491600895143,0.790727987973324,0.140874837340978,0.984651468632176,0.153681081920029
1.15295691696642,0.145401061561623,1.26455533165264,0.269869555588681,0.234185522387352,0.201705840118301,1,0.31204348841341,0.248167456229652,0.768444205530139,0.0958749615866671,0.508213886476364,0.119869981014008,0.567918708880079,0.151583715609261,0.807475992003311,0.128424759258077,0.66068274694863,0.174000143885301
1.22353158229422,0.134083354809495,0.894134806612957,0.195969274357809,0.113279124583662,0.168120873517665,1,0.0788259745755262,0.254961423493671,0.727453077930699,0.10604984948896,0.620931519179873,0.106259503802426,0.947416637134925,0.0958175401005274,0.632057384119791,0.142702186676775,0.765175228372406,0.158911896786148
1.07056205048551,0.133916773656494,0.918458296136953,0.183902805471601,0.148903952885109,0.20439964723731,1,0.04295063962289,0.261428793385021,0.70268079452514,0.0983744510433517,0.675653668013107,0.106178154741588,0.722183610057585,0.111616764856879,0.793636474680165,0.13049224713143,0.568889601435949,0.185238083196141
1.0555780787986,0.110562509022033,0.602137550528795,0.133034931676249,0.198597587455328,0.170923992325372,1,0.331026634214939,0.213559032321303,0.493685127141764,0.105241343680777,0.352093174599935,0.123308765982506,0.633644316199718,0.120325212389468,0.664505495545624,0.140361196091923,0.372686386417422,0.179556148063037
1.17818459247194,0.143039815452888,1.01570750697619,0.228892889873,0.155616286484893,0.171155409114243,1,0.064095983527802,0.290053042761499,0.773284435667078,0.0958728565623907,0.807422567448738,0.109878305747065,0.703421544778308,0.147059250052633,0.937646057040823,0.116017166901395,0.732930523756559,0.162405045381766
1.06466430509788,0.138919434235714,0.992849692102798,0.209157929733495,0.380656702481197,0.236359507894574,1,0.102216584142753,0.31657148157053,0.781680288237299,0.0963820050229518,0.617151349888055,0.116757599433198,0.585546768179292,0.144907828221717,0.533593500570175,0.137294302681002,0.792570973570208,0.137979384103448
0.874963603958523,0.120051495142912,0.690437241977468,0.144578320599402,0.393333799200439,0.224386079358578,1,-0.186996973918573,0.254381967854853,0.78364494211365,0.0930660173950786,0.604374637466071,0.0993338226267848,0.638421373343377,0.118157465183708,0.623769904112365,0.126198455017435,0.522963415750743,0.163699533243046
0.944240795832736,0.130088160176995,0.819707787544592,0.189711819303843,0.404179331878746,0.254246253573036,1,-0.289224435833549,0.30130120504552,0.760788959891346,0.0999851654958592,0.696823233335532,0.106817394591792,0.858667373645655,0.107075465949614,0.713473131637965,0.137660146783955,0.673250520009454,0.175125902740908
1.26841973444222,0.145139574613389,1.08232967802436,0.225197414080519,0.188776155573418,0.188536108324518,1,0.551018963885219,0.261679728317799,0.662035558580103,0.107062300591315,0.614367079934021,0.116121877498908,0.81563240225489,0.121004619713363,0.854747590882805,0.134068485372944,0.695606536586836,0.146980629541282
1.00128049763876,0.152782673670785,1.14851469735398,0.23098542759849,0.209241390698736,0.170991082368919,1,0.467523514185017,0.300105599699598,0.663958962919249,0.118146509229399,0.896119575370307,0.103492947689504,0.674479279626632,0.13494070893809,0.89236854649659,0.0995685791079728,1.02292316181389,0.140522177738248
1.37094963121094,0.168195424082264,1.16528517616345,0.279263694693715,0.125211151364366,0.226255295514727,1,0.550366078502772,0.320619990396475,0.733599271160056,0.111556793679227,0.766894409368733,0.113616379762171,0.827089009971453,0.116195379696566,0.78658854058302,0.132430706835726,0.774751314183732,0.180905090711339
0.979455787149141,0.128104606683008,0.8413632568542,0.193821593315964,0.383979804476438,0.201443241768061,1,0.501681111098724,0.238738086278886,0.562315104894778,0.111999277973913,0.665585243731043,0.112339353782934,0.771379619812414,0.102252073703131,0.663303585107127,0.17211509047998,0.903139007779976,0.157297922510535
1.05564907688716,0.143997186473427,1.06343606232568,0.235488952165803,0.28378642283129,0.239077884439051,1,-0.0355291904003934,0.318004139339941,0.613501908230766,0.130941319397677,0.741446496595554,0.0987425666179586,0.714250772261802,0.102988589244983,0.599999363029501,0.162076897357326,0.460890680968472,0.19513881637452
1.01740073196099,0.13375698627321,0.957349483781335,0.245966192824295,0.798805559723062,0.0795843355769371,1,-0.0915930216911619,0.317872989802854,0.69876775558073,0.115238580557493,0.618758137606335,0.0988540992072958,0.52180764865439,0.112716869760806,0.620889912196982,0.136112939435516,0.569253134406638,0.204273507458206
0.944857660433339,0.147785562602078,1.21914466880052,0.277066883375043,0.27199763594433,0.24305038962696,1,0.0868680508728875,0.294617486427932,0.597455082844733,0.118244361302345,0.689780476680243,0.1222188806157,0.767563103872353,0.104322312514289,0.589413936368392,0.156783694538931,0.824082821253842,0.149590930674464
0.922577045155531,0.150804287645551,1.06878968679896,0.262898394836531,0.58276927349695,0.223752006485568,1,0.0644599005859629,0.335994353575832,0.568658432160872,0.118890475571556,0.609146745554764,0.113049757186124,0.453209242907172,0.143594078071039,0.6775065976206,0.140189943247124,0.61171072655325,0.156859357498016
0.903221922442074,0.129120734879231,0.900009398212911,0.194810739658093,0.255166264951957,0.213459480788224,1,-0.494984554348804,0.255309195602801,0.754797721402335,0.0993028164950368,0.556555170635745,0.113826310874189,0.675132618169396,0.108326653424117,0.556507848324434,0.165933399231686,0.593265796104475,0.218355608441895
1.04023761560016,0.146204575351759,1.16154072823321,0.255981352385152,0.244744460776146,0.222163012726318,1,-0.26160133685036,0.292212260981672,0.696522774749473,0.120787433106348,0.763529422791698,0.107446217606704,0.668463958352486,0.141439043379803,0.711669304052539,0.133406713090015,0.676763813623744,0.187638973769278
0.805017508903408,0.127649666287198,1.01502039848105,0.257021666782089,0.858127944277716,0.0522818576606944,1,-0.215777468347807,0.318439223181358,0.668827282549652,0.112265292622114,0.697537236350524,0.105838285659238,0.773134004469624,0.107168121618119,0.859260503244499,0.165721808514681,0.496456743346441,0.171420601028251
1.04864905325408,0.135499980688377,0.915730407747187,0.205702669396696,0.443268568002532,0.191819938880516,1,0.155110636950714,0.296216643343792,0.69981961667616,0.106277958911229,0.676550307648146,0.0948769774317665,0.75930140618257,0.137924313823443,0.717779421339381,0.169316055746766,0.542631767908601,0.167788351959964
0.965838261962188,0.142190770756282,1.17926501750708,0.259046571141719,0.404606673028947,0.233974910025213,1,-0.0139372248001813,0.315869823560985,0.698418609894349,0.104213391284614,0.784809133905787,0.103971697883278,0.691028349782196,0.129893868462958,0.395235439043549,0.170769741509307,0.692810401936186,0.147833994634552
0.874838040075614,0.13385173013225,0.964691439007964,0.191917546232459,0.162260227357314,0.19514443538245,1,-0.363227780894223,0.281152250079057,0.757426401300857,0.105200767966524,0.592757010138062,0.0968815540250628,0.6485408455359,0.125270824337107,0.762166448234385,0.124654370401522,0.30942291799198,0.226253582135055
1.03398733289916,0.152622567463765,1.19581818353713,0.254865304783341,0.161879870927533,0.182147132362142,1,-0.235462532853628,0.34838520001262,0.728972507715718,0.095679177184943,0.719691752340953,0.102098886809879,0.742649954667788,0.13039745207697,0.745033931368065,0.150815434177336,0.789380551930419,0.151238614088671
0.826208477001273,0.141583735129208,0.930567991080159,0.202823590869748,0.138932086548091,0.159183660993535,1,-0.0368742708068001,0.288415064947371,0.623037598380449,0.106177382436429,0.911110384844136,0.101803817369231,0.628302904171515,0.138124251544554,0.547171130184423,0.16763710026294,0.760539498966907,0.152089329149188
0.880099563820271,0.120069123240051,0.807355157017587,0.15726589290815,0.389489149579378,0.192784830516531,1,-0.668367376322873,0.277921038738569,0.842108505165601,0.0876232746987862,0.817249906849885,0.10763764242952,0.60732514996643,0.122926780678185,0.58610243248998,0.123037433905633,0.614884213041433,0.164560496903847
0.956165304913851,0.149424740863012,1.28564604948039,0.290328498311257,0.257722662033111,0.16985064570023,1,-0.264491983996187,0.282676224412145,0.817325588615692,0.0956724579929152,0.675340608289737,0.125876204873513,0.550512191833681,0.152060875128514,0.316574666999652,0.161252251968265,0.712631709995261,0.128873179310386
0.994376454269106,0.129304525893446,0.819759184116861,0.187561324419098,0.55297595440928,0.160451117955392,1,0.15903766353756,0.254418631974969,0.526631478245155,0.114190087479339,0.625727807292908,0.109090428097364,0.798961679978228,0.114161596135139,0.833472761242981,0.145533454454301,0.756987453560169,0.139764185593859
1.10034047407537,0.130035648018654,0.961411950852079,0.211322684200413,0.384097485006939,0.240622584691313,1,0.146517611434805,0.271453192013778,0.567329061717979,0.097670182728313,0.804318375567869,0.0984511277980821,0.406564916876315,0.148927510541266,0.587366284693335,0.141969385577026,0.551603705060727,0.175057561091647
1.1463911103921,0.138582730738604,0.995873870044251,0.224920491983251,0.236814169999197,0.210416301097416,1,-0.192788729451183,0.27616590970992,0.739776875888674,0.0996242980424664,0.677018441514163,0.100429172448457,0.558272546371282,0.130059204143752,0.304797238929626,0.163716071614625,0.827778489145586,0.152340317922986
0.919444266791607,0.135522495090377,0.887789258329418,0.207183692177961,0.575221251597936,0.167028277461763,1,0.0376878156550593,0.31404983903681,0.671756178208036,0.102805795821301,0.749960262062735,0.102438600359892,0.679106208149022,0.133854671088952,0.208089149935644,0.183736789263163,0.778642955356671,0.138467270248132
1.17605784078144,0.132522634999446,0.838099325605484,0.18307677675038,0.326474888018676,0.198385288385411,1,0.220047131732431,0.268265905616872,0.686998071010041,0.116476336722293,0.808381027479258,0.102622594477208,0.850634747851197,0.109210842445011,0.762031255797141,0.124866071148567,0.770211140317524,0.155817049529924
1.08641189560917,0.173763701514244,1.27081382477075,0.308612924779261,0.389305828995909,0.340016844174208,1,0.498495911752203,0.343493223356269,0.584589450104507,0.114807704801441,0.831193641488347,0.141878675359638,0.808148729173918,0.128681146826771,0.719048865644322,0.159050817465391,0.741354084777259,0.181295141536259
0.910165814669106,0.113611604913404,0.533475042838619,0.115143882136954,0.473411902859817,0.174492289586857,1,0.27289582601977,0.313364420240925,0.63674523344553,0.0843394098656414,0.727750087509419,0.0959382473148785,0.526539034122601,0.1409781743942,0.59085403257935,0.144158524019235,0.491406082842158,0.150980814279383
0.973412015077978,0.125946364266881,0.794957480967114,0.189433823992815,0.699123675783542,0.122194422704435,1,0.174018205043797,0.268511856546256,0.80918868387573,0.099395800428524,0.649073070517011,0.116338918340936,0.943769422543442,0.110369080633508,0.809229230900765,0.135043318667216,0.699791725106399,0.202179942665631
1.04448227826346,0.139507745295444,1.19609973190011,0.232941955288174,0.379084827460056,0.164183172855128,1,-0.384385782311826,0.280277825375244,0.773976428427957,0.0954575306884032,0.77894733670791,0.0891696583432945,0.709154534034546,0.134330490992824,0.64843757578883,0.154387402176771,0.655375607944488,0.157898820687028
1.08383634141848,0.145999337440883,0.972142946338657,0.214894811334205,0.183965740870177,0.200349683916994,1,0.543677652208865,0.325940685175595,0.539137741234882,0.113380357078423,0.68802648298188,0.0987449932880435,0.821633039540226,0.100322181209489,0.554978770550351,0.175032556947132,0.370694453074844,0.211388926269248
1.13499243869892,0.149597211012823,1.2372782795372,0.286997653415085,0.371409558990845,0.216314766483326,1,0.0120850973866527,0.290493326637944,0.639769201011441,0.127153740282034,0.636589316195014,0.11763032862613,0.806247066205874,0.105415814826047,0.859906234952379,0.130537658618813,0.136654558946086,0.241772001471232
1.12430161672366,0.164495597484011,1.49157551824862,0.345369996874769,0.175288622173661,0.302549502507954,1,-0.0266486421038231,0.281939179001977,0.796181069200187,0.10855132762396,0.856268057220821,0.122243799019202,0.936487404603815,0.119797387588884,0.942006143388185,0.185420914274443,0.125133885985647,0.318281951951296
0.979737235808945,0.130343618787761,0.916642052473018,0.189555385793022,0.0866864611453546,0.170470348554628,1,0.242123365770954,0.270164030872814,0.732045218375371,0.104840478978486,0.694425664658731,0.111048426070065,0.795596186892008,0.134578307714658,0.598421404203387,0.141867694345692,0.684028170671018,0.174481648830301
1.06048347314829,0.139514490323017,0.98948375494492,0.195070642543727,0.0983634276918182,0.169739646632037,1,0.199407773297496,0.342813599800169,0.78886461757104,0.11177308976846,0.823886265667781,0.0898414669584908,0.583877431646976,0.126598494298946,0.99089116172512,0.125768859170702,0.65311465323946,0.173929416864561
1.04972642334454,0.154806679674122,1.18622791101415,0.26887563243958,0.200941463503706,0.248882678891928,1,0.022986385896875,0.304958764178998,0.777896774680634,0.107535055296615,0.41641232474537,0.142832900647833,0.872778179991221,0.1164138808111,0.938239669128423,0.142306652899007,0.58486898403159,0.162151722216992
1.0815369593557,0.141474443505374,0.979848790990236,0.208132083338668,0.0933706703970224,0.181888937086323,1,0.0262640592995496,0.254003164692975,0.702484247194581,0.0944939187811934,0.796584566111312,0.100624707158332,0.847410530128871,0.13611219075072,0.757742485683542,0.154832296474386,0.534319914450491,0.167280019346785
0.913944331447878,0.123909600728247,0.643587079526207,0.149769629328749,0.391539785387758,0.22767834578767,1,0.206193353970917,0.292205299265931,0.433246955287916,0.118385558988386,0.429507313559174,0.112957158198084,0.673998912351094,0.09920559408872,0.82543015261561,0.125733347679973,0.234900657745476,0.215298550647111
1.15851898974224,0.150301258378634,1.24264939437639,0.272606041720985,0.640395127513291,0.19136238566009,1,-0.26750765626175,0.290670901254485,0.809717837311603,0.128686313432679,0.801745757891827,0.0988263812516103,0.755582968862207,0.119068710275921,0.768254036311766,0.134955615480969,1.09427952928571,0.148274068178348
0.885308460403177,0.135366304287549,0.965077436718098,0.214937053869303,0.320321981311267,0.179525834561724,1,0.222537680594934,0.253180355942743,0.708008499428212,0.0899770097189402,0.52410032432623,0.107062673214993,0.4963288739678,0.130929264201274,0.759880315709335,0.154618542603142,0.705889304657805,0.178691388258364
1.26188481558444,0.167447671228027,1.31507832442249,0.319539207319509,0.231762929453038,0.257210000145938,1,-0.116375782835685,0.254082090112622,0.945764619954377,0.0992263535610728,0.67404836193602,0.130549975972758,1.04585201482214,0.105146228757729,0.479752722118673,0.181433777977705,0.757401027558637,0.19043835710767
1.00534981390508,0.12791436796269,0.807779166432872,0.18936647978535,0.530829012609333,0.237532965519445,1,-0.0670396058369182,0.301451329589238,0.783617140856744,0.104790129550547,0.592874421465099,0.104247546122912,0.72559500569907,0.117945933312336,0.648669145144235,0.133855808843265,0.479339916000404,0.176882150024059
0.988629663769261,0.14655432379826,1.01477574165351,0.247136662924952,0.627730637395867,0.203525967664263,1,0.191771304892411,0.298914394228021,0.610308283441206,0.111381893824559,0.839991651621451,0.107640524717986,0.781346267297557,0.13054839052394,0.56049608326674,0.180895172699766,0.795900148051488,0.171925030035285
0.93032235430098,0.133013279285729,0.948539593111873,0.193045858671634,0.148470012506766,0.168069940997568,1,-0.100275579883759,0.258875989527612,0.723063531596988,0.101567879169754,0.582689920148101,0.102604007958766,0.705986511252069,0.113835298738568,0.765313677794392,0.154090472489662,0.700925818692505,0.169461117053604
0.869108648519049,0.130631880346513,0.998008210080497,0.228616985639535,0.222840548164252,0.267425227673577,1,-0.396751061024568,0.284819445324307,0.650137277951371,0.102916349667039,0.706677179832144,0.104094818204943,0.57957035058647,0.140582551711099,0.631814207037471,0.167840460755692,0.675227058116569,0.161245682870803
1.12517153999333,0.132486336131986,0.842775753047035,0.199324955754791,0.217076304137596,0.186358851364918,1,0.23025843498712,0.253230519372416,0.550234276423161,0.126826018294444,0.922447858772312,0.109002136332949,0.508221321211993,0.13486084126271,0.891807916017475,0.12150981852146,0.793624588477662,0.151206697756883
0.948607700841704,0.138233607350602,1.08073980267612,0.2450758942271,0.55618628019092,0.200665480469987,1,0.328216741496626,0.311130903184797,0.745896203724345,0.0966797907337163,0.725999271338365,0.101781371213404,0.793173170129237,0.144249312365569,0.579716938824304,0.20844767531838,0.464700575799293,0.230187932210976
1.07166919989308,0.144353083669946,1.09517801037225,0.239262184783149,0.0791354981773193,0.156284682308776,1,0.330682945860166,0.293496696874909,0.69214335096551,0.103800795153135,0.748765423190602,0.112682378086334,0.780371986505028,0.121270090972421,0.529702647107064,0.157628624606642,0.673833137931484,0.180973373392892
1.05009883865859,0.133775385983683,0.964891692356536,0.203800927383016,0.359120012329742,0.2081778604048,1,0.150109402167005,0.259071391163355,0.488899158775116,0.106623041154969,0.659405352860347,0.0933061888435576,0.645807738607104,0.12321617607332,0.586767345643509,0.156952699230736,0.595984649530282,0.187681559233207
0.968502066217025,0.14564340647346,1.11351707999998,0.22033934951113,0.425984313066254,0.202120965878603,1,-0.0775690858619569,0.316691208213831,0.519313889435917,0.122585592717206,0.571950809751892,0.105199807573175,0.654150829871072,0.0987835605714982,0.6291103128404,0.122595649081098,0.633003549135903,0.144398283838935
1.09672873087973,0.150204540784904,1.18097802815852,0.282400086699816,0.340650660341461,0.20851173608225,1,0.0340384127175687,0.246647251654814,0.781197150304796,0.094233360696763,0.791960310587282,0.118318490761042,0.666506154167839,0.117219182267175,0.750545798917062,0.129938699327645,0.591849186891998,0.186647383292242
1.1247502656134,0.137176342162197,0.977074196555544,0.204573536666784,0.263188689974258,0.209427848159754,1,0.186096035466492,0.252589445029301,0.709113390178685,0.0943194108623423,0.778132009469165,0.106575133530136,0.643532312503759,0.125286943734802,0.669769782746478,0.142856627665558,1.16952270830417,0.154781000705333
1.03649545846893,0.156415842275339,1.42302674698476,0.329466861757683,0.486462078978524,0.255018359714762,1,0.0916526701581756,0.311371585083783,0.609602362965433,0.116389160721822,0.610803877301734,0.110848311484208,0.70509066680362,0.128493774433398,0.601458421399576,0.188007002924367,0.469269218863988,0.203461029732296
0.933849937565188,0.129798973258418,0.899264300648123,0.184340600978008,0.238228478196891,0.230286162810475,1,-0.321051267109488,0.261434352375151,0.625365325481325,0.109648177286417,0.615729240452477,0.0998122565193384,0.784669324009542,0.106282154088716,0.678796728275889,0.130067307032967,0.891353172949619,0.132663818251057
0.80571155841876,0.127344448649968,0.83142147973296,0.178364309498642,0.255288337403079,0.232556999888832,1,-0.443993176772721,0.282063181463285,0.650404935869847,0.114586691078017,0.667930461849217,0.105593253585836,0.443867340436006,0.140166741412432,0.655795632553082,0.13560473297369,0.85043167394315,0.152986985508272
0.8564087157396,0.126469258490916,0.913423916607288,0.195566546005012,0.0944999745227381,0.183164005726902,1,0.0935253089787494,0.282592498560877,0.665003611424202,0.109428276570164,0.682869493478977,0.102098255509187,0.606494726040995,0.126139966730455,0.769679147576656,0.125144643507574,0.385984273462427,0.169859705155431
0.70812781287718,0.135475624438699,0.991052344650812,0.209929502348477,0.494353445686538,0.203884271967692,1,-0.347234051618557,0.280631640199802,0.700158762831817,0.0937542159701492,0.721023353578562,0.106811499797011,0.540717874797895,0.126507174660104,0.701222728341336,0.130641815413216,0.621255934330152,0.199928437057072
1.04645657294697,0.132939877693326,0.777966343253105,0.163026855096158,-0.0325940581963293,0.199813931314483,1,0.137440091843361,0.244649521034304,0.67125803968299,0.112244783357584,0.708222606327327,0.106706875373276,0.782691064116116,0.118802225790111,0.507643007942818,0.159460248628593,0.669941642494084,0.185795556492908
0.958880267622317,0.125228432443475,0.802315845935977,0.17089310242569,0.328868244886711,0.214095662939037,1,-0.191856405600042,0.248761688450966,0.681381641674133,0.0952753854293669,0.790305841902696,0.0938306893219278,0.869168128707651,0.120934016286443,0.169415461097867,0.195634092254444,0.631203857218874,0.17265678732038
1.00127715563833,0.150585344770372,1.32052384500095,0.28648056402662,0.246627510363581,0.248203391423041,1,0.357380412590179,0.268508493501924,0.773855952175781,0.0941944578391587,0.611360121373031,0.119200412588994,0.911122157710011,0.123974598590058,0.947553066536007,0.130903110347727,0.631405815435649,0.185404005159178
1.10968312464623,0.161742755876931,1.39558355413941,0.289792647115983,0.302903487530736,0.238462993575068,1,0.206421368307394,0.281584266843806,0.742775709283867,0.106157556854082,0.77841699730482,0.0997246509242191,0.72441107462114,0.135353547492505,0.758769767042469,0.150162520476468,0.769967266303908,0.190173358499565
1.02125610884849,0.147894162987181,1.21977527604762,0.258269332943794,0.538976867413671,0.197154018664508,1,0.274821079380012,0.2797294360921,0.655689336176702,0.111378997684825,0.6942224808453,0.102428498527732,0.805645944963052,0.108955397257646,0.883553945027966,0.137561790783923,0.894528234233284,0.169316379569861
1.17465671413634,0.12880623206469,0.826697175724745,0.159431469438431,0.139651262130911,0.168793382078843,1,0.159042121504037,0.246587791320738,0.761703381159653,0.101538190394351,0.677826516144904,0.0969996081044688,0.767593919352096,0.114185975986355,0.592701585495418,0.140135216811665,0.680427714709883,0.127617622512344
1.05563046754243,0.141092901555123,0.92810427978198,0.220400264977341,0.812390229752256,0.0964880230673429,1,0.33223482375981,0.350194658104417,0.700879511414313,0.110427217561031,0.815065001468624,0.108904392964434,0.711012503387398,0.125725078643662,0.647680487815113,0.180765078421351,0.740982572050245,0.166061328509763
1.07016675426157,0.134261405690565,0.851202183635733,0.183179467117845,-0.0769786311457444,0.154679467855285,1,-0.0332761361840039,0.238161042645833,0.591232038595003,0.111591630952233,0.733066809391179,0.0994456128616243,0.590968425657811,0.115466980900963,0.921016872187499,0.126196562110967,0.925979236509845,0.173850153097822
1.06737054536556,0.1391547590286,0.932293754294525,0.19385880227937,0.228669238271896,0.208984722932824,1,-0.0377333757601814,0.302983251614129,0.870381741598484,0.0892843697361373,0.724074960125252,0.11769455063495,0.510001843552422,0.12641110084823,0.72580946631254,0.136897335340784,0.917524557293498,0.150008612174721
0.894544991904495,0.143547062830112,0.996461652475786,0.21462042055525,-0.0362602421878972,0.165078856195451,1,0.220173711082265,0.286252310254682,0.458449337719085,0.126134392398307,0.714559718086604,0.120189362680533,0.940796441244631,0.0932675027176278,0.557614363386374,0.151789545140754,0.940145622445006,0.146419383374531
0.882715807864286,0.126678294483946,0.908736768597108,0.192990398056032,0.347219586117849,0.225395437326593,1,0.101552420896452,0.271808693924285,0.672842593367429,0.100232424676962,0.79505764079197,0.100002007543988,0.591791126838557,0.135510838748555,0.636535144457694,0.134979309971587,0.591264824764898,0.178900230635812
0.964323640159483,0.13828911521145,1.0765068349231,0.227604704875309,0.377537232927383,0.229225732855724,1,-0.308447944996635,0.278470474066248,0.763962752319365,0.0916436653776531,0.722812945961197,0.098655492607435,0.579264157236287,0.130965721910152,0.642554255937166,0.152918902902822,0.523983880449976,0.173408521994397
1.01996719802142,0.135253777371797,0.977520357311259,0.199156572242659,0.258569861307234,0.199403346799313,1,-0.168468512812518,0.26229010358917,0.683427079708629,0.107308231242954,0.642246342369188,0.0977554741457346,0.675336593773562,0.120909599621316,0.793093688970781,0.116719841090286,0.780783872136796,0.168531386133376
0.877704542849373,0.122931121010476,0.894159741660654,0.177061300645771,0.208128315875166,0.163510726266904,1,-0.144483455826732,0.230221881950431,0.792159899654459,0.0944951031618805,0.635905953215854,0.114514174883984,0.52593076881728,0.137114354685051,0.831722481194409,0.128458322201414,0.626838916643502,0.17608805630615
1.02550228593723,0.128348905181512,1.07071803290733,0.238266803447989,0.375803514715978,0.225647807467146,1,0.304007190724027,0.258122906280422,0.631312038531175,0.110143090355652,0.693083355356829,0.102429708946833,0.643786400818517,0.124008003661935,0.653526757709835,0.162895879519982,0.632850186240924,0.169368705718161
1.26386320509866,0.145127466238,1.24684201798463,0.286892242875289,0.377666025530503,0.195757086795311,1,0.229534692551805,0.275457192754064,0.75602134151947,0.104517657067351,0.647423676158908,0.125232766741929,0.504288491593178,0.145733160123084,0.976549075252907,0.102706345513731,0.626827536878369,0.163528728330453
0.809049605449433,0.125296217532248,0.858057610053634,0.173860735125833,0.170012503997296,0.146357626787051,1,-0.380501868560548,0.265197301717726,0.665186909359133,0.105995202420826,0.723650849328829,0.115199537486483,0.695902967617744,0.129961225143354,0.449320718794859,0.135230977054054,0.7718635738954,0.148964898030815
0.867591870495035,0.14225707221386,1.3801884510782,0.334796743503383,0.250106946860577,0.211618575847312,1,-0.487636070010409,0.25131731527017,0.726723905011493,0.101646808378813,0.845396401568313,0.10807035951527,0.725373845360997,0.149018540016549,0.563429653158625,0.167677506919394,0.784040086282267,0.19882673023908
1.06937988267484,0.151043942751237,1.32840506383963,0.243939763505295,0.081740348808771,0.187059977329245,1,0.186113187544826,0.313776183618392,0.815734545141242,0.102309396646239,0.819594517936912,0.100752041499121,0.622922318024638,0.122177480096458,0.69511486357858,0.125966872997113,0.604632897871965,0.148437457621135
1.37022780404944,0.149813351029973,0.954702701080025,0.212350905937232,0.263772012416433,0.175514106321957,1,0.0339111954636582,0.310814320243898,0.875341833837798,0.107436416260957,0.710660005897408,0.111819558832146,0.780728906742348,0.101860131369572,0.858566733352041,0.128743313786976,0.540979692210582,0.170098807545714
0.970816080894139,0.140495938640295,0.960465290769453,0.194744183965392,0.190146902650975,0.209174324662233,1,0.36776797790451,0.275143975074704,0.730882543613646,0.103718012904394,0.658577863425258,0.105836621415622,0.807345647612316,0.114158411985782,0.434547493777874,0.145672404103008,0.933643038460216,0.130380299239771
0.875638998547263,0.12120401059393,0.806421423435666,0.172742523113016,0.499628610182408,0.201983339001175,1,-0.0206969146145613,0.263523130109418,0.735466310549664,0.0898718224319118,0.874929604854668,0.106069722492266,0.636206584387505,0.129203140205693,0.727204677352635,0.134657884901884,0.565687696025435,0.189167048130591
0.963212873553139,0.123156605852758,0.887224570680391,0.194831117857717,0.449418949954193,0.185261125276015,1,-0.00313684746208711,0.222592835983453,0.601310107024084,0.0952579377293754,0.860237048762158,0.109678665733474,0.48309276818979,0.149446798446367,0.708725903635208,0.131528905961327,0.794552643819214,0.134441033933964
1.12387555745834,0.148007755597429,1.19818347285777,0.271419886128801,0.461830114173722,0.258302136809024,1,0.175540497215159,0.274231155821982,0.718610198347979,0.110116274239033,0.556319448351563,0.122634636354219,0.679863546932799,0.129712373122391,0.605891468103141,0.167322041224626,0.714894458667641,0.169396379181679
0.999951362759765,0.140089656421063,0.941391369948101,0.19936374185021,0.17525023039599,0.211195136854793,1,-0.041568656406886,0.281126726477227,0.513801268484972,0.117024292493256,0.818366379606485,0.100639171811746,0.787233138581331,0.133928028262505,0.379643998936564,0.16053700816871,0.805678119075131,0.129913799411253
1.04368276308088,0.134073142552856,0.993175892296426,0.207850979115359,0.415716412825619,0.17481693598907,1,-0.117960159917622,0.321256443995899,0.677917665020966,0.118095971992776,0.526089877126596,0.126038410861686,0.818223016115332,0.0878119542133304,0.845503973584731,0.103113671172324,0.710722988751908,0.140936880908899
1.11558853117789,0.127254925184772,0.776079949725917,0.1647451977326,0.44856688677438,0.237339727330005,1,0.141743269497473,0.273211064514275,0.631711443148052,0.109173862702406,0.749823660467077,0.110403829408152,0.88334250209032,0.0951491128989403,0.549519717987115,0.112205147807973,0.598641252714614,0.134966074896912
0.980086868930832,0.120826117883606,0.798523960487526,0.177744114644823,0.234683369247421,0.248579081817749,1,-0.265854962117165,0.215272779779378,0.811174142968854,0.0980079101806602,0.845410131013018,0.0979953214731198,0.663735193579323,0.12763550180557,1.0637890093583,0.153444665260577,0.184137816765496,0.261033502632498
0.850349637557937,0.144138274859244,1.24943973470848,0.274743522968244,0.219638011794811,0.21979751662183,1,-0.120761427028479,0.265034598532999,0.595749647902435,0.104789145881939,0.808407532563194,0.0918668799777915,0.782837233321182,0.130425941925901,0.556819660892011,0.195997085556811,0.537892558420175,0.186209377009778
1.01899837507536,0.138574324362721,0.955962800453019,0.205593124655918,-0.0604872277454697,0.192655124845457,1,-0.264742512663112,0.242018234605538,0.656458140990168,0.102370327767349,0.887648927265164,0.0946106180409282,0.741093917461445,0.127511415264421,0.578453480259699,0.157169488571965,0.953735262541281,0.184415350213863
0.975903116648247,0.152128803033919,1.43474914858524,0.307364593471604,0.0849079494200044,0.186536717019644,1,-0.187927233683075,0.262954831835455,0.793811878185775,0.10837586370924,0.811028286799668,0.128784637969868,0.708354125508139,0.126449640850278,0.668305257205976,0.114309035750957,0.917455108420704,0.153536109219264
1.05819905011209,0.143575715265933,1.06705075397628,0.243021233309521,0.426971778775727,0.240470297840296,1,0.101120811029372,0.293748802191359,0.563808399104643,0.117537546799259,0.646239642299538,0.112969377791795,0.890958502025743,0.101576859753226,0.724214749447994,0.140551626165373,0.620627154199656,0.197225988667706
1.01878878383748,0.142492871868115,1.03407588668893,0.206692255325817,0.164088441083078,0.187925521159459,1,0.170848698278191,0.251468019849205,0.411632851460378,0.107753040194464,0.830852491510343,0.096844639579075,0.443579213652514,0.136943796475378,0.620709894738211,0.15810040876693,0.715089987884178,0.159245197209501
0.900385270444825,0.133692065934635,0.885641546342431,0.180381754522681,0.113298738168737,0.176358987417959,1,-0.293462543537241,0.266092352804193,0.689024142434347,0.09149906203346,0.763578569553537,0.0980512434080615,0.488694933722688,0.126786638555735,0.602522657253842,0.142832731228494,0.757915784777538,0.123332360558476
1.17815002131502,0.15356953136168,1.21959524334696,0.262626961955819,0.38173590079294,0.25569952943553,1,-0.205770630725513,0.318486513827178,0.823460240558442,0.110814269323809,0.724714907350325,0.101338268913117,0.714125138298449,0.13800791768376,0.615043512798559,0.132226790950048,0.864691698642707,0.159804638191751
1.22830251429624,0.15197079492562,1.1616845429121,0.258610891399061,0.252695861650714,0.221336674174204,1,0.260665267425925,0.299646090194763,0.650752857531307,0.111912324405207,0.85562625969087,0.0953290714367609,0.793499867275621,0.121868016421774,0.855906383889518,0.152146343896566,0.814460712536503,0.197486285072041
0.819237854732963,0.141739678392629,1.12413059547964,0.237074308605465,0.30222776967238,0.15157667703868,1,-0.138904627176204,0.262177765764229,0.729699553525211,0.088599008910453,0.851444401135263,0.0820838521579109,0.607957142303319,0.134478977506871,0.522959879144875,0.19647860829733,0.401020588993157,0.275459072959753
0.952729733583169,0.134249782679758,0.946968928325712,0.186819846879824,0.209150907369064,0.174127215083355,1,-0.190136193281513,0.287809112878129,0.784303347212853,0.0860448945292197,0.703579638849774,0.100203789504072,0.767341808730739,0.129564231428064,0.876492372903549,0.117128693947955,0.833137159931897,0.177020849430938
0.833001056476569,0.135908953004047,0.970378373738114,0.219789014007618,0.102817742525601,0.189540102117852,1,-0.322372965781262,0.290786231410262,0.749560936330621,0.105450871787,0.65172235246731,0.119307079744624,0.79938025911347,0.116158242412188,0.475314976127091,0.172482539208416,0.759735796818164,0.162280023237884
0.93779322863004,0.153800709700021,1.40835989687846,0.29955783316878,0.349940936031631,0.254746412069772,1,-0.492405665900857,0.313074550270455,0.899294258504397,0.104273279965903,0.613296298218704,0.147308337577617,0.637243017159772,0.122521355868326,0.946921731135666,0.116965421203513,0.514246902225157,0.15885159557722
1.120946334068,0.161398289902573,1.2651460380504,0.306115041282346,0.176096700780918,0.229154300690089,1,0.11640585998664,0.317401651578882,0.776897695946292,0.101606114147034,0.628059030606879,0.112173838723886,1.01243973545738,0.133629189200661,0.722365430380222,0.180851304959716,0.558829319364396,0.201296354168824
0.920411497418186,0.152022634529389,1.42600698492948,0.335232528885735,0.259638537534714,0.192398710339116,1,0.138115338540268,0.285775347742388,0.597783796397225,0.111483239321507,0.750321107291348,0.112314336961852,0.751465363792762,0.138630694054595,0.623789449593205,0.131324195535494,0.722799061435361,0.197882865831156
0.836913920182848,0.127425300296878,0.921038942267213,0.199038461114124,0.537011691619358,0.216531770892125,1,-0.621024539246537,0.294226451567517,0.78320709912118,0.0923370223462487,0.58205858106507,0.110356585593953,0.6428420800033,0.118106444017711,0.409291170868864,0.159646972366163,0.857576491815583,0.177661586691355
0.956815726145437,0.158904566732546,1.34836735509003,0.287361240667864,0.0703061971415922,0.217727695063819,1,-0.0439337894768307,0.311572915099098,0.68502952382901,0.109704751028763,0.715651879185795,0.104570743059886,0.783182855789134,0.115445303530144,0.354705813001025,0.148085288206082,0.805065902324973,0.163047033496172
0.880978996610099,0.13939934794003,1.11349426284187,0.251074342399536,0.250434453869795,0.223259064166653,1,-0.00880488670307091,0.323040815526842,0.686772515687578,0.102953100980758,0.825708401320167,0.109153335913722,0.659458606227708,0.143699540319995,0.648159645906832,0.150559462338183,0.648435416137139,0.194386805017101
1.03180287306227,0.136417133506293,0.997862686839972,0.209113284801191,0.378850575910256,0.215093366633371,1,-0.0565841265799888,0.311392711338377,0.611918955782604,0.124587645583131,0.677835719435038,0.100168862211111,0.837086873860459,0.109936090336526,0.699271347705616,0.137365473736235,0.792152558893176,0.206952575088307
1.1302009319095,0.13931463128692,0.895317591680092,0.183996141807749,0.3008587876917,0.176378143511865,1,0.215456120262625,0.324763982229325,0.855393048815415,0.101992201187578,0.606497240481299,0.111837337037027,0.634861376593104,0.101856645628866,0.559053717207433,0.136143543765975,0.664356443786384,0.148618467834418
1.05268869457626,0.155738581413562,1.08150125137772,0.234226589169596,0.374806699338683,0.241654484303703,1,-0.00729046737181736,0.32210402640447,0.649036219071758,0.112967211923696,0.55947207192357,0.133363056303218,0.613552065147949,0.118898283405797,0.792873856332166,0.126639299438971,0.517888717831896,0.146802747606351
1.00893064923636,0.135168286665837,0.970912541313779,0.224745623454965,0.462179913476442,0.257453534513035,1,0.418561346097514,0.285421399077035,0.630196566181214,0.102485504429249,0.586463279295467,0.113248329848934,0.57734810064298,0.142682493728433,0.517646860982647,0.174260866862915,0.490607682970781,0.165180467956815
0.783052020056048,0.131342491886249,1.06548308069758,0.243278140415311,0.352643442893957,0.25649700288905,1,-0.291792238812857,0.244674651156006,0.814266691852054,0.0887691350412887,0.662549789914968,0.110133091456822,0.680449414257488,0.135566748467914,0.549382269191015,0.15321400782517,0.952690964726514,0.199723703147833
0.937201506728615,0.119664539180061,0.720938550143176,0.143100824439224,0.0580434054493238,0.168674100575659,1,0.260925831090343,0.259652312438161,0.594057604069972,0.0994717143618865,0.668356854228607,0.105036533270414,0.573043378777349,0.127349513246104,0.811441659918384,0.11725071272176,0.816044372983066,0.186487216496813
0.997301140696064,0.140964131297652,0.902329804319992,0.200775810503621,0.293389914819665,0.263427454931992,1,-0.315104915201209,0.300659644536275,0.766514658173704,0.101846635215467,0.683123265379583,0.0968103259009674,0.511545888065893,0.133192860013222,0.725838839698884,0.126529671327514,0.690792893235777,0.188070244554768
0.915995077694323,0.120114642907931,0.837676833626238,0.183380407715103,0.344945230334316,0.214725635338542,1,0.0707523810768765,0.240557372424604,0.636079733320345,0.0912848691202848,0.599339710102369,0.0970724393975618,0.506420769300044,0.137924633612953,0.521028136093713,0.15994109658698,0.563554722915829,0.167309829538299
1.1179499270115,0.122773310637066,0.737055948389689,0.147898243147515,0.148802596601999,0.196993838152798,1,-0.00510110273323145,0.288515306755971,0.670981657175902,0.109511601740795,0.751633651019343,0.112781294209411,0.652124448236012,0.106659284955135,0.755505498469918,0.120709075905073,0.481249452931582,0.149303431727557
1.04529700906878,0.140607141663998,0.956708223452776,0.212873294150764,0.00232491732929993,0.183229362557878,1,0.223806790797162,0.247016035967322,0.553016966249031,0.103830512521801,0.784111653943243,0.0970322284240521,0.733557508345071,0.104523817767878,0.803361107612339,0.159051710390228,0.901871501597046,0.222603128745967
0.84487872990861,0.133467938143807,0.806692825851564,0.193291969636169,0.173766209920127,0.220189465516505,1,-0.184405811898681,0.284742905647256,0.857499014292892,0.0775440007565621,0.626627936566388,0.113879436046809,0.697831516997349,0.144887809991948,0.265317595062603,0.292889092379769,0.698336402351775,0.219760547818209
1.0336317491132,0.134775478845939,0.843304774462279,0.174175972266383,0.305804671223147,0.238432353372589,1,-0.0262116288651209,0.277655627471729,0.642700789553782,0.100520606259782,0.538519199169791,0.112174433792693,0.700146346747831,0.115201707573659,0.822479179980093,0.116608487406707,0.687560012932406,0.177124971414176
0.922512516072101,0.111441374680844,0.662656776014456,0.13196533570761,0.22295271099159,0.172775492816907,1,-0.456871474797619,0.211167958731767,0.62274624017978,0.0946455622630772,0.616267416663936,0.101012421322449,0.4218245327462,0.129764642587269,0.855200685998184,0.125278581247942,0.669172954520875,0.157135445278211
1.20792523042331,0.13007431603933,1.00967188281847,0.192734614113711,0.265367500429915,0.228191086832338,1,0.0417992552775723,0.262272625712439,0.807227776803897,0.0846375883269901,0.770885926807723,0.0944133142546131,0.708647462586548,0.119641835227273,0.92484563549528,0.116688807401825,0.768153201059809,0.160325237819796
0.634888942758088,0.119403934487068,0.782064013913224,0.186373717939713,0.319671813707023,0.199740499029716,1,-0.327662095355422,0.280983807961433,0.579818360095969,0.104290695308518,0.540565302810701,0.113341821588509,0.450964117052959,0.142923926522039,0.600369048195814,0.169807227877157,0.533008440395391,0.187131758876437
0.853845178697312,0.128932737712574,1.02224053405926,0.214809285446709,0.252152857099903,0.211475390061003,1,-0.726694857207207,0.297014340376377,0.7845444122784,0.102935892112362,0.760777172558903,0.113179171118258,0.537120773416508,0.12833600235791,0.631267085805529,0.136427483150199,0.81850212665671,0.169914601546537
0.946135326075676,0.136012297312051,0.921859180100305,0.191650814053399,0.230554001432353,0.191231584744331,1,-0.174691853088254,0.307491776003508,0.76614175258029,0.0887279123219355,0.912352067270325,0.0950305302259184,0.69745627060472,0.145527164488019,0.639774620574046,0.164667856593479,0.636859538658978,0.241360306848573
0.939383325618023,0.124602316779401,0.833242146585024,0.184185226044885,0.216268525094677,0.201235666123011,1,-0.384141501835624,0.290908252497777,0.688386026128103,0.115041058231525,0.72081992717032,0.0905580203443832,0.818535021985834,0.104670903358174,0.576620339477897,0.166817743188387,0.601520568757716,0.211081615381047
0.857804871422296,0.137381384864948,1.09195503233814,0.245205858491016,0.29649356887038,0.223527729856308,1,-0.408397247480213,0.283997454387631,0.86124541228423,0.088564334315002,0.609929680268341,0.105996680774636,0.814104331511765,0.12296951967419,0.738897050134508,0.204697741069555,0.515166237349739,0.246759025975297
0.877450761634527,0.139457809076976,1.13172237844444,0.248058531485845,0.157583242813102,0.209961718513012,1,-0.194631071961854,0.26647979962835,0.65138890591172,0.102874213463713,0.669312892655449,0.111571941949979,0.839212222630215,0.104901071386343,0.770074992347027,0.171039102849028,0.611387122046083,0.191857891772728
1.21964364614901,0.142198242947233,0.961393283048734,0.200822451083833,0.142166357315041,0.198402423565916,1,0.241412870347251,0.27658057688742,0.766453219261959,0.085270820915669,0.750640775915519,0.101398601788854,0.800209165855673,0.126039886364882,0.732231483881875,0.152137011188955,0.658860859003654,0.191174215003105
0.814540729887073,0.128466670369536,1.0600973574497,0.234168937031165,0.377344063410323,0.21948599720625,1,-0.562211566525494,0.296926566407933,0.840313894401858,0.0839548944502913,0.725192004527732,0.102739304555009,0.682330761318577,0.12444803322736,0.649820308297244,0.161373074159834,0.567872833542358,0.231425182851332
0.958856062081912,0.144007472237068,1.18926656285719,0.256649188909162,0.480875456799974,0.249106063152888,1,-0.192760788568183,0.270794245898866,0.59333694216395,0.1173811510347,0.653725496966705,0.106423365784638,0.823186249363263,0.107566069023762,0.782524913964818,0.148310892571726,0.804690778183586,0.178172016549249
0.955333173755057,0.136029504906153,0.925761281287133,0.190773431773697,0.241274900261895,0.203672881832563,1,0.0457625919042609,0.264116680314633,0.556958784829821,0.110272422725592,0.717885356164288,0.0925236929396446,0.649064948156131,0.114338077996717,0.710683463178164,0.136260669207083,0.743025604621933,0.152367646681645
1.05982333720861,0.141679622329012,0.833839476713151,0.182703372803074,0.239722790116738,0.204815174738808,1,0.488648509940538,0.305478359928404,0.559564758791849,0.101289087260082,0.785041832924205,0.0917291099253668,0.72045653025299,0.138489515690153,0.394774843465394,0.167747633808676,0.83546787900222,0.164131201179963
1.0507177489491,0.149753341219662,1.21196995591746,0.278325253887406,0.356358066605409,0.224983854451296,1,0.265614051104139,0.310131387636411,0.64841973054303,0.12262441271378,0.640409443034214,0.107063506900163,0.849249797020857,0.0958983085711025,0.621262537351323,0.176271693387561,0.629965508756177,0.209776366094798
1.02716599830589,0.133784679950158,0.956652520479499,0.215716060065555,0.478136200536477,0.194523171702438,1,-0.0549056292113911,0.226519402453889,0.711604097477211,0.0957971674349938,0.668653720832726,0.102780923874704,0.686607916954033,0.099620760708446,0.660383610998299,0.151110675768436,0.282630356763185,0.210128378971429
0.954205007893303,0.154049145117556,1.05669742319702,0.224285861994823,0.215249828620224,0.205643821914242,1,-0.449220671445787,0.375233258303731,0.698514373222696,0.115326860003169,0.657726559867861,0.0994553566159467,1.02264073495554,0.101491898666383,0.449241895569982,0.179232032297733,0.696350343815684,0.2099344787894
1.29268612635432,0.156220148906659,1.4326332015317,0.310662000432192,-0.0163364135665761,0.193425338635123,1,-0.0120418720097606,0.293800070638805,0.945011847507859,0.109951516677341,0.679922394251631,0.123058719740969,0.793244217488982,0.106939791142789,0.872198134541764,0.124593401299138,0.722440087186105,0.149886733889783
1.161242687923,0.139545896074563,1.05469322527274,0.225069153552089,0.302856735726937,0.199865531273054,1,0.216366412108244,0.257702103532819,0.673134367719458,0.102524785894323,0.765902445413903,0.10663018308286,0.513843798197389,0.121125733564468,0.689697265078059,0.111611708330176,0.530458557539108,0.165786037998999
1.04877356941593,0.122893439052765,0.777323669854832,0.173490564510977,0.534476933832298,0.188653031502555,1,-0.00484019179553669,0.232633260201067,0.651081809432743,0.0976085182347257,0.667286773570177,0.114502274346223,0.706150190356781,0.118784982956276,0.664370795834655,0.147983733671661,0.703691713184516,0.1589894903735
1.14468729127355,0.143460346771281,1.0644386362557,0.235340871360118,0.142336411610192,0.228594621100332,1,0.155464572011466,0.265622658608303,0.740875939256315,0.0932610769781744,0.659980982585405,0.107669284257344,0.680309888724071,0.140645000487966,0.90458953216948,0.129117142020384,0.583672151589088,0.192362497290559
1.03018650294052,0.12747114987067,0.531630197848116,0.144226366140084,0.735583020122678,0.0987961751300624,1,0.520926183776236,0.334976456705951,0.709291404589289,0.0951197905167245,0.629320008549853,0.093303752974951,0.514903388413019,0.127993085530459,0.407479446152428,0.154159081353661,0.635481406688863,0.178838094255541
1.09642047215098,0.171280171597721,1.55325749491958,0.351665560070269,0.0180227587968604,0.191872885858985,1,-0.223990205009862,0.271044756548341,0.749183215474546,0.108125523156356,0.843504528364659,0.109625538588255,1.05567119111567,0.134609343170974,0.725310345690428,0.155505897238508,0.733171968069248,0.140230552951444
0.989466173975401,0.134868393999517,0.989876492202774,0.194743085908551,0.500542293567443,0.189727360415515,1,-0.164557705480465,0.334482229441805,0.594698192642029,0.124772296982992,0.632148594517204,0.104764246546078,0.667280334303133,0.105635898402015,0.579331562842434,0.118186023426284,0.655414158719063,0.138179164207445
0.888491010215219,0.138802825359823,0.909927481015476,0.205321873530196,0.308107217325789,0.225939982733756,1,0.436824813050516,0.291673807276095,0.580873764611024,0.10395103025092,0.682875957202017,0.102432707231522,0.760276607324344,0.129183490328972,0.413486255896432,0.142809242998305,0.868789687232973,0.150684499642673
0.713009352303457,0.109669046242732,0.587740780359277,0.11842816888286,0.33033926611608,0.205289428678974,1,-0.160270633734367,0.251052049510833,0.675828922593062,0.0975096512555484,0.499586608539238,0.100430809807434,0.756358206967922,0.120921632952561,0.855527026117924,0.133479380662151,0.672668902402892,0.20381162950434
0.952115095091069,0.124747810593875,0.969884073410119,0.226153263822247,0.313719835013729,0.259456557768349,1,0.213338478532562,0.309243437505755,0.779181992620279,0.108250165351934,0.819484166454055,0.100906624684604,0.593228748171071,0.153549546930507,0.525439624465829,0.172335069665378,0.608493499931957,0.169190089318637
1.02081973461867,0.138626275530565,0.911305426272803,0.206064424268041,0.257993847025243,0.196099892027613,1,-0.518487528679559,0.285585408225866,0.804969550940891,0.090010569627731,0.871861853724854,0.10202544507047,0.477827143678435,0.139087669116608,0.359281502385647,0.193179085998647,0.204794030856542,0.231430885024579
0.759264757783647,0.12898377860989,0.787420141684696,0.180616700063024,0.613041513308502,0.176202467590309,1,-0.0955926580778452,0.300456657350071,0.563459359942281,0.114397276750246,0.658673393290909,0.0991435533904828,0.549303169060682,0.130707505613786,0.75468392175382,0.14016083763939,0.445961153505533,0.157873683057751
1.06167771930895,0.134923910949062,0.807535383304946,0.167091208088444,0.141109408749168,0.18583858738345,1,-0.0093281614429413,0.303479425626771,0.676707738489933,0.112304679394881,0.720769084851188,0.0993916378417633,0.713626383930721,0.111708472914387,0.546180541463626,0.127637011220496,0.712865213784705,0.159867808138092
1.20330047422881,0.146874508571448,1.26880798190823,0.249852733758981,0.165660058382826,0.212501703491106,1,0.277632114487219,0.257791896166903,0.654813257009076,0.110885344439585,0.733474048146087,0.118692482486043,0.643698236928261,0.120884632134308,0.920226390193188,0.0992666133535571,0.647074933649933,0.178701230888469
0.996121644848826,0.143832977423975,1.32080478236213,0.300660040624782,-0.00632440392741852,0.163044371627398,1,-0.0637410447814235,0.22787277302102,0.777007177149522,0.0966305283211604,0.517723618022227,0.127034381789386,0.43385799076171,0.151928614761625,0.808326586161678,0.152360351693204,0.87392538171105,0.172217851878846
0.946551090479392,0.144147196645941,0.99941492606483,0.215568007082793,0.472222175662656,0.241118452413995,1,-0.133748730465032,0.296275782242789,0.857079676403314,0.08577276776058,0.752141163315412,0.100892076540758,0.657618594460914,0.135770292241509,0.521483866796096,0.167008659733416,0.643001594680341,0.197641109077732
1.1180061316557,0.156499257051032,1.39858915269675,0.294603958989467,0.357073136200516,0.198721449827732,1,-0.0192800264078377,0.352863373674499,0.571517475516332,0.141875246021491,0.820738381826369,0.0959433006929694,0.794719484016242,0.110128602678126,0.824441750684714,0.128904592479295,0.703564332993001,0.151815430858307
0.969551978405204,0.140014974262302,0.916263349389537,0.180255206602973,0.199138760917751,0.183000440115355,1,-0.0442692346153835,0.341333368667547,0.638261283073616,0.109325064682366,0.500638765552401,0.114863751857452,0.683704539976677,0.102585715756079,0.910548955286776,0.124884628091936,0.619738932746864,0.147310374737895
0.933473830004603,0.155406535322604,1.41229850017221,0.297514450046775,0.372806103219266,0.257919545707404,1,-0.25813227731817,0.290135194698191,0.726772974598238,0.105987071519368,0.723235778105771,0.0993312159034525,0.646893802583085,0.134887234237916,0.675874423442986,0.146932454631889,0.860054733321287,0.158050169028617
0.744485354712662,0.1419462933171,0.96979892583542,0.229470206957814,0.760063087706348,0.109286475364951,1,-0.0587396221940343,0.320755528358063,0.731136270781339,0.0887584883452419,0.650961413788241,0.114670968822994,0.671420452282204,0.143132227394955,0.599441892687364,0.173814443357305,0.503595514250796,0.233205033070499
0.837004625841438,0.133819769734282,1.07373301064618,0.229085921917224,0.512368246781738,0.141526161909255,1,0.0670924474492659,0.258730973134268,0.722593813092619,0.0836601932575822,0.618454218800812,0.112207777818969,0.62298130184168,0.118478550614272,0.623254494768285,0.156221496469808,0.858381538547458,0.137311790622775
1.01780020236003,0.13082693405235,0.892050848474498,0.195846185618856,0.230670222959601,0.186904348915697,1,-0.147284023367802,0.31721579832776,0.57515498423931,0.120229982377015,0.768408827750053,0.104346508732269,0.715651506071966,0.118221308682378,0.453515555417241,0.166015872147256,0.734031774850984,0.173081082421112
1.02282136502141,0.140185874781525,1.06962975893204,0.2361631436007,0.497779579307549,0.2426395736874,1,-0.0481645053700092,0.304250934754079,0.755527115284865,0.0964165221762544,0.659114416368656,0.104782724606014,0.55527004982456,0.13807911350836,0.798198222000367,0.151707698509059,0.929297470364227,0.124866806229748
0.991642250045835,0.127249845266672,0.745601742547793,0.176843915133319,0.209776130214691,0.217818969464792,1,0.393764693912403,0.279251935140711,0.66330108982588,0.0991116093848819,0.711542434316959,0.105282236906432,0.555571932347807,0.143084809631568,0.734876771933108,0.207670787861021,0.357887773019288,0.221342253147183
1.18487499112973,0.173233908333349,1.53764215969032,0.34735953516944,0.079258768004054,0.174766493597748,1,0.398977541949904,0.327534485253917,0.633423906421352,0.138171950445147,0.717310076859433,0.114988588794743,0.791737489801126,0.107464787338733,0.642840545083461,0.138732728494322,0.953665180947131,0.133362707802242
1.17393605785153,0.172062582842005,1.6160313795292,0.398677046838876,0.588707424111757,0.257170902732472,1,0.458930190429589,0.348184652211278,0.752941659796524,0.138261334721466,0.571276497336219,0.131868130561649,0.786032578996896,0.127455477510662,0.979765220741695,0.0999847713027771,0.960831291339564,0.151965319325089
1.19498711752799,0.155073685480425,1.32910493481995,0.282076226967141,0.142991821155706,0.198354956698519,1,0.292816043942594,0.342038513389995,0.663188086062031,0.111468841781728,0.66162920203856,0.113380947527174,0.621002951231161,0.156289865599336,0.891189386363279,0.119614752115613,0.928027143642663,0.131011490073123
1.08121119241138,0.148369920030704,1.16882110616343,0.253066895619324,0.0138151614235186,0.15779520711379,1,0.0248086144769901,0.275509731961801,0.688919989954063,0.0898162352037969,0.650226904385293,0.123891547186015,0.858008772050062,0.117194668311638,0.903771445894073,0.151376588285547,0.562354087440401,0.224280938561769
1.02079102179192,0.128513230488383,0.897158449510563,0.172274461058807,0.166734515140089,0.180551797414315,1,0.394366245441514,0.226475431477179,0.627331490128968,0.102147542852064,0.787903635834427,0.0940860644538849,0.770804286743222,0.103031795207504,0.977751940735928,0.124335297459122,0.699161184678011,0.185114534270169
1.12006151537757,0.153343487484814,1.16357072562306,0.276285671685393,0.302374065407833,0.271191998532114,1,0.51459327122609,0.312096187941417,0.562608738513115,0.123865982825307,0.817454033718469,0.136949526045917,0.728827726618702,0.134050637069033,1.05884516021299,0.128936851776663,0.729838818519065,0.182824453224597
0.877365999696743,0.125032453096266,0.830983747749236,0.175771603470639,0.353175213531413,0.226059280869863,1,0.0349269706396518,0.283223352042531,0.530562775470261,0.107298004826558,0.607319985964451,0.103248335986993,0.643500786728148,0.124042344984638,0.631936680272961,0.131046691891881,0.418855631226922,0.182338499885084
0.911591227808097,0.1288767565321,0.854522337535044,0.208492858224468,0.670592183444727,0.172405126605242,1,0.190428112593465,0.28720562616224,0.720086442443776,0.0993624053516365,0.360837677141994,0.120101693309668,0.62759213624068,0.106237920339737,0.66408848980957,0.16104898281081,0.733526448546527,0.178283331114522
1.02358961077121,0.144371806135807,1.05587469644641,0.226751558872755,0.134781419777288,0.24072299182409,1,-0.00319449531179821,0.308564277151973,0.665342368948081,0.0987255863109027,0.717822688254124,0.110262694300767,0.719991957911656,0.127904844779837,0.627496823158054,0.152947762947118,0.703018720332869,0.154361262434805
1.14184372904331,0.119466873688167,0.648075000890092,0.143254455060239,0.618154554194083,0.144366823530117,1,0.288107727786853,0.270187177651914,0.749998810322077,0.0857194777005535,0.584448784216723,0.11210730791668,0.388622457679976,0.121235239769957,0.724746710278604,0.11424541420401,0.867982017632839,0.135155939258213
1.07547640975769,0.120928722759835,0.721665079390608,0.176892464339852,0.742585961294495,0.108118113876039,1,0.518634993601544,0.294331367804894,0.712260053604818,0.0965293734266086,0.680650398565969,0.104357808919132,0.599855577383832,0.11313775926528,0.671979976010916,0.128924009025071,0.743838306888934,0.168167840698746
0.993359891049376,0.146014559987971,0.998493594981742,0.209147000272745,0.334348012398838,0.236086934964794,1,0.0373608353844518,0.342848117023631,0.662006175773583,0.0981822359708664,0.720958089306766,0.106338109436635,0.635445406214358,0.119872214625228,0.766977930386163,0.127535755080097,0.454527444740161,0.176231570755136
0.945113795266131,0.12880560639611,0.772171057486338,0.165001555678134,0.335395266457479,0.235078997586867,1,0.132233436963412,0.306524250497325,0.614111950841438,0.103319777081688,0.607447759358607,0.0973554378422007,0.703223997015845,0.135283863146271,0.52126932161955,0.163625414143466,0.624417289552672,0.171077355297297
0.944216396204728,0.123976432481619,0.749063031799588,0.159440608420251,0.19268682542828,0.218136521669868,1,0.184789898751255,0.25663291503016,0.710789629421878,0.0992868167477576,0.663197893597845,0.108050547163187,0.615914504202174,0.121963828051851,0.481441228596672,0.183403866119174,0.672108451365667,0.147933774214532
0.991005501855074,0.136569495729132,0.914198684926903,0.229218750421311,0.230673239454987,0.238944280497018,1,0.084156946118753,0.284790678893116,0.677196665533866,0.101090761756637,0.578374098948302,0.103007482944945,0.649948710317623,0.167642097328691,0.634996051668343,0.175554095614191,0.658692738272666,0.193942131521049
1.20939859957689,0.131205486671634,0.909223832860212,0.199810016688846,0.39419039205834,0.250717695333012,1,0.0580416323494465,0.249868431380855,0.815630878005779,0.0905237433242875,0.819515968995552,0.102679836287468,0.59137586028298,0.127273766348671,0.679109192894845,0.147726574355092,0.593993639420441,0.180921708279728
1.17996566428556,0.145738457270952,1.10543978375381,0.243017341033541,0.138398558624458,0.151144800551489,1,0.0311005830552814,0.230834835341838,0.588041671249162,0.101873865534108,0.876098923936886,0.112667601674202,0.820821840355441,0.110461641663395,0.72070635018221,0.15794868339657,0.583565842308366,0.209921357827228
0.871160629372138,0.133212922548891,0.983497949703801,0.213765016474366,0.371293124921771,0.22617393385905,1,-0.0962239508951973,0.292405078548703,0.553608939225621,0.110074754510285,0.880080396929516,0.0935725545540324,0.605828292837589,0.132610689848971,0.383892898883784,0.162869978795571,0.632493783638047,0.184238232483079
1.15519517130882,0.147988659266451,1.23501883638234,0.290947344277768,0.606235392313637,0.213410914425275,1,0.226134303954894,0.259212323212426,0.625569985701119,0.118211986774133,0.659712184203637,0.116448492792144,0.844788182966979,0.119475906249086,0.907716195655091,0.136237492852766,0.368055121754764,0.229835375399533
1.12740237100923,0.134877504864793,1.01137133865502,0.227058381236611,0.315968164498394,0.210482671108276,1,0.296377064351875,0.317856322599379,0.702322908136445,0.112589478416192,0.576615887249872,0.108485537391306,0.801914537351254,0.121784762176751,0.287369352354319,0.180665738210702,0.793149019351818,0.138267063599782
1.02288039365698,0.135078549514363,0.915124034517421,0.177966316024138,0.380906373484425,0.282117267906058,1,0.177876361148921,0.286695006931904,0.828431376182331,0.0950797352852286,0.793234880271211,0.107775070679057,0.638832567821531,0.110318448310062,0.68221593455361,0.135023679718982,0.759749582922023,0.144977536349739
1.13485997072227,0.15489050725083,1.40731081832,0.292260783254712,0.228159787849781,0.157928455139191,1,-0.328392094416646,0.307342871873639,0.797631626709069,0.105189296064837,0.878008804976727,0.0943854626739953,0.741384946820228,0.125163330620769,0.668252261196762,0.152112422861906,0.720158508312521,0.138312581066788
0.940131626285432,0.113593813304454,0.635069002940112,0.137664680206314,0.543909233657172,0.19609955596872,1,-0.115157474133926,0.293140411932762,0.816293684363033,0.0842841722574938,0.692679382524623,0.0913428759044481,0.389277502886036,0.154795402026497,0.670870145025732,0.123553258415324,0.833997599807192,0.14760463409356
1.10903682012082,0.132423286496442,0.885702940123817,0.193937748346216,0.393796213389801,0.243222150934892,1,-0.0262923253588312,0.254821610168218,0.680822622917187,0.109744127913459,0.574875723550843,0.11803002728698,0.66503830688597,0.107640110281435,0.595755486565793,0.154363765889444,0.827204460641439,0.170540267464898
1.0263857566677,0.125319938638372,0.821776520826841,0.177038248520978,0.338589622751748,0.212762605094663,1,0.106585995963002,0.26144840846814,0.636319832964955,0.108869064271546,0.858827518733812,0.0885514722605267,0.417114775937836,0.143886042848296,0.409402524027092,0.191327479377004,0.638834948807938,0.158803845323954
0.899929818903338,0.141353760499042,1.12835836619583,0.237538850295324,0.0826614176427924,0.181578658023471,1,-0.1319486743441,0.282247312664672,0.793378242790044,0.103878758767248,0.633117604524823,0.109517489679535,0.624644461030421,0.120026860718871,0.492088469979943,0.17669483677344,0.739570027613568,0.141343010134753
0.945668202861062,0.138290860646788,0.890710539351902,0.185468882796595,0.205479748690903,0.220360430157772,1,0.0592317468323993,0.27722138410129,0.780659642449209,0.081258955097016,0.604720853698659,0.119021284789221,0.767190861222795,0.128187490365394,0.726651056434563,0.150171648237593,0.509492306587861,0.204242401280268
1.08047598690238,0.131014700054149,0.912839399339722,0.192088892392184,0.314620636515686,0.229097968283826,1,-0.183578213437742,0.268312388987219,0.869688946511058,0.103673287413285,0.772959658165356,0.10009825995451,0.700520418455137,0.124997210043914,0.675090576114192,0.135684628637707,0.739266636282524,0.160173577104759
1.13039548518492,0.136705896640704,0.812968426133221,0.182507383792932,0.22859847886591,0.219290509743722,1,0.558632183515121,0.322793694325311,0.528919756560072,0.117538238981744,0.554450879507721,0.105286739478441,0.897979568666358,0.0987227111678765,0.689308567449575,0.155672948547794,0.592538099269079,0.182750323589058
1.2786935125451,0.149902283287736,1.11071203260852,0.26271140080476,0.261381710006228,0.24965087371345,1,0.137250117689914,0.270279659260665,0.856256918011635,0.0851394466823217,0.702197520335402,0.110771246954895,0.770556529385124,0.128620225585819,0.882088430548747,0.142994338270051,0.60885867097908,0.188322095989695
1.03785646549701,0.144947530433719,1.19011820622053,0.250647170545617,0.220365420629293,0.216704948515609,1,-0.053429856583191,0.260675378734938,0.754334081640399,0.105538246939491,0.752866749091255,0.108077426799641,0.734998152702362,0.13936876099808,0.793994075216457,0.145237409848333,0.811677497767553,0.173933478411212
0.95982230159718,0.139117502012905,1.03621545898286,0.217791142336265,0.432465228580944,0.197071890839646,1,-0.0769655897163195,0.273258940254986,0.634098554683018,0.10184977049862,0.533503006414962,0.12893497733737,0.676227084659212,0.116509400447782,0.4990478264466,0.141866203494297,0.587415976029792,0.160739757345187
1.00075333595498,0.121235779470711,0.821741690798796,0.174445917254842,0.495225601757542,0.173138606400345,1,-0.133964151048253,0.233252475574253,0.792792489213247,0.087339883807093,0.510770342550909,0.0977808616792339,0.768114551967955,0.113348157420683,0.647002733000063,0.13668929914944,0.869995271404466,0.146201083202199
0.858343299685794,0.141729897542799,1.26895644140179,0.274994339515048,-0.135089005422488,0.13987529924138,1,-0.0394084985379345,0.222398808341036,0.668828794992239,0.0979268526084286,0.637435889467545,0.105170642526337,0.651413308015413,0.128742334144938,0.966066119074321,0.126401183365405,0.545113267812925,0.243171106766602
1.05200084329746,0.134403770905124,0.913570048757533,0.185649197413886,0.332563615297725,0.195653104457237,1,-0.104220023283413,0.272885683973239,0.828553211368876,0.0943285216678161,0.515043842929208,0.112468282223703,0.63354898166071,0.118910130975255,0.476580539516401,0.159873612192204,0.839530889830134,0.13765610462254
1.03321019920836,0.127849539966097,0.849762439537622,0.164844221388454,0.194439549133407,0.176468330254634,1,0.394316772350378,0.236424684697851,0.742722194800272,0.0894271205093226,0.530251768280785,0.107344127110043,0.650138639126941,0.110698777720809,0.691163464634003,0.141073846359205,0.529229738224184,0.247555103761293
0.941146174755985,0.135884185137621,0.867801658891795,0.20078374640765,0.440557066852273,0.264472538300713,1,-0.0198933459630709,0.242655754094591,0.474524818101174,0.109646427854621,0.764007183520922,0.101630186797989,0.681447455221493,0.12531868517067,0.564638737884986,0.148237653188377,0.456984287367404,0.195709436491014
0.991024718726361,0.135172960415662,0.95734722012416,0.222486466588742,0.0881078983588789,0.209959646239557,1,-0.305805586804017,0.287999589367115,0.801496330539071,0.108475606737902,0.569514123669108,0.114418418140786,0.849053271850899,0.111470455011518,0.626330567725466,0.143876429605452,0.804291991624654,0.20284330979094
0.938204478556789,0.141975202727661,0.987376226730371,0.209104386776017,-0.00517245690507101,0.173210393403391,1,-0.713361586863272,0.310016476789974,0.708081964260512,0.112808353432675,0.757021369755832,0.096322981525861,0.668674771826782,0.102867925206685,0.797339517397984,0.13609784853988,0.787456615571718,0.166665918220658
0.79111185875074,0.13374426288773,0.931774889699389,0.217449919733666,0.42592390372547,0.256022975149351,1,-0.415311332747851,0.292281744922087,0.697085700263253,0.106282249783063,0.657625717217173,0.108347372540903,0.614179527496512,0.115176675443045,0.697155894693711,0.145457166486286,0.50647343460146,0.181765847390632
1.08256990056124,0.174573538421427,1.4764353022417,0.321954818312535,0.124099919722567,0.210238636786881,1,0.323740805882367,0.374610354723357,0.714321059790955,0.109820380998308,0.666432899495302,0.128018132292678,0.833972876159443,0.126412256861342,0.923385762489367,0.114544585329409,0.394497418614922,0.237438075707393
0.968316518906933,0.125955840011393,0.811594691080505,0.17046833506519,0.348577491163231,0.217224632233144,1,-0.310039815769606,0.2924399756054,0.66291589334511,0.130380574535412,0.858358969046014,0.0812377890741824,0.546609092188659,0.101084482253243,0.670661189802898,0.121301370859007,0.821207350298943,0.216454210654689
1.00809047114955,0.136345836881262,0.935711614050753,0.21019758917929,0.737708476961026,0.139702671965047,1,0.208639516423074,0.321999601828763,0.800499163306383,0.10027130184705,0.523250046719278,0.114670487643435,0.782712859538316,0.110745211773995,0.621755806189181,0.13841347044053,0.476917517609217,0.203485734307341
1.15532467011601,0.138656371515809,0.872464112366103,0.201405874923067,0.719766814800887,0.123546184574861,1,0.332492485450307,0.298193880156871,0.757583230187002,0.104802382525486,0.700868907562735,0.107386789676508,0.860539974166038,0.110288900227883,0.720772400350261,0.120291138797101,0.602636110652805,0.160020186237157
0.946325711024681,0.131110094428162,1.07322641820341,0.235729790140492,0.382423713043677,0.218085422858573,1,0.20272923192552,0.201868373772508,0.655016726258076,0.0912247755730051,0.778979865481465,0.10230653946764,0.682223502081633,0.137243670547447,0.598553733622225,0.153338383984092,0.638358138204159,0.239216694394528
0.961634648885524,0.114582713217686,0.629505566638618,0.137163680764743,0.382309947106663,0.206212440989291,1,-0.327147784485835,0.295343375340761,0.781166133712917,0.107498260380556,0.51698162557177,0.107711886726825,0.556705424774823,0.113315647577604,0.840963653765517,0.112190759450966,0.566712839919554,0.158732009834841
1.04679888553531,0.141696576302051,0.863925618070055,0.184006179995625,0.383885657194518,0.207600835909559,1,0.0447010900156394,0.30095285776727,0.655269781509197,0.103994411023333,0.765642729372411,0.108779630727632,0.547358623559124,0.124603345444233,0.884170896312294,0.126379146328436,0.855386551308049,0.187943233114333
1.00430199668686,0.133424581757852,0.949290909900051,0.210348110744231,0.217605035732666,0.232613898681262,1,-0.215099734357383,0.247490176472508,0.624530738683842,0.116401941465357,0.87971457143528,0.0981341778784408,0.739302234500917,0.11859936167629,0.755833662124321,0.14715590329525,0.72630132944446,0.167859236283482
0.831055604596046,0.134539999682417,0.996371875651018,0.239246192777938,0.715151057414324,0.10892515965583,1,0.0749667049537292,0.298514465764652,0.716760626654923,0.0943349013716463,0.791021063667964,0.105646939537199,0.641312626468761,0.118785984537193,0.439767526325353,0.162314562101749,0.802393749280164,0.164258439715188
0.85007085904563,0.123185196210955,0.872979756988253,0.174744210690613,0.168498699849374,0.193638127390749,1,-0.0103821320014853,0.239372256666974,0.549118519945954,0.113750326384943,0.624401624388394,0.10559040736935,0.816006659779312,0.0956176799624174,0.560666763881109,0.130258513737872,0.447721950430552,0.170401380136482
1.12553496196513,0.150067414218351,1.10252759261134,0.239934985299063,0.28546291495873,0.199019619835362,1,0.224451504258005,0.341532357276048,0.664321874315188,0.127082440414706,0.641634022464412,0.116380464159819,0.78016764780003,0.107395878728587,0.680825026113843,0.137892171191412,0.514471342155428,0.202543563444575
0.952200876645178,0.133582015336537,0.872752193957264,0.199071456536253,0.383445806158713,0.276245404317294,1,0.278325831940232,0.249467090942611,0.520103402557272,0.11122324626662,0.663902098476913,0.0980616279108729,0.590142861440339,0.107615077828611,0.785825693183197,0.135318092104832,0.838072916775602,0.207788472779553
0.916697056405518,0.121466908668625,0.841569284284531,0.177740544959477,0.339795092202434,0.227629912132736,1,-0.227917170404179,0.259198888965556,0.729475144553583,0.0911429301338386,0.664278889736749,0.101018779385529,0.638133929751934,0.13532741940144,0.296760658612328,0.165112135421542,0.868555149359735,0.161157428926044
1.1451533033177,0.138453384451442,0.997510275598342,0.217794299795486,0.199329155391701,0.183704265395941,1,0.0853313103819972,0.266321738313616,0.770679570302731,0.111974461234829,0.735234625200401,0.114452230532218,0.737152600660386,0.113072922550556,0.7538459755419,0.139409575351839,0.712118460261691,0.169108347964062
0.849015378200403,0.132366165843948,1.02653319015268,0.230601531943697,0.208350987480453,0.250461674545806,1,-0.0732930613178336,0.205031622182998,0.593236238389641,0.0910273434016559,0.654078296094509,0.142982250932413,0.758423031394968,0.150916161235546,0.783222774249525,0.151169585744633,0.702769709697556,0.213257975043836
1.02716028818791,0.127964820093977,0.722696443898011,0.162369634224331,0.768380969489686,0.109950817480665,1,0.0802243319287939,0.401076928354135,0.673117979841323,0.133800725158391,0.649629683625586,0.115086499984049,0.629582472033537,0.12650229694973,0.774317984462745,0.112047749276199,0.739913237558452,0.130988792004732
0.840367590101071,0.127162282744343,0.85856433021319,0.165056886249304,0.0240321378017354,0.152179477345485,1,0.00213598596654223,0.233827593416643,0.599317523485459,0.0912524907871941,0.686431762346435,0.093310590881881,0.777412340145712,0.110598261658647,0.924414018861734,0.155157843549292,0.359073514895158,0.217279131412172
1.12471765549311,0.15367862238858,1.27666608755146,0.286022499105878,0.400933499881723,0.30452221132392,1,0.181909819469503,0.296556865212078,0.743123495560873,0.103200923602435,0.71185743315955,0.105791088692362,0.648601640472384,0.138828979289994,0.806752211664443,0.133295847086673,0.625563789116234,0.223152955256341
1.20241363258899,0.176542910136793,1.77900677445601,0.394246430240576,0.0847059836941597,0.280938260864921,1,0.370495427918585,0.317646786216236,0.791269334049268,0.11957461961491,0.832512722760564,0.112847876039532,0.941320225035754,0.119589649345006,0.730072579636572,0.16531747013059,0.457460183005082,0.185393053557759
1.1541253793006,0.143690166649372,1.05739878578373,0.22526774557868,0.141619363901697,0.199053517526126,1,-0.24672795594748,0.293930529171653,0.805992960834857,0.100013535597563,0.691568908516287,0.112830448833728,0.711242734193216,0.11485772788763,0.619608123948433,0.129936759023362,0.728609841501907,0.131143228506053
1.1104699493189,0.147864094308414,0.847541399393346,0.203560580294272,0.475918951222131,0.213642250019658,1,-0.51331896272154,0.29117589832267,0.900936762974542,0.11097986666034,0.813702516284748,0.0992643593643332,0.60185600872879,0.121154477173386,0.766955629225361,0.109166244349244,0.522042342249747,0.163954342824384
1.13290615051027,0.129149807182518,0.894698604797313,0.185606853640408,0.489949399784396,0.22555971924507,1,0.0894085670833435,0.248064829259867,0.648466610660942,0.103245673842648,0.52684589569558,0.11902635649092,0.66019623750215,0.112987867592276,0.652620114380361,0.129410163080554,0.671386206227067,0.182154039662615
1.06646415840724,0.129946835894538,0.826504159699937,0.192357258264749,0.644372641087427,0.160535141635177,1,-0.0285513748502413,0.296823248586678,0.715112233279355,0.11031865175468,0.899189710024291,0.08892480651724,0.685312081530302,0.128566666739059,0.923809410729833,0.146365403719967,0.933486119664197,0.173822103733369
1.0025401917663,0.122621058648136,0.739856564012303,0.174363071086903,0.643113081640189,0.17698424556517,1,-0.0193694143144475,0.30187337954292,0.750633149910379,0.0980060685618838,0.76753797781645,0.0976385399024545,0.552750843272504,0.127315755005456,0.720455801674028,0.169235813513102,0.57593821816123,0.203161666986751
1.05312014231523,0.130469859647761,0.892363030339229,0.181971578912471,0.250584367788835,0.223152052793267,1,0.0287326433624085,0.251997242063943,0.724600240145382,0.102194251451573,0.522111275233743,0.109332788314805,0.792014789534344,0.110797869823896,0.540439862065943,0.13756515534272,0.629627076885558,0.159905832354437
0.88733171547312,0.128510201851438,0.81508883410662,0.172152280699304,0.167615212033611,0.178354766992803,1,-0.187077610255806,0.27267744083679,0.757329818429734,0.0936751019715115,0.858568424299529,0.0820212968443508,0.593820432053631,0.128012093862933,0.726445439518394,0.180638986871684,0.453587233094739,0.26759954343053
1.02142910271848,0.146914000720381,1.28013255464176,0.282852824003759,0.144061432477689,0.202320690232165,1,-0.128691035891856,0.238785233713872,0.809233522459632,0.0905607206237481,0.731187956980077,0.115263257312475,0.6908700736586,0.168687879558732,0.652298484417018,0.143607580636518,0.875180100362062,0.158686898407397
0.962721153891487,0.128604731987212,0.793706989519955,0.179095198667467,0.514117691675291,0.202077784393806,1,-0.0955346535939271,0.340687236047395,0.566744285379368,0.125501743538767,0.598708170061193,0.0969029942073639,0.635573866311459,0.123936186742312,0.707732712058394,0.114215419958072,0.602361221867436,0.15201853114974
1.19355602962599,0.158961378019318,1.39840358383653,0.290483557195078,0.221862312498769,0.247169230227183,1,0.105851795003078,0.333462610796923,0.787720876249552,0.118722668171203,0.669990669343629,0.115512986808773,0.747854837319707,0.125965026664071,0.852001417280209,0.128276193941503,0.817053265209926,0.14097561185145
0.897504640792223,0.143928541344007,1.18987142847805,0.265780975873908,0.431790445758917,0.230789053872849,1,-0.373628738976217,0.256016225727955,0.744291461978207,0.0957696041193005,0.674836311967934,0.106219274186786,0.598123866188297,0.127309245328289,0.719998036248404,0.15754030884714,0.473811049173944,0.186683744374491
0.926898210709663,0.137815618116955,1.00900336912926,0.223740562279243,0.316001220743638,0.221107544058509,1,-0.253712027341109,0.336483591384723,0.679342538358444,0.120852109718002,0.802232203277036,0.0928160826258129,0.643174945559684,0.144931229663708,0.770770372204245,0.129058621927203,0.418235600269238,0.17261815391671
1.04010192277235,0.12817913803532,0.90558126573817,0.196016459158704,0.291482240763515,0.203267311878261,1,-0.408557384711392,0.32042306775403,0.805261331885412,0.120013462004406,0.556888536107159,0.103076869452458,0.777790850943754,0.110654558089963,0.713648114277504,0.124939913418678,0.660042964434357,0.176947952775141
0.888644706773647,0.138891749190667,1.20029064496801,0.25518541115397,0.151520018820465,0.234736928170379,1,-0.606415149194986,0.267402947907245,0.624303723062279,0.121284857390084,0.824496012686738,0.0957038411676256,0.540320345681604,0.1282723210246,0.810709692223738,0.15001383062869,0.64364009545915,0.163153028679674
0.965562473342969,0.130408975368388,0.775337182378958,0.165533037790101,0.298829388761321,0.240591781897806,1,-0.306646478614888,0.292961185076287,0.852775238140082,0.0973014581384249,0.40856260613219,0.142218059933486,0.472551303219967,0.127945482670417,0.760176198877059,0.113512228914583,0.632781557209437,0.137940775733646
0.904645017719119,0.12012261149683,0.766202388754582,0.172939770767442,0.329409380522642,0.167237909800732,1,-0.231582510151933,0.243404474326034,0.647636227525553,0.100422752388635,0.669725921697165,0.0971656671555673,0.675015882254088,0.127708555696813,0.441777274983103,0.150591431655687,0.890985721652518,0.163752554458264
1.05988957876855,0.154175958398617,1.1862043578994,0.267690514757327,0.489335460488877,0.297183434868075,1,0.0701177842248129,0.315788150274004,0.643935417878286,0.135704014267886,0.709039850317753,0.11640897827259,0.769416368199319,0.126761735888772,0.720121458477393,0.129466935236562,0.71032343209039,0.164843837237956
0.906419757272957,0.13189957125004,0.848454340383061,0.200926577612689,0.0671658759835809,0.196934730842408,1,0.127793242962319,0.26872018556065,0.673956811771298,0.104779708743509,0.755731667596696,0.106444282708765,0.834803827717466,0.132792628092599,0.557497126945498,0.177222100775597,0.500476604966818,0.181784310038792
1.13294466408012,0.146386996178582,1.25050770714547,0.283326781000177,0.461040839404609,0.210440778429663,1,-0.0105425138263199,0.287124231263268,0.736771827174076,0.112031590112489,0.661433704995178,0.107836959137204,0.687736343908015,0.134608128998095,0.832647045890176,0.140314431341521,0.735804935126953,0.158552872178637
1.15274604775492,0.132712698698447,0.762354381428388,0.149179712125985,0.34772178047586,0.228532834679141,1,-0.0929323658157015,0.268297532246642,0.651268803751916,0.107644670313976,0.621768501592743,0.104765838568145,0.751135673401655,0.123119971262443,0.52599555393351,0.134030002862101,0.883255393488187,0.125336769513813
1.07837551619909,0.138742394171478,0.936298109924854,0.189773461322723,0.307425161527726,0.199157960471601,1,-0.16729460596012,0.261095265009495,0.652943419777395,0.105100528453435,0.740414430635485,0.0929526837670749,0.754554682351226,0.103436795687697,0.708975376579172,0.167048382839871,0.703783825646824,0.174394704191408
0.781300926358712,0.112057082955006,0.85958295511785,0.20253810894454,0.236583678917478,0.229319629300781,1,0.0754925616747501,0.23714014305438,0.707466681314655,0.105635221402149,0.77280063962804,0.102747635044436,0.649588474378862,0.139823397429841,0.354595738851257,0.194652076588983,0.553949327641953,0.168952772165852
1.19456202507609,0.149451589319454,1.03485860948514,0.24075661416557,0.788024960682798,0.0955166294872228,1,0.200506068900195,0.328703379553222,0.720096128016429,0.099132026476483,0.802224130650322,0.0971769502146375,0.399212444184893,0.139876192868579,0.727670288188355,0.133347772740525,0.573029823929774,0.156017824663213
1.16165367237725,0.137527256547342,0.914718977852023,0.195041649113381,0.115635898039372,0.203882716140593,1,-0.467126500960407,0.281502265890411,0.819008142146296,0.0987988883915677,0.757845575694253,0.106364303884702,0.687004470116534,0.120465749811508,0.817690115674587,0.149466554631616,0.637229261026381,0.200330636458469
1.07111885058317,0.138867202660895,1.02701462601225,0.215634900566464,0.204849080104952,0.217637605242703,1,-0.220690568491642,0.300561777264649,0.732956707683496,0.097378717325669,0.710287626411911,0.1007554810914,0.726301007277099,0.118735800309636,0.793973141524161,0.144831640712939,0.704639505787741,0.175161969480982
1.12618554039234,0.135092937632814,0.979698821970844,0.211083445171986,0.528222511645746,0.18292347955739,1,-0.196656238134062,0.28786895720993,0.739911358507458,0.0996461804120414,0.601416624229049,0.114505213279567,0.744455544837763,0.115096351133195,0.793989226734011,0.134492498603177,0.253183471247283,0.207886062086248
1.26342955149646,0.129029476358745,0.868162638914641,0.177621024056465,0.423273306059984,0.216400443192761,1,-0.191770216190196,0.277190574032949,0.812067339791175,0.108516365645343,0.804719415823418,0.0806557730182905,0.643054713359715,0.117078092786348,0.878396558949332,0.139480359016167,0.762314786272718,0.158712323076225
0.827848789097933,0.12391714741885,0.845441695632482,0.183154137836606,0.69043584360761,0.12505339411568,1,0.102375759651485,0.322432406870094,0.752917101201687,0.0950537126439685,0.659337903976332,0.100377856725513,0.552513841750078,0.120097743996608,0.569218077216834,0.167597557500215,0.954024115435421,0.127194747735821
1.16150397603369,0.127640377932005,0.892793978558182,0.173515682996341,0.20975238289866,0.168771320145327,1,0.344292497679434,0.242392448166107,0.734233090271209,0.105560401788489,0.840525034292486,0.100567763160491,0.852554161922235,0.11390759267151,0.640309167033705,0.156282009359475,0.516573581514787,0.17373850819772
0.982565149532554,0.138913760469873,0.920471892924235,0.214206499609737,0.682847734946946,0.138642774846281,1,-0.196200138480133,0.305843526950887,0.819553678181485,0.101401655365059,0.660772895940077,0.110333514033125,0.511949517618311,0.137161737846904,0.669284194525472,0.123120442413874,0.83393232045775,0.149068679278341
0.887055970579938,0.113820493385011,0.720557615964282,0.164041963528548,0.351522751823247,0.170077701872237,1,-0.241832161388485,0.246620751558328,0.83788057124122,0.0898703236448548,0.631847604212908,0.0953665399033345,0.456975970907107,0.129292435966712,0.627127662221445,0.157223989939326,0.654737170276926,0.189049929537296
1.17428322733486,0.149737456145898,1.15360628443653,0.254319627820835,0.0275464718395106,0.187074468405947,1,0.396295907993647,0.266110664875409,0.61463930466085,0.117261693893464,0.825478893019987,0.102441059384125,1.02519804011243,0.118189401849122,0.763610861300597,0.142003278997014,0.747936363048128,0.15793485639117
0.847342925666316,0.138919725883556,0.893919907979829,0.194407726914711,0.40928744727214,0.215213391832272,1,-0.0860888338384487,0.299507953051718,0.583054090522111,0.0975366080085375,0.600854371280131,0.105851698486517,0.727261440843469,0.122994199110235,0.58664508929274,0.150012222519311,0.553652335184427,0.176745614874271
1.20181932440124,0.138731185834664,1.04091850463289,0.215669712811248,0.409938059968631,0.217776414728352,1,0.102132156937749,0.242751615159796,0.73476567416209,0.0966763511684703,0.568952022746986,0.112255866495252,0.603945736203041,0.123995368586857,0.628106805367078,0.126321639584339,0.76985086784417,0.150860526466831
1.04772773879748,0.14620954157952,1.06924852005475,0.229937130303572,0.154288906143587,0.197903498156557,1,0.548318473678757,0.289510920074967,0.661911440484365,0.108222843933084,0.893945291128728,0.111100218600881,0.781317767977892,0.116577650457403,0.769912684368222,0.120515050899043,0.824016041922371,0.123049482181085
0.726955411339333,0.109266662837874,0.661114627953842,0.134416963871735,0.298968062382933,0.155950143360161,1,-0.161489196592923,0.225353685152817,0.644114438694058,0.0884080304941126,0.553599780071577,0.117829548740651,0.582768231392558,0.154381316849818,0.645176693220697,0.123923753770922,0.622516483526621,0.173143256124153
1.09437931068475,0.127014771145397,0.703130541945058,0.153353650991493,0.382237929928615,0.241422869982721,1,0.332217728221345,0.335283604798583,0.67074179562941,0.107979557420126,0.895294837738104,0.091617660572945,0.649650654699737,0.133378880422971,0.837472782187961,0.12634951828384,0.711798424708061,0.15301054483348
0.980464159339498,0.161494694576649,1.43364441418508,0.326312963724545,0.352287146919484,0.261946550955137,1,0.114821499392655,0.273480641467658,0.702166641435799,0.113380242531702,0.649935104454037,0.12986930698254,0.928380650492019,0.11596704426818,0.836185987949542,0.132395126357946,0.840887450269018,0.154878255481574
0.88964521296531,0.132065360264013,0.904604374061964,0.203083864461596,0.431283786769651,0.238088967542829,1,-0.0859197035757127,0.288252924087695,0.544576067911226,0.116388053236977,0.760561592360009,0.0945875029627672,0.721509499661432,0.105107648685143,0.646449988630309,0.182780675966876,0.152205036973392,0.278728388769748
1.05074843506758,0.128481916701679,0.851035873988173,0.17356695318222,0.224866945111208,0.19413462818871,1,0.360942968872617,0.288900442371758,0.495307007939239,0.12335854048815,0.651683013281366,0.112965178129022,0.693556857694076,0.101404693515178,0.791511306102322,0.12599868430066,0.309465631995467,0.22620485050217
0.91362412649327,0.127150679545503,0.842631303135699,0.185716066498566,0.315152312631292,0.237133518475904,1,0.0548499953403814,0.254704597532598,0.632172312351209,0.0964621574353341,0.597024759114865,0.101583960607964,0.748254092924257,0.122268716956287,0.95121776881343,0.128725356623191,0.344554327239842,0.266219747869472
0.857728919114414,0.132692880153503,0.949768279064394,0.188143948210543,0.168055812552533,0.198604999178829,1,0.111026535931969,0.249236927924706,0.64250687307506,0.0998657315942365,0.629430392756629,0.103991835953167,0.523639836692176,0.113821678533515,0.694815862933859,0.142415767888082,0.589350088369643,0.186395659320563
0.871944334592991,0.136297707501425,0.990831341244838,0.242416923320617,0.375884384885265,0.211200331429231,1,0.20920413520631,0.283980334871268,0.660868565840355,0.0990245728546529,0.594170132866305,0.12322769287521,0.832373104182912,0.11425893092907,0.549680477580906,0.167873358319718,0.50785052451522,0.208670409118009
1.11587069956782,0.136250629968203,1.0811461491312,0.236122510167119,0.412558828480789,0.283251533477976,1,-0.299729281862593,0.31350868386466,0.88320747851031,0.104242366600135,0.669769255618683,0.114288880468982,0.801275483081987,0.103564699876625,0.736608859832918,0.12905193714592,0.598931256821866,0.180661248364714
0.933051124856977,0.163782907335693,1.51078516776068,0.338548796547442,0.038270751401613,0.213332545084252,1,-0.813792104633793,0.312060632171795,0.990463156255757,0.103914653729007,0.742798618801519,0.106828411087514,0.661412130593992,0.117952284884368,0.854370374117508,0.156538203334252,0.907927994084679,0.135813603697985
1.04619822940705,0.127303335730696,0.789511708616146,0.175122161264298,0.410271631230471,0.242965381627313,1,0.127237931891918,0.243064001950685,0.626009978688159,0.104396318050719,0.825218720204967,0.0999732115015261,0.629646656838485,0.117795663223601,0.650056086932542,0.148427036608588,0.892268276977399,0.144417487706322
1.18402450195653,0.145486061388335,1.21510336115895,0.269985325468472,0.312870311518305,0.221876952851016,1,0.463056473718118,0.259922177678654,0.567090453607416,0.113620741175561,0.703020455755256,0.090044947536963,0.777859052864158,0.136143746556607,0.847805552815849,0.17208532703268,0.457560843192172,0.165747768812631
0.912250466348611,0.136097640444219,0.927068684880733,0.192061938637773,0.099457520108041,0.135006276975536,1,-0.750787659560131,0.310087124122117,0.811663610551405,0.103847746411792,0.718914233867863,0.097247420831175,0.625053589263473,0.104413516236605,0.899381057752515,0.127252312213723,0.422388060720922,0.211823713566053
1.05367082148303,0.144115359226025,1.07146163066441,0.239364750620952,0.219474554520634,0.233633710433236,1,0.201592044326686,0.271559978302806,0.691155888293672,0.0935197216181863,0.678256177167382,0.139537161583753,0.760393462218776,0.137433708784614,0.808687402158039,0.13197169267513,0.663369088074048,0.174933416441394
0.88385368823824,0.132476589156131,0.927181607226198,0.202732199978307,0.0399666744050164,0.166896539192309,1,-0.0634743518791169,0.269611308201623,0.76659739404978,0.100861518102004,0.739164974803443,0.111122232596937,0.604428883529666,0.109271485739267,0.80535586377442,0.14701086649755,0.665682648810485,0.173020500129724
1.08861331646146,0.132797300605908,0.919823879276536,0.204742074535535,0.389767289778473,0.174515382719299,1,0.362991353446809,0.319154437211998,0.715816641976967,0.0890306269733944,0.66286509011173,0.104847307657924,0.792986535885731,0.127559560373765,0.801617694757409,0.12810269884738,0.511607716468978,0.210884142866801
1.16868618217475,0.125937853516374,0.781660706092027,0.158125969923503,0.50100207724706,0.219289364166434,1,-0.055602609506022,0.268060575104711,0.716063668811318,0.101966131978181,0.585471035707945,0.103888770386475,0.82231935236027,0.111054315054702,0.392323770856334,0.145463548198741,0.572811286925811,0.161787161329317
1.03915044923242,0.134869051347988,1.0765307822565,0.235045425532241,0.240522528394256,0.216056931631173,1,-0.46602637918946,0.294013384513961,0.927486315699332,0.0978697576889043,0.979846464246235,0.096458757737421,0.731439375148576,0.121285462985104,0.753230743487513,0.160450552318651,0.662789088624279,0.181637391579328
0.895732483672956,0.149158088750914,1.19142205434346,0.285149398618309,0.789411837988652,0.104426033376981,1,-0.0980708324563157,0.347979341289078,0.704100603165464,0.138062537920929,0.866963239589695,0.0876753980850858,0.587409064660542,0.134872341238092,0.827097198993832,0.13597869639017,0.8333699355034,0.191559365224583
0.813315151816388,0.131391473080815,1.01396551816088,0.215547148663726,0.272114512646469,0.185230491288232,1,0.186670760864064,0.237922353876759,0.419650729221365,0.117754197294622,0.748474190776,0.106106282240271,0.699241178615192,0.121165496132681,0.767222968712715,0.150403223562587,0.848098096897758,0.132923739759998
1.08395463741004,0.12213757374936,0.643959817433445,0.129807110853985,0.244767033155108,0.204477092380935,1,0.245315561598274,0.294637746363553,0.628401865761095,0.116363736238448,0.621310207590924,0.101756569277036,0.606783920059582,0.100519507649209,0.772573449857178,0.135966893117161,0.817138537850082,0.13996411880781
0.848878236972087,0.124255238014338,0.740232501105559,0.179445707911553,0.689617476583465,0.152145343114215,1,-0.157120087103868,0.299461003828712,0.788554512918461,0.0877890241196569,0.649756138047987,0.105104234570165,0.593177058863083,0.131172911049,0.761856376812825,0.137193357182509,0.344462096049387,0.210729450745323
0.984052535128502,0.131518370856167,0.873591064819567,0.182566713127177,0.607681364873756,0.174076160703424,1,-0.087008982831511,0.328000638612616,0.628381847429797,0.11647502239214,0.624656285645877,0.105817695904295,0.720016975290507,0.114494025774496,0.529423875400563,0.143005171865431,0.687577458829204,0.129962398211282
1.00001375291535,0.128688003895943,0.954155831912441,0.232104873387989,0.540687457731148,0.214549737183257,1,-0.0135798078525749,0.26486068029109,0.704550056213491,0.102744157177197,0.777127228804952,0.104320216820475,0.55442115722437,0.147019758116962,0.940985830187218,0.133198525669509,0.778467085464487,0.223082397495741
0.959520686509673,0.133242098951342,0.734824844793091,0.150998572856661,0.295031847797667,0.250335386589761,1,0.013822556109632,0.261812217201638,0.625708912805351,0.0970145030922206,0.570340994454158,0.110542658435096,0.641759532872145,0.122139905011298,0.526918199425699,0.156301446975363,0.742058976123947,0.185390897984827
0.886406058083801,0.12566052404645,0.951568569895924,0.194185135981026,0.512628918732248,0.211320597847587,1,-0.287902581429957,0.287563066696355,0.735076607969536,0.0995792227031352,0.63491433562668,0.104673097809746,0.818578367620964,0.107094978806208,0.503242553739576,0.124438447450901,0.669709463467901,0.151405768524676
0.976804645364662,0.137176605671405,1.00022058554639,0.215712134769832,-0.0294284966372509,0.165596460561907,1,0.0906228492084284,0.260926544980333,0.721330630666812,0.102406972122166,0.757535392219192,0.113228426498435,0.805766605170632,0.117791958831012,0.844353089628118,0.138865727900538,0.542379569563085,0.176036574567113
1.015097460651,0.135172045210814,0.962975093188969,0.201166822315603,0.437416007539474,0.228628118309843,1,0.194540051103061,0.265650392734301,0.676193070511353,0.0912725054295202,0.704771410758822,0.104787818875626,0.676368022096627,0.130251344247606,0.333288513194104,0.180623858367536,0.548277328751851,0.187422993754865
0.743413339645928,0.143347980244521,1.10024167297112,0.240555191400347,0.321529691766559,0.209084970913414,1,-0.161182599519365,0.281817363136534,0.603112041339118,0.11380953344949,0.626134510819349,0.122887505679339,0.617288987973129,0.121782570634167,0.531414621346745,0.153977089441813,0.590807821635945,0.165304964162135
1.10461176213632,0.138944672818322,1.00691980741879,0.211290949566198,0.24825981381682,0.209493787094589,1,-0.0997286859454686,0.235482156117198,0.618811608273566,0.0995087592462207,0.731750741164536,0.0858795702345053,0.758696941001565,0.118083390317779,0.835128190771496,0.150425189274904,0.6645877164312,0.196123999525935
1.03948433832905,0.150734854790764,1.48876355811108,0.329428994468255,0.422974066428226,0.27901321732514,1,0.0632883276064422,0.273226045788771,0.682290260222747,0.108640408738395,0.810210290194396,0.113376374765938,0.845735872316908,0.117619845724899,0.838429479073295,0.142335788754989,0.436689575526129,0.208571400606177
1.18413270175639,0.166366256591902,1.39775433947069,0.301135233983804,-0.107126297215761,0.176816184687913,1,0.353282421696703,0.297813231863534,0.666521696411937,0.119560400940624,0.771402127112258,0.105444891426971,1.08549541350708,0.133257671283277,0.532345245849985,0.179489798888971,1.13753924890734,0.121252051719405
0.90999902583079,0.148964838321031,1.22855418805693,0.27602696226135,0.3432467890624,0.298759880521223,1,0.0962103465808421,0.259271396606859,0.733622128048304,0.0924661645197269,0.798054996745096,0.109037729759336,0.663570172503749,0.141042737374588,0.732619079007881,0.17927211670639,0.67091734785728,0.175014062322065
1.06543358823682,0.146611686716698,0.974319148487805,0.215402000180696,0.162293966480887,0.246635567840858,1,0.199642608980254,0.333762260029378,0.688451273362852,0.118878692464629,0.515008132447272,0.127415329767159,0.774860367137346,0.12350245551764,0.657806747167785,0.135417232548092,0.51054275295589,0.147599223865888
0.997288444969465,0.127512724745759,0.883435018142673,0.194983658467258,0.216547044061637,0.204112876611866,1,0.105793769173679,0.23642836666018,0.691550384423084,0.0912743639071926,0.667270515971916,0.116499510143086,0.662484150633844,0.130822047726421,0.775667595812136,0.147673356539689,0.721595366337538,0.176592910951038
0.997811272276886,0.118996719021206,0.596769251510967,0.131801737599048,0.380636019945461,0.225286136719772,1,-0.26266668009651,0.298947040145415,0.575656034435499,0.109149126803295,0.596854083809967,0.111188819481554,0.616839904898021,0.114514623791149,0.702971685945589,0.112124109690083,0.445466433060228,0.160954231477821
0.829379074992856,0.131918181860448,0.921529745566552,0.210296018739345,0.346100945796075,0.249626745611198,1,0.0541064465064512,0.316436414071622,0.613129302718429,0.113688377791498,0.425693566102943,0.11187115876166,0.716601433750927,0.126285530507827,0.497665097636513,0.150527122413441,0.699239439349685,0.156127095257087
1.01830556200821,0.122297594796281,0.64912435305304,0.143951493399252,0.289673239502292,0.231882850119754,1,0.214806161458872,0.263366311235919,0.674442643753894,0.107269896848345,0.548812113118287,0.113738981014873,0.858621703949846,0.104220885635306,0.567962726627105,0.134216015801385,0.57974876708568,0.143643760608238
1.08119816897113,0.133076241886757,0.865893089842527,0.173594612768624,0.379527990865777,0.209198222628415,1,-0.0268890606215531,0.241384151451306,0.779474915863779,0.0903885137880625,0.471545872635838,0.107613707128773,0.811235560395731,0.10529023130051,0.736214238148038,0.126033822926242,0.569523963748246,0.234228815929856
1.12872561159107,0.15873315248339,1.36116682039978,0.308054013988045,0.227319305924969,0.279648028237968,1,0.10153901846397,0.311200415850942,0.507237357109226,0.124635889290188,0.769501408583987,0.110270667564826,0.970275826963919,0.114826790808902,0.63045464684801,0.164952355487852,0.679027481376201,0.19591137565769
0.949829923791908,0.139684633119157,1.05480280645796,0.251446890158664,0.529435348707437,0.244394918894803,1,0.138079969971037,0.296347986496467,0.632404396055005,0.105854879097993,0.671125556247292,0.10659545272029,0.423647948190613,0.143543656759866,0.733001365388097,0.147668533575418,0.569409362081682,0.175380635177328
0.77865452550845,0.153055338937786,1.43969814117631,0.32409627357149,0.295197256567296,0.242825980513583,1,-0.583790520202133,0.288197895557468,0.740950914357385,0.108715216458259,0.563506391261569,0.117332224978941,0.759478871909928,0.124151129593129,0.83891236490927,0.117238895921131,0.652302187310001,0.226734388898355
1.03892484002397,0.152725578755565,1.23038566473963,0.258179634460777,0.705121811382497,0.13965608706348,1,-0.0422622522248813,0.282711045467877,0.80910010842534,0.093708231826595,0.924796696535727,0.0795948200288537,0.809823011035128,0.133377469721639,0.679044062623303,0.159187461667649,0.639198659712296,0.210887454172183
0.929446449643246,0.117176674570367,0.72275118815617,0.161397128723474,0.319844125062459,0.153865348331345,1,-0.233085174032826,0.245747181169391,0.726480571220379,0.097919589725101,0.718638727310467,0.0906345386312033,0.460962822134439,0.118693051789403,0.48203813212069,0.176402699585124,0.580692701725404,0.169385235892825
1.16653485102775,0.14875204805445,0.949768290178107,0.210077619535476,0.400991829416329,0.235804326837387,1,-0.0468415543716097,0.344364293265876,0.688301319644739,0.10982104472653,0.843526071692514,0.101477669931656,0.694249124861975,0.120937410545952,0.638033636532583,0.140251599200167,0.719698253594857,0.128884253616876
0.959222205257049,0.138995012619056,1.20999249214592,0.26641462142675,0.393721557545745,0.220209424228994,1,0.426521189599401,0.245456673936016,0.599637552426148,0.113299058370522,0.605340919081573,0.122777919609749,0.672226891758867,0.118097744964337,0.492316951510436,0.13682909734664,0.772279471858522,0.168336093930014
0.911131230994384,0.134174957479052,1.05176010202528,0.226578616487034,0.135516759792168,0.205502188137944,1,-0.092955570089452,0.292960864307394,0.586381489674864,0.111151537712167,0.757517304252338,0.109540040650345,0.789049453830724,0.119858663485481,0.615911194085306,0.146843875958722,0.544289843197888,0.182523944359235
0.831065489592586,0.156582039312011,1.37823869876477,0.290648056379312,0.169606662461131,0.196557041586121,1,-0.0514105961609716,0.294651523580049,0.595069406759006,0.11161057197462,0.647672261593483,0.132479495559086,0.72032231751214,0.114883760244839,0.966244355683136,0.144915689245865,0.890037266344016,0.203226241480497
0.887602348322811,0.129784139968067,0.831052182740677,0.188184869558261,0.541261057508365,0.246473838873761,1,-0.168126936876936,0.298358942963735,0.72957014456035,0.106124786436216,0.566529211431075,0.101569844564606,0.609894268221445,0.110110867484799,0.630066551601446,0.134319833459752,0.380952226077973,0.235253184416882
0.653410142329555,0.130158584650393,1.03039480515631,0.240155715975138,0.222060956298895,0.22017337378845,1,-0.473143870242728,0.334741888196846,0.610904921673033,0.136997238227157,0.626014853911023,0.115298341730142,0.720247471079561,0.112865773171038,0.558929022079833,0.145339833607924,0.499743547325905,0.179393853504083
1.02984427972035,0.120094341045803,0.677385979221074,0.144830116707383,0.418409418388103,0.196156871402607,1,0.46399472294142,0.263288333052824,0.421096016847016,0.126109719474243,0.746301976198822,0.0961275216140252,0.598911827463653,0.111177007548261,0.705302948914328,0.122664485782304,0.689626795812275,0.137571648488312
1.09668852474568,0.114817496055046,0.543963595084664,0.116421337104321,0.0778712066861847,0.179590189497017,1,0.248653115345509,0.277252444574472,0.715880456451557,0.10163154540504,0.680542143591697,0.0979036811743209,0.6728454760542,0.116691575355998,0.546902955837092,0.129921019729272,0.576982624237454,0.150270347331183
0.896320946889822,0.137581282500571,1.02669760896855,0.207504186580597,0.306336321049347,0.283407082874941,1,-0.0811638856391098,0.289007684594409,0.753843120612193,0.101457093227679,0.809177579086303,0.106836145084693,0.357519860770416,0.15384450119989,0.621011769357869,0.127779169508708,0.788538839549018,0.180109621292549
0.924200580584394,0.141127071979421,0.983587240887076,0.197163500801501,0.0716249553271435,0.148317736018911,1,-0.108121663428154,0.30444605559809,0.74227496863459,0.10596565770177,0.705774977346286,0.101765473533186,0.691500516012088,0.0980681710030755,0.855565071057214,0.12453243498146,0.626377434917691,0.185444348661214
0.932277074122249,0.135238555936923,1.06698121943829,0.250565456538717,0.620300746143364,0.152536139602977,1,-0.0418883992700479,0.299096634617893,0.73016256122922,0.105456038305455,0.614319367351512,0.106960015624009,0.841450124004983,0.104086744663747,0.418997891328388,0.192178023451124,0.439786222402524,0.185258048078339
0.8464799848597,0.132844970066534,1.05095073286524,0.209304707924877,0.148076504686183,0.203995611244599,1,0.0475968514520034,0.222560766594987,0.786999305875488,0.0877626577382509,0.677419172633228,0.0951835398507871,0.819816002813455,0.127643566541392,0.483652349999772,0.165496388735004,1.07703426749277,0.131421760977846
1.02880060494234,0.132718482954805,0.991546815543031,0.205425749276404,0.260073622209122,0.22543541843922,1,0.296448978796351,0.273167006511426,0.540152593567471,0.124631348388694,0.430178590818004,0.133108866628951,0.896544421707826,0.0973702169151399,0.757369556486085,0.136963223636876,0.79663543825435,0.147489407712849
1.11436366670496,0.159501897538826,1.41068228489671,0.304958601955571,0.0732361596451262,0.187785494035436,1,0.108024279597621,0.284074417435915,0.671966424783719,0.103177056982312,0.864974369825458,0.100231917678639,0.673780182414975,0.140625517694319,0.708812186522761,0.149878722284173,0.68839325189511,0.164983217178969
0.788109830593072,0.13586734296298,1.01934238715785,0.229270349566245,0.519977502691229,0.261860995622199,1,-0.0704586592639865,0.287727699094892,0.774105569532052,0.103134833091092,0.432805985550585,0.12648206133909,0.934391648896561,0.115150511264848,0.58401651679282,0.164255233068107,0.718292521853034,0.16416433135486
1.06548737935631,0.137849716035147,1.03162568223602,0.241456458654523,0.22016528473467,0.180050577761277,1,0.230088735082397,0.263339368635165,0.645548121616349,0.101565927792787,0.794387885969412,0.117064675787884,0.470435957904679,0.160021663561568,0.732600645871808,0.138201450278295,0.810953336833661,0.151851864459056
0.899089177210984,0.138020916533298,1.04088688981343,0.232108080023788,0.135504545736931,0.202322474512381,1,0.42056525260738,0.253916335068353,0.584986833027314,0.115590237507196,0.794707535126059,0.102863018332659,0.594453265620648,0.132519382085716,0.789145209696127,0.126461236626528,0.735589904531335,0.168768297923241
0.766053877723786,0.134061523767443,1.0794761704858,0.226385132607224,0.0712515911195472,0.208213863621646,1,-0.0850193824114957,0.253022972613396,0.573355248425726,0.106226947380999,0.492025832098216,0.121833289434383,0.62008998219923,0.12214259904598,0.712191284568545,0.133677939216214,0.767105911317393,0.163965319309806
1.21898411969228,0.138752839511124,0.957718771001634,0.198024066197296,0.19051475539302,0.191501302284531,1,0.23722838263235,0.278929945803257,0.775981239323737,0.0960949203142329,0.550393157989639,0.125592114131022,0.626592256082186,0.143380660285623,0.774736051704791,0.117782564152676,0.758977304003478,0.128390629906353
0.822227179704749,0.116029848742981,0.688964521572974,0.163588155812771,0.338978398316602,0.197716553637504,1,-0.113144699320804,0.244552788289203,0.65528761733375,0.100434437563381,0.42975492206152,0.116456493538867,0.470044290715679,0.118467032381154,0.683889814043448,0.148147233462242,0.618844217085965,0.162129374876725
1.01823176458748,0.140745018120869,0.987693998310666,0.21679845143038,0.245023189307483,0.213785900846404,1,0.00283642918884081,0.264948926584258,0.687562836240206,0.112713131763121,0.668994385306415,0.104734159221577,0.896443012735005,0.119980345978177,0.618757636464289,0.151755436443242,0.41158013802146,0.169145960203727
1.00307711949972,0.12815704141266,0.86488647671779,0.179272748901703,0.187969213872095,0.211534594733474,1,-0.224630597065127,0.269932664115649,0.796425472758023,0.0899460846246536,0.802043711783401,0.112019976722419,0.813409726803346,0.122838801761392,0.398284453492412,0.173061553055046,0.933210906458544,0.152090156326442
1.00649631626066,0.133981069411046,0.824968237967313,0.164669567096573,0.321450190627694,0.214621595659606,1,-0.0854087514049348,0.294346263799733,0.604391590627514,0.113630619277853,0.712958364374651,0.0938416716087108,0.625952854126375,0.103650984004059,0.731624028462211,0.133015950940243,0.409022472865608,0.182739655904516
1.20116874477671,0.1477991770879,1.11750022722418,0.220959436041177,-0.0446161217324027,0.144805077353802,1,0.131379278896202,0.29447120070077,0.830971833361043,0.0946495520610208,0.759379806398926,0.0985670596128309,0.951110073570729,0.108846721594483,0.659397005484895,0.174211445984018,0.915926854459653,0.179580521376292
0.976272278854793,0.125877517082169,0.724640522856589,0.163597195904491,0.58762378824317,0.161063777782845,1,-0.0626995390907364,0.272362978449004,0.707467439833926,0.0955505649451196,0.640909652153117,0.0863400966779918,0.676814093663523,0.111907912943085,0.57418359697747,0.140178257389711,0.674851560225041,0.202435471198642
0.860070335722846,0.127532076826325,0.935412646651142,0.214634199417861,0.781674829122316,0.0887336319959007,1,-0.362517408573957,0.312654243637065,0.85830566265575,0.099268378570137,0.506339954403601,0.119587286249773,0.70202686883602,0.119280003173133,0.751177960930342,0.119096386673059,0.726963305343478,0.170058352310019
0.928167939159176,0.136681473587827,0.900054929159419,0.180110916779618,0.204582581795855,0.177952918885684,1,-0.0140944996164417,0.330730526538332,0.800905972675849,0.105773345576397,0.649191958724147,0.0995482488490492,0.509716382936265,0.12810707501979,0.846076735736864,0.10509152466234,0.496681612718091,0.178258372396634
1.16374335710904,0.125113051193837,0.711701666065793,0.154180404670233,0.642737744737103,0.122261137542066,1,0.166602961453081,0.273403273637135,0.595691269587194,0.108785859211253,0.774614123006646,0.108804573001091,0.636538278712383,0.128174137412395,0.538602549866799,0.125487493608209,1.07303743981448,0.111717809517408
0.885640709180182,0.143932697847513,1.14159497518495,0.274117291157068,0.165068851603555,0.189040118332163,1,-0.175479539136418,0.292620239194386,0.737527856009343,0.103623325668263,0.853598917732577,0.114478260363496,0.564931537012482,0.156737104974592,0.435688018183841,0.176239118776292,0.684363261055935,0.187065985307819
1.11250334686402,0.138894714517719,1.04801906522857,0.235099698485982,0.281560865661271,0.255063639123456,1,0.173578819044947,0.258292568932147,0.755153671193619,0.105647665087192,0.665259445491794,0.11201343289769,0.862317738388616,0.128638582783243,0.552637451293007,0.172480921912719,0.82020135912951,0.186548357554301
0.888443476097892,0.132384169049667,0.838161608256366,0.151965767383697,0.265631251701928,0.154446852909761,1,0.213275625474287,0.268870851549521,0.546110348276813,0.112623472570778,0.761173224805004,0.106532707166181,0.662859881923971,0.110469248265371,0.737661132956705,0.116718577129653,0.874202748596681,0.141837130235972
0.997579478302781,0.142231763037361,0.95173486108575,0.212901555241208,0.0846945821847758,0.221975987949702,1,-0.0302386643830013,0.317882636183242,0.839298966351366,0.0905366170672744,0.59198888471747,0.120187884130763,0.646191362180121,0.152632240007647,0.638714632166628,0.135417077073199,0.796473840110355,0.150852975543942
0.886757697704959,0.140153167472354,1.11384442191753,0.280550576209852,0.54629857488156,0.184750421633847,1,0.281318234043192,0.278886675354427,0.612607709972638,0.105218991494396,0.641555690752174,0.129524382681941,0.904609097327187,0.135169175472278,0.506096833008532,0.158541049746283,0.872417417435241,0.147038588933384
1.18107531863076,0.133321143347496,0.844766567677457,0.176943471393543,0.204907505763159,0.21396798944554,1,0.252085892782038,0.272643509831035,0.679158657117408,0.09245214701354,0.812007552612206,0.103277503531368,0.517335407304589,0.153070717356077,0.887589380500254,0.132306883872557,0.717286146335057,0.174768738954553
1.11891983088564,0.134485337604453,0.918695744809411,0.194303710013061,0.262066184996365,0.178173336298768,1,0.229399067131721,0.231811838580305,0.558525179963467,0.1113886852131,0.795078881320958,0.0939093883638335,0.582334744605659,0.148175093442803,0.612251628270438,0.14059095213101,0.586431141082623,0.17745545410233
1.15780707276034,0.144826057333432,0.920026920356258,0.219472140321806,0.184645314042358,0.220090457931211,1,0.436849764090577,0.329875045591715,0.75827795773707,0.112561591767105,0.605008707633199,0.118194890626466,0.795428119677004,0.110249687028363,0.938475847980469,0.13285113690843,0.429965162851264,0.214360327810633
1.18349751768399,0.140808050642346,0.950550856157904,0.224007925272383,0.134161720086785,0.227172082294929,1,-0.409596760067737,0.263433422582835,0.727167943628431,0.10574666764474,1.00393996916171,0.0977144403870644,0.69072687583008,0.112826736962379,0.698009002626094,0.151406983374215,0.635203125672976,0.19844577330013
0.837987503706614,0.149101633738942,1.2837365695036,0.282510209520981,0.302145772909291,0.242560785302969,1,0.167935975780443,0.285176752215863,0.660787333944541,0.11107963342655,0.666855425033488,0.132097430665632,0.844686471744347,0.109503172968428,0.658455827758809,0.135615049528061,1.06124293139215,0.164022517882379
1.00334579063874,0.143376239459568,1.08421601092124,0.240013760010905,0.206957529779974,0.215543502793483,1,0.210691227065197,0.281754484022695,0.682218540377372,0.114744531359661,0.775215670349004,0.114131703964544,0.821447976307138,0.115999420151351,0.830113211656808,0.129676706101303,0.638625329436864,0.221167347955975
1.0723918628922,0.136637944052874,0.862820576714686,0.177765177879421,0.0397986933181141,0.16801634659099,1,-0.0389425264256622,0.252685319894616,0.790982741614044,0.0920622091810293,0.722603840900336,0.100272080418133,0.655430174518453,0.107488771378132,0.746343574119749,0.137474507060995,0.734561038972741,0.165180335066776
1.04191436635684,0.136970571535697,0.966521448731818,0.21006628186983,0.0824411372339385,0.211249345700342,1,-0.0399876141333144,0.284009994062823,0.667557056872517,0.117294523491535,0.805182749558581,0.101939923302221,0.424116704883049,0.134620742200442,0.840368035332281,0.132907577711499,0.526774216518093,0.201885874879947
1.20557133310485,0.152689375665729,0.949632488216819,0.212054547730484,0.0997228477893699,0.22409845345303,1,-0.00491482662170919,0.316031823402409,0.894157794039281,0.0997371921811706,0.658118710868888,0.130394892115758,0.68501434038313,0.106208841427133,0.839159005079466,0.129459847777639,0.620739676918056,0.166147771796628
0.94263650457018,0.114706652583576,0.590768162363695,0.120344758617285,0.595133983774792,0.150695314579305,1,-0.254908975584515,0.265692050951651,0.671587253930741,0.103110394106807,0.627004300740339,0.105795631953433,0.542120108598117,0.109491088540835,0.600070684469639,0.127958195470334,0.775558059405741,0.129940081010243
1.10104579283567,0.170710130617857,1.74886237376368,0.431035015371518,0.329342848863932,0.254277577710493,1,0.112693160069324,0.328534645609243,0.892220630231121,0.0955377626296155,0.611169178233741,0.131898162177839,0.996660660516664,0.115783612769553,0.684659143797436,0.148295104847501,1.04916889831658,0.194007412864656
0.930964035829856,0.133662053381394,1.08703599760518,0.232404848072755,-0.00487121016892964,0.160908483780887,1,-0.0148347441738761,0.284836648837516,0.716765619768468,0.0991505958718957,0.795951409142661,0.105359245871655,0.633944937203913,0.12853653236421,0.899294964860871,0.116444666333818,0.733959534796291,0.209979058610497
1.01536245480332,0.12918788623251,0.769590801907483,0.163788320613792,0.261405628630554,0.177431698682562,1,0.267873945648476,0.290962111074166,0.559961665198214,0.100440155140602,0.608293196131305,0.108753932214433,0.80922243611999,0.11841196493121,0.815569398439688,0.116124716391101,0.562616983828404,0.168455252473933
1.06089518719857,0.139640235748255,1.21405368152711,0.26598289714945,0.452521428764252,0.17490296942531,1,-0.325173068316235,0.229196901230109,0.850604582568819,0.0855666452207206,0.744470786376342,0.0997552076202589,0.584117896429143,0.136266896373714,0.800278040124735,0.160493881297466,0.66570997873163,0.188227451093576
1.04265122929417,0.130850808796797,0.962073132960387,0.19823207843717,0.186809150399805,0.155103262063114,1,-0.139059064399288,0.265808304589017,0.753313748361781,0.0967625695524765,0.683705641313389,0.0861538954480513,0.728513900193626,0.128060517492761,0.693027181670778,0.16336648330722,0.748115621913209,0.170814511187336
0.994177951843669,0.131307021124189,0.807390893664824,0.196112330342195,0.699391649311528,0.129956851969637,1,-0.131094053003816,0.334637568790595,0.776589972350227,0.117798202473556,0.654205605954149,0.111087445100028,0.720190657295583,0.0971683791877583,0.648890724634189,0.136745985038122,0.523971493086727,0.183546159244005
1.04288720596245,0.144802263211673,0.947336256021889,0.199681474567718,0.130464209495935,0.181053467518003,1,0.468071857984989,0.283572174290669,0.800107640191594,0.0927370692477385,0.675149236327027,0.112018341080173,0.638883291337442,0.153165225063941,0.724560518808115,0.160017403634672,0.764588257309422,0.19769718704383
1.06263548704599,0.128541464646785,0.663314368061864,0.162762081829764,0.504183902689717,0.233822867944841,1,0.00777073910952926,0.294669550441901,0.517042684839859,0.124463958461751,1.00596781773098,0.0876501327798611,0.419201169212346,0.130574250470968,0.896201885752723,0.122926835089326,0.745453471293963,0.172494245920763
0.737239868884665,0.132015226017739,1.15547557069803,0.254503394121788,0.382912799264662,0.183734832405463,1,-0.231742996035351,0.266088110753984,0.764891546834254,0.0920093299452514,0.700661584340778,0.112813234949512,0.655658538386166,0.132197108791199,0.680257783630916,0.149372440614456,0.673009535165222,0.158006490877234
1.18158555639921,0.141236814114633,0.896535936253538,0.19634606181029,0.14049811335855,0.209168774241117,1,-0.395802241513331,0.265672509947579,0.745221705248664,0.105529739546681,0.769798087543663,0.106595296564868,0.648723128164304,0.128278200165434,0.792885530815389,0.10321391481912,0.818855143686155,0.169223928387127
0.972343638613546,0.155796027423522,1.36114201347373,0.280415282759706,0.176125439979082,0.198745648225686,1,0.0565123479921163,0.317808327695357,0.806266821327763,0.105654368091827,0.573351020471847,0.114116633911974,0.790602312114059,0.0978464538697109,0.626999199506637,0.16019106775429,0.769026496960495,0.240207126696803
1.23979064991954,0.179620916951053,1.71636845466925,0.390289537323804,-0.0103442801549186,0.199323769295391,1,0.337580024010302,0.302849831770368,0.653673574014983,0.130825854590196,0.957975461159568,0.115511172578374,0.916776544019786,0.124488277286576,0.742525263253179,0.141600572848651,0.808471990138917,0.191653142459346
0.938928989909621,0.123716372856361,0.893719657980198,0.199406706621412,0.477157482903732,0.199112226968723,1,-0.22180415586592,0.248590575805556,0.758807970490515,0.0981976525767725,0.768924623216482,0.104450037612707,0.730101575877604,0.139498204611082,0.680908459181954,0.139586368642503,0.53915316967373,0.16484049747281
1.13723154220591,0.152196785422405,1.31281342407053,0.282819186807933,0.232217683040432,0.266257083689724,1,0.152716802081651,0.352319111632127,0.907440615134262,0.119031481609187,0.873830619849245,0.116406112474547,0.73485933682488,0.148108387200356,0.358734528833026,0.180458276963014,0.991622215075457,0.141325392092297
1.01385668468357,0.133710128223429,1.06055770868993,0.246568381791309,0.26346282043559,0.195197737081817,1,-0.0130661531881669,0.242163958127529,0.729563584018304,0.0912864631934763,0.767636258212886,0.117461047709772,0.485470389796783,0.145757156693269,0.492976818590323,0.176065882118886,0.688848185410588,0.177620240450124
0.968123092413345,0.15739692681848,1.44865090237777,0.306803897839043,0.245297976906507,0.229871572380525,1,0.178135540423494,0.274486646686493,0.722736606053149,0.117280434387146,0.583578376748398,0.126321937044494,0.575081454416599,0.124396539378668,0.796315387986366,0.151636759182042,0.737273310308024,0.169028925584071
1.04143436969502,0.164367030850939,1.45624297343254,0.307587903238887,0.170425126128574,0.25985785564243,1,-0.194670914832926,0.324466309040931,0.775751599132021,0.103225407521288,0.846426111631086,0.11270615834697,0.648872497266996,0.137481854909111,0.773361272125659,0.137079372147421,0.867042916914755,0.152255748962775
1.17744810466212,0.169518966488925,1.6078305128284,0.34338622761898,0.177783216890418,0.157963500272538,1,0.632540797659764,0.301736244403919,0.472845016253394,0.138668965940355,0.848813809805895,0.122611809426221,0.809806802627772,0.104703326058357,0.783401834400002,0.147979198443735,0.891865368975011,0.183524246342491
0.866232212036049,0.138684921733378,1.10306968804771,0.272124149455284,0.749911402045531,0.124239115169913,1,-0.0152945267038954,0.339606899272384,0.707258292780586,0.109016706023527,0.772941584762065,0.0982946669660237,0.642326569100725,0.121383976974822,0.774586668503329,0.162887928342543,0.438127706804648,0.212056989931801
1.12103391533833,0.143442960905067,1.12680637717245,0.246911013381904,0.303997689151712,0.247279168846664,1,-0.172146617485783,0.249237202299561,0.780766065516874,0.0874341015296064,0.740257327185464,0.110956040091981,0.758082108300209,0.123723998759778,0.906269878219682,0.143605993280927,0.651603647355646,0.203355507510229
0.98374562297345,0.12633958087495,0.721721583461471,0.153930201528626,0.513964983389918,0.233675318441798,1,0.284558021037453,0.330863185557851,0.628213360463478,0.114471509983013,0.696240493342158,0.0939351657441405,0.604991476078353,0.130266108473713,0.550817319944877,0.142736158316768,0.786148183982296,0.14109541618765
0.844473526716248,0.126119727808709,0.656860244678315,0.136227834239675,0.330152803958947,0.176579387000495,1,0.146029545113071,0.281823260021676,0.607094113370754,0.0914913797086873,0.696459240737829,0.100357369062385,0.62174591655021,0.118795856532765,0.638381429890734,0.192852793951618,0.542343251437018,0.176869881589724
0.833273469674811,0.149174615251393,1.54992407650864,0.350334469258586,0.173842770232401,0.163441825626377,1,-0.684763849034226,0.222961780126347,0.913021440585341,0.0860513359970666,0.704092070656226,0.117352660924791,0.877310882226553,0.158887112856831,0.301108360155251,0.236355942615124,0.789448212681754,0.143126277884432
1.1806070719929,0.146853708733996,0.977061080896216,0.210094231959004,0.275876416996556,0.235827637256808,1,0.16885947631053,0.302005963973446,0.853161407656043,0.103904568278254,0.734616442860042,0.129912297924028,0.557762909819989,0.134361425133968,0.73421202652418,0.142507787646592,0.714453267317207,0.143363570193902
1.09220526789295,0.139288767440028,1.08722689404574,0.234008540149023,0.239566705075008,0.207843193819804,1,0.348573056724503,0.23446903882245,0.650692326112021,0.101605328973029,0.623414838344628,0.0959477706383976,0.752591618862727,0.112083371541483,0.848477775144323,0.159621645420381,0.188771597789095,0.23774575860292
0.924034282942999,0.119496954918818,0.629984558803951,0.140501700651493,0.41796901371835,0.236710447508535,1,0.095050970566353,0.277651658405447,0.65971033591748,0.10599630689794,0.722934836658151,0.0826739159351828,0.705927437927989,0.105365546246033,0.481603811099184,0.174303254446236,0.445017024712854,0.230579197716546
1.12601863953421,0.131244490137244,0.798368996488287,0.172660203667216,0.394497323197552,0.230868176037762,1,0.110503277977882,0.318183035877099,0.606990324426543,0.128229059165987,0.774403008204311,0.0993752062995525,0.545557651163664,0.114278452236031,0.458985981763246,0.136124368085461,0.639739526811075,0.143633615782288
0.939502134913918,0.11715762009017,0.683079789103898,0.152156952157669,0.277963589186443,0.190582836185111,1,-0.478737184945696,0.231895846337949,0.851381765347135,0.0832059941719252,0.546087994882698,0.0964527888507598,0.740107218013656,0.10917092083021,0.832792685357457,0.160207656320623,0.634701760946649,0.245251925329746
0.979294775611169,0.137002252272485,1.07196801739067,0.249620036704981,0.319730612953002,0.24585431456247,1,0.0254855357075885,0.312185130036061,0.692463734251215,0.112940857435523,0.701434945784226,0.109761317104185,0.726518129265153,0.118480902066947,0.77904789865635,0.169257646775139,0.828888707326162,0.137959223283307
0.929994353241021,0.12852445192643,0.907224144185335,0.179821402376106,0.397952818716341,0.151288932688468,1,-0.152170923604004,0.26791255154752,0.808830241762468,0.0925842531736579,0.544980256797189,0.102619442021516,0.8328919259275,0.104189682787338,0.629570100402045,0.147983884668635,0.610786384585977,0.20672452048004
0.943932381845885,0.11885503232338,0.752344205388257,0.15995465046313,0.109720339395716,0.20519068540932,1,0.00256334719782022,0.242264178239088,0.669418687798009,0.0983587932676799,0.68849747584318,0.0952373414529803,0.666990904797895,0.121172490885759,0.702248331379142,0.146338107905734,0.643463003018999,0.174954019440725
0.978397936159742,0.136224505261835,1.05333212732395,0.212810732730963,0.14482565729887,0.18714267053051,1,-0.116973007794153,0.284019774747667,0.658494139914228,0.109775037668024,0.66368852686841,0.119975268331466,0.796891073672551,0.097282474707246,0.47153685888694,0.131624510724364,0.721789986044313,0.132544608793948
0.920090987473596,0.144689140652368,1.29651120004655,0.277995126589088,0.127709079881897,0.2214798803316,1,-0.358515338696247,0.251536360341102,0.913971114645717,0.0821686299665936,0.696888547262354,0.117050016749797,0.584384532322658,0.138537815555492,0.772403591552953,0.139871452263843,0.667753972660129,0.171464496761734
0.969042477992422,0.1382476324365,1.13196985542163,0.242028334685965,0.260220888977816,0.18226030660216,1,-0.330219270644817,0.289404473016573,0.558906548335699,0.139818303131359,0.640527111175216,0.123734678783853,0.626075625389801,0.108156072996578,0.893728425367325,0.0976034536508045,0.807904299048521,0.11735764506829
1.11841050918826,0.140881815073673,1.02840150094914,0.20502094727776,0.711014982655846,0.142508926032042,1,-0.26596564363814,0.344052977977408,0.8457525136549,0.131403420613066,0.798941580913106,0.100610764796286,0.684115948861623,0.121782884274448,0.871262901310102,0.128134538061125,0.513604032295545,0.169183805081276
1.19998129372273,0.133873304906426,0.913669324309627,0.200051246184053,0.160982030089929,0.176410122672415,1,0.292557091644863,0.321290657210853,0.746074380546068,0.100306516218117,0.662049276695701,0.100452349105741,0.75399329728802,0.107980485837882,0.86615721857671,0.112761901494787,0.606367651764164,0.229323219121574
1.04419613065623,0.151315519573416,1.2165919986549,0.267582696319384,0.124676007826684,0.193104400374225,1,0.411617146968645,0.286830491693957,0.614785751435516,0.136918506249636,0.792533650102738,0.097184792172703,0.622348902115034,0.143238519074216,0.688911777610209,0.144450775179084,0.938826185924438,0.136804870461087
0.952073976405488,0.140037977524427,1.06293659760896,0.23110199419725,0.117560749727542,0.206718979754884,1,0.0976306092691863,0.273066229902293,0.523719567897858,0.128973692933897,0.738945740628306,0.124257374897387,0.880812062656081,0.105858780004481,0.750140986400642,0.145240062442753,0.511119046151934,0.182966634778595
1.02874792420857,0.153972203780675,1.46580107840149,0.318158856461018,0.103391159136952,0.181580940328688,1,0.0954594594882953,0.273103591126371,0.741091636985469,0.0905023907148573,0.793197578756397,0.1016137112334,0.74655217537172,0.123864191492859,1.03722498025685,0.144153634274232,0.610320338486297,0.196350875458979
0.969483713085745,0.133033280380263,0.8908661259889,0.197151841239831,0.506955094233996,0.246363618394069,1,0.149123456053443,0.292304382222686,0.396339052065706,0.119713140175857,0.770718852914796,0.103612055874428,0.74153731062722,0.10781313837286,0.329818017099761,0.181096853734173,0.772200457967689,0.166774451949518
0.980723254194372,0.112467080139308,0.637679065784953,0.12208260662509,0.268127273713189,0.194420369130916,1,-0.105452540166873,0.277812932639464,0.717639187886357,0.104242995537461,0.481619164365021,0.116822514280156,0.671244672197517,0.103653111444167,0.705350583751045,0.139219745572628,0.566841429315332,0.185277206909494
1.21259974985533,0.122478474598014,0.653239487253968,0.134651002481744,0.325432124658305,0.232957989602907,1,0.076480742914502,0.255686394307149,0.60040828441871,0.118698462713845,0.708239574270886,0.10754521410888,0.901753737869965,0.0985540834216344,0.397153934430157,0.150477434919841,0.718571090989371,0.140739726344391
0.867912451390725,0.15182033390171,1.26090428222737,0.275751061160733,0.117421882179649,0.260470605177883,1,-0.316194521511622,0.300928966728967,0.791095224215959,0.103167389295049,0.727591084590345,0.122077319769478,0.612889274506898,0.15908472201152,0.509780397494198,0.183218499988017,0.857731203975724,0.131900743884215
0.92040990471772,0.135344309076578,0.868048626742798,0.198275912646691,0.234126052348546,0.21826537351739,1,-0.173077776683084,0.293372065312553,0.753536018449007,0.110333417445325,0.665650449790478,0.0996749936219822,0.57017771815783,0.145050366678751,0.750274793458456,0.147029041444755,0.645147695439624,0.203384437463937
1.04769536948535,0.149463002295743,1.06807221290377,0.235891278457096,0.537751129474966,0.194946346797186,1,-0.184703353533957,0.343692345053384,0.697874084134435,0.112759693999407,0.542659115842439,0.103288591813531,0.79305671386135,0.110962353498263,0.574536835700439,0.138978096555462,0.851785937374739,0.130967020306432
0.862239737963616,0.146625130289539,1.28903662038365,0.270004388257508,0.195427581682764,0.251188108294667,1,-0.22405627050061,0.276843948650154,0.705328661676807,0.102040483060038,0.681118002312073,0.10802744154745,0.618916713642646,0.13338191419315,0.598903477473536,0.150329843595831,0.656971665199761,0.187093563584258
1.14687422891574,0.150507309401983,1.38864723946395,0.293984771887185,0.312681135522482,0.268259673537967,1,0.0371116549240903,0.271005615914001,0.927145253077469,0.0841895062676172,0.854045346389415,0.113557614611879,0.667414373586656,0.140700929996055,0.886439943445859,0.11491211207814,0.835444801896352,0.155858676653778
0.892887437997668,0.139525432493209,1.16564077105792,0.234913949295186,0.187784561426728,0.197911418835487,1,0.150852873551709,0.276125126762588,0.630879260309488,0.1097287352019,0.568660030935404,0.110648130013873,0.682532082962715,0.117199184299639,0.535056191460765,0.156595147666993,0.941875835876896,0.140220961728682
1.22018818819936,0.137120216343826,0.931134486802667,0.18518606453094,0.455957730604408,0.229283299747856,1,0.138070321633969,0.292873594825257,0.728468314133089,0.102802626916821,0.782321659682687,0.0864766401167613,0.651141934968533,0.11579167220841,0.795189084660855,0.139417778914697,0.603172742254329,0.183562609328611
1.23813267704477,0.1673556489218,1.30567306956629,0.254105040796637,0.662238205945504,0.17137638974825,1,-0.239542462556851,0.334837903391908,0.958467238450802,0.0909078736443724,0.762634461948154,0.108089286414311,0.517069538456609,0.133169752333489,0.997599957593493,0.096764465508364,1.1111473805231,0.120569126741102
0.870703844464593,0.137942216370346,1.05156148871539,0.247011831365303,0.44465448048986,0.301536089434037,1,0.0596033967443118,0.292438934582107,0.606375385110519,0.0965066720205945,0.72164764564968,0.0970569615694419,0.526948961794933,0.141105132133215,0.857920445971197,0.166885220454587,0.497538082683756,0.226930361666898
0.887639648900347,0.132305537178682,0.815215782643827,0.164825484763952,0.417392257832984,0.202048273094085,1,-0.290060350482372,0.290461690514874,0.681395839809259,0.109416524170471,0.559424031615477,0.103347739245976,0.711136207247243,0.0920403218309533,0.676299658366884,0.135875752167491,0.620956837375471,0.22518631015362
0.835931220448097,0.135674413022847,1.09798445221751,0.246326645884542,0.494578650391307,0.23222264736631,1,0.305384888268688,0.282726403370227,0.680010140054372,0.110961298183419,0.540758358367858,0.120201064293113,0.779444014885542,0.124634083155254,0.611191535248787,0.157164452254422,0.710774341023748,0.156565254496916
1.05456864547189,0.151358243725015,1.29003646235098,0.284082169594397,0.392563210347037,0.233057112331998,1,0.365025817839604,0.264160006094557,0.678642354800579,0.0984606312779496,0.758347486746295,0.104337370886621,0.827249457309324,0.132861813104896,0.565760785567282,0.181439970071985,0.664021773133097,0.155305975173326
0.896246885707578,0.142473698634514,1.03521290387049,0.205304255802773,0.278865325081745,0.191201783216382,1,-0.152005273623442,0.298763626460518,0.796870498382496,0.107010219321588,0.582640502840971,0.117459315132594,0.607613000732346,0.135282172896594,0.724556419388911,0.117257720851077,0.758088225081071,0.148599432583037
1.00327505911916,0.125861380886902,0.819218868689038,0.175489122384154,0.13443866183402,0.191883496755058,1,-0.0185489166316177,0.236251573400898,0.681001824245727,0.106761483722031,0.77611799174162,0.106076301465245,0.77827843607689,0.110459211742307,0.671815084700922,0.160293279247577,0.546411897069269,0.168116372179225
0.909424186496446,0.166842065370029,1.60244558855498,0.367865027324564,0.306158799478547,0.189108016935453,1,-0.594193158370705,0.315716314433831,0.833275188328963,0.100000588687388,0.705344322284193,0.117545199102544,0.846244070765121,0.125778413450957,0.676316882683393,0.16325751085575,0.718552084971601,0.176913973501528
0.956478632499323,0.136762860862562,0.826246544044833,0.208367376220708,0.75565702880257,0.126961869159434,1,0.223114888294503,0.312607143439171,0.867292252042973,0.0948445023787804,0.630301328463448,0.100766793436686,0.657483768541672,0.123448035763065,0.835825849671871,0.131682882227634,0.323895252342517,0.250589287986442
1.07094004920599,0.145568369808115,1.06299847358918,0.254278491724195,0.442570782611259,0.243860218292403,1,-0.171170905342409,0.284651530095161,0.641800572934856,0.104755227954833,0.677011649672337,0.10191079961299,0.65665586189525,0.118237577758916,0.692409956871295,0.150177154717969,0.614116779049162,0.188861437864233
0.96162677738661,0.139298473039693,1.12973846864313,0.260244702733655,0.257314595425931,0.220818720366078,1,0.237445652393002,0.280335368334166,0.654895492153378,0.100327496468862,0.551062175540769,0.11488919460892,0.671202405007234,0.137401942197738,0.39451439229434,0.181100102482253,0.309859569898268,0.211231482084903
1.14151375937831,0.151759642688131,1.22226435675236,0.259335152209581,0.250074157938313,0.208231396318108,1,-0.018940783077896,0.338515533257884,0.776344076470076,0.111598686599897,0.795562464906401,0.0954025990398021,0.62389740389576,0.123560580761731,0.714954150475647,0.175292852153148,0.830882510109976,0.14680136521588
1.04819189401545,0.147526503546956,1.20260945723114,0.285351533394276,0.565122790412274,0.23282113478246,1,-0.214622573705047,0.322424210233872,0.706965227362146,0.109199034464511,0.810189332418795,0.107722599071093,0.331125405989852,0.143231468579002,0.747433538578783,0.124040651831016,0.846703672783149,0.178935596910888
1.03587575105663,0.132139050558765,0.757207875820275,0.174567631931086,0.53213774180909,0.191786749238621,1,0.606399988227332,0.301233887100194,0.514378148334824,0.113247415163275,0.577525089215304,0.110405672935761,0.447142452105322,0.138065511869296,0.607047425322124,0.136562283158979,0.378723473925197,0.203150037218422
1.07539934055173,0.144136168216709,1.21869754063574,0.289683457348066,0.542095968554601,0.199129606204519,1,0.105875348080375,0.296162350470947,0.706563974995288,0.0930740168939135,0.544480813196554,0.12523351700013,0.765123599424965,0.145520373600621,0.56716870231895,0.166713927761031,0.821426845350976,0.124140628590886
1.12308491148455,0.121902279410348,0.733710274234539,0.162992469160141,0.16699417578583,0.209019699150298,1,0.16204937352821,0.203515883146188,0.664343420131406,0.100384220312042,0.668511143634445,0.0962705900639683,0.848874824819427,0.116822844115413,0.4991175058051,0.150597481058568,0.543675943145048,0.17655837316758
0.872739255162655,0.144165945049677,1.21016572400242,0.242142518520676,-0.219182615098091,0.120888806507269,1,-0.0567325549985694,0.315753267174616,0.730607787846058,0.0909576103291182,0.751811736926746,0.118313966033489,0.816443168444626,0.107358945271289,0.908830087003751,0.143160740034161,0.70197488658496,0.196983487418513
1.06621253050143,0.143118890083542,1.18916538873333,0.264184631583861,0.241795722522504,0.207424810767401,1,0.00640944687708703,0.255602269345895,0.670002304199555,0.10196718819642,0.678009270196213,0.108336219472109,0.627900857069611,0.118692241649966,0.578999414715954,0.154689913714642,0.560219451059635,0.197371583165695
0.845442501740415,0.126184963836247,0.78264620401415,0.165151994810188,0.323948555723674,0.225697326546724,1,0.0696614826046092,0.318881039041479,0.637581149479048,0.109641765858775,0.638203497482268,0.11374181659522,0.812100880943725,0.123150514800392,0.703807088133735,0.145856284758564,0.650089207930079,0.177328441528177
0.843941414216798,0.127147808386273,0.754142203361763,0.15755212193045,0.103495072559963,0.183033890737348,1,-0.101649253916329,0.258627728920086,0.465511130625015,0.112443879955091,0.701762332657215,0.0955691306202847,0.630425589342156,0.10982344037663,0.518284280302237,0.153981114409276,0.61705855236123,0.162592667730072
1.02025652315492,0.118144852947496,0.797997043174154,0.168251767373832,0.549714289297669,0.154786195777103,1,0.0827453918045957,0.246821926510033,0.606931602343941,0.111265056045343,0.595992223182014,0.112199802321533,0.736352801660266,0.101144399783432,0.541216261944344,0.155077708723366,0.664430029403288,0.133761607521313
1.21400808950895,0.149028601808827,1.11364012427946,0.24856739916005,0.366487767298859,0.280727084758062,1,-0.0188681297832623,0.288767614871582,0.871876100794368,0.121888341880978,0.633504789531306,0.111613343371341,0.854178562757294,0.105957601410546,0.834866118881479,0.138547501805164,0.835289074068001,0.181525717008239
0.811383469514042,0.134463184172308,1.12070722977564,0.235274012388959,0.078287879387917,0.20624416273097,1,-0.360661986891124,0.248989101592504,0.845675365280468,0.0896004636174224,0.845814874352062,0.0977300952340406,0.73588969315128,0.141983077747269,0.865047666331553,0.184854795348722,0.833560432307505,0.199338821185672
0.935622556021251,0.139128271538069,1.2836888924998,0.278295620452053,0.397891688619633,0.284624045600543,1,-0.0415854484478904,0.27102661974895,0.863671333909793,0.0919461114353319,0.617372024912326,0.123374530151192,0.721947249486938,0.147707210341721,0.783283465396539,0.140264279990674,0.926564360812272,0.129596778249844
1.02045958887872,0.131589565954636,0.837317123445167,0.187975860914065,0.221590364851679,0.212783464680627,1,0.273548488384547,0.273401652526916,0.591613983953944,0.0934516534141881,0.619297323129662,0.106143216563505,0.696252231516179,0.135287386589064,0.686091087374825,0.171831528705634,0.78127206444334,0.204272321065448
1.09119047178715,0.1212333696864,0.57932617380294,0.126710841695592,0.54477919308101,0.154924098973557,1,-0.350644982790907,0.261709669612614,0.693157189811777,0.102608487713137,0.672903757516589,0.101352213738992,0.548881822117721,0.120124966505069,0.741936516237718,0.0950816047560301,0.734652029282459,0.179276354384907
1.36755981369146,0.159322118695094,1.08405812950694,0.226285597087158,0.32879121140016,0.212602614269682,1,0.427676972229548,0.294808534366088,0.513569850101879,0.121910356808497,0.831610026162436,0.0999469736130194,0.802717891281527,0.120825477493925,0.757499077471704,0.127470845211944,0.924434140324043,0.122730376534985
1.12132000315934,0.143721337743697,1.1236994885755,0.262912810057287,0.646723522697598,0.156594207541594,1,0.360848378571469,0.246119770347219,0.576312279766368,0.112917592357824,0.730374391195872,0.108587319412044,0.833560203590164,0.0925063074646367,0.762014300036897,0.138463590423899,0.992247890197374,0.156212408709974
1.0066634560719,0.113129778079237,0.572225655515499,0.127268556770798,0.756115320963942,0.0897979189266426,1,-0.0772558544772686,0.326965972278719,0.568652689991772,0.111160696948303,0.869447487277187,0.0755013863359832,0.498195543027333,0.111700139821575,0.633226238033016,0.115389166168869,0.547240261808153,0.160290710176436
0.976508150304021,0.120742388841986,0.901469572491841,0.183887333189361,0.151705791809618,0.189004253594631,1,0.145563016371288,0.194330842911798,0.499407965044876,0.106191906898218,0.717645862500355,0.0986673308924285,0.619837071579129,0.107325265885724,0.596275960366856,0.141767708058405,0.843864033335544,0.14606418874881
0.955574024969131,0.130528319304324,1.04682418782106,0.212863230152462,0.0209771570155259,0.149647491445643,1,0.167883313865794,0.243842897850823,0.81104550798881,0.0876943290543204,0.618419001987755,0.111628480507131,0.571705098917672,0.154355711508853,0.865179770634909,0.146816610047465,0.749784207366176,0.197189218536768
1.14518890354013,0.148270373225945,1.08682935638953,0.216240935729413,0.382801787347603,0.217255410100754,1,0.291347295628064,0.303571187976486,0.663987808444856,0.118760072728304,0.838597802420124,0.0786567078670063,0.455496544198569,0.130379914214323,0.849907622386702,0.120094392986529,0.724432650066763,0.149751770203564
1.08788097948789,0.161779383748652,1.53518155194998,0.349873478987925,0.235849336359816,0.241467418578012,1,0.156104047505488,0.256478696371064,0.800379394936726,0.105414304369405,0.925023568542515,0.11604687532697,0.623423285354605,0.180824317240487,0.74016661051162,0.17585994373779,0.738904776376728,0.141774504937299
0.969656726394438,0.148051965870578,1.03551685531924,0.257337856497408,0.699884610200593,0.150820979810714,1,-0.592725981615078,0.323439410366218,0.757115399983237,0.0933241431569933,0.673102416005591,0.115604215720464,0.519037627102618,0.121745601320384,0.678790705048897,0.159019866219354,0.737869909896001,0.15540276602941
0.952563302386688,0.152500791289622,1.52473509351892,0.325819048085066,0.40375096081867,0.196001061123854,1,-0.678984530171147,0.293345176636594,0.856313338396356,0.112248360234642,0.77743614704878,0.10343182925769,0.823284348640349,0.114646846762994,0.641177471834768,0.156577831233253,0.690383464982453,0.187134323803421
1.01411529668904,0.141192483270312,1.04200537909858,0.247807293409241,0.390367543368113,0.242278677974817,1,0.202361914263561,0.31339664277253,0.563511516365604,0.115978728164642,0.802058149326164,0.108742567048095,0.572562435850833,0.147933404792239,0.412873015828873,0.166923828563522,0.565513174611216,0.15698431149284
1.1158031226497,0.125686178688325,0.777987552514666,0.158694953067321,-0.00716368771538883,0.177521917969098,1,0.0776036097327217,0.21349608626696,0.821201500212895,0.0975276973686305,0.686820769521012,0.0958852065740662,0.737969047846686,0.109190407493036,0.729029146083317,0.153459751962506,0.49822349158256,0.179051596934586
0.968839729300354,0.132116357725993,0.835595029729693,0.17554234700368,0.297675073399206,0.226287837957038,1,0.0244174375813156,0.281800683147671,0.700464589341715,0.105745885623448,0.78341670001734,0.10394960054623,0.703657490102694,0.109183170551173,0.650496350082764,0.124825205325821,0.667234044636043,0.134735127949719
0.899042663488432,0.141089287485514,1.10538461678824,0.239936821787817,0.152734972777546,0.157863645364128,1,-0.172412278182819,0.28393523393271,0.645161184514556,0.111693036051587,0.761598646981707,0.0948912249795035,0.693766861461436,0.120834068921602,0.730071786541817,0.130889126013391,0.65898080104235,0.179738056047355
0.987515940147238,0.141215925483963,1.15188282502452,0.251651747042444,0.303303481527781,0.242974166675023,1,0.0050985907036533,0.323336397528328,0.790745502146029,0.103329467769927,0.689998333656911,0.11981271280359,0.662811787418943,0.136045836383246,0.836184436695259,0.10741591200193,0.65464807350108,0.172945918639173
0.886846950398612,0.137028122033048,1.08429677889789,0.231780028375885,0.452939432524049,0.16566423597663,1,0.173783465796208,0.248108869335647,0.610334583255394,0.0997838408332234,0.739478500298546,0.0893324967681829,0.490403446860546,0.13333477015287,0.602738340318875,0.189700045199471,0.660109416161959,0.167599056530524
1.32733411686341,0.163456179497077,1.54080056856016,0.319550897397748,-0.144220957826258,0.117027107489232,1,-0.0113173763571002,0.253865978746192,0.827833130350858,0.0996092185548102,0.927352780225876,0.10618042084495,0.57624665201571,0.162593671114272,0.750094996046131,0.145804530028479,0.869162506924472,0.11971762984082
1.09042052474719,0.123249641716168,0.954300927844225,0.171319168186807,0.320610845161296,0.1737589408234,1,0.249266224143458,0.265231651108258,0.801014239484575,0.106569719946442,0.575978925951785,0.110183633004878,0.925984724255255,0.0939139617261755,0.68256893834053,0.118023837882135,0.896367150763308,0.153215311390224
0.932646632175918,0.153717509054759,1.1807146542509,0.250451502986199,0.337467197736018,0.248732438447398,1,0.30626623481087,0.332499615909132,0.773186906242602,0.101633436400432,0.651533655113986,0.121183662370156,0.610621729559849,0.136741505757719,0.889047093222081,0.128177027146125,0.572469708083571,0.196458767139552
1.13862896792504,0.125991636918005,0.695011599257988,0.146802592184946,0.396694693470046,0.207308397870226,1,-0.170761729733177,0.257971716032852,0.757594970407001,0.105211461392661,0.763611346568579,0.0894290315417387,0.755422296304649,0.102934842129739,0.6646255691705,0.114054713648821,0.77645425117037,0.134564177252102
1.16357449111387,0.163996311858192,1.52859926581234,0.31233631507884,0.121621174717897,0.160989833125557,1,0.302992542859563,0.301889842273138,0.672828128803511,0.0918548393122381,0.824242430724308,0.0952151196735141,0.824097941165488,0.128508180639117,0.486573769036456,0.188789087978641,0.638022805822521,0.209256546642887
0.974037856850671,0.137076776112015,0.889326783507655,0.201171108381797,0.141408236400215,0.193442843870451,1,0.123789579946075,0.285900513172827,0.681472341369824,0.101746589421621,0.621321598509617,0.113049592970645,0.809597248269563,0.127510062006659,0.395987658843594,0.193294454877239,0.643845920248793,0.201894903357016
1.0409632737175,0.131138075480476,0.827290177969579,0.171949407455666,0.366580517194426,0.263162680112641,1,0.00773279876642297,0.288563468825357,0.691224371961301,0.120250449507557,0.860402431480429,0.0947300487897055,0.697899505435708,0.106092897457498,0.486789223355155,0.144078056457037,0.645517717393873,0.186250348730037
0.75147516161667,0.128301825701807,1.01473654230684,0.209195605894123,0.23422556722973,0.173793470103218,1,-0.375704662881598,0.214414228309368,0.707385140871598,0.090055607909443,0.708130547933533,0.0979700031524618,0.188001502689899,0.158743100199615,0.653081491071821,0.125962288803362,0.95211221160282,0.168149772157293
0.97555388946592,0.145127970518887,1.07163496425281,0.219434013459428,0.228568094941673,0.206702671245074,1,-0.187293416062828,0.309151324129182,0.805710210264508,0.116501140325317,0.590916454750116,0.11099017153302,0.601752502957963,0.136964015269816,0.627630183038875,0.127453996012138,0.898827865262758,0.105280437355224
0.889835974399574,0.137024102003966,0.980610851011868,0.227398060365172,0.251182083886413,0.240875082695395,1,0.252607451661033,0.30291992931045,0.608645806389359,0.101191413397156,0.569875978741538,0.108862240611164,0.536767701776182,0.128397994964956,0.575075644889396,0.15203242189836,0.510680819670382,0.190710395244613
1.09562119550221,0.147656995448073,1.03788916534006,0.211223318626536,0.269174296825779,0.158130885854038,1,-0.0986536506873826,0.29739118703068,0.813890000145639,0.101740299008642,0.487972391755009,0.113049954712354,0.868439969248862,0.111960207407248,0.59054501502105,0.151069477892046,0.632889950170431,0.153143569158122
0.896953513087219,0.139970875134369,0.944609890655338,0.222658185188868,0.653781285549063,0.153603041820239,1,0.0541394584786857,0.314634610336347,0.574007471858705,0.0991217250979532,0.732976761298669,0.093309002808168,0.416041842224888,0.143479640125715,0.6038974423828,0.151725299065239,0.640860710918964,0.167223463679078
1.03930695331713,0.133236284021179,0.957571912064142,0.215899679506878,0.0792217696371283,0.168882593540656,1,0.133991416679992,0.335228126461532,0.631718347328314,0.121330108468943,0.819262682191712,0.100761336481568,0.818001051658167,0.109355630310048,0.551267690802651,0.181180315670933,0.66061287371791,0.183379823339296
0.825328685476268,0.13560892528766,1.00654455105874,0.245480648347827,0.330278369939708,0.294091761110404,1,0.125854499830137,0.265790863674295,0.637983143942965,0.111789234010142,0.821984423946324,0.104729888844535,0.552547168038012,0.124753766685849,0.764206186086354,0.182760539558963,0.437026065057709,0.231547831234981
1.18690576832842,0.133665325391168,0.930156964388209,0.196134177610968,0.19132391199739,0.214435587406115,1,0.322148486725387,0.28407372762078,0.728882291904601,0.119832953612147,0.621152996008289,0.108112648885689,0.707243124558199,0.115522594857126,0.65950212845547,0.150187041749889,0.739407907419274,0.144337460331022
1.02592477831574,0.119217557130904,0.704407146739744,0.165501085270461,0.287162159984597,0.2233349107355,1,0.24810968089287,0.260896990019715,0.6193118449331,0.0955558993179918,0.471118535758528,0.120335772451696,0.634545062481212,0.12359424019637,0.577781089996692,0.13662987825148,0.561523264925294,0.184314096334952
0.866075779223133,0.136899224033831,1.04078733897151,0.214591612237408,0.159488718365784,0.195631874517845,1,-0.257810381277082,0.259287101670732,0.753123431629508,0.110101945170172,0.647267578889452,0.110724969113664,0.882816358569778,0.113255233256408,0.77226368495355,0.148364331510502,0.774637290363045,0.154275183521543
0.945941986635828,0.122478319334317,0.815330902812377,0.163582121036963,0.308388512941859,0.16572865610275,1,-0.200802650533398,0.267926071236711,0.677884899868627,0.107738105667466,0.645563486101576,0.0909966821165041,0.62762547424512,0.109319240164106,0.860712031972394,0.119775841696472,0.879564380476014,0.191538610345022
1.17071351415247,0.130182383663618,0.79598410508077,0.160101796873119,0.364771089996374,0.216720977937221,1,-0.145997443806671,0.273410632679114,0.565810725770691,0.105510211423878,0.819659385112219,0.0849998974736784,0.836034252190026,0.109658656363274,0.819234009081052,0.155221228794418,0.517225042535295,0.197223994500285
0.789489261893493,0.142217686562374,1.14383072290727,0.260012460867593,0.255663663729808,0.266933575657406,1,-0.56119761084276,0.316084524093396,0.643005926591905,0.109250702960786,0.703174973344625,0.099836609247283,0.47235006552478,0.1601260408295,0.754194782257123,0.151074332297499,0.697216523249952,0.197069205558973
0.840946037965339,0.145705420513602,1.36140864716714,0.274543427698808,0.304117789906277,0.238411114980509,1,-0.386968949543955,0.254116871243003,0.655585928674335,0.113034948150932,0.878218962297569,0.0902263183092435,0.702261652150945,0.123078016612209,0.849106308623412,0.167179229879791,0.448691944125717,0.176178422048712
0.932394327467977,0.128352441608989,0.818620429939165,0.162160058657421,0.379305259068532,0.199128846159379,1,-0.079787835011671,0.297568020733009,0.768955834363333,0.114020500880155,0.702152186540827,0.106901770444527,0.714627647199665,0.123368362381027,0.619943470705725,0.120536314756197,0.953916547493453,0.145751977191085
1.04388516356749,0.123641029069507,0.893679711546974,0.181597425240217,0.233231222635036,0.121835429517768,1,0.0946409361475539,0.248456096607859,0.437889109033778,0.105186825693779,0.780587213823409,0.0938983814209102,0.615053616842854,0.12747823768611,1.019960874147,0.127875487486498,0.304916019119205,0.208718702750456
1.18706565790635,0.145420509121272,1.15558148150842,0.243848762202315,0.548132218409476,0.258736517986576,1,0.466830486047504,0.315520653517752,0.781785761604364,0.0996538927569742,0.842624663353488,0.0970426749837821,0.634750641941824,0.136902095920869,0.752124406243074,0.133353010473932,0.829831338552115,0.142419559189346
1.26191189547566,0.13535426078047,0.946651716373874,0.205821567933182,0.487494560247279,0.175630742461102,1,0.313306926185393,0.26608884723669,0.746884564163503,0.100557995278874,0.7610756729813,0.114519013424567,0.55812632223401,0.159340029664618,0.512372875274861,0.167790521810654,0.794431284111063,0.137581020186739
1.18847612720743,0.134488711158729,0.909513704457879,0.208923043205379,0.623751627910501,0.143891132650958,1,-0.231308792662285,0.272979125958003,0.757436265800164,0.0958578169244542,0.658069771897166,0.116528275173556,0.609373714361148,0.135865492024072,0.695301443570427,0.131188102053887,0.610259019070966,0.140090960678915
0.859968622861835,0.14085367063985,1.11729595420707,0.240976227437517,0.377144421162721,0.220137452172604,1,0.0442076010856573,0.3260954086043,0.760687933156385,0.114833459256068,0.561734362063137,0.121163228300357,0.637233104222393,0.118679193668921,0.826648473933791,0.117149704496754,0.562497072260903,0.209996935949635
0.823234768031088,0.149610421401237,1.11238169112313,0.249928025309364,0.643083822188844,0.169618066385994,1,0.0128071123045079,0.329947993686581,0.839649797858255,0.108101597653531,0.565690906372417,0.110535566697117,0.679835874962875,0.117430978400203,0.620229919471526,0.155591098463869,0.850280813039019,0.167282571994074
0.941637538664519,0.116949117198919,0.531498922726083,0.119556387606131,0.221743878295567,0.199957510627765,1,0.255602401713018,0.272661233959513,0.656724626601397,0.0980852304101993,0.63121511230762,0.111925759515139,0.45051672602893,0.14504828165338,0.639801709913024,0.154098866146501,0.615750524163309,0.1560359734284
0.861693991152769,0.109066104516774,0.739052641871221,0.143707938633996,0.218881529301326,0.194394846374806,1,0.306129672160294,0.228639195163038,0.554345608568199,0.110108287315117,0.700956145179543,0.116433535586867,0.514866774995407,0.135080529469723,0.633582732936184,0.131800579626143,0.65626847083943,0.144353814294157
1.12552688873952,0.131446086337217,0.837124821528231,0.162196331719787,-0.0244935133780995,0.15643719930415,1,0.502269716680814,0.26641439083735,0.556943024253187,0.105558020667166,0.78295633506049,0.0953491787488706,0.696757671537511,0.125017316071647,0.928966507245358,0.118309332510504,0.662350292914374,0.176363662157384
0.95469423653267,0.112790401881467,0.641809424745185,0.131308226807243,0.349913536419116,0.18852068362322,1,0.391002055995156,0.273669036671192,0.691714554968495,0.101235073989864,0.49662400060593,0.116773924900114,0.576052983021986,0.122797944155341,0.878640795355945,0.124252358818317,0.462519259612443,0.17774328970406
1.14612169044109,0.134458449555882,0.827465744665394,0.188232759558169,0.678713206019936,0.1776809418685,1,-0.0777283975246827,0.35757261782097,0.632616262457352,0.124938558411464,0.80021301784777,0.109147994788644,0.441908865194185,0.112183774810831,0.674331666679321,0.109896330690589,0.68801208340475,0.127184932426541
0.851442746756653,0.125374122833763,0.792028000091084,0.175133984210565,0.316272795986079,0.240162053729248,1,-0.131564143821531,0.265964663232158,0.722757883030838,0.0932239149670076,0.600880675617769,0.120006068462798,0.530583173135433,0.133897197881394,0.606755134485055,0.12874899121318,0.60144427727933,0.175009542958625
1.00215529236371,0.132866142584085,1.066620939763,0.232442487057665,0.234355837692578,0.197460586918143,1,-0.0216685032087866,0.280736925106467,0.771866066625304,0.103110434591069,0.627909943311604,0.109268907451131,0.787274208711358,0.131355112076251,0.688118823791381,0.153939830556599,0.512884711226496,0.193129218186212
1.14945341255262,0.137490187998421,1.0420109712614,0.232079603811414,0.140435854071642,0.172790851670228,1,0.368642751899784,0.265351226500525,0.654417352512586,0.0932085179065313,0.441546675324187,0.119249964652566,0.894648495355268,0.12507412121942,0.700903816882349,0.158069450848846,0.793058399405404,0.14636691677199
0.859829614166992,0.128341761330804,0.884612521512894,0.188851922917081,0.285585454159469,0.155495625721615,1,0.136555060325358,0.255479349293983,0.466227511507257,0.112575491141944,0.661924212954185,0.107766926081597,0.73847537280827,0.12222105950692,0.553040095925631,0.13357868932895,0.467448824100214,0.153199687517701
0.827230438521923,0.151919213743293,1.27416882681555,0.27343773484953,0.204018518997304,0.166586255750939,1,-0.256554380732736,0.310689659104529,0.914792624526084,0.102571169616885,0.750380160561515,0.121510709459426,0.608576823865163,0.137006414868394,0.601385931981351,0.136793250045707,0.710712928083147,0.142680869586524
1.04570564049656,0.144011314513514,0.856165144968092,0.203133625678392,0.184289456106973,0.182297794804808,1,-0.705400251054796,0.268795685291452,0.870693992370508,0.0836939653985344,0.699811006607981,0.112710367051704,0.693183844100219,0.1531733301631,0.486227386277275,0.172809802826658,0.582803718844005,0.2041961627159
0.999802344760776,0.146851173076885,1.19290452916012,0.250734152907243,0.105032465908005,0.149045055277691,1,-0.733731894426503,0.315363427372096,0.790696782592145,0.10688550876325,0.682121893103277,0.103076408537005,0.552339114742089,0.113840307461893,0.758029653523384,0.129581601076296,0.83460322950902,0.171899720922897
0.701263489655691,0.121493327291643,0.695732143587167,0.138008386506005,0.23454679134759,0.170181094202714,1,-0.673605144364365,0.293349050647138,0.868835186733068,0.0880491532157972,0.491843154855898,0.102999094986035,0.866634114342024,0.113741265676689,0.450126306528115,0.171016094375542,0.22884456056449,0.317081151849611
1.17434951582252,0.150617302191456,1.11005204380163,0.239836858827463,0.22331313145431,0.188320475698002,1,0.561300166277239,0.278802965067408,0.657915734101741,0.109598212626008,0.918367302917919,0.104284699806967,0.708977239713698,0.112367331628147,0.852886450330502,0.134012457178094,0.76419272633093,0.206566657240235
1.0121628837714,0.129857248359325,0.910379948813704,0.190170561031567,0.0631533983911708,0.187721118828765,1,0.00574764393072882,0.25755646022379,0.750215732721954,0.0948453513951082,0.584000438225808,0.102299039471594,0.679832485237131,0.117845050352281,0.799345100732519,0.140150761527104,0.853944271749525,0.171503486857574
1.03474064017995,0.133051198191465,0.919633529802081,0.215049980476771,0.140782812798249,0.213355795616424,1,0.227702801766668,0.282219282752271,0.705215230372516,0.110407876270551,0.553267193316512,0.117415323121351,0.670409803561294,0.112854231333239,0.841647079426292,0.138862706144949,0.779100032226569,0.202876780948682
1.12636766988344,0.171556632214849,1.38771300496326,0.276903544919588,0.139711163744176,0.208906181574753,1,0.0324254650320295,0.327043127349315,0.667931230434343,0.100025546619001,0.870014474729556,0.108945824494766,0.896087240963375,0.101285288804587,0.256293140426113,0.193268422665433,0.657493153726813,0.177246143032102
0.963238047453828,0.150649093315141,1.04968029734725,0.222537506938164,0.2850154819635,0.24271813258324,1,0.25500179503579,0.277700428633336,0.626464982234017,0.10217404464784,0.778683800732601,0.106953466028392,0.566067015439253,0.107838623723554,0.822989718573325,0.137206186154626,0.755797707016596,0.205218275869157
1.01478758859053,0.126609265153878,0.929442516128431,0.190160958840183,0.28871320662489,0.178742855520788,1,-0.150221723255508,0.275677098189708,0.728163270993657,0.120021033944764,0.595101886573617,0.110189455667258,0.681890776671268,0.118431179360203,0.818549065294265,0.116745474611321,0.592080736599248,0.125062133416826
1.08890054762468,0.145593601886659,0.978624461836704,0.199159185207541,0.355106694281363,0.215254175560199,1,0.442137868662199,0.294068177676574,0.653675962105213,0.0993613151167884,0.554905825983723,0.104701290857067,0.81707024656952,0.102714081190043,0.614623783981367,0.129465149742738,0.565408306584365,0.171308573569559
0.989327519737193,0.137653113862583,0.971236595132557,0.197918235343443,0.132479062971792,0.210691907432786,1,0.165324458883299,0.27522045168397,0.716128426215774,0.101054674526863,0.781782107654023,0.10551325481849,0.7225522546768,0.130939464687404,0.698710382954183,0.126132210179361,0.567979546304679,0.160272417858051
1.21063626093859,0.138317481872138,1.03480544180992,0.213742459561662,0.495163088288087,0.21445635941322,1,-0.104192342657563,0.294296354530579,0.794266358836964,0.105959805750956,0.732416575178266,0.101748504379122,0.650041943483721,0.124757649894539,0.678749814748149,0.134155136783989,0.537528897416411,0.171898087765207
1.3057659200489,0.144414283604375,0.953707941371512,0.171008211097377,-0.0224860935783423,0.158611387936748,1,0.0769756264689949,0.269969738852974,0.793874973647843,0.107926730365169,0.803730219157663,0.095218411005545,0.86126159575793,0.0915379270918678,0.567942083373315,0.146197989306413,0.568604499949154,0.177130211719166
1.20948851887741,0.137752365239498,0.973465430516334,0.20457580733078,0.180043251635276,0.207963518573491,1,0.229716287506194,0.279126610881455,0.559291250338303,0.110738323297776,0.753246364885053,0.0948663028515187,0.659644523323823,0.13921921854974,0.570745124193778,0.171401958164085,0.895276007714249,0.132270512884029
1.26281372926335,0.134009394805803,0.87513729931673,0.203789576538689,0.809738456669163,0.0651272235022472,1,-0.22328903579681,0.33104398585161,0.949723385939386,0.0957737413844399,0.637210637834323,0.127990423143608,0.756685288725021,0.104439640143906,0.776653585824084,0.124302496140817,0.565682866835896,0.166978092597462
1.04614267994014,0.140003932982086,1.01227984571819,0.199252717683735,-0.000308963166794622,0.177757917870924,1,-0.014179097854576,0.234340309467993,0.806702503657683,0.0880216381329667,0.709614052241785,0.125246210281701,0.744762029460056,0.106954874867491,0.634281723960577,0.156121660262114,0.662637982803591,0.152641165499377
0.872666258253632,0.120882076812997,0.728275415400742,0.153968340562067,0.424507759859346,0.20884744411717,1,-0.0588500721516367,0.2646575337162,0.859626875972276,0.110345779577756,0.43324404901622,0.129751348564801,0.704165753509502,0.105974363714903,0.653899541453643,0.127562690159437,0.541535984669266,0.173391661503057
1.0634868509102,0.149009104685119,1.22033163278876,0.259605457619916,0.241563123759747,0.263316052544736,1,0.2402357858132,0.263076701499726,0.559345207178243,0.129845783066649,0.763068070191896,0.110672997527659,0.886201539041656,0.113307617868717,0.602671309225393,0.148581455725221,0.502212808370593,0.201135285845311
1.05210619229223,0.152947870838425,1.21124316598826,0.266669509415461,0.429847159891808,0.259436516027388,1,-0.38358807144045,0.31418571445947,0.702527537970704,0.0942912751461382,0.633707186677167,0.114636410200644,0.82139422479704,0.137928472984643,0.637530357376276,0.158690616342076,0.932185797708445,0.131155799535516
0.910196202897715,0.124537795461631,0.749229294678749,0.178364305533354,0.631826323374489,0.159357913665631,1,-0.299820442091267,0.29040866091695,0.822764934851024,0.0908220124241016,0.548369233054159,0.108293761766934,0.812574224188362,0.10650864940796,0.415364512424344,0.181525866627448,0.765961386548445,0.181759211290354
1.03587092838838,0.132108777802764,0.836766343439958,0.171902893405939,0.388851561824573,0.205596397922145,1,0.11740472077889,0.260159572062074,0.796430385390857,0.0912226159055932,0.648230073616774,0.12046806936501,0.828070253540202,0.102375127258566,0.738721937846741,0.174747022673361,0.365537153737143,0.24367621169458
0.714219171159918,0.128834763358335,0.822539268676021,0.18137130600981,0.328443052815197,0.187979560060338,1,-0.433432465703681,0.279967509578543,0.644972213943686,0.0998133634324197,0.685341890927154,0.101792825928828,0.64294013535094,0.12843920037603,0.784202005985048,0.143390927477773,0.353540809294852,0.238679105743176
1.0011455812032,0.145856265524807,1.0135059561169,0.229107879667197,0.37876896831957,0.243215405490334,1,-0.0125318466842911,0.256673210476168,0.786753885321549,0.0956630261922113,0.695147474750522,0.0983136677369579,0.677197816391161,0.127922061753518,0.845162132054422,0.127649011396584,0.543323672308603,0.207802386282583
1.25061568039835,0.150664050498186,1.20037995217836,0.257779983194534,0.387096755463734,0.224112494693624,1,0.472147115646615,0.305023222087065,0.655562436560907,0.127877264789402,0.981065947401599,0.0868919128725452,0.614367887388635,0.132039226377861,0.517925510477156,0.189577085920012,0.79441490479502,0.154128083287044
1.20575769441271,0.158972125209037,1.32586718702362,0.292508792106081,-0.0640166487956373,0.149693090418278,1,0.0456624306972928,0.291608040715973,0.838279344651275,0.075201727452483,0.682897359969248,0.12150576083382,0.554569737947676,0.15321673221028,0.921550193888022,0.140527055442192,0.795712756855073,0.18550719346082
0.955629385409773,0.127917223796811,0.922639334463766,0.199947318059618,0.236633713320107,0.180164822461056,1,0.0582733275128298,0.252916913263902,0.56094687269366,0.107262819520714,0.515965977169322,0.111950964193363,0.653633509969536,0.115594483794601,0.754392445239352,0.131100227065306,0.624394074278516,0.137270577555351
1.08266460731316,0.146626905846016,1.05101921845758,0.228735653832301,0.23993716527535,0.182677256738234,1,-0.00312140151547539,0.311370113296482,0.692010180486655,0.11741620324951,0.632596920742956,0.13158648127081,0.917099062854546,0.111857460728584,0.721697533143505,0.132938272818659,0.829857665103375,0.118818734269929
1.43887130836567,0.149343793003696,1.03763922774536,0.234525371091985,0.091201193808019,0.219190729802136,1,0.0793791613377617,0.26283062872891,0.941339619869304,0.0982705530058767,0.663833755248693,0.116588053992151,0.695893439331879,0.128544802420616,0.720290475606423,0.149241851333163,0.734750651666327,0.14222337102752
0.889089593223591,0.117040350927519,0.63274766394302,0.144228866462669,0.524281979463991,0.201913930861879,1,0.345685416686382,0.288714068634559,0.41684144882329,0.105376416384113,0.675256074970214,0.0908753582477011,0.617872602543743,0.0977516283371163,0.57357422288355,0.159839856498452,0.569335307343783,0.165435548624148
1.01179283883426,0.127377115649077,0.865631813986222,0.200154582300661,0.155921960696293,0.2185418045563,1,0.179784826386123,0.239223242727068,0.52679101144939,0.103007522874255,0.546778371252728,0.11925549275325,0.592187700319812,0.128450972058175,0.470089540002659,0.148247140370077,0.867188947461332,0.144421047507945
0.695411058287692,0.111127246474742,0.621963472126526,0.131025027086414,0.37520075420598,0.190109747412358,1,-0.141561008601551,0.264736607407667,0.661246451134679,0.101260443029357,0.595786051145308,0.107264408277499,0.560533881973257,0.108593852088456,0.902384362638657,0.110148084563511,1.03480489652344,0.169075146630838
0.921425748003634,0.145518965553572,1.15158734390579,0.273386982584551,0.390772744360604,0.283625364763718,1,0.391250414818235,0.293202527824954,0.692028178842854,0.108885304550432,0.605299957734425,0.130720432461287,0.591327508863605,0.133329902812748,0.625920080483387,0.132900748692372,0.844714945091603,0.123333100469987
1.0451458445455,0.144962318872572,1.1770826309875,0.251883769991893,0.282363166195849,0.218385243748027,1,0.0190134245031122,0.293484612367994,0.860576370713196,0.0830150455656212,0.590191753567673,0.115594560026897,0.684432620800458,0.141022540250201,0.467663179302993,0.18535128366732,0.721234488081794,0.157265842105656
0.997050321280191,0.125294690557809,0.80139861548724,0.177207180181792,0.430120894830823,0.248310211410545,1,0.237114725298565,0.303935916734216,0.464233760367162,0.115760776877407,0.716684807350706,0.0849635950362374,0.743242013486803,0.113682296950491,0.537988329304796,0.150403471907824,0.569629915495398,0.175609877942007
1.00308471725884,0.138963064672916,0.803886055797786,0.195334422097455,0.579599868086561,0.223212988158845,1,-0.358228485731201,0.311982242942948,0.872909683583251,0.0785297765926089,0.801221077739778,0.0907921707923445,0.82241960557239,0.115256196470073,0.290369259489412,0.220338029452216,0.807144007667229,0.212404854673648
1.06465410326205,0.140735354907809,0.993863838931848,0.232182673274794,0.442436644509923,0.292547628663757,1,0.277122268229163,0.311716802544645,0.733994927714449,0.10932044482227,0.793738007250207,0.107681254851093,0.655569285112489,0.120250491518337,0.852765375131777,0.136886275549303,0.514045174986015,0.206614864644041
1.07432285361464,0.130838644514587,0.866714260637014,0.195512560785718,0.373050805528459,0.2102012353691,1,0.486078839959785,0.284589529723395,0.676549159063987,0.111996332350668,0.717002269156869,0.10457071060922,0.695584578008859,0.121952280553064,0.822378503851754,0.140233390233564,0.467823795910226,0.152948995106339
1.08007711777063,0.150625424772545,1.20714641818643,0.256796921952885,-0.0122834638521257,0.171069137482185,1,0.0822071000971806,0.269416019189183,0.861061851078336,0.0997235398836677,0.528255674696734,0.116510488622078,0.793999982766082,0.13245114317373,0.825468468427155,0.140158053768274,0.978417108545552,0.146662805241953
0.932579135489,0.106166633379773,0.503805136890454,0.119777766834103,0.557507403047758,0.189502366739834,1,-0.327504436155476,0.251439916325848,0.847362419161725,0.0837530966602214,0.63204722148117,0.0924862700619814,0.712849635918633,0.138743943293595,0.563706424942302,0.166313751822315,0.989607532708176,0.19803055829837
0.818161472143828,0.146750568954463,1.23238412102782,0.275625539247538,0.268170078807773,0.273782121373733,1,0.215875255888342,0.271385552599745,0.592814202882536,0.11365371412416,0.59529759139345,0.127972625473892,0.980145784570541,0.105354208018487,0.666392533198869,0.155958917727291,0.498047921535204,0.202184774014238
1.08739520009182,0.141197848034267,1.11328234968274,0.23462194348416,0.066389751491012,0.195660216315423,1,0.0182298915365493,0.258183609444525,0.741970910956578,0.108057423361436,0.767333065955458,0.0950299372551957,0.665633070085437,0.1429672951949,0.733079300578861,0.145742692740589,0.512793540614144,0.166311301334579
0.831063172094151,0.122212660810836,0.776286118237224,0.162824150145503,0.377799684503343,0.220114657312033,1,-0.162887529362552,0.283253007236775,0.756189083061795,0.103188285033072,0.725518041462907,0.106025530537297,0.775785451548216,0.122497821656636,0.53899002594945,0.172445002772408,0.477701945487965,0.213955370257536
1.00895081677584,0.155244996691852,1.23787421983999,0.290510000302071,0.622440917163059,0.200179795176944,1,-0.10898351997923,0.330981935126641,0.769933809686195,0.092239858010028,0.733148281342233,0.0956551113909159,0.8084776004875,0.126122456048988,0.496390761838846,0.183186883236692,0.815241876659747,0.190190827055956
1.15429597754018,0.167190082831507,1.24323595574966,0.279489156754969,0.124565382516668,0.23692975060854,1,0.280200448076181,0.392742117570538,0.752565134813083,0.125031400752518,0.833116693441311,0.116636696778818,0.652503932208346,0.133472468889097,0.912434511830985,0.120784320345712,0.743123744517025,0.155615508638305
1.16071719535599,0.123806081845355,0.701059977483622,0.163614946615393,0.613841425307533,0.18328854265521,1,0.50200448465057,0.27032695034718,0.620836146027274,0.111669556979436,0.674917103874924,0.0977864229514187,0.638107075582789,0.112864383314044,0.653371851482109,0.149366597583275,0.6655020016276,0.194305762069538
1.06828744085379,0.138297121001829,0.993438673555358,0.180635453846817,0.109815604681936,0.181926673929663,1,-0.0629677322494544,0.302706815988017,0.683408792543449,0.124232320382939,0.790676737754925,0.101894874973784,0.753260004162694,0.102520604576064,0.596014342511877,0.140917618566105,0.832349338376208,0.166023433402608
1.12064365818879,0.154203043881509,1.22436423866549,0.279198772270783,0.209564377186025,0.205945253908547,1,0.331135690548149,0.326099091599931,0.558124962046374,0.126817657047832,0.786723775483483,0.110184193118975,0.713276580975056,0.127116040286611,0.894511321258501,0.162796976518999,0.32314875819885,0.18161266131553
1.02289352870005,0.128592457546609,0.680047931697318,0.139216921998984,0.374675167830076,0.182655040125845,1,-0.00771523282299632,0.276156771625598,0.583295970377025,0.111165617281833,0.539670183474761,0.095866887496094,0.690732826983859,0.113696043475259,0.704065600882655,0.128238342212975,0.6866653503328,0.141899693612244
1.00589386494553,0.145896146471743,1.08064417858548,0.239130812033003,0.147083098581928,0.187870708193287,1,-0.118276559013512,0.282849794120558,0.753696195385633,0.106573738406235,0.608726216061171,0.111582522972816,0.954248347695694,0.129825783521757,0.762581754212627,0.122289594694906,1.06635364985874,0.151467979540774
1.05924957853173,0.146108875433757,1.1292408660125,0.251798349520369,0.253931235397143,0.21821407324254,1,-0.221606478361671,0.275722831510616,0.669064293299633,0.107846715324005,0.842613226853364,0.0990329429457294,0.562110320567917,0.132342770152226,0.454743174025577,0.157343467217136,0.475593416038661,0.156719632696333
0.93724827868732,0.153523949071051,1.23653430006386,0.282710041976887,-0.00101036264588808,0.187685281011432,1,-0.578959943245291,0.267008014493381,0.833159563595688,0.0952794222023669,0.902178832652189,0.105341020628276,0.704754782095912,0.125837418389709,0.400371891118758,0.197609666164867,0.590509699579015,0.23926485613798
1.03557994769556,0.146659879483589,1.01766698668404,0.234750528739594,0.533843813097669,0.265729730725039,1,0.231968151416146,0.305817936916261,0.672568461714184,0.108511356824948,0.495324458077419,0.121550921023787,0.695452859692097,0.131758166832293,0.575558790959076,0.1428435054039,0.684316232382214,0.139823870750434
0.896357643682678,0.154591818745198,1.3433074370868,0.285612227460684,0.266635807384404,0.192630642378135,1,-0.435832692437672,0.317930163198255,0.778532393750223,0.0972661755865839,0.675921301257764,0.110409462590229,0.729605459031297,0.126134686739654,0.784183237206748,0.153000501553533,0.573679460795519,0.203843664807593
0.95493664178661,0.13169449340023,1.01402442445342,0.238638147723163,0.554297145758759,0.164169995889967,1,-0.208442674715393,0.233633137614145,0.559654626278264,0.103447878793941,0.722875566506241,0.0982901652175491,0.627703689766206,0.132017292333067,0.469202440996449,0.192727528028126,0.516911703115839,0.212196392230145
1.20886636825015,0.163271664007313,1.43992448783724,0.325605739527168,-0.0580685914894166,0.136947353330372,1,-0.110466439460297,0.2677834334393,0.749786814531666,0.112996481256501,0.720860516517647,0.109626634949554,0.851315678414812,0.105431383718261,0.651423654343422,0.146079828216442,0.928643403835016,0.199269856490351
1.11152248687047,0.134977545519179,0.81721457123222,0.177079964244706,0.219597494304617,0.206993999563848,1,0.564084791800297,0.276102288524009,0.680643887693434,0.0944412520154702,0.693967453500124,0.102701113877305,0.685262913033512,0.132055531295193,0.526192191496063,0.201346661320226,0.920694530288722,0.17845929348619
0.693634534452205,0.13564943861981,1.14412191156936,0.266660258810436,0.185237040962934,0.200228767154699,1,-0.0442790031396899,0.288686662172049,0.585415277148322,0.0953688950178882,0.82611846782723,0.110287284075847,0.757380011160004,0.141933797321941,0.903904108425602,0.154585886593912,0.610464272991118,0.217367210297489
1.04081597702188,0.10746718020021,0.522497517802626,0.127579337558926,0.674548788239403,0.125161755843285,1,-0.00834244687048418,0.294373494181615,0.830615866308902,0.0965882747094187,0.622251204681017,0.105106709741947,0.431097832250774,0.126336129843345,0.402208629915433,0.131301124683287,0.521007985801454,0.163655809743607
0.968545632899232,0.1233768263023,0.754442903182285,0.169374927798395,0.326759996127279,0.164102484067857,1,-0.363742478213094,0.267838278471372,0.71078447427882,0.100234000505395,0.729657907787235,0.10346362141511,0.540209999249459,0.13059826013099,0.8767509977033,0.109220735185165,0.849658090786762,0.119117436786047
1.00395982911069,0.133979489696798,0.945333593815569,0.221710649204387,0.284942780464406,0.225282780925062,1,0.269309229757159,0.251240097334329,0.805824966114459,0.0874901975289637,0.633673319721617,0.109942346797356,0.370508257975924,0.170602358035874,0.598456398786741,0.197027592468684,0.217963562406609,0.239138423322186
0.86016801256453,0.12842626896514,0.94600360521347,0.190763134855317,0.511015417967758,0.19729438608632,1,-0.298822402881884,0.300229960115686,0.665746179333216,0.115499062470243,0.763437428404315,0.112361485698963,0.589442243538237,0.126981553085677,0.704474148553193,0.110170478755384,0.875550120972471,0.134818684012873
0.89547969726634,0.129859925779037,0.899076254437102,0.18754203105939,0.175810110581056,0.13878248117071,1,-0.211611957989472,0.240320744432926,0.615573443708705,0.112341382294509,0.500576291337959,0.10890264334865,0.696912924772738,0.106570793141841,0.72309114658251,0.140426674988397,0.691740486689556,0.140055015486279
0.925266919745828,0.123870053480813,0.787461952315371,0.160575682332696,0.209922883064768,0.205758251500406,1,0.264122490977574,0.222555813282526,0.568756850577038,0.0996607649716409,0.442245049290119,0.134178918248186,0.617480240378807,0.122520346825849,0.672711916794257,0.126135742369879,0.735750374872069,0.151524656580442
0.798021980842636,0.155874001239949,1.45914012655095,0.331553044101217,0.489823121330734,0.236050174012027,1,-0.351116277505911,0.317610212644518,0.700590374370646,0.109423446821916,0.66130176949334,0.115470839842549,0.856599327969489,0.139036132870666,0.4262435524145,0.208041400012217,0.603127831364053,0.205978140340123
0.860492013627089,0.163257044132379,1.75383375027321,0.421875212999351,0.0856410152121173,0.247214892851473,1,-0.506959828923037,0.254597677719595,0.670332664635221,0.108780020947512,0.745729702645243,0.112764364134951,0.952345095263645,0.152950560362097,0.748060179937227,0.170985191148961,0.711544730518878,0.209915455390239
1.12756988584641,0.154478772636313,0.990176595943846,0.223412529723934,0.233230465457538,0.209481566944263,1,0.0694037891759711,0.26363527332035,0.772772620997365,0.0968422532276519,0.698849296883849,0.110469252949485,0.463046470318274,0.130058693604449,0.816426764451094,0.147364391512654,0.643435429435022,0.167890278282423
1.1916953316851,0.148534965281534,1.14253128044965,0.240080081528847,0.353597385992891,0.204600789178275,1,0.245494416025665,0.252130480630342,0.886913303751762,0.0923667703211101,0.717997134873412,0.112168051436916,0.46824441475034,0.147695977520989,0.785295415334353,0.15300289084276,0.793815461472701,0.169208095584649
1.0934607754726,0.139512462564159,1.09095083607822,0.245447822494224,0.0806367705674124,0.200876784404399,1,0.17337532767514,0.279378313256861,0.57317746345724,0.114004366635271,0.886270387909251,0.0964482055249122,0.818272288736061,0.112177333971513,0.783760151985458,0.162771448732142,0.679891542328871,0.208063671361175
1.26649320268692,0.140793456761953,0.971097676532244,0.194712198307357,0.267390983425218,0.244839211725005,1,0.501385357373491,0.275419036334806,0.659106171741787,0.112582368196636,0.73846471935215,0.106149137375271,0.890073988613025,0.107476841838143,0.648079469011993,0.145445743645493,0.754794845514063,0.143630668485106
1.14471125486279,0.142908975811375,1.17904827738773,0.253003561988958,0.234721892691818,0.241119819045959,1,0.186221941858302,0.28577013987316,0.909835363583047,0.087118391444441,0.70279610956919,0.103028514187054,0.802885482991134,0.144540599691321,0.589678824745499,0.197329910481435,0.532116944167152,0.197661109023221
0.895535284917297,0.129258531711965,0.980810898073181,0.209088375603327,0.208355926306919,0.187070752989926,1,-0.0632710554793378,0.265462387715261,0.63372531758645,0.114153337918442,0.732759852280166,0.104549074685947,0.642036257912009,0.116067643064365,0.698906548359147,0.138577044067675,0.485209803909612,0.152823007527377
1.04282112421295,0.142364379932166,1.02957993831329,0.230023691536102,0.134574539168613,0.206105777258444,1,-0.0987047616764676,0.274010336431092,0.84987360747295,0.0976458501994413,0.757501075727167,0.101795949762095,0.755459967183172,0.146822781895031,0.739648418204789,0.182063593858639,0.569528248922261,0.192868460156189
1.07030041497403,0.141369111896093,0.960454300747396,0.262879739098794,0.805560623497596,0.0797114374692532,1,0.193652559894419,0.366930167083063,0.652794358155838,0.104159556178942,0.689147304899405,0.109567956348779,0.557189127004468,0.123475141460391,0.158129317151084,0.206430903952553,0.713574106169645,0.179686166533922
0.974158159326446,0.122446633758228,0.749405802128809,0.173431073705553,0.578592383403364,0.197021402583985,1,0.189879424763061,0.270452048895229,0.676878475056969,0.0922363001827508,0.881403438771112,0.102801220300831,0.335450658124251,0.17627342436422,0.774179503723966,0.1621101379576,0.743030465366101,0.177311292216205
1.00383169762278,0.141526990690082,1.01847180155266,0.213537809992836,0.182181513337052,0.21582913444041,1,0.0130973640408331,0.268746449459289,0.588491271662964,0.0975657007395889,0.638479117265255,0.0998383506937686,0.632049164739967,0.128654266072262,0.711252740942151,0.149837046824125,0.469224988249765,0.181010589826515
1.17430307924414,0.161459242879706,1.38949932495949,0.3072928581725,0.232688046535208,0.2485198228502,1,0.312152750887466,0.289397333544141,0.724907804335644,0.130612439428584,0.718464897743461,0.129436377129417,0.749726246240947,0.122677293794621,0.759671885753291,0.135229109900208,0.649131454768788,0.165266979059912
0.916359005786912,0.118330863688943,0.688966195745621,0.140979139559996,0.557534375327637,0.151394109924309,1,-0.194999894400729,0.275628283740948,0.694425103381423,0.101854744941877,0.614406936113288,0.100117766400183,0.690758166209763,0.114129989511447,0.425483494959306,0.148199405887104,0.622833113311825,0.172577964106112
1.15228632732798,0.141114068871282,1.04959752444941,0.238485373449995,0.586049808105618,0.195112811005882,1,0.00544073732190265,0.274917359734709,0.876108734115741,0.087269730486682,0.749807626545935,0.0957923353403131,0.752894483546418,0.131933372521655,0.851367641677463,0.125971798376989,0.578028592259671,0.176377405429926
1.00545984030501,0.140706431253105,1.1873024234412,0.254278420276535,0.726666169895454,0.121497112053806,1,-0.0432506518267062,0.321637464312495,0.836912931425781,0.119657681522416,0.656024343104133,0.111111851936486,0.846089977415818,0.0963531746255289,0.869012615170254,0.120738518371012,0.732966366552044,0.180547192037166
0.882676608222588,0.14291931847039,0.901215266561872,0.198258952287369,0.254387343069598,0.266203527199881,1,-0.2508036145518,0.32284276533006,0.867833400117685,0.087702334539446,0.703082218044678,0.107887545359088,0.60797629993733,0.145072574599592,0.487338320491918,0.190288383492361,0.238303630309675,0.197704612802602
0.943379154373878,0.118704526354598,0.73251804860878,0.166309278980173,0.295558034948043,0.211152341490405,1,-0.298788772777067,0.228553011357138,0.735646835415242,0.0880911724397127,0.671803931779811,0.104527456210656,0.583455412650914,0.129393604959283,0.423968617781931,0.20325898175836,0.531423071339444,0.183547177937905
1.04614108682799,0.150784310505365,1.47384781665375,0.307876869965511,0.299338462060981,0.217376547410989,1,0.0575606246936804,0.216139466919031,0.714406512076785,0.100735027754521,0.631627631911965,0.0994800653686736,0.679372999501381,0.113233487034141,0.667139740765846,0.158728447009378,0.969308035467654,0.162884795845928
0.988375652299292,0.146851373305098,1.16713914616559,0.243431286581474,0.209718776636124,0.19175422454121,1,-0.199633856318549,0.29165884422934,0.595862677165033,0.118736039061426,0.759815659339021,0.0932292066629245,0.801094312895631,0.121866305129193,0.797327303413812,0.134364984911167,0.734492645683715,0.161986817419539
0.917763998512772,0.114488676555812,0.617065685804687,0.135547785705656,0.144126756229705,0.201162313034579,1,-0.31000876149636,0.231015469875256,0.742358553917656,0.0860304018671386,0.558400089717271,0.117519066385345,0.676305886812717,0.116431900219636,0.544705794359002,0.154388367926357,0.800231158095338,0.189039515772843
1.00829416093407,0.142651402233388,0.846465060559918,0.187376429841779,0.276511469000801,0.242978198333198,1,-0.0796620404776514,0.324317923113092,0.539454546273821,0.115172118771513,0.757931641039725,0.108966292735524,0.522423325388679,0.123764924142461,0.850119402306973,0.124909027614404,0.822798845420395,0.129177987421756
1.06992592128069,0.123790696251093,0.750959727219833,0.156062473291645,0.10103453123341,0.226933666038603,1,0.311553432868604,0.273175737194236,0.673810804676095,0.109426057574923,0.678660172907286,0.123096350205641,0.700959571483464,0.113830651454599,0.92246262311648,0.136405548770185,0.607968924529856,0.17409329602854
0.882584582173121,0.148864184808203,1.1413959954459,0.267464599188051,0.596302439926402,0.194495575154216,1,-0.148637606619144,0.313663725509489,0.790509893599332,0.0965104233132836,0.722334291289819,0.103689171850578,0.68615261754696,0.114600324480829,0.670911764827612,0.138269622319123,0.581321356053747,0.192275365901686
1.20144955654113,0.145698714597748,0.920065396767207,0.196220930859138,0.358269253688141,0.23647358294282,1,0.125625818355427,0.330095807725822,0.663025162557456,0.111325603096445,0.726039527417161,0.113822828976905,0.735810128484548,0.13757097589131,0.514949223900186,0.147035445116362,0.725739134312939,0.151397805508341
0.998580825470992,0.16112176499052,1.54003208668383,0.334197748405413,-0.100466211504901,0.149171864448507,1,0.0177872385498253,0.290476967902991,0.81054356893061,0.0914969694662533,0.826746143720824,0.113399275436293,0.746794236648443,0.134980345890001,0.648426542452995,0.180684727294307,0.990400080788921,0.172370005681345
0.860172289880514,0.140386051476057,1.18325128557624,0.26426950937019,0.170708518999883,0.193789896376286,1,0.0625581739144611,0.243407900893234,0.734115197747128,0.09542190978944,0.620995909125724,0.104775096311211,0.778302465613885,0.128680787739319,0.817238303381006,0.13416400301508,0.512116969427197,0.222744886538267
0.831851079164164,0.119066544158584,0.705711331282777,0.13813596297112,0.170013837696729,0.200031909801925,1,-0.234788798989449,0.273017042752461,0.717302072186987,0.0919974322148314,0.575074486995182,0.101605566253345,0.721220747629687,0.104293351301822,0.805721105288865,0.137701860249331,0.788754153727633,0.159513040750223
0.868008982976412,0.142685016456609,1.02902052862835,0.202503180906121,0.113547875064191,0.189721001526647,1,-0.225523354387475,0.259680714653183,0.649181409729799,0.0979671426557634,0.654652643750585,0.102288222071371,0.576848200307961,0.142234578905432,0.584875604265583,0.154059706295564,0.734668386693046,0.189894325323596
0.937306449450889,0.134971347378693,1.04924756961891,0.200980990708408,0.0869950611106264,0.180440228738461,1,-0.482640709056043,0.279823599760533,0.849200501490871,0.0901045970616107,0.605000619506543,0.102399729041024,0.627518547371251,0.134696470243213,0.779418893122192,0.12538910702992,0.884822934447679,0.14202750351225
1.02697636853949,0.145981060726231,1.18180757708166,0.27433796885656,0.503495405933172,0.22248614093749,1,0.219960219666511,0.312356666727219,0.753223731946226,0.110141371725237,0.800949042669556,0.10255641370429,0.761131301704216,0.139501235639631,0.775254708905014,0.135678187044711,0.937728319101116,0.218178956987711
0.815620996184947,0.125095448510178,0.755303891879354,0.16182515218499,0.304259283208881,0.200659768210465,1,-0.354195071849065,0.30060176205207,0.710452918849771,0.107407378451848,0.652061792182809,0.100577825956895,0.573507934482177,0.116621885560299,0.68498052131691,0.146198504954753,0.741950095131033,0.147615958186598
0.991491602503058,0.138844743803172,0.97710146964924,0.237011846427031,0.579894137901504,0.23722252409432,1,0.214633300882831,0.330600020641336,0.623034679458421,0.109740139431942,0.703968154053241,0.115236710984267,0.52097727919145,0.139610658341865,0.535367968996394,0.163150913613602,0.632952159212819,0.151527813505884
1.07782119262056,0.153178001673472,1.48842876424042,0.374045292906597,0.409218526448548,0.202970910080805,1,0.0474903348722224,0.269711579031633,0.703675026720871,0.0939902591902249,0.803136939364683,0.123480174254538,0.744854387552488,0.175704724942267,0.412901597067803,0.166479723078302,0.921803716035777,0.1450022739601
1.06389146898516,0.141330349473161,1.10826307694339,0.254453419077362,0.36282461418027,0.216486852950795,1,-0.106813840186634,0.278015281756616,0.775045693453295,0.0881398102776231,0.660799913468014,0.106599907873747,0.681262677898239,0.131233737833631,0.777534970609143,0.184602474137745,0.141161276833898,0.234146400409261
1.01253094278005,0.120411544768215,0.864365076016843,0.201898297894935,0.245321657207731,0.202328308694902,1,0.141655171463921,0.207142252974452,0.690301141560951,0.0976819571012429,0.487527448365511,0.126663458925271,0.489793435453194,0.138408948512445,0.790060889953917,0.140750092111901,0.735916691333417,0.153877412680952
1.13056125632988,0.118889452130325,0.618196724513805,0.140721962021969,0.517695896134612,0.203827396403097,1,0.131855934964546,0.265607220014473,0.743426319360002,0.0945485211161933,0.589078342278871,0.101157753928577,0.560552718461986,0.109180181797953,0.677674035321746,0.150385261126482,0.431578757455694,0.173895922518346
0.986979415203562,0.141702191853252,0.858148340319714,0.186901298329751,0.35611296191447,0.249418103053883,1,0.0795382891275149,0.271209888580681,0.685294104990795,0.0974627230618395,0.715923953418639,0.104379912784984,0.574659302830866,0.141081040944006,0.820398632237153,0.122638506856028,0.592493984839389,0.16787447543541
0.754497892492409,0.11428868757993,0.671623646713109,0.148046553619563,0.453938132409941,0.198450682125506,1,-0.176296213340526,0.244258871849223,0.713691955619165,0.089219369760503,0.546058408768185,0.0931854979477834,0.528130655941807,0.133910720426385,0.431767075577268,0.166688463466606,0.50530117369399,0.173297448702311
0.876465921025643,0.128258503306116,0.861997223984675,0.195889491631191,0.359798866169393,0.218332109413832,1,0.216785878575181,0.313298413935377,0.415315236451222,0.125878161063825,0.695550990773604,0.110104282672352,0.734754068585452,0.108468180157133,0.654188909167003,0.132614003485436,0.579829340551745,0.150953803048497
1.0822028417504,0.128005836008371,0.797403211587844,0.161778205986313,0.246388895367487,0.228170054528178,1,0.371845479909201,0.289404988296946,0.599316661729881,0.109093824295791,0.719236207380213,0.102094346140181,0.640049679917214,0.112639817037129,0.519924889274354,0.160471909342182,0.68501431185977,0.148290008000593
1.11232013592228,0.159977158654398,1.31758489794684,0.273741476314966,-0.0954518325527773,0.16067164531338,1,-0.0432481600874729,0.257312757330987,0.648048797701836,0.119547851170576,0.862799165319705,0.0966577984235939,0.856741346055809,0.125484686359104,0.796302356959375,0.128840398291784,0.642419448559142,0.176913076382885
0.907601468630523,0.120878834087484,0.813874970611097,0.183800934388079,0.697410911193956,0.115121838314262,1,-0.163951645350263,0.268320907696026,0.696952513952472,0.1070732840717,0.539373821296731,0.094754062936583,0.586369562889583,0.112830020803297,0.542131203843406,0.146893840151777,0.759537077978357,0.166191428020611
0.847125382196709,0.138254718213532,0.843086941005755,0.187251810648945,0.108059645401722,0.189533242397597,1,0.0452456271734651,0.303807933695041,0.493054257701851,0.126055020274393,0.475777374549295,0.117728228612928,0.732704265916401,0.122592237420893,0.514341431305466,0.135990092601776,0.763762669447482,0.159770624576272
1.04476576705722,0.128077871782828,0.918649931282713,0.186448960365129,0.262577199135357,0.177973964170777,1,-0.392905576453152,0.21706115392312,0.910055920543758,0.0803921372966453,0.492210470324125,0.105027812290514,0.611505018351071,0.142931920592721,0.909460371405367,0.143175813804405,0.768953930185912,0.180934364957062
0.967762931038658,0.159133561347783,1.40876752178823,0.302320002658576,0.340956264847067,0.192820124882188,1,0.0657105512265485,0.296467324243919,0.719855354111581,0.0991082480222286,0.622950079676985,0.113133343614426,0.696043243955126,0.106959829431738,0.454352266891756,0.166688391472672,0.702107741551361,0.208972873964443
1.16068899803601,0.149369328171022,1.18283797595091,0.261261574611979,0.306413780857351,0.249980322080388,1,0.287430257426411,0.268643868737724,0.633171814195732,0.0974216048444217,0.787629619765987,0.111808190022824,0.68403487765288,0.140805352563341,0.863288449444885,0.177393188296294,0.87453921896919,0.170864257413017
0.929518127292194,0.143070460078496,1.05288200278092,0.23455755308848,0.537311040299412,0.284674389236881,1,0.150179900569668,0.345627783931156,0.75956230727472,0.103387848326474,0.510754680019636,0.110408502447458,0.686369469134301,0.117070547116045,0.917780961993521,0.112459370867417,0.840324621302867,0.13632084075064
0.900660372011958,0.124336165568485,0.690527348930053,0.161015004626955,0.596147237434317,0.205782071635617,1,-0.180681278483871,0.309999911824966,0.786784003422683,0.0868104875855825,0.692198109662186,0.105667803619962,0.747180223153658,0.117717785549195,0.740182023306496,0.130739412953897,0.805973006757294,0.176731347663164
0.761746593869528,0.113815488388317,0.694245653446604,0.143487863260892,0.227614369561064,0.219158383708125,1,-0.137144596448605,0.260938203021508,0.500740555458444,0.110318861066824,0.714413580262497,0.102594434745449,0.538594662342132,0.107830359743022,0.558103796315922,0.153716244635081,0.585932791357101,0.180138306027697
1.16957810293119,0.130328981566567,0.686548041987627,0.148757668034999,0.148420488068811,0.166916562393637,1,-0.126258005139124,0.303726592186887,0.858644407072226,0.0930410504969419,0.71939275360459,0.0939649159637514,0.769977048721822,0.108456797072006,0.628872889011038,0.165203670354815,0.694817463144048,0.155830335476007
1.01657528563724,0.133891597577225,0.899853882058331,0.196132235232958,0.481457783380814,0.189335927568571,1,0.0328967807494739,0.291187908201341,0.728253915212626,0.0901385435847102,0.584494063312044,0.114427444133266,0.823421225707322,0.1139853309338,0.608549830110516,0.131804822277807,0.883829410248684,0.129475658659814
1.04242429667423,0.136501124851942,1.11232315609451,0.244359859145948,0.31739582518493,0.22954770522241,1,0.0667619643087527,0.312437724016138,0.600694576092153,0.114929204526853,0.711271496901658,0.0961559207941283,0.80012966132967,0.114764705722757,0.764592555009302,0.154680562592047,0.499345536049244,0.189019762605899
1.06825296748434,0.129013511043681,0.799390585561887,0.164923621467335,0.374718258601542,0.211199148491499,1,0.0987837979888355,0.270182783335243,0.617187473646014,0.122692388931134,0.690949088928341,0.101799501556962,0.768644978186404,0.0888249724905613,0.400342276233429,0.15552629989166,0.882698753274582,0.127141710435961
0.736257718597912,0.137927680046629,1.06515448075396,0.245379136148196,0.289546613725823,0.207916836179556,1,0.176713083016028,0.27879522773022,0.56682247952208,0.109249635481043,0.861887032508004,0.110289363441247,0.761640394948738,0.130399885003514,0.696721824689103,0.135014853215388,1.042893955769,0.184705754769347
1.0925485395004,0.143844796505569,1.21396545149604,0.259452913991067,0.242267624007263,0.178703559965456,1,-0.355378578805044,0.242337375519576,0.694949288128954,0.102397688049442,0.747898046410513,0.103293661316193,0.71136487358898,0.15292928050251,0.820226534763617,0.152872381009999,0.788030835205678,0.143950025110551
0.872184218489165,0.132307767374311,0.881636686005402,0.204956157481522,0.612136025769362,0.22193046434341,1,-0.174194049178117,0.330971642865208,0.586470661963282,0.105290558499333,0.760794547377574,0.101499376936646,0.707307727750364,0.12842525490044,0.676574857808684,0.137755971566543,0.797135759960353,0.172535913799671
0.977932041885381,0.13705208108182,0.977362924236032,0.21026069372998,0.318514437878458,0.230972390270659,1,-0.20895106245399,0.283986186623923,0.817349208826929,0.0903933837690491,0.769637653764616,0.100244850034266,0.507923881357057,0.131785846293501,0.710419902296534,0.158932311957347,0.797138629577973,0.158024186271381
0.96567728460674,0.143889527930076,0.954551465117586,0.192310827000894,0.18528777621093,0.195267022144706,1,0.208641013731475,0.309675240065568,0.589092686873363,0.119802900283874,0.528359302871781,0.105790223949812,0.813378485745463,0.0972902490429238,0.681986883845735,0.133626709534569,0.524774912640273,0.160928569072509
1.09209015914347,0.139996182856307,0.96642354958943,0.205671443487795,0.196282154984036,0.205510528649617,1,0.374943181567203,0.238049159318889,0.734404770149109,0.110419984884276,1.00307525501462,0.0863454113667892,0.889899731651005,0.125710083030082,0.857101896131485,0.167542694907414,0.129829749116663,0.26667456232036
0.865062306956317,0.118048223848538,0.641575028738825,0.132477925479133,0.312478935054315,0.183535900041636,1,0.145596875518846,0.311307723782122,0.467880805835021,0.122758320456167,0.617653299819552,0.100205746454035,0.458608247606286,0.122407562972008,0.643197835215996,0.140914595694371,0.749035767046555,0.119528821540954
1.16507711930871,0.145595636118371,1.07704850943417,0.223284488598524,0.355235201976805,0.235079888458203,1,0.378562649189106,0.277176710735582,0.64276744326083,0.0987839065478141,0.859730549261449,0.0935729415109007,0.533261497226864,0.15406866666156,0.42485460758994,0.15286225725733,0.912783006975751,0.123831753278736
1.14402186023537,0.142807076915339,0.960215558601412,0.183221119246707,0.319625461756735,0.158829905116238,1,-0.132211017364722,0.320625412112805,0.844040114927883,0.0944741298668143,0.64053193775393,0.0987919810374576,0.55168299071347,0.122078671825131,0.708920155972242,0.155029288677042,0.609850821389459,0.1708903763635
0.752380839113854,0.136434432370995,0.768415199292253,0.155399499130798,0.232888872730968,0.225129019243215,1,-0.553057413826968,0.355766597680741,0.750568398640114,0.107976940101002,0.642084268675366,0.103450160360312,0.605318138608867,0.117333515365467,0.503348016469313,0.138783661975776,0.68898304671325,0.167490767030339
1.18427304217814,0.150912399670573,1.19443729261767,0.242756786487362,0.135191819271749,0.210328625607941,1,-0.319074039020006,0.308964161105999,0.842247771033935,0.106251838484135,0.81696434199025,0.109453729140124,0.802376580683337,0.121871971573852,0.81320826674994,0.125431663558449,1.12293076966674,0.156726523009034
0.825830127537212,0.135026913357137,0.979854120243084,0.2074193947556,-0.0400732897700119,0.147269326889458,1,-0.317668186251966,0.242589426686499,0.648913658868285,0.101545421917953,0.699651961755687,0.103045134860746,0.793978754496626,0.116310760560949,0.683832375705021,0.139525923660833,0.82030149273283,0.152966618348777
1.02934297378564,0.141738469974843,1.12239811985991,0.252627253617889,0.475937296369608,0.289611311984692,1,0.155034182588086,0.281840403172503,0.868606365886961,0.104133419657932,0.675472172582673,0.119257276803753,0.714132181913563,0.121465125582737,0.718181589535527,0.134297977571736,1.16248459209523,0.180183781607835
1.01044472692357,0.141669010041641,1.02804222683416,0.20963853524164,0.166011408110927,0.165259256034671,1,-0.355084529848582,0.272851186376078,0.728761857104999,0.0967434954103935,0.73834808529038,0.109238999939552,0.744407553787399,0.127604998955814,0.432210730523042,0.136452263260534,0.680208477104167,0.141138909866822
0.872911648928501,0.183590689942985,2.01242611029261,0.469885405603322,-0.16132094371461,0.20678409408128,1,-0.181382879150145,0.295543063431893,0.83897739962638,0.102972387911244,0.783083752140288,0.115160177808376,0.928879192816871,0.139057217427224,0.744773846870172,0.154420716494906,0.700329988178359,0.219019001601314
0.844980394695371,0.12348734421209,0.747212509463102,0.158873052892076,0.230553406358526,0.192912786711612,1,-0.109689526909215,0.273742586795651,0.555028019890364,0.116469003969116,0.670362118368836,0.114434134734715,0.732055090556651,0.114709099499521,0.730367936854953,0.11276359481764,0.689546685482072,0.172928180486614
0.938103678375156,0.139703375119408,1.02711981207143,0.211236247733457,0.224655401676378,0.156529569322384,1,-0.282120717754332,0.306804955243677,0.718604249037566,0.110906572693881,0.511306602878576,0.125697412884241,0.895048740832545,0.0977122383428022,0.624941107009659,0.12959005339167,0.808212009630005,0.124898414765238
1.04191063279907,0.156526399998197,1.30684299894425,0.312609739289188,0.347581073749378,0.271007929711633,1,0.0331188917337164,0.282760831000227,0.686925528271475,0.109693510004294,0.766942704422086,0.0992691082928694,0.642893438777501,0.144432988719033,0.646682447252772,0.191261904354339,0.317901951405945,0.22409277655674
1.09892718332122,0.140651717231968,1.06605244998817,0.229143787729455,-0.00685324443973413,0.192962350136991,1,-0.102228489724211,0.280361532086519,0.887016627481885,0.095849056167498,0.648407551152934,0.124892164962042,0.712010343198728,0.124964932967058,0.73230008753978,0.120112222408039,0.876561310041013,0.169249345117825
0.99288611656689,0.132520609762454,0.764750843187544,0.161763321234408,0.275620457293974,0.230291021558767,1,-0.543785170946439,0.279534493447886,0.791589866728041,0.102125709547578,0.694366751367268,0.0995505420758257,0.819409037974991,0.0999878022067228,0.784523525131473,0.143609110483415,0.618531915068952,0.173414263959482
1.23995743059015,0.145041707211223,1.06896530492026,0.216104368827443,0.0478551901309603,0.151062332819708,1,-0.165876499683009,0.278890361822471,0.658626896461686,0.113743350932026,0.747704645816298,0.0902331280437263,0.583703577599702,0.126493103722046,0.72507110887872,0.133755997071314,0.66141787649854,0.171576064230011
1.21110747257354,0.167145862333706,1.71114227655809,0.411836351869756,0.440488691263078,0.293816434976503,1,-0.00344534950786757,0.296840611510769,0.998211076089139,0.0937093126608078,0.870769691183683,0.125718603789794,0.830682302879346,0.144257406062065,0.861939417075731,0.151366894757519,0.397645886369336,0.230046898470352
1.07860118425221,0.129459755260497,0.717939681256569,0.1622930325368,0.497100679273804,0.146568894527237,1,-0.232112226373321,0.287354393169445,0.811087461990781,0.0905406758735284,0.648926629280218,0.0924080814607054,0.716131256430085,0.118131217912145,0.396502211565818,0.198420490121763,0.467715781142229,0.185749485252802
0.787648338468467,0.131292864890486,1.03681892469997,0.247478088023068,0.331925078934759,0.231023260592918,1,-0.317022924235075,0.242486577116567,0.806261355349224,0.0905277829397799,0.549346633055323,0.106013000775143,0.712952493872084,0.121683887608061,0.565014199629885,0.156360413312696,0.559341546038065,0.201676144088571
0.959301466052548,0.134623005210124,1.02759822797499,0.218350660188094,0.251699313070403,0.233381137217266,1,-0.419984423325144,0.318358713893896,0.754340503229519,0.0997582286169402,0.772959751911378,0.111812589193292,0.571639638150302,0.150813903863979,0.714208077551403,0.141929198116037,0.992029559969118,0.136548101809935
0.801388624367369,0.150423458891888,1.33371987622853,0.288390823645058,0.384513572769483,0.251783991752832,1,-0.228434071732048,0.280850059781168,0.712514097110262,0.106572658676096,0.817836377105452,0.0996098181853246,0.730828704375766,0.130600904785293,0.62772733850825,0.168965886812131,0.847584988061612,0.120989685681701
1.22787030939077,0.124971319382875,0.676769607746124,0.137674461815458,0.224704496741475,0.208428617966434,1,0.240456680407942,0.277692160015217,0.582812401450901,0.119767475614128,0.815036665771387,0.0895474339345479,0.830823626362516,0.101438934954771,0.710367499810891,0.132125805117922,0.791269360396367,0.180811958467537
0.684060255702092,0.120898819250159,0.678063543508025,0.160004102637082,0.391219129152049,0.227918253869347,1,-0.290452232591167,0.252726013905877,0.61035612077629,0.0926853708683524,0.66690219435512,0.100807485038965,0.698462941312281,0.130393190126757,0.454630745682813,0.241825885547182,0.128068917639183,0.292652473102453
1.08635826537846,0.1615521754296,1.5098453196788,0.322866253327068,0.342250506879908,0.244983524814955,1,-0.246832655935476,0.256241845637966,0.676272005780303,0.101682644616423,0.863784512913986,0.109443708292283,0.962935693943568,0.11438214899603,0.592072038185018,0.164919667753806,0.76271562153326,0.170637518927556
0.896461894983164,0.148036928982847,1.38292418277666,0.298037393802165,0.324826796370078,0.22528471619272,1,0.131184190897257,0.279055618460835,0.735550916665851,0.100439918065306,0.718522100071385,0.124974346702992,0.43627414808759,0.163097774115732,0.765306214782098,0.121552584350808,0.887514638231447,0.130941654770791
0.883490342234634,0.12538517471303,0.804835451221904,0.18310376707166,0.606836151894753,0.164289719559948,1,-0.361929408157874,0.290133458331906,0.884318421743577,0.0901142233831139,0.603719426999763,0.0993360030340287,0.789251804571493,0.112074234534147,0.732915052114329,0.176112571115583,0.319720266516961,0.234771660181466
1.07979510752957,0.142372208945267,0.956056601765698,0.211411547973103,0.617964160250098,0.217331860564207,1,0.409276022754485,0.290777545372148,0.77310955149315,0.129470274219929,0.828170228906893,0.0993328063577776,0.734389896383885,0.107643110721892,0.963960596065626,0.150463833538877,0.623639215671557,0.186551704638734
0.982837449135979,0.141336631539596,1.11455363615415,0.229501782926473,0.398122160924145,0.259104786086852,1,0.00765214905851811,0.281646463272946,0.751245817677833,0.107035508407553,0.660956388750012,0.115346713412332,0.691538494469996,0.126664558759561,0.755896847380531,0.119033673804877,0.869963024325921,0.17040681462128
1.02940816039218,0.125978614292836,0.707031493222359,0.144817004454929,0.369669313798466,0.201693203345766,1,-0.0694320080802593,0.266793053736765,0.727961481183255,0.0954461894428449,0.53975969882869,0.108768522166184,0.729010718753401,0.0965966690033791,0.739161111196359,0.127000930431945,0.578177381228269,0.208079544112614
1.09965429337764,0.135216625339589,0.912577516391275,0.206985264792192,0.191921022197368,0.151093698309123,1,0.0628268895524647,0.218183190292057,0.64639295801832,0.104912158806518,0.746354313135261,0.116919589635726,0.69327607689813,0.122780385809588,0.867380171236439,0.117812522665389,0.802527936235329,0.169018275303431
1.06552587471834,0.139254747299095,1.04291145120533,0.225063679251754,0.179163322886751,0.223262742640326,1,-0.121345431810927,0.333170774576336,0.75232903260823,0.13377435234586,0.764917813430322,0.0960862335294321,0.889391775175024,0.106637606532683,0.825017738158701,0.125858614790359,0.666085129003915,0.174899690397104
1.17198689082917,0.150965703389794,1.08135173519594,0.243466549937703,0.220078497090845,0.228615141366831,1,0.228300465196536,0.301611017504446,0.848390925350265,0.103107289146846,0.741261026469896,0.125085697791332,0.665571371762253,0.140949592466116,0.80634700052108,0.115932301300513,0.888314908977996,0.187158860411969
1.23258955988065,0.127191924160892,0.80731623634714,0.172094905195108,0.269072301785271,0.182947990466115,1,-0.0605207874263275,0.225884174057175,0.740554676008706,0.0997052699014525,0.514064651810599,0.101521298117635,0.930792997492377,0.10152449151254,0.773243414015211,0.161292292980318,0.500305588987349,0.196685545612926
1.03375756918618,0.148712940778253,1.15980888921579,0.261543261739576,0.221212494817102,0.240036835650504,1,-0.0331875304154384,0.340136445261253,0.681012251237738,0.0999658693424209,0.684247603585976,0.102088917956848,0.82186466997753,0.129916514036561,0.577531003466218,0.188620042392682,0.489405086326411,0.174258918651472
0.957561615295505,0.155436896305207,1.36521987280417,0.283881416857331,0.402241495437605,0.247803704213238,1,-0.490588101847716,0.338194012149071,0.81412916761369,0.107252812757063,0.806053442545347,0.106398003445941,0.49507729724864,0.123814992681072,0.80103490188266,0.131225154746737,0.776353664907203,0.175334033444427
1.0528059851328,0.145222007087292,1.24514436631497,0.277260350638434,0.233463778988066,0.236820036937515,1,0.146706110699506,0.261630102350616,0.665664844445508,0.114354016278999,0.581678477573979,0.133578773199193,0.670537403768924,0.107537371856357,0.644451006481646,0.143638873128257,0.726200316953568,0.14711544383657
1.30633311318887,0.15246831205768,0.832150803363421,0.17727762475438,0.0369864653954051,0.162564462720703,1,0.257940488950774,0.283435854233869,0.763639913716249,0.101627349684413,0.680805590865178,0.107374621398111,0.675698429772483,0.125108602569268,0.798220143144997,0.138945808413103,0.460308973060238,0.161946867189857
0.91773304124839,0.122442666695579,0.918964142738536,0.196412477787288,0.218564920580613,0.195903361014576,1,-0.103368780515081,0.239398421192925,0.671120696927809,0.111988196827146,0.588055631308548,0.109700395383022,0.652517419609858,0.113641458878704,0.941145773313673,0.110900547531477,0.859311296095827,0.165381856452397
0.957982166273303,0.126808268039638,0.725387397899824,0.157734374327432,0.0750937094867611,0.180086936536029,1,0.00296583808732098,0.24600435129327,0.724203772502469,0.0918338201673694,0.687233018313674,0.0952290400544244,0.651933820631168,0.119556209193899,0.526316071216907,0.187385385737146,0.819219946874532,0.149693269954469
1.02669990691716,0.13407050551755,0.893909777668721,0.211978508853304,0.555674412839745,0.170072067975427,1,-0.260963462667729,0.282959931652077,0.698902990084322,0.0989995325257359,0.487609851791997,0.104307763302629,0.702457706697031,0.116575711904823,0.699464679734154,0.161920556279487,0.589598629607248,0.220632107603562
1.07816702541377,0.134451352031315,0.999172442958959,0.226698447212021,0.220857064740327,0.218884113079075,1,0.184326703213326,0.263764987965436,0.680346435065841,0.101984887462155,0.834140650851973,0.0997548807409022,0.792028575692962,0.123983212498912,0.79106333648015,0.139005454117223,0.487018468097271,0.225794523449273
0.94170550153837,0.136821637130207,0.961584717082637,0.203097595693116,0.592558825966469,0.182728249227067,1,-0.0660380465136769,0.301246449564211,0.753857658714322,0.0934896258734474,0.73296732937511,0.0985572363826284,0.625093838816902,0.112661043339289,0.336377125893371,0.161165905625651,0.680695561300226,0.133565868330019
1.11826066457152,0.149384758493891,1.13701358763423,0.27003831094639,0.325129941910808,0.211150064749081,1,0.289702066722621,0.360334778125258,0.869898069096125,0.118639098650426,0.835358937769499,0.112501217804649,0.763661769396377,0.120464531908752,0.747673272687997,0.144683643616229,0.563614449683792,0.189530146778803
0.951297586947168,0.161605507398814,1.47079813153057,0.302124592333097,0.235370178416261,0.194694381830684,1,0.112782343826349,0.3185779197637,0.792156328122973,0.095576799744674,0.796727994982443,0.113895388011231,0.635203263096475,0.116618694372723,0.681939764718416,0.138237015218765,0.743013278185594,0.16672354451979
0.974548040037747,0.133448062111092,0.881425231703828,0.207263670530092,0.614439843290478,0.11384775400942,1,0.143933413785013,0.262303078072683,0.742066277579744,0.0882951073695336,0.671712123584841,0.100477140977223,0.45828796631231,0.146109487383373,0.401659634050305,0.181309267432287,0.758806443585745,0.17290761515874
0.912020236404107,0.13187480832552,0.764837271899748,0.161439603004198,0.0411473625682026,0.158885832612183,1,0.0552701351267448,0.279791669540965,0.738677168542343,0.0921497927128579,0.378304882496413,0.137731770478385,0.794591600499576,0.115378815977938,0.851293731692091,0.1509138742136,0.58874428333647,0.196767081317073
0.825512998073312,0.129072292992469,0.892307565751658,0.200224201976037,0.460449103874107,0.205507351299051,1,-0.0856581006570147,0.278433030857094,0.634492336552934,0.101871908549271,0.699740820998055,0.093500452954953,0.766972465553014,0.1176733685271,0.677302595571064,0.165822976761476,0.733327723933005,0.172392234630674
1.17246639312161,0.164922083994718,1.29710189353441,0.294670558095248,0.134970995732008,0.186145191231473,1,-0.254345829798794,0.286446151723132,0.865043009432576,0.110182983628473,0.827029412576562,0.108165076861334,0.824862736591104,0.106739788614383,0.758145961126206,0.132016023439441,0.772620425667548,0.174707018527309
1.09585092168654,0.145013728940488,1.19316710654986,0.263144994371389,0.597815680988421,0.183988787904955,1,-0.0421622697253213,0.277063305591492,0.881012341680783,0.0972694593966101,0.737330509960735,0.103935776161221,1.00250416651844,0.0925244166203657,0.66771652777757,0.151526138546476,0.478571774974775,0.178715385498568
0.850659717627702,0.127333850421793,0.72290584389714,0.181733783914449,0.752742945699639,0.132115287222952,1,-0.31668612570587,0.335305386925284,0.600722822708266,0.102780939031965,0.689331621220895,0.09321994587785,0.482276117024332,0.132416821362488,0.747313334435495,0.123939450431116,0.814263714504912,0.156355265409135
0.870541528240833,0.127631741734106,0.917878618884208,0.204948900526455,0.288380084582796,0.167861814507318,1,0.150385320665426,0.260669281307858,0.694478066101831,0.10213601339023,0.532617250274644,0.115453479741452,0.874881012403877,0.112967465196222,0.739575303705531,0.154702878534709,0.618536669673122,0.179826112105126
0.977439741637575,0.147035583215406,1.27395737532774,0.26700683854387,-0.137473549015558,0.163891781117154,1,0.2695782118593,0.256170546803033,0.77584633626001,0.100505116134173,0.702077602495291,0.131575389123636,0.78605963471569,0.122687049167765,0.67229154840315,0.141801811093746,0.514982364876371,0.158303739407633
1.03615219734174,0.139444027262077,1.06758929648119,0.230797110564085,0.26398485449276,0.193432195100711,1,0.0454572512739307,0.255555375612234,0.75422513838657,0.0972146736524323,0.600703876543158,0.126283244983582,0.613993737251257,0.143690318537323,0.760165264225974,0.14022151282716,0.883091123996696,0.143376721040523
0.986630218839111,0.131322083440053,0.752867581354001,0.186376182537532,0.809615806607343,0.104692245337442,1,0.36327376486824,0.359989478306844,0.638951862075048,0.126722621980048,0.661963906359153,0.11469210284711,0.651188026733782,0.109590224798321,0.551997239054344,0.149363663213505,0.779562236618874,0.15948072479515
0.744887074222087,0.12945523928721,0.809092549181885,0.1704345128309,0.317970821790239,0.248959208803368,1,-0.134829162271327,0.275832377108951,0.606970681814004,0.111148478273924,0.721758384613629,0.107349211196341,0.466951033712667,0.120672745112332,0.791903362167209,0.115928402893342,0.75325551121568,0.173366220608345
1.20009898879237,0.15535461978444,1.35827746263276,0.282420649331073,0.0473241305879568,0.181577447789061,1,0.113696731376948,0.263683702659729,0.798465990089246,0.098445810277772,0.867242370634627,0.108912939511376,0.757359580397816,0.123582136231358,0.87638784906101,0.143624817711401,0.802603202557639,0.195795861869594
1.07583217775155,0.13530015949115,0.83443676042001,0.186299815834907,0.229089763215957,0.217925189894727,1,0.276889921895835,0.347366041108741,0.686934887919694,0.122207262328322,0.524307783494818,0.11529007887278,0.731529838510274,0.120245149804643,0.786447856863244,0.124501286200066,0.814910075882296,0.183713040054745
0.927104950063056,0.120487291185848,0.795046497669573,0.158844225338649,0.187449952564933,0.184607502448306,1,0.181280408119498,0.252669942949663,0.488466584978665,0.115198112611954,0.763272329375618,0.101709567740374,0.57664033960377,0.118930294623961,0.810710906716983,0.144661813023655,0.623869283203397,0.146368073936336
1.09589136265577,0.14042261046963,1.00941341801565,0.20968876078689,0.11668034606624,0.178792719778174,1,0.111184788550861,0.225595174834398,0.648913482158516,0.104331691797195,0.610956706484854,0.122975708694003,0.69514698937416,0.116212996083904,0.657733801976596,0.153963520543007,0.841959855909068,0.156265441090677
1.01693249037215,0.126204519734872,0.727044903481452,0.166458481543602,0.271969559652107,0.202146418199582,1,0.607509677020889,0.296282816368094,0.644901098831036,0.104218740563852,0.550765344738594,0.123435120734175,0.662194920670743,0.118381353476029,1.11049883705594,0.0962903815857286,0.196054625770807,0.210093526739565
0.973744584520916,0.134661824967169,1.01682632665885,0.215786963809064,0.232745394715458,0.180823789234965,1,-0.0950250734315185,0.249217670211702,0.559755412445858,0.11496078371058,0.739263672815139,0.101247140501765,0.686783945409041,0.121425261928969,0.867181638542527,0.117589711985847,0.582223190243736,0.170502063727961
1.21018970374589,0.156750487116932,1.31615550810458,0.284966331387952,0.570853470574149,0.149433250402202,1,-0.154098320584681,0.301344946610354,0.616876252741441,0.117961906353167,0.633037241007969,0.111481302306627,0.781172791270025,0.0989153622826564,0.652696190566785,0.135963586611837,0.720551616608678,0.137000335824911
0.940670108684602,0.125345927596622,0.813337494830805,0.172048593469522,0.228171560678941,0.198504145792465,1,0.0136663589418136,0.241637501883621,0.7605308307472,0.0921840596076149,0.378945195767315,0.117831337683846,0.724485684284202,0.128300779529238,0.432906046608163,0.156441467410653,0.741487446143645,0.175152357301644
1.23903170558328,0.143865272077557,0.963914879523376,0.212228790000464,0.50423550486322,0.216443474998754,1,0.383023491371042,0.288830175679297,0.640795648088601,0.105918666079027,0.565632150813855,0.116529256815423,0.951604635239957,0.109316360135301,0.525798262021605,0.1572930129833,0.877894616839178,0.129528454722275
1.00814103642192,0.138991247163375,1.249111838343,0.28656480550643,-0.0682854597568331,0.170226297505569,1,-0.258685666655373,0.24011725695261,0.774977945346651,0.105440711145319,0.857999917407062,0.105663951545756,0.827436710602266,0.121007733995452,0.96309173739379,0.12790420876359,0.733418114121273,0.204673942485095
0.978910274353106,0.141460817938222,0.97512953418181,0.19773286059241,0.110825800372549,0.172268900625179,1,0.641097252016222,0.313175340105448,0.444765221766203,0.125727214542177,0.665974818017325,0.10883944095796,0.797589125655987,0.118598162443284,0.634440553637705,0.147790978451627,1.00030615883789,0.116629936530299
1.03953313011451,0.143753063890623,1.17353230584568,0.271116673116811,0.357147835169006,0.204753674257234,1,0.279575097354044,0.28058473372785,0.828645033069127,0.0934668638507275,0.845157339872928,0.100482963517429,0.739759740410604,0.118609644936929,0.724398601894351,0.163818364794732,0.530323106026734,0.238982228432595
1.01108346217264,0.140257701226172,0.802641854603788,0.170440666928384,0.311562565148791,0.22426612812694,1,0.415205309021159,0.321564683502645,0.680950771578872,0.103521848597265,0.724529736845942,0.0984724148735624,0.551508578589679,0.11633661698262,0.894519338997699,0.128350151584581,0.440443327456732,0.197887672539109
0.93342561879993,0.143195777800793,1.12728521688413,0.223163721091435,0.260702092851586,0.205411445095286,1,0.140212745866219,0.279541830632582,0.613286168829491,0.1088598112275,0.590398461683771,0.108188000608125,0.645224015551647,0.125695680411443,1.01460594821038,0.105449070453399,0.333777262119253,0.223313831163735
1.07824789501651,0.132743652739437,0.632271801035537,0.13021281744637,0.0914405252856651,0.18400974340727,1,0.272743600102105,0.287884329129395,0.592045214981938,0.114834417403442,0.615093472985428,0.112150727527061,0.71257423178494,0.111429685270921,0.856497388992144,0.134732502434095,0.84946129242446,0.165843016663188
0.910914210946418,0.145222269571046,1.18003835090909,0.230261291609245,0.154934371817815,0.250067933297664,1,0.152063967150086,0.255933936879368,0.831952954437147,0.0957961479299943,0.734741656591987,0.115172098636338,0.461807900833914,0.14899244345642,0.772497244876016,0.142385759824961,0.869782404519371,0.144469272738839
1.13928591708425,0.133828387772951,0.945107816635921,0.187517209511283,0.200881366540525,0.166065964628525,1,0.00839594350032094,0.284903097758441,0.52237834507518,0.130908488248066,0.748767223087625,0.0894868614336657,0.719111733882101,0.103957822050876,0.91834667994993,0.106697218649969,0.697081198294245,0.158801137750785
1.0741716398782,0.148609683218578,1.0637644607582,0.218793976951114,0.461295727826109,0.246376310909231,1,0.32418647309994,0.261251992640833,0.702449273432959,0.103302027862363,0.776901297528901,0.11617801480121,0.67162394053098,0.127168756706976,0.603820354738956,0.1511411799235,0.929223038991291,0.120172509378877
1.46545997097403,0.165410672720627,1.32086206442679,0.301388378079471,0.177039353992881,0.209143142694615,1,0.269751710099293,0.384508201791442,0.807218961544519,0.124024613456999,0.869548230336558,0.129184542685899,0.583008246201985,0.116252608826629,0.804004983262518,0.10852968978119,0.839546435765128,0.170319209909905
1.16174312004983,0.143151135381624,1.23984917137753,0.262189312342497,0.259025359017651,0.216459412218577,1,-0.152583291054621,0.254103259937586,0.766740307835785,0.0924143731315357,0.508015762544618,0.111869596644715,0.69252785322159,0.116665279867854,0.649617696451813,0.128998983141242,0.821911216259342,0.130227249776137
0.933618251764876,0.150707759459054,1.17409321565569,0.26285434583458,0.141965582119895,0.15721903078039,1,-0.205663473518783,0.312528284131484,0.615002071052642,0.114463188697409,0.851375097656638,0.0995091553726535,0.782083583270325,0.123973402821219,0.764051313243249,0.160929167035463,0.369251877623187,0.202017717950523
0.863661278269239,0.142073245666006,1.14384375372318,0.24321544192403,0.466380868686251,0.23772885231642,1,-0.338714949856581,0.27364344215493,0.65493736031917,0.106575731255565,0.796098454931033,0.108951546600648,0.644318874245312,0.13039912593225,0.747744271266171,0.158352950049339,0.516086520973928,0.171361734249438
0.82036910987264,0.111730968328593,0.531792603029215,0.116259186131023,0.446393842892822,0.203859714315632,1,-0.165699636723594,0.256876780436914,0.720284828805102,0.0911505161803906,0.524454961574482,0.0990263250970879,0.87206611561479,0.111144956126091,0.665684606354066,0.147823530097963,0.577199660185785,0.164714876593972
0.833273979098685,0.133966770172626,1.03639453954693,0.23488859532867,0.209757213033782,0.170671494648529,1,0.231967477256237,0.241830197325072,0.670467364294983,0.103833633313215,0.737907217474906,0.105453785579958,0.890102283968142,0.143595586947725,0.593048852087424,0.237603928428722,0.757082655219596,0.150377645314392
1.25029041971188,0.16516345090353,1.40541719486217,0.322620883572307,0.274361598129744,0.180638132200076,1,0.385511166662889,0.260680669494564,0.715696566173637,0.105894555515643,0.765913970479961,0.109082983399268,0.843283089976312,0.117236376993926,0.685029274567045,0.159344322624274,0.745541401497623,0.179638833495626
1.00425944098268,0.131795425024419,0.8437946390415,0.18083731389554,0.404515277092435,0.18842028887497,1,0.374712577523009,0.290198423234803,0.764022997328538,0.0970220292311115,0.599568324952953,0.106335442396239,0.630090321198709,0.11334535702803,0.638083546457689,0.140829739799784,0.274711106817195,0.189872891160483
1.1641521497856,0.156661212109137,1.38563566227618,0.289546286957003,0.163407129197206,0.179167302421896,1,-0.219463929840516,0.239115359529511,0.608763919394357,0.107928263371523,0.709655136549912,0.109579595905234,0.760095794965681,0.110499474099176,0.812871879564294,0.143275433085534,0.717317693948026,0.171869817574273
1.06606566079844,0.140034186117298,0.916249831717761,0.190965654798716,-0.0322032804151023,0.166047495353723,1,0.305317563830248,0.280694461147493,0.577418934364086,0.114106186603879,0.640809849041539,0.121776743016847,0.728406362286712,0.097367823862922,0.975513535773775,0.102730197615129,0.651391660739207,0.156217389531148
0.792560703538362,0.133552861480662,0.888655376245175,0.196539109872911,0.436283965032557,0.273757227765467,1,-0.226439776046223,0.298039468221273,0.675202846300866,0.0879006978268926,0.702093904225105,0.111877062832137,0.694641292340117,0.136513836451736,0.553420327152564,0.163167929102841,0.782140856147001,0.210174776676385
0.902689672541818,0.128858620439029,0.933944293973277,0.214303675155129,0.468400594725224,0.146315649127507,1,0.0187100750164563,0.283822981192696,0.729321261908687,0.0977136418889487,0.686269533165167,0.0917981318052668,0.754144045875732,0.110690641132952,0.42682497313967,0.133081243671358,0.694688848049133,0.19459789115696
0.830478665992637,0.12335543255037,0.834041601052233,0.17989083258501,0.312120926392926,0.192961573847623,1,-0.358405066952428,0.277320978818057,0.794279852416441,0.0985603219650387,0.757898864690667,0.0931992850996114,0.584649440756005,0.150097667369469,0.631379241943586,0.156762951395904,0.588245058286934,0.167864854413375
1.28489094892521,0.162553894517511,1.34961755810104,0.282136052421879,0.0939290711628302,0.207027321988071,1,0.470925659845258,0.280452321302422,0.630877726781292,0.113813120551618,0.789592623244446,0.117295013425509,0.83518255203083,0.106766710331314,0.642699963822366,0.139981413972759,0.710405301940654,0.148262694588844
0.842964897051935,0.121879689246793,0.771907450033124,0.153079573432171,0.145438821422498,0.183049465618765,1,-0.139855629534325,0.264548500106109,0.571119079623064,0.114713593664751,0.620649869832292,0.0966376897092774,0.840120466380814,0.102039249495977,0.690181042154607,0.116190822392966,0.673956360329158,0.171153457739184
0.941402272648474,0.150959911159199,1.25603178165571,0.273689015278689,0.166516301020533,0.210037055504565,1,-0.334511571136417,0.324709759706794,0.808844617839684,0.0942711573092896,0.739087424556627,0.110723100641163,0.579181282902882,0.16350703494735,0.439438544246248,0.190709331996022,0.816407147768961,0.161597820258185
0.810067772501177,0.147335718244945,1.05921842367693,0.224612724951094,0.276245291995799,0.19791942102506,1,0.117990627946837,0.310472417892031,0.653841611051673,0.109936596101033,0.756656841432461,0.102348658236774,0.496253495142196,0.151737754378927,0.782564405951186,0.149121603844467,0.849705578321059,0.133132932108198
0.980751682121581,0.129862596790234,1.01208352436869,0.212154693050821,0.22371764502984,0.211932885268755,1,-0.225204753773882,0.227392727501599,0.860008435203884,0.0921552688193817,0.887790248438337,0.10301115634257,0.692026018617447,0.144072702060294,0.656099380778082,0.13891935118743,0.691520600141905,0.157847414515016
0.935113986816738,0.152444422426829,1.42506232335741,0.344272812148993,0.376040166588562,0.191199393480802,1,-0.392119595871987,0.247183300655733,0.836012874675218,0.0859284568352479,0.674189177913769,0.101328416967878,0.798827422006443,0.144942113787752,0.677753081213907,0.190001400341122,0.652585197750818,0.218717639380241
1.08224949483643,0.138184221998462,1.0139772707249,0.202991575497392,0.195790955597013,0.18337381322712,1,-0.182257359490469,0.290185987452664,0.749366699665434,0.0918963142586831,0.828321085261146,0.100895539313983,0.521900244824983,0.135255252748361,0.733171795580377,0.15150274471451,0.72749472627233,0.170490084305443
0.931568967568591,0.137215091898408,0.99580945649668,0.230268427249458,0.221305282523595,0.211587254937235,1,-0.0373566136193497,0.268881382747461,0.689935649127997,0.095385658929798,0.775978677525107,0.0944358348438196,0.781559822215182,0.154939875421128,0.445397983886849,0.183668375340942,0.427324205824716,0.239669277081719
0.904215217526231,0.143768784534813,1.11740722755237,0.23185977876518,0.383085987663562,0.27627685315871,1,-0.388284813020002,0.265936132805692,0.736854730476743,0.0981957180784458,0.685048059502222,0.11493965998385,0.71974824233314,0.120798755579678,0.751752727344574,0.134518245063761,0.632571879303727,0.150615645217454
1.09316261996239,0.135274763574003,0.844528914555658,0.17582585040306,0.0548593139277616,0.20071038680136,1,0.42682661948409,0.282647644721925,0.597865875167955,0.116455107805557,0.664489261948407,0.10771592859047,0.732539189658701,0.114504482068541,0.665738455353563,0.153724111418525,0.597586255182536,0.173719693076497
1.09624285678372,0.140089488995554,1.00054641361734,0.228270043002627,0.672923655154806,0.180753677518171,1,0.208547891363989,0.272828102668349,0.803931606795469,0.096363576219639,0.765802153261985,0.107108497575834,0.772670756067214,0.132248082003619,0.894258748857657,0.1584569743289,0.942932783651259,0.174645428134953
0.901899388866082,0.149406168937597,1.12133365690995,0.230677369706434,0.356283666315257,0.232343502705368,1,-0.147629071140079,0.339384263410469,0.921461444390745,0.101176225621177,0.83552971093355,0.120218327915845,0.723237250693128,0.131900241688583,0.397487766861603,0.159948527564078,0.6185678666346,0.165407077265687
1.12351567462716,0.143217936948567,0.980725052190537,0.22724355137192,0.673590210056034,0.201673514009661,1,0.312665137710707,0.343220287200461,0.611253950940167,0.127841600090113,0.668211760377616,0.105776956404674,0.502360125314788,0.111239894838096,0.654745163778412,0.144798443122943,0.613488789210959,0.165411592548124
0.974101665165657,0.119798090522179,0.657632449208139,0.152805981127793,0.476010158993945,0.22755924001403,1,0.239401191702461,0.257426781298977,0.570002490281795,0.10176743888695,0.710211303036189,0.0923012524368179,0.591886999012415,0.135333245131803,0.651098655118511,0.143132220834835,0.652476896669527,0.188623315852545
1.02765133268514,0.119043249965284,0.734741298031252,0.156383553816602,0.677952106481682,0.114282802130871,1,-0.440197784621207,0.32578919860171,0.78460077761816,0.112214599190265,0.5852566933645,0.10094905501479,0.521572827605061,0.116288937799049,0.623826811446548,0.119810540541273,0.621090698953557,0.127571712915879
0.948038433749227,0.155296518801467,1.35371567533642,0.317716412483001,-0.0694859698911253,0.168202056726706,1,-0.0684043749478736,0.280604561626561,0.80946587025127,0.0884946452725966,0.759824048072248,0.100629253515015,0.622678002977047,0.137100300552609,0.773865819103512,0.183470300843131,0.743050164856107,0.21963344099357
1.01937248936727,0.130595976356676,0.907468270084234,0.17452878630125,0.18746075063182,0.214856214190459,1,-0.361048223554007,0.287645245192951,0.846279976173271,0.101897786284372,0.725021286360923,0.0947277717811242,0.464472246627277,0.116358863239092,0.65318426447277,0.124623435419541,0.744395644939529,0.15463451453256
1.14064581428854,0.132010385993951,0.852162984957755,0.181576835306214,0.293950995212584,0.245557480447886,1,0.278469028037321,0.269168989581134,0.65466329870729,0.106734442743066,0.654949358096584,0.104567549595646,0.645207467915991,0.115381483821989,0.672933825201197,0.148090823277055,0.451281600502304,0.20750925782736
1.69956251822264,0.167622406409947,1.23028230701212,0.248018706964004,0.337895952848699,0.210640964779654,1,1.02326395439456,0.307016999375268,0.620470877316617,0.11869377181022,0.736643238577827,0.115390995005329,0.755009446927483,0.108343027911359,0.883953240041975,0.120371309569547,0.698129121321389,0.168700267751482
1.05547071154901,0.128425637314096,0.829480692992218,0.166449532810798,0.357012206297248,0.234590717047026,1,0.306719384843186,0.264535478794576,0.646879777874408,0.100046170010138,0.617204316102164,0.121698029739601,0.651008831622828,0.118113540900044,0.635477895735523,0.147506216779095,0.66734747454471,0.150070827963875
0.808559577915559,0.128217094752854,0.929511155757298,0.211151596146214,0.607297717423739,0.208755372945362,1,-0.13617743442725,0.272413425490362,0.769263014834743,0.0915312468434526,0.643386112925485,0.108694510751373,0.591997239632227,0.135094177637702,0.833789878877256,0.141297356241139,0.539185434880135,0.222494389646754
0.869781884398679,0.126754821882084,0.85852730218098,0.168238150897599,0.306927715381478,0.170063522028666,1,-0.193416480215685,0.280554741149349,0.759312564225864,0.0984091973314315,0.656308880452975,0.110829268761781,0.560438330582753,0.13440129868676,1.00428154229109,0.12441341579548,0.755687555699763,0.157272623049311
1.10781198511756,0.13715143146496,0.947072079074782,0.215413762041205,0.335814875420561,0.252317253939599,1,0.262520186777815,0.30283873725391,0.723941473690983,0.115885420020874,0.670300117306174,0.102538867460517,0.704120290058196,0.142605747954202,0.77062153121766,0.175920705611232,0.924823092994591,0.154001688278498
0.905792462260776,0.113415525630316,0.60639528604635,0.140053211928386,-0.0157941380926778,0.169207764341369,1,0.026524575243066,0.264487873709482,0.635655194483445,0.0997673144577887,0.655440105205325,0.10012939478085,0.570067320898843,0.126152152850159,0.748574265161085,0.164884314685268,0.558796636857103,0.188588253751099
0.879502455823689,0.115704054849148,0.74823205134071,0.173952321719966,0.480312125514786,0.24096868795842,1,0.0845509531362479,0.248421000092263,0.52298168390287,0.109711516225502,0.618553177654019,0.0932682370833808,0.774615107761334,0.114365554852575,0.773936399487527,0.170007216058117,0.517358374583286,0.250342669698485
0.828275962832695,0.124312757374406,0.863481138110843,0.19930917023201,0.220818768590607,0.175258328281411,1,-0.156020529589995,0.243180029361956,0.734295839790412,0.0969399065746921,0.541618691589895,0.120065231114473,0.752738960478081,0.139928727042536,0.486756916001293,0.151424323033362,0.655021769339622,0.144740016744375
1.01582632904302,0.120627268954499,0.885383088472935,0.20350752353295,0.43427487630688,0.230462676535682,1,-0.00365560950997204,0.2445424463776,0.685028086319394,0.0984379354885705,0.822066242762929,0.104111552525352,0.698086966917719,0.12985914286103,0.608555504824315,0.174379945563916,0.505172473844334,0.203481493791623
0.701062948613482,0.12329856146662,0.855443250459538,0.195097679952185,0.140829242280911,0.162449386354155,1,-0.160799716171656,0.216410908304163,0.566269772904601,0.100324922394617,0.775706462172633,0.115978090055448,0.666472223332143,0.116022406867475,0.708000763668823,0.138700369390947,0.496437147882662,0.227544407491567
1.04140713317197,0.147184510973425,0.96993819079164,0.219130595638584,0.327903156798749,0.231798802523383,1,0.299736724188534,0.297550722462731,0.740565390948548,0.095317885348027,0.762459799520234,0.110991593681063,0.668700183147242,0.111930287661859,0.689494332448178,0.154787546346309,0.935848696227072,0.129936852930021
1.05176412331382,0.14676101309234,1.0241627982155,0.23233515738996,0.632909487475085,0.20762468590364,1,-0.152135746498509,0.313193663363949,0.790757372974048,0.102574931486287,0.528935214249424,0.117844644455727,0.787957538403979,0.128068743662673,0.412701782248037,0.128623362871312,0.836587660359913,0.133452333373834
0.611183431223681,0.125253715911036,0.974487265481935,0.205887052528922,0.483296255303838,0.170129191607875,1,-0.607203471972055,0.26685969850277,0.671403270477632,0.108047470151012,0.685666730902645,0.107832950076412,0.613870417190026,0.130895022010205,0.509774597904563,0.156364579259965,0.379054451910514,0.159748856940752
0.93495025887466,0.159302044461314,1.47891812458047,0.350591149153347,0.218243677653418,0.246646389145222,1,-0.0793566430309957,0.307190678979655,0.694926643367822,0.118766895395286,0.770830918749292,0.110109889259189,0.625452693841949,0.153053964601545,0.925775712784909,0.135965620502155,0.427106370994796,0.171101424342206
1.00738469264602,0.142437270745477,1.06007173500397,0.221081751841379,0.299153205948608,0.203458911069462,1,0.158827929721724,0.277754740592119,0.66882015114941,0.105054917916415,0.772315336750307,0.101563695621368,0.665224101934841,0.111117047964417,0.641090661550524,0.131734820553694,0.74160983495683,0.182819802100445
0.85615538976552,0.153016249809179,1.32638021717381,0.332260874231,0.30564285184119,0.249747126779869,1,-0.0284093410950887,0.298341415221042,0.765387907348243,0.100339001758369,0.665251755018127,0.113760731717717,0.860612508179461,0.145200421933223,0.707139592249103,0.159217798356267,0.627367667990509,0.218155201601602
0.979804499447598,0.136072567837623,1.02185564237809,0.231000506289454,0.261490346236461,0.203841444049611,1,0.0603721909172225,0.26383908750723,0.604197207406181,0.102182364715104,0.45975771116105,0.117451843594072,0.772509486494724,0.115683352481139,0.684293551202537,0.147288823001001,0.870182364593182,0.147379346001569
0.939341973275458,0.133047578614385,0.91938924129426,0.193074036533412,0.435985577461191,0.209135532257162,1,-0.346877724422935,0.30271106771009,0.545418050409917,0.124797275597782,0.650083591651418,0.109317996755393,0.605129623118977,0.10998013589245,0.680899718605049,0.105544826499225,0.617850228667909,0.149461571228108
0.932250822993047,0.131687294203672,0.807817918032516,0.212979986852218,0.704716509590059,0.164584650645593,1,-0.171253547642542,0.307038541832753,0.781116950065258,0.0993555205141249,0.657373610658599,0.10388201961992,0.493542085151477,0.116991940971541,0.530392084497327,0.147937687379866,0.710959942591957,0.180920666072269
1.05688858566547,0.137618899077924,0.802750133622819,0.192900899121223,0.346851032943568,0.266902908124735,1,0.0148819468078698,0.287493902766925,0.762663644601287,0.108795656269988,0.627934443298106,0.0999534349411752,0.733235483269473,0.122133054582672,0.580867818227829,0.18989218540299,0.485772443095401,0.204134525725295
1.20329462655307,0.162046491248859,1.08582640401594,0.254207709571766,0.0556909638016768,0.190485890072613,1,-0.0785783368909856,0.319207126307354,0.543266458268912,0.121986091490007,0.790612732977595,0.133092284784048,0.744147973834677,0.129569007520209,0.830130600651095,0.130777179972064,0.516847494526071,0.15161384153214
1.18761104108645,0.135748816278835,0.737159944695315,0.172132804431488,0.603777426786367,0.213206526709779,1,0.175626485087133,0.300529268528126,0.706936478523768,0.104247515319887,0.504765288759888,0.11032125282506,0.854029632400152,0.106613967015403,0.602712928209561,0.153099839436482,0.651372588340808,0.188427774794298
1.16601531588815,0.122302592283535,0.769028903150593,0.167902413467141,0.636470688384768,0.13519662726966,1,-0.257226000282035,0.259986172604527,0.893824367812575,0.10172428574947,0.601540680158968,0.105691557918962,0.620405547271893,0.130751596477519,0.763297617179312,0.110440865339275,0.718634115959022,0.129114978362072
0.934040824389961,0.141582196745766,1.16032342804282,0.27794967121355,0.443755074884035,0.223729344722551,1,0.0359852329338715,0.254080960674111,0.624246968398735,0.0843154159369264,0.594829556958101,0.110371682068612,0.455739304708785,0.167535413569042,0.615892060545818,0.180988839995922,0.581351974585744,0.213601898127743
1.18533539584119,0.158290666136463,1.17778429698296,0.27666716661707,0.444238797466493,0.237427551006651,1,0.21721772327763,0.325463198904783,0.88221924612845,0.115749749978958,0.662465792759397,0.121655668666559,0.653143535269663,0.138876982381143,0.64999018958573,0.169040446311356,0.972408314646298,0.118443413351769
0.947480999381708,0.132990788850651,0.745977750886896,0.169289321122429,0.667235688320134,0.175740360468964,1,0.076500835663698,0.314451102734652,0.656952476575946,0.095551987613884,0.74337743127665,0.104475383444995,0.574981978516251,0.1099217450922,0.750479227827923,0.131541383398435,0.888091960939557,0.184922820490744
0.861344176215118,0.140124623010816,1.02789629745522,0.21555944423107,0.171718594159683,0.252557456470419,1,-0.10630263269186,0.272319709863509,0.870380843873896,0.0921189554068638,0.628519107773241,0.106426796883095,0.687483943329524,0.139140636216453,0.921040200568888,0.139825870231208,0.67129491845902,0.199955204718869
0.97735511000782,0.123612434874515,0.680132722344634,0.155465665482285,0.433378611644181,0.213349881256536,1,0.352413917724913,0.291283847081151,0.717955185752598,0.098362008506825,0.572768897008219,0.119789108509953,0.593247041769523,0.132552987808686,0.541603697084678,0.1132295902535,0.778090156441184,0.144266261978781
0.890411716561224,0.114736030543747,0.729928636742207,0.160445546806481,0.441700335979677,0.203643795049694,1,-0.0473446922181458,0.241278574806613,0.856638019205538,0.0786383598925728,0.645223847595033,0.12538428768719,0.8307360738352,0.109554567066388,0.486507902920623,0.172478313477434,0.795437098158545,0.146400080423941
0.790029659367008,0.141726842534164,0.857630229217538,0.188026458781803,0.0792401780363134,0.186009641539637,1,-0.333785258436842,0.358941063568447,0.68787114911121,0.106735424603641,0.772342272724884,0.100217235968947,0.513371412426332,0.146546942873825,0.582403235097696,0.163653367271453,0.492258672927619,0.215806634712769
1.00966683952052,0.170024338359298,1.67829847639982,0.3643441924974,0.0877767743174545,0.213972799270779,1,-0.483074582090523,0.289081269540055,0.876661131790277,0.104366381161719,0.791642293355223,0.118025444774927,0.673312556541651,0.140225090411372,0.864437520812928,0.133733585619848,0.680651651733887,0.190122573797931
1.12471766464102,0.147235701688034,0.975485773133433,0.22268257931569,0.157462805002892,0.156134216984497,1,0.306515905230186,0.323063450022684,0.568191755323613,0.142843394028854,0.606827296693845,0.121742348606929,0.709613211652721,0.118508796212913,0.632932941216326,0.11589527693802,0.690631582356994,0.164069779613412
1.04277946364832,0.167364569425713,1.5231402287448,0.354865715678962,0.0872313496179352,0.175591152949151,1,0.223003160407886,0.257114196229867,0.764809949561219,0.097510829144354,0.774210717876348,0.116319598800859,0.752120783096647,0.1275908471747,0.650772198493753,0.151153696640759,0.684705888142318,0.192584109667055
1.15072770755914,0.135189210994106,0.945499738439223,0.201294349395129,0.488888115179185,0.185296934742863,1,0.290065518856275,0.244493264655651,0.618106731101364,0.0945176216752127,0.797006357598974,0.0983881258700922,0.597844161421791,0.139397412338996,0.697366837262085,0.123142793042866,0.537330231986048,0.168403868266453
1.07174888780323,0.12976659683703,0.805311005670584,0.180993476492455,0.480513087554471,0.195451848017154,1,0.307789505252854,0.256007946174002,0.574261049029436,0.101184894611388,0.538514308529054,0.128171513082508,0.840003376572833,0.103701522612562,0.470124852792618,0.144954249211706,0.86864908034826,0.141170483382129
1.19795709908313,0.161222625508917,1.2627324034908,0.306367886884591,0.189352940296629,0.240901044705719,1,-0.13733907928564,0.347206250277652,0.791628418070391,0.109373805631037,0.788546400134506,0.115931980387778,0.763092064444459,0.121753586565029,0.797693594777872,0.149521053412059,0.57802633707454,0.230400905427743
1.00302556227995,0.143861466147879,1.12892528474975,0.244308291624038,0.284255764418925,0.246001683553192,1,0.152186641508802,0.276413224262532,0.804947587648763,0.0949985438635903,0.581844776922888,0.11375456633051,0.68397360795759,0.122908381974572,0.759614235811718,0.148114631747377,0.88673824355558,0.158534830540795
1.09753261323834,0.128799513318925,0.858150864880006,0.167979913545662,0.306081696409084,0.199943805002625,1,0.0487403969792652,0.291912930875617,0.676066452529633,0.117031254906138,0.696942861881033,0.0890036789596183,0.55883278268827,0.114031998994298,0.928674399466965,0.121085377823215,0.610318444834421,0.174664031621194
0.965834767485997,0.125377575520132,0.743267818449768,0.182465498881508,0.542696135254499,0.192046764521387,1,-0.0148003165443686,0.283433487120373,0.666994197661265,0.096665172156169,0.564535024339491,0.113140662764069,0.536860166383233,0.11594762546478,0.442036239867805,0.12613340738921,0.617379507740929,0.185813969460306
0.967308282396263,0.150724694832385,1.20880250583393,0.279289567469753,0.447405102053921,0.27396632691448,1,-0.0840238703822821,0.355081211051492,0.677483678373778,0.118941309190872,0.666696940702295,0.109320432243201,0.568276720443615,0.136655102584972,0.881020932440145,0.127392224608588,0.426276092869326,0.1724133119148
1.10963062825697,0.146256533014642,1.10522106681269,0.236865024113461,0.259303214773404,0.224721041309528,1,0.180281303126073,0.321077889213164,0.617995505813676,0.116527012506608,0.850122015917742,0.101158563887971,0.632447514270417,0.126747191589976,0.935382129873144,0.128915315957408,0.855026643274656,0.139716413761084
0.837564520411351,0.11702007393812,0.685932697780006,0.15071700291028,0.542562524324737,0.182070800525296,1,0.0988969608247112,0.252634817824155,0.710009784664678,0.101821676655211,0.575340005108876,0.0993117083110534,0.658106894209358,0.0933522356362389,0.562046326242149,0.13505389795042,0.457972732783534,0.173711352734348
0.956602698693521,0.145187994945948,1.29669658153729,0.286854710767769,0.402815942264354,0.190443958545599,1,-0.151087016669977,0.248411069055931,0.746872730715309,0.0953887639344158,0.737372330049574,0.1201710001012,0.410225064674022,0.142571488280139,0.750115792228921,0.133506856581662,0.69379106636288,0.167921480756358
0.988815765632328,0.126201752015321,0.685865342864728,0.141621431566205,0.256441469761889,0.210564569520349,1,-0.202312562317558,0.286905591188714,0.722120900308926,0.0984291239458153,0.79828062354315,0.0904948891892564,0.711098655554114,0.102202209951258,0.834788135142104,0.130513288875691,0.782281366518632,0.179713096863466
1.01841507029838,0.149726590661409,1.0977092211522,0.231673175569989,-0.00832848846168485,0.16019334841155,1,-0.113282298852592,0.269862688854125,0.491536034541145,0.108301816756776,0.625678097959804,0.102360591184133,0.912813392660603,0.102191368701395,0.365910493446254,0.153680459370709,0.821910618353456,0.191153268857971
1.18972644987005,0.141547550372778,0.860609706556188,0.219604550907936,0.670232165651362,0.128763133617922,1,0.0829166295350246,0.294942788094357,0.599920043115745,0.0997783868078199,0.847915806735861,0.0982262110982271,0.406417270326121,0.159889997863874,0.477278170198069,0.167992379690987,0.503098749950077,0.159975257713615
1.07998838311199,0.147614018972219,0.99687176444231,0.225634392931782,0.271685227770994,0.232972576686023,1,0.423742676062573,0.304370380216851,0.603777810380505,0.123935991873428,0.654190218511057,0.113172888492693,0.769077958611062,0.118527131566461,0.496304107545408,0.138968878739153,0.938482365102542,0.143471518199643
1.19642458019471,0.123466649922009,0.779227498337254,0.168011242710802,0.502948541701349,0.182462698920853,1,-0.0051680021579615,0.23901699899157,0.767318824735025,0.0912650796827008,0.591372613960645,0.108671260504783,0.880033190955158,0.115281130365917,0.420512301942555,0.152950620125342,0.46968027536635,0.163746374020925
1.09199175369107,0.142188641358971,1.0752176682812,0.212028369719039,0.16992045270715,0.195090848937128,1,-0.112566758185227,0.288752270187025,0.761062926951777,0.100766584934992,0.647305242341792,0.0961207618794703,0.923686975469326,0.0972213550743335,0.826534018058607,0.133875968238892,0.675849502667015,0.184757005271279
1.02058803011308,0.133073302922297,0.838483768848534,0.187677330067949,0.207584144051112,0.176349519677938,1,-0.252458241180115,0.294075169422024,0.746069410161395,0.112105915665343,0.676848653944332,0.121711850015823,0.663132911804769,0.120990436680335,0.721443579527344,0.105138494371868,0.619686136341376,0.138095752450521
1.10786964392292,0.153344347368236,1.27532972332542,0.296477868645888,-0.0228261432126167,0.180807230253667,1,0.133040951239629,0.269810699191209,0.566026052637934,0.112167313099711,0.657470166824857,0.112903479584637,0.959492864305274,0.105229458014079,0.527551769860193,0.175188273736693,0.829793316834114,0.179830912659873
0.877496077944165,0.142356218817167,0.899655190923633,0.191829413345123,0.294874124298454,0.213286539823595,1,-0.0707961672125439,0.330210066109842,0.587270413005443,0.105997867590079,0.860531438997448,0.0918349722402026,0.702308008099756,0.118423563795912,0.66610311751923,0.131217240968946,0.699821368956458,0.190635170049207
1.11887640690706,0.123552357349408,0.642257176354123,0.15755972203057,0.647609969916026,0.181859072051868,1,0.534251853574125,0.307756053615754,0.817702998895611,0.0917035430862791,0.639630184991022,0.104136414009084,0.703781031294266,0.139982754782931,0.71568179905325,0.144035691864825,0.699851093366827,0.192475532669527
1.07868637644838,0.133958721290259,0.903854849009934,0.212780173432328,0.605645103900102,0.233390631926254,1,0.558927452382264,0.307302923512702,0.531804449191306,0.115301372532619,0.558430671511872,0.128213038416297,0.615383474589644,0.135801406368634,0.702923723853833,0.145985840375731,0.662110234724793,0.142038369865449
1.03548891983519,0.122585375182952,0.808725837723646,0.182964271962143,0.456922229727269,0.183713692125701,1,0.123377595064842,0.292108080481625,0.702278976675117,0.0955437896457559,0.598738657798198,0.10417005443467,0.690305931163489,0.131425344609078,0.633534642704235,0.133379180226255,0.834642291540151,0.1530425039436
1.02165248666664,0.127651377133378,0.904734518943194,0.203022685630113,0.533813778737619,0.179155132384341,1,-0.19754040230493,0.246707323358748,0.698964694870999,0.0933588171401313,0.708240882258276,0.0970731597072697,0.537532255115471,0.138601186819422,0.436046026638019,0.170013408020818,0.501287371391543,0.169571154630844
0.886825149907959,0.139886023673208,1.0453428202274,0.22936579720658,0.368447102783618,0.196441001059325,1,0.0121950167661873,0.298179295675659,0.6537958518365,0.107272484042139,0.626379173501322,0.100012932281223,0.51963114135901,0.121582338320981,0.69984918841513,0.14400712674673,0.67181081510852,0.198461587373024
1.39556265446118,0.153462816052532,1.12989669806503,0.229553538976164,0.0915586385441601,0.182528458719768,1,0.165398770511833,0.353172206159841,0.674723988830933,0.138278862975657,0.677576695491521,0.112156448568677,0.718870490283007,0.11298760769156,0.840370490275527,0.123658105963738,0.671331442997183,0.15086079577989
0.884358320309503,0.137480151943281,1.14804652958243,0.254916035751917,0.156265898040826,0.222250691481608,1,0.297404639596391,0.230083675093674,0.672765958275111,0.0938073717643827,0.659347180002327,0.129896614026506,0.584830745795442,0.130660759376067,0.588775795003175,0.143919958384335,0.77504546190667,0.194055084377076
0.979131494881208,0.132950767398697,0.890363577950306,0.199003829111033,0.194543436264126,0.189505646272028,1,-0.261496625895455,0.215337801471475,0.69779343730295,0.0958449242613201,0.909979372620974,0.0923648040352681,0.641279101500635,0.121559290423323,0.813086797865385,0.159398977617739,0.63828977288779,0.212834444170839
0.803029532790323,0.129000696872959,0.77280143022175,0.175424580780346,0.668825757658804,0.136072967277588,1,0.201859041734514,0.296685352986041,0.581823323201443,0.105440531693039,0.710148115610744,0.0972670684311967,0.485663174760384,0.130983293997245,0.506027100859554,0.134673496054545,0.762319620021424,0.153725724955165
1.31524363988482,0.14374657149268,0.914725364470698,0.207689227954118,0.465098059679893,0.207087178845209,1,0.449120361059148,0.282723814184932,0.904743630935256,0.0947675110145857,0.455862559958789,0.131922786974853,0.8402180960598,0.143239652982359,0.522360476430364,0.163487731496298,0.806827951458634,0.139942308732145
0.991053653696044,0.130571922696235,1.01836270218243,0.201731038309399,0.223953665728472,0.163312368414631,1,-0.0661898895176524,0.274363811215368,0.738031354582615,0.0944320768748364,0.714275130039552,0.0927040963359688,0.796012408953722,0.110610889501346,0.675778359024053,0.159497854319968,0.522543834503962,0.227124756424108
1.11376824793718,0.125801185862955,0.857716335026028,0.21349666000845,0.759382997334859,0.101022281690692,1,0.0694262243866434,0.32621771968643,0.67985831805525,0.10353482361597,0.843891123495534,0.0801359028277076,0.524985140150071,0.134100312408211,0.48308511032004,0.159102632230267,0.73762748150733,0.162592429306551
0.830246104860997,0.146399994442431,1.16753553990659,0.207515528016009,0.0220770592029306,0.187959908278091,1,-0.56403123124666,0.298659062102892,0.861246135313255,0.103324384632657,0.681061224048551,0.105309383639548,0.70965272367019,0.104245398570809,0.679190741789661,0.12614710783396,0.728296424440231,0.174370248321529
1.15155437131576,0.13513423674241,0.861657311590341,0.182467353006058,0.352071605622804,0.184589171384015,1,0.289507986780212,0.293489740803038,0.74535901733419,0.0968765583898806,0.612795028288128,0.102901504118391,0.558998388423227,0.138649625305658,0.868002240589473,0.13061296301868,0.685414727562446,0.163866698225075
0.914057204886707,0.152691956020681,1.45938140354614,0.294311482378979,0.243892743253012,0.205184097206934,1,-0.0988665425712988,0.255546572894493,0.59274898671993,0.105950790274983,0.883213281797445,0.11323120597045,0.743831533054687,0.116761662779464,0.514279996221366,0.153379873112581,0.863300346129317,0.163268640805842
0.969295758680459,0.118507276691506,0.679650001297017,0.145414419279939,0.133705378249601,0.201737025836056,1,0.214517082203506,0.269655084409055,0.651196499316192,0.0965398718269578,0.827603757222786,0.0863991923886619,0.634427033812194,0.163945029428413,0.694467645260783,0.160539304496157,0.693355519236228,0.155912855933126
1.07048639402696,0.134965505663943,0.969612562043536,0.217578461819562,0.214658577331566,0.228252821950246,1,0.218816277668614,0.232177000121738,0.824090106250266,0.0809273051253133,0.673002172503731,0.122520566230307,0.570196133896922,0.159879103418478,0.771042852259113,0.175370133947026,0.949421341910345,0.14810128019215
1.11929295340567,0.142509451051056,1.1637760032102,0.245850957451269,-0.028854448816923,0.121842139861996,1,-0.0249690840941593,0.282698418526208,0.756245366345565,0.100736550583738,0.680747028301163,0.111672983564214,0.687215809119963,0.13262566860105,0.68186966701113,0.136150571505859,0.84640171210775,0.126862831465842
1.12748251309404,0.160488200270755,1.65061735209048,0.360966261180554,-0.0705902903252207,0.15843470389089,1,-0.0897384478079631,0.23007143001506,0.840241105994329,0.0969329083944925,0.837902330331847,0.106751690868414,0.811540116598647,0.138603271064679,0.794455706929845,0.14627199511671,0.405679058288938,0.222977197509513
1.10705747654138,0.134130480892898,0.951139183745834,0.199359865059081,0.16667111468556,0.148741572123855,1,0.258520136498511,0.221258635972122,0.703158402762654,0.108090716442616,0.740471130349696,0.0969505665474076,0.49546875853601,0.133194188409946,0.729484119919052,0.143903430749789,0.561816444315491,0.205112731875031
1.11295513154523,0.141541503221973,1.13384292615998,0.249919326171179,0.689048269228516,0.136850586540753,1,0.453216151923507,0.338467066381981,0.562449683670544,0.11279050983488,0.723410085621562,0.093700745069245,0.694830050233701,0.108227833584696,0.859229578218598,0.124819068292929,0.887371383695712,0.140697562047774
1.08832329729478,0.149819766238969,1.197091089073,0.268363311845299,0.312719729996759,0.201441290370387,1,0.331701278415204,0.322513462510709,0.636610812679868,0.113688470162718,0.717337805630806,0.109384323484734,0.594866926781771,0.132202580191027,0.684254423117165,0.178706653751773,0.834374294004258,0.16898374789101
0.946463859447464,0.133493274524152,0.902436694161307,0.188411445728681,0.355041180217491,0.26057199618635,1,-0.0777289034930513,0.285956352862553,0.71968554441108,0.104906493145887,0.667110884635884,0.104416576891776,0.567635639520819,0.122767722626138,0.792389563674413,0.120067601406643,0.462836228507074,0.193220981402049
1.22537466423665,0.137666757423879,0.823709202485511,0.176695930348493,0.282573402328877,0.171967789265539,1,0.430659712485332,0.346655896116899,0.570457976213041,0.117677501377138,0.679700830516255,0.103085293067936,0.605100408329733,0.124829845408361,0.761157953640547,0.110170911176241,0.717716438838041,0.164312630448319
1.06399834249282,0.142186146859722,1.07730105949237,0.243268497198708,0.112913214984559,0.193789815071553,1,0.324287451070565,0.263267601121104,0.72887945256299,0.092512858316128,0.728013589420495,0.113648698344702,0.675585042689335,0.144901817432192,0.859354218493976,0.145408842938233,0.597355582879204,0.199264725128867
0.917730621845214,0.120708213804827,0.709816885417112,0.158982688239595,0.29696673416439,0.205401828313305,1,-0.219130851801151,0.27436643646768,0.674122959977126,0.118049326518069,0.549113387621755,0.107526954656744,0.708188879482167,0.114682076119278,0.669264168375811,0.116317676055181,0.648786719832867,0.190751047227727
1.12639730090588,0.129561261840741,0.833659580984646,0.203470440128658,0.269619271154262,0.239088603772348,1,0.148726038860838,0.251214128951453,0.704786616886934,0.090191274869955,0.629714931179177,0.100696887589361,0.631805537050662,0.118979302890657,0.834952189548328,0.16820738974261,0.742128223782431,0.160550020703816
1.16990415642201,0.135727689486364,0.939666814067028,0.208579159105305,0.371465866884416,0.251251995086956,1,0.610351843718739,0.273616755030002,0.562949762960311,0.118329121817822,0.623823371425083,0.111169537095882,0.904831598514972,0.107154788166185,0.662863299030798,0.165056144416573,0.623451897826859,0.235594254319792
1.10776099956839,0.133881504692776,1.05704797945655,0.236674401539439,0.209576527478247,0.198201026276068,1,0.13417398931833,0.239329619826583,0.738961350657193,0.0957102949065691,0.728546680309464,0.093118843910516,0.686441159291412,0.127638035714403,0.562905853426125,0.156183387148879,0.882941822893736,0.157490430517788
1.06645198239014,0.149344176695312,1.13749704519213,0.246983806024266,0.195962539927661,0.194266147600494,1,0.0159961844808422,0.31148557038694,0.75343002586106,0.10003948616127,0.697004340505615,0.109668909529843,0.542941230597792,0.121678566516182,0.34758327283423,0.155707124217034,0.730104257800902,0.133084226045127
0.804731458228849,0.129829284892918,1.03381394440422,0.229068884575913,0.564522854794484,0.161946879287917,1,-0.33551686623871,0.241936610698406,0.523643114688183,0.100421453275653,0.712110694463086,0.0959273488895061,0.832014783435324,0.108984514606958,0.563179193895695,0.160866917477853,0.627887077304503,0.215825797642238
0.955755670566071,0.133141300858901,1.12700068821109,0.245031138227561,0.198884849559266,0.212605453000583,1,0.177299510721055,0.257191563324708,0.616201976490332,0.111606125394877,0.686263307114874,0.0963982256411428,0.713630444736971,0.112588994075855,0.852923347298405,0.127795298087583,0.615754438042343,0.18891114575622
1.22747470214174,0.118911360523692,0.750250202356543,0.167255291921602,0.234996096169254,0.191579317956373,1,0.350244036773132,0.213994977377278,0.793047474793526,0.0944184832827617,0.602700767009264,0.114365127352428,0.654037144958641,0.121718491607744,0.690370947461095,0.153245936474978,0.849395635669353,0.121172332915546
0.964961226281092,0.142759080648694,1.05082305650308,0.24029964487726,0.1734745231999,0.164693639243848,1,-0.369580195250793,0.218601965440778,0.783372093882708,0.106544859218818,0.720780655692784,0.107447311263825,0.537272349293232,0.125099237588994,0.783630200380666,0.130148157009772,0.60946264311632,0.183713746494693
0.993754048107829,0.13473172977142,0.986371552812741,0.205792747429533,0.0923604230300209,0.175324498852314,1,0.0206424163906456,0.265059558561855,0.655576983651231,0.0964315915336724,0.779956406372047,0.0950187734462538,0.639580373548495,0.126631091357848,0.562107718106308,0.150071798769124,0.948914377735081,0.151995115634881
1.17266015607509,0.128878866868401,0.737579064504925,0.164403806564655,0.583559028008047,0.197968015776133,1,0.370793521236655,0.291764907597991,0.658747986745995,0.101298162047129,0.73986628443459,0.104890682091543,0.715428756833511,0.101657270914819,0.718654368728179,0.125370357035153,0.748993853225265,0.175619171299937
1.14783911490577,0.159122406876747,1.30922435713077,0.266684482106811,0.327500097758309,0.182463053298445,1,0.00615207516578688,0.269293811813575,0.6133270486034,0.116446430440042,0.819098158438391,0.112487666119452,0.708023422943484,0.112078984697876,0.718616500879023,0.132744170532577,0.875980701074246,0.151071487441988
0.984476392822121,0.135826069457815,0.980818067683357,0.215330015052175,0.129117749007403,0.185216134749113,1,0.310508784679714,0.280311194367363,0.794979957620679,0.0773594100048612,0.546138946158506,0.135258076029427,0.636690525480703,0.141289356642858,0.803921711887192,0.140448493434083,0.764773628216167,0.160973835820012
1.22160362393299,0.141850792223227,1.20813022518333,0.248717539232747,0.29326067455936,0.192542395579559,1,-0.195369376557954,0.253727992857669,0.799707867770389,0.106221033171061,0.833605153402441,0.115989327417584,0.535918740176391,0.119982940903575,0.870681261468041,0.11708941862571,0.679826625931916,0.143971760415773
0.882889545622401,0.113809629256603,0.741773525660528,0.151724864458254,0.23310094946938,0.197409291777941,1,-0.355622157108798,0.258571875859759,0.552086295916586,0.111262452868195,0.673212425427332,0.090515379011073,0.667860998448865,0.110281604385823,0.724387173619063,0.144433701533419,0.640386841817143,0.191726017373015
0.89163829896293,0.130424032139577,1.01459910184982,0.224103575191169,0.645773174986647,0.146785015756776,1,-0.490943511811687,0.262562126338958,0.857661603286156,0.0851232267063669,0.691555432234331,0.112205962713421,0.604715609588099,0.136333404630785,0.656832238336864,0.142385512844293,0.698871992596125,0.168071293424861
1.09672733615614,0.148610076562284,1.13001052501193,0.220781025043001,0.281456606624588,0.272427965353139,1,-0.710177125097869,0.324302707979737,1.01800579223651,0.112278816307342,0.781957991537801,0.110424389331063,0.673498161785576,0.126671988396042,0.995471145545167,0.110854239675104,0.764531657921813,0.173911535623042
1.04584924597719,0.161945188701533,1.56514738368374,0.3607398507219,0.0710699386375872,0.241329518140617,1,-0.148915719751486,0.258506220129411,0.739021843500468,0.110271707861827,0.482487603568874,0.135374275673116,0.845743691928547,0.136575993197862,0.973163992439042,0.134796300410834,0.755019385855715,0.174457903211826
1.08029357156734,0.150446821067464,1.10365171741309,0.24133445752434,0.142132388728495,0.216659553302684,1,-0.179977022558043,0.246425651710073,0.857960648668204,0.0835026684017088,0.738700160994604,0.0979566034496817,0.799829412012952,0.152958065760911,0.676028640150271,0.168164857296435,0.730683309292667,0.207533574939548
0.969002219953785,0.139681304110205,0.955834405106079,0.202059450468819,0.121820926925356,0.192075614954414,1,-0.246721090535164,0.257022289770942,0.732909356254483,0.109784580108396,0.546656982469857,0.110590105470732,0.660349953479662,0.126950527272267,0.609462826203051,0.132356956395096,0.292222187796058,0.232029340386952
0.875528637907715,0.132258131681715,0.85611994864328,0.186772083170874,0.243847968619273,0.220512339178916,1,-0.210084963120124,0.23473638250028,0.823178449553922,0.0879980867663046,0.694517521664184,0.10769898341257,0.633861613406405,0.137146075678395,0.443895402666472,0.170665537974771,0.842798637192108,0.211510038965697
1.141373923924,0.153278807183962,1.10473151028072,0.253570440261728,0.567680521176072,0.278030962049204,1,0.577142016550084,0.366447745174746,0.741465294550202,0.12827924227319,0.784062055046651,0.111066181799647,0.959020168405111,0.112207472985249,0.9242734251094,0.115781343703229,0.875802547091271,0.14336815070455
0.8580681785629,0.143345081440064,1.23985482415041,0.282490467566153,0.301652183279262,0.250200347129401,1,-0.186875630606445,0.306857489875386,0.761084098896286,0.114869232871048,0.583880662072562,0.121421571045486,0.695748402337921,0.121094392737928,0.6717457398822,0.149280064506447,0.654463090640688,0.157356637853631
1.26985726920783,0.136246154752583,0.939525635923599,0.201837865459079,0.164364397872211,0.197856254709824,1,1.21620145693144,0.273945592397818,0.595330760084662,0.108258385067525,0.728710290622225,0.103143077038605,0.6991053316032,0.128483092816836,0.848201291227629,0.132741984740017,0.832834862632542,0.143810023652973
1.17725816523369,0.134050411423323,0.936723411671938,0.17330981956572,0.225032384277584,0.159785857214856,1,0.0215942937195688,0.293561516774621,0.720541597460602,0.108100777671489,0.609876026529495,0.110678558539463,0.65511905613394,0.102487876332616,0.630611171143914,0.129488473409567,0.706530251736738,0.145708492509342
0.843967894645456,0.139013118547745,0.915991744318537,0.188274970347744,0.477590601408763,0.235422458116161,1,-0.0820783486253309,0.315652690992228,0.570905934487209,0.107097816376251,0.679052620451649,0.107348915573389,0.451403929164507,0.133046881961808,0.693087001508861,0.131884958096447,0.619842737368383,0.160649112575227
1.04532164766128,0.143955601308979,0.940640848314526,0.189581251229669,0.274144028360676,0.203674120307011,1,0.234346278131716,0.287012690966468,0.75856765013706,0.111156172236838,0.71132548663346,0.12179169908984,0.658943561126825,0.114360599695321,0.795799543624773,0.123199563643718,0.668623105926733,0.161418326307391
1.16499869822668,0.135916870386848,0.939195718148511,0.20396296792536,0.540796184401899,0.211701210116271,1,0.320563532501293,0.283617463229869,0.725565957206827,0.113295522075536,0.779503082767781,0.0988399599233176,0.61176329787273,0.122167233838,0.964664885394405,0.132103478398683,0.656967434127579,0.175946981489545
0.978692703507834,0.132711145245994,0.80026055991809,0.167762279956715,0.493629828153356,0.260563708817516,1,0.0666786665970895,0.388051751738901,0.65058738976866,0.122347828401441,0.738512025267798,0.109643150199502,0.781519782759579,0.119167454240415,0.63880595284264,0.129857948204485,0.837263144608951,0.170224243318336
1.2084672566156,0.135749661670887,0.84046235521057,0.181230860843971,-0.00626761271046404,0.159499701706479,1,0.339420929312253,0.244011371373152,0.735377481594924,0.104442674401835,0.548232118542651,0.112753418025653,0.706377541216894,0.114172977205748,0.868615090527535,0.126975100791362,0.644932564764731,0.16275814559016
1.08479318670381,0.126717141685539,0.722975125662009,0.167073034403249,0.557845126008386,0.19521954563365,1,0.0896331213163557,0.277307381609001,0.532248253503646,0.112053756933445,0.751445537553151,0.0908887092047496,0.56193285923283,0.0972752260162493,0.793243334075029,0.143239076201425,0.316866675903761,0.226390412690154
1.26967182677245,0.1502699077124,1.30064198264125,0.28386248973047,0.268781289800842,0.225043567331488,1,0.205774424458192,0.25739797327396,0.923249927452617,0.0900892861238104,0.653640256572226,0.119037261541933,0.700591901680056,0.118052984159443,0.734224622693081,0.174318057651554,0.724321990548976,0.175580010414779
0.992352623617353,0.122389393568365,0.768033043302231,0.170906256552527,0.73120100549196,0.11648931397418,1,0.177385685269895,0.303388875452201,0.666139894731269,0.111028858220812,0.5545081066894,0.10153123821068,0.72575920692608,0.102324406421765,0.440821011412032,0.128060797242415,0.641694668816657,0.176029012982914
1.06660294849498,0.144683635504923,1.11627007716773,0.235849178120205,0.183134980952713,0.275574957432439,1,0.122339575956193,0.305605447101676,0.778648967620781,0.098464535002471,0.663402396198433,0.110771143527555,0.757600913624635,0.147725322275715,0.511133789428891,0.187320080067521,0.724964037070927,0.175981361653751
0.898408278492473,0.126929057148497,0.920041016718519,0.222101832418862,0.419632141017266,0.228357556788822,1,0.272003990072505,0.270170779102329,0.503769529498246,0.115400731187235,0.608767161270824,0.121363603848857,0.543225630607443,0.138861564149368,0.662736440057601,0.13717053612606,0.652209085633563,0.156581548565001
0.824626670956577,0.137691667761118,0.969918934454412,0.200382503469289,0.314022050378188,0.259341847217132,1,-0.369072486003753,0.282429489008388,0.529303147145777,0.125359250264268,0.794188150666621,0.101914840533776,0.821483312660426,0.0968100955128527,0.692913718487722,0.130137743247611,0.677157722508679,0.218187283176899
1.27861875505484,0.162439193042184,1.45833303277515,0.309771795926385,0.179123541499997,0.189812167316777,1,0.221655670601127,0.316344232735445,0.72745900650629,0.105639784022893,0.866732609520853,0.107925587074947,0.78965320808849,0.111963660936385,0.712039339528732,0.142570820466727,0.882306868447387,0.199968134094748
0.983327477378923,0.131063745617695,0.874152633066358,0.184532406944424,0.167449372240914,0.194380358488497,1,0.206501654107464,0.22176204222055,0.524543371707693,0.110024367923822,0.481220495207462,0.120612664804123,0.569305214741708,0.119338097968064,0.702525346760261,0.152490317691902,0.799926936165268,0.128189353815702
1.14223152386261,0.140244696895946,0.986140537224951,0.218490226566427,-0.109535534037147,0.143061089570222,1,0.167454795534167,0.25824465107033,0.570348617774913,0.111213357308002,0.766913310293492,0.105502485645189,0.993080329072123,0.104049784865684,0.777745644833067,0.15389945019153,0.718311902509473,0.18357984821822
0.881405373772611,0.125700697487805,0.724375247770644,0.173527428267121,0.19631768803852,0.200472767301146,1,0.0832009305941596,0.266257671323111,0.553889715805321,0.0900007500113694,0.771334313210233,0.0953999883882416,0.674198671683557,0.163857233073511,0.342535640929946,0.196801116136423,0.46903637822889,0.202582815127962
1.39580254372767,0.177405734635792,1.76983295342777,0.409006539162291,0.113296119558974,0.220156972074232,1,0.488060277062903,0.311004338575791,0.644155216896906,0.131180233252407,0.835614595001241,0.110124160208949,0.855738982247264,0.107909553065902,0.731733143469936,0.167509391580297,0.844052224979753,0.161891719563884
1.07709581138806,0.131605272565712,0.85862850247584,0.189115615546539,0.383422794372432,0.217068782572066,1,-0.139126080923682,0.297450721134812,0.670910320562095,0.111466203785499,0.699977880931029,0.0971212445412027,0.778428836141114,0.109832982907121,0.725103077746501,0.136148932732068,0.543177281639145,0.195933834575331
1.01448108078396,0.137211784919483,0.826422221728576,0.181620226629625,0.148480762463124,0.189331669134363,1,-0.278955719265005,0.305730794545708,0.770148016544056,0.0917999454146687,0.666844621168913,0.0919912487963398,0.849241108455268,0.119467837956337,0.413352359855176,0.179202405614139,0.596597241383589,0.167821825364623
1.01351586763116,0.135357449415053,0.948349636913749,0.198097304615342,0.0883234797047353,0.170114380339137,1,-0.0704299977037409,0.286944666733702,0.762516856930493,0.10424488142167,0.565153631276234,0.118148851072243,0.671278931171091,0.122451579375647,0.854005298240362,0.127533667650919,0.685785454942018,0.145451144855806
1.05371439780704,0.134868068537734,1.17324058158758,0.252978380531934,-0.0666015187322619,0.15310665361952,1,0.014302660026799,0.218285341336414,0.740717655205977,0.107698910050377,0.627970708634673,0.125872600109495,0.782762125520399,0.116975811541721,0.757604543626474,0.142694520732381,0.823250800696124,0.131904021040737
1.12872911735823,0.143516548123099,0.858070768738786,0.188317036649517,0.127065176090477,0.200890105305151,1,0.323839606469536,0.289757554708865,0.738393684333627,0.11125090397244,0.591208527751084,0.114943805369609,0.541437165793573,0.124130401577616,0.755765314757374,0.121191741148525,0.544219618605857,0.15854993036342
1.01457928518647,0.130219550584856,0.752248575168921,0.170791527260613,0.493986801662839,0.233266544332872,1,-0.0758626324982486,0.307640645318638,0.756939109926778,0.0905597601211292,0.738960932247927,0.114031945742991,0.709592183159114,0.10976145412691,0.647168901232544,0.115712882872056,0.858175057346012,0.113188857900612
1.1218742161447,0.148433037922938,1.02827352863461,0.186563412701796,0.212398954544291,0.174483763364846,1,0.505998858573005,0.306084214231483,0.395320517584608,0.132016628587419,0.841251035607338,0.0936657801453007,0.82711644844492,0.113689074926209,0.6407595411144,0.136776887669104,1.14828901963484,0.129752963493195
0.962643744179725,0.14459587293388,1.14713131824438,0.23072269741404,0.0257897491706374,0.146186725653749,1,0.0562437773790886,0.278582818107085,0.698253016785806,0.109613746795443,0.661768128723476,0.118588597525604,0.71621725612602,0.126872274266142,0.724434182968773,0.124518705264592,1.06778329168785,0.143040754445792
1.2914600665833,0.151902144087236,1.35333416608587,0.276792129375785,0.146442170375778,0.206994376438868,1,0.250688309102933,0.251588450469227,0.628939970117326,0.10676958067057,0.728134216502624,0.104357618487081,0.830100267516268,0.11914345251824,0.942899395887884,0.123706406122744,0.811288947955803,0.144338833223175
1.09268714575141,0.118369723829597,0.62947011784761,0.132012861629462,0.443276550605591,0.200802640387874,1,-0.129718266849639,0.324156753259225,0.828448107217298,0.123427426646833,0.670504324381874,0.0985105245486375,0.453464488625732,0.120893239796601,0.823929009631166,0.111403325034427,0.755221661911083,0.142375919037444
1.07384391424759,0.133242748958889,1.00496628788455,0.221348194065701,0.251151631233165,0.225793471292113,1,-0.199712185438347,0.232379223912108,0.696982425099562,0.107711015142868,0.827251165243791,0.0919148172167635,0.512955253204385,0.143302401496628,0.610455644168309,0.139729844932662,0.714989502507266,0.176871063340217
0.765626710104301,0.128111569183364,0.852123665666129,0.194532345091652,0.25184468835235,0.174990435566353,1,-0.239253009950748,0.262138169915104,0.581110852797331,0.0986292856918125,0.620420602820448,0.103770913767077,0.615107164887848,0.116177409700942,0.664793673423311,0.147207841844139,0.632520540086567,0.194451282475774
1.06560196407746,0.134655122945354,0.950569958681899,0.198934743107783,0.0715886646135322,0.187426328689358,1,-0.12802354698147,0.267953975439515,0.885081630570415,0.105459013709979,0.753340005976811,0.0982116858360698,0.504838120883622,0.131182920956646,0.502374173803052,0.152117694449989,0.775790550964574,0.145834606188237
1.19194133209289,0.160288024603975,1.40633385459334,0.272788631962932,-0.0103620660878392,0.16141657122667,1,0.0920152775228907,0.278592152468697,0.793550705156032,0.106556089582371,0.768832832201852,0.122688457304328,0.834033056350354,0.105557346666307,0.788441126501199,0.115931663835991,1.10779164330185,0.141849931597137
0.940425764669499,0.122158771377128,0.757703244257147,0.170934457287338,0.245692236207252,0.227186567683316,1,0.128885823129358,0.273411883829642,0.631510174156564,0.109427726764863,0.701109227300998,0.102763573227968,0.59344597393166,0.126925676220273,0.789931151464095,0.141602548976261,0.827820020995425,0.173443466992842
1.02427610768262,0.138298958293085,0.878442115367378,0.174362143570004,0.161926172405521,0.211877417883764,1,0.108086179461694,0.298191609085972,0.52884597994013,0.121173630168128,0.728854278551657,0.106388824530947,0.789293680236539,0.104245941267473,0.486437405206541,0.130480952032772,0.627449956671697,0.150534437253994
1.07378564974125,0.129451097820959,0.919393798958641,0.197711076989161,0.186931781116973,0.168837817602438,1,-0.0761470392365717,0.250975714397893,0.703268478235774,0.111179232664788,0.72055801172591,0.109376824665888,0.793556373936252,0.107199895324229,0.756014914126303,0.124908343360561,0.613006389568859,0.153637387378832
1.06108119302075,0.142510898207313,1.18349748858579,0.249457302966815,0.392124790588382,0.235569879143383,1,-0.0037708718600873,0.231072073070344,0.702399928474144,0.0977863774918711,0.729854677027625,0.104748638978312,0.878689590695427,0.120641319939269,0.63998807220408,0.162132268135511,0.982290913383503,0.161685685038867
1.14992949406292,0.16667213283341,1.45242962024102,0.287803794998917,0.131438268607785,0.203120101700154,1,-0.788477900916488,0.334050061257724,0.933214084722723,0.0981826108710227,0.741300048908176,0.119512583100818,0.841710847379072,0.122165863453521,0.828849171288323,0.13763870387044,0.723157977239121,0.154785125489592
1.31533247948446,0.135775703875778,0.899559702337531,0.186312545936945,0.184640951826922,0.230690228565607,1,0.242544899159779,0.245632702201182,0.701047464265035,0.117077017354459,0.676364311873239,0.103775969132442,0.730313304413014,0.108166190462868,0.718873814801973,0.118421562811641,0.796269229939093,0.160042804570182
1.05663618236563,0.135863418530623,1.03464039661413,0.206806935774057,0.206044693545303,0.172671378351464,1,0.122763124109932,0.263906982307487,0.785621461079348,0.0947525984539511,0.771821945695674,0.106905745694541,0.474723434730015,0.126329060526076,0.430934466220175,0.161375785323663,0.588366551870656,0.160022863909649
0.904118224205112,0.132404234329253,0.853204639830491,0.188742695448129,0.399180174341282,0.230139623694655,1,0.372935153405107,0.278367250996588,0.66592965123498,0.0999580614043632,0.726368060423153,0.107317840055101,0.508902790774825,0.136052155224017,0.558250034661485,0.186440740569109,0.712443020143278,0.197458568804834
1.17968957848679,0.133983308769359,0.881835246800564,0.206139430625643,0.576493949637606,0.231358611167099,1,0.817561150192725,0.288968698268473,0.718853115179487,0.102859833655161,0.717844675043096,0.0956424279793355,0.646264189531302,0.128189948558557,0.625624548312671,0.178727454260818,0.821924039034214,0.173997167428725
0.894129615647178,0.128087514171621,1.00096857364451,0.205491834243245,0.0574065573319328,0.2080237136977,1,-0.231390327200878,0.250176957077029,0.721918543854983,0.105312298483091,0.76647907301013,0.112892641282437,0.889335082614609,0.10337908070566,0.481495896216469,0.182544009785748,0.744676121617471,0.14133060057222
1.17797433724388,0.131237971022189,0.978029596664033,0.215758224694843,0.472302767947512,0.21295894529238,1,0.0351846842931645,0.276457239832238,0.706417349105002,0.0968700941005016,0.638838871696027,0.12060892584511,0.922680571997119,0.103574907127804,0.70372028361854,0.160968854180915,0.700666691832659,0.132716202651845
0.910176676706628,0.130600756606622,0.971057665793719,0.213040776799895,0.522011023037897,0.201880294268852,1,0.156404969355595,0.247404574087278,0.650570408323491,0.101608112112877,0.663347858845411,0.0952538433894851,0.804351837145494,0.110571483618961,0.532105906421366,0.154376378362398,0.973605967973023,0.15689952101127
0.914688552223883,0.123434671176509,0.751488823551284,0.168398706199035,0.556173125662096,0.195913883988321,1,0.00631096445353136,0.274619031985744,0.73457234077546,0.0918231162950129,0.624277331959752,0.102139508751451,0.552588083752278,0.14220322176959,0.466036256275314,0.154045663381078,0.49094535493757,0.162700567604956
0.966010271393355,0.13703214142481,1.19191716440947,0.243967818744671,0.477750150927961,0.174261406361413,1,0.0148658323843375,0.239414542878066,0.673774976047685,0.0908468502152538,0.755148127126067,0.0878613116317225,0.610990681250516,0.123649417883545,0.721477359220369,0.137848811021315,0.634196465204404,0.217325243536163
1.17813487889958,0.13560397444739,0.994884933060974,0.226057570410921,0.574913661344592,0.193400198904395,1,0.0637956027431231,0.27199633999507,0.857341369348961,0.104591815663233,0.779362675625085,0.0998008943732207,0.565134838887229,0.118159650617863,0.46348280968695,0.165839971781598,0.867690812515932,0.168606893307468
1.05942323234872,0.142265924701018,1.07972722269614,0.233468801052186,0.278664248173975,0.166590159904694,1,0.141080907125574,0.278982217447548,0.700162920784839,0.0986959722739763,0.762860356952909,0.0832057035357079,0.669371133422128,0.156162251151769,0.559504358356025,0.160472722031184,0.866948178716228,0.155679289631655
1.06246984808709,0.161924236283902,1.59260598411775,0.356533523402718,0.34414171211555,0.217923930284294,1,-0.534938776010166,0.261681149788245,0.85129232878239,0.0962492901205809,0.813416137690892,0.116422192137705,0.722487127248107,0.123533911706805,0.897880314718301,0.128154470211288,0.591970418996659,0.207480101794309
1.06849238087914,0.145021218082541,1.14307669791953,0.26613133176391,0.246081017967107,0.210318906822394,1,0.432005948340534,0.282214737494983,0.642498376795359,0.0935749855086639,0.79508625855246,0.11488130349241,0.565319796576265,0.160350501418947,0.604406390740684,0.163563778730957,0.38631247870823,0.225952015846835
1.2156475694536,0.149004382152989,0.98224508807467,0.230522171651726,0.412256965447623,0.273409700630009,1,0.481219546128224,0.268215744124319,0.753181030920973,0.104391811548775,0.727418219509513,0.11739265476882,0.897272249003671,0.119070090641158,0.547613756482689,0.179254107013556,0.921593865034844,0.129779509500922
1.27788521827405,0.19234738702617,1.70254830867739,0.416680364060383,0.0412273104982342,0.256935822261036,1,-0.152024077235946,0.300799924194922,0.791057608718147,0.141247813979846,0.773862737855358,0.134062450103508,0.886287348936261,0.112228879710551,0.821825175452492,0.175870939086501,0.892942602154954,0.185531626887899
1.03349337617564,0.140106205211192,1.00688351025998,0.212028396928879,0.413930050138694,0.258577357726118,1,-0.4017841233511,0.29202077165019,0.82316526666738,0.103217611934651,0.723001277995013,0.102233084793471,0.700568424338447,0.116207853334719,0.594619980545247,0.147584662012993,0.632729308305731,0.175921702893238
1.1490421916461,0.144950488316496,0.988165822543281,0.201692823789692,0.0162364574811282,0.19640165097864,1,0.222774815248881,0.293789102103563,0.567596003576536,0.118047621987035,0.794100130186362,0.0933175405679008,0.608962288545134,0.119443411370262,0.819137533188903,0.132629149304673,0.919421057553023,0.150466557201527
1.32375556657288,0.160261057908482,1.3995805161576,0.324344256641882,0.390493275301145,0.202019419194822,1,0.62234223396204,0.270517274497427,0.838444919243011,0.098056573143152,0.706280236508308,0.127899150485999,0.806393363075069,0.140808366143213,0.80585356623359,0.13740061442887,0.819635579550791,0.187320186200831
1.08855081757157,0.113383691045893,0.721523654655686,0.159804917062022,0.542273925240973,0.165938422667905,1,0.405159116035694,0.246877171702461,0.620705344116865,0.108318910558951,0.625352485064786,0.100542328628404,0.647882875764786,0.12198324245242,0.410746359825534,0.187999967464356,0.624210942059567,0.177395221813921
1.189953316873,0.122053154213493,0.775057678263166,0.164097878325557,0.156413220243524,0.192856133106746,1,0.0158095440666158,0.25813304272225,0.843690543322121,0.0897843190155388,0.725148812563355,0.099084471919175,0.743350769569008,0.11586700368303,0.837389122561666,0.12083735298837,0.978850038300332,0.22131595586843
1.0151267825528,0.150010002488072,1.26232698111196,0.271145280777853,0.32872746726276,0.230489970256944,1,0.148807470822308,0.26397269886497,0.797584930561487,0.101786668270864,0.611462447200536,0.0987900125445611,0.854217504600461,0.119783134889694,0.788910271629394,0.175443442598129,0.650758938107177,0.237764404645521
1.11441017089992,0.139389238621722,0.943593068986108,0.201484180108154,0.185381359675051,0.216672590408342,1,0.0898348687013278,0.274536642400192,0.567455633673062,0.110781251119091,0.737806420046402,0.105048915404883,0.658785265314909,0.11968761036203,0.550857323577753,0.158285918518242,0.828522535133946,0.149168541980898
1.08714595002298,0.14255697511804,0.920658426677714,0.216105094369824,0.431200738497311,0.242574487348408,1,-0.0906025582535052,0.312532047351212,0.822032397576504,0.100443546181213,0.561399492867411,0.104705464875084,0.796635274222533,0.142920544141794,0.629139094332168,0.206151389433113,0.54682522688299,0.2064997959632
0.875481603291127,0.148097254185866,1.22198261094235,0.266866608407379,0.142248803360484,0.223713171608694,1,-0.422396274869443,0.342314533396524,0.716357826512709,0.109106821798316,0.754919308954264,0.106889731406043,0.76157058901889,0.124440882824534,0.773979782611925,0.147972136608124,0.721255973119003,0.174261416664954
0.991937879809091,0.130207060199243,0.971273849052354,0.205807783147298,-0.108587723493658,0.169910870890716,1,-0.535765148179753,0.22691108385352,0.882890331683731,0.0893762635071564,0.858473442553776,0.106802842509012,0.677192234886707,0.123312625667542,0.744504617153742,0.157430711454807,0.524303549061254,0.210469130643807
1.0702780443834,0.13335075484133,0.917564135432212,0.190240444241547,0.292862484612522,0.2358903117329,1,0.0776223691425183,0.272054506381193,0.844352191143459,0.0935200107605027,0.631014512508869,0.0976444917354042,0.769943552925768,0.124829242682721,0.555627074450331,0.180242092199715,0.316385955388985,0.210552177375717
1.19096213431877,0.150125756110222,1.06407909434569,0.23570247776166,0.237712951112683,0.227981790906674,1,0.00552453888928947,0.290487936276834,0.778778668751026,0.110294445587176,0.792676264218342,0.114468469118209,0.691047877731419,0.129041641686712,0.861386612080252,0.137604871663814,0.608258017523652,0.166686923357863
1.3044901142185,0.168803430812249,1.25805052537245,0.27391335044621,0.183626733614675,0.185746515331955,1,0.0478264564118095,0.312162208846094,0.813142496092009,0.114564951975996,0.828492837380321,0.111721318107697,0.530112240118799,0.141107435050881,0.903670004048275,0.124658536949948,0.93528729177704,0.123794525169894
0.963816276715171,0.147477966483849,1.06029435970476,0.237383593693742,0.0623593028675302,0.163973034355603,1,0.0615409309592095,0.286943555379409,0.578286950948746,0.11635746682485,0.722608210335215,0.114715670346877,0.653895483713084,0.114934119028966,0.781555386670893,0.117770091288393,0.613019839613926,0.217263475285885
0.815364444826843,0.148646146104347,1.24167123465495,0.264208553093355,-0.127103886678757,0.156122335927914,1,-0.334589888800102,0.237904670016377,0.812064288793419,0.0943388154121057,0.633398244659753,0.107243159436799,0.64414943781156,0.130717941054733,0.85605265722765,0.162450811716694,0.931562928912939,0.170180854481407
0.985261749615384,0.146889220144044,1.13349354058188,0.249694786774224,0.32968391432889,0.245956732780694,1,-0.0625484938824709,0.308474740373514,0.774512656301118,0.104352631547887,0.840415307537656,0.109729470126549,0.774957764296316,0.118926961776511,0.694638312235228,0.139968697212194,0.79731272562785,0.137368418011772
0.990067662384865,0.156621592613764,1.63446783086189,0.378029676757516,0.314837442156807,0.234744039850618,1,-0.325225226940256,0.289184395065796,0.632109093397065,0.135077963739433,0.840992395944242,0.0972019028986561,0.68567995627832,0.138344414542923,0.513310634476242,0.155673334775367,0.833001600865071,0.163237511755383
1.06725168360687,0.14798364779572,1.13063656916761,0.253627813046599,0.0848097732196914,0.21669601822547,1,-0.0616264723354929,0.269825097714323,0.649604221339705,0.112502625342136,0.830156165313112,0.11161459219803,0.694030560097007,0.118467311148237,0.677871129402511,0.15231815879142,0.393542761659809,0.20831130934914
0.890485605162607,0.116134166233649,0.773316814145706,0.171436693653003,0.428722650894655,0.21527384619036,1,0.210651027284926,0.24198376389021,0.759517316680462,0.0862908890040304,0.673326800852985,0.111686515756917,0.393329247536858,0.143323393838387,0.722092334009472,0.174659906646626,0.284663675665897,0.217968311502392
1.20335482992929,0.162164981795079,1.44065166201314,0.325365846334632,0.615340868985776,0.253823880097975,1,0.460458906026108,0.340799880725047,0.817441050281441,0.104903020977937,0.773217820915981,0.123486741253152,0.779810468569662,0.108963618309472,0.670503474280612,0.121386147894961,0.881624933092063,0.146305202811292
1.08299804767931,0.136030039565696,0.947996787717403,0.206722828695517,0.400845837386703,0.258395672297584,1,-0.126613959464277,0.284270233793419,0.590309448029868,0.107991575690818,0.783939588673528,0.107402469259959,0.844636706728868,0.103104184677038,0.836970861364695,0.121480978490337,0.587630872144765,0.159376852715618
1.2125151758966,0.162730530448579,1.3985010329034,0.274270127220675,-0.0484851590068679,0.196350113106205,1,0.0310476527020121,0.289014567228022,0.930045563222264,0.0965120992099255,0.749114435892758,0.101424125465004,0.76899600358606,0.12736527336631,0.840314575505987,0.134998332007686,0.674005650206948,0.15719103772791
0.923210946040852,0.117219229841551,0.672472459149993,0.135372380263828,0.146073197029216,0.182777326387087,1,-0.316920744540556,0.28416259587569,0.790931548310559,0.101523692847568,0.528308935365214,0.120175500582983,0.710672851525964,0.0998360874783428,0.726535714881032,0.124598662230274,0.727446025620214,0.184892606780234
1.08211798106792,0.153727435308604,1.0411438989376,0.225227402787574,-0.107138428509882,0.175594940620931,1,-0.0309418995947825,0.310668455074783,0.755569961914557,0.107172248437824,0.823997536369206,0.101916788484646,0.860531481485005,0.12131121030591,0.532925366747861,0.136861455444408,0.762275495437043,0.154940268036051
1.07302848438579,0.134793542236644,0.906289595722095,0.196598429217883,0.424063062897744,0.208298794505509,1,0.256860579386218,0.266556532833004,0.69415629288674,0.0949640248340167,0.773205526893159,0.110422095874648,0.609368671667669,0.11565667731721,0.601411306980729,0.158026641929633,0.774247499897052,0.129268909052071
1.03136184877979,0.127831629737226,0.612368413831423,0.148672118614871,0.641110813121746,0.123118857439957,1,0.048150111530575,0.272003614775333,0.801914821851232,0.0800129525201161,0.779440471951759,0.10161824784967,0.37123756729739,0.137579596098839,0.684065100761278,0.142327989452693,0.356285396708375,0.191447371131393
1.0249591683861,0.135003800428383,1.01467386847227,0.22472205167255,-0.0275690213207436,0.169328036647936,1,0.429539804371732,0.257722051387694,0.687386203227991,0.0955971099789564,0.469071702132955,0.136233918418764,0.696578527396183,0.1643632302105,0.677241732481789,0.165388737280392,0.993906582649522,0.124817231438417
0.954503351351849,0.13275441135311,0.876955065203665,0.18734300745257,0.39394804837303,0.253882803386977,1,0.239305351940727,0.303656911468223,0.60792304966646,0.116868795152716,0.849953115703712,0.11858276848778,0.523759076844828,0.12991809676751,0.812094857253415,0.116687879277217,0.968562441599525,0.147128998845025
0.983538894795493,0.157226564402922,1.34755281399354,0.308617355913644,0.483501852250331,0.29759904952074,1,0.178956593484973,0.295932572800001,0.767393004211426,0.106214462042621,0.721819677856438,0.102664061208497,0.798331745321843,0.12903780704714,0.720088657683233,0.162732204972721,0.451485909971643,0.24727901959004
1.17065144629213,0.148991731644627,1.30581038075109,0.28657292695605,0.106682515805425,0.241694838688266,1,0.195384826887448,0.265979051904577,0.725947999309076,0.109535534616142,0.63250367029873,0.125902852812553,0.903820392724443,0.0891891117351057,0.836528967338851,0.139026563280011,0.676261948531986,0.190669764651094
1.09632496350665,0.145515673690034,1.14503847971933,0.228890684328087,0.268826245615687,0.171500464117247,1,0.0956254204009654,0.260891247868674,0.498461716337117,0.126385650767364,0.72948591033777,0.0964712222292678,0.717284341244983,0.125454495780511,0.469843309224702,0.150588092264745,0.948458142050238,0.118698391573883
1.214470444949,0.13326469140154,0.931131164123154,0.169345903799526,0.272453111361421,0.205333960481182,1,-0.0450453368125965,0.314227586344297,0.857140526833671,0.0976933918103487,0.666308909991909,0.109751629685842,0.764318228738548,0.121696891448018,0.742237568029972,0.125719761180575,0.668423890493238,0.155500373028057
1.15509642633241,0.148746172352344,0.986691210200939,0.194712524569323,0.155648053818659,0.206144479437783,1,0.297086668321606,0.281502616111914,0.611182353721917,0.0981569653981768,0.860774250330079,0.110742238250447,0.677335786758202,0.133034554368324,0.81930230877561,0.107494205204696,0.825513626578239,0.187180136722307
1.1699968916813,0.154814318733437,1.3195104788046,0.30328837439585,0.123605554484381,0.194298566927837,1,0.563934658098921,0.311685758944164,0.756812099256519,0.093793545956807,0.558691893259737,0.117147183709903,0.686067625255046,0.153290022195045,0.88244036799435,0.141752972488815,0.748459392033994,0.164075340126979
0.842612608293467,0.143430794094825,1.15554703337551,0.246042244035636,0.343872720114123,0.253563190640312,1,-0.234709952890768,0.290920105587857,0.681117296511412,0.102702170735107,0.737660241077604,0.0949431230583565,0.589576792380405,0.138753200012539,0.677815229428056,0.170526655902789,0.505788892164192,0.17003719057892
0.853418354289983,0.121313559422338,0.875711243729327,0.197069025416878,0.527318063582452,0.178773281763129,1,0.116844179654523,0.269294432853232,0.570042163010345,0.102734561689301,0.682320053901901,0.100268238992312,0.541626305792105,0.106562671535759,0.606457207291925,0.130640334797611,0.671207136879398,0.215731974786607
1.07821133069368,0.123491787225475,0.718166660843064,0.158386993260101,0.283414453532452,0.249023083265535,1,-0.217794785193955,0.267729856829452,0.708786755008246,0.0948053303563237,0.718739114530546,0.109278789935325,0.77039326317504,0.12444931547251,0.690538175537458,0.127551824267927,0.386163502874911,0.205477281773222
0.797929505978785,0.123591241003478,0.899479426349287,0.202247431905395,0.53927258805267,0.161657705638112,1,-0.45041781092386,0.269783488951694,0.777408677222239,0.0878680159991216,0.622471242637613,0.1120307269628,0.727000831396039,0.136010290512731,0.750826463808824,0.12998185563204,0.448674881387378,0.227958084072207
1.13509395334236,0.135766179755706,0.913876001220794,0.169657145219976,0.196049124321049,0.186777783277184,1,0.0394245521897375,0.355183784177899,0.604292765077552,0.137315847019172,0.741761317332152,0.0965406184118016,0.643068170569937,0.134060296326208,0.489102041886825,0.140499436845544,0.887877488275748,0.106117324680133
0.854612173530432,0.143130887131836,0.984300411635571,0.192115684313949,0.211802223110733,0.189319181861968,1,-0.368479412282822,0.362926323540991,0.720795717443884,0.111932802528446,0.721374231986126,0.0936199290478935,0.516148560731763,0.122581959498326,0.606742591584165,0.150872106752779,1.01055735839765,0.159528836831965
0.90132635923953,0.159189234226225,1.28131335280335,0.271815776905739,0.0615700394330122,0.165096609263831,1,-0.0733279848792612,0.305261438195451,0.70708426819472,0.122861056220986,0.858180601758228,0.106420894057517,0.793908755236097,0.10542039018752,0.868772648881603,0.15192767532507,0.938420469580006,0.176720889935387
0.928851474084035,0.123052591930744,0.74502775931089,0.178283240156675,0.653103050683037,0.125956033067883,1,0.190019007897807,0.275541990568932,0.560283270168032,0.114100927573625,0.572593543670517,0.102466044557785,0.783658003996646,0.129020612288563,0.514632343218087,0.158735418429892,0.43039100525293,0.184807212776452
0.96131528788296,0.124041185481492,0.80818947923711,0.183587876756737,0.591509726600968,0.17886492166665,1,0.0547317231631993,0.257205150662951,0.631869328351827,0.105037899441124,0.65142150191246,0.104684172201126,0.774552379464854,0.126093880902137,0.583078588352334,0.164224712618212,0.51182585138115,0.15765132362336
0.959453899577071,0.16053754001092,1.33335473937852,0.274298536730595,0.119175616347527,0.206741957896325,1,-0.169578098393553,0.341873073024271,0.842553972761634,0.102804664333523,0.710862638641073,0.104552839802362,0.886150191182557,0.135493716610874,0.579154236006312,0.165324692374617,0.731604508967771,0.175545413717778
0.813562236679083,0.130941222753474,0.967799374522592,0.23416203941153,0.218308209754185,0.16086536435328,1,-0.246050692462318,0.259158530860083,0.851951081137503,0.0893439531963513,0.559051686863692,0.116056135551045,0.692292253168039,0.145479390473592,0.421110504188195,0.216198021519342,0.648878564829886,0.181084547323694
1.09489713302249,0.140760134314718,0.933867221526755,0.205145782174376,0.299130376726837,0.163229933724542,1,0.397310678160643,0.288914245348678,0.594454730258208,0.122451474111895,0.762629433244222,0.107751608866927,0.683531762179932,0.132870092910876,0.813117356927686,0.120880697655413,0.730309880526663,0.140246457734953
1.05140690903435,0.136606157534737,1.16806868533934,0.253787229162869,0.232890070020225,0.192796765109065,1,-0.228691808132843,0.326344390875039,0.626732293128667,0.113641984616807,0.862970670088261,0.0995109102605164,0.75211216007932,0.135615096102534,0.397849362297421,0.161935014266367,0.922066463436688,0.136711271243968
0.993803039226273,0.144471338736207,1.10542908038846,0.26970508523758,0.570811911959593,0.175461888047117,1,0.0569823499708123,0.266981712406009,0.633756163356065,0.0966903128844215,0.520468737440589,0.112472432313739,0.577721152522865,0.139725298757618,0.713195597055716,0.120068849126477,0.526390701465027,0.16001204826377
1.21103267647546,0.148544259876449,1.16369048816141,0.267993338365448,0.153088934976772,0.175618769537531,1,-0.0789440612793463,0.299007263645539,0.784218106668334,0.117489350684854,0.5105172601968,0.130457748700129,0.745783594610353,0.112202145479715,0.744216261334999,0.123160313335408,0.539374453215211,0.170631365641524
0.918882417174933,0.148799001442207,1.05853767600381,0.228437096538463,0.328967672064762,0.266596895564086,1,-0.0645368434259028,0.290996318615974,0.644323885258669,0.10004916694436,0.639957743535603,0.11695554324819,0.900634067566037,0.120653472035412,0.64839864792116,0.161079322206929,0.676027282416136,0.187261768950461
1.05159660294148,0.147139676541929,0.896362205805101,0.220636774827872,0.807571642259117,0.104354052969287,1,-0.00223210228344896,0.397818069298515,0.590815035417189,0.130570305928073,0.817902607677648,0.0902326212489806,0.555789734183914,0.116715099582173,0.73973876035806,0.136844171350589,0.581190651554058,0.190761446795908
0.979104706486408,0.140435798504746,0.9626817793136,0.204764783579249,0.119595378358061,0.181456563186825,1,0.121887608918268,0.325946631650305,0.862262946196239,0.112087054923745,0.691049166664542,0.104202846988323,0.83520570370523,0.134785245432497,0.987921471610116,0.121746244096235,0.782597616559524,0.189419578765985
1.0281058795554,0.126171593024607,0.686859846784403,0.154752510233038,0.322762672320952,0.250013385273865,1,0.0617015033543401,0.295534908178041,0.772954956600991,0.109082305201147,0.597217769398728,0.126377971554696,0.729748175574563,0.122437361543579,0.636486007170276,0.125892077503241,0.396799236330488,0.161109366000597
1.10244817413589,0.137184819465462,0.89817579061846,0.186475535846761,0.168482852615842,0.193632967143205,1,0.0871522048639016,0.309463081792823,0.723834339447485,0.0934924600560203,0.727884221952624,0.117757001763634,0.538827326555276,0.132795340040098,0.675991884574138,0.1469529853746,0.757973311326617,0.156136234135569
1.0656525457651,0.139729533949566,0.84286182939622,0.194391614854172,0.269242850559604,0.275099975354876,1,-0.120639191011395,0.287775919902502,0.727278910011932,0.105894481602154,0.706539596320087,0.110707350895388,0.758765831391296,0.128913209740755,0.770028698579131,0.124203025225125,0.632420395575711,0.169944806898508
0.795387400770935,0.121924850291715,0.878657733113916,0.185542628556557,0.313251543245345,0.164707097936004,1,-0.560534348896087,0.257672680523979,0.863620508022092,0.0840231659448163,0.865368962409798,0.098762491048437,0.567701985553593,0.157866051575727,0.42363169594914,0.158126960693413,0.786100822924694,0.156699876191552
0.969868803992995,0.147490667570102,1.29312946822733,0.314789588470524,0.363772850746128,0.245912808749297,1,-0.0325464348906012,0.301637998269022,0.709028226049355,0.115149965494076,0.59262006076687,0.142461378218205,0.850632043696298,0.116803174990569,0.648096205148974,0.136066533267087,0.539281839607204,0.163934755232409
0.895527867184095,0.128285899044056,0.795550809500447,0.18561872456706,0.615673812919989,0.176833525534029,1,0.45189169178744,0.316899910758397,0.63420352048357,0.115604612449377,0.638474597590908,0.111878767124719,0.727490544010801,0.107317899267181,0.589794612733493,0.134450608201496,0.654844094955706,0.174064841354016
0.871065927871587,0.128257796281398,0.903497931178746,0.201462381533397,0.483331887718985,0.237284682269251,1,0.290598167594946,0.266381055344906,0.577710736023823,0.104347407136493,0.89717124762294,0.107898684189824,0.500462404037847,0.131314042786834,0.724425102203315,0.16189986500103,0.551342026137007,0.180794229104548
1.06383863432475,0.139028592127339,0.855452454245867,0.188162425927744,0.637569739230279,0.174992198603996,1,-0.0972678601108477,0.338076872878832,0.723564885494874,0.102821847444733,0.695070086526043,0.107956548330488,0.717492427668428,0.115968572986825,0.603261085230127,0.143495772023908,0.90823183994325,0.118393990992031
0.950380843829627,0.142361632967167,1.08532187320984,0.235110650756343,0.32797620432906,0.213220851382058,1,-0.418485301937132,0.312364485047848,0.791920585870421,0.100610099128832,0.821068778000931,0.0942248769105421,0.589311471760953,0.148156628737894,0.530506947701161,0.142789536211131,0.647182894517095,0.168056713037447
0.922524189763822,0.13419441504537,1.10222736581982,0.253383810609278,0.394361496166048,0.21383304231397,1,0.126542270194049,0.292488576109659,0.655538185410327,0.118213794771865,0.724612326588319,0.113510393363893,0.596938799559851,0.126501473458291,0.850971203526284,0.133577204496419,0.553653291509129,0.188484608972416
0.885477199869164,0.124692405751215,0.968375280554233,0.210598735128479,0.336193344683351,0.216777645124921,1,-0.175535574375563,0.246755884786805,0.580350596399479,0.106714931650603,0.770253191242378,0.0948934710719514,0.734126950353763,0.107188829323105,0.479360660299779,0.184359023320371,0.488832008505251,0.207737295778259
1.31695064881484,0.151725902379746,1.08773175292535,0.222257027546874,0.144378480115291,0.14052929814541,1,0.0402656588880011,0.24157899403239,0.850860478911214,0.108868700712916,0.759592793912245,0.100648726119945,0.732583360849852,0.105582611398411,0.72432693121086,0.135259298569334,0.677524546395315,0.16209286121
1.12312054572581,0.146413921342825,1.01365926697064,0.206872471071713,0.144134760266081,0.19609913309665,1,-0.206453294565828,0.274404714124057,0.761484281232111,0.102212149599646,0.69311458338807,0.105375558876247,0.851118166401735,0.124276129364839,0.678271050415691,0.131721795406591,0.879109110985746,0.125784788916872
0.907869932707449,0.124148478978567,0.64183463841849,0.147129007689137,0.597668079581981,0.178225460003944,1,-0.13478652651464,0.30885851791622,0.808881386085099,0.0972006643353464,0.647622352293638,0.107750700848501,0.35886470095734,0.134276305266433,0.417001527149347,0.15603766257958,0.824819207523475,0.13368699612452
0.898457948997628,0.130798816811231,1.11245846914254,0.246563852426938,0.413338543837477,0.220030889185873,1,-0.173616935599172,0.219492303614046,0.688159566595266,0.0988526326512639,0.722954689079894,0.100087926562779,0.620338466095132,0.11077860273884,0.448943371708086,0.202136009937281,0.839387196505453,0.218502880700826
1.05333473595716,0.15292384545354,1.02901135866612,0.211814273611611,0.188594186529922,0.174135964691172,1,-0.466154177393597,0.345977842203081,0.860183204897656,0.104459109332149,0.795324351832571,0.103730556488576,0.829369089957146,0.107709116901754,0.703561747330627,0.161163512659608,0.64882913811277,0.195867414829114
0.76710655336036,0.142191357096854,1.20705904733484,0.282755845811675,0.190004205701759,0.22750685125618,1,-0.10748937169565,0.286744563134354,0.623565432414143,0.115386171484531,0.565357097458147,0.129417121608771,0.79694254699112,0.1004565027952,0.894404481466697,0.148071853184851,0.419300710630227,0.26815690708115
1.17976873793445,0.175958165833546,1.91982460785066,0.44341171413471,0.395815928826211,0.306413891797036,1,0.561144906654762,0.282741093547625,0.867450485056709,0.116866163162701,0.775278927308278,0.141120100124842,0.891727677630299,0.119440633129374,0.86693779496501,0.118970423939479,0.887563996590392,0.185847159924797
1.1623424239143,0.140797177658668,0.731782730997125,0.151134914008882,0.18217078857838,0.194773207555288,1,0.665042887801625,0.316963563831651,0.540596034886283,0.119631335926215,0.84883704588174,0.101593709237183,0.656465825483982,0.116445187232984,0.729823808802559,0.145176344912149,0.689338459641728,0.149751279692226
1.04374390814724,0.141525579153062,0.91382351709202,0.216198950087825,0.137945837994882,0.222807412326051,1,0.042397631468186,0.28851623164262,0.699355680693716,0.101221365200117,0.726236588081897,0.110867853966276,0.782104664120657,0.135156912685239,0.507902234793974,0.164264450809702,0.851561091087535,0.195006037426691
0.777221633114707,0.142494748507019,1.06424201480054,0.220252193467064,0.248719124578416,0.202870001649975,1,-0.490294014450747,0.339824377321599,0.810795462175397,0.0876269389198489,0.720018460539493,0.102310532763019,0.837055873561961,0.113651591600359,0.709054027780503,0.166058686197412,0.716883762698242,0.21481941461046
0.912415450687981,0.129809571544735,0.91475849376795,0.19281204498729,0.210713156685118,0.182377187971938,1,0.301563554854108,0.248180426532974,0.613882529833833,0.0865391065738736,0.620955187403972,0.103328444967343,0.770413335791909,0.135183671421965,0.389316961421728,0.162725737404718,0.929576722181514,0.155322125954953
0.915852010514454,0.13986541913344,1.01701123303894,0.231696989003139,0.743480478379443,0.138390919300221,1,-0.177167693860254,0.322687774002719,0.790034546668844,0.092315099916867,0.749618290321059,0.0972186878156969,0.750448882817883,0.120248486506884,0.688880053900543,0.163774897688794,0.637252794128063,0.182549691418026
0.840885645293649,0.137506658356858,1.11907927455539,0.260313007167149,0.416777622442859,0.225432741050232,1,-0.507753856037716,0.284539645214951,0.857876451888306,0.109795881240528,0.611098155849992,0.110420882190545,0.63767492314297,0.150339297404753,0.741592473967436,0.127402660688337,0.506303466306086,0.16400163323034
0.959066571401069,0.129981917839879,0.913599810074107,0.228504137042901,0.785835733874103,0.102268258953141,1,0.393953467946731,0.336064085685126,0.584270525411204,0.10239805549455,0.792911327855087,0.110125014647958,0.624558388558743,0.128448424035165,0.757170471557647,0.111101058441602,0.668784073795889,0.194991684904929
1.12193037138023,0.133697639859432,0.765203915998781,0.15492005293062,0.1702744845338,0.200569393686518,1,-0.105668749399285,0.306489080476293,0.743168620659229,0.0990571665259562,0.677908309684631,0.0987483656652684,0.947374396614607,0.0959850003355938,0.574391009595758,0.172357733668052,0.432918861731105,0.203672160674502
1.04708862046975,0.131504884692788,0.646296298107741,0.154736933975285,0.608101769797482,0.220672235055869,1,0.265464479488095,0.330252635649141,0.611409036258959,0.109673801211652,0.704109228785745,0.0889359733173732,0.642887050696379,0.100565640917595,0.646434801780381,0.139065515999049,0.648200679522936,0.163029676567916
0.984371281097195,0.126237119805302,0.69060013568806,0.186673265218656,0.721012719419592,0.130781396660646,1,0.273109208088087,0.316718136727264,0.689091136822803,0.087062505673583,0.702281257033653,0.105952201818035,0.611398403338144,0.144614437526053,0.534484233874152,0.15889294310493,0.751588283766171,0.182698766081407
1.02168140515564,0.148837485580145,1.10254798966777,0.234971469931219,0.205052837831455,0.196366827733742,1,-0.323992379477137,0.339568170166005,0.719763172756232,0.101343094567519,0.669669187920942,0.126075878393834,0.569154221288975,0.121819049925712,0.78907838353732,0.121054811760628,0.857812010470517,0.142449171351515
1.16729445318239,0.140047447847792,0.98246963231269,0.227100215318155,0.253333832904784,0.253288453407817,1,0.233336549407772,0.264386993019515,0.718598213422873,0.110148611416666,0.843802173028008,0.102336665590332,0.741475509656074,0.13081180796111,0.702814798525053,0.152709973773944,0.686123980319108,0.138309936948057
0.964703359258295,0.135527408677088,0.879939177752698,0.194709814817456,0.186033457359835,0.221244116911673,1,-0.246350814677502,0.295432717132358,0.733935759961899,0.110551045173368,0.694329563343618,0.107042582015642,0.533656247990962,0.114990675539318,0.847720997896187,0.114898134038164,0.4178346074859,0.235613445413292
1.07548804198535,0.140486706087138,0.988419371119789,0.217324623634567,0.545825281343594,0.185095608952069,1,-0.0559064700824849,0.295582986637062,0.755519781714035,0.101936302796809,0.679558289208244,0.103724369162839,0.570402513443661,0.12287395265047,0.598090920144457,0.136148514837835,0.837752660604716,0.133959034893599
0.84560095009513,0.128981173972493,0.926274396676313,0.199635106711097,0.304863173224953,0.221023877620034,1,-0.0255250805109196,0.237674863314974,0.723003820414493,0.0904543609319472,0.611894218597464,0.117712963509079,0.862635734104681,0.10958203773567,0.768375287063646,0.139232539041054,0.806566117554184,0.168403842901262
1.29233938242351,0.151883518122104,0.941350113729207,0.197956202565912,0.297728097641715,0.245836646064887,1,0.0242435474980829,0.305083255599931,0.771660602998787,0.100011365939725,0.78008198537437,0.0968251247054517,0.659162778901885,0.127658521800364,0.667909437773452,0.150906042049731,0.55839890894501,0.181792187615747
1.0008425846074,0.139770396445213,1.00423364253281,0.212608319962122,0.140543676934753,0.217635718123442,1,0.00241851216172505,0.29431341358564,0.719703537397822,0.0864734856400316,0.812899652406379,0.088854376401089,0.7022899847449,0.140052126726724,0.531551423195731,0.156664824939266,0.826922347812898,0.185158357736497
1.09162516447726,0.16127909864293,1.5061182484151,0.325313341656907,0.247322047206421,0.235359493123129,1,-0.629444241575438,0.277882316296714,0.888732669568181,0.0943619884077059,0.858623524134245,0.0956075999008132,0.573100083811916,0.153965773791656,0.871525836148468,0.15128565681352,0.842552871535345,0.159784812129505
1.08371923188,0.123747254868842,0.785504864479795,0.161849063064642,0.217598460595046,0.17427318660367,1,-0.329302260623377,0.262059483370757,0.747176257498255,0.0987026609083012,0.542964837098686,0.0963193212154838,0.656473834126797,0.105048888800781,0.792679660230678,0.125141322514491,0.604566282335419,0.219881057381156
0.995824019801343,0.140719569311244,1.05313907138603,0.223718736769827,0.655894088785458,0.144621386076537,1,0.141602348658326,0.303140527973773,0.810238702458248,0.0992700118875363,0.589385504685959,0.111362632265549,0.82516884516123,0.118911732715818,0.655147129751876,0.136146698992703,0.975033487173891,0.174242557536558
1.19714024388233,0.120046039108599,0.706546822174375,0.134596173291344,0.351720990638394,0.185499837937182,1,0.400611957789316,0.250926860422171,0.675226708740483,0.105167098487981,0.654396308219655,0.100142569226364,0.791769938230737,0.0979814385476306,0.886574699978584,0.12740755086954,0.438744219632035,0.203674611512649
1.12945931544968,0.156842655685627,1.36300715896042,0.28824148410911,0.196959148536147,0.174570162501757,1,0.292679812688179,0.291342733207254,0.608454769728283,0.104481614538323,0.914997604410327,0.110619317036666,0.555377698804048,0.134225238677225,0.694547709034447,0.151935272286965,1.02570694167744,0.148142299140806
1.12775695850021,0.138008664426671,0.872056414988696,0.200241067878484,0.450876874759296,0.196430483893333,1,-0.0719056557496782,0.280081257480713,0.616034924735245,0.108742688198233,0.749767737601992,0.0931084540172032,0.591436441408644,0.122512217236762,0.658500438351786,0.125017654495822,0.68638186728665,0.120451007873801
0.985700636645006,0.166323448664731,1.35197938391551,0.317185533055997,0.160860908020991,0.168306693687048,1,-0.19578326400345,0.345638841123468,0.745893464119349,0.118880113120348,0.796960956473717,0.09851594993655,0.734351005847597,0.123422745354563,0.867123370142014,0.147577301094968,0.719177403563779,0.195175197963459
0.909250677119815,0.129838379262843,0.906072327135456,0.19153671674255,0.113203352620178,0.186124758062093,1,-0.121691315115415,0.2743218098348,0.604829070253152,0.105185104170377,0.563178880628339,0.124017896765076,0.849717323813631,0.111249316713487,0.593750800426921,0.171982420468544,0.584808682900342,0.191509273871681
0.989086504170779,0.129252181909508,0.900304110670527,0.190283528633355,0.136704470046062,0.175540646992416,1,-0.136965339512839,0.23671405280147,0.783527414159618,0.0947115818915608,0.713468602409106,0.0950217215396913,0.46669978132517,0.129947689852054,0.865852170275541,0.138516237571108,0.268257112333758,0.225502074521942
1.07506234386312,0.125447210567872,0.804718230071532,0.158470101676119,0.399599599763835,0.200996710795659,1,0.277214523905384,0.285395340619256,0.557242403131776,0.111376716808865,0.575217161897988,0.115497389902578,0.715888864032151,0.104655754863696,0.479653292780757,0.133544288109453,0.495788052445039,0.171386351363583
0.98647603034864,0.129776896247811,0.837133778897415,0.182457253006078,0.685998866513394,0.129537683949323,1,0.213139128952553,0.243599593552439,0.562297002260187,0.100595175608291,0.812579974214385,0.0870359648011747,0.540461106980561,0.119731433627701,0.678110803186456,0.112650329195832,0.610448792941581,0.163284963760337
0.836578138235879,0.136511232962151,0.886623325531371,0.177395237518785,-0.00319233807775445,0.158918079368826,1,-0.67653856787477,0.271401150768289,0.853467094605348,0.089317300451732,0.721241898758161,0.0958262733440004,0.716093639525232,0.117833117100566,0.640313945398841,0.14399446503957,0.731562009755012,0.153218651175856
0.666068173119217,0.138997890277853,1.12062818444246,0.246636777741239,0.52575858787316,0.186357786976872,1,-0.667405701138394,0.336714181785015,0.756976855527476,0.0998457091774067,0.581820093984362,0.10117897883457,0.73024558172167,0.106792414792126,0.654573252254911,0.176250418803173,0.30202880053908,0.265819286460352
0.880640297845748,0.131573596422682,0.850769888835369,0.208174191381727,0.602115808074223,0.168397562243713,1,-0.0381084608816532,0.286653873431071,0.595265394371191,0.0926426370851192,0.694454541687158,0.100853782248395,0.619403970490659,0.139455294603092,0.829348694534802,0.14368702671865,0.627497741999444,0.179079560036615
0.930275380236913,0.152048953638494,1.18164687196751,0.235057293443546,0.228771551422215,0.173515049231915,1,-0.314977359846641,0.275737365871412,0.818330651199045,0.100374084511728,0.723398857875271,0.105564100707776,0.933863287541707,0.10484433314049,0.778853783565193,0.127719598564609,0.942850091850224,0.180715309852656
0.910166045251971,0.146983761729616,1.13988056462225,0.252823928649943,0.425820924610199,0.236185212513965,1,0.092352223860968,0.29401133043901,0.668636133928281,0.100411433745201,0.680186386503709,0.101062269976374,0.691127751651767,0.130676936440391,0.759234153671268,0.142473831084873,0.766693721338075,0.172300261713375
1.15680350330697,0.152724125341317,1.40436174875224,0.315797564613536,0.346822013366048,0.209059403147301,1,0.468372719683046,0.285809480618576,0.463658845418986,0.128924316802657,0.911828331604598,0.0978048695454662,0.763160556967944,0.1200499039764,0.707849936842172,0.154720388793976,0.850415895717775,0.159511470009836
1.07244852511296,0.149006896365591,1.28460589929193,0.267403533583439,0.10304121875419,0.166587823631069,1,-0.249851951134678,0.291084665229489,0.872347247608199,0.101704015838018,0.812051769448051,0.104548466243049,0.723739742568206,0.125313940725032,0.602571941800886,0.139372921708698,0.807105349643778,0.130540290270134
1.14511822102933,0.155224245262278,1.38834224575867,0.286487053769666,0.0193991816339956,0.166913368249193,1,-0.155672364553474,0.283511711229012,0.687220655192302,0.109945656784511,0.765354219816726,0.104964925520162,0.9133937712961,0.108571051985847,0.729593186880441,0.120810527867585,0.587814799336263,0.152856531507758
1.00334003288639,0.150757316317422,1.30903607246935,0.285165481755528,-0.0195440575933978,0.15719491546526,1,0.0453783434697587,0.274798278670929,0.692203077460243,0.0958548790700434,0.603213548592343,0.116034315616613,0.748460466094598,0.113130188985211,0.867833423571242,0.108717005309635,0.920127899681542,0.122523287380671
1.03295352691034,0.147024686003676,0.842328148851781,0.194917224934116,0.391741501550664,0.276025225563535,1,-0.308346962001086,0.298695512884277,0.532236161430259,0.115368458088534,0.65447557483793,0.106961546462418,0.616435382002242,0.109814250080017,0.499541904587446,0.148104087760966,0.887719108978304,0.160400758964562
0.988403602460286,0.128385206675242,0.773439575712622,0.164184127073881,0.272998984522851,0.220038656732406,1,-0.169508176414998,0.298495675276975,0.739622300566612,0.10427990898459,0.718214664531649,0.107604309607863,0.717765445916844,0.110137499118197,0.567754374565798,0.138158920407429,0.641837712284099,0.168942809891259
1.27793195189565,0.168326695015796,1.52963438819601,0.3346947185165,0.338724971865848,0.279022982549704,1,-0.0947193826487202,0.334049621779843,0.862173767085293,0.118823813530501,0.649432409724646,0.097874436512164,0.681858088516777,0.122315632837773,0.762910989834127,0.125271642459518,0.765105435680667,0.172204308145721
0.976688130638703,0.142540504886068,0.971832136635015,0.219337343769166,0.187825535242767,0.206956334091387,1,0.128250491981116,0.26321937017373,0.670748080137039,0.113307601727958,0.77839130024381,0.105788166905263,0.826298348773247,0.129975593539297,0.942511652887294,0.161443266399837,0.420345604788083,0.244123976511293
1.06984344519255,0.156843392141097,1.43838845011855,0.336284183204685,0.387108855996284,0.257865359547944,1,-0.361822563882711,0.256884107879324,0.848152061740557,0.0924548599838083,0.561411201402565,0.125481249365704,0.92417766578662,0.12135619820111,0.733546891434539,0.132562629830618,0.905296313643665,0.192180456067081
0.894151128974936,0.133067029599304,0.99949772372388,0.220505396304862,0.0864978051478938,0.204847484251424,1,-0.341443156342439,0.261893122124596,0.732072544025943,0.0921751212479161,0.779375294056349,0.0975418095738038,0.474307237333585,0.136795163929666,0.615113981957569,0.141144933364224,0.882500660362151,0.191975960669376
1.08547074865363,0.139712966361953,1.01803245134183,0.233594914614925,0.589841177824039,0.238321314111714,1,0.258552566501215,0.285602426961139,0.733251338577276,0.106503588924486,0.67243817945268,0.110384343982955,0.837060901205937,0.114464009123463,0.467919787400564,0.147128620845559,0.780052397852071,0.141851580824952
1.09300615120884,0.124594227488652,0.71205255348651,0.147934727589037,0.299844456596157,0.156960592881364,1,-0.121283967725071,0.288095643037007,0.641222746580457,0.10974698069556,0.665192859627571,0.102451406012826,0.616096402591701,0.127889181680331,0.702999943424384,0.114638923362828,0.847875647921146,0.143402789371307
1.11084955694348,0.143802396184006,1.1097996771559,0.251593512194027,0.201210335013362,0.205322911606619,1,-0.0105725555623278,0.289045039674935,0.657819444491014,0.116047941788538,0.709590903024494,0.101886489285352,0.634992913105203,0.121145139010572,0.842849332100575,0.133825165705243,0.661779195260632,0.168349503113962
0.967073501762986,0.13685178209711,1.16090502672557,0.264560238741036,0.46305288562465,0.19845556132747,1,0.0860855718951385,0.2245798833626,0.742889959028776,0.0933288548896723,0.539165547915495,0.10481530216538,0.800942778780955,0.145282815526973,0.871797810947023,0.164784186188371,0.236524686654706,0.287819274873011
1.09683609873145,0.121977618221568,0.710880238016014,0.146379499597668,0.127876407660534,0.171429646939224,1,0.108533952979939,0.274451165900318,0.689494168712089,0.104903295697524,0.675489208168587,0.104241797022111,0.599612780575492,0.128300354384586,0.629710736228689,0.114164912148923,0.663409260913378,0.13934041758418
0.96534321964347,0.12973063302296,0.735895267753324,0.191346482525854,0.825840962087359,0.0718864735888963,1,-0.475321033344301,0.346543245218762,0.894604072518248,0.0904316104522817,0.693921015557861,0.0988332423078841,0.638515943891695,0.13649540204648,0.845611760432627,0.149716278166118,0.535395079210558,0.233510960435668
1.05809951163511,0.148355604306542,0.974762470117237,0.239429325944778,0.698625274576539,0.141021115320168,1,-0.343582573172599,0.307130241950317,0.812825382250855,0.0897320443657346,0.634568614137294,0.108684929434298,0.739119834552994,0.118526628075449,0.696710092683457,0.118903477216399,0.70767818330129,0.149241706594041
1.10721529348245,0.153253210562073,1.15429867705021,0.243335004207049,-0.0337532949910508,0.149688798994676,1,0.107515277504605,0.255297278575909,0.63714906537813,0.106719792912858,0.77181677580397,0.112252694702054,0.677492991527728,0.121342554775211,0.900996086463132,0.125347471278607,0.625131079230671,0.195933986951248
1.171152124616,0.149595506832238,1.27332423406084,0.273516399331426,0.038781292607695,0.143687707279184,1,-0.0747338754362541,0.272078024694032,0.818622537908342,0.0963565532510583,0.757812773285608,0.118724926326249,0.580964864632999,0.136959236089738,0.735841499321462,0.123329803053515,0.630523325823093,0.172647863421654
1.08086244545821,0.152823706774019,1.26942445237117,0.254610925172443,0.409334472622603,0.255670618284525,1,-0.0592906015676779,0.279033480981258,0.827222419137619,0.0906626444469009,0.711870518833366,0.117647757168528,0.868472992861219,0.11216788759516,0.428600771088316,0.134615959672612,0.891322267157349,0.146096268730075
1.03713004195776,0.14491902183368,0.949043887398223,0.207354051351486,0.280615091467563,0.202706555179266,1,-0.174898686423745,0.252946996946319,0.738010508065851,0.104834895050569,0.88196899683045,0.107263705351812,0.419104924825758,0.144810165846104,0.759827707660621,0.15773030873474,0.631552549933384,0.172895779996967
1.26552271216664,0.147127928750398,1.07222441610568,0.225019526872877,0.254570780658823,0.246940350826207,1,0.318307904348422,0.292008422675988,0.697786350445476,0.108504731428918,0.726882254635171,0.102899998460179,0.82756974098189,0.124772366312754,0.797051153074325,0.126301304230461,0.643925660595747,0.154915797432404
1.09955030817118,0.128235349844389,0.856346551773574,0.183676649442636,0.579640058116059,0.163399880683492,1,0.290702158853042,0.258291073803547,0.411803152326525,0.121829497894766,0.710149544210729,0.0954298404095602,0.567488205402196,0.114240833032121,0.789272568147258,0.123316626564085,0.503885802816969,0.180866883749004
0.956474100909255,0.136897326598759,0.95445892168864,0.211432479140605,0.230825361620713,0.242553239475192,1,0.0459754120135677,0.302541590618256,0.465043707978421,0.120829963357654,0.679628460965976,0.0926558074208734,0.784364153174615,0.116766698739641,0.669653806515187,0.162332469934907,0.740708835101051,0.168207002645188
0.743515241827904,0.128578952889567,0.853538756270108,0.193787434101964,0.504924092635508,0.212864959317081,1,-0.390982973445777,0.29646524917792,0.651897821695858,0.0993285755291715,0.565147295615919,0.0991423471475571,0.726594690778803,0.113691370715293,0.792302814840745,0.154213495333618,0.43934071421977,0.225568786501001
1.00545351113332,0.130785992786552,1.06351448389521,0.233428703429081,0.34443392548534,0.232422914807598,1,0.0603421335539365,0.282747367396101,0.695465076953835,0.113556293912208,0.627256058163804,0.108618233513948,0.634718045318053,0.122391477215761,0.583912140416525,0.116149784955461,0.59271221939413,0.152667265234334
1.0074540644163,0.162086263949349,1.4103355656611,0.315890476788702,0.200527065187506,0.242143288360067,1,0.0172372855260674,0.309029079356168,0.583192010591257,0.136561179695269,0.550271368801741,0.130552582864659,0.944812550857836,0.0855634982673594,0.544978154996505,0.149175319486432,0.876972223455931,0.149315250897406
1.06307375871363,0.137838751828699,0.975085262394349,0.207706137416838,0.286926093551388,0.186582149613621,1,0.00429654063610792,0.238650565778143,0.68857984021933,0.109483265309053,0.689692303142209,0.110054577144895,0.575140138469052,0.125332555940647,0.738836198185549,0.136719948994142,0.617327605924171,0.192507258547379
0.914238288750376,0.134748655947671,0.994675471899655,0.210065103986784,0.150446838334067,0.188296670969504,1,-0.202891092811719,0.241505627599427,0.577452018088932,0.111534212723208,0.798685858807792,0.105450146357976,0.539259454791684,0.144351709203313,0.909824130925066,0.108334571107469,0.560147666916756,0.188297176090035
0.988144486745988,0.155534393444022,1.40750500967424,0.308851771783756,0.0104282041723894,0.169628993183099,1,-0.668242095604159,0.304739080058699,0.952328144500139,0.0830754085002696,0.786712576935804,0.111256334206146,0.657826708563008,0.155744985445468,0.891303040860936,0.137952633920324,0.596084593114558,0.17389441747112
0.773839547261232,0.117127021013135,0.781843074733732,0.166155401970553,0.488733529459323,0.231760158545354,1,-0.374415286720729,0.343363023041347,0.715318377035184,0.122811253912673,0.609849746610277,0.101998563795556,0.593138911634941,0.104307407366831,0.650077598483205,0.130950995268178,0.523208295283728,0.203397229512164
0.892646836913473,0.124057933689824,0.739781349889641,0.153936747499485,0.406291154160473,0.185019192589504,1,-0.171927670926376,0.259042396988903,0.817801022758925,0.0866617074804421,0.53643206647611,0.114244946930178,0.839185135209303,0.105877336644336,0.607433104000353,0.143675464071683,0.63835947155678,0.192091438464258
0.763520482259834,0.141327388350912,1.28493540085546,0.274174826896331,0.314262785012562,0.189648649984477,1,-0.134818234747074,0.264126099518706,0.821751781049434,0.100941652965904,0.656512341215065,0.114487477666648,0.655215095350233,0.150168398751897,0.790125024472212,0.153845262700124,0.758762766130209,0.158774946863778
1.00900343451384,0.138657722164709,1.07178272142324,0.23929444344424,0.127316824390959,0.189867605955888,1,0.273894048633599,0.304530399798723,0.700823457599292,0.0925561690747603,0.728851585515509,0.098829205031301,0.86114878907633,0.118763140437608,0.668714675951961,0.171369730859463,0.37484221865288,0.214559469432999
0.914073729969576,0.137546882392471,1.0874730811673,0.247445875532896,0.0903447176914551,0.187017208736322,1,-0.00912126874251165,0.250449571910587,0.603938533092463,0.10699083073098,0.5617060652996,0.110705993385653,0.848513034049015,0.106795353688936,0.524126640592569,0.180552948107582,0.709752655488878,0.185440614488063
1.23014734117307,0.148070799179966,0.963918292297649,0.219056307579271,0.652761508021076,0.168610199532721,1,0.445639211268725,0.372284333967351,0.720222472797415,0.116934303013354,0.496767515471438,0.0971724017539668,0.814943389800339,0.116621969527347,0.548364676424193,0.142933097703071,0.600007849047942,0.182634640089647
1.02224421392905,0.135842206180719,0.897797025582193,0.201675621829995,0.297225339600165,0.241620057916173,1,-0.348140139681587,0.31861679908971,0.759517474028609,0.108164899725936,0.605908214853302,0.102056520525598,0.616617904733321,0.111962585399479,0.555498524587025,0.136649098713167,0.557077460035692,0.160525849755962
1.14521996668909,0.158087286434322,1.21502915367846,0.254384294000667,0.0345418262677214,0.210830047341567,1,0.0661218970416746,0.293620354662067,0.828098322339083,0.0947831979106906,0.705449515779995,0.106662193383386,0.825026569621787,0.119468018996427,0.706287698543027,0.154347626010694,0.723457949574026,0.172077039638198
0.844739583003117,0.118246336525842,0.700007408820378,0.150426920113271,0.495416124811843,0.181339269592828,1,-0.06887949799874,0.275380893042751,0.72347211815115,0.0949559306855537,0.469947880762256,0.112371917946859,0.762982898190906,0.107158497546415,0.701918403910739,0.139972402855074,0.711566108430837,0.15702611740111
0.922393878161823,0.139716136205434,1.12179873594316,0.263445789137331,0.246070132058276,0.235454638385043,1,-0.133725379557082,0.221034296987037,0.711886300922942,0.107426656562452,0.79978252146013,0.123264891458537,0.651428901649849,0.134982749271129,0.730677664746649,0.134667370750973,0.634266311860354,0.227438908529482
1.05540636984815,0.139049355029935,0.887888158348745,0.209743398367121,0.422345769687314,0.252256082184807,1,0.42506476479549,0.276735625989026,0.625145775311269,0.0965579120143865,0.66044864258781,0.113293451698049,0.690667925355484,0.144790142706757,0.62643335795784,0.152985809559668,0.675842134958023,0.190657973001318
0.939215398143424,0.151010625887549,1.24981150991482,0.271322444490031,0.333540598959159,0.216047759161101,1,-0.114646219970454,0.309923962706953,0.778778276639888,0.108761308753425,0.620047674338572,0.10910031293206,0.547196780768957,0.129105477530257,0.697503995286604,0.129367615866326,0.649955276987011,0.17327447842906
0.814474551458083,0.128600492790592,0.925807384652664,0.206199330214747,0.461007695086621,0.209747225112124,1,-0.0841196547185888,0.26832121299242,0.636919125962515,0.0939962721470546,0.669534261084865,0.105751918358135,0.713574208148614,0.123169300488737,0.762085285427315,0.170161907042574,0.0476130400408196,0.305341897031148
0.878994028416915,0.128584604522878,0.877536359918498,0.180714509533149,0.0935259871430253,0.182028559713989,1,-0.301112212654872,0.254262921192344,0.693407678373218,0.0932553551969598,0.544825938962348,0.110092149055145,0.771048759341814,0.125103574135926,0.707586350731258,0.143627841814499,0.677904608237901,0.152926895940237
0.709873316978942,0.124374351107766,1.01070004927939,0.228321315706189,0.203182896070617,0.193757925245593,1,-0.361951157072075,0.239184270576976,0.636756128289494,0.106671237532562,0.520000576909567,0.101652664401716,0.799426850686319,0.117526917956199,0.530473359311889,0.190516135027091,1.07376376273689,0.164976037924213
1.06596165006763,0.127366559714879,0.850550788208192,0.182191184209238,0.19328172216077,0.195535184731696,1,0.519035158117178,0.258272410532663,0.6771886747831,0.104427082591911,0.660947699262181,0.112254730955413,0.773276402796944,0.121594374286365,0.818919874095199,0.107925647255196,0.626467546034389,0.15457198440147
1.02094370146045,0.14429542695838,1.15550074721353,0.248620402257639,0.192890473506837,0.238196853926253,1,-0.044739521201407,0.284006599282225,0.759985864716667,0.0906981719173438,0.817639821673473,0.112005766287179,0.474508855620522,0.150025951653074,0.936218108972676,0.123478805253126,0.927084383362724,0.189021594736071
1.02391123464563,0.135295965274866,1.03347538980367,0.207257342687508,-0.161461427815449,0.126237587695261,1,0.208370651737246,0.216731150953225,0.775755379546757,0.0942297586473737,0.770225609005717,0.0950632994264217,0.711698509556197,0.126092125749146,0.819001776191817,0.139569320459597,0.791883022009297,0.221108941852867
0.815250906296442,0.11675870578893,0.724740280560579,0.153759499799698,0.198638819381707,0.205084174359005,1,-0.40668692189204,0.277889892792434,0.789637762386924,0.0986794802182543,0.678226898789876,0.118222121722185,0.737877574028148,0.128283076602755,0.705512936525272,0.122069653745763,0.947246420616419,0.167307619261207
0.857504368769094,0.146808959399189,1.04562161028801,0.223432607120231,0.282661459740086,0.240357897672174,1,-0.130596333498448,0.292855483225035,0.684134360393314,0.107809523910485,0.618654080015822,0.109934275191853,0.888962612746801,0.125391310549745,0.608467538993629,0.166861674052979,0.846570829012094,0.164541595694965
0.926787424882877,0.153085695998989,1.08468723814195,0.250852267008634,0.338314430299014,0.249333870078871,1,0.0258337295783418,0.363688562098369,0.574282699152233,0.128708855418597,0.564067227612211,0.116755718803097,0.87559459496322,0.123887240967742,0.453283218051152,0.148322760586568,0.676492211172709,0.1630297309479
0.711302086986467,0.115252264181449,0.726366549171777,0.154999916069099,0.30222750697661,0.168511932932831,1,-0.572490293418432,0.287480106382095,0.73301529984723,0.0976693124472975,0.615159462685754,0.0896037699327263,0.775921814125086,0.115127870221658,0.359038840181146,0.173060055285256,0.462936781230411,0.193596977474739
1.12563482268048,0.12864378482901,0.771133291459122,0.163382277191998,0.154697726561631,0.19892744221721,1,0.260619012340814,0.261148483131002,0.674644970138995,0.100493755037204,0.627834087004509,0.121965328870564,0.608643192749612,0.106529282344469,0.73289539486874,0.141132095164717,0.722466814036699,0.184230030433687
1.04181026401825,0.122520307647592,0.666481961621281,0.144808955137201,0.479919644901364,0.179562209325592,1,0.114042295966861,0.267155047625385,0.729161697184737,0.102283595926552,0.627705884963113,0.0969147070770479,0.410364329479535,0.122688164746975,0.808410734831148,0.110346527942367,0.378594586819391,0.190243750951099
0.979569279268513,0.142347072271631,0.955710547305966,0.21442199870243,0.458127066404314,0.176752843419718,1,0.144920416350424,0.268661461864522,0.619468040819052,0.0954260003991729,0.628998479384395,0.103648944271624,0.729693731848181,0.118032829805388,0.880971539573033,0.191197960043266,0.0233736667250514,0.303936473521395
0.938209484185038,0.134822294612178,0.89483641306356,0.19006958630999,0.390357811329072,0.218090376090361,1,0.105284872087929,0.281797468805888,0.697934485049531,0.0971341248293308,0.626445800327783,0.109000343823229,0.818252784125937,0.123476558979435,0.74826276961139,0.158161787574257,0.921355786048945,0.174664771341681
1.08417845731616,0.144147571718982,0.9598963057273,0.216460693871684,0.195942063549059,0.163306731503249,1,0.317084422604615,0.333052730432186,0.676320278258735,0.119350048418215,0.74081363583112,0.0966503991074038,0.686826815800915,0.108142341850445,0.602799057355568,0.155572156812934,0.406219927830346,0.177299009691476
1.07005920789107,0.139192105193008,1.21538495731612,0.286011908361726,0.192365880045244,0.175631080033559,1,0.0906371543317551,0.237623301734286,0.746465335048298,0.105095195366554,0.567745928974559,0.128726187828171,0.763306647212547,0.138339218195173,0.639164917945509,0.1420745664689,0.870775306541864,0.149902689154171
1.1391353054067,0.165245266558417,1.34478386085199,0.300582262713282,0.0867031878824459,0.221967661774663,1,0.0138726808566611,0.325707750118106,0.826701953481134,0.10764338963763,0.852776726738735,0.10809549928905,0.687544777766997,0.136968095543219,0.841684880463166,0.158476782303124,0.351838403029078,0.202868421979008
0.714346871194856,0.135486256215917,0.926503848950978,0.189045624982504,0.175800471803898,0.199818939915894,1,-0.294980501966307,0.289958816231851,0.711718188169114,0.093557214769429,0.612399405960983,0.111982318233113,0.67022086162012,0.11303137431061,0.744948337563993,0.121591796656266,0.557256649151521,0.198983919490193
0.817622110804568,0.125916925086448,0.812609989225871,0.188569346739765,0.4537369886197,0.222510428271307,1,0.333269658466533,0.25382528808969,0.457192782730759,0.124939421725256,0.569356558718809,0.098594847300603,0.673277530530433,0.109368157694243,0.61356052841161,0.127521780270077,0.89135125162385,0.16973828783264
1.09994094036797,0.163948504914432,1.50629475423922,0.343257180829537,0.252082910982173,0.224977334618051,1,-0.105178736035941,0.308369142920543,0.690210389541264,0.106636177786018,0.850646843508074,0.122459390519884,0.76495376123971,0.126109532535647,0.655302163912003,0.143713273973836,0.673814670076206,0.173513400792119
1.18127867274257,0.146387232265059,1.02627775060377,0.240751071191375,0.713234595236498,0.148339194676296,1,0.359432227332826,0.311837991978813,0.706660197006827,0.104775533525841,0.644813790622112,0.122441966055428,0.840639930060472,0.115474499213292,1.0088492272553,0.125972946538692,0.581911702655804,0.206003461298527
1.04265657388033,0.145084698061924,1.07555584726755,0.223893054921181,0.264984638491734,0.184848201819831,1,-0.0566600671466013,0.257437715009391,0.849121999000736,0.0924112320019672,0.65601804032162,0.105694399011424,0.660823555895423,0.130352847821748,0.745048226712943,0.157515668250782,0.731592808916857,0.163271162658934
1.17213016931485,0.157498759681322,1.19770426639543,0.268070045445115,0.207327372909077,0.252668988059158,1,-0.136495372752389,0.321216203516039,0.89223512667562,0.086857749977589,0.805321150602631,0.110109043009252,0.696754557497592,0.141242953461743,0.671431157275061,0.168710456617007,0.774013908105707,0.156016357303975
0.991780566687806,0.139897143752206,1.02218034184625,0.248592907440951,0.624482159205731,0.216697055317165,1,0.11939307244487,0.298439656190216,0.718756308260925,0.096319050873959,0.662447654213097,0.0899005011010173,0.544919791686306,0.119125877428065,0.682000255966924,0.147820076080784,0.618634487196096,0.161524220330722
0.952469877771679,0.12502760974427,0.711539615295533,0.171464069775704,0.413550205394048,0.223986026908685,1,0.0551425155254263,0.273195405134867,0.606277434867797,0.109522052863424,0.569114838136302,0.100158383916311,0.618579828866871,0.12991494265979,0.498940583616002,0.137347370432392,0.499666177807187,0.195937606894053
0.902647299278902,0.129029778794261,1.06894850799508,0.233376283100404,0.149946945714489,0.215738920605353,1,-0.139789064611857,0.25769629083935,0.667843743112757,0.110439526562724,0.737457131552898,0.105522893982335,0.584011356895476,0.137661403563904,0.654902539852684,0.116666449237437,0.787939431429836,0.166240643211437
1.04998770896281,0.125906593799555,0.684232264012462,0.16403546486864,0.486266177221068,0.226595478752961,1,0.622559411438662,0.272415663451925,0.768856778957516,0.0974706252086131,0.434311831108936,0.111538477330039,0.741994427621348,0.128634740853132,0.353863329154324,0.18072505976277,0.628098344858165,0.175490805166523
1.04666017244187,0.134518133736064,0.929689778767505,0.191814445796967,0.299851739332097,0.23263973974288,1,-0.0744281138986366,0.294440352649244,0.598019966864586,0.108528587715769,0.691421902754381,0.110779259059924,0.70642252542283,0.113630081136424,0.790502167848079,0.121690100418734,0.700319402288267,0.150776307984496
1.03423085671856,0.143666211733749,1.04162488136131,0.238530311572475,0.284744937226089,0.186679589550857,1,0.341891185636812,0.311142354888459,0.64476326003542,0.116778987020656,0.665929108302201,0.111314884568462,0.873018732436002,0.0985821768028668,0.965203815274577,0.144563440075033,0.781038118615968,0.206601728638067
0.824898611580377,0.132801672829444,0.96284182014681,0.202102099684957,0.360380062387493,0.251316196512964,1,-0.270340191981022,0.282747961209155,0.612872203546206,0.0981967779274729,0.736481919050836,0.0987532488279802,0.576189450592002,0.134331546066878,0.921244028718882,0.14757315578379,0.388305294754957,0.228314855587495
0.937642230794923,0.123122242381829,0.737566767281139,0.153361991761569,0.389276109279825,0.222389012717668,1,0.13174622398575,0.265792210262011,0.585578826072887,0.1055609323618,0.703501491321592,0.0949254473055793,0.746535048272445,0.10778123580949,0.746882525047734,0.14524608968123,0.400263339896102,0.182419403922892
0.853022257209593,0.121659669283574,0.738410034987384,0.156226932483549,0.381447187274677,0.199279660911973,1,-0.383976368171046,0.279763555713089,0.692875595395822,0.114215891625758,0.733497581147124,0.100760593344312,0.421678580244411,0.116919827987786,0.735382378569894,0.123188257084232,0.826418232214551,0.143455839957178
1.04150843950625,0.112745334132774,0.57917687165057,0.137955814192717,0.517516216091849,0.181763705496814,1,-0.264226073176342,0.264610040993031,0.651283264020007,0.102806194437116,0.727608543197889,0.101741346356545,0.655962204147044,0.113773228958492,0.428084823061512,0.159685723402412,0.628924482841041,0.181639460284459
1.11742682803675,0.126281440645163,0.839545194939255,0.181139013676089,0.436003779271462,0.195601003547089,1,-0.174319391687408,0.243152118720699,0.763856755684476,0.0949267356089542,0.581239190481438,0.0995621445653419,0.700555543541112,0.104435018284644,0.497882738358003,0.162596341462041,0.787079310501125,0.176781712702691
1.13687553748361,0.117207522775839,0.620155988923002,0.116886238681796,0.0512770901452678,0.122881274915082,1,0.0136419500487046,0.249311141814891,0.491038026234186,0.12941176416178,0.789799116758365,0.0887629031401871,0.627820654815047,0.114996946588811,0.72387090777887,0.113587238906595,0.528137992083361,0.159539579833438
1.0673479539401,0.132842738999355,0.952051579955685,0.194919236590071,0.386661108675999,0.236159555436876,1,-0.159725839564493,0.328980951998455,0.820349477369329,0.0953722015391028,0.755234000093018,0.0996372243236472,0.845444596653701,0.115507486632232,0.383441262888088,0.180139479253779,0.874138916264906,0.159604261459625
0.880036893754618,0.148578897520193,1.15853518217102,0.24331654978058,0.173751716950034,0.206446306674644,1,-0.150476282769193,0.295492287511584,0.634731853669175,0.104809574976807,0.711484289248904,0.0986120379613062,0.744117691517292,0.12365699520159,0.557019690755066,0.127877712835313,0.649382528514363,0.191784718192143
0.987254387352413,0.134854822501933,0.959640005662377,0.185551963571969,0.0418820084254875,0.168377491062706,1,-0.210176479214901,0.257393352542928,0.663863529912361,0.10119756196355,0.656931625824487,0.0997757607352082,0.9373267030718,0.112618499138088,0.801523861503642,0.14776662538492,0.70934580216324,0.179375785095445
1.04697296752239,0.168267180319473,1.70934307722333,0.381021091331929,0.240086883813266,0.247805503296606,1,0.127502529458975,0.279629053750655,0.766369803177533,0.115582704159745,0.729885591108525,0.108134120872467,0.933267605437674,0.124231982695599,0.786669465355077,0.129793972099256,0.629974917484248,0.214766868949498
0.869360331051824,0.133496230022985,0.945758230520649,0.180797687562199,0.474664877587659,0.211138754940142,1,-0.0429221460570995,0.308123118919026,0.676043541464417,0.117845887332983,0.734047703432677,0.103523085485647,0.64263062590073,0.122138383275331,0.739848904582278,0.130516138359755,1.03462895519041,0.117208532070734
0.950722951979815,0.169902944523463,1.60946030685644,0.37744263314697,0.270563161292886,0.214627217765511,1,0.360916093467773,0.312089163405343,0.738665069536275,0.105439154256584,0.474852122824282,0.159628248897157,0.91678865166746,0.1492996189213,0.64637075372404,0.15214230574173,0.913115650790618,0.128375438864813
0.98558719045966,0.142878274391043,1.07450149791234,0.251900156702436,0.768285773787065,0.111792435344697,1,-0.687211471498608,0.381071507077385,0.882794339805793,0.115192573998202,0.796871188207549,0.079718412945252,0.679657485256602,0.112688120251524,0.789934516736563,0.118813307144151,0.622753605929118,0.157860724845363
0.968263002493034,0.149186056887034,1.24553469009874,0.265023286053573,0.41822145147409,0.207520784013002,1,0.656537982480876,0.324420698957345,0.581474943786293,0.110966778869956,0.748544784475491,0.124652668659775,0.464273780207205,0.157277820764601,0.711152211864812,0.12926639442009,0.604623761266,0.139482425624562
1.03363480137833,0.139665762237083,1.11981853624034,0.238784363866753,0.257398094783117,0.189940962660119,1,-0.144495275448414,0.292084890428491,0.788709996674564,0.102183977485943,0.715849136943661,0.11089217980082,0.698453663110201,0.111709219255603,0.786052582277377,0.138964774762905,0.356667006455747,0.235876565503517
0.815324726715358,0.153585336226962,1.30323712109495,0.293299704416553,0.262753326247651,0.189402840805521,1,-0.506471498190281,0.300782336622687,0.667788145373403,0.113898943670807,0.71775926655466,0.102239758731555,0.895164393524283,0.103752865593082,0.504006576623316,0.187481720288514,0.696527419554035,0.195066603703091
0.97068354748757,0.14868500508633,1.15763036627141,0.263247824714561,0.310497168004683,0.243128663189099,1,0.0576207649973154,0.283460417760911,0.829990742191956,0.0945623115032721,0.785081691219432,0.0983710486394571,0.920178923992949,0.115005157197134,0.754461094689098,0.166113748577653,0.472401525427093,0.291661089713708
0.982810145404138,0.119264616610227,0.828915222765779,0.184788166291314,0.307593241863829,0.201031984507405,1,-0.0558045849570829,0.224785817205335,0.576877563705479,0.107709871944538,0.561270125503357,0.0949121598378405,0.691003157460382,0.111869013072424,0.663758283837673,0.157461994487259,0.750448887855805,0.183174966840355
1.10489144843316,0.129048072265541,0.842408482205709,0.180090097717447,0.175546966239115,0.179133402176832,1,0.119696498384778,0.219207928421463,0.654866900573485,0.0885815491905476,0.711823686227184,0.108060471161318,0.82769282541619,0.135822069148577,0.518082673923867,0.160925621921591,0.864864770759258,0.161703008536405
1.14752636862058,0.132028789985317,0.799112972304078,0.194793344047825,0.705917428721512,0.160818010126419,1,0.537763371250104,0.30802884516493,0.646487804030261,0.110953488498187,0.72781459534942,0.0970110486993744,0.716343157638652,0.115170482212892,0.538314164599391,0.143353531537099,0.820524627819441,0.175266926467862
0.845207364407035,0.137382095192873,1.01835493619143,0.214388654185926,0.304359924831554,0.159157521338617,1,0.211469893532499,0.285030241504428,0.645602027067138,0.105017186146296,0.767255018485007,0.0969503948620124,0.626087419764621,0.124633585384922,0.622380991417351,0.16716477797334,0.54848132633488,0.192180509984519
0.878702329593314,0.105091216988965,0.622168808327979,0.119311735482425,0.134410002640954,0.15327642834701,1,0.000783253722936804,0.248068248221731,0.837301547052932,0.0858554966186631,0.681215693794414,0.110596956882881,0.715884132504856,0.110020678826031,0.628137865325985,0.131467566510926,0.685374330549358,0.136299002123371
0.98367574276243,0.138281234860246,0.945551941180391,0.194177812943067,0.30210217165391,0.236469984555908,1,-0.0471884411372296,0.311899148230921,0.732354113330005,0.103354074550142,0.557157574069078,0.107367539352532,0.855089533597107,0.0919878572197372,0.806993927406481,0.114874366822128,0.544140142045746,0.230346040619691
1.17606722389547,0.130409319303779,1.02152972665172,0.224311072974861,0.478576416179784,0.191585269185701,1,0.148803352345585,0.233075297346122,0.668277496855587,0.10145517529813,0.719280914255073,0.0872733544847701,0.795854326400835,0.123132377808217,0.925278512250512,0.132939912638413,0.616800932602618,0.128113726369585
1.11925246062693,0.132427211063914,0.851765780936947,0.154812901393256,-0.0250448881134306,0.159913135932978,1,-0.295384697429808,0.216982344209665,0.748718928079244,0.0928659023558837,0.77681343478472,0.094323046268075,0.589146047067915,0.122609427544891,1.00190068114677,0.134204176720816,0.670794448410919,0.195002389615935
0.841987988468743,0.165450078464821,1.66427004751519,0.403608104393077,0.0846645861603521,0.265056638405334,1,-0.656236144149253,0.329774086879955,0.983997141293026,0.103258303983427,0.820076593874339,0.118632735272726,0.776664379592622,0.144998661957974,0.647340517556442,0.181538294580262,0.698095612566313,0.186998984205889
1.14777140225599,0.136860677381924,0.856310638988641,0.180353362864875,0.163014009341858,0.187802345117411,1,0.26968277824245,0.289201387735449,0.728515501503833,0.0969185954119125,0.578313357281986,0.0980273299986752,0.673048802892723,0.132924604001057,0.639462745704899,0.154351304545721,0.86367324122113,0.133745668585219
0.989005667561212,0.158489672538338,1.40155743157855,0.307747947987094,0.295990789995319,0.244216951349324,1,0.32007409398449,0.268827184762116,0.659970002556556,0.113285940765421,0.934593386515809,0.0953285566233577,0.603710919884698,0.140273648735885,0.739718166360812,0.161718744410895,0.838783992720453,0.195664513035799
1.05871993703814,0.138493732396075,1.10134277334477,0.229715648472904,0.157279087793352,0.193361830455619,1,-0.11149420510793,0.295602194531501,0.769451065829674,0.113071331401855,0.729368052609647,0.108189865498086,0.661845012355922,0.114137386656885,0.728239087547486,0.152704626619914,0.893213084160111,0.172450852985281
1.03361861181236,0.13277481503794,1.02794781455315,0.218307444548442,0.181992450005539,0.185021993812053,1,-0.131269832941511,0.271524872593079,0.760196280233996,0.115962619280196,0.59141397703145,0.120833980489768,0.665920433364403,0.117843506374591,0.932211751749278,0.103502672863791,0.674491867340134,0.160270308841011
1.00829415535087,0.137922271272001,1.10111244527644,0.237128258646654,0.220997647810338,0.189289426324419,1,-0.0300532853722661,0.244038996204349,0.649384039663255,0.102124066754064,0.741587153817096,0.100345397704389,0.741270830244277,0.134112743040073,0.714825143853294,0.160581784618176,0.79451541283252,0.145410924793502
0.997070489896995,0.139791554998439,1.10785095009877,0.252358326951279,0.531714476858706,0.218429240154699,1,0.250610290444537,0.269881412604945,0.777743737268216,0.088508572713387,0.681257808658502,0.111107857360957,0.663729134134419,0.125585264093058,0.858064504754975,0.167519305616706,0.548806417875923,0.191070137160124
0.902245493539103,0.120583475138627,0.731308172046192,0.147065761479549,0.396609378183613,0.196943607490767,1,-0.111989230815026,0.308415403709286,0.653431351101237,0.118670309547945,0.631390457973793,0.0942501146648087,0.680178730365172,0.109409122101027,0.760270999102577,0.131366424089602,0.56702739917069,0.136358406459557
1.10369075672156,0.133088197093379,0.756091338139185,0.166479155085133,0.147991038269299,0.215774729546104,1,0.060702249169024,0.264149194643865,0.720098879097821,0.0956127839763348,0.786392969390667,0.0987979921739391,0.918384228940037,0.106942560310424,0.41607141654785,0.212340852205294,0.750935076607971,0.163346274808093
0.972138690851616,0.148656444941514,1.07363200271958,0.247732981801024,0.108382020496629,0.183468206457188,1,-0.0188759677085305,0.271787720632762,0.749279643767405,0.100641533187688,0.799520633383219,0.105964791872117,0.653516743729591,0.116456534393137,0.563926727543509,0.166268786845951,0.686015580407428,0.222365103883457
1.074073440738,0.128705982759834,0.652897919384225,0.149684808758878,0.640356713447754,0.164516153064455,1,0.258651305252638,0.298913245896404,0.542002337538273,0.107205637410449,0.723696660452116,0.0911671523839976,0.557316214063501,0.127948232604988,0.366411670757286,0.157279745444154,0.827687596908142,0.12782964597737
1.17236611610022,0.148344094312731,1.16415807971561,0.242125729137022,0.281049019948957,0.223634658780565,1,0.148877610150239,0.28821863059134,0.571621045586502,0.126135489700155,0.757699598493562,0.104555516963004,0.635982267790714,0.125217377413753,0.844956416625751,0.173197145621266,1.04831381261263,0.134759234237157
1.11560974197383,0.120148112312947,0.704685852355002,0.150808114285762,-0.0834491105611796,0.142814455339828,1,-0.249643826753483,0.220694221625006,0.812748225157095,0.0904549064630683,0.544958254481169,0.107810080035823,0.507923740777623,0.142560388000795,0.654597443374828,0.145237087141177,0.562794248442693,0.170690483742497
0.957722166628864,0.122248907512558,0.693757852055056,0.138342140951295,0.184323071080828,0.168976175610137,1,-0.310885445204511,0.249294834565383,0.715879241741596,0.102038035926746,0.676710472209769,0.0967037737796401,0.573254853772628,0.111416562489764,0.582840121851665,0.130300949163333,0.342226136683765,0.209274694098393
1.11383696532732,0.13403373517043,1.01128638509682,0.228608796330517,0.342415633820974,0.252317421038976,1,0.18069956043002,0.247572395158982,0.694803639420688,0.113580531426728,0.741126482939033,0.0973298161792008,0.632607492862136,0.111249014178837,0.654462816726012,0.155776006149828,0.724528315723262,0.173329005920572
1.03080028005169,0.140182926400457,1.0595542143577,0.247063510745423,0.267670833850237,0.201164295394429,1,0.0327852263162506,0.281297306840458,0.748183937103665,0.0964139231484101,0.525683714593462,0.110248569240908,0.62964751424284,0.151338323529254,0.589215918112722,0.16652163800348,0.693449823235231,0.143388893618326
1.057019937201,0.155951150737544,1.23251245804842,0.270583824778161,0.296389997458303,0.185749527497236,1,-0.0266296248527766,0.292953141580189,0.718854563524949,0.112154813419121,0.764160013954857,0.108506177418913,0.922568352293114,0.0974402827743759,0.547445187864331,0.135661072306236,0.633242178654483,0.199125025909802
0.879326072740658,0.146986064731864,1.21664522795268,0.277033348943104,0.431930881961544,0.278238859528258,1,-0.0497578878392246,0.317080233521877,0.596067884215456,0.111557641404374,0.832807978883005,0.0877053746548443,0.743528705595992,0.125972776210083,0.708734210400981,0.153489091218347,0.776778000290533,0.160143447593495
1.04023584657444,0.132894102846717,0.853391454171972,0.172689857984874,0.328074013783651,0.205788263497285,1,0.29149042019641,0.256625860876148,0.640906169797219,0.0927062447549289,0.723783569830631,0.104109427666601,0.803064897326052,0.112295304924533,0.449328043478122,0.170144727188097,0.801511322430581,0.127434582297738
0.755053497189508,0.113930475208718,0.589794353566279,0.121997814564164,0.541692527102482,0.213467484757657,1,0.181232180698148,0.324799839002769,0.644889438725885,0.0924327109473318,0.687321683654099,0.0960830582819845,0.384140497557722,0.125943188597257,0.774383389345799,0.134572855699099,0.537786018006538,0.155988617966767
0.950441134308387,0.124101431133701,0.67711398320553,0.138926880000314,0.230678560736873,0.215224564207876,1,0.0285793728343975,0.274463000335602,0.719374603025601,0.111508670253773,0.652248662698555,0.106543306172714,0.575168090677237,0.153075146374063,0.704637493718415,0.125420611815769,0.567112856126517,0.161634259159021
1.06305743982351,0.141308054494765,0.924945034764587,0.200599240701744,0.148749799709204,0.210204020319476,1,0.0201895007546264,0.274843017686098,0.551264235737904,0.112105625889847,0.749544330857699,0.102368018314748,0.676396369318365,0.128659568709666,0.813025083738447,0.14125267768449,0.828902609666676,0.151285648178261
0.984951546728815,0.157841707718147,1.51843659169314,0.340896250087206,0.257372465316572,0.237521159204087,1,-0.44924725990929,0.308574412328923,0.715870638770658,0.119167156272612,0.723481593211225,0.105133920277608,0.991441414796236,0.124370806248193,0.574791361774843,0.190408887826657,0.616786395332818,0.169639071978126
0.864842211128719,0.120829815933767,0.848953199928463,0.182163992156315,0.193095149477564,0.158852517267505,1,0.0286114701412463,0.233045752887133,0.64489761390751,0.0963296590546071,0.405925046732794,0.130108312294272,0.7061059291969,0.104747848312518,0.568172166072871,0.139405427348364,0.943902413123133,0.177480889306403
1.19372275210388,0.14075577067995,0.831762089981442,0.19552934124514,0.616019513715577,0.177122202787588,1,-0.059098195118506,0.291434711096372,0.676753811641451,0.108502539348994,0.740231863364208,0.0985066992824166,0.743327252575599,0.100765033553776,0.527038690185749,0.126651078777635,0.605880906714204,0.179639990306869
0.791996205541342,0.119662023004555,0.650656804840672,0.141947808283112,0.520410990117243,0.220545556676776,1,0.147970158112493,0.275556586571751,0.622128856056258,0.0991219658905405,0.61098530051143,0.0966626995532899,0.675717741450379,0.117264467878073,0.610616995551932,0.163858469757016,0.067965365254599,0.214239573159465
0.997294584800447,0.132958336526976,1.01013121656933,0.201261205932538,0.382066324996039,0.159892702244601,1,0.217337918684041,0.251109137681481,0.585364007321663,0.106612304153461,0.803627520340951,0.0858323459687305,0.832969365642009,0.110369019384473,0.451535809959279,0.168337040476112,0.680166849941247,0.141095316836617
1.30119786568695,0.162283230877183,1.23542979204599,0.240425134821697,0.113064802717103,0.209583456149893,1,0.36230738742887,0.301878501789625,0.708315770802325,0.102470422344064,0.689874471758994,0.106626150289025,0.723711938280537,0.121184159049578,0.593623361305573,0.164094858120586,1.00391462866608,0.143602428437121
1.12346362144835,0.149273040820978,1.22481405491613,0.257047106275801,0.244974885929351,0.237036401752348,1,0.273540972012165,0.256250549452039,0.641320700075146,0.105782434126138,0.829484634881623,0.103636257198745,0.81624651086748,0.102685986627376,0.637311705746956,0.17193298045804,0.63741808430351,0.193714213380617
1.02200373226007,0.105401476501097,0.581003152654211,0.118121708311525,0.357121089140932,0.201633265488289,1,0.156803636851493,0.230166606923524,0.693286243050505,0.102374929114131,0.550728201727738,0.104385331564779,0.785652552698524,0.120149992313996,0.606197012779797,0.139546933218018,0.704615868364246,0.129310977932168
1.12509418612112,0.129995240274537,0.914264536016147,0.193341855611578,0.23834864671143,0.187349297721105,1,0.134984657028736,0.242288781662356,0.593074008547641,0.113245453110128,0.779858815711055,0.107163505290317,0.447906298190071,0.153724852774852,0.653258115004135,0.117814137827491,0.745219211606086,0.140182436323852
1.01702341226758,0.135434132967288,0.986053969275888,0.240825040908613,0.303901148857387,0.266051041070521,1,-0.0657433231570863,0.247910324150488,0.716396373025472,0.10782298762201,0.732443632959355,0.11779444583528,0.568224920370222,0.13454402286141,0.648923949518619,0.164118304548749,0.508000113497971,0.204133278628165
1.11937833752535,0.144969057634023,0.957315182636863,0.215023506209679,0.38946551887654,0.244463587165087,1,0.390514893238631,0.272123100581977,0.559945310553327,0.0951941054851486,0.86515903914576,0.117570398563589,0.582433134734608,0.144912172292033,0.808257751536393,0.137898166621342,0.799777341041839,0.174207133817473
0.863011372282534,0.137868579978839,1.091081932641,0.250899995159329,0.608022583365592,0.203738049809882,1,-0.0646206269036457,0.292479457359966,0.776394621929747,0.100767835239986,0.757449870353232,0.118342600639444,0.556184777785141,0.164532146121091,0.898353595000194,0.135013387121611,0.640018181878319,0.169116709782171
1.03104871624767,0.126353496738043,0.859342811899791,0.177830274025432,-0.0189606480973903,0.163653976537661,1,0.130954885915106,0.251556462488675,0.595007999677568,0.105156085067769,0.511892679974491,0.109856566808738,0.826197876075994,0.107093012777132,0.661359153590765,0.136761217560129,0.231523326137061,0.207407289589207
0.732995805233031,0.130392109194067,0.987010202206465,0.234174342111133,0.737763642596705,0.104596837988192,1,-0.0692619145683623,0.278092419893551,0.687078043375772,0.0979196365281615,0.525946406728889,0.115829351987777,0.759998520890786,0.111732224148217,0.582346001619984,0.20235762115449,0.688385385163109,0.207040320474094
0.990745706282928,0.130578192342166,0.927242657671109,0.200269385022483,0.305907391761221,0.213369578929477,1,0.273272806089411,0.272452341224398,0.558989198573148,0.102631514136063,0.628434323776206,0.105236598200849,0.705487160858663,0.145316174123805,0.642762919678711,0.147286953206418,0.450896135264356,0.179981923018298
1.11486885696811,0.143330060281584,1.03775003330996,0.213182303169334,0.156245930517565,0.192646684456488,1,-0.0690548652521835,0.296998740354156,0.651918942173776,0.120657363718046,0.951249949037963,0.0845697877951069,0.802325201733778,0.124544313716785,0.783990491342142,0.148320652932915,0.472771448809849,0.17552309552446
1.14420574108044,0.149690320437113,1.00367507443343,0.217478551550928,0.0556384060886202,0.172689241204679,1,0.136449796643583,0.294366132721246,0.729765128798922,0.101572791579578,0.665503856690077,0.119508395283107,0.971347221919858,0.110077866601506,0.654577784944564,0.133924384402995,0.648870749812557,0.177198637268732
0.899180280028182,0.124598904957917,0.787593190743758,0.166089008834022,0.176513289289233,0.179161241507066,1,-0.213788935315306,0.239677506351076,0.706542886122641,0.0941526854823381,0.609814768765756,0.113804916014367,0.671798414159206,0.12868259617091,0.75893162356099,0.117310800322619,0.792518197660746,0.147139320780849
1.03151705964605,0.134251100330989,1.08462806984265,0.239009534049586,0.44364496278166,0.18838775408056,1,-0.187505604811168,0.241436802822255,0.598588995943621,0.10516237027617,0.799125361311163,0.0972653594049658,0.656165852510677,0.122477648095936,0.525681961838682,0.162561128734566,0.822912028775231,0.154654322532421
1.1506416756126,0.139186461996955,0.870578186063031,0.178900646640113,0.508517095095313,0.204482100151599,1,0.269239956205994,0.275247983992998,0.585605353026814,0.123792870593989,0.580095694266707,0.106018789291999,0.915088648022972,0.100287123162697,0.915050982069886,0.11825207108691,0.451365242210305,0.164563613187952
1.03552068858411,0.13077448211217,0.810652748299252,0.162730469028051,0.426637736311386,0.196700247801394,1,0.106540921191886,0.300476783987221,0.662300104509614,0.105037491668145,0.454827369225155,0.102291306685786,0.728402651433285,0.107124066114148,0.603727948843624,0.129806891802871,0.64598129422093,0.139910805083927
0.930632367335153,0.170694093296864,1.60590110977519,0.335245275559696,0.395812141009389,0.27604214839752,1,0.064271186155462,0.332918905662863,0.813341565271777,0.0991864479485945,0.627135815619203,0.128620558281094,0.649154092157716,0.138260183840673,0.960133345750892,0.150205923156987,0.958007423727458,0.166496655229408
1.10074771929607,0.121858910975634,0.838539993744212,0.185546834363465,0.632856333268137,0.159082530366936,1,-0.172263822591849,0.270760020732681,0.678469239976703,0.0927190216181447,0.954550645737116,0.0816548162809299,0.630226149917754,0.111863029592266,0.59599274508684,0.131545406652998,0.77386853423233,0.194769712262509
1.01016097305718,0.125892373999171,0.908337419729856,0.199343329024319,0.42557141711191,0.24735002526849,1,-0.133389697782951,0.256626186867214,0.79434123702883,0.0885866363378651,0.852450437320407,0.099419492775669,0.768266626021957,0.156283167601346,0.3496749972362,0.190793763837077,0.846439010523211,0.176491563008927
0.844722840350105,0.127517015498357,0.816898374551765,0.172803019769797,0.147055326506393,0.199931028436081,1,-0.120254956729654,0.286195671476278,0.8621846814272,0.101533971639436,0.671994575239959,0.113320741731233,0.718385470753159,0.133362609868284,0.812492355517787,0.134520102964551,0.847203438230128,0.142712851122013
1.17940888446466,0.152915465379133,1.3462734832289,0.290908346588268,0.152553074875274,0.213773522319692,1,0.167622128766885,0.278953880704718,0.693088163787525,0.107137871083214,0.840406742691128,0.114956563799594,0.685509798275388,0.122397397770163,0.732475441694413,0.14041021510353,0.687445383834766,0.181425836655578
1.0967831217207,0.155452416233219,1.17990332198353,0.261573015828884,0.218881173936823,0.211452823121714,1,0.0379520124671419,0.278369380046181,0.880680284608032,0.0920692406020425,0.552171016110379,0.137847177110233,0.689378777243692,0.135542501686775,0.674107265792827,0.170065799377741,0.587312097672009,0.213580918205322
1.24232866575522,0.134852076038231,0.948778554830944,0.19908106134407,0.228749387222494,0.199228023942322,1,0.404864536544995,0.237643212617296,0.728145285101261,0.0989025047799008,0.705182023712072,0.104538359591111,0.752915810707025,0.117548275430769,0.642346089261722,0.163136073031317,0.746191618275861,0.171269172866099
1.02386389085568,0.141224747256812,0.916961730093921,0.208287109490229,0.662958878087797,0.1658904544634,1,0.28380914415358,0.308395995296812,0.727344434153346,0.102108507477391,0.890320726017574,0.111124246431163,0.796982856027167,0.10783302993327,0.420820428035049,0.148573140346751,0.854230699945409,0.170295996884724
0.846902641764264,0.137660328708884,0.837428844524693,0.181762031898961,0.386603370268187,0.203467004781901,1,-0.00753885202753026,0.283991923522969,0.657100157207649,0.109624292228879,0.757975456885571,0.100968266977439,0.654851256900645,0.106929733609924,0.503758156197286,0.164634001300909,0.45089476082071,0.201123175239972
1.10191873405692,0.150508849230517,1.00396440821369,0.261243936297724,0.653088886508976,0.141381024356486,1,-0.24494419495904,0.277380000552697,0.787473353289497,0.098366779959354,0.52158490967379,0.119478894807328,0.59427816144655,0.126368135623574,0.697395661283896,0.151150478631291,0.444508303271918,0.223795974330727
0.68907367342059,0.132130176611897,0.934540830052951,0.199862527180183,0.079607816215159,0.209829482267092,1,-0.470167626928063,0.242858955752455,0.686652892097092,0.094189831559885,0.742979185187068,0.0932689970868287,0.789557936049682,0.135791901732979,0.789608859015184,0.146900716188343,0.740332758798829,0.197569236527255
0.892870331119991,0.120354747949223,0.712557583346163,0.151415318225231,0.474466156329046,0.224329825722921,1,-0.338233375861908,0.310856103778283,0.775379793713928,0.0910602478205688,0.617238104745958,0.116705467174302,0.563364549472317,0.123736415873467,0.765287989888455,0.103960981441583,0.493905624614943,0.174610389772066
1.2568525617891,0.132326703911836,0.76864503950367,0.173599829096164,0.149754361929076,0.166696995954645,1,0.101901977867157,0.284223031164594,0.84688787543501,0.098663949335471,0.752448623948561,0.101293154102327,0.581765297010921,0.124387300078167,0.616694444804096,0.162910543478288,0.795267905257094,0.160682436755295
1.05813050977334,0.159674738817778,1.21494226723024,0.280462553482543,0.375425435424263,0.269269789110293,1,0.148736116755757,0.332397880421925,0.709724737174584,0.116565478493524,1.04040982449513,0.111296544589258,0.529906536749182,0.160950592559007,0.720604455236224,0.143892344940797,1.07206208585951,0.167490838826414
0.909471640111,0.112063519103493,0.554730249469663,0.127427486604273,0.450555299041761,0.205005429575837,1,-0.134945327145766,0.267411556304783,0.679564446337416,0.0996921624731638,0.528254929758862,0.099031826328728,0.697673413341582,0.110619565426043,0.576767607406651,0.154971050471543,0.527729589580016,0.205291006431287
1.19993067114706,0.138673038777806,1.0829267844846,0.232113262990892,0.357117618934775,0.23162328788806,1,-0.135511699133972,0.237083232134542,0.760794170781806,0.100529197536623,0.641732942314893,0.11314722181213,0.7446710278618,0.138692881392535,0.679718289561643,0.13695511978072,0.678523233384261,0.157829466218925
0.899514997610052,0.133932086128179,0.854132562165175,0.178770168638564,0.374872239989842,0.27386694669424,1,0.131224867464909,0.293376100946578,0.696919242634286,0.106226762478284,0.646935092011423,0.106806133277084,0.779871907038343,0.101993511445095,0.990189353772471,0.157185373612467,0.492276550154424,0.204386326855246
1.42214664196803,0.158583748586975,1.12054275545708,0.265605135709153,0.272739154085032,0.233459430701781,1,0.159729905281785,0.264110866840945,0.873412624482398,0.103913297082999,0.639576333107677,0.115659928994814,0.735708375957103,0.102151973762447,0.694565286467041,0.148459454873282,0.990522553126486,0.136454133051349
0.987260838071412,0.12662992041017,0.928646001851961,0.214580503309497,0.393291847911234,0.241299003751289,1,0.237107152579326,0.275789156074009,0.548137452973762,0.12211172109627,0.647849523253181,0.118125470113026,0.619409462445928,0.138618161269564,0.826895412733984,0.126405117551455,0.535756075909892,0.176991694233305
0.985280139675667,0.114964663918116,0.635554850112748,0.134330613975234,0.280267692685971,0.188470115599314,1,0.289156369367601,0.244583984867843,0.760106782580482,0.0908552262913769,0.498553249535016,0.122721744020241,0.540860956607953,0.135100735518222,0.623003808442112,0.129926260136917,0.824802169882864,0.148873031259385
0.914015394743295,0.124793017121678,0.86471577922911,0.170095892907306,0.0865839305163183,0.164795259461317,1,-0.140136233628897,0.207135121571066,0.617514433413103,0.111749973786188,0.780140705139067,0.0902458921638746,0.607980240389598,0.128045396388489,0.815224729837635,0.135758157131979,0.813843883356992,0.138719894447682
1.15932301652399,0.132097484380584,0.754101860908613,0.166091611257681,0.313081977661397,0.237354563998546,1,-0.131550256589578,0.24463833366928,0.627827096389391,0.114341946511434,0.76987915360486,0.101797766239267,0.828765981627993,0.102643425000364,0.554814078589214,0.135402285714291,0.724920579619008,0.144406402274354
0.924510940953254,0.141698258335759,1.0603439571677,0.242771167837045,0.187691292462767,0.169718239082731,1,-0.180687133294963,0.269236861217046,0.631622439314322,0.110585536377052,0.80952427309747,0.0974342625004921,0.686137738436319,0.116305754797561,0.666773170452449,0.130788965443244,0.773831569370313,0.195414035369607
0.902998955697115,0.122211085421728,0.809467718452201,0.182822344177944,0.491055755310518,0.229689884065327,1,0.0772349609372198,0.277439646006352,0.588695443207173,0.103275643883927,0.661941626581712,0.112017365623819,0.568894237288293,0.126902429572674,0.551157991862341,0.138236271104114,0.775186287001767,0.153878253229771
0.941549190232318,0.139787668618617,0.940443660807622,0.203681864484643,0.259602074509125,0.250154511667431,1,-0.0948333696709165,0.247452905627299,0.844916580124755,0.0949778439315372,0.650026701059022,0.11900104823974,0.7608594157326,0.126882046019689,0.78220493985058,0.141102145981348,0.52835498107515,0.175237947158637
1.08057061714696,0.138693839869781,1.01934650879069,0.235481070074468,0.54181459994669,0.23969441908586,1,-0.219543531913731,0.30841340011923,0.727685793477939,0.105381767233677,0.797892645055343,0.107254364287517,0.491685417500361,0.141248364077787,0.671270281596179,0.159817405297684,0.846147149288454,0.116204675904669
1.11454326187916,0.153320399716954,1.23037625815654,0.265323015124607,0.172539533003592,0.242721897145104,1,0.107733495163375,0.290945776922245,0.864165923771961,0.091417545307898,0.77172038396417,0.118644304174327,0.709324437766093,0.140037876955065,0.694213969808668,0.18330735240331,0.173597221643769,0.250766080514527
1.3020205032684,0.143197102418613,0.921031324874345,0.235081410619038,0.803546419075789,0.075478113501102,1,0.353074424001693,0.357061771038353,0.701738445553471,0.122074578863446,0.910438827620787,0.105072562471059,0.778465803654152,0.114538979409362,0.584425680776605,0.155546547350095,1.132158315477,0.137578712735299
0.958606036860396,0.140389777126037,0.907318056428391,0.20629964954405,0.148003470132929,0.196377915049619,1,-0.141949202700635,0.335695380821064,0.847530952445171,0.106322197450405,0.742354071511721,0.111487331201029,0.668929654321978,0.129901105974551,0.563863274603932,0.172697763878572,0.748741532587215,0.162429975465661
0.989738651056333,0.131758385332748,0.735085484284935,0.161799062723814,0.683736158594905,0.155383995076606,1,-0.412035412957186,0.349705401945125,0.765874460458588,0.123249630909097,0.759572374769344,0.0977871655778456,0.654168027629733,0.11075837739027,0.783662332002988,0.125186404015625,0.673162254509979,0.176986077835938
1.13499416251688,0.167931094479228,1.55086396848436,0.362452678275545,0.0715987993856513,0.162697538852166,1,-0.185701507091545,0.257260405253409,0.84439650438739,0.106914173540501,0.908005067631365,0.119288261137349,0.580648860884163,0.129192928676498,0.687520364121859,0.167785351711595,0.736266796468006,0.142994243247874
0.988348499404796,0.123105080826276,0.708913000112248,0.144733695750346,0.324327271342965,0.188768797724305,1,0.0890832000807863,0.25848830368755,0.548105470073916,0.111618104033882,0.757177778348009,0.0982429583108974,0.558064960938517,0.118401249669994,0.730570785331155,0.143682419658135,0.865265805013536,0.182723721574483
1.33167546626519,0.132601400441694,0.76808951645594,0.161655548619894,0.257692362848452,0.190048641645285,1,0.403196005176432,0.305445372356741,0.674207275139436,0.111535768354171,0.642322164422367,0.111540461898438,0.651062932952366,0.105952863164388,0.783823130871372,0.115007427603785,0.562039176954149,0.158066868725971
0.887755232117007,0.157161251399959,1.39135523144152,0.295207132354088,0.00323892552409926,0.149087204908576,1,-0.261130297909212,0.268969991157432,0.836335720174466,0.11029169360373,0.761229893521115,0.106618617001328,0.551247121088061,0.127637214585128,0.816984614600101,0.169858988054358,0.806955473746791,0.157041829650743
1.06213425941491,0.129184220717738,0.93866840062189,0.205752436945586,0.132555340338508,0.193842337809155,1,0.272329632848011,0.209746004795097,0.67660299868873,0.0996489487377023,0.486941644781886,0.124345488640106,0.831541122363759,0.112368134788006,0.713028398224816,0.123258125672366,0.535439365313789,0.190671291382837
0.949730847415908,0.133559352074592,1.0153245352172,0.194222938791932,0.195050527902189,0.207118412049962,1,-0.109964575288975,0.244299556046836,0.622005124850141,0.107014337278206,0.680022317549405,0.102250874558012,0.607125856874821,0.109607548707118,0.699362569498497,0.139821650904978,0.860313738293363,0.141993493121316
1.26462982740298,0.142991106821389,0.981637554405729,0.202927302177425,0.183614560582854,0.226377875537021,1,0.0216640480088865,0.28705271720307,0.661895337362945,0.115841285399114,0.732496158418204,0.110915274286692,0.827309044039796,0.103057225349473,0.75402011206112,0.135639127999242,1.07398825096106,0.136959658125116
1.06775462705395,0.118443080989789,0.566497558396397,0.125738338004366,0.651780864959737,0.145937205036676,1,-0.0565818581670946,0.264158792032184,0.716272742530924,0.100445035263878,0.777244316186694,0.0989532566421501,0.476722511734201,0.108839810629234,0.601064789703497,0.141098839090377,0.547313772466121,0.170432797467941
0.892371377426936,0.149016848353593,1.24318823811752,0.259310394332363,0.165742992415388,0.190752130190044,1,0.0331691283977452,0.335942219224753,0.643925388666778,0.117758918349632,0.554944581286032,0.134168268708714,0.784796950492293,0.132759941816399,0.894896966303059,0.103968516450719,0.822424418340412,0.151812974669325
1.15610212436283,0.133526666612175,0.948487715446718,0.195635057594728,0.18780937691542,0.17484213627964,1,0.0748365417383297,0.229459063172767,0.822043603953729,0.0802740573609057,0.727012052423966,0.0972949842463547,0.760603710172507,0.128779909429782,0.717596029259843,0.151723447138812,0.629001688604071,0.167698575086872
1.18415437663191,0.127643636030205,0.87145987713462,0.180264386174484,-0.152544659558641,0.124842170941013,1,0.213374352647257,0.216678021151322,0.8237202901437,0.0910081623820135,0.832006288481463,0.103850733240863,0.647605698947118,0.137858011321528,0.697836224115605,0.158753293743712,0.805745358529649,0.146901291408183
1.11900916244362,0.133094000166709,0.882784165391772,0.187053708437468,0.25998830933495,0.194726783923241,1,0.382393639491448,0.307136855470923,0.610199634994518,0.11283961022347,0.592440373060794,0.116520544459959,0.676027104382402,0.109329723682926,0.497133902225378,0.142802911413797,0.795474883850827,0.154979119074503
0.956307161160026,0.13121507261628,0.876201075470069,0.184631484080985,0.367588202645549,0.21686758919651,1,-0.246912529668814,0.241578733295207,0.828909681462915,0.0765165707071224,0.659269853262615,0.108830857971794,0.812295855397625,0.11443175450186,0.890567683834501,0.147259701800642,0.800619834496305,0.209442365802858
1.10904059524703,0.120650238078745,0.788339184366684,0.157320997010644,0.0887562153705691,0.16870144595975,1,0.143764706084096,0.216414623559787,0.72274455065302,0.0839998884432865,0.579697898797778,0.103464119563181,0.678954336017679,0.11654659929402,0.573156898614815,0.148500356549464,0.474155963211432,0.205581255891179
1.08649023694195,0.140456064601967,0.881573127445933,0.185749954935028,0.378987500994453,0.226991658101796,1,-0.345279057792026,0.375388222209971,0.89721790410545,0.0968423761428822,0.465746049482348,0.113984257081649,0.584180967588999,0.112629605738624,0.602397231543819,0.137157821079343,0.74319037385923,0.137822862675133
0.910432805362906,0.123506624012328,0.777343649896896,0.173714329391009,0.505268588614763,0.203545382464175,1,-0.0235152115992408,0.29677052014141,0.728811755097184,0.097981685548985,0.610911576645085,0.104978300384679,0.666316149668768,0.104436031952319,0.665143839842235,0.130223787077924,0.551059030696299,0.251834496095857
1.03962583484267,0.1512760097668,1.25912117904137,0.26335307028603,0.475607680599423,0.263204289919007,1,-0.0465982564937685,0.330733317222938,0.513944147919899,0.142075403603552,0.750901432293004,0.0894092404401561,0.861616277443541,0.0999956924306785,0.695607590202079,0.159570723031422,0.721180920038326,0.1670673141082
0.881414816912846,0.111927538375228,0.58563656836839,0.132109093658888,0.349373293289067,0.214362265265776,1,0.223085736298458,0.246463041447184,0.710539565743702,0.0926572427216739,0.583463906692872,0.100228272294661,0.8107078670842,0.112667175798408,0.725085602348248,0.139769950729529,0.473650649816032,0.279915302298038
1.33989354958654,0.131029340228342,0.922176522562715,0.203302030817761,0.33705738405076,0.194824378495761,1,0.212865538113327,0.213900948710033,0.705202724209296,0.101458509868389,0.774003438542765,0.101049685257496,0.690519842690529,0.12329930515261,0.862319093167837,0.13347075983932,0.698175130046623,0.152193696035492
0.86560556438573,0.135441445273289,1.00836296699822,0.22485457122515,0.129966631535009,0.22175344860227,1,0.299947597643573,0.289402715268495,0.764119722578259,0.113309484532308,0.800455983335758,0.102065802675078,0.727259221106524,0.137088815262776,0.515949109299006,0.199295293251713,0.664578549901979,0.194477015138644
0.956753297699747,0.12999102957843,0.874272578292809,0.186868529571974,0.153938023028283,0.213067388559055,1,0.176527598029674,0.256511950300539,0.716186478705715,0.0957652315842029,0.602411173663457,0.115677517000271,0.72506038098968,0.121784821064629,0.765826640260486,0.145048431776557,0.615767958332485,0.187591213269203
1.20171390575765,0.139485789355687,0.942470226254494,0.202385604423955,0.47574297358489,0.241071306170391,1,-0.126835545222535,0.27663825690918,0.72805323509659,0.103519445647657,0.77005561978602,0.108348848273706,0.614084425684976,0.1302702914419,0.579906823452133,0.154345993997226,0.6494661618696,0.188160528565193
0.934526017796192,0.149887064331776,1.26406341718488,0.275541517966413,0.169943242028073,0.170753425623562,1,-0.275452404235092,0.278232390215402,0.725711602586083,0.110174709638369,0.507284761984597,0.122339942345571,0.602472999773372,0.125652723783063,0.744666894496206,0.153106150165454,0.724646393081441,0.145976016524452
0.916810681428071,0.142181171261855,1.09732724260657,0.2192074067265,0.235519652205341,0.205751447941109,1,0.076920483932958,0.316080123731735,0.674590290047766,0.102815827069393,0.791269651300642,0.107074313341627,0.833506261220016,0.131805853953929,0.927209884640882,0.142563394131151,0.880640697538938,0.151014551748299
0.949133875044328,0.143905114811259,1.13082688021256,0.250469695496792,-0.00329179358186573,0.158607826059397,1,-0.32172496585109,0.272183415705999,0.854580081450338,0.0967841163023667,0.777040404095666,0.103565031462934,0.475368311489606,0.144724784352163,1.17774760377701,0.115036143352714,0.726628216703857,0.172915834416112
0.9092063020829,0.127623709688398,0.882894498505495,0.197640743306371,0.367345577919939,0.203307929354678,1,0.125362863064516,0.277115835174773,0.662206327633414,0.111747777948227,0.541191619164988,0.121165488036522,0.735600050011867,0.114211301383801,0.0337165133731859,0.198894134764224,0.626936690350202,0.148218473866295
0.997439104712041,0.136931699159114,0.9062465380086,0.17058883966743,0.0677762297147735,0.228492195762429,1,-0.326838734292857,0.339468306836805,0.779051649093282,0.12837767332734,0.854118533744002,0.100166795867848,0.659923940282327,0.128690538888082,0.8458458165046,0.11782519798849,0.896062598405589,0.122654702142638
0.959473132207467,0.145869325703442,1.34035080957751,0.309099465880146,0.370667236859011,0.270175167773548,1,-0.062364990044427,0.252033672536427,0.685289062491347,0.119164293329733,0.850879494146092,0.0955867958658017,0.630335802966191,0.146628679759174,0.741303018234805,0.153158147897892,0.564778224798543,0.222773312600986
1.03581621086765,0.142279584248345,0.949885591706872,0.209954049036619,0.607542050044095,0.199559254161942,1,-0.0129489310034754,0.307838523769686,0.692619430501939,0.101610781325567,0.513022840434637,0.117235036964718,0.735370359927994,0.1148794919033,0.524013314893224,0.15858743939928,0.643763295843852,0.171035282965948
1.03032107522128,0.136674863723995,0.902941662334836,0.18321521823815,0.14873723340444,0.146975677099231,1,0.083431590595121,0.299194356145975,0.671867653619586,0.108537239657351,0.798319756736261,0.101968208477133,0.556723188125978,0.119118502310517,0.708097788799327,0.128529139286219,0.341949159633314,0.230233468998336
0.898525430900257,0.146218855624443,1.14614573595069,0.264785051191866,0.37189926781255,0.219709749155751,1,0.077523320354774,0.297221882013472,0.48832913216077,0.109941177808447,0.713929943882014,0.106067399116068,0.631342847400461,0.154785527765817,0.617495650630514,0.175246250034588,0.595639725367201,0.17521410626853
1.01510402832708,0.162818394904963,1.48370348937076,0.321411057606485,0.206430103693063,0.20976497517888,1,-0.231562230616783,0.34611562864464,0.770419845051622,0.115578082615919,0.649157165530041,0.125294555561622,0.606287508281751,0.148073602366346,0.777371933291721,0.108493579062669,0.466365046220991,0.172539252336912
0.904450371407942,0.156768253573545,1.38855186462184,0.301385235817635,-0.0809000628265936,0.171855927683959,1,-0.130425471522548,0.226607211009705,0.698278495421539,0.103629093462438,0.916909914928651,0.112299878455006,0.728508333181671,0.139476291680548,0.929720450210178,0.134493763063606,0.472872795784798,0.223943902553035
1.13335703338465,0.138698753167731,0.749537777516071,0.177008009435148,0.601845890677564,0.183765321658476,1,0.321730003482604,0.304527864016782,0.555939536877067,0.10836709485409,0.725111677471275,0.10300076266021,0.67504437506407,0.112567143637917,0.617085350760099,0.123449774482172,0.604632354357634,0.192393331289335
1.09242310781539,0.145916253577173,0.977868691415541,0.213505377337169,0.202202162464435,0.236754398187876,1,-0.434780160027572,0.327639159539263,0.879625187176598,0.111170918877301,0.884002995084159,0.0977343899450935,0.554273608039991,0.126612506052363,0.775466193610091,0.143720460241711,0.805927883563532,0.185157912450459
1.08142357833253,0.15772945251408,1.40793598148942,0.284399778910918,0.254432806162958,0.212440366057503,1,0.197739786255156,0.268776087182227,0.788918573920509,0.093279289543979,0.726327926226167,0.109524643206525,0.726718415687533,0.132883541404814,0.871634911379216,0.135973499139869,0.532501279351399,0.21642931542289
0.930968287654318,0.139972195819575,1.1269710195756,0.225552683572898,0.299606907576002,0.189476667647269,1,-0.177962402883415,0.24042665126489,0.699357664124352,0.108919041051036,0.617862210742754,0.101456421391364,0.64192700215966,0.112064267065835,0.631979198738281,0.124491124657626,0.848184431468198,0.149067362617709
1.06431237000111,0.141645388515471,0.909110545854616,0.198784138703202,0.0694974576340946,0.16304020658206,1,0.411386526278628,0.286832941873235,0.587566408801354,0.101639867072268,0.791032643082479,0.108224550314246,0.910192504687886,0.119287105737874,0.388404953960479,0.177862198528707,0.816444766783434,0.185191986417771
1.1093583308631,0.158785202955237,1.30714339408076,0.294170993190533,0.702269832864139,0.166305928512635,1,-0.0727571376422566,0.342007555791296,0.781746934330829,0.10688723244024,0.823633420812525,0.105919560232082,0.77012036731224,0.128789974225526,0.764194172595425,0.143561745068404,0.972077311789231,0.205268819988871
0.894691305525177,0.12760029662768,0.883094888074075,0.204035256633189,0.22226591270275,0.212706166144798,1,-0.011873167186528,0.337488536627948,0.700180479616528,0.136420561442945,0.653108922937794,0.106813492268452,0.672036944675875,0.101665207598077,0.572622307982428,0.149637380600803,0.601709733866612,0.148493646747897
1.01792736805222,0.13405683449172,0.921046305974696,0.208087288246716,0.207750988214388,0.221138353946729,1,-0.0569611270594397,0.291814916134097,0.627503858402147,0.111431195771046,0.649386935817201,0.108896513726605,0.799490361019054,0.0983743792624339,0.882214807439936,0.13569226463966,0.783711863334776,0.183997613081692
0.700547628976406,0.133371827808626,1.02521040602436,0.224778868947377,0.550576980680299,0.191015100359346,1,-0.167727783237399,0.246842610229674,0.694635729890698,0.0890838835050064,0.423346822288005,0.121846294207302,0.69142882265451,0.177780785102265,0.560635996797646,0.160567525438841,0.535095440017186,0.154221443859198
1.10848666223908,0.136194863454743,0.888675512384407,0.190163954105233,0.231443187336272,0.206066953141298,1,0.167262104810962,0.30004058222411,0.666412272896287,0.0964310103623282,0.651687149761155,0.105317018689038,0.687975595225597,0.119915150120981,0.850269662742387,0.139203086343622,0.52355337644517,0.20835109096018
0.900225777503383,0.135137385709717,0.763074579782445,0.200079072725949,0.778962491759295,0.0938579338655125,1,0.143438657570198,0.327850276342393,0.708260306185311,0.104734142374874,0.687688001864208,0.100691745228623,0.630351013749241,0.124500444763461,0.74253574750215,0.139723688255917,0.640033703505679,0.145616166040692
0.899158112853599,0.129827909341026,0.857590185662097,0.184287422218968,0.534072233729975,0.205039666451639,1,0.131003874383659,0.297153387478003,0.750006503375327,0.0924149013609933,0.621208261969192,0.106730200081557,0.692166424748154,0.118435856500694,0.571034654322997,0.127708262580744,0.422234345354187,0.19518559844516
1.10707345101846,0.15612887624815,1.06234686746643,0.270647646057453,0.837586979813614,0.0699849015003415,1,-0.454195442648642,0.416971177090129,0.87895362555477,0.11151858880879,0.919662273459565,0.0953862816975054,0.604358676714667,0.122428417454609,0.837984131211582,0.178032484212215,0.472183802784106,0.193914956416805
0.88504991499936,0.143150586595848,1.19690619097653,0.270162837483339,0.143473718368167,0.214142888672027,1,-0.184253302132307,0.257064147541006,0.702951998146236,0.104997291681027,0.765814387056973,0.0938037591486408,0.542139912740046,0.145858061989648,0.876637718867858,0.127345233179313,0.498820938544395,0.215480932468793
1.23308645338496,0.152159671073138,1.24960472503916,0.284445429640184,-0.0455129258601257,0.179421312896749,1,0.544428253179218,0.255740159952523,0.658879520334716,0.116974135713957,0.691760735637694,0.114345571203127,0.867998130876119,0.129186361972217,0.838796969778605,0.143082100311327,0.826354600739606,0.196964966424592
1.10464723537258,0.156657677784486,1.20364894882981,0.254927369867977,0.0970308489326031,0.180773199123129,1,0.00711039945481291,0.296940018381002,0.681169321209412,0.113267059412277,0.774547303957721,0.107726443689715,0.852618249140149,0.1097821194075,0.760837635876184,0.132605384733637,0.742897633924744,0.184724735593193
0.915268170666313,0.121140482137185,0.61561326000664,0.127570878571818,0.335267964721771,0.181074457507611,1,0.0628412660157051,0.284234911073839,0.563458484527695,0.0943951949547359,0.581431453466466,0.103453214516288,0.664295497412895,0.0869952497725144,0.735589208964661,0.113104062254091,0.399807255462693,0.19278794152813
0.936245229707517,0.135985635880327,0.997051491989633,0.224049524505902,0.383536039952533,0.22566734345416,1,0.120193974755221,0.267994082419644,0.691743737979506,0.0969910797012644,0.700589826689045,0.117888228361527,0.601916024282648,0.144866324959275,0.467085172172746,0.150741281106141,0.692757962033901,0.15622200515098
0.964362362460543,0.146401311257503,1.12872047823149,0.260047613083148,0.532868187396234,0.274413529253237,1,-0.0307678001364526,0.338117989353355,0.830996183490886,0.110355179411702,0.613858188282099,0.109131422977351,0.603075552956265,0.113086904343991,1.11621592443851,0.0988180697274949,0.879097056871378,0.217743858506528
1.02410779588726,0.142488469959901,1.02223782299152,0.224569379193608,0.24729628170773,0.248947861532403,1,-0.312965945890253,0.284415493366978,0.851334079444045,0.102008367986527,0.463105651944706,0.119387985837454,0.751178886481526,0.117082354064218,0.721856430802739,0.141671840274218,0.677117346217602,0.169709634253208
1.23219952844431,0.126163365083212,0.690458050942392,0.153938942997126,0.355698302784574,0.204922585397787,1,0.318458908154317,0.251547066226136,0.59238917498811,0.106189542847262,0.663706339427636,0.109157275839307,0.692284663108981,0.122496511126493,0.634265293814691,0.119966724389495,0.750950264203623,0.141956665329191
0.855017606571809,0.131366314733853,1.02956225571447,0.245625168283757,0.524866477781873,0.183977247444835,1,-0.104190296637224,0.315395860267609,0.640832024901131,0.104481739509023,0.408427105680299,0.115298991888587,0.645879102588105,0.127038459077993,0.643826597852182,0.138817622106916,0.184859705171684,0.219929663314115
0.998165774619793,0.154053567733653,1.15283670917116,0.242896577647979,0.065066892813792,0.194147128962268,1,-0.0173948724584245,0.306537395509848,0.718072455344767,0.104314209221024,0.667048619196184,0.108139518520008,0.57934048892236,0.128986875387983,0.731983236814616,0.137555582361445,0.812145794694094,0.162268540132456
1.11069202424824,0.152262214558896,1.28152387682107,0.270849654955465,0.140148883072966,0.173400784602712,1,0.272339559944898,0.291765200911085,0.606915822384084,0.107771494922409,0.866502132342685,0.0830288465468596,0.74637724980179,0.122116505949905,0.882118513034663,0.149904394120998,0.539366810477084,0.204885291454025
1.25466446592328,0.130682276748464,0.960231062006891,0.187806382120353,0.0426399525357462,0.167078299508419,1,0.342429870265684,0.21591133092263,0.607650003443309,0.107197729041208,0.757971492202325,0.0994675450500286,0.70675412638356,0.124993267410388,0.716184338885476,0.126367711176751,0.908881273002788,0.137227479571143
1.29177055056474,0.137688949979194,0.764921640607648,0.156621304953514,0.126327621247187,0.15322514117645,1,0.226071741917058,0.274519708178573,0.673182145855269,0.107730786013803,0.628744144416953,0.109785337383561,0.757330957759446,0.1090463081905,0.899497885145321,0.110024169291363,0.515780728606655,0.171166361980076
1.13763426248806,0.112831991584534,0.567237208993695,0.148740215788371,0.702508820528632,0.130833312840401,1,0.677646805532922,0.29831523804258,0.662602175203411,0.10160833209318,0.597592296582641,0.102579628194134,0.487306745059602,0.124153745333613,0.431527768004121,0.149514484133813,0.584881467521614,0.165647140712892
0.920974380031032,0.130807519436743,0.940422598849263,0.212572665896754,0.111792609766931,0.181676313878922,1,0.0513623970809693,0.25013336989356,0.578324184480993,0.0975593162422472,0.644316508096712,0.109872767326278,0.688049813940291,0.14678865401468,0.571743010898936,0.158855341665757,0.601013392815085,0.190951980803964
0.785459816925176,0.131709196510376,0.864634547887479,0.182570215904638,0.417329292954604,0.20237977915294,1,-0.514608951671636,0.336010069433066,0.764070948166535,0.0946813115580622,0.659671357810654,0.105934837214718,0.775353831566534,0.109998454522657,0.407787459104788,0.190978284260626,0.404986140738325,0.182639795209698
1.1650306199029,0.13051205700028,0.876352597650678,0.17514799203618,0.344053733873424,0.199840545022875,1,0.159672778066517,0.269784648057344,0.596992761461351,0.0994001297996624,0.870345878650694,0.0865950460892344,0.628561018202499,0.133173163757636,0.577384539453121,0.151263005516597,0.762138427321872,0.144386775884208
1.01878366931788,0.136395289801671,0.929409382538513,0.192026661426443,0.0857032617322332,0.124231566778833,1,0.0125420438626676,0.264428915666238,0.679512225785297,0.110141728345374,0.638902113686121,0.0970485322561251,0.629369668692498,0.114293146541551,0.725554272510331,0.130124748249167,0.409601793251843,0.20337548573441
1.19735951346411,0.138028135217137,1.06745818712042,0.217130755200106,0.116061172724196,0.187256498997391,1,-0.0308154794135522,0.244195303539573,0.65635594919979,0.102136408368069,0.723377715188308,0.107458897326402,0.797147535992322,0.11111212477074,0.717572556044138,0.162852825929418,0.702434492801976,0.203714840310873
0.767739210308839,0.12319288041038,0.963402385980974,0.218599002536217,0.35226851789111,0.209438567843073,1,0.120321401704269,0.24013713821917,0.450031122036234,0.116893769295634,0.686828889538186,0.0999468805006174,0.632243623077891,0.126004978110522,0.739119215957783,0.167889906576477,0.438246529815503,0.204775623658604
0.90450982346701,0.144280675656635,1.08066665593077,0.226906692371432,0.298119880947489,0.192205968531305,1,-0.276189346876257,0.256446408410812,0.693175831556202,0.105143549638957,0.762103768229216,0.0931895914369588,0.733748960958372,0.134229968343133,0.726900201628344,0.137882633033443,0.65976287717519,0.185372543675822
0.846391268774098,0.128079195240561,0.864756160366358,0.210046756495894,0.394581553262167,0.161833183096367,1,-0.0983195448355093,0.273994972693196,0.749459505694829,0.0910258799719899,0.574025119647559,0.106044503213965,0.44120409171311,0.16078933138158,0.511527191707488,0.186656418398504,0.58300392354212,0.205082225826998
0.761935619658315,0.116974813073604,0.628639381627136,0.122776096410625,0.266153813809045,0.195400682910783,1,0.131627160163522,0.235504242753919,0.665250756837423,0.0877176186578598,0.367883613940232,0.112592500613008,0.615156921193066,0.109231839172405,0.679975618607654,0.134085972031636,0.622964842044203,0.175446868550991
0.936145106591855,0.139966364054359,1.16676349985176,0.24514613087007,0.0808792044531581,0.17044186023658,1,-0.284393588855446,0.25829676735971,0.771061079893822,0.101930249264727,0.820218033260616,0.0994848480523872,0.636249131158639,0.115581964111285,0.880849190322195,0.117544182855525,0.943158703921224,0.254017218386835
1.01944476375837,0.135849881899477,0.924517752516644,0.199243392279348,0.371561832434523,0.199671135562619,1,-0.271244177725213,0.327934515747967,0.633057762186291,0.123527463812815,0.761372854641399,0.107145057536581,0.371208730546521,0.12601949568798,0.662736926013387,0.140284419818348,0.679749629804803,0.14789336873383
1.0399450238544,0.129548663428958,0.834689635252169,0.17255745916517,0.262312191654655,0.237134251435498,1,0.216002215995798,0.272703791172879,0.60244912764044,0.116230074969029,0.874390139008865,0.0995238490901139,0.934121162977292,0.113146064936797,0.904007818283584,0.109798301210567,0.490770422464478,0.198957050074028
1.13491683467902,0.147282028285388,1.2441618734991,0.254490398354972,0.0339526976862572,0.217528420343357,1,0.187245967909757,0.268102079178253,0.670881834863427,0.118062608155798,0.758273376244823,0.129442637850174,0.881958782846411,0.114595763121832,0.915245932219971,0.127060292686935,0.731432175535787,0.15468378110124
0.834533197226361,0.148308198423617,1.36421815098398,0.270168170480928,0.0274436332662499,0.169371504058999,1,-0.335620070030372,0.360558081470794,0.790985350113587,0.121278020017182,0.750531916054943,0.0915771248449373,0.845900875789984,0.116081941978718,0.688840679451531,0.14137088122592,0.900330936659985,0.159823777219527
1.18534209552452,0.137420054936497,0.892884113907514,0.187265364695466,0.360620106596176,0.198962417753138,1,0.0817205347971471,0.284351659517593,0.69539400109803,0.109074748331456,0.678252330767456,0.115229561051325,0.438906201082829,0.129567134423217,0.658033359973708,0.13183874074107,0.804906795598466,0.119745153991349
0.922157799717268,0.12164325444193,0.717808066425859,0.148242319265388,0.208366722671938,0.180077966915913,1,0.0274319389496367,0.292213317046511,0.671553701099296,0.107474681452168,0.646144267603522,0.108253072755966,0.737662653507742,0.107864699823795,0.378565304678046,0.156278268902454,0.96148431770791,0.121963049212292
0.970455578723849,0.121283040039921,0.789100894216254,0.172863792740639,0.356320921057845,0.216140927410091,1,0.0758529411213387,0.280374218526411,0.63107610461456,0.113952158451581,0.771399923054031,0.100933817825153,0.651466532046737,0.144158658198912,0.615427911721551,0.143075629910196,0.617380994833399,0.155684170692135
1.21471441803222,0.143848476815154,1.01995022155928,0.227716239687551,0.572009776809886,0.205704807071517,1,0.0409246789484723,0.328323399848852,0.820372869993979,0.120030027705533,0.705531915831596,0.0999449816946179,0.725859823405865,0.109675312511734,0.662547325727381,0.131576739191115,0.646362040026795,0.141552730001262
1.0117955165961,0.12919962230424,0.920021013106187,0.206697626954153,0.485833174130661,0.205298557945814,1,-0.000795352722104479,0.297690429510199,0.820451742836956,0.10302436035416,0.599659887635264,0.1072864039163,0.749225252004336,0.113751728701932,0.805703254692697,0.119374918575062,0.583116458115418,0.176859094033225
1.00978137471691,0.147712592688674,1.00757699523383,0.192849315281087,0.0611227652281134,0.158171634218303,1,0.346903961565774,0.349628371548949,0.53440771574276,0.122017843109549,0.668455607742788,0.107716068024583,0.727152860983495,0.109589854521099,0.661520966882539,0.129800876019324,0.985518278998574,0.130606892625859
1.12921387094206,0.145861258896555,0.941046165854936,0.193994300030852,0.17530091371675,0.188342480525789,1,-0.288259628297148,0.33945675382946,0.742931975628974,0.121437461400429,0.898523347534965,0.104013891861758,0.799772470460997,0.116366391458569,0.774398491314631,0.122815972248664,0.725403833358369,0.162059826166378
1.05165203552189,0.146373396997308,0.938474410011977,0.195269663975208,0.061924396709836,0.148739328342672,1,0.0265124403063468,0.249382846718761,0.663267562363369,0.115892697467676,0.794579603339198,0.0960010041952918,0.715587840632837,0.127196841089,0.566538747137662,0.132565688616944,0.755958213949528,0.149440156527486
0.844698538176075,0.131916821611803,0.752927238869685,0.172060752644345,0.296820348289643,0.252931727470964,1,-0.0857461898840865,0.254601645481617,0.587783445819531,0.0961251845797264,0.679274287579946,0.101579881310644,0.501715382831684,0.132433110480951,0.69897278283318,0.136524119137711,0.50422104304788,0.18433401616293
0.958679442511798,0.159078810440093,1.36704752024892,0.326089835875488,0.396520263202544,0.274765701404968,1,-0.117458844991955,0.294786838790778,0.813088735617873,0.0978205563558591,0.772870872964705,0.108848194927009,0.638051989142905,0.126185219576119,0.325880158962071,0.192970155061237,1.02014388584239,0.121967816826136
0.887726256730647,0.120502378830039,0.931266312527839,0.203825821508572,0.319535612353543,0.203247593345151,1,0.0690862139534459,0.230097589291333,0.715622153625676,0.100466665697306,0.638548986350438,0.102399144064802,0.814594789323987,0.130365466613154,0.857638218584151,0.165145329858049,0.262393488303256,0.266459604907727
0.814737106276262,0.125567427728715,0.860196530241743,0.190701735631649,0.272292415312418,0.243679811496593,1,-0.159717015254827,0.251030742564577,0.566995865821917,0.106268301654604,0.822787415989045,0.0978096207014172,0.716864246852327,0.110993426055275,0.686851037831417,0.167489764133956,0.890640653169697,0.185568687679036
1.02830825023644,0.147229091928425,1.01507439197779,0.211299925695571,0.117115083598462,0.213410787736558,1,-0.605328782359016,0.324058913036038,0.83176041073361,0.106711445954128,0.822889223604927,0.102431901356263,0.590234155941849,0.137024228789583,0.742335196514023,0.130021876742525,0.73973427743918,0.142058711912399
1.08691216245262,0.137374760830019,1.07312910249618,0.227424730032194,0.104771762533842,0.174898778022953,1,-0.241364657894573,0.235989266481075,0.786159435147827,0.0895104665906688,0.838414082737884,0.109317442480275,0.799787857604343,0.129015400844651,0.511504946526409,0.153827785506341,0.997131609545346,0.131248191930832
1.15289527413174,0.140206098525437,0.942518946009419,0.204687206713333,0.145093866532564,0.18252777083504,1,-0.351004452058576,0.34602604217557,0.896043470582359,0.0854403767784422,0.678884748688302,0.113651962596365,0.700410695515477,0.107214253810909,0.699110101587562,0.136586610477137,0.824831679052482,0.160704626251743
0.833151563714095,0.128162928395191,0.734874602020355,0.16536697580419,0.357545948724119,0.231294794421082,1,0.232865585758386,0.287515790103782,0.574047383304761,0.11130162354905,0.551880326020226,0.11072083546243,0.485522645441275,0.123708791762558,0.600571118141341,0.115522213362412,0.462011701949854,0.18819698578814
1.11657026341136,0.147519928786137,1.18942089162132,0.225229207915826,0.329748946440642,0.250591753276347,1,-0.347066040468375,0.347388393206081,0.783798056794327,0.109971923017829,0.839705956795905,0.102635321770675,0.572015518891139,0.127754386623949,0.741939676043664,0.129241162375861,0.801155859596786,0.184048974965238
0.810060097601119,0.121198408886313,0.731544489181634,0.168975373984718,0.472329737616511,0.218609961466785,1,-0.0206975211201606,0.249361797663352,0.801316575232765,0.0903775666563648,0.557088774865438,0.112476769380262,0.333060020085556,0.155951160121666,0.589617484407135,0.170624938395591,0.714408035806713,0.180978198690971
0.932560313893588,0.149540589979945,1.12448713313468,0.246890106791042,0.454530112333659,0.217905937028188,1,-0.06356322533442,0.27583783486773,0.657944126094111,0.111319563913033,0.730304369134356,0.0979634802687547,0.74383843100019,0.113680262045355,0.523448907586887,0.18191886472751,0.616639238811916,0.180009976257047
1.3863061007721,0.165945510408641,1.42543476335607,0.283755136689203,0.231969355913992,0.228663961143142,1,0.197225277488362,0.307621402966605,0.75155234680683,0.102612512419677,0.647569683142799,0.113025842216366,0.780438880313687,0.125218992634983,0.82220800434361,0.119351036706268,0.694959021831379,0.169200753896229
1.183424851424,0.162328048226447,1.31940153004318,0.275670587427841,0.265198272493324,0.225063994364233,1,-0.0157539541840612,0.321660294806826,0.799911582081374,0.115105882750357,0.615619432586195,0.128163091683057,0.535420906526399,0.14487069880623,0.835308399269961,0.11999199053481,0.802916601700646,0.121717747221917
1.06898428638872,0.140359117541501,0.96024779270482,0.22941500436016,0.505556593787772,0.293058332993224,1,0.445735761600865,0.313871530071436,0.520177991439944,0.125598687829051,0.55744726554293,0.122490593414539,0.472928801257867,0.123657133690658,0.955740100490734,0.125087254525009,0.577894049090574,0.192906330916632
0.857933587776176,0.129654231834526,0.931935405497005,0.200144947489894,-0.0148452628665763,0.151377601658874,1,-0.230631425494143,0.238482543844775,0.765225451680748,0.101050254398191,0.839068131718126,0.0980061736106163,0.654747344588169,0.139328996347093,0.586130636792722,0.149038599091623,0.650406380005007,0.172654366361521
1.11099164089642,0.137806993471859,0.912242020285142,0.200592831576086,0.541858607233079,0.256054394342795,1,0.211206724256303,0.29301556076346,0.574613414308536,0.109509613750548,0.581733248935055,0.102267171888247,0.582554317135993,0.105442133318982,0.67837061746885,0.132327357154221,0.647822593496939,0.185569424722292
1.07306804696694,0.133102886871982,1.06443632164576,0.221952220804603,0.309942891846507,0.195227131362786,1,-0.132310676685574,0.240835366196817,0.613536488605591,0.102448846059353,0.766227578271407,0.111646301477976,0.799191896403207,0.111592154086186,0.715221656274612,0.113739576031029,0.8631128613084,0.139360219476979
0.882011604131317,0.137154703906925,1.02490122894346,0.213402020728204,0.142122514674512,0.228955830922826,1,-0.150350786429795,0.298276261017295,0.655892140330095,0.11439476684398,0.59689818555204,0.127442134858595,0.820462449165064,0.130825894012194,0.653324704870313,0.130812945490796,0.743201247319104,0.155188820723738
0.937610361267514,0.148621676594038,1.42589733961599,0.324429857936343,0.429541128027913,0.237644870263006,1,-0.169998821971806,0.30230768780123,0.701272563995321,0.0975763665807343,0.578222926167195,0.119228390875835,0.831287710382096,0.0961069060471349,0.838841704327637,0.130989026399198,0.634325405622184,0.192291536448176
1.02748608706789,0.130284753576474,0.91386988379234,0.207447618996662,0.360367545202199,0.23422603372983,1,-0.336884194161481,0.226353751858655,0.63366705510779,0.0986585551364038,0.824185294749023,0.0889599918436883,0.667416701294083,0.116168399065634,0.285537799551393,0.177584028137855,0.686254685332945,0.172467980275654
1.040942801873,0.148687318293934,0.884548688221801,0.211982663385466,0.815865808541697,0.0702789541397332,1,0.600639302994728,0.367754385893282,0.67472099997033,0.0990677637635065,0.751069140888437,0.114482873931116,0.666344362668833,0.117007106562874,0.790371384450546,0.131375900381789,0.715835740588136,0.154574603990987
0.913722422641088,0.153570406743908,1.32245637027869,0.301602301181228,0.158852623244744,0.227317851022326,1,-0.129240246614186,0.254642956882285,0.609327908180316,0.121586158194473,0.911397744546943,0.0975614257179569,0.480303452828718,0.135388818765923,0.771890481254039,0.133083443154207,0.63971633160362,0.183810218644436
1.13094609968024,0.157388054447176,0.960728705052259,0.196147672992875,0.0191580725736037,0.179592125114332,1,0.252547486938612,0.341504731938925,0.656222016585669,0.1281299947326,0.767511864865027,0.115449906826864,0.827880115002736,0.10108241395536,0.708246030350775,0.119809346477459,0.747130926307409,0.158224890221457
0.861982301033801,0.134132619521216,1.04953378097441,0.231265674662461,0.252938808923839,0.23222615042505,1,-0.0828197229338684,0.278727541048278,0.465983794888641,0.126825155983981,0.772538967942644,0.110257262115311,0.63721462134834,0.109560870873465,0.915777935067957,0.123082121435843,0.431022861673119,0.230228330523648
0.912159019881915,0.12179227456216,0.845293563020121,0.162780609740405,0.28672703779029,0.188947776710493,1,-0.0785532817217582,0.251768355220816,0.649588065885105,0.107615225494363,0.594378556801328,0.0993938464410622,0.960512927150988,0.110634358114417,0.558804613163212,0.140308224778795,0.812171065014824,0.147574738583204
1.09076893883125,0.132033919267191,0.972928227958251,0.202488718038544,0.399286233827244,0.218041512741479,1,0.434617280325801,0.255745006249022,0.534732776069075,0.116381826203895,0.821366047141566,0.102721471064091,0.841248170030413,0.102560498304332,0.575160819358427,0.141272247972424,0.932961475060938,0.138852609833871
0.701555216655183,0.116644972480702,0.708129247251323,0.153692497220041,0.760314676631602,0.0932442332085485,1,-0.580460540272078,0.309277016405246,0.79560734884205,0.108314543215443,0.675544992758336,0.108394320037201,0.563689849444154,0.128160996124841,0.578816850570069,0.119835260014462,0.656672194945985,0.156508940996642
0.726703853256466,0.126150988791712,0.961047888632798,0.22594011685604,0.0999669706617309,0.195172445093542,1,0.00461740859819845,0.245544041234044,0.60145607422657,0.101030982740657,0.767073773747257,0.10686196008315,0.56674495958274,0.137454735802182,0.757161138211467,0.202154617732694,0.302913550934388,0.287553095508817
1.25236566671089,0.149017049809351,1.19850602713023,0.262476887557901,-0.0190446534828274,0.1710091411852,1,-0.305382750561284,0.34432417166621,0.824109579245891,0.112660738289991,0.888328877023434,0.0848498164032506,0.864507805861371,0.116273086411503,0.8421068283359,0.172017625760512,0.840371529490997,0.202986982548869
1.05525778538635,0.124681744408411,0.774410665101814,0.165443924317487,-0.0562934773166793,0.16736836121407,1,0.0460490586826603,0.231123318322714,0.711032475683911,0.0959088024801235,0.557298322208094,0.104011663734122,0.656224151957632,0.127807385726853,0.589823724324217,0.135875365035143,0.789506125632042,0.165353115365078
0.982093455394015,0.122972032383927,0.835668292035494,0.16681831760568,0.220987205276292,0.195897372051081,1,-0.074224018764397,0.248509455522468,0.510890320621376,0.118427508874453,0.703230427736595,0.101992141858818,0.711292031147126,0.110864568464534,0.717432664036165,0.132286928652404,0.661465604456362,0.137544860917552
0.831900695036161,0.148238121581485,1.24019774774216,0.297935534245535,0.636994135663782,0.145849910538128,1,-0.838161967233232,0.304134485379106,0.979157001132519,0.100399141964873,0.857720013167912,0.102601403759061,0.911079010517192,0.119993993863187,0.350754285016272,0.217074513054775,0.595936460266529,0.198246199101079
0.885746659537253,0.131639844783607,1.02237052814164,0.232437536374642,0.109529916780944,0.205141511343873,1,-0.09961927159974,0.230351051469387,0.7694517595276,0.0900932064538425,0.583887622546752,0.125112628191056,0.520976526500744,0.146214227997844,0.812800583971441,0.134072940441212,0.636376053757018,0.200358588488466
0.884690418673707,0.162359494365792,1.5333538451175,0.357770714958142,0.582464162595649,0.200521609511907,1,-0.211168146500162,0.346388382935349,0.694996109921992,0.125676238601281,0.891217461514066,0.11159800445685,0.672390888722259,0.125832911507121,0.692421332888844,0.152742839882645,0.54719148684866,0.186527760951073
1.14514804192272,0.161620746405946,1.54635391185843,0.358600068217309,0.510049511681301,0.239938783825632,1,0.157521418757704,0.285784483000761,0.750132162325858,0.110913118040245,0.711776375062239,0.121159914273152,0.71843757168385,0.131776632810433,0.809920806706645,0.149819848396798,0.675853385762445,0.19694433048404
1.17934124341009,0.143815398790042,1.08444864140003,0.246340326583195,0.491776937418053,0.239820936183535,1,-0.0617272512149077,0.309493248952697,0.78402701036197,0.115764427759006,0.634953511000494,0.121745093834656,0.688832067054593,0.110092431761329,0.677094083833227,0.127432011609085,0.816153037372574,0.180677989936536
1.06181193688671,0.13805831939909,0.942907566507825,0.222236116457225,0.456709244761033,0.245764763174733,1,0.0926403983627642,0.282894789061167,0.711628843984592,0.104884003448891,0.593042075421957,0.125956688986967,0.887215077046298,0.126121597306549,0.563324813750769,0.144507917494229,0.750725225739886,0.158103509571204
0.780183175494494,0.115675983170682,0.708680514482704,0.156555586066373,0.350069600396957,0.214805394710707,1,-0.337605045192389,0.254554696113556,0.641578464684738,0.086468824637962,0.627160579855677,0.101020835105938,0.639602603210748,0.128607681152709,0.660858833932311,0.156365689775344,0.652668320915866,0.195547849918303
1.00227752205419,0.15497420025738,1.3328273344204,0.304313859786895,0.350668278765641,0.251984154782503,1,-0.197062533451941,0.290672363620567,0.747161041246209,0.119918238611152,0.502170751310567,0.134518478582154,0.807754515571193,0.123126796298129,0.804680842989974,0.135427174073874,0.905692025399441,0.123060316482414
0.9420209607297,0.123733097138262,0.758306147892592,0.156235608375476,0.324582012916087,0.184068650924324,1,0.316211923646772,0.263422890029983,0.679630089343536,0.0962925871793676,0.726622213625087,0.0945875744470094,0.64249248885462,0.109304176868324,0.600778979712148,0.14318892639529,0.881083201254156,0.138229038561884
1.05048293775365,0.130472546213921,0.926733163201445,0.203404234615532,0.30877081305251,0.248380907301764,1,0.000638681903143086,0.28356267086843,0.781019216499961,0.097125825616315,0.644463268756889,0.0979727804804005,0.512207088982151,0.124661419324147,0.811944413752924,0.149638597913884,0.37966572169915,0.168245093564778
0.892028278595587,0.138556072627486,1.07173361784216,0.239727267359143,0.581428011131783,0.174682021645369,1,-0.440998725906491,0.285984007646164,0.856559224867993,0.0869697560906016,0.6867862740773,0.103624513244586,0.760186232492206,0.108447091383847,0.710618873212228,0.192464336028479,0.89525940407071,0.192440066361481
0.92327308663515,0.140953171265435,1.12457628260851,0.242826372275227,0.225868448470293,0.185849059366026,1,-0.346608048745382,0.270656118728317,0.8118490990995,0.0978110869984291,0.705743148697229,0.103249638874044,0.618107155547515,0.130845423160021,0.555114688841837,0.14688327118772,0.739989798617985,0.149285235808475
1.11241864704592,0.120510552356547,0.626933602347538,0.132513555495329,0.246515461758952,0.182874104690726,1,-0.0933208466981721,0.252318146455372,0.733643875289862,0.103700362564683,0.702267952594724,0.110250911489691,0.677653051565721,0.11638216757804,0.900593114013121,0.104488099167008,0.464876370866497,0.188574691495686
1.07936497447665,0.128591504559023,0.776763894948146,0.178087458331297,0.141086549664996,0.200584170208962,1,0.171208672694253,0.254998257394824,0.628716967135461,0.103794406994451,0.726745201188981,0.0985040350738956,0.850865780024228,0.120686048786391,0.861381704397965,0.156034871611686,0.84088519642656,0.180865054526781
0.865547164414945,0.126626528681407,0.808201653525254,0.171840547800315,0.294638538344014,0.250850943613643,1,0.06024741517672,0.277082183397006,0.664096970438864,0.100195863147212,0.521886476287335,0.114806174395203,0.676504621115187,0.122249156760429,0.522038798560507,0.166457006716842,0.819482812617162,0.161126956667842
1.16063253754277,0.13218097525047,0.926061727567128,0.21710205946716,0.257442866615869,0.232660773017771,1,-0.0533172167478751,0.262039648657426,0.811211309849129,0.0965960894823972,0.637215244306059,0.112270261000335,0.65084425502972,0.116715072815399,0.682269721490179,0.185907711372246,0.793809908303062,0.162187657066185
1.35121004381511,0.158204533436327,1.17414927453477,0.245901481854075,0.0017019803886167,0.145855787918755,1,0.00733402254054631,0.283154362842203,0.68567647257832,0.113457494178504,0.830528701703464,0.119710440467746,0.686242346742364,0.137369186657509,0.770972149734972,0.136805566199298,0.857909501691988,0.166220903590061
1.06475510459506,0.135321935889548,0.824694233505783,0.187184140504796,0.559297561014475,0.259095581420847,1,-0.209314462330873,0.356171709762268,0.833457681049072,0.105968236879679,0.657105888498622,0.10770038673139,0.881875317467881,0.119498312190583,0.621462929868078,0.137267488102012,0.613735117597775,0.15036010015002
1.00205664987776,0.123993691780651,0.827227711227707,0.179753410000725,0.191933522120842,0.208758307252325,1,0.237753422345605,0.211387654059658,0.74543843593493,0.0951354266937273,0.65476628970188,0.105965232343557,0.672810157450706,0.109453079429709,0.927062296196007,0.134708645852099,0.300063132269053,0.261450125944921
0.978060991786624,0.136205865553684,1.01457752402288,0.203419844998082,-0.0817841185218095,0.141965284745039,1,0.0679124632635554,0.26982977838362,0.530937791042737,0.109734053900565,0.861675314822986,0.0981638772291674,0.435095322313628,0.154908972214327,0.607978470299167,0.148431353339124,0.696069579081784,0.158535225240745
0.927314901585146,0.131013368356702,1.02020022750782,0.206100930581684,0.258688509992906,0.16648350578344,1,-0.269176692616185,0.203150670731932,0.736606618903378,0.0914927195634866,0.688942164811963,0.100882059085605,0.752629127935135,0.11405263471864,0.745340319305143,0.165426267326954,0.900084759534157,0.200667446908189
1.04094695524744,0.148620420063868,1.08026514116815,0.260876001400009,0.389217864042064,0.209045512825239,1,-0.0264607249827975,0.267538289065985,0.683364064869163,0.095387693550206,0.738320484023544,0.131008657478876,0.694047667865095,0.122713618032903,0.681144241817557,0.140690721112905,0.446172683678824,0.165353231488872
0.765293378156737,0.136176785456766,0.951611397829232,0.204794152459705,0.122206040911538,0.1969608885626,1,-0.271932240869071,0.321037361796411,0.817392936469842,0.092591302223956,0.474852104054101,0.117089587809105,0.783092853611327,0.123020446145749,0.54954501692188,0.182755758042413,0.42611354422123,0.241208426676484
1.05649051279863,0.15266639185668,1.47671648673709,0.313351301924468,0.116521988345794,0.171167745206591,1,0.0460403693236627,0.303269804345351,0.716121939146905,0.108909018247013,0.64417311982659,0.115231269355606,0.812708513731413,0.117267581291959,0.642171440806589,0.14201290268733,0.872141007066488,0.127871873593526
1.01602184102324,0.144620737309435,1.14901399238501,0.258325185740654,0.265585909629347,0.26870781080536,1,0.121537593761567,0.288571127387491,0.814316683149656,0.0976744656157755,0.709027745465372,0.105786260396419,0.603366841038624,0.137882831425097,0.655784765526513,0.183641366320906,0.824936515194246,0.140789383782565
0.929786103499675,0.112145702972097,0.75431538179217,0.15232088825282,0.176878429486264,0.152324847098234,1,-0.0438101426370126,0.265495862774456,0.68632277682569,0.103473326525092,0.593674192854284,0.114029448552288,0.405642303306719,0.148651006032946,0.771541825061303,0.12454926593096,0.640853516876594,0.1331876845926
0.990752213192629,0.140601187797595,0.951093954439358,0.191839089684318,0.190101847628328,0.168350404700697,1,-0.347996635851932,0.305041365634544,0.652841036648867,0.103395565621279,0.629826266829819,0.103723824101562,0.772894202446888,0.108202913684688,0.886307717729769,0.125883151096112,0.802913541559235,0.178705511512491
0.997251726461403,0.145721578484132,1.00820948202887,0.215918219605715,0.503765616704729,0.17694988533366,1,0.142749481477071,0.311414349741852,0.768625030514347,0.111038591191525,0.510973134519325,0.10112125092348,0.490087734407132,0.124501466484724,0.605689829607524,0.131775163559141,0.578411601024568,0.164847584214822
0.888051412404403,0.135743802305777,1.01738642391657,0.226685126209771,0.19449771966698,0.221378891692277,1,-0.256850864484498,0.285824134984518,0.748829129025448,0.106579773178416,0.743300681436957,0.104519551351402,0.741601638430346,0.123278383973414,0.556837077859038,0.162212766977011,0.378034525592983,0.197274798907533
0.879880480913284,0.132989920839494,1.02798923748411,0.217094939094794,0.437428327098012,0.180969728758925,1,-0.279369543315633,0.249698068806192,0.582179670883304,0.104537652778194,0.771250694527701,0.0990025569623375,0.805163458941179,0.117577645844183,0.360864406350159,0.161682489852933,0.748732348833921,0.155732194022258
1.09091031591856,0.134997127234386,1.00780580704678,0.204991454855629,0.0513400140937767,0.204844381976796,1,0.281774444087595,0.239568285092305,0.51569799925845,0.0994213174271316,0.937472259129606,0.093677651989105,0.605092030638148,0.136919841393273,0.83983024252438,0.152115407895813,0.900248006911324,0.15018044921104
1.03960450343436,0.160085886084704,1.59846899357016,0.366212239022462,0.508141007468461,0.197075179475679,1,0.186103116435163,0.283453279217913,0.694140924667041,0.117676176749609,0.705806948851018,0.125820496041811,0.517235487380765,0.125620832943005,0.761565228972268,0.125561682529733,0.786897073915004,0.192590837998445
0.958280753749074,0.138190550266403,1.03572472851038,0.230782395469052,0.347889889649432,0.211841793205363,1,0.0296806839869846,0.277366802335663,0.611561299043593,0.119103244368802,0.716407221207784,0.107178397205023,0.753018600326632,0.11023486648837,0.715403776312248,0.139609777621875,0.569242554762847,0.168856808918204
1.08563160978594,0.149467061121954,1.2711144337538,0.281052500371709,0.150701403699778,0.214149967264338,1,-0.0384767998556344,0.219556572273284,0.683764730384389,0.113011970560345,0.719855322843235,0.112946493118892,0.928830035550104,0.103839741321802,0.557158601806232,0.175195598133773,0.793310354194587,0.171034087061946
0.92793631436074,0.127873658503865,0.768843321833447,0.202504206239004,0.859971075569179,0.0447532333278443,1,-0.598131228016089,0.361075309809399,0.820938536554471,0.0904321995012844,0.760469910884223,0.0880252102866798,0.772917306591323,0.120496177603627,0.541145614861803,0.143216341607596,0.135163817697258,0.240513111979864
1.06845771846898,0.150065088492479,1.0861236810426,0.223540533371557,0.390733018666424,0.212435733984086,1,-0.0260195597647515,0.313187968924039,0.756290296026646,0.094324326531777,0.651687655458515,0.112523949296488,0.544677392904543,0.135356060139065,0.758361399780939,0.12891119825615,0.925542234512353,0.129842327727236
0.815979607765857,0.114057948645972,0.712056883758517,0.15037642621591,0.202820753927446,0.191679985108574,1,-0.162617583612515,0.266353626671697,0.750711966463268,0.0934010053498935,0.587978235045935,0.116509225598751,0.654335301444306,0.107938303765401,0.837098764891735,0.123082485868484,0.269997447490333,0.261631020960878
1.00659028730124,0.140057979717988,1.03132962342591,0.209684646623089,0.12856917283251,0.190512765245216,1,-0.0779212748082005,0.269361353434311,0.704407146158339,0.0922091322474562,0.538575442924205,0.112531253930269,0.90912930996163,0.115021912293249,0.377729650222261,0.159612589671043,0.713861580301656,0.16659962224468
1.15756524602134,0.131430916036582,0.858835755920341,0.176444635789166,0.0761076254657451,0.19684663485857,1,0.228267095982841,0.282049858983218,0.738542882414586,0.105334076651016,0.735669219237277,0.108229950826993,0.693743452523888,0.109615651730129,0.546894114288671,0.159357148085629,0.872637094671188,0.144104350200511
0.869628655891112,0.140909005121605,1.11374300475373,0.254379774037597,0.291239077951259,0.212969124886244,1,-0.220036759362412,0.253686669282109,0.888936820843837,0.0817784648506943,0.554445201695165,0.127199293569702,0.773552768796104,0.119932618894203,1.01333451753112,0.133411838176919,0.463143450918484,0.236562857327733
0.9072659629144,0.130722535784738,0.965522395619372,0.186655577523403,0.192895585275399,0.188445283049588,1,-0.118666602334921,0.280134116205077,0.752843386418813,0.0953204769355264,0.654110825728974,0.115413543074603,0.547970218161367,0.131718328313935,0.67706700226931,0.133884184601679,0.782597038231686,0.158549386076513
0.96448819040084,0.134894866122166,1.02517846758315,0.208972946312751,0.372480647084575,0.22255803931804,1,-0.128709515270096,0.242533084562501,0.72663525566164,0.091892716999562,0.645348125473324,0.105811538488859,0.655828799282517,0.108323122742564,0.724855578740088,0.143986176716273,0.556386107105577,0.204508577736855
1.07028969715263,0.133020532929131,0.988504364333404,0.21568421175382,0.325523195967966,0.181174732829734,1,0.342092173165345,0.292739461584311,0.739100575824617,0.117434946702288,0.634041200913205,0.0973832016718996,0.666444797362101,0.130581564592346,0.498583891902789,0.154775477186265,0.595514922511198,0.178402937700964
1.04751044304561,0.137389107005188,1.01268808052027,0.19089743438645,0.183433331505849,0.182850109713606,1,-0.299957457620148,0.276764690766252,0.798286026426517,0.104817940433907,0.779014744241716,0.111907811709953,0.651869914457853,0.113061292154151,0.649937479687557,0.127598495681315,0.748845126902399,0.144732265142499
0.965724879905801,0.148274108584621,1.07052247837017,0.258609250091813,0.443361182390755,0.264079080645953,1,0.00554648733077529,0.253478570269949,0.704389121689872,0.0895295094718228,0.770467725109992,0.101144019500935,0.762904348308616,0.146778511244631,0.516702454884957,0.199027844482952,0.508891276492038,0.204698427130371
1.00166869943362,0.130364836466102,0.954845463055621,0.202966644665463,0.12345988134395,0.17698253156842,1,0.0434105488309244,0.245180705659776,0.681990097238114,0.0942038467680854,0.535833443792749,0.105260869790365,0.844215205011015,0.125010974182481,0.794546422104832,0.144971537823693,0.513354844127803,0.233203812245117
0.761286064829305,0.130503584559564,1.02568310927111,0.199327612736326,0.450384265237418,0.213406440970123,1,-0.468403825760496,0.279685236377571,0.621161127035621,0.106761260519267,0.769196797064066,0.091784897905385,0.733602339957625,0.114585682829882,0.541606157959798,0.144406628429181,0.714473609311903,0.180650602952926
0.852725065911023,0.128222559513582,0.910077277659602,0.196611994269562,0.467972498815312,0.178472544462204,1,0.00456863521046321,0.286364723990627,0.595773335210395,0.130233488178719,0.53365218648063,0.110210272054253,0.591838595586222,0.118497323360772,0.507037246957682,0.11798268825696,0.825042195123099,0.114544073256521
0.906081467410488,0.125928585235223,0.746514476221322,0.171478958550255,0.763108298893177,0.118949471149972,1,0.106062831590033,0.340481575685468,0.713454962255848,0.0974291699084227,0.667496798684675,0.0964315191996852,0.438172756714548,0.126486907599325,0.708169258521459,0.125600839015451,0.678944238109034,0.146439660465121
1.03427810871403,0.127539260934954,0.8318899062569,0.180763770930401,0.122833889392515,0.155955046776892,1,-0.0159703447698233,0.271663619765544,0.733096088098925,0.0886335662313895,0.842974967237395,0.0913042881369832,0.516257032330648,0.141988578622886,0.639548363561227,0.142732920904371,0.81667153250317,0.141403309400833
0.89998157377862,0.128771666715188,0.958115011562455,0.200784428788731,0.498760075123367,0.211260186633529,1,0.077963850991029,0.263091218981888,0.631699954540111,0.106354255531899,0.686940152725039,0.107883926401663,0.765233954294233,0.123710953172659,0.929121599074107,0.13015128819385,0.468352869374482,0.179624010711281
1.17365794842807,0.142011189862138,0.982294642821665,0.210125565435439,0.39673386792091,0.220612762485339,1,-0.180722550902046,0.285616172978944,0.683203744134219,0.119797317669944,0.684806679511927,0.121386958422719,0.707221246228922,0.11534472095845,0.604089917952778,0.131090255903145,0.522666324489744,0.132818807060577
0.944769013101397,0.142306237017707,1.02082596827732,0.229211603742326,0.496575340712481,0.231707104881642,1,-0.0390347141771358,0.302849320023646,0.76583473457512,0.0977519080699541,0.666443238399437,0.114998538004048,0.617627073804436,0.146579025035115,0.694535106811623,0.157098371451134,0.87305412852541,0.142033956900653
0.931231840057997,0.13679929201429,0.977644174993356,0.209436430193695,0.554923540694583,0.199279292100757,1,-0.131930766933482,0.320158816211892,0.782994243318238,0.0915846862952013,0.79154554036507,0.0995165651887289,0.718624267339539,0.119012915184672,0.566578878489737,0.189348455230262,0.622029862127257,0.176198649301015
1.32871790897027,0.177330472789809,1.1909596770004,0.305771364040827,0.830615324106472,0.0945361261770258,1,0.506357846743435,0.391680589638182,0.909987607187981,0.100482118114053,0.847260907189066,0.123855585128839,0.803642430258853,0.133732368060559,0.843165951000974,0.15278464659715,0.70242454147609,0.175985805936479
1.20910625146028,0.135748994059617,0.989067360014863,0.231248438465656,0.500629242162252,0.258808328474876,1,0.230939051897299,0.261969771750878,0.718156287376627,0.0981422866518353,0.595885810195217,0.117336461547172,0.583898447278403,0.145724819400876,0.459162289738714,0.155942444732646,0.82171142660843,0.175689126111018
0.978667014040271,0.141000903756549,1.03533429072007,0.217099015328295,0.192142405876358,0.193035847675852,1,0.0211165644658941,0.223780549381301,0.770275597982597,0.0856908518113427,0.621054248505016,0.115309872616802,0.548860347409159,0.138953311312467,0.925975836551,0.137711867381034,0.701602749461717,0.16620229515746
0.944301304940225,0.115440094462325,0.655518531732108,0.136655451986786,0.459110534007931,0.177250332106908,1,-0.00789327599661857,0.256433032003037,0.824129013674638,0.0955537573482441,0.52016630892405,0.115122311632441,0.64972128244949,0.131736476444279,0.709314233890798,0.106558436487116,0.784939624738695,0.156966493328367
1.19929434097974,0.132242346046926,0.916309338948455,0.180161819313144,0.315097823464371,0.169487525255596,1,0.172003232910456,0.270164148875863,0.618712579820847,0.114921566629153,0.675030514269258,0.101059245432085,0.578092485471519,0.107826377263478,0.917309293136894,0.117131912713312,0.528853335660083,0.194638566591881
1.16588004412791,0.163633462765523,1.42461988900687,0.326983001570991,0.228309059567915,0.240470829628209,1,0.142003773603572,0.216668858723272,0.719788764921027,0.102632325096012,0.704372270806353,0.123534469079341,0.806869452193205,0.136827398710517,0.597158375040285,0.162680969795493,0.78823422847575,0.178347491117006
0.85092640526418,0.132610544441445,0.935567582185454,0.205631805066789,0.548308804363469,0.208451948690775,1,-0.317572440741611,0.285632557862178,0.845955917584765,0.103812846530474,0.428091777893071,0.125141682049764,0.720549703993567,0.119285813948503,0.770417922765311,0.120438748192482,0.584985166972542,0.171996066809898
0.981505008801352,0.134905809838905,1.02689497546976,0.241628014635237,0.507080933010426,0.231176706091962,1,-0.0488875354194153,0.303990584186224,0.391855502866516,0.142989426334555,0.792037918746388,0.0941157078058543,0.557621521822414,0.14686165261335,0.77067058956693,0.13069068348471,0.533386837092005,0.17234077765034
0.989171878562968,0.129433943660192,0.863486535982598,0.193520291685999,0.281568751554551,0.216598353878828,1,-0.129620828123564,0.250549742143895,0.742910121993428,0.0877644237986314,0.535843907345664,0.115263486049283,0.45969474984263,0.132768505106304,0.67291890574771,0.151856576757572,0.47949842654358,0.170289129658209
1.01972420071123,0.118930405697142,0.686600319413448,0.134805905163842,0.196189482565835,0.169722219497248,1,-0.0107778089835032,0.253192620344082,0.613641188594429,0.0958664477952281,0.7166279580421,0.0919076484383822,0.813556646890762,0.102085453688149,0.455090342794917,0.149337648707222,0.447315801243981,0.186127548582286
0.840676651923467,0.14296366682636,1.16977227658059,0.248783084204629,0.124681852205755,0.191310655385249,1,0.049364807227628,0.306671663302973,0.800457977187824,0.0990460884523749,0.731963212285842,0.0995258210961265,0.511206643596088,0.158237788190938,0.769579561485077,0.152167040725215,0.443819478672314,0.177584715330067
1.07510586789988,0.149976826682156,1.14783297663137,0.250752847023099,0.17976874918406,0.231728316784295,1,0.193087799541313,0.279340485185621,0.721482871299809,0.102119146604231,0.667933983443071,0.125552343603079,0.617762764195533,0.129430146559517,0.604493844977596,0.140379511535859,0.803425739212441,0.165209195056412
1.12224147304095,0.134711544569304,0.993913581457047,0.220498898733025,0.33259022064203,0.202411620337161,1,0.343878568413164,0.251794801287325,0.74366877206349,0.107379793773348,0.767000283460351,0.114402478176802,0.54427379381159,0.122568883284036,0.835390958120583,0.127804020632723,0.597205926152216,0.172371269400376
0.848443424943041,0.104523532524763,0.542278894061589,0.128094210639346,0.454757944271987,0.191686379300772,1,-0.361934584270528,0.245750124389469,0.518448739311527,0.1068006288172,0.635184231652115,0.087029186370954,0.563610911434402,0.11425217894889,0.643074363593525,0.161189826541861,0.619248460179926,0.1618896493242
1.14977137740028,0.141714557720234,1.02930039455928,0.217830619321691,-0.131072593389427,0.153774119126163,1,-0.0836084087415322,0.25992374317967,0.823868262435341,0.0923485929449954,0.670593733677967,0.108862546000275,0.852972062660681,0.119206323717089,0.827178004196732,0.142311531910193,0.714722500363649,0.188660999868079
1.00998694521778,0.140828794115739,1.007392904728,0.221583375842667,0.328613815966932,0.23261975613991,1,-0.151983048538232,0.271731078089059,0.810878763504029,0.0946327248172649,0.67417417618319,0.115882141502156,0.712651089106175,0.114299586961444,0.819854437172073,0.107644328099083,0.552968424162261,0.168569651087887
1.04612742051011,0.143095324052344,1.0584753007746,0.222534421347388,0.257977541163347,0.162979350233271,1,0.514423038607527,0.282629482972392,0.529335764330936,0.11733690830521,0.679109426790956,0.105003436059732,0.739398051237819,0.128456893547333,0.882052718209633,0.0973032854891582,0.4183178182667,0.210000971647954
1.15395163995701,0.135017564099477,0.852521052472234,0.187880362807777,0.70698942228568,0.117410729670331,1,0.252696224394599,0.311092908500968,0.647349046789451,0.09713262909214,0.554542809085847,0.111475018477203,0.751559958624606,0.102619737680561,0.723392927563336,0.126958476861567,0.779940416506981,0.156004011409728
0.916494153115961,0.139284688879077,0.975245199330988,0.193432678491989,0.333876185965613,0.195737392373248,1,-0.260463911390653,0.28645509878225,0.751762428074719,0.0896240718306165,0.72385305985658,0.0958858791655928,0.563474241972079,0.124663117902099,0.70522127679447,0.131089486693942,0.715967827646117,0.164199901375162
0.841036532991562,0.143816732277893,1.17761141609958,0.269095421134298,0.517776150571284,0.241040681572989,1,-0.264744398703384,0.31031177045029,0.79044845689486,0.0975521866983149,0.537779060652918,0.133713412455512,0.729434529443914,0.131136848559429,0.633204357061687,0.128294819280691,0.839364380096388,0.1395973912147
1.08342136795767,0.154577796607317,0.945605521725986,0.209004349810169,0.260012746335955,0.226724254734129,1,-0.211950671368783,0.361784906773091,0.844792199665704,0.101564326057406,0.793976542191645,0.106672372589447,0.766697747546816,0.113383875223684,0.350408649367961,0.171663352124155,0.773734966956046,0.176367238447373
1.07460730597726,0.137884357311609,0.993059071552046,0.215272858467474,-0.0907982947602388,0.1724045450115,1,-0.0810298011258131,0.245120575224271,0.741883788289835,0.103684340080487,0.605622442967779,0.105444599314411,0.86678410655531,0.105175993347638,0.756737769356993,0.140169128708463,0.644531214374802,0.22199814839904
0.820893817271848,0.128048638733122,0.830075697896742,0.189159239252459,0.322857252027372,0.228082388296011,1,-0.105948552592377,0.250463305499363,0.601324895136062,0.0978451240029468,0.50626549797787,0.111672269535819,0.549749404406748,0.119022763844298,0.508422542598704,0.156052563026956,0.589885063817751,0.166831842845069
1.15490418031021,0.142495987406186,1.14992347733905,0.22552022194663,0.0948976539678415,0.155544972934661,1,0.166251180362021,0.233953379463044,0.524869419434605,0.108558004360491,0.657282603772411,0.0970588177244201,0.586056127337833,0.123115883891676,0.531254659791331,0.130084270765123,0.958863217334645,0.130285277582607
1.04754860973739,0.169002387293724,1.65010147721467,0.3955471369449,0.188061022478832,0.253837423585769,1,0.0756649317870396,0.347250360354984,0.688903557042946,0.126170566397864,0.731813660185531,0.123067083677348,0.880210683916671,0.126511895340021,0.602762141886287,0.154560061775166,0.804597500119279,0.178124984696857
0.924867377242637,0.13370032950006,0.921158676587588,0.206753911973984,0.51870107884109,0.247184519211946,1,0.171929562148405,0.283193564551407,0.80653459727466,0.0991074782872245,0.511232211545214,0.133081999827485,0.641905199048726,0.120406579521887,0.769524779927623,0.136167627646068,0.611368825980769,0.18039142295221
0.903242494756131,0.138629411431978,1.10295027007224,0.244960096854285,0.370589531547264,0.208303430897724,1,0.382264861945599,0.291398911694942,0.539047235163667,0.104106957818485,0.655244506817588,0.115260347987938,0.97711708147229,0.105638860760776,0.550249670865188,0.160254398047492,1.07194304763379,0.235533162226943
0.903414546300033,0.142291847646659,1.1038545037343,0.236183909744698,0.369164837890752,0.233409380133049,1,-0.147134644948458,0.270484446311235,0.634884613439415,0.104586866492287,0.567584957517706,0.107221479406305,0.713035217966579,0.126648862836142,0.762014259402183,0.133690953360744,0.661819029687735,0.132065192011651
0.978850789035344,0.14514958704757,1.01360334475859,0.241618422869732,0.385889592590678,0.220480622451833,1,-0.16390836922673,0.282028362698378,0.826305726835,0.0902932362057056,0.680409297291991,0.114913183200657,0.466149985809472,0.130822280222215,0.569615134652585,0.142312029526224,0.540929566969843,0.178234620460789
0.955938191687091,0.146518154669735,1.16179807984943,0.232694131376596,0.211385799201213,0.225733638123681,1,-0.296695582411237,0.330234650227115,0.757357997147038,0.122218135043024,0.680727141360707,0.109496442776832,0.739218107035522,0.12055959276974,0.725415029349132,0.140007813116666,0.761550303901385,0.141233102905665
1.23074078216075,0.153599156867876,1.02584841099959,0.223463220187302,0.232458081770162,0.229932685493945,1,0.233233355886475,0.286553705914785,0.775053084319151,0.113059994540216,0.713992843333677,0.102733182743444,0.541908016474219,0.133121394290509,0.832848995719482,0.127414015392374,0.924818579204766,0.14857113731311
1.15683453397107,0.138187841722979,0.814619228205342,0.175872040731616,0.443051191305132,0.25658877825722,1,0.491271232327159,0.262908204726939,0.741889917571292,0.102096736545668,0.731071064603851,0.104809244290485,0.668876795471529,0.131719801937041,0.722165866898576,0.14581709009396,0.605198992285259,0.210771535514374
0.965078879831976,0.116681924496061,0.753033578336712,0.16175294533351,0.299810423970036,0.217476886061436,1,-0.000439048121710767,0.269783413353466,0.640541153077678,0.0986747001512974,0.844601043173237,0.0912173825200261,0.632679718714368,0.126844973925566,0.353734587962646,0.174974825832594,0.884468340771857,0.163991742281276
1.10170031266389,0.138618822590469,1.09940094694629,0.227589640856832,0.161398299545889,0.201833592944274,1,0.207705083789206,0.27111336188649,0.658630679627731,0.101107495258078,0.768377496182228,0.110898499269057,0.747242564347639,0.123798935922364,0.880330416947041,0.131466844162779,0.653957347944356,0.178277169772933
1.02801414037169,0.128072996782137,1.02436264104041,0.220787724082991,0.148233997411501,0.197383669666337,1,0.0633240318454735,0.236948369302784,0.788168140459538,0.0920141248615922,0.480250844519491,0.123715694267789,0.651403362014868,0.128154950110615,0.68758944411965,0.134836292438534,0.661616596975105,0.162028336648204
0.959794624525856,0.140338325685319,1.36289704773856,0.269502862846167,0.339471041883364,0.163740702507736,1,-0.353077820237731,0.203165247838212,0.825535402313361,0.0947355707206493,0.644753179946753,0.127674726431246,0.874993312937658,0.101651919196915,0.842108840158782,0.122296108894637,0.821154141734638,0.141907213901775
0.958274616192768,0.126728639727856,0.743311389344292,0.176501309158921,0.71221066354857,0.137920290616593,1,0.250708479953073,0.321189932815957,0.665953875899301,0.100377078078461,0.571678284175743,0.104069171668694,0.555580038983325,0.118138545445875,0.687121388770111,0.136806675690161,0.851233950991661,0.160468987258719
1.30839779049541,0.160940420952667,1.36575410992683,0.302153885397776,0.177891703365241,0.224141098317771,1,0.596636282887097,0.262530775463638,0.654553157301988,0.11541079589249,0.808252797763008,0.101379870290228,0.81832948404128,0.124639209356132,0.713283583528618,0.167122773396019,0.854416612249112,0.191049607994924
1.03467167552834,0.141193909624766,0.888963370655692,0.183147996060319,0.171161076468141,0.17594199454161,1,0.27355375050601,0.25263073748371,0.693878729301542,0.0956868509444105,0.678914420919221,0.0976943687531683,0.701597385902497,0.110154243950967,0.718973484486292,0.155305542478005,0.594626375524079,0.201063311403761
0.987714923419794,0.131049106006089,0.842726658550537,0.187833981304931,0.340491603637324,0.205361696631929,1,0.0799291538469424,0.266622029551626,0.47577478194386,0.123931739997966,0.700299931144699,0.0922695529275933,0.634835085976849,0.110454179420829,0.62657343261591,0.12970118797404,0.476515090233688,0.186546257633279
0.933300518721316,0.139168427409688,1.03360990981035,0.233469402198763,0.283842834710537,0.271481071409535,1,0.157406821772642,0.310181652287092,0.657969532322576,0.103493907371541,0.603753727304898,0.118101794983273,0.731428596405985,0.124900054937871,0.934045621778731,0.135169971535354,0.284800146426048,0.236347618535981
0.99679973872978,0.135154839289586,1.12502848385925,0.2444104669381,0.292910739962059,0.182188898298973,1,-0.159886824808083,0.25122029590332,0.685459176876084,0.104624296161452,0.721028648522934,0.118183501873325,0.404308213798168,0.142912375084258,0.555770251173252,0.132089300451731,0.899541412778002,0.133430973598262
1.01933515251028,0.135334282098979,1.00717003729299,0.205742449681568,0.271414397814482,0.249317851566521,1,-0.269324870919715,0.254548962063989,0.743265354943286,0.0987204209278171,0.702802289103689,0.115512383203723,0.644075180045267,0.120380634635245,0.93447029065805,0.117109826833764,0.847605518831228,0.148361413982972
0.8724635112988,0.118619934996837,0.660465693363476,0.151278288963356,0.285559150239011,0.250876843397405,1,-0.159572674947827,0.279358172442762,0.695495078605271,0.105456931149764,0.482171108300587,0.109265267755449,0.797449648291495,0.109066134603269,0.647838458889826,0.140098100805476,0.440663347225067,0.194289683130593
1.20313008672788,0.165206902572465,1.60656636311836,0.323291145206225,0.261557541337165,0.210452044409671,1,-0.000983277913200748,0.275134744745551,0.817682544415495,0.0860194057583853,0.830317107600378,0.1277738907358,0.76057790554817,0.136038772546599,1.06522700011207,0.133895541939012,0.869996867122207,0.147496524715059
1.07746771063638,0.137925818560598,0.918991105982973,0.192485608660125,0.114021824789809,0.194465269342456,1,0.114221841387456,0.290784223943932,0.725172265948897,0.102867695002453,0.826647134507601,0.108114690526668,0.699612248274289,0.121572721263267,0.80182483524595,0.142568489955726,1.00343749578728,0.159203357311203
0.841437989652182,0.133256234923998,1.15773364106535,0.251073937027612,0.501635198847759,0.214195128410631,1,-0.323783120084501,0.276382412472877,0.735014107652392,0.0989378730770726,0.73886313817396,0.0984466523438322,0.514169953537975,0.124585727846617,0.640272191380073,0.152862757423138,0.161841460080256,0.233375807138289
0.946307631892283,0.128597270018555,1.0027500829647,0.229488897561239,0.503364296893736,0.195260936726833,1,0.352982800621374,0.250394984438136,0.52915960709715,0.110252259969579,0.67570724955819,0.110599760044733,0.554981690578811,0.132177619291183,0.736370443743756,0.164810511164753,0.542164746296049,0.158775624639556
1.24633176483662,0.137697370142718,0.977611064913889,0.218913484096098,0.479953398728312,0.182929307489104,1,0.908267276865133,0.26460961806204,0.542807389959559,0.116665124323796,0.762238862401466,0.114701308059537,0.698527268504726,0.124939021251054,0.824689512688367,0.11895887752103,0.741355672656323,0.160172468172158
1.07500524253593,0.125466910565519,0.817726530064746,0.166982522611231,0.280318089599363,0.189329990610582,1,-0.104811559607567,0.221309397615251,0.512825107098653,0.108119592495918,0.745545488619081,0.0883605824807203,0.603412544812794,0.113478588277566,0.746240146112731,0.155528522647163,0.536141260527321,0.196751795251671
0.866427485442695,0.134922999514873,1.08867170956947,0.217337032088865,0.427463526096288,0.184901758510432,1,-0.0938770562293973,0.227038090230598,0.654575418248199,0.0949670042846679,0.794033442550469,0.101326275992033,0.73621978615958,0.125120697235504,0.629989570368017,0.131514974836486,0.622704465759595,0.160723137830046
0.77561510597792,0.151160978114473,1.17398023217011,0.280349023352863,0.200564520094104,0.242944610214192,1,0.0744092801950361,0.311751471902128,0.625162471753499,0.104695196300976,0.802281433117835,0.101611197180954,0.745877076061311,0.149820579291079,0.725320104768012,0.157383785414245,0.703527028368027,0.203951831168466
0.951027728344692,0.140097033592752,1.09670495339931,0.218426329624972,0.412563844449892,0.278258069003652,1,-0.0285079274482525,0.293367441613188,0.830970165471561,0.0892036738942178,0.702714063464492,0.114624040567442,0.833874651091422,0.116395914798412,0.639743164523906,0.122712196824075,0.62691645383872,0.176413824417556
0.889556795861015,0.130838721516346,0.841934151867095,0.194718597708013,0.58966777798241,0.237657267104808,1,-0.16196709324919,0.295081648383466,0.564542600553118,0.10017094284715,0.764874015535849,0.0983000915849164,0.643011982000399,0.137547125727869,0.581385018546236,0.171985151571652,0.426050721519187,0.222107604111772
0.87982192933498,0.124077053436926,0.687554396550924,0.167045113823605,0.561925432479527,0.199503126664925,1,0.0716306488553672,0.281682973981981,0.605574739476157,0.101122863281963,0.587653260665454,0.108537047439248,0.520465294723034,0.126978427879658,0.610361504653186,0.15757189666431,0.153465918136528,0.225174159039322
1.0817028840612,0.147386018763598,1.25651014021967,0.269272355989177,0.332125106320964,0.201500363887806,1,0.29467137771022,0.277577477981797,0.750135187282229,0.105616325818575,0.763266619212828,0.106586453138159,0.902739042887295,0.112726930559561,0.487681247904954,0.144764669496623,0.767179028848691,0.155530461199322
1.07678006839609,0.145274533483021,1.01290140504735,0.227228704271332,-0.0229171110043128,0.204162779263275,1,0.299131984855369,0.263778757020962,0.636163355712169,0.102645588436693,0.844510935364099,0.122491504465202,0.472553738575246,0.149249988888784,0.889377664775804,0.132024821061998,0.840655030985636,0.159247262016812
0.859033804363831,0.145105112032087,1.04421152014456,0.240862750266263,0.276293553907501,0.243857865762691,1,-0.233026596125244,0.321588231446732,0.66866294225945,0.102972714487785,0.647564150457828,0.107160523303093,0.603949168077819,0.125209071851399,0.727872537495858,0.139810135752855,0.422086402967591,0.208429367311102
0.933836773277859,0.131755715879456,1.08077570266034,0.221804816243463,0.223021654785536,0.153266402222112,1,-0.166000303098049,0.262316016460053,0.713599759203514,0.103279824583087,0.597500461065102,0.103271104298505,0.635979658209585,0.127001970473133,0.678519749574267,0.146122553398547,0.6407363756104,0.196344925181067
1.11829346828185,0.155918059981143,1.45622197901589,0.329833755599651,0.239395381495098,0.225542438503828,1,0.450515083875929,0.273567476670031,0.725340709390985,0.101552244266054,0.857375988399833,0.116606689313796,0.807774777095352,0.140074953429787,0.842482109890572,0.133357681888953,0.678151621921172,0.184330473967524
1.13565089479276,0.140726965151562,0.943251492305871,0.214155780799778,0.267652674614914,0.240394306490134,1,0.11499676663984,0.284462097274776,0.697320747086837,0.0997183925004361,0.74485993280085,0.0985873218645426,0.814541422065586,0.132173312318956,0.874824069413837,0.130600898637408,0.705677638144235,0.192867835909654
1.34943750353977,0.157126101128463,1.36519374193217,0.295691770287524,0.419112739661735,0.306247937610021,1,0.23576208226584,0.303375356957008,0.743107040314813,0.099663681771593,0.802352825341437,0.0996582485704862,0.774488371690315,0.114958113051018,0.756132089490613,0.165860190755743,0.657633244636902,0.181272623674893
1.15485476116758,0.1637777660999,1.1925216586488,0.278291965094315,0.0322920769099627,0.211966458317361,1,-0.196605109254546,0.241363225116572,0.858128297691898,0.103483556236077,0.671722886672,0.130032840763739,0.841215061208852,0.120290491286995,0.776510190213324,0.128689740121653,0.830469906360265,0.153912803333501
1.35119050133827,0.159928388336074,1.23409704953246,0.283105126584586,0.113105229587974,0.186739839552255,1,0.331305259743948,0.270986599877963,0.720917663544123,0.11861446081124,0.76505247022923,0.101389822225722,0.737068862387661,0.114849976307901,0.956184956178997,0.121327418488905,0.708476993388017,0.158319689827016
0.983020967690706,0.130041284045976,0.857635174184125,0.191906591648754,0.336932097911115,0.221978447327849,1,0.301624881118507,0.283321295808383,0.591293306800579,0.0990314909649885,0.812098794111108,0.0923458680551532,0.699190194132484,0.135056774024356,0.547386259538209,0.174868346707865,0.612504783142589,0.200118267250731
1.07427173015161,0.134261303690533,0.895539938711511,0.181677457027688,0.292439495547172,0.174301704530257,1,0.263882850370204,0.325096904063523,0.715323399245842,0.0983899625570216,0.709925860171255,0.11703651227291,0.711429079295885,0.114734990353084,0.526896284272832,0.138026571902623,0.888849250325025,0.159281982352749
1.11462292400461,0.161176589773698,1.26956828459978,0.269748201300753,-0.0588241147271687,0.159897838576318,1,0.147351025460287,0.288902520717191,0.791022491647672,0.0956594681760214,0.838212682891867,0.108860702336974,0.608696562770105,0.149992956247742,0.583356982205835,0.164335204323458,0.761185619095938,0.170100288572049
0.976445565775889,0.126095404936419,0.986638677055041,0.216931689276318,0.426980468505882,0.186144479352798,1,0.154101522423231,0.231776897483099,0.614268739740671,0.101331177176909,0.572818283665398,0.117576475013269,0.828754995390824,0.108382794471931,0.674133646482756,0.149162276380711,0.638543429096941,0.163976418834301
0.816398491182672,0.142312116237092,1.0877795324186,0.237041449428363,0.160277176290499,0.185673549429874,1,-0.485231092362897,0.268354268395957,0.865180513017916,0.0953386086146834,0.615227128322457,0.099375579080447,0.64295719031716,0.117969558751788,0.589752743738647,0.154333693373003,0.81501946640907,0.159302938068072
0.974302152927945,0.121255900515069,0.802872186986577,0.164072190371244,0.501506111524783,0.182753290984108,1,0.329780325170298,0.260824852808731,0.60878796944627,0.102239143341411,0.681069666996401,0.0896232421570533,0.710133249870495,0.112490962784697,0.481640779293087,0.15785720903721,0.734679708722483,0.138035076329953
1.14530428617342,0.147916097986506,1.01964971340652,0.240883327181113,0.338987983016757,0.249163779988932,1,0.719008672382195,0.30849280829615,0.508599060040523,0.123393884251016,0.628947438342353,0.110559457016712,0.805170283010487,0.11787291436939,0.6568297153288,0.142890405075618,0.482242071409058,0.164983434340808
0.851876138182587,0.133442757422215,0.821677464026314,0.193141934418147,0.2055553375973,0.222648311440644,1,0.0621321690490778,0.301918162412516,0.500105901338592,0.120341420833974,0.756827300483811,0.0895248802611414,0.584464295148186,0.13140940142364,0.666142929844442,0.178501950564961,0.667294043909804,0.164844142576948
1.11033188382725,0.150156571625143,1.05676286588669,0.235469185709509,0.280462617591891,0.193423249214776,1,0.311310848788032,0.311671979496998,0.688824541544288,0.108414975724575,0.742581289893806,0.104616978877376,0.71120200525146,0.130922735166495,0.706192254566637,0.130546637669632,0.690983862864106,0.195255825709213
0.810111321297851,0.118591354535848,0.573580366148014,0.127989780385105,0.302547854221912,0.201585346546925,1,-0.0892274581550209,0.278388276917473,0.681403864229946,0.0980424760111388,0.633525815446852,0.109901800558552,0.436983009564629,0.125430064718144,0.81716940299354,0.137996551780212,0.675176014808595,0.135484167279604
1.12311847027034,0.12535589382976,0.744284685555121,0.170383468374293,0.501336215462328,0.216300165224541,1,0.33779237665969,0.285495880924631,0.715205044577958,0.09272628759937,0.693490625747083,0.10458522134317,0.387836581801523,0.136931157187846,0.771661701390914,0.132473966183749,0.60563441909859,0.146888341059101
1.03529551807153,0.13752405634491,0.907050606359597,0.194638008742673,0.25147318949247,0.224232732082457,1,0.210828619600834,0.267170394858865,0.622338504779996,0.107470598171843,0.585520317210397,0.132244148614441,0.902080187153511,0.110527271874622,0.850792482953485,0.119844952881327,0.586311409801387,0.170188291222641
0.859677020662103,0.119196720466843,0.759178095897127,0.16534105421451,0.134490349621798,0.209352341556226,1,-0.651280719633903,0.241976571934651,0.777382547738934,0.0930467631606358,0.738479577622068,0.101313038715603,0.876650150105676,0.119193133600818,0.770925267781639,0.157836844522709,0.633220266161719,0.202848760998233
1.05931971700413,0.113082292928481,0.521537751509814,0.108503819572536,0.131770935356559,0.123049968193237,1,0.114260977790741,0.251965121661037,0.524136299759538,0.105587495949206,0.689841665321234,0.0954939896044563,0.737330427457259,0.113034276703449,0.651807125001716,0.128079184303823,0.681967686304838,0.152003715629128
1.24277662359015,0.156601778478022,1.18143001789885,0.261490640784567,0.258124864949512,0.251118545014268,1,0.137400503884297,0.301653798894718,0.684165198542579,0.111711138817782,0.726070949597321,0.105796032463563,0.847049494614232,0.130270562435039,0.509763458020758,0.162559498795225,0.707870808222983,0.163727099188127
0.922112785260257,0.136867390564349,1.15606360011176,0.262243614906218,0.242294516686149,0.176679653775834,1,-0.105005829107582,0.298294259689153,0.628289085387232,0.113823163865963,0.810226324074974,0.0927779541045848,0.705351378359856,0.11938921146969,0.66980824641008,0.1909091539405,0.704034170708057,0.253451858155178
1.06921679059758,0.13435840424573,0.973738675715392,0.198316755865547,0.282348452304736,0.212922935134113,1,-0.0631370623754281,0.275919745821386,0.604487636060264,0.108436169225852,0.811662231869194,0.104101310487725,0.693400918918842,0.110991664255316,0.649265218122847,0.142826137471817,0.512484080261108,0.193676452861075
0.859216707187115,0.12685153723737,0.810829972897351,0.18374421543679,0.343563685901344,0.241880544036005,1,-0.328077472097726,0.28634416276093,0.761673399484361,0.0920280221262393,0.684215660248561,0.101747800914547,0.738011249523325,0.115429329710957,0.513052979722072,0.175082903078833,0.666627159306384,0.162044673086709
1.10569781550622,0.130172204136839,0.915822542054663,0.182715229275659,-0.0154234291969665,0.202120820950531,1,0.0798370452670316,0.281509329664901,0.693441374039956,0.124965321525588,0.700595881838017,0.0935995326381092,0.754412381692933,0.121702301858964,0.684461870005793,0.141960658988289,0.889922241307127,0.158240160288508
1.02807674438192,0.16222574112006,1.56163891972397,0.313250415783367,0.0559559457296087,0.129972727698632,1,-0.165395358228657,0.268614296685662,0.849823707345822,0.0952295848539776,0.779510054225081,0.107390710077747,0.775119323608021,0.123260081879732,0.765139995210343,0.132663923882473,0.696008022228712,0.195756623987069
0.915551603786093,0.133250508942468,0.879749039257444,0.181086950528431,0.36772741051978,0.202019645889846,1,-0.263747307275188,0.297008793598652,0.708356101697739,0.0998283138438965,0.887259806292007,0.086910831126012,0.72549653025473,0.112060022649335,0.66088588062473,0.154008836372442,0.47820228595547,0.202063913282176
0.939227635166266,0.127782986460566,0.740506389282329,0.153218543911507,0.388394828662979,0.161127833751933,1,0.191516241627063,0.261893602165086,0.596345189182557,0.101397020889343,0.654611824465425,0.10367537521964,0.662518204907584,0.132924996878218,0.854142107545518,0.130990051157885,0.5079001483967,0.13408045774483
1.21290633298813,0.150793848414932,1.18575051527276,0.265961074350611,0.212444137711112,0.227698542941354,1,0.368389036055566,0.29367173286025,0.753226452077869,0.0914896732810979,0.610055045090979,0.112120578540922,0.609815022115494,0.162897531728541,0.615596825694689,0.153489706259096,0.837490969888994,0.166712747753991
1.04745340612707,0.122246538605809,0.758370295415643,0.175379792500021,0.253312023455146,0.227494705479198,1,0.0782699344099474,0.24291183392302,0.622883937821287,0.109815435165731,0.591223094336017,0.106673516338549,0.638618320574119,0.126286822562333,0.878928771829879,0.126442884627085,0.552111272497704,0.192934629856495
1.23404077369675,0.149319292832489,1.23842914620138,0.256317891881246,-0.116470029293909,0.135712983850139,1,0.225777766663619,0.264619584298453,0.732850757775507,0.106106538146105,0.720507526562234,0.0945908817688108,0.806121970444205,0.117991711701556,0.910516250496118,0.162342425417426,0.83244288450823,0.186200263895974
1.08149203056311,0.149112866613582,1.2366979231132,0.2456110180033,0.225453668977971,0.188513033428205,1,0.0150907934199281,0.216006004002631,0.633145970727546,0.101943817222035,0.755242911466421,0.1038505152632,0.620598978213159,0.120489486061306,0.872848245836891,0.13371904840518,0.315103768647566,0.214980086733953
0.957939397725418,0.147522748298108,1.11057608734292,0.241976399109699,0.275901157035325,0.206920825718318,1,0.3556924020497,0.300209660527603,0.601868027025172,0.112615542082851,0.61143386371863,0.119406311616316,0.777586882209269,0.11684610370428,0.639997962817825,0.149582419061118,0.998377394961281,0.165939289058791
0.749046881056172,0.143336305542408,1.10063427983717,0.218909277941092,0.0955771923786469,0.189737087787898,1,-0.256243184641704,0.308165708851406,0.65326679123033,0.112691156637643,0.757495646872369,0.103233635828713,0.731271662745932,0.108799986982014,0.493304684940356,0.150560089123779,1.0503428076803,0.16476909449615
1.11446269754299,0.120504233768799,0.712904277606375,0.146125360831998,0.197339042334209,0.188757403997934,1,0.177707892940908,0.267598716024691,0.639199709868321,0.107111244093144,0.689834929757148,0.0975555582906307,0.562084288004482,0.118138267030512,0.707016370086398,0.1327095308932,0.872597449427078,0.140024331349115
1.09852380007378,0.142595169711771,1.2063876866309,0.258449226895882,0.0662241785385814,0.21088144179415,1,0.127522204864846,0.244106745390608,0.63830851956873,0.105290773258456,0.771516900682984,0.113679098563473,0.705755550514625,0.125575159992963,0.627322482886739,0.155951140293942,0.644456494434482,0.202751171314736
1.02225455150907,0.137485386698385,0.980936500926758,0.194903341638058,0.466101517115995,0.242452677903188,1,-0.116801337339172,0.28954633950896,0.798768170753785,0.101836310220767,0.646940001383612,0.0954085609363063,0.827510837030313,0.104895531567282,0.704070678284617,0.142159545393116,0.683479272581628,0.171254591864277
1.11847192364623,0.146056712162761,1.05045426381691,0.219587683768319,0.372443662150841,0.28991510787971,1,0.0898383115496507,0.285165185013869,0.794961240413731,0.0968246970378772,0.569350782967305,0.116257738090632,0.838951555220546,0.115227780130209,0.605017992540546,0.142363643614557,0.985164446752896,0.151972234061302
0.827660782842053,0.11467769013054,0.603885910783339,0.141581250652285,0.561547447705688,0.204488394048239,1,-0.0382992212551416,0.287075245010928,0.571483233436772,0.101997007449369,0.644651022741227,0.105289315650166,0.644239786271202,0.12437115837362,0.684645833323832,0.143706297788155,0.501567895827787,0.158557684141058
0.94803724985633,0.137065600200275,1.04453040827092,0.224287705130789,0.286078531959637,0.213992636456179,1,0.084705125241604,0.312068570977863,0.661487354295748,0.116441486695266,0.686694253689026,0.108531907715378,0.831840728429532,0.112954541749354,0.596422249023304,0.152625499934088,0.924160241659763,0.150992377092629
1.09418608352087,0.128941389582012,0.906593078070635,0.204021570252962,0.36888650235651,0.263579336033516,1,-0.0383919626755135,0.286900978220411,0.655464613362477,0.121786064263503,0.604123393687357,0.12248800876897,0.963346138374501,0.107242389353193,0.480853439407671,0.152470616985516,0.929711600223345,0.134057193520111
0.977848590207564,0.153465822946539,1.3082950559187,0.279662346561745,-0.106691598614949,0.193162541605027,1,-0.112219279480502,0.289605835056114,0.736534468178018,0.106959772246301,0.712515757671342,0.0960563596568853,0.640702907110918,0.131362311775194,0.925174788728716,0.147738699574922,0.356097534023343,0.227709527991424
1.08289896272769,0.126467001252211,0.784007089341101,0.157502204320187,0.148034212174706,0.189851371837644,1,0.151460956793309,0.221105299910506,0.754025201548829,0.0935570811384925,0.647271331673915,0.122163987746858,0.663573038143552,0.119400971682896,1.03605464802448,0.0960431414429247,0.467186180184711,0.223071956820377
1.02358894879802,0.15706527232152,1.41990655451058,0.313131132042183,0.333112539912588,0.214872275024999,1,-0.634107840308726,0.351956503639679,0.996294156245581,0.103493523612878,0.883498880826681,0.10222313311665,0.743366446773955,0.131491617292003,0.700586245555007,0.125830391059825,0.385479771885871,0.209137141627265
1.078292437037,0.133980787751931,1.07879625131074,0.244531643633525,0.498636848960427,0.202522766435208,1,0.164932386880318,0.27293602288229,0.567966058257562,0.124092882353658,0.807314885205908,0.109272082844063,0.711487500440262,0.115042118518213,0.705064712284603,0.161745380711059,0.696000298968051,0.136820975798845
0.830001490514177,0.12047867650986,0.727224485983857,0.144294900742292,0.156115074013045,0.194754464962355,1,-0.00862015617233549,0.251432071762257,0.585709491189133,0.103663353317125,0.639642402923259,0.0989763649298451,0.757271461206573,0.103914304209314,0.692822218929053,0.161456876502715,0.857631190867684,0.133449210168995
1.03686433244629,0.14121751961468,1.00556715956101,0.225470774641959,0.522324155210267,0.177545942622976,1,0.139526587346614,0.308883139711642,0.678776709576599,0.132605379961747,0.70084728644141,0.101721999146885,0.615609523008987,0.105832455997037,0.759582702452599,0.115637496470992,0.752952039808981,0.155879523032068
0.914875212501517,0.127811825052122,0.936756066357359,0.193986918351033,0.351011395194573,0.204614739840019,1,-0.247610415608384,0.268470522165492,0.607360229740889,0.100416547365838,0.699614470348354,0.108142693937027,0.693555515989035,0.112474688590544,0.615814987474918,0.158200140905047,0.816709967807631,0.143452305139757
0.854940694145826,0.143175291941803,1.12065039143774,0.227108251162822,0.196111233967209,0.155391035757354,1,-0.131409364151205,0.286682192297384,0.697470040089926,0.116084936070758,0.638985596077508,0.0979252940046442,0.761677262945171,0.123563250824427,0.714222987190739,0.127207181919794,0.87114491939118,0.14412406660551
0.914815347055757,0.124614207065816,0.72318535056507,0.153186253165975,0.0371405607043202,0.170273178810781,1,0.203158870965328,0.254700774453939,0.782277134338607,0.0837988205582559,0.666026254572111,0.100182277941891,0.839307308421773,0.106361601818187,0.850161383455153,0.158262495611492,0.702244167100249,0.233417939161345
1.00257264836265,0.14272566493408,1.09084589982482,0.239726653349326,0.407864519040245,0.180434471786693,1,-0.0948101934274465,0.266116890002425,0.748911473052612,0.103734365842061,0.677795386386398,0.107478643270706,0.707770541566434,0.116913512043145,0.726504558741156,0.126473422908666,0.893899061856832,0.17340052690291
0.953497607234262,0.134949501916899,0.939406176037597,0.19441677438018,0.0448516322761942,0.180508078747856,1,-0.638274188558731,0.287732607149318,0.90215526918214,0.0917925507622417,0.770220171063939,0.0936818622228217,0.678220786673641,0.136544053160349,0.600321415628494,0.172832503497256,0.927342564116272,0.139120730157364
0.988694644598499,0.143512772937005,1.13437546396394,0.257482256851242,0.395996402743597,0.263575257612232,1,-0.467850652288347,0.267102754398642,0.869654980326339,0.0985162996372741,0.790058266299168,0.106345472328851,0.543880512410315,0.128888097320349,0.749563471335032,0.125349419407098,0.755170541820334,0.161484913847615
0.834454240395859,0.116193465207065,0.673740181654262,0.152894701880181,0.278804094574952,0.226767172675139,1,-0.152600918349113,0.279404578048329,0.623833751194942,0.10156010490404,0.580370219154629,0.108200001173541,0.731578851164999,0.111282678329567,0.537878438627508,0.182321115294223,0.333618508016135,0.192362085953678
0.84935831609189,0.106958952883131,0.532199328363464,0.107982585241876,0.25238400283484,0.212698920027403,1,-0.228596802536738,0.233075187922247,0.684053922199435,0.0896476342955052,0.527931537430295,0.100241005061646,0.621325422488991,0.116876062819792,0.735493230412742,0.137698947701797,0.754588070341109,0.176581602706715
1.02919554553525,0.142074229616016,1.31037490529665,0.309298001959666,0.28532558557335,0.209233155500908,1,-0.325863244284242,0.386871381279838,0.832251697908131,0.120968254768257,0.890484437094467,0.114574591600738,0.793735624821408,0.126769794601675,0.634063261238758,0.153397958747306,0.69014372486213,0.166504421159139
0.96069565544567,0.173294026430316,1.83396091334651,0.402011700225197,-0.149998620161623,0.120576926634564,1,-0.377894488121,0.284885836392149,0.876151270513845,0.0991428676043803,0.524061446077867,0.124077284928524,0.841663524710538,0.124612606328514,0.937012218034877,0.119993259620473,0.563365069405719,0.172298633681245
1.17062375805192,0.136088691261822,0.929270401936966,0.190446026167677,0.037834653997512,0.190908240273637,1,-0.164749966701932,0.30600500870358,0.674721279426291,0.126906213065139,0.792142369944208,0.0990432023979839,0.717418131728784,0.0933153201090159,0.744129827862352,0.142212133793865,0.570211046943226,0.195175084064359
0.96018318119357,0.124591805863045,0.776599922620974,0.165797256636858,0.544958719788702,0.186990032114473,1,-0.234972195661991,0.291830537942123,0.743028055245685,0.0955355974391339,0.531378366598314,0.123026745402777,0.629476104815178,0.105362540006008,0.657891063609371,0.112105528898074,0.614944387513289,0.153488768225598
0.98424576150112,0.135874014515752,0.933435401776194,0.216191370700341,0.768376890010189,0.0739427638761858,1,-0.162299727238089,0.31395169236721,0.874759113513127,0.0875776558143929,0.752390072156564,0.0965292756323728,0.793383916088857,0.108521480998652,0.0952998916632167,0.221527912153372,0.833880526773492,0.158149467592755
0.875885002098972,0.128327555222238,0.758382084097226,0.164010415061207,0.568640871253191,0.158347610090492,1,-0.545335623522581,0.302320137527854,0.77803656136673,0.10883538256463,0.728971339811092,0.100765208740771,0.586405815700623,0.100708825017887,0.630518217013268,0.156988336934718,0.63015328549162,0.202536589479655
0.887512990636709,0.123415533546125,0.77788110933784,0.15608806717091,0.235398092331676,0.165519968560996,1,0.021801190795343,0.262409728841555,0.711508795346673,0.0977353601392875,0.545589873914899,0.118306208585805,0.510126838021094,0.121660469852259,0.721202015540746,0.123752634052762,0.949309284345261,0.144556389004573
0.825578888455166,0.127011248209526,0.767266800640623,0.155330806759467,0.278039929420017,0.173049009980367,1,-0.435373655316736,0.250774697792011,0.84828026982245,0.085414517715815,0.709002742805349,0.0909451328397482,0.431898800739845,0.140609309284539,0.673033144838874,0.128547982763049,0.422590761293087,0.176014278136122
0.987681969957997,0.135114989425412,0.982787937229942,0.223861334423175,0.51742808562712,0.223718402858521,1,0.116730308848439,0.285377854118387,0.694723953342984,0.0948152918281717,0.704055869049798,0.0932922478922754,0.65874942884438,0.131664217337106,0.603564321201714,0.159705446869767,0.702227058534393,0.18439630012055
1.13141491857576,0.131308777556126,0.906863871221637,0.194497423940169,0.245126309727645,0.195639523039103,1,0.194009286473868,0.266587410835312,0.69179708853189,0.103820924003892,0.761375058166709,0.0969431888423603,0.765542576231789,0.100325166900771,0.841812376407278,0.142589114366194,0.824065049743086,0.174497708519995
0.950426490145489,0.150789246117559,0.99138388014251,0.214937051131476,0.107898429342564,0.170038961090541,1,-0.735516297978671,0.325766991588496,0.894546179081952,0.0928414058013906,0.828675891490172,0.0938151882190956,0.645159050916816,0.1274772674496,0.632890507464162,0.16033611551138,0.777044086728537,0.189210780291902
0.78650910366713,0.133881817214787,1.04108795747993,0.253173868366711,0.309519052265434,0.239025095031766,1,-0.39435766249331,0.318742694107664,0.787242381318499,0.0957475634585967,0.711797694212567,0.110913009695408,0.4286756119188,0.177042860527567,0.856605107935276,0.170229434247038,0.39624549964378,0.179109552350908
0.995548403330929,0.155755737224561,1.16752961595472,0.241892452193238,0.160540430136645,0.16562246197151,1,-0.0973237699674205,0.312283835468045,0.795989041074713,0.0886374190900494,0.633843414992518,0.112906317628806,0.656250036787094,0.156091394262393,0.56312859139909,0.150909089436592,0.562315934931834,0.168368843522685
0.998167482599435,0.116496599144433,0.74046733584454,0.167912154811401,0.673954087062354,0.110049664392708,1,0.175803899822892,0.231710666026926,0.64808529445502,0.106206077108558,0.517020711309556,0.112466221029739,0.607754407948307,0.119316216868524,0.536316599744917,0.123568399448095,0.553487753035489,0.171009661173132
1.12403559639467,0.128315190583701,0.67268881528194,0.142452105529491,0.47749207331423,0.182580470066581,1,0.306452400505354,0.267465299407779,0.645705969858804,0.101834801508149,0.609146116373097,0.120725416459819,0.588729248265562,0.107511810640617,0.589135859443126,0.111407336326842,0.776924519233988,0.143315831524939
0.965939532465191,0.140032795960333,0.945356826635706,0.211653202539643,0.202977251001539,0.219489303206395,1,-0.062592148816312,0.273390765959846,0.720793425430321,0.107381606545516,0.657317789270482,0.112162215634806,0.44471841452867,0.132683214830711,0.571203887365516,0.157502682001276,0.526115751341508,0.177239830804793
1.24244889484663,0.145810267562153,1.33373640829361,0.29468705689288,0.380847113664436,0.23234795426092,1,0.486510642209851,0.246055893508435,0.670913447849166,0.115516788972256,0.735424775159314,0.107560597815467,0.565457227845671,0.135431374684119,0.714593696383398,0.130166379702666,0.645462978424955,0.219306153175438
1.00553569039592,0.133247049208658,0.879849489998548,0.195152333171637,0.195574421325625,0.191100233704388,1,0.209109880247101,0.296441330984835,0.591513816592324,0.109927456690624,0.67123057007992,0.109439960577671,0.865385281338311,0.114945068279234,0.704370970287558,0.182079709523939,0.188795497929436,0.255498979254983
0.989694405688574,0.149759842215666,1.28650916016535,0.276986729851898,0.168637821239181,0.233293225133568,1,-0.0352114723837073,0.258145389901421,0.697537472740795,0.10460629667384,0.687275334894038,0.0989204502347912,0.711175710565167,0.130604284397374,0.728421660610016,0.147799909415724,0.815715767001528,0.158122650685641
1.00763968523577,0.117806595476334,0.582239399284192,0.144008205549503,0.650953665753734,0.171511864291619,1,0.024023651053751,0.289943987303825,0.613706551018216,0.0963519537000274,0.777095840610445,0.0886304286545337,0.50962035026289,0.110140639409951,0.637931587300968,0.146175928432079,0.57635223844232,0.209547232042181
1.03630659843772,0.14799163556602,1.44237215757063,0.327681181801603,0.0400102472576701,0.141851644754316,1,0.166113481237308,0.286819701086453,0.787311008671581,0.101997894672759,0.889043121682249,0.0977343232341183,0.779890996583111,0.109775386464355,0.855942275205093,0.168634628189417,0.449015857525239,0.262480492613703
1.08222749127017,0.116686430657878,0.742940371524172,0.155338569356463,0.518505181097985,0.196385657308979,1,-0.193322078663249,0.254294960093422,0.870287143847195,0.0909236096716558,0.589360624220848,0.109896510128637,0.682675812444409,0.13755218342057,0.799588989370991,0.122032091024927,0.546656987825859,0.17440476723955
0.992240569893581,0.128947030619789,1.01477264755719,0.217835788787118,0.27928377896369,0.208528823219087,1,-0.0954952940364398,0.208830319342632,0.758413464659517,0.0867318897326071,0.604956290089328,0.0992887635495011,0.795284168374796,0.12284466928103,0.485900012763068,0.178578990446922,0.625115974100206,0.208882267839327
1.14672025403322,0.147957954454197,1.14436851508898,0.244994803220789,0.0603951289293515,0.235720492020554,1,-0.121424098993139,0.271318540415999,0.755419051484095,0.10165460292571,0.685565586031415,0.104854017322013,0.807114046031466,0.139055393122375,0.764810554033868,0.149781861397473,0.494851673925632,0.156790121397041
1.21559362801324,0.151549482334815,1.09526038997477,0.220416969476922,0.598878809734884,0.199553985911642,1,-0.165279761036284,0.325806010118964,0.823375229562915,0.106464207238004,0.789034913100912,0.0890107895630051,0.700163656022122,0.121644520707097,0.532441080138936,0.156048818151778,1.00542989414362,0.135730288247127
0.906751374422492,0.133342116640433,1.02282918798901,0.224491807739084,0.310533722530602,0.170058992225327,1,-0.0428573932976489,0.224790697730424,0.613771749616641,0.0988357827652282,0.583006291002798,0.114890555060284,0.867135358908802,0.119266103772511,0.716370274052539,0.135921848336282,0.811448807608252,0.180793770639934
1.11485988101465,0.1447446859536,1.21770296219101,0.264001424137142,0.0900469478241647,0.152959367281704,1,0.287893477506539,0.26350744118747,0.578298517001739,0.110069305459605,0.738561749370815,0.107551290352359,0.765742178362292,0.110674086839437,0.863766695147748,0.132770059010002,0.851999134850188,0.147650404230638
1.0728331084622,0.13926825746075,1.12530660189914,0.231964558782891,0.347414013461021,0.19235956370669,1,-0.0877773851626058,0.256750598306363,0.641100724735735,0.10549483809322,0.776014738345348,0.10907345565349,0.816128558798119,0.109045894236141,0.500624507338613,0.164216129233449,1.05122366304606,0.12027901978353
1.16484157951503,0.141277661124096,0.946079611440955,0.19815750898274,0.195612688056883,0.182709967524888,1,0.146413573147538,0.241752338337856,0.642574792710069,0.109330744864019,0.618555358913034,0.111052376376986,0.612543235207349,0.11509973784478,0.958380876906176,0.0942875836527689,0.980944068217659,0.123285239001023
1.24389812808999,0.158103223173411,1.13227311538437,0.244142653668456,0.0997298833189332,0.196136444112105,1,0.345875744761658,0.338275099316253,0.709287485334262,0.113033446969508,0.823277887489484,0.12487697017641,0.838859255670131,0.136229327581968,0.916584990809292,0.123010884655272,0.806150816444646,0.160597421245116
0.908338228115417,0.138079619388181,0.998630371265346,0.233296344623295,0.530626730018913,0.211167899371868,1,-0.0210421476912491,0.279525201108506,0.704896060088988,0.0997084842177651,0.516323952619389,0.123326856346888,0.747379449241767,0.115202986618278,0.650952288185377,0.110303652971467,0.669769506328062,0.157375580168456
0.886542525075195,0.108226453130202,0.538170296495508,0.114209770005348,0.692353669737168,0.110323649440135,1,0.0208380682684193,0.25366661733549,0.523598441310573,0.104881092715022,0.72715332301697,0.0959896521561717,0.452597335846921,0.120188010409011,0.627706200769269,0.143565914316666,0.480312068452568,0.173667127138084
1.0897440406857,0.165666768587184,1.20600088171128,0.255268801332774,0.133366779155899,0.173012040353381,1,-0.256800205651344,0.30241142991737,0.792139820795906,0.0995898055587695,0.747552940374284,0.113463537012346,0.761977449260342,0.135987485832715,0.746172070347189,0.128818804696351,0.6978321301722,0.161930926432053
1.090782771107,0.149009169689534,1.22358217811327,0.257000514413467,0.200105213824914,0.220567865843178,1,-0.100064719404723,0.26413002727032,0.689137097018306,0.114596150463273,0.821211271171184,0.103062361173265,0.699034733623502,0.123770581191237,0.671449422762867,0.146515260681259,0.894711126158874,0.161805854827698
1.26827208123122,0.152061833616752,1.21177127393645,0.273851431002086,0.188388083907693,0.231230587854619,1,-0.00976863966945936,0.253927002204127,0.880131524450503,0.0930697978787901,0.76669464940543,0.0984466103129184,0.609035296990325,0.134433909708259,0.44178965444349,0.188105527761517,0.923448811651933,0.174015884791217
1.00611943948172,0.130700908457976,1.03784272737869,0.230282544747979,0.586733996906294,0.187066924717365,1,-0.258049878994112,0.279897907015337,0.710406802627213,0.119280107893911,0.841767368929961,0.0895655310117128,0.571137417441266,0.113843229898458,0.673249127486812,0.143258462925521,0.691458620125226,0.142614102316596
0.854537256161835,0.135002392146599,0.839725237586199,0.184913582331992,0.458907411598686,0.272958629693704,1,-0.0595669353204321,0.319939107273697,0.687403850101246,0.108334219175821,0.785478359992681,0.0959880853998097,0.615706966401738,0.113661801468764,0.835201565638924,0.144374419253588,0.639546692417559,0.198758308107529
1.12026711519675,0.131319361561586,0.861058074139272,0.168449332204793,-0.115383472384779,0.14847717617163,1,-0.113693983647484,0.266618993634161,0.788859738344144,0.0935333856897333,0.763569189998233,0.0960826965547591,0.726261294203669,0.103715766699043,0.92456602662539,0.133026963027904,0.60840546476623,0.174379288873409
0.907076530492062,0.14425815413199,1.25210035286506,0.282165617229384,0.419691654793152,0.26169895844524,1,-0.636559427283505,0.317627761522218,0.743286926995609,0.123347887459411,0.776045271747226,0.0977281651245196,0.689922168996685,0.122087857774177,0.879349746554882,0.151662130170341,0.649838200056513,0.188012599326404
0.976746893429951,0.130928021930366,0.653839589626294,0.155533044328111,0.533530774973305,0.232059663170524,1,0.144375640839461,0.305876217630437,0.71246094708162,0.0988107369964594,0.702299133054167,0.109787340347858,0.580546367539574,0.127191081503263,0.57367753478135,0.148148088124938,0.565531476464798,0.172431769355798
1.1528099071397,0.143934672408568,1.03815786343226,0.207497064384176,0.291930798885538,0.228639559183329,1,0.0522963675682324,0.271460028156534,0.7135002147733,0.096499226422528,0.90542460736187,0.0837728428063518,0.755360834769193,0.128339159340079,0.815585003634615,0.147123991149522,1.07288205021054,0.156571472745145
0.955428230059331,0.121057686294254,0.789751384173186,0.165113612858481,0.112826425616262,0.167023820828787,1,0.0299856687427618,0.255966609326458,0.693224132724531,0.0921054591044961,0.603293399059692,0.112098145467063,0.598389498345015,0.127821873947472,0.783775450080403,0.132290865114221,0.909202829035209,0.135974518942284
1.02975550550066,0.12759535778647,0.757814835954164,0.169928827141389,0.321595785699099,0.218790575864258,1,-0.208863724569397,0.275753444590609,0.717617512534608,0.095877872532726,0.8108746210919,0.0927735888910679,0.570557468457969,0.129897482683155,0.427292437830566,0.172597268346911,0.518445513077296,0.180309450850735
0.978826525054761,0.141627232733616,1.1554472132654,0.261408318964628,0.15542934281333,0.228769448661022,1,0.137539077241114,0.261480783919644,0.879228145349528,0.101188278926174,0.643128405723808,0.120127815440545,0.589939074041947,0.132913100165082,0.527508592150168,0.16621704856015,0.790184585893699,0.172097978161741
0.979024798228565,0.158625748753364,1.09669162747621,0.266394454578774,0.840377568245464,0.0724473047874216,1,0.497632000030717,0.413564324617823,0.728211455085426,0.11563660960064,0.494391445028291,0.128156894975521,0.9959601103142,0.111031078123844,0.731822286867752,0.153240529959487,0.834488077625594,0.126095046372227
1.11144788740293,0.139528349184512,0.974063565291061,0.196749407701744,0.396369876132215,0.204199194570151,1,-0.208040014784391,0.259234450789572,0.928372754638323,0.0965843486073102,0.598609642065173,0.108407707958523,0.766977823837281,0.10986702440044,0.600649969044843,0.159960554144862,0.861319428098936,0.160184267984042
0.60537002546261,0.132014844713783,1.06790195216859,0.237623008767925,0.619833226580339,0.209030055925555,1,-0.51398456752563,0.288967625009957,0.758818808892978,0.0958333952285541,0.595025249127508,0.103719382330916,0.6426898288217,0.134034300193391,0.585005435263146,0.1468127536244,0.78731215455566,0.157189460273209
0.744168449646655,0.123698032444798,0.970609501021835,0.200845009065225,0.135574511044975,0.193714453234064,1,-0.189393256895888,0.257836532107992,0.751574268642181,0.0932720140202855,0.565988959796693,0.0982328126318527,0.653497589755261,0.116657259406078,0.472034208039195,0.159434279546897,1.01539531741552,0.203175641028753
0.940712677585388,0.128618007575251,0.967006438059221,0.211272485819963,0.136644001695152,0.182389202561379,1,-0.335633391781593,0.288426029132733,0.739701000452844,0.114070967466304,0.640678403682143,0.103957635015234,0.66250900870149,0.10876089345456,0.714485747281659,0.127191043263223,0.804301029614495,0.146155835712106
0.982379149208725,0.131681327961806,0.918994659452133,0.199835829383989,0.467027682143155,0.199963349768406,1,-0.403923315872118,0.309028072309176,0.901920223724885,0.10060820175054,0.610904801607521,0.106819267165224,0.556285186872489,0.114011949011803,0.631643302239603,0.13613419727934,0.448983193941771,0.154994915610408
0.83965648189105,0.133624940973155,1.00751800963003,0.209092998735515,0.54201012235708,0.17702321896844,1,-0.556937646435565,0.332144466475656,0.778316623058439,0.100272091942269,0.560951189343983,0.11505561741513,0.611748578568381,0.128427481310719,0.659545643345395,0.118197759618366,0.691818172303099,0.171036546294503
0.886859276464537,0.135602703805694,1.08182167014515,0.224362136970632,0.202979448824762,0.18328062792362,1,-0.209105232695142,0.212552438908956,0.733683176734932,0.0899182419335739,0.684694881046081,0.110318259947477,0.74393668096406,0.129217763988392,0.584222191720126,0.165282940562954,0.701100262105904,0.204230304066573
0.919996374444099,0.13307373759841,0.798682063816076,0.164914564447008,0.401901993490907,0.236559959724875,1,-0.44283063385401,0.300472335097583,0.793350803904722,0.0967882884132198,0.634424149644698,0.0999820896167127,0.706335922570779,0.100631400017305,0.74964280650301,0.119464189241718,0.613923586504937,0.209237517883191
0.939453536726848,0.150362277590017,1.2729030660634,0.280523312215684,0.354614999494176,0.198173981602112,1,0.288393904600472,0.283805067438373,0.726597976336854,0.10808172629194,0.580497693603772,0.109520961319796,0.558687195401697,0.141640736101512,0.710601509308073,0.137024322965651,0.630223580187915,0.168017274196335
1.16374119075487,0.132967099158022,0.776298316189684,0.175056663788594,0.0252034514594555,0.198415202601387,1,0.41438110138412,0.252596086363817,0.584670859422951,0.114568952689154,0.757670623553619,0.110727145474666,0.861464992652313,0.0991191976811527,0.767063715969295,0.13122349225194,0.553160013427326,0.193966982097228
1.02182873872964,0.138254812778652,1.03995632237566,0.237630209722236,0.564694384160391,0.198383667500902,1,0.0130449956287243,0.305732860818691,0.514792347785762,0.12662487697323,0.727143445705328,0.0927745865837429,0.756501904406518,0.103542278284778,0.773003879123235,0.150573293862361,0.487922841947772,0.204230733658852
0.877359441703694,0.133633917098546,1.01578676213259,0.214251752564419,0.112826463577725,0.192316080721277,1,-0.0113837471482865,0.233357149407415,0.719799599262898,0.0879053813043841,0.661494441785016,0.0961784500840008,0.698195338296604,0.111713682662031,0.729475883777972,0.156677541228689,0.84813177955018,0.209787626995799
0.837664992829304,0.136446132058938,0.923360730511556,0.206096946237279,0.63904450036466,0.165951422047439,1,-0.0189557777669452,0.326535769674086,0.470393868588726,0.101556843051173,0.770062167543059,0.0994398981486789,0.632528141822058,0.123286092075576,0.647973303054739,0.147571839983746,0.5505009674303,0.180500494190085
1.2241593754609,0.158961735524387,1.37633435479897,0.312342158597891,0.681786904312608,0.186372150864974,1,0.33444903151199,0.332779666845139,0.722674157412202,0.108649955153414,0.844049716903656,0.106833794703406,0.68858106052106,0.143251489866302,0.735223321277271,0.15840413421544,0.66762948572176,0.17539986609587
0.985407655306459,0.152659759099872,1.43490163068577,0.294791049486257,-0.041329427244516,0.18049865404874,1,-0.516199917571751,0.261115628073335,0.733934722849526,0.11495254318453,0.74650481707891,0.106885108677216,0.834166875530462,0.11675764415,0.718556198958015,0.189177093694769,0.896501143241436,0.194602704934543
0.825516849334304,0.136719042055652,0.995369730798715,0.215996788575132,0.32825416450995,0.227675956290838,1,-0.102660901130668,0.261805814855432,0.644643167137665,0.0944603072593326,0.770470629469992,0.127279946818255,0.591372848926634,0.158941921416978,0.620872216781343,0.13420950699934,0.62765346326981,0.175486762098462
0.881301657204491,0.15259283777875,1.31269598461926,0.293269861311202,-0.0242792931156499,0.183385179777872,1,0.318179772141131,0.283722872847398,0.7417283993033,0.104572880226905,0.722224373042866,0.125153792469935,0.629468662494253,0.153383834993797,1.01783895275923,0.113557735226644,0.747125565808032,0.189538124445566
1.06516639224158,0.13759719372757,1.05465455989762,0.240854555353277,0.38479274677339,0.229309325259754,1,-0.0821851864357642,0.282537822550798,0.722960937533292,0.0840802263185036,0.774837801561222,0.101276742510137,0.712943510751848,0.127828893721938,0.751627457536437,0.173430047649178,0.740789557192631,0.144857951859543
0.911217531061504,0.13330019648063,1.03015028878006,0.230401878659634,0.534148955183684,0.157086430202483,1,-0.411335376143139,0.306332342784927,0.825146269201113,0.10421432617692,0.567955586655657,0.120254638117961,0.702951910968792,0.120960391332183,0.664974729510008,0.107133963056637,0.526967739513028,0.15105098154298
1.22681338803729,0.133847569845182,0.7682040032612,0.164993009610916,0.0348328890481219,0.204572616593762,1,0.662566814476591,0.300133526046918,0.482898487025204,0.127912501370641,0.61377572861851,0.118066012721984,0.853160844554348,0.110931776300371,0.770385820928597,0.132406432639124,0.699776641387932,0.167835781303993
1.0745406894156,0.131140589714994,0.974102678329765,0.205122291257455,0.477678277589039,0.223416891150511,1,0.613391679834273,0.256339905775434,0.609999029755565,0.113272150823336,0.528019197915248,0.104363611492097,0.697169585341715,0.123302064598869,0.551026673769046,0.140466385013846,0.82307765568045,0.134033048663609
0.949434451488068,0.140935427181447,1.05387346641291,0.232350880258314,0.0646770309386587,0.176594065325011,1,-0.116069992961377,0.26488046580876,0.713741142355333,0.104239154036836,0.756282226367982,0.127461259038139,0.711889945408922,0.140614947273629,0.567129249057988,0.147078070222706,0.867308885897363,0.116137127280008
1.13842509241148,0.153739922763486,1.16156292830936,0.271867283127792,0.337699679098234,0.229975600173597,1,0.123068587130664,0.323893713148016,0.643533900333366,0.102483728915874,0.6729410490606,0.118887779164501,0.648428670502764,0.126660115251197,0.551160632850243,0.148557512371396,0.735611119804853,0.18730021342545
1.20875175253411,0.143579096966112,0.956082436866458,0.241045673313559,0.657646581603223,0.145680671415012,1,0.315395225998555,0.290961042748209,0.703944654968286,0.105911100321216,0.643528485923228,0.121520255436427,0.696025164518659,0.131581163810666,0.914629941875342,0.17663523209018,0.691835770261667,0.194195541936085
0.819577902422902,0.1210735128437,0.805318736258838,0.158852374318703,0.196960379884326,0.173412838890768,1,0.108973766444785,0.259394549004634,0.58957687254762,0.0910960219052339,0.825600347728644,0.0878117465292368,0.713296071173134,0.136148208183522,0.654217735168998,0.220577949546358,0.568366320123495,0.177882771332788
1.13257943131188,0.157849776399517,1.4282190327003,0.316811686988119,0.532327651606522,0.241116826950665,1,-0.161596579948219,0.313141406066008,0.86022043999304,0.112963396827206,0.887783816310559,0.0975717097948375,0.744156488543828,0.112808863443258,0.900672726367081,0.148221703773791,0.350122350500259,0.254862612983132
0.989808397086959,0.137627875503346,0.869223466550031,0.186167207867008,0.159904145249787,0.211931017683327,1,-0.234736787222288,0.263719588500896,0.713440441143729,0.111247644316345,0.807320120189796,0.0984689388412237,0.72628713066878,0.113912406535239,0.437747888127581,0.174710270718335,0.61039465859791,0.205077729858771
1.10143965519479,0.14398922136422,0.975019158744734,0.233278898456552,0.709492458866836,0.16063214399205,1,0.082076969886428,0.333754519274871,0.672625943542127,0.128574709799331,0.874657478671942,0.0950395610811937,0.652412726788061,0.126585607930168,0.610135344932983,0.126492074784441,0.586817947849343,0.154849547455232
1.39602069731949,0.172365406114967,1.43752439410816,0.337935490852948,-0.04389152376839,0.173307355899678,1,0.349431763543082,0.299899932397102,0.786446210510511,0.113164113675816,0.838859329923782,0.131513032589333,0.810763037064439,0.119580325300479,0.751832509946219,0.145191177834817,0.996716132333049,0.180038450412681
0.915878180461468,0.145594171779064,1.22651957794279,0.268298263123361,0.174024058008917,0.16181311920037,1,-0.372544019383668,0.298735203481964,0.562573163634522,0.111985416873529,0.61056707324228,0.139137298234671,0.656910534304712,0.123998641516588,0.758300026449052,0.114624120701226,0.750413505119383,0.151465720408735
1.32771612304734,0.139022786283593,0.892731993962702,0.193429976798204,0.268282869609959,0.198172335213869,1,0.529777232313069,0.285766147521705,0.610864919505827,0.115865219994531,0.706382948410356,0.0990907072693804,0.704832973015028,0.107437273681547,0.856720255383321,0.115260361468572,0.621927136680863,0.167848709678911
0.85554102541021,0.133291125398584,1.01354370631183,0.201516435050831,0.0874681453799106,0.151990135402115,1,0.0179471566466838,0.241172602203708,0.668861757237388,0.0980655170182769,0.557028828964936,0.0943376108343869,0.526881616140858,0.121146696554619,0.9140059758004,0.1537884613855,0.616039188654015,0.238546306489428
0.91455232865424,0.141290679187393,1.06828376247688,0.216086478874599,0.0416293145558608,0.18925674173571,1,-0.399789827728038,0.340210571920582,0.832851522810753,0.104443715194824,0.892159882390461,0.0989494819751098,0.778100847679282,0.109137164899785,0.524956650141531,0.156302060380579,0.984782170058334,0.127109728939596
0.897713911585829,0.134408433459571,0.881220099526352,0.185749351446636,-0.0132547174879654,0.199344151964062,1,0.259157778945171,0.283307349165284,0.743476595038834,0.0998556562964541,0.813928556001116,0.132137012782068,0.763620360963817,0.120075551940564,0.787969934714085,0.141739918761922,0.718986439352339,0.168645222386955
0.997436583475572,0.129542617266012,0.90002397425381,0.195132040705885,0.302562667653329,0.18847511117157,1,0.260749502127559,0.2699012595593,0.535593546368787,0.112917652221923,0.586195264955855,0.106331446322304,0.790832073702121,0.0940426750170017,0.492557782846005,0.168507351676634,0.655665272946245,0.168304786736481
1.03068668459674,0.126659075155586,0.867931479022019,0.174163579027151,0.16861580707267,0.21021373217445,1,0.096605097580629,0.231090720208489,0.680765631329796,0.112855500506125,0.624324935960449,0.113196774790825,0.901207201884083,0.114211359866648,0.655878809373205,0.142971408813343,0.591016747334393,0.163693056561051
0.863538772283811,0.130727774121066,0.850064961379275,0.187412272299032,0.341129218600693,0.246884536027922,1,0.17348923775426,0.256222444669943,0.639579610071699,0.0976161080351424,0.56296601754316,0.102848178410166,0.60695221908628,0.134500946090096,0.793885348924101,0.113838260825889,0.548790774258686,0.181504607076568
0.829278568839238,0.12378935499895,0.71545037707896,0.160203927422479,0.718756743997381,0.124361529488804,1,-0.235491899112084,0.299154687127287,0.622472607711215,0.0998238953344234,0.725817362884488,0.0810357189331257,0.799282066040186,0.0995439646355126,0.565368406540691,0.152344670669402,0.609321374763971,0.169830456085701
0.978478729113844,0.130376100417156,0.712758520929608,0.138734533968912,0.266820388200296,0.208152052502722,1,-0.00349585561680837,0.285477175460397,0.791717805164702,0.0907892869287612,0.668729597969857,0.100850298011527,0.763738712347378,0.126580662395324,0.598533316875919,0.137551936907732,0.868080293040089,0.143246380792074
0.980615823767658,0.134518386544985,0.917450112979303,0.20198123932104,0.198188809009212,0.185393538392409,1,-0.0207251410534824,0.23729522474918,0.505901499935349,0.109644065625041,0.755391240414054,0.103342028155334,0.547070450077609,0.125706729617825,0.453843047368616,0.166494866295517,0.565848902062564,0.194126874889802
1.01714116205706,0.144051080224852,1.11783577320432,0.240680015426802,0.331629382205857,0.246486650685211,1,0.230964783475378,0.274711913259549,0.617101125895396,0.109901697980996,0.730479560450104,0.123056001470644,0.552354931739029,0.146421147096466,0.815333945816742,0.125639908432332,0.652631280203652,0.162267222214797
0.982362653253304,0.137253474286261,0.93334451812283,0.203995289186788,0.201336942110179,0.173072999932709,1,-0.352177015119245,0.258747952111939,0.860924300517142,0.0953908942198959,0.741893033596588,0.0988128446781321,0.576677899766316,0.119543886813199,0.578874387415853,0.150887840386748,0.554041350465516,0.226966122589462
0.88051453191637,0.141228606611617,0.808571107382361,0.178319506338914,0.497441983572833,0.189838989354207,1,-0.0685916523537703,0.306820290472483,0.605977044480818,0.107160452305395,0.825056793184602,0.0976604017501938,0.574116977414743,0.110670064557981,0.718423253270382,0.122311692532561,0.509186026824628,0.224736118831796
0.859457550954195,0.127620745626017,0.7912428415352,0.182897494610053,0.449132273477085,0.188726043082843,1,-0.0652449806309104,0.263951815372408,0.681999984518904,0.110661791549922,0.577195553001573,0.0927812890469808,0.920661605754109,0.0988774218860094,0.536177285390282,0.172487407143139,1.16887612038508,0.305371371589974
1.03646865924705,0.145069177411659,1.16104385569856,0.250501706887036,0.425805980037517,0.262695995437469,1,-0.139514505105767,0.296362729672517,0.698832741561307,0.100823051112162,0.649016014617685,0.115159863847986,0.624755270516321,0.116285354436136,0.800904001483749,0.135620787971902,0.732662321711593,0.1753832767987
1.08432312356715,0.143377520988256,1.11033326535784,0.231178217984189,0.358386290348164,0.141138044334908,1,-0.332963741979668,0.297830417472199,0.852560884974121,0.0844928426999044,0.691208314693202,0.0935620136462687,0.67425590461186,0.13416608900646,0.635598015572806,0.14724565576742,0.745611893693981,0.150497947355978
0.904073348812068,0.129208318974477,1.01698351696936,0.21694338016087,0.282090984491611,0.149378244941852,1,0.0592170703055501,0.237947106717284,0.678933136653822,0.09633777090247,0.558769943338872,0.106379942676837,0.505764581600144,0.133011581118026,0.778538497868475,0.152218556063722,0.383805373196655,0.198559440375948
1.09162942491163,0.163014813534865,1.38979137715221,0.276951489678454,0.032197015199715,0.210522802270177,1,-0.219851816703192,0.285258707831572,0.830440159743183,0.109358761941476,0.782775891250523,0.112987941508578,0.98796865944548,0.126581358036495,0.665066635423966,0.142689726415481,1.05357441056528,0.118191013570246
0.891358132857756,0.122263633236689,0.842022208379514,0.185945917868662,0.289503673197945,0.264356173794627,1,-0.273968661362085,0.253950095709468,0.708744409239175,0.110350707405416,0.822644314873065,0.102732999084095,0.644335820429474,0.12896242701883,0.918098293547457,0.123863165123933,0.668233690998772,0.166886016749796
1.19206050800772,0.15407130508383,1.35031330197721,0.29388972704498,0.668275798097057,0.165379564777557,1,0.188925763497693,0.303978125141289,0.665856225419599,0.104586378080243,0.81715038897162,0.0948592009905897,0.686218448967357,0.134309757930309,0.792460252821243,0.138552929098847,0.995382096062268,0.163617250150549
1.23134261728667,0.139741108144741,0.94318146953697,0.217369359602474,0.834480849646946,0.073868402022543,1,0.146080270892388,0.368482189044795,0.838799464603864,0.103803623381906,0.844240000708718,0.105714914151521,0.740466381958855,0.122416189582499,0.825470538891763,0.130305806958595,0.551874449255972,0.163923895044075
0.767649345221372,0.145383579640198,1.23471159134063,0.286355098839372,0.375286500401874,0.258432676092717,1,-0.336871254280195,0.287769128173637,0.858984049033888,0.100430991391853,0.780547522546267,0.0993957211165193,0.63424390281278,0.135016880329522,0.899702674827515,0.145107337729135,0.412887334078817,0.276110473687111
1.15312557103869,0.152804859347043,1.31223432013403,0.284274068615357,0.181411532125259,0.214647747273082,1,-0.133444808802068,0.330669405883098,0.821002540111276,0.124386153209018,0.707647519167891,0.112167275335499,0.813372059218381,0.120055108860126,0.76997732604606,0.141889745044652,0.99008419252072,0.109376421921607
1.03857117465196,0.162625249931143,1.26139947688462,0.315335534936016,0.713843196825758,0.158658110088303,1,-0.172167376351989,0.382154735244349,0.689141654348755,0.119294644859687,0.711513271066006,0.119677184586964,0.773389156150738,0.116936494262096,0.673995556106695,0.144664653943379,0.660309852883829,0.159578768879091
1.23569382389228,0.151511836454935,1.10314972250578,0.252098080712479,0.114052769757169,0.196666424125738,1,0.334792460690356,0.293871826647884,0.865629281298696,0.108404730160628,0.563411638744726,0.111945142123402,0.661991844222499,0.123014301334206,0.588040081446047,0.146556421108695,0.79640025287457,0.151509156810727
0.961075294740648,0.14036719323596,1.04333568393257,0.242711664315599,0.220915884512082,0.194174361866907,1,0.283268791996945,0.241289953823947,0.676279490297687,0.0998238403760083,0.689685725652774,0.108190518723733,0.652410470219713,0.134506794861947,0.66254172602124,0.175595505427326,0.585578520602457,0.191832337419218
1.02733241219067,0.130258924789511,0.897226417380212,0.18963904035243,0.200259297487495,0.204395229780615,1,-0.158796196907975,0.225107962413168,0.737198599016816,0.0973049411925615,0.69012426168499,0.0950636476983228,0.760243502309482,0.118053435834772,0.605971130366013,0.168530664551324,0.55454997101674,0.172171686917504
1.05477165581254,0.1440430410737,1.13266658258868,0.246926864547012,0.361997644499373,0.224929802251446,1,0.000698365119392495,0.295216371277578,0.671341637426775,0.104466938907182,0.723157199170204,0.10296532404666,0.618253535115717,0.135665389201624,0.795553682635177,0.123414614499084,0.476878442480638,0.169812155269933
0.840471230247608,0.148417877755274,1.33882917984461,0.297387235681759,0.533761811584354,0.240562836334701,1,0.194287103337825,0.328323005900124,0.572453048356398,0.125757778249851,0.788904724771939,0.0830015130347675,0.624847015321183,0.137339759300023,0.657210566021359,0.126345768912472,0.854341543516895,0.127116740868215
0.992468697512208,0.124558190225958,0.831432124975245,0.16855733616926,0.184700780302496,0.203243698328735,1,0.15506177747828,0.269900603817306,0.711216016952891,0.110571236834467,0.747460686476462,0.106010183814355,0.568323183540173,0.128218248253523,0.76990406460956,0.108184091106251,0.595426237127398,0.160333564089912
0.817730666267375,0.115669113762952,0.739131543409155,0.165933548774801,0.457604219248615,0.220651698268998,1,-0.105801457103331,0.28039275166437,0.843691591516286,0.0924729029252852,0.475923734837661,0.109050427063684,0.741019454442852,0.127440388512528,0.529050415430904,0.159196491702442,0.545847677176745,0.231868913310356
1.30444778052314,0.168457000544241,1.17278537253526,0.287855513994084,0.379093971641664,0.269239844409715,1,0.226042101461758,0.3699742983578,0.630325163748736,0.116588643632484,0.859996101758863,0.114628285759309,0.852498014154078,0.114691066423161,0.524599297865191,0.138590166010807,0.77708526267032,0.128509926414992
1.10404795735093,0.143462758419464,1.0662190440566,0.250887930738395,0.0912611839457732,0.170416726315082,1,0.5489607673791,0.24094976891947,0.657196274266958,0.103069982307406,0.788115221071487,0.0896402099841673,0.82565590859789,0.123126466510331,0.74895636066204,0.149457816250423,0.964684920977405,0.190903411048412
1.0154270672978,0.122002788808701,0.914244812696262,0.200348117125762,0.116827805822951,0.1988215376302,1,-0.0792430138287034,0.243370109854314,0.838489486172751,0.0980776510289822,0.67014250989733,0.0902375145852388,0.805392326361915,0.115610484064452,0.757179956715346,0.134786903289195,0.760233397595226,0.204516842188137
1.45440240163964,0.190573236691286,1.64374023450958,0.364644507384224,0.338309209431844,0.291029436433427,1,0.439940411216686,0.323911931603987,0.844255616598135,0.107756551233857,0.769752660437965,0.107887648769144,0.598680740964827,0.141258176081724,0.560129908691868,0.153722392024937,0.659277845420129,0.167353668269512
0.895692117117455,0.13305702000619,0.898949808922485,0.19846915508844,0.49927665712814,0.20325479947438,1,-0.476533553641036,0.257782376726636,0.728777409272658,0.0910188977546107,0.735159045263351,0.0992878250263478,0.746892912301317,0.102496048337937,0.70082089846621,0.153481985745916,0.685464014366254,0.241906627034434
1.09986872958906,0.148385289294007,1.09888448223736,0.244973046392784,0.350588943122156,0.227228921812206,1,0.0389059334628195,0.282011250707176,0.789916497806103,0.104240938196902,0.483028809613661,0.111488859372677,0.76015121080101,0.124151446463368,0.522699238288898,0.146851666136502,0.632961944580676,0.161006504640537
0.858581833856101,0.122153523459125,0.826410940811113,0.179090785630327,0.457108349849181,0.183282840252754,1,-0.248541793738405,0.256185957033927,0.649519494564698,0.099207832811449,0.829710906997848,0.0932393898312832,0.238232275052047,0.15868460067544,0.88091102960453,0.128670488088115,0.51921200844715,0.171006463002595
0.861735341719773,0.137256637500323,1.08773685704069,0.23136666292796,0.0555055321167688,0.161292266446291,1,-0.145240137811865,0.265229067032198,0.748818886503549,0.116363756824054,0.700001625640561,0.0996321258236868,0.753628498914959,0.103005154417831,0.476116061235711,0.159816706279205,0.645111393862786,0.220297968092325
0.741411440195456,0.133060426205991,0.945956971511583,0.192361458905004,0.276817725303882,0.239670272990732,1,-0.271519531248792,0.304724148274413,0.807814081399962,0.101234111075634,0.535975668236794,0.122038310384004,0.646384606887649,0.123926948444226,0.514015481815355,0.15794260929361,0.756191488529406,0.139843130627518
0.909434928692918,0.147111440717264,1.30060696088477,0.290149612739474,0.257678090146685,0.252482914840215,1,0.10087922014797,0.304183776910262,0.860880941618902,0.0935062954558122,0.518258959457615,0.114062183720743,0.51915429511708,0.165612358230139,0.709568053757657,0.184050926081389,0.742045855875298,0.18768950032307
1.25022598330361,0.140682115863329,0.735205374007702,0.171386365078015,0.0777285711568485,0.198642556888526,1,-0.235269183947961,0.287517756469782,0.941622670703047,0.0857571175984322,0.789443374450698,0.09564133255856,0.818157589576867,0.121724021031277,0.46018807178458,0.161780513957793,0.557880245068906,0.20053848623103
0.865530709528334,0.13556726631859,0.944833762138685,0.194351584636251,0.0660651939675901,0.171129129829051,1,-0.440900848502051,0.301762249419369,0.788579559862527,0.102452518669982,0.654403149356041,0.11455236882506,0.666378100057725,0.11606040869703,0.697689455995312,0.109730735446816,0.734144488751089,0.146515447150766
1.27768872639751,0.154860301383703,1.13290531542198,0.233791335864298,-0.149158337115281,0.136969574721421,1,0.502315064786613,0.274740473804399,0.733241146941092,0.100836093791763,0.867125547167101,0.101581830396938,0.57987890295916,0.153117079310916,0.7033303549692,0.146618616474349,0.843585493805659,0.148776131857874
1.01380422118176,0.140467254631151,1.17237676004743,0.244956061556484,0.427469854630321,0.246371309612239,1,0.0822146319949062,0.234920851172807,0.801486013389443,0.0964041909355336,0.677304305512378,0.106255812523009,0.699451199675702,0.122347886112651,0.783178484296597,0.139340262055217,0.971663178594986,0.161559269884762
1.10963655026785,0.140869275012944,0.922762125995242,0.195453547867721,0.297723777098987,0.217328826296142,1,0.263949276058214,0.301622064604483,0.798599694779726,0.099627000496106,0.709652840062293,0.102585089405908,0.685465045648992,0.133726448871178,0.79974584974765,0.138598399317611,0.665816301972475,0.143143796708049
0.940126753818592,0.159248276846855,1.28134420931955,0.294764856212921,0.231675294463056,0.217598298388751,1,-0.177595988505621,0.323361292039839,0.771719259281001,0.123724266899055,0.817328888904211,0.127237351647828,0.789289732094527,0.135085041343458,0.771285044911573,0.117124425370345,0.775288278633862,0.152159129290785
0.903990024135317,0.127966305114199,0.984295781574102,0.204226831488587,0.0642399969051086,0.136990533634808,1,-0.142598355618695,0.226234306940378,0.773838616274187,0.104084618723291,0.659249282058617,0.0933551491180626,0.784160460885292,0.100757261135073,0.726088165162562,0.192749508570338,0.80259449301203,0.220048462079993
1.12091106691124,0.130755614752198,0.858909138930106,0.178059365743844,0.299903931972133,0.218815997051124,1,0.196437435794145,0.300524999991822,0.610636739191933,0.13138243215872,0.794520483924406,0.109601943895884,0.630875064790754,0.110775529422709,0.764734230888403,0.114768549753565,0.744983443418624,0.137458747934099
0.975737302169734,0.131583730220655,0.823808447520494,0.18379823190866,0.385375560288758,0.194161451281362,1,-0.156002366731884,0.280356519765437,0.746457767097422,0.0912312953370453,0.670540530856477,0.0966681020147115,0.566856288438236,0.131628303266507,0.714803618811284,0.157455608392511,0.459014440226053,0.20020256807122
1.12034629018783,0.158544913158095,1.23902610283797,0.292749778256222,0.773718393907736,0.0892622519011317,1,0.213097343152615,0.331347215883333,0.72904668141628,0.100533974627355,0.822466256929519,0.0946004639566898,0.881943388644157,0.121059732872182,0.702613420924994,0.166494484903782,0.835933369526924,0.185243701165514
0.784738917731351,0.127205506600003,0.901247121319786,0.190809414120695,0.229796344127642,0.174847971181675,1,-0.148784768599494,0.244040306676545,0.638933823234526,0.089798029062672,0.7389376464465,0.101856946796144,0.66801990555248,0.125030891151795,0.35620133772078,0.180461516302921,0.836716633450497,0.142966859565963
1.07363454633426,0.154627472511559,1.04669587432091,0.216365381293853,-0.202309263870739,0.138676143233341,1,0.332541832938532,0.294357824464189,0.774824695255423,0.10172211912985,0.557605039923556,0.117804124510309,0.843084148844339,0.128057436612894,0.820120166709755,0.156579953821268,0.576492568977624,0.159167843333061
0.928030966863776,0.141984853635833,1.05859527135518,0.253370319293877,0.55449815749508,0.223911050115537,1,0.207692737219772,0.287547115887611,0.65212936693689,0.107009345169733,0.535821667798091,0.123823096512005,0.625228969858776,0.125457400391961,0.757227193289293,0.154160595575757,0.419947694456971,0.208226083805745
1.05963169685574,0.146167294453781,1.19934986008552,0.275969849750229,0.143982991361507,0.216417730909583,1,0.225694908492771,0.313408432417163,0.660008207791196,0.11833161402126,0.775089539711673,0.136415871032712,0.572590786404258,0.138196593396278,0.724107812874405,0.143446345797537,0.826962913824438,0.140668571647009
0.844153912360687,0.139209817742047,1.09165668050396,0.232909467702881,0.102996190099573,0.186519101161506,1,-0.112353000589845,0.231752399683746,0.609794734126201,0.103171511419169,0.733850683993521,0.102143329994966,0.775215048327644,0.121000059384911,0.791113559313614,0.143991385514011,0.74695733853022,0.158207921498081
0.768071698856076,0.133427598382191,1.06995718147699,0.233753403522359,0.227544516256368,0.203757366660906,1,-0.369766010399304,0.258694327042209,0.602237757414182,0.121015148537175,0.756227950917079,0.101569749427613,0.761777711705368,0.120850113633523,0.563606923372077,0.145390535952427,0.604026039540221,0.174008104064764
1.05162668625203,0.154025577438875,1.22882901504893,0.280071259468926,0.254793793442617,0.204638010772591,1,0.225843978175594,0.266722128885218,0.676958950831296,0.128798183398066,0.814833817829438,0.109746823480225,0.63682768895484,0.110801320309532,0.778953562730642,0.126783698166982,0.723443638037808,0.215421733504271
1.22586191109894,0.158310991974117,1.03318239386952,0.218962083808761,0.120635801565622,0.205654456685082,1,0.389872782997707,0.266721532800542,0.859652448873779,0.0916249196567912,0.696446939495654,0.104842332869511,0.667921702062282,0.128412878332905,0.641429168854861,0.181753279727864,0.990119435939397,0.201612447168528
0.831615977629699,0.124584351642778,0.84966100878954,0.184265643517006,0.383346376276425,0.169440893012718,1,-0.276506025002135,0.265365076967753,0.609933590315438,0.100871014884838,0.595147527109001,0.105376552475659,0.679612796973421,0.123002137503426,0.591808716230379,0.122346314720602,0.640029490107611,0.19416393609194
0.869520693557982,0.150703853855562,1.20397553733733,0.27675707042253,0.606878638490928,0.161483359237101,1,-0.617294624541064,0.313030692141831,0.801807112158644,0.0943980187421777,0.794361967321473,0.125641461879719,0.633125566119471,0.122578909504439,0.546312212752766,0.126553831902302,0.936293699010552,0.149711809839897
1.02942227538447,0.140581445430932,0.945416607296158,0.214176093956148,0.0240635940334158,0.199578568974252,1,0.278729022611163,0.266900091132787,0.705754604318355,0.100350982614949,0.736169194184022,0.101330311639225,0.799636860085753,0.139511812048932,0.64486308611474,0.173294769679739,0.91887214967096,0.16016711268365
1.20409717856436,0.152793786654987,1.15226206388361,0.284750989794655,0.132177368921936,0.23440892559242,1,0.317580875362936,0.275774714072727,0.604412873243705,0.10523798109012,0.656102682292131,0.124184860247009,0.725687234704816,0.132727147622283,0.622549919739579,0.160901045686758,0.794982207894008,0.157431248783283
0.994006814374685,0.139672689545462,1.07170291946618,0.241800896772481,0.372200050464849,0.25040214346045,1,0.136722974342262,0.255427280131902,0.7466491427102,0.100836917578417,0.679469289112496,0.111349294762875,0.616458398802088,0.130630169621386,0.915794198711141,0.166397933995805,0.285333777045015,0.218729007973045
1.09339557321097,0.135790873378785,0.931499895159522,0.183736203492125,0.0708127968520872,0.179165832380083,1,-0.672891968942078,0.266442754250272,0.896571444884272,0.104306642095241,0.642570356186863,0.0944964731012725,0.713283683325756,0.110061284397706,0.776343353611732,0.136877327476408,0.881821801365249,0.161224231278061
1.17418200458879,0.153040320235481,1.08694942390399,0.246797262589724,0.0395471942107322,0.186156448696756,1,0.230324698165534,0.254708622739713,0.711149352918353,0.097752577798072,0.768204817300407,0.112928611157545,0.770577378536174,0.132533433618869,0.921946085900333,0.158812870767723,0.68820060678169,0.170278390445729
1.25148723680302,0.148602579145987,1.09301341781171,0.251886012175614,0.308837845465731,0.224328734154777,1,0.355425924599496,0.278840221894286,0.792947721601587,0.0929938373439271,0.65921695422277,0.114980590507754,0.645167311796331,0.126900229321489,0.680325443348099,0.139146127111731,0.536411131897676,0.162711837187615
0.887727281279713,0.121665203552549,0.801294376110418,0.173475436841028,0.504158355626586,0.162152259130462,1,-0.26944247240383,0.271605812361432,0.612424991606504,0.101251399285541,0.650640989030806,0.091433257817681,0.642442951795809,0.111840127277881,0.655903289300713,0.138691521485968,0.615305388027181,0.178530632140982
1.01397859191356,0.127315164231616,0.916963795512267,0.19649911254661,0.364085424414074,0.221995846477311,1,0.354985597487673,0.28071796348889,0.584915106837291,0.11622127406636,0.709351517160668,0.0980325153778571,0.585190555218015,0.122677271796052,0.595060207075131,0.162080291732,0.584776063582478,0.212127844266793
1.01709530531518,0.120845921758425,0.769532217329356,0.165767776061521,0.415672036435382,0.262043046482311,1,0.198406533588515,0.26198805359403,0.703330233033387,0.107315449544476,0.458331100226975,0.108922412297077,0.751363875812718,0.113675949930767,0.330113810621367,0.171812891327337,0.399424727290017,0.213134809736445
0.949883580117663,0.110615117718063,0.632902718046136,0.158952288723171,0.793354740775703,0.0784972029685008,1,-0.113240135592816,0.310115440199239,0.88373502976306,0.0885102534586726,0.571624078802291,0.102004690111989,0.540840654774123,0.119563011936624,0.685858639653785,0.154880536390502,0.610955307873053,0.191313926531333
0.923216869390441,0.149593412932474,1.13057449724267,0.225897791493934,-0.00463930925036032,0.169004174139948,1,-0.509202430920895,0.291285288784753,0.719679443631824,0.114914986869672,0.65077134404824,0.097807257059134,0.728994754724254,0.104526435335859,0.859192677226697,0.137607902472213,0.808990993027249,0.163627666278824
1.10281688836624,0.138849918771498,0.83013476087351,0.169728907484415,-0.116352923631402,0.156189113901692,1,0.28270606631715,0.240978913702964,0.647982255079287,0.106586007830366,0.806567780932626,0.0830752137881154,0.646551190952161,0.134379810125278,0.764930290138019,0.138569611844476,0.720848295025643,0.188972400493266
0.742762378118767,0.128564303154331,0.937532071030913,0.209184529191257,0.441399207655969,0.215248601236581,1,-0.351958418391813,0.277952127227477,0.57965311111642,0.107256125163556,0.699226932834771,0.102897740934147,0.529075352737143,0.130428925736249,0.515382726026419,0.143042971967855,0.708251920276792,0.160823742401473
1.06626367636421,0.163598238117729,1.41403839117021,0.311659510934482,0.125874006765843,0.230047586104324,1,0.381643415792438,0.320566501741653,0.770306904920904,0.108243869264998,0.724419242890139,0.118576271302914,0.623291895986268,0.133925844176708,0.72283586086155,0.155143546970749,0.827670025337918,0.201331769628924
0.853364749616063,0.116974670579446,0.756122595880283,0.177695472717401,0.605014942223863,0.161305009604432,1,0.101829119954149,0.268592899120437,0.605063237827225,0.101242704600265,0.723246431707009,0.112643948065592,0.658462611481152,0.132157941165076,0.822233799991933,0.143383799222251,0.7175155531033,0.154854207692525
0.757672295576485,0.121925027307094,0.71697535396131,0.150614899546491,0.131877998889565,0.147182076679605,1,-0.126420991910816,0.266905602299711,0.552627381469176,0.0978235322128625,0.832647584090443,0.0912163376285249,0.733783358225201,0.154917141610054,0.415841858712043,0.192151333370958,0.60672155855966,0.19350313972012
1.10102638236913,0.17273714158298,1.75859928796975,0.38014250183441,0.237233769287425,0.25405844425151,1,0.160281575942357,0.301519284919183,0.692684051907529,0.105386580920615,0.990990937858249,0.098753166940827,0.650039501007912,0.138486944394562,0.864816178218893,0.153679461342652,0.731834688987141,0.158239299042239
1.07727638471237,0.155378925522514,1.3964233049198,0.317853339487744,0.0700027729266754,0.207620766775239,1,-0.0708586019718264,0.260721287162388,0.728053971504702,0.114979833092392,0.821131259800427,0.109307504110494,0.875391721940171,0.111386586517548,1.06115911732616,0.125541439597279,0.696876434884112,0.177055048267177
1.57763818266801,0.169989239822775,1.4138626211185,0.331265081299917,0.696308767568276,0.163614703828454,1,0.285919216417246,0.37235144524136,0.807239159949871,0.127242538599659,0.847962853270362,0.115420758321851,0.713097012941881,0.143456980488329,0.809473977124544,0.13046047393474,0.520606846152407,0.137760813185312
1.04054261485994,0.135737152478513,0.979366818795887,0.204747562799147,0.208870556580492,0.214304377455374,1,0.247550102691516,0.305248018497665,0.524974145922872,0.124127512731475,0.803379192664237,0.0946611748156997,0.737851502253247,0.105672323054866,0.694739191196774,0.138007707213864,0.893837753800508,0.145871889891468
1.04229970516258,0.114513238697952,0.63250185512865,0.134823829955085,0.490437743914928,0.140629374896067,1,0.0524445482315095,0.286739033949121,0.639203674801259,0.110920776105806,0.799283021013479,0.0930358664122321,0.52761686508252,0.103967561521751,0.809029710828143,0.115799038121117,0.73349577768664,0.184148883591933
1.08026987960557,0.136132042892423,0.868398649475098,0.179992933672364,0.0768016157876414,0.171420351922173,1,-0.200681738197295,0.276571336345575,0.730105923248317,0.0960425751697263,0.901497998907237,0.0891653266106002,0.640619938840846,0.125321486006303,0.818569643260422,0.137824423561497,1.01322766700217,0.193670303557346
1.27427705930213,0.130584452666653,0.806011504274322,0.177388772729632,0.260677446651193,0.188690714696441,1,0.636125056663107,0.271620200912888,0.69662011113761,0.111395361300576,0.759757529997902,0.0967454401626163,0.783605892228813,0.108886158394213,0.727571242830735,0.14436102141505,0.694903635157319,0.196123186081748
0.748728859806558,0.103612430593238,0.530806198534705,0.108788505019788,0.375081422052764,0.159637598748666,1,-0.383884350425082,0.267522986393425,0.630142339694195,0.102733736197726,0.640725284320222,0.0881853246089879,0.439829146146348,0.115687388934131,0.401015594926688,0.140212852216068,0.852642719692415,0.165519471731393
1.26495887307034,0.153415254008614,1.10113154836203,0.234236275623519,0.64792353997159,0.18235433271744,1,0.149180363365609,0.323761639733852,0.693143397666421,0.121623633933872,0.687571531814469,0.124280927047041,0.756454868437276,0.0935561682217365,0.850173803207245,0.0957022947768988,0.767204337011435,0.149019190953422
0.987963257497092,0.143644039417627,1.10125401431625,0.258476785396139,0.0234038974091333,0.195919701945107,1,-0.0742918941016178,0.284760909757431,0.747835514979809,0.106536310782655,0.757576674259477,0.114201667246394,0.812851373306743,0.126124228221022,0.498008850837275,0.201018568512685,0.895214185810267,0.178255380117037
0.973398569657203,0.128670667173851,0.851646447450811,0.187658426286098,0.543418157390776,0.198295159990314,1,0.317189327961324,0.298951277071992,0.443350198483521,0.113186408751551,0.648089151385074,0.10296821029362,0.715000547028231,0.124065937043794,0.702883479064812,0.127222810140992,0.258718371705926,0.193929626846276
0.866831333749179,0.12223841312726,0.785692324351109,0.152914368686291,0.443364527808131,0.194773778820699,1,-0.177365382480384,0.292647651297476,0.659302939941751,0.104922261356237,0.522555394929825,0.115987106038795,0.570681055843084,0.132984444565268,0.857420481406502,0.111538808859888,0.654801209148225,0.138287515847385
1.06291807584018,0.121944188474756,0.725131642394209,0.167681413441788,0.482130202815012,0.252686108763549,1,0.426944236294433,0.280740304931984,0.923040075018703,0.0768531112412039,0.564152652046325,0.115064099466792,0.821477647174401,0.130310579030981,0.581677160225658,0.156927827175036,0.768579697406757,0.136123137018253
0.84517498491383,0.132085555609432,0.966933676075101,0.206442873512979,-0.0347177927363218,0.154191809647307,1,-0.211786810551144,0.228021664238943,0.653380837468632,0.1013291773437,0.425799826010704,0.115683414621163,0.853593334462851,0.125570377889763,0.893264142108942,0.139419272548185,0.738110126434309,0.161732629899175
0.946918424973742,0.133788780612384,0.965796222107759,0.215381007679897,0.445572037070429,0.196537059898717,1,-0.0301543729725316,0.251587411903465,0.667690438548893,0.112075754757284,0.593810687409083,0.0976223389303133,0.802165234897215,0.100622634078229,0.498267399224772,0.154862736409601,0.481486888628842,0.16219579864057
0.991536648529329,0.141668497478973,1.10712896775056,0.254710449348171,0.241339724951981,0.212912880641881,1,-0.217129628702402,0.260461538625547,0.659537565834557,0.119208494774171,0.806779018869113,0.108182313611626,0.706078960354638,0.11160118951703,0.954358731343217,0.140093611413613,0.597739393339352,0.188999684700945
0.799012140769185,0.126582250816911,0.799832939040614,0.176775005447147,0.557500332977177,0.151724912808909,1,-0.170440235323815,0.248396517743604,0.616757095102567,0.088861137063935,0.553711564334828,0.0982192787815084,0.735753711861395,0.102824515409597,0.641622191793795,0.14844322609593,0.134484185211042,0.265572572163023
1.36810411790521,0.163199166091451,1.31961262459399,0.298715508337037,0.286895058649127,0.237124877734608,1,0.412174996992614,0.275821034892328,0.767793067487705,0.108426724795381,0.603020999078715,0.121479032795418,1.11223174722029,0.120029966256769,0.849563994633811,0.145438952453299,0.779027383157206,0.158962769845481
1.09816511637744,0.139169830879463,0.946586095085049,0.191496348793543,0.218787404088723,0.209233228452065,1,0.15326240321621,0.267369318831212,0.796062585480869,0.103531200549318,0.723941894803544,0.100921142443042,0.768918762386937,0.106618949392038,0.795791229931397,0.152361957803839,0.657230670279209,0.161187814289332
1.139105622578,0.136322869122796,0.829181557679867,0.187474421364245,0.156458937747992,0.195103449774806,1,0.488076613057439,0.255712286986061,0.484046006082155,0.111057641738385,0.849261241940673,0.0904221502587998,0.696854817124825,0.140873618716483,0.626113338416623,0.173951807071174,0.764146877843821,0.202566511172359
1.09859195793499,0.12331111640255,0.840175459788302,0.177927503750573,0.550610209842596,0.171251163682831,1,0.108438675064894,0.27850848874379,0.63767119170443,0.123400283341279,0.469031109818979,0.133861664097842,0.439413659386637,0.115539809800054,0.719229706387638,0.121625444554303,0.751642856584826,0.116542032772264
1.17586410950563,0.12300948982215,0.804358024705945,0.169378279953262,0.46013914325056,0.216322348018888,1,-0.148055100612147,0.260332574243144,0.798955998592438,0.096859379696593,0.812088961876946,0.105026862754832,0.714517598642211,0.103008834714361,0.6482239476321,0.107276022994923,0.716820232775713,0.167136343313703
1.0069773478141,0.133536511633369,0.772178523214105,0.162235763512534,0.158654108520978,0.138312712109118,1,0.298260959685578,0.302159376664419,0.706705725954241,0.104929146065669,0.634655421216349,0.094131846888102,0.46906127604726,0.122588117988028,0.998106279724375,0.115038275548062,0.527071196919807,0.16430629609042
1.01914688493181,0.141153229103661,0.920455186114913,0.213533587575802,0.237128905299517,0.191584284416535,1,0.215634235906657,0.268131095085771,0.536674271496058,0.122203031115523,0.742351440016256,0.098721843578126,0.71417496798082,0.110513927176564,0.922859895260225,0.106787438387108,0.691372725844715,0.191270447363377
0.972695405842548,0.124403670985629,0.725031769470244,0.161762157406709,0.332213664158357,0.214432553722852,1,-0.00852751296321719,0.270864134146016,0.639322858447238,0.106550184054119,0.770038959086943,0.106802043264973,0.830437008912313,0.124744017547223,0.590265650598975,0.144890536362265,0.845596773264403,0.126046817609078
0.967164920637846,0.143702718105657,0.988881181544878,0.225712925737069,0.662040273196663,0.178626297811842,1,0.0981963069630082,0.311477210296868,0.759309153918612,0.109121359139102,0.60648997677286,0.11694793774891,0.621092710930026,0.120503417981938,0.70838050798392,0.140979375128305,0.596073214198172,0.158350592558126
0.983881762018535,0.162665589352324,1.16862812227025,0.287717760556009,0.317260941015735,0.247696940175526,1,0.0652344854488208,0.310876125890065,0.734782019191381,0.0945762535401871,0.739512438343376,0.0993912869419798,0.746390666920969,0.126454464355183,0.758358538410597,0.202984798133019,0.546168174102259,0.261905207918483
1.11657662581564,0.157297493041438,1.11317321832624,0.257944178396332,0.572695519629004,0.228914863476911,1,0.185582694893404,0.349099349710165,0.53092948203522,0.125113456253417,0.836080303414386,0.0754967281781944,0.713488151212094,0.122759011227687,0.938048479938222,0.140829161092939,0.483982520001067,0.21966588332518
0.963099655836737,0.12973718408292,0.937607043715759,0.210028064052064,0.281394516610734,0.223167340847264,1,0.0642594717245234,0.284359936119538,0.644341023354528,0.106180902809205,0.676679563260078,0.105508048930949,0.659213670731963,0.118237895571873,0.685471918813478,0.130614605909156,0.569146952320825,0.23185612305282
1.23317706634161,0.154425112917175,1.25211156348428,0.288343648020572,0.304912200739798,0.23819114669939,1,0.241483127222365,0.27124705027581,0.767047576695763,0.109428100803558,0.726031765884983,0.122814797301537,0.748002431913149,0.110017534399253,0.705083033346051,0.125470709730947,0.784305683611141,0.168578650354964
1.06874321619047,0.152070547722682,1.22981026627942,0.265213251003286,0.28403426164882,0.21170057711216,1,0.427927752311615,0.304166767609433,0.755629438715945,0.0899983330448883,0.661212078484116,0.103517696445998,0.657919276094371,0.145888171765552,0.724593923767331,0.154985406279223,0.554020406183993,0.211385811040367
1.13325755341739,0.141267068405345,0.854729960520993,0.19079534890156,0.318741466931884,0.201113781976678,1,-0.103116829845701,0.312165178006342,0.71750772233261,0.107410213504067,0.741599563433461,0.100395789190607,0.678766524655707,0.107794659760204,0.794618724100889,0.128547075864092,0.602245473351642,0.221496190928599
0.981122427474227,0.127403518961537,0.678490550705829,0.149185095126532,0.461432682002755,0.242611620748619,1,-0.238006640491358,0.283693341834498,0.717727137440686,0.0934778337115752,0.773019151124076,0.0947581543563131,0.438993053540456,0.148195906250122,0.598749466565175,0.128498691305159,0.665711304648026,0.137375924043145
1.1572183058065,0.139019348055271,1.21185006185076,0.265744499672018,0.515304075448939,0.180656810588477,1,-0.0342886447552638,0.269254118754581,0.712226235569273,0.0990954255602744,0.743361208999625,0.108828788323471,0.790154707233481,0.126301909922944,0.766984723146905,0.135958257675984,0.860574464881793,0.136390163002684
0.830584358846985,0.115536071586597,0.550317849565934,0.14010765463523,0.780553360219576,0.102851986186481,1,-0.195560286294935,0.35095444250099,0.76157865990029,0.100657432210339,0.400787238955761,0.116603024792898,0.5525433327204,0.105594016883327,0.82631249554656,0.0960901964263415,0.557993022469295,0.143662696504852
0.800890229188889,0.124646339301019,0.72746550016476,0.150769282423809,0.107786007100523,0.183682440994854,1,-0.266310608334251,0.297521695508405,0.729730290251786,0.0974004845771001,0.550921067168959,0.108126102923078,0.709300355186097,0.116359149389848,0.905661269871301,0.120693452832881,0.773529570299899,0.173286356132114
1.00571828701291,0.137395631472877,0.957813467954759,0.217467740478588,0.506395014208687,0.21512257990973,1,-0.44161061547323,0.237547528545826,0.912075989865391,0.0854913816373748,0.627244588361436,0.120238693502386,0.607369099572112,0.150213743398124,0.781921673972346,0.11994833450238,0.486591062014194,0.159595298031577
1.03072188407775,0.149191363322895,1.18294817936831,0.265966400497015,0.0220482213598155,0.228863793730261,1,0.231250571473953,0.328210325250436,0.808647281681281,0.104475243823294,0.569985991408614,0.120477481590751,0.888020139314044,0.141744644917122,0.767542381641257,0.143196627325156,0.892866356523767,0.170075840769651
1.37684900841404,0.160076755891544,1.19552549433554,0.270972828847078,0.279608106320225,0.253756298286248,1,0.238321599092621,0.32370859113263,0.654163417132523,0.1392659001699,0.641462338795406,0.127234664098677,0.728425031449745,0.120964958325094,0.797285557233574,0.123038896402176,0.766368116293944,0.13131941659669
1.11623573869651,0.15818697328247,1.24469131644699,0.266774180646301,-0.0601023018102858,0.187118790249293,1,0.207806213616088,0.297516544032027,0.849084520958951,0.0974209470941307,0.801314501839513,0.0962994332837739,0.766534310162692,0.129077683231099,0.629660563995023,0.180508517755049,0.517050769141853,0.184251490117729
0.843681275075386,0.131899670218726,0.935432077419206,0.215583433256908,0.277711705784936,0.263469793354336,1,-0.227709463533698,0.294909032965713,0.662909666382569,0.0924079575838201,0.597672035106115,0.0965602015041844,0.729140986354952,0.147463842375667,0.701694093782844,0.176915874816835,0.253017225846838,0.222759732747199
1.09286441557637,0.143185292785762,0.888845521806795,0.208614674162303,0.130288104448306,0.201093995359402,1,-0.107791986570967,0.302708204994923,0.805382748195062,0.0885772806172608,0.724189274693451,0.116111156572812,0.590366222286657,0.151220981340581,0.920179476253739,0.119020355538631,0.120179681598092,0.264204725157076
1.19753001823371,0.131089533743605,0.854473809993226,0.177166793356136,0.22194396946655,0.254978857090803,1,0.20189394258122,0.278678946897217,0.695722843992827,0.106409611333295,0.584905068901743,0.110605946805439,0.66834344682707,0.142032589940732,0.661893240922688,0.125333787673937,0.779299844396349,0.152252110128902
1.06056259985033,0.134923818713768,0.944692931268335,0.20816027279581,0.229513411638669,0.215610361014741,1,-0.561111582164556,0.258713948988636,0.83749578601516,0.105107453602742,0.724950415783049,0.111904283172421,0.715103355564618,0.110362780586794,0.640544804030718,0.14726117208629,0.614315485220735,0.154575901658476
0.996178886119691,0.11801330244496,0.750868727377598,0.170087910003026,0.436134805720327,0.22848693276927,1,0.319003520005078,0.278022332786844,0.574565504894916,0.102995070702316,0.708556227108845,0.107915281480552,0.722803981832848,0.113192436595792,0.689025146666793,0.159632711345123,0.664617353200124,0.146035244190641
1.04038226956289,0.161100148816739,1.09247034110567,0.25106070005785,0.155952778205703,0.206376767442024,1,0.279645039424033,0.30477780281026,0.718348914680522,0.0980688619263293,0.530556319405476,0.139136868752532,0.711556998883802,0.129307579906872,0.611343208824631,0.1632021453898,0.679814072362731,0.188791903068173
0.845673030604884,0.123798625507542,0.707227644116065,0.147483863377371,-0.0293443284829737,0.160760487411374,1,-0.0657139891630091,0.262158700797615,0.622084488400268,0.1011945227447,0.638647332490092,0.0892671052928769,0.613200593553932,0.136061482468344,0.574638443053265,0.153849463759543,0.928323746313413,0.160650482911251
1.05589685574463,0.136010846641386,0.974632462335569,0.207288050636229,0.109401097153281,0.190895477196898,1,0.0203983772744523,0.220593829376511,0.66159194141111,0.107038667503216,0.756862486397674,0.126707163773701,0.793272889207615,0.0909897457533102,0.794176454059753,0.134483233508447,0.811738334077244,0.180562893516902
0.956371132411442,0.139946257083835,0.943987865995002,0.214261746121575,0.663665636895286,0.178810671824987,1,0.254167263677979,0.3491364652668,0.786330933642173,0.102455645959979,0.593846085063297,0.11827602078931,0.839726182825018,0.118302846512348,0.620358190802303,0.158802091049587,0.0172452551705104,0.290352539394761
0.87711808128477,0.153219977091155,1.39174785947379,0.309051740038569,0.606381279289323,0.193335504702631,1,-0.149674503887886,0.298870434545477,0.804106875553365,0.118601820388636,0.625286487158536,0.112336479663764,0.72975731808941,0.127222682362119,0.829171856885147,0.11924334937797,1.0838282617579,0.141960245174674
1.07650379988551,0.145516067265433,0.956061344134322,0.20223823225385,0.339664300338859,0.190141378637277,1,0.318973852383134,0.320458426356686,0.79862620792241,0.101189493493936,0.738073609196336,0.122475407599118,0.583648126832752,0.127058502643085,0.652612749453094,0.115391982635593,0.860457466462755,0.138678198195741
1.22948743617701,0.139034734995965,1.0032408649292,0.192591057898893,0.305295004458201,0.212717924943187,1,0.227505369579404,0.311498182411962,0.646680509620926,0.121654745065573,0.764480892926525,0.10153308080196,0.701405254531941,0.116235184628244,0.550930291099931,0.138629209347765,0.740276519925069,0.139946400848171
1.06136782337103,0.147031790272793,1.16264936290994,0.243837455176992,0.300346874680578,0.183792067740275,1,0.190995766173562,0.280145634028855,0.688955631949188,0.102376964327922,0.641040571078358,0.113135816984886,0.725017358951025,0.110357567678434,0.56701319029261,0.157280458149417,0.737635164502824,0.174150095034368
0.989482110872188,0.115286462193198,0.827064797230723,0.18633546605684,0.488018698427094,0.184164632512644,1,0.049997326040359,0.233163981908608,0.571620383980776,0.107494782249525,0.457599724190026,0.113736579455926,0.753895230060831,0.104045459535279,0.528489140379363,0.155077880222839,0.816037881474951,0.140476741784602
0.866557362673455,0.156315169156289,1.34094380672218,0.313150216340537,0.321111340976358,0.257291623254428,1,-0.284562566555968,0.309102616779785,0.85583650537384,0.0931063615805694,0.54314274357628,0.160719181676895,0.823817311442891,0.142037073895645,0.71603666779842,0.155610864430836,0.9051668149975,0.167111217760592
0.875922259826748,0.130254456422964,0.946202934752484,0.224467827779093,0.194595367885984,0.238250216970986,1,-0.290689859436196,0.275147583704423,0.667589472855975,0.0953535343431447,0.683263395796476,0.120249537308325,0.485150529670686,0.152603212722544,0.59344023365278,0.14507469752762,0.699805155425554,0.148055571773458
1.18128721504665,0.161682426147852,1.16372995961626,0.246253018836215,0.0592827768044829,0.147698142352473,1,0.103350669895687,0.322431980857155,0.539119383198205,0.123624154632531,0.866454779484255,0.0974771208967006,0.715517318462325,0.115852849707738,1.0182161749157,0.129573139524608,0.75143920545995,0.183621547518179
1.09619928442062,0.147038448883661,1.00877130229079,0.205358302709622,0.273683770108194,0.156765223770602,1,0.249642440408769,0.262966545244517,0.762761676997604,0.0883799416017731,0.610429709509672,0.110687178414089,0.86096563950577,0.128769033548878,0.572999440206634,0.151000558665335,0.898707641144818,0.132689737846954
1.08431812108164,0.142565604355223,0.992146948048881,0.226573552671708,0.16609485810474,0.218279658131488,1,0.239418719223798,0.249233523353964,0.815598091407135,0.0986622030458444,0.611662477222626,0.139505309018732,0.805335930693208,0.116839276624114,0.582056880993901,0.158938268385091,0.571644707826605,0.17910563553014
1.03348168942134,0.127852122888559,0.901545359887265,0.216111767990506,-0.0886330131872318,0.161062264070716,1,0.160041498918162,0.198218745541862,0.601473987881541,0.0947288969777121,0.846557144536708,0.0987652555647741,0.423831987232775,0.186639096728903,0.68828814795016,0.188130828124923,0.740062013549571,0.179135435231219
1.06913952430823,0.145515596897274,1.09279978626156,0.251037618733804,0.568922874589818,0.210866884464494,1,0.228187059932109,0.303535972126102,0.615313720601673,0.0986658397548049,0.855543587891808,0.105024072497881,0.737934982977789,0.121695782258272,0.596918946883284,0.157092232962799,0.704807790357951,0.179488546832462
0.866908471979035,0.163282359289811,1.6155341929684,0.374064373687478,0.292425635451373,0.192588401300936,1,-0.223723120998822,0.284407447982798,0.647604942050428,0.103134330304934,0.802458152929288,0.122744989431185,0.547426690958939,0.157538408660552,0.516956099383773,0.150827634333475,1.03781042416619,0.111321014098266
1.25703163016486,0.141408604563844,1.20332671072186,0.264536658162131,0.467547863339127,0.217334738786924,1,-0.0159159979890149,0.26503272419596,0.687241920010526,0.110066679617711,0.694689425395815,0.106346857997939,0.764171630330636,0.117826152663347,0.816678781009297,0.117957082096085,0.875292528816496,0.147129949807808
0.882430811085957,0.125540490747954,0.823830194443983,0.179784841580962,0.657862539579672,0.145589325476465,1,-0.481371472087819,0.302459524991144,0.700778714704847,0.105863693262395,0.594811532716725,0.0959456925906707,0.624164121017016,0.102597345463755,0.680390924398707,0.144960720942034,0.556767749115923,0.178922610855256
1.12421544275263,0.139670687317511,0.933114732799441,0.205905061427788,0.72346500832029,0.138392600620322,1,0.130825494356517,0.338014597033214,0.681999631337119,0.110124420836242,0.657044479887747,0.0979525794193094,0.89490692723562,0.100103552307544,0.770937981528362,0.108626446575095,0.793514631233022,0.155349060879909
0.922931226453728,0.122472856916188,0.764301570622433,0.172230570762591,0.180316667153985,0.199772938480939,1,0.0423436586969438,0.268026399314207,0.851308250802222,0.0825714357420793,0.524760326501799,0.109873634887604,0.545057551332509,0.134307741663994,0.689546773772377,0.141432684079837,0.897047854948188,0.146518354827885
1.13018845624136,0.167731550712163,1.39684380992177,0.303829260284932,0.280267920892524,0.258084724162275,1,0.363549162516553,0.313093601009532,0.530212781249591,0.113461953182415,0.82228426850021,0.107646145633176,0.836081993338462,0.114965641768016,0.81772830291479,0.151476013003577,0.852845195647881,0.147454249659211
1.10856307527372,0.139097119588051,0.896366656636542,0.195085611180282,0.0747494733556287,0.168592948239057,1,0.233787886687143,0.315558093115723,0.836989771632065,0.0934271175005669,0.666748135919669,0.10848892295957,0.565313719080877,0.133998795155509,0.665035176346247,0.13838637824777,0.579337223916079,0.165096990237924
1.32851829897838,0.143040516098062,0.953434748542813,0.225249772612709,0.645440588407634,0.132102822139233,1,0.561993192698361,0.275810563781862,0.499476112822732,0.120349646865183,0.689379227731519,0.0929033935359896,0.644235418113534,0.114742316450561,0.735814224623613,0.145192414542976,0.703348574782505,0.176178377410939
0.995918190004007,0.143805949913612,1.22592612779919,0.26420650217331,0.551841413402989,0.209815678104937,1,-0.469225506343136,0.300720800022801,0.789808643522425,0.106688434757687,0.811482772429415,0.102483289250882,0.752311710541905,0.111171491975232,0.762237346475252,0.135209775892877,0.750733274224636,0.15211473206137
0.833469582183898,0.125342332035444,0.683758267154067,0.155328489519476,0.616144884569955,0.173507843413306,1,0.0989460148678129,0.296090436268946,0.482057144564936,0.107789696533207,0.647269885445856,0.0969854506883531,0.691668483469642,0.109809139987165,0.706484099481678,0.144204282833536,-0.0612561237423851,0.294543988574786
0.890384349041992,0.131604155753673,0.842318010860204,0.178073794175328,0.213064661421989,0.18462442274816,1,-0.111227167891247,0.261621705482728,0.62293947248929,0.103403265048424,0.534145105950107,0.115315843101231,0.641943690079331,0.113965595354076,0.78052925356387,0.131923910117898,0.485867083575187,0.179520956347166
0.922211725659808,0.139410653870867,1.16413358886099,0.260635592381272,0.390155475470329,0.24284218972751,1,0.0381025021632484,0.267684602706689,0.704339997028815,0.101864652257123,0.775464397368776,0.109708737886492,0.759663913671229,0.117698710670202,0.719104856867878,0.18038933894752,0.662202285122974,0.195414073704955
0.963133331350729,0.171988819818883,1.61666768921824,0.380713857241428,0.429978021209871,0.274216802063472,1,-0.0735510648721192,0.3153539935112,0.555330587040002,0.126409829562255,0.868580497131438,0.1022827314148,0.397060983499692,0.175875663719577,0.974227815234239,0.138478494129549,0.617369497870205,0.17186307062875
1.17377332107192,0.139635202068246,1.02478717046593,0.219648966793526,-0.0924649944033595,0.161865582653337,1,0.667038226002426,0.298921538622512,0.602826989146608,0.130080772555459,0.79608328527116,0.108050511988134,0.791037710388212,0.112684572917133,0.683244628894497,0.134339004259913,0.697005992619091,0.14551858624579
0.857984849818005,0.140212079505991,1.1304205287283,0.246810231314986,0.327778587774392,0.21278533953565,1,-0.0145690792697281,0.315333973682813,0.596939484071161,0.112479512514693,0.827124759774956,0.111459217975677,0.642566858346005,0.133637767335795,0.598464552522914,0.165172753308327,0.544006766563231,0.144918708151809
1.01154595017673,0.123145709231924,0.895634466704667,0.189183143479607,0.454790148911353,0.228044331254488,1,0.207958643388446,0.252492681118339,0.635135623135536,0.091264693534286,0.759416493332248,0.0951121892665939,0.696599941719355,0.124966574388736,0.66998147675645,0.138390715724992,0.577087297601489,0.18380308447209
0.99669833212628,0.127581664824902,0.839213882297437,0.175679934342121,0.224678967482582,0.217051273748709,1,-0.161711299433126,0.249664815243862,0.687712737039863,0.108488880204502,0.774198500128733,0.105189556806573,0.778156402553169,0.10975932493664,0.586102789824767,0.141991509607509,1.11438177219367,0.150339935614782
1.04241082703631,0.130995145208229,0.861213475025475,0.176862615721242,0.112163820067108,0.206660306634508,1,0.068976612990463,0.259210822075299,0.691576448283666,0.102803388849969,0.801678072120106,0.111337898779732,0.82530360665138,0.12231049057748,0.751520687120608,0.107989492223551,0.85052552045619,0.162745210430241
1.17302146327073,0.140649285440132,0.985946836638458,0.207568159656428,0.563372507791626,0.208693427122624,1,0.154736756708549,0.303789582848084,0.759595971380643,0.0948127683425836,0.742693817048961,0.116180458484726,0.869759118818117,0.110718423830629,0.772593012300522,0.14731335117637,0.63566097790083,0.148847286239873
1.22442610849614,0.160813912848392,1.12996807960487,0.258065306803146,0.247002477566356,0.239286598387013,1,0.0621902735031394,0.294454899183124,0.790886998969906,0.104601917701639,0.706532050157479,0.117498613304255,0.849992652861263,0.107671099571981,0.667704787522598,0.155259822005012,0.696830770313503,0.19398244953576
0.720808840997736,0.139232559366859,0.991972086813251,0.225539741924741,0.465357350109686,0.226778497598636,1,-0.303112476607959,0.278021233861853,0.778470954206283,0.106660651937659,0.498842509302193,0.108432947421483,0.784862940764736,0.113879663509592,0.712870039612035,0.162330915798354,0.564467346048552,0.217877652841542
1.15784763132845,0.138775186385138,1.08146627758581,0.218202927284691,0.02883297512047,0.134100039383062,1,-0.304198681110456,0.235315690785302,0.840991367441676,0.0965481700263377,0.589219081403018,0.100385839526754,0.811249295808481,0.112351725016795,0.672126177780984,0.141921799153833,0.708575360838116,0.174430356784032
0.90997300258173,0.125819992928676,0.84531376295574,0.171757118422916,0.2500893918332,0.196210956054692,1,-0.0825545635630766,0.248168540205318,0.545093772808556,0.114682360776276,0.486337519420363,0.118770740736917,0.541189525159145,0.116389884863489,0.758632899173263,0.11674296421328,0.598651177107631,0.175099179225088
1.17453422486003,0.146817885912097,1.02938550129431,0.213849390828846,0.151029482559618,0.251563394955714,1,0.28252859027973,0.287367451840988,0.813014741177274,0.106387905235366,0.767324123167737,0.117411994618884,0.842463096655654,0.119294626110342,0.549477075407504,0.147269831059033,0.741518204410974,0.156751054408636
1.21417517543654,0.16386161651791,1.35624663370644,0.291146107116067,0.0925283429891299,0.179967845309964,1,0.422798458495208,0.309004939305853,0.539035894565563,0.12549987130323,0.735513740920262,0.0913242152913508,0.724971526579581,0.118637675224004,0.710671649216995,0.162026426267161,0.800522581756315,0.181140089583298
1.17192534125845,0.146552629883304,0.97136085453267,0.255297712408259,0.797119634444973,0.0819872270149955,1,0.19413533844858,0.341971979635024,0.576060269815753,0.128004125064548,0.948714900219093,0.0957204018249247,0.875159815720014,0.12979893725742,0.241894437656185,0.21983946170233,0.814036001501553,0.164856141412935
0.930835122623766,0.13029503963981,0.950954003086473,0.201451513865909,0.213344189795856,0.208867826957849,1,0.53876573728784,0.28534101567932,0.642971945681568,0.10644432566977,0.585042270039177,0.109381047535637,0.812521638412936,0.108217477017826,0.669280760379781,0.130104677757189,0.754360188670581,0.208059237208803
1.11532311855563,0.127422207814142,0.879906067569362,0.200126612871765,0.422377507536212,0.229783570542737,1,0.267646050488664,0.24508211693835,0.682945568854487,0.111003154974271,0.724095592722247,0.101034010146799,0.691931288577037,0.131023198512684,0.702950633033222,0.138068746595036,0.436502834791627,0.158634450468719
1.0965047533289,0.14533625355389,1.11564522369852,0.2583944945047,0.110498223842517,0.203195229263467,1,-0.105106274871016,0.272636384354865,0.882970865622014,0.0961143805105452,0.643052199733302,0.111604894424748,0.750997748041532,0.133906796230843,0.737381236429431,0.152355664985077,0.571156954316674,0.179074759468654
1.33091426920478,0.144707225799715,0.932044124240212,0.179682352173422,0.194285055698586,0.177919728076417,1,0.348634113237075,0.29776220142257,0.660251672551447,0.110950835008694,0.713429715861463,0.103497291171163,0.797675482659205,0.113077667844008,0.881069927164952,0.107807075661756,0.747166325103463,0.138814566387119
0.830471339099076,0.153009731791818,1.30498243773701,0.288700946678603,0.228847841681662,0.262570268556659,1,-0.143800427323091,0.287569144600099,0.702544319129303,0.117011302520538,0.834848585816741,0.10288632511053,0.595773045814962,0.132785160843923,0.83412580951001,0.141994865643501,0.585952742365627,0.195792088304478
0.719175764628075,0.137421704063765,1.03626137210738,0.203359302463035,0.212409079884785,0.169385593382365,1,-0.520359944491071,0.279618901026339,0.612953780258173,0.105043809438684,0.419993662163985,0.125786857651371,0.714167646934759,0.12221836959697,0.654008588510838,0.1163626383344,0.84373149389144,0.158470048075178
0.90405235003526,0.139766694740289,0.966708457058914,0.237870916699766,0.733793278735382,0.136658532629652,1,0.240276154390385,0.309444801493389,0.709875258536119,0.118090273279396,0.651320286356524,0.106244488461997,0.694624466002499,0.100082335720906,0.871543329424261,0.117561269122629,0.474444550412861,0.166728799294568
1.1790902282839,0.122873806361695,0.717686153469385,0.147799009346376,0.374966227966104,0.175819607997172,1,0.175642932405798,0.23267630343251,0.668218669026172,0.10464959140369,0.665308286424302,0.105550753281323,0.781866112901845,0.111347497574873,0.736691669206818,0.128403777930677,0.948036234112491,0.131049699315828
0.864168034848175,0.154279650608588,1.33633395813451,0.288135578470399,0.337125263532544,0.202704062726004,1,-0.132769994340368,0.276037774018856,0.614980098094155,0.105594479175979,0.745404310874463,0.10609062261672,0.84501043234472,0.106554198804329,0.730621639056188,0.169217620773647,0.543030184134206,0.210245889273201
1.27141051896128,0.146750949342273,0.981719268003531,0.217921988999839,-0.0269710412605852,0.191539458502674,1,0.277550423027143,0.281063252930425,0.772044930001163,0.110062492301896,0.559501537154861,0.128610625761739,0.872107422336998,0.128841761548194,0.69544102162168,0.137637512610786,0.894641738298558,0.135426186653516
1.04215864252921,0.156234645164608,1.33084448317861,0.297594652427544,0.262632093596494,0.293017032559456,1,-0.0789429985983293,0.276372123709679,0.677017130969596,0.115388135382647,0.904956003218289,0.0960222492949088,0.64528209286524,0.129213488768374,0.776236673632689,0.186517692948183,0.542499786618216,0.207460740522954
0.984954298796903,0.130947592349323,0.905505604288042,0.198334014461542,0.316051518932241,0.223260395184025,1,0.0618750351165756,0.289160806187259,0.687971543348888,0.0926779614189324,0.710300910206288,0.0969756999862244,0.59225127109295,0.137778572211724,0.615798863687782,0.174958799371094,0.547057594143429,0.197982028591903
0.730670206957384,0.118774198768192,0.81532792082861,0.171783370787889,0.00885449346819577,0.174479202866103,1,0.0459312782516179,0.228047560623732,0.663894652733297,0.102858906394581,0.432987085820762,0.123870746084881,0.779654019651876,0.100943075878505,0.584163822174658,0.13783555558823,0.840299772003441,0.12900583593947
0.826931558604748,0.113922372311833,0.651202536706013,0.11853085323356,0.198990859863705,0.150747052867052,1,-0.00365535479177197,0.267664254186861,0.471785546437828,0.11153829735022,0.581635611835882,0.0878570001522588,0.659701879024377,0.0973127391734519,0.818328476253094,0.106558993199428,0.621831411703465,0.218917437682309
0.933464189223063,0.126863285902608,0.778537041669498,0.156183701317991,0.131336231505188,0.183687440344765,1,-0.00687277321628273,0.241914126893568,0.665386808397456,0.0971797934103697,0.690979935036058,0.0972019505536875,0.809021057865277,0.111679144238575,0.594812300114918,0.167618163418339,0.457322906018561,0.215421133365897
0.843526421611134,0.139581359503469,1.02922511788073,0.224377807168522,0.528375333939153,0.206028439300334,1,-0.206965005494695,0.282440993713449,0.703217049212602,0.0970194719786651,0.576518013706,0.116194722083838,0.666641070237272,0.118052889338638,0.613214466521967,0.141616332582914,0.565027239954446,0.176473784205723
0.948959500867063,0.149546814096527,1.09407920235442,0.241139291981817,0.28460596711996,0.245321236553928,1,-0.319806364312832,0.333725195864362,0.802688847262745,0.103328215299541,0.628756313271419,0.120023745250499,0.526108152207644,0.146464630157949,0.797553670021635,0.134065511137421,0.383187326269048,0.176316698250673
1.04634685939844,0.120343439810421,0.660776423905789,0.146185830561763,-0.0120117969213606,0.164063388518263,1,-0.162676232958537,0.218394791022506,0.657021814430964,0.0954334388310943,0.569960273356121,0.094897823955644,0.893789654493043,0.11026114381592,0.450176075878027,0.154572258881689,0.767954057165512,0.188227918851102
1.03943378319318,0.148577409223942,1.19197535889852,0.242846965885295,0.488782775171001,0.226347462663368,1,-0.131374356554573,0.274679270915787,0.860071742603904,0.102915424802923,0.736813913832663,0.103639396710721,0.710106295388611,0.118784546556816,0.718971194738459,0.147516156220772,0.490585330776506,0.170855491062932
0.981714488977974,0.125963977566966,0.837008553246902,0.188818158118637,0.254263909137009,0.252905645235711,1,-0.104757996028997,0.256296929928839,0.709095989190306,0.0953549905481344,0.664287302521996,0.101120251698982,0.660501574755018,0.118009306532346,0.986444201259212,0.138314254725767,0.67256076043259,0.197886501914834
1.18379434551638,0.126725968475533,0.62302134452228,0.137361169659391,0.254020468534653,0.199988491297514,1,-0.282482680354348,0.267633897864746,0.832670110273905,0.100822013794008,0.611592910867358,0.109325321200624,0.679774458945648,0.1076011640486,0.617360235434899,0.149123407237563,0.505016519233959,0.178525965567878
0.972426702972653,0.139670215511685,1.16252767381171,0.236829379021161,0.302749144768187,0.205669657988664,1,0.159766759746148,0.263259006261731,0.497962468539048,0.12263453525249,0.726154396829292,0.0863517920878533,0.879517140399639,0.136499330881151,0.744683431839277,0.13509354725478,1.04587487311463,0.140629291378843
1.00721968041963,0.140060471086576,1.00660668379608,0.214264483463596,0.414138931453506,0.23318650101611,1,0.12451005473889,0.305322842783447,0.750786794515974,0.104517170767901,0.666001377992893,0.101205694701648,0.670143770660001,0.117837828637364,0.682740419652408,0.137216484397367,0.388995506951866,0.242556526854172
1.02570554029355,0.138358184906123,0.946739613715432,0.201235450783891,0.412568277770899,0.252385516338096,1,0.350163136534557,0.278703722578604,0.648463886314866,0.101574861588544,0.741206888183579,0.110993756436048,0.677394272068992,0.104474611274052,0.450868751888655,0.158155518166698,0.511424331825929,0.206550250692108
0.842195788450254,0.124318301777467,0.81774195341989,0.185692362052689,0.747201753170653,0.110469163638783,1,-0.17315644065474,0.328734676040062,0.755154151529692,0.105689828035119,0.777730930751735,0.0890580633163382,0.581828599625444,0.121827913586946,0.690332351408569,0.156455313082256,0.730022710313567,0.192452279025429
0.95685991665997,0.133287758602109,0.880974026796384,0.208406255460866,0.795193587717393,0.0847519600813835,1,0.835787712028143,0.353207441523557,0.576762917041321,0.123080653757593,0.688418284675406,0.0996764841751921,0.830888706609578,0.112623080031319,0.615185327349662,0.191576343783618,0.909902318004976,0.167239536605935
0.801397240755029,0.127838786144912,0.87169329583623,0.191819447896382,0.185946621629362,0.217887098319948,1,-0.0652539382855115,0.307495878327725,0.570395698520246,0.120467194976215,0.773633388851704,0.0960008407791125,0.896083850408152,0.122904470107445,0.624447808259208,0.154027182449062,0.849369338196068,0.171506524854042
1.18226202433566,0.153961435082323,1.18616822552433,0.265645550063407,0.575989004381607,0.163858092114938,1,0.352459188339691,0.303253561688646,0.640212477148469,0.100141814071788,0.795350165888281,0.110185968785007,0.774591456914812,0.107108197771894,0.77422393623126,0.128966949026301,0.603397354633415,0.177123310368064
1.07374299953619,0.163007361357972,1.35694549649835,0.295771199355131,0.366512038689465,0.268878944795751,1,-0.478788288765106,0.388191739733632,0.856342909254273,0.106589251481879,0.839445362480679,0.128705696506082,0.675572391811086,0.135249394780829,0.896515119727392,0.120930580935797,0.799669675352466,0.148447103628191
1.01843221834551,0.135804965188753,0.938169995719181,0.20827354592412,0.375284618540286,0.248349694536219,1,-0.310537564861981,0.313175852163902,0.763453808651768,0.101511813023072,0.693321919319906,0.113240582849255,0.441716284928002,0.132449331163537,0.664539984822274,0.126847229802859,0.6833049954258,0.150477985043536
1.0368045479272,0.127076792038194,0.826328496761296,0.173258574743134,0.453502039541967,0.215259542310933,1,0.390202528801668,0.317273448367103,0.536613461986183,0.121670146048194,0.507827027089681,0.103834339871234,0.768076453284515,0.106141946191838,0.729943256054145,0.11965294843119,0.563020922752477,0.155426416646155
1.08423532224212,0.136971131803057,0.927909633397506,0.192214394584611,0.234137725218931,0.255811400924072,1,0.331321986079221,0.250153812923993,0.729731669690082,0.0901671736817623,0.573064698069453,0.116705406003319,0.594285015946107,0.153857763923574,0.907304146531566,0.147090101480094,0.591809085036347,0.182505215022723
1.14987852026561,0.144665163353219,0.924910764299063,0.206854819545698,0.271740969767061,0.202403565852467,1,0.0495264764172167,0.235078161116443,0.585653456823628,0.100647052593191,0.829542989923872,0.107996226633066,0.538539426043414,0.128585015550867,0.813272778861714,0.127516553569912,0.577715823404174,0.187445642690467
0.949412182123598,0.120463050737276,0.691029680559257,0.160724615023539,0.469561635262297,0.25172183564124,1,-0.173217135708456,0.279378009520516,0.828516798247324,0.0955191639416382,0.71402805533575,0.101336082102589,0.538741954992887,0.154095545371616,0.600386902420505,0.146758045435798,0.525134041708153,0.181550278849136
0.972301066323388,0.13242170462211,1.10740935143215,0.239109966970725,0.390287921938295,0.243926111019874,1,-0.457232387337798,0.25723820895079,0.954618715724706,0.088755347682867,0.858999458874867,0.100302623337003,0.531097618546424,0.140245321020076,0.820806631854826,0.170946807024869,0.471870933321584,0.194848699810889
0.835671730132632,0.130649278872103,1.00611008598994,0.213241854258612,0.0422738152357197,0.196050208256495,1,-0.256978456500696,0.277752219495951,0.634182747597473,0.116557851582751,0.710105600608346,0.0993613105280734,0.768456963895503,0.11529903568503,0.863227684187375,0.14233688539352,0.664750067691491,0.163667388027961
0.963045885397293,0.124130057746907,0.841457596415391,0.178488236719493,0.333382277013142,0.187440575839525,1,0.269655838400275,0.279296552377744,0.591355817491647,0.113273191461462,0.726863214760414,0.109113314423039,0.458249028996924,0.113741915032415,0.800197520784217,0.114222989621977,0.674170958840395,0.164936686880222
1.0663923367673,0.128166153096836,0.836124529645119,0.170925652493746,0.333666552618022,0.267447683000129,1,0.0399152006577712,0.299059401359652,0.609455976271734,0.121179737243667,0.652120450987113,0.107816839086641,0.724707731339751,0.124040473834675,0.87533647153463,0.134015750646253,0.481940608023068,0.184110787611226
1.05841752336908,0.140116873030529,0.947178413747228,0.213559581209075,0.329541445237905,0.179014579311168,1,0.0361261046367827,0.319492875580729,0.704755864218469,0.0997240927049771,0.661167011435749,0.0999931350245697,0.899733392447445,0.105510859840877,0.69180249192015,0.136837793447283,0.762281055902018,0.178817013065706
1.25020855865936,0.143315835268297,0.90197287752314,0.209818839303422,0.263580863761365,0.259272230681815,1,0.480144089233566,0.295058179069038,0.736915393198895,0.104655578061877,0.256802692031452,0.143482075118482,0.98644718083977,0.124806553301471,0.511675980811769,0.146228959675587,0.523950093632971,0.160703464268886
1.02864923312957,0.134044942713227,0.885176786778253,0.177429062409934,0.262452520784864,0.189891467774648,1,-0.24202470633553,0.256298906250581,0.885267669700531,0.101571030593694,0.546808584830369,0.111908502318804,0.664985952385889,0.109470240458558,0.605465710052882,0.138767099860821,0.970784323147876,0.140231384595345
1.06977104726711,0.143923008631064,1.03876457198676,0.213899783763831,0.344166219743986,0.27747387653618,1,0.25365157228634,0.30650109631522,0.508490465609431,0.131875987775141,0.741842383876981,0.103808500169243,0.831786335171883,0.115547662698578,0.301071593682001,0.166869224064507,0.842679068605266,0.141305542626185
1.03836386571357,0.145534133947358,1.12729420262262,0.240250860966199,0.376121161026565,0.26343926918118,1,0.26484987119394,0.274136047469116,0.736351809622544,0.103261253900015,0.866003816893552,0.112289178767987,0.625028156625408,0.154931436962672,0.684313201694346,0.138584889348383,0.609048168794907,0.146007703825375
1.00261759495329,0.147114641361252,1.28997237730152,0.280900090691319,0.163221808009593,0.190407644590484,1,-0.341551806216052,0.243690947652894,0.883447612539085,0.0910443946193185,0.61432266844377,0.101877608904844,0.487443157770293,0.153363294756624,0.707136646572653,0.166496924378984,0.685505182602121,0.20558811152656
0.967771638770601,0.122983099450869,0.855963147413955,0.186580600137268,0.116036863093985,0.205934863138394,1,0.0446148503071022,0.317709771770172,0.606612676675499,0.127450471736514,0.754418892784021,0.109003158311428,0.525512438585497,0.111125509383623,0.975912760805805,0.121088212780292,0.518984878590229,0.202135560324352
1.1215652377281,0.140066311154797,1.01272500896131,0.229063552673994,0.362414709054341,0.235605450884604,1,-0.0152189549986767,0.242590518020816,0.676852112761644,0.0929218989054858,0.837527391603295,0.102070700378542,0.657298361597879,0.151381837379075,0.677225698302599,0.144617065399293,0.876635177782976,0.126934210847758
0.906421766857771,0.149199141469996,1.25420282595596,0.232720971649526,0.177445339441806,0.208295230228737,1,0.325120643069518,0.285268803830605,0.574502294590606,0.118646875890728,0.887030657383197,0.106288162451097,0.637455365197302,0.140868987668066,0.808279960394402,0.114549452322593,0.69346625250865,0.14491503191571
0.943059522718887,0.126147820154922,0.967998537279525,0.195438134301309,0.237261192472383,0.170834863867909,1,-0.135936892065615,0.223616296883284,0.672875855619767,0.1008579520115,0.854186558133717,0.0909854992559093,0.592681517876146,0.12738458409323,0.700363404171535,0.131439944806718,1.06968657652251,0.138316994002365
1.0303639873604,0.13790835970755,1.0405098902317,0.222366184012515,0.121625366216946,0.165804616302976,1,-0.0399189083777154,0.245729184862149,0.732704294005325,0.104321759462577,0.664857441303236,0.111418986963422,0.533427253263369,0.131296740332485,0.856675459522958,0.144300202481566,0.571166144561665,0.171006693016376
1.13481805231442,0.119496715229318,0.757305199699662,0.164303936282059,0.0869165500604519,0.17728805530802,1,0.0139958938304576,0.21896806964234,0.636439379953841,0.101891783246328,0.634655948967108,0.116557340498945,0.523858859902699,0.129513450944271,0.737675148222458,0.114215889431596,0.721912389011717,0.164787524357777
1.21097021680268,0.151267653154789,1.09887513377189,0.269471841085159,0.362989323790417,0.270572001712981,1,0.769198045415201,0.346287728874336,0.397021021856987,0.148588630612816,0.71888635502222,0.109410287246627,0.741538426780664,0.116032364397665,0.923105822722209,0.105826741997048,0.646601971456606,0.198650953958886
0.971238535289217,0.13552675107778,1.04424650528577,0.20670861859055,0.122028462420211,0.194068224677914,1,-0.121930958112838,0.277166304251535,0.737274001006577,0.100629377260018,0.577525810959039,0.104044426482199,0.941915930013366,0.0934309519278432,0.698273201422554,0.135726491084987,0.945908503944622,0.164403464839042
0.862353057545268,0.11973909777184,0.792405217819684,0.173750963247477,0.309543927100219,0.199508418374867,1,-0.104719719814495,0.253601288218202,0.5753226449047,0.0957684376306437,0.621246119397643,0.0947180625837016,0.567101960090778,0.136729390880786,0.633969187427858,0.146017565231961,0.64400526750347,0.205893603711757
1.10641374478104,0.148775348327118,1.36044229263414,0.270650360294708,0.238923877909176,0.210535747107328,1,-0.0130819998729961,0.259663093691509,0.694326146157439,0.107784852667735,0.59394094845257,0.100163520136055,0.780659306254649,0.104180896228597,0.714701561425114,0.127729896149883,0.80783156040509,0.153363063647278
0.668896550396001,0.117474812572401,0.833680286844817,0.193070364216803,0.404719443709777,0.261064504478612,1,-0.254041912707478,0.260169870252372,0.702757330954713,0.10244891071384,0.468193135875269,0.138069219199746,0.633079351727628,0.121765823739295,0.455670785034433,0.191373806932141,0.23356742394771,0.242331568521898
1.22028651287071,0.139326059109467,1.07076111789091,0.198299684726926,0.309237266589442,0.175921838603552,1,-0.0702434208038861,0.265831235503068,0.837741253487626,0.0947628141228244,0.683705384272788,0.106815333396614,0.573586239007753,0.133184975230226,0.812138701885786,0.115339603870977,0.758587028070858,0.123865211369083
0.991648785054374,0.139692956647875,0.936877469000029,0.207105142328035,0.453914473537824,0.270529257011807,1,0.282302313809054,0.272901762092349,0.732115332470153,0.105743869438995,0.599914287044922,0.111847266275405,0.728436658746457,0.129714707271871,0.603052845493961,0.181343845328537,0.62376549710808,0.174803513709695
1.08087873826421,0.148322782808039,0.864284239611382,0.210129851661956,0.126323850668306,0.241073128059609,1,0.172560588043881,0.274385305656836,0.832330559864122,0.0922701477513544,0.585030283263814,0.133622210465087,0.671770404862496,0.169530774216642,0.92646309418189,0.156204998975358,0.592856928319632,0.179148836447992
0.905356883304098,0.143226070622597,0.956077850147296,0.200964642673451,0.322384070382664,0.229600913471572,1,0.049861321932372,0.325628850103634,0.784254100632436,0.0987350754732883,0.68354310453187,0.101624296634892,0.721549732170505,0.106670120340552,0.330635798455799,0.186937076244656,0.740693528695061,0.186107700964928
0.80612131968998,0.130675717117854,0.925507481100135,0.206720464383716,0.369261784097265,0.180442231282745,1,-0.211181257121477,0.254968137131023,0.633620266740261,0.0988194823492311,0.614620484203357,0.106996527083302,0.619674579286124,0.125971357421599,0.715725887290895,0.124899369312656,0.964329234486258,0.17924556535674
0.939702160180624,0.126498887238016,0.730562622123425,0.162785243259102,0.654497562601384,0.146340620908729,1,-0.467824110126927,0.302463533430498,0.745805148511216,0.0968589927994177,0.668404976910348,0.0945892400995429,0.75832526098676,0.114548648915313,0.6339646839654,0.125288304308596,0.661514036081804,0.164762267401164
0.881919029483138,0.144211603019692,1.16444957619286,0.286182513242458,0.580735133977964,0.199951498892137,1,-0.0415580450626022,0.298326105535387,0.709440980261892,0.107950772062814,0.810823145585,0.122999338709489,0.322543943938444,0.18723266479284,0.767487067417402,0.130441270583859,0.438954655950578,0.163069873698417
0.978216607085024,0.164128990923074,1.43276737124007,0.296055189787461,0.338316460766549,0.242244129712117,1,-0.0514092948017002,0.297987805653386,0.737046623556019,0.100620315005358,0.602993763891732,0.136598053960649,0.798617328509142,0.113656459551979,0.70288371342217,0.13006561533315,0.694574351561734,0.163551642440837
0.970511337962709,0.109477697196384,0.548157139937003,0.128483122185642,0.428369137719634,0.169838871086502,1,0.170051217518739,0.23398196980252,0.573441400489108,0.0945547402302527,0.698669864860427,0.103181239792948,0.372042321616989,0.137299427673639,0.560397987733704,0.142960814095936,0.737818617916713,0.190256503021526
1.00541630861511,0.152756445339827,1.34389075452197,0.292501852007285,0.0558764766114374,0.191194736979963,1,-0.17025962145205,0.228155063746372,0.798817859259392,0.0990550117325293,0.769263548900281,0.123313386812473,0.871493294639344,0.111176183508009,0.785959164379954,0.138417101102536,0.532042128616351,0.200961635738992
0.902360511535446,0.146345214193604,1.10451523362805,0.257855256161322,0.545827978555286,0.213947495622096,1,0.21709451465887,0.304280996809577,0.590923581692165,0.122173806853604,0.612139476822705,0.112878545270184,0.761436099864138,0.103303227962188,0.578679427815409,0.143512443511221,0.732786053816855,0.185276350513585
1.08377319369233,0.129825338413767,1.05176394074556,0.22135773451723,0.438379152420288,0.182716661811692,1,0.121616766426184,0.245546307922422,0.620119097018195,0.105809235379414,0.762495222210319,0.10286562489601,0.531219662295552,0.127677734707424,0.570265830747256,0.164618257719381,0.918553095338074,0.138968097829783
0.831207470896946,0.141497604048986,1.07621833658788,0.228844039900467,0.193078244377771,0.189529143161639,1,0.108579805476483,0.3230878817507,0.478373002300345,0.129134162579283,0.872703013849882,0.109973908935618,0.732500689979802,0.131132370467977,0.83953728809518,0.135410768026889,0.857162360386376,0.154378751131927
1.03653406956063,0.135937059024119,0.99312584763789,0.219490882450798,0.461207394456732,0.211886587647652,1,0.1527169146784,0.249160082577081,0.892847798401617,0.089035884893472,0.648730815625574,0.11216613993305,0.692441012506276,0.117826788969987,0.845055044332803,0.145486034837916,0.876579362715747,0.142319327570897
0.882610356946104,0.14551260012331,1.15519791951429,0.234612020048619,0.252727660376258,0.221752216765201,1,-0.287070887885275,0.284213002918096,0.702549193958284,0.115103131434935,0.698156377544991,0.102045879033727,0.821820181105111,0.101336334276514,0.943524285961165,0.121208722477813,0.931554291113498,0.152771041555527
1.03082680868981,0.129409243711449,0.843207999845208,0.18734627105983,0.417959332715432,0.230374017283391,1,0.0568539613825351,0.28603749356099,0.762725283009273,0.115755783124673,0.610951958222848,0.116021408045035,0.674572698558391,0.123915789735522,0.834534675699748,0.123613958316058,0.839344460771566,0.17435237836148
1.10869314333923,0.134861711084898,0.71704640173163,0.147631547748043,0.313722249145595,0.227917057931614,1,0.277656886330512,0.342895789577146,0.664419785236022,0.119698491651304,0.795554688860885,0.100562810203447,0.638218606201281,0.134860695170314,0.743134555851998,0.127272767438263,0.734396007703317,0.154474181157637
1.13499276023788,0.149435361467927,1.18978603161036,0.266299882469792,0.682208916554539,0.141056140988239,1,0.0256895038482761,0.267541666256829,0.787311408937428,0.0964622274147947,0.773220541017268,0.0941052842828675,0.655094227983413,0.139745057155364,0.562644909904807,0.150670811264066,0.829439308298293,0.135308510879157
0.896658602702085,0.117109348837566,0.711239893336023,0.147552513895114,0.187001437523102,0.173980817216044,1,-0.334382881585832,0.288147468088072,0.748971402893941,0.102583657792707,0.541524052528606,0.10779739759353,0.723066954241989,0.102004446796598,0.780963147236647,0.105356585976976,0.631305046748946,0.167024372196133
0.926400915874024,0.131396255646954,0.809544341228992,0.159946250848447,0.324491907094606,0.154439067427254,1,-0.0246559801096132,0.28883948052421,0.613300530200527,0.11469845122173,0.613209627400223,0.0985478711088284,0.585465634792548,0.111106009978242,0.819489825370658,0.104390088434777,0.832067424680116,0.133054133899482
0.825284507911133,0.144116021405871,0.977663671682691,0.235304991471487,0.663820454196902,0.170776085955905,1,-0.272757362218959,0.306297448994506,0.72999355202587,0.113919276287251,0.768216146408478,0.0922360080481948,0.531244143513606,0.114643262602675,0.880214855644085,0.111209473173109,0.356037567947802,0.235145394483808
1.2567834896014,0.170345419040507,1.42841542850248,0.31371012507396,-0.0244617342790406,0.186303309105564,1,0.0488406930959331,0.314869656518147,0.830003277508192,0.100384561243071,0.852794433851501,0.0957378940498197,0.702612829933172,0.124101011112529,0.665969577477613,0.18255483424656,0.510595374702183,0.225565177353434
1.25307323765393,0.148447502635604,1.0223079077707,0.254372097838359,0.774541572769933,0.0910594351671463,1,0.123635270502028,0.34483461331563,0.777381128502028,0.111709001615629,0.781686334072977,0.0962486650579288,0.627793469197339,0.101984878148102,0.794854988629003,0.147336197519616,0.530599599708415,0.193194675688197
1.06827887434302,0.13010015315059,0.908756443233448,0.186607636438995,0.228844595341348,0.185055509697616,1,0.193947760964207,0.25629950897593,0.544595490788558,0.118974147778612,0.533916840412577,0.101865905889674,0.79033599284793,0.103907137527664,0.614218912422442,0.128419998359117,0.715288003880854,0.144130399251407
0.918144145286238,0.136010377250656,0.979445508363566,0.243362897982037,0.770897870525325,0.116577775280267,1,0.0817226895202217,0.33844916112807,0.665524162606337,0.116088648402738,0.712664886888989,0.105015410132036,0.826117963967442,0.120459846613975,0.720876700658703,0.121878625157112,0.548436248298616,0.192526010087329
0.902698738725841,0.138436651502756,1.09918653780518,0.258235882709768,0.548735530406366,0.198856387148935,1,-0.193974947199427,0.26590097583476,0.769050126763086,0.0958718850582967,0.530645881805783,0.120531604161013,0.72429972930585,0.126248067935764,0.506297624396043,0.150400375706047,0.461489470654496,0.191349684074169
1.23474410782903,0.154818867679938,1.15802011201435,0.236333541457327,0.233621935801693,0.220983344981363,1,0.184425863816967,0.251332446448659,0.837523268135615,0.0928473567323569,0.939500216484641,0.095678194211518,0.799198251092906,0.140018522624378,0.960134542589114,0.144586499705423,0.714658603760828,0.211809863526555
0.883880144565649,0.129811945462688,0.946615506962917,0.199522978683559,0.259993743085564,0.200596599503712,1,-0.236425020921358,0.243512003095027,0.718153613497031,0.0905316663215353,0.765409778199193,0.0994729615000138,0.66663106460597,0.123748181652465,0.711893016479281,0.152783621645307,0.544394740858102,0.180581415139103
1.12281615039666,0.142418079309936,1.11664987349135,0.264618192042718,0.230219947139629,0.231795743534195,1,0.00466928174355784,0.22574395353679,0.754912960103082,0.0993744348205149,0.838689971109752,0.110775007379133,0.656733583673416,0.130096123405912,0.706289479129163,0.142459108952895,0.862231578886399,0.156073762756431
1.39042335207732,0.134397733652024,0.958383419594205,0.223585706888867,0.538315647780639,0.16060304079682,1,0.546045539598401,0.251227298199435,0.636700357976293,0.115779371468331,0.722677621942991,0.105811662843767,0.841855560723944,0.101131180054888,0.636752103267591,0.137967681952299,0.707128447359033,0.163957515709034
0.945042411602422,0.149960655419808,1.27242808782138,0.287089753064462,0.281212983112126,0.195174234820799,1,-0.110618910511132,0.317706621608006,0.655472247727455,0.106004198779766,0.784988274399053,0.0926293256807998,0.574207142884813,0.119458829902718,0.887264456899078,0.12475725034224,0.37498032341705,0.237870529274988
1.04481039764099,0.125818565863113,0.825357394351706,0.182131424102811,0.448501439441533,0.216974792323886,1,0.0911823342999121,0.265677544083685,0.609791365575382,0.103965161191027,0.602521587365488,0.108854941455155,0.846108498423551,0.0999944708298445,0.525053167849113,0.16767641351585,0.749521347659619,0.167626700952113
0.82828151803118,0.128018233903509,0.953821336792741,0.191370202229658,0.195909749768628,0.151772276269988,1,-0.154268955181983,0.270892577226877,0.768233193052189,0.094807922598011,0.677224152973793,0.109464222862004,0.721131795332869,0.126330242141746,0.826381543521994,0.125140272472968,0.517290053910824,0.198416109280221
1.05973712047511,0.147487272420445,1.02970171329911,0.213730200689569,-0.0882393159628648,0.15857692970284,1,0.11237863562453,0.353676426835009,0.614317355423969,0.115270908222292,0.73839348473426,0.104341893731609,0.743456717448085,0.11329925306561,0.729644852261137,0.139661734043484,0.837152246796662,0.171897331562464
1.09647451965957,0.143790323630509,1.06405926122805,0.215119900691937,0.318633448176008,0.240407805411522,1,-0.0898394959328981,0.272155626806359,0.7103274769128,0.0941802023808039,0.673951539592062,0.123234420852555,0.817273441186275,0.106955417931174,0.845931671407161,0.119044611423528,0.741266883187269,0.164239280336772
1.01533405880418,0.132234452767988,0.947960640804469,0.19048360675353,0.275209916531817,0.21044287050522,1,-0.103070621167739,0.235197196265726,0.675314803089374,0.0969421261818016,0.569333161393978,0.106441552846621,0.720042973213478,0.107139742965554,0.763729299321708,0.116348733655353,0.662099496331177,0.182274499368631
0.941545657996821,0.128208571319188,0.972314383968576,0.211360903100875,0.254239384656537,0.143257202144564,1,-0.345141953857272,0.233500114992957,0.737831632583692,0.0930290468959959,0.732120480736293,0.118037252411962,0.475210887910333,0.14016285626316,0.735207709397947,0.128830692038421,0.493503108662682,0.16581020784798
1.07144260660574,0.125738227586874,0.83112848809683,0.191732274253405,0.685334867348368,0.14852771037664,1,-0.256654207965222,0.285348203294901,0.923005150439736,0.0863272197218089,0.771879996990551,0.0890900970278188,0.555020469588959,0.135209203841573,0.563332105302784,0.150882026721207,0.888580852559887,0.131870508541285
0.973505887228273,0.129829523044083,0.943973506812525,0.231946422881063,0.307348265272571,0.281542719459988,1,0.163127243679739,0.280399278348769,0.606900425473148,0.113138719580379,0.66196634517933,0.109643139702069,0.900709802494083,0.110892819948182,0.648396276148391,0.193363210615863,0.727191003425277,0.204065345798138
0.951032909787097,0.152088704653179,1.26491261185704,0.265433079899867,0.178494376985878,0.187639238427424,1,0.463979447374167,0.293493058018836,0.633408697698871,0.112042613305915,0.876066692296201,0.0956899344937418,0.888227672221049,0.115637450964198,0.879333970612876,0.192617246250857,0.625680914713845,0.21252389495389
0.970562783065627,0.131829302951186,0.889836083721676,0.182775191120868,0.486409402499144,0.231705793544369,1,-0.164829056239212,0.273413998182519,0.79463385214818,0.0899241613200323,0.520652204865194,0.104240042452207,0.736126033716398,0.125162709746609,0.390613636602854,0.155450572936026,0.774968448500884,0.121041221776839
1.04958214378419,0.148990865581874,1.12295291309495,0.242643668355678,-0.0498263443785569,0.163316848909099,1,0.169058149428547,0.273590660336306,0.782986931472189,0.105999752131694,0.631703170283493,0.1118294643657,0.851970460138505,0.125795537334785,0.654950837883697,0.142773232964298,0.727206093013025,0.184884346350157
0.862266714200074,0.11105838459827,0.658459035181808,0.157672708175646,0.595452079248393,0.115458544309553,1,0.246245119669387,0.271352264238768,0.592987834809351,0.103160331040028,0.696352471621566,0.100036600133073,0.597748419924973,0.167015429610747,0.762111028534904,0.131914986356701,0.765414025789379,0.182167129491332
0.96206504830802,0.144229767934084,1.3436533631951,0.295599732498953,0.276053574897398,0.266694481931857,1,-0.168176260435113,0.261952725710615,0.706318544155688,0.12789747042704,0.746966095624384,0.121154959755766,0.845489818730849,0.0944463076830099,0.744356141396777,0.154408152682852,1.03643249828504,0.142521075481845
1.10139886226119,0.152348128707058,1.22905872078797,0.269826639765984,0.475019583566191,0.229971350468278,1,0.472648528103958,0.283338810106801,0.726950272798307,0.11381496503828,0.729113830018077,0.128511708420967,0.822078312808014,0.120864330578939,0.765949511852445,0.118636880108844,0.722167968834736,0.177288799193676
0.970701249238886,0.135245560830148,0.88409288194587,0.18926101552562,0.258999098243057,0.215328981756182,1,0.236965895008309,0.281830464644193,0.604942868696862,0.107759807337875,0.617912148373434,0.121148060235726,0.710942898369074,0.11676515129186,0.678749779960868,0.136136668675561,0.708689533542494,0.15051629331987
1.20174658252772,0.147368490652536,1.05767955497419,0.222038451960732,0.48382728102859,0.196043850537615,1,0.407904516645849,0.286275604597863,0.633417649085456,0.11963693071209,0.71505313706676,0.0962167587436985,0.8798005134669,0.10289112953554,0.679177480845217,0.142264820716966,0.745700899831251,0.155889840629639
0.867260085860571,0.14778259033343,1.13051102259049,0.255949364861612,0.234153495390119,0.232578908348049,1,-0.0425504505781479,0.319742350929884,0.750948091603528,0.0916693965208498,0.688734948909443,0.111881380859925,0.584464223679815,0.144714556163878,0.847998597122654,0.158866641037747,0.375132366557617,0.271693877225504
0.98645774626976,0.129976636593162,0.880264659627327,0.196772009000566,0.180993227223678,0.177352982018919,1,0.23649141914408,0.220095885567753,0.662014867838433,0.0897034863865599,0.67732700019131,0.100695567749416,0.433464450170088,0.153076321622326,0.537368953839585,0.152083684117167,0.699223376329985,0.14569622961673
1.03419722573588,0.12799080995256,0.922409082700288,0.203908019895902,0.355535217970825,0.209668549799071,1,0.0347437068957332,0.284968564883374,0.671292400180597,0.103081341362727,0.497277975802342,0.1278704827497,0.829582329178189,0.0904479201197652,0.522529872520631,0.149346444773112,0.486803062446165,0.191728768547245
1.09088459895407,0.127716283160738,0.881926880549318,0.189424366377886,0.577424656690029,0.191570558595866,1,0.0398869999369981,0.293886524593098,0.621246052676915,0.120429819355767,0.754824188317847,0.0892282199814885,0.710026962318801,0.122176350312219,0.662825806105112,0.130789931168041,0.842482696154352,0.118656539602761
1.39006949911874,0.153621545638942,0.971228308391153,0.205626181582262,0.19697783707737,0.244285096366822,1,0.416225342198098,0.373909858774543,0.670250001826216,0.144283072978543,0.720947818018067,0.124826078673279,0.79826285836953,0.0913474319756479,0.829048910043015,0.14458751987447,0.828263119313765,0.163323430953141
1.17535619262855,0.142925461387461,0.911183789565558,0.186836434860665,0.293325568970842,0.275417854531329,1,0.273917901641629,0.308351506288635,0.825512663364127,0.0959929117454941,0.702281733832788,0.111106597100164,0.729580628912297,0.134142691339686,0.680984208007136,0.125061662824396,0.862817769813902,0.146525465052784
0.978201344847088,0.138172064013804,0.942140083845898,0.223772476741394,0.482330294757056,0.276425281226328,1,-0.232429062959511,0.283398911395286,0.626021393069463,0.0929633816783999,0.776374511990496,0.109473301863196,0.470278990358868,0.165894626038694,0.587261320388104,0.140802119669405,0.652917431673683,0.166005793385247
1.12268030826332,0.16883569274405,1.55720954338204,0.306809465234095,0.19833753818916,0.237477106729179,1,0.12501137028074,0.276470417456542,0.624614176798387,0.0944108290039629,0.743384213992263,0.108460903918691,0.738834454746492,0.11298834170113,0.644107794041938,0.153411493819737,0.90473016188256,0.161002449118477
0.881930471203278,0.154398028289743,1.59463975648039,0.360720693998282,0.501227531542305,0.250247505198801,1,-0.221661080462573,0.295284824586495,0.732654176526895,0.116618156424787,0.635618510847473,0.113068349027602,0.657974976297931,0.131994217870516,0.744566914197103,0.119983658426818,0.622046558548613,0.198305437984575
0.92501790034284,0.134191537461024,1.11372289495543,0.212354127681858,0.151224420838353,0.193252457835754,1,-0.346457388767977,0.223162857056817,0.888539694726439,0.0905672453355583,0.656324904097264,0.111006167322961,0.871619948328174,0.0915373180338221,0.911783337158368,0.147931240811894,0.399863673099701,0.214086263849924
0.733874994894483,0.112873643393331,0.644038172680063,0.147293323500721,0.453572257448245,0.183829931848391,1,-0.257633184653579,0.263069689108502,0.519677777111716,0.0954551962257755,0.746175520939772,0.0875980684276741,0.512843320811564,0.118326016007659,0.647393864454356,0.132190565896821,0.404534514533758,0.208655528197783
1.15645774588411,0.125858298320069,0.765706760115764,0.172757865455301,0.436315048035672,0.207392206166951,1,0.00146730751716092,0.262458192172508,0.582016036151669,0.112904757193757,0.696249304477149,0.105396513391609,0.680218386025496,0.0908962790740876,0.810883722155534,0.129839675943189,0.952596786466463,0.16571487506734
0.943927604212529,0.124920865719901,0.837608468540731,0.181753409113534,0.440993601217073,0.163342771251237,1,0.0111160429106688,0.295928486564629,0.733909817663252,0.111076637741304,0.68818402106479,0.0959370688906863,0.652563781907451,0.13084366160292,0.653140265932827,0.165894149689001,0.958088830785488,0.173886634865282
1.00350278567797,0.127141165067142,0.944447089115574,0.194869391885984,0.205200147658631,0.199453721114777,1,-0.543271767978974,0.226044563587881,0.769641639682064,0.111240178516036,0.651972064877681,0.10187353825966,0.691425657570289,0.118533506106304,0.803677228069597,0.127878164706592,0.683211159536574,0.138269342581915
0.838588439212472,0.137255986846495,1.12561344914796,0.232651820790257,-0.000777097226281844,0.199253868486573,1,-0.222934773009819,0.23415691003689,0.553494373308292,0.115506834008164,0.74887551227256,0.102863731124775,0.737111007251028,0.119404483454412,0.834827758384427,0.136552569820409,0.959956199762847,0.182032825393593
0.871997345733207,0.115298316104573,0.698805303037224,0.146865463063111,0.108376840069236,0.171172844850693,1,0.0439381498759865,0.301637289355509,0.704618911597709,0.0943786653543848,0.476205005315801,0.120407312286027,0.785135257788754,0.120187035848757,0.68884823728353,0.139478664846013,0.740333210086581,0.15782747927931
1.33043877654387,0.146600304672749,1.01173695394707,0.224775584856023,0.64761253425669,0.187839383045681,1,0.00998374877143286,0.309245228621552,1.00896976970585,0.106985196794179,0.873677623226078,0.101357172117942,0.61133952744009,0.124562652792257,0.753575396294232,0.155197348279242,0.887071786306033,0.154165817370519
1.1586657979932,0.148221923846552,1.1528056620941,0.247689977571232,0.0750001920325782,0.226388356693813,1,0.237304331663967,0.270254718100675,0.556405999394488,0.143301391894061,0.633772177123337,0.119889958227979,0.87980844463602,0.112884276697031,0.818809330985974,0.123447296411946,0.905635060534487,0.124681512264944
0.92599376067897,0.137616955662617,1.14106373418022,0.241232973836617,0.484448294401384,0.233728556481904,1,-0.0918405710777644,0.259247305361105,0.665444846790291,0.0996074332151028,0.645590356023789,0.0984163313741623,0.749683821558937,0.110859323511426,0.702640098085726,0.169400423318436,0.624816485147995,0.19070209926572
1.13222573767453,0.133210883704944,0.959067185028081,0.199144346238418,0.439466096037874,0.204059930202589,1,-0.158226114328954,0.237124625802,0.854210300675109,0.0929593133073148,0.614772369390909,0.105152853429655,0.583717662923381,0.119136411084776,0.651396218797465,0.135510024259232,0.796787702739201,0.165015822516196
1.06975482418637,0.141316816858161,1.10840567535857,0.247249808106009,0.579884114090625,0.237105576717172,1,0.145582773318371,0.300346927701283,0.704838284574654,0.114886462788781,0.778678734669826,0.0962326141312278,0.775166970059307,0.105084554194032,0.811833746863983,0.13445493927289,0.564202430349703,0.203608260870261
0.938124868043783,0.142553055592392,1.07414274041031,0.234996723342378,0.329804816357219,0.264122532902092,1,-0.316140500193018,0.301062643599206,0.74792338844263,0.108401904633012,0.770838584209617,0.0990962653072191,0.687593014084906,0.105084163756648,0.499959985950643,0.173917460870417,0.66526951669847,0.209492002119623
1.22571374801801,0.14603641085301,1.07659140895355,0.216721367701811,0.274603945608706,0.215168404229915,1,0.0723680318806163,0.263763325368689,0.853727521657814,0.106505829358035,0.696969797688343,0.122057111598495,0.689444020398082,0.135376823615531,0.802771409858423,0.13402935195638,0.94048695826336,0.121023912114435
1.17601157089547,0.13377843955475,0.800914792963186,0.183308377780779,-0.0303253048076688,0.162968992252947,1,0.126799517357599,0.246781579795827,0.688409934545628,0.102705716677168,0.953420028390421,0.082344808614105,0.588173873081041,0.131333978640725,0.478202407460046,0.203735841585681,0.878245478294965,0.173443518316984
1.17235946835976,0.143341095322479,1.10958228910484,0.234010994272977,0.309916840676706,0.233466315196972,1,0.216468560578968,0.282578262319123,0.66668008925986,0.108604250565832,0.767606106254189,0.0990267133890645,0.824405916658004,0.105669182570136,1.00934776728234,0.118905176395442,0.944243137155086,0.176782107878756
0.874313729005112,0.118663757177731,0.567225384563742,0.137598841853451,0.627993503237583,0.17318107943109,1,0.190106835210045,0.29654760957012,0.739724990142774,0.0875339012932822,0.696082676121071,0.108976756869941,0.693069745750834,0.12462362297799,0.684112636843672,0.143778410560868,0.651744821412174,0.20361607100051
1.06769626155956,0.151234265830526,1.13915344363231,0.233587769911153,0.166760816963547,0.158371444837577,1,-0.0989457493899859,0.308061006298177,0.750992841935756,0.0997287571708315,0.653198177294966,0.10551489991368,0.834576485643435,0.114679609783357,0.64190747215744,0.123605691782748,0.860028302842488,0.136749767694682
0.882873756447176,0.144024805623781,1.19530550831023,0.249996735311854,0.681830935987018,0.144503390132204,1,0.434806629515484,0.309057558374107,0.756496950148083,0.0995986991176321,0.741861267116647,0.110005972756124,0.839487917279776,0.136762109667548,0.645104180827875,0.166525195462685,0.959898725357277,0.145696580276529
1.16449429637946,0.157659912849617,1.49241768984076,0.346595092383636,0.237591218150271,0.241864232887111,1,0.0851406923446328,0.253344008965351,0.727570246351113,0.115698823094202,0.904258620944064,0.118953042048052,0.892463914276621,0.135091592806527,0.752325091708497,0.164807568432473,0.556976660818175,0.191010137098357
0.681199318137101,0.13409779321895,1.08919909326127,0.262403599159868,0.438731649755868,0.24351574386563,1,-0.338097414093662,0.281510414981539,0.667880729608117,0.0936388420364292,0.551483676824234,0.116233096209829,0.896529090391172,0.131081690252437,0.564059209006077,0.165399424731292,0.717210509859315,0.195005280394435
0.997814209657627,0.137438292800368,0.880949890109721,0.195691377933346,0.450171934028692,0.212891603816012,1,-0.00155909805408665,0.242986852785991,0.764918563345037,0.0892257901545258,0.765905617410331,0.0943864648010096,0.528071890171752,0.131832726094179,0.511638490325508,0.196186930083285,0.588932034889356,0.166262273797203
0.86885144764658,0.137606421589643,0.848314950597621,0.164487898451551,0.124283088350554,0.167231077807972,1,-0.381045735281282,0.325696161174425,0.774427843714226,0.0949137669637099,0.671724300114709,0.107626535644515,0.657160536107139,0.114363984674712,0.775775922184205,0.12666621895,0.632451432613145,0.161453115437056
1.17172895410217,0.149533996191721,1.27818239494878,0.282228229193842,0.563573523273297,0.276876856477293,1,0.226127572765541,0.284823017568175,0.782059523200513,0.104530700186384,0.655188099751877,0.121819615737499,0.884840084157881,0.135789452735229,0.816272071263209,0.151434343983232,0.872578118407226,0.131792070020095
1.16293210728796,0.150101220376736,1.09970159111818,0.238698319946096,0.174384913442236,0.212220178400617,1,0.107646329337213,0.338372028228329,0.820367628247664,0.102797221159962,0.608851000685928,0.120953184619333,0.490261349421852,0.149014552936709,0.520976568035448,0.151685512998138,0.887864122941204,0.129906293688766
0.999216161816655,0.142557006151927,1.00880147315408,0.214875288396296,0.40139018475254,0.222744720798202,1,-0.294995151198091,0.315008589352564,0.771327693519122,0.101416355077301,0.534795399732497,0.132704327895196,0.833619494770802,0.0999421606591283,0.693659675996747,0.137493256622202,0.314056363220376,0.204665478405478
1.08659919703791,0.125951451484903,0.756341029743754,0.174845149901486,0.292615664699176,0.23505418056699,1,-0.152327955045358,0.261907033367145,0.726126600644322,0.0929312470013396,0.668310018106163,0.106985383137897,0.550961420979138,0.155450324008721,0.923421903723455,0.160324188982071,0.876840709319994,0.182169254853607
1.06225896687425,0.149466574340711,1.09684051545873,0.247862614753011,0.321188786423584,0.290990505314641,1,0.135261585582151,0.331101557004474,0.718455144189606,0.116729890683398,0.774771435559991,0.0965326163436867,0.710154788513083,0.127771648092105,0.466579271363137,0.18071095380341,0.421738349100671,0.186520419966702
0.716077916938929,0.11220524225662,0.670591418775717,0.137080175421349,0.377543025152844,0.180695703944603,1,-0.643776831432599,0.273341690495715,0.709787367882455,0.101391581425043,0.522533297979913,0.104364231916035,0.677126315265971,0.115236159210488,0.498812846572224,0.136107198059825,0.704924349132901,0.144623581037506
0.916428857329564,0.130720626866596,0.805573810109577,0.179518246955684,0.747930704161162,0.115535947493803,1,0.134785179588886,0.299167226666628,0.704458492504996,0.0835260483476742,0.737716555576579,0.0890916031948253,0.622513937143632,0.101660248868167,0.596487518114163,0.153337765559497,0.618611225823685,0.161548783019683
0.868609491158244,0.116638439086066,0.691974784893986,0.143237280298719,0.587448330143249,0.132176526343334,1,-0.087769447293944,0.28648118230906,0.667138030053035,0.101195637540411,0.501150132140217,0.116796091485762,0.779251067271141,0.0934792667872047,0.647853495975458,0.134739064207012,0.784455200464744,0.158118452489028
1.01642727354398,0.153589469610841,1.30026611363826,0.285188208381024,0.38301337831367,0.246668953700188,1,-0.353284824915318,0.294530818538141,0.903526911261058,0.107064295803073,0.690136019718035,0.110099097136393,0.70214219113966,0.141129659936577,0.782313478724408,0.130059734603559,0.562551228055006,0.147821608652996
0.991947067546827,0.136645154627211,0.932069187564504,0.196883081574475,0.179468297736028,0.198542217223014,1,0.153537377406657,0.270256443850419,0.831061732127173,0.0768617628878031,0.6900970948098,0.110382564041318,0.820144173145477,0.107463288796028,0.736363696375,0.156619815015958,0.869456158342708,0.210352000664154
0.984910441200488,0.146052919031839,1.07779238607546,0.24211132993395,0.376516683120635,0.229704826400398,1,-0.159459549267761,0.297809808253752,0.679326984134614,0.101467340319054,0.76405253909139,0.109725406347488,0.669653708655614,0.127540898173945,0.750434832753312,0.12315443642444,0.51450497260459,0.174986715476632
1.19791458614692,0.149892544660094,0.994883438497945,0.21949534610422,0.089841532854509,0.200852020667312,1,0.0472326704429554,0.308367762502328,0.76575995080994,0.103628248363785,0.747109772941639,0.0931978827470798,0.598810117207332,0.135224098729281,0.622466724127843,0.166111298495176,0.621853042765665,0.166816351927348
1.01987845481332,0.157759405033414,1.45832300844053,0.326798205159736,0.180011244558886,0.186790220482398,1,-0.388736620761675,0.387487149147234,0.720917128946837,0.134044421037378,0.846703381214121,0.107072506062694,0.648202384498164,0.133432646927314,0.661307146511312,0.137328385504241,1.00832818819241,0.13537108115394
0.865829211116239,0.12062462523292,0.739551135185297,0.166618102610114,0.694137913513518,0.124051380512644,1,0.218479837653798,0.294844281066709,0.776221611947242,0.104562855642365,0.462061896593731,0.118076681737932,0.685548602976866,0.121697045548833,0.62415071661892,0.126297012626937,0.667404331011498,0.148182367322833
0.983670188117094,0.122317799176956,0.817947900443651,0.172411479680895,0.102974596558096,0.171495246784861,1,0.220923727721397,0.26710956934219,0.57330066125822,0.113601999099699,0.726472234562191,0.0940362443695189,0.620360720915324,0.120157756370298,0.66472202378776,0.129460585491363,0.675454324798711,0.190788255727754
0.990130916187034,0.144272748922682,1.28776560384936,0.290087045434092,0.00968336583379617,0.211515393113426,1,-0.0217932982884301,0.244917285081901,0.783737654514581,0.103418753280678,0.635375581475885,0.109916473591012,0.83794481011307,0.133211506119153,0.848022814623216,0.167923338821437,0.777993001204561,0.180592608885524
1.28524893815904,0.134899452620815,1.02082099149537,0.211093902232544,0.202845471133557,0.206374523074738,1,-0.190173047393559,0.347163862236447,0.932606233674448,0.108139835698222,0.67725766253555,0.115202167006145,0.669206576781905,0.129243070157336,0.692467055583124,0.131992919369394,0.815452659263427,0.128557872064138
0.901681711618945,0.135531888319791,0.965380034418405,0.208344715713941,0.33296454114173,0.238038463834814,1,-0.206009897113408,0.255553009457099,0.614896290987623,0.100428385705518,0.723559093105281,0.114096491179635,0.621475235391126,0.103725169620195,0.625059297239072,0.149744891546992,1.01215389444424,0.167179820061225
0.755461243376473,0.144746026149778,1.21222503909416,0.251371817368537,0.126159249446858,0.165668287300719,1,-0.68281218703021,0.285858990559553,0.780211340394976,0.100244965961058,0.831735290850224,0.11006050362408,0.749503680341242,0.139817748709284,0.714449290753378,0.149758355607569,0.536506515975558,0.196887252077153
0.875631718612646,0.131084152031375,0.94434469467883,0.20584880969908,0.638036482655568,0.199908841910181,1,-0.651576019660924,0.278181075995282,0.740064044914011,0.101611034483083,0.438470481370402,0.128399098532309,0.767553064254961,0.103545463264124,0.70981908962579,0.124671390577117,0.535345922080088,0.152936013988603
1.0346778905888,0.150476719563617,1.20796872063627,0.265748213675065,0.129822678725428,0.169937800049914,1,0.00589683581276841,0.30324502458524,0.723977598213378,0.107184564765782,0.774508025389852,0.108148457886054,0.885607828211582,0.106241014413219,0.691170690010721,0.143510884108216,0.739400443579413,0.174727945438245
1.22742310436543,0.136117494200858,0.941796978601799,0.194862160237173,0.172997883444785,0.203499186241652,1,0.0922509606690544,0.216251300981629,0.648658950275202,0.0922681786199475,0.881998311432532,0.0860593446481764,0.66350240218828,0.1181336401508,0.699747831324891,0.172033657251004,0.747341061592146,0.159526284614995
1.14519036661944,0.141791248327292,1.04895884353665,0.255132796789463,0.680506940179372,0.139524921168057,1,0.00113850758144603,0.259205902162076,0.830316227567003,0.0858890061320266,0.748886763837319,0.0983213145074793,0.830449971750449,0.117680797228001,0.459469554197168,0.20673039666824,0.233214473155562,0.291822151376807
0.823748742663212,0.126619517851252,0.843532280764589,0.175086984044394,0.236399433499647,0.181178725136086,1,-0.484669587780429,0.291543310320384,0.879647732770701,0.093381910169849,0.614169106543308,0.103411341600581,0.766530406426822,0.108088143604458,0.801656057155292,0.131224748658703,0.495697854922047,0.223984884134826
0.923710758413468,0.138441266503055,1.08914594760157,0.238092738303959,0.444001019576887,0.244270127436085,1,-0.319069911283361,0.326931509266057,0.797600237116073,0.0951094892518042,0.751474435517949,0.0962196425881614,0.599924798475745,0.143180163262391,0.537595056582473,0.20187826932214,0.684611769023927,0.179945465304369
0.988340026271412,0.11629234999477,0.630222824053744,0.117461538492645,0.119080551278373,0.170362688036321,1,-0.339050737649624,0.258275713419359,0.66862961049677,0.103687871284773,0.762780427885956,0.0913709312574676,0.802567703918172,0.111146345836529,0.581804750569261,0.128826216744525,0.76294878116207,0.134892358286605
1.01487461335684,0.143139718126369,1.04288537810111,0.237531962870519,0.580308934228181,0.234192876100228,1,0.384432904543686,0.323478214377587,0.722155706551178,0.114306202072681,0.58265186155116,0.116718945210072,0.647746827944651,0.0984721505907879,0.676374956250283,0.12113290286277,0.683085326391497,0.18548650142956
0.997490205198432,0.121308698445696,0.78418228041018,0.160263250164428,0.1231180785019,0.13697036503978,1,-0.120614372702374,0.219175224894927,0.602301304528605,0.111211641827564,0.574292098388622,0.112868674490194,0.848371635768048,0.0940635958174628,0.528214743363187,0.126293013869142,0.80549572071229,0.155475197680381
1.08706902041942,0.135724528186907,0.822338354525155,0.168716311112023,0.262158617620624,0.198299302168335,1,0.187472688851168,0.281085254100086,0.728021432661882,0.10597227255045,0.732697944240489,0.0988026283214533,0.606401898113196,0.127901754926307,0.591267314626532,0.138570823090284,0.644893820864522,0.141371989966331
1.07396622004476,0.124224158076289,0.703030790302949,0.169971524363445,0.776009401486291,0.0973011111381892,1,0.461742615919553,0.343622112305553,0.625651072629933,0.110894958809672,0.652614472710481,0.104913467345852,0.705560338600394,0.12157150133507,0.464619905349385,0.136089723121314,0.793203176236437,0.124206687255212
0.928616217693325,0.120105092999554,0.703660986098615,0.162478260893817,0.598604899762185,0.139255951957257,1,0.0779458454562354,0.270112412163153,0.668323798875371,0.0908746301068609,0.477448485758313,0.104699018505234,0.74954097177199,0.10047294022668,0.480117088226436,0.151298498951133,0.693898166785263,0.208845901921365
1.03006114554564,0.13740256947517,1.06025743416766,0.238406847477015,0.486846621119425,0.205512254577831,1,-0.345570529757375,0.252036223395898,0.660618611331483,0.117524647274415,0.709263049826843,0.100459873673162,0.674740955629379,0.117514561531735,0.572592359741607,0.16251728072962,0.883547304216601,0.154125284163489
1.17305398524682,0.133023344700977,1.03065616970914,0.211646006087545,0.497063866552461,0.20115711623815,1,0.29002374836618,0.242529961563314,0.764092958734635,0.104511516399543,0.457226040277178,0.124866024627578,0.864333346642625,0.111834328589047,0.779918669740836,0.134139470665847,0.73855082568134,0.147552065480606
1.23629034114083,0.171607348780842,1.41248856121166,0.331081776463346,0.212103919510465,0.217963710669891,1,-0.0560105696865831,0.327976750707497,0.781820958628582,0.122908034579373,1.03432734113505,0.10835764037908,0.500700789467763,0.169524644426214,0.945772809955772,0.158705308432657,0.240424029771188,0.200342979412503
0.817139622011074,0.130586594338133,0.906867244413559,0.205625180676764,0.143534051507135,0.204951179902245,1,-0.347768684445778,0.304577364604806,0.674182458245125,0.108192097405347,0.643713168340318,0.0986706724770001,0.658314143682321,0.136792684921427,0.811296684172813,0.140576274978568,0.0250233418458061,0.264228327613642
1.05920046948698,0.135823560394967,0.870650916621575,0.182151565763522,0.365396158834011,0.208130611697566,1,0.204221167992655,0.259744270172089,0.721707405928512,0.0899779061247222,0.660134705613758,0.0996500166806654,0.743229663662269,0.106931641227983,0.604501155063436,0.146765694020136,0.817850575112024,0.177936030859124
1.05087403341456,0.132437518006632,0.855079695983925,0.190354785775485,0.147921571549136,0.201584364337177,1,0.0949842301617023,0.266804581690838,0.661637781894072,0.0970021042625602,0.891432234474539,0.104528689537324,0.578105319629524,0.137888505922069,0.651001751301552,0.172285134134673,0.713087905356896,0.213350287171794
0.842551410917725,0.127434735789949,0.804033342153491,0.169007213437678,0.534778433266423,0.208082095191061,1,0.156331953382215,0.306010389665154,0.638780398242567,0.109279428348503,0.714554670347735,0.0988229376664864,0.689577883738114,0.107291434323839,0.724913189816783,0.132663082282365,0.652497965702921,0.175282711996816
1.06609100098329,0.131039723717035,0.905045715576785,0.196754293954618,0.299985619312035,0.212450086946008,1,0.238962774322629,0.265235770587654,0.724808590020258,0.0917811462222017,0.779514424105349,0.109122551810289,0.673834908055092,0.129543948813943,0.745660925702932,0.141762479776346,0.907929147638807,0.134684409655684
1.07635027553398,0.134952951254498,0.847516964158053,0.198052336053285,0.438286917829078,0.274213615927337,1,0.058909415634162,0.354960747019341,0.693548503076994,0.113318671504333,0.724512587681818,0.104703222054228,0.838803918853945,0.128814932344704,0.500551408101277,0.175753589789075,0.763031457993268,0.161151067079227
0.797837012048288,0.130832184343962,1.03094066739541,0.216118227723868,0.471275415968548,0.255162716332229,1,-0.216537539307755,0.243852463713804,0.60320103335507,0.0999151317041635,0.789816027101093,0.0902392371076663,0.730367181059086,0.115415022389262,0.528767280061716,0.194601373468787,0.384552635193147,0.200689017552407
1.17916554634746,0.148049772607567,1.14318404232063,0.26274784419501,0.147580280718134,0.262773850827626,1,-0.00811630395215699,0.27930340443264,0.79326545658858,0.10977731953154,0.725840825148009,0.121782772981252,0.762690427555861,0.124955628581701,0.566142731836505,0.17975687788959,0.730858113719647,0.177277068791312
0.607625713475505,0.141631462384703,1.32471223779628,0.300330678568848,0.21633543753551,0.241515068072443,1,-0.846045485472653,0.269989245252845,0.735180780560299,0.099232454284308,0.879063457083159,0.107980678363734,0.662377005433231,0.143816176344774,0.692051701437181,0.165368947256253,0.540278752441335,0.195537312126198
1.17751999583028,0.147507670033464,1.01994168804649,0.205308851585412,0.48299877549116,0.263353384128884,1,0.431967588116042,0.323348315516838,0.771796798176463,0.113101960315732,0.510161965552033,0.118231083157266,0.849802339557323,0.11505060307461,0.878818731861519,0.114069085663467,0.829364546160508,0.14615336408182
0.797950467525509,0.132897709123621,0.943441883346988,0.216269321390321,0.346455393154565,0.241123675907279,1,-0.0144181609430125,0.316644482423398,0.697879059433465,0.115885593869747,0.472041669772367,0.105281983573512,0.668900305698372,0.115618507921736,0.666737809886131,0.129827581494453,0.71868012768335,0.186879183775833
1.13473293536517,0.138414503723922,0.811565301805463,0.159772592063563,0.357062697744829,0.208544780848405,1,0.28205154698932,0.32607370861936,0.667293440611843,0.105163757953527,0.638468491693672,0.110631749979792,0.655600287684118,0.145259626540074,0.810128120529558,0.131911540197693,0.87856212488106,0.129639439023659
1.07498900396623,0.134837853394725,0.98286216760866,0.238722356375867,0.36335818647978,0.218813606125724,1,0.000336146318590365,0.267796369898054,0.663594499699765,0.115763495436368,0.58471911082537,0.123031343853557,0.609116428025415,0.116378969179012,0.541042570408804,0.15583188823191,0.753287656951624,0.186540397724135
1.32070563383775,0.150726806330254,0.959207803531593,0.194341452509964,0.318178902454274,0.204444493894981,1,0.0968158634026407,0.306164334283386,0.87134767728896,0.103414264676443,0.634258814710836,0.132279723380908,0.892955977122787,0.117833685064711,0.699919041600134,0.12074533459234,0.874436072075774,0.113414438065349
0.844478964388739,0.129940371496289,0.817232266807381,0.183441166256927,0.347716028054365,0.159532081375994,1,-0.194455448326075,0.238645034214345,0.579095596628099,0.10291166360763,0.606156817396004,0.102991714053432,0.695528221983216,0.125371852537792,0.820124930046964,0.126006149655644,0.782206431008532,0.169976881840947
1.10761572174642,0.151705107488916,1.08912032711914,0.247886506410579,0.169772955030574,0.251282816073339,1,0.332878590464366,0.31692784565488,0.642841172188676,0.115648702712824,0.848320758663824,0.0981140590457462,0.679010896679448,0.131121845467935,0.886232865778588,0.138076181444632,0.180432919844896,0.29173050807484
1.10860431655892,0.144252646010511,1.25675005484789,0.258988838225374,0.379099551419566,0.192932166823751,1,-0.0948368262088643,0.29264152441947,0.839437295182797,0.0952998568412058,0.905250823896843,0.0996692301997917,0.501302203878673,0.137504464088094,0.668794786359841,0.120421874078933,0.917648916611965,0.148666673316771
1.15462908863449,0.126326396070631,0.81613772757281,0.163542636226752,0.0565328709612349,0.170608924792258,1,-0.187468439029596,0.26248122887912,0.751922066486214,0.107349603699335,0.703021965510158,0.0996327335384595,0.588978720636298,0.110836983606301,0.724176905569916,0.117686918715896,0.865233429581182,0.161166950339386
1.18493172412094,0.154313931231494,1.37406454403151,0.298681507499454,0.392644422697504,0.253342438692813,1,-0.192739375778911,0.271579020203667,0.836225424355965,0.0969965352707113,0.820959964378614,0.107927173068411,0.689153438520637,0.139765173439997,0.720030886124831,0.116633562211932,0.751411436356505,0.14377261853412
1.29525905706326,0.137864444958242,0.909206216768604,0.20914403599623,0.169196427855605,0.15521620928843,1,0.326364214186521,0.22971361881113,0.714798028235196,0.0971725193738231,0.804639918425231,0.0927506818972071,0.714868420681343,0.141596525841255,0.712877948057569,0.130568993342212,0.717155871837134,0.187696749361457
0.97159911241807,0.12901304484583,0.877874248056118,0.190726292919416,0.32876495892734,0.229042453794234,1,-0.0232402527734414,0.244960595289826,0.491030412136164,0.116881920430098,0.757774006141333,0.114204640948645,0.765559695112269,0.128768210866936,0.747370196721576,0.108425263982553,0.684689193026788,0.149630738277384
0.945152321004052,0.127199480866621,0.764641985294987,0.162738074450076,0.150227419040785,0.170443176763427,1,0.126275398367084,0.252411154442187,0.647745442211613,0.0973636310009881,0.872867463831244,0.109082554063198,0.476122321099203,0.127841378619709,0.664638850834195,0.116498619549222,0.91825230854579,0.182332858757267
0.965470012753202,0.129487006026368,0.937124917821441,0.182901862124083,0.1308031328439,0.172915424884618,1,0.296491538648637,0.256515757736426,0.666095569101525,0.108531328317414,0.707040243123599,0.0921246173453817,0.670696439377941,0.11477699272201,0.56871312825155,0.135917340688957,0.807294823998911,0.146602159783297
1.3117829627307,0.170455249172908,1.42758076128374,0.326843327526615,0.230943039672011,0.214684648235638,1,0.497343029666464,0.289652480554672,0.788903127831681,0.103739898186567,0.868491447029685,0.111223690675307,0.491390475811585,0.167087933174318,0.743669035519988,0.155379936194988,0.824966766709327,0.182592925810723
1.04539820049196,0.141304346904355,1.02557205255701,0.23696128719366,0.431485242176183,0.265918124687379,1,0.0609295716732983,0.29379719219903,0.821465932362568,0.0858731241399986,0.543501609739135,0.115562902660232,0.80962939345672,0.126988069034051,0.538569579732104,0.163831924210123,0.820303028024344,0.152790596184804
1.01668361623541,0.149286274416146,1.08040085748735,0.25811050727965,0.363398239763141,0.218665622324311,1,-0.106811793993726,0.291715061446791,0.736015886977184,0.0999681102644171,0.739418366191916,0.0893986617979302,0.68170460207437,0.144421695442228,0.571409468497805,0.16047461625595,0.77742724872928,0.174889201145514
1.10825401509759,0.141694008508865,1.19139944033603,0.249792474488512,0.135345534932232,0.190102343271857,1,0.150104915184871,0.23421701380235,0.698490737079677,0.115824085416966,0.767494606914386,0.0954400134474575,0.716341579386178,0.115669964565233,0.700112891353734,0.163044658317138,0.80545830765549,0.194411198403227
1.17955610159424,0.13258232910384,0.876855667531777,0.193274977653967,0.26177906084649,0.25972691134832,1,0.41862642640875,0.298170951412291,0.582203894644701,0.107547238089762,0.762428569692087,0.106793450530872,0.790987320538171,0.130588239489716,0.541731019827502,0.142633748446533,0.677323495646168,0.152255777289539
1.01159535340753,0.12114624266628,0.617994765758518,0.144546119646187,0.411750801722869,0.243299932337472,1,0.00242030999700013,0.255972066476464,0.755410029892399,0.0898532011695867,0.543771580009626,0.114206453683917,0.658795189978272,0.11756016367414,0.68345548533521,0.133528687380752,0.140280811858487,0.225629643123705
0.974619141526941,0.151368626797798,1.00606432054516,0.229546528926334,0.640884814920463,0.188283813159168,1,-0.284327551209778,0.311662920317706,0.648254998184313,0.114382293443758,0.715637357760928,0.108713163582876,0.642328402482862,0.110178071499707,0.585776400671896,0.180681951637272,0.536919494802748,0.183910844304924
1.04963782226636,0.189693086008376,1.99316873816858,0.429466643660565,0.398534605684886,0.230741536867769,1,0.0977360146866469,0.307967620750639,0.908808447658602,0.101157334829437,0.789430498761963,0.119578391796142,0.687922242023164,0.131108181548515,0.953206354424005,0.11637618295735,0.979434292538992,0.178903094455715
0.854078675403169,0.145098510545497,1.23423663419964,0.244589307628856,0.246539142113395,0.168684413551261,1,-0.218117266604327,0.297130255578009,0.620576603438003,0.10243853863603,0.742292311270494,0.0933262449393738,0.712558907406968,0.125580036187507,0.701016105513927,0.152498452031065,0.881843525778217,0.168280431604876
1.14055747043758,0.149895164371549,1.19979305284752,0.268018258627551,0.277972049697056,0.229410291218086,1,-0.0525418017396112,0.290374521300186,0.836579725639063,0.0998415166382039,0.758243638574469,0.107635112740577,0.776643403932082,0.133427033209282,0.756964137581401,0.144912701626838,0.569606503254797,0.188047279695989
1.12068801943549,0.171678933301962,1.69319360886224,0.366484619271022,-0.0695959050495861,0.145059591313709,1,-0.25525993280021,0.313439016940903,0.664469456935261,0.113733030878969,0.736650868110339,0.110244794952786,0.819079961182397,0.122840936821757,0.86774263526798,0.117887820160285,0.891074118714852,0.158175205314494
0.95528122182852,0.129206544356912,0.747593270826398,0.178883749424064,0.563724499478906,0.215887880537954,1,0.271065439298735,0.295635515219127,0.421930741286877,0.118357138749961,0.949164379842666,0.0872429522292458,0.484935784080496,0.148419507413312,0.510472480364444,0.16460615234477,0.707090692693034,0.197005414557011
0.783869173696593,0.136204158675188,1.12735429591174,0.2543308088925,0.442672632356642,0.255785199453229,1,-0.265770939545762,0.271016681472134,0.596077359264174,0.108542912880336,0.657511467738534,0.0958873858886295,0.561671186981239,0.131706997203954,0.422125804428455,0.166626532550366,1.05004053008496,0.17131531460201
0.907951049517346,0.116360145038269,0.699382691102381,0.150782321945673,0.508215749347551,0.19622587908517,1,-0.109536655775867,0.254188618389121,0.643815305718103,0.12369299467011,0.650179050137312,0.109986261298073,0.753673655871993,0.11733794023215,0.715477160598293,0.113828202187567,0.639130569783286,0.153325826647944
0.956177080224187,0.123022610041979,0.830497762191016,0.17217687342985,0.235184682771726,0.155195059259904,1,-0.227500325054633,0.324812544592153,0.69574585939267,0.100328128128744,0.651739362044114,0.100819477975137,0.405320216322464,0.133212417602066,0.769489221689958,0.110005650891547,0.69982180128149,0.149273070006803
1.20293633372359,0.148764537092477,1.07576530466707,0.228134824178421,0.230396225724387,0.27693085046869,1,0.2634942435251,0.259063059316952,0.70664284972126,0.104029070016911,0.682350236266949,0.113527612009802,0.639573212689777,0.119812766161911,0.83373678055376,0.134031470887632,0.947423578423268,0.179765128955368
0.90159083304588,0.137109263874338,0.933849024074162,0.196097780344465,0.229854940880592,0.211537731009585,1,-0.400774513400567,0.284827674421629,0.691171478067536,0.098191859006066,0.561116049757481,0.106451845139925,0.67046126014328,0.127542102854265,0.681903781830809,0.142664905316231,0.690359792248252,0.166410593037396
0.925203117144181,0.140238922845628,0.944908236291829,0.224048234545762,0.175960247207139,0.235504023575837,1,0.419526953854559,0.262096651121928,0.584817227943622,0.110963711679371,0.522616116187248,0.122738232942464,0.752823262061909,0.131320158476355,0.464456220751829,0.152530022170114,1.00684598182505,0.155535786400664
0.963005613758835,0.123424247141539,0.722029850263663,0.163120871085454,0.205651812839335,0.17031254575279,1,0.0144075562387125,0.261205243212254,0.596202796305738,0.109918402235505,0.739303643686229,0.115280317868388,0.560127927953821,0.108237409044213,0.78330360865219,0.103470789733455,0.739813734973451,0.169958424491116
1.10248302498455,0.140293202551809,1.04937465235036,0.220176304521846,0.436257876710219,0.194081463775455,1,0.134951351358436,0.286592156744634,0.798564682301448,0.0924623500266492,0.53998145181218,0.10930879182764,0.823662616286696,0.116248915930285,0.805069857220468,0.15254249041501,0.564547597476451,0.184109030795684
0.957338436850981,0.132853760314201,0.956256547009549,0.213044756145487,0.144353685493937,0.204331154591927,1,0.102295096936853,0.247972901274821,0.751125725213585,0.106550281002906,0.623360982784511,0.107034292188581,0.629319402385718,0.123805658995462,0.462267047367976,0.168375815577829,0.883280208731985,0.196699854021972
0.902381536700015,0.127349941745699,0.805816017013348,0.187639673450452,0.280414377223548,0.225431678908217,1,0.131766868352436,0.267423376101309,0.701673107731172,0.0888682698948838,0.658830872838716,0.101330982564956,0.831508226203335,0.120828510615089,0.521797275993072,0.202058487455872,-0.0151966019115987,0.255863003025698
1.27185596434277,0.158256331567308,1.06951392514398,0.274939023318407,0.713394589914033,0.157098539168224,1,0.709054871325713,0.30683080211686,0.664174668663158,0.117265304711049,0.775967059242911,0.101493965045665,0.76615366805732,0.14997215215676,0.303383931035356,0.207571275149497,0.898383097110339,0.151406306618242
0.948016821555516,0.129727483536657,0.950189149688322,0.191663436760021,0.0517727595557268,0.176575408888922,1,-0.322937476082966,0.303091516247656,0.82282076530059,0.085327633443514,0.680354973743288,0.111441923311524,0.593918054193194,0.127364880078438,0.847880356967166,0.0993371119373967,0.618734652434343,0.187033762479038
1.12962766354693,0.134506919240577,0.912926994303062,0.202415071453619,0.422759211155058,0.266496858992263,1,0.306102701049828,0.271801484113181,0.730852589984279,0.105734064146176,0.657287571922285,0.108116940554907,0.685644745666001,0.133846802722208,0.543415800259735,0.15008307770601,0.663101948844501,0.178977509827028
1.26145718063148,0.162301768707454,1.09855116946208,0.242335809480934,0.206489863397664,0.185556824328642,1,0.226902309797489,0.307136827734245,0.733046879710638,0.101203961024844,0.784752291804521,0.102713895679581,0.680156257066542,0.132992336538954,0.73476204933501,0.123697991031288,0.543317122293141,0.176845286070691
1.02942705611755,0.127958835109892,0.800035056556212,0.180810952330786,0.450825969667063,0.244969899410785,1,0.364058806100522,0.278533271074198,0.630273234763597,0.0976658669667581,0.458504774753934,0.11397358844748,0.762098143771813,0.106968059597538,0.477266367351586,0.135489183529338,0.802380867241529,0.210778841310584
0.723645830726273,0.112508957910979,0.755489019936132,0.150436123228307,0.472913645491317,0.181763558675844,1,-0.280076344906749,0.236484694201363,0.578402253147338,0.103027315054314,0.612486396422604,0.105319482253218,0.799594597629267,0.110538541597937,0.714012003752634,0.126664222047165,0.670980055647328,0.176408132412529
0.976476574095338,0.135533675966758,1.01609554196421,0.198348037159449,0.288332361667498,0.144570869119018,1,0.128635099850001,0.251895476174355,0.720471119128994,0.105434846966685,0.555268631059578,0.108923409096246,0.969155773866107,0.0969518921401605,0.786678654751156,0.123538241401963,0.493365575242719,0.210017913819985
0.973804722590445,0.159278425037577,1.30143581282356,0.287863399431297,0.0228075110468182,0.1659868372585,1,-0.0531099902781603,0.284750987348559,0.639832112247785,0.104670244879048,0.740112298654922,0.112696769000689,0.936551299763493,0.113929651530535,0.824753551685464,0.152325041658215,0.673206041324696,0.186539080337022
0.934779948501919,0.14669468261617,0.948699897457579,0.221303627746067,0.503851192296334,0.237186896197208,1,0.06809424684148,0.280305584864792,0.664064518265272,0.0995040715477169,0.730492359777765,0.0975118241913492,0.698445458836865,0.127551744825458,0.434337966458549,0.164327445139731,0.54627547393618,0.20013463867207
1.13322505017134,0.124995899956317,0.92303190296389,0.20234112396982,0.435037318651683,0.230400733731416,1,0.286766089293583,0.288629639393991,0.749618464040541,0.0967473600897196,0.711754855815721,0.0932960685207499,0.745884460427558,0.120510867137727,0.577567543289491,0.160367104455555,0.710568551357917,0.155727639415298
0.977526151288014,0.127273544861863,0.650713507311589,0.139916166214136,0.280820730789045,0.253917039297988,1,0.022483338798884,0.286593285969307,0.747938963787518,0.0938277391453716,0.617948680696743,0.107388228792631,0.729361879981931,0.11627989945683,0.73210917913195,0.137849014496751,0.473938994182068,0.233636463688955
1.19893755532241,0.143080802665173,0.931518560018433,0.217431285974415,0.408614333839795,0.24697811408631,1,0.590378789985547,0.284846950512671,0.570372605621655,0.10995523439764,0.708389897933177,0.103372433253142,0.671490788910839,0.123264690741748,0.778268088868726,0.123985952913793,0.489045408072557,0.239608843301555
0.72713406625272,0.127487035901595,0.861175398524699,0.186930607129221,0.198625971155982,0.192341929119473,1,-0.0640918659568662,0.298028770136358,0.516661601489012,0.119031864833078,0.766775146813694,0.113606571144342,0.562615141293021,0.123081787529214,0.732143138014823,0.121680428738691,0.992718617253009,0.137000266709754
1.02191791170929,0.125986129662693,0.891439874557261,0.176262837020439,0.524560320894952,0.192513776132791,1,0.275850106566063,0.278296286312067,0.774154511377895,0.105155898790394,0.619262178280791,0.108765113568533,0.66545492363857,0.10784955933376,0.793158716509618,0.121409206707254,0.529861848067771,0.19504616158817
0.828612686769335,0.122712284304017,0.740052969568711,0.179500463034042,0.394560599463609,0.216800008129621,1,-0.00826575768401025,0.262842669262239,0.725438900069774,0.0950437386477353,0.689395387145044,0.114324602639874,0.54125597636524,0.110937223465155,0.612049148253808,0.138305173982699,0.567466626531373,0.193027090286861
0.744436514031081,0.146202201055057,1.25398681604381,0.263551536847925,0.126131170080198,0.168934619742641,1,-0.530889403782577,0.296908138835911,0.674472433301819,0.110679365228681,0.792196267473414,0.107872897561945,0.872836079919359,0.123776820537371,0.784457577890584,0.131138836357828,0.730691899864224,0.163580867452886
1.25992126805052,0.152396749417655,1.22085861679367,0.2896885374478,0.766999913419526,0.154667152376036,1,0.552924336154382,0.359180092733984,0.862004777375364,0.114981456021772,0.717846330363658,0.118144492145494,0.836382306105779,0.118138335549554,0.894617256172349,0.121823418646147,0.584138705838766,0.167489207974278
1.05223485871443,0.152517154050531,1.28913703235438,0.311848917193998,0.209235407734911,0.228885950842397,1,0.195543401104886,0.322040286572833,0.725285513400526,0.109994118676383,0.67503500565498,0.130688277308258,0.627185567537806,0.130508163617481,0.669266537634966,0.138068302154335,0.606705189709002,0.187497569312219
0.937890495715378,0.1351878708548,0.970295922190289,0.199230384400248,0.200525408515555,0.181508734465533,1,0.05129122412651,0.301329768390588,0.556507419671988,0.130242312415459,0.709960191688702,0.111526827681262,0.709127867879847,0.100070259976767,0.585882479147487,0.139838920786573,0.820767390855408,0.144330222596533
0.823858255223903,0.12779957665239,0.971403055114184,0.203289719987032,0.0430723150468152,0.164195776236794,1,-0.363818072319184,0.215919412949179,0.812381666209173,0.0826617180682455,0.697518364387589,0.104430035124097,0.583739887839553,0.13360065865978,0.672534992022831,0.16067940084767,0.668177358567684,0.184168323927019
0.935493008850686,0.133914431541807,0.906042675041062,0.206519194519496,0.404082490803955,0.221417807136731,1,0.209139808423909,0.266796234479084,0.611052435694445,0.09611439710353,0.636432223099966,0.112541747266171,0.579252889165356,0.124547460465399,0.470221477822197,0.147484621506272,0.831646736210314,0.127304202555593
1.10116884245894,0.141411862319993,0.986568701895618,0.225444865796401,0.674198560826759,0.143644369765449,1,0.762347674250949,0.300888891705615,0.675037012973338,0.121992549949148,0.676009332974754,0.0968632672169668,0.677360024669564,0.113501946613427,0.770870746698174,0.15572178321156,0.659314868619664,0.20713003638477
0.956346526813125,0.105989434131043,0.494733947351633,0.114401251742217,0.766084219305763,0.0879347421783516,1,0.108176894069639,0.309070186525794,0.592320293309502,0.118590869981359,0.712068084982755,0.0971165010214822,0.584578249519935,0.106400022974254,0.773419219338964,0.12547483703007,0.718869819825979,0.152478391675172
0.91153935857574,0.135257100295557,1.01258961084404,0.205971510665898,0.100264394250413,0.170030676817139,1,-0.543582571251929,0.274089323925995,0.777019437459361,0.115156111705265,0.686910160643213,0.104733745037578,0.819485167035179,0.0970819350210236,0.568505233930859,0.181611932601812,0.859093503612534,0.164672430096681
0.897118204887211,0.149689931210094,1.17053577967754,0.249766953475608,0.0144676619810828,0.182891889112143,1,-0.284821218456682,0.275610805607855,0.684713019376273,0.101922715855233,0.857046236764317,0.109433584328424,0.679075589070814,0.12471517584521,0.793728148434705,0.134770013764545,0.803185565115315,0.139432345890838
0.769315955078098,0.144574008141739,1.01723323554758,0.218314593364148,0.316764193634391,0.199033117317472,1,-0.149703222161076,0.305891925232358,0.719693023442733,0.104842782198681,0.626978426560178,0.114613091307138,0.782946731147084,0.112980769889041,0.73101888981576,0.144872612356403,0.243667899908583,0.207920367650458
1.04206566028251,0.136840567903142,1.10321155249198,0.223950489013306,0.498224889644893,0.219296397829102,1,-0.659494564030823,0.328671480442439,0.839299946093171,0.114527427231697,0.703828623759543,0.10318838047511,0.644685465338789,0.112146072283616,0.754395332807627,0.118403780490612,0.802419180193353,0.166962856237032
1.12573404485546,0.143250791760833,0.877556739925617,0.199692851006527,0.491044937672257,0.25877307092362,1,0.196116932341305,0.331471455254563,0.843084011444412,0.0935903901649515,0.629296823879435,0.11349337735106,0.577011621273235,0.140162045063254,0.732819361938509,0.144618815518158,0.364677100656797,0.198999542967735
0.862968731953292,0.14440144246155,1.309465234063,0.268379221385909,0.0289968205767583,0.184803456990734,1,-0.324517071246825,0.224223441521254,0.791156723165064,0.0978222197829413,0.645723498054568,0.116210710899057,0.684253268821166,0.125688730244378,0.805739497162451,0.125397266246726,0.542103709625386,0.182882784433276
1.18611937221543,0.137995699315277,0.929141432245864,0.185324483605319,0.526160030935286,0.228739285322057,1,0.225638510743413,0.27098068615769,0.603607466688409,0.119567477296316,0.836509007354745,0.0974205824851087,0.634164516232584,0.10599833055215,0.707763279764022,0.119260892990785,0.88098949997202,0.130922775527257
0.823687292468008,0.131955793617142,0.718668548936007,0.158578055740614,0.549979932041054,0.217101872008236,1,-0.183381753029902,0.378629962942231,0.722277884638553,0.10885477612708,0.660162451022825,0.0922147783540489,0.68021897999104,0.0948187569253171,0.543280834585227,0.169628535306342,0.840004937719307,0.22655359326145
0.890765198493754,0.13303138208331,0.927767864797042,0.190638023236093,0.41480904531227,0.193744928920111,1,-0.398870345343727,0.266688607971945,0.634128686422234,0.0999803290859331,0.884700782575856,0.0814968270844801,0.694112756018615,0.109454563760788,0.610820757453287,0.156881198079586,0.718251653562313,0.175108513104103
0.856356538944673,0.126819041121984,0.864753687573121,0.174978606921197,0.31113927258954,0.222554844154237,1,0.0386183149119753,0.268764037009111,0.494825376186184,0.123416585499854,0.573127268132299,0.109885890316254,0.592248913834105,0.100665780666729,0.743264882434238,0.150953372185542,0.738355645034767,0.169417712593474
0.937032127042893,0.123857188205991,0.74952706795659,0.166552953481818,0.478150423852585,0.202541100371676,1,0.0602043585412462,0.290746594554952,0.643382630711594,0.106892388077294,0.712329117891235,0.103264910840346,0.701252019460663,0.115016745844585,0.674667905418601,0.138776226173086,0.654120760415431,0.157391273374684
1.15165524417801,0.164405893000855,1.52272381376332,0.322966731729844,-0.189167113444765,0.142943610445891,1,-0.232162471071028,0.278317620295142,0.928909717120315,0.0917095287601158,0.700404488351134,0.113091714702782,0.854640806679123,0.13549919451425,0.773716172581674,0.175948622326824,0.69081271667437,0.160745113405047
0.896985944753597,0.148261721958844,1.12604559535911,0.244213976550481,0.264617984557752,0.171282735153827,1,-0.0627430005935082,0.337413681909495,0.512148451085203,0.135329180977655,0.696015988087242,0.0936532597053064,0.826012328539943,0.0973968763553661,0.396352028505479,0.165091109450116,0.654327926216616,0.174911641548687
0.840526368120022,0.109767500651715,0.686088318013867,0.141646211903073,0.273740926128971,0.186021964303579,1,0.180449057903593,0.222925016580582,0.46199066660588,0.102417111916272,0.785592875471579,0.0921733713703059,0.77406347863028,0.121709126834458,0.317080736054094,0.176699070759103,0.89820049236387,0.125885179810615
1.08463770472031,0.140066380259981,0.925105279409831,0.220542430644017,0.435837531407514,0.266232886448658,1,0.301555742632491,0.246586576831507,0.600968812041098,0.104263333088307,0.779862419349132,0.120747642796327,0.42521609262791,0.153068663093991,0.574139000021256,0.157938324093959,0.724138319362027,0.137287902718803
0.811246061396364,0.137729013255025,1.01435498701212,0.197029048562265,0.231222667854335,0.157855412259802,1,-0.512314643449791,0.264592530781494,0.683130309525358,0.0910280112271387,0.786318170066785,0.0905059820097737,0.577978595377645,0.150601010653986,0.556230260350165,0.166449731691662,0.645107111972119,0.137483940461971
0.935896103693365,0.157703815515754,1.1340847931145,0.255879272407132,0.255816477816171,0.228713424550573,1,-0.27024556430108,0.266878152054107,0.803532710317735,0.0934795213817345,0.648009425145836,0.112664311662199,0.798494512576591,0.126701934487761,0.684933736321457,0.162899670770957,0.264049964724043,0.239783869133693
1.00208216449186,0.137030374219992,0.896795561160402,0.188975661584523,0.521793586545044,0.218644946069898,1,-0.197995157417772,0.29053392867416,0.837247276969061,0.0960497563242034,0.659767219689939,0.0990368217352062,0.886995075773003,0.114416311930931,0.606018149629275,0.169201846266434,0.507688798170065,0.225686679483747
1.00869614189347,0.127130832605467,0.748767068795894,0.157730868571026,0.31702659172665,0.161211672995094,1,0.433215921912037,0.303603318056477,0.679522690081786,0.0978780341311567,0.741612314605858,0.078679714250639,0.652479703869522,0.115538479265843,0.763524749360501,0.145362636266429,0.216563652021818,0.279196693890947
1.24041307781501,0.147381629056813,1.27879802647339,0.27826902504199,0.100851213406328,0.210262232647736,1,-0.216749500011025,0.244131785939562,0.750975155407492,0.115043866704634,0.759237934483811,0.0977035083960548,0.605729005590119,0.145033467270544,0.671635462043604,0.149456197800506,0.684026643855454,0.176002752308292
0.800890527935671,0.114909921311479,0.668893248763594,0.155221948090139,0.467344805331364,0.232479715394752,1,-0.35323406795472,0.250856755003693,0.729122288664284,0.091618605288006,0.73022818203647,0.0922761360620917,0.517665831794095,0.123322475429757,0.518628516928562,0.151868371611284,0.522136607013632,0.208709189487267
1.12259482972784,0.143583694296858,0.823280589718942,0.166004248782224,0.524661390977994,0.196618697454801,1,0.491569443058463,0.32987468006979,0.730502604221978,0.114988857065243,0.712142676751524,0.0987670225216214,0.507183544079997,0.114053836476765,0.747794281827287,0.118342102963983,0.605355538014273,0.138634400611284
1.16477934919843,0.146107703296026,0.980350722813508,0.217979911125852,0.241594073792931,0.224432405578684,1,0.276531760666615,0.336600371401559,0.740048498573432,0.111915734778517,0.712611195499534,0.113754759465113,0.716873971497157,0.110925422964635,0.793844717318401,0.13741582877941,0.591542956069499,0.158999121841948
1.03508172550584,0.134540198555882,0.966402598823717,0.201349976210097,0.39897030153225,0.193954824743796,1,-0.0639571035924982,0.260497528536101,0.651791258561952,0.110056586676746,0.779001139585797,0.100348628958674,0.771015884606578,0.102005040183007,0.637253331891138,0.128528017742787,0.387891872235391,0.188173169340091
1.20554629392416,0.12288297081766,0.728469299730342,0.159862568763817,0.415178518911869,0.206346229266848,1,0.723338359286597,0.263964868746249,0.520759122629467,0.109423299354644,0.500096490087597,0.104315444845598,0.469078394162036,0.11771527028682,0.669721260584934,0.14254269650844,0.671131783407644,0.148886735241092
1.32515945191421,0.171539998971059,1.43092196212219,0.328801927123213,0.138935230813738,0.197933540492002,1,-0.0359201424198455,0.336319013576959,1.05088221486543,0.119947660128418,0.914934961420426,0.0924314219093379,0.955918495115961,0.111443869151777,0.554945932877811,0.157584471815294,0.681042520996298,0.231154390336496
1.19412151055495,0.147585517049181,0.751125378589933,0.205749622894277,0.552427625684902,0.275020040703371,1,0.801022746416909,0.344624265484408,0.614466445380335,0.10995613647664,0.664735299404447,0.106110540328866,0.638125539304529,0.119170913536295,0.678447947152283,0.152268032209215,0.561397930619524,0.193242525347612
1.01550704663324,0.156021007405992,1.64474922689711,0.376940242784812,0.271473635910354,0.218846305405491,1,0.50675400917457,0.272631221654504,0.591200817364909,0.111403308524674,0.617037944444204,0.108558650660943,0.67970461826871,0.122439336450994,0.771925859541046,0.137363818635871,0.547296890936365,0.193899678344602
1.22113036867625,0.13388588014789,1.00842144012258,0.221443637862873,0.395430084448623,0.223124018036036,1,0.506646583374954,0.247092598955855,0.708376704871144,0.106525173449387,0.607373107988965,0.116818533039902,0.937112999680518,0.104214809252086,0.703486535937682,0.135761939541177,0.637896715919319,0.163525748505139
1.20150525222883,0.139215459545983,0.949058755756331,0.217296769154417,0.661084749997483,0.20241431474057,1,0.406171886969983,0.333081776300435,0.630001030057506,0.128707799918868,0.832606096943341,0.104015152888269,0.723202926344893,0.129226262982875,0.721552952978326,0.141836977641751,0.870746311212672,0.119558266944068
1.41425016834362,0.143763854490985,1.07413950918095,0.213910681991949,0.281141281122436,0.191084390962068,1,0.483837285140533,0.290154135191507,0.682906294447166,0.11583047015304,0.71729857802414,0.120675440611389,0.767699206120789,0.0961889939341823,0.67295736900438,0.128766449280523,0.886964167476037,0.177847983313777
1.11256598644062,0.157243394711718,1.13949670399659,0.247538249471462,0.238726241204113,0.228148070043145,1,-0.169666145293793,0.26863580804693,0.792413646097323,0.0933468428998755,0.597239332841625,0.12300010261761,0.8787491998712,0.112697331934986,0.636514100713094,0.167998431286104,0.513974325224408,0.196998166259839
1.01730961761526,0.1379902567881,1.06529089865325,0.22063064424841,0.0996184222872938,0.163629376441217,1,-0.17755018983126,0.264568236509075,0.694799423991232,0.103726087666077,0.785606432136977,0.124906965589714,0.83045678645179,0.110537723965321,0.69694557531764,0.133916558017937,0.656664971483958,0.166551897754424
1.17096386775915,0.152634081800614,1.24437243507269,0.288175986914506,0.0763958897238337,0.198169629210851,1,0.356398818621872,0.255924993019074,0.758345015505233,0.0979023061674437,0.843660617693418,0.103914604197659,0.710973350911169,0.122831495638272,0.679655264024558,0.17039064248055,0.741493851453629,0.208964284862391
1.08042820122453,0.15896694983486,1.42763733372917,0.324673882961156,0.323747850585687,0.235684657725738,1,0.653540256943462,0.28932246135248,0.621836857404724,0.106685381974012,0.627448864945671,0.125133307516136,0.820174110774728,0.117216553790577,0.786424967387136,0.165097752113204,0.462235996102331,0.22703702759782
0.989413601896315,0.145976884551314,1.00682380679697,0.223841949107009,0.251570035176487,0.235197713082455,1,-0.107733875035999,0.336713091730254,0.637471684727362,0.125834203383148,0.533515363386442,0.119925846421378,0.73325281224982,0.107211778224036,0.533451783259651,0.1458921232666,0.901959656796413,0.137230777830482
1.26707446315876,0.142289494365194,0.856552829391152,0.200757092243076,0.599033978261835,0.207098661158008,1,0.115491701707797,0.301889210026801,0.773837310498225,0.103814359133598,0.619185687011802,0.110007639364142,0.607033221885778,0.131375113506807,0.717234766236153,0.139223014310945,0.767987878092197,0.126441151174965
0.756310008023553,0.128771157896754,0.858962456809245,0.195444184980901,0.141476935031017,0.173268578401879,1,-0.225912356698778,0.267078608314955,0.613436346933361,0.108024865478416,0.793824696501238,0.100518984128026,0.513578050246719,0.12864363703314,0.595132898410237,0.138375104546581,0.584364769039478,0.158900085879703
1.06766395649892,0.133194834172873,0.757866305879794,0.169830474812478,0.204917712885112,0.168206334824048,1,-0.30578414372523,0.306472805779834,0.898963095910648,0.0989220087510178,0.558701616309467,0.0941299760686311,0.582875994802583,0.127604800183951,0.611351152579204,0.126545901913234,0.875373900079275,0.142080869254223
0.915071739422,0.132486532128175,0.906340276908747,0.213405956847367,0.436680393143485,0.206238002554028,1,-0.0741593391441741,0.284055716406898,0.626667832971847,0.0955689546265889,0.844204636257825,0.0987690307908494,0.435513098573785,0.147326574871188,0.42405479571032,0.170870292916143,0.521341607898533,0.206911150181074
1.0136093358936,0.137317217201816,1.05930643518977,0.234627582730424,0.402765565063534,0.249720569201978,1,-0.165071909765485,0.27496813425523,0.625242346071229,0.107169585329117,0.856816307465809,0.0872928900338616,0.437279321296407,0.143421004928569,0.700046835129061,0.136856866136423,0.898745753403961,0.155603718604585
1.089308030568,0.126247416190582,0.771734709788142,0.212782077009916,0.823580751331389,0.0700369123203735,1,-0.14629356514762,0.316721269906456,0.834830547860221,0.0981590379114448,0.749842023285466,0.0900877809728837,0.549972571101019,0.121945151156339,0.664568785335178,0.142116140454699,0.404683495023941,0.205761534656292
0.811967638925931,0.148898427152521,1.37522252839773,0.326270264254335,0.125231338911416,0.212879833922119,1,-0.295900069786032,0.261876438408987,0.728699103902947,0.108397391748261,0.828191683582533,0.104944116075544,0.555596630261198,0.135003346136496,0.746396962087104,0.151333233779122,0.738196910945258,0.179600079219392
0.862660458311691,0.140527721730108,1.09421577604129,0.266366361975422,0.300895324615332,0.218455376632143,1,0.230506018464195,0.282952558258271,0.435517343004717,0.126813025462223,0.814361530776911,0.107647477987222,0.599499602921918,0.114137935881646,0.706376214480772,0.144901664782176,0.540333020902946,0.219426813277567
1.06577598081453,0.130731846406697,0.826846118423195,0.179681330839504,0.352175704963427,0.262632546142968,1,-0.158630115272041,0.281925912737742,0.649009893320034,0.105602625560046,0.714429594985542,0.0968628738491852,0.805857999902987,0.104706753865772,0.767575555417725,0.150173876079281,0.396397564766654,0.20381868207838
1.02077065698682,0.144112752836916,1.00502881655024,0.218292016677157,0.251057252937506,0.240730894244386,1,0.299577584763435,0.349920259970953,0.518283892469795,0.132683364798439,0.749577869580172,0.108366505323662,0.842046510007442,0.122823598401166,0.412267586361956,0.165039841996195,0.657721337550298,0.148486046752614
0.959322888683267,0.133935872024891,1.12618042154277,0.245144924387232,0.48716957599064,0.226012778957661,1,0.279463450352918,0.273689509047031,0.558846967846289,0.123547525023986,0.764580985524501,0.10671288455271,0.635946067716061,0.115163797526549,0.792950640688227,0.125906139361414,0.913677273296407,0.147164080326112
0.80194380709316,0.140823750743584,1.15761185090085,0.261357544382484,0.633437175394941,0.182737629217203,1,-0.230857662859239,0.320665119814718,0.653027841648038,0.105046975670991,0.539514277111295,0.117503185247618,0.781139391678399,0.10867012685879,0.731002685500493,0.126236112931134,0.444765709016914,0.184191506001587
1.14638368712499,0.166270582530631,1.74041281192683,0.381879508034427,0.12520961526879,0.246246378129306,1,0.0769323146273676,0.266120889659625,0.839534044244403,0.105445795959711,0.606366771875865,0.125225113976281,0.80065932693297,0.14642122766871,0.626857434551621,0.153850327294808,1.03912757002993,0.143074719614871
0.99497453503893,0.117407906456304,0.772299658595841,0.173761658415121,0.463499772094296,0.172829800320342,1,-0.00196488959601912,0.24178560692308,0.58032248945011,0.118269099901069,0.858793833314381,0.0869737400777116,0.615870196041421,0.107650612378934,0.703229409268705,0.13679296251137,0.786591601855951,0.227426082041517
1.11170449567525,0.149617064168671,1.21402267234647,0.267358800349494,-0.091011532118741,0.185511455744838,1,0.475243067693847,0.249939958449994,0.743083208660795,0.0937408310066244,0.748555629072211,0.126434619533777,0.855107336227962,0.125752862071724,0.807748079579683,0.177662263827443,0.822732953862463,0.179211514871869
1.0006921653099,0.141402918656089,1.01465605567768,0.223055380987567,0.276236651240375,0.226111576974862,1,-0.0443448722086596,0.309149257172686,0.86352605191647,0.087486996433042,0.626609187856318,0.12338671801327,0.754340444147079,0.123671036242362,0.857719210622326,0.134671969584751,0.534622154843594,0.180641773850984
0.940488819215289,0.12959034303961,0.742091012682188,0.158515681874958,0.023337104861778,0.160669982320529,1,0.0524055209903597,0.277174247322555,0.69742568579781,0.10341116768634,0.789427581433832,0.0961971094895816,0.737763956341913,0.108906428162968,0.809673972892318,0.134202627156546,0.652429443671234,0.192177420612585
1.15053403416183,0.160901138863141,1.44558524784356,0.281003863499363,0.163449669464166,0.188492902123448,1,-0.00732244075781962,0.326000230043597,0.800955081882786,0.109507395343788,0.853896171184982,0.10898801902459,0.656859514095063,0.131597894562548,0.732186617509187,0.125322057418277,0.819477316910026,0.133368462117063
0.930037389926552,0.128731484868238,0.89729265989431,0.190051909294223,0.543560254905636,0.186562870938952,1,-0.119511793300163,0.2921080771324,0.688720567266494,0.120841434490743,0.78015185719802,0.10525069305564,0.720513547827346,0.115369876259871,0.874813646677385,0.129195226976206,0.372863774116726,0.214012813145721
0.998574932536505,0.147106385641639,1.01885826945765,0.242002595090372,0.464247819444737,0.238333178470419,1,-0.0522560596940496,0.280759579465292,0.701956887903952,0.0948872750465129,0.686396361297837,0.100897238431927,0.596601833918588,0.127907958217922,0.892209481136895,0.143752816590479,0.772970381637543,0.195365173347028
0.839309522529867,0.141259194530224,1.24430296602456,0.290887047621692,0.50397039488107,0.183121137785115,1,-0.217013936680376,0.271962806083802,0.773904878809935,0.0953830854414715,0.648292908314736,0.122368249619856,0.633748066235229,0.121235374183406,0.701107504389843,0.154458663920776,0.687690238730122,0.152141838878321
1.06943027047818,0.12898133602057,0.875808770026793,0.205604277106769,0.349567924854077,0.227342808136029,1,0.518083873085438,0.295645193405344,0.512736953508549,0.119557190681912,0.726728964246011,0.134009043666707,0.477680983200306,0.166970682715438,0.659553941932898,0.116377358712541,0.833898237244041,0.129247561774689
0.717340093283611,0.135113189159997,1.05756150552088,0.240131301322083,0.294140275760517,0.223321629790275,1,-0.182892455412747,0.24831506392975,0.652366789802382,0.0964497747184145,0.678485882327447,0.109129926332272,0.744030423722443,0.125915226165414,0.71089398610323,0.158135466290192,0.679689860740357,0.221197363949855
0.695584383059809,0.115036600497492,0.716242249638642,0.142418904366864,0.251507630858275,0.151743401981909,1,-0.34641591310266,0.247915058508128,0.64095800318895,0.09501344686621,0.495229428819567,0.108724179336723,0.845554114359036,0.0945176897653654,0.698580234112096,0.148013114752998,0.566185312315616,0.19596208587859
1.09091388070152,0.127395310207191,0.920328242265537,0.205340058586466,0.709929766878724,0.116016942473185,1,0.0177339354842112,0.309352911091554,0.717007133812425,0.0948942706927116,0.579401467126543,0.105205451871831,0.834576079071788,0.0944234131617904,0.639586325278502,0.147904449325777,0.910261306021158,0.184191458593729
1.06644567074852,0.130629027693083,0.852200710136802,0.169750598713252,0.181615482232317,0.200658803391693,1,0.119804039791208,0.275963964772885,0.720975420389436,0.103740809875468,0.67234994258315,0.0987933739692745,0.849813225173285,0.104512551760595,0.73914034032786,0.157823740152576,0.555650823934529,0.196504992690702
1.19395316743621,0.14755081052114,0.928180063326101,0.196844698575935,0.504963785546497,0.201689609127575,1,-0.327497547550778,0.273352268946285,0.83628979141314,0.104626477583871,0.464097890796042,0.132110715140328,0.879154478952707,0.111491443322994,0.381967241544468,0.147930730796138,0.805136112818481,0.109958370108763
1.04179237111302,0.134635820616318,1.02016114270855,0.200299310140515,0.243835136480251,0.202978570366685,1,0.281604560412383,0.241171104301358,0.591892880132331,0.101366719967364,0.79830553194215,0.10433728358266,0.617745050301516,0.125709355201476,0.593141386496125,0.141214033194628,0.761591447358669,0.155232725418414
0.977038787950638,0.157472901728602,1.2341028421996,0.280219197195279,0.443009753178834,0.27352272286362,1,0.0667927754782191,0.318914582089723,0.705027934280022,0.0999742303346072,0.74922165465362,0.10526496917583,0.765849276568421,0.15235333967877,0.959138501327126,0.160557287728825,0.286491822395188,0.251729055653777
0.914488213525915,0.135423888908773,0.984728117700321,0.210995757831773,0.0771510968652249,0.194856316701945,1,-0.362181009986045,0.264069513903918,0.691046401564827,0.106791605639285,0.758592606932257,0.114618741812072,0.767626560356783,0.109392293491219,0.683687405665521,0.146955299541876,0.668752480095935,0.182372233662675
0.973098434299541,0.137347522263135,1.05620525413275,0.237379660324833,0.672234676334489,0.177252824119278,1,-0.0948714251476125,0.294910607683043,0.657096864631471,0.116470031961265,0.721387377937516,0.0982560876059794,0.762422552327182,0.122974396842556,0.670239898886613,0.136144432291055,0.720763260360312,0.142338541789257
0.886689277055134,0.127075296991103,0.864636988148782,0.198986256493561,0.332892010277048,0.277535226948758,1,-0.447392257210759,0.289502236022899,0.771462489680594,0.102196470606796,0.594933872042544,0.120164143508184,0.454163549858402,0.138199517982897,0.811190397653031,0.113226542353735,0.390908693156811,0.199378068731018
0.801822001472133,0.130647942602715,0.85905905969693,0.204543577830451,0.387713455799954,0.214909608786622,1,-0.0609816847969334,0.267400767907565,0.440357917488612,0.125765098513038,0.516673317203394,0.125864718254147,0.629037970584158,0.110953994593382,0.628595141032161,0.116602207281604,0.581507043581701,0.159395805677358
1.2173281249314,0.138637564094277,0.793079291968308,0.157158992791535,0.356930731921125,0.195350433280047,1,0.0716720474314177,0.285033577937084,0.608370803341312,0.121327569176432,0.72509178184715,0.0947457296884631,0.682890490092893,0.111430173831574,0.345274267783473,0.145947259496272,1.03486203273484,0.13162369042227
0.979524168699143,0.1411442283012,1.00704608861819,0.223342985048575,0.372031507272992,0.216682492273135,1,0.0144217397395324,0.280282442095064,0.819489585823573,0.0936862941836744,0.702532284883884,0.10636942536477,0.639234993852997,0.11427889684546,0.721971863385961,0.170078858183542,0.73137784638157,0.181402488231676
0.933714395238796,0.114915618641894,0.690994269617253,0.152085752481316,0.376987178452038,0.224032093846244,1,-0.152866349499115,0.237897458071468,0.610473310322186,0.102658075457041,0.721086062520215,0.1027644750765,0.596634559252667,0.126192684910877,0.306339045508417,0.175245348530265,0.175873335357149,0.183863851759381
0.955714007152506,0.134042030504306,0.949931870464794,0.20604172448435,0.0495724788436292,0.210774978258249,1,0.0495262654276621,0.256592148038151,0.736287141683608,0.094045526527148,0.672261946970928,0.118635341064977,0.581780456114978,0.12133977182619,0.582820789464232,0.158822858084029,0.806573813936513,0.178969966262946
0.922566367271056,0.149886491168837,1.26553589319368,0.255960174325239,0.369938523342242,0.282020079974503,1,0.220369295639554,0.246842761341984,0.73953483990873,0.0958899687281536,0.716775258079244,0.11624075283221,0.574643945185923,0.151866267575348,0.650299200971202,0.178856655732357,0.86999406539539,0.149461137061957
1.03756569167113,0.135104205420484,1.14392640534677,0.245250138920233,0.393381781401753,0.224358437818153,1,0.0584717525776789,0.295815993850001,0.571832140794258,0.119050823671367,0.798137822667142,0.110277694297052,0.603878217509868,0.130011916730106,0.759087559039744,0.114620788553352,0.827958955369226,0.179424847598287
1.14246311458764,0.154093949723155,1.26496144665186,0.266896980779884,-0.000674338269777015,0.190359555212206,1,0.292151681505383,0.267774643684403,0.746178534305138,0.104721656916817,0.795257460085763,0.109391497815459,0.680994518410275,0.127395132476887,1.01303979111602,0.114224378538926,0.731139697665641,0.192025970952319
0.937302799197479,0.123995782238403,0.786234008308031,0.162336865872604,0.30478233954918,0.220075452658445,1,-0.361855103059218,0.279193821424927,0.788356999596192,0.107064945275465,0.714646789987175,0.0928996400606611,0.80547850763066,0.114007496026962,0.695062953591724,0.148492867308338,0.797349798829853,0.15860016835567
1.21280910528189,0.150947996528743,1.31393524763135,0.256516852765524,-0.0199038360622922,0.151544851690381,1,-0.00797517997748124,0.260943940138842,0.695982954992265,0.148056608718409,0.82320224802449,0.102598029753776,0.816274150519091,0.109494712294572,1.04560160339071,0.0908539258429094,1.00643991668046,0.1300238225545
1.07839171798481,0.154742611252286,1.3392067959811,0.27014249971867,0.0439557305658446,0.194324403628241,1,-0.438249546396508,0.290371012220066,0.75990968533996,0.131788618690256,0.969099981327138,0.092941525953995,0.877677772038849,0.0972070015211916,0.894598483801355,0.137240050202035,0.791012106498425,0.17156188323585
1.01107497177177,0.134534074873012,0.898099627727865,0.177519108751983,-0.0863542795358919,0.152718731533935,1,-0.203454935984699,0.261664295717498,0.69181518446353,0.0932074133002174,0.60585719771396,0.108416877818282,0.823058518454791,0.109442969698309,0.595293485324614,0.126592894409345,0.909501142256822,0.176552962366578
1.18664946868555,0.152095538484013,1.20566692298523,0.265699049934003,0.565640206683735,0.168343575009713,1,0.530594178659396,0.264312694472328,0.746060429347698,0.0944452660509015,0.621343541282422,0.123286455242536,0.911443293493646,0.131355022215192,0.797434254206765,0.125800931186455,0.649250320221449,0.188395925951613
1.03645581406603,0.134562851658513,0.856112604511416,0.184334654935443,0.361808696605152,0.216924042096303,1,0.0884610923169143,0.264255855367371,0.850454389332872,0.0913305923253848,0.44925239126401,0.121022608635016,0.69846716784654,0.118807321297461,0.608355305999252,0.137512368412653,0.309397635717734,0.225973227170455
1.09263859826484,0.138368876785833,1.13695988834015,0.264208149555117,0.75371264774451,0.10289908865389,1,-0.356328070769052,0.284701283302871,0.890444376287113,0.0850072480991618,0.735734964986233,0.108654511401496,0.751594077771843,0.104021614942818,0.719456099507963,0.156937384067891,1.039535810023,0.115031170366726
1.03845204389387,0.125560455813979,0.781261952674333,0.162987501634416,0.454838725265788,0.188527275648592,1,0.0869378742690866,0.303286647230421,0.49350319282524,0.110311068739202,0.818708378802255,0.0875210479748396,0.377661750096683,0.143773050930169,0.674921113607512,0.12725751013827,0.569057138608967,0.150745101320093
0.937882216047005,0.140937871017389,1.19555224217094,0.269573299982841,0.189152253899059,0.206008816328662,1,0.140555959670543,0.23263630295377,0.688143191295034,0.108211532556441,0.720433034049203,0.118475708439752,0.81272198730131,0.114111610991208,0.684312881155268,0.162177065225907,0.418971170386411,0.217623248407351
1.0490139967131,0.143826127626001,0.935532953036049,0.195778402453898,0.340270335857351,0.275736764399932,1,-0.238434137920837,0.278254544571619,0.735728884101992,0.0944934348848683,0.908631282255982,0.0928147747225409,0.63557812446038,0.129319905853445,0.542722811886326,0.143302299466254,0.873106526335678,0.180984128592117
0.94114716850641,0.121813822406224,0.867191912394703,0.183174266256828,0.237863470523113,0.184432372106597,1,-0.123790929018634,0.247769619378592,0.730920180021473,0.101437142378604,0.612790666284314,0.107835864102902,0.715688678212367,0.112103866515743,0.720744287031675,0.122208913642509,0.32193148666943,0.210149895545708
1.1449783514168,0.142511287475332,1.13484404090344,0.226684587167623,0.606886484431083,0.16683351330921,1,-0.543043779567248,0.293163831228017,0.653956066040901,0.109654972950527,0.968133995339851,0.0903164223007638,0.775868340680584,0.104764259914003,0.714573775493933,0.13400476249967,0.689325776090382,0.141980976919549
