"beta","beta_sd","omega","omega_sd","rho","rho_sd","conv_code","tau1","tau1_sd","tau2","tau2_sd","tau3","tau3_sd","tau4","tau4_sd","tau5","tau5_sd","tau6","tau6_sd"
0.361985470917007,0.0456388325409455,1.07459893151092,0.0867509662313451,0.623479232158601,0.0750985679359553,1,0.230833318989439,0.10387245414144,0.684948263205502,0.0385111942072997,0.692934974984191,0.04190934860737,0.77211542591718,0.0488350877944606,0.688119119809199,0.0581078184523528,0.65957096546436,0.0890969225710387
0.301256843450735,0.044262163201259,0.967447933337687,0.0810037466193867,0.540248988680405,0.0841004987360959,1,0.00623612155070692,0.106747296024862,0.688493458368364,0.037965657467359,0.669655350585203,0.0428269199722187,0.698539013880851,0.0494048081052526,0.7210797275807,0.0633644105926514,0.613102902116414,0.0857592884532003
0.321157945937105,0.0417645754922435,0.830259716126044,0.0671396475961072,0.631360108830111,0.0679181479413983,1,-0.0443347897864845,0.106654257814952,0.642816951802031,0.0360579306001673,0.698570576409603,0.0398963473819968,0.650923516527829,0.0507355326917476,0.689965864729077,0.0608142583167722,0.520577265050243,0.0896611652763816
0.325086096726515,0.045861690897362,1.01088716718427,0.0835797537929755,0.626004298409318,0.0773636566700759,1,0.0557321645842213,0.110598870361239,0.698542931574207,0.0361570098859439,0.619264542056916,0.042213010302111,0.7137335291498,0.0505175585962333,0.755505269906338,0.0673961089853186,0.745659493049511,0.0831243274745151
0.224425540029983,0.043883867731811,1.01882967762082,0.0818941496335858,0.597289020512674,0.0721078864552951,1,-0.222536631959965,0.104877228004507,0.693393982826109,0.036210602418491,0.677993136301965,0.042197359027346,0.673935436706705,0.0514934830752018,0.718506051302834,0.0684063475136473,0.571495706970964,0.0928761785577386
0.326401662240628,0.0464165681598645,1.11435618251504,0.0928169575798145,0.584612380330167,0.0911971100977431,1,-0.075800628825928,0.106843151263435,0.700806139846721,0.0375281388741472,0.716602103635126,0.0426084088577497,0.676942984202675,0.0577694078433811,0.734051681429391,0.0585006747513748,0.590034344907917,0.0858510978785778
0.30658659896282,0.0444670448231674,0.915325766337169,0.0764788495431034,0.636044376344656,0.0697006230970905,1,0.00261865924360828,0.108967065166721,0.618428952631855,0.0374735563317537,0.68041833606121,0.0411128337585354,0.69190306631847,0.0500106166978429,0.704927864724613,0.0705372449865062,0.599295063848951,0.0953037323004934
0.299666930611674,0.0474714732703165,1.17015463790816,0.0992313356579298,0.593068208949263,0.0844141538151107,1,-0.00313805233674627,0.106175375818217,0.722421791959533,0.0366036176615171,0.774083851171736,0.0418724984391849,0.681521044523704,0.0569409234238091,0.654629196553602,0.0692613622138699,0.718052349415973,0.0867976079316879
0.326254920312551,0.0425686116600056,0.899396618440618,0.0753673081844907,0.581402608477458,0.0740525431398413,1,0.0638303422105592,0.105031576607338,0.664236138062967,0.0358494560117642,0.723162777543451,0.0425034596315811,0.597757528429829,0.0544456303906802,0.687617177353633,0.0628731011439228,0.721264940848857,0.0802333536745157
0.357965882835175,0.0441978915845029,0.996727317976707,0.0846422252654272,0.56883890441377,0.0817539364806059,1,0.15596407876031,0.102081161984654,0.637901685269658,0.0380963567801144,0.744835719919865,0.0417637883298566,0.575131747355061,0.0544579889830701,0.647585170410302,0.0640768319830281,0.717663780647759,0.0754826622463794
0.241614641627722,0.0433416395721015,0.945454669230593,0.0798247122550573,0.590445467500885,0.073679388309392,1,-0.179074768074211,0.10423332754568,0.694403032419097,0.0332591563954749,0.610598770050006,0.0440867197468586,0.682706631361861,0.0513879989739695,0.575213700814116,0.0724063349294713,0.562025476223594,0.0899818272107993
0.321937730886705,0.0450548626881419,1.04243438820947,0.0866390672150447,0.626102495612166,0.0731702260937687,1,-0.0768924824834543,0.108454130316736,0.751163413533319,0.0364662880402869,0.70144841504896,0.0430854575587978,0.668877845619586,0.0530551376166219,0.818418541365729,0.0577857193570226,0.745516967827764,0.0851341154632975
0.363064288630346,0.0455833111008024,1.05633636356905,0.0866369901401236,0.582961779290408,0.0827656864519797,1,0.0727729182176273,0.103086413697601,0.725615015897686,0.0356683587668952,0.71696293158523,0.0446459933632619,0.719193704360209,0.0515826469848117,0.69459082581418,0.062861274844308,0.836098056539198,0.0887865073373597
0.333354645031344,0.0424763121188381,0.963207133554446,0.0776738565878921,0.522419298317573,0.0739198195052539,1,0.051637119372503,0.0980176924917934,0.661860029290289,0.0356393020452044,0.654937821197782,0.0417711483092587,0.742360762421583,0.0537058081479905,0.75504457464878,0.063176523572384,0.598588786429245,0.0881963532436171
0.258694140733468,0.0437707766998108,0.882121335554512,0.0744689011164489,0.69682788945013,0.046837586365173,1,-0.0103731773242515,0.110040281569941,0.731292908713375,0.0354133490021301,0.649800631941768,0.0408887992569925,0.708115431799919,0.0524778169299485,0.841150619461158,0.0661188186403493,0.450191128614847,0.105115975034914
0.282994929081365,0.0456651961723409,1.13940995781152,0.0947488059470042,0.560424948955441,0.0859527792585774,1,-0.256723734347614,0.103105934353272,0.711347344918799,0.0357624060313785,0.724176307429976,0.0402450439161501,0.777720739968071,0.0530778822315164,0.673981901925863,0.0710843615221447,0.664634298610702,0.0822684326866028
0.359413285834181,0.0440757076022503,0.899831689418128,0.078207276595106,0.573568619939686,0.0923580197830328,1,0.35775214101356,0.11073350560059,0.663455147034758,0.0373009917012821,0.575516822480451,0.0442032981363549,0.765989076530886,0.0511675421069709,0.699507046093235,0.0665264373212907,0.703101717170105,0.0849690620038798
0.348061622574921,0.0451468230324883,0.993786659065392,0.0822164133550792,0.589892089401842,0.0829333882898496,1,-0.0263625205989066,0.108270477550679,0.721802378025134,0.035850757691452,0.750220335292922,0.0401063295168632,0.724802781470443,0.0515554958542596,0.635857124651001,0.0748095784702147,0.582401668818402,0.0841497569772776
0.30320017327682,0.0418275885892375,0.795664214175662,0.0678238199852759,0.690659963881117,0.052318306592088,1,0.158377592496162,0.108974644749188,0.704271622368177,0.0370985814201034,0.629637468825582,0.0420006095850659,0.681953890759643,0.0520040993495585,0.637177027423729,0.0733106247343915,0.682992350329578,0.0825538904935229
0.330118034738708,0.0433920310477367,0.895125505844096,0.0734469079834636,0.637881572310822,0.0647796542907616,1,0.210871364042921,0.107588426757668,0.646753638179315,0.0353008151123733,0.61245180678241,0.0435121633962231,0.659918271775014,0.0518523352098817,0.775608756594747,0.0660728156833064,0.700569773148168,0.09343725359525
0.335126419682475,0.0458861321672957,1.08409722211657,0.0910051296914362,0.55322147335743,0.0887697246541853,1,-0.0258796026366313,0.103174884265842,0.638411474440621,0.0390795458171701,0.691121786173224,0.0417084478210843,0.734995293280783,0.0507115358320437,0.621719355185073,0.0680195031914079,0.716972264418433,0.0815269386795207
0.263032525389381,0.0447023633917754,0.949889716131041,0.0792681089465088,0.612004830229457,0.0757245666026043,1,0.0547900893172611,0.106150446648268,0.705738384358969,0.035657508830712,0.722895604457139,0.0404298647453002,0.718811910868846,0.0511106499217006,0.712828248796216,0.07034728562432,0.820141604256327,0.0906361576197676
0.336593090105602,0.0445228867337204,0.963423396959447,0.080578886557926,0.663153897232229,0.0611799323762662,1,0.0898895429456996,0.106979690509763,0.719398716379676,0.0376420173526689,0.656582016149492,0.045338282972216,0.680307196992922,0.0515101354066472,0.674668790119269,0.0548855998925882,0.771428178593522,0.07230933029763
0.276632273684809,0.0460255057091269,1.08395043507065,0.0925840736378829,0.430569895582634,0.107614109138425,1,-0.0114635178964355,0.103377557270858,0.730063848973099,0.0351923223140106,0.708662669905565,0.0447986156499289,0.66783089795917,0.0557481200748459,0.700659096955698,0.0771463978095094,0.650732053563773,0.0905449257765639
0.290780119702819,0.0468409151143959,1.10367528630644,0.0921613050987546,0.633072504069084,0.072207088367569,1,0.0538156435965958,0.108815100344329,0.681614692967766,0.0386114878519042,0.666763789549848,0.0420536099602924,0.860214882676281,0.0473721502581714,0.638361995674522,0.0679319618442604,0.761346051045118,0.0831396863311575
0.243166193018345,0.0454750038149851,1.07239567398114,0.0870841372726192,0.515906750076376,0.0905438614110657,1,-0.167102157715816,0.103668795742512,0.611750866287289,0.0383762502075863,0.702436276150303,0.0410225373019159,0.726874073283832,0.0484896702918693,0.628960017429773,0.0653395989914757,0.745961740820419,0.0938434067699373
0.297152012736223,0.0439081218782752,0.934101327863227,0.0812976107441579,0.594140645943068,0.085028260219533,1,0.18678725556406,0.106861074430456,0.634897572288481,0.0392070401498935,0.669903252167408,0.0425925435462985,0.663252634551053,0.0565022459887646,0.690620910250512,0.0636530017198889,0.735481862652531,0.0811606783825874
0.402984170137606,0.0432091597761112,0.824543365520747,0.0695683214516553,0.727500390972761,0.051290410069289,1,0.27755121234372,0.115479562392944,0.708167359363392,0.0376592879025251,0.649617161494309,0.0407815204829366,0.6763890688361,0.0493765503586391,0.709598981656275,0.06025050630183,0.692434208505781,0.0796531573781465
0.327275831134334,0.0430588329788765,0.892234052727059,0.0764182887860561,0.667780377700197,0.0636554142820012,1,-0.0439132330674591,0.105309393750291,0.724916631551569,0.0354110478067402,0.713990079816291,0.0374742078123499,0.593151719284716,0.0551422679415813,0.652836269437155,0.072801078425709,0.647020304634378,0.0884077741767356
0.219541875173964,0.0464963687710163,1.11075741984572,0.0892021368502823,0.539540186512853,0.0865107951546465,1,-0.086745986418207,0.10113783834295,0.684564351015654,0.036685974296566,0.789186331863008,0.0433319905190426,0.648957402225716,0.0560735258068424,0.758562401613567,0.0577538137309329,0.779109392007311,0.0887905061281695
0.244629722012563,0.0430851359915877,0.931376128222347,0.0800811115170386,0.637720606884438,0.070916182027227,1,0.0110606841030323,0.102608231030665,0.66049102181269,0.035341777026927,0.648806719271546,0.0417544001916479,0.676597963246536,0.0573979707578808,0.65990394255279,0.0680870337668126,0.672183398484597,0.0863191052777497
0.306730741001474,0.045184492376042,1.06775116581482,0.087009904710785,0.566948646878181,0.0829575979798096,1,-0.00486514364264965,0.102232463666924,0.737189985979569,0.0351374409458429,0.643795078318828,0.045628424378997,0.737871046932456,0.0508256192884875,0.689096797978879,0.0693550769281659,0.776504321248492,0.0784434013918932
0.404262589907309,0.0432362560946869,0.877555451234616,0.0737585294247547,0.66792931790855,0.0598245439086427,1,0.19682612363375,0.105584979995785,0.668698376762979,0.0368885631277846,0.708672854379109,0.0396355939082269,0.65046090048601,0.0540345197957343,0.701858043913523,0.0626222058385382,0.736359867770036,0.0818949353805218
0.26279315272248,0.0447714714942941,1.05167675367334,0.0859255917541316,0.521000478873409,0.0843905693235658,1,0.041163336470102,0.0999135729054478,0.671413375520091,0.0371344699949374,0.670126438823045,0.0417334746701426,0.686764218582081,0.0509743439772305,0.741516931826348,0.0666667227402871,0.581643696457698,0.0952735590813258
0.263992020842855,0.0443983648531091,0.986608962893679,0.0832483838477888,0.605511386187412,0.0792819735565059,1,-0.0275910442521198,0.104697913739916,0.654657860608268,0.0377193044650664,0.706006856086109,0.0417244620025967,0.630317453173725,0.0542654411344825,0.630664447997232,0.0656368809249087,0.707860741005251,0.0839211811325305
0.315110489678758,0.0461357662389107,1.07162990039302,0.0919334084529152,0.63322431576031,0.0754640350256435,1,0.155161837778714,0.107013953169736,0.697945353447822,0.0368778614457282,0.691709912651785,0.0454002260250749,0.756766575485966,0.0523382866882464,0.684716259624566,0.0657322612101651,0.819485438150923,0.0691998830109435
0.30396259354948,0.0434820165878519,1.03888046189644,0.0832885133447763,0.46026342810445,0.0964524024166384,1,-0.14477421047388,0.0972261694244503,0.673658921702141,0.0369528768564385,0.697454013975467,0.0422980741501489,0.622935384701393,0.0532299388974494,0.791563254003746,0.0541523702390487,0.621483440190161,0.0849113929579938
0.304545701250816,0.0432652935721157,0.949582939148997,0.077247250038491,0.575121460898678,0.0831653238325278,1,-0.0693165428439004,0.103137810128311,0.698574519332966,0.0363750507006378,0.710629730412227,0.0394491487194795,0.59285728313086,0.0572368483461876,0.617187186308974,0.0642956881122266,0.633930909909223,0.08576276186771
0.407109934470832,0.0428180379771699,0.893342701393041,0.0761124954531303,0.688702335690917,0.0523132790703609,1,0.13361612832176,0.106521672560527,0.672738940342429,0.0381177046289975,0.64013112829477,0.0410395540260881,0.684396145710033,0.0520308125127142,0.761589191067954,0.0633038680880207,0.750783631465036,0.0848077313993018
0.297029330333462,0.0412552343477133,0.874324863525364,0.0687714705398339,0.518366227955762,0.0732848812596716,1,-0.00302006916425225,0.100016292906291,0.671593860961297,0.0368684426830654,0.617769773904121,0.0420152239241607,0.593160115838908,0.0518303397422997,0.656238164555797,0.0617042225927626,0.61996896789416,0.0785253529214771
0.323534701640118,0.0436375505486002,0.87921969031455,0.0734142087518723,0.709117653424517,0.0524624777271406,1,0.185347221546094,0.112220362027186,0.664048634830285,0.035903265000387,0.612632982113879,0.0445531982663715,0.647065189755011,0.0532510288833956,0.724933815974988,0.0648368964284486,0.677054114190823,0.0933762126929203
0.227353160002332,0.0445640047382636,1.01158616316652,0.0866771851755662,0.6588702281499,0.0599044979425206,1,-0.11004258425999,0.108216781533176,0.696087162194364,0.0404329820264267,0.754563806280981,0.0408756553044837,0.629753047305188,0.0582545620975991,0.706442413873459,0.0637861166748171,0.672036073327817,0.0837379772715911
0.435827169290526,0.0447533457129159,0.981025667627956,0.0846449579021331,0.731619952086196,0.0508544783779339,1,0.381894137128207,0.113521270183924,0.648330317723383,0.0374170393521237,0.805682486807054,0.0396138532840666,0.620822894290371,0.0579218166654608,0.819118837722815,0.0652916821083453,0.658926083724553,0.0780910008407714
0.238430341641819,0.043384933879964,0.909250209350223,0.0748972775186176,0.560187668324941,0.0811004520450766,1,-0.0105521619777599,0.102841597034745,0.647691936634843,0.035734117768362,0.681796953262167,0.0408153300967727,0.59624621893751,0.0588826914023063,0.754722510191325,0.0691982402611184,0.623762856012328,0.0901500181069958
0.285662277598129,0.0440461897287179,1.00790864840115,0.0827462753983172,0.524041114510046,0.0908211743027322,1,-0.117264199604472,0.0984124026837585,0.698019161621351,0.0353370395762757,0.681863893689328,0.0415980829850511,0.654327908030356,0.0565721293653463,0.618238487723842,0.0670298554155406,0.796009083447862,0.0813852111967737
0.384005364657654,0.0431106566067966,0.953074049520849,0.0800790796124756,0.596083816234922,0.0784440963464383,1,0.119362405576268,0.10496704879883,0.677327064089829,0.0384277848171784,0.633975239129669,0.043195484322299,0.672300629910976,0.0515737251215245,0.718338313176763,0.0651841716533146,0.719809016571263,0.076197653539213
0.267464038025419,0.0448528361014291,0.951149855879197,0.0794395967703168,0.612892840021108,0.069435656820764,1,0.12223718397271,0.105549823362671,0.726542990641988,0.0363469815221708,0.605916197613199,0.0442035541493893,0.763898499286682,0.050720025121779,0.678942515850293,0.0703063263908605,0.752359292415137,0.0910302864849482
0.307817766599364,0.0462668043699361,1.06754233466245,0.0863841144365691,0.572095727906526,0.0792582133300473,1,-0.128176250099611,0.107367412694188,0.750862787626201,0.0364894121853255,0.683688709568432,0.0403231907296751,0.736215203067796,0.0524170959478633,0.708275456827639,0.0787619854975583,0.560994730692749,0.100596266764266
0.329899579755896,0.0440814867930837,0.931814237974327,0.0765852772078503,0.593759510368064,0.0704364672401499,1,0.17493657069971,0.104198968766275,0.665734739168073,0.0369871238491237,0.630346196274073,0.0419359639891445,0.645881181658922,0.0510938988716522,0.631156058921321,0.0668502084093874,0.768936211633409,0.0713947682739721
0.278363280766733,0.0475170512476884,1.12627397724137,0.094432925627467,0.610458052864372,0.0781547540644763,1,0.142660907161338,0.107633035238509,0.705507177545582,0.0359109757317001,0.739189067474913,0.0449722536786984,0.713524411348735,0.054511773203516,0.787835575144037,0.0607985041121131,0.609443889695488,0.0946473774051819
0.375192625127358,0.0458194016651837,0.967778692486727,0.0809836831797417,0.753140524341408,0.0478264130566552,1,0.245301755710741,0.121024921813307,0.675045944624768,0.0389037935281159,0.763452341283877,0.0413825582794678,0.735966828924163,0.0505676913600715,0.66909061035065,0.0638548162420148,0.666297818614021,0.0824978131062852
0.370668905287123,0.0441867900539576,0.977695014313581,0.0807005428975858,0.688877060182962,0.0601740489928143,1,0.125994316533541,0.108915775185365,0.620442896860011,0.0396146139222958,0.728863346346724,0.0395982713760339,0.679412912746833,0.0490530455097964,0.677638099369149,0.0595156392754169,0.637152253073226,0.081089921732638
0.282808467445087,0.0466775135318009,1.15484818993707,0.0995072393520328,0.504362587500611,0.0971474608483318,1,-0.0794647535695401,0.103116663488516,0.728721703757793,0.037584966205426,0.715736519448447,0.0450004486915835,0.725932596610847,0.0521819248406128,0.750129770602874,0.0601384900141827,0.749851835141931,0.0829089654310187
0.332759132890307,0.0452036199466239,1.08318751635413,0.0889700769916607,0.667443532631233,0.0643775677632387,1,0.00354122948184421,0.108852043680683,0.652918864788938,0.0379658216809799,0.743818534897772,0.0419640539706072,0.663065242780815,0.0513057819335871,0.796352184281819,0.0603950627927456,0.618255139954755,0.0799025023303859
0.367090977792947,0.0443084330772636,0.999704295714344,0.0806194522010144,0.630943851923917,0.073883711919519,1,0.103284525642682,0.102911052538396,0.666755953063517,0.0362708998443575,0.696149024635775,0.0408788610375006,0.750355364488148,0.0500184057881897,0.598601591691714,0.0725087146234846,0.697941414223578,0.0899861272064272
0.294832729441587,0.0463412646944478,1.07074509830606,0.0897582202767787,0.598576133761204,0.0790840843969779,1,-0.163423552173967,0.107604050214982,0.696975225755061,0.0354628672674697,0.780855011205623,0.0409405593558783,0.672500520395549,0.0550656730852131,0.779926617428375,0.0571756760121127,0.741359434130837,0.0835192826967675
0.329596234501471,0.0429956068985777,0.898610243639425,0.0753051910083578,0.523728925200519,0.0869311650316467,1,0.198653179185844,0.0994039785388758,0.69962319075304,0.036237835430209,0.681247409253494,0.0451802863712751,0.719468849150277,0.0525214184799829,0.766460946667164,0.0684619988320175,0.633519301334539,0.0968901666928571
0.29640749719083,0.0455511237976813,1.08006024992821,0.0879615337300222,0.515460045373961,0.0972934754390434,1,-0.0346407144894327,0.102940050209179,0.706182162039412,0.037306406873817,0.711863018023411,0.0422813455665004,0.77999716806154,0.0521538684525507,0.639531396285369,0.0690652229676197,0.72268735573927,0.094342362913472
0.314089840906132,0.0447476913397988,1.00204222387809,0.0856588060518025,0.67948053997433,0.0628338952094987,1,0.241960932398645,0.109977949674634,0.683535378626929,0.038496871462547,0.648781265712758,0.0429268639646108,0.695111561628424,0.0545728352697007,0.628414082197104,0.0717934304194603,0.901571074349932,0.0741641240093233
0.298217845264804,0.0452817779846997,0.911479606377154,0.0759521307707805,0.685890116358929,0.0620478111648396,1,0.0573111494104311,0.114641566578162,0.680009625812504,0.0371760527006183,0.682933843710579,0.0411440641151867,0.653407861120824,0.0548571956878135,0.699715036497934,0.0634589867026883,0.80763421638821,0.0867329224775067
0.298862676165956,0.0402530623440631,0.85678601509522,0.0721297620417785,0.495577106701372,0.0876863966674118,1,-0.103123522002457,0.0970605521080824,0.656984191350822,0.0348499030702218,0.651392483903115,0.0437009506555173,0.727974955028084,0.0520706916038664,0.637157805915239,0.0653340892500652,0.693910148777624,0.0851842421146671
0.265917971841699,0.044043477008142,0.956870015662669,0.0787758298167068,0.571470183526588,0.0862586755405287,1,-0.0609771597378705,0.107755723740566,0.671510417572803,0.0371550048299274,0.695438699124055,0.0398339965043325,0.738779491125537,0.0515718828888883,0.631968636071654,0.0733494340135043,0.7833915610738,0.0934689612462354
0.243098486036142,0.0436014860635077,0.979809613414636,0.0807068608071965,0.52817360470671,0.0874012312994455,1,-0.142404958095339,0.103146591960586,0.667068823236973,0.0368981822977956,0.678724607981652,0.04371638647704,0.686306856082684,0.0554883266945106,0.639202154059991,0.0626964092702464,0.796809707324168,0.071767715252403
0.282339434448308,0.0455526232139815,1.04276234398734,0.0866857419811976,0.575015588440449,0.0818127420039429,1,0.0949949877060807,0.10652212068104,0.67575218546911,0.0360480272271051,0.686057103540517,0.0416275271460301,0.656952711962925,0.0542190135867354,0.599184511163927,0.0774480203033588,0.814840753777551,0.0838755499839715
0.276242853943944,0.0431056720231221,0.952978280954414,0.0798178271849349,0.59567553007282,0.0743810438897593,1,-0.0378270624823089,0.102319292061588,0.699235173966844,0.0361701660421369,0.641808546456089,0.0428357543131308,0.68932889201317,0.0521305928532493,0.702517190176952,0.0653066056209371,0.711668826594918,0.0947866949199843
0.269402471404224,0.0445032899904632,1.02766935471889,0.0845549276136564,0.516730027991375,0.0866770329398625,1,-0.0422448599339751,0.10130531569451,0.663747245770285,0.0376963244114184,0.764405935381444,0.041010296529825,0.668946500057439,0.0509999509798742,0.787142435910605,0.0603907846277724,0.636507852083371,0.0758551184161156
0.303604145232386,0.0460569129599217,1.03182917586912,0.0872533022508367,0.567510425623911,0.0881418058388835,1,0.0531751664060644,0.106355782925079,0.658193571786322,0.0377069569119783,0.720372501965717,0.0410032865641876,0.696896154389963,0.0541333380685708,0.669587641509268,0.0670557427255386,0.878488579847911,0.0702349769522359
0.27509852432435,0.0425774956138597,0.875965766687119,0.0726050557135935,0.633468435062409,0.0634270109947476,1,-0.030936315160593,0.10211725465367,0.612530514852103,0.0347971719765531,0.653237403000296,0.040960035017134,0.747542778139805,0.053000211028755,0.623127063264075,0.0754714358070162,0.394902084247141,0.104290453228629
0.304709919768913,0.0460933952570328,1.14804822091244,0.0912217952397298,0.58858363652636,0.0780946641080858,1,-0.104018331704955,0.105690075348637,0.681225972799795,0.03666629147687,0.747962757757705,0.0416175035282375,0.709850531562498,0.052011759399914,0.750015929695844,0.0653643190713692,0.649996721758782,0.0828453474957102
0.270597788851843,0.0437936905058004,0.956949993798259,0.0814964908480397,0.59264656190172,0.0783724200937184,1,-0.0196334183318315,0.104758116551021,0.669099616214643,0.0373283654884753,0.718069977555124,0.0397196001630733,0.740094107631276,0.0524026908477696,0.698436037528845,0.0654853877620439,0.750969782076167,0.0894044193319921
0.264972821728963,0.043517562684499,1.00295339601198,0.0826976175009322,0.421394079261923,0.106075581834166,1,-0.212078207139135,0.101494271959552,0.767598196671137,0.0349419936227928,0.719630435559682,0.0453263472445232,0.691809358427073,0.0559862964701954,0.597839638122189,0.0691662962489885,0.808689494284921,0.0750853875128004
0.382265907087392,0.0447357282658679,1.01676347132491,0.0856880629913634,0.608571092101582,0.0763881338645036,1,0.14009049598339,0.108699006585988,0.658008445672906,0.0382861101964712,0.713400333035945,0.0413154566362489,0.732458771067456,0.0523714880925366,0.790596388029997,0.0622744448627121,0.727443171219108,0.0831834765224263
0.23768135887779,0.0461351174334436,0.984900258415959,0.0813820732294397,0.651394475520932,0.0725329246499607,1,-0.010067849873234,0.113132715675108,0.710687544439127,0.0368185007438542,0.684517151922686,0.042111994776675,0.672561459931022,0.0530130265895814,0.610450257992504,0.0641873607156359,0.695271623468472,0.077199427900229
0.291984711337363,0.0459639316418347,1.12667378290492,0.0914573195414789,0.625508942796408,0.066409647210518,1,-0.157745760891513,0.104873313360297,0.764524051437669,0.0365374472129683,0.741238810823488,0.0394382942206253,0.739126414386165,0.0515420494489814,0.677303672431397,0.0685762706111884,0.722311653124624,0.0765283323111203
0.350566854264824,0.0442259041165661,1.00490066026657,0.0827747316580824,0.589538777780797,0.0869097823391576,1,0.0925367042077182,0.104622562532287,0.719492430098325,0.0356171345351461,0.673291680937518,0.0398153470615689,0.67923909607047,0.0538741724483252,0.637199359846945,0.0702777581469866,0.731080184959591,0.084624402808675
0.345489855089128,0.0437198828311612,0.941032568659541,0.0771510240374093,0.613274156370659,0.0718942266354718,1,0.00839134648937909,0.107542860619398,0.734043759201387,0.0362649963647022,0.66468406429493,0.0424633126215166,0.69372864771905,0.0500840095015897,0.666301903739689,0.0621252798741926,0.8541328835132,0.0744096363845077
0.27805408674961,0.044206714632391,0.962654591183875,0.0823532687935188,0.577061959365693,0.0777725304962954,1,0.0155042811710704,0.106014130703765,0.684020442368932,0.0359741392362746,0.651310970352182,0.0448453588917761,0.603591140930441,0.0541920033168555,0.803825743801592,0.0602433988927397,0.697128508594618,0.0833235774778521
0.270511029424213,0.044513369131269,0.920958193600848,0.0786524313142345,0.677921289079489,0.0649871593102546,1,0.0632470988642124,0.112366384347605,0.67515422181525,0.0368856310399412,0.708846952192957,0.0416131119701675,0.648661005162177,0.0581780775931692,0.65708465725742,0.0665125200675257,0.615476881495883,0.0881470774695711
0.233071851077481,0.0430872884292514,0.988751745934187,0.0828400309745966,0.540784550098775,0.0894163478810883,1,-0.14463354963421,0.098676891216962,0.647428518094471,0.0358647295810049,0.745433764538401,0.0405460829872933,0.656458682728449,0.0554262514025362,0.629410566749809,0.0686458534251095,0.744976556229453,0.0872243740121422
0.224868064943021,0.045068337601196,0.953683800012148,0.0805668025430957,0.634153912900298,0.0647797531520393,1,-0.0138351389279247,0.10994499755296,0.667840733462297,0.0376878066372044,0.759929735551761,0.0393166576612466,0.608116449178099,0.0528264919868626,0.703604626310449,0.0696507683090358,0.680415825441954,0.0881087826332247
0.283488718065924,0.0429952635307572,0.951140813002935,0.0778209922872231,0.442690342202078,0.0918137175195379,1,-0.18325423340809,0.0987230064493813,0.691378986553724,0.0339982033460704,0.650332964689339,0.0417734637048858,0.647739326479548,0.0537560518990751,0.663604576748783,0.0689940069767453,0.637067902027928,0.0835652025517034
0.280366546821234,0.047201413311765,1.1923693233934,0.0964596847393673,0.530524112540409,0.088027869847264,1,-0.134639102110765,0.103127433764507,0.742706457480379,0.0348692853465481,0.738748825709991,0.0452010150798886,0.718541170312248,0.0592748737193999,0.741732989865388,0.0703830141395662,0.797489682426982,0.0804814406255371
0.30002094752753,0.0482588265527708,1.1891280892961,0.095991203307549,0.691534161193472,0.0587628957444726,1,0.087456422148555,0.111915888657633,0.768817289150675,0.0351806922041205,0.702403396555136,0.0450920075861891,0.730812951156036,0.0507387101745356,0.823341363022098,0.0596618684952773,0.660466949859581,0.086297643990263
0.307336692353066,0.0470764086313415,1.14513266194964,0.0971281928502162,0.610466928916549,0.0703386005440216,1,0.0318343561847334,0.10795666886647,0.720240448846134,0.0368718636950665,0.683905787429137,0.0448225431455547,0.749352579697526,0.0531787988759617,0.668217668727048,0.0637647544625201,0.582892451604084,0.0813922767547494
0.309644139079211,0.0414453734446669,0.861469633397962,0.0711673891211655,0.551922586304254,0.0836595972324914,1,-0.0415467532655851,0.101908039439494,0.626317584352539,0.0372665737725937,0.740105944750506,0.0414344967239986,0.620738075544355,0.0557094313036379,0.744653491640547,0.0622325635024153,0.806605730729453,0.0756778705111091
0.30034375655546,0.0454195326029609,1.02153071667212,0.0860021251354638,0.673798150706226,0.0594195403137388,1,0.0655089851159936,0.111388293197401,0.707349402721471,0.0369056400256956,0.606799131990873,0.0430827137255786,0.802783358637834,0.0510857415644423,0.745410929683366,0.0684473634274942,0.603080449650638,0.083265219801623
0.256660469611004,0.0452684840441982,0.999924347754637,0.0827439655649299,0.603891069993691,0.0735005764161178,1,-0.100238566497728,0.107380066362813,0.712658524113366,0.0336545285729507,0.653388800401478,0.0422870977142326,0.702954812656543,0.0559686402526664,0.701454909337025,0.0782560263543158,0.795615086988209,0.0906324176408683
0.299925190139863,0.0450797546121145,1.0678032760613,0.0878154378906621,0.598426484588151,0.0804717370795956,1,-0.0452220230089453,0.104266449347734,0.736817252041181,0.0357383062038054,0.671824390542095,0.0417722564863287,0.698441805628164,0.0570188158361782,0.655714507565092,0.0698773956993558,0.781051895414981,0.0803798567206914
0.317981729708817,0.0450557347088481,1.04133143731089,0.0859974216036384,0.47405138036887,0.100713893964928,1,0.0555409689782986,0.101193756895321,0.621338741262407,0.0383213747097476,0.707687661974375,0.0436552273549587,0.696634727370037,0.0521616726028107,0.65908860227401,0.0668395744027311,0.766615503408388,0.0778339407962625
0.337091818350143,0.0471528715376542,1.05889157655007,0.0882511268922864,0.703772508080415,0.0615758176473266,1,0.0782891382511717,0.113007899005476,0.693232424046071,0.0384993874695045,0.759792494002702,0.0403720116695481,0.697942216313668,0.0519612923682493,0.689405970426889,0.0661510240983336,0.662681447519926,0.0892996455113657
0.353055262570639,0.0467811232649135,1.03072775620167,0.0829911504698625,0.667075482031669,0.0580042144896344,1,0.376974589993349,0.116722102454689,0.663793061894137,0.0367806696079013,0.711808323238818,0.0416062547199902,0.671852621191699,0.0514933567476112,0.641567691665598,0.0683255025561088,0.704576607748777,0.0819180149414733
0.301852483468767,0.0452858331396935,1.05458059499662,0.0877394034537316,0.540256682562065,0.0869233130693487,1,-0.0356799885167342,0.10420793982997,0.675675800486696,0.0384968468388525,0.685577072389357,0.0417878745920446,0.71851380184396,0.0496562388851606,0.757410832069763,0.0620773540715036,0.743114051966231,0.0812122641376409
0.331220191970133,0.0450263673235572,0.977792329764003,0.0814721027996136,0.589105725205628,0.0730712495807493,1,0.0854905527004585,0.113065379845056,0.681596315123645,0.0361098571115161,0.718084631893873,0.0434912259004418,0.691563023459661,0.0545986065512145,0.803721116922707,0.0626688759112568,0.732838052336143,0.0759834713969907
0.314702536501599,0.0456941713340996,1.01704736247456,0.0835387636182698,0.652538787710542,0.0606661099450376,1,-0.155026612135084,0.109815616570229,0.721129109492143,0.0361164183388169,0.729096702396849,0.0405060041194127,0.684190625810704,0.0520687706730615,0.645511106198714,0.0671312903412778,0.660097948447642,0.0877992932521928
0.274645095481699,0.0432574869747941,0.928759659707865,0.076789237947787,0.549754526674362,0.0786095547670567,1,-0.0469537100294741,0.0988397673818946,0.709136509223758,0.0353046441646661,0.688618056530471,0.0449006196843364,0.713176586248624,0.0509772160221465,0.644869257482576,0.0648790403500576,0.477104350305422,0.0913617863261101
0.35670200995833,0.0433852234588155,0.919663944209954,0.0764193705841614,0.549967665197452,0.0848419599157397,1,0.0648101978232103,0.104873795626924,0.725379909497143,0.034755177825393,0.758617317162443,0.0421742818571043,0.634222202989829,0.0548695549564507,0.565991696141892,0.0668221208319566,0.698061730227277,0.0798876666123432
0.278668483669075,0.0467710150133151,1.17268059850765,0.0983078381252943,0.60334227441027,0.0813536486926615,1,-0.0199062709043877,0.101130107321946,0.755379790988938,0.0352300518409306,0.707414429509747,0.0433789805126136,0.709388138807389,0.0616382954684801,0.645008257499152,0.0681628258339654,0.631777456935917,0.0772332585327429
0.327723756392214,0.0446067899722303,0.956056596625232,0.0796395251680181,0.57748703701975,0.078245040577879,1,-0.0149149660013493,0.110043579172009,0.701462051519964,0.0352372519644643,0.655540073965888,0.0438367654977728,0.64567911207181,0.0502248555234074,0.832481263305284,0.0615399490273295,0.633350507977358,0.0894996854078251
0.248857166859831,0.0449712342982244,1.05953564790201,0.0865587952439712,0.50053290597008,0.090248660656693,1,-0.0882466852994411,0.101604545003085,0.720745191969158,0.0360640051041968,0.665789583967847,0.0435547072361864,0.698865403510865,0.0501559397163274,0.672127189786391,0.0720174945536172,0.648796911185794,0.0736129305283641
0.256916978436364,0.0456933434221956,1.00432331972431,0.0855044239454624,0.747709140904944,0.0440518918613909,1,0.0356847418717378,0.11460166776037,0.685611570703694,0.0374811564244199,0.729431015163811,0.0439863540403961,0.641023162200076,0.0530835064001486,0.760810739931178,0.0662059166286764,0.649533587397753,0.0875826280833232
0.20161071890298,0.0450086618364867,1.03880055164833,0.0921197237626439,0.577030360879599,0.0873538032374861,1,-0.0705188792612825,0.101112048475502,0.716156492193653,0.0361249646538067,0.705663246572096,0.0426215441463318,0.732383111775048,0.0577371316322697,0.791472601555458,0.0737267481988425,0.639519201045071,0.0911030482371446
0.327926863982268,0.0462343244249434,1.00932125197134,0.0857362760284725,0.632099049718372,0.0598068907658398,1,0.0588063402229898,0.114464037478258,0.706109549844033,0.0377973065009393,0.698879644256308,0.0421226217844364,0.689608443278337,0.0592893381911777,0.668363613893361,0.0674722596894162,0.708991402718983,0.072772526125591
0.252465472224206,0.0400831517097031,0.786954068923872,0.0642979108170447,0.520970483948427,0.0793416555501614,1,-0.134222014306787,0.103025708543672,0.633883793336744,0.0353809732686153,0.646890576728683,0.0406304413784971,0.663763791250442,0.0495104979291474,0.639783230369185,0.0645669481127409,0.656757981807843,0.0869195211491603
0.31649721519739,0.0448026404070336,1.01023464015249,0.0823953367287374,0.625248865416472,0.0701048574641925,1,-0.017915225911965,0.101585977191136,0.752570517350974,0.0357992522109529,0.686387442926883,0.0427258796572087,0.733468376087402,0.0521432496745654,0.637921096501239,0.0699172344653976,0.658163748861749,0.0858193224396387
0.316923545584101,0.0446503343778962,0.939066542972296,0.0783082689214485,0.676842067043515,0.0600571618862634,1,-0.0613832819142487,0.114223105942044,0.72856039483859,0.0373920922637537,0.613642743288318,0.0437907527624061,0.693713014028662,0.0517378408420957,0.625739696530025,0.0689253992542549,0.715787767287904,0.0787207350306279
0.314863686511308,0.0430723098116965,0.909202220784116,0.0753331251573626,0.570300996139629,0.0793265361232323,1,-0.0765271965089889,0.102358951127814,0.702062405225695,0.0347297345794688,0.724171199398714,0.0419446883954613,0.720897953794354,0.053777941437572,0.725887699006413,0.0670784319344328,0.700593607646408,0.0898665912227873
0.313776798180661,0.0404876670275632,0.87371608556867,0.0703356925806528,0.517384041798201,0.082898991846672,1,-0.0393944094879889,0.0938108316684231,0.645086694752751,0.0363635925437194,0.677329832193093,0.040568949340907,0.636447999344983,0.0494991004966297,0.689066038442596,0.068989447035862,0.607469350252488,0.0973065977002968
0.368721429695095,0.0457491816613667,0.974058485108243,0.0801888080519628,0.658923372768096,0.0641460849287337,1,0.11465591394623,0.115030737033094,0.71388350246644,0.0358422161306604,0.691586765304381,0.0414810016375081,0.698327344755714,0.0558298659895699,0.633817200211747,0.0700184073562446,0.695104231249374,0.076545750395636
0.302259908777482,0.0450881343482024,1.00206342705072,0.0837739892161539,0.607207811976789,0.0768767262438294,1,-0.0141106862249641,0.107240946192169,0.679129211147376,0.0388340931301722,0.702432992003687,0.0419882518806038,0.646608105831398,0.0556309986069134,0.631228314957385,0.0695752389736965,0.757962867187143,0.0704587851799343
0.346081962743818,0.0418690083820767,0.915771674780821,0.0753425204165474,0.562659741151184,0.0783665742617607,1,-0.0329809975738324,0.0982844860435376,0.704489412472091,0.0347650688535545,0.652442791664269,0.0417877099225467,0.718599006401261,0.0504073648496216,0.618889385403581,0.0678244848821386,0.747803014870406,0.0842642482987478
0.335232218486342,0.0440733997786665,0.841211083037553,0.0682055289839632,0.72191203386543,0.0439583501631264,1,-0.035731353571538,0.113701706347751,0.697398684491038,0.0353370551324369,0.731804049545392,0.0387101707912655,0.690867464086962,0.0517017387552832,0.650161313641724,0.0667899487549442,0.724535746707747,0.0809747417770807
0.270625819304917,0.042885548472005,0.847813594987359,0.0709774136772827,0.670453639748498,0.0573901373816698,1,-0.144749120328771,0.106562268409441,0.712967972313001,0.0345122829541849,0.661567344019571,0.0421136848285506,0.59695688506393,0.0549372385277545,0.549590998573334,0.069786885449609,0.457609698936681,0.09002851692225
0.305741053591086,0.0456388407661795,1.07957373889917,0.0916110402829566,0.59246800399926,0.0749784671815284,1,-0.000155006348491937,0.105254850128227,0.68003445957916,0.0364829785600329,0.649130344539364,0.044083017189832,0.713064487116292,0.0500413693938538,0.681426084327326,0.0668363574627304,0.7926476161594,0.0931328392619472
0.18672792457509,0.0443201358569838,0.989916771548371,0.0840636818922069,0.598960456759201,0.0733694454581898,1,-0.152360643672285,0.104171940413233,0.703338598539887,0.0354646180370924,0.699002877784232,0.0424698583879979,0.681297187252259,0.0536950430904558,0.626659364807821,0.0680143421952793,0.789452607343588,0.0793746871461053
0.249183979936051,0.0446673253519164,0.991940568677845,0.083953065971705,0.617208220117834,0.0781864218042163,1,0.0622621832993209,0.105131931876148,0.651552233979311,0.0377871367639295,0.657265889125115,0.045431523998024,0.737203238703368,0.0488248791409119,0.71952882700016,0.0647678079658977,0.615039976000182,0.088225058842969
0.291321871247959,0.042647921262936,0.917836107215789,0.0739187058120093,0.627132253495997,0.0690705974775562,1,0.0876926425482899,0.104603514272315,0.700423527658757,0.0360077762650131,0.724363519574385,0.0393219768293608,0.547621570597145,0.0560710168339585,0.739762266915047,0.0638582529913854,0.644057072490438,0.0822256512455766
0.257958572625423,0.0453709499253835,0.997978583779205,0.0818176350307275,0.588000250804591,0.0753629351149932,1,0.0875044181009072,0.103647894168094,0.670544013096652,0.0369867421810491,0.649455635186957,0.041899426537346,0.694589827305804,0.050536453554253,0.621579809199727,0.0708036442386598,0.871782363871338,0.0845016946006064
0.323150356468477,0.0428079666691535,0.962129569607579,0.0805020278235522,0.503276563091177,0.0992073346345332,1,-0.0428905094234483,0.099746618171819,0.661466059517921,0.0361193317543449,0.742128461500654,0.0396416619664444,0.736879968032566,0.0541809086429631,0.699112866586396,0.0670325451071835,0.564398212837902,0.100826774714219
0.230275956776388,0.0439612719316995,0.974566786160362,0.08235579738269,0.606632390465995,0.0774306578565651,1,-0.0374780312914587,0.102614875199817,0.721166166248786,0.0360328168361712,0.618928815480768,0.0454602169037792,0.698474095641357,0.0555557373545742,0.69575363484902,0.0690811479298683,0.657135967427947,0.095353428727709
0.288139604539911,0.0432722376983999,0.885816869728612,0.0754393516723309,0.711880607249295,0.0520015795998514,1,0.0535123108088217,0.112826649564378,0.727563887648839,0.0358368151982193,0.629740194138611,0.0442781799988112,0.628664653676848,0.0544510528655545,0.78971903467358,0.0612012269367624,0.748449152708706,0.0771586081596076
0.272316430630262,0.0509365885790394,1.26738880889077,0.109818580398862,0.606248958241439,0.0876643280127682,1,0.14602977399989,0.116643539690789,0.659925953031187,0.0392148648304969,0.740643583106683,0.0421279198525931,0.6960546075257,0.0546952767143362,0.730939846120636,0.0628873770227703,0.716736804910109,0.0738517206450389
0.230727501666615,0.0455230535437874,1.10131191538186,0.0909574850861811,0.475042099862758,0.0912777530431941,1,-0.162521759762528,0.101028041574625,0.687708536332797,0.0351683534799557,0.699500033697209,0.0420990178372305,0.649489253230299,0.0582006541243481,0.712128776746961,0.0651275150599947,0.663578536853748,0.102671817065939
0.379004546687881,0.0451682960222111,0.996330227050815,0.0851684455369341,0.637772061479889,0.0682852065686307,1,0.0835639330814692,0.113734302477762,0.689304372197178,0.0380183947524431,0.660916532324743,0.0441099897655039,0.684619307715987,0.0490084202948198,0.744852686270655,0.0667770290096915,0.505491300298879,0.0932482622083384
0.317622334709905,0.0453065814114515,1.04233829456098,0.0858690948786811,0.592960673043939,0.0781702357070632,1,0.0188490190702751,0.104821782560507,0.693723949865631,0.0368004816481435,0.682424632094814,0.041818677217849,0.728814641567922,0.0537226188399294,0.703321575794757,0.064204354260077,0.870714165484728,0.0715820920230831
0.334525598026803,0.0430843485386822,0.876863422527521,0.0729595476153435,0.66758776624129,0.061957083100415,1,0.0477941276839916,0.109417093085652,0.670620191102292,0.0368177859627853,0.658554338413276,0.0420272587630575,0.746485392976236,0.0479916221219966,0.672101838407903,0.0621469473938595,0.594362846925033,0.0874876591872599
0.279787348501998,0.0458190874347526,1.06320348969889,0.0874546890558579,0.550585746551399,0.0902951761361545,1,-0.00157837461468647,0.108855842064572,0.660364381556165,0.0372369803966549,0.693800108859482,0.0394874779875586,0.603389007969716,0.0530556158865725,0.684136079905035,0.064742903048064,0.680031234121459,0.0835877320867853
0.209338232722738,0.0431532156824175,0.94823708975806,0.0777253146099475,0.54831339100761,0.0832265510276712,1,-0.0971559891919637,0.101040160177048,0.678684664004422,0.0365235356069621,0.61093538772829,0.0425659835961986,0.671796016451975,0.050370931844829,0.668107269120329,0.0697249608426354,0.695270188492938,0.0909145508184095
0.336806258698041,0.0436410836139349,0.957660518758211,0.0798390230573579,0.612193511018001,0.082164231200159,1,0.000118940553635618,0.104785759217834,0.666565125619677,0.0389648735115582,0.735337539922128,0.0417694178472695,0.62063529744332,0.0533664723706453,0.697947616204865,0.0632151134371136,0.567915294656574,0.0802651344649552
0.27403596301808,0.0460621522909721,1.01273108588682,0.0833811496900328,0.524177018534357,0.0948706623761028,1,-0.0366450302153456,0.108325591954493,0.683125306292166,0.0346664470673251,0.643254285576393,0.0449737184463374,0.734161450742623,0.0532977406242071,0.717429709381438,0.0713685660085236,0.804588104029341,0.0883265970196904
0.326360706917706,0.0434824513758298,0.995020501409099,0.0821047114816471,0.64865359124564,0.0639866979249013,1,0.00977558225398399,0.100425576456683,0.67005965056651,0.0363968647784868,0.708669534605998,0.0443814016735812,0.676507516143624,0.0526854854304623,0.731609716041334,0.060726229677956,0.715356257469833,0.0787622890214204
0.348352654246349,0.0432561403678004,0.97717630513807,0.077613269710007,0.621007089387781,0.0681943336926392,1,0.0248553432093975,0.102729683448425,0.6864405212149,0.0346601662267243,0.703908741091892,0.0412101171244579,0.628774754707463,0.0531901963805648,0.710201912408953,0.0604547925775478,0.666410814461973,0.082410839312907
0.281234498360482,0.04617072823162,0.962194194522749,0.0866717106768144,0.722798102889825,0.0515618639993063,1,0.00874919071934313,0.116262620965732,0.764981625331602,0.0358132692063463,0.697768672274097,0.0457448521226903,0.634720798684931,0.0590312031945859,0.730006283759422,0.0724852517203509,0.605381223644331,0.0847700755699791
0.302367888891618,0.044297015300486,1.04698847584594,0.0871259288682108,0.542053514706058,0.0935746520803767,1,0.0146419911848756,0.101379511285993,0.667242255060282,0.036739425177293,0.70882522270737,0.0426155793787271,0.769644535026575,0.0563736836207099,0.810435850921612,0.0645106958600065,0.647671433208708,0.0949538901063284
0.37548246138784,0.0440477386618104,1.00025888436749,0.0796372310083914,0.578964438797428,0.0661916164003186,1,-0.00489546811370531,0.103905132280539,0.754181867359354,0.0355811947879949,0.73858958124312,0.0388816670953351,0.776245320490499,0.0491571276562826,0.710720251897003,0.0642114413740572,0.681094937313891,0.100625197126537
0.279206309782372,0.0473860979097289,1.08775922762464,0.0910082493253635,0.595452571937876,0.091588162122708,1,-0.037611053980931,0.111203331148821,0.70593970854121,0.0369245297455545,0.670148328822611,0.0439270501131212,0.684375533463349,0.0543409526978801,0.744606153876395,0.0694421153735935,0.814362365404161,0.0786901491145601
0.237697218555789,0.0483396497826961,1.15665675270358,0.0966057760869082,0.620561171867787,0.0834273052276202,1,-0.059015481262617,0.110823228563828,0.733988908288886,0.0352792937092924,0.70818220616213,0.0421271804654902,0.738773771865925,0.0573867787956368,0.606487070725431,0.0673135545382772,0.624342650781343,0.0907567682381153
0.302225459431551,0.0472359953405089,1.06700725590672,0.0923881547829023,0.636230783611373,0.0731890404828693,1,0.206075461769531,0.111299961146157,0.648631299925024,0.0381004521881026,0.695850130991093,0.0443801579284767,0.735847018840882,0.051437179055241,0.699669181743059,0.0687031323491814,0.780391061315231,0.0793018671919825
0.318291840035448,0.0446038364336714,0.995018103173525,0.0841082523684613,0.529132204900922,0.0904925046632143,1,-0.00186421390991296,0.10586800798949,0.674252797227753,0.0377055060004127,0.690114001448187,0.0410225315034067,0.824879091322722,0.0485504773925294,0.785188081593969,0.07230426083283,0.649871123595136,0.0962390360022348
0.310190439910758,0.0451604866827098,1.01292332215276,0.0846785859516579,0.7171185302508,0.0510293627246908,1,-0.0699599757813499,0.108566403075029,0.680705184885742,0.0368230828848626,0.687242948279971,0.0409720646037239,0.685813031378199,0.0497266563364161,0.811488972354009,0.0633479755232969,0.680603915117413,0.104984012996249
0.238115661262126,0.0455222920709814,1.05095496278267,0.087681909321223,0.604972316095943,0.0816388075047883,1,0.00462377681428934,0.107036910666154,0.686574219239192,0.0367306431202034,0.681604945041612,0.0414789024459285,0.771629759774965,0.0548327349825774,0.495843713396918,0.0804621234043393,0.908755910234568,0.082896398396867
0.295630686052887,0.0414582808826307,0.842657408818753,0.0708821791984424,0.665057018658193,0.0571585481005233,1,0.0637706425989814,0.103459444340928,0.688327618323212,0.0359053175193029,0.663954011080638,0.0402025903774327,0.673982625169236,0.0527310208125572,0.68166134438232,0.0614848154849523,0.846920050244027,0.0803860631972713
0.336769313827807,0.0455216923625413,1.03246066372233,0.0847045970614043,0.603365105319778,0.0846618200155997,1,0.0180022182038433,0.108756135392529,0.711113348042169,0.0369596540373811,0.687626147050728,0.0410657509720506,0.686985374387858,0.0545123255828712,0.679647900553962,0.0671577114149223,0.824237380146282,0.0816498052664515
0.314687658292552,0.047916001314351,1.13530051170548,0.0948045718860186,0.671810926041276,0.0654828803517408,1,0.010712479040491,0.11530017611706,0.706453387680084,0.0384471344703294,0.733990212278049,0.0390331992344852,0.768125337590488,0.0511033645784205,0.660467395619982,0.067082957455049,0.640767510893443,0.0874668606277395
0.288954773310122,0.0428878875544485,0.912272626766796,0.0769279984358661,0.529170569147367,0.0915193078232264,1,-0.0309870401346007,0.100807992564677,0.679399877949025,0.0349995344458776,0.648103220459845,0.0421300734438589,0.550413611962766,0.0578185166577221,0.744952462302975,0.0596341606424649,0.654044827758004,0.0899200328276043
0.350377211013061,0.0432922697219782,0.955414336600094,0.0778503080981795,0.541993292809331,0.0865188044933459,1,0.104010764958819,0.099655960932534,0.664646098841315,0.0367286690292055,0.713791878355676,0.043647526382122,0.739718008721441,0.0511855813387866,0.643104339324759,0.0694049468688122,0.838327728881011,0.0728523728253915
0.373069465416318,0.0455528482949088,1.04515132294733,0.0865630937930578,0.527906091770664,0.0967782249354095,1,0.0194146934034974,0.108014492961667,0.742798077468174,0.0352177448435019,0.718831419784465,0.0418947711711257,0.71275937281901,0.0579638659910599,0.672641330286949,0.0742711651927686,0.728990796151897,0.0902853614561031
0.333278911197792,0.0452437590653134,1.04460556515667,0.0863468534326549,0.574254874039547,0.0814099277155419,1,0.0168242466899952,0.108640778955861,0.673497587418615,0.0372005090062387,0.693219287382321,0.0417985573673,0.621616874000935,0.0554491579224628,0.653837051271181,0.0625458886704736,0.706337369156891,0.0729913311892034
0.309756941532717,0.0438553901746688,1.03620720179733,0.0859428933918,0.486484883764318,0.0909767242431091,1,-0.154417546770764,0.0953110578451631,0.716781975442618,0.0357277201182748,0.692942990041699,0.0438354790467629,0.675624207131196,0.055451875104389,0.739345661605532,0.0652865770639682,0.730591886414997,0.0842506349069922
0.338438053365824,0.0431168173446241,0.887089101636997,0.0722478649446057,0.62099315810599,0.0711443071370985,1,0.0556470475069983,0.102246096084746,0.632721393303211,0.0362522829722472,0.703795297796463,0.0394356935122836,0.770652366146871,0.0508767023823147,0.516442930706907,0.07253447908491,0.689174969247757,0.0915613860377863
0.324349310590638,0.0456506648691605,1.0873897900452,0.0891310984911121,0.689569770563803,0.0563697334276627,1,-0.00044421666073006,0.110637110127588,0.743716342141357,0.0369336036168774,0.693133780516671,0.0423799690152464,0.714304134840537,0.0501811334349485,0.713866361998999,0.068410387703412,0.725534665462185,0.0797173085208245
0.303680887801748,0.0451319373912614,0.996567570966649,0.0860997197148931,0.653834917417903,0.0708209862775016,1,-0.168052424281637,0.108399989450664,0.723089083073209,0.0352924194798937,0.692626888671307,0.0423222382699402,0.663081017436732,0.0534615073141001,0.591966630128422,0.068275560333094,0.716640986715129,0.0831996253514277
0.321619296169899,0.04570085519816,1.07361524339765,0.0877741185452714,0.530780295284505,0.0811679314556004,1,0.0642818013109454,0.0997728704908129,0.728693732013762,0.0355382582561926,0.701330024354593,0.042245926761159,0.663379872238626,0.0534234180850555,0.754649411476817,0.0641313561365839,0.627124454272451,0.0867424925838279
0.312680153732562,0.0461218754392067,1.11752910785663,0.0926981923154754,0.464486719599201,0.100230316673087,1,-0.0414365075254204,0.104789267736522,0.724771358536501,0.0370034942654487,0.683335627630193,0.0436940394669855,0.680674843632307,0.0551105781032745,0.757979371297336,0.063585010098712,0.728163030988245,0.0761872050394302
0.382156044629912,0.0422835986217284,0.871239713933604,0.0731575870955675,0.627935378327407,0.067303021401155,1,0.160165262424641,0.105197948082787,0.709597337429019,0.0357601800970057,0.736900903696562,0.0407083289366716,0.707463551788977,0.0492290287899959,0.584147369379736,0.0713931681628554,0.923598579661021,0.0737843238131971
0.242372076401645,0.0456159965795677,1.01720115194945,0.0848368794978768,0.689693041790659,0.0574721579728328,1,-0.210942704745377,0.110717585640201,0.751929156987958,0.0361626597917838,0.704486956712609,0.0415438758282071,0.687279017406186,0.050311090726074,0.686717775032226,0.0699160715104317,0.639236907896708,0.0937638195864424
0.301035176694625,0.0446951147135695,1.02541568664116,0.0844398553331249,0.538823071012323,0.0829478300806724,1,-0.00766704999706505,0.101239092492544,0.681107372275639,0.0345815174442697,0.715180845949554,0.0423456041129098,0.78665362038155,0.0519959953879927,0.634022905067072,0.069244869338003,0.60548205010296,0.0951473604301206
0.288721713693579,0.0460396518333225,1.06631210037503,0.0902113827196568,0.598470925380638,0.0744952796233881,1,0.087147788153031,0.107489024250222,0.648005690051775,0.0383173952137926,0.738187982575548,0.0429516848267712,0.637023908228756,0.0553552487578734,0.538741041635234,0.07082886904068,0.727376353201811,0.0858741973871561
0.248197635792359,0.0441173145784362,0.940032170612874,0.0796977895759076,0.649742775365253,0.0649982356605531,1,-0.147613692188446,0.109162435317594,0.635533733421547,0.0381726332671925,0.71195364103581,0.0389469423370847,0.745965081542815,0.0477138990506212,0.670163870276873,0.0656790566342173,0.616997882745698,0.0872145419009961
0.223646374021319,0.0437771156779564,0.931441491720819,0.0782088014426003,0.643081591156263,0.0644290635838644,1,-0.194365746863255,0.109188037945191,0.716878188325096,0.0351818106398235,0.731319635821268,0.0417603488752978,0.651001863718151,0.0562671725104514,0.676332217565239,0.0706199530177321,0.660124969487517,0.0827575337541194
0.259173398419651,0.0447427331879187,1.05694773785747,0.0886815968157488,0.57338489903837,0.0804102725321992,1,-0.117038172474463,0.0991618978616297,0.67776216043343,0.0355900980408193,0.725697536787372,0.040750261026573,0.690509944536639,0.0580147057718671,0.655004057290004,0.0711354382644352,0.673895270093526,0.0890386775783628
0.311279193154581,0.0446307769735185,1.02619602851648,0.0830315474419799,0.523492510755782,0.0829914755002343,1,0.124249893214051,0.108710480793242,0.694390111265344,0.0365623158988639,0.684881468169946,0.0426356737153929,0.690673218427919,0.0521953161244119,0.754754969110104,0.0593357441084559,0.628661542548026,0.0960536999386963
0.366927275246224,0.0445545191537151,0.975926736463063,0.081352018757228,0.637679728113744,0.069981477554602,1,0.144642822295461,0.109516869853685,0.677382025325593,0.0368998078008062,0.71898807276011,0.0416719003800107,0.724784570491107,0.0521132568638468,0.771242591314026,0.0660709899072998,0.677421237830727,0.0792738163606958
0.342359670124838,0.0433403416785664,0.906581090451405,0.0746936210837933,0.654782586712703,0.0633142466814745,1,-0.00141482613287857,0.105837710604919,0.640240193615598,0.0374555281038419,0.722029147560983,0.0395244285383264,0.673319949176878,0.0495651363917956,0.713782476277663,0.0580797212736865,0.84213416323727,0.0728385035851603
0.367203324484467,0.0449315554668021,1.04069701255579,0.0834136611381386,0.479435383771801,0.0914086597651362,1,-0.0380965403926421,0.106215550054968,0.731186812620543,0.0360317515867088,0.659499005543036,0.0426822718192205,0.706475149499773,0.0504944301685232,0.800471149372596,0.0578802716903731,0.657072312896577,0.081815564546546
0.339585054725573,0.04437386164682,1.02909898136475,0.0830632620713817,0.535654153842119,0.0826271108783285,1,-0.0335697264066703,0.0982280445190399,0.751439255155474,0.0329354681340723,0.674185525427796,0.0441664543379337,0.698617038684917,0.0567715668952348,0.769274517565436,0.0654061176627334,0.775643504050606,0.0861316612478695
0.356931203657,0.0431492480762827,0.903791733995672,0.0746565119002208,0.663137700909067,0.0621047672085465,1,0.0487122405469127,0.105503333172377,0.666031817919503,0.0367798114544623,0.683767767327274,0.0409561437281288,0.676663316274007,0.050256721801369,0.659135591302615,0.0599256953224112,0.686382747197068,0.0713193380415408
0.30472208001873,0.0434657643123891,0.929030956976232,0.076362184287732,0.595661848440004,0.0773653454294205,1,-0.0273619819520025,0.101291759143458,0.700482028203657,0.0352980910826673,0.698157113213327,0.0404309400585591,0.711817709836583,0.0506373354581858,0.655094827512395,0.0723856424409063,0.630648574293624,0.0913332059493356
0.253430340686652,0.0454969561567349,1.10153754875729,0.0884272856153689,0.500498871595708,0.0939936179655476,1,-0.0367252286481728,0.101926182881127,0.766212747579026,0.034100215701693,0.670476399604593,0.042838696411215,0.692564288250192,0.0550897048122468,0.727111669763429,0.0691811673136373,0.778729281248711,0.0799018141113964
0.314472296159602,0.0466415007131269,1.10812262657556,0.0919764687152285,0.635222094876431,0.0706167972900979,1,0.0984785486941876,0.111269269167847,0.737048726389835,0.0372290241024974,0.690107035119933,0.0429798142216733,0.764121132455688,0.0484939103362973,0.773675914698295,0.0675882490136841,0.717797375377742,0.0881500364899502
0.29268457267556,0.0459599074014791,1.08907786650192,0.0947222365007353,0.592798171795341,0.0953783223366601,1,0.125455956853234,0.105629287284319,0.647926419213785,0.0381519099539167,0.693867371080494,0.0439105092901781,0.68902268043278,0.0572574357184055,0.707731634884678,0.0656390195664871,0.564282551758017,0.0948167592976518
0.314947257338832,0.0463500764002519,1.06879556058635,0.0929423639468715,0.44874293770875,0.105434911977426,1,0.041904795525621,0.105528329940415,0.72945736600144,0.0370492017977801,0.692201397840799,0.0460903148467068,0.745235128723813,0.0523140481829089,0.639809492551848,0.0713462975090686,0.760671420239958,0.0885426502775998
0.264926171564365,0.0468755993999578,1.0726419833722,0.090132248743098,0.636178158506464,0.0733589492518942,1,0.000365660769829553,0.10936250471578,0.652055698314883,0.0386229758205594,0.647904066934959,0.0422770931579645,0.70892283709882,0.0510205696017854,0.669125426334846,0.0670609149662817,0.511680429485684,0.0875206378804819
0.299962412918848,0.0433866787157327,0.968860954315521,0.0789437860723903,0.54789178863599,0.0835498518307189,1,0.062419074600022,0.106207158509296,0.708484395506118,0.0373353192339535,0.676649554391341,0.0434187291464711,0.683988257461894,0.0501236110281478,0.76637832851695,0.0586851551364402,0.576269914834718,0.0947621707316392
0.352253723135466,0.0440478075070823,0.985686551403832,0.0814314739299882,0.659522431735273,0.0578767623059959,1,0.1056613872435,0.103779466113059,0.765814339912442,0.0346835718278787,0.628944219942124,0.0439733426415045,0.714511335439058,0.0525090896448218,0.676368012025193,0.0646096681796995,0.738706958506275,0.0761801430591892
0.314263308366268,0.0429281371482594,0.930995195126456,0.0755796656370661,0.59672865788249,0.0702610094641248,1,-0.138442068254878,0.0995797104055204,0.706575557163121,0.0350545519965738,0.660547146474651,0.0413084027302964,0.702014115275361,0.050602687311673,0.786600920025945,0.0605107608090943,0.708903483681075,0.0862465907144211
0.336892712392503,0.0430944004039339,0.911721599982335,0.0772163635856328,0.540213359530412,0.0905702285432331,1,0.0453261541412549,0.104197660119157,0.658953422216741,0.036235193167564,0.645703890358276,0.0436588597256351,0.729053418237005,0.0548792172814207,0.718363775785551,0.0635229567479845,0.676535790964008,0.0864586777448252
0.307769843604765,0.0444193902633874,0.994175105483186,0.0847259382041055,0.497868575871006,0.0950068976672209,1,-0.0513000343342845,0.102741452471999,0.693376363005133,0.0343405145619479,0.702944036741071,0.0435206689810487,0.690579196137037,0.0563448443857495,0.715777415603137,0.0751958357702536,0.639979903971849,0.0901278694838401
0.219964916187118,0.0450208786261683,1.0204658060941,0.0819346721073346,0.551426747422902,0.072598730139561,1,-0.143062997979203,0.107107551466246,0.67138741787327,0.0378398607918077,0.726604296025172,0.039858515638769,0.669398963238399,0.0555213107147982,0.718074446665616,0.0653073841812047,0.619354935742682,0.0968332857183571
0.26280147480875,0.0440817399246904,0.962492562164948,0.081124174247622,0.610932587346925,0.0667640879601444,1,-0.0116315912158782,0.10268433158654,0.73929632190699,0.0347784062686974,0.648255021101119,0.0435850101930593,0.729957369568808,0.0526655915112777,0.588036288890971,0.0725466947654005,0.741388229597705,0.0771791287055351
0.289340333294193,0.0469914885157714,1.01929231111717,0.0881270697923527,0.704296687605559,0.0607755748769359,1,0.248668866163808,0.118112352601373,0.672287166812839,0.0376541714843227,0.665435390425007,0.0402785785738679,0.739257168194334,0.0553163799652115,0.84586130666427,0.0702270422130334,0.418996058438678,0.094315910405947
0.289067573414344,0.0430678273557718,0.973865397389642,0.0789597964435978,0.596515738691192,0.0705516045142864,1,-0.0995499516088928,0.0985288873301366,0.708432123235392,0.0346108035703457,0.680657048566108,0.041946926593768,0.734557748792467,0.0546929011536914,0.587559024292196,0.0752991680195605,0.646424871305521,0.0819882419642352
0.309830415155687,0.0449601075253411,0.970241097987852,0.0801585021510297,0.65368344687109,0.0679365018114858,1,0.0457248356040392,0.115084944971157,0.665099663160245,0.0364531585328994,0.703772834379232,0.0420618234479641,0.680231873389074,0.0504211846895295,0.633535666187785,0.0631638143346246,0.774255949302849,0.0869118661409019
0.316532272791632,0.041549845863108,0.845305160968426,0.0698888655901573,0.585775409249944,0.0729857149895917,1,0.135585854796089,0.104529122832516,0.631625431618255,0.0357986529997388,0.75646289762058,0.0388615968104423,0.703756745016066,0.0494445954064566,0.574518192608125,0.0654710061576369,0.654122128538987,0.0947854408605277
0.317364329677511,0.0485810897051152,1.19307632143758,0.10167234488978,0.571242621718738,0.0954972614308144,1,0.290124448334442,0.111930942032934,0.758897561932257,0.0360028267657859,0.741624237981225,0.0432555147520488,0.761717769807045,0.0545678333863504,0.705774717311922,0.0750236118456205,0.695690279558937,0.0897758644648612
0.243413965909866,0.0437945125776518,0.943232468076147,0.0801729117218966,0.629979153217703,0.0738086910786349,1,-0.17295583223603,0.110735890432783,0.714111175790152,0.0378087766714038,0.767536288156055,0.0411637062073791,0.596973073367382,0.0553654244703036,0.624005292483247,0.0661028185082086,0.684120876096132,0.0841966795576386
0.250110794342625,0.0439209105876625,0.92853557544847,0.0799801371816902,0.655053562234358,0.0662698578173645,1,-0.0596626245340897,0.111639738031802,0.646179805191384,0.0392416272543827,0.670270350762376,0.0416082327396796,0.676283347318829,0.0466276983059847,0.675341394020719,0.0615558129065115,0.475242353909366,0.0861443960398685
0.22787472400941,0.0448539639398753,0.96937934600679,0.0823105696805243,0.659520548897869,0.0640095640154715,1,-0.202744771105402,0.11551505412553,0.752069366706023,0.0344657312083437,0.688235716832449,0.0439875192900983,0.689616623582014,0.05505136327752,0.681769153966513,0.0686134867670292,0.740897007289786,0.0798595436485122
0.298566237968765,0.046409615826291,1.02473758183747,0.0844781137915438,0.633599237874882,0.0692731631476056,1,0.0940867844750827,0.111630117885739,0.683507125027529,0.0384241008099432,0.715137968502598,0.04020182998349,0.69460526499605,0.0515542471782719,0.575179286725436,0.072586025091273,0.739553746512855,0.0763164347304621
0.240707350372682,0.0439057709356027,0.963852690463116,0.0807036406906775,0.548007286769898,0.0847714204680196,1,-0.116779125310807,0.101475558581695,0.66066574888995,0.034049241448391,0.716777025449553,0.0411961470808061,0.604706167671643,0.0582397974655763,0.844339401454853,0.0723212060009586,0.653270991046831,0.0902152054768688
0.361945949105082,0.0443562734060956,0.997945732570593,0.0819762486091398,0.562239696599063,0.0860688448532178,1,0.157978390944395,0.102935595681181,0.718488074332723,0.0335223211234865,0.686197869038779,0.0449405807608381,0.611156877414018,0.0569237066151871,0.735354384115816,0.062575654856717,0.626830429937325,0.08568788872124
0.311676750302565,0.0465661569461866,1.04136398119126,0.0883856280673263,0.594791761060221,0.0911650153052208,1,0.182262953104659,0.108359926675096,0.617056922702532,0.0397480279250116,0.758446341516149,0.0418670514113569,0.763537064836227,0.0491586753782802,0.638708484120006,0.0797430321736089,0.610393844528077,0.0942244218572203
0.36334273265428,0.0446172110527599,0.933079442889994,0.0804795600404309,0.568297971430275,0.0852056258802682,1,0.175622046760247,0.107104797371266,0.757943409759658,0.0342013252050734,0.710405072461128,0.0409493745504902,0.720127867423778,0.0591080869057342,0.690082049129486,0.0721339109843276,0.565279546417876,0.0965351006805773
0.346517849529611,0.0433760942294934,0.952613561000819,0.0793408980471253,0.587166755148223,0.0761356435109186,1,-0.0808989033376389,0.105174593280343,0.716419611811351,0.0348301104560015,0.673200531359396,0.0415621325020097,0.648605907636324,0.0509109420909744,0.730553250902849,0.068379402950553,0.755177044706713,0.0801102516731745
0.339366356581064,0.0446759801704783,1.06099201653285,0.0894793035832709,0.521604012686969,0.0861487229593121,1,0.137648964608205,0.100884867502892,0.725020919719128,0.0359493995750438,0.66502337648285,0.0409221693990171,0.755566650881106,0.0508388861086836,0.759825961002717,0.0758281367363331,0.707337773541635,0.086091096737551
0.334938738169992,0.0454745301882249,0.984427682435695,0.0817953576638115,0.638029210565772,0.0589199776316978,1,-0.0490455596908579,0.111130699596172,0.749716811622651,0.0355315590837983,0.732678461578215,0.0410499257780332,0.619181313744741,0.054463499884404,0.703193082341576,0.0723112229457384,0.588868165087029,0.0849999889024598
0.289326623501511,0.0433892569650532,0.934613724859151,0.0771661988651516,0.582525329621742,0.0884468768710172,1,-0.19644708146375,0.107359892298178,0.664016008748188,0.0372741266320625,0.705496851980551,0.0397816301349447,0.658464262216963,0.0519303818726733,0.679236279264732,0.0657360016380332,0.643425330676759,0.0779710879184702
0.241114616345073,0.0454190331663602,1.01869569750285,0.0850233803493665,0.578204191263266,0.0919885084454573,1,-0.0729059678990951,0.111134428765296,0.648580465068799,0.0378505276087805,0.78119955287611,0.0398557334183142,0.660575067220257,0.0503423852947407,0.632392013998182,0.0722377536548797,0.778329947006754,0.0858550653960869
0.393900036370531,0.0459984219148674,0.988425799189533,0.0849082642557673,0.681421153787396,0.0649074176199898,1,0.136101258179606,0.115217913786276,0.678719737513724,0.0393702914388544,0.699955949512086,0.0400150476975655,0.672996968916086,0.0520952134641544,0.594991901022505,0.0622472826298776,0.771923893994564,0.0699130415215648
0.237202137783104,0.0447275792431392,1.00814325066504,0.0818954507882013,0.602061344665056,0.0781038337440224,1,-0.257874317387711,0.105362751493181,0.794626366531102,0.0339178130817072,0.61150851140274,0.0445507407727263,0.617772146494571,0.0554252496879985,0.611192088120425,0.0714879619221831,0.740430405030276,0.0919693141943075
0.363750383114089,0.0451139206182572,1.04791720462244,0.0844596255028902,0.627405908583848,0.0663773592406704,1,-0.138103890448086,0.106060949924632,0.746947436902462,0.0344817133920936,0.64980909789092,0.0433972062561768,0.753729843932357,0.047370714568595,0.713161702465511,0.0648292565918111,0.689032423390784,0.0811430431874608
0.29471480605073,0.0436913479326834,0.973899076562198,0.0845478517800316,0.678741440499318,0.0592675098037632,1,-0.0853682433625542,0.104870342287258,0.689186591339767,0.035712929008168,0.697342136755802,0.042250748818888,0.643776599413019,0.0535340905046328,0.67436157965666,0.065195802059211,0.670988027097583,0.0830163818867463
0.315719353465609,0.0445114539295009,1.01061341912564,0.081723309977068,0.647354743700024,0.06059748033267,1,-0.0207050446697588,0.106331760861277,0.704905551547955,0.0353109231324131,0.6760392515692,0.0438211448427615,0.619646954397014,0.0559442367798772,0.743599533185357,0.0581424843447507,0.770885447888845,0.0656536207789949
0.360700574110158,0.0483235310080928,1.12800050089862,0.0960635803216196,0.694619891942327,0.0663062349773673,1,0.144592875611448,0.120349449220381,0.67662582144414,0.0392544811445747,0.698496909025702,0.0434787479760611,0.808316137059633,0.0487119894445295,0.755890697049328,0.063989689870036,0.703100741395033,0.0737484363720673
0.256428561390802,0.0458211471662923,1.03468725743038,0.0851342331962779,0.588169526051419,0.0776957120608427,1,-0.0164872541633969,0.105706541640677,0.672041959710226,0.0362315530559395,0.752261658395451,0.0421653824505143,0.70799817092059,0.0560421904912029,0.776802155486334,0.066034229857007,0.720059399455595,0.0868165551159458
0.258738343874375,0.0438842670198291,0.891391604713277,0.073781412167455,0.662651170737483,0.0547514663133208,1,0.0633998848766766,0.110952209229133,0.722417627269981,0.0353538989912623,0.650436389839093,0.0420137791966077,0.655628924912598,0.0495307125401667,0.796367494591985,0.0642915260400051,0.710377683381013,0.098711464344418
0.25920943137937,0.0436019312355363,0.947744917441916,0.0761150004343458,0.569534673561168,0.0717605324955022,1,-0.200316246206586,0.103882904536348,0.684812486809319,0.0349963442842457,0.662710982192167,0.0414824947892845,0.744149299382544,0.051911495946641,0.630299164163457,0.0698838280315989,0.548303014217219,0.104906216979337
0.260010097176719,0.0456487968645102,1.10142318972163,0.0874079807695355,0.594196659677458,0.0749333136232607,1,-0.0493823086749534,0.107828248512132,0.756750646867547,0.0374583544229694,0.722335606043578,0.0421893650498898,0.708995862779736,0.0531957024651571,0.713281245175711,0.0632087095910449,0.796591690617186,0.0746235493235024
0.265330932254425,0.045241617971726,1.04104972258803,0.0857845395723658,0.619849569399012,0.0793586485357034,1,-0.144061378738802,0.107842518953598,0.638385991015358,0.0374072017043836,0.67795696620825,0.0431012215954199,0.687237798313183,0.0503398312768634,0.742061607311957,0.0568849420929993,0.646858473459985,0.0895594937139278
0.232153869836988,0.0457989708779306,1.05506244148079,0.0840450440469263,0.462269195630003,0.0966182757440398,1,-0.131023226145027,0.102348590455807,0.67927450477744,0.0355038808840519,0.683827888144984,0.0429266458950815,0.710277996022297,0.0519984648459677,0.578296514517568,0.0685887067339096,0.611594268700048,0.0912363245352336
0.39137598921989,0.0447816765342439,0.993992484369638,0.081634637230621,0.52829572902024,0.0961132102515742,1,-0.0329103799910136,0.107243717351775,0.779220088767032,0.0351039662527584,0.709706679291344,0.0410136140935367,0.657680696756927,0.0553945499250746,0.611772241023703,0.0751694637388409,0.820776305999604,0.0739136248040325
0.257974951075204,0.0428209064882009,0.874527371973302,0.0710248437839823,0.566354669112663,0.0782575401582854,1,-0.115110456415844,0.104843927190378,0.68611511784514,0.0366415557920004,0.748932800898201,0.0392222919839715,0.635865380003927,0.053307718517838,0.689166552499399,0.0663331481779744,0.696568711857328,0.0716309893999548
0.329839149091658,0.0434006469366417,0.917966019996434,0.0766510479548608,0.520284481132092,0.0898186694261909,1,0.182194137890418,0.101224805044827,0.68196363435617,0.0346040899653279,0.645339936218137,0.0446952822588955,0.699666488665476,0.0563566566011377,0.724542479165656,0.0653718805269788,0.752313291862218,0.0721019903370377
0.346939145381742,0.0460023156356385,0.977493886798676,0.0804719196583611,0.678018580317586,0.0620973423842938,1,0.17112822875667,0.117345608452844,0.654804566371048,0.039723179434434,0.729711693194382,0.0388648568274752,0.714573242266453,0.0489798742553654,0.720360200099017,0.0610496424253698,0.654576387344672,0.0877567571703529
0.353934057680381,0.0443972639775995,0.955688868552093,0.0782014065034306,0.631900405743304,0.0748927366207639,1,0.0687589298939407,0.107857721742518,0.65269944387001,0.0361057302362296,0.720743591633789,0.0395081065138585,0.703881759438418,0.0530136156820729,0.689877508770336,0.0655257117253423,0.772950736724912,0.0787315994755287
0.303629551710763,0.0448747363680041,0.99627566830662,0.0833184068943496,0.64460719895004,0.0660838083042736,1,-0.0318344851895732,0.109043092484611,0.65493371842625,0.0390005104063372,0.706714095553986,0.0405456946626049,0.618278536291432,0.0538941595417078,0.74050518834182,0.0642019256826179,0.588352929095984,0.0910480600821581
0.259466111229116,0.0446738364638426,0.943370174678282,0.0771014584529226,0.632411341381654,0.0707399973893656,1,-0.0811847898946805,0.107560895744318,0.724191646704553,0.0335533029484125,0.656623407574771,0.0414277141287555,0.746126493380273,0.0538892703225819,0.741001336096411,0.0651669058810671,0.640581915527466,0.0839139722727237
0.347657380813947,0.0427105578180654,0.919799362178486,0.0728691501397685,0.577765786684829,0.0785355007814406,1,0.0621821178572897,0.101376305762687,0.67234966381043,0.0366753465011124,0.695687074453356,0.0406979210531125,0.745651880308018,0.0481819746693817,0.740282882480799,0.064631898179635,0.655315335755681,0.0839667925787792
0.315495120893116,0.0412216101394685,0.90511451951506,0.0732522092734703,0.58191212840048,0.0788377948039261,1,0.0988045342443788,0.0987630333803169,0.672296465969023,0.0356814545842184,0.632714514910721,0.0439413751418954,0.674382523046024,0.0472806064672432,0.679520606172814,0.0641971320838546,0.497820335515465,0.0914622544142241
0.23801945699427,0.0444194407088496,0.967837985019271,0.0803540879693915,0.523313426232419,0.0835908434662417,1,-0.0867612439756515,0.100609482607659,0.678637612228284,0.0346603506919349,0.631677115077251,0.0430623389884382,0.707965756808186,0.0506867982393267,0.655495510539619,0.0670766859671788,0.681532535144521,0.0982447025527452
0.246792806697198,0.0445269578444871,1.00570459293549,0.0877211474214938,0.4223620205272,0.102550729153658,1,-0.139347681542282,0.103296148512061,0.663539215010244,0.0383855611483194,0.692261113433935,0.0423144333676198,0.809511434318256,0.0518983157598057,0.606392968007914,0.0737756069960598,0.726555121714762,0.0847251595438763
0.321935112681179,0.0426164692753895,0.975836806678616,0.0798195170233301,0.457696629016005,0.0887247912894415,1,-0.0101574701674248,0.0959150396257248,0.632944055846274,0.0361413997504516,0.686433122608399,0.0409429272927845,0.640858567051852,0.0536059967201927,0.784157383403371,0.0597405118721986,0.816323987399583,0.079527893805294
0.334394553123327,0.0493931805529798,1.21461845497993,0.106175864820878,0.625012909910836,0.078872113255001,1,0.154063603409795,0.118098766150065,0.712184577658469,0.03846638671833,0.658974376263862,0.0435293400258441,0.772264034668486,0.0584250935725143,0.719871122831567,0.0695895988669015,0.887123975348855,0.0839368865424471
0.36469305292433,0.042328687077562,0.906917566536084,0.0742387102455412,0.565958453455328,0.0845186830737424,1,0.100300272917334,0.100332310653302,0.712866264204653,0.0336620298980902,0.688146066442609,0.0434691624889686,0.656921427488656,0.0562640601551746,0.757554793829993,0.0664924012837003,0.706943656544005,0.0862067271524472
0.318100341888557,0.0432909227848846,0.924574711036855,0.076818612927656,0.522709351299999,0.0890328501481454,1,-0.0451330367763038,0.0994746747033041,0.683047914208566,0.0359095187500834,0.760510611130142,0.0430008794928947,0.603084411473845,0.059885556041286,0.711691100667528,0.0700857641792015,0.657509773356725,0.0870415741190982
0.294136920259619,0.0432731859253281,0.985333848971929,0.0834313917134465,0.586739939479796,0.0849758259957458,1,0.10385813975941,0.101505890072809,0.697275568874255,0.0361825619362389,0.68611575804365,0.0414243148701268,0.722321579610809,0.0538075893321616,0.774535035437815,0.0636770470970016,0.746200926105748,0.0922130576326078
0.217087852660637,0.0479521704758261,1.19349967511297,0.0990469890405212,0.552494280386336,0.0832598936001473,1,-0.0393782911597774,0.104015309743099,0.675030186622417,0.039068423643438,0.705663957852251,0.0449147567815085,0.671256814078583,0.0544595164545635,0.718663071413824,0.0659946826030833,0.698434057405802,0.0893974777907867
0.276227623683601,0.0443049650212952,1.00582204959839,0.0823175706188495,0.553801002006873,0.0842904365428181,1,-0.0832521483355256,0.10327533695795,0.695436193316716,0.0353182292836413,0.745342710258544,0.0420976504453584,0.674789781299358,0.0503647315167958,0.695682367139787,0.067426676086563,0.485506921419408,0.0878026844118451
0.376874534143974,0.0448047930000572,1.01454956413508,0.0840887586854943,0.627162199479908,0.072116420464787,1,0.0514115005964495,0.106506241296055,0.68807045880301,0.0362675550574963,0.732943797118196,0.0407046747044226,0.74231157243877,0.0512864755596251,0.665129966457065,0.0683198464298661,0.726992789411063,0.075598452352117
0.349767605659323,0.0423894668661842,0.87385752773421,0.0742031033521132,0.645683804011681,0.0703523614924833,1,0.154929646224298,0.1075844401711,0.623667034155497,0.0378589260570736,0.677378875396611,0.0422991810561146,0.763864156944435,0.0467879921528955,0.659318853639991,0.0695340086269383,0.670120952410364,0.0900590810382838
0.358154454240885,0.0444628287218951,0.986418159875769,0.0811575685431618,0.58801839310719,0.0766891318316578,1,0.0632599136090349,0.105907486797065,0.688313101733268,0.037747117102327,0.672363455057791,0.0422156900520813,0.803765154283612,0.0510549568871936,0.620629938601565,0.0643475418282329,0.626329615361988,0.075349904610105
0.237308158734149,0.0443744182930848,0.969069696115891,0.0839817376230104,0.547332776465007,0.0929375558600055,1,-0.0604987986842381,0.104502279392516,0.700189297756973,0.0352661149656692,0.671608460263568,0.0422244226152939,0.594474596381522,0.0621335041868406,0.642677268900264,0.0716217576689066,0.723126446376661,0.0831119233021809
0.338914818329825,0.0443573431488005,0.974636001078349,0.0808067294066151,0.611831563426081,0.0723771123781568,1,0.0927675097099444,0.104753947081637,0.723546084075517,0.034155376019035,0.645778213198973,0.0429890046958843,0.811923396715175,0.051355103412594,0.682749847964367,0.0661003036964946,0.643873225687338,0.0887310374102404
0.293868180696251,0.0440280687614623,0.977736773338066,0.0797708602278464,0.527506450181871,0.0965543900185904,1,-0.0546510917896162,0.103421195967165,0.695065366595716,0.0373505527229919,0.736687718313449,0.0402885606843435,0.669143951524378,0.0561821052282988,0.686523218142145,0.0653500471767945,0.60776438878241,0.0858178176503727
0.349470118828477,0.0466615053843457,1.05969199152615,0.091032244330656,0.6321735632444,0.0775942234888617,1,0.129069059375714,0.111808612334567,0.729111482754837,0.0359506855304063,0.793447182775271,0.0432717712452442,0.608248892843131,0.0581152590206206,0.781096219300285,0.062175532615062,0.689060161289701,0.0873352989217481
0.299206020495272,0.0452244897405103,1.11349835257246,0.0905228233069455,0.419710558655752,0.105487504361895,1,-0.0239828326004458,0.101099751443365,0.703732874518445,0.0369240525710769,0.633772906914816,0.0449617863108053,0.789257327359606,0.0464988818067709,0.688662896976146,0.0721989287121041,0.595992358680131,0.0921701287833143
0.323250406336695,0.0463121231993192,1.07247353810643,0.0907926707483591,0.540627370321205,0.0983072492688944,1,-0.056345822517608,0.108443729675294,0.639182344685705,0.0386826519073748,0.774824036588749,0.0403432013594902,0.788555727278553,0.0533993780024487,0.707687759418329,0.0674959029223584,0.636661975996837,0.0904161570456978
0.214609951063616,0.0429659926519933,0.897221202535653,0.076207162913008,0.567151951982254,0.0838775266511458,1,-0.164441823801434,0.104379775416011,0.678592416276031,0.0374404802158964,0.728642221371607,0.0383376538545965,0.737351902605104,0.0529070307342477,0.688416704932652,0.0717329309042532,0.670725612352445,0.0901717592928208
0.308711418046649,0.0450527511733696,1.02456900995101,0.0851723036740935,0.503274897759429,0.0930343748395984,1,-0.00367052184289622,0.101124165305425,0.651006347936382,0.0367922801234681,0.766468682503278,0.0419208758089177,0.674087150579873,0.0538582954431789,0.702230288351232,0.0673673723701376,0.676148383402869,0.0858858634718777
0.315294501944293,0.0449614287750415,0.963855684670796,0.0808005330242609,0.616086792538969,0.0747427279470261,1,-0.0327170794455895,0.107427598131782,0.670921687912522,0.0371523874862653,0.709734479762256,0.0405181817233833,0.682342846691528,0.0545580421558972,0.536061653295336,0.0748551874431015,0.672195234790283,0.0807429968057716
0.331478015623096,0.043562459344103,0.968744470486989,0.0817330985861686,0.649748627872854,0.0668524453060508,1,-0.0341348804084139,0.106204682631746,0.682425347772037,0.0377350617497486,0.768956263078609,0.0385509921402255,0.681308724280833,0.0505740978679152,0.669900522602255,0.0643046498360797,0.622885598510771,0.0800953843976561
0.314418843725327,0.0453120701812661,1.00645038850623,0.0850313363925552,0.623803295971277,0.0765417062991912,1,0.0526989626577452,0.109722002911095,0.704116616792216,0.0360653518532959,0.681916148050787,0.042240113799766,0.673328432545312,0.0551217033816423,0.726855945877237,0.067963853711765,0.725549359128117,0.0920145396945468
0.313382402940203,0.0435429309818391,0.875038487173562,0.0709422116960815,0.525626952265206,0.0828778765292824,1,0.0603852609869701,0.103798635038702,0.591292616208785,0.038905643079006,0.686919816813003,0.041698749666356,0.734473901930179,0.0473902819758665,0.687503310579805,0.057895210351489,0.680220606977335,0.0832264176781372
0.212666133560659,0.045104038738457,1.08653373187905,0.090971702842624,0.535966742418832,0.0846447899595741,1,-0.198722930611019,0.10089328960498,0.739166687430172,0.0346851020190548,0.647040559635804,0.0428440187818155,0.664857689058065,0.0543137017223382,0.678103938757889,0.0705357451846472,0.545425228256183,0.0901129287169489
0.321662335566481,0.0438131448581537,0.950079205620023,0.0746678639049184,0.638629972534526,0.06038520004886,1,-0.0900191619621041,0.109733362896458,0.672211361146408,0.0368782842894403,0.738849835870182,0.0385031013020332,0.746832405816959,0.0487250109753506,0.561119274461972,0.0709869645018589,0.665279981535179,0.0867918613864349
0.364939018471797,0.0452494078233488,1.00418277689903,0.0845884882635223,0.561238821015881,0.0955160862353516,1,0.140876080641307,0.10840308532354,0.64595407235688,0.0369108266910319,0.637630788124628,0.0449217411159748,0.744875681014852,0.0492381164308499,0.610220517111761,0.0639147743644167,0.768932417256604,0.0828477114965944
0.224627026956819,0.0463211227514592,1.06792442317574,0.0903680575052864,0.580823897738351,0.0823994362087598,1,-0.105521301381728,0.106538646311882,0.711598769739782,0.03775074633991,0.625517612031079,0.0462831920610682,0.765894036075646,0.0520787891735015,0.756030712172712,0.0673825332694871,0.703803589435562,0.098981707156252
0.276490128750129,0.0467244709594641,1.15343546750702,0.0935712546858078,0.417693022210233,0.0960729195305244,1,0.0325731011092537,0.0997740530657978,0.638600175367723,0.0379017533294151,0.702860319102114,0.0432556127580278,0.660388158180514,0.0576961055439174,0.816511324721055,0.0580184048872683,0.69562745769586,0.0808096151283015
0.306148887727965,0.0448245786301129,0.999220093050821,0.0827928751128853,0.529856459742481,0.0917740700459836,1,-0.0975336920178243,0.104862168148497,0.673296443535713,0.0365579693210215,0.662447510661311,0.043664466156472,0.649693704212687,0.0496685657536773,0.682316114932517,0.0624637781781567,0.696028632064656,0.0803131171699182
0.256954979889622,0.0452999638509959,1.01081378481883,0.0860646578022714,0.631757775667409,0.0762239787997626,1,0.0800909960414618,0.11224806882637,0.596542333120738,0.0392939225735732,0.685285794138712,0.0430045243045852,0.645675915953591,0.0541306671598594,0.632415615976489,0.0637877695844222,0.643544991195738,0.0782063896150012
0.317700959576117,0.0446189109829281,0.953841832332687,0.0803533109745499,0.654563855363995,0.0692097710990942,1,0.0696509650824839,0.105594034870078,0.719796023711151,0.0359883733871562,0.661009555791226,0.0428443740917669,0.775731391037152,0.0498718318910142,0.624153713192117,0.0713529894382676,0.536999244980659,0.0879623828017599
0.364315779041096,0.0447844110239415,0.994759086494767,0.0809540135427046,0.605401068016551,0.0711261059817268,1,0.164437017408505,0.104340204337265,0.684223884372965,0.0366859257025508,0.738938115762264,0.0415682546158366,0.732266383074767,0.0490525186093672,0.656606541402512,0.0669177872184414,0.749300406635342,0.0740447341798256
0.258127967230562,0.0475725657558633,1.07192254570426,0.0908840481201195,0.707331535270637,0.0601269587390677,1,0.00262070478548868,0.116452124815258,0.751743849333072,0.0355648797329613,0.718438159616176,0.0420185239011625,0.795466123055144,0.0540019796819374,0.59938490072177,0.0786648443218279,0.582702479465568,0.0923564863324068
0.319739100491793,0.0434221276287903,1.02341297807223,0.0848236569907398,0.640141703745531,0.0674629801280217,1,-0.0463587827409449,0.104793367149191,0.665855639460751,0.0381159818921411,0.726099470308971,0.0408685344708162,0.704728719926381,0.0515219589921728,0.679127436335243,0.0675196146229286,0.807431430557453,0.0742012699858641
0.393350537454885,0.0442996876002175,1.02683369891262,0.083394790933119,0.603090615416811,0.0742106475948523,1,0.135897812208721,0.105632789396033,0.677060569340835,0.037055634884634,0.686043621838105,0.0411129312082201,0.711050898788103,0.0520557697476728,0.740441826720301,0.0606855725782778,0.716315061213328,0.0784952400627613
0.297551109711896,0.0432166987289164,0.912511030736547,0.0751282411363031,0.62859334888639,0.0692314187788624,1,-0.113686911858834,0.104815916314901,0.70706117238651,0.0352510512168097,0.751033296028301,0.0392530488679987,0.616337418002409,0.0567879802304543,0.724550253201553,0.0610710978085881,0.673313576595579,0.0910393914197613
0.222612910647882,0.0445323481557056,1.07105690662789,0.0890307593711339,0.413153838616817,0.096106905711447,1,-0.153682031724706,0.0969556106104553,0.703714216222785,0.0361336695647423,0.753855926792718,0.0429263362868854,0.704589476073876,0.0499500330782966,0.805989545785816,0.072356104789448,0.600209440197365,0.107818805705887
0.337898700473951,0.0431042289062908,0.936893652068776,0.0742776094235054,0.608781439240122,0.0637213289541267,1,-0.105402330292075,0.10018747609575,0.708362508918107,0.0341053924385408,0.648008393290699,0.0405788432838845,0.690377045286124,0.0526071835668472,0.772339076987237,0.0588047952366525,0.655236641558921,0.0839601611950013
0.383592915597349,0.0458670830151238,1.0582513995402,0.0862047258814829,0.586141511065726,0.0678573436809153,1,0.0729422934275767,0.102418720474146,0.693834322781761,0.036294728337455,0.771214109435267,0.0403097041582707,0.802956494856097,0.0466074005978609,0.75021011596785,0.0673634580868741,0.7416538998832,0.0983366716008923
0.240173323757215,0.0462006684980204,1.05009752887527,0.0878881043008222,0.525478512939674,0.0922337732322318,1,0.0571606919500109,0.108171426112744,0.718069014026924,0.0366090199436365,0.737630597639515,0.0424935872409056,0.76041549104961,0.0579119615045004,0.763579705592661,0.0676429085312689,0.553443114361294,0.0945455231706371
0.373972112393817,0.0438622098244925,0.86120365336199,0.0720317706749415,0.705744135289954,0.0526041571896289,1,0.0760914075944456,0.114277858456302,0.725334244854507,0.036704921300601,0.659121290320205,0.0409458049504139,0.63417276456452,0.0494587394006901,0.703687404248298,0.0602619934075766,0.593787255161157,0.0867392967281948
0.349989660600558,0.0431169861601347,0.8361788117023,0.0731374740019129,0.75670486774777,0.039164858791691,1,0.137371526005728,0.115336645016803,0.696396552757526,0.0383408979533655,0.617903880407911,0.0424630205664205,0.703468481305099,0.050339805059113,0.614616773320507,0.0659887961120917,0.673092744460139,0.0901126730701108
0.306276719523785,0.0432457181112212,0.915894557520001,0.075637939329626,0.569989694429665,0.0827269083615948,1,-0.00806166727696308,0.102211601366193,0.699712724525781,0.0344976658263475,0.67910633390213,0.042240494742315,0.680890447841573,0.0535809193665023,0.628984003541845,0.0655659507866174,0.628520715806999,0.0824120709699625
0.315939577824149,0.0467353721510138,1.03966733495304,0.087874524131368,0.670818809625848,0.0608002232170609,1,-0.0261910278735986,0.114344284223761,0.772050622709686,0.0371524139712645,0.658452331383922,0.0410013646654238,0.674561609417212,0.0562093076254806,0.727832141669877,0.0699189097635335,0.785233783562678,0.0887737786314053
0.308085444348912,0.0467837098929181,1.02400601647023,0.0863420585609277,0.620242936847213,0.0760497672078295,1,0.104899516654836,0.114266556760297,0.652550862257007,0.0378002139487211,0.754643889760562,0.0425600928387234,0.692728863608596,0.0516020503627871,0.728689867774089,0.0675049994748877,0.779874081811323,0.0747628449463598
0.335211794591482,0.0460010068024469,1.00648937761229,0.0845991208361859,0.746899418450879,0.0436214438299868,1,0.0436509755619249,0.118842436846734,0.718437584786594,0.0369126972897444,0.736109425951121,0.0432445784796481,0.600887768595086,0.0560115159666377,0.673519342530336,0.063736530117086,0.670289073018663,0.0766981376217687
0.270204735373532,0.046451920285293,1.14173481928488,0.0944495921258365,0.530888357970132,0.0885487622981321,1,-0.0206352783608785,0.103148257472047,0.656648211542675,0.0387843552856096,0.789677926296081,0.0432595025265667,0.729223308569119,0.0574052627706431,0.714441236465082,0.0624874472331286,0.772045513244833,0.0744289290870995
0.330132411871636,0.0440291892538705,1.00717905802203,0.0833444750546837,0.599011843186025,0.0751033372225594,1,0.0314802009637389,0.10530967955317,0.694325701296532,0.0351126950746445,0.682240708304382,0.0421099053603658,0.756764761505544,0.0549787575865215,0.706311525263677,0.0586643880373544,0.809399599310521,0.0850098273850612
0.325885046163816,0.041706229125853,0.876297334525522,0.0713685648945546,0.570020999763289,0.0762763386983426,1,-0.120650040354468,0.0986058634097153,0.722162797017029,0.0337272713940579,0.705731478503705,0.0409844108124574,0.685568122043695,0.0542044865553608,0.750236021974283,0.0677182329510971,0.64309198246411,0.0752361120311295
0.301234882890772,0.0434331989856473,0.928229719592484,0.0776808181475872,0.6104405124423,0.0783178047045452,1,-0.0121526003620825,0.10150099063899,0.715402271022322,0.0366073715791962,0.686244091591047,0.0449794626780762,0.63213552952773,0.0538237929377638,0.721888892374279,0.0610620637247058,0.633593744582799,0.0900365341326122
0.339362218851219,0.0446488852813786,1.01347740609229,0.0846753038016304,0.639391872760262,0.0649366930962212,1,0.0396615203540792,0.109752263451939,0.684660031793338,0.0396815025354236,0.714835700994598,0.041089926450471,0.625061956433802,0.052975083917925,0.697692728666264,0.0667924596779169,0.619613854284932,0.0843442563884122
0.259217887701966,0.0445585315914086,0.956762738203515,0.0778817870369341,0.58367893139086,0.0798519267160272,1,-0.0354919822648995,0.108723014747218,0.687839400410436,0.0365239812562561,0.626892732453185,0.0419214088597807,0.709088755469689,0.0502737117990668,0.654388004894287,0.0635926645139749,0.615534266831734,0.09294442698889
0.303492205333017,0.0438692287940426,0.912127891997402,0.0789615749781682,0.66686225229608,0.0661060329765096,1,0.057905001586501,0.109072985344699,0.653575866882979,0.0389253499885766,0.630826041668491,0.0428765905328653,0.724357835430896,0.0487890593474735,0.695581974463621,0.0628364922477255,0.688449479111832,0.0827838345383345
0.286792399913724,0.0428923748336237,0.920579619814905,0.0781885190960817,0.417565898747575,0.093955524086868,1,0.00374975864445103,0.0972464864331704,0.622064111798128,0.0369602504763209,0.692302029803013,0.0411948507977301,0.658762413413029,0.0558283157377369,0.608500111758479,0.0784480794681778,0.742718682824061,0.0809985170579382
0.28170415866049,0.0445621671865682,0.954984198203042,0.0789042294137596,0.631267896986518,0.070333382146979,1,0.0173832473525126,0.113076125171111,0.620081720083392,0.0395956133735366,0.681379006683512,0.039379048490364,0.70788650778802,0.0505122905499184,0.640855157856926,0.0695102363726914,0.766625849811865,0.0775725788593713
0.263872466002109,0.0434352518098083,0.951118204614838,0.0762733427815816,0.654390242766126,0.0591472243463253,1,-0.00227575930330344,0.103049588266511,0.68252837134843,0.0358494825735766,0.661528887291173,0.0428416495637347,0.672815865681333,0.0550750011042852,0.719068557409234,0.0683431153814671,0.849748479716857,0.0706334736397086
0.360114568230248,0.0441616614543123,0.930702575702455,0.0804679897097117,0.670913262125157,0.0661288208944333,1,0.0643784985457776,0.108385689217368,0.667010769350895,0.0377847597820618,0.717552853298628,0.0431208798002911,0.711120254530299,0.0522803135969257,0.76040963093869,0.064285128265821,0.657341167992561,0.0906984864757483
0.351447451239023,0.0437498667286084,0.915426211466724,0.0759540370384838,0.724539939465792,0.047671775245065,1,0.163320889892488,0.114787089901487,0.679653930068597,0.0379996529880115,0.677653550200821,0.0394284687275579,0.731099119780172,0.0487195569380044,0.773352835239377,0.0595637230345906,0.811523751223641,0.0735468694490366
0.372581829673496,0.0404700647774441,0.849564656151655,0.0668381321366165,0.650496247710109,0.0549989842571904,1,0.0583848008981048,0.097360743774367,0.70858488708957,0.0356485583914584,0.641147509570431,0.0395008511168673,0.683510754843838,0.0530236543233565,0.700450486366965,0.0574737218998931,0.67772239478278,0.0746913380703544
0.353622235220389,0.0435150201496761,0.927939103551438,0.0761854379343282,0.588836338515908,0.0800014062189376,1,-0.084579794822699,0.107137074473563,0.745372801723098,0.0339172845681628,0.558860452147864,0.0441548718895523,0.641439452182198,0.0495517894706581,0.715171138847718,0.065077108928491,0.675320438692161,0.0854764365509808
0.32202073800141,0.0446853709678137,1.06649624760634,0.0890305590342874,0.451552150859086,0.0996088635261172,1,-0.0396160714105178,0.0993990286058582,0.700785661257987,0.0356042225894375,0.715412032396077,0.0427792381855359,0.777649099752419,0.0516611465856096,0.667001729898579,0.0652339472643814,0.8422080641395,0.0803865901924974
0.410581694588835,0.0436653335064448,0.896882757068128,0.0724395491874252,0.731876487192754,0.0473688050954239,1,0.0416583504556988,0.112170969465514,0.788808761556292,0.0347287147991312,0.608232193231807,0.0411672270610534,0.697099560081043,0.0512970850800359,0.686911630160463,0.0663108574077064,0.76948995874865,0.0855078205650878
0.344061293369028,0.044734910264166,0.942288969384143,0.0796771688339927,0.590080324661797,0.0848549770492666,1,0.0243358888191554,0.108389132101814,0.670062255764794,0.0363542343594484,0.661590308396201,0.0429981090704471,0.735315322804008,0.0499081484605417,0.781437787517956,0.0706386389242408,0.736609424019273,0.0850900950648577
0.312885254406378,0.0450507509625499,1.03589655741172,0.0885177099572136,0.48711545346202,0.0890163399432548,1,0.130676910206579,0.101695598291119,0.592914040541825,0.0386418719557954,0.682064959424129,0.0431196307802039,0.683670748256931,0.0532718178309379,0.778227185192188,0.0612196518407042,0.621018976268329,0.0741893390560172
0.292490055078175,0.0435170621709483,0.922406333735066,0.0799233845730896,0.671880619777042,0.0632673489500063,1,0.035527657615589,0.110570109482959,0.661339231561487,0.0385476870457785,0.638192095896462,0.0433018434704684,0.641439877047856,0.052149854935054,0.666793280360633,0.0679044710200827,0.796975546509317,0.0717134668563213
0.310374190367601,0.0457172293340217,0.976231053165961,0.0861585270652062,0.690099495098409,0.0621586652242539,1,0.163389425479011,0.114204537073253,0.672420879184163,0.0375753139489156,0.734519787328226,0.0425638420653899,0.65665585723651,0.0569946197088054,0.614876310818833,0.0706690505934631,0.755318945221228,0.0810324589220271
0.27182837663559,0.0471684892869407,1.0594701925393,0.0907450038089073,0.669233517249182,0.0686855157874758,1,0.00616149353463699,0.117322647171559,0.713505862131791,0.0379268310236962,0.690580090743543,0.0432097625071637,0.711297274567747,0.0486239997298962,0.708512213138946,0.0677997439711145,0.702591093449471,0.0944227900362897
0.309865040204783,0.0438444485218798,1.01368171913993,0.0821294834870977,0.480137486443293,0.096571945826548,1,-0.0338847164626808,0.101464863215895,0.694976399315705,0.0357954430820574,0.783362987825043,0.040003144448925,0.723953006018546,0.0572625592290779,0.778359698527751,0.0634164335313912,0.643479766524549,0.0864367180171404
0.235399682806708,0.0424981214081428,0.859274628568437,0.0720902330621678,0.568045821690955,0.0829762914720731,1,-0.0714851567432664,0.101879666336219,0.632645722787665,0.0353212464416089,0.63676799291926,0.0426580741610234,0.672181281260781,0.054879591626664,0.635838233014397,0.0727372466719125,0.594352240823648,0.0991662693350522
0.366516687028166,0.0458969792854718,1.08832904584079,0.0888401698053017,0.588810129088723,0.0820653457892689,1,0.129578016617752,0.10534201893381,0.6784964432469,0.0371848911400126,0.770815847742742,0.042296739175429,0.630094230026126,0.0555471292165511,0.710357591535337,0.0652549285269154,0.741057826829138,0.0751243270968906
0.298992994642195,0.0436053148486875,0.932251008444456,0.0763359164925724,0.618948957117255,0.0682783818769342,1,-0.0145904786304601,0.104566203771061,0.635809160601253,0.037109217195828,0.707688702948399,0.0363251346709389,0.620070910414788,0.0526841249361518,0.639006415599595,0.0699629474261726,0.598985732613313,0.0860006981286729
NA,NA,NA,NA,NA,NA,99,NA,NA,NA,NA,NA,NA,NA,NA,NA,NA,NA,NA
0.33643601244965,0.0446300670900118,0.97666815694621,0.0810132685549244,0.59672321577084,0.07451475499918,1,0.105611387646072,0.105823691968996,0.701506982519273,0.0361781475868188,0.782056048129051,0.0397802036855409,0.601094087786386,0.0584934128640819,0.624835238405914,0.066335652659818,0.808894775720657,0.0855247966355674
0.260245911748355,0.0440844079206674,0.913717830811458,0.0787889575861988,0.668374627302357,0.0603558856097656,1,-0.0403658994671568,0.111744726413482,0.697684759584011,0.0358210675994793,0.62612610741219,0.0427412945528362,0.676110934819766,0.0531493282579618,0.479366656653182,0.0779800116256698,0.718588800150092,0.0813942547462604
0.236078166377311,0.0455169375505905,1.08375281608827,0.08769458773494,0.533638949798538,0.0835751341150401,1,-0.0229501903221871,0.103595616531764,0.672263570004421,0.0376624489364477,0.696118478904621,0.0395575355286306,0.627039774898757,0.0571463305411783,0.727346048848793,0.0650541929782931,0.842052523924189,0.0746943556573885
0.271227368692283,0.0420906847830544,0.909054411749058,0.0751237451878938,0.534275386247664,0.0801861453287547,1,-0.0290596712210935,0.0986132884153931,0.696983327175462,0.035116673321806,0.689632444413676,0.0429352646580857,0.699703421971654,0.0519286006100379,0.647801269091736,0.0717267508513122,0.722999070261212,0.0951341801296949
0.310630229460485,0.0453193659109688,1.0185433460349,0.0889164873785502,0.572825400389203,0.0863080244729848,1,0.205234521023265,0.106150861778064,0.654900465280307,0.0394459141213514,0.650868308841459,0.0429743402042819,0.775184540379394,0.0506992641433149,0.739978262001037,0.0629492241617304,0.751991660601276,0.0719196341950753
0.232830083621348,0.0446295313662282,0.954445564807534,0.0788479429581053,0.603136816267308,0.0690989601376728,1,-0.168826466893404,0.104196708985425,0.73589027772864,0.0348277247739181,0.681605213120663,0.0463912233951242,0.518605026838808,0.0583640973417688,0.808055638928382,0.0594359896740596,0.710321391952342,0.0826157353413721
0.289736606444139,0.045439143688186,1.02802053668281,0.083036947148149,0.689941387882439,0.0598495041064688,1,-0.154941519974304,0.112065706364151,0.765931547428502,0.0344449622683424,0.646776195788754,0.0438739513144457,0.666724813985585,0.050790888593931,0.7695341450846,0.0663349345552159,0.713750533629155,0.0837049286654229
0.322544025677993,0.0435508696399678,0.898293851620438,0.0744186474081663,0.674076237351145,0.0589451193553405,1,0.00847579056524646,0.112522752722231,0.718420931089837,0.0356628119044177,0.726550249042539,0.0389608730775603,0.75484846316706,0.0556073090088905,0.762286616953234,0.0608535308848131,0.761905242824523,0.0859470955765562
0.324436503355273,0.0429891343319973,0.894353441412943,0.074157293143263,0.707439026952928,0.0538577817504492,1,-0.00588394303339332,0.11065740574026,0.68225963993624,0.0367212011008695,0.669135502062132,0.0417959382094373,0.656525213572317,0.0497012942775414,0.744988192785826,0.0598769931102969,0.686052599939451,0.0825006389397873
0.315911315318192,0.0442440935638866,0.978396273195449,0.0794042874634568,0.645271371127557,0.0614235248356648,1,-0.132806517577672,0.108416898312405,0.717110500504241,0.0365416390618643,0.689409635398542,0.0395841026401858,0.64733390344252,0.052038147316681,0.712943264646974,0.0591989181488679,0.646200182800359,0.0775078033960799
0.264762019056998,0.044061511052206,1.01891097731497,0.0839015179199244,0.559414854786693,0.0819670344639484,1,0.0726744144665316,0.102366471325545,0.712526861805132,0.0369624992638113,0.716463000503437,0.0420716722171079,0.569268703501815,0.0573367889883923,0.640119568748762,0.0645814689022531,0.764209785137033,0.0715120360224223
0.344181798942637,0.0433068333533345,0.861470530774133,0.0714480615026249,0.645091771501238,0.0668504105788175,1,0.102678714200567,0.109293407697582,0.726804248800401,0.0352334061443268,0.654149483507909,0.0438477923736766,0.788728470642727,0.0532075752908429,0.643295041834987,0.0645697097040855,0.66063728489435,0.0904976329262999
0.303248002329979,0.045928927793273,1.05771349907981,0.0886516740034413,0.635928522799311,0.0658979621585086,1,0.0547348572912945,0.106380328438881,0.736014013271795,0.0363076406906926,0.701803527416311,0.0413359046231114,0.710701471245503,0.0501036444984216,0.547338271850741,0.072234922881199,0.66668401272718,0.0867398641322498
0.251813553894911,0.0466781696492718,1.12074960363906,0.0943369167924696,0.497973825048564,0.0984765423997349,1,-0.00991185707619566,0.102228776207325,0.731185346347546,0.0353717336510247,0.79163264647893,0.0421537359222121,0.576292766085577,0.0611484623859307,0.774958347528233,0.0620853612391361,0.729386427176383,0.0875998403599768
0.306730888959762,0.0449489346296154,1.02473236472798,0.0848452097125399,0.567258272079488,0.084455123546673,1,-0.00750469782385883,0.101253481209168,0.655740209995186,0.0373450930934027,0.667038625730301,0.0403350835072803,0.649276359227186,0.0494180429715773,0.767979010452744,0.0578681156828053,0.881065694154068,0.0836460462109148
0.349252135222735,0.0460279040339218,1.07020765824746,0.0877855433197741,0.610550171027874,0.0739905037851714,1,0.0749568886209,0.105238296652534,0.707104453211122,0.0358366296740261,0.639812207826546,0.0433560753362234,0.813264787620771,0.048709596181097,0.722514628499252,0.0647122025334209,0.690151262992687,0.087293588916894
0.295430809435296,0.0450995142768511,1.00738311601584,0.0862829964652592,0.647621341946398,0.0731651300832254,1,-0.0756619738447398,0.109635085667314,0.714284167923174,0.0373049296249264,0.688173569305521,0.0418408831167125,0.664782718398647,0.0538411317009119,0.550487627231207,0.0714027334138727,0.765424050660062,0.0682249041248588
0.35845645502518,0.0438649254461222,0.948011163207156,0.079199969593398,0.633172759821506,0.0727447788720204,1,0.0293900897902067,0.107758461532722,0.716594933265751,0.0362606440561585,0.672040184397627,0.0389960679688266,0.715489146135681,0.0513308409781494,0.643254309162588,0.0784676720684925,0.927746604432655,0.0767221500155597
0.36477298227127,0.0443507556223377,1.02444173116659,0.0841330834074538,0.480871591006798,0.0991677893900513,1,0.103079261917752,0.101400185440556,0.677006609141886,0.0356198980752076,0.748315422680812,0.0406675226182619,0.720143847977934,0.0543001790286186,0.735618550163169,0.0689438183131772,0.719348877738526,0.0889694633590106
0.361413077387245,0.0462429545380722,1.05229882452436,0.0863292217965991,0.51048216976397,0.0954961905756845,1,0.0678505320145351,0.106946151850737,0.716293103337317,0.0359072158436576,0.632948459770164,0.0439257280910966,0.750451645689558,0.0545379449972755,0.705424393262633,0.0626780060468466,0.725360649231233,0.0847414237674897
0.307877187452172,0.0445263344071819,0.972609576690926,0.0815807642241391,0.645752852287667,0.063819756729052,1,0.0112958116128263,0.108936240360088,0.714613443285544,0.0366442939958146,0.676734964390165,0.0430061582718457,0.701581260706373,0.0544621649121829,0.680038761670366,0.0618768017330403,0.749498517235681,0.0737074916053434
0.308940909319431,0.0435337548363937,0.976184015412545,0.0802308233012487,0.556556672216727,0.0854613977425361,1,0.197850397484643,0.103290026839464,0.581313057967479,0.0391513499323109,0.700007954970297,0.0386351041464898,0.618367472495271,0.055699022057941,0.688117961120026,0.0648190321555539,0.645242220594707,0.0809676518982567
0.270626770062465,0.0455965740670561,1.08693810651492,0.0866987996049947,0.469007507167938,0.0920739019218037,1,-0.125305021607058,0.100072119044729,0.698524715568449,0.0353391530829441,0.678530681450801,0.0446066551336942,0.799367565688722,0.0504497790760689,0.770245222660324,0.063991516997803,0.822168774638429,0.083579624317283
0.187445513304302,0.045201622799607,0.99564322658085,0.0828060896903429,0.594463602833613,0.0674932863358034,1,-0.284152606523741,0.104658981662976,0.76678189225184,0.0337266957279826,0.64748500826481,0.042016177702975,0.657077141699379,0.0542790740315227,0.728677461533769,0.0668572938323466,0.70467704696697,0.0951126716840576
0.337959338443314,0.0460829645309738,1.01297146146829,0.0835944417556316,0.559803458158424,0.0943493260624065,1,0.112735762728045,0.108263701595133,0.6524182616364,0.0371415143136835,0.755991067927402,0.0401110743474972,0.645556903507182,0.0555011036296605,0.676140357095148,0.06924367545954,0.706296473183453,0.0863103520353929
0.29480583067122,0.0457559122092351,1.07370369978009,0.0880899380564601,0.532172410104297,0.0866830316003538,1,-0.0489773299172908,0.102008550608894,0.767635461233146,0.0354058309455737,0.737598713079196,0.0425050038023199,0.734635670760408,0.0541624446539565,0.73839393383951,0.0695193640091776,0.550175189152356,0.0863242152459386
0.267619932096254,0.0477227335955319,1.11243617201197,0.0914934594111121,0.663388339240846,0.0631785731656868,1,-0.0135517528797876,0.114684983569484,0.735325140068936,0.0371604344442956,0.813209848194986,0.0391679183057175,0.630600342245048,0.0607987435554181,0.791363454157541,0.0672099861987966,0.578807544550611,0.0879834762952915
0.315349353596257,0.0437090385573274,0.909687917822186,0.0753955672326453,0.702356087547416,0.0489916845059124,1,0.0328568347622917,0.111911849506246,0.718654129787523,0.0363596656534495,0.62960970862537,0.0406515465741181,0.694137862457803,0.0513178685852461,0.706753550794384,0.0670846814373034,0.759018090615329,0.0806708295319234
0.292240815266267,0.0453412137409265,0.965283030335162,0.0807450635859667,0.605944039028291,0.082596669557747,1,0.113453293442672,0.11012117914291,0.711549513521967,0.035338361127923,0.673988130559886,0.0423413942403127,0.694604668094227,0.0547915645321296,0.686809777925335,0.0691878793037425,0.855885076618547,0.0791388030894043
0.295681884541447,0.0466176925160361,1.0721238777057,0.0928980923468527,0.668204695509627,0.0626093663925072,1,0.130389957406593,0.111197106817591,0.718065458282756,0.0354632208443456,0.664757357831304,0.0431123588910572,0.746666913133963,0.0559117091811986,0.799805178485562,0.0680053439185075,0.691232262002352,0.0922589948857294
0.282313279393686,0.0443092075706868,0.96263504399456,0.0801326274079382,0.521256196793643,0.0915023631921631,1,0.031025980248163,0.105306149890696,0.729205347832774,0.0359651967324053,0.601238340849657,0.0443265146337183,0.683980087198042,0.0512449761463332,0.825452410335177,0.0624190978504804,0.599722720115417,0.090702658331823
0.282084746974332,0.042836783855148,0.877395093313286,0.0740847535946551,0.627724925420575,0.0726872257447001,1,-0.0787034436677,0.10712127020221,0.696938728863063,0.0366582442817678,0.658868542252108,0.0415995847300868,0.738000404319504,0.0478647138699946,0.681197146439165,0.0712273260849734,0.545773414753913,0.0995949608900194
0.339442406176056,0.0438689670044256,0.930955331388867,0.0787585237493086,0.637746702806912,0.0660328629039246,1,0.164793190266845,0.10805418929372,0.711070893998069,0.036437826776207,0.582004154265756,0.0446323207964403,0.686062445308578,0.0546127777026522,0.68925631525111,0.0655476663890673,0.850747635946791,0.0826844319450807
0.311713501960313,0.0451679532017798,1.07006056678641,0.0892121231252836,0.491490977109928,0.0894481306304983,1,-0.0474677194217573,0.101622195716679,0.734474437824008,0.0361475543032148,0.686291141705277,0.0402805341253136,0.680623466092044,0.0563133370233748,0.710520107886696,0.0654003338292932,0.725373860481026,0.0929290330123393
0.297134323460044,0.0428641101437453,0.853347256550121,0.069763783637334,0.741302847639031,0.0395570520439935,1,0.0235951310507819,0.111044207374642,0.747794852368776,0.0351019178067904,0.671521105391919,0.03984387274442,0.68570532045582,0.0495308201960728,0.667924169981358,0.0681634688701243,0.804113166862827,0.0892200688906604
0.307940225732706,0.046765971590939,1.17317986125265,0.0986972803549111,0.517118476614523,0.0882273162551691,1,-0.0586463721530159,0.101569066314049,0.698571638758118,0.0360996347858389,0.683217676952179,0.0448720899896922,0.745246133956022,0.0516301508775531,0.688270481603796,0.0679234485290225,0.642804235744031,0.0954620699089224
0.283994868797969,0.0442801123900089,0.998345527350183,0.08419173135215,0.643427700157314,0.0580875674218849,1,-0.0195985310623612,0.106466121136124,0.647689735692277,0.0367059141336823,0.682290755390012,0.0418812707151938,0.622246348766959,0.0532786782817283,0.64601143106914,0.0690065592305398,0.641239752393383,0.0863961266054537
0.352332738965387,0.0450883780160179,1.01685704659056,0.0868045137970178,0.579679358215711,0.0833088419899993,1,0.123577814582091,0.109847660849944,0.669753377808645,0.0378635041093968,0.680332514585962,0.0412700341013655,0.723530948015976,0.0507253895898605,0.630471454871446,0.0666984530016164,0.649014220146539,0.0884994685069573
0.211985983633007,0.0444215534571351,0.970956329866507,0.0834604763592345,0.63581134319201,0.0666086253938105,1,-0.13160052303345,0.101461458830524,0.703437192576395,0.0349061834772243,0.679334442900698,0.0420359388503089,0.77542319365696,0.0497422863737401,0.725199123640981,0.069975634909513,0.563206227430466,0.0920772801074623
0.256365375385406,0.0499415968458448,1.31916104801511,0.111635983727086,0.486393430271157,0.103210488084686,1,-0.116424120246859,0.105055507167243,0.732252821338502,0.0364907070457237,0.745643898949754,0.0419790949430775,0.699881642368988,0.0534209409492778,0.625065813208789,0.0685386944371904,0.755437682158446,0.0826228753679926
0.313720362488099,0.0441869858343536,0.988901169523073,0.079716032235626,0.5732279918186,0.0814584851032511,1,-0.0358993001596929,0.104527545088481,0.745887464058086,0.0351295585149137,0.713991308097357,0.0424422170845546,0.647067961523142,0.056604225094047,0.636583399038638,0.0649971121985987,0.717784932008678,0.0790050921484643
0.284498311761132,0.0458963350687645,1.06992049799107,0.084819472150214,0.613828240604179,0.0680408416766335,1,-0.106451103498367,0.10360542257631,0.730703130342936,0.0343025999438904,0.774150607948928,0.0386423210871756,0.772219679535536,0.0492541749355337,0.72690533206822,0.0718267779736471,0.660836964526392,0.101709010570312
0.307456024534146,0.043705297252667,1.04175419817446,0.0855390917057595,0.399054819810098,0.102191536127547,1,-0.0962554838009691,0.0982455406738002,0.723135437834479,0.0379198164953583,0.704195899721635,0.0413835882272357,0.622302837448261,0.0548969233749273,0.739664454991095,0.067745299202548,0.766015799616492,0.0834176274444055
0.346399931384343,0.0470929798118149,1.09811045505585,0.0961622208828261,0.697978075946288,0.0568917373028632,1,0.222743227661263,0.112274371882199,0.688016650021325,0.0364257964449649,0.734186070579812,0.0420011377717834,0.609009401513992,0.0601322021453034,0.711093703920119,0.0659855686285107,0.758568465738592,0.0834589630174773
0.297029567596552,0.0419111456297808,0.845583272326387,0.0720007572457163,0.591945724998198,0.0739241570692121,1,0.0746099856014437,0.10136603094896,0.674075412183871,0.0353143980855966,0.614937276495638,0.0445771133820677,0.597045939498975,0.0551099353174698,0.682430572295211,0.066173390921101,0.725275887260158,0.0818791104229411
0.207360840110486,0.0472823963702006,1.15822624732373,0.0951456663920862,0.51887687343619,0.0964224176341218,1,-0.252884410947136,0.107936866000445,0.710613360178552,0.0377483382884103,0.777073775781624,0.0410403611838864,0.71611713719691,0.0532436063991028,0.670088262599586,0.0616719072021037,0.867757195133625,0.0723261980439785
0.262990616250738,0.0443059973811759,0.966299209770543,0.078029009343837,0.56139599744784,0.086020174197802,1,-0.170531084647256,0.101567810733567,0.707833978050447,0.034130394491995,0.745892995551407,0.042777771497498,0.72773559960147,0.0525608342322251,0.56130228080819,0.0730249331289011,0.669239829767542,0.0847811101154953
0.327099549331865,0.0444365828583509,0.904080920123053,0.0767880900942514,0.616355757627681,0.0795339154872989,1,0.163146939654121,0.111190124753376,0.651376047461404,0.0360503977172728,0.632851463795768,0.0427784293994757,0.716101921599705,0.0494693826256822,0.675568774339999,0.0675077100901286,0.590566784951377,0.0859484216233407
0.338361286808721,0.0453042221847707,1.02599266295763,0.0852202310729153,0.667385279059023,0.0627823882642271,1,0.116619845214036,0.108346924885449,0.659374619535442,0.0379891143349627,0.751378999298585,0.0391730260285072,0.71420421539986,0.053762549520787,0.72003895159977,0.0641996370047757,0.713206574856267,0.0903080346265028
0.351384783167722,0.0439371014668027,0.94875784416618,0.0776288024187327,0.57002982585343,0.0808709412112212,1,0.0170402872065796,0.10657148964215,0.72045701688563,0.0371870981295545,0.653513197816258,0.0410233818017784,0.68433079613341,0.0499097593115631,0.747153069424194,0.0611266111651249,0.70613474633898,0.0703701815160538
0.305703299061216,0.0457470914805838,0.982514525738657,0.0847252951941808,0.483425412058405,0.106974203336129,1,0.138780631553323,0.110688550653486,0.626981368381066,0.0369134405246339,0.769230915672299,0.0430294766073145,0.696965484381568,0.059947526754337,0.663916321388705,0.0670977665578448,0.718691485454197,0.0862923593804335
0.405669999966726,0.0464199544684989,1.03202904468404,0.0848347542560899,0.708680466592141,0.0515401490953793,1,0.114610124957513,0.116523167883565,0.767139088927155,0.0356778291559964,0.701434224923705,0.0435110531698634,0.769550302214565,0.0518199113302212,0.721891865745191,0.0666839421172826,0.637449340891063,0.0843487378627313
0.273294998394685,0.0426470423123003,0.96405284640036,0.0805805938921237,0.556332404900846,0.0787934665390541,1,-0.103381588583969,0.100114638905552,0.642111571905213,0.0382119037072948,0.702941077302549,0.0405554803487315,0.776160023535386,0.0489151273495781,0.718533524165148,0.0640856860255761,0.53940715897362,0.0998403040534553
0.243515847502424,0.0445781847391947,1.00326185078525,0.0841780420801766,0.575941048288982,0.0797116959599585,1,-0.205220545665206,0.105535953947845,0.667211862597687,0.0348255047512084,0.719990099420931,0.0425027123608982,0.747475263630261,0.0527219734948918,0.615358118065185,0.0712417750268794,0.618381722839187,0.0848715383279292
0.356528311056023,0.0441664616042027,0.957987335340329,0.0794772846331361,0.619036307352882,0.0709257676725441,1,0.152245586443238,0.104983060335769,0.643278379348311,0.0364049756125203,0.690083727715011,0.0435829570287542,0.689916037990114,0.0532661348911901,0.633064231423044,0.0675723584482185,0.82669277742592,0.0737876030908076
0.297315245524273,0.0475043556434126,1.08865013825787,0.0898071755006569,0.670037924290177,0.0566500369311505,1,0.072885893509002,0.114078536276794,0.726487351132123,0.0374661966300647,0.693728999120445,0.0439091417181974,0.728789657289503,0.053116585174608,0.665561719108777,0.0628361145745475,0.882961700437051,0.0673236180234889
0.318106661315073,0.0458493124796819,1.08711933883814,0.091482130252705,0.600826384959377,0.0777829548118832,1,-0.00193335890154787,0.104687752366685,0.732203385742757,0.0371936995312266,0.65413969148432,0.0429473907158927,0.72908997578477,0.0509572301060402,0.700698361936895,0.0704881132797052,0.546420113390151,0.0992283588426054
0.317683412267082,0.0439207428891036,1.02602761811813,0.0864886069792358,0.551085863383399,0.0881841223101356,1,-0.00765383357988,0.099760194302914,0.714201012298795,0.0357174362606222,0.702841358304113,0.0431158329666404,0.781123601548221,0.0587246701824127,0.750428075369571,0.0696744197059737,0.646627803482374,0.0761475694842024
0.328805906744107,0.0447866583704048,0.96115830845486,0.0790241322459475,0.585632214745894,0.0766810945743201,1,0.0513171762715978,0.107238679331831,0.695750799136078,0.0343917764186894,0.696392000161449,0.0420581805945549,0.701323160721083,0.0545714566141126,0.621605025642251,0.0672059381383938,0.563606639629066,0.0881139789864441
0.235949488447932,0.0435726785466866,0.893165024813201,0.0756615832700977,0.663298260733828,0.0648827726710745,1,-0.154674952751848,0.108428291639856,0.68003242853736,0.0347025896063645,0.729971396620493,0.0404398336914633,0.618586111876795,0.0572346578904613,0.596935674085972,0.072198800845463,0.506626092036046,0.102934749968751
0.282263149921273,0.0430128993588734,0.864840934525773,0.0731686227354748,0.575739881526107,0.0800914433582909,1,0.110173921058713,0.10692886897796,0.62216447676731,0.0371732215861776,0.671382497553972,0.0412167061729506,0.698591709814866,0.0496488005125845,0.730163616390612,0.0599273134516634,0.648778258686854,0.0812197636408223
0.290023695484008,0.0438545391917596,0.935627410860035,0.076219857129526,0.640906321201262,0.0689354713611912,1,-0.0403531509721925,0.110118452000321,0.719933379661594,0.0355078086185202,0.693489040806848,0.0416161198662615,0.714789804266042,0.0511372844672412,0.690907055229972,0.0716159140931739,0.691697986721104,0.0836949397904693
0.30496557551912,0.0447077481144622,0.964529713440623,0.0822797240952832,0.613858844912808,0.0706348314374395,1,0.012739992272742,0.112678454603743,0.682435437301504,0.037532947963614,0.693431721818004,0.0430602930777369,0.654203124080481,0.0515413087596687,0.74878674647836,0.0648126177679626,0.760285813096735,0.074825773195692
0.286080266550622,0.0447175313520097,1.04912846300914,0.0853192482884701,0.408313419383289,0.0969589686457388,1,-0.0875923327962703,0.100304312771508,0.715522067626591,0.036050896481268,0.700328906493067,0.0454897287559759,0.8173731647429,0.0488503884380299,0.701723951787901,0.0637974911617472,0.671863840306846,0.0921180756221449
0.277090357151947,0.0437458499891489,0.965582193203429,0.0786433621053701,0.561761443752574,0.0741846640484185,1,-0.116075202517546,0.102959415316366,0.716468421097077,0.0351363858621328,0.747953961862487,0.0409436626042604,0.731519909634984,0.0528568875039383,0.708379367289729,0.0652847552496931,0.635762275558723,0.0867010318987365
0.315155708412879,0.0452729135706169,1.02994968225397,0.0839457721139435,0.56988032757885,0.0793050062256739,1,-0.0494587107493007,0.10470743121163,0.663271666416498,0.0366418444602328,0.743796050710133,0.0386857315513416,0.709093789959301,0.0574995389352015,0.779484058364795,0.0606507534319859,0.803894613388742,0.087408456423027
NA,NA,NA,NA,NA,NA,99,NA,NA,NA,NA,NA,NA,NA,NA,NA,NA,NA,NA
0.20645295946385,0.0479941878138669,1.11333051683181,0.0933419921785353,0.522121602132604,0.0832010190456059,1,-0.0847531413167012,0.115954745661731,0.674977323559552,0.0380323919284231,0.660084332270986,0.0426833917423609,0.697826583939559,0.0519238406643868,0.746901003729439,0.0575277737307174,0.645752140338066,0.0805729130390504
0.307890308725557,0.0456681136865477,1.08614225425039,0.0886452941224063,0.334874654493322,0.0995231349441551,1,-0.00624235544970123,0.0952394712701458,0.716883535441435,0.0362249833967808,0.769781876494333,0.0410417698265938,0.675743370764692,0.056423082102311,0.818738285129023,0.0677231524644896,0.769694137472895,0.0987043542679761
0.29619609670247,0.0476712520673982,1.22266747292961,0.105061360929551,0.451512781154526,0.111209625285017,1,-0.0138870404208625,0.102548094465309,0.716446749532155,0.0361448618498363,0.741542185184329,0.0446147903800715,0.760253952395614,0.0577183004683034,0.750230185054979,0.0636234725974856,0.7828262622747,0.0858977347545841
0.293680287050004,0.0432518148314064,0.931119412108091,0.0767276754237435,0.512673810475733,0.0892791623664312,1,0.0213855816608613,0.102567155743056,0.659235677572127,0.0365969046478065,0.681535149665598,0.0426650139115419,0.753114275734024,0.0506118250972367,0.703865068657592,0.0637290624390169,0.756717119334024,0.0821820832203971
0.335270644390331,0.0452226267706346,1.00705106089275,0.0835583300042841,0.525366880859067,0.102493189573132,1,0.131610267367099,0.111533292875411,0.674437087849048,0.0389859141543115,0.730033656951931,0.0413340292547607,0.586776076991413,0.0519984003466808,0.779975902548836,0.0576739026765479,0.732658684595052,0.0811955168667466
0.306042930793709,0.0449404171336004,1.05632783886545,0.0862697473604824,0.591420880356573,0.0727498050616308,1,0.0626109447232382,0.109564227090292,0.705418576606033,0.0381496515437984,0.714255516282628,0.0434327419367443,0.845418894995632,0.0485820661921014,0.728058138014648,0.0654827970703862,0.582285197949673,0.0947729193834186
0.303294210234787,0.0438938315186751,0.924977614484417,0.0766593615869904,0.626975689341039,0.0701676567312263,1,0.134432305533753,0.107379474816199,0.664488766072142,0.0351820400990152,0.659852580082136,0.0418314635873124,0.68317133061565,0.0545324061646787,0.586862581406426,0.0742449430129387,0.703714997470439,0.0857707599801359
0.267674273725979,0.0442564367002565,1.04738898793908,0.0848702584270313,0.560829230541197,0.0781948404444991,1,-0.0478947048416633,0.100069087610932,0.676296683825755,0.0362460438522309,0.634660381462533,0.0428645987425998,0.659976818643373,0.0500060361136186,0.666604305324104,0.0620565060617659,0.784834047485162,0.0721898342873596
0.348689143230167,0.0430343557972533,0.939261320093878,0.0785594566682473,0.463396664752301,0.0909346054848492,1,0.0956773520532192,0.0955612544493865,0.697802533315644,0.0339509303971251,0.668564835053182,0.0444841784315012,0.728213775167652,0.054123569127128,0.749676642387163,0.069946148894485,0.546777322360376,0.0863789426702789
0.282369316544226,0.0443642897533601,1.04462691967926,0.0888089399421178,0.464902295202789,0.0953628691622092,1,-0.00942724387202875,0.0960161537924524,0.695484703684108,0.0368855122734064,0.641988992237514,0.0438151697205923,0.743630417426642,0.0493935131030274,0.707128680267523,0.0679767492161914,0.75636933252292,0.085997652230494
0.343476332298579,0.0420996291878545,0.864292358531559,0.0728618659618244,0.55919644143942,0.0879256789997043,1,0.238073803106925,0.103971653612293,0.599340059632151,0.0367709481653131,0.667311558095522,0.0421939673653416,0.672424632302026,0.0507016091802823,0.634013083952152,0.0639675293044224,0.744166237496743,0.0774362921694367
0.260991853920939,0.0442590330311886,0.988254320221674,0.0823938325881229,0.6234892706367,0.0731210789780693,1,-0.155517296684116,0.106445841219457,0.762198264657958,0.0344999986802693,0.703536049887641,0.0412789686062928,0.62486993139051,0.0559474149148808,0.674635278059653,0.0710396460033145,0.536133286152906,0.0929769015168821
0.355160646030477,0.0459976902839551,1.13384711868901,0.0964413576598079,0.618921378791141,0.076584113558163,1,-0.111244397291391,0.104559085096804,0.758684504353012,0.0354633196450005,0.593784081600509,0.0459766236542543,0.766594933540632,0.0530820033771225,0.73994662478596,0.0678002679143621,0.776050205578396,0.0820468304666705
0.303731402490363,0.0433718531232124,0.908680182217139,0.0750472602630869,0.59057365247514,0.0713044449882617,1,0.189095050969221,0.105766392863699,0.673550732556811,0.0352593332542697,0.580955088639037,0.0479351750180948,0.600409941118147,0.056343791521995,0.638372267926657,0.0639483965653738,0.645102074547755,0.0774114589872217
0.245003689038156,0.0448855600528049,0.969558009839503,0.0848104154064503,0.419558949220915,0.111135242595164,1,0.0223713560357438,0.104594050308885,0.620815711951579,0.0379002789433602,0.726738517052722,0.0432600678960644,0.701949759509718,0.0583230207804798,0.687500305207428,0.0756697588517997,0.647980266696142,0.103138592518735
0.320984116796666,0.0446885089964914,1.06088037606298,0.0884197201099341,0.626189597729832,0.0623729011310169,1,-0.0645169286319158,0.103490233042728,0.729265015126951,0.0372587733396271,0.705418515673586,0.0390598736113607,0.606834644979745,0.0562014368168341,0.807463907529858,0.0577572307790665,0.738428167637523,0.0815619439749447
0.257158505230433,0.0441550641764084,0.914117774765112,0.0778890332817189,0.666876773266994,0.0667965480130815,1,0.0996702981462282,0.113598438090904,0.678899932993452,0.0388665640130177,0.620625339567371,0.0450440855786725,0.622575496979017,0.0505983429754882,0.737853076829139,0.0604669844490525,0.576290983013968,0.0964825358384506
0.231459789007254,0.044502097215289,1.05160629382266,0.0878081347097751,0.475690612865689,0.0977581928804348,1,-0.0803084766514957,0.100674594279999,0.720484614619001,0.0360113506416275,0.722079796070206,0.0418029937390082,0.682126919047377,0.056751955157012,0.66108025564398,0.0649734844549067,0.806905165700179,0.0918022456961954
0.240018427541507,0.0443915939778936,1.00523283113291,0.0839840586706257,0.626078775693305,0.063969327319095,1,-0.196900937448382,0.106023286890342,0.693866916539009,0.0365272476849407,0.712492529243614,0.0401796183814252,0.6216866017178,0.0537939927613735,0.664186806305064,0.0679010268169632,0.755669833095795,0.0824117092428017
0.328187179210056,0.0441281382184396,0.917211328161082,0.0760939585578425,0.660875142027309,0.0575665777822012,1,0.223489376437917,0.108397060670466,0.69864903185335,0.0357665172511117,0.702767407642753,0.0440547454729045,0.566450378754073,0.0516332847482256,0.62408116863159,0.0677309914094561,0.755150960483168,0.0743439068343868
0.367261617299885,0.0456539055082247,1.046093395028,0.0875897113484322,0.579391655913614,0.0836996625918006,1,0.0934312123916135,0.104511513625986,0.723593378909796,0.0355158563855337,0.723047846708556,0.0422575269514598,0.701014586674196,0.054717387825466,0.666315580842076,0.0693210284006769,0.754668136914021,0.0786330426376277
0.276487432748591,0.047476394879472,1.20466521634405,0.104100307323176,0.607289289863985,0.0712821309279903,1,0.0136528738242305,0.105735133401982,0.689138609893115,0.0389417815150476,0.753094598941489,0.0417584622546014,0.65938514391751,0.055558300067321,0.792012226832689,0.0580585512379342,0.801406236272528,0.0768811366059194
0.323779026263153,0.0419049093354172,0.920683722307191,0.0721443066079678,0.574182150509047,0.0692710600861026,1,-0.1364438345142,0.096376285952572,0.697087327477166,0.0340000100959752,0.657880615888683,0.0404537391915893,0.712498950284782,0.0499543244834335,0.641442286316125,0.0664716398753754,0.691428832196916,0.0829080058092456
0.389727812876939,0.0467349256086029,1.14782382624977,0.0946975442122717,0.609154823044464,0.0632897765400915,1,0.0317508543633011,0.105982915385003,0.751569757842158,0.0365808898972076,0.677995836224091,0.0449592090274705,0.623282276841594,0.0544818343267542,0.859849444852907,0.058154486564904,0.812474830795171,0.0702801446274497
0.281586343103751,0.0424949790014592,0.888067778855771,0.0740425453605207,0.564487052785661,0.0804104831026897,1,0.119553987236779,0.100458791854245,0.720418739373064,0.0340886032572997,0.655863008039202,0.0422009528330716,0.634811543079952,0.0533628677516241,0.631467270163228,0.07121136676379,0.529459553947161,0.104546618520446
0.182282586274674,0.0436522749184993,0.976413768295224,0.0804893237031097,0.470771586576823,0.0867857828660329,1,-0.17227311192947,0.0988593613479833,0.697312471259853,0.0371343158359337,0.67898286994985,0.0418068132762646,0.675037297573773,0.0511323337656463,0.699450070334005,0.06556208587951,0.589141872293406,0.0864644107232809
0.29570304118238,0.0453702888889737,1.00072009715418,0.0832472982839961,0.728216019936344,0.0501876842785715,1,-0.0587817005578469,0.109594415687279,0.722956209378339,0.0372685510058907,0.601365691810405,0.0440937342976435,0.681949197126506,0.0480807976976599,0.674118428150563,0.0590311743039963,0.565802886748957,0.0834136932922748
0.365875645632325,0.0437224175404547,0.976936926269595,0.0791238975235249,0.72030341897598,0.0444229770894577,1,-0.136450465141417,0.108003839882752,0.784141096739074,0.0350649353554698,0.689658907502958,0.0405926059004725,0.650807089560037,0.0541416463641573,0.708094828462358,0.0607148108893927,0.721665246758926,0.0780064587631338
0.35542438002132,0.0451241805062655,0.952712158328876,0.0803226747176514,0.677475708553886,0.0646050178916355,1,0.136776651081223,0.113151993573712,0.711918315204483,0.0345254696518128,0.739467523029244,0.0449474800166075,0.613131306449755,0.0551118607410246,0.729630289382028,0.0625757631158473,0.819475742544807,0.0710569826387513
0.264545043368753,0.0466629913173166,1.04445271410868,0.0899924656571546,0.704245837208524,0.0545630809252911,1,0.0253969716053919,0.112266892812907,0.655559283515193,0.038133475238544,0.75532191342325,0.0411008065327487,0.670389143454812,0.0533023722295986,0.614017408751185,0.0695350208822212,0.836376261757905,0.0898333651456824
0.284578984058759,0.0444035658734789,0.928897182918694,0.07973082797506,0.661240061472624,0.0616899884012626,1,0.0635837962915659,0.106761895465888,0.668182510124279,0.0362730981587616,0.705619460899591,0.0397789721270019,0.704274906517553,0.0531979098573479,0.748722293252777,0.0701999424906272,0.695624065326646,0.0799454868330879
0.247260123666607,0.0466809193802761,1.07144069625358,0.0945010993088908,0.549171343785901,0.0896802134693821,1,-0.10434835682488,0.108692474294597,0.704055582636648,0.0378929681670261,0.74290643810854,0.0428473141506829,0.657016077746114,0.0551908591147226,0.630311515328762,0.0636473887161965,0.761400575186417,0.0856096951691344
0.299123264244141,0.0435711287771491,0.946118756128288,0.0778482416166806,0.569867543710296,0.0816505927017014,1,0.105407935862026,0.105026241903983,0.681919383752396,0.0381513855161131,0.644721612996429,0.042170868830157,0.728365572241794,0.0501978622419251,0.638120420788462,0.0661908268850444,0.73207118166258,0.0831630900643999
0.346511745393451,0.0455852785556302,0.968144031531713,0.0792571612061687,0.739457992823005,0.0453008378872273,1,0.0705154372982573,0.11634294681652,0.743159482523062,0.0351038287947313,0.648513335781429,0.0425062784492587,0.732120951742882,0.0481340808084647,0.62187199979719,0.0679017859998737,0.645324576385135,0.0832897634705465
0.284841605713726,0.0456848136235721,1.0053010787051,0.0833493551413193,0.645387539512193,0.0702815394521442,1,-0.090846394575024,0.112039742443339,0.685190307385405,0.0377167170995905,0.691081381318674,0.0416531909716266,0.655800733884556,0.0473646604004729,0.56552820800828,0.064608273982471,0.807288081775267,0.0757448080418771
0.358214618174215,0.0442290333664626,0.997793916499085,0.083223521901367,0.67103748421164,0.0661491998657724,1,-0.0457026442376002,0.106727915535884,0.663843726039197,0.0383032683305528,0.699326242231632,0.039815464050102,0.658475669954757,0.0484135614628209,0.640820950788754,0.0670044761639906,0.661318165164901,0.0856740970862556
0.22968802885814,0.0439927139997069,0.975237864738668,0.0819349519385132,0.605600664846701,0.0768040476806065,1,-0.0887929043235874,0.102832065043117,0.676112967795497,0.0355787557788638,0.722854399945592,0.0416768823745708,0.753013036627583,0.0574450862659714,0.627679876297089,0.0794589334433849,0.686989044952626,0.0919030259160078
0.371068343430359,0.043424302191224,0.954371638525897,0.0796420725743632,0.625893640285117,0.0740172348429325,1,0.00453673033268654,0.106112224150594,0.678527185861088,0.0372174433583489,0.631873990715673,0.0431285595629269,0.637613134667232,0.0521861313584334,0.648026359444213,0.0665331568434975,0.756444070866228,0.0830552462047099
0.280291955654631,0.0447021592337505,1.04934346255162,0.0881201399951424,0.518263933267037,0.0960652522269205,1,-0.068849056753284,0.0994249201945515,0.689760844770093,0.0350734178597247,0.63956238805588,0.0417744002123013,0.746583459533362,0.052110004723634,0.738807973011141,0.0654618754504222,0.665183533996223,0.0933398505420019
0.370313408161878,0.0434020168578633,0.935533014582727,0.0773809764417307,0.622072306709157,0.0720832058091168,1,0.173139486938117,0.103489659795189,0.62491492515711,0.0370910452083357,0.720527585701121,0.042546612869416,0.710307313041848,0.050994580614975,0.727443570371711,0.0638032352388191,0.554354169129486,0.085243673823388
0.349001840438267,0.0440737707713888,0.955685167865273,0.0792272062271387,0.582236351629934,0.0877101555350845,1,0.155485619350834,0.102192650430312,0.663017308925409,0.0367814350704878,0.663181478058222,0.0445543118321836,0.697741037082314,0.0494928981327065,0.841759889038005,0.0566848176730139,0.789019689803749,0.0809252957605818
0.277703519008246,0.0454189036608553,1.03701446785985,0.0867327636479887,0.514315646280556,0.0997685223682107,1,-0.0303082054313586,0.106650457606889,0.686438062785703,0.0361942270974243,0.703914251284385,0.0438492281376288,0.647261101491272,0.0545121157293386,0.79237837273279,0.0632925384372829,0.701737934001907,0.0773084531665939
0.379243252238257,0.0470526936822502,1.13101550634245,0.0923850326499625,0.602335329854128,0.0799821277602306,1,0.0790184853784714,0.105543815371375,0.6788338982682,0.0366685821450304,0.709406208861014,0.0438403472405443,0.716342681739772,0.0511131113304,0.703389150710284,0.0628222279222781,0.650230055668796,0.08538708228459
0.272247031587759,0.0410028647271681,0.750261256154653,0.065422172391499,0.673625776520897,0.0625092155683575,1,0.0301436498876575,0.107971419832044,0.651752328981273,0.0361365109007931,0.658720872892825,0.0451879925452525,0.582593653796651,0.05416585100211,0.66175275149068,0.059037387086645,0.723397794137216,0.0817809020994352
0.312436979263682,0.0466187919667383,1.17576512273165,0.0964369981642314,0.570616349741609,0.0902742807432588,1,-0.13965489180253,0.103088391453298,0.722407965604348,0.037473318763692,0.785758128667744,0.0398470177291075,0.684229768782631,0.0593311495633115,0.851181488031231,0.0662477702597157,0.610857085685476,0.0877701714597444
0.431105237917759,0.0448055808802425,0.9333344676434,0.0802241643154845,0.564575686750376,0.0873852590141291,1,0.244957328758682,0.106051960889192,0.656040154892184,0.0363473631313933,0.680818568794849,0.042421423277737,0.751434211295147,0.0520954488287095,0.692699341236014,0.0661229443662714,0.767251907000736,0.0886008112037163
0.275745631676396,0.0440401924237914,0.959117646049756,0.0818104489715033,0.592275747099508,0.0730360659535248,1,0.00621690926172176,0.104076199401263,0.700754383322197,0.0367507269152629,0.707373396647457,0.0419264338257969,0.626052493067344,0.0526814425632278,0.772198952981751,0.0613374626649154,0.640452994896627,0.0786466109207675
0.340761975369268,0.0420859565372729,0.871188027084897,0.0716879546217949,0.489059691048576,0.0888144535194594,1,0.116312996115847,0.0991742419589475,0.642594479894069,0.036401669533684,0.635654187799215,0.0418957124645372,0.770735246015258,0.0489013496937293,0.707725522950333,0.0657681659810351,0.596422621563522,0.0919895584605981
0.352489782289606,0.0454072127568264,1.08011356607812,0.0885796812351793,0.635377424644181,0.0663307017665567,3,0.163828817907279,0.104323542247128,0.630279493173211,0.0355684454657712,0.698725206684069,0.0449393549441551,0.665909713240112,0.0541888537450561,0.639798044036156,0.0661929520448787,0.637737205935884,0.0799608694235587
0.330612257579043,0.0451094790079679,1.06562702846555,0.0844754465304022,0.597346262571679,0.0784157349471791,1,0.00263624404721937,0.102638475534308,0.690847975478008,0.0372367137994224,0.722144228367416,0.0421834680249979,0.693498626586166,0.0539855041548292,0.717381374336162,0.0600973211629352,0.721379945669092,0.0771506860132831
0.320237610849504,0.044918083102922,0.97993369459086,0.0836219168193522,0.624717753738153,0.0775419491346222,1,0.0516544233767711,0.107612487666284,0.618097628273826,0.0405952134873054,0.735208776130455,0.0398028435073443,0.753296785660092,0.0531110625739079,0.720955928902179,0.0590321050603534,0.757689705033645,0.089033300247688
0.328428956359872,0.0424885602246806,0.950959584684044,0.0770184182405392,0.521298407855137,0.0847105887674936,1,-0.0452864347337736,0.0976699539048205,0.726535882797197,0.0359210797704828,0.753445813913327,0.0401838659301148,0.642471409974442,0.0526790712612841,0.65534280786519,0.0658301376401275,0.674709062079051,0.0929386636714489
0.254180381714855,0.0458832664178576,1.06135457184077,0.0892999977405586,0.573406557882852,0.0848695871800754,1,-0.133539338250947,0.106874793186193,0.652685055804015,0.0383544357363209,0.751551525009545,0.0403792496908341,0.735357965182991,0.0510014309371229,0.661390146922106,0.0678345719575385,0.834452150380199,0.0731619248511619
0.221470038850075,0.0453378815879516,1.00750546729257,0.0858313673327442,0.644422270519652,0.0632443584286562,1,-0.0656712761590116,0.108246538938978,0.655079755771781,0.0387967041373035,0.683966717597155,0.0443245185550759,0.743942667816203,0.0532287250858766,0.729187878122773,0.0710239249140099,0.693948154139047,0.082863678142611
0.251187907391808,0.0458384741177679,1.04625505084183,0.088053302190132,0.591085125398117,0.0763757902065339,1,-0.127067965006368,0.111937981878584,0.736056750461612,0.0365238340509807,0.68523314919268,0.0443255696252054,0.691293174344629,0.0525023123424473,0.715080488659058,0.0612797709194585,0.730474656321507,0.0697381405916894
0.26308039126524,0.0438379771147739,0.919461709293338,0.0759087255638238,0.617770885510146,0.0668656160008855,1,0.0893637235784129,0.104040130025827,0.603398957032221,0.038013201779827,0.768577320725277,0.0448819869285571,0.547671949142055,0.0590235949405261,0.615530935059721,0.0667251178084495,0.730427778328981,0.0766324589249589
0.297449875299939,0.0436621937979147,0.981819124641977,0.0817306476612987,0.577133869304974,0.0784319426730468,1,0.00256946779015325,0.102330657511733,0.661099125534603,0.036638747943324,0.767335140834957,0.0394665932843768,0.705223983250929,0.0521761914867235,0.630328066074529,0.073787891602518,0.80923773364736,0.0869655404192553
0.252521404109334,0.0447951765296021,1.04287613643576,0.0899177483446598,0.534647449645125,0.0863383621441434,1,-0.0229933053031155,0.102203137363528,0.664973403104717,0.0368260609509888,0.806879328547834,0.0403154795187328,0.612397128836725,0.0553066751518896,0.719924084999183,0.0645408106765603,0.658755249430479,0.0921287018581697
0.293160026123071,0.0468594163619734,0.926882371247056,0.0836590858783349,0.71268341422,0.0540246557992236,1,0.244927620368003,0.122910556167163,0.713320842778028,0.0351248302778108,0.639255425189707,0.0463275820935092,0.716158069032982,0.0520412653050814,0.61826749495817,0.0704220378614809,0.594727273877822,0.0849375655430372
0.341309636679369,0.0421537053236718,0.912799287821706,0.0721731706871211,0.535840050728996,0.0799149902840908,1,0.0127999225184417,0.0990621685879744,0.612833905272802,0.0364790339033424,0.65838020733338,0.0416633375816427,0.700947525063857,0.052467557405917,0.726838436323234,0.0604690593264916,0.724001031832185,0.0779735364669609
0.315735880452479,0.0450191421823969,1.09103152009254,0.08910144779642,0.474778453322049,0.0851593980566755,1,-0.122950677830719,0.101381661545275,0.663257724919668,0.0359562010300186,0.688609664761699,0.0412447501499481,0.740035230403721,0.0506824105289587,0.818980426421808,0.0599575743505906,0.711417749860888,0.0854106554609982
0.249860006568662,0.043075703430308,0.876904227039914,0.0752945801933198,0.621889700309815,0.0717742692909299,1,-0.0958239678366792,0.107500524352062,0.669078333497221,0.0379948433741058,0.674785189286147,0.0430134628458613,0.708001910667501,0.0529993311410595,0.567016383919185,0.0698951611223928,0.6336389319814,0.092104245987598
0.38059893293348,0.0464174463233829,1.09945274436595,0.0911136655315609,0.578848480612895,0.0873062261678464,1,0.106762252193415,0.110799529411771,0.695077363508119,0.0379375420968638,0.710423090599818,0.0401363173851257,0.692795040466601,0.0544681344274101,0.783584817740866,0.0665471163079798,0.713744323575881,0.081773993918043
0.372538128905667,0.044812283637913,0.919688964916838,0.0795047795457564,0.659524809491071,0.0671510643710322,1,0.143788061584491,0.111609965636552,0.67723524471291,0.0361581442645273,0.730930974521127,0.0402876168107602,0.691010339367703,0.0518282398393253,0.765198371811774,0.0667050911670741,0.719845169894754,0.0847238774227831
0.297013141059156,0.0446595611919523,0.957281367321597,0.0785279012092009,0.50643297904476,0.0918926740682044,1,0.0135340449021804,0.105599870119843,0.695795799217182,0.036113226326963,0.750448013741926,0.0409274568000166,0.624703693549361,0.0570239593392269,0.796371835866328,0.064496682492085,0.670553156456668,0.0910446954996383
0.272127705530995,0.0459933031991699,1.03711899232142,0.0873426463556941,0.59196137323172,0.082842397811282,1,-0.0893230111925381,0.105594018929547,0.667896922165142,0.0355935055522801,0.690936646415345,0.041547039465111,0.701139414875601,0.0568033463216599,0.788800083010297,0.0609248644887974,0.640712913426251,0.0908613478476019
0.302483838352453,0.0447205203999082,1.00983712552928,0.0842482102619055,0.667261499344364,0.0577871246697833,1,-0.0665407911898012,0.10458663620903,0.745796945040503,0.0347450842422073,0.654994935057212,0.0426884446513928,0.746534550820429,0.055380929634277,0.738220928751772,0.0688037325210932,0.731717122974825,0.0876728521460274
0.256593121854407,0.0428442005383606,0.979236677751135,0.0776789039196614,0.546455421137128,0.076247247807489,1,-0.110492162937318,0.101180985939285,0.65002726025479,0.0361495570688609,0.713702398232744,0.040570510723951,0.663346447687059,0.0541623056026645,0.743647021242198,0.0647928046333751,0.626996454369865,0.088242850360406
0.301008467674402,0.0450751544896265,1.00986487776157,0.0845210277468436,0.597724473898762,0.0800818169703862,1,0.0208353375465102,0.104734944418093,0.729896894832204,0.0355540603511207,0.63371058348018,0.045046026307325,0.71339240916649,0.0524193472793155,0.712513739676611,0.0642764342518248,0.655241096606817,0.0872508802706001
0.197006690598144,0.0452138355697108,0.977221266664285,0.0797752822679185,0.559067125727609,0.0799489282144174,1,-0.137509881208462,0.102849575663161,0.645477673007844,0.0369262370832641,0.708296297167575,0.0404750778081713,0.662016130086458,0.0534139146268516,0.692317338651518,0.0634107610603555,0.771806010709414,0.0945560749012389
0.287677172771697,0.0451676479203197,1.02279327567634,0.0852553311165278,0.513161653024399,0.0846006956565005,1,-0.0988650145369661,0.0996930531916751,0.688659415111638,0.0355589067848805,0.70154272074572,0.0414348191661903,0.707324997085394,0.0533186453935805,0.679877669437121,0.0693039740923914,0.616525544770438,0.096138098093206
0.322647750873839,0.0460607289919207,1.18449442021553,0.0981724015812076,0.493105509781935,0.0985888831674476,1,0.00397328227188046,0.0965876620207365,0.677559018740168,0.037888577573156,0.805995134985955,0.0436753858439727,0.764330922862549,0.0553426523064717,0.754246407388078,0.0706326091464344,0.781985330097224,0.0839412241595324
0.310653588605061,0.0461650806206858,1.08478585202971,0.0901698230977939,0.522389842702089,0.0932629792615271,1,0.0317519876675523,0.107600502005232,0.67373308182379,0.0354211309488457,0.701048925280062,0.0402792688306439,0.675580597173975,0.0529745427970661,0.749664814076931,0.0750908648700562,0.698666034986509,0.0901350954274551
0.285649552235225,0.0450853286852948,1.05574718762387,0.0887338443342265,0.589976825467708,0.0780766007112067,1,-0.0810373501925233,0.104741571053603,0.77743578595897,0.0360233175469005,0.688612430455066,0.0467887424895436,0.582504037621799,0.0529543807049871,0.64674141721631,0.0681478870557474,0.79502381941417,0.0751433485371777
0.296120069465198,0.048413127622603,1.20255175466177,0.0980291411098901,0.619729845079543,0.0721702783971873,1,0.0369462067346315,0.109198438277305,0.727060305268416,0.0365631833788967,0.690827631292873,0.0430033615216874,0.741194890230849,0.0569801181976353,0.734283438747393,0.0696171726596966,0.750042097031275,0.0870203415570675
0.28609344578483,0.0450342354716706,1.01036497984567,0.079481872744341,0.636220300255591,0.0725625699806912,1,-0.13246473930227,0.107924533017471,0.696175292065387,0.0376649430901799,0.663974874290696,0.0437383016153245,0.768207476651366,0.0472036546230224,0.733727999046131,0.0638198317431187,0.820773376559186,0.0661802241566392
0.236082215175801,0.0438065455849383,0.949160662821474,0.0793178281522677,0.61620228384909,0.0801286614236204,1,0.0222283788215018,0.104583703408072,0.65295736951698,0.0386067335649944,0.718534392441718,0.0413991332336389,0.66303666276104,0.0575142404635127,0.585418062075579,0.0707659801397791,0.641918636547194,0.0817824167992458
0.291661639313104,0.0459666072080872,1.06544122799777,0.0893417707103391,0.6412211834058,0.0758925439626972,1,0.0413433808598319,0.105866760194315,0.758864606660185,0.0362829702200546,0.695020683701866,0.0424863868326117,0.706782788363449,0.0583724624188811,0.718715281311284,0.0753675479992377,0.840952788597538,0.0879985371093024
0.324135211398144,0.0444789475616707,1.01077487411591,0.0814583864673656,0.47330886282134,0.0981077004606046,1,0.141864093384739,0.0998239736378177,0.709398947949312,0.0360826553535988,0.622089198554645,0.043949880676471,0.721907132857899,0.0506167709280937,0.795626462038553,0.0665591892387243,0.69327409928336,0.0936683678280464
0.342622822770384,0.0435051679536447,0.94100969857087,0.0785811308394528,0.612049648120307,0.0790409242904948,1,0.0598928258197583,0.103019504595069,0.712651961395625,0.0368429922731404,0.697593205750542,0.0414060785675397,0.73582996952908,0.0525812427337608,0.582775742138165,0.0819474139052383,0.840036461660863,0.0722557604758924
0.293490388087875,0.0455896927362483,1.03846567283091,0.0858085992079592,0.605932298022716,0.0786412678314601,1,-0.0836221640937432,0.10690224568623,0.717239818086028,0.035790008952802,0.697871001508736,0.0408686184677827,0.705373528091359,0.0545717282695929,0.688792740358124,0.068024996376291,0.71979179061467,0.0827266802882503
0.274295087140154,0.0441090610478643,0.973124122596565,0.079072957283494,0.582948657533828,0.0791761681260278,1,-0.189051076878024,0.108467397813196,0.713262340421597,0.0370438719863108,0.738741409237929,0.0390007776624346,0.689620880283673,0.0489698746510911,0.727029115012087,0.0629839671926639,0.534757734656417,0.0936859664656838
0.364721913882772,0.0453786978956733,1.0232993767962,0.0891231477220803,0.763842817760831,0.0447784574282193,1,0.0918462320049018,0.115650583567357,0.749287451206072,0.0402525855182712,0.725989505175836,0.0419849884802844,0.616712087666523,0.0540814575747635,0.643652298043185,0.0718812758258178,0.719869822470247,0.0786893363517104
0.373453093373265,0.0473286062026499,1.1263059393651,0.0911462693621307,0.574072170409766,0.0839751756566233,1,0.0638551482294459,0.106768769846046,0.723126482771004,0.0368963439734745,0.678616216044486,0.0406212851639524,0.852692944828368,0.0484594707564736,0.705376545581858,0.0676515691442494,0.760697519658101,0.0872573956112101
0.342923440243952,0.0460576959689823,1.1300030161095,0.0912794162252228,0.495076519412238,0.0960939484518181,1,0.0326578925807463,0.105506183915149,0.691886008450331,0.0357164041226493,0.725001644271657,0.0417335737947669,0.779710743896176,0.0535220895539406,0.643858324451225,0.0690099457682249,0.848671439485863,0.0756867083514507
0.320421180586512,0.045787170464361,0.99071094847659,0.0843426933123511,0.674056967758511,0.0617792886849623,1,0.230165431271555,0.107358013161363,0.65718144421071,0.0367851382704958,0.691276605266963,0.0424451226521288,0.615742948788992,0.0535959559611894,0.75764714195719,0.0653013073189164,0.661331277436406,0.0877416867377913
0.324791415685305,0.0453471919348088,1.00744985857479,0.0837564025545151,0.612747586368479,0.0761281838632352,1,-0.0583920426645165,0.11064505104911,0.756735744217056,0.0364275607775044,0.58963277158231,0.0436284994857984,0.747269754098954,0.0481103835628987,0.733788893482992,0.0664342300206131,0.77036038038723,0.0794020524621435
0.250591374353535,0.0471465251500157,1.14627132571977,0.100152653790174,0.570217748235578,0.0984281320446744,1,-0.0470566034636632,0.105828140595146,0.696064780507847,0.0374844704100518,0.692520791847811,0.0436862579726427,0.534305187269627,0.0634323193762646,0.695038774007541,0.0693815359170489,0.65843160310853,0.0797271071902629
0.280456408669883,0.0480578872343121,1.21481825727606,0.101305154435804,0.55487941277495,0.0889615456345972,1,0.0881490907341181,0.106195843517405,0.691949830575691,0.0358523415850094,0.7262399305996,0.0435189627120998,0.695530237916759,0.0580660777306046,0.747839785758518,0.0662252533323696,0.598441355557094,0.0862527336279044
0.299758204590529,0.043558759510335,0.957384260538457,0.0794844743091409,0.636159652130487,0.0666422820510178,1,0.0894827701453973,0.104985920040333,0.71234732743904,0.0373956017898351,0.608640292856722,0.0439045947363337,0.614502895528847,0.0507490158269452,0.858388664333192,0.0547347563503366,0.772042748781863,0.0919148618759471
0.334934506376378,0.0439093982768393,0.943257953800919,0.0797170709895736,0.597423041331809,0.0791377073723594,1,0.101899232057782,0.108610214432974,0.681847006307794,0.0346450822454935,0.656355283779558,0.041469712713331,0.675043133087157,0.0564368500905444,0.707443615884925,0.0707811905709083,0.688401563540751,0.0935041104157421
0.287165469777081,0.045639326651577,1.01612235331735,0.0868029086926062,0.716214681166542,0.0550862857901263,1,-0.129493158978824,0.113163618715193,0.739011551600712,0.0379476704791887,0.699206537359357,0.0407813754118074,0.649661422687698,0.0550830373168496,0.651782139948115,0.0688009517223812,0.649499505868984,0.0878290780225287
0.344718559760604,0.0450230887867127,1.02391704455721,0.0852493310242523,0.658241671210964,0.0669596599869983,1,0.133753331636166,0.106916514145311,0.746467192786352,0.0353303554140223,0.651137294537277,0.0434772220426756,0.683783466488128,0.0566866156831556,0.697415812714652,0.0694672000096264,0.674036430954939,0.0742938600087825
0.33060148511041,0.0456548797737153,1.07689502994509,0.0886476979209966,0.505326109966802,0.101731608487729,1,0.0376026518658003,0.105769033493475,0.70615037978092,0.0352304522681047,0.697924743321873,0.0434795545245096,0.662895336883696,0.0552289189989893,0.631362737151414,0.0641184577942876,0.740487786290014,0.0780384828352429
0.307337584197519,0.0450899871107696,1.00152960063332,0.0852439607127127,0.555154014878848,0.0878777311517444,1,0.10559275117576,0.1101289013065,0.695679985085504,0.0365097333975941,0.675504356204301,0.0426104829904867,0.651578313267835,0.058546595796803,0.705021239669931,0.0660945668049855,0.732499412435697,0.0790806702972196
0.370789444860201,0.0455533315918902,1.0587232868465,0.0883347158414628,0.526402686339334,0.0952199089871664,1,0.135612238127047,0.105115759649127,0.692465375855644,0.036973222160394,0.731769837898575,0.0412341253747582,0.761907678672939,0.0523346130961685,0.647538732861821,0.0747427287019747,0.635038405201432,0.0880446809825769
0.318396540751558,0.0453014844774886,1.08779491993059,0.0878986528815876,0.511095006005578,0.0966886065704985,1,-0.117225415980037,0.10063193786449,0.738962078755172,0.0351602949582808,0.735283992803539,0.0416329659843519,0.715701239063021,0.0505953703192826,0.635871718342979,0.0701918962410155,0.779062084449337,0.0828317626787624
0.372990994131419,0.0450884120114615,1.00314060094367,0.0838233725992834,0.639951307715331,0.0617200774768272,1,-0.0406567605519691,0.110917259252363,0.703348025569556,0.0362229593619106,0.72889572841152,0.0410783151888946,0.676110178343417,0.0519550006889805,0.796939652592797,0.0587416580922537,0.593615160705498,0.0880836491265463
0.302361877455455,0.0411316799745907,0.811438316362499,0.0668456335426737,0.544772453433898,0.079050697733737,1,-0.0476391325617795,0.0996588999310391,0.751860674949669,0.0344195883682499,0.644131726563713,0.0426795964852448,0.627032228425748,0.0583678787041319,0.677679063564736,0.0630140551195578,0.638489991000547,0.0896047225401604
0.318083269337862,0.0425270508520965,0.908667592362668,0.075428023701907,0.586480332589472,0.0703288862373177,1,0.0252211447162533,0.103971786358025,0.721563797753951,0.0364626492461103,0.68531364348147,0.041707157897666,0.648701868309767,0.049884142492541,0.667609945429601,0.0657334156679733,0.726870129090465,0.0909435978070985
0.345003134556455,0.044753795418344,0.891760729811979,0.078223078407528,0.76877162047961,0.0382088277487311,1,0.0910102479561826,0.121593780745641,0.739775752417548,0.0383310055478258,0.672110695235442,0.0420285514751145,0.702159255624118,0.0511611829322794,0.610472777315157,0.0669850192294411,0.689576514006875,0.0833478502411382
0.344445339418505,0.0425699522017677,0.896863702799871,0.0738691568684384,0.665455029282882,0.0583841082074715,1,0.161962085913157,0.108451733259701,0.712932132138799,0.0348580375109616,0.636012117275766,0.0422045357445066,0.760897197258333,0.0484434981897424,0.537543066177499,0.0676621106983658,0.883658102010712,0.0779596390721242
0.399431575290319,0.0437083955828152,0.952696243785902,0.079415402726572,0.620769512741067,0.0642441174743289,1,0.0922611160022701,0.10594619724252,0.681791195635899,0.0373883237922974,0.66869608862535,0.0418671140863256,0.630540814581519,0.0495997332246391,0.781839022561548,0.0579078665210164,0.687443173625755,0.0871481038011625
0.367062007837958,0.0439870384517576,0.981368208808177,0.0805154004019826,0.53104181197331,0.0839588704705867,1,0.0931658831325793,0.104430557720418,0.703750456989924,0.0356968704152488,0.639995965775083,0.0439972794465081,0.668522986410792,0.0537557006230959,0.70154824253035,0.0597144079888209,0.711188928103647,0.0800714010062574
0.252389667359059,0.0427031413628154,0.963043949535022,0.0779869002779788,0.589361318770684,0.0720458893714526,1,-0.0852253428700701,0.103101050659968,0.680917661162289,0.0361165130438078,0.683334211448265,0.0417247185572986,0.651671520086968,0.0523702283941412,0.72218640704684,0.0610869577483754,0.591181045509332,0.105686415643677
0.327533997899467,0.0441551798462735,0.950378525549266,0.0812402529731935,0.583905669665025,0.0828486516832811,1,-0.0772233825525716,0.102760235183586,0.706068657453851,0.0345309845842816,0.690276807426513,0.0444598679716332,0.744528184788326,0.0531912441802401,0.691897579029042,0.0657969086286747,0.648695222057203,0.0890458666299771
0.263305305532663,0.0451270869913132,1.0478350579167,0.0880348083008484,0.531163331830552,0.0898619906191202,1,-0.0974629563575986,0.103131077626428,0.690309725423346,0.0373437017389708,0.726373480647694,0.0418205083725318,0.737401658839865,0.0574181240482627,0.704387115655355,0.0679267330964338,0.766465222681372,0.0786590061202086
0.310706102610917,0.0452996238334929,1.07255542200264,0.0908080870234576,0.652612954167815,0.0718719432349356,1,-0.0962626899195662,0.107075668170419,0.670720013641453,0.0368556186951066,0.749179457376948,0.0430877331218391,0.676624151130439,0.0540598238160213,0.750053540515297,0.0649914107766867,0.697129054538972,0.0847773695818845
0.394618253369921,0.0446877442526983,1.01590463439149,0.0855704293767732,0.483694440808336,0.0932808304888029,1,0.0102606353161159,0.101933939048124,0.727971292522288,0.036295920799715,0.715844789950109,0.0434681732486894,0.803856741254356,0.0522889637009398,0.822565282239662,0.065591372733076,0.629639308096373,0.105350554384136
0.317494765746729,0.0457879740974392,1.02284350419223,0.0878026953099806,0.688088363277385,0.0580968662475891,1,-0.0175229624912961,0.112840705980412,0.721799559060141,0.0374370902273377,0.716849812169654,0.0428963764469626,0.726474628729609,0.0513260862818724,0.575750853613109,0.064613902557896,0.655996101069506,0.0794127697358112
0.314424675703497,0.0415693814650379,0.815641233576374,0.0677934665392124,0.632897310482183,0.0630665923782658,1,0.0338197221891756,0.104352022935919,0.704648249524333,0.0358385770276629,0.692682723005333,0.041777565910585,0.617092686322743,0.053704330512498,0.650268889493856,0.0638028204434291,0.785206441474013,0.0738043372423789
0.342061495488774,0.0427477504008862,0.843976718019191,0.0722613041180372,0.649630143581915,0.0697969333913484,1,0.10985526825711,0.109975982817766,0.755112417446485,0.0377924029380016,0.664945544755681,0.0420108862671968,0.67704235582092,0.0523897644068679,0.701090224349246,0.0651160254193275,0.634903078929556,0.0972271584916185
0.313464290991499,0.0425838435970176,0.937461371035223,0.0770201099465095,0.530907116617508,0.0816082692480608,1,-0.113290327155407,0.101712555559392,0.701055509724367,0.0357118611782894,0.722319806144227,0.0417875588291753,0.744191287663199,0.0507060053996069,0.55770467041865,0.065988875342675,0.819840487703685,0.0784491855164399
0.266922911243748,0.0453001507217856,1.03633831950865,0.0865515156910003,0.576904633008906,0.0801565177074557,1,-0.0346446105896547,0.105494553822014,0.769704385692413,0.0350661641411306,0.623736655824712,0.0462000292713252,0.683878374335828,0.0538265627796909,0.730241583740518,0.0637832359079313,0.709621554941759,0.0876840868423476
0.366733203203628,0.0455444514857258,1.01402359142388,0.0866782022060599,0.647209708372861,0.0663230366192308,1,0.163802552190963,0.109384364644754,0.698246861940926,0.0370676519089704,0.668531736579591,0.0403900740810703,0.699054310865787,0.0527726648228279,0.67670193996061,0.07350111613145,0.627500146739547,0.0964944440024387
0.312501959009609,0.0440676643125111,1.00591274381848,0.0788852744044549,0.637505489959572,0.0599607387958811,1,0.0666382502181483,0.104526547770145,0.749313662580839,0.0357599590532421,0.622707297096932,0.0439106711033258,0.698041850153266,0.0537796530521026,0.741282973392696,0.0574794693962424,0.786709449410089,0.085049522130325
0.344220781157213,0.0430424812394374,0.894349593872068,0.0755038911059081,0.55469830070093,0.0884161778332571,1,0.0832098601650949,0.106540828864321,0.66068610023578,0.037579438009104,0.71198477589808,0.0405679123010884,0.707384862457117,0.0523623895637966,0.677865777205408,0.0652333565443583,0.742860212763708,0.0809941781635094
0.316682324394599,0.044690171933635,0.967571489163063,0.082847943917946,0.607759921477205,0.0780460329257387,1,-0.0656953676299565,0.105553431843392,0.67449273962444,0.0367206877570027,0.632750043349756,0.0424342334587663,0.653272957868717,0.0502497659567344,0.760614788586471,0.0680955077411915,0.67063381506739,0.0906916426017043
0.316684283127366,0.0442219314769455,0.931513421108693,0.0789459857550464,0.668786676831827,0.0567963771046532,1,0.0969298756187067,0.110993463359963,0.627110490066527,0.037485614344144,0.682171663871427,0.0408524158474056,0.694933796549729,0.0535675951754503,0.642882327085531,0.0635424192740889,0.707809409206061,0.083882875166986
0.301000459397689,0.0436321196042198,1.04200986624255,0.0835311895629027,0.561086697264901,0.0782346803083676,1,-0.17380467778217,0.0990135929876673,0.683692856580729,0.0368369878972021,0.707597577905766,0.0399926639943165,0.680840793987931,0.05067581582196,0.635644587515932,0.0728404256855151,0.647180753402166,0.0884385269155358
0.210099179074487,0.0472614773259637,1.11605366239723,0.0938226735461869,0.656025740860897,0.0651015657196658,1,-0.0195051542825039,0.109060140308232,0.705469515066183,0.0374702704887688,0.696172568794597,0.044532101609807,0.688322873556809,0.0540257578700873,0.556827617240798,0.0721774644920176,0.715563599243648,0.0762207890835551
0.247166584979853,0.0439091592036361,0.938526345703396,0.0778361258110061,0.625856503075152,0.0655632137020291,1,-0.119965961027484,0.106452092682382,0.72793536478264,0.0343723105157331,0.679833471714221,0.0430497130401494,0.692674262130507,0.0533908310034445,0.741891958707886,0.0628521164876898,0.627582709565462,0.0855432974942468
0.348909937220467,0.0434303456576545,0.93581721057666,0.0761150450721723,0.529734756365646,0.0857948535259211,1,0.0475411642797393,0.103926299857308,0.653154179314642,0.0361967677806283,0.740335412727397,0.0419376695319042,0.713482269598181,0.0516321473772327,0.693383027298242,0.0674192956433804,0.546194121465455,0.10157240927495
0.287939285030477,0.0432504402974438,0.818216146674953,0.0685298127144156,0.65387850517602,0.0639423869378033,1,0.0436410398170756,0.108257402595524,0.706370373026699,0.0347776264678514,0.654342225233716,0.0427530787151529,0.631406474247941,0.0533789409418226,0.588886739699905,0.0667080831577472,0.527726108278744,0.0888125064803734
0.348471548630377,0.0440552493164671,0.998706455691977,0.0793015215112646,0.532717043637898,0.0786518388925437,1,-0.0585706483723785,0.103261196761424,0.720259556957155,0.0350978797117895,0.705601819549797,0.042057060929899,0.765919345704985,0.0523569798053125,0.724239336773311,0.0623707707930975,0.766136561184811,0.0839403715763547
0.333967837033123,0.0422986881297269,0.892368721288014,0.0753168148957619,0.689621897934506,0.0562928200058216,1,0.0407892137476163,0.108988317077913,0.67153519383993,0.0373979244871977,0.655769156886838,0.0403495949474721,0.666288433895129,0.0520523021107127,0.565435172305801,0.0696637609636652,0.825350583594774,0.0749480780026807
0.297330998629862,0.0438070321075115,1.01518082748435,0.0824344206264329,0.496900014318327,0.0883779005504048,1,0.0934216799409415,0.0977426103944092,0.660797538170832,0.0365421587063497,0.69257694540124,0.0403630217642345,0.784418721549701,0.0530311599805236,0.780758727216804,0.072542846284598,0.598279925853319,0.100488532160673
0.269722965043703,0.045174666810813,1.09140087138819,0.0890123130165545,0.609777753842624,0.0692140053020297,1,-0.0549016325077701,0.101446383949887,0.730303102507007,0.0371825312899186,0.713405172752268,0.0423593666083329,0.757303745545027,0.0553009959383418,0.637796868985948,0.0752843682961308,0.556074544051591,0.100759565374651
0.280106215153636,0.0461153595014627,1.04864322814448,0.0874008136296646,0.619799673276644,0.078176084623381,1,0.0595200914739002,0.107439906439778,0.650097863625719,0.0390598376950236,0.710207026732571,0.0399758997894611,0.707731436389686,0.0520570383589166,0.853383606252818,0.0621571016653683,0.568837687574623,0.0907456397696053
0.356145487903563,0.0451186621280072,1.00906680138988,0.0832401627719938,0.547803125341939,0.0863438641087403,1,-0.00798154447384355,0.103108440477791,0.667334513212959,0.0383924749286036,0.776844136641,0.039523362187248,0.699362341081702,0.0495149984783593,0.730375295898281,0.0612381288448624,0.651125019196522,0.0831819096637617
0.32341998160651,0.0449266699533895,1.02357210499678,0.0834838846696631,0.617117522062055,0.0722076581210422,1,0.00145830327094151,0.106771880316364,0.666109988940215,0.0365001741709074,0.633772187849695,0.0448229085133744,0.646848093524168,0.0538045947753271,0.701667030983352,0.0557419972770367,0.646169948712702,0.0803757891661439
0.34511686679605,0.0454532967975847,1.05394238373026,0.088599862643266,0.587837747816371,0.090843523987625,1,0.0731249909074272,0.104552024117136,0.706473236333568,0.0348831673903385,0.711854703706799,0.0421321530162641,0.748192349052834,0.0512245185940235,0.809294899297509,0.0649268476958471,0.601656939199124,0.087436915460828
0.238360348576101,0.0443805794513899,1.03478286133079,0.0869938816867072,0.552503166139837,0.0806440841820125,1,-0.180010768590083,0.0994637539394098,0.709988080137604,0.0353880530549788,0.715223742742046,0.0434009370560959,0.706896287454558,0.0552014786941791,0.70209338665723,0.0709914511967686,0.685015720051788,0.0839625866556244
0.317203858627989,0.0441949548818149,0.927574177289304,0.0776879520634097,0.711232305798024,0.0520641536282587,1,-0.0080653200918795,0.115801363855339,0.701401521778039,0.0370602810784281,0.731125550997549,0.0394029505429572,0.674396447270354,0.0563828763536636,0.62359523011359,0.0698423617407637,0.676064706023867,0.073157581716526
0.310336531254622,0.0462449418710849,1.1062368218311,0.0916400263828386,0.564410676680364,0.0876721278160797,1,-0.0482903709784391,0.108388799195686,0.720766933045718,0.0360737857707032,0.736453648905616,0.0453253828684442,0.831744633377261,0.0517534783873793,0.68128122351282,0.0693682654862651,0.766654183185531,0.0751703263952055
0.296524259262311,0.0454344858984433,1.02445348851877,0.0835156950257718,0.508516293305532,0.0961892619645927,1,0.0853016815935632,0.102052448757106,0.720579398719338,0.03577639841632,0.623872867202621,0.0445119622051549,0.758463906381084,0.0501413133647968,0.779320805758302,0.0665515456331295,0.582663023869056,0.095010789052263
0.290448574201388,0.0460275192379685,1.07274278974369,0.0900670224586067,0.589294387167724,0.079785074933147,1,-0.101384449371217,0.108969022653217,0.682785454840916,0.037779122340294,0.682424652622011,0.0445937878815764,0.713666054533642,0.0491919270464936,0.683985807638567,0.0639326336999918,0.674585300461953,0.0803116004052124
0.310592576680022,0.0448506322499395,1.01279804452281,0.0845888003224733,0.566677071994739,0.093827656677251,1,0.14571522855062,0.104733049099377,0.718406897137142,0.0354980530746993,0.724578853366234,0.0463235752569432,0.634533581654883,0.058993648043954,0.680914515507352,0.066334181152478,0.735303427182355,0.0765610822548587
0.357444301541143,0.0448441452491898,1.07997070411669,0.0869099757138715,0.442335534344094,0.0961902906233407,1,-0.012636884161866,0.0978496858437107,0.718326620551176,0.0359540217197716,0.717854646340028,0.0417052412047745,0.731827238414365,0.0515096275353162,0.664849770442522,0.0657133241940606,0.694970890829372,0.0805436333615257
0.286213044682947,0.044640618689094,0.894485334106871,0.075261529022713,0.656790467211747,0.0679129912750714,1,0.082568530086707,0.108593812444467,0.70325797851836,0.0357445387106006,0.619356717322761,0.0426858834316811,0.731510241983257,0.0515613638988321,0.680698735908627,0.0724427389648865,0.541227587066824,0.103276385671584
0.330189903466035,0.044529832370629,1.03381720870155,0.087215869599854,0.491316855358604,0.0948990790692012,1,0.000857307750576061,0.106271853143101,0.739618363963758,0.0375504948764572,0.650874032397409,0.0442305708678978,0.713134209780767,0.0537112589786253,0.863843492137971,0.0573650232956052,0.586516644858751,0.0957651703134541
0.312050951842754,0.0447107254641193,0.974192249308307,0.0811702985145164,0.603026477793632,0.0794387013531274,1,-0.00172037839285871,0.108957546293285,0.724595239689251,0.0363477292284887,0.61517484741013,0.0416580823585187,0.722367797327286,0.0511250909500036,0.596197991133685,0.0677708478529051,0.632058203858783,0.0877880148530774
