"beta","beta_sd","omega","omega_sd","rho","rho_sd","conv_code","tau1","tau1_sd","tau2","tau2_sd","tau3","tau3_sd","tau4","tau4_sd","tau5","tau5_sd","tau6","tau6_sd"
1.88781554215067,0.331978074523439,0.104688748201788,0.0547111839426686,-0.391282464742738,0.208988432077983,1,-0.70821603478293,2.22629806277447,0.795451187753094,1.03713738662507,0.4924996932788,0.344713427545001,0.653242794213147,0.20375407540879,0.815424419213659,0.234443804315022,0.531210494372684,0.29372946683872
2.18831755877788,0.320895250236426,0.00957650613662579,0.0461269885103457,0.0620884026638563,0.234509831744397,1,0.621035676145131,0.473764773742408,0.313375519596271,0.316759256703765,0.785986347838183,0.167607709881765,0.777846835873641,0.212096150333225,0.29398087660386,0.401779969394778,1.51007064358666,0.257508764961516
1.77723895997586,0.173629504313795,7.59352895310636e-14,0.000551201983936284,-0.0217504219661332,0.320583264454303,1,-0.955658057505523,0.760235708930056,0.708572606528172,0.304068856388656,0.871454349119504,0.245187703257368,0.0805949245947845,0.297494673033758,0.582214063208974,0.303424538376916,0.343239460056138,0.375517312468949
1.72509669025703,0.389092591272336,0.0251356316587477,0.0452679675456294,0.121050274688417,0.37691813687264,3,-4.00461802498793,987.901919428323,1.85163570976266,155.081045669076,-0.317080953232905,0.635401069872636,0.629577581296086,0.32287255288142,0.593486012376884,0.265420782093534,0.64494111749124,0.231625708654263
1.73128248911951,0.179438941481598,2.22564606199903e-14,0.000298433498907275,0.188228806235721,0.329979710038593,1,-0.33472244276572,1.59286545642033,-0.0328855561033769,1.29283494567022,0.777419645618524,0.359802056465597,0.801720480471622,0.135396403433799,0.44523093817527,0.272477405014499,0.6026111335206,0.238143235749659
2.18786289433917,0.334498870914028,0.098084316492593,0.0643760176443917,-0.295299267743547,0.407435179789821,1,-2.68845474974762,990.850817059792,-4.11518132845505,999.997573436646,1.99356515554433,134.980456768172,0.594206680282507,0.235453730887722,0.779817372457265,0.164779497971393,0.453458294043859,0.317672297238968
1.81366055180608,0.199819999656716,0.0164818762264278,0.0308238790297356,0.191281154121053,0.345682490042554,1,-0.789945866409431,0.814686627330637,0.420066541531781,0.528087689507389,0.947636900048536,0.122456808995115,0.821058581876518,0.253394312202091,0.14146434848442,0.260347810772952,0.648165984524543,0.16678499393984
2.82009134078077,0.506692558616744,0.169139359216442,0.118744646207009,-0.445884032484931,0.268598753170326,1,0.433778520732386,0.576137398300999,1.2116649176988,0.252579225840681,0.847979736125612,0.312633284578416,0.834661620716419,0.31450841719623,0.777617586938403,0.310762379984104,0.589990104154202,0.293796645906214
1.83735549934052,0.406976580648391,0.146455294650379,0.0824894063217977,-0.297164560089093,0.207564743534996,1,-4.46880976821333,985.503590521783,1.75939011921319,169.654304847915,0.688381679015199,0.298882525294135,0.432950248378195,0.251395887050575,0.712315799949529,0.218097770115418,0.605760110859064,0.300561757685099
2.52522402061619,0.404554121783199,0.0658786817702809,0.0432261008948399,0.456118128756176,0.312456456188822,3,-5.79737055384476,992.718821234516,2.10917535271733,120.454521108483,0.961499845381228,0.278776318793139,0.938462338127644,0.262907508477317,0.866893058846714,0.273589042515948,0.739347306545822,0.217753875648442
2.40224025449352,0.327481030260377,9.16630950078498e-15,0.000191491968423471,0.0134934081740991,0.15626536133127,3,-5.50870556383087,992.701810823987,2.1079909565809,120.595195707888,0.385368206787688,0.385251047368764,0.88616287311506,0.358273936401143,0.901415177815009,0.197072316168578,0.360200416419338,0.217822857650686
1.91586764500084,0.196327498426947,2.09420580187449e-17,9.15249946905343e-06,-0.279953897936726,0.198546807950301,1,0.00923190574441538,0.459163899828449,0.464997859260269,0.407287475718457,0.470764822608974,0.253052699326736,0.996059439861797,0.140005979978137,0.621679959594107,0.205653308401308,0.504761661560505,0.290070208138579
2.27746321058007,0.511202854769563,0.0831313352650369,0.0559621855251839,-0.504899182762249,0.266199494115507,1,0.0297399936616514,0.68204021400064,0.128923706334519,0.96814388789024,1.20714805864857,0.232993125482886,0.928212260439382,0.20221643865623,0.600757365271511,0.388824870333048,0.260072332009706,0.45020360519468
2.17408625042385,0.399934338308972,0.104686347303253,0.0680919998053581,-0.432066949480679,0.318426948922046,1,-0.16367256417941,0.279696099371021,0.835387041998817,0.259851415732126,0.852703556328433,0.321830773502727,0.361843425042174,0.322931951763168,1.01246534657253,0.261011621574416,0.810563401479133,0.23862707052679
2.1572383430236,0.411215767729148,0.0127859293064825,0.0313130116571853,-0.336456158078018,0.155795905919876,2,-6.33158275714022,992.798395421038,2.1147262031276,119.797353316883,0.835177629939426,0.253336809273064,0.486800455621307,0.227082594119845,0.796456414851943,0.210190626430956,0.967351302748666,0.364447037084148
2.16602243813695,0.35319321118739,0.114672891509389,0.0442359778009136,-0.47218116226784,0.235517885569592,1,0.020945680239342,0.626915485517442,1.00622782527303,0.286322812071784,0.529111584519188,0.29500927579282,0.211530906145533,0.283548370166506,1.07441397562005,0.249647016169743,0.404304323576443,0.236667340469054
1.65205192898562,0.269930530883685,0.0304509666373654,0.0345370902933245,-0.464043486196557,0.245335981656211,1,-2.95719009195421,985.12608930196,-3.28518983444739,999.979312500608,1.74622579220946,171.953271351179,0.0253774582773589,0.338177977181934,0.740981221488954,0.154462098304145,0.494023300190404,0.281749466307983
2.40688184867904,0.258884690367876,3.70409248463507e-15,0.000121723632127825,-0.223252992654806,0.330923919544867,1,0.0123881406817134,0.524381778975894,0.715083302228533,0.410742940212278,0.748196107462957,0.465992536834994,1.02494277147796,0.192752355146713,0.637319971957016,0.249436258270853,0.932736028890168,0.249752963924287
2.59572156450373,0.609149238224428,0.0761241588743844,0.0535108127890313,-0.603070100453372,0.244584118369951,1,0.277547751694913,0.775780823877303,1.13532443212089,0.285275529445072,0.651423909742646,0.405947251714982,0.30184728608715,0.404362507127735,0.945167340778696,0.210296450184525,1.04504446213525,0.291506491451898
1.91163982257354,0.237498110893507,0.0401022328788405,0.0304219821543273,-0.256640141202703,0.198570711996506,1,-5.50842524825092,991.602833942796,2.0370287125532,129.320553978349,0.284363939322562,0.366880413116438,0.769232989929781,0.181765874891281,0.588006478835828,0.210186585128399,0.6918341317809,0.240153198709478
1.87648274687543,0.281492787227755,0.0246582119046482,0.0371698431873116,-0.0119860654065129,0.244303492141441,1,-0.0524580569990038,0.413909741045929,0.529970715509879,0.325565330382001,0.701321725670317,0.205693041983562,0.602694929390598,0.228055138690473,0.49288650920293,0.284012423239218,0.256316961099454,0.336948203308713
3.34924802360495,1.35744951355877,0.188007282815983,0.246015911442875,-0.541065486868364,0.24819843753707,1,0.816167705218487,0.938149113813201,1.04977120533321,0.507472225112077,0.489359416639739,0.244846916096976,1.58633384462798,0.45877152246688,0.328380792736496,0.737510179614137,0.494772831170718,0.636673456356055
2.11439646646719,0.423035996054787,0.0271538992111269,0.0745282139180161,0.526035816994879,0.238547050627595,1,-4.96723699608081,991.99641170898,2.06132835636186,126.266110898846,0.106299807791338,0.441453939692319,1.14827386927931,0.185793253960368,-0.147524393176695,0.690750863839635,0.552173689881142,0.250684914251511
2.53799580319363,0.473619480560637,0.028842584919209,0.050878644271291,-0.10207810569756,0.596746987489378,1,1.09172721634294,1.14094197489863,0.398517677602204,0.511144237624675,1.17544476880114,0.20584066023146,0.353038660281202,0.412026674636337,0.913148159587358,0.428491882069872,1.17138307128977,0.216668883179424
1.71493501666395,0.314751264884664,0.0264132256008739,0.0177480184838703,-0.333743792939145,0.264012287101258,1,-0.695260507361311,0.71440250779119,0.546404831848636,0.580859270817852,0.900459630519336,0.370005356337885,0.361652614383256,0.350585349375548,0.860784890720014,0.260382805785171,0.413837994782037,0.294414883448946
2.12510765065708,0.337996561216612,0.119959440511369,0.0947303699200936,-0.134557083968742,0.442438341370998,1,-3.71333305316739,987.597274715232,1.83897655139532,157.008333233784,0.853232635015341,0.271209882794497,0.55186762938289,0.287670321748721,0.273245432309642,0.279788966435728,0.771148557048706,0.244505638913145
2.41011132640676,0.515189833382666,0.123795054878992,0.0669314867522614,-0.491308252000463,0.267861550965042,1,-1.05751582099439,14.5919371939821,1.34418767368462,3.7654849278429,0.615647174885391,0.423337778595373,1.16391153398276,0.287397542128025,0.540947304643008,0.363124719829777,1.06215937719679,0.218614785459321
2.76874525466064,0.516690968691747,0.140404633607232,0.104807849379535,-0.17262432717982,0.39283316476053,1,0.0329699758814692,4.47084920750212,1.04508835108927,1.642565034362,0.354816452839442,0.286173176536612,1.02152040200586,0.303624713727822,1.06185580504383,0.260726043136256,1.1276077321397,0.276480907944993
1.95097185451843,0.243119020900973,1.38753362762808e-15,7.44992620927525e-05,0.436014865964437,0.2441617479087,1,-0.256578533868594,0.687642982179596,0.614287235385377,0.410895074204744,0.731453714865044,0.223850471887675,0.682756990817479,0.181691332682985,0.609292854549524,0.233741430787591,0.968475500247106,0.229793283002368
1.86400836148507,0.335048403704336,0.044954242606595,0.0351027482219087,-0.322092797547365,0.208118324059051,1,0.378685359377668,0.615244976925918,-0.0133341038197061,0.619315425024788,0.786741565408006,0.260541810736964,0.29979139007189,0.276317263582087,0.687610479564322,0.213227719556381,0.537675093889733,0.312368660589667
2.30535757722133,0.355041783743839,0.0632842155535376,0.0481254366972506,-0.579884013792811,0.155849237081147,1,-0.441603470828897,0.457527807724492,1.24278066839586,0.200596460682131,0.666569080314295,0.21691125889091,0.516463424984931,0.290515753442348,0.362461745655008,0.447244159163644,0.721960627694501,0.27412627389394
2.80648953379861,0.446063498558138,0.0611823405336935,0.0351355395751936,-0.4722288863589,0.174218049727927,1,0.58179449683621,0.927151012712965,0.509787578853261,0.382399904295228,1.06051717589571,0.25588014482066,1.22859187674042,0.159556248481272,0.819274258178722,0.161814627706962,0.564132307375257,0.283250046553676
2.20867257370881,0.246624558039274,0.044257453167302,0.026721005779976,-0.338389372981507,0.228310480183765,1,-0.251398756963629,1.23699853620051,1.10649444483416,0.422898797849476,0.724576074270793,0.274333802845463,0.418351343620725,0.294913626418516,0.750842611544532,0.19554635243831,1.28343190171869,0.200931793872389
2.21425598418361,0.386013191359353,0.102615667385064,0.0851165208337434,-0.0986336313038078,0.456929400412173,1,0.725335615708457,1.0083298618634,0.787705287356767,0.562736095809716,0.408892000495326,0.435979742660065,0.688152430757486,0.208408087684911,0.718185493473824,0.244554399063741,0.936504869171308,0.264551700179645
1.69322965296845,0.26721421757426,0.00529187237381611,0.0163285657709603,0.0556408052874012,0.409093887944602,1,-0.387611226001972,0.893933080271728,0.54090673995679,0.572997447017461,0.481228140341374,0.651237091223023,1.05274877868682,0.246096022326145,0.337684223122336,0.253991421365516,0.496588264050811,0.264290614919654
2.42401934284835,0.402593676085144,0.00730257639206551,0.0286233209175,-0.199586270093673,0.191486046067623,3,-5.3123962492355,992.421157195723,2.08891458166119,122.883056988605,0.433596377846315,0.343952696786093,1.01616004288035,0.277345164891773,0.695155772144269,0.226900397207894,0.534169426516558,0.255604595494978
2.11483003321615,0.289433573521919,0.0428918042819551,0.0311188591434658,-0.185990145465854,0.275436891399472,1,1.61659467807204,1.15819630654274,0.310718836457922,0.777962074440618,0.608442062599758,0.363893902181527,0.589778080643662,0.231856405657015,0.645946414139865,0.196136013077251,0.599236161124467,0.217219821943026
4.03611761505722,1.48139874415418,0.159142337567051,0.1457558539423,-0.6049994919221,0.324191625356452,2,1.23420620608465,2.93142887558952,0.895042798000814,0.763222683805267,1.423696848251,1.08005493636163,1.23239604717264,0.437589655745639,0.89632383717549,0.377333857503935,1.3064503290587,0.431302957374737
2.3024705996862,0.503823790774001,0.0146516654158735,0.0391931166608613,-0.0716691175269935,0.411088600152527,1,-0.578721693774333,0.876635755206469,0.737774065417272,0.504164886950644,1.02911687809072,0.521825569994635,0.821899520297956,0.292018774562253,0.827930863440209,0.334756756382486,0.963044786338606,0.275599516742016
2.40009967153428,0.444662296723003,0.0549276233372387,0.0408058282939106,-0.0897396618935025,0.504633716749976,1,-0.0403203847105643,0.945546564805185,0.961524673481683,0.334959873768015,0.576179133271189,0.420360918639385,0.586761937802715,0.326384448376548,1.02504015458208,0.336243782842929,0.749444694950264,0.299766524437834
2.48776530572628,0.48534054031817,0.0157515699350479,0.0429543197884968,0.415411877482985,0.389708721757841,1,1.26305021437499,0.638073879992398,0.186552577426636,0.735183484010563,0.582385124144186,0.330790300398246,1.14777912485827,0.298066246209508,0.354691915060145,0.298441877916523,1.02497256685343,0.286052124768163
1.56536473487769,0.224945833741785,1.17118390241762e-13,0.000685391041511772,-0.114185169426299,0.386151789535729,1,-1.01321553691342,1.17021611013258,0.769975595452016,0.528103118386313,0.670290404661441,0.263733892486245,0.567136822146631,0.231469979551563,0.365703560758064,0.278201491377558,0.125184030780658,0.277696081569218
1.90278096314094,0.221840516058915,3.00364030762295e-13,0.0010987338438089,0.0665673501833642,0.304884724775807,1,-0.31176299167038,1.03433871871949,0.531879701482389,0.605558346185932,0.944556924865308,0.241347411941027,0.494964891330286,0.232197117081559,0.622924214603794,0.191093274411321,0.905905765790846,0.188590441432578
2.86787617590013,0.485056502811249,0.0952631664636629,0.0764573049663931,-0.58726450413737,0.222360181960187,1,-0.913307556980976,3.20290567067908,1.2038173176976,0.976054793057594,0.975729198918771,0.240836579398796,0.728784205392852,0.339585779512376,1.1781221434857,0.309508980355778,1.01047642886466,0.267384624931098
1.80740163613873,0.238008969233064,0.0592715610254614,0.0359842985583652,-0.532758739641485,0.244153766113147,1,-0.687752340289302,3.47019297024671,0.704928526093052,1.60917981237554,0.375749642136751,0.459666286007192,0.912763311784037,0.213476460812481,0.536043149623635,0.233672634945271,0.655998275520916,0.364106400535109
2.16941318246051,0.367342245469867,0.0153835783189586,0.0144801886364091,-0.108385357703056,0.238716863567603,1,1.00846162769985,1.19610403565297,0.301415913798625,0.767573393877894,0.656612849874628,0.288785831758931,1.00432834436422,0.249987162266133,0.28451691946497,0.318247427980198,0.823695738546719,0.234309636905146
2.10045052038005,0.263750097276483,0.0616370608319108,0.0334841730734982,-0.270264732575182,0.19241088625343,1,0.118226417583719,0.648519888615543,0.131093458328168,0.673266268013292,1.09527080476067,0.18090024388266,0.813490479237864,0.264310266623507,0.502658467719183,0.336227922779284,0.898393013942949,0.243151597386431
1.89950367816182,0.372917699032487,0.0102767200388471,0.0217778395911506,-0.481239507056798,0.224020388749296,1,0.395994071726497,1.7487397999814,0.38670239664079,1.19685313504181,0.668264705931738,0.19967981106164,0.493707068508846,0.248318194573114,0.650868432632141,0.287714692381738,0.611344630936401,0.319837650123793
2.34798198920132,0.465003902358081,0.0990998627299841,0.0658015597215094,-0.407590320706664,0.308537629127026,1,-0.0258050922367616,1.70885542608654,0.748678061388208,0.810366855551867,0.750331649520392,0.358029370584895,0.684606194462279,0.268376891704904,0.785461617408309,0.263768419099193,1.0784186442606,0.216439440277665
2.35846760272971,0.328126386481494,8.44732076588648e-18,5.81285502801298e-06,-0.0156176918253261,0.313035816063844,1,0.134385608377425,0.613926803734194,0.672720749927361,0.304744169454745,0.584264422782854,0.334244176534166,1.1646803572248,0.230484251388072,0.319584554038952,0.414294681424412,0.241709655857189,0.385143305433414
2.19438476216546,0.24337098608803,0.0283637174053653,0.0347300594685582,-0.0766003158744593,0.145932793598052,1,0.125639288954499,0.518225172803406,0.494302514953142,0.281477414960516,0.874053968510989,0.205539650802671,0.537708652180707,0.260809956659875,0.537480936427273,0.220804397538229,1.11152053623442,0.178392769928139
2.04377611656988,0.345715910731979,0.0285681870062755,0.0294466327950544,-0.340098687885188,0.352293241013109,1,0.0603575855149276,0.511225663674864,0.552482649091986,0.31829169740248,0.573565620728468,0.410018733778999,0.742548485594047,0.265043299018558,0.372241281041336,0.33233720798047,0.488446574877969,0.338366228680398
3.03588761144641,0.572017429209392,0.0851746855241707,0.0693125570553099,-0.471970777839049,0.179064478797408,1,0.230767383557673,0.4750212179384,1.17828247795204,0.216942508055362,0.45143915687362,0.358359255269005,1.07296418005729,0.241704564179366,1.10387603043084,0.245620985031825,1.35262854646317,0.316861731474469
2.30070664498116,0.405997932956515,0.0335299656157135,0.0393620687428145,-0.20677732399064,0.200425250046875,1,-4.07143784909338,985.913283638401,1.77403299844041,167.25767105791,0.956867662894478,0.162286143616313,1.02353064870864,0.28136285812453,0.356443472910697,0.256799637757637,0.496882827117588,0.311049924958205
2.56234409411301,0.351093540875064,0.0169011865313003,0.0319110357461961,-0.141998509188192,0.247880592170178,1,0.446050765499223,1.58821974179807,1.01080415022142,0.631910348050957,0.880559322524391,0.210884627569939,0.802808904356726,0.180778993632552,0.79758485358731,0.210614490975691,0.490493509391442,0.313649683073136
1.94406048643864,0.343953495239931,0.0437930145857288,0.041955769683226,0.00563083324912175,0.248501274572267,1,-6.50665430437866,990.028444871533,1.94990656009314,140.86861112971,1.15344484926326,0.346328949565768,0.681494552758926,0.266883438063955,0.693416165061887,0.267345163366261,0.674822976157581,0.213888598247319
1.83039662472897,0.235751717060162,1.88890948298551e-11,0.00889193704244587,-0.196112759940304,0.143245892423743,3,-6.01032931024735,992.93268434617,2.12424194541955,118.678863449921,0.12744452206712,0.25961147631228,0.719693910734833,0.213193946831878,0.191109848754304,0.304877054019662,0.623763099651378,0.253725210178946
2.00518611123844,0.363385690733542,0.0154030679874615,0.0254717327203555,-0.343653566217541,0.344351625397071,1,1.0105728602637,0.703142527800311,-20.50704831199,1000.00000000202,0.85963276956222,0.205579114066044,0.861020281102753,0.203502007491835,0.255767306980876,0.296478926881609,0.823338080001176,0.233997465806383
2.34668881613872,0.525884104693318,0.084658685796963,0.0681433317071632,-0.643465398813987,0.182085283014856,1,-0.216174641501371,0.188473667062205,0.845193777627364,0.261794916895284,0.774215439932568,0.292775308624244,1.05474077554098,0.271335352837738,0.360126069870533,0.392560698932521,0.377638780657168,0.462540232635246
2.04342415890546,0.498404894952439,0.0535254948608891,0.0585036092269899,-0.0487842602586683,0.394893648940969,1,-5.93318474082934,991.987007897368,2.06073277954269,126.340103143783,0.0741331323780805,0.506532200644953,1.05782563316317,0.332508659276568,0.40593966312413,0.367166785336657,0.612508163903359,0.330645191955781
2.0893012152261,0.543268379669072,0.0172786786444286,0.0441686363380027,-0.317256984778257,0.403101978450993,3,-6.4548800949272,993.380262784505,2.15728797358416,114.872850421153,0.742000596726255,0.335838778447048,0.38108424706171,0.374776807430712,0.882035983354944,0.381959355696655,0.355724635875419,0.403156998193898
2.11369165986849,0.359572446697737,0.0615762292677081,0.0507379436128008,0.0448332851749826,0.416949051820299,1,0.325806007140266,0.71480563323183,0.562277466890022,0.330577403137291,0.906969574800162,0.189441950229799,0.39157442482949,0.306745454639981,0.594885868083011,0.263570714558522,0.696098087974434,0.287111762516419
1.91318820138252,0.28806034614228,0.00850960165289388,0.0190518415980069,-0.0175729570014302,0.391733289463816,1,0.072947978166172,0.496959016489876,0.705962585887294,0.595370258652256,0.604453490210457,0.712605436535093,0.380870859941655,0.343501330578075,0.867470381490705,0.192907201739853,0.917089988794228,0.295208260941202
1.58646373561132,0.157024258079975,0.000299723246153183,0.0256808531238857,0.348233593415454,0.28192932650538,1,0.536385220597272,0.811706184377046,0.0188873102826355,0.68174625029534,0.357308844046115,0.19728617633394,0.426634843916764,0.223442858497496,0.539288067759015,0.247668438862086,0.605130979810432,0.255205943164153
2.04726617637181,0.424808435630923,0.0772615962675506,0.0422287074647548,-0.26108505229232,0.214376705384356,1,1.23029463858597,1.01082824453257,-20.967124651129,1000.00000000017,0.866086453627411,0.525846415994125,1.07209324952669,0.193921208503348,0.605163998444038,0.311618549200796,0.412164346395694,0.339911689001466
2.02163326538011,0.276374184072921,1.49474206341299e-16,2.44519340489224e-05,-0.0465038361227337,0.498501364750039,1,-1.0449025687112,1.69822221840874,1.19549842215119,0.556690126781047,0.18778500160884,0.431542318717921,1.15025391056857,0.269533492233368,0.271299044362331,0.32058794365278,0.307982994713823,0.396452746768163
1.58717275634097,0.20928353033503,4.9536805004813e-16,4.45137663259267e-05,0.113363827590561,0.259176907547797,1,-0.112928214220484,0.570096702907677,0.608015168254704,0.310561214430808,0.35944025379207,0.248239413994965,-0.0409470283342501,0.35456840879679,0.684443781406676,0.224185781003607,0.269720244402551,0.283165539227705
1.65094807970467,0.264246727492209,2.3389813121422e-14,0.000305881684834184,0.46492742386269,0.209711676903265,1,-0.781054175156292,0.539471784582425,0.70650238067755,0.287169943906946,0.286571982638551,0.33446125949262,0.825091381893712,0.173764855753382,0.747454917282589,0.208092544349697,0.687154842792331,0.274912669500981
2.68449643440365,0.515471421776904,0.0928796118348141,0.0615318774058568,-0.465388629036134,0.346274392116641,3,-6.11002427645639,993.339029672138,2.1541573226875,115.228242900433,0.828434660809725,0.332242562108443,1.09288887978011,0.231803137533263,0.960919472093336,0.212576045356564,0.21770019725598,0.385312128250124
1.95708910913164,0.374321877417808,0.0121035172797397,0.023893803297283,-0.534688457678356,0.237227387187186,1,0.656534358998079,0.532731564131352,-0.380513502205028,0.642568022636556,0.860108626513794,0.200019065397556,0.740267190924447,0.214150806908002,0.722214529263346,0.247106792855728,0.450281517742255,0.375076658368231
2.77726613967283,0.470982021931501,1.64476768746293e-12,0.00257168274632016,0.0269216281833239,0.340484746912395,3,-5.160648442647,994.026136662613,2.20910526116106,109.142957441712,0.907849365412034,0.273062346883074,0.389458059151603,0.5125215732217,0.321811842524556,0.386556401862028,1.29530302388535,0.291205295085539
1.822063605513,0.334096953892013,3.82568855572348e-05,0.0190105323540808,-0.17628826590965,0.324077505498438,1,-0.255557431186783,1.97991352453013,0.624643577387348,1.0213783732477,0.923025693729512,0.302772353966782,0.167093697589438,0.362120177254248,0.654110511831999,0.253572132546672,0.279633245222664,0.313012678057203
2.05792680474703,0.445368639038671,0.0980443047468382,0.0803500646066462,-0.55087527918595,0.185135436347936,1,-0.175515271597561,0.903816013455749,0.799630454218,0.432953682538186,0.641187864680889,0.259653797300015,0.835010718090806,0.227047581248906,0.396920036095872,0.383081454463904,1.09291157847256,0.303806059689245
2.65122765067072,0.478591246619743,0.12083725653138,0.0896394893784995,-0.39987244997739,0.207378650263557,1,-0.177707975682406,7.57816785933678,1.21737102439034,2.21916205374037,0.852905452554254,0.165071608549709,0.718363532022394,0.299457560765732,0.951050416375083,0.261095984088902,1.26561413157658,0.304014401879543
1.79933242249407,0.403600745729897,0.0341661239231275,0.0306782577444718,-0.38142986411479,0.308779766933759,1,0.759412689301995,1.5192541226157,-0.0779920476730798,1.05329444658472,0.194174753759593,0.606950179831309,0.526083446707455,0.275113200177043,0.981385392353799,0.215916053028271,0.00532801984419426,0.358064434775255
2.14754752436107,0.282700920701153,0.0807237499532115,0.0544467955534334,0.0586899116777081,0.336475423298902,1,-0.289440871941716,0.952281780361875,0.770096250189896,0.517785817500756,0.891472240976121,0.169192599611285,0.745212365491567,0.202236087475935,0.611518137667541,0.188412453230666,0.559505067095799,0.197790335430851
2.06393171240578,0.251843064021911,0.038481387922908,0.0354641510911912,-0.558170208296805,0.134899538512139,1,0.535707636971064,0.874382687788418,0.145512865204501,0.706175560089811,0.876516151441909,0.289753397269146,0.683535482677642,0.216329344140053,0.612602928847924,0.212255117613116,0.88081166219483,0.274141146205946
2.14629702143147,0.451801418588002,0.0474533288640114,0.0463343633085893,-0.363049459245042,0.48335460366232,1,-0.396777004372498,1.16327659744907,0.740597938050867,0.602253328019798,1.04752543106289,0.226716962873756,0.718074211263374,0.285245499537799,0.71599862803586,0.350639841392097,0.76721002485308,0.352127051058839
3.07138117217027,0.454672066598222,0.0726895187084461,0.0614351412188044,-0.463585821904908,0.253643009684019,1,0.14311967974931,1.09116205448494,1.08059860222042,0.4367894931013,0.56751253411424,0.281513984506507,1.38602611365767,0.240993641648393,0.864006359796814,0.27253971578207,0.672507993397149,0.376162091846093
1.85986633608152,0.434974768910671,0.0289485520169329,0.0475020244893685,-0.150957746896546,0.357037586273754,1,-3.77517977461121,983.957782264527,1.70754592540885,178.401631145829,0.60482100361208,0.211910776731604,0.550988891238324,0.338434330753358,0.626964402929364,0.392422882096663,0.192468979421294,0.407692841729326
2.79636075865414,0.379755256677672,0.0734412588958347,0.0411159601295804,-0.408081499184714,0.252640881092461,1,-5.20161814002796,992.512511637118,2.09503842300848,122.144084232679,0.826099301210893,0.330500670373294,0.956309703811932,0.173349334534079,0.872196862728328,0.214563795141511,1.37773922442964,0.247688096188198
1.91453251682612,0.181236285268166,1.200479233614e-15,6.92967501943278e-05,-0.39189145393913,0.213435247942284,1,0.224111747000264,0.624912728523472,0.674222057794357,0.38808488947775,0.505844126499852,0.242908578985034,0.831013263589712,0.190602121703051,0.70697031892192,0.253871290696967,0.391781292077411,0.273406262714383
1.61251143540425,0.180872627240311,0.0120772918719566,0.0446246868847243,0.486252780664385,0.309514687661199,1,0.203578853410098,1.33117654204666,0.272731012271872,0.880959013019272,-0.166237935235969,0.517700917891973,1.02629595004011,0.206984364635275,0.489013006058307,0.216341854518179,0.614776619189569,0.207724881996545
1.72021714533421,0.295822297905557,0.00873066090373588,0.025228377190267,-0.123295932795673,0.357346188137194,1,-0.73437241942148,0.662547929184663,1.16167949036271,0.3067854724082,0.00379347295192799,0.411567785537301,0.684960410699223,0.27698789785554,0.21756042777907,0.303464066370147,0.437032408421003,0.386727728734156
2.36341310269123,0.37027063372169,0.030015587121683,0.0521083681633833,-0.235739491108809,0.297928836839345,1,-4.80995097928053,988.332373989006,1.87008008009337,152.313243386946,0.770583566062029,0.330492772853812,1.0142606040574,0.206561862331272,0.885301146387822,0.234249574149622,0.815501033732785,0.291410176083453
3.27244127478006,0.872519635940594,0.182265150432642,0.197887225076441,-0.35994322283427,0.29310389552021,1,2.42583262980122,1.10700948670438,0.447342697567407,0.478812287371379,0.725186836901503,0.340960748115681,1.50542467884467,0.29316466899333,0.543486364082401,0.545281792229868,0.80125779972503,0.450999944145046
2.33361844464074,0.44614160072026,0.0252599583094045,0.042982907240448,-0.309559187787221,0.303273050478872,1,0.261850846493006,0.660491267054533,0.821632857143325,0.322034266765117,0.908443410566939,0.221662195962844,0.497095875286534,0.330754926994423,0.780908275860753,0.311606034164729,0.705551209682636,0.390342151215267
2.6355743446521,0.418435243944202,0.0979959778491798,0.0523441393731816,-0.353791602351079,0.216714830001266,1,0.121231347423405,1.88725973987152,1.08506207796488,0.592843720627043,-0.00114639170841855,0.505115383921971,1.28166415556009,0.200132653706995,0.827421794107471,0.227375605173361,0.936206802474119,0.216161099065872
2.31555638659102,0.404882310032827,1.10773341430477e-14,0.000210500139129487,0.290946647024277,0.310180488833237,1,-3.1275479719518,976.145496981039,1.50317365559875,217.117381779504,1.13185772271851,0.209016136315827,0.696200072971951,0.305547605132083,1.09034065321092,0.267776946694017,0.541109810928756,0.299853812239166
1.68454731100287,0.183168318718155,4.25331529404111e-12,0.00426480378228377,0.0406037763150102,0.319710479439097,1,0.428901645888247,0.329347769230403,0.324572808478035,0.547569556773787,0.741873501098545,0.386904836470299,0.250686019871955,0.289710068874012,0.73438324144677,0.228435022011383,0.498824221889059,0.282928032161893
2.27041345379652,0.408455603522692,0.0614685337395312,0.0539384192255273,-0.503465198009306,0.253812990686621,1,0.207386233564758,0.467316103386111,0.583054157402821,0.262695903855397,0.602558053388865,0.340850277080919,1.11001482112003,0.257605233258904,0.619754260670956,0.274897070951409,0.709101586028304,0.362469020327056
2.3535705713904,0.395866706190922,0.0360893656482246,0.0398336986185739,-0.0749461533872998,0.490489624093288,1,-4.40948161898539,989.39545937751,1.91865325766978,145.247805786198,0.812562629761885,0.292561598977899,0.713290121182328,0.301266946437592,0.946464972130331,0.168978524338726,0.622166582144394,0.316658430979203
2.76965754270689,0.543114164602969,0.0445155103954502,0.0356909661891802,-0.418110439100479,0.267461979051143,1,0.129829617964791,1.00814513934346,0.411400058409164,0.558535306628425,1.08058246691774,0.329629241728828,1.15090177332211,0.219650727539624,0.988462025408578,0.255812812607841,1.33967992705798,0.268992699008625
1.72556346952118,0.35922935306063,0.0527022122701486,0.0420480462927179,-0.393862575118928,0.303368720575217,1,-4.98844133550017,990.635745414245,1.98178261563352,136.532732488813,0.123805794063233,0.310552879591641,0.724922227911864,0.237666990703138,0.402294483896347,0.319417190885605,0.551168451530376,0.342901214013783
1.88205614321631,0.273536176823413,0.00181174403437483,0.0153358666569616,-0.293545957788837,0.304388092090063,1,0.0650161261217647,0.708227672461131,0.612080510234007,0.388449727823001,0.692342694109636,0.321694615559582,0.614723835435884,0.191177461787399,0.515367594652777,0.251123806071942,0.23202813206778,0.337335326921551
1.98100317418663,0.269022693366741,0.0504442168557649,0.0238645092680702,-0.298861861563802,0.181753703374905,1,-0.451750877407816,0.5756466245724,0.777806565488219,0.359376384636154,0.775201300775297,0.205013044214277,0.491192843407715,0.269996376848212,1.14656601087223,0.212606746930636,0.469553352492218,0.34936523641384
1.96470163511007,0.267903819675992,0.0331038624114658,0.0322303204884251,0.254857549429868,0.313276117669694,1,0.0265609635505212,0.786739006578689,0.491230141452622,0.497136746128438,0.787037226751987,0.136088655715868,0.296395982497223,0.208747732127474,0.805573543246211,0.23855357550899,1.05312816180699,0.145972720363341
1.9067026325195,0.271333383864875,0.0193814340089414,0.0291052989267378,-0.284057083075768,0.27814764862076,1,-5.28696308151725,989.965125354907,1.94669868677443,141.31212436538,0.706139461085335,0.317383115849619,0.579433760091217,0.239069696649009,0.703108693579801,0.32132571066335,-0.146177443945842,0.68443558356305
2.38849695182912,0.292815307872217,0.0543157822957018,0.0368612480913525,-0.108691360592965,0.340446610543019,2,-6.46872850304719,994.093251314218,2.21480861038534,108.529559103728,0.694640548665756,0.276768736134051,0.818543449680393,0.217614773972788,0.954167907273539,0.221428692960591,0.557290803742256,0.292637806571128
2.46775835073167,0.546472300611359,0.0929809701563609,0.0760147761728358,-0.0746638655312006,0.563124589550503,1,0.120388768590088,1.92762802244817,1.06954966933477,0.731641672469067,0.513250268127897,0.43791224489726,0.973033061449826,0.429746131799187,0.659364874260192,0.262668457796512,1.0257413539618,0.303932453369145
2.229550013598,0.453045785238088,0.0369352556217929,0.0580505618723733,-0.0504512556849086,0.284308813304374,2,-4.61355357415889,990.475290522523,1.97317367522522,137.690927958444,0.65668325792947,0.323549197082703,0.591509252236366,0.255318978992902,1.0405944095613,0.30833540015238,0.72361527075206,0.419008501533479
2.64299226717059,0.346178564374781,0.0893892668030728,0.049157839431917,-0.474254622058965,0.220053073673926,1,-0.00562037932776647,1.28370202986617,0.616465095977239,0.669984140737185,1.09565585129418,0.291858373047266,0.670532705447944,0.270901480357321,0.603024681825523,0.269510020534436,1.28277700819573,0.213272302955371
1.72888545002556,0.288300346474711,0.0216973709387206,0.0425431571609047,0.251649829355849,0.540900441219215,1,-4.49388248073551,987.066633402425,1.81761780189354,160.311638018165,0.526047364149629,0.185755976064941,0.318471904891688,0.333559004389248,0.783290922147884,0.218434138954212,0.885249807669704,0.280734088576904
2.68382754330977,0.467185620292996,0.060291748796219,0.0556755712148945,-0.0822638585935454,0.251474844575726,1,-0.50412268939618,2.69100367686995,0.892827515598202,1.09401789601759,1.15500925364837,0.189642593582247,0.656307559847579,0.28367375573779,1.01938288081394,0.229384237272037,0.852023617003333,0.334859575148768
1.96144863856283,0.239566534063791,2.35351454240185e-14,0.000306829289710476,0.513488143358542,0.11922300369691,1,-0.0734978355868838,0.550548201760697,0.498208209333213,0.430721329906217,0.870113648768391,0.227644369581158,0.624235212742577,0.265883039385126,0.28331737262309,0.294422020120147,0.811794108945033,0.29610475610052
3.14885889853647,0.725096670358518,0.274897035740772,0.174801430848046,-0.124026756381517,0.637812891510689,1,0.230094139382243,0.881236379811898,1.14834889562538,0.472321943701411,1.07455000978133,0.5078595191208,0.91212136411868,0.169543880960183,0.686949309703562,0.428197093310449,1.15364877998238,0.397805801078677
2.36388667564239,0.500523455340917,0.061531303528895,0.0627389881860738,-0.127503389444513,0.512617051372924,1,-0.0992146478006122,5.85162547804912,0.637931537725126,2.46841485030093,1.17079100008742,0.413988057662323,0.632485914496346,0.229651050082575,0.631760147377519,0.30264054058124,1.03927634561515,0.341601054354362
2.15585978219099,0.566915676795489,0.0656889115638076,0.0621011901300608,0.0937377246844829,0.466658755935136,1,0.621921038120696,1.17286649623988,-17.1046775779446,1000.00000040085,1.29897123822498,0.427300774327817,0.720681665319745,0.431416357818676,0.739385438032513,0.331602293787707,0.791092857722445,0.389670534453849
1.85882696993952,0.214419055711862,0.0209356959834668,0.0189828295289666,-0.0910881737022472,0.259529393030495,1,0.139068498475726,1.20467252449257,0.370291880416356,0.794642581259368,0.447390923536193,0.203619421822,0.837458398650379,0.209350928540354,0.338628003246212,0.304966249407133,0.795704775501052,0.16284557285758
2.08833823393928,0.395036553224044,0.0763927847333839,0.0665117178693225,-0.136040835112054,0.326570445158781,1,0.416822879597211,0.493189574355836,0.534704315362851,0.455553595647695,0.274350588696931,0.345096283152735,0.816239625279966,0.173971874761767,0.866806880801292,0.324089537024629,0.373741959952809,0.159432632142592
2.23524097904757,0.45185569290644,0.0993199094857541,0.0682776518522686,-0.369653807564962,0.220174913543409,1,0.173664801969159,0.488345789095869,0.768621824862973,0.290091137398371,0.758792085278706,0.21801608324916,0.522926841996576,0.323659357439836,0.620202308801373,0.365323628925358,1.03478019515387,0.25385468709391
1.87506397920391,0.346204884031053,0.095587633248915,0.0704439404952652,-0.469996818883386,0.276088073167884,1,-0.0729829950362258,0.789582244872028,0.0170164610616558,0.474818660253312,0.689117344268803,0.341074885401534,0.774690009790791,0.233073078213741,0.724724233685762,0.242662492051001,0.370756828338488,0.297823910617185
2.60507903424365,0.552261381589119,0.00779938465660874,0.0313745746552248,-0.551733446710879,0.201355326066424,1,1.19517200580264,0.745481705662882,0.628610889636682,0.225567413293588,0.759421391338889,0.257872661402004,0.668851892257632,0.249593537535552,0.9421158230643,0.262047310163687,0.896470140109322,0.822128843975654
2.61596933337254,0.396170228869674,0.0830385380174011,0.0563449558993589,-0.366696455018257,0.336954058353387,1,0.767130212938692,0.490286477794166,0.748665686278343,0.288669656347927,0.483384121659362,0.32992755661229,0.899162873778761,0.243521585859653,0.890845470597225,0.21735990732214,0.905374897084725,0.242364934053397
2.010576757417,0.277523273954555,0.0693665524637501,0.0617244110557914,0.0177556982165125,0.330369116758356,1,0.284667888320864,0.444713676699191,0.605966807520396,0.394269806496467,0.414893018939301,0.306500751040267,0.438246398770091,0.21232950118037,1.1373030419753,0.237112878134718,0.111877216746886,0.330955988409204
2.15197352632211,0.318513235696667,0.0253208428637655,0.0438136724238277,0.0384166593793979,0.202859509927658,1,0.177379499478565,0.61855416053836,0.441746010711955,0.473384178917246,0.918233153584559,0.237271366819238,0.587373275558555,0.256956963920001,0.870687115457882,0.271240294465986,0.847292808596519,0.303723495583587
2.00599300420175,0.397906036665258,0.0874954162893831,0.0570214836528078,-0.235636826900892,0.275725228707725,1,-6.07680326874921,991.316436219143,2.02004233827068,131.497982830574,0.92465633762972,0.258464639886434,0.776157702475791,0.287447570616535,0.540675781410059,0.22351865110864,0.783933969514889,0.291956321189888
2.8807133438782,0.442497579545031,0.029506961628731,0.0268097056794865,-0.716391806340102,0.107245586087972,1,0.0135706231156861,0.956482764162239,1.25214253415246,0.394559316922222,0.767730920316196,0.27656497714933,0.897336355748992,0.164572882002042,0.873505985692351,0.295046397215075,0.706859310787415,0.273959873394398
2.03358815059824,0.263096717551678,1.03195022791478e-16,2.03169941150699e-05,0.0217377863793224,0.347171909748225,1,0.470593134123147,0.708672027049039,0.117305909630138,0.464906172882411,0.845223451109396,0.211761619251372,0.52626078529987,0.223308920145315,0.467761316328171,0.256219532340494,0.842309468505224,0.19913456679023
3.01497861094659,0.928578120452307,0.329425946805773,0.23816090347896,-0.69810771217451,0.162947125506622,1,0.658059062536692,1.65132525607613,0.852485475142083,0.592696417934762,1.09955103826364,0.406459480004596,1.34183657647179,0.341092478312785,0.414323465243701,0.42982908127086,0.878324158281905,0.34269715169574
3.81775255518965,0.81493200206234,0.399853151119069,0.239104598816689,-0.759617111464164,0.101909921018943,1,1.55804672256795,0.785282553980044,0.63338667305639,0.450820313480778,1.32102884690725,0.260765687277236,1.31045691596086,0.225495494213987,1.43352922777112,0.30680575513656,1.55514014943853,0.275912989867269
2.40286460003599,0.41239541178523,0.116835305731937,0.076712543954462,-0.120288564383664,0.35652093865894,1,-0.451163124999017,1.26370494572436,1.11977002834089,0.432271303918106,0.57782996310832,0.287979581875623,0.946552693320594,0.259496879859343,1.00790092902895,0.257701160834158,0.726637796543595,0.253971272336014
1.81771460558321,0.204899087864565,9.17508572832496e-16,6.05811448260803e-05,-0.0858537942969197,0.242438669222778,1,0.534563236913445,0.440729644321425,0.15829835747901,0.983155964801789,0.413911439460083,0.82837622967669,0.58304973078643,0.255333927779389,0.490792858446189,0.247761462248321,0.786928476489806,0.201636364190936
2.21869426234716,0.405176012480507,0.0973814194512369,0.0762762902968153,-0.0462193075034494,0.589994640064684,1,1.25752931199574,0.60147284724917,-0.574099846906545,0.896435863452124,0.79731930774695,0.264732259849453,0.848080907029395,0.220414409086887,0.608230053543169,0.24388060540087,0.249916421231969,0.351932434805369
2.65804282384235,0.543402859799422,0.0825610476675625,0.0723390594681652,-0.247568573165244,0.351319378959176,1,1.20729457114339,0.811486559905973,0.57707432747765,0.380073278828291,0.925685018299184,0.279631294252461,0.930786254868456,0.27629254140696,0.328985257620017,0.382712777897951,1.20195686702219,0.320812297259981
1.84795722831967,0.328412874413685,0.0128894608463201,0.0238991065376614,-0.270974571850321,0.23958199511373,1,1.11884791370476,0.636399042667239,-0.650510898000928,0.885091251110594,0.78837788923694,0.301796677492164,0.562839562633689,0.317706234182848,0.230489512734624,0.277942761461544,0.740534475444486,0.275805971397633
3.01446527136269,0.519502244376033,0.116639653229775,0.0644397951125622,-0.716265712945717,0.153216506254518,1,0.827743318373375,0.50684155882863,0.656711242436914,0.296257163585444,1.27762500243005,0.317444433533182,0.795774538914523,0.374526262417392,1.21178158784774,0.17265667108591,0.788407460699592,0.328244970983809
1.94769583893036,0.2683456697255,0.0105702105997065,0.0243742406024327,0.0821690732472801,0.266104453060188,1,-4.28753154321605,987.737856179571,1.84477283100911,156.123084181677,0.872573506048326,0.208055754638233,0.480156880113497,0.195265932536711,0.0429824490089262,0.278806534592027,0.881974815345254,0.203934940753919
1.98186059692089,0.389332670525859,0.029190838991453,0.027631003336039,-0.00954636900185117,0.251925058777097,1,-4.29885472196138,983.809366733586,1.70275563015757,179.231051693918,0.82245088151874,0.245885497915227,0.919992555280442,0.235699294761074,0.525230340422394,0.29843776243917,0.408537307562897,0.371050994784024
2.12564336522487,0.384428778156358,0.0488415190839247,0.0454485510737766,0.034665430354564,0.434404036703267,1,-0.569842814588375,0.663662897121189,0.793328563890671,0.460108899546163,0.873896995116635,0.286113989115183,0.769293271131627,0.286398761634673,0.931754426006846,0.260802916330414,0.532815609824483,0.359588227477656
1.41366089274695,0.234629900200562,0.0270833439251266,0.0306280447178699,0.0266031089073904,0.382730949748914,1,-6.21984285563928,991.21833683793,2.01434109377755,132.236749858283,-0.275408971750874,0.555634537360958,0.694754506914004,0.203638353145484,0.40396123199087,0.258189480799137,0.197453118397666,0.269309109724593
1.8902617728538,0.262918225067332,0.03417508508813,0.0293899121126401,-0.278774449921353,0.287407833300847,1,0.398702487276014,0.511298961819006,0.0851087926142041,0.4836371213171,0.555340922245951,0.256197718659122,0.836544713834204,0.244738121504973,0.196432404832538,0.318646877655811,0.609133407254366,0.241469092974082
2.75423967900391,0.334839634968269,0.170043530894836,0.12182099137943,-0.153537760918132,0.377852834551297,1,1.84190276054283,1.09281006697278,0.85158867904491,0.438309615689155,0.514705755700444,0.464493523499496,0.90085971339695,0.193604674787314,0.477977978269611,0.387504420063023,1.22276560550957,0.152262123482499
4.45564276196666,0.99734621402543,0.223877924080133,0.14121469606779,-0.796061986375259,0.0806664390517743,1,0.605561178413517,1.06098532413218,1.04108475021137,0.238861806964074,1.68571622806165,0.223887452751773,1.4614122331072,0.266156476336681,1.24409476005216,0.272171181447704,1.03975158126676,0.350815256111092
1.97515929771667,0.316820548948299,0.0167705171887299,0.0240995501883508,-0.488688366945969,0.266500946665639,3,-3.66992835467434,978.824004980943,1.56478839835353,204.703648036761,1.09570578707984,0.288906309845233,0.495505898753706,0.3040461227372,0.509705500906262,0.322658325259672,0.820971691088718,0.221347375084202
1.82161460872947,0.248887861274628,0.0190874685127999,0.036711203150397,0.138634823033443,0.307571441778017,1,-0.935127226511963,2.02511324646171,0.910557931049291,0.832404211645813,0.667528593410253,0.167240611534281,1.00090493236982,0.23406398859822,0.236879296324008,0.402541485705231,0.245294201672104,0.311916861786436
2.23605537124222,0.389954538669863,0.0776650264082269,0.056410807332828,-0.513027293796613,0.188681515022596,1,0.376937301745618,0.651509739667494,0.561324909031467,0.438229818803124,0.844564147933941,0.320063388296764,0.721394317083759,0.271956493459412,0.617392644445323,0.291590259279529,1.26556756831496,0.239666480856035
1.59379758378335,0.256492397701406,0.0175200308995437,0.0225930645757354,-0.194766751749221,0.231209315346793,1,-1.25854370832773,0.361330873491404,0.784435279986043,0.343574830828139,-0.796583718407755,0.808685009343317,1.20780258211611,0.250282846114465,-0.00665411350989164,0.410522517173631,0.499869195764434,0.26224617763821
2.54026089733712,0.456203848679079,0.0769524229354949,0.0642248017252209,-0.42055182720928,0.251827029474112,1,0.141245031324206,0.92615080973852,0.834468913503721,0.412185594943276,1.09063548393947,0.260308532021823,0.731891638940058,0.287735551675661,1.07380734927586,0.215219651152129,0.659219278747639,0.312476408008212
2.32880030804172,0.534961883851923,0.18008669105878,0.146395659914584,-0.660648832710033,0.156239624835169,1,0.964801995692905,0.990810135105973,-16.7699035190388,1000.00000062125,1.16996445158034,0.186698426414808,1.02844504816753,0.245537681516183,0.521137943291005,0.407060230972561,1.01180583507621,0.274864751442834
1.86728767447546,0.329958512919884,0.0972177630031932,0.0717355753788708,-0.550565147936493,0.275217892568937,1,-6.93873077620308,992.81364601762,2.11579691765707,119.670993155068,0.540780939361915,0.354713248933792,0.818525878120714,0.234451161490429,0.530472660897183,0.383946512486233,0.467107260243005,0.244188684062568
2.82920325931808,0.4654527564639,0.10228105830464,0.0871757423480659,-0.237102859743834,0.547739227652593,1,-0.323590009930312,4.60812284269834,1.15220164063512,1.45554338005718,0.847648790637851,0.214527705107004,0.913316512826351,0.254801299419676,1.07856987171233,0.270289583558342,0.962838666354426,0.333714979833554
2.09375035558493,0.231452696398899,0.0393972345196798,0.0255280195854954,-0.136323839935806,0.300854417836168,1,0.211747110892903,0.895588360036361,-0.188242789799112,0.815767412362357,1.20701353271788,0.315573216612819,0.867888274904165,0.273339344937034,0.343298600874618,0.132136432920106,0.757941584757305,0.241803131330206
2.03022066265504,0.298696511853446,0.0139778035589309,0.0729601676049458,0.493506909599247,0.26175107474755,1,-1.1435930102799,2.74832933122585,1.05339874262936,0.962271832057152,0.85727697785305,0.138699823997414,0.471270770006268,0.31184962707293,0.606925723286257,0.29450520400735,0.564540567965788,0.468667083761831
2.1962930689805,0.402854007567466,0.0790266394943934,0.047440053198354,-0.295830702891801,0.285155884204472,1,-5.23277366482564,990.150592702938,1.95605371863707,140.022535747866,0.93167893495934,0.209244585338161,0.771087933309323,0.178889479809286,0.581832287833161,0.290516525363349,0.661492081791531,0.294803804485931
1.76431349621484,0.357582473294691,0.0344625644316801,0.0460240403213101,-0.0507924130818793,0.443808642460911,1,-0.459358942648891,5.53048023292887,-14.8956201166159,1000.00000102607,1.41530439428595,1.31757494440596,0.180300087089157,0.307402697508642,0.504491144379056,0.215781622673389,0.986513158592915,0.287611562877408
1.89282803474779,0.200797085155308,0.0211744507457756,0.0223410653389899,-0.187071357766735,0.177509591006423,1,-0.0237874930572644,1.14368903405113,0.524848258295046,0.563637380790645,0.767846491729937,0.269724504307701,0.252043065832344,0.256943723109942,0.639779837472033,0.197322844465405,0.548995595557918,0.230759208696085
2.48985191326646,0.405240299110474,0.0729460338657759,0.0437482862254508,-0.354556810683202,0.189564694173329,1,-0.0667302579584893,0.894711714837428,0.933811629626111,0.671174468843606,0.869512201417359,0.487541619931965,0.73804494013427,0.244656474942013,1.18210870993007,0.227281035455418,0.72742632143615,0.251133771792108
1.73385283606229,0.28029363199739,4.55909379176483e-18,4.27040694169654e-06,-0.213514523882956,0.553446018412595,1,-4.4571747251767,983.811653816432,1.70288594665114,179.208280644724,0.859319498589008,0.33311253556623,0.330276991708722,0.34452017144726,0.392323117386044,0.413242138265334,0.326692128771175,0.31495401063784
2.40271666342508,0.336194481540755,0.0063635990457195,0.010540137404185,-0.421114981594745,0.176442132987574,1,-0.0324282154773621,0.680023542437623,0.806870566631305,0.359075831732578,1.06309643884864,0.222617613600966,0.686066786176752,0.22748406016094,0.884913977472491,0.20293103775109,0.574383069462429,0.255564988567955
1.9212293275274,0.243434831274977,0.052915645068919,0.0496506717096223,0.07923797305505,0.282068717462307,1,-1.07795388371333,0.929023035989043,0.766115272988539,0.389989998892164,0.891018648901764,0.432089621606877,0.45619259613766,0.272252664216263,0.672659218723769,0.175369917659042,0.645354132853593,0.248640450274906
2.57871475728993,0.440735197814939,0.0545178543846762,0.0528850296745106,-0.160941161732469,0.278543864366496,1,0.365477793769528,1.2018631885492,0.490101591627805,0.589795705346577,0.926825531270053,0.29684194669431,1.03886150111414,0.261307885698014,0.337567059430845,0.381125935228442,1.24459411135197,0.281858046780578
2.238707176586,0.302005458798397,0.00672700732273716,0.0358616580528202,0.181548651412732,0.198932018081028,1,-0.0360414810826327,0.592499449875431,0.84108434055139,0.296339176563343,0.757264423225867,0.251871480827077,0.780268595516334,0.236658507215751,0.762927080467417,0.259031038171276,0.520250005095096,0.330092378919022
2.43159178837882,0.560475958575558,0.115468184789285,0.07240812115031,-0.204519336012998,0.381956128734979,1,-0.187956202310697,3.08237104259389,0.62689937565757,1.21982700460567,0.451843392581564,0.786311820368303,1.28809924823365,0.557806426567712,0.842409024380951,0.246434582861084,1.07040191586175,0.219967235458932
1.76966814574631,0.285342808122428,0.0324345741821877,0.0431138955611515,-0.28142270728852,0.267365797033104,3,-5.87808489342074,991.785470567156,2.048158916588,127.912695661515,0.91486326471061,0.23676003072694,0.200592645300533,0.313122312896715,0.0130177033278069,0.398866937262023,0.806628974825512,0.344111439331711
2.37562399349654,0.475226438213776,0.0807743560137066,0.0672733889674823,-0.427350079790694,0.291551157615661,1,-0.249679214533995,1.77245718716134,0.963164152843316,0.54747329101078,0.884037157151032,0.204008108983683,0.948840032213296,0.357275161800904,0.502696950559386,0.380994412668801,1.05489575610483,0.304890546275605
1.86083521251949,0.266276529150114,0.0369885660335066,0.0264094391435074,-0.454630847019961,0.23068735856105,1,-3.63740761242666,982.913554053169,1.67517286404463,184.075848309775,0.677382066016298,0.215990529639774,0.603239502978348,0.226199884405956,0.434788292436279,0.241046657696843,0.673182332161451,0.208029616450275
2.24932958138684,0.435434028814872,0.0631552115985004,0.0517593011703107,-0.404286987998967,0.19937610172981,1,-0.109429108231335,0.955180132571225,0.895846544800036,0.483575317268476,0.707361724580271,0.243355739420229,0.655725548898457,0.314253603790847,0.395214891224909,0.316116395912288,1.07862884233305,0.181841464379816
1.71358741812568,0.268187111751521,0.0824119094417108,0.0592852898441559,-0.208562360079895,0.435615778911831,1,0.546196336967532,0.693640817727924,-0.304660665836002,0.584629371529418,0.823896827270656,0.200222539304074,-0.033740612147958,0.230073131864518,0.883290633517848,0.234554963897702,0.0579219831672084,0.359648859851381
3.00802099161179,0.858295486969414,0.175274900508403,0.125055643787365,-0.715397169051207,0.189267129654777,1,-0.564345828267449,1.05493447273427,1.56749411511783,0.267177852156205,0.831935449284739,0.262128405565677,1.12796384797784,0.441776249296751,0.903572825840774,0.330467739990586,0.969663589649879,0.260658245884801
1.95124418014008,0.290407663466997,1.8546792235298e-16,2.72373402294847e-05,-0.197650587451219,0.367873993062257,1,0.122928139401128,0.327350518858362,0.598030329371184,0.283616384452242,0.585440914165106,0.413653392046405,0.142755283727843,0.34373015687936,0.651884796677707,0.182303122648297,0.651462953420376,0.256880092600175
1.91670286842783,0.328674154103223,0.100014313260968,0.0611063040763946,-0.271165552131631,0.244537764428844,1,-5.05097116815299,987.514142570071,1.83556564517853,157.531437480464,1.02450772571197,0.282062438174852,0.388258774961969,0.358608755839314,0.635723899043675,0.218150096076489,0.651716726575045,0.251250601795604
2.09899921253777,0.586686191122939,0.0695822372994536,0.0855500571678306,-0.467975314600416,0.318626330895141,1,0.167443343456994,0.983014180570108,0.573889896062878,0.648483923725081,0.863457698987496,0.39343104774741,0.793275638261237,0.339215574755341,0.405246381861175,0.30979551144534,0.131686776760676,0.522236003296561
1.83051000654003,0.445147909154178,0.0197597853833236,0.032843945127254,0.0603623408006846,0.506960012853969,1,-2.78488415145421,981.953778131242,1.64711894055522,189.128192396037,-58.5966218224383,1000,1.21116470710053,0.398446838632884,0.59127324411479,0.374414029593562,0.552571760919882,0.439383188361434
1.97503567589391,0.299403252010292,0.0537658975540359,0.0416377546102901,-0.193482639464778,0.411431500916176,1,-6.4070064221475,993.148696328462,2.13992418199669,116.857630498307,0.49599519907924,0.336633073459215,0.585437819852495,0.187921227548723,0.686748119313541,0.243000223458034,0.880261662239858,0.241918524382245
2.20029847952372,0.237272523878312,1.28427713452994e-14,0.000226657101499643,-0.0865224807645805,0.235221310979071,1,0.0129367035414448,0.311547329069947,1.03030862356718,0.207133001020618,0.19505108827307,0.334070733418468,0.524784904843099,0.242532387685629,0.945512142708017,0.198021868954529,0.436275282135882,0.234614836618297
1.93212178103258,0.314070563952827,0.0196916192936679,0.0305328098400259,-0.144440954843758,0.505726637278302,1,0.548571690204245,0.844730331866425,-0.10453372685265,0.734538116087215,0.678001901701149,0.267895493312044,1.05104409942054,0.213640485632445,0.759870351184442,0.278941339079628,0.0960767975221378,0.502923259113432
2.76134638171752,0.413081087038878,0.134521802187802,0.0556143219902898,-0.650901755050038,0.111654343703092,1,1.22487884203582,0.870446395631007,0.183472844162694,0.44891004735146,1.07346270982177,0.308668175807902,1.09722957952334,0.233811681549824,0.852705379857932,0.325945996983282,0.504354693427183,0.357853862375016
2.31180677537763,0.447226961404161,0.160678285869747,0.111314367183153,-0.157467602185364,0.357631671370393,1,0.446211742764724,0.606519770378652,0.507856460433862,0.397739041702907,0.898432996154776,0.201758328196702,0.517098144238521,0.202293193385615,0.968506167482342,0.324274058658808,0.764329762811759,0.302884037189841
2.79381639882482,0.613534131248651,0.0235862729410969,0.0350364331476556,-0.246030053520123,0.376832210982271,1,0.4592397036097,0.835218270899887,0.888569450060708,0.234353906751594,0.995319624622827,0.296703777009556,0.705906393211765,0.319767952344309,0.919795967093223,0.37800322299812,0.863175148537402,0.240075069307438
2.31923823867084,0.47321580645661,0.0283620890201535,0.0222073979053895,-0.414560965638372,0.235281447722372,1,0.279128545414719,0.749520275372608,0.386309646330372,0.67656349194514,1.09121031062602,0.342908190924605,0.706951344351103,0.286833776574436,0.690586440991453,0.305924902572344,0.861653556769462,0.26668528011176
2.29818471482702,0.391277899731297,0.112946995941303,0.0649207573639376,-0.615067619122969,0.145371431886074,1,-5.1224924923618,990.068342978771,1.95194591347273,140.587257057478,0.572833259615465,0.21264580439684,1.22799018303546,0.233236496764802,0.757618841580138,0.2884680951593,0.658412495898914,0.276215536723595
1.86371104095601,0.254654723876742,0.0128762049874513,0.0233350644768287,-0.266780220198249,0.197267610512556,1,-6.36916935177797,992.061883857524,2.06547865134216,125.751389543445,0.98288289502551,0.237283684595962,0.673843495490854,0.233371072853432,0.475676957394742,0.330856417595135,0.28323178248151,0.384929882048762
2.40308445130585,0.527616538084879,8.9102124079523e-15,0.000188789616192705,0.0756823139029792,0.469018338168793,1,-0.0616559916933252,3.45374609384242,0.492759685369491,1.66215761110042,1.03504258211625,0.449134379958126,0.838103408498914,0.245701462357796,0.737974601289592,0.243110504705783,1.21313671858189,0.508900577085287
1.60079307813861,0.183553639067048,0.0239601052047902,0.0309117495086595,0.050557107136989,0.29058521104911,1,-1.04359802648573,0.790235944500829,0.934284863683685,0.306239039418088,0.192984532450612,0.305288459431822,0.428918598766165,0.272371238340263,0.547521756237443,0.225127992646292,0.516020567041936,0.207320461084111
3.25620093897024,0.801529752032912,0.0591357134151748,0.0469883112050564,-0.635684047416966,0.196837513878913,1,1.02971326437627,0.947588624261017,0.926987545148773,0.329884231425521,0.629233793614187,0.432313312243238,1.19785292246193,0.282959240915292,1.29541980273546,0.349377624834366,0.733841053544929,0.417232076981845
3.26937598677432,0.831855547561064,0.0860422359989844,0.0866298752946986,-0.632257461561524,0.19369188046915,1,2.45146773934403,1.11701193099126,-18.3908480960301,1000.00000001247,0.762035948656982,0.516020849043653,1.57325131620771,0.356774001148666,0.757560968326536,0.35435955919817,1.18155021318713,0.318930613700609
2.12086794093691,0.412197883535276,0.0254017370082844,0.0243070308843453,-0.0848130996752182,0.375553263035988,1,0.38414189595678,0.5631676377366,0.556640791536467,0.61408747600205,0.623331765403482,0.325268201421012,0.858170550403021,0.27965932242025,0.644504632525486,0.309389726554517,0.651166102017656,0.231487301166991
1.73440607351651,0.262046578901306,0.0161270689727068,0.0269515575343038,0.222306866780844,0.335372133343937,1,-4.56734524253985,982.889153381509,1.67448358039388,184.198319849485,0.720746726865037,0.352099576390168,0.853559797120542,0.253317478242514,0.345980568408701,0.238288464614092,0.860102592206286,0.183381557791973
1.76442494879302,0.238373620908277,0.000372017798161794,0.0373576681072019,0.200549135754191,0.395208157035689,1,-0.254794247672456,0.852404964092297,0.526352916378242,0.455660602310326,0.655488909862295,0.206638705198218,0.50809717186429,0.231249728852444,0.564369024470548,0.191772165517254,0.6690402107669,0.277339353871784
1.8458134406074,0.313706747148581,0.00729572282057357,0.0230404891542286,-0.131988344622591,0.37514971636287,1,0.687514627101338,2.24035529743942,0.359100866413628,1.44795898453878,0.295953645658012,0.218202950463282,0.532648375434965,0.252959287664789,0.978659673426709,0.269631653430895,0.313434858714972,0.418316978265891
2.40148303937981,0.369047556130265,0.108399405856105,0.0641155164541338,0.0108387598918527,0.427468164961463,1,0.606677646181789,0.98806888877603,0.881323154929268,0.441144115723779,0.0160137900471498,0.298359755201745,0.798953940839564,0.305912290228395,0.950549263262189,0.181908400722998,0.928184401626878,0.226970727467538
1.80466522196939,0.231190873124298,4.06811588516611e-15,0.000127565119327118,-0.183730219072279,0.235616941393002,1,-0.313125219012848,0.493945884525057,0.714684099521854,0.290001390443016,0.684478606047582,0.256303087960457,0.313781817513821,0.2976158972203,0.678132591221655,0.246832944914125,0.0827729492305796,0.357650093323341
1.83812677399399,0.304136654969076,0.112417533145575,0.0693255620813432,-0.336703379650849,0.293709827523117,1,-0.280131757726572,0.811736194861759,0.815508759922951,0.440781073374979,0.00165755165279492,0.414647248933334,0.624283586152514,0.252036984338038,0.790931740458655,0.265436725442747,0.5384075893349,0.309593341234326
2.27824436301971,0.427689150769308,0.0215773626631498,0.0220894232849927,-0.373190212890229,0.241958094535006,1,-0.312062856264642,0.267792165838569,0.631896449967075,0.290715695755942,1.2582804233462,0.308520384770377,0.212982047399889,0.400197618191111,0.674584769818217,0.287467699013184,0.980583403933385,0.257394930528659
1.94396399502923,0.278992341240018,0.0537122187718924,0.0491665765761382,-0.226369641824248,0.209263167321923,1,0.252033814594069,0.58198204721631,0.53456727421926,0.323180059664792,0.778766163753103,0.217102638546006,0.367352455453991,0.245926116601388,0.879395334044051,0.211615539630689,1.00786603117814,0.291670851517204
3.37836865049588,0.787578497056904,0.0696795520619028,0.0578328743127761,-0.589892959559811,0.254060878649478,1,-0.0122542085710032,1.80084353131539,1.10016117698437,0.571422381767952,1.03510772334645,0.389061284491305,1.18818947575284,0.27486477200364,1.29278446817287,0.261234048696967,0.980604651915573,0.495558053052736
2.35222525002837,0.274754277059537,0.0522657229402417,0.0330841751522062,-0.206066388929165,0.169298369801061,1,0.290402554891926,0.87123849042757,0.824179895937323,0.377193805089027,0.114531496943145,0.36636634573729,1.18086112207379,0.188028655796871,0.880909893953751,0.206920852501212,0.73693304704934,0.317718395854392
2.08773198773691,0.449622396010162,0.0357429349694942,0.0382765732968677,-0.173352332867706,0.358467777036373,1,-0.852260977565182,0.774742196152101,1.24231724446343,0.253537327258731,0.515710030705279,0.323695296854976,0.749457977462166,0.238511623955417,0.336021483030464,0.436470155580267,0.654513917844726,0.306055868657214
2.25095239208566,0.309940699928262,0.06669746651207,0.0352989054992543,-0.38560221150864,0.182177598466089,1,1.0111383163449,1.39556487392387,0.550885272896807,0.761876161559125,0.785219770458305,0.255876763572587,0.479223007123747,0.259693731096609,0.797911186965623,0.16992219120614,1.2627605215226,0.158504611710819
2.12184007885338,0.342437694289464,0.0514377372462155,0.0308591807242856,-0.546678007118548,0.140845017979133,1,-0.0671810045620627,1.05518446653897,0.818800469528842,0.476162541558949,0.588329723803455,0.443496019652318,1.05612637755,0.215791772280953,0.538393607861099,0.27115106369171,0.665180263013685,0.224201592722974
2.05618222424866,0.382296602535509,0.0567428231037829,0.0397335757704293,-0.105429794777413,0.299215932177827,2,-4.90790597791098,989.970228858957,1.94695970337096,141.27614485748,0.550502357510175,0.747490807803246,0.807008124570639,0.30183507748875,0.818560920136327,0.20907556777709,0.618915521576491,0.272036986765303
1.80159028027541,0.266932996171021,0.0161363238657146,0.026193543424588,0.178409485104172,0.505757266886728,2,-6.08096139725018,991.0802214721,2.00644384384657,133.266624599175,0.631502432784938,0.316542506424349,0.740385908672983,0.222069975825673,0.702680051612657,0.22336339300621,0.364007468414372,0.282781893578539
2.16904219154621,0.216977431426143,6.49468267541994e-16,5.09694052974301e-05,-0.0561159676237685,0.290852540294151,1,0.754990320204658,0.776200605684245,-0.223247424005265,0.957954149943537,0.792590703412131,0.262776143403357,0.853704325876069,0.238566292450563,0.497018732802245,0.231838494129205,0.856686312014278,0.209633103079629
2.34300424182845,0.422371424779588,0.0534649573760806,0.0724412977820733,-0.450964089565576,0.260611838692981,3,-5.26996196154852,992.400753555465,2.08754922576457,123.048425791988,0.861463129147076,0.310210741674299,0.56179388348499,0.318604787260857,0.495425085683978,0.324535326974013,0.991857780317552,0.357060108091115
2.58846860569259,0.517863122027868,0.1093999510702,0.0771522943837497,-0.389034308345775,0.272008788942131,1,-5.51960374841252,990.870050778173,1.99464071342579,134.820335603122,0.989080864581097,0.314568103432347,1.16515155852844,0.265145040283291,0.462874475217644,0.287168168718172,1.0982136050623,0.223660677217743
2.91438692173121,0.760576498567971,0.0544338026945874,0.0494543598374695,-0.484692974895008,0.329272112501895,1,0.704484399926565,0.942333823854629,1.13147945585979,0.439330531817781,0.940298555264182,0.5097050892045,0.91454612650168,0.360145246675551,0.731324667511401,0.332239205321955,1.09833548792646,0.386151171362574
2.44379162758917,0.432445553018691,0.0559779808893935,0.0486212300842323,-0.391640016558632,0.19354790652405,1,-4.77028871516659,988.879938630739,1.89453426609793,148.71609433079,0.94891663434688,0.295550791516201,0.410204903396291,0.308629198808607,1.21985442542408,0.222938355449308,0.388009597670018,0.265819027835328
1.91404689324867,0.27827890022207,0.0316368340883402,0.0375455093475313,0.170412588288292,0.304715043794902,1,-1.9128942638336,3.92009014153771,1.30072117046943,1.09184821370816,0.606047389273295,0.318326209409927,0.937370549729679,0.273456067198705,0.804144541884826,0.221422191674995,0.190754028004723,0.444048028921611
1.65246411527816,0.270253636721084,0.055208792937722,0.0329424956948311,-0.301671589444394,0.291560711526597,1,-6.11318899614665,990.404316324166,1.96940974908512,138.200252709464,0.611004722775549,0.331951289093563,0.652880691229238,0.247435497477849,0.790375040508622,0.241864346038671,0.464362176354356,0.26712723474159
2.30709208312015,0.361471827619162,0.0621072315699452,0.0527395665620927,-0.650088826869012,0.171224473531692,1,-5.39221461124591,991.689340066131,2.04225180342028,128.658121176358,0.104184165253,0.352342516884962,1.10034225959195,0.212808997638949,0.740698617738138,0.33842802160165,1.13370897239617,0.386636175091701
1.98193418823421,0.343304999594029,6.55314251935882e-15,0.000161904235711786,0.306390925725411,0.318279704218441,1,-4.01203672074107,987.360086573392,1.82931203230257,158.494991610012,0.394266783294842,0.328285487197297,0.644418521034484,0.171064567206333,0.435170992997065,0.35915130500387,0.878589262433769,0.255260486279035
1.69154681220426,0.269525669165186,0.00596259250118954,0.0156806291641628,-0.193177904956076,0.228481187247388,1,-1.0370341808499,0.692468685124972,0.775249401376206,0.478377788299385,0.536425255192028,0.403344294530434,0.829029873636098,0.252631311734949,0.563820802651334,0.21226214410256,-0.0500861778386381,0.423657320057902
2.30424644341418,0.403100345627324,0.0434191119217168,0.0402540361097782,-0.158194812578495,0.438931374795658,1,-1.78761922494236,2.02804549143316,1.45703971623872,0.496428658914025,0.993064774248149,0.147999791677196,0.541555850573051,0.241958769900336,0.283785953844014,0.387120777490331,0.564028869892126,0.3919200759965
2.90762940411207,0.344386658693784,0.175479902819912,0.0965183915589043,0.0347037810882455,0.646202038192898,1,1.55141201167843,0.93301344448949,0.723334410440075,0.463124799417574,0.647849954069546,0.454117919105719,0.812831863793978,0.296134352753527,1.14341210809615,0.186174879216121,1.11658987131542,0.256297133623993
2.28945040240243,0.400906307871103,0.00619262962041589,0.0143487869745602,-0.371809409626809,0.179144710638095,1,-0.232467416962508,1.44112952124817,1.06806501537431,0.521009299458356,0.561657301634834,0.155429250847825,0.745018859232175,0.272435528979488,0.109471861323539,0.33701030896676,1.30550323253641,0.265989880103755
1.77271577827855,0.282504237133502,2.43823544560204e-17,9.87569879698114e-06,-0.0941601077542457,0.271359928584617,1,-0.479148220151633,0.478841460772327,0.479160242176557,0.278152959572809,0.620531361280761,0.239900548976077,0.880102621545711,0.250693868782461,0.58073468331868,0.856078756581509,-0.143959891200739,1.27553349816884
1.9715583499372,0.455141555528546,0.0190862038112816,0.0390913948735975,-0.444582987818738,0.193341300184488,1,-5.3530891502143,990.695764469735,1.98505186038346,136.095371834768,0.67000661589884,0.359355083690248,0.503552894531484,0.330579521896289,0.461372459404419,0.222572646412368,0.732305290159716,0.359555195117755
2.42985026080877,0.345887053545862,0.022258527404083,0.0342824549046177,-0.439738458822852,0.183047877306474,1,-1.14377921643236,1.4502657899921,1.44185423170901,0.351546960331558,0.303765875630463,0.246625803329691,0.90459542965875,0.200669379882625,0.339827318537626,0.322537758177627,1.24236040022586,0.3048857200213
2.29461782484189,0.549555132487033,0.0304616973333114,0.0385918832687318,-0.596338404730269,0.235873539584809,1,-0.143361124100187,0.623042026334838,0.634670098082695,0.336864448995327,1.04775382114371,0.254595387972893,0.198242610520381,0.358174771271962,0.935545096824487,0.341533385884226,1.04413532663076,0.277227410744084
1.9702565592771,0.49654649113542,0.0653222178010006,0.0575006230171841,-0.201463966747191,0.396184138152288,1,-0.0596413202373229,0.779542043662349,0.551857534892757,0.332883458577209,0.6059256258656,0.373450891948978,0.599913979488231,0.294143421467205,0.724298750582511,0.305986012574085,0.604374900743768,0.29788165318174
2.29590931829547,0.347161071334701,0.0748075619185289,0.0528546973307281,-0.154570566313866,0.302464390626077,2,-5.00239039498392,990.405539433717,1.9694744876857,138.19146901737,0.846013081558521,0.293520903336721,0.634337161097633,0.375228609135647,0.892436150891461,0.201790992546731,0.681487524482561,0.204715129782936
2.29995820535395,0.375536627044277,0.00502824159492175,0.0379717695635005,0.446341442012115,0.311923019476888,1,-5.24409130261924,992.69042127226,2.1072059140413,120.688534611856,0.665287900032472,0.370543050102131,0.740620766206451,0.236353811294166,0.857376321558821,0.22510175171528,0.31558503995956,0.369876784679002
2.33958741330389,0.60754895069448,0.0419442675630563,0.0598928577088581,-0.03969601143339,0.473839516916736,1,-2.87788034179874,982.411253032408,1.6603407348572,186.731127021297,0.729055540668638,0.411099809012572,1.0594009574682,0.218630367771329,0.566248683667652,0.371564531581499,0.465518201082634,0.303683814416006
2.22984047318832,0.405186358156783,0.0646805199404007,0.0508687270371367,-0.386349895336845,0.30767475508646,1,0.202958354914677,0.493381972148231,0.506141292139661,0.355917076154583,1.10079679254435,0.194607848537736,0.407629336010917,0.242579707060682,0.853769348519139,0.28861642474771,0.42291798743047,0.309244770239902
2.06584774144236,0.469331302728002,0.052410198484238,0.0509445779347454,-0.225066834735412,0.430180100338265,3,-5.37120842153505,991.723154345746,2.04433653426298,128.394510457278,0.539853630004773,0.283297798019737,0.476951855276103,0.355573419522474,0.962804527311814,0.262221026815787,0.345020430070346,0.321269222979886
1.83187260881155,0.293919016306739,0.0539367912378754,0.0416966867634594,-0.163670733112754,0.186562553104123,1,-0.152659796474493,1.22669965053573,0.688684290432424,0.652809933338028,0.546729911275379,0.272933243751951,0.697361994985329,0.125486413807238,0.554591031760726,0.287092821455277,0.538031011697305,0.325733405246781
2.62257917633103,0.426143999333401,0.0761575682178943,0.0623725893397205,0.147358980311791,0.524102152430046,1,0.323250413441217,0.461864020448171,1.36377877389276,0.214559790790878,0.577397360282653,0.307017023773479,0.790423284296331,0.327605726091023,0.784058407128479,0.288802924241314,0.868516522614612,0.251917919692436
3.05963359040785,0.516825367743746,0.142345773869923,0.071080176580861,-0.403550104062787,0.138003087089042,1,0.572041575964181,1.00620418646985,1.05427776588756,0.316373007016857,1.18991125404237,0.221075759149794,0.756525570632505,0.243905329036989,0.765555794604886,0.244431737070726,0.701878446833001,0.316227807526497
1.94999084089921,0.293173907428319,0.0636133618594391,0.0416942867093271,-0.116002773198219,0.490263676402785,1,-4.52693644331099,989.484945395629,1.92296545127085,144.635858604163,0.242926602348894,0.313834926935069,0.611697956556186,0.25747103376868,0.778485714982405,0.238099399234777,0.483008330388366,0.270446133458682
1.92192150032355,0.497281135019406,0.025336954513946,0.0476864569996104,0.194249304020491,0.597726655189498,3,-6.23478608029337,992.335963917435,2.0832568419178,123.56969349079,0.851000970880226,0.336544604207345,0.387148429998228,0.323712708824819,0.610726278821475,0.339098574016232,0.614368710992987,0.342908594892413
1.82372131323774,0.441180408010809,0.0435221846665485,0.0703316749887331,0.108194803710781,0.470618537476432,1,-0.221851814579446,0.371143235559038,0.887472166767331,0.374635320978744,-0.24582046835218,0.522745619767618,0.38717928493808,0.383093371914927,0.473591761235072,0.371802200269062,-0.228422979674517,0.512246034077461
1.97615694771677,0.328059421029281,0.0350262866805583,0.0602672105115091,-0.456131320313512,0.241395468525686,1,-1.47147365951993,1.27136071170153,1.10340381395296,0.457776352483472,0.984451054292649,0.164368076060504,0.434333881067908,0.313738588723338,0.450104234367256,0.354618037705707,0.83959613390856,0.305073584928167
2.50845467432785,0.602960275119382,0.0843125019613171,0.0927397103372363,-0.426803690262108,0.407020467461205,1,0.708415053504592,0.716217358200737,0.465983106754957,0.50810480148846,1.10767207716796,0.33908943282533,0.671201996559347,0.350619032354558,0.892472407916995,0.342517789550418,0.747156246619907,0.379403738393417
3.34899133167922,0.652049562879833,0.0826209162405731,0.0448774929993654,-0.672806349793609,0.146103528585285,1,-0.294420138267103,0.936323281398444,1.34090457030598,0.375879447401758,1.01892542807659,0.284477210509817,1.10946448510003,0.279834733359755,1.15115409024825,0.21102567589794,1.44227473952308,0.253758418275124
1.8844497486832,0.332779330223333,0.0421758007379084,0.0424782813491676,-0.0374465398679114,0.392404670859334,1,-0.951083494962671,1.39337039581714,0.948742126566409,0.497118733874032,0.734358260717442,0.340981244655436,0.39027504321075,0.270537929264627,0.688372106747094,0.278416025298814,0.440630841085891,0.372855478919132
2.22617674091436,0.324972061131678,0.0372882147236853,0.0325237814277318,-0.29960567668282,0.259305852892791,1,-0.831701199453985,0.712271795403842,1.11893896569602,0.255337370268409,0.80916314955489,0.256118520629279,0.603227926053611,0.240337238651644,0.371309383685572,0.323840930619954,1.14591753419599,0.240504204503868
1.61192371064671,0.195066247715149,4.53817975505192e-16,4.26060465496523e-05,0.392731509591436,0.16304791704247,1,-0.490181667631985,1.48815356962279,0.693302856638391,0.769971751292169,0.673520265497899,0.206285950869001,0.656252886310268,0.176720058637525,0.584601862358156,0.172774627419572,0.0624932271895482,0.297158082504903
2.330186701859,0.417938767231576,0.000844978885633028,0.0179274528404507,-0.143005107780567,0.239900898045186,1,0.426282220863227,0.796613290668084,0.44452179886823,0.50462541657006,1.01724493917414,0.187913371499044,0.622433628827405,0.248472952058427,0.679477689645392,0.281638320822853,0.747581561504326,0.191373522762012
2.30557800833411,0.493107025402006,0.0552446424924779,0.0463310149812909,-0.27749630552044,0.362219922303348,1,0.700323458654082,0.486821091953882,0.490515339597573,0.477207785147024,0.700600579761301,0.421141439816939,0.85218364433496,0.343601328624032,1.00413311725789,0.249162143310273,0.623079096147435,0.365809905326448
3.42980867329368,0.346014181673568,0.148168208231877,0.0923475259792608,-0.490142673831932,0.159140980813273,1,-4.65852365935663,994.274594784587,2.23054218557583,106.854873807217,0.903580531389168,0.320426274576031,1.14492457982278,0.267300825625161,0.81454312374866,0.255207053598849,1.05372170403438,0.31141642251468
2.23224198467395,0.401308444241889,0.0495085570926793,0.0461647690928648,-0.472047628966836,0.173588632862643,1,0.0864521656106132,0.497906252784607,0.479224399320436,0.402198544971194,0.867144663311607,0.169012937210969,0.873289775112151,0.24528790812848,1.071442020001,0.201110113983741,0.573577160072038,0.412365405839475
3.65670033334333,0.74840192038918,0.100362814687997,0.119813725445724,0.402421731896705,0.451299305865085,1,1.42325562952431,2.66300299209983,1.08989624525013,0.757537701052972,1.03364427369518,0.321265143551297,1.36126432534222,0.220909271967152,1.17690609141955,0.259251039382377,1.2943507718571,0.254084912297206
1.71253924339177,0.22757806868199,0.0419550403837309,0.0331703250600309,-0.421123619161004,0.216564458842035,1,-0.969818341854751,0.942163145185626,0.896106599948653,0.385129175951731,0.726838554371885,0.18959510511401,0.453377806671703,0.2197441311626,0.251822619966136,0.246426191784251,0.628463269972444,0.272481419847338
2.35774213964522,0.470662065293415,0.109554965490171,0.0768195164826197,-0.268556044521841,0.383142217395913,1,0.589025711668602,0.560254398157332,0.336162133179041,0.777696678881407,0.945439072694926,0.36964721162626,0.73641297787745,0.320559245067808,0.825940962500554,0.28030330474996,0.220429368258994,0.355306009877516
1.81452256489282,0.301371580041291,0.0528524216760232,0.0314218078853485,-0.300777375635281,0.20174493788324,3,-4.73885896835148,988.630462456051,1.88323530696521,150.367942627337,0.514781234078946,0.246458252320459,0.793797239315401,0.23770231390977,0.243854691328632,0.229134958539872,0.967105636759941,0.33043433862446
2.16484204961907,0.385708990208058,0.073584152452946,0.0599423878023818,0.097319420790364,0.290414731377425,1,-1.66591318222802,3.36446086810233,1.21761141489394,1.06066724243635,0.623942974643556,0.388824575328555,1.15197374660863,0.254018988448277,0.341452917947135,0.334816077479475,0.722319614795825,0.227354468288703
1.86773211761938,0.225638854713172,0.0136678249014996,0.0198040130698058,-0.38167562265456,0.19554882067328,1,-0.731184717452543,0.556172354129605,0.72068977964688,0.342038950820866,0.799044236637536,0.228485597214822,0.80782773167324,0.16187622428087,0.109324239529881,0.275697938354721,0.888886217129265,0.229970467090345
1.96675475777563,0.284205016579575,7.94562467313458e-16,5.63762849651231e-05,-0.0124261553885941,0.145701738705358,1,0.237481666745795,0.373130136627783,0.446919978147369,0.400588186788148,0.526859230532442,0.242307646960207,0.865488504776293,0.224738857426666,0.436128074425266,0.231918262370675,0.800888497845563,0.29028657814982
3.51143641974416,0.635178436300507,0.14137212522584,0.0832560684958942,-0.278575272857155,0.198858494951135,1,0.18695274936304,0.636714279805949,1.53728910350255,0.173729060395058,0.849500639888042,0.365169294833697,1.0087063830024,0.24600282052802,1.01265775512257,0.255650488834639,1.38704811548357,0.235572414871894
2.16166742355417,0.480486414841406,2.14950844849464e-15,9.27261046653965e-05,-0.596831106370621,0.254477456847512,1,-6.98019876088439,994.472521659439,2.24827988847517,104.997111040822,0.496202292486658,0.411073869377989,0.504750345033915,0.363537958314875,0.740651244132368,0.339482767567643,0.925336493082905,0.193009815717369
2.24822866566038,0.686386158061928,0.0625821156438955,0.0611298242114809,-0.542151862979809,0.226461860092269,1,-5.85420098548463,991.753481799212,2.04619363001594,128.160247655793,0.917034932208527,0.399566477669833,0.692104258981835,0.322122909270639,0.472549685428741,0.346531262793447,0.964034796993487,0.41742829016506
1.84712589140601,0.379864966555982,0.0205937249326538,0.0324136189579599,-0.153312509582938,0.445007342261493,1,-0.445777712658366,1.46914697011739,0.749574742572823,0.760921541624887,0.580197956571905,0.304699578830192,0.335428181116103,0.295209290305781,0.772100809851658,0.316777263384593,0.0306863518206468,0.511109553039404
3.26003534679639,0.767875695334274,0.171092060001839,0.10928000094772,-0.51878907040003,0.273966674648945,1,1.55260977752697,0.814645951089966,-0.0275745114728631,0.685038403018989,1.12284872764479,0.357942513280511,1.45747553810217,0.279705899565568,1.25394875156238,0.371085127016745,0.935251615118527,0.277501044368444
1.39325508474008,0.233432158640245,0.0296243394053427,0.0194208880482016,-0.0882568486504834,0.276923914696347,1,-1.18253953966768,0.254402290444819,0.759477602665691,0.176662861521078,0.720606829319776,0.238145978941074,-0.122857524392207,0.294268286580654,0.517132777655216,0.215712672427342,0.382507185303437,0.234907181808121
1.88507981797567,0.278943898600223,8.96880060406666e-13,0.00189530292673544,0.406625776527179,0.227940309709592,1,-4.60559257505627,988.535435180249,1.87901542639832,150.989332971762,0.637769292221522,0.294370597455804,0.408827335641811,0.327361601997087,0.695867765034453,0.207287535822593,0.836075248470303,0.217987866048309
2.37263150736639,0.367841767186429,0.0734549443373442,0.0443000624727614,-0.681647204144043,0.188802211897948,1,0.259669509733557,1.357379021912,0.151897040558322,1.0644834563243,0.980410619723805,0.371008191006344,0.79578226655361,0.259332675972195,1.14592185737532,0.181853975496787,0.10307339224297,0.444910120123308
1.94389436937875,0.392429819823796,0.0851596630908996,0.0737401589084928,-0.380256789620311,0.374673738017564,1,-0.943571719446987,1.8220402232954,1.19460165382316,0.612169590098538,0.562589985119267,0.271971283527213,0.486475581996435,0.215275329418389,0.723625220509953,0.287350153961089,0.725897086351922,0.423254426321366
2.01259984417091,0.33014205523799,0.0425346508033699,0.0412877581770366,-0.113891815493116,0.305039014071508,1,-5.32704316899869,989.584270529983,1.92778461728634,143.954957089105,0.780458758004522,0.28134087358652,0.752947389954048,0.225789839273907,0.516142206125313,0.263513384530766,0.650088852555088,0.272267368977152
1.73083862489655,0.366720720859647,0.0189271912766435,0.0241625227265454,-0.322650476008635,0.301128364883987,1,-0.381608756845792,0.303608147488192,1.12791952110385,0.341871536992269,-0.161963714522909,0.54171710710454,0.282105682993398,0.4062943121083,0.469365469832401,0.327632681249556,0.839484902415384,0.236365108575497
2.66042583511025,0.311466075777891,0.11110442549342,0.0327527787457113,-0.683797316390121,0.129176289533011,1,0.539797383815467,2.33865565536035,0.845663835967852,0.897316830938741,0.876540539504936,0.330689411422635,0.676559069188732,0.269443200752962,0.744929385345425,0.273945844458673,1.06809377613472,0.21882464667207
2.30152006352201,0.523628599339867,0.0601807901212653,0.0579938805977619,-0.376293972803953,0.306743488881132,1,-0.285252942978763,0.708031174608689,0.635308735701207,0.412858016134665,1.04659248572677,0.226856576689855,0.539909305148127,0.379918084507129,0.662014055584652,0.392701324732781,0.890359698918799,0.310732359538471
1.88690385545139,0.275771172445459,0.00257059394414145,0.0139123525560067,-0.212359313391768,0.325324063180558,1,-0.437033296547212,0.609788629178917,0.443521350968884,0.597816942579241,0.936992028759727,0.242408366932219,0.627678080414809,0.25052951425412,0.496098723080203,0.301717423530699,0.889393321820364,0.252392322804177
3.45168338986294,0.373847293437313,0.139736045960077,0.104564229924578,-0.383045368126845,0.242019296105551,1,1.20716288596829,0.530902088251504,0.870181133317578,0.334335166361855,0.941463946197799,0.170311953177487,1.30832682824876,0.247217914895069,0.945836070460774,0.332219346589465,1.27005320814307,0.269376125477804
NA,NA,NA,NA,NA,NA,99,NA,NA,NA,NA,NA,NA,NA,NA,NA,NA,NA,NA
2.20829991399299,0.48221746931779,0.0974422147669361,0.0726674456712505,-0.312339705065288,0.614098011275112,1,1.02611840593961,1.01490130027358,-0.302346822781405,0.83211451361106,0.79579672209134,0.423716736082518,0.62159293899594,0.233313006006167,0.769980749550744,0.240357031354678,0.90855446208622,0.27900838204745
2.50982944474084,0.711223977987404,0.0998896397998104,0.0617709798301556,-0.278332750278944,0.545080379943952,3,-5.44382287847508,992.454478132683,2.09113197968481,122.614978437808,1.01015169731146,0.239332243900003,0.462210356660616,0.461517224146047,0.963471884025647,0.367754405590627,0.700908437798241,0.401816965991481
2.34621704285731,0.423968095746793,0.105753940601205,0.083417830404718,-0.306804215565143,0.354545075626969,1,0.375190570321042,0.0975954956434272,0.858944441247743,0.357532107702859,1.02993904642159,0.130428219391727,0.789428907097714,0.35275683057253,0.641606355903683,0.370304899467016,0.31842258147422,0.329973546446641
2.10502404211159,0.472530951247817,0.00250413296419834,0.0241806514150085,-0.0291085801719648,0.369800431841723,3,-5.13638791998462,992.096284288727,2.06768016783581,125.47927475397,0.215111992271177,0.629268917989726,0.915452653646347,0.423732854903193,0.484522091861251,0.465584957984473,0.813221239833247,0.295355684464733
2.66230063861261,0.70586138295917,0.0334829790795126,0.0390865832447234,-0.578006440507742,0.288932186040441,1,0.910339303694162,0.733380788368783,0.307086500174223,0.662452745868932,0.733093391295311,0.490450139084739,1.30614494050521,0.331818993513306,0.648955689794303,0.413680272038526,1.22151028289929,0.321292734449253
1.92550309773986,0.263970664523076,0.0648207394210579,0.0610881255029701,-0.00852340093050451,0.453420109226932,1,-0.92774645039305,0.760642124238591,0.911081217575239,0.330778728976774,0.753891033159826,0.273410301194168,0.446832385911918,0.256494835799055,0.661678831485454,0.238737281586494,0.987875493755401,0.240708674210418
2.44935158363668,0.420525690234981,0.0955287920235175,0.0532334464793004,-0.65956744278668,0.158809245171251,1,0.403727839445242,1.08297844096786,0.457294255548638,0.809756246160579,0.998580605793518,0.354346148862485,0.763618639707087,0.25387674498518,1.00358255781218,0.251736606935221,0.784461959962799,0.288722346273639
1.88911823591718,0.231020880494871,0.00240892199626534,0.0346746272720386,0.356207892712799,0.197732499756798,1,-0.534724845662367,2.53963344805981,1.00066184518286,0.943050581925323,0.521494616283379,0.21022446542763,0.124831835724133,0.266057250843916,0.647964641836757,0.24283738272749,0.736661869866493,0.301278520009243
2.63540062647557,0.479509199475497,0.0895277951588274,0.0462642143430536,-0.506403811287596,0.138847064908907,3,-6.51525303921201,993.890101681281,2.19774653218303,110.374649585566,1.01857721818711,0.229631274893846,0.504793007488978,0.266671637116083,0.959105551364299,0.226840321547963,0.653726890328923,0.355837214179535
2.26925773957728,0.321479983110195,0.0888632078994405,0.0461409299288157,-0.289208496391185,0.193353699895777,1,-0.115745905994281,13.6255884696684,1.00865748794446,4.93944833617559,0.393080762069353,0.282354806610636,0.876027118420302,0.243420551018191,0.860280900677382,0.213181228681713,0.798889655624684,0.179620702511923
2.95959454431418,0.658027670616725,0.267119361207496,0.183549251549694,-0.70962504691006,0.161220368564051,1,-0.0788862204010174,1.08267207215639,0.853783179364523,0.435559223592121,1.02057547077284,0.255363657751342,1.31529672824328,0.282024155475706,0.746711781334261,0.353667286759764,1.42935774905444,0.301575924112931
2.47155835159013,0.500193087201679,0.0205846088890298,0.0298947890660084,-0.240935534864743,0.400400850633445,2,-7.30280195563011,995.422489610536,2.34328066118785,95.5726715290212,0.656733061853735,0.381020721527466,0.900572348409175,0.410137279394144,0.230135619116392,0.297749593458832,0.860709525187853,0.275834530972778
2.26479124449172,0.274746393800284,0.0675409569795421,0.0530074236077291,-0.177786286671796,0.239521745269715,1,0.19801906620056,0.845447489662122,0.934531392807596,0.363622308201793,0.646022964370864,0.291192448529794,0.65855839661149,0.225171033666907,0.476568787333318,0.255579280504664,0.439078137381847,0.295161251082671
2.31953253408011,0.341014383348811,0.03487472603439,0.0379949685505429,-0.332158635763591,0.233862187710142,3,-5.50736209232297,992.010523785923,2.06221961606858,126.155366230807,0.973288606999217,0.238796260815223,0.758940262119771,0.168903339431631,0.719238502291752,0.301797497702416,0.869644310364499,0.276976867426283
1.96699964352104,0.233906744071344,0.00919160729743532,0.0208168612381516,-0.0936964867813231,0.218425051114754,1,0.0363743333214628,0.65586294487796,0.633257546729953,0.329965269648121,0.735878294102867,0.211821787459593,0.442456496576888,0.216339307203102,0.755666181372997,0.193859422130383,0.580662861059239,0.174318778845012
2.10743373157949,0.231247795119909,1.2090743568135e-14,0.00021992231840375,-0.5203449408254,0.172343210402438,1,-4.87268427577412,990.551952729191,1.97727509797764,137.137951985439,0.38828095250181,0.239761979069581,0.833291986012261,0.182056829700966,0.538993868449718,0.22559713398773,0.596856987838218,0.208286885443301
1.83496816795211,0.436294384171857,0.00858648169701422,0.0295369506556909,-0.0737399168681816,0.37909834695034,1,-0.468294483468878,0.489004482760195,0.730511156832466,0.519029720053605,0.696573046460308,0.38154995419539,0.443848162274805,0.344820653789728,0.786443236271723,0.262840805886765,0.304719858896933,0.422445195839319
2.47490567531659,0.482320339265333,0.150835612677361,0.111787230217567,-0.30073812983801,0.385067174011015,1,-6.5704929298525,992.405830572175,2.0878926967595,123.006793816907,1.12279905495011,0.294647550145312,0.96453024207408,0.273877278672352,0.675027281765673,0.424160223938559,1.00910181348383,0.265111795459528
1.60422475866879,0.181892940431258,6.57784181203051e-14,0.000513608156344244,0.0164540273512127,0.0860369825808568,1,0.763990985350298,0.616652788763382,-0.983342610415249,1.03344569073562,0.727092317731168,0.22418477078172,0.414234567134698,0.289551830330344,0.228892487452991,0.234337237461579,0.707601607155017,0.257947601705317
3.49911542515115,0.553923754308076,0.0705484821511835,0.0610267454012861,-0.564511866423568,0.21758090185704,1,2.83153796949259,0.653974147810864,0.213360612731515,0.457273839438401,0.999308223461787,0.239387396833167,0.737192938852448,0.225700515512531,1.50934373960218,0.218812870046365,0.972666312209405,0.28859130178109
1.71507020911233,0.163688463100859,0.00384799762988872,0.00786729169260687,-0.180912172062128,0.252688176902913,1,-0.547986110399699,1.40467474085977,0.724133745312882,0.684948983969494,0.498835267649077,0.209030716030016,0.755985574591217,0.203590912179629,0.438357855320893,0.221823723392339,0.515437741126986,0.190212731631355
1.80331476823037,0.305127242683035,0.0613022391634479,0.0343932414027935,-0.541062011521075,0.128914756616972,1,-0.823925592413799,0.978151995658723,0.478194704161531,0.729563585319056,0.910884974726079,0.21637732103398,0.626965310886703,0.230622402544306,0.564857359614287,0.235072513389248,0.609430307796046,0.281567408054543
2.34321066593049,0.42666212607287,0.0493041185266935,0.0498166086928371,-0.57951833392758,0.202632096167119,1,-0.398255904574052,0.619715636795477,0.933697660129944,0.245822063046566,1.05473517011724,0.267230501358348,0.575661587273254,0.263140052562188,0.735481683615055,0.224569023279249,0.373548834527417,0.430408870973698
2.46209050156568,0.475827499416275,0.0360166100618954,0.0329436270193687,-0.54432010119028,0.227466696936594,1,-0.607339886782235,0.899238443667179,1.06304871981627,0.370921890175867,0.885855707070073,0.310266962330793,0.639416146471268,0.314821546399835,0.82409094042228,0.388931226872433,0.915550799715007,0.214919217735205
2.43758875704045,0.380116953749404,0.0813957221691272,0.0649415255855275,-0.536146146464282,0.147524996001981,1,0.202229586302798,0.872231970614871,0.908688058063531,0.347249687824652,0.560529686072723,0.253444927665492,0.729580999860268,0.229142635434615,1.15982433846811,0.254524013077402,0.850274166772059,0.342028838588707
2.0969007522546,0.319685348000663,0.0135228327609139,0.0236778383547313,0.00710684802452873,0.410446967875022,1,0.709790954214797,0.865508646833146,0.236872725871077,0.685701701841492,-0.246948155188568,0.868925772896212,0.725158285530657,0.255355597142262,1.01185936283994,0.275589890657023,0.926417413958302,0.224604263658888
2.34830767131941,0.507844465983942,0.142463948580274,0.145255860117621,0.300732681643417,0.364275383534278,1,-0.177757200149687,0.766889279492328,1.08751854356093,0.297862901414039,0.672151361535821,0.346506527529104,0.707513576638055,0.252722099439018,0.700227223718945,0.386633727564759,0.700682594211144,0.330026267907652
2.14257635764385,0.461697905874384,0.023203664311729,0.0323081874890123,-0.336104679622556,0.292774134879038,1,-0.167283747084093,0.485512613313607,0.740620057316274,0.43617840710337,0.670589035743996,0.312077079700721,0.656298268831898,0.36476303977096,0.742550338705562,0.292835173691126,0.721450710908077,0.215497803451192
1.79469647643929,0.250094682908357,0.0560348371058351,0.0484194760357439,0.0995048759645614,0.419305482343874,1,-4.90173797167121,987.889847362679,1.85113101622783,155.157432532118,0.759609434691439,0.201117498869488,0.52471975605448,0.298845782752175,0.597739258471465,0.260932989877377,0.565189945357871,0.305492828197689
1.99415217034718,0.301364329361316,2.83402101551159e-16,3.36691152076137e-05,0.284103641686277,0.412314400471948,1,-5.77508683898818,990.021203782266,1.94954743957814,140.918136429747,0.798704740551688,0.311122829026227,0.847223810037162,0.261607560849663,0.865020430845139,0.277758772287352,0.528073709243196,0.278785927818882
2.6013712736171,0.381999839330677,0.127159414690097,0.0870013334847801,-0.371510315946948,0.22866654056827,1,0.768321444522861,1.20553704113316,0.188860843735537,0.846663475101909,0.784530344337652,0.732431733070679,1.00713364732036,0.208019322739794,0.789343056052687,0.274797679195833,0.907067552867454,0.222845969650749
1.86606382811713,0.218089504201352,0.0171629939338375,0.0221193603389804,-0.185173250421789,0.273047218493331,1,-0.997884811443189,0.533050567419968,1.03445606664924,0.269799106240581,0.334750393627299,0.350717496170577,1.01849518735517,0.17899512911059,0.560992856678272,0.228180579279978,0.178902392406888,0.368836772854344
1.67079839548406,0.251706422246429,0.0352504143431557,0.0344334829625284,0.137476592209559,0.614980277968463,1,-0.156414055030651,0.387693703019712,0.168514829571106,0.764399504065075,0.465826862440343,0.639660981696418,0.728228813564725,0.18532145002249,0.593327375178527,0.257214405110299,0.638880172898674,0.228184690917991
2.79669219269759,0.458216330599394,0.134995655421771,0.0868656680197069,0.447268269433127,0.2256499340949,1,2.13171189145387,0.660158127865374,0.0251073541769472,0.801689398444364,0.845545763224715,0.38886075728553,0.97662021985793,0.284700125245859,0.944564551419482,0.178166370004242,0.673642824712303,0.357674409545055
2.02282098861944,0.239420555894124,0.000293157531099568,0.0222668262931995,0.309216089164398,0.16346961097272,1,-0.444992069339208,0.990879671087602,-0.0697285906265582,0.916812223763401,1.22697054355868,0.342264419991123,0.838736418603066,0.220244923838236,0.907418354412808,0.157980169525465,0.357094550129268,0.24963255684099
2.07635803879853,0.371896095997756,0.0625320919707437,0.048804288642954,-0.251156794488495,0.289436120451631,1,0.505418615777595,0.908590158003247,0.0698772013159506,0.682006034456795,1.03016885319293,0.247433492382537,0.593007415431497,0.205555441716121,0.44453625835588,0.233260193832874,0.246124832103896,0.381874620859739
1.72484004760662,0.360242639799759,0.0163390818985163,0.0429005141652799,0.0394237971352143,0.46206857516256,1,-0.0079312795330247,1.10617309743045,-16.70205285033,1000.00000053783,1.2886465575934,0.232486993424871,0.366887419252326,0.392789177641104,0.329025519629418,0.339998605470718,0.489451331603493,0.250674132798788
2.79071968609357,0.521224623849482,0.130854419313725,0.088698529856685,-0.632036012203779,0.153233380022306,1,-6.99969316500904,994.416122851211,2.24315518870134,105.530573992622,1.05312719466793,0.259743374172362,1.00996048820183,0.235832267452714,0.718434728818433,0.293422812755706,1.20619882919314,0.170184862802805
2.80515732407013,0.613192612742011,0.0819654679209837,0.0700745293002212,-0.506704788592332,0.234643562060574,1,0.700286347076734,1.16808489482433,0.398412170310109,0.630336180747033,1.24963662153007,0.217516952582646,0.595210956192211,0.29606804926005,1.18020507724097,0.287308275300919,0.7080781955422,0.39170079635924
2.36316265221404,0.322439708655509,0.0531499415066436,0.0642282149064726,-0.0611830879009362,0.248538250719322,1,0.0337503081254328,0.681777868413288,0.970195115794102,0.31021693783252,0.720781104854699,0.254895934883498,0.54660606868173,0.223590468394893,0.731569171863658,0.315731462000208,0.832529791761455,0.245361141611635
2.08484551180625,0.270934225674394,0.067119443588163,0.0350388321995294,-0.477770165522314,0.200255371345859,1,-1.08322080662833,0.933621831704082,1.12041965384125,0.30548899062927,0.435539753142123,0.302331163027201,0.481958344681748,0.255255800348092,0.698597639544432,0.267142013120079,0.794318976896534,0.211601179464534
2.39767756689615,0.327442402494409,7.79938689203747e-15,0.000176631465637378,-0.437028365252326,0.111690871935522,1,-0.413639744214836,2.71501865684425,1.12412227688527,0.907472699046803,0.688669742184525,0.230444565020328,0.753830898899671,0.261336816016951,0.789293418786811,0.272335195185597,0.886565548410891,0.354642659042153
2.0917979666879,0.230017778342529,0.0505047269676693,0.0439884061289674,0.234443390218635,0.362452127322315,1,-0.351240331516209,0.483226103751188,0.951517173126864,0.249995922227721,0.673107493463649,0.222296670093922,0.744781652446528,0.222045327273203,0.589293086813134,0.280617067480664,0.738004474860424,0.343364494586875
1.8203974131605,0.268026938737727,0.0278914952473734,0.0363427217784116,-0.059121149887532,0.152819273633481,1,-0.952545584945557,1.90131738719535,0.983393568871958,0.716198743354645,0.412145980552239,0.279509177255936,0.885282260727118,0.281009645740064,-0.111337721898568,0.332386582437864,0.589873054430755,0.248173276086492
1.85544693112033,0.345508216955919,0.050959056374235,0.0424213580156774,-0.294983905702078,0.360103528556498,1,-0.671516851283713,0.849536355165576,0.582546421238047,0.422373527540264,0.879254714038102,0.248332202214589,0.437060544504071,0.346966533496221,0.737754203329516,0.272167660962752,0.61740209045304,0.235992819315987
1.80137369647652,0.169664307013243,8.83379195175761e-13,0.00188724767824258,0.200064477726607,0.240477139868218,1,-0.627410488584166,0.552291722026825,0.946141238139664,0.217413461650807,0.633450006747362,0.192152358897097,0.365975163136309,0.274318187129008,0.403109327450521,0.303845749693661,0.905981758302457,0.222736258852599
2.39930658324578,0.363284427695271,0.0703758076901328,0.0645802992604784,-0.0931006932379068,0.339939739685958,1,0.728355342222721,0.45858710037637,0.772880439222716,0.41226582266118,0.513443768872944,0.311307405293302,0.584473488893411,0.325697191724533,0.894242827024205,0.216031106076014,0.990461936876155,0.296653145952721
1.93326385045047,0.36552672848615,0.0139845460832268,0.0183567953362553,-0.624776463472097,0.166036158687625,1,0.582782976928037,0.559504391985063,0.530994843436273,0.527495044639786,0.546558865162614,0.387510515331859,0.262563430507631,0.413785112738333,0.662564347460896,0.306218593168546,1.02341558783529,0.329640771553994
2.22161539216399,0.317868736410183,0.0975380377100097,0.043758517719009,-0.209154085711847,0.303196171161759,1,-4.75502804924452,988.848463429665,1.89309240274104,148.925893609719,1.06963827880744,0.135465143649297,0.885634726815332,0.213424636459092,0.529525148833328,0.218196188679897,0.378093045891641,0.32515135763858
2.13765595408812,0.409965120777786,0.0564600888626054,0.057627836949255,0.0451576536640943,0.420933542418579,1,-6.00651115694994,992.487268156353,2.09334645554093,122.347819089053,0.557042751634305,0.288300569285695,0.808915552702082,0.277497224890741,0.753469794211815,0.188182427414767,0.87146741788559,0.253732470369698
1.36676810337383,0.186235196384586,0.0204539950229832,0.015504459539768,-0.121388522657596,0.161806894503061,1,-0.923992279646371,0.758576014817455,0.352979321715214,0.51798253936066,0.611281703900643,0.190334233504204,0.647534578535347,0.177649762455855,-0.0954131542854484,0.288926574183714,0.774622479603899,0.205932100008522
2.44363260888998,0.347042159275381,0.0457199489285532,0.036733813136728,-0.341544366214112,0.233004163334723,1,0.177792791531984,2.57639680663943,0.674045133852197,1.26850996818019,1.0197711739731,0.237640331748933,0.56674084997332,0.215456287950162,0.873030705530319,0.27118673902233,1.07134978852621,0.261367984349243
2.68279887094481,0.72760476108035,0.207220033172076,0.143243475981646,-0.573275937219472,0.238303748603213,1,0.367826158160876,0.859425323668058,0.74066182091473,0.552949612906942,0.657891512906528,0.318833618909904,1.2364804374534,0.257072918154126,0.835651364720211,0.338076691233456,1.04538611994852,0.383418940763533
2.59359251156219,0.402858592166541,0.0643556016053888,0.0503906829414876,-0.256369240610381,0.191997913518144,3,-6.5635982124987,994.931065690275,2.29193057359981,100.558846760179,0.816164142676353,0.273335339930776,0.460523111151589,0.224541051625003,1.11224540826538,0.220063596458246,0.709771965306578,0.331200132808677
2.12993187150749,0.251753987708589,0.018799684387244,0.04065836662273,-0.0865160383347695,0.327688172387995,1,0.035965510515159,1.4217504504317,0.369647251051766,0.862852415837653,0.972157466282336,0.215901248060071,0.525665556656987,0.187259078729008,0.935281302746832,0.233015135144604,0.143929073807384,0.461669449110237
1.93523797562213,0.186373104753611,0.0357451917818146,0.028536708521425,-0.253445047618948,0.130667971918552,1,0.829330843104958,0.32142076531634,-0.25864629778847,0.392256509713163,0.988629681864068,0.186331543668679,0.281172227547311,0.271640268930367,0.712494984978288,0.258046889714454,0.823116143964343,0.133892279960203
2.10175257789711,0.364738893381529,0.0522502472893916,0.0403993839478774,-0.20958098223527,0.265233782613776,1,-1.7322747937147,10.9082689722796,1.35380604790363,2.81557775796546,0.702811807893814,0.247335007835855,0.567100371009687,0.272021904673369,0.847655918934462,0.243226724445855,0.371920417616705,0.373996164414615
1.69850902967904,0.378850084060793,0.0144603815978892,0.0260659523556284,-0.503881749942418,0.277602149681264,1,-0.338682729322706,0.62882055751059,0.601321177036203,0.489504962372145,0.328949930036537,0.341872987684199,0.711560606038691,0.323948875945731,0.327990658605351,0.317265909693359,0.645312519602787,0.319780704744549
2.07222445487235,0.263977447583651,0.0279307282257501,0.0282015478455819,-0.219220945142086,0.276681431771983,1,-0.896312299599832,4.34401476043412,1.238666485777,1.24553920988603,0.697430277554262,0.311333870030302,0.469316636501391,0.316990296752042,0.501641554715495,0.237747100462308,0.708618039264943,0.266251935427939
2.12811319318011,0.315828362238713,0.0854765789292536,0.0675678846384361,0.0951927123679081,0.416731903542468,1,0.0019973945848205,0.755607944511244,0.972691191878569,0.329015448966744,0.147162705297433,0.34158258678415,0.960141411083234,0.166650783595648,0.59471805614597,0.252048182761867,0.849426547675428,0.23436319027246
2.16042680767584,0.376636879505995,0.0520065828449311,0.0501292315580452,-0.0819601302582229,0.388579621666788,1,0.806420781620988,1.12777563772966,0.472257185890303,0.561469018658729,0.463188242572938,0.180898374948413,0.618576394627842,0.262083980808131,0.849071004237231,0.258247551030573,0.798292064342868,0.338357423347528
2.31079421476661,0.318616829792038,0.130472710937236,0.0731888860433847,-0.132892293739339,0.430833905219585,1,-6.20706700666716,993.349160157622,2.1549255432599,115.140940296469,0.63486391035889,0.333704229042146,0.807544338155075,0.254101277710563,0.708050948168108,0.215052406190877,0.895531616856384,0.248613458501389
2.26653970808017,0.315002251771598,0.0287597109109987,0.0388657676330776,0.184100365005486,0.353405845608544,1,-0.413141100814934,0.791826346970155,1.25117152422815,0.355347858378061,0.159607501618195,0.586072802307157,0.854987831444117,0.177734568585943,0.506817813132669,0.240664324384379,1.13432262108727,0.217404193074316
2.25969445811438,0.372654442773525,0.0423270826678721,0.0326340614345752,-0.317739489249072,0.139581344791641,1,1.12846858331193,0.583459995572228,0.648276750623269,0.425978241592239,-0.333729789968787,0.640242117826447,0.887493193465967,0.28339392809185,0.718743474657478,0.27036011785236,0.580869924144784,0.295412368624879
1.74477489253457,0.26098718931482,0.0350881077934395,0.0310122181063696,-0.334440368207916,0.144210812924691,1,-5.31668152651074,989.498990766753,1.9236435098443,144.53987593458,0.533348798703872,0.28650590516067,0.243176929890512,0.391647902108209,0.593384823850601,0.192377182974648,0.642347935606365,0.222368067893638
1.88729504672118,0.289918951098328,0.04146574880314,0.0477893805199944,0.076218310170532,0.437706547126584,1,1.05833110084562,0.938120579688301,-0.421908136374374,0.96278331012514,0.62571535479716,0.362838537411878,0.793865826758421,0.20230296921788,0.632959396827469,0.17415718060593,0.0361964880737445,0.375609505122366
1.89513255691974,0.273310359231928,0.0458560898677042,0.025332492415465,-0.335921661043072,0.201033478659429,1,0.419954613755341,0.699567531365515,-0.096444305793271,0.666286878877426,0.86854652886356,0.20980784995637,0.41140945341484,0.279614691936667,0.702630691672418,0.179232211324742,0.546511260503714,0.275928633516042
2.16374040090855,0.377618805783,0.136787704410919,0.0712288728945405,-0.574129007133269,0.164825609183721,1,-7.5145888718622,994.088952821681,2.21444644457209,108.568434913849,0.706725725175092,0.375638521906381,0.593699411487331,0.372525594290514,0.916188255601761,0.291910848640957,0.876535693131691,0.255610780056512
1.98940427293811,0.322035314930678,0.00813982548737214,0.0122134665894557,-0.435174925367041,0.26581544355646,1,0.156504865271258,0.659279202653201,0.7103015530276,0.221585112491635,0.351356058598888,0.266156932606664,0.787263771028013,0.268799202424418,0.495120318622643,0.299960083797508,0.902182875453816,0.166779002646762
1.87718598996899,0.313788846043563,0.033351565785462,0.0373003842111462,-0.0561413511486247,0.363290950361314,1,-1.91779404184356,2.95458775869429,1.35803849552752,0.749625963637359,0.559056260144683,0.243464024556881,0.394807491918971,0.240713533221367,0.543324922020648,0.292857587899821,0.591837645732939,0.352380346080014
2.53710034948892,0.613613771047228,0.0614014206484272,0.051001510277526,-0.373791815070399,0.264556070111527,1,-0.0795936158025682,7.38477377804421,0.932766420483404,2.89271955489461,1.04308633905605,0.25975931476357,0.090205044406255,0.29778312424915,0.585615332447018,0.308889344760574,1.24381414971618,0.349363876324028
1.53047781214928,0.217183812877859,3.44945795235799e-14,0.000371477488368033,-0.131339494413722,0.204157827567148,1,-0.798252896694792,3.11634719455912,0.75323774627481,1.382488792842,0.454724547900886,0.412824531656168,0.494527536753283,0.250514807342409,0.353510288836853,0.267444567587466,0.18345233641845,0.332361235091481
1.61354235836879,0.275917912670129,0.0390845703802745,0.0386327979089459,0.012400902840807,0.378227121777508,1,-5.16795093145816,989.182746966288,1.90855647575147,146.690212869441,0.328571829859131,0.347311456760861,0.214282316788943,0.258307572211833,0.599011533042477,0.190700020779132,0.6309134139777,0.260963070561323
1.92038024005109,0.174794284987777,2.5546969281422e-12,0.00326708074894674,-0.184824958929024,0.250262613753835,1,0.264139473984126,0.836202209266276,0.611136778935017,0.443266995182942,0.243410692951507,0.252371384524019,0.896563706521332,0.184512637570439,0.40736436469736,0.246116826873867,0.675789579600519,0.233371390404277
1.95204770574519,0.259270565626541,0.043446579977626,0.0329497491149582,0.0196257190673242,0.327532249636224,1,-6.56852848530061,992.79355076641,2.114383525434,119.837828732195,0.776593123663143,0.257010255842337,0.527525138145605,0.219858699186116,0.761878570075604,0.236419004941927,0.672518273764148,0.264269395685957
2.10165322016488,0.356851472202488,0.0557189828446448,0.0473662631174608,-0.119096789591103,0.29896835211377,1,1.11833120607015,0.931367726382909,0.302339675891036,0.480119358517971,0.49741191685907,0.362923766557537,0.84639543403039,0.216690049560306,0.562949554674815,0.290930951642487,0.52257443412838,0.236751950299389
1.92427943392662,0.381960241076257,0.0627950044405367,0.0588297270242394,-0.113132742971523,0.280895657732381,1,0.151746393671778,1.15897135794805,0.648891062369378,0.486189352322271,0.392430546202042,0.287440484945581,0.668743805892453,0.297477500056894,0.661851491089379,0.255645015176625,0.163881414836166,0.307835793525153
2.01796219546527,0.205917092622376,0.0296926976294998,0.031662165698763,-0.131174316159856,0.17182367839105,1,-0.104223959544479,0.748136835258574,0.827036712995692,0.339589337143343,0.499328076511631,0.207561247984521,0.560960434777436,0.230075565086544,0.686730815333508,0.208083803263176,0.52723956144313,0.267591571187857
2.05117028295317,0.278309747864777,7.70367217943752e-14,0.000555216374455629,-0.108012008363078,0.209544793781558,1,-0.00549115585208615,0.458211479689068,0.59808275898032,0.33081259171185,0.652948222666417,0.237246564930873,0.792706189459543,0.157427405597351,0.807366625116341,0.188967614873775,0.632442023270516,0.446765925675812
1.52122032615244,0.340525500043035,0.0256962792732663,0.0326103162290734,0.0427512631160674,0.299952677925731,1,-6.29884216387241,991.312822479754,2.019831423424,131.525303130773,0.376423972755069,0.486375998078722,0.579143274374334,0.223325039798973,0.36303919821767,0.300921020063849,0.302421594258598,0.256623581874891
2.08576091126947,0.467483034720428,0.026809551521428,0.0268713858624617,-0.232923565896585,0.343730942921692,1,0.458674894413478,0.808308908176409,0.248117447292007,0.571032114261105,0.819255203006428,0.320027865852223,0.444783702127018,0.263741910378894,0.957418014569263,0.265106078918167,0.729822560157584,0.326481482359662
2.1704796820386,0.448427644208586,0.0967465986178846,0.0687502582620996,-0.598568738436675,0.113040915733196,1,-0.0105222715992755,0.751085376998425,0.720734500266338,0.412028269257243,0.695230393837112,0.407786210836056,0.859307102117415,0.247230266422113,0.368720851963536,0.268948602872636,0.998225483437759,0.35748041942428
2.01800610617232,0.346473026523008,0.0298068176883925,0.0353025248331232,-0.549545158972552,0.250096280514841,1,0.0110893036921027,0.673941290829468,0.206220554430353,0.622630259759756,0.708692732588338,0.391429943239641,1.15602710768351,0.213506369797024,0.253139276235055,0.341983000754186,0.705048799851552,0.378513232064155
2.28659382695984,0.664447475264619,0.0708875909376693,0.0677605189130725,-0.173125144077578,0.542646510811763,1,0.817436466867718,0.765956729564682,0.491246336239448,0.616636874768955,0.653374076047239,0.47058116636016,0.954684180638539,0.34721651253973,0.44725731957693,0.404742788867643,0.909300859279531,0.286790488156393
2.14881728176418,0.398530155858374,0.0120173020557467,0.0251086502997536,-0.246551221588148,0.434593930485118,3,-5.46430984145968,991.293944955665,2.01873308198573,131.667287667196,1.01267396293408,0.374284785360767,0.454558908841944,0.273753028595549,0.70026645121653,0.223765250674143,0.892697445034863,0.323771751319774
2.07398748346889,0.238965411596488,0.0290115918473599,0.0513996735852153,0.207418606146958,0.393294139123293,1,0.445838489063937,0.509316399058467,0.419373243660051,0.389162481408655,0.62120964395271,0.222203402529292,0.525969195523659,0.218870846015417,0.517944177470562,0.296535415609175,0.799238982943557,0.263656705271774
1.75881305118012,0.259849073517941,4.50850519136825e-15,0.000134293633107873,-0.0372380594569086,0.190930559298649,1,-0.122475301971394,0.871531035951177,0.644378071290054,0.564564551616525,-0.0717203046756332,0.575049921994851,0.781950593267893,0.230244675502651,0.461953374197922,0.223446977428559,0.368061692199067,0.315645158542233
1.82825128704295,0.249131523492175,0.0154744818617893,0.0203225251069499,-0.477838038036991,0.212806464357798,1,-0.548264753333718,0.531595618386372,0.84416844594305,0.353364922712559,0.19880993506054,0.462060705981518,0.875448655558622,0.187753975517526,0.470590740937652,0.272681099118122,0.463392275658342,0.291835345216578
1.94249487674788,0.369979594330534,0.0073829170268639,0.0258217434586253,0.0554355896276031,0.305540661051404,1,-6.72068710718792,991.819188145707,2.05024465289904,127.650629583358,0.957774095278549,0.499572605334771,0.715831392035912,0.283519930853255,0.804292858955933,0.253440399665852,0.645070292084983,0.323905204864312
1.47918848069379,0.181220657542271,3.06770776467323e-13,0.00110880384274573,-0.0535242106794049,0.186698975000772,1,-0.210483902952899,2.20673818956194,-16.5892946427395,1000.00000009255,1.07838395482249,0.764432054555456,0.445292650184158,0.2257234233984,0.103654530906685,0.306575040544351,0.852351077941367,0.210881787750689
1.93219157783084,0.322344219844692,0.0829484758042289,0.0498411497881493,-0.416740482014593,0.240094199126463,1,-0.565948201129997,0.394711800160833,0.682489129270999,0.255786838679304,0.688774640734765,0.253539407215865,0.942757843682808,0.215775473753946,0.386566920314725,0.297631384473337,0.653704932729144,0.331374478322625
2.41543137570232,0.333914048533346,0.105458401487955,0.0577274936637797,-0.198365819452671,0.303525509791384,1,-0.283345200675877,12.7779150191983,1.24392697394405,3.65010940589907,0.161608770570329,0.431749586247012,0.681277023958421,0.26807223656261,1.18928570103532,0.183827422278854,0.691760876124359,0.252602998662493
2.42969635958909,0.403485086103855,0.112172975649774,0.0694677521493776,-0.370906360660214,0.199897614650857,1,-0.442241142861637,0.879802230518447,1.09054102392685,0.354324346938318,1.01600539098846,0.235320741242783,0.519931113522251,0.254106096591006,0.622731753888817,0.345572594461157,1.12520375084734,0.258257868537403
2.32774184972999,0.397475253889081,0.0355683243695927,0.0277737442431009,-0.266095952860344,0.259217024716162,1,-0.465043211605029,0.713379304848446,1.0183617130619,0.357104619960649,0.605545635874085,0.264145633883506,0.681681410873293,0.248325041621907,0.99317324655855,0.226870364809123,0.6223183874694,0.281684835916019
2.06958869179597,0.404774064959008,0.0378211055740369,0.0390476514489371,0.0424532920269361,0.529279378901354,1,-5.1244774684322,990.122328514981,1.95471730691099,140.205924165855,0.593765565952154,0.52023610141257,0.784395174820074,0.235870273679871,0.558679327789474,0.20666983316737,0.40901661210912,0.299249160789966
2.13849168498199,0.275727389634515,0.0413833688398368,0.0696580250426798,0.722577032007401,0.226994514905732,1,0.252944373303432,1.21075630911953,0.632709006251744,0.380219082736998,0.567369509455914,0.481467242859414,0.882250990841405,0.266705302399889,0.547403374967495,0.214926380581639,1.08581900513544,0.192254859378795
2.55249411078653,0.415209771593559,0.127566159038151,0.102585145510843,-0.301276420488142,0.192060082362536,1,-1.2926054245969,0.272380743590573,1.46543355555336,0.285641799645774,0.878395872660196,0.225901331411804,0.710202384509128,0.277731295218907,0.521287570584779,0.215381467664699,0.707688937460041,0.267712166166459
1.90337729478759,0.261180042540125,4.57615403825466e-17,1.35294557821154e-05,-0.142534617363854,0.36303525101077,1,-0.217429011769438,0.722126122178292,0.809823083037563,0.314192874931538,0.224390286064089,0.233149930327248,1.05197583182184,0.218493386296829,0.351285242495862,0.256556304582323,0.49145282488274,0.327118277518721
2.32829267823988,0.380898102912147,0.0240274258884672,0.0327741175334231,-0.614656208356799,0.144902164961022,1,-5.93563520272506,993.031288473665,2.13131140349985,117.854473486993,0.715112608993895,0.221537567576461,0.479226481748027,0.270376238117107,0.934759804883377,0.233152635463203,0.759773167781666,0.360929122757386
2.4807634245576,0.368622819290325,0.0245569055451832,0.0303632279601393,-0.0680404080446088,0.285128219835505,1,0.482854188428867,0.577027866785354,0.734605364811672,0.328546942736817,0.80751409716453,0.250478811048344,1.00240377913593,0.190990751286468,0.37509993603896,0.236943878969115,0.804306270127165,0.230915996911378
2.09031963437584,0.38502897341531,0.00891903778939581,0.022712437220223,-0.1782528005651,0.340797500819373,1,0.398070172723733,0.656222186365121,0.446661272873198,0.523648661764663,0.802130584995269,0.35945015017361,0.512253277702406,0.363427995188521,1.02771916485379,0.258420796902614,0.783973572194928,0.272454484973358
2.44212164714452,0.568082587507673,0.109734005351608,0.105219797631582,-0.00565044661578418,0.562025411487968,1,1.37974968213661,0.591829493912314,0.151487406875526,0.463290005041434,0.511286370630456,0.258400086346958,0.914845993028976,0.314220700307572,0.79057288494208,0.391569533345445,0.984763283345753,0.341519636430704
1.54108653392356,0.32788172167832,0.0165408410548775,0.0206737344844415,-0.253291821296354,0.379605450435987,1,0.200179483483406,1.03846293980131,0.15732666033226,0.774773957466422,0.540957750453922,0.248564709741705,0.443579808753162,0.281857924030934,-0.0722965497220466,0.336692453526133,0.655188678227984,0.193743114823071
2.99375347636342,0.47148832571918,0.167635594313542,0.0968343792150934,-0.456982913152502,0.192689732165657,1,1.79733885058148,0.717908917372302,0.75426580130465,0.301811250960497,0.761555215874983,0.295328670851081,0.877759508369779,0.275045215693988,1.02454694796449,0.280601410899702,0.737789905957604,0.27508392961516
2.97243541868208,0.432841073456046,0.074864677170148,0.0395227709971779,-0.61202825213651,0.142770630321213,1,-4.160328291945,990.756634259422,1.98838240759501,135.651181598278,1.07478180979284,0.252423156932117,0.70943032458512,0.276950433368599,1.01975625316912,0.183663922138232,1.09423891605976,0.279092408947136
2.91998439421773,0.563972084435106,0.213243453905871,0.175509900068671,-0.402775559202727,0.249695174852447,1,0.0727401467894841,1.19089179875648,1.0903690950023,0.437147210610417,0.754488099373488,0.326839839799744,1.02823227331099,0.288599753937602,0.797354794155218,0.314128504196118,1.20026071047723,0.245087698681927
1.79259610190308,0.177760408147455,0.00590074563687752,0.0307236693767061,0.171895255513794,0.507966708579251,1,0.511711182032633,0.810928440637301,-0.674771688902632,0.985527102208635,0.89632225172413,0.26136351805783,0.48131786418591,0.173008544667255,0.720630763110054,0.184622849359947,0.626670159826667,0.250873894534259
2.23533373488161,0.347183628017701,0.110922271369104,0.0837317183086628,-0.0118663982996143,0.374741469627162,3,-5.68067304641305,992.304098490579,2.08116123039172,123.824909130622,0.617123419294111,0.159120793591312,0.600478528248868,0.266646588756776,0.961126915471734,0.259295220565811,0.277173377745751,0.34056587051944
2.54520398526043,0.579031408939902,0.106523728323733,0.0927857333524738,-0.271527505433798,0.399718232040008,1,-0.0658194921633127,0.582580938281198,0.2539782956415,0.484140177808005,1.46336678002887,0.254184937850144,0.519339849425729,0.271961891288511,0.895714934002739,0.358668825558543,0.881207257345771,0.319042456282485
2.13324970176746,0.408901709881964,0.106641992758672,0.0725031594763737,-0.277461391243762,0.377417939694761,1,-4.30711135118183,989.141675835826,1.9066411975542,146.96532815572,0.592991227767544,0.236827239526078,0.362393547269114,0.328860069914356,0.859125647314998,0.326647540106117,1.01545280373434,0.25230508388011
1.79747820830549,0.20111418641982,1.17256646604959e-18,2.16570216738917e-06,0.0689653009187,0.13921160253385,1,-6.11314651100363,992.552315507252,2.09774272479267,121.819103455363,0.454771583760264,0.309721457227416,0.272032388283694,0.260901244159865,0.60707101469603,0.263244799315468,0.643608933793719,0.252736671916936
2.34643152822248,0.497032003081048,0.0171656727961599,0.0229490371071351,-0.0714185464024896,0.342486065582849,1,-0.422890561889976,4.33392199214376,0.878675102597718,1.72762765663275,1.25808626311186,0.301483517328408,0.516733341437952,0.246630816141288,1.04924629857546,0.275787958404914,0.428011705250897,0.3199624629909
2.16553920516527,0.340830679859384,0.0777543051374044,0.0527486622363247,-0.293636945956119,0.240293305445505,1,-1.19909029319667,1.95905746633782,1.38170355085462,0.510440897760411,0.435966615904324,0.312060049660892,0.457422895928974,0.240549610241232,1.02140366886087,0.18837025068317,0.715125498985173,0.282100232857069
1.791060101916,0.305357944596742,0.0277757273256377,0.0282724480276449,-0.155427078665761,0.213341759498325,1,0.220185169337517,0.589191742824073,0.517175035751835,0.430696010575745,0.681479694442117,0.257044017411631,0.517721480031259,0.240839865141766,0.23442106375279,0.300901776542835,0.59569001876119,0.179154970284764
2.33862490334099,0.316874943796021,0.13410686306792,0.0853766286441086,0.0399058851574899,0.373540572530648,1,-0.46518819992545,0.883220619746372,1.17628510972642,0.279571115892263,0.600334636371448,0.2961977150274,0.915619475432786,0.211046225791829,0.954969756086151,0.222992940194941,0.665767537377627,0.281743380207993
2.50000634099903,0.565511577554046,0.112037480557563,0.108323317321533,-0.451722338371674,0.252667954273006,1,-0.192592667249632,0.857456511180011,0.874920626127409,0.460136998649109,0.897242612334939,0.228275539174927,0.70483281655024,0.371517980420071,1.09738259665342,0.315876064644811,0.797063764179145,0.526049194314787
2.33590071653357,0.56193050769003,0.0166651397934515,0.0237600431832697,-0.479790552867541,0.311871751619511,1,1.21810210763845,2.24969204142803,-16.7828449235786,1000.00000012451,1.23849678029495,0.551102568483274,0.739546858166175,0.325020899665485,0.833442207725777,0.311027118618797,0.813231224457137,0.356441120480609
3.00753271842073,0.620156553095971,0.0731155286942744,0.0507607466179348,-0.353528721301406,0.208944746874727,1,1.33989207080923,1.20580169890862,0.817998556283824,0.702603351666637,1.01060329577679,0.515649206671919,0.867568039641641,0.322091104568475,1.27499539950108,0.210326995167749,1.23010887029518,0.244019503980432
2.05135765916617,0.297147543372353,0.0024467984097923,0.0198614062549382,-0.344031450191035,0.175736912019099,1,-5.71526206472962,992.481344765984,2.09294741319119,122.395929228968,0.49415087445212,0.356916898470644,0.643870262136612,0.2068638891643,0.354619318885325,0.329431625030938,0.365472362974775,0.251271579079134
2.38347868228118,0.565271909994875,0.100774264088147,0.106041081637242,0.0716813955086384,0.44709980394913,3,-5.62261812300291,992.265900750191,2.07865774992389,124.130543122677,0.967400167432335,0.186333628880516,0.650893465159579,0.456596866218911,1.09672567293705,0.392221289274922,0.589426756005216,0.317395012732019
2.39175939515502,0.359915247415847,0.102125153536052,0.0599452421699527,-0.219001773352546,0.219418300553854,1,-0.417085257969764,1.09553116048056,0.85405115741994,0.564686328961222,1.05908402571463,0.316485068057628,0.770722716338493,0.211244694192883,0.47104584831186,0.323311252361207,0.712195980299856,0.255399233948592
2.11829482798039,0.289239005148275,0.0752629332657396,0.0516943128660878,-0.0156584266303651,0.298314137410022,3,-5.39236502628945,991.14088153026,2.00990515173642,132.814271489693,0.642478359110515,0.214692187728479,1.02290968692955,0.177430444737348,0.549560131793083,0.21963455869255,0.53506026693322,0.296952791874332
2.33444689892013,0.40321351865924,0.0333724734117465,0.0545811216054764,0.0989887921871974,0.453654432893179,1,-4.36898578035873,989.232322174388,1.91090268183567,146.353754715414,0.962963619876157,0.244805623328224,0.744778577065337,0.327231031607876,0.834791647686918,0.320086189803989,0.853395806374093,0.320889927872013
1.9319745420135,0.367942852877975,0.0528084228334886,0.0676333549498824,-0.174245707527253,0.417216340157674,1,0.0718068177382059,1.5022898183227,0.0614575241281912,0.884484743237629,0.90246069151312,0.327085494051216,0.691713437422786,0.228691421824137,0.383129950795268,0.283992447274897,0.147140700354075,0.406379604469047
2.09426084548211,0.30760257500115,0.0346846890804899,0.0330808208187662,-0.49515876624936,0.170397787813002,1,0.287718742962899,0.870231368918176,0.623460276022615,0.53340925252038,0.634239451612329,0.263746701107597,0.976878910119423,0.211570743281876,0.800017733378667,0.29071922290176,0.348969385381596,0.316586690736958
2.16876279017078,0.413446173741364,0.12661437279803,0.070782808412707,-0.483949297822097,0.27387856031894,1,0.740970311844682,0.373502508745097,0.0709411908497378,0.524817909688183,0.970945658225691,0.337696884803921,0.343648924105121,0.378903274177024,0.89115427427805,0.284177333265822,0.617534855643416,0.306201486371615
2.09300832679445,0.320164489960205,0.00977968356272683,0.0226980201146081,-0.333873116817815,0.225297890958279,1,-0.188600839208535,0.518667782534206,0.910570594505497,0.324411405093821,0.377869782485934,0.230785417070786,0.529125197929459,0.233416506265401,0.6398440822293,0.200793960128573,0.574129961231511,0.220036036509018
1.97585305450182,0.315368930233896,0.00316963520093007,0.0249210681480698,0.102205176452604,0.356726980603315,1,-0.610333108527543,0.480997041512707,0.790746365023937,0.252181337839688,0.574249800496231,0.289959168876094,0.704875811953579,0.269635348737309,0.500606737583329,0.305005429493371,0.628976037707127,0.346181521427761
2.49293521141878,0.212767735276264,0.0624361890377526,0.0320309587376148,-0.522575775452766,0.131369530766257,1,-0.166162030155992,1.71368502463378,1.08389244859702,0.628183168080351,0.919511233441545,0.197528972646425,0.975626724606475,0.175954933983753,0.188827568391543,0.330072348999237,0.982073695846092,0.201754950935824
2.13959528533293,0.346366248467545,0.0473167756390574,0.0454757526485472,0.396544420260915,0.269773158805247,2,-7.2949016467904,994.552548854481,2.25563813418291,104.235743994226,0.884652854723076,0.202226886646981,0.705271402902583,0.24482054400009,0.898159635953635,0.20606152056135,0.826227749480395,0.370649514345099
2.22473495669944,0.338678404517247,3.34394477140374e-14,0.000365737452472768,0.304166066461202,0.235653072363556,1,0.665426828273978,0.879307089651105,0.556797536190833,0.449751168682662,0.678244184201186,0.247365087707933,0.921128948027235,0.143265466851844,0.200329316003776,0.312498554532782,0.954049270415245,0.216814587973482
2.03607951594862,0.47210914080393,0.0362974183960256,0.0311164930321776,-0.404777582443587,0.253687816658481,1,-0.780944961482665,0.452647271968617,1.11564492641472,0.291994214834679,0.489141435765504,0.591403692951716,0.635304769438451,0.301392545127661,0.671984839143332,0.27681842375535,0.491276490062317,0.319438654803814
2.72925016012276,0.53365157834502,0.189318478022527,0.12587672346064,-0.395631334713397,0.448921425831341,1,1.09858220871254,0.7358202120039,0.0795977257816363,0.493734351132535,0.963555153686769,0.384935646437132,0.977468605512225,0.308473718298649,0.84367711157685,0.394419816211647,0.976099193975435,0.258825194845948
1.9640175084566,0.235412053925763,3.13881982697314e-15,0.000112052211718544,0.076422678021942,0.236008804216956,1,0.192513001761083,0.631232111694703,0.581453591522622,0.327880469934267,0.362174109146379,0.347819990851415,1.07437030511519,0.193235057829442,0.529317843822108,0.178426511221612,0.561033986525247,0.324508676122655
1.89632370523172,0.429832266964787,0.0178687138557407,0.0282739874205303,-0.194426672242255,0.496987547899535,1,-4.25346559346052,987.704883988613,1.84341510308645,156.329981018957,0.478548990128571,0.309325044242693,0.499792029629137,0.292017980815261,0.391728117684931,0.328554427409391,0.54640109287568,0.260748943708858
1.983976697998,0.424215191521659,0.0240216297362432,0.0277718612491865,-0.530499515562297,0.256431610541207,1,-0.768391956198639,0.563787863604568,1.12793847652946,0.234022925264808,0.525793946347238,0.364301333579621,0.481447964095357,0.450186290362314,0.813618524960221,0.220642988939307,0.54225027258444,0.401311467894388
1.82790348441832,0.444609607858525,0.0371701680851173,0.0478341483511959,-0.23694421492237,0.376275861182882,1,-5.532692818897,988.590974628524,1.8814525298545,150.630269036184,0.687127982779812,0.455138865725288,0.641187148612628,0.321036069507624,0.405248447810456,0.288788141380213,0.587320452125713,0.385476390340718
1.90514429094874,0.270983789739297,0.0224469375537947,0.0322274168044684,0.0688137297026491,0.28473734131735,1,1.08951426710444,0.422853619612456,-0.245401785679421,0.44543962004615,0.367802768295418,0.46897538919306,0.578964156535908,0.365017925907341,0.710258430852404,0.28257974991289,0.614629020772719,0.251802253384225
2.35256413071362,0.425595177170023,0.0620595119992391,0.059790317026313,-0.470480332155818,0.240850249612294,1,-0.643642271630109,0.539628655399419,1.02722439201214,0.363610490856497,0.864342997212431,0.378226484477638,0.530109198849512,0.371464170582866,0.803963088255692,0.247622499531753,0.842305926943813,0.277998423124471
2.44812265352137,0.492169373306129,0.0815821526615517,0.0782569540005324,-0.636299196477495,0.0981185784574943,1,-0.0629782480808746,0.592033510619484,1.1041020801001,0.220300480503754,0.419641247443666,0.249673982792079,1.12217094743382,0.255578402465953,-0.196398900061032,0.70173596624716,1.05985432679276,0.291549523679985
1.71949108028837,0.196257769382084,0.0434516952898376,0.0276791753831862,-0.272789894695454,0.281563466546714,1,0.448152848959841,0.292894546061791,-0.390132702456954,0.969941049543184,0.517745262636932,0.595817070752901,0.669387161818043,0.233129094613339,0.658641286428046,0.178075047592484,0.578919372962298,0.220647359427359
3.04557463335591,1.13462334564896,0.146814864546136,0.151866651657374,-0.597759602420261,0.300244305362969,1,1.22918396030968,1.42665493098911,0.167195537202244,0.589880328848382,0.881448509494716,0.345223619060863,1.08464320946237,0.651750839232238,1.17381056372341,0.501319252455098,1.1951004243668,0.395912502664615
1.73781441815078,0.243333024358503,5.26020631618514e-15,0.000145061805319242,-0.180442357251958,0.223384384364951,1,-5.84102246967547,991.063288563329,2.00548410284343,133.392300296739,0.803261154322786,0.215958785292566,0.32795285973198,0.28440794989601,0.602580178697836,0.250741033056724,0.394194482004337,0.245609295223094
1.72377737813634,0.157362980654065,1.10002694123545e-12,0.00210010732034912,0.169521721856268,0.210754488653759,1,0.133112591778637,0.530025942852092,0.426402197378059,0.295576928977273,0.539359696828526,0.189447316968314,0.404926482481346,0.215469275884882,0.650295827602037,0.265124275850949,0.246637187131842,0.416870952255417
2.40133924954372,0.452267885132302,0.0633397800627512,0.0447649488017054,-0.0138748449484557,0.465209984258246,1,0.579484084393626,1.64773357122392,0.237645110621916,0.459984298096612,0.824891568014539,0.467203080619024,0.975877957032882,0.178357817784414,0.622246882372488,0.289784538883797,1.26085611118083,0.254675681475748
2.01231623760109,0.332586490205549,0.0446396019369318,0.0456892487047067,-0.194886925495114,0.296357824543301,1,-0.111260320314128,0.716642657022733,0.692894299513608,0.392940578671519,0.190804918784094,0.404252058984238,0.827104103522157,0.213976306703131,0.643863818982262,0.288765821012117,0.874771937649454,0.287950830587911
1.77618518384628,0.371999290410955,0.0253862456157765,0.0593508931430869,0.452601299971282,0.330593141504796,3,-5.1738847585995,993.496663785394,-5.07660565972443,999.999747511,2.16624394789062,113.864188288425,0.702491028123049,0.197839155229141,0.198020777294875,0.306152745783852,0.646870873753471,0.358396912079106
1.92277469228729,0.315924519499909,6.95366179474387e-16,5.27396090989501e-05,0.0901314522587531,0.213933881656187,1,-0.635356849221725,0.631518914263781,0.961269121782757,0.330726890426547,0.232101661375663,0.515724195850898,0.918966167658307,0.210950758908324,0.111489080339858,0.338478496424848,0.300421602704295,0.363962807313606
2.19296758016181,0.441075206179746,0.127896686637115,0.0887711976442961,0.0527094601189323,0.480539920891015,1,-0.181507246594293,1.39283508991724,0.997081368330962,0.578519433084516,0.132303794504979,0.408531905389295,0.893586258868165,0.26613569098625,0.766447732216855,0.244568058054492,0.883654537538455,0.275442569042261
2.06541001102134,0.30661514786058,0.0244031315200788,0.0335388628634627,-0.173534005395307,0.200389061483826,1,-0.0548415372244561,0.76741967960253,0.659206534581723,0.336535636758544,0.758722341537286,0.230340058854202,0.755110094340608,0.262674197829932,0.356662843313579,0.344680219832917,0.849886983904333,0.304062325814331
2.82096641004342,0.518124788698185,0.120805552589936,0.0672035303596258,-0.0700909201079007,0.524490690816164,1,-4.1888593419916,992.462680252976,2.09169162691493,122.547455287904,0.837025400157046,0.399468731725963,0.154477529342213,0.44871518500373,1.40417949134508,0.207697260624693,0.782261819417519,0.27199034189201
1.92717294998771,0.281833043526241,1.16001079914403e-13,0.000681251803176214,0.0157587947870723,0.169295393756434,1,-4.69080772929269,987.458546186698,1.83330843804049,157.878565686601,0.722711802651615,0.274067562520534,0.368995852093412,0.207147905139355,0.67824634681678,0.253481005954548,0.763355085378778,0.349820083874539
2.12869949395796,0.401334903013356,0.00762884327390002,0.0191830337159059,-0.307770056211637,0.353042264610776,1,0.202385806826974,0.611972022899578,-0.410855006664691,1.19424368725047,1.12656651314718,0.37989426202432,0.782839905759784,0.312003207704496,0.635915073355139,0.293801651755887,0.901162274207093,0.299505051287673
3.28398830218066,0.615374700327118,0.0443242087436488,0.0494454057994125,-0.271666321275191,0.238234285733919,1,1.3187507824474,0.797552631349593,1.08585700986705,0.310578013177596,0.625984168529094,0.261513956776324,1.01995925784216,0.427661942937693,1.22969402906169,0.400240863497762,0.856463668047413,0.263865802111371
2.19840394885671,0.406944647950987,0.0457167195723782,0.0574781475240926,0.079510879167612,0.40918698142541,1,-4.66319562990747,988.267271965535,1.86725310857241,152.734392365847,0.542639254136546,0.350725307385228,1.06238119458097,0.210605857128294,0.397506861576036,0.290727977329192,0.672753643780758,0.297792248507277
3.20340001958537,0.719942290113858,0.173758127859408,0.124008019746665,-0.474484049120641,0.326338525854993,1,-1.15259118851462,0.6285342837774,1.7049484066649,0.299138042860689,0.899533634489204,0.314045748781113,0.956439423481685,0.278935582723331,0.92271934200098,0.287135203463983,0.779993501754162,0.304357403174906
2.59256915470106,0.516406082699392,0.0382521609954585,0.0243160648996632,-0.700564693490938,0.114053402512765,1,1.06360151452511,0.63873550092799,0.584544422445518,0.263181584362239,0.7047500792793,0.339316081204217,0.983812258645762,0.239041040882037,1.19901303247221,0.271438930745106,0.458949904054113,0.288981245787663
1.87549437727051,0.314114666968342,0.0196747486444055,0.0250233552414916,-0.291780631775228,0.267698630561825,1,-0.581957292757362,0.492609453024166,0.927469394193526,0.259042605309499,0.398301640247779,0.319600297558886,0.504088620152232,0.205501767288847,0.933876953932008,0.197274640452973,0.385736409584765,0.381123349827252
1.76392604931653,0.306372047692146,0.0412896837632272,0.0444394060606194,-0.418920767004595,0.252104730406016,1,-0.126895208180209,0.344880981107218,0.842742911829512,0.223519160137764,0.436700859227613,0.279821448862523,0.339164012940353,0.373587401390774,0.284515533686857,0.378759924110675,0.67952844322633,0.313707308159888
2.33464726098302,0.548004413367839,0.0779278815202465,0.0518928843799918,-0.459891347290561,0.230419377019804,1,1.45616377183171,2.69653051202893,-16.0885976513242,1000.00000024315,1.46951528257116,0.543004948992038,0.0444002563396045,0.382870983775593,0.856044719073822,0.259969781897471,0.570708026311947,0.350827199659607
1.95136521814456,0.301956256776936,0.00970176992863793,0.0357404377096694,0.397541662368545,0.272458686131896,1,-0.121198931937734,0.85563597556271,1.04181122114292,0.317922614504816,0.0739839556514515,0.291999292114121,0.728392227460588,0.230188147454687,0.567136387757204,0.225435561338255,0.532370753737787,0.334109673656075
2.77379770997525,0.607796717970042,0.152739545757593,0.123142837692743,-0.536197339998173,0.229813961103907,1,1.05099577300781,1.26225533183288,0.242496667349837,0.870392500102139,1.37962527236255,0.248637722979934,0.680417031373734,0.397829968996576,0.696120301662562,0.254632698513447,0.73412923089734,0.382104866521271
2.56783529934905,0.482815702758154,0.0585317835847591,0.0580630100572967,-0.663399133718806,0.183328820439007,1,-0.957432156187729,0.664788317800329,1.4800604791406,0.318010724532885,1.06025520971806,0.321979404772031,0.275111202557836,0.35221935629358,0.881989054400248,0.32357078819153,0.901646648122337,0.339798000495341
1.91906872517642,0.367953599189421,0.0242629004088371,0.0394763231905242,-0.308613041031533,0.223551507875714,1,-0.313714648347133,1.26117376550335,0.520918510394958,0.744451319636427,1.01765282886878,0.207133492284685,0.436834935094961,0.220296202030419,0.474482545196242,0.391061770042154,0.34934257503804,0.625705343010137
2.16436087780873,0.355710278649319,0.0658243038820017,0.0438256979322705,-0.555877072388834,0.236064409017002,1,-7.17197200631061,994.283063807474,2.23128777699484,106.7761328631,0.706197868012964,0.333202352131772,0.978766354472959,0.185141786777477,0.218979913050763,0.324119218129329,1.03582315171067,0.216657660296992
2.59685282649725,0.586474048441624,0.0394500746387445,0.0616854283490727,-0.582316173622596,0.195725971559835,1,-0.321313583248012,0.760160453729107,1.25561205729188,0.278902190000676,0.899085771139251,0.249282689853443,0.640089370250254,0.337273585988281,0.411281556650511,0.405489194325346,1.11611734469839,0.417286517848347
2.08316429922693,0.717306321743632,0.0908089333400112,0.0948009773076894,-0.510563973968716,0.431284453531663,1,-6.12786470433026,993.590747112607,2.17360880984714,113.037240136734,-0.268062691443664,0.5089147471255,0.841796787560155,0.335625857141274,0.561466332353158,0.500460364877455,0.931356729519231,0.423315127898733
2.88016411973025,0.500645340422696,0.182233906615897,0.0972250606906613,-0.465931695795548,0.285136453898442,1,1.25568148130838,0.68503213807142,0.557490604073026,0.270418641305257,0.633285187371648,0.338088657029104,1.13862455058102,0.194235358127602,1.23899688965746,0.166345921933297,0.77369225025619,0.361988977864508
2.55040102332709,0.500186829296562,0.0394127982606428,0.0435459349874425,-0.569753570924845,0.161787439072647,1,2.07756971522758,0.824585061608357,0.328551277521338,0.405710717641154,0.322172729888104,0.306179557875246,0.984820813959624,0.24986065465223,0.800174636872758,0.358571577528175,0.722970691595444,0.295743186762669
1.6573115492584,0.247444620066902,0.0138519347113491,0.0201387681376878,-0.0980526729508573,0.370928093522808,1,-0.453122070762857,0.709062507295558,0.587685895172886,0.440976212532516,1.01071175556159,0.271975263396676,0.518282801051995,0.182452900570115,0.398156739655256,0.326984099107565,-0.912068008518776,0.610505414361408
2.06120939200349,0.422122853928316,0.056697057264176,0.051048913232175,-0.0946162767133274,0.349485953420401,1,-3.74453285368038,991.916524633131,-4.33407242048755,999.998615429428,2.05629958134413,126.903201646263,0.701698134587544,0.276499601257825,0.856866836997603,0.208843573492801,0.178074780726069,0.355554763936164
2.32831528018784,0.344679986850365,0.024201733004287,0.0326772986234332,-0.505840469600776,0.17408701482207,1,0.187272236337328,0.470611796167915,0.832224828864925,0.331944876857416,0.93076018246373,0.268947613966449,0.749168219772723,0.2381241552864,0.476889743994152,0.328578427592766,0.900383089778057,0.256329570739835
2.43424150391814,0.408520002434884,0.0140555992809789,0.0175107578435545,0.00462195871281653,0.33938128552373,1,0.837372706462901,0.953333694940951,0.403869446813772,0.592477654383599,1.05947689809112,0.214866691424207,0.802944630316919,0.300985346370473,0.698416864116858,0.168836066208734,0.639287371094105,0.290222524204462
1.81571135600212,0.209405996416268,6.15113688422986e-05,0.0135630549131478,-0.277701068880812,0.261772457912381,3,-5.94996719062606,991.621882399375,2.0381763804361,129.174674447354,0.744600656185349,0.246204834913512,0.394069504385168,0.27574808095386,0.353173480834014,0.272482935712372,0.91768309017996,0.219909069988167
2.44805823507643,0.382381684169138,0.0113684075337737,0.0316596759931301,-0.685530037086559,0.100243177621398,1,1.16323502397177,0.651557207613024,0.24807084901971,0.419505797824447,0.767937084269689,0.22765181169292,1.05743636138466,0.175622726038697,0.706911462556744,0.27294753131278,0.76606347126934,0.30348997031207
2.01430139442843,0.252229974805562,0.0823010551757684,0.0372298804342937,-0.0608984868777582,0.23367329743371,1,-0.0755210033144942,0.502851158450453,0.791508766636398,0.287453510408614,0.329364595354291,0.351807218896556,0.935527862839721,0.234616499250963,0.668493396743374,0.202296744572974,0.281695711538519,0.282614020494725
2.48188639888841,0.310100104551694,0.0728639723854366,0.0420923170013022,-0.257773127153783,0.321887131380285,1,-0.380687381620988,1.13217988063534,1.0749985484099,0.429868109863078,0.57792006040363,0.240838951838532,1.00434533204811,0.245321681254129,0.595665986138008,0.289781154448981,0.933156036173519,0.428134865422024
2.86768772364856,0.622849185682992,0.119299213604487,0.10616462547493,-0.147989560216118,0.337729566381125,1,-4.65894922345979,990.392801931066,1.96880320405222,138.282507322401,1.10663511830438,0.268721263600213,1.16937610511689,0.22324626577365,0.48970740085523,0.323457364527599,1.25696537475095,0.245910915032002
2.57259019330874,0.369695721841218,0.0383966185811861,0.0362722262537308,-0.410154544981544,0.149772202991963,1,-0.332725895614358,0.627853571823618,0.960550945717121,0.28666165820459,1.03125779499814,0.183005923110148,0.726497506428437,0.234475433661976,1.2238915840375,0.252436966147938,0.681603610284888,0.321016208743911
2.23891048615383,0.501668192963003,0.0599641034226277,0.0513697190571578,-0.581616922465569,0.17883534502505,1,1.07172363142923,1.04035347833467,-0.582110255951705,1.00906671737466,0.678800951602688,0.320539402107875,0.952875512986989,0.188626328105382,1.09323680623972,0.418252007680678,0.246299893674262,0.28471878441883
3.48474699099701,0.66964417911888,0.115777989914641,0.0894325912217129,-0.840370669975865,0.113556451042555,1,1.28598862308018,0.634903406194844,0.943153898807707,0.392080545680365,1.19734892474903,0.382727848325693,1.17052427906744,0.366792531810915,0.881156887295556,0.32808192124077,1.32893810887381,0.239134726750299
2.80476689668426,0.576966201044581,0.141022696671481,0.118301706090869,-0.274195658433944,0.304628749140739,1,-0.240863442060973,1.46560053758238,1.35184454429337,0.447660137393495,0.787225714064768,0.320042707709983,0.6976781732859,0.27782606035605,1.09006727303465,0.27615799078736,0.642727517632877,0.392669980986505
2.65909511717193,0.503220539997261,0.0805044780790598,0.0552569450596447,-0.522245175794656,0.163963488874749,1,0.905342467203063,0.536507695140684,0.617716565805671,1.0757463212812,0.737610443190334,0.852673058764815,0.996347373743774,0.259358908899718,0.83796846788625,0.269260176414084,1.10006975683707,0.243210745706591
2.01170824144575,0.350891188048367,0.0634090195191878,0.0404927511711192,-0.461662012932947,0.177093123133892,1,-6.55316491224336,992.290648153687,2.08027822324941,123.932613428816,0.980164439238417,0.200129282930645,0.361488412568998,0.221169640960233,0.908743267697873,0.228483902992009,0.947560913427779,0.243299757039252
2.51315646444648,0.480349090392341,0.152422236738343,0.110814154727495,-0.409367435060796,0.280915757542238,1,0.758726984477762,0.575907258507924,0.759750866114051,0.357849494823729,0.225459575400345,0.371698589343691,0.897702464819592,0.226346538463225,0.913512680351862,0.393331792316209,1.18573808186993,0.291680778137263
1.52354083184144,0.237442681149856,0.001329631208607,0.0198853799378449,0.0483204664188219,0.302861411957967,1,-5.33556429403582,988.702380739331,1.88647988551226,149.891804206681,0.806851364838274,0.344813216102929,0.394517734485406,0.290300483427572,-0.178837844343763,0.273263773469669,-0.188160892717638,0.370413889975979
2.14817032670301,0.376277441931121,0.0114772004408767,0.0218698765698816,-0.18740589880446,0.326563836440351,1,-5.39850839370886,991.687544898772,2.04215463704914,128.670361436015,0.760748375195091,0.320901791820249,0.713634922815931,0.215201326429576,0.456707270614569,0.247492045117239,0.46927957237825,0.269028420588805
2.45332645419532,0.399650756869183,0.0811332570764637,0.110496263576724,0.517396485052138,0.380251122470352,1,-5.97608986153138,993.528326481028,2.1687136477834,113.584733470165,0.302149747163817,0.593042313238156,0.830870272466704,0.275300850513371,1.15307907682136,0.262520026140014,0.877643779535127,0.309165384458906
2.28173573330577,0.389189821068227,0.0630424980835168,0.0392373881405263,-0.647344796396077,0.152716105430501,1,-0.384388723457688,0.68325245304865,0.906097974825739,0.344894941166368,0.7296719354015,0.268340113477132,0.914265589548427,0.278603589564111,0.900139665015096,0.229228946036479,1.02292948981547,0.247416484651397
2.19413271972583,0.351201845006963,0.0444435292964885,0.0293445799747961,-0.410133317164286,0.313849977065573,1,-0.926637684027804,1.75080062981821,1.0767112246393,0.610991900168002,0.633088272940343,0.333081748786915,0.673872757004119,0.254258398283465,0.899730034548886,0.221300779028539,0.911055196501932,0.239404553763038
1.94049005654846,0.260659908623111,0.0745975428806632,0.0272061072961393,-0.276246962707295,0.141491477877256,1,-0.037639852402308,0.588730173651101,0.607370032270825,0.349096466264735,0.664897175699142,0.201288050877038,0.63212069113285,0.297614546043302,0.523783396110637,0.247095929763285,0.803615558876021,0.217817903860492
2.30068740558342,0.408396047493605,0.0514375385983987,0.0412053280171919,-0.243380672726269,0.336487193570064,1,-4.99669280012985,986.068735781867,1.77970079428664,166.338626345143,0.823367758093282,0.533896067249225,1.2255372241811,0.242265040064935,0.78268635929602,0.254481995588136,0.868003843968039,0.288519720129928
2.34407370432157,0.316803391791385,0.0478713845094249,0.0269606689507801,-0.336551327230584,0.321020917443502,1,-3.30462459864937,977.709966231727,1.53829013161304,209.961134641604,1.04714885640123,0.187680501739995,0.869792570358525,0.234822449105328,1.04697234306643,0.19207240764178,0.761802725845411,0.22263046028408
1.66754692593862,0.327013816359796,0.0239037582008516,0.0197257369143303,-0.378595542748411,0.213123047098269,1,-5.49556597609096,991.007851868102,2.00234972213826,133.803578499134,0.659132372213739,0.310208959009006,0.236329771308952,0.362369667619556,0.495463939845984,0.207925547555241,0.576216552265392,0.364382919044043
2.06503644124785,0.398144245239156,0.0432921370010587,0.0329450630133321,-0.531143991128364,0.172427287866436,1,-5.34164547588803,991.726885611058,2.04445273565654,128.380081922892,0.833117861131948,0.260192175650154,0.475004188523596,0.270665809663523,0.87420148210711,0.242269458758901,0.438098360369136,0.264376823247945
1.68752379664282,0.330112959254434,0.0276031293853756,0.0737650630620751,0.61341649568094,0.329829363513719,1,-4.79904478598547,990.856910133187,-4.30967275741263,999.998356511804,1.99391016508964,134.929044693186,0.835064773860875,0.263883795663119,0.523620577644791,0.235713781490281,0.553162698339273,0.302062090694599
2.04685600590339,0.291665338357612,0.0366470173269438,0.0294719578544259,-0.423997609943572,0.146949842172069,1,-0.3055277893502,2.98528286340823,0.72909414082403,1.43700169080284,0.893898434090262,0.159906053155556,0.777018307887426,0.180818319889986,0.70163197179358,0.316160365723078,0.997270474248011,0.1846675027502
1.97711458850152,0.290054598842541,0.0600361084168875,0.0510856787499983,0.0677966393356477,0.351508850070392,1,0.189729577178398,0.438757509883836,0.0259773491180437,0.60534413191987,0.973701510610464,0.345169041203529,0.794399160009708,0.15464997886479,0.421740797059714,0.374425995434043,0.479985616414659,0.36201980915777
1.80494019181944,0.275674568792079,0.0965809096298488,0.0691484663316759,0.0364750197732715,0.448179065661457,1,-4.71949660207121,988.152368081074,1.86022064901493,153.794507571067,0.50841273588097,0.341969351600688,0.410005877725144,0.245447287677901,0.59115767387316,0.227142843376527,0.87772231465872,0.243282180582653
1.94224219769467,0.352057177278275,0.0466415508828387,0.0438954954044521,-0.166898733360219,0.329849040852883,3,-5.55410925758929,989.442657580537,1.92092630173103,144.92489000163,1.05280540892409,0.208041800106469,0.550802879275116,0.252121397734336,0.644046546948628,0.228840860548554,0.403811061475414,0.37736152223846
2.18412477841226,0.226560944400944,0.0653000006959529,0.056001357338695,-0.14697745580461,0.346726070502477,1,0.616037567266979,0.496791290889399,0.184065053692165,0.402622874999944,1.02902019186658,0.220404736328945,0.906942645092456,0.244380783207686,0.545122655419731,0.283283433574615,0.443192680169541,0.375050629782905
2.18484216319541,0.262233115542863,6.37368864560497e-12,0.00515335181988747,-0.380218025899289,0.165852683807699,1,-4.01088056463057,986.664999684188,1.80203443580221,162.76316706051,0.968546716859119,0.162406319189281,0.578511026295662,0.203555900644677,0.356773114580995,0.241168341489192,0.330490384753364,0.288856026346348
2.6268504387048,0.514665418010163,0.135346249899793,0.0998049666753712,-0.245627662603242,0.32448861994249,1,1.4256962667901,0.675068080137085,0.110558591015235,0.281992103589322,0.84983743076309,0.379104058942876,0.652635069164867,0.258365934054708,0.919315005116654,0.2107196769961,0.89731097373776,0.333191176880963
2.38228184005896,0.321359238609362,0.00328465893659428,0.0249720326930541,0.127520824129037,0.205877325571471,1,-0.179957797680713,1.12301425951077,0.986388765047215,0.414797572253092,0.523543746786238,0.308321005396165,0.859082928374706,0.216747024633634,1.27136546425078,0.223292196234102,0.680063511919599,0.294310203231088
2.41619508890989,0.493755245078354,0.0925994013024158,0.0585845539714249,-0.447611610896794,0.265154633430935,1,-1.21652261917865,1.17031148915089,1.23066217145135,0.427699917655335,0.772394911778173,0.227937235378986,0.786286995214233,0.235928199305689,0.542419040208537,0.332585512808572,0.704223248344117,0.329325754045262
2.67329235706206,0.612437902642379,0.0941451750895917,0.0797249195856348,-0.331614952312783,0.487858707793444,1,1.54779683190809,1.77218855909739,0.127980863019362,1.46266383559115,0.913184585799236,0.363905770003995,1.01574899081719,0.306772616373004,0.484110791274829,0.321997816265924,0.916008795374467,0.267650007469645
2.51192690134635,0.491453759042506,0.138270112724652,0.0794417428789991,-0.169977584096564,0.323033590608106,1,0.263564274371416,12.0898863092149,0.770701273732622,5.30672286651281,1.18656584550542,0.287463385403976,0.202891763161816,0.472524758283384,0.652179845263394,0.255350587175886,1.04622762444414,0.260244022366603
1.93818474118099,0.359959620803382,0.029017959380663,0.0363340461629506,-0.54176996144846,0.283610311700751,1,-7.13609042482173,993.0747239604,2.13450085652222,117.484366131105,0.678270919948891,0.319428028621764,0.895082065261827,0.275260979323203,0.0160685293001477,0.567176079135127,0.920749771275311,0.34052728552496
3.0533261413041,0.844971948408504,0.13405217115982,0.125763251857315,-0.308946479994281,0.506466107743452,1,0.632743798914232,0.762083427762224,0.981148637084911,0.548471522933442,1.21243245995911,0.492597232892425,0.347539886126866,0.918007919602705,1.20539281491528,0.26859150996016,1.22384332203786,0.346716479757585
2.1268331677205,0.320955245140085,0.064797236221788,0.0642118558919371,0.0394959248056345,0.368965266348735,1,1.33855196354464,1.61554749158174,0.344658346062411,1.09432530292266,0.356148737627889,0.422940161460468,0.689921367711317,0.218301762169067,0.499620560794551,0.290907912702764,0.651761327201203,0.216492506541405
1.88973395435336,0.34004836910347,0.0185651302304795,0.028624373823765,-0.135743654258913,0.328921435905772,2,-5.42014477052874,991.95942081512,2.0589932036683,126.556541670905,0.501463953442934,0.396743464532972,0.823201160740749,0.224288349414804,0.660594340180756,0.326162920969349,-0.2259183864014,0.537258083988379
2.87130773512658,0.848466310562685,0.134181362768248,0.107565577149831,-0.516622518243,0.296735448951248,1,1.23411852948589,1.15635730738164,0.782209279658466,0.506960760582665,0.770942244466717,0.2174479056462,1.17570889120218,0.357630842366355,0.236871604727891,0.443098324599963,0.984116473400076,0.32340240072809
1.83017973205449,0.329250705902606,2.75668377551909e-16,3.32065540197431e-05,0.0422460828098314,0.17471756417547,1,0.622750619896992,0.635244819389974,-0.465192586370896,0.909393262765121,0.901390051593338,0.308506092234686,0.741881392305692,0.213701030454234,0.146752641685312,0.431585865071116,0.591309375980475,0.457387697022586
1.62773240712817,0.176146920619285,0.000242626016042262,0.0101190026877866,-0.400863310726914,0.189914455006263,1,-0.730484257286052,0.905024673088919,0.927798651535765,0.297139065864513,0.61449758930636,0.22204010213444,0.116165001571298,0.26582568380863,0.609239482717395,0.223801549889803,0.530350215676706,0.249416804337612
2.42545313643989,0.621510461128574,0.0945289363638084,0.0857026890829982,-0.744073793064655,0.147155421597658,1,0.185201394106641,0.460503907013057,0.896088317196535,0.428845393091526,0.408311368106736,0.433387666888304,0.970122840580693,0.354127943249422,0.750359440863412,0.342975454556861,0.960555173177392,0.250053554202183
2.33406022358684,0.486476867615802,0.0697415860922623,0.0580689892290418,-0.425577850371628,0.233612705013515,1,0.872663745064235,1.08906110022495,0.544503898418038,0.573351965551155,0.711705939678545,0.283471300179938,0.846372913288281,0.266367476351001,0.442968435729144,0.28763692405891,0.898230020202597,0.294346840644834
2.58509395153057,0.511880357630316,0.0603085937148711,0.0553885882015338,0.00469619304503422,0.569397483062145,1,-0.640329775930002,1.95665632479092,1.1764553209441,0.62988377686178,1.04935524824271,0.286627845668551,0.717100888821771,0.263982744610154,0.725628254208728,0.330652425668539,0.644363603263647,0.248055441532544
2.86854388227563,0.59321667020772,0.118184616519927,0.0841113884261109,-0.30296561384441,0.242348830097824,1,0.891124720793154,0.729892221599361,0.861236762989617,0.3563159795819,0.834469628848433,0.373872744067322,0.976362135558422,0.336411490219796,0.905068651693806,0.26767171505004,1.03694276134045,0.269951808942452
2.00561979657435,0.361875232251886,0.0763573810955226,0.0638959558998175,-0.0031276219101281,0.265631263618014,1,-0.209287704778717,0.701945589515384,0.639507851533129,0.3441465144486,0.558876557761867,0.30949228435038,0.726338037492832,0.255875979704778,0.597625842650289,0.293071083547544,0.74498281723461,0.21983698171107
2.72284237615987,0.634304342538169,0.202276017830295,0.125854160607434,-0.741558800390275,0.16278275201954,1,-0.589533860007887,1.21498899657112,1.31192027843933,0.370164731870631,0.53135043818568,0.404763701157264,1.04560536830151,0.254493743149276,0.95417752569938,0.339159551142965,0.58419290041602,0.441256595803067
2.3510225715404,0.271725281476535,0.0532282813457805,0.0533761182120148,0.0818523780397608,0.36520886798982,1,-0.675979682053959,0.711324435741995,1.00002168984931,0.374766550195828,0.748825444017434,0.287531820667928,0.89070485574044,0.201936334473342,0.823195421305262,0.194906962092397,0.740503016809042,0.196901513277368
2.92082386732418,0.574072873897596,0.0852620525187904,0.0586630425657845,-0.249601298292602,0.255698856606772,1,-6.49264224006774,991.016497559222,2.00283618944403,133.740131687621,1.59402796612401,0.517462814043555,1.16468812509477,0.194039178722871,0.708080993090394,0.249036566252661,0.738633455239609,0.277179985964667
2.47766854863197,0.397276059535472,0.0737466440845937,0.0603669096796125,-0.380980795450152,0.185139423164974,1,-0.787971493589195,6.93767306907014,1.46140547059831,1.62739620746621,0.592107654626151,0.263887497012414,0.837467244283454,0.278215794724329,0.956715014832478,0.293824113752204,0.847201202454447,0.397860565389455
1.86636525342072,0.244812735186334,5.84065776857105e-14,0.000483448896912535,-0.128146592482749,0.249527857564804,1,-4.86184983999494,988.13730543775,1.86164158050981,153.573634338347,0.843396631495526,0.219090928520836,0.232183919508564,0.229917464258001,0.682282975978489,0.256848333738238,0.635129402857392,0.30533531306526
2.44271831996839,0.386273537430912,0.0251248873996147,0.0355459837897074,0.0514543127172441,0.305231642151776,1,-1.05708116026302,4.75508478419206,1.33626082541819,1.19146647559103,0.830590191917218,0.260196086928387,0.778513196474167,0.26078508456421,0.85633268775327,0.24214696852099,0.451959535409958,0.259410438867358
3.0530908314398,0.360778338695071,0.134073654581048,0.091423196592448,-0.153046217305745,0.35928439457713,1,1.95558313761816,1.57007330597036,0.721430649293062,0.72591096060397,0.586639490817273,0.275378355179689,0.891139165467759,0.202879925266731,0.928544688431227,0.227130283387171,0.783982933689433,0.331984172297647
2.2507249382704,0.279306116849672,0.0817233336507852,0.0459953426467161,-0.507681931056552,0.132439670582154,1,-5.80516439685273,993.501255870522,2.16660515149953,113.821373132859,0.407286010630294,0.329132174588832,0.427677320021625,0.255274891542145,1.02694587436578,0.183437749772592,0.790910132645374,0.257889640120322
1.99329584484345,0.376949649764015,0.0209588980755071,0.0179157387852784,-0.129876977508827,0.515792172970431,1,-4.35564249420108,984.401580867633,1.72190860431863,175.936935872022,1.17727552593962,0.226253798730271,0.543499752271423,0.317600145729848,0.483513582278483,0.309632766739323,0.747582664383946,0.300131365305419
1.65473695502091,0.200252404449218,0.0113922580894285,0.0270629372221682,-0.0838182334931362,0.318584278138869,1,0.229921754707683,0.534152169169536,0.108850725153381,0.355508644964973,0.710577808513619,0.224014717443421,0.609270502257754,0.17652322979323,0.67156843520125,0.202177538177708,0.299392310770149,0.404698875202755
2.93364640414569,0.338163691719429,4.61851967346466e-15,0.000135919654135682,-0.706607308036771,0.0950577370683621,1,1.34656160947707,0.81032817078443,0.742362515677984,0.381998370751901,1.20372872514044,0.177855885420323,0.65414379825528,0.250859852578774,0.986666058908313,0.231306246347508,0.218358354717173,0.39174849594234
2.66797780977622,0.442453819810717,0.0379917404307202,0.0363216132334207,-0.349638228373722,0.351922431069051,1,0.819685996731302,1.42407183187242,0.919590639737897,0.74098149630573,-1.04290794157686,0.851259921177885,1.36683691587884,0.164934747438251,0.426160807879234,0.24833628835939,1.06680233985794,0.237460273554481
2.24655457786113,0.414173740306165,0.0815360722240529,0.0615794087439444,-0.596478688671592,0.231879653572156,1,0.145970026754907,0.919383836452341,0.669313627073586,0.624183994386868,0.373887672297374,0.378228740756909,1.10040115677985,0.215481682604598,0.914161574294998,0.38607609815269,0.58818298495111,0.4169652453584
1.99252965829855,0.291897758302825,0.072583358533399,0.0393961993722861,-0.142557914663178,0.32754375841815,1,0.0223045472305071,0.626188512274043,0.530470371489331,0.397617782769261,0.54703497641964,0.402813332177325,0.653657297790765,0.30150106513272,0.838610947736729,0.227891430732152,0.640088130342136,0.201976738446497
2.07240355177526,0.410476330163552,0.0416767568298242,0.0543207255307522,-0.125388231144748,0.421726877014036,1,-2.28560242307955,920.886352666809,1.50020628298502,205.439599872375,0.820535956579924,0.240020588847811,0.269305075157309,0.238824888536863,0.944040383068603,0.26282007491554,0.587358543126345,0.358789840093181
2.13225942852307,0.249490857500409,0.0223048897217347,0.0192412277133308,-0.283480369175659,0.37795052680477,1,0.117529462806479,0.628058617311833,0.699197690295664,0.314042350401316,0.522454809452123,0.335686077302672,0.679481409822254,0.240653258716655,0.54616196978471,0.364435810286359,0.904308605428119,0.316340022134938
1.86990461402781,0.391125084996769,0.0584937415542908,0.0515017190430211,-0.417342959037428,0.357448264588869,1,-3.99002330729442,981.991729586112,1.64823633745919,188.924330144128,0.876275206766775,0.306965839406937,0.717143356862691,0.297969226448257,0.796049778285198,0.219638586424699,0.468300338393408,0.369728114911337
2.41999216253551,0.456947883713683,0.0297707626650917,0.0384078285032039,-0.416983878306938,0.288011905276209,3,-6.25872357010626,993.252683139256,2.14765086902949,115.970323032883,0.633713946414641,0.347334707102653,0.981137224764648,0.256373738990058,1.00084285637898,0.223326712901499,0.290536305702952,0.316736492734792
2.44821109771776,0.44038839450851,0.0144393339229464,0.0198178592329488,-0.535897749016666,0.239521214895387,1,0.308776951071714,1.04208422304767,0.376925165474284,0.476953280932463,1.00690592250701,0.26473894704438,1.04984694511617,0.281896940357462,0.712047681414354,0.276902722984204,0.586535720449552,0.184521779620923
1.7886612868145,0.308959835721803,0.0263385336214039,0.0403446751546077,-0.10434307664038,0.236662048711666,1,-1.07844239473229,5.19951652197122,0.99921157976519,1.89032821554708,0.441675041235973,0.283661561911062,0.694797316900841,0.2271003088417,0.647736626849079,0.232811159560873,-0.533881345130302,0.487251618273247
1.94543582852612,0.390725000066323,0.0247940653731283,0.0315434548251464,-0.0564989425136417,0.475392041717191,1,-4.05701929240521,991.905061132045,-4.65731737189349,999.999273642053,2.05558609845916,126.987193718047,0.67294804546196,0.291326067250374,0.487617687568713,0.203268375595025,0.533125015196452,0.300274027497552
3.51459014547979,0.59779493330618,0.135706571078416,0.104208778662455,-0.549500360787197,0.145029278919497,1,-0.122639961191933,1.57235794457346,1.32259497402208,0.328691880085708,0.924724311086501,0.153476738318176,1.29505697646151,0.25142150664293,1.42113335457489,0.236000923676157,1.17332375168282,0.409775675588353
2.0750369843441,0.322154237162416,0.105680007475825,0.0756819047892449,-0.311163441386868,0.231547777121505,1,-0.321949828510311,0.685303383340769,0.878593300966556,0.229705295953358,0.478767874655679,0.284070232236464,0.842710919820687,0.229218838023733,0.972097250001144,0.205334533796061,0.579308253689218,0.307091087147333
2.09249423108094,0.371515996490413,0.0159289653434519,0.034952836945826,-0.30215098896277,0.40336724500402,1,0.973369189538514,0.578653566911338,-0.084028972716449,0.482390559281725,0.801927574971342,0.285959133327593,0.584805544856305,0.333967117053233,0.68464070679274,0.265782202815081,0.915975540959681,0.303931554158646
1.92315513051787,0.320815019610119,0.0605138917208912,0.0449992027093458,-0.188382052860577,0.290246706625233,1,-0.107928147800209,0.567853603433045,0.553965819957061,0.270048120206766,0.681877306734568,0.322480329709574,0.810122792736999,0.216458706438724,0.57699802665884,0.265246155272392,0.695288934251476,0.269136842835837
2.5878808246709,0.397284497452616,0.0605176756624012,0.0422261485811127,-0.342842834465058,0.304070348990243,2,-5.90111816774822,993.642595950052,2.17770150199845,112.581369753384,0.662757601161801,0.276970669781909,0.472056332123933,0.328135075586799,1.2529799701979,0.285054479543174,1.0474029588293,0.302589407470957
