"beta","beta_sd","omega","omega_sd","rho","rho_sd","conv_code","tau1","tau1_sd","tau2","tau2_sd","tau3","tau3_sd","tau4","tau4_sd","tau5","tau5_sd","tau6","tau6_sd"
0.494274941061457,0.570302373752257,14.7138102506765,13.1743779015461,0.319916725820829,1.80735591672187,1,0.543593561080664,0.899384117855062,0.414120955892118,0.484117129248806,0.719216164039812,0.410777520302844,0.0150448580052773,1.00650365783029,0.205058264383792,0.695884422675226,-0.203024160718402,0.893711762481661
1.15375225880508,0.540745859809469,9.96026112556359,5.81942203040262,-0.0944290714908774,0.697596470519259,1,-0.357604695001342,0.556172219262687,0.67814889124117,0.264829370078387,0.451497862538806,0.379851361042858,0.4679333679858,0.443959263140192,0.973256062770912,0.243034959832167,0.869345752131114,0.520314802537403
1.22706012161377,0.499930278258013,9.7449310854085,5.75986230760456,0.71156643463702,0.644116428081082,1,-0.806738809700447,0.831833234435005,0.995695700168638,0.37904734660504,0.312795976514022,0.311013148672495,0.295290375982808,0.351320911572226,0.183032438406738,0.785521160434075,0.512780300459303,0.538175290728986
0.893326721498143,0.49167921919557,7.30982143771182,4.26386262291224,0.185257354098745,1.02828746648957,1,-0.00884403098263618,0.724223944586765,0.553793330575561,0.356927687749001,0.962038068324579,0.367790563741244,-0.187142799817333,0.538789722685717,0.754040349911959,0.360615451760535,0.812334301588792,0.383475865324398
1.17929084568364,0.647085898182204,13.6665645467377,8.59994252563099,0.447755128123546,0.713323270003965,1,-0.115568342781104,0.89495108578806,0.556902517651905,0.350402010726704,0.63178123148339,0.331398763791835,0.490161752242145,0.407449760658263,0.976973430652176,0.401316651889622,1.00715568503729,0.38476680045797
1.86313311140954,0.913066059082572,23.4240393373979,17.5375100215849,0.250323875296375,1.4341107400164,1,0.392847263450509,0.938863827053854,0.858271154385461,0.402491713726485,0.732175353711562,0.469754974194168,0.619158453853854,0.546958773936479,1.0977035179407,0.553878727288042,0.987941420840997,0.438781993684381
1.65978701066751,1.06719082989734,43.3554984004154,41.3251750588787,0.114511541483138,1.43768816140279,1,1.17670227064474,1.37074485863681,0.892424746447158,0.728875181684132,1.21281570784253,0.577708455596515,0.0199138777781558,1.19587409430946,1.57133870903477,0.414277116645275,0.822228514360849,0.534658359301647
1.06921437052959,0.796914376005785,13.4755491691776,14.1873880854521,-0.140365919174475,0.844292147303463,1,-1.40524486315347,0.773523582074045,0.986494880618452,0.475384481395421,0.477463798059357,0.945089756309603,0.51171825581724,0.679095137067597,0.720354292551462,0.683668648096843,0.194675993033635,0.626426786570833
1.39057282317371,0.683297935446341,13.8899822635664,9.47727491217598,-0.257155600615427,0.647156209476294,1,-0.203058673317515,0.5245136751229,0.929916123707551,0.387876139289857,0.59227375373056,0.442888264518874,1.17994123745971,0.401834615578276,0.456028610205309,0.461247866824502,0.866711760318907,0.523851194499211
1.25227469779379,0.734903577123708,16.9993636737331,14.7756022839651,0.15774441525574,1.36428903635331,1,-0.924322604852599,1.15794159708446,0.791067853298464,0.479083518160094,0.470518191285656,0.292352462705507,0.637332808808174,0.671152935207582,0.616005973534268,0.492110608074539,0.466582538135058,0.820555444183929
1.83464730918849,0.760588021368807,19.1452241546716,9.91088191694266,0.449244544784409,2.09918576867894,1,0.857524287983205,1.27993301494266,0.572531244713929,0.529048535341044,0.523749701850073,0.3631292547635,0.386667551405142,0.48314937325993,1.19715336335283,0.238060961345733,0.167520399074715,0.540621934444116
1.84305022713212,0.625111056970787,9.93828137421373,5.75560217698956,0.586250193730062,1.6192758035355,1,0.692499192186647,1.23787314897831,0.317400984152053,0.479388127626835,0.470014511766575,0.339545734686852,0.403620688936062,0.396203078990892,1.03193963311717,0.459179476077548,0.349716685230246,0.423996983558451
0.540276945036901,0.687043214240123,21.8245448031483,16.3209608204452,0.359531406184086,1.71364676948958,1,-0.171785310829522,0.602978632402514,0.315730439860452,0.377941755093401,0.719219940496226,0.423482264456828,1.18186358298366,0.465632170659089,0.346062754008162,0.628822798345222,1.20142295457652,0.573387575512901
1.5605137762407,1.35010437509421,39.279755115436,60.8887384029037,-0.656819848203224,0.622937683420761,1,1.75528289226517,3.03082544935543,0.485515921016854,1.19505257112638,1.34288588777274,0.733738916146489,0.814029773179252,1.17221311017154,1.4453692299226,0.752016339977926,1.29618543277451,0.836847796370917
0.502518938155346,0.684514032727275,22.7161486171267,15.7466392569556,-0.0403439445946103,1.05464091951333,1,-0.30841756224621,0.6799995823886,0.514847450112422,0.407484945926433,0.611109780185019,0.384680527695521,0.279606340855544,0.552255329003144,0.84186866283242,0.498153170304685,0.632358407128598,0.420112327998491
1.69253235255725,0.808463361979695,16.8144334106178,11.7663574583354,0.2328068693104,1.62093580903133,1,-0.327872004878213,0.770364621920786,0.403091194109862,0.365235998343129,0.748065588125972,0.403504395502076,1.06240802891741,0.41684769369853,0.801204225891788,0.511203434317213,0.781130078178736,0.466966789123678
0.932081425903773,0.550174275052136,10.8766788453016,6.79039404941267,0.0488431945313749,0.818849868588314,1,-0.556419899441546,0.516488047820105,0.640628574703164,0.342863732282087,0.477580628197785,0.375905192404743,0.740975097474129,0.368703944561037,0.655296896056353,0.327238569437304,0.376229124423751,0.474854270747303
1.09921286633106,0.788271956986193,17.5868972286074,15.9178409926677,-0.257057572837108,0.786950761097976,1,0.22308765139237,0.897053172093083,0.103016826344566,0.491446341238213,0.909638387492826,0.556182222989618,0.794945058315933,0.409298447667061,0.880190105475529,0.567316418098455,0.239557267628217,0.822272227061322
1.69931540857422,0.655575716156728,8.98129109414111,5.24480903447218,0.410433300337395,1.26669823640719,1,-0.521359896825362,0.884390777902604,0.639984292241815,0.299606345896328,0.391381905867845,0.360487333100777,0.735141571091102,0.388780220799037,0.711537378383897,0.350534119001473,0.84926121722431,0.438156227196351
1.68420286052825,0.975447268380809,31.0002231767474,21.4873701284497,0.487299317969347,2.60127546404739,1,-0.210337471986649,1.20854295868645,0.886515885350375,0.470818030970075,1.11045560864766,0.441305955920205,0.515051887888928,0.485061959974084,0.427464719993572,0.973851971116274,1.1070056587608,0.261409306669973
1.61522332539032,1.22009193383659,23.1224844288357,31.3871723343496,-0.723602965826604,0.402962852861091,1,0.851659138558085,1.11492778722432,1.11740307747535,0.61490796492509,0.923893345269571,0.782841160784043,0.740530026317116,1.01908592887943,1.417062898517,0.734133524156395,0.88361340663734,0.748947327980681
1.37143958213241,0.609175218633255,14.1401313009649,9.17927953477442,0.295102399738738,1.64188682380083,1,0.118176408158722,0.545731595402201,0.573424463803329,0.541101019929544,0.153549505779287,0.383742135437607,1.09005606152906,0.318757730069494,0.721587952449359,0.662929461567543,-1.31792453657204,1.1676857686103
2.00721669688351,1.04527318033744,28.0651726480764,24.3814102678193,-0.0843443475717324,1.28035050419768,1,-0.511097359240215,0.939155307675887,0.521884248500762,0.674125092363468,0.835791385970295,0.353352255774385,-0.140147675803188,0.777423932104817,0.990124398806609,0.392256490506906,1.08452883681705,0.630786516753022
1.22806961356403,0.586367469317023,9.50858720012461,6.83185281505336,0.116423791676769,1.23847729767315,1,-0.403482914207578,0.682638366922872,0.831171330739159,0.417137624994343,0.417242922561712,0.451233968100241,0.407324268110746,0.54962090028156,0.658816291424122,0.450661545747841,0.00742614116954181,0.521399064506017
1.17821627493324,0.616627645095002,12.8210473717613,9.46017904089651,-0.19239037351388,0.657890445923935,1,-0.438190447713995,0.735540558542386,0.556528919126674,0.429148874376387,0.0461498478384042,0.668906880442578,0.431085801223555,0.631638978116596,0.595519782013306,0.574540025115666,0.755649080978557,0.370457804634182
1.22279765521311,0.377380960117406,4.67697417446106,2.38773478648198,0.500118705711283,1.23558725055615,1,-0.168761161214296,1.14560284973606,0.388633235454677,0.376019806441032,0.485762261337885,0.27222924997003,0.519360752671918,0.21172565271666,0.377131944675287,0.462311759879043,-1.51994275503875,1.01619909842713
0.985137737313156,0.534280474322864,9.23466888800059,5.36291082401903,0.441584071058226,1.62115972738204,1,-0.929843768967116,0.885550863073264,0.724812395895694,0.260204398366332,0.399646820577491,0.477489905336831,0.509880011713708,0.530233474865882,0.726665406143785,0.297088129137367,0.456337977584595,0.399276755582479
1.14683710528049,0.550396417542129,8.2706367373786,4.79086179529201,0.716911779741739,0.690268257445372,1,-0.00337894128977447,0.719667054666529,0.740681927522303,0.56033697545586,0.282067795004361,0.42243757890024,0.486771231392179,0.379002008401726,0.43040830133583,0.404470202292954,0.449013632850365,0.504197608694095
1.25472259182887,0.530340187814295,10.3133657153787,5.99915422599217,-0.291730420409275,0.575117380587439,1,-0.70431645886202,0.862654970301798,0.889578483319531,0.376307529033378,0.640962482040169,0.256251807616298,0.718807192371321,0.409696715924545,0.417113537513096,0.312046552359241,0.994015003774022,0.48293939556338
1.74991600915985,1.04367650429666,37.264147356781,28.2098036109304,0.760711676102682,0.483468602784057,1,-0.948498503024556,1.1134942573796,1.1720240328104,0.466594132201368,0.918591945426606,0.457603249992264,1.17380938717323,0.419360788533055,0.687890582813835,0.555576731377777,1.24823379677686,0.417377580122398
0.956546789649457,0.907625363636406,34.216434397483,23.0437941711562,0.329829174499054,1.09468724496093,1,-0.522971882127379,0.973523221310606,0.886981788105965,0.310138790131501,1.05494394381194,0.395914602264719,1.10914297879574,0.431740481208708,0.594772995021706,0.428029170744416,0.348501751451054,0.64359098716069
2.01800018234944,1.62285297116254,22.2490649856527,28.9441906774901,-0.622981838224919,0.553421284875876,1,-0.205846224869248,1.1445491818118,1.18632011482231,0.678036948194105,0.464558707497462,0.887223753129352,1.13546696988912,0.69444407492115,1.10984018988761,0.731387604750437,1.15418149733959,0.696827534520052
2.55799866500318,2.13322381098487,66.3534780923774,96.8777215769503,-0.77876097960996,0.316888741597709,1,0.510940570677771,1.56989540452552,1.61786088796081,0.855322364083607,1.36104171214996,0.783006510526316,0.0225895660606062,1.15496962174008,1.59356234365878,0.66860658053559,1.34330326116518,0.815386203084421
1.7134087850122,1.01577581098859,29.3933184914997,21.8506422684668,0.119538800254301,1.04442100195212,1,-0.305386935686982,1.00216535684869,0.394543742934321,0.449271863264389,0.670045254602101,0.347810167269819,1.19706684129136,0.520752930242322,0.903220406220982,0.678173217228161,-0.204088917764901,0.873513492339752
3.42477115926036,2.87612654359929,74.5247895122074,107.115471742913,0.407750311117158,3.26766171819855,1,1.73671948687184,2.45612820394888,1.6113049213603,0.72630682452298,0.96860377102809,0.817448245184333,0.655517719734908,0.68222339349607,1.25941790681079,0.825449467434768,1.89372808533877,0.801709507379721
1.42636043101423,0.91524454509666,27.9939562305578,23.6393001864433,-0.0219875538805351,1.35631751148991,1,0.591984068602173,0.710336105641964,0.3482992105047,0.543626696457406,0.930047661421613,0.418580705943757,0.399333542686778,0.585152702813256,1.29108217946729,0.680573841154692,0.960585923652523,0.54903311662917
1.61459579772024,0.657065267480869,12.1183208317576,7.72827130118817,-0.407567134268083,0.513761986091744,1,0.991750957537974,0.756627361559516,0.314348465611734,0.407252348309758,0.810190883870131,0.413264008722439,0.760783336689401,0.45456100461904,0.907996332775836,0.3919658757788,0.170787076609718,0.514395324970182
1.60606334139336,0.849421261447004,14.655247583293,11.5160829003949,0.577876960823031,1.14044684534299,1,0.825857082410474,0.974763892535213,0.812702692980392,0.42522333311722,0.348390879782353,0.447987109453032,0.710902890735747,0.346323484890296,0.597759143473288,0.450563003753363,-0.572711391462424,0.789631705731096
2.22407369729473,1.52427166478589,54.6769031338955,52.241292713152,0.565697911130669,2.34136073054839,1,2.03820564491812,1.64064007161994,1.51981591634882,0.601440091689793,1.41333623172606,0.599215189363107,1.23488748044562,0.706921541619125,1.57436332723537,0.490230167896171,0.591908469704753,0.624456937761878
1.90100590270564,1.45413154288829,50.9788220285878,55.7830620794879,-0.562272862876218,0.403611470011662,1,-0.784697318978081,1.31889006398035,1.31805819684917,0.556856160887746,0.691300848645806,0.535113049531912,1.23603048610739,0.57305734526776,1.09989824504629,1.02142048528654,1.3047687869722,0.527563354362424
1.43271734156154,0.721860255610699,15.659063343086,11.7954659232139,-0.16373292253616,0.672162944725423,1,-0.123672532729023,0.652662888945042,0.81677496317288,0.380553118427316,0.881047753124923,0.442074537317511,0.893115584476861,0.540322945320027,0.936052775194959,0.481334592737809,-0.283901114004984,0.709816982875257
3.77083127087632,1.75905048576382,38.5279799389821,32.649813172047,0.385273770098452,1.7113958442236,1,0.672317306107777,0.874359899693608,0.835645822089803,0.542399519823542,1.28367814939731,0.552712752533516,1.17488266482787,0.588112517179368,0.45136290704827,0.616666786328418,0.477082536993266,0.559698569548093
2.41585315168749,1.40577018405195,20.5834338915276,21.732010403148,-0.382851923831848,0.68128261413157,1,1.19404325119002,1.42279795055878,0.560566649419141,0.532745064651413,0.748343969011972,0.618065035231778,0.822300255945601,0.48291198124815,1.14895161034176,0.562659231703704,1.1637345081276,0.558786508951855
0.862749263585465,0.708098789720421,13.6388420868315,11.9250240592832,0.332451351828826,1.78418486304771,1,0.0940694084778365,0.931569680238289,0.614709475600862,0.354108270115452,0.595930288670111,0.646253816080308,0.994215561573612,0.493861245373104,0.00944402231975353,0.728431358697006,0.2771987434619,0.940751108903144
3.68512987856592,1.48576383514182,33.4141943874805,23.638583942388,-0.0628303893098375,1.01801641680837,1,-0.711119363694144,0.814176548800982,1.01533099839934,0.41811144332795,1.06605241939739,0.445558650567494,0.0118111291990149,0.628570011703567,1.19793284998041,0.539149092527177,0.892975811181511,0.502186358300391
1.41167051684839,0.85767004754364,23.1964638064884,19.1575012082604,-0.392013083646387,0.579981301993885,1,0.486004426139978,1.25386076584216,1.08297709303147,0.51337209377812,-0.539732616972544,0.810839134209333,0.763645407170986,0.55027265443815,0.719080495703534,0.439903430545615,0.692941655341894,0.550600049108673
1.93421928079012,1.13598140733637,39.8340849776679,31.4562905480881,-0.53784342564796,0.46782806030857,1,-0.621331353783292,0.8067563978384,0.975204393807154,0.594079847606702,0.910290553170254,0.531137208240906,1.29178123091609,0.323223783776787,1.37933353109192,0.365364277237192,1.16987603154304,0.76275340930199
1.59575821405295,1.34825180274553,50.2351581864492,50.5865560582925,-0.480637673505869,0.650916741876292,1,-1.41087510710148,1.79578724954913,1.38351566440838,0.533537838045414,1.05162716082346,0.515702341332745,0.816132018068572,1.01836174561019,1.39071077686271,0.686990304370116,0.953447736763647,0.588836908977991
0.825452123711849,0.747498195864919,17.5194253090198,14.5935066518079,-0.0331316075755338,1.12563872284483,1,0.126917570886319,0.981386534048904,0.285841850236892,0.512249097018234,1.1725463238895,0.346130229933751,0.384876699847377,0.603018037152047,0.586665871150181,0.542238641815057,1.00379865455196,0.589556662141193
0.813450111980235,0.539306690588965,11.7315476144008,8.14337023483803,0.187809299682286,1.52380110472866,1,0.0451525384719714,0.817358735836839,0.311534164867163,0.453343199988854,0.922625717137934,0.390087094622391,0.405451773552397,0.433493222021016,0.902977250976376,0.427597510297085,0.272476241696196,0.575318875068364
2.91982090136538,1.94149118746039,41.6529535094207,53.0674117223113,-0.600067557383153,0.600112398953494,1,1.3647985842026,0.959392689097867,1.56793305014522,0.660710786925435,0.727437653559925,0.777414199557996,1.22442869540449,0.807934649236359,1.45242617108068,0.647136541992234,1.49827508951267,0.895091067621806
1.34148801370922,0.609551465156662,13.0733217979871,7.77474558117029,0.307595934638259,0.973698850984054,1,-0.235646206648091,1.02315078338446,1.03094759593688,0.321150374825935,0.601790574020417,0.472824463469764,0.323613264361021,0.364092822252012,0.241118923147964,0.563094264317238,0.900606253687138,0.411359212799651
0.803981866847141,0.473549424475785,9.3435368309412,7.04555180336708,0.242253569830041,1.17318061117256,1,0.826725853958917,0.70969102101477,0.243899501303173,0.510380693274527,0.128512907989322,0.487685283408299,0.895420695559362,0.400684791910611,0.391889203758269,0.482756168502302,0.492711786236129,0.556939549205653
4.69919248426284,2.98418980003761,86.6539590938811,109.39807522447,0.983835578782822,0.0257983486790037,1,2.31607707376711,2.33592513892136,1.38870937577137,1.00624621407686,1.61386860023658,0.663844264624511,1.72904244664171,0.646693795138251,0.766440266892104,0.672028611966205,1.41168168525676,0.630695992324368
1.49030049353156,0.805873258031594,20.1705536837766,14.8681563637192,0.423964932485802,1.95792501808314,1,-0.139714183798175,1.21669339006167,1.306703879111,0.530873620446202,0.752777614794248,0.52756627863886,0.847807797228584,0.67845001262982,0.997836025001299,0.469522841425949,0.926100050342473,0.615245158727005
0.00332706959147882,1.02682677445582,46.5885763268332,33.6230079275744,0.585838050299245,1.89019403909925,1,-1.57389665685812,1.28745979372297,0.990682074823409,0.474276157594486,1.16763603696599,0.398311863447711,0.829035525013588,0.61771673450768,0.999836493169615,0.364830938781293,0.915126176426932,0.630344532081111
0.997405588807468,0.596749026796414,13.0037529348194,8.0559942795436,0.448742639089135,1.79379951514926,1,0.587651266399215,0.935000476404337,0.0794065021646309,0.410726990936908,0.866129803024507,0.394910014094104,0.706173160917224,0.346691021319102,0.326631733699581,0.402731997886913,0.549665425738892,0.502875120687482
1.35506131600301,0.952070189550908,21.5029224263267,20.9746664884541,0.157488200348483,1.80489939497231,1,0.295952520230579,1.20393265511522,0.364436606547922,0.669757570779552,0.884318936274389,0.540993718098593,0.598701743844682,0.686423465978516,0.856389495432374,0.432344514032854,0.383200378613809,0.728052211416678
2.74405650488533,1.08014737352313,26.6319799188432,19.7814713484243,0.885943608066343,0.149314492866693,1,0.109308996192514,1.16085094915963,0.971392161653186,0.531612510385351,0.873289513428987,0.554772607358565,1.18915654706286,0.334277926904563,1.35482531104879,0.510470307688992,0.992459252580294,0.477648014341429
1.42358145422597,1.27497553590453,22.651387276335,29.4952534933155,-0.317924291730822,0.966386915886751,1,0.418271867755227,1.33635804773743,0.371628541740565,0.841095284516521,0.992625899617282,0.675516027192558,0.9635905341734,0.736464597883549,0.665282353327795,0.598022138015796,1.15316377965747,0.762503310901717
0.72081088785397,0.737810128737002,24.6369908436877,19.1875423011728,0.160514735063872,1.55095473328708,1,-0.370235228370009,0.7207897859864,0.349793337065627,0.50981693257189,1.03627967778177,0.385604860922962,0.86043386641817,0.580308022281305,0.853757399249587,0.494380122202477,0.250268262257323,0.5716398532931
2.19044857397789,1.44171197367728,32.3912253643837,31.4414149221906,-0.190351699577974,0.753270996075489,1,1.98810824250538,2.208002759105,1.05867306544167,0.570545752919631,0.449196856546118,0.679321619084727,0.750244470325477,0.414234921609886,1.28964760023779,0.597816941092795,1.08229174911077,0.642297208076718
1.32950278747017,0.562266818113866,8.83344843092079,5.65340143006527,0.410459379624805,1.34126652821652,1,0.674655058932914,0.717267056237801,0.712427409397716,0.280762172367497,0.574617322847907,0.477117692595459,0.62199219364922,0.370776210367365,0.333961908674465,0.46356854958977,0.357324488675283,0.454157576191702
1.70302695743378,0.661465229653021,13.9462491729741,6.20458440593038,0.258742541173248,1.07188804112634,1,0.200301842174934,0.703095198573277,0.55533666600841,0.452468327967199,0.74870700875759,0.334108312251132,0.754672565183991,0.321436787009905,0.87778157253594,0.315514790213566,0.840214043622512,0.348370621101872
1.54366373548092,1.0638946863549,15.3679848606618,17.4855136556426,-0.0903896562302791,0.959755680318472,1,-0.772857148423375,0.963024030834159,0.865950979547757,0.554225431330214,0.649593969421813,0.543437964078773,0.351597516825495,0.939899372603924,0.636085889970428,0.717066216522192,0.668500628569588,0.64637438293291
2.03475293459812,0.699657690459359,8.32704174465723,6.06719177982089,0.948887651749167,0.0448569528582706,1,1.24107074637103,1.13101949535373,0.81528118804908,0.483767039154319,0.65109835006837,0.494293342956654,0.736808173456651,0.484303032929356,0.705814967671735,0.406207099931942,0.481312376307201,0.508812448970915
1.56939893175233,0.713054471815595,14.7855628982313,9.98246752110361,0.0728638839850963,1.21142385554526,1,-0.26649059552632,1.1467428475216,1.00426578842023,0.448745420482034,0.309705485084988,0.399871166595121,0.413476957336967,0.486750811858857,0.897476809420391,0.343672758835343,0.373586479247519,0.604534142213432
4.28426142181947,2.37656246760259,63.7074973943641,65.6289857424174,0.194139053475441,2.24919858448501,1,0.582342495754457,0.910079488580846,1.16425600385248,0.463947913067378,1.12882802339273,0.727610220506285,1.23132517803499,0.498308212870448,0.96158678851007,0.831304436301469,1.12218300884675,0.840925358318763
0.880697187609865,0.497254456571292,8.97453337023243,4.83986783196,0.0154339472993576,0.946558029254425,1,0.237988340888056,1.00997863541703,0.479086145852387,0.397282651401426,0.518047857476642,0.30919233126129,0.496173868915717,0.396223708301643,0.258990181140801,0.468773137381443,0.728364665202201,0.357831951147182
1.50587086413458,1.13235035936659,39.0621643731855,45.1593944016497,-0.188264375420616,1.27883832262489,1,0.156603421518296,0.788342352310483,0.502032710864629,0.350971386187495,0.912732145561289,1.08137422194084,1.28264124856184,0.50533524921814,1.20247076476466,0.486559888058513,0.328212863057748,1.03666574165189
1.45186242535765,0.664864020315826,15.9781032338787,9.76799131776196,0.649739096991638,0.927261331640754,1,-0.418369756495374,1.01606870208922,0.692653699587129,0.608962636753388,1.00966941925735,0.292769903536775,0.549321756778084,0.446122379390035,0.809347190490343,0.362410940423064,0.303456774427117,0.547190877439295
1.11293298356152,0.83014089402943,19.8167786808981,21.6555908153547,-0.197920358116127,0.945106922503836,1,-1.33112981394911,1.45785339732562,1.24504894410763,0.562765426911239,0.509211860878191,0.414201276704316,1.19206870411558,0.575146200379538,-0.136732800255145,0.825459389246542,-0.0579678976233915,0.7761554487485
1.71905475370456,0.90792795551245,22.472351916814,17.7146420383237,-0.304855223317655,0.590488923315264,1,0.608704925614028,0.766361049600972,0.763720327791352,0.431273599653991,0.913896575264249,0.45819474029337,0.550295919700211,0.92461473785925,1.18948873192673,0.521882284009324,0.83538184534509,0.453609680971785
1.57823895098372,0.697371533905631,13.3519973070213,8.17730688349266,0.148578887033485,1.15383321501048,1,0.1639255152489,0.556947120889843,0.331706993765588,0.43495016613541,0.610190817007472,0.322397776377016,0.883863080541631,0.410480537075719,0.182579477652572,0.448565839872594,0.372934909604771,0.543634562833562
1.18308972777199,0.572032547069345,7.74512282950987,5.99889756208615,0.0853834718761944,1.15082273679026,1,1.20496273551583,0.899064358683418,0.379797493644037,0.48917788632118,0.585105992938926,0.389388419131617,0.224911479365638,0.568614115060246,0.205049619830454,0.66174527434858,0.265866787485279,0.645061672246312
1.12831244094857,0.682076119384827,14.8949992735775,9.65636559554318,0.879945128245005,0.250465398363403,1,-1.74512573985765,1.29977977864523,1.12613201146713,0.397021495998991,1.06282513615418,0.393329864552196,0.831122808982252,0.407248890433157,0.711481568164453,0.475017528051119,0.584432935023505,0.405597762441325
1.56164168321474,1.32058524029068,78.2795324490233,60.8779544126862,0.905711319080101,0.174786373664648,1,0.0316523737818894,1.52565676598005,1.33878395013869,0.438195029770442,1.67054325117004,0.414602774826614,1.10770908211291,0.606454597991795,1.23166956531504,0.603997547209995,1.01122666704631,0.49897875913348
2.20819714203111,0.766091820185073,14.9174220583844,7.52175342196057,0.158160698839297,1.07273426259904,1,0.0782322866604166,0.583622740599562,0.31160807671276,0.493958903211477,0.71518794426223,0.402747764736218,0.62994822973491,0.342223120686063,0.898146739024161,0.309816997804942,0.649059546738634,0.351672172217077
1.2896988596778,0.804180580265142,21.1007466827853,17.6622276523746,-0.556261888222731,0.36295608833399,1,-0.744929105092721,1.14760194225296,1.2883035425149,0.410235906330705,0.761667858312315,0.70044956804011,0.824595172323281,0.444574624575912,0.693738698259493,0.563543885422798,0.735721670469726,0.52698485985922
2.57445333542892,1.26145208369332,31.9691300532863,27.4811814283056,-0.428902852126065,0.486118414299617,1,0.911497817769871,1.21219929623435,0.228150586237353,0.643933484100215,1.34104735859329,0.498433075000392,0.985015630486526,0.418261761213514,0.556041476570098,1.24898396731905,0.779139994910906,1.0884029292686
2.25888425083886,1.08858696026652,29.8912369043292,20.2130452124389,0.0237264938939468,0.988897706331545,1,-0.135866997057971,1.19766692660506,0.832469290866159,0.489647052837368,1.13774418534207,0.454215897201361,1.44315174694735,0.364485876578054,0.737604482190784,0.407180743031624,1.08841702305212,0.363932521954801
1.14776528551545,0.599356089721316,9.94240939990501,5.70703265491117,0.46523331833417,1.1475484098311,1,-0.355980799368701,0.790664223163289,0.650907127813188,0.33303201874457,0.759264342433623,0.344044905676397,0.71590144584403,0.31098002734541,0.593119571341418,0.547546099274969,1.12422473731674,0.314529857777301
1.17307142130464,0.640408892732349,20.3376100283849,11.9373213379157,0.322996099264079,1.62501474761087,1,-0.341659790210565,0.546401898946724,0.760003349408107,0.308932477326261,1.08544477889388,0.282807840039215,0.553736377167945,0.386782852541403,0.435758366599515,0.486867803950333,1.02462498447997,0.362426390047207
1.1565326065083,0.444229853991173,5.61909989265823,3.21121432668213,0.174609793243672,0.918404772711727,1,0.831768853458734,0.791401801155565,0.0207503707994179,0.376908418652191,0.705851147442846,0.324448031981592,0.479937637740653,0.323209468049746,0.472907594043957,0.375130481676831,0.213876561179954,0.564716473457262
4.32244228696874,4.49089066574934,209.039473843123,415.948046981741,-0.762482769699697,0.524681493776002,1,1.87177863141451,2.29249044559461,2.04758565863564,1.01733673233642,1.91416852024207,0.957867697193523,2.13156928662624,0.989267916677582,1.80238993446272,1.06133036839407,2.00641025226169,1.07836987380212
2.90070854978643,0.963063745378045,11.3546683614829,7.62788839549997,-0.144727974497309,0.648694712899394,1,1.20294560350432,0.730095819352478,0.825879683408219,0.426289724280762,0.226835177974431,0.50239704029174,1.05539055153201,0.37087683781082,1.07900440828397,0.511324692766796,0.692375761815034,0.475953511592709
1.85133645750075,0.87965691671027,14.36915489626,10.4263573400374,0.424744301728165,2.29571204597365,1,2.33832757591265,1.61426234971774,-0.136285515127289,0.483657039354322,0.356026872851293,0.379119070890983,0.93789318774334,0.512222016535475,0.676773311225414,0.390548132415354,0.712888985836405,0.377248828971804
1.31148479371473,0.639036831024382,13.2843023529517,7.55194950635835,0.688292319764029,0.870105973360169,1,0.949727706865955,0.834616981765497,0.472807882082951,0.584975821963373,0.280805776883731,0.309811161282298,0.632160696185394,0.337917248567535,0.474737203284009,0.762340048933671,0.730311197935046,0.5729717224004
1.51480355069632,0.776776737531762,23.8825020128633,20.147179279898,-0.447601729221121,0.452656823989833,1,0.081844748287609,1.07031676954981,0.919354097399904,0.558558068791995,0.852779461566843,0.433137795012096,1.0443324700048,0.576091597473026,0.75302557691394,0.461480731173641,0.770340997540186,0.609553123061902
1.77180489996925,0.741390115985105,13.2783174410203,7.29883248187444,0.557631292967791,1.49234047251224,1,0.38285306258705,0.804858275421294,0.920448182305664,0.286363578189662,0.418056745671922,0.338836468143046,0.455100967319289,0.41705631185501,0.373719502741934,0.645726006218302,0.298042215791665,0.693173752226864
1.30682689693283,0.639670061583187,12.9013288198153,8.57932894406968,-0.283506232488498,0.666682415455514,1,-0.064048250408618,0.636962399796049,0.543346910328277,0.375913396435864,0.685926022831285,0.465345895085817,0.725909795757364,0.418916870039073,0.590877434305299,0.515425497739408,0.429878084759941,0.403720009434888
0.997681271219143,0.659284466074781,14.874203063525,8.93322224487811,0.733577404369035,1.28771464145141,1,0.451246289518035,1.08976494068363,0.479925330129788,0.382134277753344,0.857042488320375,0.428852507768424,0.567550863761578,0.353294535419544,0.773802397890395,0.414606213159276,0.265545506779277,0.663555419651963
0.712920785417387,0.666902429966761,18.2350430637239,17.0817494452445,0.357798592100391,2.38671652892729,1,1.20188907614769,1.16161653984423,0.631889060468684,0.958440259250955,0.909597615684148,0.504084102053402,0.577440698524387,0.470977790078803,0.206126503292586,0.797412510641458,0.566680713187956,0.68916392788412
1.82019385881542,0.890163983688311,22.6643744497436,15.308433553599,0.129944202712531,1.43535531751167,1,-1.07440688474415,0.613241579244601,0.850549281323649,0.338818142432444,0.757973261641567,0.455727572108593,0.739622868626516,0.363922496006457,0.459443665982548,0.5367206819757,1.15384217668587,0.444382403827611
2.77482140004446,1.67925618609541,29.8352406104623,29.975359534004,0.347397894184074,0.902372724919882,1,0.204961541903149,1.24244140804438,0.30426361462565,0.471839398442777,0.823591324145327,0.632225938967407,0.861110930009934,0.46578994309797,1.10337233600062,0.660308760128376,0.951218247517909,0.501049330834332
1.87986330049751,0.583986244877012,9.99826225499612,4.75426657503744,0.509457715063902,1.12773303389543,1,0.590962402064941,0.852930338534588,0.599846183704167,0.307089888757705,0.775922509848475,0.234505750911246,0.883870310924067,0.335480637156094,0.596378739524,0.518508234681885,0.138575084825817,0.597169718558069
1.95099549397872,0.967492403775856,28.4000800914865,20.1838503198737,-0.313680568800736,0.516319923907053,1,-0.219243894546157,0.620996344118155,0.648293029748676,0.393563461885199,1.14471602860014,0.508797718708444,0.3481129136235,0.65769707336918,1.12446843886698,0.443939087571335,0.973003852760187,0.426766132435713
1.8930529086999,1.16553372228205,35.646632051355,35.6880608962178,0.12855978651616,1.66029603371995,1,1.36510773037959,1.00283162641802,0.736914169938614,0.566129446676523,0.241635509226433,0.826729921689099,1.17273514557821,0.554417754132618,0.697674614132323,0.590307157362756,1.46072183467956,0.614658627166457
1.05779972195837,0.718799481124497,26.0245798574288,16.1877409894372,-0.186044343829187,0.503946670360221,1,-0.0841162226256009,0.912637794717594,1.01132140761618,0.42640841890437,0.559048308657673,0.359834485971533,1.49013569702001,0.350872538952549,0.539395400752636,0.532082068774084,1.20331574488834,0.455936456890662
1.95339296946547,1.0219367823444,19.632602912208,17.8184891326427,0.892910153076149,0.152316469557368,1,1.01488163459258,1.00277768039263,0.477952894887949,0.575252373981228,1.04571935571039,0.338220032707817,1.15719454712451,0.708464637282219,0.334093250148898,0.814535230662224,0.455148282977068,0.770919652556256
2.04458844068544,0.785306441894711,11.3830850962719,7.41321540906044,0.917440503391304,0.0607077533024845,1,0.684717069767261,0.959626910876004,0.602852146019233,0.442371156579512,1.03112556304706,0.379650879571671,0.778546938746965,0.221689181581016,1.03992741770553,0.600242973745733,1.17681397184244,0.460026418037624
3.73229346793251,1.68828022446522,38.9245245070319,36.291165692153,0.852734650723741,0.262597781922344,1,0.416541688640075,1.05113551523142,1.00168735601572,0.658807643196504,0.855214201049957,0.588371073198524,0.655393486302671,0.673504660616904,1.13620910944569,0.672734125547579,0.793874517189744,0.904815822676013
1.91984473797844,1.31071741687035,26.8152586964735,23.4377657231808,0.139767604525837,1.47672083155681,1,-0.259329231998643,1.51190771805046,1.16545957181963,0.559510828827769,0.427592153799742,0.78716500758262,0.789236825247199,0.493667381125502,1.12841492160272,0.487590666918187,0.562429145771795,0.462173974770404
1.48772564562991,0.971171603569066,34.5492728514921,28.9093375199004,0.345513726768336,1.75166961477018,1,0.334428327594721,0.895428707914404,0.545624852335459,0.404724286641213,0.833260033395522,0.586582088253177,0.774765938008931,0.599413915573145,0.670163146121811,0.568972525998791,0.991631540866709,0.674095588576332
-0.550851677109744,1.03711497082777,27.115781435355,21.4273412345014,0.49506681643726,1.61905677636877,1,-1.0727299611784,2.0541494476519,0.550267982394661,0.322291884433342,0.258377873520034,0.41395736981267,0.923494638792506,0.573160067599676,0.446911157840746,0.857938946095387,0.685844776767181,0.826377792479182
1.87602076368256,0.955321627319644,17.5445339801822,14.5578120267165,0.0690806566090372,0.988263600198668,1,-0.480741634731936,1.64883912062187,0.996520413357003,0.533434579807997,0.309552237137267,0.563107942770746,0.370509246858006,0.697187981883162,0.937624220758344,0.497585558987327,0.783052555725347,0.459063486612067
0.662062817958965,3.08198425731742,473.092828126563,1603.44312226028,-0.979828182139212,0.0688915709529329,3,-5.27969201054003,10.8211008243497,2.60732243344018,1.67567498870997,2.14501611921438,1.67069651716324,1.94403655162779,1.80194833289641,1.96842539114046,2.08874342507533,2.2440840030157,1.88827420300068
0.720094086756875,0.498976112312852,8.84303606371471,6.15224951105385,0.409848976263378,1.65086297993551,1,-1.03141954492832,1.0413417719066,0.889684906394834,0.425811572598605,-0.434291633601922,1.26118210554405,0.761797198909426,0.359670337645677,0.191273305067078,0.425247514648537,0.614886276246109,0.32813236764087
2.54971735056114,0.92835160702419,15.2060076312183,9.65677949442819,-0.186106199895756,0.742373318659518,1,0.306921379990079,0.647567956109821,0.55822762420121,0.40073566410906,0.872586389923633,0.487225437443476,0.529838982546065,0.461405371820544,0.715361354578305,0.322784718169683,0.957920396908671,0.381438066130082
0.900328582554614,0.666293350062073,17.949868016235,15.3185576915786,-0.346499772459741,0.394772992635497,1,-0.542486338649338,0.877599332165946,0.684704236403285,0.537247470330606,0.962023560251969,0.396387522678618,0.914656231699497,0.515603301859294,0.484756660028058,0.518377630120918,1.23574498905218,0.551878819718122
1.59827575121227,0.517916015940429,10.4024631215939,5.37257011456568,0.643513153880884,1.23749931833107,1,0.440518818856085,0.903340908156677,0.600077116630657,0.273767331713482,0.754587844623911,0.322764897259733,0.517353246078088,0.402565267936909,0.876393013415412,0.448051162729264,0.652356972312692,0.587374478245765
2.70482664933773,1.3737153032389,20.7016621427411,16.1711298436949,-0.440591295118468,0.537749345231624,1,-0.237483719500772,1.00049967077966,1.35135658294954,0.386059498826524,0.538061372319042,0.564791851215757,1.06013185111226,0.525531579127301,0.498925817671588,0.539598981668443,0.68732864255561,0.398680825053458
2.3971214231164,0.653682850538048,9.99735062030589,5.41837381642767,0.42777386138815,1.71252714690021,1,1.16523315734321,0.698480896092394,0.501432011785118,0.308821662561578,0.80468205108823,0.372619794731566,0.772625483093196,0.306814583921388,0.788859210752975,0.334321502875598,0.0539131463148992,0.558701793445806
1.36287577146345,0.656460128862964,12.0299147759224,6.23189091367728,0.838808013117019,0.273108477808928,1,0.367401555895987,0.907957320513091,0.728020302280687,0.354567104099785,0.772381445881301,0.281364794886896,0.538266778201773,0.372407096409307,0.534334638837195,0.437743154527668,0.917551913198539,0.486897856964536
2.9718201389344,1.51853975591029,38.0177552757524,37.6267378374756,0.933515627395411,0.118206785543035,1,1.61727986862265,1.1960262156161,0.0737091421221922,0.783625565343359,1.36856438551894,0.621371842504981,0.894142989664581,0.813658172668165,1.09017457871464,0.522857492725802,0.365513727217426,0.643808951229438
2.88363164958495,1.17046868478707,13.0087596446373,10.9736404005977,-0.174668639234534,0.572176916912506,1,0.760640604632084,0.795006467398214,0.583259111557559,0.408167578350236,0.862615426388781,0.44270512194219,0.398788787387139,0.63284119232519,0.957154670154592,0.579248563600468,0.88361853136341,0.567423346507415
0.883074282686399,0.805227346889219,18.324857985325,23.9332402299823,-0.143883772443138,1.26867832595243,1,-0.143004112008767,1.20520053810671,0.787260362458392,0.736046763650776,0.600366471221314,0.623652590074167,0.778473139017771,0.869495782333677,0.270741530019056,0.849024611639968,0.366838028641026,0.75118296376223
1.39124734887622,0.672106017295494,17.7410239637028,12.618841656898,0.260725144173507,1.31021664724603,1,-0.425093892672435,0.78917090110502,0.557578724921558,0.301661920114718,0.856630807726213,0.455317069173548,0.822550394768216,0.512452615812418,0.765349752079584,0.459236057605683,0.984372541598203,0.586132941391951
1.27776322218744,0.76413884039435,20.9417580553864,17.2234148006693,0.0738862587752595,1.5175328845614,1,-0.072776763596594,1.10235441674289,1.1079152591299,0.388171042290042,0.48219676328819,0.67853210106487,0.317106025825255,0.802089932629115,0.850638384564093,0.473702739641043,0.502179131076351,0.683315626210181
1.07982112206957,0.701691914316899,20.9877149000739,12.4970627822112,0.642581597973435,2.40533493695296,1,1.15393829184611,0.866595526207259,0.142607816511048,0.742872811050921,1.32184216150724,0.430821749423645,-0.1000286991495,0.524776796014908,0.512764213001145,0.333935814762346,0.745597410831387,0.451096827673356
0.956259882184926,0.415550279605564,6.51740701552498,3.80156758442371,0.306701083882663,1.393447537767,1,0.480719101448113,0.610291311593933,0.6357590019279,0.381031361769931,-0.139206254027112,0.396011055659382,0.623876693578073,0.377698435922765,0.245293520300652,0.369432895782156,0.770090523534318,0.437914002095348
1.82785543659656,1.0267773339075,35.6960333321981,31.5272195928138,0.36527968509195,2.76827768492345,1,-0.829135801224748,1.83335495367571,1.07008402070764,0.609465557090059,0.872722587526208,0.390928663918617,0.584019651746945,0.617442217944559,1.10804185682629,0.363000566200912,0.455469299092801,0.69439051626036
0.899779301091863,0.422079821330539,6.86977793498435,3.3934684917369,0.845488994302876,0.219762336866279,1,-0.470295816151111,0.749546665119138,0.742070094216515,0.3388879993314,0.715014485581711,0.287847544234789,0.230198660504496,0.343904000965723,0.792614092701035,0.340419677946556,0.586581103548014,0.404500508980898
1.26616644944642,0.693510869422588,18.4640997350595,10.3258784752923,0.363558946864225,0.9623913735249,1,0.91084753859593,1.1302012320996,0.429168089351038,0.540121610569454,0.569393995171029,0.311299262831252,0.220375922861585,0.314046600656279,0.412504799018443,0.495623217791324,1.03496413321512,0.414921517139828
2.20826282095663,0.921082130372233,24.4013218218304,15.1837565995098,0.410621703776806,1.27334583981002,1,-0.151917440493245,0.683871954885266,1.04443987884196,0.324896370722781,0.564570581036411,0.428015594594767,1.23057912898704,0.390889489210596,0.509544129888629,0.440459733957293,0.988754579244774,0.377525023288709
1.49930679967351,0.794503323449151,20.3987235349131,13.8546706386283,-0.601481429772219,0.314039550310346,1,0.989072537581785,0.844806689016574,0.613403190090975,0.473354225758199,0.70592056464156,0.514712692057648,0.462526175109352,0.546430635075394,0.868749689759615,0.449537793339412,1.11050690231833,0.349045139935105
0.932617712600015,0.506834395799007,12.7562820417793,8.19280844119835,0.193199344049827,1.10792904534436,1,-1.05505984546708,0.786755464897992,0.963632346947391,0.315271800768,0.111760606527391,0.44297416637824,0.608069844598076,0.448181751055637,0.0474717284277427,0.562680511054601,0.438943288734413,0.450821580308659
2.82154469512872,1.70565958929252,56.2698572026857,60.1300125185327,0.367689525751031,2.53241119408219,1,-0.0291802836353951,1.57906262357551,1.52771001135483,0.604367623145754,1.25011308424168,0.60088884182341,1.40178931059028,0.638794533041709,0.632026142549552,0.726110630920405,1.33379532603766,0.54354202405329
1.73254620822609,0.88182492779165,24.1223469774499,16.6422263792689,0.146579519410037,1.66938265645519,1,-0.00950577188339223,0.973750738608977,0.920639157840581,0.368084060931701,0.514153954783183,0.496082264424501,1.05188582210523,0.429250054337911,0.739542376917512,0.484122705633959,-0.154432425723794,0.739437181156783
1.46746030716181,0.467005154985828,6.52014115471478,3.62565893770892,0.234097380562162,1.04750694690107,1,0.566544162348375,0.795537932168056,0.328338765770601,0.427976905150018,0.349967257487768,0.46524816493201,0.770380299496524,0.32173207149309,0.529216653407097,0.291304797261673,0.484079420329852,0.346379534995204
1.21749732769133,1.32614052192207,61.1174418664641,79.2342130160422,-0.536280471031138,0.84751624469663,1,-0.0357273198785237,1.2459907811028,1.27780173591755,0.664891028598461,1.33158317794199,0.765880322661626,1.44687089030388,0.805005353444024,1.30126148074156,0.664797373597563,0.772326366308829,0.956524099291153
2.23224051083803,1.02404030667651,35.7660960520246,24.7013662463912,-0.279265404633501,0.643021663546984,1,0.684453205801782,0.638981627110271,0.80327071511478,0.41121824074265,0.97429451441639,0.465281029609934,0.900042636868505,0.47440633188838,1.04630391035432,0.434906967422073,1.21477390678013,0.520681782088522
1.0200444770721,0.581286471691112,11.5390929392038,6.81767396045639,0.463922294960621,1.14870230627914,1,-0.224293907161745,1.19107616825719,0.564337915531866,0.525801849901897,0.62894791213856,0.394166132852452,0.655138270685216,0.374606347142422,0.346927006695956,0.429547397991014,0.732817131290703,0.290879470569059
1.87235918664958,1.23088659091129,28.6319824303888,28.4694542769696,-0.148123781750581,1.04417524304571,1,-1.04184429865737,1.75812968242286,0.986064008762091,0.500094848150654,0.967319260897273,0.454297937200442,0.908506495045618,0.697547713234594,0.427638084626112,0.687362246103071,1.45215969088175,0.585234240381056
1.35349508445834,0.640182027915947,10.8889846154905,7.81402633423328,-0.179581775351942,0.682725165713496,1,-0.702647131174439,0.763692506287458,1.03334292984129,0.369309777512733,0.673200878843025,0.353153792948984,0.732596183183552,0.466335522961478,0.80617781671109,0.478830057463253,-0.187627383850151,0.708001401843849
1.04259210007125,0.662248681311923,16.5087683447066,12.5944914665429,-0.0605516529343247,0.955714748661481,1,0.388953344057885,0.917915468462439,0.766174350923792,0.441345661858384,1.31799669299167,0.434454788295336,0.0330978476634458,0.858335966014131,0.559979402975723,0.342315782909095,0.336093729220755,0.583487649421
2.3833849560849,0.936330653498521,18.4691261931094,11.582854720539,-0.18014299630538,0.711191573067507,1,2.57873452013867,1.60435337674103,0.581533590930269,0.427822131256151,0.738105258242428,0.534270312593259,1.46727812755111,0.346118449002549,0.783792466621362,0.310820488368229,0.902605338768805,0.392417015493733
1.41283499844631,0.753333718417318,14.0953235960035,10.920462364888,-0.259096604503373,0.752110949343383,1,0.207507691145836,0.872323811557625,0.776718150136498,0.452198612649863,0.705634715682673,0.479177339838737,0.930990023148958,0.434773506184225,0.781220778637469,0.526508228339657,0.801654164471071,0.490143636043458
2.38490795528252,0.916778791057899,26.9795470929012,15.2751087931327,0.605349012814345,1.53699127891368,1,-0.166218490362264,1.29577157870837,1.15778739884783,0.403999428341733,0.49652020272967,0.426771831862455,0.54309422492456,0.44771491267392,1.46926950876087,0.345048324332939,0.858592971315132,0.424750388175709
1.99340004106246,1.19469709723007,27.5724926154358,27.6223887942645,-0.0261861911399705,1.25964093472465,1,-0.17187756565332,1.05913832142755,1.14688359904739,0.707199733404439,0.603679949496277,0.540142494248359,1.15581390200494,0.655468047213322,0.625705953957516,0.650534422606199,1.53625116449568,0.55898819361762
1.5418281128989,1.0021922227806,32.5182742714751,21.6694793262647,-0.323571133684381,0.529106631468317,1,0.73545032820596,1.26023655955068,0.907786485277209,0.360074082836272,0.463808279788251,0.585439681662783,0.370721576871792,0.595845057780364,0.976806338863732,0.558218582964029,0.946155917062946,0.459309679510671
0.790912183876925,0.620622283141718,20.3648505710196,15.6393341845327,0.470282029495144,1.1848644754934,1,-0.164342219266577,0.865404193185776,0.584683516275271,0.421194361419837,0.670386473464697,0.378231385859876,0.652926826562323,0.453596590129297,0.566920417350658,0.52318603133211,0.728412933337823,0.588731631364608
1.66527753264874,0.779092814948693,18.9520952584339,11.6052076933338,0.390157256481231,1.69557828114957,1,0.29463053762005,1.01145475123415,0.358305202477843,0.501642294478166,1.15575629128831,0.371468651596968,0.83907211557281,0.423369406513173,0.776803876514125,0.378714690807305,0.69178323269941,0.661149617024456
0.636198058207968,0.645061904210207,19.4011358248578,9.76191191220522,0.610797345427885,1.60345526013047,1,-1.41503281847011,1.01674058256913,0.824374258027372,0.258779534302268,1.28017436755335,0.311699578081421,0.54551353734385,0.663148778936816,0.952779044461242,0.332089878658897,0.794964131190512,0.460124782573798
2.13682416135846,1.66835799245635,29.7517865947422,40.4068156526397,-0.511577167948402,0.56586529554078,1,-0.281759418500404,0.857932470141577,1.4623152550705,0.753943091995342,0.523695939945219,0.72406075180512,1.3468187686404,0.743929018449335,1.33445631852191,0.636210825651386,0.629074801802731,0.707842990026603
1.42784951531084,0.515141650640512,8.40607649513897,4.49551539522845,0.586045525935408,1.03567242859515,1,-0.252713470662399,0.723767336780703,0.671958045549797,0.352958731681922,0.187846321936199,0.325598328372128,0.769191465305469,0.328508911570481,0.23311560716034,0.507880544924686,0.883471772332533,0.41874361647358
3.14751846869338,1.86994009915294,30.1318815151125,36.4039599090724,0.498831455216062,2.77759355462423,1,2.30866602694515,1.36541666431015,-0.215683963868232,0.624161407294977,1.08696995274267,0.685483876805251,1.22363926442075,0.62301389255999,0.493136579251038,0.920148315106352,0.984918520948111,0.796157916279034
1.53789901868007,0.695573819841731,19.2417554651787,13.9150680180549,0.121046672996996,1.2624646915919,1,0.538020118355789,0.811987049969572,0.477867067673076,0.476085832425399,0.62169010638612,0.480472612203407,0.877039045786083,0.377808934085567,0.768422549317071,0.436303804285503,0.910230833527646,0.494517837108505
2.04286921214612,1.5212142716685,59.9361025726562,56.9025360696139,0.455261110925739,2.17627512200558,1,0.349955322804344,1.87446927611934,1.24292270901903,0.602364731074384,0.43780016031722,0.793101839263117,1.5795248355529,0.604607789407743,0.299846297661346,0.825161240205767,1.10461760849291,0.545700873236282
1.59723314553663,0.609998513636173,14.4491575884174,9.17359534148233,0.177951099520047,1.351006795915,1,0.143955386718249,0.940225336241942,0.561034830061027,0.439857879173783,0.677191127493714,0.381426332476987,0.453531714959035,0.431021502939207,0.482937686886642,0.601066683682173,0.554252004938165,0.542009981299829
1.53902414694003,1.13042769303598,35.4016853052363,35.1953711790423,-0.419891484401829,0.604202835239229,1,-1.41978774691144,1.80204220650043,1.37887672371191,0.578037296939376,0.935281340003549,0.442975981013547,1.36521415402438,0.678164608758533,0.893569311312359,0.51364243611451,0.507725697200688,0.672493121980618
1.31698607361777,0.679027002109621,15.8939735031809,10.5404609760616,0.683634392279326,0.931657052248329,1,0.798492676221485,0.954487449846078,0.751219058353647,0.435158737438321,0.887564684994228,0.297046512495589,0.293798723809853,0.502485781431594,1.20286553411257,0.454842564086785,0.72523744799193,0.510882573514403
0.0628418788016194,0.663699110155565,13.4345564088465,10.190794516688,-0.0584283350873493,0.931682083500559,1,-0.952522476925472,1.41667390205265,0.295263014196553,0.726719525472205,0.78714755499506,0.396685752356135,0.670529901729994,0.459155921207121,1.18926100827305,0.488359400823991,0.187761405257816,0.47083923681192
2.28032758405977,0.963637801031109,27.4405103822063,15.8677915948531,0.93338997807217,0.0943318964921244,1,0.404405077652973,1.29900263251942,1.04460496377173,0.222392440542827,1.42213186552856,0.465439516898027,1.02169838853054,0.438682731176988,0.669595945965864,0.405160959879447,0.648467212987295,0.519841238928987
2.0957487880083,1.15002202598441,22.8881077618031,21.3618718675147,-0.167570374205251,0.872191660182342,1,-0.0427779409959296,0.727329624184831,0.596343785429688,0.666225294231403,0.205025014216239,0.545289632811163,0.966140118829908,0.445176720099572,0.707479824941132,0.660878283843848,0.930034839497699,0.669364607004615
0.337664209575786,0.462176706406733,11.7391835641443,6.55594339396056,0.000444915309283873,0.727921349149048,1,0.5793388851552,0.519865337684707,0.449612124902588,0.413703468662856,1.18330541776568,0.498224618733323,0.296362196883669,0.563824267090134,0.502014659872458,0.573156380210867,1.26322560598857,0.361505657851257
1.83024951179526,0.662751767312941,13.2300631995759,7.96500856963948,-0.131529683391128,0.496742034787046,1,0.967485432508858,0.502256081135155,0.511445693643802,0.480903017167557,0.590723777070474,0.392928602957056,0.305905727133571,0.491496594804526,0.996743863463339,0.465351219734234,0.946347988081679,0.325986956742564
2.67956935668449,1.27097888064004,43.537890103942,30.9393453625767,-0.250344668349447,0.817134876523932,1,0.0515875359446154,1.0160757607639,0.9064600713463,0.377436571452649,0.933778269448641,0.711596777874987,0.663007685785358,0.593951840950715,1.38697074754051,0.576709013298839,1.22977736296701,0.405075250214018
1.91856238041339,0.943355104868352,22.0426201231919,16.9536567523202,-0.0753374952655215,0.945069219574991,1,0.241034020376306,0.752472547806956,0.568773401181446,0.619074622025517,0.486576592345478,0.639273729539827,0.937094130071519,0.489535437401549,1.47096465969138,0.463069084203935,0.882855346811376,0.390291023774717
0.363323509563522,0.587197162584858,15.505858265888,11.7011489491529,0.523929896817078,1.81863286802394,1,-1.47603446915544,0.945783596213258,0.637681287470583,0.405410865755,0.463560667770503,0.33952246618027,0.54769965455155,0.730615673660603,0.610144266846893,0.678970195048447,0.788284162896292,0.704936202204271
1.36186842699957,0.690879813850821,18.614233330778,10.0609733787458,0.514213763102638,1.91036208687174,1,0.398902747195534,1.13262052370195,0.599150440634547,0.531281247918396,0.593516433747541,0.314301940422549,0.329751360556472,0.436104166615518,0.666244200165868,0.372851128320481,0.34922402918548,0.445658800884406
0.913533085182644,2.18489295995651,143.077466407594,302.49198683273,-0.818399233449775,0.444799056650313,1,-0.642317229865993,1.68285881695394,1.14353843375043,1.13877596887875,1.62906076163149,0.919519198634321,0.809021620944412,1.43646784967879,1.96341883050243,1.16053629012637,1.88177180754712,1.1816429933193
0.915302642628945,0.575297462439847,15.1194228826767,7.28211427009435,-0.0117725322847071,0.650976380434877,1,-1.73294533691008,0.798113844825609,0.667275361947371,0.375412829299206,0.885664086481476,0.270065564871357,0.314433966065823,0.477344590632142,0.583921847928476,0.573264646889074,0.380542256324574,0.322568370742035
1.10473946194325,0.639200001043555,19.7794802778657,12.5619581882781,0.300485652295144,1.6231012488258,1,-0.463677279225701,0.890206532354907,0.688097425373834,0.350362090760635,0.409787868476579,0.407083675814467,1.06029745638006,0.355572841136386,0.960337628793789,0.552059267496502,0.670620143853197,0.61305519901124
1.82682056517875,0.992468799525208,22.2010580440046,21.0050399734863,0.269841860735066,1.1343457927147,1,1.36024226536393,0.845192113676869,1.11410953381288,0.623605202407645,0.328290050372596,0.654158245208387,0.446660174402504,0.593256133615745,-0.422637080401866,1.00087800019744,0.867836574121697,0.6928191663519
1.81481126651894,1.06339773455595,26.3209673013261,22.6203034658016,0.459682153626705,1.99577517485861,1,0.0397628078169544,0.986640900671029,0.436611946901484,0.55272808459355,0.690365381627054,0.377805760956322,0.884435900510465,0.536013335352609,0.785986664939886,0.461086313937125,0.861498259862435,0.643720681493292
3.43097515964561,1.70813488883291,48.9561845715056,46.1460479222759,-0.563626306389938,0.361788342036103,1,-0.313725215400322,1.685045189716,1.42028165389367,0.503151413301513,1.21791736858582,0.728126801661352,1.17672748717895,0.513370387996298,1.48588421732161,0.68299268522997,0.702809139010904,0.598144017973891
1.82107907966132,0.908856668002522,21.5468642011961,16.9946449818498,0.0859520452276464,1.24378801377396,1,0.760130224954458,1.12300840542766,0.410881394787481,0.431003858933411,0.580620322196256,0.774515129573632,1.04419072874191,0.577009576212029,1.30545089899258,0.556674945943801,0.735914550849841,0.402086461441256
2.04560635026314,1.39690518545827,16.7170985423706,18.0944031243317,-0.0637513340711363,0.957505235484582,1,-0.557730502463494,0.994358265201944,0.535903110073551,0.756751883705427,1.32390704302632,0.557544596438709,0.340568150057182,0.709835282492619,0.752042029781388,0.628535459025161,0.265373314302744,0.74486828687195
2.14882636507544,0.816602465689651,18.6102007192279,11.9910559622675,0.505853641423317,1.86132270852657,1,0.193784010731995,1.1572967500622,0.624596664387459,0.372465286173423,1.03377129503532,0.338456749633491,0.693221276727571,0.474422298248376,0.824999724116097,0.431019935920981,1.11490855612373,0.457843660823002
1.41386280599432,0.587338456946272,8.52537791043566,5.51436923134177,0.237142070160241,0.922154406666288,1,0.64411687357812,1.12198443167105,1.10701552632388,0.385334774162607,-0.190713853880967,0.625197029322313,0.564609829431727,0.378066933705015,0.462538915824859,0.395473648736136,0.0731035057496079,0.487565369552207
1.49820838188991,0.838973870476437,17.2508677081716,14.8347872189263,0.447174003565065,2.16035554497551,1,0.300522470313488,1.07062165212255,0.407094324244351,0.750033695783365,0.878382024598689,0.483975980438444,0.627232268457448,0.664791985397646,1.00458780750272,0.497105091043934,0.764056745146739,0.529340932130348
4.19971294915222,2.35454434443603,65.7909974678944,72.6164119356965,-0.662759935844052,0.427297489550383,1,0.74417839083516,1.85501795132487,0.884500107812129,0.807215105393377,1.18291321515798,0.717216907480983,1.41721454600621,0.620461619054728,1.17728909563223,0.723906237326685,1.19291851611656,0.634042437739429
0.946561348223145,0.729023831551302,16.192555964519,12.2782877579163,0.293664177268847,1.46575437796809,1,-0.402251932553977,1.11311342624576,-0.19263981920858,0.675683950241544,0.813233479808867,0.5294896343822,0.344729339025911,0.47812530541533,0.960703007564271,0.688106282921814,0.698563055874379,0.712202143456386
0.842153021922965,0.473655603894117,7.93652143506821,5.1739710958784,0.129918063917121,1.02519817403742,1,-0.410854642084851,0.774462217738408,0.934507014546508,0.268219912673061,0.594178103936475,0.465160943865095,0.272988831508648,0.439531207493441,-0.20859782608707,0.577545771633742,0.468294269271319,0.656173017861493
0.5934087045326,0.603728628032239,16.9013267387096,13.778237809358,0.436241068868707,2.12568258494363,1,0.534960164209126,0.851516316770402,0.528677075474022,0.588986871168385,0.809862110810108,0.430918090147267,0.659100037484036,0.487325455148603,0.282987772880725,0.603126933659125,0.931506642234132,0.492974947114435
1.86858712984875,1.30446934138086,37.5836136579049,40.1340218883537,-0.365758690711546,0.861054538618111,1,0.333726031363882,0.920418270660999,0.942213197086052,0.623196946042081,1.10302558130025,0.447101634732963,1.25337100773619,0.522187821117538,1.10755810353475,0.84648528529274,1.34892177883662,0.775905211014696
0.506621573971103,0.458839913104488,6.76256722167442,4.03978313372727,0.2944670180211,1.4186422902592,1,-0.232601955217248,0.887623101482037,0.0633010850671778,0.479282748922323,0.603825525222109,0.257610721946479,0.278915841469745,0.468663008615336,0.258677084283448,0.609372606740584,0.0453210655934517,0.460586881662594
0.731977584030814,0.504477834812371,9.14284973195671,5.46859709970459,0.561198140205254,1.56316653630456,1,0.15946664762608,0.902088864608771,0.568810160567691,0.293419928042428,0.320315005138881,0.464659752165351,1.1266977977279,0.478547273255088,0.697451209873803,0.609103203367064,0.950858117404077,0.517392551654524
0.364946246044707,0.539934558153666,8.52404691586322,7.42601120521378,-0.378672224636649,0.54720180066732,1,-0.0235143466898274,0.964298759988537,0.254341710152598,0.454442945215531,0.86120147366434,0.626175090443141,0.527442733666594,0.40504144439177,1.098509283581,0.451338051687547,0.721518852163556,0.875747196428342
2.0703972233935,0.841343762516632,15.0504531512014,10.7828148983337,-0.156926444281863,0.771741859619115,1,0.252417987697663,0.747561106638738,0.424256818695888,0.435513907804578,0.953966779739368,0.354743323950964,0.304094924940671,0.677323882913746,0.727037030035229,0.401560238674452,0.904777169567308,0.361557119232627
1.03161472606116,0.900222642493666,25.7839949367232,26.4539234534729,0.21114037971041,1.76012159178202,1,-0.739848453220991,0.673352010530276,0.756314568332563,0.711389641962431,0.64912953440653,0.782148646442262,0.258819651394543,0.586529387225373,0.0938057270656199,0.651438442942545,0.966307534244588,0.553107176458556
0.852125694890072,0.686939219227224,13.8175348973004,11.1885624798499,0.590980425204605,1.35877686730738,1,-0.447685926362637,1.0005942520978,0.654084684262958,0.632614080644976,0.846219365023393,0.550126115583048,0.263987297562041,0.541127134630788,0.650587755828208,0.618054496508036,0.720666503241248,0.399302157339389
1.14354955720298,0.659023003377436,13.2941228982623,8.45358500948357,-0.135761473580797,0.861588448779435,1,-0.44985332514585,1.07761619119428,0.524766375426107,0.374062101947538,0.953946797224978,0.424795960167758,-0.57055494262201,0.884580492059785,-0.16306080282149,0.586092638444438,0.914054535998267,0.339219759577753
3.0814720607473,2.84344112583507,58.9701099595929,99.8272273573044,-0.735233017968208,0.312583391839196,1,-0.697363381357646,2.16774451672867,1.07463008905436,1.30281049420947,1.54489764051671,0.618659816038755,1.24529900901043,0.831986044935123,1.42652378901014,1.08938430407341,1.43119204563271,0.732591391875727
1.06252956713526,0.505669225388255,9.7933569376327,4.97933923396532,0.14775959655786,0.603087427518965,1,-0.0807625661155203,0.532210136081914,0.804252883015449,0.210490788414715,0.186466412346362,0.493960583063498,0.556043160689704,0.470114241437386,0.598033403340962,0.405532038756635,-0.0186150360479457,0.580710465673812
0.894386079703799,0.91519378993459,32.594558225931,23.7482885628718,-0.441393044801481,0.413194731400188,1,-0.541092778223311,1.4298135650299,0.839637962316941,0.51499077285782,0.946632962995843,0.551530818430792,0.906918650515377,0.427458895431325,0.306702544171306,0.339991860063669,0.929139734257725,0.553807112088374
1.74637170996961,0.585239476545255,11.7491163534659,6.10703340744639,0.447450598406104,1.34135563754308,1,0.0757036985053081,0.754246611278812,0.600521488162823,0.333812573775524,0.672504270429043,0.328360124442639,0.249122609306294,0.601733970805292,0.709525379857554,0.39223202471174,0.567662901555733,0.314502009278369
1.61680672117585,0.672392639959479,20.1866985633662,10.2566988416147,-0.44869506603379,0.442611018983018,1,0.0506641508417953,0.821144645671472,0.549117545255231,0.32370349959822,0.860464244750982,0.290787041568279,0.594193201056737,0.356762106316874,0.663012386676361,0.339520101643895,1.25897963554166,0.40361527173233
2.45144382244059,1.42373529780799,48.3948086106047,43.0268201122597,-0.643771992784849,0.315140139510201,1,0.18909453928564,0.917757404418758,1.51979698788307,0.405839415563753,1.42660448544919,0.706294373136695,1.18941560657803,0.435357158685153,1.5649716571779,0.485644721204015,0.565174824082237,0.709636375794397
1.02843060326966,0.741614811845216,20.5432966301882,17.3761087912373,-0.0756157759511043,1.17891258973862,1,-0.116934360805324,0.724198077162886,0.802435714354862,0.344518862821274,0.238903738269604,0.628112571123445,-0.428778414715462,0.970408911198876,0.799578177593021,0.574425287868436,0.449892646920958,0.497788110285395
1.75639407807781,0.721258960265786,15.1266196175714,10.8630838104388,0.373625623014292,0.800764071037176,1,0.41967077662338,0.619772448121243,0.33940217725793,0.493536765491039,1.06204082496785,0.321524920392771,0.31269868996178,0.761353167962123,0.620044290510351,0.381995710492161,0.447627880391396,0.466645910853502
1.31088599495128,0.712854009201455,10.4860591771411,7.49143595771428,0.689919768852046,0.850451766310147,1,1.13890957295558,1.15098070222095,-0.301547070901467,0.623264316693458,0.360803109551446,0.402233486962172,0.451768991336992,0.35900095420596,0.622316526226661,0.339937791268932,0.664326659233985,0.510265458712511
2.71005636409398,1.42787632657104,55.9249299946659,49.1468769513006,-0.65555090112747,0.431899180621602,1,0.194997052409019,1.54274664464807,0.890376331055879,0.505955346651616,1.55316835929533,0.524041260214541,1.23971005431298,0.60883308265262,0.969599804530319,0.503585082365075,1.47261946541337,0.629082289026165
1.0793326787912,0.481887721739986,8.9978154125021,4.55335494587317,-0.0309748407644157,0.609921443918634,1,0.325700905632326,0.94884085480386,0.676642772542709,0.530782310122663,0.419468565557044,0.460423664634337,0.137853107582366,0.400972143792479,1.00177536323853,0.302241673084959,0.479432927628915,0.498532001347777
2.24671350797025,1.15603050205112,22.4327548774407,18.9248927534815,-0.635542129958982,0.333537922223651,1,-0.0965337262372589,0.742339401958903,1.41507149446924,0.46090424454748,0.872519996345878,0.465146561799562,1.09405990675688,0.569049358205247,1.3495218815509,0.558524035277706,1.89417820636383,0.450848751496365
1.64745426849078,1.16365816211034,22.502996066227,26.1026550871778,-0.393747773337529,0.806219095562902,1,-0.069275662575525,0.744369363381057,1.118544859117,0.521522765361318,0.525254718993708,0.695212773986803,0.375789102695802,0.693694847114238,0.746194797192835,0.734332757346272,0.65702375675226,0.712773223936979
1.70811060487433,1.09033099951835,35.5544941260648,32.259565681792,0.928821866377759,0.0807029354989423,1,-0.253838229955396,1.10848749130399,1.36719282526663,0.481606885259807,1.01720231045285,0.55030450659772,0.662623456480359,0.708725379716042,1.5722098229713,0.566517028068728,0.877227299458886,0.647355988697654
0.542463103900158,0.806784981312167,26.726472226168,23.0304367292619,0.46772998128264,2.06105214933808,1,-0.586730207530988,1.0252519715559,1.23373836985983,0.402865919290753,0.520834249772253,0.666503767444115,-0.689480858200038,0.737761021542945,1.26593131502401,0.502446517149553,0.636073912776137,0.716517286913484
1.10925374249257,0.538949326207022,7.08539813839333,3.54447103322466,0.630751361820905,0.866344416175477,1,-0.101599750688183,1.00151737063396,0.666811946937763,0.264294466893991,0.604509971458905,0.381970187136899,0.739869833412,0.443382792750875,-0.0013070569274265,0.596407661490229,0.684816550057557,0.405171082342054
1.77229472140731,0.595383807195623,8.11514221715625,3.91108953734394,0.457326144871183,1.13797086735474,1,0.72153242806775,1.10607483503952,0.186665370708809,0.524437877116813,0.398850930696951,0.43591944078412,0.701613932950581,0.294381976186027,0.638934114149946,0.363388251316721,0.564851352464578,0.346004843092695
1.14255196479344,0.781220705325075,20.5657013853604,20.4724727384912,0.214692140328833,2.05865504431259,1,-0.39373639380631,0.974304010448003,0.965854871911806,0.484927960761557,0.60447558717963,0.449254442973363,0.698721127386102,0.772371555464671,1.54980851814339,0.591008895149419,-0.617361026507251,1.09415341601121
2.13723574129977,1.14315905411267,44.457729069457,34.8321182697826,-0.150872803665875,1.0363627399868,1,-0.170278210288012,1.39698741222304,1.0683516816742,0.608655791845813,1.34084784512182,0.513128664258754,1.00012874967703,0.405556723291259,1.28794949037708,0.381625822038444,1.72670981461218,0.48132377037987
1.4266120186095,0.496653476762774,6.51841698690267,3.14835698100487,0.756266816414722,0.295184460715547,1,0.259964945923132,0.685173386768055,0.505947198351563,0.248131696789524,0.782606713249377,0.309792150575318,0.331921853694032,0.459585471361257,0.270156808141604,0.373512398866759,0.352585077014467,0.509482475700264
-0.410995752960053,0.93481342043303,38.0592058990144,37.4334620411602,0.214095674701534,2.8342913578135,1,-1.36231572462034,1.20036421023984,0.911413060695166,0.531644069239787,0.83093999100852,0.511689477816053,0.105916810594401,0.800322130991631,0.123156513559279,1.11185729387491,0.734152404330949,0.730267025127045
0.738746502587851,0.491489944698618,9.17086365729174,6.49452996229726,0.527155141272872,1.39924550738907,1,0.0800040359275924,0.715833691070778,0.348844579568654,0.353280229600615,0.795397779994484,0.312718291511355,-0.0659268413610803,0.619466440602422,0.32287522198194,0.471285411528423,0.463478804277863,0.411703284750505
3.52399387493216,2.02319077729077,38.7537843090527,39.7669465220269,-0.705872274381384,0.309450693585982,1,0.458822999905196,1.0414089234782,1.16522933004775,0.50990329173763,1.24064837940261,0.575075484493828,1.42251052084826,0.520254552743909,1.20859482483003,0.692234173687197,0.312423067937554,0.791431191135968
1.53257859117657,0.45687351782805,5.30006806494487,3.24082809908497,0.283160047964711,0.613029071059942,1,0.768779879601587,0.617270243639102,0.585177211829575,0.254602697607238,0.0431926305741018,0.560935533455345,0.0897457992305558,0.506534756336828,0.646242268261515,0.390164707931876,0.63668146165743,0.684403430922427
1.58811906522598,0.599483469495405,12.2145580920273,6.27694844049857,0.337552968563825,1.19492402922857,1,0.43230824309604,0.868321417009146,0.167916132857483,0.487288847864527,0.577414421391876,0.301518845964838,0.622083802088627,0.271381502408487,0.425106419804253,0.564097449525344,0.704647166730876,0.424056518296114
0.318787218959444,0.627671361466593,13.4540592929156,10.4312590902581,0.383730806511438,2.04340680507603,1,0.850008615271877,1.36541748377849,0.475310996686568,0.452550556186498,0.620208789017611,0.798590167605102,0.494289823076201,0.543712995384403,0.149037322104204,0.961782567363133,0.624711007307732,0.454250251957108
1.19383381191932,0.702475474075181,19.2917634332048,14.3347828308996,0.114922193316375,1.5228108399874,1,-0.00761983536119753,0.600438174499022,0.542178675648797,0.41943813205859,0.941427311391146,0.641618662777262,0.33738059140313,0.829468568445581,0.99260686738775,0.57315797293108,0.587464315260934,0.512512685053705
0.0908829720381202,0.661034684449002,20.5011697679799,14.5327078039668,0.0855137355106726,1.33807883673508,1,0.0179913843190488,0.646533153010145,0.404520989665782,0.599329565719353,0.877957963311045,0.442884477044196,1.13414146653228,0.664291984861691,0.62437644817624,0.533194731410761,0.792651677192868,0.38961752520963
1.55216009821307,0.824275483038399,16.1799009039028,11.9773909427952,-0.291953187796247,0.608600982837737,1,-0.695802675865112,1.10264989419097,1.13689019650972,0.437348717217164,0.541655257967503,0.490341197470096,0.703294097962107,0.409465247186927,0.573619733691356,0.374433302438136,0.870800773348086,0.419274384379132
0.131283859776913,0.827002675436589,30.5150204347513,41.238070832782,-0.604984220083715,0.721405369199796,1,-0.268552328304967,1.46828785343568,0.860884256168245,0.688878713128278,0.490041770498718,1.14451322806203,1.09350961715001,0.773426187256934,1.40332002899125,0.755317599105983,0.887839375726276,0.688184317254436
1.5817695092073,0.596137928079232,13.1998725958399,6.9995753927711,0.133729791427651,0.931042154057338,1,-0.433403555688666,1.06231816296577,0.590067913597758,0.403109812155401,0.845486663040196,0.282054059757165,0.748607758057528,0.371307853251647,0.691112377048483,0.37151680616834,0.737716540454549,0.370750377261387
0.647981505216355,0.571616042196829,16.223452558598,10.1939161604483,0.438357813414707,0.898827742000234,1,0.153229472366263,0.9392460857394,0.680261653382585,0.435649624127207,0.605055060333773,0.475560914838072,0.970163027976235,0.585039564205833,0.97629300849109,0.389373650589752,-0.381871068823596,0.618124232839003
1.75806251314232,1.34159526108368,32.5742155672276,36.0994939331202,0.964161537314143,0.089074457068585,1,0.82478033400042,2.56108483596012,0.830284184419933,1.10104370711369,1.46392272334455,0.587296068760454,0.734453573041925,0.509398274044437,-0.0330448519315239,0.872543629777803,1.35883337922056,0.634195279319575
1.54213106354916,0.892253242188455,31.3560415370768,22.3984194019585,-0.018739689057389,1.20630892121559,1,0.38156288292767,0.722641196783505,0.947639802191401,0.265797509625194,0.959657651940207,0.449437184896689,1.05607585928311,0.48027849354397,0.738716598732235,0.553612784203726,0.513102700609841,0.685118500170931
1.41028445120346,0.597847904890743,12.4152465678908,8.2880026878041,-0.388154525258761,0.43252606291531,1,0.629815283851686,0.737575306412949,0.388706520267092,0.446135522429077,0.726008491992215,0.474372095930041,0.805817253734488,0.375864034924656,0.91423654841614,0.501453310106146,0.613730996260171,0.544507895473247
1.35231693772833,0.562076713597082,10.8920098773511,6.54309229196041,0.928619409376188,0.133491931620997,1,-0.421517450959539,1.18415365309143,0.928021992387132,0.248685274693193,1.0177724274644,0.37749110010759,0.482220993214307,0.552263509259681,0.895607583785623,0.385009501625276,0.383622314133845,0.462529197891204
0.587131067139256,0.561928004269102,15.3899023398565,9.08186213006572,0.430969131786532,1.47688543623644,1,-0.256459007615023,0.758406525415565,0.55229650666836,0.340966477319897,0.226219688575759,0.612539507041324,1.29948363128739,0.200075795745695,0.848226355763657,0.481866485079608,-0.533069084401767,0.744366189764497
1.9494876465027,1.14978445802094,12.1064570649084,11.674799249319,-0.139376538313423,0.903403569872554,1,0.0987224637588669,0.941896744623248,0.771500484726662,0.513708970196295,0.482396197843804,0.708608669584195,1.11877564811444,0.454482168675564,0.49903200583685,0.721217844065186,0.453533371288356,0.739929024852301
1.74116507850425,0.751226416292882,24.19307763946,13.721356897819,-0.101460717615107,0.621960673453484,1,-0.135608937423772,0.587208551091501,0.401189616300892,0.392721854387973,1.18862030345515,0.343944253319412,0.582922608336869,0.459904613520309,1.01610602248102,0.434433241219241,0.76624174588748,0.471518476140819
1.5719853929715,0.626755360365379,12.6654016364254,7.31557483779852,0.852717421235791,0.274403050833959,1,-0.831248961836317,0.911435955800617,0.905727980568336,0.299305405662301,1.16244384000169,0.332980251341755,0.190313520143142,0.388399721007823,0.859195602078393,0.383854049072608,0.590660789946797,0.596033263424892
1.84239031951859,0.741818698272124,24.4929647197858,11.4173040659317,0.10459858991823,0.872187494551167,1,-0.587290916898773,1.22406117668707,0.948959684816984,0.332093115373815,0.912421330978692,0.329487440743133,0.855382843131056,0.355264678967326,0.825085215215839,0.307540092502832,0.775752443260183,0.402295397471578
0.61679186529433,0.56081403323094,14.540294560583,8.92546299836813,-0.0465261893094066,0.868210050932311,1,-0.232448659738731,0.974020989622567,0.5429468401589,0.339443900937552,0.454853302207787,0.359933062205833,0.706450865147505,0.471683704436296,0.00938844569567922,0.741713486012981,-0.451101896644039,0.963845842835974
2.50948380432355,1.51181040259398,38.5477115674554,38.4726235010131,-0.525703231494898,0.563149800526198,1,-0.990776296056205,0.92278461042267,1.37527772431643,0.534320762364924,0.8726474608543,0.602532589615444,1.52503923033469,0.667299146527528,1.21869057259971,0.610127249553929,1.65495503262926,0.62725211588197
0.692747232400575,0.588704749212095,12.1442698686227,6.78918458032439,0.366178890881083,1.41122549703685,1,0.138694557932983,1.17884607164964,0.785281752546524,0.293404076493927,0.127720126035331,0.564476090376094,0.539919999114692,0.367016685396678,0.355533683276478,0.485938947431371,0.0835148750528283,0.503415867984881
1.43825042053981,0.639204206749249,17.5422076337705,11.7593634747174,0.888516737520219,0.131546562032799,1,-1.26556990199313,1.17051050758111,1.00954129599305,0.458572784916802,0.596324148001114,0.52147306336106,0.872969032398254,0.404985272250345,1.01544230341642,0.259232125104918,0.534553204630132,0.735174861423162
3.13522092308515,1.30795193674529,25.103035800969,19.3117934170462,0.226600838393141,1.89105923195763,1,-0.811700289300349,1.29919919271956,1.36426109747048,0.482890416294281,1.08916402360354,0.449469026374103,0.583696176490995,0.326885200983914,1.12515239220334,0.442903967148813,0.62487595839888,0.583462602011854
12.1145542203521,35.3249873902127,989.018453568007,5650.94004425941,-0.980176149928983,0.117821844437773,3,0.716979932662637,5.95440730000541,2.76034054755813,2.98728496211794,2.52095003815964,2.91530748968155,3.18207410534181,2.81875853959373,2.61744265301212,2.73904183510678,2.59211345278527,2.83846562886828
2.25264144822369,1.03928322803148,42.6407751112664,25.2300992514723,-0.00419175570802672,1.04810065030497,1,-0.721204950794467,0.98620324770099,1.10254055353898,0.239119271401399,1.3896798055115,0.458624783534721,1.49915235810169,0.375450979021293,1.18730019297718,0.436844108240842,0.788716370733802,0.497654167180384
1.64633066496285,0.989809606452358,18.8026118375998,18.8072409900013,-0.532777134623716,0.62442178105544,1,0.634244812365674,0.613146761856402,1.03835000834984,0.461254030620493,0.216272163461167,0.696339600654527,0.914116479842686,0.5533053649406,-0.4950342643793,0.762927415016891,0.563165199005127,0.733325640292463
1.00187185569809,0.554791049926955,13.6347124700897,8.66131262654514,-0.145019710310086,0.759654285887826,1,0.709791086448306,0.837093273164729,0.65606109582096,0.413919233032865,0.847360667022274,0.488543250291848,0.892256821497993,0.3828723126087,1.00335026254186,0.359602138674621,0.215287139962439,0.568031184912438
1.48142238927441,0.821702010440055,20.1325977393822,15.1838012722166,0.381299018987021,1.23746033577421,1,0.468649661493296,0.787919907900102,0.915503835515633,0.350567706648797,0.693567884580843,0.445774676839692,0.796426070490986,0.429836605758107,0.911304287344107,0.588351283227963,1.31347193828236,0.48712256296085
2.17258803748671,1.00154095559238,17.1366673117261,11.7871954551125,-0.289360181905531,0.562609246312205,1,-0.834539311453832,0.913336788451668,1.41946119275478,0.411469082821987,0.399234643806362,0.449634259454694,0.244832815901217,0.519261523227032,0.648144761216496,0.534144401422533,0.720202643951826,0.396705566226324
1.58402629053109,0.705888428589099,18.9511904325983,13.8269800763817,0.61332709727768,2.31346655581881,1,-0.212830215749718,1.45174903665332,0.833889878177433,0.397765456436995,0.693596555752539,0.320598898884972,1.08058431618453,0.656041488300132,0.398981334531138,0.897690648061524,0.570127334886264,0.504857146994035
2.05016101073201,0.872847676268862,15.7675255209648,10.6661097427477,0.465243772488212,1.62732514235873,1,0.232582301882734,0.750077161202811,0.460582957108473,0.356994349270712,0.800054877263172,0.492347806779236,0.864558292101937,0.301214664726874,0.574403479746906,0.41968020971156,0.363741458238958,0.648651608208863
2.08219328734334,0.645685886609378,7.40843250732616,3.77274874911634,0.168418997260138,0.914235067135057,1,0.494858071438572,0.691339918084841,0.623925456218978,0.271107253206793,0.0870142657214398,0.311075709990439,0.468560872870394,0.316743864224772,0.687488182288867,0.324506791251836,0.209215080423878,0.458473290033339
1.13391722490215,0.558891180254074,8.51199227130905,4.98498448104806,0.550431762400391,0.719098908268133,1,-0.896294363711769,0.763173287152342,1.07315476350203,0.339897823305363,0.0512109918969955,0.419514867107697,0.43128969656059,0.441388337201935,0.3337177514591,0.423615911205735,0.834297388046127,0.421241002331676
1.7769587706907,1.07005894712267,35.5083295512577,30.5183193817194,0.709005376755193,0.798563726303422,1,-0.774790227481039,1.29926233726298,0.890222560988624,0.613055029548916,1.08584216699217,0.469551705428257,1.12461450552897,0.65457591842267,0.203510091870321,0.83014084080175,1.01796657563148,0.555436499765096
0.903190957666148,0.635309140702004,13.2479489669954,12.4398130146243,0.0248652152932285,0.982688699648545,1,0.00851773723633842,0.666484774270464,0.961630952006137,0.376357696415666,0.329866768989788,0.600145233757638,0.0237957445151141,0.422923119057134,0.820583667345498,0.698138122218541,0.723834665289449,0.677623774437647
0.107936946139198,0.530064940397118,11.1194765499966,7.54410953519907,0.77429560286812,0.357232727159396,1,-0.133747340523092,0.87525928160155,0.60564886477514,0.538592775191287,0.479557141434566,0.287219875954659,0.298494170696745,0.603071875479362,-0.97635051688422,1.01799131200062,-0.0472900271940431,0.735333822591529
1.20038038322817,0.840994935072756,26.496510359904,16.6120328790432,0.414194560981108,1.58603581430246,1,-1.38838186863643,1.2974044657699,1.02995392172257,0.506036421805924,0.853457100980919,0.434909634791393,0.553874891169039,0.506215745530347,0.271360812907393,0.742656679855361,0.82502064317731,0.438362605052512
1.42513264548275,1.13366810325188,25.647816667836,28.9907619543756,0.890999104509848,0.247668299082562,1,0.156110462634126,1.64518727423871,0.863339764955508,0.813631107185481,1.03612986739583,0.668390204015358,0.848551510612702,0.507997471929167,0.806881564181144,0.791753079706703,-0.0812950457860201,1.15967187511709
3.21701658863513,2.38625253283748,33.4016322810217,41.6316414501968,-0.0129744530038245,1.47463130257559,1,0.550893794445774,1.53673095016881,0.998658117704536,0.655204808950396,0.0453027391673511,0.911763294210479,1.07108004162234,0.881182547941498,0.468197552961433,0.645609160126372,1.1623802574749,0.703210058048644
2.2375726863052,1.45265725312139,39.7104955921087,41.6080251052134,-0.264473403510013,0.972250026928983,1,-0.658330997036984,1.10126790143889,1.45634273728571,0.582849046345295,1.07114278792843,0.639130669886178,1.18238591011766,0.562304981825571,1.04129998194082,0.521310059920906,1.00688618330514,0.612152128857681
1.67310022683835,0.539539885536486,9.34812822680315,4.77659303601702,0.521236407980896,1.05887956649607,1,-0.460895802050253,0.695389501901486,0.420562431906473,0.25616684674825,1.02529025883225,0.28100689301813,0.690898529737306,0.428507050903744,0.00691275564825544,0.645139405336846,0.594067025257754,0.487608479635743
2.46210195979596,1.50740228784555,36.7770584914864,39.363749033839,-0.258920318853503,0.601909710785871,1,-0.163464896795801,1.87008270563816,0.882891359129375,0.906955858329802,1.24083148306253,0.550056764710222,1.13724811069231,0.453361582801003,0.190143137438024,0.752907770285561,0.648902212598221,0.969249772786285
2.12276226041809,0.972223194168848,22.7003294036996,15.9388895811828,-0.480645443305853,0.405384697755611,1,0.435410720404634,0.805609116383813,1.06342650826833,0.385264783839646,1.13488426876118,0.455542354649367,0.874014221919279,0.515084842474786,1.19207239530422,0.448009705661237,1.21216959066278,0.352641732801018
2.53022622671746,0.915073212441409,25.7040960123646,16.0384216866097,0.545384134019542,1.47378668764942,1,0.839818124919766,0.895035832468087,1.00487921873576,0.419670664400515,0.822134636230218,0.377482364257093,0.89280068927047,0.311633177657718,1.09715739707087,0.352067781700636,1.12106616376995,0.338455494453619
0.572170090860653,0.496233400880705,11.1360805854146,7.16308618146073,0.822640679498216,0.385875038984388,1,0.0628500316117048,0.787356897664863,0.290216026807213,0.594363445092618,1.02448806912131,0.345138249581314,0.720568813207611,0.355064562641039,0.336713538213935,0.377830524913762,0.701334115785439,0.289916865801354
1.27157836684115,0.646167592669127,15.6012423402453,10.0432484258849,0.904303024167878,0.180119050714062,1,-0.814386348379993,1.22165694007345,0.580399151265829,0.429477344072894,0.888042177493864,0.411458781854233,0.804817916298215,0.443423023323816,0.711094614569225,0.40277280035378,0.498055353545187,0.470237127876762
2.27943076613533,0.948965939221017,26.6030547302783,18.9845017010094,-0.433794859430026,0.672056841522743,1,0.412919974344783,0.630223960807792,0.864448002216152,0.593786687258436,0.699532838198916,0.738699133346756,0.879219649429102,0.450320474118007,1.3165135476837,0.370920098171837,0.530981016176673,0.614687709410285
0.647371915478479,0.730957594397616,24.9319742350882,16.9022071451009,0.552413042234005,1.27804823588344,1,-0.115869324628165,0.972195462014484,0.190777798128408,0.687167941091102,1.14192643492499,0.418674476811574,0.664370209299827,0.286783654759527,1.00114044508411,0.358875853204126,0.606243532669889,0.618539550389075
4.25020901175403,1.8796751565541,35.0089083454821,31.8907513188686,-0.371191191752861,0.561261381678237,1,1.98207867392558,1.20363276704549,1.26773764436093,0.619818891004437,0.962982777219413,0.67003527002009,1.43744630566751,0.560349186401235,1.36451912872272,0.362170352159641,1.06092924570422,0.590938141473344
0.753056833309825,0.924296483796897,38.6409425610897,35.9550488005859,-0.598379621254757,0.563460527890477,1,-0.989172954651722,1.1708616933808,1.06351901850725,0.433287370147287,1.05032392203989,0.577208834957817,1.28628458702843,0.612571491507008,1.35216041003543,0.636446556359327,0.109277428615723,0.804304669688419
1.70684374924811,0.754406540578057,16.0797944197194,10.9451583329005,0.706951307766476,0.819998758771931,1,-0.226605325935935,0.858254053678516,1.04890251727264,0.475929049842741,-0.0139310138553428,0.665523301689154,0.306568208352813,0.426004939193449,1.20351774589793,0.656179572674197,0.547522943116443,0.596290192233578
1.66152511434079,0.644070632524025,11.2298061850194,5.58403930807178,0.815575984590007,0.2716202698137,1,0.935625833841482,0.888141631290745,1.06208958413871,0.242914291433625,0.37514861252583,0.466447791639684,0.733613761235184,0.386648432743543,0.891383681079984,0.517261000733112,0.464712364023656,0.293531948216459
1.34765526748987,0.536381161178566,6.84874766258029,4.02539255124553,0.249173714739942,1.33550101058746,1,0.276988918500886,0.968904894757848,0.696207821520374,0.323919978009103,0.352317196009017,0.528819851780211,0.463266750126978,0.356817712134958,0.579135328904949,0.493285747387118,-0.103369795062079,0.667123192537679
1.13034692315345,0.987248385935652,25.2241284600113,25.1107392555586,-0.180979253887353,0.942203163122437,1,0.00167161597752773,1.41972132406051,0.687191013442999,0.58475443895544,0.362426786111447,0.555684016269344,0.870968748187465,0.497970279269616,0.492475490683272,0.85818528218224,0.60608135277238,0.761897247813852
0.87912516191871,0.607349827590106,16.4815112733515,10.8185393195914,-0.320841829131864,0.417541001656004,1,-0.715054827069992,0.846937700077367,0.374006338417114,0.471894259951111,0.944698475138579,0.340575230352095,0.244446790084364,0.516466757276653,0.501645792001265,0.380590963327023,0.868346681577373,0.473508170958722
0.96520138996179,0.431194150061703,7.93793523544337,4.00543022087326,0.299746946688701,1.06232834174135,1,-0.877475936520705,0.712216516131641,0.781510718651191,0.258848746522121,0.792907753856261,0.293114878452696,0.391877339661956,0.423208496585739,0.292762387841569,0.387367039567753,-0.0297270716001523,0.532493437974399
2.4977120763709,2.02589116259986,43.6955809023924,67.1429802770991,-0.704399788510424,0.497523496469823,1,0.640131051950841,0.911899395739185,0.840236970378933,1.00681149704839,1.29402570291946,0.653179418021078,1.16987594666452,0.816214535666363,0.357863852760996,1.06150735532193,1.15001327421839,0.824717969408402
1.09441283552907,0.503858933302865,8.5112846563823,4.91105614675375,0.26397421850798,1.38471257469142,1,-0.517086177739543,0.737268511562612,0.714904624713749,0.354160703950335,0.64900050532417,0.428921086418033,0.630693535447672,0.272956714975122,1.12647896391012,0.48960575648579,0.562840755492898,0.593131899547425
1.82870192399824,0.810387889657632,13.711680091862,10.2917359568847,0.231702103330422,1.11607889314023,1,-0.29487104120288,0.591307601377538,0.550135637797807,0.353247866614443,-0.16884146102237,0.653676683516433,0.284705099891783,0.517442285906258,0.832237912892765,0.513928988669785,0.962378683136772,0.488316930635983
0.950109066686147,0.553928832363917,13.6888025585381,6.75622928482325,0.514149035208408,0.906864160973463,1,-0.44363605797633,0.792601234045894,0.615408961850774,0.259393510625486,0.505576258586974,0.332810752447448,0.346635372227908,0.595433905898763,0.501858520669949,0.618479251356534,1.02205690394469,0.497484936065031
1.11354729414617,0.677224554334736,17.2105342864271,11.3476892779161,0.0222732793051723,0.997674826934423,1,0.3095408504155,1.14117269703757,0.662540411258764,0.573368454894939,0.302875175652885,0.481833454927368,0.368692080013413,0.524345323306367,0.956090495832885,0.311383759447459,0.389439839622824,0.573819418420978
3.99498510078362,3.70694979952118,165.378723383918,279.089720962318,-0.807897624054559,0.316115065790179,1,-2.45973907006871,2.89635450624475,2.21094766280895,0.882405756426277,1.57718680936021,1.09334027842726,1.12018483725203,0.836331599006875,1.78863110250932,1.11470934930749,1.84973787271061,0.81055716063157
1.74021102805259,1.03485645740199,23.4972136568013,15.7173530098422,0.236616187872013,1.3494749098118,1,-0.364223114588778,0.943649582203415,0.467994651665968,0.391460506877135,0.408003460879783,0.494007068451229,0.244305513796589,0.676788927254379,0.712467156646333,0.629447221713363,1.11183967492898,0.359216707411019
0.473761288672494,0.519410578813432,9.05833771989911,4.88877903323607,0.754174372537991,0.766715400125479,1,0.251677073213889,1.06490779855997,0.257954759531656,0.578707393831245,0.362887026213367,0.394909255309434,0.0713987660560815,0.32431524618859,0.790476614804785,0.248923983346448,0.263522134379202,0.405576175826243
1.42562336044475,0.757878551690107,15.686885368562,12.1538738813874,0.485646254444601,1.21392974466407,1,-0.271022061927272,1.07293626187885,0.880687469779486,0.464293679988556,0.670955177561638,0.362650098956114,0.458116523713932,0.504864763897995,0.505808348705364,0.454433973516137,0.187013914800794,0.864440927776912
3.04502660915835,1.26547620503868,29.3224682185438,22.9991556962131,-0.509801293451958,0.515946836249598,1,1.02100469034652,0.858717330992522,0.956828148606979,0.400912321551355,1.18058717796932,0.499678824212428,1.15746518314854,0.546288231331403,0.325585984294145,0.840164363964645,1.5989710546274,0.432849179700132
1.81840668721754,0.840185229600479,17.5572615520284,11.9227308246268,-0.157609143130321,0.662119777412781,1,0.179095146097353,0.874574993293529,0.331622600803352,0.405140612844348,0.582569025704833,0.464007347467983,1.01283076759346,0.410126931423654,0.539816034649978,0.444491549861755,0.785606822680733,0.402620217385782
1.86929442431536,0.561511737696313,10.8371173314556,4.69552746020599,0.482662055481401,1.02520889633481,1,-0.210162613624744,0.670608913687252,0.526528701067299,0.412481605445377,0.758967175826143,0.272757731924439,0.260156568044213,0.37699414763005,0.631361223136411,0.340139718673496,0.629679382158799,0.326688701838717
0.0617561161073217,0.973784100024923,33.2133790597255,36.846210904986,-0.674798218121155,0.359664299305856,1,-0.839412867924038,1.87083222850951,1.12224722885755,0.604504336731481,0.991749638277708,0.557932932822751,1.2982905732258,0.640318640843503,0.473562310360553,0.875070564306633,1.08240705677594,0.685596683792207
1.46402938081403,1.27577146811097,33.8357699065741,41.083796097102,-0.373990275384355,0.672789822630044,1,0.115051549803938,0.901533525821314,1.16271751669427,0.594992177981384,0.76011053985501,0.827087880046341,1.13837102814698,0.598566169750676,0.732288851568223,0.655787690260675,1.22689635111168,0.571450727397116
2.48134723173281,1.25076199457453,24.6973524909659,23.5047512128504,0.111361356107099,1.89695750398337,1,0.756613713297811,0.765591249107222,0.632399324473848,0.541396797689615,0.881752160318911,0.593595003673992,0.715858720824224,0.548708317130954,0.478817900458913,0.6639215350558,0.989111573116608,0.639447417700369
0.784133127846648,0.507509166254097,9.29300080233578,5.52971393095754,0.886033948671734,0.189149753173061,1,0.430734233196276,0.80343780956523,0.503664121278573,0.574964548824463,0.597114225880569,0.402415936561954,0.568493314563641,0.372574746815253,0.853871388968534,0.244248637751525,0.657675508569278,0.375647637785042
1.37409386986323,1.08383846747597,31.6357785884983,43.0422261260024,0.0841403394907067,2.85773924544946,1,-0.417917675255524,1.68826097088246,0.951514398305937,0.785426969884003,0.397569537303065,1.7449890819925,0.406274428819644,0.733025495402132,0.791120601565231,1.02340844911208,0.212613974732337,0.81142472866761
1.29003109675622,0.682646956682343,17.9147758838209,13.691126804742,0.8487288151886,0.289826142479337,1,0.280308625210817,0.667568539933535,0.869209646854746,0.390871337922017,0.943857492782244,0.481111527226271,-0.0884388243069296,0.651394972592182,1.14916739628718,0.433365595176485,0.783091878882807,0.623455141164027
1.72057989088928,0.550204934680266,12.5688319429866,6.83462485780154,-0.346253891103027,0.426815388367415,1,0.436040377473571,0.584732730299924,0.599284315290851,0.3032461398146,0.750239982103164,0.343017880030212,0.668126596967033,0.393456700780377,0.412638191518728,0.463090904011799,0.579180912487702,0.603623105733656
1.83648711402299,0.738160764291834,13.3013283217285,9.07632055760367,0.233938325936315,1.21143838642214,1,1.94193458831412,1.04578221936005,0.382639614526768,0.570184712106821,0.836781983085877,0.350612497457516,0.589364181780321,0.404783556424147,0.570285996795069,0.562672150961536,0.646954601137369,0.515962626373553
1.29305000059101,0.663712783119327,14.941799066316,8.41201434858983,-0.18573972308353,0.399091903947824,1,-0.159879619405918,0.935638173740295,0.698084621649397,0.340443222221865,0.891753777114326,0.250127566478991,0.401896041819179,0.351450841771814,0.23815027537429,0.691048629751776,0.698847906992135,0.518101122527637
0.610714782280728,0.567866437095497,14.3148700399155,10.2302288123993,0.481852841430226,1.37503799617145,1,0.0102290187971276,0.831948085607184,0.694245470957154,0.36336290674165,0.504002092369518,0.369038944873897,0.916522056320299,0.475998831033698,0.536197516097045,0.53722484626098,-1.05787141916301,1.24690819796177
0.903550644644295,0.621468197338135,13.3884380783764,9.02953788335827,-0.487495347591611,0.378865056201806,1,-0.149206123238253,0.792055955246301,0.678753697976351,0.415126397497081,0.839420542599818,0.382074791221929,1.14484641758361,0.352847060975433,0.672088015270611,0.516363524598766,0.247557354011044,0.621910875199674
2.24043844539476,0.910059481036776,25.2125299112746,15.2065569059357,-0.158383145351161,0.835931284320564,1,0.61708407018545,0.675105891845815,1.13819468999011,0.393039079458315,0.38346344636351,0.425001313898514,1.14358922141818,0.417366921413599,0.678671868701652,0.498262202175953,1.3604684383034,0.310279121354724
1.54193598661529,0.849247351554681,23.8547261340869,18.0299395440809,-0.260222841328436,0.609778204523493,1,-1.06824472148405,1.47917485403682,1.00909103230562,0.479466791597224,0.970215280007963,0.415610441085972,0.873729095802221,0.390110960038476,1.10252610380617,0.535739155516915,0.700514195447877,0.55722877872247
1.13474890046138,0.61463387909805,12.9923433666056,8.49810704092381,0.314911916913611,1.50254071458134,1,-0.324954493626485,0.598321692609138,0.938961182140253,0.251571197615888,-0.444429177766325,0.589373654503499,0.782680860713217,0.457183723663986,1.09757554193763,0.49421009139171,-0.29584654686795,0.888985083097734
2.97336366893261,1.81446061744255,58.8022188669226,63.6660426607962,-0.511655259124035,0.811752891167412,1,-0.88575403248913,1.62977040720552,0.874125218633406,0.6334117255983,1.50328679289957,0.634862956492166,1.67798427549815,0.580692096006376,1.28203804427408,0.691363826832044,0.452618300367696,1.06048017239035
1.35153695531511,0.692081160312042,16.0378297662371,8.36878538703639,0.346295591570546,1.70255149226315,1,-0.157799845937677,0.833387757839304,0.586161029239593,0.297925643379193,0.716279649380333,0.279351795232919,1.15987647812749,0.37253331973088,0.422652267464705,0.726203068519323,0.651371856041279,0.438532548655242
1.38099309886951,0.684886535627853,14.8786529265299,10.3928751112583,-0.110596538089749,0.983667481174524,1,0.612820370377056,0.954766255630966,0.79796561580028,0.414348007949021,0.773268576644788,0.335228905786418,0.546518963762401,0.514732395975889,0.727882886437233,0.505336408496614,0.456462647275411,0.762221650283229
1.44653979136769,0.711779730724097,20.1445500704282,16.3523829610807,-0.574073396133054,0.293929888187614,1,-1.65442330447951,1.83917389826197,1.0512485342121,0.43326078378485,1.07946125529555,0.47089834719068,1.14469459764639,0.362715538660492,0.941336818562206,0.676787888463209,1.29831871598176,0.459676714562722
1.24300968421198,0.76180488783818,17.8516462140399,14.9778385170393,-0.0468473641831519,0.705782754507147,1,0.14051566173021,0.729210045350642,0.289894802595141,0.48519242291592,0.904730973039126,0.593494033681764,0.64797234035187,0.470820553804288,0.463316076810716,0.605658795123389,0.793783042834403,0.597987396128457
0.982265950227911,0.719978034681142,22.7471841064984,16.4474035250311,-0.384454813616211,0.702507909342789,1,-0.228508303340184,0.537440044363721,0.781096155761756,0.474532281431335,0.799604985364158,0.691987337069623,0.233844578569599,0.855823179277166,1.36636793340765,0.550857786263335,0.600614237289727,0.555897266697455
1.78863886301584,0.590594323713484,13.3738410893328,7.49421285835098,0.595188976305356,1.18236705077684,1,0.764110264769162,0.856972072486334,0.664175009379954,0.404853302750742,-0.167065702953905,0.555337370071614,0.557406997847579,0.436297026606622,0.822144676284876,0.511813812665751,0.887224708527032,0.295527606495363
1.47541288826311,0.773725582512245,16.8979266206498,10.3152693324699,0.457577195685613,1.32717529404887,1,0.0949002472141898,1.05025564343902,0.851495542850183,0.32130778119313,0.782934449661634,0.348998520697791,0.970977255765129,0.288186024518075,0.692792315984226,0.419370122538467,0.644997063764971,0.507494803911825
1.84628896988552,1.22282506429066,31.6158562186209,26.2820796260365,-0.537561829528931,0.469988477844415,1,-1.71978467815831,1.16028593294678,1.45852956152517,0.439432173522862,1.01623133947249,0.479802532749648,1.48013973719168,0.504763074424066,0.665473060493258,0.601919204290347,1.24794665075034,0.652507320105797
1.6845167583452,0.75560562458274,14.8685195907056,10.4876497220769,0.373689528606207,2.1876961466389,1,0.752401479248432,0.765295021785382,0.479222299375713,0.383153433977374,1.00074014654469,0.381894543573973,0.424246395730592,0.619254995900345,1.05062288913775,0.477330694043759,-0.150548589260448,0.790536231344505
1.91255470923648,0.786356785957139,22.5021893354386,14.7694039161636,-0.159654936630397,0.648196766497206,1,0.391997286068113,0.666311428476097,0.673732193886337,0.324467953456228,0.379101102148793,0.437920272596288,0.595189377604492,0.448239904187826,1.02509658245127,0.498931571913719,0.896368857093973,0.509369941252358
1.48992842908686,0.715780275871851,13.7266883746735,9.68658360685472,0.060546130871866,1.0406639631724,1,-0.0410742657722281,0.782680591660987,0.253645910311725,0.594364027815967,0.80786545331218,0.476726001192203,0.535359731532574,0.521464728498784,0.996995587606524,0.319668878022785,0.860643405773062,0.762599971746514
0.978984142134135,0.846864775139036,22.9998576403144,26.4208954888552,-0.270961294946094,1.04165217725065,1,0.0214803663511783,0.766649721686125,0.865184795607006,0.714206347753461,0.27281599251066,0.700389465196759,0.514893436989532,0.697136128118223,0.403366442679392,1.09693291223293,1.26859178466986,0.514365371970073
1.11936302377479,0.639639418308921,12.5219338737121,7.99770776713026,0.748237253132362,0.714663884227993,1,-1.72965898369241,1.01786403732732,1.02873586102156,0.345344366439437,1.02318909942133,0.381743685876648,0.651157095056884,0.419841898188288,0.90963721562754,0.48135263350117,0.0736405680633999,0.506696885631707
2.64720877074195,0.803381944412547,11.8547116235807,6.3919852413024,0.43130443327845,1.21686109549975,1,-0.0169587969627141,0.706548435928711,0.837922522306288,0.302157847443627,0.7296702297828,0.355600184981712,0.225107527857364,0.531701283409241,0.0789123160771598,0.53900698869575,0.72949189959615,0.389007881242779
1.1916621080838,0.768501586008756,17.2179790504122,11.7435659811788,0.935736666182359,0.0620464095884597,1,1.09694281509231,1.23546059576108,0.683471146713353,0.508998759354122,0.642758354230483,0.354661166817286,1.07647246938625,0.362391382324323,0.931358185374829,0.332343900427039,0.576950589450954,0.509241368178725
0.860921887610455,0.952973749899123,40.0040098029833,36.0355892757771,0.416380822826411,1.59787966491051,1,-1.01963031217275,2.154774415925,0.610646781451998,0.582202766056643,1.17862547244876,0.618038806667283,0.788732227536989,0.663494014215947,0.743276789490931,0.379772840277335,0.749943435552658,0.674972331059799
1.38579691436543,0.581484757047811,11.4878495660031,6.43699336918761,0.336080795223663,1.54108713391526,1,-0.445854040153019,0.732977156955403,1.0582216127148,0.4187184176025,0.939225964731365,0.307929966122556,0.732067703492702,0.354187821582844,0.695555655398588,0.420098699126439,0.435159256122909,0.431221612794576
0.650540035366325,0.596408712792321,17.0078510149129,9.12775599519662,0.484440891138707,1.30984835198525,1,-1.23025758840897,0.791778481485786,0.954588886768493,0.310609158159614,0.872722252174862,0.26696193377433,0.516139735800848,0.351686172315238,0.257294273965781,0.455779696505901,0.764342583366699,0.301792814441164
0.777965565453045,0.86127919181887,34.3514652925651,23.2453718358736,0.271382630615098,1.76936779371328,1,0.556512076102667,1.07307130429566,1.06771172382615,0.273717884133018,0.829306466172773,0.752711809752339,0.584196365332518,0.576958752853028,0.829401168040928,0.552392386651044,1.17390213862206,0.517443022431589
1.66774492851433,0.571695908398,5.8129569393216,3.21735048516934,0.985409658697792,0.00950495609094656,1,0.503126739341349,1.60992760354196,0.25902350056543,0.392329825255552,0.874301170511504,0.373694366618044,1.0070424002226,0.137382012459122,0.585804962312501,0.332339505422467,0.444799716620232,0.607125254365352
0.883863252178439,0.766877727287593,23.5546799530158,15.6536675534858,0.593832224896769,1.04882431257938,1,-1.26218168230979,1.05704621359321,0.87798584424183,0.590421229434021,0.543515777328904,0.671835139473017,0.240647365060547,0.708114846513179,0.557777415164142,0.768016883670236,0.96640615148974,0.606260994284128
1.16928140863702,0.853507200182326,24.6270463945996,18.8915483094302,-0.311646163907289,0.571517674672988,1,0.571832724476425,0.957574761275701,0.725988419371793,0.332539096793361,0.829306287352151,0.649436296515157,0.893875317068615,0.403109784415749,-0.450332940201272,0.899256373051903,0.797625666539479,0.70018823549528
0.725396167836671,1.41518784239826,72.5511736866133,71.4617709954289,0.65398285808831,2.04030085480386,1,-1.58758430007926,2.65696924853861,1.19636708242208,0.591234617191641,0.824628984747248,0.609123695209424,0.199576904669232,0.814163861068241,0.757204993143118,1.08486431858078,1.40186144726389,0.586114985041129
1.67486347097234,0.708404371332683,16.0142560909476,8.36505687842686,0.607853875142798,1.23913696314368,1,-0.159373783348689,0.89947652772157,0.934705320031434,0.264139858500099,0.167543517587784,0.526946145369272,0.927404596066767,0.233970988830918,0.574344320082155,0.592014362438202,0.264606004217657,0.607782411423189
1.10222198621311,0.712028013635588,15.0043096309418,11.2703869757166,0.41443897273798,1.50049492306317,1,-0.0520529917654134,0.80015037417196,0.615300416173687,0.471867213170714,0.62859554254518,0.4276340866073,0.892726794353388,0.390800252117318,1.0201926574583,0.350864044314211,0.900927261831501,0.447214552341548
1.67643434009864,0.497373079092555,7.00793502966532,3.50691542859706,0.134294618142074,0.604015249093353,1,-0.569910311879002,0.552156467700386,0.532591327269684,0.290755378727809,0.681871512760081,0.339310979697733,1.04947526267367,0.392807032685213,-0.266393183220998,0.537713503813251,0.7982834353345,0.410291656041231
1.50644667344579,0.483967067832872,8.52900011947733,3.57047930469464,0.491400332628985,0.865312806895423,1,-0.603592877890294,1.04579164582142,0.506564888518376,0.31436344877049,0.861294424603119,0.347388815554713,0.498699104206293,0.312150740929578,0.0546772439629453,0.369345335868363,0.762398293203072,0.288598259345301
2.93806837866912,1.92989692061781,54.0397026331526,67.0899089259817,-0.740895108713167,0.369205949888682,1,0.640347337766083,1.03753883540204,1.0983011967647,0.774761329368017,1.3236432640094,0.526292833005566,1.62761360448425,0.614934714791217,1.09753653991995,0.799647496703079,1.12479457502321,0.741654020996247
2.19874370230176,1.45967487479848,57.4090457870598,67.7427005104656,0.612856724615966,2.56618016658394,1,-0.838602857105772,2.04834462190155,1.17374955218634,0.750023656836416,0.976824322369757,0.598257251609896,0.986159642890413,0.88269674868585,0.99297129927949,0.733745166711548,1.1044858189471,0.812815687126665
0.46189261363164,0.466655403794643,8.81759908263586,5.62740222580531,0.390411839009999,2.0793754259401,1,-0.476532529452951,0.915168826712914,1.10696515391202,0.397195421120381,0.294730933082246,0.381105755107405,0.0726296303638065,0.553794388376639,0.752053382819527,0.71904448977383,0.296425421809951,0.737182596626897
1.18985759778006,0.655328134627643,12.6046705402492,8.08976191413818,0.43718937499208,1.4499066611618,1,-1.45805189791058,0.941012881520549,1.15635523617939,0.324910586531513,0.288837726621309,0.352830523905261,0.503179895615331,0.498869466787509,0.318953323791888,0.493583253578856,0.782450771857291,0.528680279617577
0.361432825005311,0.647660351503667,16.0148453883962,11.7742732215344,0.361437854801427,1.66311060961849,1,-1.53211499431288,1.51202015100054,0.958620390657221,0.446910501625618,0.70367659729742,0.357199241453817,0.481975795799424,0.585069936192014,0.224280654454436,0.648833876911823,0.690695277217145,0.418608903327048
0.872652689021674,0.647771088961876,17.522647080112,14.5628195315114,-0.0539283948672817,0.6978314957794,1,-0.968922245057147,1.01183509392539,0.304227240051456,0.487508656047024,1.05125629889429,0.279607643941925,0.409459748288239,0.566698425184243,0.937671096910178,0.731491572643698,1.35408494439925,0.528628918981195
1.56314347698871,1.00965533030331,28.6872298708985,23.8825505252128,0.512562491635986,3.35674821815986,1,-0.480157044400906,1.48731257217587,1.13296675833167,0.520335339767289,1.0066739570282,0.279349960669698,0.195405886170154,0.884758483763588,-0.794617756315852,1.3684936066864,0.853012306045059,0.569701696328746
1.53143848661925,1.06458625148943,26.8959883340334,24.2632078183907,0.155959964185998,1.34551744449448,1,-0.898847164343072,0.750924117948591,1.21947688191508,0.396588252089343,0.533807465763142,0.741138184922236,0.747785036444892,0.443974862640686,0.428615786347884,0.601192365743016,1.15205750544682,0.653260692638098
1.04769948590746,0.530244215482739,8.98176373372921,4.92898766830568,0.129320881399577,0.720295920759891,1,-1.02896966652546,1.10507385820622,1.03338745430106,0.265694548572086,0.228353005508129,0.552328255039567,0.58989763834257,0.445567147646663,0.548709093454074,0.357457267249746,0.59498330158358,0.455216647239457
0.600567071824861,0.45731309504187,10.1171073512422,6.47685773339827,0.455748838542077,1.37554758239791,1,-0.564967441220537,0.937859822230502,0.951964986176179,0.415914568066865,0.26679950343912,0.353280892365202,0.430956070059196,0.565373557703301,0.53561750453776,0.46251393334868,0.676496042491464,0.445723634944638
2.46004274336957,0.891564260255328,18.1076876801863,12.465654574655,0.156772819228117,1.28077192569991,1,0.112433038431655,0.903381047089845,0.496122946733136,0.623325848745439,0.391399970698637,0.496106824682841,0.768274019453149,0.368441684865074,0.474438327246568,0.475255002910184,0.403212542704812,0.423650006749807
3.14010206691733,1.52550352935541,18.3056996770513,17.0960806879497,-0.630072854404097,0.307194154163433,1,1.12611090272464,0.79865583196286,0.337813315652563,0.588706928502863,0.95132587153859,0.498331921564369,1.09085355756727,0.404068141960823,0.87556629945387,0.542030338026953,1.23746409314397,0.645919355169177
2.50623951144889,2.05306231185193,24.6362286158065,35.3998342971817,0.94341596310367,0.149418313215265,1,1.16479592155899,1.58475168511081,0.475148875897404,0.709306055968861,-0.189055895601797,2.36485837082027,1.06787336579085,0.693247858034296,0.422303020337093,0.910710081686431,0.724824721900909,0.761412529461502
1.96676687492061,1.36913926197716,32.2564056547791,33.1396570761569,-0.0619556475818498,1.5368367022558,1,0.601171347027057,1.61024511827271,0.754025709079776,0.617802397388899,0.829284221569816,0.687692421471926,0.751615135133418,0.606582748516946,0.67803267969501,0.628812186360476,1.35657310777942,0.632342379362788
0.803011823439104,0.332952121670711,5.12804273391289,2.4774394985111,0.00805601671344726,0.592777218027746,1,0.521563260616849,0.441838974327109,0.200256161554034,0.365061921292608,0.708336104878211,0.297945679134131,0.503137435059361,0.320946397643167,0.682692628531705,0.245533597958656,0.26668439636301,0.492281480089049
0.250155489394055,0.875536538396981,34.428968305685,29.5501873631677,0.603169276520701,0.938568360205511,1,-1.3861013859524,1.11635283282516,1.12594695274785,0.398436169639827,0.739665536591524,0.502431520094867,1.52121344716226,0.498006350556014,0.99662395962351,0.457570952877364,0.540020834978931,0.87184320522021
1.48694855023178,0.949137228327502,18.7649467523618,16.8828928154529,-0.248495666212881,0.636847946533706,1,-0.265899569824046,0.644200476634874,0.702962640898826,0.422541907497926,0.904624709803965,0.515967552382069,0.785832940496423,0.642803383117236,0.375679950821072,0.605042505786367,0.98031460398789,0.445501570243719
1.32805198971639,0.802840222484531,30.327316194576,19.866906950101,0.109313153523797,1.15724731765781,1,-0.0641318955144588,0.839333024846267,0.970031569012978,0.35821413888003,0.632556757789021,0.457894548998496,0.787877952680944,0.687648541872676,0.948943183907125,0.508578777724506,1.05885034654192,0.444984332420911
1.22912542661702,0.486039507981554,10.2328685331646,4.82587272671215,0.651589064022243,0.92779065226744,1,0.111715849570045,0.658877865023222,0.474139246220981,0.2734252840458,0.516092988879598,0.401143784134472,0.653159377206856,0.357035345947591,0.180754337731234,0.375483976948679,0.59514354924559,0.392647277478001
2.15829207528676,0.766822648730931,9.20400442964922,5.57993574307224,0.285475988516619,1.22777696847224,1,0.227115514305385,0.799349940800707,0.72179123893997,0.36186421361517,0.474351726249809,0.421835391387421,0.683415128453403,0.443544211995977,0.448702168465568,0.397286341755154,0.793070110292686,0.401232418015173
1.98086286124595,0.676875592158814,16.3228218023091,9.36891366977123,0.579703710034315,1.94384240367791,1,0.840070586973664,0.872826354444048,0.680592141634286,0.28513750115362,0.69147225824781,0.428631626339947,0.620840524289139,0.426195079930435,0.90170250718354,0.330573935134995,0.437011254047011,0.605684393619604
0.592922787093004,0.532077744441921,9.26759304134707,6.00351755677276,0.215915424624485,1.30453816339385,1,-1.2766013058481,0.999643831907163,0.450772799750179,0.420366287883402,0.352120082558578,0.448047103663504,0.495306793997868,0.306797478265452,0.461584323062108,0.485135151001009,-1.20613363709275,1.01519584872665
1.38605965459949,0.626372457823969,13.6123027083221,6.80557604644853,0.701902373716012,0.757805214285967,1,-0.486837942786231,1.07505435660553,0.320240644456098,0.422050294122013,0.44342812334382,0.360325883514,0.879807653777711,0.271868664611556,1.05386706075811,0.306159514830588,-0.837707777121548,0.720454660518276
1.53159073990036,0.819119578900327,14.3529293293472,9.38320854842333,-0.0511190292792994,1.01747906343042,1,-0.529236144422743,0.897612903653414,0.710095420528202,0.416114531646466,0.93808719460731,0.319386400448025,0.649140584019054,0.563315085230109,0.467089361903945,0.516339959013022,0.258943189765263,0.601456267373103
2.25829295450487,0.760298725929577,13.3306341427208,6.84424310038939,0.529019938330944,1.10900078585735,1,0.101053063970686,0.768066083023486,0.414146649953949,0.292903703360584,0.862560713162041,0.25938037022916,0.632818381345783,0.343604268819312,1.16413899117806,0.374467383833292,1.29757169981166,0.351063654906887
1.40430196101877,0.660622737617423,17.0042952936827,13.0876245959659,0.545727712510498,1.96355720644155,1,0.948774297632731,1.22404581647936,0.240946576700606,0.76393805138527,0.747726220810556,0.652592271336899,0.0695788912626157,0.920858890836458,1.03177516021539,0.313452935952974,0.539755025623357,0.39556833625702
2.03532115890812,0.647412494904081,7.94909418766614,4.2478959604652,0.259166362515024,1.19827863281865,1,0.551915076006153,0.92449676674032,0.691930084349,0.352382697435994,0.335261563017229,0.35703588323289,0.708793600259713,0.367827461996098,0.403615989916537,0.417431675928692,0.772043477588165,0.54504783950722
2.18953904237301,0.86266767139128,21.9222307421902,12.0046507492217,0.25677543943058,1.17734956688695,1,-2.0925928188285,1.38329824553489,1.21467572316548,0.254785795545635,0.576410224613306,0.480342994674287,1.21174065831378,0.456502778871055,0.858109027583084,0.473768501723445,1.20009304022644,0.370231605726015
1.60326351060885,0.781955428357789,13.0775556405537,9.12190166538769,-0.290221781411632,0.542986445710649,1,0.0384161743281976,0.704883920531458,0.316845855614243,0.435984670639285,0.655436818253762,0.397567929217366,0.805311105284112,0.468906879417451,0.906515246275997,0.408104576735538,0.0722652072072788,0.524487710486705
1.442824241421,0.619980271120082,14.8693304979384,7.8677179569763,-0.457764444530305,0.389085632630045,1,-0.238633923825972,0.659822518687293,0.641219528224383,0.319754738006834,0.495823584827651,0.352696739369157,0.621114380620987,0.42319190816651,0.986976521504107,0.331205349794163,0.830666928836976,0.392205814475672
1.86534757269347,0.886606754919146,21.2745328176907,14.5509122765976,0.0581767302098158,0.688536117472361,1,0.327155009080187,0.684984527993431,0.836923718054562,0.440656627503443,0.583635714312018,0.293036213809658,0.55265062315267,0.448730568872773,1.31925357306275,0.440464277736826,0.480577925998335,0.612076694016167
3.18394043525329,1.90980961914777,48.8292318765794,50.3328420699334,0.0316316197176997,1.28284493228993,1,1.21104142775475,1.87586722960605,1.24241657169491,0.655139918687326,0.831666272318885,0.750513265229653,1.10961553194783,0.527850871943966,0.862256759672719,0.559053662853989,1.44241850933594,0.629288770758792
1.54079791099728,0.997831440289516,27.6028693754406,20.1183433456991,-0.165667400172702,0.635606784062214,1,0.558477471007903,1.29583832799659,0.815488434929929,0.317518454125554,1.03847442675102,0.412433940852147,0.312957691663723,0.669042837892948,0.39919451837026,0.626430051231586,0.978008498151759,0.48057370606253
1.54503195286559,0.655109208147258,8.34542193224072,5.61260577441243,0.182696360645535,1.08933423816458,1,0.196078618717761,0.962407336593292,0.541858576095279,0.497413964020332,0.653257726591121,0.305151268745264,0.30925765108207,0.564408497850951,-0.114710662208899,0.66984511922375,0.773762601208794,0.407247491125421
1.81794275009464,0.680276015800781,12.4089365775514,6.40551641041387,0.139666068828733,0.762507258914562,1,0.347017634550778,0.88449910587339,0.545737802672247,0.491134944764192,0.522745789350087,0.355452245300317,0.549202607102341,0.311840460631786,0.773432057430188,0.358577153539548,0.30167944083162,0.398541318788527
0.249015801432573,0.503440671457912,12.3404131230023,8.72510449516177,0.0489571440177504,1.18720692768087,1,-1.58698690895639,0.630380314431832,1.0504727754951,0.363021881664645,-0.379320566960103,0.547515206280975,0.960590879417908,0.422723779577684,0.0667579036298092,0.81569136177458,0.798111442875781,0.622967154234424
1.5549457217518,0.950510765432536,12.8838086903942,9.24542005426649,0.114762780908773,0.73892885740687,1,0.108586991948945,1.23887416035376,0.825703335744376,0.353158084803186,0.409958290533265,0.388013484420615,0.600418522872687,0.43197001987293,0.252519549110703,0.64617878110453,0.823181302036932,0.540891220385353
1.8650363103615,0.826654820245901,17.0900116251354,13.032965302779,-0.270555013072076,0.669977310867871,1,0.129110145803492,1.24335626233694,0.836296447594279,0.577652301131889,1.00951486900269,0.385528142649947,1.14255483587049,0.453560025533741,0.785053274954615,0.646947022710913,0.677338576040563,0.426877667224924
1.86634148904018,0.703882980267071,13.1275210599285,7.74607879510937,-0.194323762903458,0.625216126864756,1,0.754674226970541,1.04873444214289,1.13465288466031,0.327601352447068,0.466646724173232,0.440625163989824,0.487398045077845,0.393083107545427,0.899051930596058,0.315178394862156,1.02953030221949,0.538262357342196
1.72908664466084,0.676639141910431,12.7458031627277,7.02621299371835,0.413453229968975,0.882026486963528,1,-0.179797786667869,0.668454230530228,0.795922365332184,0.245180732187852,0.595862484747022,0.273506709714688,0.198229684994669,0.513664765714317,0.773447253875274,0.413824971365978,1.00951714241198,0.267119360276623
3.04824015508903,1.56411978120767,45.9829036665393,37.7110258142542,-0.641253579851348,0.244030381242853,1,-0.149215885178927,1.06418219861228,1.45844498532663,0.535332010393583,1.2581153675057,0.443000493611978,1.16753767384411,0.662013622532615,1.27289154121783,0.440969159630978,1.51814500910259,0.60469688639654
2.18165025300232,0.984056875227907,19.7803527408736,13.3748365157932,0.249188383875421,1.73204405189051,1,0.457713978304618,1.25017825425937,0.39309639903288,0.383417600770464,0.847757219018197,0.25977660070222,1.00599966893708,0.492349134150465,-0.197942852776923,0.788604822829465,0.943851753299531,0.485379932822897
1.72441518075662,0.590701869530617,12.5749486699312,7.31741197157042,0.396418339159811,1.5054886336396,1,0.276771813251524,0.606304440101026,0.828147155104014,0.304996664404885,0.0932757416170861,0.410142387325732,0.775692012587706,0.320028119736491,0.627222691037529,0.461794243033071,0.396324657460879,0.616182957656394
3.39428582027802,1.36490914330739,28.5895388834648,22.9535545060159,-0.217918042626038,0.898035473541853,1,0.58618424141651,1.75811659236009,1.12771515684567,0.694108505128614,1.52258857903538,0.369708163810184,0.575280164344358,0.648784182322591,1.49530650641689,0.518349464509078,1.13415214886149,0.514190400419424
1.52839946130148,0.778881753184406,15.040060845401,10.7122527325027,0.0992993058160209,1.53793482601963,1,0.515858388749195,0.613979826168011,0.536243036349466,0.430197774294991,0.918688153994159,0.642195275303801,0.64988972376508,0.586043567520931,1.19158170888772,0.394484716655314,0.281781316860116,0.710857896228822
1.0811553543013,0.483813461935679,9.40772476537059,4.29039198149537,0.350378843879866,1.17757453627991,1,0.597488703407761,0.778584381159566,0.571990106105525,0.345260790421018,0.243456707935953,0.376508853165228,0.722612770307506,0.30410341474156,1.04380181629511,0.257732384805965,0.546643021154585,0.35603228581496
2.09208138626516,1.37954102933684,21.1511734093984,19.4128197161807,0.253401937330857,1.35481730667004,1,0.925586998226057,1.81291721956829,0.322064820801254,0.501618379382613,0.854079732178201,0.476192766499696,-0.22934047419346,0.753372234867837,1.1286101421976,0.584198824524239,0.493281513300391,0.656499206859136
1.66727557022569,0.513134992099754,9.3267331922417,4.61070905673052,0.169538599013863,1.06196015067471,1,0.801554669364349,0.583359595765013,0.476592390414726,0.461573180056523,0.783640685902762,0.316400861410903,0.70493309985326,0.316974880950349,0.530485657934301,0.349137585263729,0.961857022827728,0.316403591109764
0.456640954825129,0.693034859003319,15.4852612296599,12.4775827599212,-0.242902282321124,0.543648782861432,1,-0.837363034911857,1.33953834421705,0.845861560358413,0.372115756693423,0.981138008687034,0.477251416702353,1.01251667305016,0.529926894954832,0.877653487537776,0.592004715499312,1.30666122341141,0.636291415854639
0.958534069911432,0.577844200834157,16.0273842004999,8.01158773712088,0.390388159483241,1.02718938268784,1,-0.399952425294669,0.639604961567095,0.74663035160769,0.341388581677435,0.544012475641436,0.228361974554923,0.905990636992397,0.303457034243587,0.892632818261327,0.564613224010497,0.0396967317012712,0.793705891733015
2.81319218661503,1.38993140822792,14.6552854688385,15.2104347251268,-0.28739706229824,0.995191354083927,1,1.82300767937869,1.37017919395257,0.507448005561133,0.628720130471126,1.11682287112737,0.574673162725676,0.512309118495752,0.532063797538821,0.942686304613908,0.740903442608538,0.3202903798037,0.653516573208822
1.13910189420784,1.08763223281124,29.4237869926046,48.0387183053425,-0.576113564279324,0.557591706250564,1,0.0208271311969114,1.70957224313516,0.735001787039423,0.855764201752484,1.05486596664351,0.776091306968127,1.40068192431213,0.746610218465012,0.549018783199939,1.43558670720062,0.603318074774852,1.02113595454086
5.4351950011616,4.83755521500634,92.9924849489304,158.749514523197,-0.925379141061026,0.125752636324681,1,-0.626985240742335,1.39271787118445,2.0099211691951,0.861118549074881,1.94041829781898,0.918412282185212,2.08374477057511,0.882040558911921,1.50049928591975,0.974804314080861,1.29780649073738,0.923248165397757
1.04079140602024,0.745255926234949,21.2944977673576,15.0067519455574,-0.273486332073798,0.82211488833851,1,-0.16854656180769,0.772739570042382,0.912413232762028,0.292929151078717,0.254851462317015,0.588604323040159,0.487377296580368,0.601647516155435,1.4086139315823,0.456007414285453,0.541622262163287,0.54334017214782
0.531557467029678,0.683552267396637,17.5854955991277,11.1121053180343,0.253939060602975,1.06930544557341,1,0.181665540008956,0.876257062476709,0.229475943463105,0.326187407630168,0.385130971038256,0.358785345807097,1.41358886567206,0.411851359098068,0.713933437202347,0.614176121862346,0.717795032249293,0.554900832444475
2.51006637722424,1.48078018243644,34.8741042878745,34.258912799198,-0.179767251276831,1.00799934051315,1,0.537951597474444,0.559364151469265,0.238953119415347,0.554531166773853,1.25409703074962,0.611873889644673,1.15167076733829,0.646965634296002,1.11686878507077,0.59372136504146,-0.0272698604213718,0.658533244762649
2.58561862034385,0.871303144378767,18.600856246828,10.05230089312,0.830598668453908,0.27146694998826,1,-0.452771322469771,1.25415785314473,0.762530684680962,1.00201917240464,0.865679713705362,0.957143804918586,0.860834447257847,0.463476899581776,0.951833857636304,0.248903195662038,0.617225969073606,0.347440352300304
1.80576872560875,1.0835473940023,45.5491250877142,30.0423257799279,0.354267358536879,2.69237517663989,1,0.382373208264888,0.891277240708816,0.675038738834761,0.367959095232444,1.71639011922571,0.306758433981883,0.274494369351944,0.624699067533223,1.59254020522379,0.502150777919591,0.130471769991732,0.890861336735335
0.379671673134738,0.639857220287072,19.3771555574005,12.5265708052565,-0.0160444494729424,1.08227469188675,1,-0.211512222150086,0.842730678202744,1.09413113172784,0.243540733157877,0.423030646824991,0.425744105916942,0.0930278758150793,0.523033812563957,1.10546512299169,0.483125262524546,0.804813554056254,0.496924973397828
2.78806734237475,1.59899099905628,40.4201726146476,45.5225763782646,-0.495727352048062,0.443910375603965,1,-0.0512310723314435,1.34035330423179,1.34117235415705,0.618771126890231,0.989220137256567,0.781080672658939,1.60982797652306,0.57862179079586,1.04636260546209,0.52113469357816,1.01549423205972,0.906905014172425
1.86250913206207,0.578436741938741,11.8956528344169,4.87049151274829,0.640677965295462,0.650718226016768,1,-0.160243389485534,0.603789350732023,0.859835261712482,0.235340209341644,0.25250949298268,0.345693830199692,0.806900595866447,0.252312056010899,0.902441541593973,0.271728768298107,-0.274739912680727,0.606078501846845
1.29440018856586,0.576035995892384,11.9516020566181,6.6484626003764,0.354366835373314,1.49782934079903,1,-0.516255688148798,0.601357466555803,1.07761457099979,0.313858109485589,0.794722812915794,0.303512607796752,0.46652583169625,0.469537699636545,0.965778888506114,0.482633192660398,1.10446067863585,0.43605672876191
1.3073880183505,0.836338142723104,31.2167632831582,20.889812377634,0.435044521639413,1.96815773409604,1,-0.437842658421934,1.29191695874597,1.07402214056896,0.3210796526458,0.852736344801258,0.564256233282,0.877448223652437,0.807420648391499,1.23665439156167,0.558906812606082,1.1055254288575,0.392805408527655
0.927424545360091,0.615189241173425,13.487567248335,7.54531225249844,-0.180347002496046,0.647043805699024,1,-0.477929334398546,1.01666638538052,1.1349635551075,0.289589648537777,0.168452294397535,0.33972573007357,0.613053486935951,0.438062683417001,0.397398988097321,0.711209040037677,0.000553598570358364,0.555678127943832
-0.232044219419542,0.605485834551492,14.8224014446264,9.33688686984585,-0.356235031746468,0.400830275826749,1,-1.54856543151489,1.07442743770882,0.926568067770973,0.342840861086841,0.528749186739731,0.301329652682859,0.99276997921278,0.476764195833672,0.441034815974256,0.629231018358058,0.17379040365638,0.677606230662998
1.09090318909815,0.477657024097298,7.43711993427603,3.91389850846207,0.591177712026207,0.690782014651005,1,-0.598642972197998,0.625835606218532,0.893247637407428,0.29260067259884,-0.0720246384528932,0.513437962877905,0.16402088894805,0.501956419048777,0.878018982781656,0.392434079365557,0.33524025088481,0.38992567220616
0.656894830130637,0.472988545565199,10.5968810142569,5.00789128313471,0.579381416996954,1.07626208359174,1,-0.779112384474162,0.818914102922166,0.544797612469908,0.304267326347683,0.761241780117338,0.291991497768301,0.649351955211985,0.365065102290719,0.293240925065512,0.375984877286271,0.364281073985112,0.418329415108047
1.09814566925601,0.642289481248549,16.5851912987203,11.6425584472567,0.128315929426944,1.19516749411534,1,-0.771918692999556,0.640275889035169,0.545925654447956,0.456407377477175,0.973155173862746,0.441612085287749,0.374398428975265,0.630365604179023,0.396504444553954,0.571713361941177,1.1070696020613,0.401512259695318
0.0353020566458411,0.656934324773952,20.1893470060416,14.5231113871783,0.324792748276723,1.16148429242472,1,-1.02210047555156,1.054529184329,0.900582781020255,0.445120408671632,0.215668058022206,0.362052873476228,0.750872390807305,0.592792386479963,1.06829734773074,0.346956225848011,-0.352011672807965,1.04488919111332
1.4680443538949,0.656261030416778,14.3950070053276,9.43015006416957,0.412316682519585,1.42490360489789,1,-0.681144897986459,0.767248015148219,0.406416428489933,0.336647013935258,0.868089012160279,0.419611442575355,0.422016420992604,0.572664256415284,0.850549574683146,0.286282959727072,0.767743287574007,0.594055463417918
0.581805128550094,0.51385012190266,11.3565094619518,9.27769627579772,-0.0338602179573694,0.962527419784055,1,-0.19895702523885,0.923256870269482,0.83649375193705,0.412919930319444,0.447111027501352,0.519807141314695,0.981873485540624,0.384924843497292,0.755841517741929,0.528866921779394,0.280431389478517,0.92396135024907
2.13062947905263,0.633688904419056,7.76485960075551,3.98214691832803,0.865501893730076,0.249151866598934,1,-0.347441608176267,0.858464897088664,0.811670153521816,0.339713568066713,0.632704282039585,0.356150250151435,0.751118030177751,0.266404542949629,0.204509704612337,0.25031866425758,-0.123191629812681,0.692510347204347
1.35101165936136,0.707373517697661,16.2545704420957,9.83707557765926,-0.42483961560974,0.38562603168332,1,0.661161378896144,1.01106814293562,0.579479849747396,0.38848290610072,0.793568717481404,0.31239170325387,0.867414953058979,0.427647796172859,0.858959062283981,0.456554683428158,1.27699119370328,0.3906617523795
1.33759695033985,0.584664705638731,14.6173989816317,9.07990946753818,0.390421282457226,1.37334517761779,1,0.352325306780448,0.878400047221209,0.774792760760387,0.349561647823577,0.40420749366383,0.25879526668491,0.2628530348753,0.44318330062405,1.02383648491999,0.414395436108042,0.146812109325641,0.681005309015569
3.35889584428773,1.29781460042026,30.7412000745622,27.21183131158,0.174585219580931,1.39578948667043,1,1.01582032078727,1.25803421956899,0.964051293603696,0.886047410550537,1.1051188255394,0.388218377435952,0.246858268825313,0.67177172202129,1.15175433875599,0.541637459806693,1.30999744106871,0.509703464604715
1.00453060020494,0.728490834921375,21.0510239185623,12.7851354373683,-0.00284925686448037,0.82148076691186,1,1.07815778557073,0.794977185939046,0.635926765078071,0.42802229799827,1.08105011389071,0.327884575616355,0.477452225596101,0.511651635272543,0.677433569192491,0.495662253131299,0.940833069020503,0.494459464220658
1.58367627803747,0.887516533330927,21.4308023177282,17.0873728757586,0.222244105794424,1.75232428630741,1,-0.540873595023951,1.88280034853594,0.945388778095226,0.426495170857128,0.775393948116809,0.400222107575761,0.810666307927139,0.569160343346384,0.773636639255821,0.69231275249156,0.442850009315233,0.529168671211439
2.11625653276052,0.94494371451179,17.7913418397798,14.0579853613789,-0.476586289333842,0.459041675865719,1,-0.472363710862621,1.04943674387791,1.15528678391324,0.357128567139857,0.831621886643879,0.387298569603966,0.916171884483605,0.676621949963159,1.18391777695316,0.393763032394183,1.22921377154805,0.404145885162846
0.998593052140243,0.89934982774995,20.5079608311315,19.4989942999076,0.327665740088206,2.06862496831656,1,-0.239154034648579,1.0604119861838,0.288282822033638,0.518089204895647,0.362718327759185,0.512302853040119,1.46042379056449,0.452396924867583,0.338039102645179,0.66442431372857,0.297962547814226,0.972505285996344
1.69771811811469,1.00143376386164,19.9743835465427,16.7662437655448,0.147114423352509,1.22295554039754,1,0.0160369970045521,1.49545362211419,1.15743852806972,0.546772107404997,0.312366879840942,0.427555185095966,0.893905927764616,0.448053741847895,0.775231700462522,0.586716395206436,0.324623719699117,0.763186016151809
2.27292018696067,0.915149945133476,14.6913620284306,10.0700114068261,0.552173775093276,1.73301670398786,1,0.426208092875513,0.91755422213717,0.426073084051721,0.576859009682726,0.664509477203518,0.431978576908811,0.580610747183346,0.45980679437069,1.08563119227398,0.397586403223293,0.706160532378045,0.505035880329277
0.899837895028235,0.756250567979582,24.7861973591928,16.5648463829889,0.0873541759623255,0.946981061135343,1,-1.12882102864117,0.798453454762806,0.808564709970558,0.312513368774408,1.15535968290145,0.376350878530383,0.639319799499866,0.547795885279478,0.384157398953902,0.666191859990446,0.982376095802066,0.344698269851697
1.51899468331668,0.836096377337244,10.9182974260252,10.3251744048276,0.128143042097249,1.11503292161145,1,-0.380140203383301,0.638824715922505,0.69517450275054,0.474299309077256,0.685189839096529,0.508520241885989,-0.12906327851381,0.670917858320452,1.17809625585526,0.557528675000181,-0.0393654310786703,0.520291690720647
1.13049436751734,0.659819159681311,12.768846117796,7.05305592705601,0.475513831128313,1.4889692720722,1,0.379681816338426,0.814302436746414,0.315704453686942,0.485483117361411,0.411344236409486,0.280229991799173,0.253270734101452,0.463010341745719,0.501034865524336,0.362244899366239,0.527895164466391,0.399589163538381
1.03555750809736,0.590505476143101,14.9668975608464,9.48823994777019,0.247504699179387,1.41985761209402,1,-0.349189597714059,0.81818092484084,0.572797696916322,0.403164015225366,1.08592096502018,0.455774119420094,0.603796898736927,0.344519483061072,0.61454068205036,0.667882732408374,0.763664383595605,0.55723570533779
1.1384634680404,0.565362873857568,10.6173954803726,5.88974317706167,-0.195679579042239,0.613732215309494,1,-0.243922530900225,0.487477334868887,0.772864342053294,0.286217182754274,0.691689540688823,0.35313548240672,0.387327192347659,0.510929569124274,0.306478063660716,0.553216200004768,0.592202330362681,0.370718660820618
1.30082597409489,0.680955455467041,16.6648174566994,13.7753784169132,0.578149484335676,0.865768068989916,1,0.861612945972555,1.09199097693854,0.590765922661513,0.696385766944307,0.48427384943246,0.314467448443626,0.761858343548642,0.539946858400698,0.314106610352811,0.529946249050476,1.01672976795233,0.36778420680444
0.418786754618954,1.06863905662023,58.1733396110445,72.3110935286483,-0.496206728887733,0.880118771125978,1,-0.230304949063484,0.737212591728425,0.847621793360962,0.590135239911033,1.20414420789683,0.741448863106754,0.983173152112687,0.834693103525429,1.15333621679025,0.837046665604532,0.893838387948398,0.752720302743237
0.500552590396903,1.10391742451007,58.6973285097781,51.0418846232028,0.629656754423137,3.12764462632893,1,-1.69175343938535,1.4670643763785,0.821092377729842,0.545817921888537,1.5518065888019,0.488942301065312,0.742476193884492,0.77510773115144,0.894936176063504,0.784941118760561,0.648449893563523,0.865589704883342
0.834395212184662,0.391098669512162,5.47567257432624,2.90533444665051,0.208262091275783,0.857976847750435,1,0.0965063936201296,0.53713712490812,0.37360535544813,0.411623081598599,0.548941780100903,0.394917224485463,0.547152781410169,0.319975366987049,0.913217543008818,0.262998355114815,-0.497522627640086,0.645015600767837
1.50138570552326,1.14042177064076,57.0358312638575,48.5951255536243,-0.104473765307653,1.24614589597689,1,0.671030605171441,1.79003329544041,1.40659270247995,0.511544007540049,1.46865873949463,0.485907767846373,-0.0803880592215319,1.02376848364637,1.89311013694854,0.473709048928436,1.1302341943567,0.531573097540989
2.79688189974616,0.873077330089953,19.717484977053,11.1520619027324,0.209006843891543,1.25306964897457,1,0.509914599598171,1.04891342665212,0.462171548748771,0.59213013557348,0.931201952637825,0.267072534664459,1.11560285906342,0.317655709511735,0.742822971531232,0.409592025870769,1.10922070948231,0.374389339981184
1.40470628578069,0.66708891198229,9.42826630487036,5.98629385848881,0.299494692075823,0.914555583950375,1,-0.331540767142775,0.799517694387737,0.210996322296887,0.424994206344177,0.254989892988352,0.473040730409042,0.722710966951872,0.374968551215179,0.872974439782321,0.447257567298819,0.392409301387389,0.383034975152749
1.57835529585736,0.70299273887918,13.3929469080674,9.14304733870389,-0.260274157454039,0.618189145744468,1,-0.286936496927149,0.950232951599637,0.480887921674925,0.471334549808855,0.434383143057161,0.431136570343073,1.09293947920316,0.407018698588902,0.645168428632642,0.505626755437416,0.583899404476567,0.411028303841562
1.56325457448152,0.729147698577516,11.4304353182058,9.91110364357095,0.373146999425106,0.954025120233308,1,-0.187462487856439,0.772581296102174,0.672651125831656,0.525780296620231,0.196382049747331,0.454401004035816,0.850353535340191,0.495580847732784,0.375374446590665,0.505278207351107,0.122763984938196,0.495302375963673
1.99526442859378,1.12029056587586,14.9834233313307,15.2781092655369,-0.426684524945264,0.605566783713115,1,0.52586672397933,0.9754542752792,0.872538568825409,0.472066737112551,0.809394919703595,0.571784810038188,0.279061708441249,0.886625186279975,1.13798405268848,0.619472398510536,0.958773538856339,0.537535826615712
1.4597985387465,0.630260615892685,10.3015030783598,6.95286792079389,0.425955693016878,1.32033767759154,1,0.152019081133391,0.643235367271867,0.64628875124808,0.335864170183985,0.850827495417281,0.447887309624705,0.522890898886816,0.607847124954967,0.845317535244512,0.354775389649944,0.199432164770756,0.35547019109025
1.21891683879483,0.524114792226077,11.8161076396674,7.41470377767807,0.477456912089932,1.01828734107868,1,-0.0798189068295798,0.540902598608858,0.527173253419194,0.355411893571493,0.382396795269458,0.613456923358309,0.621418396725675,0.604703922893473,0.589130755126844,0.272665621260994,0.820769474284897,0.501766434991411
1.97865316152245,0.717698682820723,13.7793682266068,7.96515446631332,0.452880876174664,1.08864169492026,1,-0.366599614107184,0.780957223209053,0.82825543466386,0.365740969497064,0.770527268471405,0.309146481945138,0.689835997520513,0.310291028442522,1.03565639794715,0.381689999861252,0.867525749178297,0.407604207552844
2.52977626853135,0.891375493920442,15.2024027995988,9.80829983445199,0.592305998241439,1.85526576615461,1,1.27159097828724,0.929031260482769,0.845724909702212,0.450353929360022,0.402998600250454,0.337639673476794,0.319970631431913,0.28578844724515,1.46284045166451,0.428720043486451,0.602534100350323,0.482898173767685
1.5440668429527,0.987659115895371,34.3251058847979,29.0303049386448,-0.0421357614466947,1.16837961589248,1,0.138900751750162,1.66350842889192,0.93193841141498,0.404983353320796,0.576576870557124,0.793788191185425,1.30976671976583,0.503345811661914,0.954124380964997,0.331716585207398,1.06131499440215,0.566656159644658
0.941731564628574,0.727418850648064,24.6938526843937,14.5381178706459,-0.182457261151618,0.688818104116257,1,-0.610102578547895,1.29650891484542,0.723791122472413,0.498235712481329,1.03988337152759,0.523451000720903,0.465130326340332,0.590744534324302,1.04310707112663,0.414144530058814,0.370490926583732,0.41471120614119
1.23170600396042,0.853591653223746,16.9698988091374,16.1708836060104,0.00384238895609175,0.89938501310499,1,-1.19797681602502,1.47923242679721,1.28776448394625,0.524307939340614,0.482808624274713,0.609950758368104,0.611626301186158,0.69705372863595,0.816785165849744,0.484370992270882,-0.013032990598161,0.738228350565837
0.859484168374085,0.942992137090055,28.635021234985,31.5436968291269,0.188047178463444,1.39438147846309,1,0.478000664832786,1.14264659926179,0.840222582437688,0.588131569452149,0.86251516930578,0.586121445978342,0.816140237794176,0.471392493459547,0.470855002237448,0.831842558293927,1.18021076538668,0.626477133004084
1.18483618478229,0.742801248183044,24.1078067110187,13.4573254332616,0.817108317043277,0.395661333303197,1,-1.13920541162179,1.25179518158044,0.946906294005002,0.513399797612534,0.681801361254771,0.49749283819545,0.912231269077559,0.419399635755216,0.744622806367185,0.410716398290639,0.677088344515167,0.353918078001153
1.42629827240788,0.926546656830845,29.4219105469643,26.1826295894143,-0.676945413141633,0.271631439483649,1,0.290324486345093,1.08371527446576,1.0241495497872,0.412038296350782,1.13075721640472,0.584390502010961,1.16395990149453,0.486964179487789,1.81646777061508,0.49092370761747,0.152542340234589,0.959839677989564
1.0589499637251,0.713184576304059,14.0440738958095,9.34476071502397,0.770041212021942,0.697227427948979,1,0.694440605869324,1.16602995256141,0.689679265155159,0.623851077264641,0.787046022846099,0.512560630408028,0.695123073143663,0.340330410259192,-0.172382014551398,0.688329115914353,1.12165716812792,0.320485628171146
0.838039288517967,0.727825486745711,24.097614560044,14.8300876939344,-0.0758157219021818,0.737688454739025,1,-0.149285422691902,1.349385795749,0.828039141938802,0.352021254577402,0.855847833326628,0.499275837251379,0.58348924047993,0.430750855781982,0.758311603942067,0.361611637501927,1.03477326856364,0.408039170190128
2.78308005015787,2.23239162608757,58.017014519582,84.6501900779357,-0.683172304861962,0.421793035456359,1,-0.303181243636309,0.715359165229585,1.27930085759474,0.795565680122673,1.3066278018485,0.879453579629555,0.887091639717341,0.842030625631644,0.689536193335107,1.02605364724738,1.86793073982775,0.772511633106885
1.09066908129299,0.547733248544782,9.49244855786033,6.32417416259565,0.799588341159649,0.34174020785997,1,-0.75265681360881,0.954796527657304,1.13129998485651,0.448107334987855,0.536518578143106,0.365541420146579,0.317516324923818,0.463294408751526,0.687506467986215,0.493793664316879,0.272395241512594,0.792963564083194
1.01313086171056,0.936577149750747,12.4444215383502,13.9837780681732,-0.254634720575337,1.06025505926236,1,-0.456087678280386,1.12897380346305,0.669973926099132,0.607097738787179,0.654829551131683,0.423915700845259,0.846211309699987,0.803094535614337,-0.663015918643114,0.79026694335461,0.348735027596507,0.704298213774082
1.59704895266322,1.08980990967293,34.4345950921091,30.7097037710598,-0.23253853748517,1.30831934298019,1,-0.997398851521322,0.977146108767219,1.24590373890123,0.423945728535132,1.35694382222944,0.43804621051821,0.906211513715259,0.604840670508826,0.914335071587889,0.712419028092231,1.00708915907988,0.463019762448689
2.27014968276053,1.10222600703325,36.5385222735416,23.7752203720583,0.662372244286119,1.94821378546302,1,-0.181812027502317,0.917473920971963,0.981331922020395,0.527959321697754,0.770583938075455,0.30373181377494,0.980986617164072,0.362232778212833,0.570603559020876,0.511047730441635,1.19351403404535,0.434145516907349
1.59515048140969,0.639079142499588,9.55948789794735,5.93952805570714,0.460327921198787,1.3831676776378,1,0.551815568024061,0.965644095960964,0.465671052488202,0.38003231718699,0.00724384711127707,0.49279250723976,0.951549246687974,0.242009720679407,0.77039261138563,0.52741370990474,0.60507343913359,0.505493682122811
1.57652129038748,0.776139936021375,23.4432745042277,11.963580744685,0.489484076346107,1.0191691955306,1,-0.0146319072136277,0.772500841014492,1.23695122098583,0.295373895381518,0.497963141099784,0.382890055585059,1.14452962215164,0.334643503702031,0.867300847577039,0.441453241678128,1.00270497145302,0.422200394035347
1.18849974324163,0.613035826595884,15.0558351083313,10.5842844826328,0.659827592622455,1.18275062272575,1,-0.544055706433443,0.985460478280102,0.945930569004469,0.570414223396971,0.557547074456313,0.348594465435918,1.05087979722637,0.424977965439941,0.706970419451321,0.47622568557288,0.778140798886775,0.597830170809575
1.55838231631064,0.835237208518621,21.8254016786449,18.2450352622779,-0.0672117145613405,0.779236663334307,1,-0.514473539080649,0.978944981684182,0.579347771467064,0.507808852799606,1.06132027654944,0.562245101521982,1.21694480495864,0.528404010443104,0.695765695250746,0.603698296464274,-0.0481750355472988,0.985651671738189
1.43081734466124,1.05565992279672,30.3151528693217,36.5738142787002,-0.558183699229515,0.602612985100789,1,0.776819238104896,0.735327369719247,0.833030108463698,0.776644804002347,1.05953196139807,0.696949870803136,0.665015185067395,0.801987877794712,0.839359495042334,0.628735732671401,0.375180497508808,1.14549260982159
1.26057635525177,0.778332681522339,16.1622165968956,12.3650350243774,-0.542371883763586,0.366437416321997,1,0.0425934502222451,0.9933601440766,1.04964821215467,0.470645553537317,1.10665696112867,0.406716959070825,0.801282415570589,0.629834584103557,0.289528323617619,0.736735379815836,-0.0155712923870248,0.846790645266466
1.21377670627274,0.453047362584167,6.43051637708801,3.20371097547745,0.634351977596636,0.538550732841647,1,0.0196782817697407,0.554530623267065,0.434598677937357,0.298201528584465,0.335047558307388,0.320463529006435,0.351420669576535,0.538721684439971,0.582696259825054,0.291292237615707,0.39990267635431,0.373902982797398
1.01270105537065,0.63033406548918,12.8853855314559,9.49880252219422,-0.00713821701001125,0.789690468149448,1,-0.724437378394082,0.795293175439227,0.763809670591102,0.432906925624526,0.854321920187762,0.412009540254023,0.229836416683999,0.435903539341771,1.16162952904742,0.539006447636731,-0.462919103193346,0.785212419601302
1.35592656432784,0.572630504305419,9.81769172892324,6.54412446794737,0.282432871142871,1.49022766763919,1,0.499304961555005,1.04600729681754,0.333530657202601,0.569549656381198,0.607405658301681,0.411124519866773,0.735517752558026,0.44955606298846,0.340175260042704,0.601281289126742,0.648407800536788,0.572411405032654
1.81986996157313,1.12115169950293,39.049383497265,34.4273688895414,0.9153968533506,0.127899352732788,1,0.815005306065926,1.31413711876528,1.02066271643426,0.666459140988198,0.699882706322369,0.511862648377654,1.09449416738309,0.38282594225401,0.660034322085993,0.602240755118738,1.09829926970793,0.586223599950586
1.68031321812671,0.82000227773248,19.4208111457598,15.4765043835091,-0.147883841223171,0.786386368757456,1,-0.617333385042703,1.32456273662542,1.34239517696534,0.547158106311643,0.849276474891588,0.367948334544692,0.966667476281832,0.445265913022953,0.82221276488263,0.499102531113883,1.42848639709533,0.573702894034516
1.77430326910668,1.10930531932714,37.6120286417932,31.4023812616895,0.301562509450365,1.21102124738463,1,0.369255842337013,1.56871056157971,0.174483093351766,1.02225105780245,1.62818643727867,0.488046875832022,0.692491810338301,0.435056346327701,1.36799096759749,0.506547488851199,0.850008551561809,0.475588868421609
1.13623676003264,0.660629643819994,20.9445456033613,13.4377207752253,0.418842065795345,1.93419725132308,1,0.56027920944904,0.75016223526605,0.566571297035205,0.394342898569184,0.617486769217946,0.384559623809001,1.43669545535784,0.417914267281816,0.375343103153449,0.615150415037352,0.912867151496758,0.526639889565503
0.0850010804416674,0.793014218374469,25.4543305140478,19.6069984634437,0.687423916877053,0.881663380516964,1,-0.494544140416194,1.20124091654229,0.962462594939427,0.492904787099599,0.618247528866981,0.536221550288017,1.14359734766781,0.574938705055485,-1.20593452310934,1.08785253088026,0.472596461528287,0.508058962042295
0.67034897073971,0.555159110035645,13.6124209051647,10.4419096304649,-0.280352550816804,0.493628389354175,1,-0.442291110284371,0.805371250621011,0.453468566244895,0.380849788991148,0.482197950811469,0.35761604530545,0.543271281450349,0.471420692012687,0.805186369564718,0.583264100846869,0.270769014819926,0.487226863546837
2.07743122977528,1.16587641732186,36.2565370598568,33.2405078343971,0.0981418450652312,2.24850934978434,1,0.0731124368183818,1.00743577832108,0.88335732242107,0.485618486315189,0.045077456312237,0.940940673752483,1.44855025797341,0.492531207138263,0.55985927031925,0.847052665581925,0.557559601061286,0.701453280996116
0.992792913565703,0.615299243191185,15.6812275752352,8.50232901878928,0.804726635506234,0.301747370755213,1,0.26793596043361,0.808672171486998,0.87534116950608,0.413877029467382,0.710782719892755,0.255281905114919,0.420438538312578,0.380724236369381,0.654435661095363,0.517706961713532,0.762087836495784,0.34400354622988
0.984311809310662,0.586956622926163,11.2002170100587,5.46310744307577,0.537207335642949,1.07625564549221,1,0.226760967391463,1.16532301748192,0.863083224048978,0.278185236977042,0.294103730261107,0.612202338742868,0.354279382831628,0.408637887623719,0.764416472473743,0.313659273753212,0.862853979608969,0.31956223812812
2.14644592578082,1.1230833429493,29.8405102177955,23.262974176713,0.395701258417558,2.14157625225868,1,0.848022912715594,1.00903340781594,0.704385523972331,0.317175558498243,0.59215677162928,0.537572496713143,1.89853204170112,0.392346012334841,0.897115665624113,0.628058523849136,1.44074672089791,0.481529936251404
2.42275107062708,1.77257068250712,64.0972457842139,82.8390418375454,0.431506331217339,2.74991455954542,1,-1.14308313853257,1.25601536394876,1.31541580298913,0.589914419363238,-0.0506636961452397,1.03893522487525,1.25941648715193,0.766971414847462,1.66116893540287,0.668752507683873,0.85629960508361,0.935860298186904
0.73190939993716,0.486963859090199,8.43300480606872,5.54929688704023,0.254111447419274,1.19233097256564,1,-0.330414283559271,0.767340045432189,0.537745272850143,0.413136708910825,0.161887812181219,0.403075738760698,0.660807314805479,0.510644930639996,0.299570827170944,0.4761851301825,0.727096371837375,0.316937820115971
2.01335941558982,0.72399414810751,15.5501917170451,8.33858026683686,0.750735502266673,0.523267048662972,1,1.68902767139344,0.930506601181035,0.340349584878378,0.380935397902508,1.33529933036921,0.295104989728298,0.673874354167367,0.434093898990151,1.19241371294499,0.352529634641958,0.856416506015711,0.505472135697866
3.92612350294609,1.82802763251856,46.8132202692225,46.9012349315947,0.577951513351709,3.19995601946355,1,2.56799676091768,1.62483113307803,1.01408041649394,0.580850885426813,0.809309638179062,0.545362273791504,1.33091290192904,0.575860126675905,1.31397623673323,0.62151879215231,1.46589413491601,0.657237181101166
1.10685576796363,0.685884507413766,18.7781539534531,13.3524286439326,0.420910351606144,1.2553016793062,1,0.618894001380426,0.797616069297119,0.688106553232712,0.432723129523857,0.761723933915432,0.354936775329035,0.152951875766102,0.406336685101905,0.837533055926612,0.59378393101322,0.670074053104672,0.562840970332692
0.346825642693293,0.564131407254688,16.0599381393906,13.3355802350406,0.453880368584466,2.07676585810764,1,0.554839081213893,0.692507830042952,0.539192936804669,0.452129976047061,0.729982123493886,0.351398271157744,0.659230206703752,0.65926651907875,0.512311727883746,0.675073952180713,1.03758410084681,0.432925633651535
2.0927988277012,1.43884746989161,43.4464127293712,40.4697364117194,0.522345126905313,2.0448485264383,1,-0.972114845524121,0.93922583870915,0.984672064792731,0.269186115724953,1.3634076987669,0.51703635204881,1.2132740964979,0.60744549410228,0.512795801618942,1.05364547281617,1.62039987782029,0.626914550625023
2.52372041979057,0.750487877542011,14.5645149648774,7.93198033985788,0.0661381308825565,0.857160239002533,1,-0.368572517375233,0.644137627513523,1.02049221217232,0.317205982563909,0.674402398589272,0.463674434480956,1.1164071922852,0.273896229377398,0.865273976253765,0.36683139038538,0.766697034030663,0.412400968697623
0.799948572049718,0.53891800438199,10.94470085731,6.20409397586959,0.766932033350318,0.436890570214924,1,-0.640943299247304,1.03541255110231,0.901186296833782,0.208812256235657,0.197092432990303,0.700587058017953,0.870503182181566,0.393446612165065,0.815076408332337,0.385990870200161,-0.0290246043762639,0.531436485917949
0.806536429035499,0.737950544445779,17.8354363090967,12.1211487528942,0.403766620209496,1.58783503823224,1,0.291253873527564,1.53832331417088,0.852547129222208,0.347118042900088,-0.223442240784945,0.786911935843418,-0.0990155828129768,0.775985536324246,0.387864074831007,0.507694050221168,0.844115569995917,0.499013773459648
2.66508801409061,1.20312839907742,25.8490229272125,20.3200721106066,0.0251840908271075,0.90503576477157,1,0.00241968713269852,0.833026699656162,0.926894132158475,0.382650634283399,0.928695625937769,0.481854627645626,1.42313501421636,0.488959057881133,0.617395493215029,0.685326032082208,1.02362802972099,0.572165572272003
1.30945606640273,0.55363478167301,10.5590563174067,6.45961468970235,0.704621432231686,0.615035658080265,1,-0.526144174989191,0.610843921703159,0.253582655090488,0.422884847969629,1.23833977480528,0.315162016900258,0.853777627803049,0.387977060757924,0.546433246332281,0.427457170423619,1.10119684891157,0.398720591609759
1.90943578576001,1.00838536452619,23.9161779556432,20.9005637358502,-0.493338221826102,0.550106955150577,1,0.176406397088931,0.753346615960544,0.877214282091391,0.433952696421578,1.18373160910115,0.425840882847866,0.956384168395702,0.559483428547824,-0.0908593494346102,0.872123944251663,0.912109620204435,0.611792104621835
1.39173107632287,1.04926307136678,38.7001471307062,26.5743257200075,0.385789260556388,2.98645715579301,1,-0.687323972693081,1.81547591788505,0.973727936327555,0.528516378187624,0.642323466425237,0.493292764717574,1.41830108628007,0.473344627817429,1.14992975720476,0.496962940902554,0.860362470041132,0.400969050651567
1.56750584134569,0.535227184408465,9.74564229581085,4.83795913255405,0.546575458886744,0.830913835537864,1,0.192860762621836,0.550709810812614,0.99559828347586,0.246981535192352,0.278910860271405,0.4277088890906,0.446755090495906,0.421734838938169,0.954304914526781,0.427600153041427,0.429551815890352,0.440018012356963
0.942610164212685,0.712464459910758,23.8689036537651,19.2400168841418,-0.517675620587374,0.48893205121042,1,-0.369401228349068,0.749323812106234,0.867133030244675,0.418331322258114,0.816163856799929,0.540143691894858,0.458281961208692,0.58240287438153,0.667544607081234,0.579113158112772,1.16392126785565,0.526284833679464
2.28580577642222,0.873459592781935,24.8149027347954,15.6791661284169,0.493259509614652,2.12743116666288,1,1.20498437056473,0.882943947960684,0.828699781930866,0.425814801090443,0.513731195665015,0.388678721448779,0.88187553859901,0.543336648724452,1.08323381353348,0.402665960799411,0.349151663745756,0.568073444172992
2.05855835924107,0.773789141987407,14.7317796260591,9.51372189419138,0.630682662063504,1.53342079038954,1,-0.580505630940124,1.15934786808805,1.04226103340808,0.475272208617986,0.542132499332077,0.575394170033184,1.21123291667326,0.508098713363527,0.716806930426417,0.526446327043822,-0.476318735769154,0.769893544966968
1.31154550085,0.763881233438817,18.9441397533594,11.8012288760316,-0.253597105287208,0.744411405810675,1,0.151694405200614,0.892520471069844,0.504976451124296,0.608714971670955,0.679066637655504,0.419031468706467,0.0585355673286185,0.562658396715901,0.924551461001996,0.368122791091383,0.642676529659948,0.412463190166642
2.10898716800418,1.70272284024393,55.8946853535777,59.1872215506532,0.166410488063773,2.47731968333998,1,-0.725718760717078,1.61900690356769,1.55723591589639,0.496786838618005,1.05301563654965,0.650603460486486,1.25767263591373,0.588235623993305,0.626248640865276,0.766746204810208,1.46143305476436,0.613474486861319
0.854123313900044,0.563728358691657,12.7918238814452,7.44173950967275,0.174518521662717,0.815809597263149,1,-0.537862798211431,0.882498627436676,0.87861511570516,0.364979499595533,0.478959757011619,0.403371006938805,0.482703339614641,0.413512276384548,0.821820857752704,0.490425568513307,0.907179643104214,0.395923434857936
1.75019840570059,0.974324618151672,16.6503321024935,14.8861746695413,-0.573996140783824,0.379584496013123,1,-0.456687348721526,0.859885981089408,0.985718883976065,0.398676362008872,0.959823185843513,0.524036969929662,1.03135330823336,0.504814413675513,0.991100308208915,0.488556827873043,0.666728985489757,0.628487654067172
1.4687203873933,0.955110987206146,21.0145960128207,23.4743951191903,-0.306481750986728,0.966747833494839,1,-0.583804079685895,1.3117986061986,0.763176234200125,0.606671290086172,0.761431162481722,0.697640384931775,1.19742054704041,0.813407672722446,0.780292101200999,0.632240189108092,1.46162641668834,0.450170513316438
1.06462413320178,0.643179379398359,10.769115102392,6.0528277995468,0.227761022553891,0.918219109179241,1,0.331567566966431,0.947098424923461,0.582534257155363,0.318115503128793,0.75701270841646,0.325049596933699,0.814387036569354,0.305641740098644,0.815868359226156,0.424361612656789,0.206610643129502,0.480744926959503
3.18470696675287,4.99668075995418,181.337601233662,485.768720702565,-0.877818341288564,0.300939593227559,1,2.46839835304983,5.70212096067456,1.73957663604047,1.24086293878531,1.93326798239073,1.64783687748789,2.00886275689844,1.3086868361464,1.98439729880512,1.43425860117064,1.79530541525904,1.36498278412343
1.85259508630541,0.575038075657943,10.8248736093275,5.03859297086028,0.292656622712074,1.71722002347773,1,0.603496818581421,0.808449361001701,0.44504050700587,0.308759794366688,0.426822312283732,0.30735068131651,1.09323009115905,0.27382209292016,0.486763419740058,0.444071562804928,0.859147337926854,0.31061328392874
1.92862626613473,0.930613477057547,19.481878217861,15.9036849570296,-0.00680475954139282,0.923120785122248,1,0.519142637822002,0.825177820647365,0.847720984994932,0.522139077398166,0.931904153152613,0.421881133280379,0.66936384912347,0.614800318288997,1.0895664812966,0.425118481694199,0.899367196476055,0.539144161661478
1.49572234394673,0.737513456903393,14.571755001495,10.5206465318725,0.15496448064862,0.754938057576428,1,0.510295962470512,0.472519872311683,0.645751114614682,0.334312758878879,0.804807817963005,0.56812285641361,0.605785287510986,0.760415189649315,0.954793968864937,0.57703130466639,-0.31027669689896,0.814594523840462
1.78455090034599,0.938292013006072,25.0182338410338,18.4446741603761,0.927661024630479,0.113615594960939,1,0.733906058489413,1.12707698329465,0.396165974843551,0.45880810700811,1.01341521714137,0.415753528279194,0.732025328602455,0.630667367885605,0.63517247202617,0.547165328022716,0.5598719824031,0.47905065599733
1.78827785409679,0.769683193955073,26.5650900738349,14.2927546704695,0.867695497473158,0.216092736754219,1,0.499927413210749,1.06537667481627,0.839327557175465,0.307774815309881,0.805344952921305,0.487567894757152,1.03360156912079,0.258743603673732,1.27070917788765,0.475348002235016,1.26686153464529,0.36893259776881
2.03031215085212,0.808055587883596,22.0483601004838,13.6213980387972,-0.488187252490735,0.270133620397356,1,1.57428502844363,0.801446864773689,0.93843727276644,0.355741887265914,0.508009337483879,0.495816119561938,1.03786062075856,0.430789713571131,0.751280285376356,0.489642762606657,1.05582140345535,0.490420089875576
3.28989902484879,1.4238679419978,32.1655230284032,22.9406304283777,0.839846498732948,0.327895003673191,1,0.213084512708415,1.01368161529782,1.32781696019173,0.408913754564739,1.05615672202312,0.386075771251507,1.1330026882321,0.525252270020197,1.34232271694704,0.323741631313068,1.10147606693454,0.602745434998889
1.57113513374351,0.774205635427993,26.0874178138208,17.6503383217833,-0.299096656099964,0.601116941384395,1,-0.989854091199534,0.77118532064222,0.976646241500201,0.300263236965386,0.947029564858651,0.392852246362213,0.918887232105551,0.599895826808669,0.488605694877787,0.819515585430081,0.805515862717657,0.456390556647063
1.45978970246303,0.715216991788969,11.6021075110085,8.27698867818869,0.449563447453226,1.03026303922017,1,-0.141019994888298,1.18404814513062,0.633513806665939,0.489755628855385,0.627623109951775,0.643686098403112,0.282160542104444,0.594774552743383,0.694506880178065,0.506344112640581,0.752598067446643,0.344724567027621
3.67371770279576,2.47736500555235,52.5751450237043,58.6701874501528,-0.464397418292728,0.853803392956164,1,3.38639943341504,3.7791142396029,0.425601044561243,0.953114377638776,0.953881282673897,0.642071107695977,1.41498728231981,0.624895420649306,1.02833556288297,0.656222886912487,1.52748267739946,0.579402284527229
2.0083536667795,0.719985761892277,10.2922699707874,6.09330091654566,0.864069602233033,0.247627483722446,1,0.113059547269718,0.936498922656933,0.181581368277842,0.372362554241411,0.501228997350942,0.247460278144768,0.730967106918379,0.449875360788815,0.300020406007658,0.50039664773069,0.329677821501397,0.345812277761442
1.2160015967573,0.896209572533866,22.6023058324226,23.222621852694,0.177384595971619,1.25379688262809,1,1.49519570509096,1.22034297215726,0.440108167345268,0.623481648551415,0.773795127217119,0.682902696016341,0.820536960197109,0.434948160716853,1.23321453996224,0.751980788202088,-0.784735923499753,1.47936293349214
1.33003608049813,0.91015860219946,28.9307857314541,19.0653807343281,-0.481813601434583,0.486369825991103,1,0.135649681234488,1.81642599169905,0.401323095232728,0.832659955156625,1.22135057852593,0.357123031447737,0.804476716427523,0.396453557269345,0.438770311852426,0.430914936125629,0.88566409364979,0.476348468319607
2.21175770552297,0.97781604281673,33.737613264417,19.7289200295272,0.56474395540131,1.42790007830994,1,-0.767193105375947,1.1968487211747,1.01849335058519,0.390552282312688,0.665935611429669,0.37009493999793,1.41037732972233,0.395900493939271,1.23571798123533,0.461441053553081,1.2549758991072,0.529348769951875
1.94170732689031,1.30497955431584,29.8194798344406,29.3251188402628,-0.48737594803155,0.585707139336272,1,-0.2524878721978,0.889253476973691,0.854829507233412,0.392318440291847,0.646900484528802,0.454444714294489,1.19299453038373,0.655339836977175,1.02809790123651,0.92725549361615,1.22214652438477,0.604929155581432
1.72329037929502,0.677709702740615,12.8768407573175,8.18608020298812,0.206740537869893,0.805079336597414,1,-0.755416864931753,0.594212699725963,0.350213800155128,0.522974488508441,1.22001020964654,0.368474414195864,0.780816770575641,0.391394867067697,0.679990164112995,0.380186131922837,0.723061365655026,0.407816300932787
1.50346055099529,0.507916699314198,7.01053177415495,3.46228222821096,0.374987813412929,0.996114433862064,1,-0.280047448947928,0.562675513414006,0.42638979754126,0.274760100466327,0.667769292292104,0.276892710414692,0.657720373030235,0.265735206065482,0.334744216711935,0.32373538323773,0.714273178444131,0.343903246277443
0.592465665639269,0.475882405100067,10.6212570166749,5.4256329816616,0.653785675042652,0.626854172889878,1,-0.401686516244041,0.791807446271697,0.826297540503007,0.334865455566229,0.445598436879454,0.350828746928072,0.0825327823344116,0.420476020178594,0.518367696310038,0.379359692995968,0.628932721964553,0.530500781053055
3.0263304286523,1.29378842512264,19.7029967979155,15.7480544957461,0.842811829309875,0.444610642848713,1,2.18957696300305,1.22820540536749,0.888365764363376,0.459569615399255,0.772661681256162,0.389384320640542,0.621295327652957,0.705247149227582,1.23381357067211,0.572756443584203,0.923583007290765,0.582393348626956
1.35984922747308,0.546562953006338,13.2462030874022,6.07558838944869,0.306654789198487,0.721864566718267,1,-0.15542318447631,0.74027536551321,0.520071522575953,0.485985320802786,0.738154338716702,0.237639825975164,0.715180839281576,0.27919041751702,0.482469996059215,0.519166846322416,1.01503333657336,0.395097512825126
1.80824977082482,0.946272900384447,22.3747722864761,20.4754125100628,-0.289873925990954,0.714661709522594,1,-0.169532975326504,0.665597044193501,0.800271994765617,0.66001252815075,0.674180244918503,0.435849951561086,1.10830685954333,0.538169800590963,0.981680572560486,0.574975455778895,1.07991305375341,0.453242722294768
0.902232728622606,0.597918641750024,12.8894633697341,7.88450597011966,0.709627464417481,0.460903678774997,1,-0.804801772493287,0.879779429086493,0.303654373763867,0.47140408010915,0.724484477334817,0.424605928221085,0.742516937171987,0.368220817679936,0.696084237533039,0.472734938799049,0.418839515140053,0.488441271255148
1.52310110789849,0.581481405560726,14.4467175911631,6.90759077831082,0.879001325357023,0.146555199065789,1,-0.620040952114737,0.895748921503507,0.914289630780817,0.364317272402188,0.968092765872196,0.351828420584494,0.59306733343757,0.326542558183419,0.922773202698285,0.300279363277834,0.70208448508879,0.284403805292499
0.632324281322555,0.680697462059669,18.7114820052157,16.7331017909535,-0.140965740234514,0.92056904348991,1,-0.359045504220783,0.962004788846275,0.782325510081748,0.415702818828616,1.00623658019905,0.585263366555647,0.314399591905369,0.594554973396273,0.907266944502295,0.500663523906175,0.495949534865374,0.537163651014791
0.576420810398928,0.842452516098849,28.4129658593925,32.640535508086,-0.00403858866376977,1.51749496861008,1,-0.948804805626624,0.906043656076723,0.798467192592192,0.461613197435449,1.40739868732473,0.67975623601486,0.318589436275256,0.790097835836401,0.973675279032827,0.882189256077672,0.953200388208432,0.601051298316236
1.8431868710085,0.87698644586261,12.454411453657,9.09217909899344,-0.522146695926838,0.345956238782644,1,1.43779532796087,1.4191177944626,0.728121576700373,0.388410574397878,0.572776327474663,0.622373761493124,0.636250034392977,0.415252255139609,1.15871793736798,0.473245075120667,1.08282503998812,0.339223645803565
