"beta","beta_sd","omega","omega_sd","rho","rho_sd","conv_code","tau1","tau1_sd","tau2","tau2_sd","tau3","tau3_sd","tau4","tau4_sd","tau5","tau5_sd","tau6","tau6_sd"
-0.00937559532138851,0.178025480707784,0.142232073139153,0.113081657081869,0.447658892485539,0.887726512181058,3,0.0804247941544976,0.602636162906172,0.373005676816118,0.261569191990099,0.746083686578652,0.305858676191562,2.79872028245939,1000.00018639144,0.693147180559945,1000,0.693147180559945,1000
0.0450586391250127,0.183888969186905,0.0463075146248456,0.0718869924479808,0.772711131750264,0.161346773450329,1,0.418776419301185,0.863581148479561,0.167960705692172,0.456771154230502,0.803874042715994,0.291029228191039,-0.193543396008283,0.4864637874688,2.02646873870026,1000.00000040461,0.693147180559945,1000
0.142898511149571,0.249140297975228,0.00534320315568361,0.135338327028991,0.932538510119571,0.0558243546555231,2,-0.0566892179665003,1.47297601130546,1.02080602824498,0.223555566668646,0.886313819840876,0.319485031178406,2.58345838924422,1000.00004351441,0.693147180559945,1000,0.693147180559945,1000
0.0379877570312963,0.327272761005395,0.275075854074586,0.413673831717175,0.8983327377991,0.0796166040847563,1,-0.148537398603706,1.10464364347627,0.642497915838403,0.30449090171154,0.700985172590236,0.408229072679121,0.440693194164942,0.344810616465046,2.23109194986923,1000.00005125216,0.693147180559945,1000
0.00747503012626688,0.189463224110019,0.0591747791108401,0.0874596199968562,0.7238134891468,0.186394672516365,1,-0.0832976732220949,0.859100270083889,0.491963875122217,0.202221827141085,0.702719109330365,0.232509473792655,0.176045643206253,1.19837314200198,2.29250500448252,999.999999999999,0.693147180559945,1000
-0.152227286501116,0.254022020334757,0.0784314307801162,0.0999517840553787,0.838555171980563,0.151299085977682,1,-0.126270624863435,1.09482908614326,0.685772757045116,0.277181152351122,0.622291608415515,0.291098400369538,2.47066630262684,1000.00307278151,0.693147180559945,1000,0.693147180559945,1000
-0.571326357491918,0.38162910190523,0.847839753459575,0.929537279673653,0.90720555245351,0.0932687071564681,1,-1.39996761268934,1.1281618233802,0.810808470198572,0.376088586935283,1.07793445807545,0.199883996012014,3.70529163954019,1000.00030230163,0.693147180559945,1000,0.693147180559945,1000
-0.578956452836114,0.214554975464179,2.06211823020233e-11,0.00908671898425255,0.880086005289101,0.0558684035490662,3,-1.98495716134687,0.961071822190462,0.499264306135167,0.267297092326133,0.865554817292208,0.250634709895973,2.5029523880363,1000.00016981394,0.693147180559945,1000,0.693147180559945,1000
-0.110810081354814,0.105424347720277,8.55651888518291e-12,0.00585629658298874,0.714816454583557,0.125433693037655,1,-0.172430711982809,0.548882514312961,0.209942854878979,0.268743917585787,0.239106410149227,0.318750944956761,0.000298166169787873,0.432280746299534,1.59806854937538,1000.00000056007,0.693147180559945,1000
-0.0334482868619825,0.239488774094087,0.0976773236635104,0.260639859032384,0.941177434236187,0.0432101554995874,3,-1.14464300946768,1.15158129869236,0.71545152440606,0.196818168576654,0.690244137015284,0.226722466307605,1.18474051326147,0.658125228388187,2.91563448900891,1000.00004184825,0.693147180559945,1000
-0.308244400000183,0.309744278650507,0.212652126362394,0.285836851018881,0.923001157913639,0.0853191968305427,3,-1.39506896433368,1.32781523304667,0.795470772201572,0.293765310649638,1.1870077707535,0.531968526960401,2.97837862953212,1000.00010746453,0.693147180559945,1000,0.693147180559945,1000
0.227426874030899,0.21409975565403,2.85548219140205e-11,0.0106999112697305,0.931897025522879,0.0517368783631047,3,0.261532095485779,1.12131867676446,0.562320561090404,0.381711529821728,1.00144076206306,0.383674052829324,2.75835909474577,1000.00007431561,0.693147180559945,1000,0.693147180559945,1000
0.32327673627006,0.27308660428555,0.263494235228453,0.286234482537428,0.903358485257623,0.108055650730868,1,0.782009530877155,1.15038045164246,0.609005612644985,0.352696410171187,0.73329139752749,0.232572912895043,0.923338353825033,0.252099496342628,2.41475849677019,1000.00003807519,0.693147180559945,1000
-0.255799555698551,0.162610636821315,1.45385180203312e-13,0.000762596673327212,0.856269134264951,0.0960172679860041,1,-0.921173849369939,0.857634062360328,0.583513083497641,0.245819894025018,0.631122732526372,0.316583055003044,1.9880818966193,1000.00000274627,0.693147180559945,1000,0.693147180559945,1000
0.13434533308944,0.168544573205034,2.33582284329976e-13,0.000966613248922776,0.831891674050178,0.0872619565087205,1,0.165323808362202,0.727811083325773,0.866869642611502,0.202355587180023,2.3334779704052,1000.00003970782,0.693147180559945,1000,0.693147180559945,1000,0.693147180559945,1000
0.142636642409908,0.185221725380878,0.109561064209628,0.107212707981046,0.693268524085168,0.246455555772997,1,-0.485721460487405,0.754457384482308,0.589550060379285,0.182782605116384,0.759218952921307,0.338516945200899,0.438568372250825,0.355328831888265,2.1710770835072,1000.00038423612,0.693147180559945,1000
-0.209138452237824,0.200407121520257,0.00881381246561994,0.149101617920701,0.958580339758385,0.0271636613154804,1,-1.573281237778,1.11221785988481,0.93223338910743,0.268567486818009,0.726237985024892,0.371089478753582,1.29263520422443,0.436192339812283,2.12257443066482,1000.0000000003,0.693147180559945,1000
0.0541864539215673,0.210553198081187,1.52924325829072e-13,0.000782118963604616,0.943636779468303,0.0287523735896691,1,0.798642291116795,1.17052041556567,0.771676459562274,0.213852777977916,0.470042000471957,0.520630939167977,0.782299586356187,0.572730055575917,2.51850022715055,1000.00036185247,0.693147180559945,1000
-0.302503908890698,0.29762666203365,0.398238410173432,0.398860049537079,0.838506270127514,0.182738776040881,1,-1.28950775618901,1.05594426175396,0.876673815557644,0.252322955320809,0.989926279414337,0.203540309709129,0.554826219461791,0.340931688407616,2.17856354480111,1000.00000953373,0.693147180559945,1000
-0.0151601254817443,0.212984553210166,0.134696429101893,0.133387456290039,0.816412446223248,0.195879085595419,3,-0.314487385703069,0.837231290724938,0.605137402458921,0.2795062337529,1.06808820159019,0.249219000335923,2.8802027527938,1000.00009066293,0.693147180559945,1000,0.693147180559945,1000
0.234605579218975,0.246163692845375,0.0568255980436809,0.176500620305723,0.930725748191076,0.0461321590478956,1,0.719185905069912,1.27280189818729,0.945132218070045,0.16893714818343,0.262642238456229,0.55822828573159,0.556410918461225,0.325556999665211,2.78449813702774,1000.00022238313,0.693147180559945,1000
0.00176351144025161,0.511696846991742,1.93598277728579,1.57073478857875,0.236585438178742,1.1761614672972,1,0.0883099164982169,1.19841374694239,0.44797868092242,0.35372678535763,1.36231435150207,0.501217290230476,2.14084213152291,0.643584835992461,4.74759762389641,1000.00000133178,0.693147180559945,1000
0.142718154123566,0.184446827601578,0.112841539588643,0.121974533459837,0.867511716228418,0.0968391812129587,1,1.01159874142721,0.771791346701076,0.5761594024968,0.296246574960854,0.821161145472913,0.387377922381334,0.469364179705906,0.416421593225344,0.442312105947229,0.202936490590106,2.21667487832251,1000.00002674277
-0.173143281283485,0.483532397900111,0.227744626618551,0.473456083451344,0.931193537995385,0.0518877873936893,1,1.12167328401398,1.5417728963276,0.90908752599853,0.354201248876463,3.13294117912883,1000.00025516311,0.693147180559945,1000,0.693147180559945,1000,0.693147180559945,1000
0.080973467055765,0.265492190817264,0.117354017661788,0.138546381047105,0.542446736919282,0.838901284110504,1,1.39130957034873,1.04167573152096,0.355108803943339,0.348526027529864,0.682193424434963,0.300849968314261,2.14237214492584,1000.00017242737,0.693147180559945,1000,0.693147180559945,1000
-0.210660095666276,0.145689228886011,4.49995764326109e-14,0.000424263123426565,0.81240079445232,0.069889588647118,1,-1.09658876036394,0.746192839678833,0.631346218780495,0.166879587805352,2.36256422397169,1000.00003243394,0.693147180559945,1000,0.693147180559945,1000,0.693147180559945,1000
-0.0491386113385474,0.166197446874776,0.143005029499765,0.117531059829483,0.24378083709626,0.790704095150478,1,-0.678567809155206,0.598869767172258,0.507625605946379,0.20722910010307,0.825932577785327,0.364844153250913,2.52875202168311,1000.00003831849,0.693147180559945,1000,0.693147180559945,1000
-0.274017331566579,0.233558767359875,0.210138957661264,0.28414123859535,0.812192265265592,0.131520284137506,1,-1.05801713673648,0.741551253253748,0.570318701020179,0.212396779216408,0.981882802597244,0.18902489804766,2.21138829468728,1000.00001453822,0.693147180559945,1000,0.693147180559945,1000
-0.045147436176083,0.179453805072814,2.8749418879311e-12,0.00339133656868511,0.881901640866707,0.0582841661131933,3,-0.336277583727825,0.85987651067883,0.886660283162621,0.210770365772608,-0.08649970024151,0.393650152210688,2.42610985180404,1000.00002800548,0.693147180559945,1000,0.693147180559945,1000
0.221586333959819,0.194026870719218,6.70641942163168e-15,0.000163785675766062,0.909143973565202,0.0466513524458955,1,0.883450953292043,0.862115528995777,0.793121234409887,0.217664433823378,0.367164284226617,0.318603946413447,0.477051864911709,0.324226094465957,1.73577905440262,1000.00000033023,0.693147180559945,1000
-0.0947809931294704,0.217028979810594,0.0912108090915056,0.138479286062037,0.806095805432162,0.158927897761669,1,0.210917312957082,0.982955061329486,0.189244477767479,0.297395881304829,1.31701802125918,0.338993083562105,2.11916505370942,1000.00113695748,0.693147180559945,1000,0.693147180559945,1000
0.0712703977134734,0.237253876952917,0.0995545130910752,0.133826158701615,0.837793229650339,0.119630109753559,2,0.529067859997433,0.930966927505817,0.386819975420273,0.248429925357151,0.738089773828298,0.224963548772465,2.64797134792996,1000.00014851527,0.693147180559945,1000,0.693147180559945,1000
-0.395590943461958,0.210512495449684,9.63524077559766e-14,0.000620814025270927,0.957098605600586,0.025392370319088,3,-2.04453970074659,1.24131341085821,1.2368500353171,0.303278583491835,4.38172153342317,1000.00010703839,0.693147180559945,1000,0.693147180559945,1000,0.693147180559945,1000
-0.0788779475202856,0.25430515726478,0.20182217226882,0.301985512895428,0.897103305217724,0.106058707586871,1,-0.847857014886811,1.10283348888121,1.15535101685585,0.342220610379216,0.440474786807796,0.276131960695903,1.09614309345316,0.730114204976012,2.06685260928487,1000.00079445826,0.693147180559945,1000
0.0231618600623959,0.159377356436454,1.79511699910704e-14,0.000267964532978062,0.906143829310614,0.0385551815547007,1,-1.08895298563756,0.911247713633637,0.673332966115696,0.191381124239883,0.631602727057991,0.236858621959293,0.913708319807243,0.380799393346362,1.81021087037142,1000.0000010729,0.693147180559945,1000
-0.0118555398860205,0.156864736455911,0.0418564884341573,0.0663059268165258,0.841554886599916,0.091982497361972,3,-0.955942498911861,0.898839869547188,0.762480045786505,0.249645168732593,0.612515242988259,0.240199016242025,2.55340948749225,1000.00027642234,0.693147180559945,1000,0.693147180559945,1000
0.155065358833573,0.219123068366408,0.0690576357305987,0.103686170734479,0.814068078344581,0.205860579900465,3,1.06044845081835,1.03918534679216,0.642860733916708,0.337656437821384,0.30585806828692,0.53482776809441,0.0452659115106755,0.672478207429456,2.37852100986395,1000.00719108964,0.693147180559945,1000
-0.10064766005725,0.194554820419915,0.0516264928013252,0.0963999895173422,0.881607941860018,0.0880547666440609,1,-1.49313702689955,0.924408242816183,0.748253951372841,0.256865617288961,1.12715786729229,0.20231602563136,2.05550543949036,1000.00000006343,0.693147180559945,1000,0.693147180559945,1000
0.00633617643292538,0.185735471521351,0.161090703214248,0.165759554868939,0.110114068475958,0.354523107161568,1,-0.1379193988498,0.657818417197662,0.375033057030781,0.287341339886432,0.883525530717054,0.22822608809245,1.95022259246276,1000.00001525982,0.693147180559945,1000,0.693147180559945,1000
-0.00704394218681094,0.21795667030009,4.47396845739313e-13,0.00133777515109083,0.927187614929948,0.0394466480411538,1,0.600187873302308,1.16852513664383,0.563055308191084,0.26713467630154,0.79409535250882,0.311860333228804,2.49534590149779,1000.00023119832,0.693147180559945,1000,0.693147180559945,1000
0.253471313828592,0.163272287030067,0.234959623839029,0.174328353267663,0.272115484343082,0.569521034718395,1,0.606599511827475,0.518076886293913,0.683675686604745,0.198894971847256,1.01131007056103,0.426154656583558,0.924526337912259,0.308659539642028,1.9264293366778,1000.00001889427,0.693147180559945,1000
0.0709043683476717,0.215089376254116,3.2826783812599e-15,0.000114589333241523,0.931049174746657,0.047545498546914,1,-0.080850046010597,1.14436558011347,1.06033096823513,0.320956608995455,-0.0556643571177052,0.525554891296623,0.600632647158882,0.534050222417263,2.6502812785238,1000.00011909528,0.693147180559945,1000
-0.50362300197384,0.22873798183911,0.128265084302977,0.245533343401814,0.932499780881627,0.057662662041701,1,-2.08839927581804,1.009241184119,0.792637964248377,0.296172618212439,1.31939030800242,0.192527152788553,1.97495611908548,1000.00011484096,0.693147180559945,1000,0.693147180559945,1000
0.367114053914772,0.350796702160782,0.395614001544037,0.630614041291272,0.956144935590329,0.0437163281013114,1,1.42171698085876,1.50502066835986,0.699910432029284,0.243692795416195,1.12140798677378,0.283915305348333,0.989801287068776,0.666684127335405,0.578017937128194,0.329492739345416,1.98779418872722,1000.00010049655
0.0282539748391535,0.184363832769522,1.45023746521256e-10,0.024129786643316,0.854483086761914,0.0724471057749281,3,-0.78063112474468,0.84914936655359,0.769041724376179,0.247219285942163,-0.0940962040661431,0.442712162464158,2.50253455349413,1000.00023847181,0.693147180559945,1000,0.693147180559945,1000
-0.635522978855047,0.438120216189165,0.368615029099526,0.658813164635194,0.900667721051322,0.11712394926878,1,-3.51279472529817,1.9020521816943,1.21594652889125,0.309109726659045,1.28553985171688,0.24457869011843,2.22075805676635,1000.00000029724,0.693147180559945,1000,0.693147180559945,1000
-0.313344659000499,0.164859130105517,0.0998309745533704,0.070111781193052,0.388503076355773,0.755868204591034,2,-1.3036562211282,0.622941222755397,0.730688763054683,0.147713393918935,0.284466407138501,0.353245933102987,2.73453677806055,1000.00057600584,0.693147180559945,1000,0.693147180559945,1000
0.223070548359281,0.179505139289672,0.159227939923063,0.11531923315314,0.425764761993811,0.645070817464222,1,0.233085944522456,0.542446605216857,0.664415254152172,0.219900980839198,1.20324208032977,0.415772215581469,0.741472888263957,0.686605784976499,2.38989939098794,1000.00000067048,0.693147180559945,1000
0.0175293368477366,0.238327937299611,0.326178873021298,0.310462319338558,0.615317071456758,0.428896627403611,1,-0.148212333515876,0.665079832821,0.419462096942726,0.240374166564321,1.28807003967927,0.334816238862121,2.71857546912759,1000.0000014907,0.693147180559945,1000,0.693147180559945,1000
-7.5350469771836e-06,0.247388077607734,3.13062836442563e-13,0.00111906806850162,0.936993676008409,0.0369260132784834,3,0.641451908784063,1.36863265229147,0.718416048441241,0.275814138243178,0.886511235401752,0.470695129878877,2.78574815612552,1000.00024558201,0.693147180559945,1000,0.693147180559945,1000
0.0470352206102349,0.226341397852139,0.0752730272926359,0.177845882293049,0.89526711300285,0.0769302850730221,1,0.283857444521316,0.9721467051356,0.406828147853381,0.255906211709918,0.481178553846572,0.317410449051383,0.965375981455395,0.435659245618534,1.8373521774631,1000.00001195806,0.693147180559945,1000
0.139042472296949,0.185236204003074,0.0681785901690235,0.172025243527079,0.913499343608702,0.075386509654937,1,0.47971975038359,0.889412903238663,0.771802509214871,0.214291845425444,0.787675316833875,0.444930806403876,2.60924715190889,1000.00006093964,0.693147180559945,1000,0.693147180559945,1000
0.284752264164597,0.196053984645992,0.0904447771175595,0.149734091406445,0.905058366382969,0.0620793847230264,1,0.690034767586641,0.826640792106099,0.948258034211436,0.249220627468035,0.676132162107934,0.309505236473654,0.608398191739325,0.906996107556487,-17.6890016418375,1000.00000001896,0.306104071625236,0.455941283758952
0.493641605906465,0.329334940445986,5.05342288674277e-12,0.00449604174739495,0.929741214311715,0.0611074767059362,1,1.78045100045514,1.35058729207655,0.566544100107896,0.373064818862855,0.804150377744975,0.259933381891906,0.960680317761646,0.380582001659445,1.96000879514361,1000.00000189028,0.693147180559945,1000
-0.238768903916726,0.421764053255088,0.471137730575621,0.495269054361209,0.95470883805016,0.0651453390552589,1,-0.463372072195431,2.02308348841848,1.22237062840719,0.388119997443412,1.12964129731832,0.451539161737523,1.11821725928298,0.480801011696383,1.90152164317036,1000.00384980513,0.693147180559945,1000
0.00706927646904742,0.202490505238925,1.7319186291705e-15,8.32326532516361e-05,0.942327051648794,0.0338972164710944,1,-0.156990180304007,1.01786538935332,0.787729932939666,0.176953115833576,1.21555051129571,0.493071424264905,2.62901308327153,1000.00004442464,0.693147180559945,1000,0.693147180559945,1000
-0.254930181304905,0.239402193045207,3.73291683947487e-11,0.0122217036627985,0.93816237268236,0.0359227686077336,2,0.334990683014736,1.22535392674287,1.09633340107878,0.291454010076853,0.502143576350383,0.764608565671153,2.7305501858835,1000.0004223509,0.693147180559945,1000,0.693147180559945,1000
-0.0930706517570394,0.250292870019212,0.194426835693327,0.184491123528347,0.798426999200956,0.238149756745769,1,-0.236914905034226,0.961332398983642,0.730092652282173,0.213315580103289,0.701039199703018,0.231392689809867,2.92163965922721,1000.00005800289,0.693147180559945,1000,0.693147180559945,1000
-0.184267139539023,0.276261727883676,0.0402347660961589,0.155914540404968,0.847412064661587,0.180437724777614,1,-0.141857764762661,1.05107655711396,0.19254462119098,0.379258052512779,0.764601268382334,0.194521359113247,-0.10657143822835,0.573250588518297,1.72866868434061,1000.00001571781,0.693147180559945,1000
-0.17230377549535,0.215429100367493,0.116921994677502,0.134553346668359,0.69569815785293,0.246256227494009,3,-0.149031145344475,0.755514184733172,0.757719504669428,0.196806435668831,0.575137839307376,0.75022815026195,2.72181911687044,1000.00004550987,0.693147180559945,1000,0.693147180559945,1000
0.252285559043704,0.316797326688883,9.58767853924163e-11,0.0195984578055608,0.96233243799043,0.0194440982909544,3,0.761083037886336,1.48492962785857,1.08068688854286,0.261888836936021,0.830333667021083,0.340276518072554,0.790860352664884,0.645996119515325,2.7108781693654,1000.00031990224,0.693147180559945,1000
0.154179483594162,0.181415944145868,5.41266487784747e-13,0.00147148169566287,0.833629723204636,0.101138538364051,1,1.21624202322561,1.01364754975375,0.761507086978182,0.222082343027864,-0.324360925320918,0.531966169129408,0.516456228052033,0.36518945571297,1.91790347427765,1000.00000066522,0.693147180559945,1000
-0.381268183159958,0.226147719018667,0.234357656858008,0.175933094870829,0.801626394759241,0.153009083997779,3,-2.50935962859211,0.89305622988359,1.20626232348392,0.238350507895002,0.265177160538877,0.368619252063265,0.103698920136837,0.552031572833821,2.73547952235877,1000.00139043186,0.693147180559945,1000
-0.456699901802024,0.318722002736351,0.420911226592016,0.376353126308734,0.775928251827451,0.274338530187279,2,-0.730551747835852,1.12614920725875,0.578474491918619,0.318360256907187,0.569542992378281,0.440095914553617,3.1943583075215,1000.00063844815,0.693147180559945,1000,0.693147180559945,1000
-0.0336251545245131,0.217135563465356,0.000990127677564379,0.223074611550714,0.973034145043129,0.022170559348791,1,0.598758128250813,1.36233754817293,0.743942092859853,0.473474569017258,0.753730086869641,0.530651413137902,0.606083005081974,0.568952439136297,1.01921322592928,0.737515504221146,1.95263242327642,1000.00000000064
0.359878837673358,0.246704301226886,1.84939168601268e-12,0.00271984980707275,0.959163493047759,0.0299066419121025,1,0.457082260155762,1.05811959082636,1.1229952797614,0.352866012919321,1.14183557751163,0.424472783830968,0.677974001726849,0.349360072689953,1.69068649781306,1000.00003470113,0.693147180559945,1000
-0.341636716826746,0.359852715742697,0.0235138901065949,0.295898116469668,0.93254218877323,0.0582859462710483,1,-1.67342187844124,1.46713518226834,0.87750316135452,0.32017766584455,0.771089666394062,0.328934768424732,0.699471301795703,0.481708832486342,1.94073274387967,1000.00003029345,0.693147180559945,1000
0.178632103477683,0.22352642659159,0.0669807254957351,0.11716761348571,0.849090808440597,0.127510103228477,1,-0.468983442579842,1.05193827021666,0.523044876533827,0.255770265691601,1.15161117706116,0.207798639998539,0.62550697823368,0.537311200522448,2.01030771703242,1000.00000309342,0.693147180559945,1000
-0.0850953618453988,0.279183127194888,1.02914266457045e-12,0.00202900029292833,0.954399298677094,0.0422062271177353,1,-0.135329629295181,1.37875789955795,0.674498298085428,0.62913295997974,0.664634796794162,0.331057097951588,1.18279003599595,0.369591152684139,1.88327574974411,1000.00000094806,0.693147180559945,1000
-0.0206975961099132,0.327626632110491,0.507605968226176,0.558810024588449,0.823522549408987,0.25214161133689,1,-1.0482247339024,1.0358048588859,0.974074734703182,0.242557101436035,1.90073715101573,0.550792421124783,2.12995464187071,1000.00000067048,0.693147180559945,1000,0.693147180559945,1000
-0.136432341391721,0.353961251279483,5.80374990107318e-13,0.00152365092258119,0.966015871161288,0.0209414946489784,3,-0.632769327051154,1.81897616237468,1.2934563456683,0.349605468914814,0.874895420800862,0.56697710950254,3.84466351438448,1000.00010690757,0.693147180559945,1000,0.693147180559945,1000
0.157186436038675,0.272862776653728,0.211055227588777,0.507743950879467,0.948519634563931,0.0398199013214914,1,0.0832063882767437,1.24557605683129,1.13655223747637,0.32583331049087,0.751594340442103,0.49672900616468,0.648341767857589,0.717697259723923,1.16132217460372,0.630958065047758,2.16850852834293,1000.00000001313
NA,NA,NA,NA,NA,NA,99,NA,NA,NA,NA,NA,NA,NA,NA,NA,NA,NA,NA
-0.185348499234155,0.281790509365924,2.78853202345739e-16,3.33977965636064e-05,0.883006734869989,0.062235814769337,1,0.368790168194179,1.07535530543031,0.763957900703266,0.256745226956713,0.674646335569545,0.44606055380264,1.98472852160075,1000.00000001485,0.693147180559945,1000,0.693147180559945,1000
-0.209267238653051,0.207632318498666,0.0149586697330728,0.0928287164333265,0.80379983666766,0.124357729940599,1,-0.777519846053998,1.1590295330001,0.478039773780477,0.222136087624299,0.436285441546244,0.311029935908722,0.305013209753805,0.355801749367798,1.84116939342608,1000.00000115585,0.693147180559945,1000
-0.0940600286292939,0.149493541780049,0.0365887861125256,0.0966992793656499,0.896248126763284,0.0592390425908259,1,-0.61551649780831,0.875218008310576,0.569133997927488,0.244479562119896,0.780896439049946,0.295082094252724,2.52186753423464,1000.00000328852,0.693147180559945,1000,0.693147180559945,1000
-0.0208216288764059,0.220855034373544,0.0554157232201042,0.0911564863303326,0.801666469315154,0.141954719988417,3,0.38365994168733,0.982218343116245,0.691766073223577,0.257737582795495,0.378319462154163,0.559966596211488,2.37709930410628,1000.00016550885,0.693147180559945,1000,0.693147180559945,1000
-0.103701212058788,0.191491334290468,4.92901927625676e-12,0.00444080266860927,0.900515931201421,0.0652660612454896,1,-0.259704621090483,1.0111301952395,0.039549049553859,0.336744181744899,0.915428439558439,0.215396732392503,2.12080752799503,1000.00002739627,0.693147180559945,1000,0.693147180559945,1000
0.0512263668271485,0.297332041226064,1.55085320118846e-13,0.000787618431916188,0.9714447682716,0.0204804865782633,1,1.15426546322091,1.6914606633768,0.739092008867092,0.341302768036145,0.520486859527104,0.366097239829435,0.681000161005045,0.728366405374448,3.15387543225011,1000.0000684144,0.693147180559945,1000
-0.0644959418730766,0.19944407614758,0.237260435336937,0.192762213409057,0.409208826342521,0.441642986381524,3,-0.0356661641654195,0.536605195976444,0.899933376858498,0.175932558100342,2.37501639757869,1000.00002189832,0.693147180559945,1000,0.693147180559945,1000,0.693147180559945,1000
0.223224960446941,0.205872068241116,0.236179579121126,0.165842762879685,0.73464714579587,0.19019542582032,1,-0.509365154610341,0.554941727283868,0.799322566699845,0.233149207730147,1.11050036147221,0.388067361180186,0.887730250403743,0.297035164853151,1.96099489250224,1000.00003891737,0.693147180559945,1000
-0.238644018404749,0.238362099437142,0.0700928200127804,0.15216201681114,0.920109272845705,0.0624806483861132,1,-1.899667640995,1.20786343669842,0.800795311368953,0.325825566003642,0.728894555073454,0.247338219016762,1.20245169020972,0.464657433761732,2.03050105894633,1000.00000379753,0.693147180559945,1000
0.412970726422233,0.292879044458491,0.376022586407341,0.33559165931166,0.625940526304497,0.859972907710195,1,1.15243158585177,1.08894255955307,0.463344938346183,0.269900929683387,1.28527664126377,0.271832668636349,3.17217826807324,1000.02831514391,0.693147180559945,1000,0.693147180559945,1000
-0.34021031767835,0.220446962621221,0.145542900813483,0.186443312508183,0.614023776027033,0.413262350142452,1,-1.55145112675377,0.782109669512119,0.647936072683277,0.217057231849861,0.807582958657894,0.221588050855154,1.79719640940818,1000.00050150027,0.693147180559945,1000,0.693147180559945,1000
-0.507825387175595,0.32785526451133,0.164678865977281,0.215977704359562,0.694268136856496,0.488659373193638,3,-1.61926556965087,1.30048989457838,0.724864266503682,0.24877645036874,0.320930078499067,0.884923616818189,2.54558924238459,1000.00092445284,0.693147180559945,1000,0.693147180559945,1000
-0.345775536087254,0.284383462637581,8.82416807120642e-12,0.00594367577057436,0.903270436941316,0.0937602885640228,3,0.372859156840333,1.11605669392733,0.863456224305872,0.524659185305706,2.42185338816437,1000.00027572677,0.693147180559945,1000,0.693147180559945,1000,0.693147180559945,1000
0.214521189054645,0.201297785631228,0.0400343215442999,0.190666551284454,0.906073479536864,0.0891773346252861,1,1.47094703339454,1.00938030395571,0.382577780974914,0.496757757029446,0.636098552345714,0.311313487450082,2.56928502865776,1000.00020415205,0.693147180559945,1000,0.693147180559945,1000
0.00437966950677977,0.234812676055099,0.254934786510195,0.238020818602155,0.368510963727735,0.826219653624921,1,0.0902389935238656,0.685327925237246,0.851584641190328,0.246502700199084,1.008934637233,0.366706513508158,-0.218551380978853,0.866796181635529,2.32778703295682,1000.00206699806,0.693147180559945,1000
-4.74547718070205e-06,0.200157066811649,0.0259933109192905,0.0825884778832065,0.791040484403664,0.172061330656757,1,1.13890018647055,0.847784068359043,0.718978258530655,0.343328636212876,0.240840051223445,0.478541052173459,2.13098064368344,1000.0000024557,0.693147180559945,1000,0.693147180559945,1000
0.00836037333079963,0.231663032744296,0.185461884592753,0.192542566522934,0.71319999207023,0.286010275819369,1,-0.752956854542466,0.901206028770453,0.969140252862753,0.220897070655597,0.0639362315371883,0.313385648425722,0.891803113934514,0.205885639372939,1.85647737777263,1000.00000031076,0.693147180559945,1000
0.086397896429439,0.304403500157431,0.0941923461257279,0.37849567303915,0.950993129948078,0.0410197640228031,1,0.649795542162473,1.56205302925221,0.945643396611918,0.306174958382987,0.967258035421526,0.371776452430036,2.6171783293068,1000.02103030937,0.693147180559945,1000,0.693147180559945,1000
-0.0704847343866652,0.182084578805901,0.224812831913414,0.162492706318188,0.665240988249626,0.235355761522563,1,-0.803508098383064,0.701997213831588,0.76513862735368,0.19392945144464,0.617418373285432,0.286832888484154,0.855370422349838,0.617872566433241,3.03248792137349,1000.00003564225,0.693147180559945,1000
-0.0167347670328877,0.128159776143644,1.64427612456486e-11,0.00813336261999796,0.806231668127068,0.0859175535394856,1,0.0231591472513744,0.630713502892924,0.546633148365359,0.236614124739844,0.695341330779666,0.378019494194204,1.87071676039588,1000.00000063419,0.693147180559945,1000,0.693147180559945,1000
0.0393222521321809,0.163971488887131,0.0484974448253827,0.0638385091823741,0.69401331366615,0.351730665806251,3,-0.340457287575657,0.784241128901203,0.394125856556607,0.194698080877705,0.902710977453923,0.436945013722934,2.45804400634994,1000.00037756529,0.693147180559945,1000,0.693147180559945,1000
-0.357934231372239,0.193442346424259,0.0893503580537492,0.114129605783295,0.687763812318255,0.433915389019905,1,-1.4260206288887,0.852417760600004,0.973520983575752,0.171135477655672,0.10681031758089,0.697536497887397,1.91542838504069,1000.00033328048,0.693147180559945,1000,0.693147180559945,1000
0.342294649273104,0.229743208348401,6.88600650098561e-13,0.00165964913171042,0.962120309800747,0.024433620171838,1,2.61819506849891,1.45029271603175,0.566063178496884,0.248538084145333,0.395707639691233,0.362314778575439,1.2623567089163,0.375534416306212,1.86458825625296,1000.00000513313,0.693147180559945,1000
0.26843814932875,0.162584191562795,7.51556257782304e-14,0.000548302606289785,0.794719928494177,0.111508679618752,1,1.51434732405117,0.895597038873354,0.480974323667031,0.204093998471931,0.235053171157675,0.280043126374952,1.99539634309921,1000.00000032312,0.693147180559945,1000,0.693147180559945,1000
-0.194881369070924,0.292243688785518,0.162982558309907,0.22389012072707,0.84416940339495,0.122803805173732,1,-1.26296570195826,0.922802313454247,0.802774306754808,0.15786929015487,0.864006943141436,0.288310434842167,2.11405266786292,1000.00000066731,0.693147180559945,1000,0.693147180559945,1000
0.148992361168333,0.207209187727354,0.100803675566892,0.103648744045862,0.589929622516411,0.345494984229676,2,-0.349921746253275,0.730452280679965,0.761946071224972,0.14869091335029,0.423573587170754,0.32293890832722,0.176300063539434,0.854171528626252,2.21676638575733,1000.00009870102,0.693147180559945,1000
-0.246144359980851,0.154577244003714,0.0464008278058358,0.102986095602879,0.810532463069823,0.109449066896345,1,-1.19273461845421,0.683731664188391,0.586872837506127,0.165530603811827,0.530171373936777,0.308015423301721,2.30600169260354,1000.00005575942,0.693147180559945,1000,0.693147180559945,1000
-0.107528830133395,0.280718379180031,0.0159158011988314,0.165252203893018,0.922848428844647,0.0562200937368335,3,0.249124374686116,1.17130232970989,0.863050485294752,0.378940220683589,0.27806066908146,0.347362616317619,2.54683099037819,1000.00003501873,0.693147180559945,1000,0.693147180559945,1000
-0.213138759414402,0.345670256337734,0.502646762583345,0.426471684735569,0.0714443820239267,1.04474421665082,1,-0.517380700311811,1.09495881741089,1.10204351852614,0.349929644818577,1.07351899810069,0.371562876442099,0.127684323652052,0.769719811539485,0.767620099036373,0.225085720264157,1.94335085514691,1000.0000141076
0.345894850275361,0.164257358926878,8.91415246662107e-12,0.00597535374860266,0.954913804875014,0.0336429283516998,1,2.13813660831001,1.0649633008702,0.321175741451243,0.370636997051822,0.772514645128958,0.413581189511464,0.465681538482727,0.33455606597966,2.78024721773131,1000.00004240319,0.693147180559945,1000
0.159306081364806,0.172503926107061,0.0259245346013206,0.0694828424682501,0.796122430972784,0.205626503626988,1,0.88774512046612,0.898387848430894,0.811689304323693,0.294882125757716,0.650771703076784,0.335034595736675,1.82367733212083,1000.00000010425,0.693147180559945,1000,0.693147180559945,1000
0.147047404665561,0.190677829946222,0.0107606680880364,0.182335809002511,0.944494676203801,0.0467013999282741,1,0.56702976805118,1.05925242343195,0.761008324859367,0.200318288169198,0.942676870097846,0.373294010233392,2.65106214749964,1000.00030241678,0.693147180559945,1000,0.693147180559945,1000
-0.0170325615814384,0.167353830714914,9.4701083080974e-13,0.00194644012318591,0.891286584798236,0.0805279699072156,1,0.570548298719997,0.953779724795302,0.867702187792198,0.202104397368196,0.874034449275398,0.420309134794976,2.06041577985453,1000.00000040661,0.693147180559945,1000,0.693147180559945,1000
0.256087159396441,0.206042922371903,1.1837987911675e-11,0.00688822383313309,0.914310768186602,0.0492857869665447,3,0.634600791636796,0.987028178989356,0.758225301184168,0.22464969809216,0.676625137476512,0.307872965334724,1.13052867052598,0.865589394976606,-21.0958399582879,1000,13.1854595788076,1000.00013499165
-0.0840724797395093,0.189599872230261,1.18293018777709e-14,0.000217525302725587,0.873449069900624,0.0666968102254685,1,-0.135613700509142,0.866176900313295,0.765889562217068,0.224222820658239,0.567508579816574,0.444794692554605,2.36492060042718,1000.00026680482,0.693147180559945,1000,0.693147180559945,1000
-0.0650429161223755,0.223891149477424,0.303279907758856,0.214350233198252,0.676642218956931,0.252225871792449,1,0.227365854210486,0.533628309101796,0.493211994153439,0.291893377598386,0.569646905456508,0.305664730248914,0.276471634795066,0.578273691687777,-0.0484605394082635,0.416111326722883,1.70636407760284,1000.00015241064
-0.363340384478222,0.337907180072467,0.31506053770361,0.378087066837886,0.870251376028381,0.164945446185441,1,-2.25534150515688,1.44544242553004,1.08611352729084,0.202435054864631,1.1033435984506,0.586170410205431,3.20858296331042,1000.00002462777,0.693147180559945,1000,0.693147180559945,1000
0.0679234854442806,0.16218237886498,0.15548172774692,0.140487026956942,0.547637687844576,0.361268324702127,1,0.658818152866383,0.618365638910169,0.696358317605731,0.216123333111563,1.17223210326792,0.282321964853297,2.15311843635585,1000.00002049652,0.693147180559945,1000,0.693147180559945,1000
0.216963493634475,0.263943570722507,0.0141742487157974,0.152021834670666,0.899248212996325,0.126560040157663,1,2.17406656962205,1.41366739500155,0.718168583612517,0.382058423488831,0.322006260095258,0.193650351725909,1.88398001558735,1000.00000832954,0.693147180559945,1000,0.693147180559945,1000
0.0587268728263014,0.183208613867923,0.0760981174861413,0.0803294981817804,0.462273083039,0.728256897555198,1,0.2018577303959,0.703248105316817,0.285312802404811,0.265645451595413,0.414280095029443,0.36686467488191,0.293222176316403,1.0997101802903,-0.0384981201272264,1.58019555428137,2.11876774498648,1000.00004436992
0.101407918448497,0.244066257244444,0.206135700583174,0.24066864043122,0.798763512541667,0.326206278981588,1,0.858220654785199,1.02912713937254,1.07744518999056,0.309942643744196,0.968585203887259,0.301839346135174,2.20948792207542,1000.00003342391,0.693147180559945,1000,0.693147180559945,1000
-0.264150414509523,0.251161806423806,0.217042728139348,0.15680246102479,0.629202914129621,0.474347924816213,1,-0.372999194991381,0.757054758035814,0.647802617738241,0.27223693605291,0.68009963497851,0.282866907692253,0.598031070339775,0.247689329683379,2.02323134666689,1000.00021807753,0.693147180559945,1000
0.121634626031015,0.164320942238022,6.87176253376139e-13,0.00165824393522105,0.843075026740525,0.0925973556097394,1,0.869703584142188,0.89143052979266,0.15663853383206,0.277318164168129,0.901708371707018,0.261076561495232,-0.0615786857492683,1.39952578134756,2.05557594043085,1000.00000190692,0.693147180559945,1000
-0.00488350772376944,0.251006660650495,0.207799109500536,0.202591682159134,0.686695995084984,0.64096412323538,1,-0.313080154533995,0.987101485307279,0.662865599045349,0.318698073591042,0.761418208392866,0.351099419156747,1.35454361862169,0.245462497981089,2.33788205185217,1000.00008156371,0.693147180559945,1000
-0.66191378417932,0.382593612386873,0.64127486298319,0.56377057792006,0.477343450791335,0.897807127780999,1,-1.19651356839021,0.878498623732314,0.683583253912427,0.222935006613189,3.45115873543623,1000.00019324426,0.693147180559945,1000,0.693147180559945,1000,0.693147180559945,1000
-0.0465186311823501,0.277404551869102,0.0829454657021034,0.187576538254116,0.9255660385556,0.0550348258585135,2,1.31826100892755,1.35618484776584,0.447460237549611,0.234708813425908,-0.292212881300504,0.825297597200761,2.68617998194922,1000.0060116965,0.693147180559945,1000,0.693147180559945,1000
-0.0579043466742383,0.130756269477078,0.0223029884176768,0.0496222543747117,0.645062035137185,0.31103892941218,1,-0.546407053573694,0.71947898751003,0.17978630090078,0.247280551924231,0.283927193195946,0.343516290782909,0.545673949939344,0.249076209260195,1.93550885456874,1000.00000414431,0.693147180559945,1000
0.17594459697526,0.19058700468297,2.59441834589225e-09,0.115689159086592,0.955777735321336,0.0243345058921839,2,-0.978907190633211,1.22467875754169,1.20483133101647,0.227756422117315,0.142011576613896,0.395216194326925,0.441654061730706,0.374314191293525,2.67297359514788,1000.00714951999,0.693147180559945,1000
-0.284902958611187,0.201276344085879,0.00713504444370942,0.0987125213414336,0.807962159289516,0.118089614844623,2,-1.06062237746729,0.808831054935852,0.578570978206282,0.238649441999227,0.384801044916593,0.364891966369803,2.24179846971787,1000.00009777488,0.693147180559945,1000,0.693147180559945,1000
0.407273688345474,0.143895596083521,2.96005218769873e-13,0.00108816555740318,0.897389790946127,0.0588981575145847,1,1.73438689930731,0.808767775014778,0.663928473354195,0.223887695582391,1.11810249527846,0.250507319337751,2.22300442305671,1000.00000012971,0.693147180559945,1000,0.693147180559945,1000
0.182113456232694,0.16244093597105,0.0365665369765545,0.0705843315360899,0.818435329326034,0.197982748416245,1,1.69314338661021,0.821333951135137,0.971181096131645,0.316511685425622,-0.663015572680302,1.32784247020809,-0.120029913214136,0.340180460632938,0.113764593784059,0.445024816930334,2.43503156637223,1000
-0.0651841888098676,0.215100038907629,0.141627178924177,0.118048311165593,0.26386193593254,0.477154867214703,1,-0.573835079430627,0.706022640647439,0.35182787168947,0.205543281346193,0.573055220690577,0.282239241344316,0.706694168195764,0.72709192329831,2.35078418183726,1000.00000036687,0.693147180559945,1000
0.179629286836667,0.180182038992675,0.0283571456750638,0.101860556757795,0.854605208086638,0.128831202747911,1,0.995076092485261,1.01717500968378,0.405213922203184,0.286388623044922,0.427704458178323,0.363644492205104,0.746285912987887,0.43246593290634,1.96388510726114,1000.00000033258,0.693147180559945,1000
-0.192439212510634,0.277142823538547,0.264805713963672,0.260253979539579,0.140457214016595,0.870205242504752,1,-0.579369201084965,1.20671299214509,0.668597891931528,0.356971771220394,0.632288640525501,0.384446759256388,0.605334370108238,0.702739274493197,0.838137491182949,0.137687330542833,2.0401425817425,1000.00000143423
-0.192452655188381,0.142693630872893,4.64362917801284e-14,0.000430982853220939,0.613595087787244,0.217539349451075,1,-0.123205370219409,0.696122027190411,0.316615337651497,0.216625973249063,0.194523189196311,0.589988351310009,1.90213921252976,1000.00009661082,0.693147180559945,1000,0.693147180559945,1000
0.0986174154348624,0.169108129624052,0.107946766975228,0.108282434021986,0.690831707435827,0.234038957676828,1,-0.43650938624623,0.573749029734946,1.04548411378158,0.161090974658314,-0.0155014006540031,0.360758596836704,0.601719735497691,0.462122995905567,1.9987601414249,1000.00218205623,0.693147180559945,1000
0.105952955983167,0.223840263162212,0.00233569126001585,0.0988389517963469,0.876457903252847,0.090281072934375,1,0.401735393793131,1.05588578483041,0.473950806853544,0.235885137544557,0.722144971629835,0.210906268724802,1.96184457993762,1000.00000017314,0.693147180559945,1000,0.693147180559945,1000
0.130772321928859,0.203790636749919,2.12217794055636e-15,9.21342100655368e-05,0.916978451521667,0.0475207641879682,1,-0.17655454643073,1.14662026622151,0.635592985254471,0.214647942462963,0.955487514828011,0.265670452227126,0.866601714960336,0.464362735839342,2.05858912011496,1000.00000001692,0.693147180559945,1000
-0.204595006763952,0.193171490070626,1.22243335298299e-15,6.99266415175143e-05,0.862231125793253,0.0827700524648836,1,-0.151378824835689,0.767427631425957,0.399818914589456,0.333816752317651,0.647265679527544,0.26351189889743,1.99922359353026,1000.00000044526,0.693147180559945,1000,0.693147180559945,1000
0.325715481429971,0.210837052796471,4.36876696186033e-14,0.000418033276390222,0.919185165445778,0.0431425168762136,1,0.457855557186711,1.00590242561881,0.0222551225359621,0.369194177438151,0.862119999586231,0.163824413970665,1.27294809610084,0.222913186831792,1.8175546692254,1000.00000072111,0.693147180559945,1000
-0.157897737760825,0.275471611479957,0.23600410509833,0.250740213729363,0.790183275035589,0.202278254576951,3,-0.242135462677644,0.875298214943689,0.877359619159406,0.235400900033659,2.97755302167509,1000.00031014895,0.693147180559945,1000,0.693147180559945,1000,0.693147180559945,1000
0.0135686242415189,0.173333846016684,0.058331400338644,0.0827449303650806,0.829764673274631,0.124303446616637,1,0.428293627589713,0.822333593172669,0.0533518229136415,0.279811682449497,0.347216113629134,0.367075320073692,0.923254143556647,0.291150599049608,1.75468515233042,1000.00006410885,0.693147180559945,1000
0.496513933578388,0.175311654267728,7.44706887795295e-13,0.00172600844216923,0.937821187369639,0.0365153818325073,1,1.07871328827356,0.992592455106871,0.255643752958545,0.342201293544569,0.828554186182735,0.251985151004938,0.369622199671922,0.255366112210909,1.31947552793176,0.360266755065642,2.00670440481879,1000.00009658181
0.229418257543227,0.239179773335275,2.23091083731202e-16,2.9872468441184e-05,0.920569209925146,0.0490908550901015,1,-0.475923643747512,1.10151695470895,1.11811952639854,0.251088417626881,0.799702613733104,0.320709640979482,0.737766545833843,0.30265315263805,1.71089905998049,1000.00000005843,0.693147180559945,1000
-0.109714444072696,0.241613163186742,0.253888101078224,0.260045275385238,0.668801508092507,0.322014188945758,1,-0.862015894528615,0.769564114200291,0.904967847389195,0.162113976218017,1.23651540681865,0.231651989174844,1.89181160055759,1000.00000110836,0.693147180559945,1000,0.693147180559945,1000
0.0304893545059442,0.217132833904599,0.130646538911683,0.126879110425245,0.330233022239792,0.66535060813761,1,0.180536765542654,0.639750567027645,0.916863003598383,0.194371747786184,2.2755389493918,1000.00819830286,0.693147180559945,1000,0.693147180559945,1000,0.693147180559945,1000
0.34380199436209,0.264087375693063,0.289084235341278,0.302046523056654,0.909285190702382,0.0777274127417912,1,0.0924633853724074,1.01893540498025,1.07145854641256,0.298159953929242,0.861138500744522,0.283095468403645,0.415103984129279,0.563245737894896,1.17036944507214,0.561049674943163,2.26169482245711,1000.00005679011
-0.0281441334377384,0.228682793794327,0.111828207089622,0.155073703576007,0.789428019558461,0.222386635968104,1,0.404750142412509,0.902398822774465,0.715142916816621,0.271447506878673,0.0762805796910567,0.464824827750973,2.3622105507668,1000.00014196864,0.693147180559945,1000,0.693147180559945,1000
-0.40158410660395,0.279072273982329,0.378085734769601,0.422944426733153,0.730570421128634,0.533892151794699,1,-2.17954479608089,1.2213128692612,0.785957898976258,0.281466846238661,0.545388356058127,0.329121807478498,0.890794931541691,0.340617184173832,2.22928733059868,1000.00002463953,0.693147180559945,1000
-0.0291635036509687,0.147025290528068,0.0643887813601974,0.0654951364471003,0.501704575422693,0.453663985370394,1,0.146830072627583,0.502244358754112,0.303143303542241,0.217873695829349,0.695732940306517,0.47961602956043,0.286985812264849,0.172450114927932,1.70315699814291,1000.00001077582,0.693147180559945,1000
-0.219974515570802,0.269694151286779,0.207544368820532,0.198400285046836,0.770637473561359,0.192147397630689,1,-0.28335889265037,0.794471476749791,0.648178757034158,0.225175232880164,1.07506991710005,0.164907066218847,1.86060676645878,1000.00022562241,0.693147180559945,1000,0.693147180559945,1000
0.305056291179423,0.402574960427939,9.77505848299049e-10,0.0625412621400442,0.980599859961493,0.0164833928577283,3,1.2846611856087,2.10521258748341,0.943097590121546,0.483557478727696,1.78104833825749,0.486863467277831,5.22653710384243,1000.00072659428,0.693147180559945,1000,0.693147180559945,1000
0.0488618739550813,0.157399040004104,7.90268631849764e-15,0.000177794158357367,0.852392836647247,0.0870509246676664,1,-0.192648095125723,0.796657367543741,0.823937184964844,0.316176501528839,0.337073454884803,0.309576146327419,0.313923705768711,0.748630681867719,1.92906307274695,1000.00002454759,0.693147180559945,1000
0.238825482384272,0.187105682770051,5.67255470934877e-17,1.50632728784859e-05,0.866231602907113,0.0900647482019318,1,0.983751877746884,0.95442505171163,0.8279790788098,0.267960165391369,0.662454138386022,0.299302780975563,1.81049537697881,1000.00006863672,0.693147180559945,1000,0.693147180559945,1000
-0.180477904460828,0.177690220082559,0.0456765415989336,0.0819150559748027,0.745655076203074,0.201911033941887,1,-0.821346839256809,0.731562222235995,0.498314025107178,0.231882600804862,0.860875062242311,0.668611250628145,0.0110278532529987,0.266073670055799,1.91025041759443,1000.00047069282,0.693147180559945,1000
-0.350558331967581,0.164635480772192,9.69465173384048e-11,0.0197462998358356,0.951340691156153,0.0299752861731457,3,-1.63176975884235,1.00841990952519,1.06636176183181,0.246483099555352,0.680227224671485,0.337198461394194,0.40921509662757,0.981098687398227,2.65676192948322,1000.0002603447,0.693147180559945,1000
-0.126130821019495,0.410306075805933,0.14130708966883,0.441051433538532,0.957635274816217,0.0381520252074711,3,0.632928233451021,2.06768630919184,0.992130494451499,0.310348769779145,-0.00947530306300873,1.09006701603424,0.373651991039362,0.559884493618277,2.80467569855359,1000.00006085382,0.693147180559945,1000
-0.0803690793702111,0.246018236741136,0.297597555416635,0.368504081045862,0.923515790768295,0.07219746301331,3,-0.642962024917997,1.05598460175078,0.751900573723014,0.225907802332252,1.10285329210405,0.434280835378993,0.076218045026218,0.601557342107058,3.08889467339164,1000.00017926384,0.693147180559945,1000
-0.167579807535949,0.111629689565423,1.98362090819164e-10,0.0290550225242258,0.800610294592776,0.106043777401182,1,-0.754619839658405,0.601480786544359,0.251622521368504,0.318027771388618,0.880497439623261,0.193017424895475,1.90801995998528,1000.00060320939,0.693147180559945,1000,0.693147180559945,1000
-0.205710393440467,0.276142940045868,0.242983380064756,0.314763029381696,0.767812831340371,0.241435423103574,1,0.180162802377555,0.771391916142952,0.501400106749428,0.298042587122085,1.3184700050249,0.386912355899506,2.28902107595205,1000.00000000219,0.693147180559945,1000,0.693147180559945,1000
-0.286919975381228,0.32191078797753,0.380865499162161,0.308125226513148,0.925354449393444,0.0730406827926785,3,-0.873397021501809,1.23450825593766,0.464254260183921,0.317242551503382,0.857530001520451,0.26644553003677,0.914301811365045,0.62568629076297,3.28632633937668,1000.00003612713,0.693147180559945,1000
-0.189820797523584,0.194008748510028,0.182537180768935,0.149777084852799,0.538359441948265,0.458017945483425,1,-0.653399023900715,0.670506125802634,0.766023909077033,0.221313678919657,-0.0138390159145992,0.378168806422261,0.00448308382722687,1.26145307835899,0.667002307286196,1.85397372652033,0.144395274799957,0.398997571039596
0.422935909178939,0.191765358249224,0.119199758812789,0.134997300787176,0.783831618741947,0.28887945361181,3,0.954805026289444,0.827072570577695,0.815032285441425,0.20882171943371,0.779327650188715,0.300839952268755,1.06165012368881,0.48193044690356,2.94341599050817,1000.00053897806,0.693147180559945,1000
-0.01503365595217,0.294940889512667,0.156747915094339,0.264531089236889,0.940708857731509,0.0432844855359737,3,0.368812285550497,1.205360413796,0.910498266818064,0.374986113725674,1.29556224094894,0.440707496574539,2.96268151890802,1000.00010242918,0.693147180559945,1000,0.693147180559945,1000
-0.233691320019338,0.234873817229979,3.60615123042864e-13,0.00120104734183093,0.934854159765691,0.0352215896885575,1,-1.1307732813006,1.14267895571564,0.925572772677494,0.188495240357152,0.512155240974255,0.427189874383737,0.815445279046593,0.373984012655098,2.03879365506847,1000.00000266249,0.693147180559945,1000
0.106665644632685,0.229612355767187,0.229656687689677,0.238114318581079,0.588445279428919,0.945037745768513,1,0.810883444524064,0.703227588203141,0.328126613538409,0.325291931478084,0.758621457418164,0.236881482483829,2.91372116486051,1000.00001251786,0.693147180559945,1000,0.693147180559945,1000
-0.0269270216649619,0.194409685766354,0.0399039856229201,0.104541880077483,0.864064418446977,0.12811976722627,1,-0.404696587804225,0.899325449551654,0.327773636640934,0.294693533685333,0.593440900706522,0.326849015623891,0.634801927477085,0.311135666674789,-0.501308670555044,0.924592945257726,1.76153118487564,1000.00045227548
0.319259629937948,0.437562725703368,1.66412018473918,1.26287415378577,-0.151220672674864,0.922910237864277,1,0.809099577407849,0.884381629215726,1.41373997319536,0.321822411575426,1.14932772844996,0.660883133798709,1.58532512239885,0.42810772044722,2.83785070336567,1000.00004438842,0.693147180559945,1000
-0.181380252504173,0.212558640915427,0.203550735221408,0.168114834651009,0.0446434973098653,0.49357375173125,1,-0.416551020448992,0.526131404061597,0.571126309862415,0.207988163323604,0.925033676177612,0.443251244829369,0.647813778722299,0.409721253097542,2.1408351762751,1000.00027978612,0.693147180559945,1000
0.235921481890026,0.24750696225321,3.89880321885444e-16,3.94907747459651e-05,0.917980505234868,0.0465425444623049,1,0.256771304883339,1.07217294395159,0.768159087488179,0.18413953750008,0.497969204058634,0.499823303367818,0.880242882016421,0.596687243754531,2.35358222077998,1000.00067237809,0.693147180559945,1000
-0.193731761758794,0.163899067969588,1.22501045163277e-13,0.00070001605495987,0.73428989072342,0.123890936635365,1,-0.78692958470844,0.736404283513691,0.355017945156397,0.236268532583175,0.448378319451784,0.305733180833769,1.996610189821,1000.00002606549,0.693147180559945,1000,0.693147180559945,1000
0.417206707523239,0.187407824980192,1.09054073356212e-12,0.00208863623420586,0.950791416612216,0.0248724943788622,1,0.976855015524981,1.13598589650408,0.891329934254789,0.288050414923413,0.509715924552543,0.24639671813991,0.877324844550312,0.559861984081705,0.107523616185664,0.194109342679029,-14.8569161107062,1000.0000002845
0.0854454533238296,0.202392799543571,4.8494286856476e-15,0.000139275687328661,0.922112936578306,0.0572691113699041,1,1.17616497261917,0.987901250076045,0.651607211875006,0.40328078270721,1.23496995559763,0.315129446339381,1.91162715396099,1000.00000022921,0.693147180559945,1000,0.693147180559945,1000
-0.412398925552252,0.183592385763517,4.55142243882459e-15,0.00013492846735052,0.913126373150382,0.0545785465440101,1,-1.21258204778329,0.90647265084458,0.678171958737947,0.401363028514941,0.878953335000588,0.335820813918946,0.636278151396092,0.38365564579907,2.02663889875936,1000.00000007094,0.693147180559945,1000
0.0506949384212539,0.210010671019342,0.0263010345491637,0.164388010909245,0.944092474287346,0.0382147328601211,1,0.528550899974936,1.19913194680409,0.717028496833794,0.283022974088688,0.430306656051318,0.315973372016262,0.682243861520766,0.307687548116069,2.43494165191063,1000,0.693147180559945,1000
0.0985770997691998,0.190951281445044,0.146097857606532,0.0963617825521247,-0.115506271746159,0.51491178099358,3,0.0770807670119461,0.57492258224272,0.682837458822834,0.240688637678022,0.592186564691364,0.321629117902083,0.0368014071652656,0.740414326362304,2.70148359463006,1000.00010983821,0.693147180559945,1000
0.124967786080847,0.130231604182738,0.0226756757417789,0.0332119428971121,0.344004921971124,0.672930957707634,3,1.58861796160166,0.66412667061985,0.45216756334686,0.299395871870517,2.16103107620066,1000.00000157543,0.693147180559945,1000,0.693147180559945,1000,0.693147180559945,1000
0.321714432707432,0.163111955386566,8.91703330954121e-15,0.000188860521130337,0.858965343034898,0.0639270232448192,1,0.918492707935093,0.943374708103556,0.84405160617894,0.214144320327084,0.332861324802891,0.412236277450138,2.34907677143504,1000.00003270908,0.693147180559945,1000,0.693147180559945,1000
0.147901454780295,0.189575564379812,0.126808797019589,0.129636543347427,0.722884707218662,0.339473205742366,1,0.777061181717308,0.754056513835401,0.676770532536629,0.252353225659494,0.809127049459624,0.728112121730063,-0.0133097054297313,0.217735436317302,0.231965765961248,0.121839723052403,2.19582048378099,1000.00000000114
-0.0447366432204399,0.244854812323574,0.232122595531705,0.193774866862465,0.395019393506105,0.602961746212249,1,-0.346339618369437,0.837416503670405,0.63798281831349,0.252019126234089,0.801292199248553,0.370930626506966,-0.157096124945854,0.327216833665404,2.07558986202538,1000.00000071787,0.693147180559945,1000
0.188249651797387,0.19019013830528,0.173269949865243,0.126964925302924,0.392161439962611,0.662438880626351,1,-0.0811394154809751,0.750653307662595,0.678970944077197,0.200071249267446,0.536577832183791,0.308599056741777,1.36012538806416,0.308723410541393,2.20644748296596,1000.0001423184,0.693147180559945,1000
0.0456855023653688,0.31432321578078,0.175954982317331,0.246247281248971,0.908726181539173,0.100889772063771,3,-0.150941796643815,1.37981108323613,0.494858719998483,0.30550802103497,1.07671753446362,0.247524489366981,8.78825621973334,1000.53036663282,0.693147180559945,1000,0.693147180559945,1000
-0.0834551687325662,0.201176757593146,0.0019422609604241,0.0725407786897988,0.843893616178134,0.105834166133835,1,-0.357990760292234,1.0292142041809,0.298398151198905,0.26534991048931,0.54360809741814,0.207334448525714,0.0479984432338906,0.65335364226139,1.92369535821659,1000.00000980972,0.693147180559945,1000
0.238534643720717,0.238547986436343,0.190008685719512,0.265935645379336,0.938960663796739,0.0475993339088168,1,0.395776387264717,1.14835872427138,0.415024582315329,0.403482600230013,1.12406551848291,0.249158648812791,1.40975327150745,0.70029967767754,1.97493959337033,1000.00038194003,0.693147180559945,1000
-0.118454534651808,0.141795646965731,0.0547238842419019,0.0417925207600752,0.57056275823769,0.290912720143345,1,-1.04715514849172,0.645706730576156,0.370941919786222,0.214463576151961,0.824034045616573,0.211005098696013,2.42393878519222,1000.0001271126,0.693147180559945,1000,0.693147180559945,1000
0.113919058991992,0.198109324832259,1.21590652442405e-15,6.97397078814281e-05,0.842553609563197,0.103032976743457,1,0.0559369002945689,0.931638569972952,0.318154977605632,0.232408077680391,1.06558311376848,0.205012816872206,1.86046865054567,1000.00000029571,0.693147180559945,1000,0.693147180559945,1000
-0.48582783866577,0.159677006807206,2.64706225333299e-12,0.00325516968120558,0.782534614935508,0.0873819673919606,1,-2.71905832183869,0.845762678825431,0.563338300343487,0.242208570508849,1.04036376821859,0.211334683345808,1.81710335397398,1000.00078747363,0.693147180559945,1000,0.693147180559945,1000
0.0412139576807263,0.177742924671091,5.12300237517802e-13,0.00143151428867224,0.953384435211613,0.0255680135479087,1,-0.603502534803928,1.02660020608794,1.10253817509284,0.177800190128833,1.1594948307789,0.452221777382168,0.838313739422663,0.216186213624008,-19.0490028441273,1000.00000000009,4.64614693308698,1000
0.274170188224979,0.189286187549921,3.70059408850017e-11,0.0123720487537797,0.864171886239838,0.0631477523392449,3,1.06676446390628,0.987763989188092,0.574376262801755,0.222044765412727,0.59230295929305,0.286966631402977,2.18142372512119,1000.001238113,0.693147180559945,1000,0.693147180559945,1000
0.123579909864021,0.352075838453898,0.101285085684633,0.504951563575058,0.979725134377745,0.0195213942003208,1,0.113203696978814,2.07451465065026,1.49498301150169,0.284786351540301,0.25261234858836,0.498408312441808,1.12945433828861,0.590422911431183,4.02308881120707,1000.00020911892,0.693147180559945,1000
-0.4982630149709,0.442151771279444,0.690926807981368,0.841505395642669,0.53863563870928,1.68525479418441,1,-1.9672233277201,1.48661945390533,1.00300098776959,0.268971208536867,1.37974293370384,0.404610095879056,2.35236678477435,1000.00023074063,0.693147180559945,1000,0.693147180559945,1000
-0.415387242561683,0.284690193672361,0.164874160994522,0.349542060646838,0.943091076779052,0.0644083509530377,1,-0.749312842329772,1.24632747333281,0.605166397045515,0.511066672147037,0.551822340481157,0.309079025694887,1.39600785290218,0.513162260333657,2.27616472911801,1000.00005692629,0.693147180559945,1000
0.228339242749308,0.167777497128335,0.00160811530898675,0.069511617135004,0.872327015202435,0.0884873823528976,2,0.807216513566375,0.873145809113473,0.907536497217201,0.180651313910184,-0.134682128923611,0.367968046998511,2.37907835533378,1000.00021033563,0.693147180559945,1000,0.693147180559945,1000
0.0971741620064249,0.156908591379952,7.75551920227858e-14,0.000556975446281529,0.880659221169391,0.0608587092565813,1,0.430584618725991,0.647683410617135,0.762341644702254,0.2037049850067,0.780136637110318,0.386101112048816,1.6293418516905,1000.00000581423,0.693147180559945,1000,0.693147180559945,1000
-0.00954377963728669,0.310928044013829,0.345155855126887,0.240751363044387,0.917571916975766,0.0950779379612228,3,-0.601251568537752,1.22235034477333,0.784596212989087,0.411511145477913,0.906181732487658,0.22894576983856,0.821567688321333,0.404138453121118,3.05274650859533,1000.00006958904,0.693147180559945,1000
-0.340118096129896,0.28934084003384,0.254206324823054,0.445003853467694,0.945286548286433,0.0470268362232402,1,-0.412126072979095,1.01471516672571,0.782825897027852,0.34500143829884,1.15083059233931,0.540670302375428,0.645013305112228,0.212761146598423,2.08703422552627,1000.00000311296,0.693147180559945,1000
-0.0902120377786532,0.133471858265405,4.43829832785546e-13,0.00133248933993072,0.837723714627875,0.0879830076953515,1,0.0179797984074444,0.685612311843041,0.719275548450191,0.189404363621922,0.676114865510499,0.591409226693879,2.41014125941216,1000.00001060638,0.693147180559945,1000,0.693147180559945,1000
-0.189757418533832,0.129632694043067,6.14791338805263e-13,0.00156860595766495,0.829106190583432,0.0994220054947174,1,-0.757166423299214,0.650948374034966,0.199887014846997,0.252878888473167,0.403365525872801,0.28216953576795,0.0640241657637638,0.912870387478928,2.05769109546744,1000.00215367232,0.693147180559945,1000
-0.0477238048204137,0.284185351300639,0.162005926779607,0.335275348079057,0.84619760908122,0.195546971190055,1,-0.932470887642242,1.07293704326525,0.702851440873796,0.307080937444696,1.07457273852959,0.250081822214319,0.589264338280811,0.545867079149033,2.01900174772681,1000.00000102713,0.693147180559945,1000
0.021678922399022,0.205587028023196,8.35648592544827e-14,0.000578152349385073,0.901485044023816,0.0480840459112875,1,-0.0529371575678241,0.845342579355998,0.817162658090506,0.187208598024261,0.939147723876182,0.220069678431897,2.08796936058036,1000.00000186518,0.693147180559945,1000,0.693147180559945,1000
-0.108951836271591,0.333820801789763,0.0270023908445528,0.165229646444279,0.943536720867022,0.0471004689728583,1,-0.124441459852582,1.49037511724899,0.915664167851523,0.27150760395454,0.652805152093151,0.173211375701775,2.03643844262716,1000.00000499316,0.693147180559945,1000,0.693147180559945,1000
-0.0705558988135847,0.17084553437756,0.0212611308287108,0.104550598736779,0.886807235388841,0.0716261746512459,1,-0.928096912733859,0.933527927711791,0.625203086668248,0.252138177979374,0.531433637380537,0.236601511707391,0.898559775762306,0.42781104705631,1.99359462555328,1000.00052995283,0.693147180559945,1000
-0.308150924287035,0.183173537071413,0.0181580980155665,0.076074499001957,0.828653210015098,0.111801060368135,1,-0.70959225959753,0.759112413882565,0.790814793497944,0.241947127245328,2.23183188312433,1000.00008340145,0.693147180559945,1000,0.693147180559945,1000,0.693147180559945,1000
0.323973729767335,0.258184972463463,0.0467184680246873,0.230842970331198,0.895386453523868,0.105237572308628,1,1.7111401613198,1.13875122759147,0.439515530813073,0.284768925857067,1.36507428062069,0.493649653389903,2.07683497924272,1000.00000022927,0.693147180559945,1000,0.693147180559945,1000
0.357175498922826,0.407192108296915,6.70896814534992e-14,0.000518033551706145,0.981627672974941,0.0153851067249897,1,2.243903399213,2.30537095894269,1.53704605340044,0.359101573564209,0.924288269534676,0.48985873139697,0.0986457433491143,1.47018693145405,4.14100408200379,1000.00001662879,0.693147180559945,1000
0.407195758476976,0.191324828057785,0.120850046977475,0.0789574935391295,-0.276942187901926,0.396597165535962,1,1.38526363569509,0.732888447492053,0.870227321166428,0.251809733938039,1.23821753397144,0.349320732838953,2.10983841376261,1000.00000119262,0.693147180559945,1000,0.693147180559945,1000
0.104614406784163,0.347464871454166,0.16361801301693,0.279177855725489,0.917898578485579,0.0853743836930537,1,0.880774991090957,1.28656588419717,0.727084504547797,0.226486370977241,0.253291177606596,0.456156497489286,0.68221025365329,0.46796879191466,1.93862496795601,1000.00004515707,0.693147180559945,1000
-0.401749822360834,0.266134511410216,0.0158564955777308,0.273054471224099,0.968448122098088,0.0269728796165003,1,-0.958137168220316,1.42454019571937,0.897284001222032,0.217362475786786,0.911704923836222,0.488348418279495,0.4096994694008,0.355855329192045,1.85090851569868,1000.00000106573,0.693147180559945,1000
0.705998268514081,0.427976921803775,1.04265383702757e-12,0.00204221984147817,0.98431559677816,0.0109054918974924,1,5.27187601381986,2.72048045539701,1.14817005983085,0.449223460761706,0.395740324830676,0.550144020269363,1.1294387588424,0.326388020328057,0.58967001528008,0.764922346502614,4.02430374216252,1000.0001563279
-0.157924768169503,0.292917194733181,0.417344169533064,0.356554262914378,0.619706549709461,0.560189534491652,3,-0.634192648744226,0.750921265536905,0.574807141028831,0.341493399137561,0.877984967400509,0.303079629638711,3.05118659664326,1000.00097727875,0.693147180559945,1000,0.693147180559945,1000
-0.0939927269759868,0.205300264571498,0.0861537766913695,0.157389912572469,0.873262102964553,0.0979839085258105,1,-0.424696927445183,0.809743728758385,0.73486244399899,0.219451802715723,0.725374028057756,0.2090750491887,-0.432510004715477,0.627978876365867,2.04236345926352,1000.0000000116,0.693147180559945,1000
0.200409001162146,0.169414915349897,0.0585859698076816,0.124976541131613,0.741809331243782,0.236521930208821,1,1.08364426674666,0.68082736149979,0.489163306670131,0.245890388715638,0.982399148512986,0.397280343945317,1.99663434314247,1000.00000166815,0.693147180559945,1000,0.693147180559945,1000
0.248362800582805,0.262076579877475,4.52725597210973e-15,0.000134569780078152,0.882547367295461,0.0586407283655473,1,1.85243644831422,1.07010278901502,0.725323127627266,0.320693997159565,0.647368715899185,0.26515308394533,1.89937452257697,1000.00000870536,0.693147180559945,1000,0.693147180559945,1000
0.0309787809665535,0.195492261363956,0.0212610636411375,0.129560734433962,0.932801800183625,0.0482194542059569,1,0.37325538260491,1.15823856558552,0.775954014721582,0.21585006103784,0.678571509571331,0.484686325230542,3.31544264672089,1000.00008817987,0.693147180559945,1000,0.693147180559945,1000
0.0565537200783575,0.203970306330616,0.077290365566352,0.14391937301931,0.764481909596939,0.280489606910953,1,0.575721182681895,0.893011236877328,0.434391102738233,0.255937567442187,0.649229507611776,0.240275562246971,1.93434392161332,1000.00000128303,0.693147180559945,1000,0.693147180559945,1000
-0.137595501927984,0.285687853742865,9.74042255146617e-17,1.97387159156263e-05,0.950132570422046,0.0397878293492402,1,0.268326630173852,1.42998968752002,0.462160101056117,0.257808115559425,0.496117862946672,0.769045937677038,-22.8258584501862,1000,1.09259206165407,0.508902072618696,5.61106341457284,1000
0.120900571063224,0.249670582504003,0.20079836727909,0.204061382579421,0.677765761815075,0.351028740613062,3,1.13246027167124,1.05048063349495,0.837715973224337,0.243531427807412,0.67843800059693,0.592761805893816,0.509479289212883,0.733652959912591,2.86285639382834,1000.00021015892,0.693147180559945,1000
0.0581215953832548,0.250546036427151,0.000810511056076354,0.12207850408471,0.925947759452606,0.058985215501288,1,0.872406588476423,1.42038798292462,0.524897605863647,0.34141831726263,0.652680090914813,0.409242373149668,0.555622900307299,0.567495872221294,-19.3978137591243,1000.00000000018,6.19265079115337,1000
-0.162698794156834,0.209694834363767,2.23660679331993e-15,9.45855568879095e-05,0.882066101222146,0.0603438023166092,1,-0.992859285522545,0.943652644704511,0.861696287119156,0.218192402528795,1.11115513502584,0.586071550699853,2.21829525745677,1000.00000003944,0.693147180559945,1000,0.693147180559945,1000
-0.0627233997015116,0.272704376952869,6.88576645161508e-12,0.00524950779141945,0.958589894649997,0.0347642432812844,1,0.270841547716232,1.58129024594747,0.458565469478429,0.268798732832672,0.829519091922917,0.268507111014845,0.584305237303704,0.356729489596903,1.80088449182864,1000.0000000724,0.693147180559945,1000
0.251408738911824,0.218853879861249,2.53387203754179e-15,0.00010067516284751,0.966110778076021,0.0229221524712569,1,1.676402930773,1.38602870029773,0.846672419576448,0.354700946909398,0.840142171156536,0.216653952012468,0.798370742334541,0.344005206362987,1.99010344359576,1000.00000001011,0.693147180559945,1000
-0.235017027825482,0.306378409931877,0.155432237969756,0.274924634666347,0.929042713873998,0.0417441254081303,1,-1.74759789319397,1.22358912887463,0.897421715659068,0.273156607813777,1.0457919124362,0.40095771163224,2.95498585052376,1000.00045204172,0.693147180559945,1000,0.693147180559945,1000
0.261417857362651,0.176661456827831,4.81192434263441e-11,0.0138963761094754,0.928574690163509,0.0456887979263766,1,1.06923216683279,1.11173863776337,0.279661819259767,0.284724204647537,0.96469774120476,0.329210069059184,2.99890995276771,1000.00009213183,0.693147180559945,1000,0.693147180559945,1000
-0.248181619310896,0.253775685408766,0.125815107693205,0.176320369569658,0.910636481743939,0.0772061058760131,1,-1.06795919191481,1.1900191152061,0.585594629726035,0.274799019427405,0.763484071912866,0.319081168607958,0.308887804635149,0.678852464745544,0.739708605369235,0.426316900672867,1.88577746884893,1000.04778970173
-0.128142286706935,0.17174956804397,0.0102346740218683,0.0683068313058442,0.812883480691068,0.118262102292826,1,-0.446644108415592,0.7620355310951,0.717843797481222,0.251368575565316,0.578472394796443,0.311248531143149,1.95712467457326,1000.00001825555,0.693147180559945,1000,0.693147180559945,1000
0.236372258331872,0.249886574301109,1.94170895051335e-12,0.00278697299239583,0.937396999211493,0.0506933940843643,1,1.47575905929886,1.26878272794761,0.498746887274089,0.419945563259634,0.572479124499189,0.241596559203403,1.01143603966585,0.308976576058944,1.98279988622033,1000.0003572753,0.693147180559945,1000
0.13224806147316,0.177346443777947,0.00557661908260117,0.0724026423871573,0.851488988985697,0.0834143475620168,3,0.73609740568195,0.850811080431491,0.441043026138755,0.197627680756571,-0.0558221851234963,0.406682536784424,2.25848000339487,1000.00003091571,0.693147180559945,1000,0.693147180559945,1000
-0.111748425068837,0.169189097259534,0.0144937807250818,0.0978310142761001,0.841713069943114,0.107340755992217,1,-0.353597917091951,0.843262387152144,0.303053189776829,0.239144928299002,0.574703325695052,0.492214102380584,0.317685442583637,0.226889893770835,1.50296062632181,1000.00000125888,0.693147180559945,1000
-0.26541000225636,0.254108958391634,0.201412601661941,0.236342761011406,0.782053033997663,0.174819742155247,1,-1.33410521808792,0.815941333683098,0.854072872544919,0.227503714365491,0.972081090301972,0.333526586113635,0.265810472684103,0.390484044865163,1.87568202572691,1000.00012041376,0.693147180559945,1000
-0.385989107820419,0.184789163975448,0.026102980901597,0.106102068094238,0.9083175333333,0.0652322241352187,1,-2.2058741916567,0.98703247876478,0.93860138077008,0.175248171456798,1.14153835675368,0.213475870209597,1.98909821298849,1000.00000032435,0.693147180559945,1000,0.693147180559945,1000
-0.0419672166655731,0.278571062502791,0.246879061484106,0.241910381373423,0.424890653388991,1.00835490615077,3,0.429350208544314,0.928593393281279,0.288624064245812,0.287330445688173,0.767699645973895,0.39099863599294,3.1243169787054,1000.00010367641,0.693147180559945,1000,0.693147180559945,1000
-0.186664833360298,0.222916489003918,0.0704859789657044,0.118471091973952,0.833360149303611,0.178713796613637,1,-1.25539450414208,1.30028771800093,0.700743093379084,0.190224279848809,0.870281148999365,0.304428856995195,0.62181828327666,0.260869679756584,1.9175116055199,1000.000008471,0.693147180559945,1000
-0.104692592900107,0.162066769870601,0.041328267911687,0.0821375276247252,0.829997948068551,0.110857653491455,3,-0.505265545631287,0.802819022538872,0.489077414439503,0.226989981782696,0.417289498054466,0.259193303230054,2.48246291524831,1000.00004637282,0.693147180559945,1000,0.693147180559945,1000
-0.273052528985294,0.319242350102784,0.268501905639353,0.305741077444986,0.902723088216711,0.127518807267794,1,-1.2983605779825,1.44503734651257,0.864936333249633,0.491734762927724,0.626577152997857,0.267229136852825,0.840155125181759,0.294445886052418,2.38760947668534,1000.00000304648,0.693147180559945,1000
-0.0813024379318796,0.267971751733319,1.61001289598984e-11,0.00803171321343553,0.856557193201117,0.0887295199273674,3,0.445630991558584,1.08780694265879,0.803675283710495,0.393216137879599,-0.0116713369093885,0.896268626621337,2.04247250374855,1000.00916603836,0.693147180559945,1000,0.693147180559945,1000
0.06263276425985,0.163452927406075,9.03492970861427e-12,0.00601506459392712,0.948265993278857,0.0236396528985226,3,-0.544034524986331,0.913289839778436,0.716923399277016,0.220639415578865,0.432736704563139,0.248895602664377,0.469403710958537,0.465062465215509,3.95710866573175,1000.00236894575,0.693147180559945,1000
-0.313987803681844,0.172727171569175,1.4970896284993e-11,0.00774211729455222,0.83136557495281,0.0887369346707609,3,-1.11120833562399,0.837017634558922,0.567251649783044,0.309720555626489,0.500564379408212,0.367050169368387,2.01607238012876,1000.00029609841,0.693147180559945,1000,0.693147180559945,1000
0.0821476191457486,0.203646622168195,1.6928881572436e-11,0.0082322488723172,0.935529519651653,0.0345793849461003,2,-0.849670838989507,0.993184508158931,1.18048297718468,0.224904523502145,0.881763473104201,0.33823288821944,2.79367638140269,1000.00019417724,0.693147180559945,1000,0.693147180559945,1000
0.037797700062118,0.187222062266949,1.14656206976025e-12,0.00214193549822021,0.849308795280601,0.0818089496490384,1,0.536166412629735,0.840134047813677,0.592981117144767,0.206405709521952,0.265047867516814,0.414552861593321,0.4258966971987,0.283434474578877,1.58098807778969,1000.00774160326,0.693147180559945,1000
-0.525797178441375,0.368971752409898,1.02490970837551e-10,0.020251078654209,0.948215945793884,0.0494940336053154,3,-0.887259434901182,1.71065886650261,1.1001397464679,0.537830374918724,0.899519715650736,0.651866937361481,2.79166737711033,1000.00013245901,0.693147180559945,1000,0.693147180559945,1000
0.0128738948973216,0.194616945953933,0.0390798946279777,0.200020581654719,0.945785762887045,0.0325343209845822,1,-0.526316958375457,1.04552182106155,0.855384973542648,0.228192367845084,0.768180133446278,0.263987703308996,0.561993624809465,0.352716931859571,0.110802911906811,0.514610569226692,1.86909019670187,1000.00000043146
0.199504743753175,0.371151142322916,0.960231411760307,1.19214316322928,0.254288348579578,1.11319833222158,1,0.321054453834016,0.877873297890806,1.45733895981817,0.458013858523627,0.945967347510918,0.553923092585051,1.19558526957426,0.247569579136166,2.28772900225641,1000.0000000066,0.693147180559945,1000
0.171223430880387,0.144048946797434,3.29832548063849e-13,0.00114864645169197,0.923408327850088,0.0342707652566904,1,-0.192139160032985,0.879172310619054,0.786402539048445,0.147645885639335,0.598411863795042,0.283611027078668,-0.0210193295147455,0.561109852661977,2.44522511037393,1000.00031353753,0.693147180559945,1000
0.135252043428889,0.268579312998573,0.184336826857165,0.163568848782697,0.468531777175351,0.66500875722026,1,-0.361397623774606,0.908605162363277,0.565061010175638,0.214642912512891,0.826004981155747,0.29222008897482,0.232926245631248,0.371405574042047,2.30942699767284,1000.05374151217,0.693147180559945,1000
-0.135450695610604,0.116478295667342,0.0407005004812117,0.0841380589299883,0.897668939480152,0.0626005836085353,1,-0.373157362617621,0.732160915575786,0.629173298555467,0.23183808551557,0.313692395168707,0.40717552456194,0.480282829814647,0.258575222440259,1.71700255064974,1000.00065724688,0.693147180559945,1000
0.0681411143928341,0.173692344884321,0.0709729357266823,0.0888563189454072,0.59870869149949,0.427942803566477,3,0.283304612420926,0.738118525711863,0.721701263313181,0.20861486055463,2.69971917486843,1000.00000779405,0.693147180559945,1000,0.693147180559945,1000,0.693147180559945,1000
-0.34527929838859,0.220812423325702,0.00987914565328138,0.139214412571619,0.859504473376784,0.0992334406900194,1,-0.611379044814905,0.832779429949569,0.249096723080166,0.336902049054842,0.628794219170892,0.272753629455835,2.2874051237655,1000.00011341725,0.693147180559945,1000,0.693147180559945,1000
-0.322313133375244,0.196395172708676,0.179121656397226,0.12871125182872,-0.0295209505962788,0.652473953550215,1,-2.28270563779328,0.99551747461674,0.830727188842848,0.196592680368742,0.562679405950818,0.374402054944937,0.252245838829014,1.24225791882194,2.87462751050712,1000.00005492235,0.693147180559945,1000
-0.255719010183731,0.227091755630757,6.68042397504032e-12,0.00517233457257819,0.918440481920314,0.0564087964541701,1,-0.737646744492441,1.06244577079406,-0.00453435454314441,0.395344273354105,1.04051221385183,0.148313519704941,0.309504968180992,0.445307202680981,1.96614243790316,1000.00000005429,0.693147180559945,1000
0.0261945959683724,0.242272292459422,0.288635952121771,0.31981478720356,0.893504482903391,0.11322394417136,1,-0.1008188088763,1.03455237789812,0.867645993282043,0.216083150670345,0.49693962644685,0.566054782071871,0.456607100255528,0.614458044487763,0.59168373323937,0.468044163478813,3.14866922930021,1000.00000998762
0.25966019768321,0.265054424810822,0.00928786376733065,0.089075279637678,0.937756683915386,0.0513086674624507,1,1.16074390188074,1.52361852199208,0.790009195955944,0.182514367830696,1.35929091398565,0.399867940055695,2.11509246180928,1000.0000000365,0.693147180559945,1000,0.693147180559945,1000
-0.259057327771897,0.168963308880646,0.186112681511461,0.114240669589391,0.300413792796913,0.682204299953895,2,-1.8285527965028,0.690038135624625,1.03992830205259,0.185524036611484,0.217373968719635,0.462452741583264,2.38917713829768,1000.00038382252,0.693147180559945,1000,0.693147180559945,1000
0.0518808256101815,0.189436728521091,4.28619037155269e-15,0.000130938063782218,0.785761658004253,0.134124450480554,1,0.313423062282738,0.722099027972326,0.778179889194934,0.216882774821226,-0.13063496371565,0.346050704131207,1.8838042188228,1000.00002085561,0.693147180559945,1000,0.693147180559945,1000
-0.224051090338181,0.291496070145724,8.75040496254428e-13,0.00187090887457181,0.967276594484202,0.022938312131245,1,0.123447211650694,1.44748167445688,0.581474371628402,0.418359602194521,0.706280042947956,0.337424944721689,0.106043949131667,0.552555480999675,2.99377558345279,1000.00011198094,0.693147180559945,1000
-0.191770422030202,0.347230475040737,0.525591651041494,0.490073726282384,0.355490401032398,1.0588163979891,1,0.361382046216139,0.893235365384109,0.621722595402261,0.33559137378395,1.55276573430452,0.478221408291486,2.12897179202452,1000.00004242886,0.693147180559945,1000,0.693147180559945,1000
-0.366866167073066,0.314237022220177,0.153984654386151,0.305983694224873,0.927042014692008,0.0567614354512566,3,-2.2311743989657,1.2663634138099,1.01503445106434,0.228947013545784,-0.129656630906585,0.436793430206475,0.731299746356158,0.231480660814061,2.61745829296405,1000.00063631759,0.693147180559945,1000
0.148455911623227,0.255824651694677,0.0861113028830649,0.237101324300269,0.956577820795674,0.0269017062071347,3,0.214232336358412,1.42058794597757,0.78041274079815,0.239448968352924,0.871131317223823,0.402610147793991,3.21157037432438,1000.00002724673,0.693147180559945,1000,0.693147180559945,1000
0.0851745536459206,0.241357966835212,0.0994890896326688,0.163629429597689,0.772566461266206,0.28783970854658,1,1.18125875562492,1.0132838244592,0.822967688379778,0.288640502289703,0.287669185195422,0.461865392305138,1.93522003713699,1000.0001773144,0.693147180559945,1000,0.693147180559945,1000
-0.258927979458282,0.298081909363493,0.129297318411889,0.270995232943043,0.837929736733931,0.231790338039972,1,-0.900742941542438,1.19546235376664,0.609593300682858,0.320462674222124,1.16687696976351,0.332409584543694,-0.18178587868375,1.21424310677327,1.99226503908729,1000.00008770036,0.693147180559945,1000
0.0834103243975187,0.329676442587714,4.03540664545238e-12,0.00401784293521805,0.958360370579407,0.0326810741027639,3,1.42439504244492,1.69292405167505,0.998816079812681,0.2153209545526,0.947387432079401,0.36350714955128,2.8349891721608,1000.0000169241,0.693147180559945,1000,0.693147180559945,1000
-0.0369204524547149,0.185709270675153,0.0469465165980833,0.0640998374843063,0.801179098563086,0.196060265553567,1,-0.20769720126123,0.913722324354042,0.570223195980459,0.223762326854442,0.732440264251637,0.32252891841246,1.90298144776266,1000.00000036615,0.693147180559945,1000,0.693147180559945,1000
NA,NA,NA,NA,NA,NA,99,NA,NA,NA,NA,NA,NA,NA,NA,NA,NA,NA,NA
0.210630769074819,0.198549354466922,6.36900494117839e-15,0.000159612230667455,0.915861065007089,0.0525298751992332,1,1.02603342684773,1.04244118756092,0.739874858926252,0.240825592103559,0.474424575618555,0.387274104224358,0.520502599385112,0.447188262513608,1.96930092658962,1000.00000046355,0.693147180559945,1000
-0.317121376904725,0.227730222187798,3.79766443542268e-17,1.23250386442502e-05,0.933962845752219,0.0474770709865006,1,-1.19648190510547,1.12847032863942,0.892495774231112,0.381078469705377,1.06455211644045,0.260403944582407,0.0357661571456643,0.769766399543012,2.14166406040524,1000.00000000303,0.693147180559945,1000
-0.23319415636084,0.303793942245887,0.302420395651452,0.26968514333145,0.896713445910566,0.103050519489979,3,-0.604844912436073,1.15496881404924,0.769520856895927,0.249976185614372,1.32542161839023,0.406782499114585,2.95236748695568,1000.00017721157,0.693147180559945,1000,0.693147180559945,1000
0.0697899346812848,0.296210095763266,0.0694591303458726,0.245185929335431,0.920844723912174,0.0968183105466432,3,0.679182895463988,1.18638594350874,0.672553649976394,0.270723549981599,0.592526631096202,0.363240915758793,2.84338282540568,1000.0000163648,0.693147180559945,1000,0.693147180559945,1000
0.282775933091326,0.204746321650154,0.00580757925495118,0.086523202003566,0.872432442080292,0.102125538849582,1,0.7244039956115,1.1353903397957,0.0493376700542807,0.275869380486477,0.524304848012116,0.259181512014017,0.345332174726294,0.342610560317489,2.06096604605724,1000.00000330669,0.693147180559945,1000
0.380373457127273,0.249772425625353,0.0159913631276226,0.141735878168724,0.943410406996399,0.0351115883190396,1,1.93022267883013,1.3117013870884,0.641514577675365,0.271977361477442,0.729639677400811,0.29302219071841,3.10943174884227,1000.00004393204,0.693147180559945,1000,0.693147180559945,1000
-0.106149503058012,0.211419517670607,0.191825474480782,0.13659412400486,-0.1481796822839,0.312446037980176,1,-0.207128291880735,0.656213882967531,0.819159919809238,0.295227618250895,0.428754423400256,0.271201232370238,0.196398655512187,0.376928922336489,2.03209808077554,1000.00000009419,0.693147180559945,1000
-0.336533106338227,0.211276948227455,9.23496386689938e-11,0.0192798357111946,0.914520009104305,0.0451251788902939,2,-1.21097499483377,1.08564242741631,0.634855900844958,0.166341254279544,0.429018634877605,0.422624996748534,2.70541021662784,1000.00010159189,0.693147180559945,1000,0.693147180559945,1000
-0.0269787189711419,0.289194997279009,0.0907769366104791,0.152938440822798,0.896913620887561,0.0657863499770442,1,0.508858343794229,1.32210672703809,0.866112878215061,0.16702352925106,0.488476432864099,0.375151781078314,0.63155590291711,0.259512370933262,1.85467905765753,1000.00009746043,0.693147180559945,1000
-0.114346687030215,0.22529266816528,1.06553791354346e-16,2.06449792832088e-05,0.901761526053362,0.0603718851076172,1,0.281036800827355,1.04589885935951,1.02028862644805,0.359210506827199,0.0685118321322137,0.450855467162163,1.9284608630265,1000.00000070972,0.693147180559945,1000,0.693147180559945,1000
-0.705745513584652,0.53875731015449,1.36146264374862,1.5205250681495,0.0127126583102206,1.34321655041743,1,-0.900462680471729,1.02499723421565,1.32050648393143,0.496335840335661,0.871368307127324,0.34340090069658,3.73378114074894,1000.00124523498,0.693147180559945,1000,0.693147180559945,1000
-0.238978634374103,0.255818079771075,0.0501062384145039,0.227921453182344,0.848262878969603,0.158667733902684,1,0.214594983995522,0.950695304104007,0.476806738958341,0.28938633111246,2.30478323774082,1000.0000608101,0.693147180559945,1000,0.693147180559945,1000,0.693147180559945,1000
0.096412078836799,0.277967474958011,0.213923309761567,0.346459875414079,0.962044739666621,0.0301873579784687,1,-0.707382424835548,1.4856901953771,1.13293883981083,0.360202855925994,0.919963766501643,0.461105534107078,0.746619850147867,0.289762395615244,3.29770861936136,1000.00017643634,0.693147180559945,1000
-0.544982248600803,0.204303249666309,8.17930204813384e-17,1.80878987970214e-05,0.877389990215748,0.062371850394081,1,-2.32590344716013,0.924545377745273,0.871428618675156,0.315570683395858,1.25924506833996,0.357401025397707,2.1930866526993,1000.00000192161,0.693147180559945,1000,0.693147180559945,1000
-0.0249734522728221,0.277681840616699,0.392629380910893,0.374066887905813,0.795912450223475,0.307927944634352,1,-0.0771936174088194,1.02438935890411,1.07778053161878,0.463650025348678,0.595494855681195,0.404226469806255,0.632618381596123,0.295708041566561,0.421019896629113,0.439495910028819,2.1194558040333,1000.00000264747
-0.274765013238879,0.286574500210337,0.635156885169863,0.381177481319461,0.18783806835928,0.617666255598232,1,-0.489720360336838,1.07649135534559,0.559457966544367,0.307069348053779,0.947393162001993,0.324242741528824,1.24576503058363,0.615461665506421,3.45270024708207,1000.0000800967,0.693147180559945,1000
0.540010306172504,0.160618430766106,5.72796986723961e-14,0.000478669870853099,0.794142223567365,0.0803067297354034,3,2.53783660104154,0.864240172833508,0.692750270625506,0.217037208059967,0.66000475869839,0.220755481228269,2.14121920509421,1000.00007501442,0.693147180559945,1000,0.693147180559945,1000
-0.142695262189282,0.24670616843972,0.175633309128475,0.21471476149359,0.69966171880725,0.484017958101193,1,0.0527849764952675,0.820351423848051,0.458379498416398,0.304085912609321,1.00341530224812,0.818101249023557,3.57033260181961,1000.00024792043,0.693147180559945,1000,0.693147180559945,1000
-0.679127949167547,0.709051166846139,2.10252497306031,2.20512506059874,0.88094616376469,0.398233901536622,1,-0.808679164435735,1.91829672313998,1.5219648016047,0.355632878098043,1.68083735125773,1.15785465654466,3.85506619151106,1000.00098078391,0.693147180559945,1000,0.693147180559945,1000
0.0451563673701738,0.0839317597481969,0.00744626810565156,0.0247053805692761,0.589751220720614,0.273821875419014,1,0.053027225679574,0.463898810360864,0.368414890485865,0.210735028832497,0.464723971030075,0.291371602129363,1.99957875422576,1000.00000007622,0.693147180559945,1000,0.693147180559945,1000
-0.0509003635985749,0.230244732417072,1.94860590107495e-14,0.000279185039517685,0.944492641204213,0.0361837844564102,3,-1.639790903192,1.17065422076494,1.2418183075647,0.274956408325595,0.430780180689304,0.293994061631774,1.02900369417595,0.530501677739362,2.66481470695569,1000.00004767536,0.693147180559945,1000
-0.780482703789054,0.406263973555672,0.362553646888948,0.399221889952819,0.880827434594072,0.238957988933616,1,-2.60840214540538,1.67273045725247,0.75564997696792,0.305872762990131,0.759502859028353,0.541787474617964,0.857405221659562,0.747389537800118,3.76638365732386,1000.00023708861,0.693147180559945,1000
0.408245585477114,0.163481510689028,1.05749842035569e-12,0.00205734467139051,0.920439849707397,0.0480165051804002,1,1.30079450701656,0.895713859770162,0.862576811244751,0.272547029486705,0.432771115281015,0.312972962224732,0.626913969499626,0.202304956076411,1.80535640935275,1000.00006996668,0.693147180559945,1000
-0.484315787706045,0.299182436777064,0.457874637631288,0.354009284551222,0.220649296837474,1.72834002110554,1,-1.57911311440708,0.786638153747147,0.68842121736157,0.268930912973033,0.541683311293781,0.296431438528915,0.429204862976633,1.10242214787379,0.069511514416036,0.470778252037662,3.21012911757922,1000.00005337727
-0.032982032896066,0.210710137049338,0.141365596946744,0.147024011976037,0.677923507563199,0.355109428210386,3,0.090261298233242,0.799686492159569,0.772897591577038,0.170704401978354,0.847197680193727,0.686348609278437,-11.0689671548796,1000.00293498008,9.69379101941678,1029.64927149261,0.693147180559945,1000
-0.309618596826514,0.207985230212441,0.166462199707364,0.111205054194221,0.452655301541063,0.437986771073684,1,-1.04422769064893,0.607332053880164,0.832436470420768,0.184385378999277,0.114339284936197,0.460367316374196,0.323356481286798,0.381117807497042,-14.8456268405376,1000.00000283359,0.430649437057203,0.159724148658717
-0.059810246761644,0.259395378144314,0.312385173860202,0.234472303590167,0.544391816023713,0.514505407319076,1,-0.587224154012615,0.755947764810184,0.638931379245485,0.285773643806594,0.694726282168034,0.298878915944937,0.488516201800818,0.801417764433911,0.901348267483593,0.039796413959438,2.09022868126964,1000.00000441248
-0.34158491253547,0.20624729971867,6.69598375948004e-15,0.000163657993462779,0.925173894077461,0.0325430431701472,1,-1.70933818226,0.918848953241252,0.939947693301212,0.1550491696552,0.372084365287446,0.417643899163244,3.43599994008474,1000.00018675162,0.693147180559945,1000,0.693147180559945,1000
0.172463458096459,0.26664797093712,1.62447793045499e-12,0.0025491445807424,0.943089028418086,0.0504716421092391,3,-0.214605300104605,1.1205443467058,0.977472803693355,0.40247487790551,1.00242707387995,0.23092418118533,2.71652649592361,1000.00000237372,0.693147180559945,1000,0.693147180559945,1000
0.0829679598798236,0.243664306590889,8.57406584274277e-16,5.85630146233756e-05,0.93749164286218,0.0317957370822786,1,0.0760652130654182,1.31438870070744,0.937968113950024,0.191732525893516,1.15004047457299,0.343122774201604,-0.0891634167406198,1.04679890761876,2.25555619867532,1000,0.693147180559945,1000
0.0568709106130405,0.228384604620578,0.165805670701354,0.161216212019901,0.884939210698904,0.0924945615471054,1,0.704263803840196,1.07844135146075,0.838515296927335,0.302998582517889,0.495870609716334,0.260903431056438,2.74564107674072,1000.00025554269,0.693147180559945,1000,0.693147180559945,1000
0.244125604124961,0.162980949392083,0.0458793937994579,0.074166523436498,0.816357567268915,0.104286188904195,1,0.842359235088818,0.789354078843827,0.493624724095197,0.200302029984447,0.844704388321595,0.274629713943702,2.0563229900757,1000.00000188301,0.693147180559945,1000,0.693147180559945,1000
0.112336705979196,0.255451265533086,0.033286175180735,0.132927146439966,0.90515813769184,0.0612574503725703,3,0.73407535207067,1.18258708768669,0.89057354559221,0.20131243527794,0.892560850670423,0.332473079024939,2.41750808044066,1000.00010669592,0.693147180559945,1000,0.693147180559945,1000
0.309770481707236,0.216177409315085,2.66255508174428e-12,0.00326368981985068,0.941109723591955,0.0326973117623991,1,0.927399848570327,1.21009165960517,0.66747159247315,0.221369125214462,0.400175723736933,0.492048202707501,0.697084910206892,0.464201425899143,0.881648369340387,0.285863483775723,1.61645354377733,1000.00000557325
-0.128442178820947,0.274405584161704,0.202208012148794,0.250433188455382,0.941322842599503,0.0397809565281327,2,-1.11490233886881,1.07475511036533,1.02702533635888,0.285776500879316,0.864867507472002,0.287918028376454,1.17368942677893,0.817770540900991,3.07608934095041,1000.00007525343,0.693147180559945,1000
-0.224176028053671,0.205466209043921,0.0384822473753508,0.114028782108133,0.853694450158293,0.121532348310371,1,-1.09677016370166,0.933505520299421,0.621065235540864,0.231003840208385,0.596445614066915,0.251558894735471,2.22422929028401,1000.0011280766,0.693147180559945,1000,0.693147180559945,1000
-0.258910487576379,0.264321158871289,0.157760882387496,0.147091751306189,0.730874761847861,0.256068449632539,1,-0.523569426273439,1.12462429344575,0.737915214571894,0.282788197817593,0.399296639704349,0.232233306462022,2.13011680204228,1000.00000100332,0.693147180559945,1000,0.693147180559945,1000
-0.110971850666971,0.182951146416923,0.0463329411272795,0.0985606869080775,0.765782679133695,0.256776180634929,1,-0.510313929962515,0.816427075136147,0.00569064065341481,0.324824143169829,0.694124663196237,0.182453064641755,0.216247808927318,0.456397788617749,1.84775215835596,1000.00000037121,0.693147180559945,1000
-0.359822834388311,0.211334290576053,6.49532584402141e-11,0.0161469234317414,0.937994558016339,0.0314367111613801,2,-0.495879386722643,1.05057715611407,1.07792659273152,0.167328986250373,-0.22097000112984,0.653015797222726,2.5930907167474,1000.00017203912,0.693147180559945,1000,0.693147180559945,1000
-0.362248943944129,0.409093200542651,0.122907399387965,0.290596874280586,0.885699321318763,0.154610095251632,1,-0.130813356213335,1.55522171669318,0.626545592136966,0.290253748330679,0.707814855535182,0.397127531340735,1.70401841767817,1000.00005042278,0.693147180559945,1000,0.693147180559945,1000
0.184205956505094,0.183273787759594,1.59880283637649e-15,7.99700962249884e-05,0.917665913130759,0.0410911592462889,1,0.900697089283403,1.09526991525843,0.227149479923339,0.295937165092293,0.827820410571944,0.156052405486524,0.799978703710622,0.319215345740398,1.98160393124864,1000.00010559366,0.693147180559945,1000
0.143996894022608,0.182427823602093,0.154095546231894,0.13655256152551,0.870377174410048,0.0945611667223995,1,-0.798615629477828,0.996260913616108,0.859553630007674,0.316551746970656,0.894006506089359,0.187923145963961,3.29995590110881,1000.0000634459,0.693147180559945,1000,0.693147180559945,1000
-0.23712107356699,0.186253668053193,2.67323669292175e-11,0.01039463873347,0.847556119801187,0.0698304932985168,1,0.0797277480560756,0.939534665117024,0.234957148477832,0.254675355146758,0.617742902288217,0.209894845839963,1.85579672218741,1000.00000000703,0.693147180559945,1000,0.693147180559945,1000
0.0769413517391867,0.201238810780593,0.120575227321785,0.155909810825282,0.742744943298875,0.209095263756557,1,1.003048558028,0.879984454769113,0.51140896966505,0.268818448811274,1.29786507776978,0.458666035397451,2.37074156905541,1000.00000601851,0.693147180559945,1000,0.693147180559945,1000
-0.286751020788649,0.346538948995044,0.223382649582195,0.336983275154141,0.880721761457872,0.14676573820751,3,-1.15672686923393,1.2423751439541,1.23111995344361,0.321670970940984,0.855213536840554,0.783572929582886,3.05704858852161,1000.00003081178,0.693147180559945,1000,0.693147180559945,1000
0.012288056237627,0.163195425008216,0.00798414073991607,0.0968001897382029,0.922140021072672,0.0430760688372179,1,-1.3466232261069,1.07671196440611,1.01932100898213,0.28335417898872,0.649653019616557,0.302585945836093,0.0700118392731439,0.462629309491424,2.46613108119331,1000.00029131518,0.693147180559945,1000
0.00568224974158959,0.161428826226314,3.24119956870171e-13,0.0011386711394141,0.899700255917529,0.0681872136286208,1,-0.799902626037481,0.994342373362001,0.633615067512844,0.349380129463363,0.796988159322807,0.214552319673409,0.294272861288073,0.461610660444488,1.64759302894689,1000.00970616897,0.693147180559945,1000
-0.539063388272026,0.276698137766283,0.287112426614896,0.253534441623878,0.504947263349462,0.818211933486536,3,-1.0531163161248,0.799213119553035,0.767075730003276,0.353623945885875,3.26954984437581,1000.00002093147,0.693147180559945,1000,0.693147180559945,1000,0.693147180559945,1000
-0.075331417948774,0.225931392879103,1.24818216409958e-13,0.000706592979739517,0.9093146343907,0.0515843289089407,2,-0.424554746636825,1.07114979745288,0.677261023009991,0.243519799490798,0.831099825369572,0.308653665260559,2.59714338177552,1000.00010317348,0.693147180559945,1000,0.693147180559945,1000
0.27613135061654,0.150007995084377,0.0752866413933375,0.0926588753162101,0.705565962689873,0.17554225649832,1,0.67877665480413,0.599098313244016,0.731158534954419,0.179737098436781,0.49664661959934,0.660992423423407,0.200676924580936,0.795008180256403,-14.8407331365187,1000.00000268179,-0.04769428053475,0.25532531031727
0.0330323424035725,0.141213539352548,0.0625593311630253,0.0764717939254877,0.611921028716811,0.398620454728317,3,-0.331653126024538,0.59191690285468,0.587950229958462,0.167932849150378,2.56723661116049,1000.00000899898,0.693147180559945,1000,0.693147180559945,1000,0.693147180559945,1000
-0.20993406456154,0.167533601555886,3.22928175586524e-14,0.000359404573295551,0.913004418807459,0.0548233655371519,2,0.106168804054977,0.914037642637817,0.120748342924907,0.22749499882848,0.431150754399769,0.320071542462685,2.55416261308622,1000.00006234942,0.693147180559945,1000,0.693147180559945,1000
-0.142570707871744,0.181231104003018,1.28013694764962e-12,0.00226305853810321,0.843876946841239,0.0874126939713529,1,-1.08091334654369,0.905889523328275,0.462610456892581,0.237716897576473,0.884951328084831,0.207125929228044,2.03335002745522,1000.00000019414,0.693147180559945,1000,0.693147180559945,1000
-0.015829507048425,0.240137007722886,0.0900639380800141,0.159380945800358,0.914539569498195,0.0761369720748313,1,0.182709738156911,1.25149251424264,0.73879806250137,0.205820726766787,0.715218370596277,0.352548260280901,-0.427030842491558,0.851875464889873,1.03224428744039,0.25135792323161,2.02164587069343,1000.00001758425
0.23686424078079,0.166546317917571,0.119685172293776,0.11312560767376,0.793169807908455,0.119673396490584,1,0.679524310875311,0.664272679028334,0.393265715815216,0.284848299399612,1.1894297809779,0.364783002341477,0.314613042865824,0.93515381056807,2.81043029881045,1000.00020219371,0.693147180559945,1000
-0.44616081270741,0.322777373802574,0.0937693225947981,0.220415056079878,0.848396811096327,0.0942576721472804,1,-1.13072268434262,1.00349547941231,0.54670653257216,0.245244850122948,0.371876067676674,0.326283949860503,-0.167513124606848,0.827211434917175,2.23896767694659,1000.00029362049,0.693147180559945,1000
0.134077845836337,0.175696435009147,0.0196021808481753,0.0812485384651967,0.863255761090445,0.0871749518441784,3,0.0111904805703681,0.93006436656105,0.838968732650401,0.213383046535368,0.830264904360167,0.369673223506469,2.33025543243121,1000.00004664924,0.693147180559945,1000,0.693147180559945,1000
0.0601842771165604,0.198198090650124,4.08581297472835e-14,0.00040427238180313,0.831527691429059,0.100421109709427,1,1.0572227027008,0.828635607377844,0.478683821230726,0.245806289336658,0.796384741407481,0.430675733821365,1.96863992385728,1000.00219264734,0.693147180559945,1000,0.693147180559945,1000
0.0786649256814591,0.229631007402948,0.180695858865083,0.241097566574395,0.889466032811087,0.122675489956422,1,-0.0971930602941859,1.06216792327819,0.617508162955084,0.300938068501328,0.846213170654874,0.263069118555197,3.23626301258605,1000.00001561982,0.693147180559945,1000,0.693147180559945,1000
-0.232712949896605,0.173105532338031,3.46351794815936e-12,0.00372289140098954,0.907180682881139,0.0437071136127037,1,-1.79717805906464,1.00135755842913,0.750037738940402,0.233933093386907,0.59596463717702,0.410281366347669,0.50233390095265,0.328868307814284,2.35135608240862,1000.00028393763,0.693147180559945,1000
-0.0377972153121308,0.232518611038908,0.0891245870311226,0.215448801205091,0.726814222123239,0.31198603953073,1,0.300547845961316,0.842083461549709,0.510585331669506,0.235573220436368,0.437548698271583,0.376796369004701,2.2886036944768,1000.00001545681,0.693147180559945,1000,0.693147180559945,1000
-0.263095574489203,0.185750374657332,4.96680746908372e-13,0.00140955138110292,0.895370528287022,0.0644926407489224,1,-1.61221849806485,1.0060436470261,0.698535719919047,0.204077034153535,1.13427744556853,0.228004219080174,2.08719289600055,1000.00000005808,0.693147180559945,1000,0.693147180559945,1000
-0.0727618655785716,0.250807242014706,0.231474220054196,0.234452302214712,0.792172336371254,0.189201186910289,1,-1.20156822268936,0.806738790670549,0.645807853807099,0.233961185643626,0.732485733675433,0.246070143468068,0.643946350279264,0.437165336724351,2.01651995544459,1000.00076706193,0.693147180559945,1000
0.25323039844593,0.297335111227281,0.368206627670128,0.446394456240505,0.827720261484474,0.215815973035585,1,0.868461983086414,0.968781761321494,0.867407525682191,0.205939014312806,0.437286699892318,0.320489414093995,1.26296576976245,0.722670390172562,1.08367930062968,0.102233230425436,2.16272917451681,1000.00003175967
-0.210275905454654,0.196108748668218,1.26698109613196e-11,0.00712028690773604,0.934680224541143,0.0411960150601966,3,0.154120409314174,0.991139998283821,0.585792944011144,0.316586111397223,0.349380930085689,0.306230404847303,2.90013729302655,1000.00023979523,0.693147180559945,1000,0.693147180559945,1000
-0.422819925719394,0.25314639823321,0.252056809307387,0.162933744849867,-0.182407273842216,0.284744620312006,1,-1.26052986481175,0.711373953253163,0.933566178487448,0.134152928305395,3.30715268944409,1000.00042478365,0.693147180559945,1000,0.693147180559945,1000,0.693147180559945,1000
-0.231859412101698,0.271381019205305,0.0682412226193308,0.169142687922946,0.727984220217281,0.264696320132411,1,0.359511629041204,1.07897353880801,0.218312335896767,0.280778396219206,0.381329443942567,0.367177024891751,2.18798619224581,1000.00043610277,0.693147180559945,1000,0.693147180559945,1000
-0.100694376011369,0.155478216913871,2.90888705123322e-16,3.41109206847691e-05,0.836848576659885,0.0906012649284339,1,-0.4823630403234,0.655790218905028,0.564641572104611,0.244294355946882,1.02835722398893,0.309408875463909,1.50627095996303,1000.00000132522,0.693147180559945,1000,0.693147180559945,1000
-0.0293107261950631,0.172039798823655,0.156438506196824,0.114915246183235,0.353677133353804,0.332511855259222,1,-0.396099165802535,0.612626761583751,0.257837252935101,0.269563762889216,0.947684656186842,0.316103598421319,0.520803801008006,0.397893878963739,1.96546161124843,1000.00007483235,0.693147180559945,1000
0.00308463498110503,0.187167348047881,6.89739759804354e-14,0.000525258197472336,0.964603573495797,0.0252009684617311,1,-0.733416791765987,1.22245223992378,0.695877399377765,0.322148639804595,1.02260889336097,0.335407605918701,1.34936751056649,0.437884414957346,2.08298148597681,1000.00000002658,0.693147180559945,1000
0.143889162068603,0.166441199543763,0.0406415519598641,0.0714762472598905,0.852231411670091,0.100772788706297,1,1.00931056133834,0.929414557670394,0.15410810964845,0.313561783593365,0.344795279008061,0.265920924920779,0.915712647072936,0.514081643752989,-16.5149253496476,1000.00000004195,6.21861069379214,1000
0.140907569147511,0.190978312347665,0.132856222968984,0.119861801673704,0.563082169559893,0.441084716521671,1,0.853554055111419,0.813533285850505,0.601060133763794,0.297154317783383,0.91335469266994,0.353871133833075,0.662277385432084,0.447188450100296,2.05485002090378,1000.00000000066,0.693147180559945,1000
0.151690557294045,0.146155615201306,2.36257279417499e-12,0.00307510281747613,0.864321555941359,0.0707576112547081,3,0.394675743213874,0.733754248635419,0.4413192901136,0.204903187238704,0.658327493084477,0.287464492658394,2.38754988471924,1000.00009596973,0.693147180559945,1000,0.693147180559945,1000
0.0132433922066423,0.225191190186922,3.39642989580567e-11,0.011656658764811,0.956885638051744,0.0221453512905454,3,-0.439453412218176,1.22180791591532,0.685098253610061,0.25469741044182,0.623292919131066,0.313281382666986,0.86082628082602,0.557308848223589,2.67962407617998,1000.00036934729,0.693147180559945,1000
0.038348239120525,0.175798422062126,0.0523944757866459,0.0957204163364675,0.845478113381964,0.0924092738152996,1,-0.359681550985826,0.780936135571351,0.490047512127949,0.224260357292721,0.433520011092462,0.267711221925718,0.258920617581601,0.553879041174424,2.23502728832409,1000.00013373245,0.693147180559945,1000
-0.0860051037803932,0.152324456403907,3.07916893729743e-12,0.0035100538771591,0.823969143773786,0.0866232445906975,3,-0.31233623992204,0.666722977442848,0.213939726200549,0.237354563130668,2.37135512756022,1000.00001108009,0.693147180559945,1000,0.693147180559945,1000,0.693147180559945,1000
0.146585793592953,0.195233174755232,0.0796965889791207,0.111487932875747,0.897637183630206,0.0736273728725772,1,0.635823169938914,0.953760985644292,0.674497113957196,0.277630216394867,0.659633731636186,0.257042735754296,2.35870142010889,1000.00000836371,0.693147180559945,1000,0.693147180559945,1000
-0.263353044257902,0.127671152392651,1.19229157617457e-13,0.000690595547909448,0.783670021115844,0.113839923788387,1,-1.15790126764149,0.567460701475189,0.718201481129826,0.21975955196475,0.47201314268902,0.40718799163881,2.06137460765742,1000.00002861162,0.693147180559945,1000,0.693147180559945,1000
-0.339224033643378,0.248615856767806,0.133367043202845,0.170645951343202,0.770132317888563,0.220527566594794,1,-1.8765292775461,1.01809381386113,0.704515025636384,0.272250613209192,0.568572444753983,0.234894390106797,2.37466654079867,1000.00277071492,0.693147180559945,1000,0.693147180559945,1000
-0.0890172645425059,0.16600761959229,0.108879466930028,0.0866442748298776,0.346810913969098,0.441240522915623,1,-1.292414959118,0.591627590623292,0.48675043296115,0.219632607338209,0.685724791334685,0.267421877601646,0.168528540065743,0.441248111119113,1.91177993243608,1000.00005482988,0.693147180559945,1000
-0.0126360481007983,0.290593217169484,0.222199466785863,0.364689117011959,0.9402228863293,0.0877046718096279,1,0.206559786013852,1.16509121480183,0.447808002846092,0.698126839106848,1.02275793290957,0.204712105758414,0.656987114069806,1.17249394367332,2.42805173164375,1000.00001173336,0.693147180559945,1000
0.0270071192245328,0.183540558453144,2.37925582595283e-14,0.000308497160010273,0.930503645233915,0.0398215342196393,1,-0.0196497779509201,1.09701952576569,0.702462210719419,0.231750657327028,0.749449401036128,0.45964997983405,0.259291755697297,0.305598101194797,2.36108114873279,1000,0.693147180559945,1000
-0.00725681153042184,0.151790154562702,0.0985931632841829,0.0809826917515762,0.616059451314597,0.350882205466513,3,-0.0121832377462272,0.530720241705972,0.285144778503778,0.208082324171232,0.866115187710863,0.242342509269544,3.945624394576,1000.00177137013,0.693147180559945,1000,0.693147180559945,1000
-0.0692939072945598,0.192263022084909,0.162259828970536,0.185652928739317,0.819500043469061,0.162273054098903,1,-0.456373156328192,0.735156697799165,0.940353408527739,0.249470095849573,0.754486406953876,0.344285172813413,0.650420260766199,0.0945179745807573,2.00935868687729,1000.00005233955,0.693147180559945,1000
-0.136146400103132,0.323464836146554,0.430404558548806,0.352381742627264,0.0694891790299534,1.26277848754648,1,0.27624765914133,0.958851273477386,1.0424102552458,0.365040062805335,3.2374588864215,1000.00007309921,0.693147180559945,1000,0.693147180559945,1000,0.693147180559945,1000
0.0785941391273167,0.310462402285239,0.0160317429472141,0.139443112098548,0.946764190363684,0.0402855833238619,1,0.806546101749799,1.70726268423011,0.444634048377553,0.337655671765458,0.725520673568698,0.233391501133083,1.04722573116061,0.260021864463203,1.87680011983171,1000.00000151056,0.693147180559945,1000
0.189175392068553,0.148983782517932,0.083183263142834,0.0938115894642981,0.840272932537824,0.12610788500383,3,0.413218632587674,0.668026772079739,0.86516687656509,0.233427274686886,0.193099214702629,0.471458881727974,0.379492275909236,0.630190812016378,2.3501975261516,1000.00030362131,0.693147180559945,1000
0.107809706420911,0.214794908236969,0.0316084862016031,0.0876768068003915,0.824051287239207,0.16469752281072,1,1.29769812670335,1.1086372470287,0.529665229218036,0.259302004252103,0.553236695509563,0.419074975430553,1.93513240865335,1000.00060638181,0.693147180559945,1000,0.693147180559945,1000
-0.0608445558446619,0.225256803084519,0.280262769089845,0.220295710457159,0.382797425175517,1.13732355338968,3,-0.611321588332923,0.798430254717449,0.854009447811371,0.233027179699536,0.624073486886884,0.373966142601217,2.6997051043315,1000.00024105894,0.693147180559945,1000,0.693147180559945,1000
0.0698420975667227,0.255353310124103,0.0240209502938982,0.16307669045626,0.935116921434382,0.0648998165027293,3,0.203530483251274,1.35372187880717,0.861676200891534,0.189417487297749,0.39072026103489,0.329255439087033,0.352524344510102,0.661677252725149,0.396676858524579,0.699536386234438,2.70021111525267,1000.00051686753
-0.188846177877392,0.271089138630117,0.364038689498449,0.248298723824943,-0.071205196232199,0.426952488912446,3,-0.081322149422769,0.810880893174828,0.618034126429551,0.24684115214587,0.736745089519756,0.701064806587989,0.507177466436199,0.464349516390176,3.20309239720526,1000.0001487211,0.693147180559945,1000
0.0267393895251845,0.212575331588671,0.0652065576482898,0.135918389657024,0.890901577118389,0.0858166832898825,1,0.0499832419573233,1.04748899156857,0.677148997349944,0.29552776585275,1.12179251862504,0.299687988709344,2.1135712206664,1000.00000501617,0.693147180559945,1000,0.693147180559945,1000
-0.0221281481784906,0.178728959256843,0.00320898439458805,0.08849802944121,0.912368038274321,0.0605521544126562,3,-0.517799350967239,1.11801420790156,0.732699486916835,0.203350497790851,0.523356532942357,0.363812430820378,2.57518801540606,1000.00008382332,0.693147180559945,1000,0.693147180559945,1000
0.317286413217792,0.161159562227312,7.8181796537696e-12,0.00559454869633438,0.9117174121849,0.0345609593617122,2,0.782394240953947,0.837401162077841,0.552087271432298,0.20847367716654,0.983233995458108,0.224143629941616,-0.409596374490165,0.777994484485441,2.29295955950338,1000.00129465072,0.693147180559945,1000
-0.0860989570395034,0.258268496867202,0.275263866607587,0.207167244466126,0.368527153203103,0.77111209250157,1,-0.0199479800342166,0.684464666913311,0.618690991552442,0.264380989725585,0.621605373579539,0.256914068729515,1.07692540053297,0.316935029600383,2.11182576478974,1000.00000143095,0.693147180559945,1000
0.265668347779727,0.287600161474325,0.220328196564208,0.212503677501158,0.870995561955937,0.126117388930592,1,1.67910297578496,1.15086426099489,0.566164825523364,0.300302445025783,0.698378207637078,0.419293035906678,0.7873907063144,0.293710604655903,2.28626974824406,1000.00575860357,0.693147180559945,1000
0.361863156843917,0.224941462043431,9.35107205225304e-16,6.11590513732591e-05,0.916347810555844,0.0457203313565461,1,1.63808482926381,1.17732322103187,0.808956367407289,0.284492380610117,0.674176958106608,0.265778435720572,3.5613489532968,1000.00008802316,0.693147180559945,1000,0.693147180559945,1000
0.279124043284402,0.244702872221772,1.37868311705172e-15,7.42612464581237e-05,0.939709697155897,0.0369599435746016,1,-0.183922995841549,1.07740688294339,1.25503598653933,0.294234874959981,0.616806061585681,0.287218529452963,0.74322753721818,0.298758937094938,1.99373167122105,1000.00225189352,0.693147180559945,1000
-0.227026490102985,0.186676922998549,0.0282709500755746,0.0935984142058743,0.901519446467654,0.0524648802390234,1,-1.6674741869381,1.06915569547761,0.788880806183056,0.25330954036069,0.266470904905418,0.403471118253372,1.13136120033298,0.32023207789485,1.91286102427232,1000.00004564582,0.693147180559945,1000
0.0146349594638069,0.202509733510181,0.0580575864104301,0.118083942939734,0.809499392863802,0.14486458190512,1,0.268569586465395,0.804479152760106,0.361160766775478,0.246814224869269,0.749293368940898,0.458012873211405,0.259620121056294,0.802126310842408,2.38685797340338,1000.00155999363,0.693147180559945,1000
0.354540103513507,0.450960272383466,0.544638199560663,0.697110268927767,0.935420628004625,0.096103979219216,1,2.04931649420743,1.88438341822063,0.647048085024248,0.341887315588615,1.16595295101491,0.419280355145065,0.349511082251673,0.662853952522344,0.286712568437464,1.70129559559153,1.00508041306339,0.15982453881073
-0.556108956817636,0.458498367191613,0.263859302489464,0.196706577084316,0.827687664883891,0.233945050990707,1,-1.71004744016642,1.6909571504167,0.648365443016538,0.304652271242159,1.03391961527035,0.376981006861436,2.84286283410627,1000.00009148676,0.693147180559945,1000,0.693147180559945,1000
-0.2759358505151,0.364818110481341,0.169735203929017,0.267320157345481,0.897737236938168,0.111633317804581,1,0.298757200055789,1.11474964236661,0.575691041030072,0.308495966821861,0.682227500985592,0.422911473952392,0.235041092092135,0.310411122999407,1.81858818923132,1000.00021644029,0.693147180559945,1000
0.20255199592922,0.281594641082723,0.181272185220116,0.202490978828371,0.583950811159867,1.22794042885627,1,1.37733450433281,1.1286246840364,0.932942768275415,0.312843776343893,-0.548595096862497,0.64631103355813,0.367598058206495,0.991942595049165,2.93135298178427,1000.00011072797,0.693147180559945,1000
-0.0128176819200107,0.111591952186174,6.16426575585955e-13,0.00157042303958081,0.785130426979034,0.127204094774725,1,-0.466786056229952,0.611211091853414,0.646289521078244,0.288834356374034,0.104265054588221,0.293260046333979,2.23432812200548,1000.00000712057,0.693147180559945,1000,0.693147180559945,1000
0.13510818458425,0.158370223330704,9.53125686552214e-13,0.00195287125793915,0.885780637174311,0.0643495081604884,1,0.522470795125479,0.926215861283344,0.763077908383069,0.339702432641931,0.955040866968248,0.200925963905084,1.77525478533336,1000.0000007614,0.693147180559945,1000,0.693147180559945,1000
0.178341693156852,0.176536900862145,9.1877560835513e-14,0.000606226899795327,0.862266448666217,0.0748194605792572,1,0.503995648145261,0.945484201730065,0.661319786444419,0.279204398434214,0.883640073634199,0.398016853594532,0.0901023359768795,0.378226164050617,1.92244561305201,1000.00000053448,0.693147180559945,1000
0.0216800361673142,0.232579274834688,0.0594277224331122,0.177866779317246,0.900964195377985,0.0812127498705598,1,-0.66113299041035,1.17270852195192,1.12840109227183,0.247574697052643,0.740961365805441,0.304354294742843,1.99460529001433,1000.00000006146,0.693147180559945,1000,0.693147180559945,1000
0.385682915144017,0.133191209951061,8.42959700455359e-10,0.0579921185331312,0.883771285487997,0.0396277645755003,3,0.972089295479881,0.731021902590059,0.712639504762836,0.183184276791463,0.470803881226516,0.346898355316096,0.545178535970846,0.278205569683316,2.36870568264768,1000.00000137995,0.693147180559945,1000
-0.324186467364591,0.285087259585437,0.32270794852539,0.267602870847852,0.599823168826863,0.588514138994962,1,-0.555957031179023,0.992158487577549,0.573907866162017,0.272275080571932,0.536094675105105,0.27219085470226,0.886396551136118,0.666557991125169,2.90996506112299,1000.00328650097,0.693147180559945,1000
0.402626636686754,0.183719170924724,0.0244369260107224,0.0528945803477004,0.792458904753576,0.138158728818791,1,-0.271689437246422,0.830466017391085,0.695675565918545,0.242975259144926,0.650082198846372,0.212959565534812,0.377907475236086,0.313879906782775,2.35289613032368,1000.00029319728,0.693147180559945,1000
-0.162163261814647,0.168305355430866,0.16224681959866,0.121598452566084,0.477586468268506,0.470705614385605,3,-0.773827494649712,0.709600880605465,0.504541896406114,0.215512414607186,0.705667261304157,0.251818221098478,2.51073575782341,1000.00000805489,0.693147180559945,1000,0.693147180559945,1000
0.298686408332787,0.181868339010613,1.31141874325878e-14,0.000229034464147496,0.904711667918673,0.0631780889322946,1,1.12009187983685,1.11378483678193,0.629549383647124,0.309875549894584,0.67972181447556,0.251886290054969,0.241216682416335,0.447378992169764,2.14327005059937,1000.0000001731,0.693147180559945,1000
-0.0931630816321969,0.211995341159975,0.15009626660673,0.17282920291229,0.940897056152364,0.0615816818327692,1,-0.748765424171672,1.20049823841183,0.918679002219402,0.378265346440232,0.871582741117254,0.293165676544693,1.26786104393109,0.508098008404319,2.11378898500292,1000.00014182666,0.693147180559945,1000
-0.133369401049598,0.471195961295959,0.313983372891319,0.518179954360217,0.925804007301849,0.109431290020872,1,1.11894061491838,1.75278659153381,0.793428070659292,0.429081603812075,0.755290245044371,0.548483694460901,0.104948569108373,0.940218000267084,0.728730714903454,0.133284782998742,1.92359358041608,1000.00000920248
0.42655130036022,0.453891862875621,9.48330085703219e-15,0.000194764488107672,0.978751550634305,0.0145973330385982,1,3.60759539698318,2.85590205130052,0.891876618267964,0.386761773285805,0.787379289307699,0.350311617306342,1.21067944407433,0.622043669506301,3.36342947569022,1000.00038239295,0.693147180559945,1000
-0.319105740751188,0.41688104964634,0.287101783714691,0.439343926883088,0.897910758383852,0.10257677690414,1,-1.04104128654749,1.30807201385029,0.5822424989562,0.393569837897278,1.1716699531905,0.2668246200408,2.11191916375991,1000.00003519041,0.693147180559945,1000,0.693147180559945,1000
-0.282712488643202,0.208883961312359,0.101884906802386,0.0936256363131682,0.633344150553453,0.5301162286331,2,-0.675536347554192,1.02385292012891,0.0200063573012845,0.252938131783694,4.06290022903226,1000.00111772781,0.693147180559945,1000,0.693147180559945,1000,0.693147180559945,1000
-0.0562831319217617,0.181958309800076,0.00455933961249587,0.066050856966464,0.884697273256986,0.0972359706384323,1,0.222438986470609,1.06529368642629,0.268481316356246,0.299511096333509,0.793870827943076,0.260543066481007,2.01371187856919,1000.00008523592,0.693147180559945,1000,0.693147180559945,1000
0.017781880834058,0.312874419168683,0.133716353785209,0.273360421813209,0.931530715956859,0.0756004457645749,3,-0.750126385531011,1.28413279007284,1.06172357016268,0.306795260440262,1.42414568784876,0.595284722545085,2.90693058887094,1000.00004283103,0.693147180559945,1000,0.693147180559945,1000
-0.525553283631051,0.446299130873944,0.846744808331648,0.953691360683605,0.7608486075948,0.653514653603102,1,-1.05935454873579,1.23864688164893,0.608166331890245,0.501592351087139,1.14289115284776,0.389764992418667,0.989363641215605,0.42623736901971,2.01860406402266,1000.0000071617,0.693147180559945,1000
-0.090090798523511,0.521541906323726,0.877124157517167,1.07097753418764,0.873646727208484,0.212254903301786,1,0.487895043693742,1.58139200739931,1.47341069158511,0.513823274937368,3.75932659241841,1000.00137865138,0.693147180559945,1000,0.693147180559945,1000,0.693147180559945,1000
-0.194998357724406,0.12601663964607,0.0402786574487008,0.0649293016690052,0.783113096083191,0.134096656849303,1,-1.94237683315017,0.712855644166332,0.954025208148113,0.150966712145062,0.854067246698687,0.275776348892913,1.83076016190279,1000.0000001448,0.693147180559945,1000,0.693147180559945,1000
-0.0553000112076963,0.443211099306386,1.22614807154703,1.06659822282635,0.777950395093928,0.470433640593328,1,0.369653684548517,1.21072583239025,0.489098610000525,0.437946255749348,1.32836281223126,0.203593722104041,1.70087698447436,0.22188512188214,2.30341810296191,1000.00052887656,0.693147180559945,1000
0.107840492858751,0.22441778014321,0.125617223682261,0.17509804069121,0.751850785562314,0.270351547834895,3,0.175579351906189,0.903772846385352,0.440163049317033,0.263334117688725,0.528471670022793,0.250695304621863,2.93835950196884,1000.00000094844,0.693147180559945,1000,0.693147180559945,1000
0.0521099252613006,0.249617024250505,0.29542459407007,0.358862025181841,0.898667186595128,0.1329237162202,1,0.298268577938254,0.924270260663116,1.05351675957863,0.249526910569802,1.05121794439132,0.777599737410972,-14.5076837056407,1000.00000099676,0.915680668263969,0.211274160608695,6.35778698726144,1000
0.513543159773143,0.174214831258068,2.94722756635611e-14,0.000343351814331628,0.694672379922313,0.199900687139533,1,2.48505542684034,0.803173557331326,0.775242447593947,0.235022503927464,1.86202122062232,1000.0000000472,0.693147180559945,1000,0.693147180559945,1000,0.693147180559945,1000
0.000741820022132992,0.179414879857689,7.07730007498929e-11,0.0169521532866611,0.935413939140746,0.0302153057450384,1,-1.34265946035618,1.03928344294731,0.67653104911967,0.191314216572977,0.987601044494944,0.220105813984421,1.09148812684877,0.350712074431109,1.94324344066985,1000.00000596923,0.693147180559945,1000
-0.0835374622197909,0.145459665577113,1.37903853407352e-12,0.00235009218366279,0.824483839770809,0.0776429234531195,1,0.231959480531809,0.666511273306016,0.570293030569262,0.175200764261399,0.722733691688655,0.343976153859597,-19.6914523828062,1000.00000000028,2.49518550962749,1000,0.693147180559945,1000
-0.0978215186690251,0.202548806319706,5.52775735332519e-12,0.00470248345918014,0.927654888836728,0.0469739547281813,1,-0.179257969386684,1.01207826824087,0.848246872478537,0.289864283371997,0.517765053675047,0.289255881629288,2.52051889754636,1000.00060485649,0.693147180559945,1000,0.693147180559945,1000
0.00589278044368592,0.176815551568385,1.55003426851663e-11,0.00787722745511792,0.858683051651431,0.0693759697849316,2,-0.402889183878156,0.892244644887236,0.583289344184786,0.213198498586562,0.710233345687787,0.23611425129335,2.31029095449308,1000.00000805696,0.693147180559945,1000,0.693147180559945,1000
-0.113255761345596,0.273047314908036,0.169240618580989,0.182464983464824,0.523356058730532,0.302094037629092,3,0.1033407708746,0.881637132246021,0.809480138859304,0.220170636152862,3.84562412894242,1000.00094503182,0.693147180559945,1000,0.693147180559945,1000,0.693147180559945,1000
-0.416060591391921,0.235077453751958,0.176516318828821,0.15095538004165,0.766735693997603,0.200307989851719,3,-2.89772960740182,0.945360460984967,1.00167236877389,0.161298114631009,0.292223089489872,0.386377463892103,0.393326185343102,0.297164529688131,2.82757543771992,1000.00003264127,0.693147180559945,1000
0.519350381342112,0.355511426593265,5.84839772406e-15,0.000152949645619058,0.940374824791429,0.0457457047147285,1,3.09314982709027,1.85451122890565,0.982510956269372,0.359638875049905,1.06860201621882,0.286406645151702,1.85996305154714,1000.00000256484,0.693147180559945,1000,0.693147180559945,1000
-0.0734322327492583,0.16628691782336,0.043205913428439,0.0902814781665807,0.810800702909931,0.163786161801588,1,-0.00760633188796917,0.826222926905021,-0.157979266794866,0.320684550518171,0.526698396444096,0.269898028977746,2.50970818968531,1000.00000990648,0.693147180559945,1000,0.693147180559945,1000
0.0465100311778697,0.159222232965481,1.24157963007505e-15,7.047211638091e-05,0.91750116200007,0.0426314054404602,1,-0.579402190268127,1.02258423736853,0.68167099295713,0.225512178387189,0.490334443658679,0.38963955475482,1.02893412819753,0.264363945709031,1.95376184753281,1000.0000057791,0.693147180559945,1000
0.0321821775939947,0.22722939578459,0.0489593066898521,0.14568793978368,0.831865976688739,0.160848244550867,1,0.435528765084006,0.906762359684729,0.902159675878409,0.290515997197802,0.590245661829662,0.564902238249078,2.11172985580312,1000.00000499776,0.693147180559945,1000,0.693147180559945,1000
0.214861007087411,0.240451747256559,0.118278217609119,0.180789367145481,0.763444472875936,0.324214157321992,1,1.0616891081635,0.96351186129816,0.819666286292507,0.380813845174042,0.216802177836163,0.445028094734672,0.73333209347008,0.399319821331528,1.96167881600732,1000.00000023976,0.693147180559945,1000
0.170489793846915,0.232156076351409,8.49496289348294e-16,5.82922402912324e-05,0.950216110834409,0.0277756886815453,1,1.42697526625542,1.35499106715958,0.810824188087035,0.226806150972768,0.716975303232434,0.371202344085043,3.7270531055581,1000.00125680858,0.693147180559945,1000,0.693147180559945,1000
NA,NA,NA,NA,NA,NA,99,NA,NA,NA,NA,NA,NA,NA,NA,NA,NA,NA,NA
-0.309008018294655,0.24612516434348,0.172859719969884,0.165353778186886,0.45874366177591,0.645277767120595,3,0.00360499710154843,0.902170363723377,0.540110119472434,0.317559527352243,0.646371530628177,1.00892659008543,2.72173193916516,1000.00010312439,0.693147180559945,1000,0.693147180559945,1000
-0.119826819401022,0.226596141234847,0.0579870831072933,0.182474594989534,0.904998131030009,0.0998032518234232,1,-0.397276555241779,1.06164077522528,0.23389466518828,0.248845390296876,0.440315545118774,0.335752153785695,1.14664226312329,0.323403959381816,2.15894153988205,1000.000000013,0.693147180559945,1000
-0.0395090316295069,0.213728578637284,0.207154061688781,0.121677886755147,-0.0130552848626105,0.385658098371185,1,-1.28187251547819,0.619812333141563,0.775100159008074,0.168598253997104,0.955620259822928,0.283777589850858,0.785025502551559,0.141939472171483,2.03031977054163,1000.00044762809,0.693147180559945,1000
-0.102850711489848,0.271595724100174,4.17511281196346e-14,0.000408661902806834,0.933337702401919,0.0345326831818829,1,-0.347301113232722,1.00843856577424,0.642882884649807,0.197717584376849,2.70628866254423,1000.00037620017,0.693147180559945,1000,0.693147180559945,1000,0.693147180559945,1000
0.117325954661391,0.216699962666318,0.179537176288345,0.093845855168792,-0.296162618796861,0.314834552367995,1,-0.132835840088992,0.643835557992917,0.715424432785803,0.204335558867871,1.18226865529696,0.206613970761898,2.35277815328645,1000.00000028404,0.693147180559945,1000,0.693147180559945,1000
-0.140117274066798,0.32712155337551,4.48570799737883e-13,0.00133951585782243,0.958345237509318,0.0294850155366062,3,0.0929606732696022,1.70030239308975,1.11944299522764,0.365368834121116,1.01681834014794,0.502120802621142,3.0221543636725,1000.0000800843,0.693147180559945,1000,0.693147180559945,1000
0.160973401796192,0.201221006183358,1.18275117939e-12,0.0021752306144643,0.900680533999951,0.0431159693422483,3,0.743663340860757,1.13625329497212,0.948258586446514,0.205717882511426,0.202781070921245,0.386348615626554,2.49580697705197,1000.00101525967,0.693147180559945,1000,0.693147180559945,1000
-0.00533111327921883,0.123714334243335,0.0105194912055311,0.0324595065449219,0.723305127154927,0.152115403836493,3,0.11162239635087,0.647835272771783,0.157868052543857,0.270719378361286,0.523913889175528,0.296297606226649,2.11216751647581,1000.00063694579,0.693147180559945,1000,0.693147180559945,1000
0.0184277860051487,0.147182694638504,5.54550663097853e-13,0.00148959504637824,0.821760232201862,0.0948190318526327,1,1.38215940470164,0.759270529435097,-0.0601245478287166,0.365813225986489,0.464799946354635,0.351219821268001,1.72052381353046,1000.00000101395,0.693147180559945,1000,0.693147180559945,1000
-0.095398472289608,0.252397965563554,0.270733274508772,0.253513413766626,0.319899416854044,0.865728775176697,1,-0.392216814050687,0.726824478709877,0.609423279958702,0.256049729319017,1.18283228717587,0.411518609035924,2.33831121907406,1000.0000025178,0.693147180559945,1000,0.693147180559945,1000
0.432058182574212,0.186166617977275,2.10916725207358e-15,9.18513425567423e-05,0.937184109602134,0.0341071482132873,1,2.06300719199026,1.05818648326241,1.270607753065,0.185796591523938,2.70054760302841,1000.00015813428,0.693147180559945,1000,0.693147180559945,1000,0.693147180559945,1000
-0.0262350332661189,0.207914844335808,2.4237445444934e-13,0.000984655474319569,0.879257535329182,0.0509095089777548,3,-1.19876280191179,0.773574992510561,0.913767174453191,0.1308954354719,0.637563701813999,0.360908259608271,0.412949153631914,0.61097517857226,2.22304987084645,1000.00037658115,0.693147180559945,1000
0.0689436427539966,0.178610100127944,0.0369384598016791,0.101297193385637,0.811975204624586,0.0926519248585495,1,0.194558846783389,0.668850625785365,0.762614346982003,0.264332317858975,0.766754391436654,0.356390119339561,1.76208257060788,1000.00000041402,0.693147180559945,1000,0.693147180559945,1000
0.289673469422214,0.217826861274272,0.127818309904925,0.15119611789969,0.90677370774035,0.0827617762590667,1,0.655680781228072,0.991655133356116,0.662829586893394,0.344751577576316,1.06909662259942,0.202109765753091,0.869792147117759,0.407319957521288,2.20475894320498,1000.00001242816,0.693147180559945,1000
0.140327680395492,0.191254430371268,0.0674338756967618,0.0778297593907926,0.626930117617955,0.522883937018548,1,0.730524167197612,1.02593746865889,0.627951873779593,0.188195628743728,0.832119352143099,0.205471720022864,1.9665167579395,1000.00035308165,0.693147180559945,1000,0.693147180559945,1000
-0.36710940914133,0.26052699728627,3.54630904035769e-14,0.000376633244275114,0.88273387257448,0.0769936814926028,1,-1.50052780367862,1.3775674533385,0.0905275190566529,0.316248394949605,1.08637634085803,0.198810229723311,2.10069057067434,1000.00000139155,0.693147180559945,1000,0.693147180559945,1000
0.462420138590778,0.259217488389067,0.0989965122330817,0.237534089153345,0.769851126821274,0.565325112499939,1,3.2553831438911,1.29239631245617,0.460726948943304,0.285357673356328,0.835922438062805,0.71408344582191,-0.0760335930221831,0.3332290270864,0.0956096359029008,0.0709313830811235,1.75983783263578,1000.0000036826
-0.0119589810464454,0.19749252689683,0.0940002440301601,0.169565434396439,0.871887947959786,0.0894686724063321,1,0.0647955782034057,0.764695212103328,0.731496278162155,0.239600856808943,0.819164476546737,0.252968824249812,2.23967266844017,1000.00001937126,0.693147180559945,1000,0.693147180559945,1000
-0.0408002324021221,0.198699038370903,0.204979682068837,0.12044645996416,0.606404051946072,0.372785668349685,1,-0.0465170416956975,0.653855859723799,0.672697144370695,0.269278681148656,0.68239630604655,0.270561911967878,2.82819266169332,1000.00004116391,0.693147180559945,1000,0.693147180559945,1000
-0.395229228285476,0.332388330325145,0.166320436193739,0.213121849745386,0.776594474412951,0.204156267142036,1,-1.80873703639844,1.24758608278202,0.573877220905505,0.272476829547677,1.03635559270506,0.24864905493554,2.03304414017597,1000.00000422936,0.693147180559945,1000,0.693147180559945,1000
-0.179055600370208,0.142462949954262,0.034909092199408,0.0586676925420034,0.923940353509885,0.0496020262983102,1,0.0704632275163074,0.774103481802454,0.24037765072808,0.223938995115058,1.27332198098294,0.350193101433828,1.77411563178228,1000.0000318091,0.693147180559945,1000,0.693147180559945,1000
-0.389243426192437,0.372726503114106,2.49545640979527e-16,3.15940278474995e-05,0.942633073864259,0.0299063803402032,1,-1.00959534266802,1.54632647005369,0.686356621171257,0.307225791192006,0.718073447421603,0.45461423810105,0.818378704158354,0.403600143533674,2.10098371304572,1000.00000035243,0.693147180559945,1000
0.133166671646537,0.23888198030673,0.0709951829467605,0.116737352459402,0.897701652533562,0.0534346578187562,1,0.797984252378679,1.06156056916502,0.822418031605764,0.172022431512774,1.03822934236881,0.220662817583429,1.61767072245022,1000.00000820765,0.693147180559945,1000,0.693147180559945,1000
-0.157557191257179,0.212736849713584,0.00117661206602972,0.128745220223807,0.901261658396411,0.0835499928298237,1,-0.0991223760480178,0.932381310521343,0.844166149586359,0.378659606630959,0.956059839119982,0.312279996012094,2.06096440687822,1000.00000312002,0.693147180559945,1000,0.693147180559945,1000
-0.125337977013623,0.158000570122493,0.0920432369706449,0.0671850604521994,0.278310489097808,0.708389360804456,3,-1.07003832607025,0.674279337757001,0.145452964216085,0.279143707300029,0.710180357841067,0.241563686476156,2.77639590946844,1000.00003828401,0.693147180559945,1000,0.693147180559945,1000
-0.0449382924017562,0.155524481286302,6.21962090922944e-14,0.000498784436095128,0.920174560989003,0.0510977129745923,1,-1.30230668294148,0.959960945462369,0.779921433105631,0.261210711225727,0.622951330946806,0.374149743759721,0.66936687196098,0.327007965432013,1.97632838427661,1000.00008874544,0.693147180559945,1000
0.306712321932654,0.243772065689357,0.21822779010749,0.204208426120615,0.868900995808298,0.182210434841009,1,0.494118445546636,1.12659440578109,0.599975283298001,0.313097270371889,0.994742621368768,0.140362007578433,0.552205883997934,0.767112875367654,0.807471523764808,0.150267315640952,1.69521277352603,1000.01518403618
0.259146063576868,0.148098966835645,5.09830641988875e-14,0.000451596360309695,0.856427733706048,0.0944030731564356,1,0.509743310867333,0.807473804716102,0.903236785857703,0.234363400994678,0.659625808646315,0.197770083364463,1.92719980590027,1000.00084337891,0.693147180559945,1000,0.693147180559945,1000
-0.228060618178044,0.290350440648514,0.41827173817363,0.302339891874294,-0.0712349124102679,0.466596835167582,1,-0.00570482407321043,0.721320903268373,0.563728696425383,0.276057468992929,0.56717991847024,0.53982249941346,2.74341448607735,1000.00140466519,0.693147180559945,1000,0.693147180559945,1000
0.195186316625968,0.22896008089079,6.85358015135681e-16,5.23586870839564e-05,0.951979794694644,0.0421132191191021,1,2.01478552274186,1.28440913202603,1.17818300359358,0.400056898129691,0.900150155726831,0.455740379195617,2.11544643148895,1000.00000021934,0.693147180559945,1000,0.693147180559945,1000
-0.307374787966968,0.151663113456277,2.60178089226582e-10,0.0329180592092696,0.948839092343465,0.0274886037916721,1,-2.62767901987283,1.01624719778847,0.974720467103915,0.196010851898668,1.21311053097509,0.309609406121572,0.874424208789486,0.345956327738792,2.03121494658249,1000.00002478855,0.693147180559945,1000
0.0672896146652392,0.247674519097299,0.265238279889979,0.236790457775851,0.666520670099353,0.358844063639952,1,0.14431066289222,0.691457656850628,0.585989108443041,0.215112412847946,0.850857360033029,0.467444301792035,-0.333725599828937,0.328131412305808,1.87757621637272,1000.00120253206,0.693147180559945,1000
-0.368343820404694,0.293166034273844,0.0155926930429192,0.244079879655338,0.936711652908233,0.0367597804733472,1,-1.73136376809477,1.15678431917841,0.923559524320878,0.237064258671156,0.94051645763257,0.285088039795787,2.56830294226605,1000.00001958155,0.693147180559945,1000,0.693147180559945,1000
-0.256196945860505,0.220555153871107,0.208577966856528,0.173558598390164,0.72740548106233,0.23322942799414,1,-0.390512599885123,0.699805826557705,0.815146284651351,0.247506382332471,0.904749686658382,0.368734656234275,2.12381667961662,1000.00000107258,0.693147180559945,1000,0.693147180559945,1000
0.227570604712841,0.485082543702363,0.903129421345933,0.945989087297146,0.629553239578752,0.709658711273547,3,1.27674380044961,1.07727728509527,1.11507515318377,0.192545349189881,1.15895983754472,1.36250505728829,-11.7549210350387,1000.0000027671,12.2337453493324,916.881715943124,0.693147180559945,1000
-0.0795693551048423,0.170653963791336,2.19126011705605e-14,0.000296058618539442,0.831568796603063,0.0908452485156055,1,-0.683692406002943,0.831912574084532,0.220751423026921,0.256005526930004,1.15332667387697,0.329937718852775,2.22652666813193,1000.00011945423,0.693147180559945,1000,0.693147180559945,1000
-0.0876202498517764,0.298495942182635,0.13197427071765,0.243572254501444,0.920763731723849,0.083555649464469,1,-1.06015098399477,1.22337435020014,1.06906228736955,0.203125394072147,0.893557201518901,0.376076743708523,0.847480345708491,0.218871469408783,2.2138305025566,1000.00000000299,0.693147180559945,1000
0.221662694435526,0.185781808644588,0.0528050985895407,0.0937805878196297,0.727964955503454,0.366166629907567,1,1.32097296823214,0.889385469098588,0.228545526907906,0.377630909636334,0.473597113853163,0.297681024350448,0.710695549268784,0.340129950155307,1.93852300330433,1000.00000104075,0.693147180559945,1000
-0.207853699373074,0.13605547452672,0.0902339641811784,0.0896677348623299,0.638099156367004,0.158462678962487,1,-1.06428582068202,0.481652311180763,0.479456492824639,0.204680712560626,0.226624929401766,0.26919278403706,0.68427542600441,0.310567024727762,1.81360556876174,1000.00089272813,0.693147180559945,1000
-0.141773434325682,0.254123073834876,0.127440693226691,0.197521642412054,0.778578708344734,0.1515919474415,1,-0.555451087733941,0.85860077710587,0.875998505663652,0.154867528388768,2.61618581446126,1000.00679984004,0.693147180559945,1000,0.693147180559945,1000,0.693147180559945,1000
0.575098843594576,0.312626766174929,0.230520696006456,0.14515541265526,-0.308247315329563,0.403104393823909,1,1.39680852375131,1.41103603899765,1.12914024490014,0.262690110775459,0.784339649223492,0.238783329113567,1.14297166640265,0.594424113310686,0.744902446500504,0.196935994407804,2.03593603959349,1000.00005515747
0.0179204085101949,0.168368468614526,0.10074784993933,0.102707484548228,0.811552681384516,0.119946389850685,1,-1.27609034012099,0.682772292843616,0.889723719730509,0.1706601869567,1.13991624727973,0.407003252392238,-0.194537327371646,1.01373061330381,0.760436218348879,0.245976505917788,-20.8300253801653,1000
0.159807969140882,0.148646233524491,4.67359006507208e-12,0.00434012290318193,0.72030285311641,0.138584081478763,1,0.893498458715521,0.681443313745663,0.596650002706461,0.210023883691337,0.595469807283185,0.275727846996547,1.68550123179265,1000.00005065057,0.693147180559945,1000,0.693147180559945,1000
0.237924675995345,0.16710534934627,1.20391993438787e-16,2.1944657158903e-05,0.921023274266503,0.0385889032689668,1,0.866472845861381,0.951935080459621,0.611970768040249,0.229148276691444,0.856727435647524,0.371772772287578,0.119052057902066,0.768146609767434,0.010423224787206,0.194415917005239,1.6700089502494,1000.03513150528
-0.0207934418812904,0.205752836659872,0.0733650295301877,0.144853799876282,0.865139917399808,0.13346224635024,1,-0.732738633239225,0.931376601290142,0.738508171737559,0.188899096177557,0.63517341375326,0.352111657279996,0.752964367694058,0.480213405280964,1.97343311316332,1000.00147644471,0.693147180559945,1000
-0.0216342682240404,0.210789002390067,0.371635979262922,0.260978680728826,0.682366925826899,0.320892624603987,1,-0.67630718691328,0.796286429303783,0.459030279872656,0.341474458061872,0.928563878609384,0.247201558160394,0.801183230135527,0.45671488697784,0.447235229978985,0.163477324866168,0.782461795400801,0.410774159238374
-0.105636585529328,0.162088304358618,0.0631176933231914,0.0741861736138977,0.705758484947466,0.283904316559466,1,-1.03059464780316,0.785527521197982,0.747663924588166,0.189546563010889,1.01537990400339,0.442053590221523,-0.374334864309138,0.368530093725472,1.868905629384,1000.0002231809,0.693147180559945,1000
0.0614209451075113,0.275671213065217,0.340790005064689,0.308650594298276,0.661141045640561,0.696982207198345,1,0.123518210407383,0.992980876996188,0.62820354325315,0.291607623246237,1.02493960247582,0.217264673835989,2.49333882507795,1000.00005942139,0.693147180559945,1000,0.693147180559945,1000
-0.340924115779192,0.25718799498905,0.0663795625131125,0.309085526627608,0.933060255300526,0.0518976303102811,1,-0.889023650653141,1.0762726283836,1.07110044662415,0.330210672291926,3.13304166276975,1000.0000119403,0.693147180559945,1000,0.693147180559945,1000,0.693147180559945,1000
0.050640711678609,0.202755745586192,0.118869189013619,0.125815935379853,0.762830711049251,0.167895808369129,2,0.154249106262674,0.654549760505428,0.499286464349802,0.246371073544575,0.824120110398213,0.313012797935324,-0.281343239514416,1.12226379218487,2.74249413430495,1000.00005072228,0.693147180559945,1000
0.132013253461242,0.134520499380387,2.96755071980393e-14,0.00034453242970779,0.830916055779005,0.0697165903836524,1,0.112869842666278,0.640508399354644,0.00275447025769559,0.269227756713066,0.548064346589809,0.224788751256155,0.780128614565252,0.272316057565573,1.69551246370804,1000.00000004917,0.693147180559945,1000
0.0715724159277375,0.186575240012382,1.46186385628193e-11,0.00764718986749369,0.934037165742418,0.0436224305219583,3,-0.0334567302443597,1.18255198736805,0.774309017697005,0.29819597237064,-0.311151137995983,0.712022615323028,0.841894103482203,0.4759942914443,2.62303574252013,1000.00014257272,0.693147180559945,1000
0.319825074740138,0.18786123693865,1.84360862692571e-15,8.58745323059913e-05,0.88269172855002,0.0576593707072649,1,1.55251625339333,0.920866311044059,0.747994952827214,0.208424696336248,3.10849131495374,1000.00013963624,0.693147180559945,1000,0.693147180559945,1000,0.693147180559945,1000
-0.121854563676764,0.193162725050607,0.0785415845190545,0.120912611670265,0.709421434347892,0.242056318712165,2,-0.124926738337193,0.655004232247239,0.729643302028786,0.242071458400853,0.253086015929667,0.40890813717482,2.33151695622525,1000.00009415507,0.693147180559945,1000,0.693147180559945,1000
-0.182504306315176,0.257880782846329,0.407623245730489,0.309415011393221,0.563117730969521,0.795714000141469,1,-0.976707769595443,0.84591848813647,0.615344277677095,0.32918588106104,1.02191794383664,0.256083810004404,2.17918895767653,1000.00000256715,0.693147180559945,1000,0.693147180559945,1000
-0.382664720834985,0.238332530642101,0.255301842288946,0.28942816635846,0.624255967928073,0.42134329486304,1,-1.13522076274144,0.696356369152341,1.12102623872862,0.275162440209349,0.326306245987227,0.751642327916189,-0.335289723782781,0.310965151923879,1.84725847235794,1000.00023991463,0.693147180559945,1000
-0.2408680041329,0.304542509598826,0.268289518257711,0.280350918703344,0.914788058848015,0.0827897289671752,1,-0.559827955565505,1.25763188425355,0.800580532285951,0.45023152620796,0.628569345224414,0.495599901157849,0.788378328821865,0.545674352898516,-0.150562937918382,3.64345143346106,0.0117177274711257,2.01471444487996
-0.267067380142282,0.205097475077616,0.149435502882338,0.161909413182054,0.703590125384392,0.349419696791642,1,-1.14073288168263,0.839649522203224,0.483084403562061,0.197461852807156,0.674562782136148,0.219917536387404,2.08047553520509,1000.00000024622,0.693147180559945,1000,0.693147180559945,1000
0.326056423560706,0.177479506674321,8.47410701590094e-12,0.0058338768904403,0.916163758862378,0.0594472680610903,2,1.82916111788065,1.13205631631497,0.68719300914776,0.206130113741971,0.0963256602870929,0.451654458957222,0.794403432015629,0.412852476186375,1.66507516973407,1000.32006957547,0.693147180559945,1000
0.0991922069154107,0.382384870141756,0.176435880715198,0.407763819497231,0.89609804628892,0.158191435392714,3,1.52068499498273,1.58137279740645,0.55876067019352,0.239354381571835,0.624947545476461,0.426720855684374,3.06361972526099,1000.00001204089,0.693147180559945,1000,0.693147180559945,1000
0.107101639493227,0.150637900369104,2.92384342828073e-15,0.000108145162406308,0.88455610440604,0.0668763715013871,1,-0.300766363809258,0.793234787582684,0.796469873434519,0.206733383445755,1.0565808171369,0.288720501354439,1.8760150817212,1000.00000021238,0.693147180559945,1000,0.693147180559945,1000
-0.0670303474815611,0.188937478311143,0.170696301508694,0.165485986683053,0.833768383097784,0.148710481242387,1,-0.846044439181682,0.764580696998513,0.711347705760745,0.241042402065222,0.935823416424294,0.25639430651401,0.432608696495134,1.30230961567918,2.77363532761925,1000.0008869436,0.693147180559945,1000
0.456719769160314,0.274711665787146,0.374996149133985,0.249436762281124,0.80489722424911,0.190632119788376,1,2.65842132462808,1.2003412571364,0.55224959169144,0.348992384082657,0.814200487839241,0.3025883889225,3.29592885215037,1000.00023016003,0.693147180559945,1000,0.693147180559945,1000
-0.19140408028752,0.188325387968945,0.0626927652690372,0.134570758954371,0.793779275811156,0.228403891529446,1,-1.48388620093091,0.902329035624237,0.777614602300369,0.246451341036213,0.728312012827528,0.280735080466554,0.154545458330011,0.547113923436682,1.81956003606925,1000.00000088658,0.693147180559945,1000
-0.438179496991925,0.159918344809099,1.20027430117489e-14,0.0002191142540321,0.844581814336379,0.0711648997377453,1,-2.37073488754911,0.719029151902462,0.685593823571799,0.168011524664708,1.16461520448104,0.26115547640646,1.92982051138529,1000.00000167212,0.693147180559945,1000,0.693147180559945,1000
-0.429227009477151,0.305235115632828,0.170941759445454,0.259017923277174,0.943232779845858,0.0393839100373626,1,-1.48498251936544,1.41522349549635,0.844438531147233,0.22156177234346,0.204602658716848,0.448553632316415,0.523307181969047,0.657148114247626,0.708654045358348,0.481078172163586,2.59570792517554,1000.00045137509
0.0961957554640641,0.273413419502185,0.166673408387388,0.146416701019992,0.846890762341212,0.152845076692833,3,-0.446345328717047,1.18064416058306,0.767902008147922,0.199923090780563,0.505102512816526,0.255362953175925,0.940631066922792,0.401791653330885,2.82461905570799,1000.00005135869,0.693147180559945,1000
0.235510969941754,0.234972785684139,0.0637256494916624,0.118663662058257,0.779535834322621,0.27934732798522,1,1.95002601786328,1.12668296394871,0.822342112683621,0.214314525076027,0.382396433004423,0.301480389382556,2.10357118696463,1000.00000323181,0.693147180559945,1000,0.693147180559945,1000
0.0792346364397946,0.300895050781681,0.239509135058077,0.298620875083242,0.90611946773815,0.0881490049111541,1,0.663886055953854,1.06377277768928,0.694389966239588,0.222938446570903,0.877552380131247,0.514468718415183,0.522696985272355,0.32298476033928,2.33272060039385,1000.00031405446,0.693147180559945,1000
0.227448437651286,0.14406416422939,0.049315166565673,0.0676697290125773,0.743710376039025,0.139845340926725,1,0.523037544820746,0.71366932329012,0.625186452190485,0.219000370394532,0.55096882162909,0.214339011490745,0.596492167313086,0.381139020240317,1.87127009456337,1000.0000025437,0.693147180559945,1000
-0.55621136683733,0.448516827959014,0.316125495679836,0.493330543637798,0.950576294021411,0.0645744967942523,3,-1.53906478551129,2.05524545937045,0.452540246086082,0.350651229368299,0.881233092678854,0.523855610910377,1.17573751825284,0.645983162114364,3.18500368257426,1000.0000861186,0.693147180559945,1000
-0.27365852451342,0.246053315428314,0.305212262152428,0.294311279767041,0.261106456244263,1.07252346436497,3,-0.7272736642563,0.776684757684171,0.842799984006462,0.224415746745152,-0.321721718630066,0.597252239774635,-0.135442644846145,1.12370358633148,0.278134282272015,1.1114083184483,3.61931188987649,1000.00048832863
-0.175994497953984,0.196594483714389,0.0869521238591139,0.0976358044674511,0.757489785426538,0.229798690635836,1,-0.242678748400207,0.8151854596197,0.269460898548413,0.301683269992749,0.537279543810563,0.267602995221176,2.51376784677385,1000.00022421474,0.693147180559945,1000,0.693147180559945,1000
-0.25684553932522,0.237571527241999,6.74718653103047e-14,0.000519508072688231,0.881664655101428,0.073333199439349,1,0.269799949764764,1.19233929861853,0.451098821121338,0.300123203035113,0.0721195834176779,0.644908587504749,0.208725853413577,0.395983804851318,1.98983629300578,1000.00017876245,0.693147180559945,1000
0.1805863509901,0.225807609895981,3.64069886427918e-13,0.00120679293784846,0.896636706545549,0.0658957995260781,1,0.13835071180401,1.09101113149694,0.643185723123734,0.230538770884878,0.949532779509925,0.299221620452537,-0.953240527533165,1.05972703418738,0.569455650208579,0.25990993168304,1.85585967422492,1000.00000079973
-0.0468376136122927,0.187986097297461,3.24944571063533e-12,0.00360764653573596,0.920192953580901,0.0361882585937945,1,-0.269443860867028,0.946633660746449,0.902004355500598,0.172175756292091,0.13509264318473,0.363315947758647,0.62430634784994,0.263504179858399,1.94894504855288,1000.00099254668,0.693147180559945,1000
-0.229967720064811,0.15386933384774,3.34140791735674e-12,0.00365658215961112,0.883586442184098,0.0540792307281938,3,-0.882317830308198,0.77316736114374,0.774043124596904,0.202048045427908,0.557257597734362,0.368823404897415,2.51263262197085,1000.0010466321,0.693147180559945,1000,0.693147180559945,1000
0.215754513871633,0.169972506483617,1.66584121034676e-12,0.00258168711877552,0.906648080777854,0.0450445058366921,1,-0.71549625433136,1.07235856708349,0.25352465702668,0.284092380076643,1.05563126422561,0.229207341994249,0.186763075749118,0.43307400168655,0.0788124092457353,0.582706989363994,0.242277425601126,0.504494159763866
0.185455695514338,0.165051775597279,2.61719845557882e-12,0.00323603847936529,0.850455567759814,0.0872325910889179,1,0.932013053104657,0.757509848424331,0.894343147349832,0.193331960553984,1.00327052426365,0.263516077764444,1.94792455989804,1000.00000184176,0.693147180559945,1000,0.693147180559945,1000
0.133232589767583,0.123678581295392,2.12298819566676e-12,0.00291437825950947,0.928361144350035,0.0378550117475619,1,-0.84779772853139,0.900330770572316,0.698467528488242,0.193100427663475,0.808193923566597,0.405721051825592,0.726873565495452,0.465383407300993,0.686633944178427,0.366681709494399,1.87284556787864,1000.00010744168
-0.277696735372208,0.188964826913031,0.0293687704313748,0.127037965645162,0.830674047782958,0.128869667188889,1,-0.964536472840182,0.883367380888248,0.707565335794663,0.194839062496555,0.768042478524777,0.261109424648905,1.85798555649204,1000.00000054818,0.693147180559945,1000,0.693147180559945,1000
-0.141362359130725,0.196856488555748,0.149117753537345,0.154317735109979,0.759944242339986,0.128947706957427,3,-0.788299792188137,0.579521684398544,0.806882859678128,0.263297558452574,1.13139303198699,1.00176333292719,-15.4422476208759,1000.00000012128,9.82500405827059,1113.12091994622,0.693147180559945,1000
0.139248129792274,0.17035595282147,0.244899717309275,0.151974309014594,0.268842502712103,0.397727512678617,1,0.205491475491868,0.471356534696962,0.6499136898544,0.281541569147152,0.912406062454443,0.411796915705798,0.90566055996161,0.359276498555602,2.7903297042658,1000.00018079096,0.693147180559945,1000
0.0534573263969541,0.244740572422701,0.319594468028436,0.254059396954662,0.641834813247566,0.445917222942579,3,-1.18049974270304,0.909326175562914,1.04781369555341,0.189321654296096,0.61829644952714,0.366474219860642,3.20581088410884,1000.000315302,0.693147180559945,1000,0.693147180559945,1000
-0.0500840757092083,0.161294920081526,5.94181096865517e-13,0.00154170638925787,0.810530783942507,0.105883552691667,1,-0.233892258580832,0.834845722650402,0.785778624160564,0.260559272721478,0.719707212879873,0.381279590737593,2.01775559601314,1000.00000130986,0.693147180559945,1000,0.693147180559945,1000
-0.20364280847894,0.182205887700322,2.40615933964936e-11,0.00983291608694027,0.835417572084923,0.0856600084647246,3,-0.699347327826287,0.77211068026835,0.62168328663947,0.173051427161745,10.6607967783819,234.618093217058,0.693147180559945,1000,0.693147180559945,1000,0.693147180559945,1000
-0.265971328842085,0.242766818509373,0.10189675339449,0.173041718352087,0.633939105405142,0.454023852114151,1,-0.878430497624047,0.904931541916674,0.35305271979055,0.235444187360085,0.857565639043285,0.249887727011801,2.12501177502885,1000.00000107932,0.693147180559945,1000,0.693147180559945,1000
0.156683830460862,0.274924782056009,0.413279532844607,0.378906647346743,0.519154063249953,1.55010177606147,1,0.675652994510608,0.938649780166662,0.789567817544262,0.307554235514739,1.02070715999253,0.414173079571082,0.295968089136825,0.701652947249042,-0.0355891588705976,0.777713923545525,2.94595902283242,1000.04522321773
0.0371128274843201,0.252185859148249,2.13964852148263e-15,9.2512684827001e-05,0.925749924993341,0.0554238852562635,1,0.943754434235864,1.69429593053566,0.426970067883845,0.341881620412273,0.741183007612053,0.327931297676175,0.372392158741399,0.49256883104436,1.76239265183024,1000.00038568543,0.693147180559945,1000
-0.108838535630757,0.377290603844093,1.02653599218053,0.931445064043432,0.010692380377253,0.773276567693382,1,0.160070685827586,0.702506324679063,0.895055728995551,0.291673484605654,1.16346908467175,0.614582427974912,4.59914877898098,1000.00003436158,0.693147180559945,1000,0.693147180559945,1000
0.0217846997280275,0.37215048694323,0.333042337685545,0.376763056385799,0.899134148705346,0.0956179287477817,1,0.277953266737986,1.29426957130373,1.03802258682572,0.295945453360914,0.97231460556992,0.461713317908026,3.17241432410984,1000.00011609029,0.693147180559945,1000,0.693147180559945,1000
-0.0287297346329903,0.144881422016959,0.0633628248768114,0.063256926976929,0.515291944470461,0.463592929382502,1,-0.099474971853672,0.664140644376061,0.751056551381022,0.24412038149728,2.5741022922485,1000.00044081037,0.693147180559945,1000,0.693147180559945,1000,0.693147180559945,1000
0.142297478313651,0.266519117550255,3.42023021721183e-13,0.00116965716427045,0.939695287998507,0.048038268998494,1,-0.0947590257139698,1.55067758052673,1.14238122910672,0.298908479477219,0.738082992530143,0.28798380892673,2.24761240095109,1000.00000000001,0.693147180559945,1000,0.693147180559945,1000
-0.0226532885546273,0.172350791599903,0.0181755200112686,0.0839646284546599,0.865967550452896,0.0958975516609639,1,-0.587778788981412,0.843161447024702,0.878776452801807,0.225530851719909,0.336948165085455,0.291141978342645,0.290377557203873,0.626539003857478,-0.165938391846571,0.319957770265889,1.68851708950339,1000.00013889174
-0.105088970145111,0.232791326854708,0.205670105895253,0.198545176015594,0.797619503057216,0.201612227395194,1,-1.29257173216792,0.957415661176047,0.962003744715779,0.236097997729509,0.514294631014712,0.366481691951617,0.87023127258888,0.773720725587259,2.88999617243981,1000.00006989435,0.693147180559945,1000
-0.13859279994404,0.212125412402805,7.51879438094886e-13,0.00173434322278053,0.864375117295643,0.0823217924978707,2,0.185443027494899,1.14640497523136,0.438167935735249,0.326365171575621,0.0394882456897764,0.333273043407658,2.32612760683178,1000.00034393089,0.693147180559945,1000,0.693147180559945,1000
0.11796125225944,0.314912201709737,0.364329610228507,0.398380437040255,0.8304261684275,0.389968775727889,1,0.422044814956154,1.49500844631416,1.05211787362526,0.355739556758489,0.489015878491378,0.482117657178509,3.28849185982769,1000.00010090681,0.693147180559945,1000,0.693147180559945,1000
-0.64917207787933,0.474052529806972,1.16499276349398,0.93352037652092,-0.231354318054498,0.405737778839465,3,-0.807046647744237,1.02996842195479,0.422064019890673,0.440463575889464,0.787126753433909,0.24929324154694,3.8123700768901,1000.00033634504,0.693147180559945,1000,0.693147180559945,1000
-0.0732552045621836,0.175954145743142,4.14166729237816e-13,0.00128712576786746,0.87103225445153,0.0824812566991496,1,-0.283145337861389,0.823515184153115,0.778261395045006,0.247716326052722,0.432466307202529,0.288452828972263,1.92940109927267,1000.00000034339,0.693147180559945,1000,0.693147180559945,1000
0.0799647520046383,0.205852809583699,0.069241937904896,0.0980023816923704,0.717971968972712,0.29066713202534,1,-0.0808250570725437,0.909141263844991,0.355395041929061,0.210902037565053,0.976154104677962,0.222187260794669,-0.217790430949796,0.619649812944134,2.15490836533357,1000.00000823694,0.693147180559945,1000
-0.407751903111989,0.269502741469346,1.74453914252689e-13,0.000835353903625984,0.94035376417093,0.0326915405854405,1,-1.43815242834283,1.21854929908874,0.906850990445329,0.290514209537799,0.390366707931797,0.325812814069266,3.14362599829249,1000.00002253612,0.693147180559945,1000,0.693147180559945,1000
0.113194780410677,0.231183712517422,0.262291384284092,0.27243458495011,0.466660356390604,0.766904930228753,1,0.352777764800811,0.599620089411917,0.12545515229094,0.311867808783418,0.655185047944948,0.295784229195905,1.25188694434239,0.662081830805203,0.411020558970361,0.157895971487004,0.321306103133102,0.202076455025677
-0.00763455729092951,0.150100696755807,8.08233784841591e-16,5.68589062934014e-05,0.952766264957924,0.0371926141983708,1,-0.903803035699569,1.12546072649637,0.78918919312975,0.395256506500413,0.828154763433436,0.253581168481804,0.756290920872613,0.248412325894915,2.04705770255651,1000.00000012135,0.693147180559945,1000
0.486079315368784,0.251832161727902,0.238208830167352,0.235495369690054,0.871198438218862,0.128428569858792,1,1.2833303280743,0.992144930841864,0.535986709138891,0.252115091969664,1.19805186182197,0.317660006806576,0.57171290938896,0.262946579070374,2.91481742148559,1000.00009982962,0.693147180559945,1000
-0.241551915431889,0.168034018351386,4.05371363284719e-11,0.0127855984252663,0.904382398698598,0.0500831666898204,3,-1.41235798689813,1.02472590534377,0.653273106708289,0.372231433264051,0.714700141169967,0.271442899817282,2.75932516227285,1000.00021087343,0.693147180559945,1000,0.693147180559945,1000
0.0121903586844487,0.223483127748147,0.149574067682936,0.153738916699559,0.233136370169705,1.56882105391008,1,1.05968276197377,0.858450853782174,0.611881475230894,0.399795649258298,0.948616960378053,0.288411005736388,2.19737134332907,1000.0000009782,0.693147180559945,1000,0.693147180559945,1000
0.236023706744906,0.185329290995611,0.165591607877688,0.193469436540978,0.638842629421295,0.347479067361155,1,0.702423246948144,0.539016747619676,0.682078223163517,0.362927790092079,0.65582840903489,0.312458775298666,0.824044449482719,0.306096345667725,2.24510478414888,1000.00003827147,0.693147180559945,1000
0.0892633057006041,0.21485679165524,0.00900616434997669,0.122291588992837,0.899676110502725,0.102371803990028,1,1.56320323515451,1.20989960451812,0.351610688437795,0.260089090751302,3.5016129425375,1000.0003347453,0.693147180559945,1000,0.693147180559945,1000,0.693147180559945,1000
0.146771740815027,0.17805329388519,0.0861150746124776,0.103503021973399,0.767479134406638,0.217629439547969,1,0.712530730307707,0.664369162350666,0.486498654234325,0.205412578325917,0.994599484774452,0.363290603832641,2.31466123349697,1000.00013377825,0.693147180559945,1000,0.693147180559945,1000
0.160513687784935,0.171391402116783,2.37935655835812e-13,0.000975581486072666,0.900921396613017,0.0551025059613394,1,0.418462852389602,0.873189878114162,0.745324688252869,0.215510094337948,0.917516230541488,0.324344954589693,1.99750107549931,1000.00002062621,0.693147180559945,1000,0.693147180559945,1000
-0.0683204455478622,0.151473897409839,0.0503801791705188,0.0500236786317517,0.369006786728823,0.401436516357717,1,-0.292973226806295,0.573546107093728,0.582386778291312,0.223227011400794,0.631745608326904,0.338894654530021,-19.5598339008241,1000.00000000046,1.9113753148905,1000.00000053085,0.693147180559945,1000
-0.273811527495019,0.436146793607449,0.324213760684297,0.407006973078014,0.81414059355,0.270387571580984,1,0.207747963713026,1.15407857654343,0.887871974599421,0.283550219859895,0.916515938879391,0.299498159232402,2.31961159229677,1000.00000655342,0.693147180559945,1000,0.693147180559945,1000
0.0855731410557845,0.266279621090363,0.0865475140890279,0.22743703494943,0.864051970008904,0.141164131241389,1,-0.499241749286981,1.09660288651247,0.707961659663797,0.224845310925582,1.15340202659306,0.394892099833236,-0.010848087239136,0.642066934571438,1.93316805576726,1000.0000000291,0.693147180559945,1000
-0.00215448814259287,0.195122872934221,0.0537860093287339,0.1176281083073,0.894220777269735,0.0769903923175918,1,-0.132256615970755,0.922271931972934,0.686272448185167,0.207730203821942,0.441915917296112,0.210814176879737,0.00226028546044922,1.04724629841802,1.99055744521727,1000.00100269664,0.693147180559945,1000
0.0923010536805852,0.213622707785425,0.273464988945601,0.261117680288645,0.82495040415052,0.14318095666283,1,0.190080276111988,0.730801712019044,0.528968510691412,0.393012086561851,1.30340065186386,0.279593126117451,3.21706579921439,1000.00021680477,0.693147180559945,1000,0.693147180559945,1000
0.168217576405762,0.311689398965689,0.244306990675282,0.216202931938168,0.255840947520658,1.09082420378683,1,2.30776000584288,1.51690753887917,0.469722739683664,0.333516412550354,1.15662650245059,0.322611557325805,2.17209939428109,1000.00000032982,0.693147180559945,1000,0.693147180559945,1000
-0.136358812051345,0.260081136673897,0.246481773202379,0.245496607808365,0.861036351993919,0.129302487181044,1,-0.74834581996884,1.01338832389452,0.990629422723747,0.201987476335524,0.936996371815843,0.330713391736049,2.99399018736929,1000.00002385293,0.693147180559945,1000,0.693147180559945,1000
-0.328610623811404,0.21337806626435,0.104458626094039,0.140711648758754,0.73391974796345,0.263836060931864,1,-0.771772143047585,0.76287372666675,0.459018940145154,0.191564292470428,2.72333299292485,1000.00000799354,0.693147180559945,1000,0.693147180559945,1000,0.693147180559945,1000
0.198053713789365,0.283397996359586,1.29101275179132e-12,0.00227246325250774,0.943029190003939,0.0370788816973611,1,1.12436472884136,1.60724196566742,0.698661460249952,0.247933979988854,0.691260126652139,0.599918738506318,2.87967613670939,1000.0000177533,0.693147180559945,1000,0.693147180559945,1000
-0.347002906050168,0.197366868799816,2.08701417542747e-12,0.00288945344128823,0.94536211306529,0.0442664137192106,1,-0.997451278087133,1.11920151057659,1.12502062552117,0.427758859099172,0.952051442259552,0.20116831706452,2.19920063368046,1000.00000001322,0.693147180559945,1000,0.693147180559945,1000
-0.0330614099178521,0.237897709268111,0.170210580381822,0.173243773128185,0.873432543889151,0.0893220675518481,1,-1.33283856851655,0.99105194902621,1.00942143373007,0.228989671351647,0.435000989504442,0.216994098255921,2.99114191268995,1000.00003715603,0.693147180559945,1000,0.693147180559945,1000
-0.0445493848393998,0.181447427279424,0.13117105471676,0.136039003971601,0.737101418848329,0.207556361900894,1,-0.255131729416903,0.657286332508374,0.666782003997067,0.225996821858411,0.173403630463621,0.345240419190797,0.603108280704577,0.347553250976028,-0.151397443392919,0.321074103432935,2.20587643059893,1000.00009281741
0.100847227312082,0.243145957573921,0.145664043335996,0.166561608553485,0.830269174330202,0.154808823306031,3,0.133839193100617,0.987290472924048,0.23975706778432,0.284049480618116,1.08023541967507,0.269857864161443,2.73712005581223,1000.00002982182,0.693147180559945,1000,0.693147180559945,1000
-0.581209059846059,0.23251258976201,5.88076064676475e-13,0.0015337597323277,0.827301211006029,0.102570609645126,1,-1.62071026253623,0.915741526080981,0.55346018275002,0.318748694567977,0.683493215486784,0.21070038636748,2.09797077112985,1000.00000273264,0.693147180559945,1000,0.693147180559945,1000
-0.389120125692599,0.225693318667065,0.0759581923354507,0.279853688682196,0.930603401219509,0.0497076000959536,3,-1.24285686194332,1.09055461586484,0.757426696008215,0.283705193678402,0.912823788878306,0.275915499547702,2.59466359524819,1000.00004867223,0.693147180559945,1000,0.693147180559945,1000
0.01996246149574,0.215019843782795,0.140512249214282,0.17164576238821,0.811101527567466,0.174187065358332,1,-0.757137113517281,0.789273346435306,0.877838904670267,0.228113831186769,1.1467502364592,0.381189491407922,0.180937148978141,0.655040673071041,3.45210018284879,1000,0.693147180559945,1000
0.0619453085093313,0.192162978491448,0.0035251850693343,0.0841572080022017,0.887852326277122,0.0776343361206962,3,0.575786022354873,1.12690270147146,0.625130692093858,0.22964919013216,0.31353571425097,0.387004205882158,2.95138468553708,1000.00370993549,0.693147180559945,1000,0.693147180559945,1000
-0.208214471640731,0.320998671713026,3.84065677214848e-14,0.000391951986414933,0.960015916517908,0.0394058265285077,1,-0.480595597427266,1.71458429490044,0.895713790864786,0.36511775140417,0.943696487968179,0.221855283813722,0.409401105809956,0.239457880384882,1.7884313150056,1000.00000001185,0.693147180559945,1000
0.273976149316126,0.159854066834526,5.98418237698733e-13,0.00154720441243902,0.865714163519471,0.0639349281865203,1,0.534549089701615,0.767819247974022,0.681705581240316,0.293174004556191,2.43169598716264,1000.00591095939,0.693147180559945,1000,0.693147180559945,1000,0.693147180559945,1000
0.070079169012213,0.242697162854224,0.0841816218357285,0.145541584321449,0.838932558202302,0.20539667109075,1,0.999318332226253,1.20588127638419,0.711714780948278,0.299209268827524,0.768443192728087,0.378071751784979,2.17518036226492,1000.00190064108,0.693147180559945,1000,0.693147180559945,1000
-0.141401952984585,0.200067963002699,3.89711693984904e-13,0.00124856081187514,0.802687394368208,0.133639878060543,2,0.136464792225196,0.969688141930546,-0.13092493833769,0.366675371108862,0.276809475262446,0.400581472681561,2.24577141113228,1000.00001987065,0.693147180559945,1000,0.693147180559945,1000
-0.0688924229559327,0.176814371143629,3.92255315596294e-14,0.000396110267760575,0.901532742447903,0.0611004597856995,1,-0.395770454175075,1.03490384843743,0.77115530307237,0.250765752140701,0.620241869076966,0.278881582781931,2.08031643360538,1000.00000090224,0.693147180559945,1000,0.693147180559945,1000
-0.196072398182267,0.194739731298007,0.0988893530811403,0.0899188013459408,0.369785129933265,0.747248821162401,1,-1.19397981416405,0.838624179752069,0.474606436024725,0.28242645148207,1.20730782032041,0.357115447394608,1.79234993255521,1000.00006198611,0.693147180559945,1000,0.693147180559945,1000
0.118146652522074,0.181976768182854,1.8316245301271e-14,0.000270675350646064,0.916462541734591,0.0368880874265519,1,-1.13969740116093,0.878602046197663,0.550852159511926,0.240315451097281,0.825054872392493,0.235347256665343,1.01726839967671,0.298491212841497,1.8042994141102,1000.00000016555,0.693147180559945,1000
0.114916157371512,0.204920239731831,0.0863382184035717,0.115078540356016,0.822387911116145,0.155324545085029,1,-0.237564458754352,0.918935792558486,0.707531978952724,0.238118636753499,0.893400071246127,0.430100865236475,0.702497303479209,0.401049658601723,1.69381855593143,1000.00006071939,0.693147180559945,1000
0.623698439310643,0.277041505457132,0.0463401238910006,0.278196366454036,0.859355067065975,0.138419581176521,1,1.94858799508015,0.947034432158101,0.537708671261215,0.242651803321073,1.44712697558539,0.93404300036782,2.42957406773468,1000.00000044402,0.693147180559945,1000,0.693147180559945,1000
-0.13180215064603,0.165124565023255,0.0754509233030211,0.154903046070304,0.833264014821053,0.0838522407822914,1,-1.03428873328119,0.731753635340271,0.656489987168858,0.2641534008983,0.487684179087996,0.217773291685074,0.65713647823951,0.310426258720856,1.86261217455529,1000.00000011608,0.693147180559945,1000
-0.017980058487181,0.173381769930624,0.0142438690430394,0.069654043496546,0.841564219999702,0.102379676241923,3,-0.73946105202464,0.989493655829105,0.473459698684631,0.188673220136315,0.694741260636599,0.252534577000433,2.55137652588777,1000.00033828995,0.693147180559945,1000,0.693147180559945,1000
0.560934882716179,0.297915855107514,3.02041094174219e-14,0.000347586786567439,0.941964295954478,0.0405524515602712,1,1.55654609282583,1.31334759962231,0.624622752791867,0.359372709001487,0.763434211006271,0.252895452962432,3.25221001927679,1000.00002201462,0.693147180559945,1000,0.693147180559945,1000
-0.622050168146862,0.347380222948827,0.107880506831947,0.301077097674498,0.813566104516147,0.192295941286833,1,-1.83073229835144,1.21954427152328,0.56650588957811,0.299135608389219,0.372039713174613,0.27163453383448,2.43724642834709,1000.00021010449,0.693147180559945,1000,0.693147180559945,1000
-0.529360898134106,0.409181544679109,0.465507140157397,0.717018739432382,0.926567113935395,0.0953602652143222,3,-2.04619507062611,1.70692462839372,0.959022032282293,0.355068997929534,6.36968262765443,1000.00788272553,0.693147180559945,1000,0.693147180559945,1000,0.693147180559945,1000
-0.0765485886973147,0.258884575915959,0.142144567491289,0.131548365025997,0.791732422922001,0.226045811918939,3,-0.596976761489848,1.07728781227132,0.841012805089211,0.134976013708875,0.275557782227203,0.395679740291361,-0.0526963624063746,1.14511381987592,2.86677200226853,1000.00012550914,0.693147180559945,1000
0.0341784817347901,0.189013011836315,2.1909848209369e-14,0.00029603957938782,0.895175272354662,0.0396221659576404,1,-0.106039949912499,0.99726118305646,0.860628869826428,0.173905357893775,0.702724922492205,0.421180433083599,-0.306775171124672,0.127119374869666,2.19353057032839,1000.00002614773,0.693147180559945,1000
0.384078427079798,0.27667944230274,0.110355164204985,0.318360090897573,0.919141673016378,0.094672295932889,1,1.70318755723194,1.35807107303875,1.00789946091404,0.316237155199223,0.608904739291707,0.761057163205751,-0.57133956914277,1.98961661084274,1.05534869334134,0.440979870441123,2.10245722043832,1000.00000046237
-0.0602134590803071,0.211839665033295,0.121466225171726,0.192811654870989,0.86830069782112,0.144146042499835,3,0.447981856618944,0.887579440287773,0.720077011989388,0.237025496368522,2.95906537429375,1000.00021514772,0.693147180559945,1000,0.693147180559945,1000,0.693147180559945,1000
0.139074574263887,0.18752895199483,0.122403009931975,0.113701287006496,0.399464184434061,0.638443195523289,1,0.828474985706823,0.676136334332688,0.598882267835427,0.257786433610485,1.07671090791362,0.481296138739559,0.422514937334774,0.327874515007875,1.87792241011266,1000.00014999937,0.693147180559945,1000
0.0673232673611492,0.145314636468763,1.86093523224722e-13,0.000862772738364073,0.950768294445416,0.0259237492080588,1,0.06960629564983,1.1009187800896,0.569630290539968,0.264958222622609,0.905744468694007,0.216416873972483,0.996150681211345,0.542554473788294,-0.0408139054997256,0.0910413435108859,1.99791419079792,1000.00000566115
0.231863843110246,0.169894072649714,4.86457602560064e-11,0.0139986826214362,0.883609248708479,0.0478457562022965,3,0.837751728136726,0.89408110136458,0.656375495108338,0.207021219816953,0.350778344057697,0.418523542344655,2.49516165308628,1000.00198362113,0.693147180559945,1000,0.693147180559945,1000
0.102143407688728,0.154016516835408,4.53291825498687e-09,0.0649322095405268,0.86817937519459,0.0809633491377229,1,0.339175124028737,0.827169961691371,0.518604119549552,0.208806417865475,0.592864919955976,0.188320659091471,2.10608583174435,1000.00000000847,0.693147180559945,1000,0.693147180559945,1000
-0.0727878232242752,0.302860335624159,0.120551415150857,0.192104059091617,0.932907259469133,0.0659852280640727,1,0.146122932183556,1.19530746341418,0.917616879681194,0.388336306248577,0.521069384940758,0.244668447395785,2.86288660612618,1000.00001737697,0.693147180559945,1000,0.693147180559945,1000
-0.293565317407492,0.230018539837887,2.71397999333316e-11,0.010420131419595,0.904006470572694,0.0535768558980411,3,-0.641193391848791,0.935606799876364,0.486766855023166,0.247322394241076,0.484435549939748,0.273556076734581,2.39829740584997,1000.00007377481,0.693147180559945,1000,0.693147180559945,1000
0.295357172071873,0.141615387288709,2.94472431555234e-15,0.000108530707342697,0.850315331777487,0.074544333531976,1,1.47097732300471,0.744116966560846,0.68327801954458,0.188629607451321,0.751674594404626,0.544961827618583,0.10460486344999,0.0733721496905797,1.86273899613071,1000.00000469194,0.693147180559945,1000
0.0873993750982574,0.135442423219069,2.11430137595092e-11,0.00926268340921286,0.899871028762683,0.0481094832898635,1,0.386916644752736,0.809745665939467,0.587151200911471,0.176269706530815,1.1398156761967,0.234505581139651,-19.6927853827728,1000.00000000005,4.98812221173018,1000,0.693147180559945,1000
-0.0469591558623252,0.180249789131769,0.0580162848865123,0.111330309369311,0.861392701184484,0.101478370052623,3,-1.13637000479636,0.920618478398819,0.588923278036139,0.186003915719463,0.803218231890445,0.231017541932207,0.309137090968916,0.602539784927304,-15.1952618121429,1000.00000215196,7.07622995721557,1000.88755385527
0.0361313931754886,0.148213194620331,1.31423396978992e-12,0.00229318343925364,0.893587651842287,0.0561266739518199,1,-0.0988378026261402,0.832440204084954,0.387168336262936,0.202662239536164,0.737755876426549,0.391554232653055,0.699969829969216,0.407463635664374,1.80202330843144,1000.00005154154,0.693147180559945,1000
-0.211843969014141,0.185343642339189,4.82753519606425e-13,0.00138962543052159,0.89184166753651,0.0494884620178633,3,-0.924644282919533,0.932665818998643,0.851991599345851,0.224446573876697,0.656510344758172,0.411946849286237,0.322197413715097,0.662862072002097,2.27945649371804,1000.00023499195,0.693147180559945,1000
-0.0991349474705603,0.238385504629089,0.161568935102787,0.160719642672843,0.721252984889941,0.296640876184236,1,-0.865234680879306,0.942720471510994,0.865233258912878,0.208024799604893,0.853569621693674,0.497345545220644,0.556169738700197,0.513956862243236,2.03551721246736,1000.00000284083,0.693147180559945,1000
-0.232717535416031,0.170472504194834,1.54266131200166e-13,0.000785535953740379,0.88273745682021,0.0892290525091126,1,-0.846712942841134,0.921011145809416,0.764258628101742,0.335380871197225,0.721052058914582,0.296280538775573,1.92987397266848,1000.00001034493,0.693147180559945,1000,0.693147180559945,1000
-0.0177569797894595,0.226395997077258,0.0316421418220428,0.108745322170893,0.761611180430619,0.260075954610321,3,0.293935179795287,0.905191452940305,0.638617035333354,0.234521527278986,2.41805389522519,1000.00001057788,0.693147180559945,1000,0.693147180559945,1000,0.693147180559945,1000
-0.0953074127511332,0.318225305135637,0.171742450545259,0.22775801837768,0.869339732922769,0.171529785112784,1,0.609653340476139,1.27135126953616,0.348971637706465,0.360314766083094,0.453648336494459,0.385858376843022,0.824493462626927,0.311194258308648,1.75635151337385,1000.00015295341,0.693147180559945,1000
0.274273498341174,0.203699691462904,2.01185670331747e-12,0.00283682161778446,0.911834631302483,0.0504993363106068,1,1.49194477964433,1.22623916947871,0.627028716972587,0.219902535428804,0.776743265729767,0.254008202885396,2.12147009569816,1000.0000010196,0.693147180559945,1000,0.693147180559945,1000
0.168325252312237,0.211768306330003,2.27658103620073e-12,0.00301769617036476,0.924557404470835,0.0468308069729837,1,0.11382190899668,1.15978104417891,1.10853316449537,0.225453835881969,0.489145673485961,0.285507974752408,2.15096837839255,1000.00000004491,0.693147180559945,1000,0.693147180559945,1000
-0.10086679900009,0.151170411850817,2.22559771651571e-11,0.00946601246672702,0.874588871486529,0.0661608869284433,3,-0.807771925830227,0.905254527590226,0.408129575015597,0.302445749671497,0.446695815340278,0.231075423241138,3.24199516619428,1000.00026573772,0.693147180559945,1000,0.693147180559945,1000
0.276924169424528,0.243968366459381,0.24527138748463,0.229135912973743,0.345402615984857,1.04255631916281,1,1.18705136295791,0.789608414054194,1.0142939222685,0.2344082262629,0.671610820514807,0.547794144280391,2.61903556174427,1000.00000116841,0.693147180559945,1000,0.693147180559945,1000
-0.361932512684827,0.385144356504674,0.535904038951178,0.365177987583654,0.22683651999211,0.545669829097022,1,-0.66042610081057,1.10900826573682,0.692920040600237,0.225825053735089,0.548472039867216,0.395588269763737,0.781493534867959,0.386004768904728,2.46192163028507,1000.00528878403,0.693147180559945,1000
0.147838138854104,0.275109217831911,0.134991334097079,0.31757705963142,0.885539392897313,0.0928962828952221,1,0.140191624141249,0.937727855962885,1.09946467536488,0.323575707342736,0.846670115479867,0.44700254615288,-0.495241140850265,0.793012263921568,2.31087475772502,1000.00007454945,0.693147180559945,1000
0.268142366341799,0.250808748049909,0.303922389880339,0.276578405057118,0.775785099704376,0.267061933163675,1,1.18661623866542,0.84301618074363,1.37288208968486,0.341169587816147,-0.0889742933276726,1.16267017519191,0.677647219583263,1.03708299990238,3.15226168787818,1000.00008036528,0.693147180559945,1000
-0.143734718548856,0.201459774225558,0.102561868886512,0.137286547328529,0.70550611367061,0.324940478384156,1,-0.986889718148753,0.847963116743821,0.578716658238946,0.264490046397236,0.75417950870815,0.315482134797472,0.140834568332321,0.948820826501278,2.04940769908507,1000.00003007433,0.693147180559945,1000
-0.0894565900221507,0.301572943745083,0.381632437461781,0.429129372622909,0.846013864804827,0.211505425818217,3,-0.22720872337003,1.07616022179578,0.809977977290772,0.379403006505645,0.877219798772862,0.148457725830829,5.6040703783113,1000.0040957055,0.693147180559945,1000,0.693147180559945,1000
0.0810209771002064,0.148886452450631,0.0118802481356404,0.142297120714991,0.949124528289971,0.0300652501064021,1,-0.0864081081403619,0.977711001023873,0.936224643724589,0.148528683774975,0.794426413785843,0.229848120981266,0.393191530504939,0.323144594080706,2.40750153240489,1000,0.693147180559945,1000
-0.364298078190088,0.285306175489147,0.207892815420026,0.170354146404078,0.294015863157429,0.978648429844945,1,-2.87087908312924,1.32592681490393,0.94027269694543,0.265576909187809,0.701866196223957,0.297848520739473,0.778948798237899,0.274155670417309,1.82192880958714,1000.00000019871,0.693147180559945,1000
0.214219962860817,0.304237618493314,0.283731013488484,0.301798518349215,0.761932758540221,0.277881569316892,1,-0.699791073172506,0.887344926202498,0.576103063216904,0.24086376558787,1.28866191446205,0.351316423200502,-0.0328424360269581,0.442625031140063,2.32465807323502,1000.00008362109,0.693147180559945,1000
0.23480728745444,0.125501557954881,7.39450646085619e-12,0.00544137334578091,0.896220070747545,0.0518248214879056,3,1.08413030754476,0.741218533992077,0.528072132501015,0.195323821870726,0.755524137110696,0.280855295417777,2.53964999517986,1000.00002193778,0.693147180559945,1000,0.693147180559945,1000
-0.0683278527010141,0.111380162799068,0.0077263786557612,0.0220440975568757,0.519844882594204,0.244837187490217,2,-0.346064104951795,0.615450088803393,0.688244808333859,0.182454180105705,0.0630585001736576,0.382629612919746,1.67111103754186,1000.00000594385,0.693147180559945,1000,0.693147180559945,1000
0.312303234698268,0.1819552202902,2.03056486703678e-13,0.000901241455596467,0.925121522607337,0.0364111793947047,1,0.697616167066613,0.889628721763374,0.663454916091716,0.217317872346181,0.744976706583203,0.205940009615669,0.860042171988666,0.358814475704446,1.84323540266036,1000.00001619992,0.693147180559945,1000
0.119671621348077,0.164223297603515,0.12683416255568,0.103975422634031,0.364005497740279,0.611274896586795,3,-0.47057938146403,0.611825303440291,0.760058537891787,0.182514115808302,0.528056793649653,0.352417155229574,2.90446441951389,1000.00006636751,0.693147180559945,1000,0.693147180559945,1000
0.267732969612633,0.25363134217333,0.0912969799273529,0.255245666579669,0.92692809202148,0.0772688288011219,3,1.36565363466001,1.20310465815892,0.0665146008673893,0.372671429929836,1.1161156768781,0.420079311746324,0.840070710063706,0.994949618019932,2.95122114339238,1000.00003006645,0.693147180559945,1000
0.152400676622353,0.294505216567812,0.292102915447162,0.262802167020855,0.842356729280381,0.184791069206578,2,1.50358014098273,1.05217423296786,0.53232751482908,0.270889466512768,0.691702242741245,0.335688083140048,-0.438289050426332,1.25898642307397,2.45809369834644,1000.3688472911,0.693147180559945,1000
0.0305196958342548,0.439855270617524,0.528593280609689,0.771760272570704,0.949892708285921,0.0674688584296235,1,2.09338379124484,2.08642584866929,0.223417982006113,0.420836341339222,0.933516910642404,0.21910212467719,1.11913927337458,0.5584323433943,2.61795549815119,1000.00199616531,0.693147180559945,1000
0.512943541953075,0.226012659879303,0.0091407011160917,0.0904074192253377,0.919551693840733,0.0722290182713298,1,1.93941365165514,1.20414946813343,0.788344436977149,0.328844818152047,0.937584211639113,0.187767191753289,2.00895407365986,1000.00002401886,0.693147180559945,1000,0.693147180559945,1000
0.172324434139735,0.169844013346097,0.0332102312846237,0.0624914465860533,0.630103431462505,0.30606892728237,3,0.708633137501216,0.677963125113412,0.826630836869997,0.29491723176412,2.58215601571248,1000.00009373116,0.693147180559945,1000,0.693147180559945,1000,0.693147180559945,1000
-0.307989849419621,0.375340589873817,0.505614448971264,0.592907723078179,0.947830144892483,0.0531953986750514,3,-0.685099457107816,1.46936426810119,1.32177454049967,0.387222742718046,0.504863738476827,0.469539873576297,1.37970014322902,0.655843942578405,0.508212879485116,0.389947578225033,3.35496135098756,1000.00001159521
0.193212581281936,0.281853895282072,9.84359366225299e-12,0.00627619695723614,0.943441576812499,0.0308975827453276,1,0.710559559336252,1.24316597171284,0.552173452859683,0.212981318829544,0.672698605057098,0.444844494569722,0.667524735318148,0.331464448817367,-0.579896917259401,0.869635356888588,1.67977345837971,1000.00010532653
-0.419143087336203,0.22795733270844,0.107208293649863,0.228728944020444,0.918799579613578,0.0664813602396412,3,-1.93556440893569,1.08806026786405,0.897684706203679,0.1931648885515,1.03012613865542,0.482671040835458,-0.705904273278674,1.16432990249682,2.60657002303991,1000.00137671066,0.693147180559945,1000
-0.0301781323160991,0.175100493206146,9.59884654498642e-12,0.00619866033388358,0.956243890856359,0.0389874620076888,1,1.05601596159565,1.13826816982759,0.863573171115838,0.332223511334733,0.306885398534292,0.31398572152745,2.84464665189141,1000.00000919075,0.693147180559945,1000,0.693147180559945,1000
0.0679651508977077,0.182385852096912,3.66197758893301e-15,0.000121028560859962,0.927741158874929,0.0469999253681114,1,1.27677719140381,1.14149716043086,0.571045776750084,0.301617690604118,0.487090527304016,0.315202471077107,4.0273566761806,1000.00116630691,0.693147180559945,1000,0.693147180559945,1000
-0.119417362240366,0.282006194661988,0.290965168369369,0.324291595170513,0.756839703180753,0.368711903157918,1,0.592721417898696,1.04928576714414,0.597880558301391,0.383380329771696,1.03284550809655,0.511943894914845,0.462950517856437,0.634797739179456,2.26483969340434,1000.00000052462,0.693147180559945,1000
-0.333604962747552,0.234458249630514,0.226047696162815,0.205015725102081,0.672799768443778,0.293205512570218,2,-0.851570397121295,0.732975111208945,0.60414094189018,0.25310975410839,1.13488382131951,0.617973684451376,3.05162702026183,1000.00009130918,0.693147180559945,1000,0.693147180559945,1000
-0.0638738239434659,0.157252189389455,0.00296104110820828,0.0695040586630962,0.908140709750702,0.0556896069608959,2,-0.604632711357929,0.823583829140522,0.739913675942214,0.21585188729193,0.791616578444742,0.27304454483503,2.49909191882446,1000.00001090749,0.693147180559945,1000,0.693147180559945,1000
-0.162782678170836,0.26907092024151,1.52656426280763e-16,2.47108418911622e-05,0.935759149097785,0.0499512415116102,1,0.220527807567651,1.4408031089961,0.696586653058479,0.404776923491078,1.04438254296807,0.319032718171181,2.25876669870973,1000.00000000903,0.693147180559945,1000,0.693147180559945,1000
-0.141741020830564,0.321120026066307,4.58685458078813e-11,0.0135495521531357,0.968699108874969,0.0238764900573313,3,1.22236180467296,1.80638444066402,1.18985234360788,0.307234966429848,-0.584416009502745,0.905867827355019,3.15376119295839,1000.00003686519,0.693147180559945,1000,0.693147180559945,1000
-0.0304509357631325,0.152793398428261,0.0228969974507264,0.0388001895397246,0.644457838383865,0.264842945438236,1,0.359660415943181,0.713559599411742,0.642861138510556,0.199133693388481,0.615361372481866,0.563724269245282,2.02660083481938,1000.00078052495,0.693147180559945,1000,0.693147180559945,1000
-0.124772852043332,0.236797820878749,0.261014457548832,0.245323093176564,0.763482841315311,0.303331175635942,1,-0.963192391862566,0.773177346348295,0.479543063649445,0.250899249833043,1.26772623923636,0.492837876221392,0.961969021691105,0.417236292711317,2.16534989633803,1000.00000000537,0.693147180559945,1000
-0.27173217771705,0.31552314314184,0.0219620466848203,0.203874163057542,0.93862336445028,0.0517188519903763,1,-1.78572627662666,1.45436121505704,1.05430296380102,0.281395699809742,1.29320145753974,0.379491900869031,-0.45718088769553,0.659854457676107,1.9717819863058,1000.00000003424,0.693147180559945,1000
-0.0811729176507123,0.282555004242383,1.17257658760708e-06,0.394278405941442,0.971904431028128,0.0223301354372232,3,-1.0103320794704,1.69342846894828,1.11524835135273,0.336725164006034,0.757886284100654,0.337123666912702,1.05646411514553,0.840041473736768,-9.91659302282931,1000.01093021977,12.0985895840152,243.935244114125
-0.221685527552695,0.135114543316761,5.36296663422406e-12,0.00463332498972729,0.943908653215185,0.0295035778263336,1,-1.32390001554116,0.990809729199398,0.884071857232428,0.319325651889103,0.662361831659526,0.334221577531594,1.15259707417945,0.427883971129215,-20.0106206615617,1000.00000000004,8.32268475225623,1000
0.372956382629236,0.294571974086593,0.290726424907928,0.288480661504212,0.943363779468018,0.0678222132327947,1,1.06999233408713,1.21103587393264,1.05710541371988,0.321409812998269,1.35398217511678,0.435712801939117,0.792572567676843,0.87872634072456,3.14827000971448,1000.00010702794,0.693147180559945,1000
-0.0965431604127309,0.310934421340521,0.776224767020308,0.647289073386509,-0.205306714436943,0.438196357356496,1,0.433428485478412,0.609023311742224,0.93181868847286,0.360270395017985,0.841825282435795,0.385449614622938,3.36263401776804,1000.00021540205,0.693147180559945,1000,0.693147180559945,1000
0.060996065424405,0.216848996997365,0.168205079351504,0.159749292366573,0.430847558983346,0.708297833373529,1,-0.280363039004,0.736471858562342,0.610636924328922,0.236719262690586,0.806590348633479,0.342273864354595,2.29828684359416,1000.00000889017,0.693147180559945,1000,0.693147180559945,1000
-0.123804153928178,0.165563732170585,2.90771253996681e-14,0.000341041250346778,0.817690745155738,0.0992301229837683,1,0.0319565130975491,0.790373934877645,0.470579193148622,0.212873216382391,0.756562405011392,0.25107127839276,1.76037682371378,1000.00024091064,0.693147180559945,1000,0.693147180559945,1000
0.109785463684818,0.206074215669827,0.026108667224712,0.0896420798403265,0.905442283273949,0.0656990011815363,1,0.0518091999547918,1.14592301251811,0.74625558198511,0.265033559733952,0.900648979935341,0.189598451937204,2.13042572751616,1000.000002683,0.693147180559945,1000,0.693147180559945,1000
-0.0446122226934936,0.210258874237113,1.96198718743956e-14,0.00028014201014536,0.92207506727518,0.0423540565352908,1,-0.184854582185628,1.00867457111343,0.604219751598404,0.31195755367267,0.397756953312635,0.443852224061303,1.0342408540423,0.285953043113453,1.78084728559478,1000.00000056619,0.693147180559945,1000
0.0773113466031699,0.170678421320044,0.0524245534972093,0.0821632709164061,0.707476265317881,0.232419690345328,1,-0.347365265604739,0.78288076268534,0.557736665915063,0.268935859715061,0.602300010394366,0.28036762761864,0.586356175689318,0.443365290049446,1.7353255397271,1000.00155929299,0.693147180559945,1000
0.0220698296532031,0.236826854018165,0.213481096743149,0.174239859860022,0.637780575585086,0.406739159137284,1,-0.361126711132252,0.757727194913794,0.913538401458625,0.189492643112026,0.110703753592499,0.640233503453782,1.18569692119003,0.647120272914466,0.200265922480482,0.574164461132908,2.13013529944461,1000.00000186501
-0.22822915147485,0.264026897919663,0.222964353807899,0.204205805626492,0.680584753956392,0.529774604444185,1,-0.124066719571975,0.849299332338582,0.242539907480235,0.285571724098504,0.677152345548078,0.327521062523113,2.70891904941543,1000.00005088025,0.693147180559945,1000,0.693147180559945,1000
-0.110352139572445,0.180339089129287,5.23179336288564e-14,0.000457462685280506,0.927315755074936,0.0315985362930278,1,-0.768013342468477,0.948830032970214,0.637344265424652,0.210567017741673,0.665982686731318,0.264870340311861,1.03033333044819,0.383013140391154,1.7648627355077,1000.00000507339,0.693147180559945,1000
-0.194128555970741,0.280225851768844,0.269073690447868,0.291210295880746,0.862052370840387,0.10031046775465,3,-1.09204473080654,0.974384296386263,1.11565124590501,0.201064668892183,0.562817667250853,0.339666524185586,3.16968894103841,1000.00004475368,0.693147180559945,1000,0.693147180559945,1000
-0.216102227779742,0.309071824567281,0.203088467792627,0.357276082440669,0.929156536904056,0.0492507450878437,1,-0.696057788464351,1.06988389918232,1.22496886635391,0.24347786444773,3.13623096522427,1000.00001438893,0.693147180559945,1000,0.693147180559945,1000,0.693147180559945,1000
0.133185242971052,0.198440195547567,1.47509985409295e-14,0.000242910674724096,0.903030291101671,0.0418783788773538,1,-0.498651938171288,1.13296319524824,0.946159661265265,0.186450180240714,0.647663434282096,0.302115013437938,0.665928922508467,0.241011602136735,2.14654937688269,1000.00000002007,0.693147180559945,1000
0.0404881870303278,0.254470061953566,0.0422437931485297,0.126616053275703,0.938361591763292,0.0480511554479621,1,-0.0467508172509493,1.16373831703661,1.20232897053985,0.276739354807138,-0.0435437477854279,0.401281622806418,0.566366349950183,0.373672173891868,2.22373041103038,1000.00003324269,0.693147180559945,1000
0.182525687142026,0.285633444192524,4.33653676705214e-12,0.00416633233979231,0.956003556271738,0.0319687416925802,1,0.687326817769882,1.71653300182442,1.33278242429283,0.3273949944747,0.21647606077267,0.643505378306725,0.630130173534864,0.211400557331126,-0.332108389970788,1.24729854392644,1.90836601110081,1000.00000005758
0.057057233860721,0.181304495861803,0.0824543880709844,0.13783029409891,0.764278531315141,0.209275026037101,1,0.461390456676451,0.706572180376554,0.477880060836476,0.248943168398138,0.550145235886217,0.255957602817023,0.631363242517501,0.41462853728319,2.35194880998882,1000,0.693147180559945,1000
-0.0644199745565243,0.145609167183454,1.80620536526414e-13,0.000850010544741787,0.880353498443424,0.0538159862937646,1,-0.55430703628859,0.844839666583421,0.492891098320109,0.207654928719125,0.402675801800753,0.272525663320909,2.39164029210558,1000.00003165717,0.693147180559945,1000,0.693147180559945,1000
-0.141428280332701,0.357924279833879,1.7877289105363e-11,0.0084574917039814,0.938905772566738,0.039857172591978,3,-0.638297366008966,1.76412634520562,1.18848283932349,0.333808516988038,-0.0954109260107276,0.387717680734283,0.650962299502246,0.640043727691643,2.63290037935821,1000.00036424541,0.693147180559945,1000
0.188743340488551,0.217914781586101,8.41905758319017e-13,0.00183521824982749,0.921275354422153,0.0447661764982111,1,1.22563392665565,1.08115611628627,0.693755174801077,0.270769889274923,1.07039455276893,0.30336749691435,2.04987781114604,1000.0000001919,0.693147180559945,1000,0.693147180559945,1000
-0.679686778137876,0.396806278024659,0.376926640175011,0.455673057267222,0.943150989192783,0.0480963181786009,1,-4.4911832730135,2.06233136143523,1.04437858429779,0.320140541196022,1.35371718685928,0.238990382723248,0.807779648928675,0.311332632742333,2.14607866181541,1000.00016312946,0.693147180559945,1000
0.165925038360504,0.226638577793518,0.184078742868081,0.171287754109646,0.590591143554615,0.697127482626454,1,0.541436450947501,0.828385396239157,0.346920231569259,0.245647262213346,0.694354919584324,0.408279086791448,0.830699548450621,1.03667425988109,2.93954304522923,1000.00008946665,0.693147180559945,1000
-0.310040795321059,0.27057445483139,0.221888506451748,0.209439837067169,0.810716453087995,0.304173243217491,1,-2.05636978677362,1.33336321155681,0.927998851729481,0.34089958721664,1.21370370572781,0.38994950399289,3.1857304622915,1000.00029717665,0.693147180559945,1000,0.693147180559945,1000
0.027243653271559,0.267160542154303,0.051456555094679,0.170237971477552,0.863603274467291,0.114406806232194,3,-0.192812496609576,1.16516868088636,0.679103122271533,0.200248339495539,0.962895626418406,0.464367732671775,2.86495716642107,1000.00000706971,0.693147180559945,1000,0.693147180559945,1000
-0.0138881624396402,0.174631909733004,0.138966079368618,0.124543081124765,0.660302994866385,0.576090293330699,1,-0.478466654128525,0.74469563396733,0.833917983787934,0.271877470836143,1.63509397149346,0.207532567873825,2.40304689545441,1000.00000277114,0.693147180559945,1000,0.693147180559945,1000
0.244909002619874,0.229433691281187,0.00590652465735236,0.0910813018342797,0.893702683068615,0.0903009036969308,1,0.904868810711934,1.15334992887611,0.749954333888443,0.200139895142075,0.810943130990152,0.226466853071049,2.00350089399952,1000.00000153965,0.693147180559945,1000,0.693147180559945,1000
0.00158368686844195,0.273776623237267,0.179750030720466,0.337466757564549,0.956337162268324,0.033772647898564,3,0.701420273169366,1.36538905403111,0.460383805060462,0.253550388467962,0.75049288497281,0.298524622209653,-0.0586139030347109,0.574074704668774,3.38243741915555,1000.00019779938,0.693147180559945,1000
-0.241261625703827,0.233826031294321,0.115889075435063,0.141044733490339,0.746654483974161,0.227501984613876,1,-0.916511094780985,0.837834183267954,0.765983887963959,0.207568984885064,0.753445369832562,0.711761977305898,2.66335585249931,1000.00011418784,0.693147180559945,1000,0.693147180559945,1000
0.152093290201389,0.305339887762124,0.310422526861792,0.290550393944924,0.690526427659716,0.64437775540325,1,0.974773969931808,1.25805302810546,0.908984864546242,0.262717573486554,1.29056656030836,0.448359870615078,3.06305857275844,1000.00001640012,0.693147180559945,1000,0.693147180559945,1000
0.0405024376516289,0.203242501896911,0.0448746726782398,0.141582365413101,0.92335968426926,0.0611063186598568,1,0.108015139712616,1.07353259496493,0.878431331381871,0.29015065127736,0.763004678646412,0.325905071476567,0.168987836331817,0.952493450831704,2.52917597776413,1000.00039474071,0.693147180559945,1000
0.0610472320331111,0.228955278772765,0.0978423043224015,0.12954161199783,0.798909475208871,0.167131946072102,1,0.0493546279352883,0.938589430397491,0.569722390202416,0.233228782679267,0.607066432770163,0.303629286042542,0.863311191334503,0.428023227182323,1.85980527608216,1000.00015551288,0.693147180559945,1000
0.0407002385832706,0.192112756868087,0.082366239904555,0.134661486404936,0.736114291832073,0.194519334748078,1,0.255695976214379,0.845588603741782,0.554229778604828,0.307895562809973,0.798082080915752,0.383114546288959,2.07507306908367,1000.00000174365,0.693147180559945,1000,0.693147180559945,1000
0.129194703538209,0.171629440046034,1.35373977793725e-13,0.000735870734363664,0.93116270863164,0.0411887495764288,1,-0.384917469897206,0.999422201645679,0.798790480377886,0.305182850093682,0.476000113716506,0.298539460627725,1.09060861280127,0.39676765074516,1.9990975407806,1000.00001529719,0.693147180559945,1000
0.0757638772747166,0.186595387415622,3.24748571175662e-13,0.00113976281081328,0.911479688743909,0.0504086603705812,1,0.638318687338124,0.977536932038325,0.870415563391327,0.200185386734877,0.455126279240359,0.286283966649204,2.03510960528877,1000.00000017208,0.693147180559945,1000,0.693147180559945,1000
-0.0442309717702258,0.148412786157922,4.82939632110378e-14,0.000439518160397397,0.888652140615191,0.0575159995769541,1,-0.718761231415885,0.805828169399451,0.62384719018582,0.271703754059517,0.618674182153345,0.284768997911216,0.13441332469748,0.708325786946836,0.702285140166843,0.0928674652496684,2.0964267019025,1000.00000204794
0.0185436431015878,0.197981243179841,0.0788738308894728,0.139168776865685,0.844672494517475,0.130999219427034,1,0.39420029800274,0.982099307743539,0.690554277561861,0.185473936327559,0.631377072057174,0.192855544673874,1.9624983567688,1000.0000488176,0.693147180559945,1000,0.693147180559945,1000
-0.0225153585883801,0.125861767789913,0.00510286360916007,0.0636147821199354,0.82023598431684,0.0916392342116073,1,0.0366909767527516,0.705430530353506,0.33808170543794,0.2093175296096,0.120323783169648,0.359537651218872,2.0967956669723,1000.00016465962,0.693147180559945,1000,0.693147180559945,1000
-0.209125693562668,0.342341230231602,1.38524266707441e-06,0.236568073325875,0.979051199209023,0.0181739860770235,3,-1.35408272957283,2.55600825390333,1.04904641886563,0.336744276760891,1.78256287609702,0.914964568322317,-9.32588987066997,999.999349303332,13.0575555062048,159.695632624304,0.693147180559945,1000
-0.322782437667316,0.220153905777233,0.376429959164556,0.36486957268679,0.844383956583743,0.129621210427762,1,-2.27304855459016,1.25238708036908,0.972065449053014,0.45341538102597,0.768729702462321,0.201463950395542,1.38887767872635,0.323487156916787,-15.7868787801692,1000.00000031542,11.8849380879428,1000
0.0642425462873748,0.203905044832392,6.53256792168113e-10,0.0530198733286626,0.839156343475758,0.147449752328438,3,1.33567306819604,1.04007597785724,0.698540939502197,0.312743845575359,2.15707115847447,1000.00032985029,0.693147180559945,1000,0.693147180559945,1000,0.693147180559945,1000
0.255112146538353,0.361934363237489,0.602999091253399,0.50995367916833,-0.296595994552354,0.676368150976116,3,1.16358779003283,1.01254787170649,0.589494182885724,0.380881477466564,1.39030606952171,0.477797563014898,2.89909537215077,1000.00001281479,0.693147180559945,1000,0.693147180559945,1000
0.0560776544988402,0.179934344828472,4.75029330335745e-13,0.00137848589913332,0.924305412333375,0.0511274730332582,1,-0.58116444703844,1.05816406611875,1.02107374155741,0.238707034495924,0.460472112929468,0.297588803900803,2.52533131263635,1000.00002050834,0.693147180559945,1000,0.693147180559945,1000
-0.220195406338968,0.153641453511485,8.1798470312376e-15,0.000180885033526455,0.923774472693839,0.0340962792463888,1,-1.7171925133335,0.907300770967724,0.702741438683592,0.262512921649124,1.13553539317426,0.283241889256072,2.58941848717062,1000.00000931135,0.693147180559945,1000,0.693147180559945,1000
-0.0131095066674856,0.166199919243228,2.28477202363152e-12,0.00302357683214377,0.831841069641372,0.0894239250403338,1,0.274635998006291,0.643970563896313,0.594464016806827,0.260977991716634,0.30438010475375,0.254770926286889,-0.0530919163745076,0.803638601306975,1.84341437737405,1000.00000183845,0.693147180559945,1000
0.0477400773571138,0.321887517442366,0.339524683442597,0.382125291835375,0.683308619183221,1.04304733974442,1,0.0906988727381093,1.2570668510988,1.32751450222001,0.188227893776035,0.613404889775224,0.381629588917044,3.29726372704837,1000.00000588108,0.693147180559945,1000,0.693147180559945,1000
0.0549242474542058,0.145289972752428,0.116424848340601,0.0683272496510047,0.488497666681243,0.593997253709695,3,-0.91999356324917,0.649217436073163,0.755960804300716,0.194659855555367,0.920926971302476,0.227932809430518,2.60125011041779,1000.0000401096,0.693147180559945,1000,0.693147180559945,1000
0.128838239165359,0.173880409746652,0.019655683150732,0.0839767711968729,0.849093087080175,0.141842496227055,1,0.431791055473287,0.875588565842548,0.131449495378351,0.279377014509665,0.583116358956818,0.37629267559132,0.396330183184259,0.223161082439378,2.00034696768762,1000.00000196774,0.693147180559945,1000
0.0645410942177583,0.199371927670078,3.75962124386509e-12,0.00387919295905747,0.854286699180747,0.102969593201229,1,1.07559234691664,0.918090370857069,0.330238633656977,0.306635375518816,0.761126262401219,0.365423686636535,1.92205070761175,1000.00012945516,0.693147180559945,1000,0.693147180559945,1000
-0.0567576186045728,0.165112543768131,1.26033107040618e-10,0.0225057340558148,0.916453127038078,0.0404380922468419,3,-0.416868140816091,0.881141899329795,0.707153243843902,0.250370472768053,0.748792533786189,0.313581021722266,2.85211842756019,1000.00010517775,0.693147180559945,1000,0.693147180559945,1000
0.518456159692549,0.170744813150603,0.0161612698436607,0.0562452072502994,0.831320108300706,0.157022231499297,1,2.13998477425298,0.85252683259792,0.532896131230533,0.238611786685773,1.28184685769357,0.171865440711026,1.84345372648055,1000.00035387927,0.693147180559945,1000,0.693147180559945,1000
-0.228528704074896,0.181353313333112,0.0591710235947906,0.0941676175198738,0.782450596191542,0.228369679201089,1,-0.91927670887874,0.893178507858885,0.713287703652432,0.319234512268953,0.668453772429744,0.286937757700484,1.88577522190821,1000.00000051922,0.693147180559945,1000,0.693147180559945,1000
-0.282504530051677,0.225008487256257,0.0642256071615362,0.0710575497499676,0.57910972813023,0.280184354203574,3,-0.74244891250255,0.882005869527047,0.6770453181749,0.256001245903462,-0.383383505670617,0.809826165216903,2.15478806735214,1000.00008959144,0.693147180559945,1000,0.693147180559945,1000
-0.334784886244833,0.192534095360359,8.93726081552444e-12,0.00598058610662587,0.913314438860548,0.0578829793132743,3,-1.43842113733789,1.00764475101323,0.472375522181973,0.306104801518315,0.987326285847393,0.382599368127262,0.206432916736025,0.75881176515396,2.4564439306522,1000.00019108228,0.693147180559945,1000
-0.178020546581736,0.171899534456951,0.132043390987151,0.0746066061171136,0.108822615517208,0.351678715616206,1,-1.18170085783527,0.562907162440107,0.484528233754892,0.229556132170877,0.780337284196736,0.191146195160362,2.10143874490284,1000.00048024434,0.693147180559945,1000,0.693147180559945,1000
0.666256791542809,0.18881693691153,0.0315201866284849,0.0726771904662012,0.892999888916265,0.0633346444905474,1,3.11256148062066,0.945629044565962,0.666172090048841,0.22162874120203,0.668532934819973,0.278230741054781,2.57639627877493,1000.024956126,0.693147180559945,1000,0.693147180559945,1000
-0.114545377999864,0.218844875048207,0.230049427389227,0.185699917058155,0.389422426922004,0.856638397611429,1,-0.65380007699402,0.807721069452309,0.698247059099584,0.252449734977105,0.910536770257299,0.221933842961526,2.07568616859575,1000.00000083468,0.693147180559945,1000,0.693147180559945,1000
-0.221811955510673,0.239868522718092,2.04030696154223e-13,0.000903396169565724,0.964691660927829,0.0202165035932787,1,-1.31081916309817,1.40742570868608,0.685539221492194,0.21619551875485,1.18836696415101,0.39774017451496,0.512155034130871,0.653271872490081,2.85655985560736,1000.00017678411,0.693147180559945,1000
-0.0367185597522041,0.237091406695686,0.305071632406461,0.217490147047157,0.45643759630812,1.06903056265847,1,-1.05843432879843,0.765986149458736,1.05307178046818,0.204666642067479,0.721147653819278,0.351585958236911,0.67925809669417,0.763722129848558,0.899359127239291,0.22550632217686,-19.1317973460774,1000.00000000026
0.203226814070546,0.184388640318746,3.53142887394111e-11,0.0119081418786717,0.933100103093698,0.0338882793981118,3,0.464293506178262,1.10387582639269,0.612955026109989,0.263094250998279,0.644257861266457,0.278364280832044,0.651170237213508,0.31077308547952,2.59355153410869,1000.00001942511,0.693147180559945,1000
0.149579575828975,0.125697467630731,3.03089373023996e-12,0.00348326798011463,0.843403687920262,0.0754155713195135,3,0.662462201604382,0.73248214306108,0.622320394729442,0.238940689709762,0.327464116151608,0.306797543825571,2.05615135862382,1000.00073761576,0.693147180559945,1000,0.693147180559945,1000
0.0676939637468415,0.186461980616746,0.0286185754023815,0.079051713189728,0.839481245589751,0.123215306989887,1,-0.117611289375266,0.931164820286495,1.10316204785774,0.259880338078873,0.52677891482713,0.319996563453844,1.97222982766237,1000.00058459464,0.693147180559945,1000,0.693147180559945,1000
0.250993685222474,0.260955439892607,2.62792119217267e-07,0.205674867715924,0.916927639461467,0.111554391025897,3,2.1995412662661,1.51447030326532,1.08892856834107,0.448899970401039,0.0769806374048757,1.15105248494856,2.42764901841682,1000.00000625889,0.693147180559945,1000,0.693147180559945,1000
0.0289140182301825,0.283916653674083,0.0919905722069423,0.163261447914338,0.926433633164351,0.06625414319461,3,-0.00347665069453708,1.44030602977913,1.16078268640185,0.289401978395253,1.12432456785133,0.489779110705628,4.63495077983787,1000.00276436501,0.693147180559945,1000,0.693147180559945,1000
-0.000844204854928471,0.209266620839619,0.0506340667869067,0.0913277961257374,0.849203126497498,0.119156548617013,3,0.16137514949911,0.910521317945098,1.00870403747541,0.233186638808043,2.68833594928077,1000.00024091448,0.693147180559945,1000,0.693147180559945,1000,0.693147180559945,1000
-0.0313827737653254,0.215985827554669,4.66950218401256e-12,0.00432217408097726,0.929651527987645,0.0368934833586237,1,-0.212796134265658,1.15600834010873,0.773266004364651,0.255053100200141,0.818980515784607,0.218158144439085,2.64209275284588,1000.00006557849,0.693147180559945,1000,0.693147180559945,1000
-0.051127512759851,0.179753564305038,0.0518196318587427,0.115918874161444,0.868423100510616,0.128139244193056,1,-0.454354415142388,0.982339365044821,0.729825680160645,0.206261154634987,0.290291069644292,0.352760611933189,0.338860891243591,0.390980248013365,1.91654324797949,1000.00049392361,0.693147180559945,1000
0.259722917296546,0.49895078513161,0.843994432950152,1.12572894585766,0.541173543309202,2.60711954295327,3,2.20510276148926,1.61481253788375,1.5839151872263,0.510147822039405,3.44333832022669,1000.00003097118,0.693147180559945,1000,0.693147180559945,1000,0.693147180559945,1000
-0.0041034045383246,0.138954940950262,0.0414300067570113,0.0872755605439256,0.7549111104858,0.166087764898799,1,-0.537336648360468,0.552099648447998,0.621360963835652,0.200444372088226,0.668163326220758,0.250922117530401,2.18482262685043,1000.00002687158,0.693147180559945,1000,0.693147180559945,1000
-0.418520580351328,0.200509334906251,2.67024854192002e-15,0.000103348964247457,0.805968029882025,0.10754652724129,1,-1.10331256969038,0.895453874554959,0.517548569903067,0.281960609682151,0.61095854922802,0.369083237985085,2.17308305222259,1000.00000407197,0.693147180559945,1000,0.693147180559945,1000
-0.285481295403113,0.204488154271563,6.86597557539547e-15,0.000165722489087726,0.895982554867202,0.0634800116723132,1,-1.21804276736847,1.20058771212346,0.560319130073607,0.279847344078899,0.407711247756465,0.3944102651518,0.922029624715281,0.318880615929269,1.94264586385513,1000.00000272699,0.693147180559945,1000
0.298997726784723,0.21556612562101,0.0277194190056249,0.109832379668286,0.849749585985589,0.136999010719788,1,1.31007947708994,0.949674542124969,0.759110399846363,0.24993136407111,0.698989103856549,0.30044142894295,1.95369737535824,1000.00000000664,0.693147180559945,1000,0.693147180559945,1000
0.300420102084575,0.137487535849959,0.0392691555968138,0.0780674116760036,0.781357151943547,0.159052898603471,1,1.03495819031946,0.614358454529517,0.773040647513332,0.224270467189746,0.522515305452485,0.292233588697098,2.13883896364417,1000.00000169133,0.693147180559945,1000,0.693147180559945,1000
0.210089020721131,0.324677954217678,0.308514634874585,0.257017900183843,-0.0898926552267887,0.479093887596216,1,0.897461956496699,1.00919702618194,0.502543830307199,0.343294024285084,0.924023381337583,0.433484186020835,3.00416081257549,1000.00086894088,0.693147180559945,1000,0.693147180559945,1000
-0.104024910623686,0.12884165327997,2.39387937817134e-13,0.000978565498242268,0.847853440858143,0.0819310069907416,1,-0.166117251866297,0.779243287605686,0.576906235844412,0.253995014557162,0.177893789810385,0.398816373894784,2.24945148393334,1000.0017041376,0.693147180559945,1000,0.693147180559945,1000
0.263149341794988,0.184017946881342,0.115195077494655,0.153715477608253,0.781421699241874,0.315259016935219,1,1.24490611078537,0.880750228088986,0.307454381844754,0.30276353942341,0.701365898828462,0.196732743132701,2.23469499961192,1000.00041892038,0.693147180559945,1000,0.693147180559945,1000
-0.00246842938974845,0.273321935204083,3.53276875189764e-05,0.228503353628244,0.920722861762859,0.0698871981923433,1,0.822937608031201,1.3345261184839,1.18533674299409,0.172779575782872,0.11037030475214,1.04337120496221,2.03898685382505,1000.00000186934,0.693147180559945,1000,0.693147180559945,1000
-0.0797073270381948,0.237787633631298,0.193096047040969,0.173180581071624,0.642453842504765,0.484215045017538,1,-1.59622235379683,1.10276491094904,0.744371222326817,0.225208312389799,0.826545281999343,0.342926655106438,0.75851722856136,0.260580754158935,1.85628912222078,1000.00117890803,0.693147180559945,1000
0.104559456881006,0.264828967744324,0.287776577681979,0.330033794562343,0.949712453162802,0.0463206121330136,3,-0.106895068621071,1.41837889875847,1.07419999329184,0.259028662565943,1.12913463437056,0.483100333669276,6.31347978362335,1000.01982356056,0.693147180559945,1000,0.693147180559945,1000
-0.0561819863434057,0.183817391774751,0.111449411314128,0.13787439578267,0.692327062627041,0.276250634898539,1,0.00529612060905149,0.676599991783721,0.611891407502199,0.187624310986022,0.814188301910188,0.336434830398405,-0.482008247033198,0.848699306096677,1.83933324436089,1000.00026469521,0.693147180559945,1000
0.210947673770702,0.202994539837443,0.0711942244773464,0.106870622744201,0.775442945546824,0.224838049696695,1,0.525934864108533,0.803453445947544,0.343708880760591,0.194859744003676,0.468652111315505,0.220903908539849,2.41277605406551,1000.00750421316,0.693147180559945,1000,0.693147180559945,1000
-0.52647628216945,0.195107493525813,0.170881573861708,0.153794958311704,0.401319386214442,1.44250059776755,1,-2.62771595560288,0.770397497681915,0.287479659847518,0.288808506196187,0.810369400048462,0.275581345654106,2.43995536287948,1000.00004496951,0.693147180559945,1000,0.693147180559945,1000
-0.364330132696814,0.238899659321455,0.204784649681308,0.222005447539489,0.637520572182754,0.485451080376059,1,-0.910305024809112,0.717586198127602,0.645761989998509,0.365065779666542,0.904638297088281,0.28865236074581,2.12034660877224,1000.00000496226,0.693147180559945,1000,0.693147180559945,1000
-0.227777312056989,0.14657644596021,4.13097845600647e-13,0.00128549663996174,0.881739337687831,0.0679347309805733,1,-0.791471255181003,0.787862717247634,0.66425633860149,0.273925911884984,0.289050145960049,0.395830284902278,0.451026772197562,0.367304139635239,1.94985821924996,1000.0000009258,0.693147180559945,1000
-0.170541625797606,0.16758022117728,5.01339011318994e-12,0.0044813725016439,0.892010701710765,0.0550343166990737,1,-0.337576007225234,0.90853175324471,0.831578525571226,0.25736496020834,0.584302660722336,0.681338042688443,-0.00534713523268308,0.232461908937141,1.99798663914681,1000.00004149276,0.693147180559945,1000
0.112091244504673,0.188367683047267,0.00595874540233057,0.0434282343751087,0.880342144227908,0.0753435391751894,1,0.754862377824267,0.97310212984332,0.168399819552619,0.353792104226107,0.609550157781922,0.307911353253866,0.443811524485153,0.364460457699425,1.79504999269472,1000.00039760804,0.693147180559945,1000
0.110041754942144,0.206765854293212,2.25675336399994e-15,9.50106428335171e-05,0.862304367537234,0.0710915883145287,1,0.754258136498756,1.01291760394989,0.74104797190932,0.21628963646845,0.30025052163322,0.435838815963406,0.461517655383419,0.332396960680239,1.94194821558802,1000.0000000647,0.693147180559945,1000
0.0864215686559418,0.213476863962202,0.218296719575066,0.202036093817403,0.836539766991697,0.135192628622648,1,-0.322629911048342,0.799556989405215,0.455504197417059,0.324170865609174,0.949025593092252,0.266928075611685,0.926936967563683,0.61342571765455,3.00837549704389,1000.00004445962,0.693147180559945,1000
0.119580296757732,0.273975426223576,4.78972861967751e-12,0.00437718366125465,0.938421674064812,0.063727266472429,1,1.89903844846491,1.48023123497443,0.858594439079245,0.372671064150043,1.0745252252701,0.27083528562826,2.0738249913674,1000.00000025139,0.693147180559945,1000,0.693147180559945,1000
-0.868664198514968,0.478547440768509,0.65011207231232,0.766528038635292,0.801655866849875,0.454013501342233,1,-1.99273089500646,1.497716258582,0.87608086652119,0.329327910099761,-0.103025072386589,0.573868759065373,1.02225702088123,0.282394542374988,2.10460731633567,1000.0000551382,0.693147180559945,1000
0.0140694928684202,0.211482294934561,0.17244068082195,0.133636798534074,0.297421132819612,1.35079815682869,3,0.426756090606873,0.818236428016059,0.736585192423392,0.180785377557842,0.890070677640227,0.382845270778107,2.83364105165381,1000.00006903767,0.693147180559945,1000,0.693147180559945,1000
-0.213215494237305,0.160820859826444,2.45682874135803e-14,0.00031348573130066,0.819812133505481,0.0818094768809362,1,-1.33815011353178,0.774066306415861,0.606714114746384,0.212279209946743,0.564209890353904,0.275031648331614,2.10580494824174,1000.00036714789,0.693147180559945,1000,0.693147180559945,1000
-0.163674031726745,0.188322501726209,0.127276401371468,0.181027485700605,0.733881050217631,0.246177037121077,1,-0.161291189214458,0.660336405020822,1.06398818928936,0.143542187944625,2.14167029424322,1000.00000050454,0.693147180559945,1000,0.693147180559945,1000,0.693147180559945,1000
-0.206883656996981,0.227037184258339,0.128683779273107,0.153204867239836,0.832749358843243,0.124241493997473,3,-2.03510074130172,1.14957470073275,0.879916192079578,0.229303340797429,0.950767036717521,0.266121571478183,2.69769891378398,1000.00107447885,0.693147180559945,1000,0.693147180559945,1000
-0.150398428075021,0.144724212638656,0.0279441643339736,0.0839564448619253,0.783198493539568,0.119442802120973,3,-0.360916729035231,0.579309503089298,0.406358723452392,0.257994181933931,2.36773763791836,1000.00009816316,0.693147180559945,1000,0.693147180559945,1000,0.693147180559945,1000
0.522280285915419,0.216019706374281,3.44210668331942e-13,0.00117340211781751,0.902628759933313,0.0801051688130646,1,3.58890219002189,1.47499463440427,1.0273499080754,0.223030704512075,0.473271933241008,0.720711634583147,0.350033806834812,0.17809811206423,1.9663265623213,1000.00000022919,0.693147180559945,1000
0.249780209400437,0.211386984518568,7.20598472975655e-12,0.00536941972341044,0.951450101925166,0.024064492829768,3,0.578777169977537,1.12799750079976,0.77599573402063,0.265374569718966,0.898865858666216,0.234697161835845,0.542836671673117,0.688688835888168,2.87021104191953,1000.00014449032,0.693147180559945,1000
0.260315663630193,0.190685017807455,6.88148323626741e-12,0.00524987937412799,0.873577197902208,0.0767250686556935,3,1.36054164356935,1.06805011757799,0.302589150620907,0.275643857448297,0.242898325037346,0.324458514898343,2.47666070574503,1000.00004070725,0.693147180559945,1000,0.693147180559945,1000
0.427000466579951,0.137963205782697,1.99610297544059e-16,2.82567021644597e-05,0.87810732180662,0.0730208018361162,1,1.35900014312916,0.753110658224262,0.879353144626102,0.270886744668665,0.791675627391113,0.210847919365122,2.07344242914171,1000.00000101185,0.693147180559945,1000,0.693147180559945,1000
0.278229658445683,0.149208038854452,7.17766256807812e-11,0.016986275446868,0.935315436689308,0.0304547834641285,3,1.09074790091341,0.878895878265583,0.280048726326057,0.286394128995297,0.835028527113969,0.23084361522,2.73531613409297,1000.00019510475,0.693147180559945,1000,0.693147180559945,1000
0.274584146329739,0.237641719447395,0.132621154418372,0.131870294562244,0.642771997197041,0.472040264631359,1,1.34587720500258,0.942622356665081,0.743519329898638,0.291144701942909,0.432484822615648,0.510635720164892,2.81438447707441,1000.00021413986,0.693147180559945,1000,0.693147180559945,1000
0.0998985275318688,0.225464320584291,0.201276374361033,0.227074008436979,0.864536483932083,0.114295480351312,1,0.604720544408444,0.768030445479982,0.556464549194827,0.230990747846173,1.02153122337143,0.318392327037449,0.307635609545129,0.873168681629146,2.90959993576937,1000.00003270071,0.693147180559945,1000
-0.0855234959031419,0.294440853160487,0.637931023275852,0.342917538421275,0.75039422421479,0.352682137276431,1,-1.24571110578002,0.936838732413137,0.9981748880531,0.313361072198044,0.776659288256711,0.282122570377604,0.775046038617317,0.673617427261693,-0.288692812044241,0.594492014342942,1.25117966085388,0.23044118648098
0.222182228648205,0.161287002523568,7.08966721237304e-13,0.00168405888919236,0.899081745039108,0.0532078114733681,1,0.810427606854008,0.778514877458852,0.540754638364298,0.26848055268952,0.870712535743126,0.268445638160014,-0.0591590687040523,0.715583951988132,1.81663022005468,1000.0000000271,0.693147180559945,1000
-0.135527027722344,0.294130524984635,0.156528367571144,0.222866483891195,0.935226447052211,0.0420693514778042,1,-1.19554485111486,1.19985075457,1.33163962197217,0.249340215746516,0.53410192655111,0.323801261220116,0.692650028849792,0.337857303979636,2.02203545436445,1000.00000006769,0.693147180559945,1000
-0.161953254487233,0.156044979418073,1.36561059995791e-15,7.39083429149256e-05,0.843195771985962,0.0854244613064484,1,-0.405434653135772,0.756742110103471,0.647760283303335,0.230132125726187,0.546297926497021,0.370962303609055,2.07420524890089,1000.00000535979,0.693147180559945,1000,0.693147180559945,1000
-0.179257063388143,0.192000796882188,0.103612124654458,0.126450070251047,0.75146453712309,0.253684004978719,3,-0.859101664347313,0.784974658179487,1.08531082533065,0.220090127339792,2.36950375505622,1000.00001619732,0.693147180559945,1000,0.693147180559945,1000,0.693147180559945,1000
-0.032399871379081,0.203526285316025,1.10291900790764e-12,0.00210043446962671,0.863181116918779,0.100238324226403,1,1.30786962882024,0.893345156492808,0.268660678910515,0.287913738211233,0.705667361010274,0.420973039776962,1.88123533512896,1000.00001262359,0.693147180559945,1000,0.693147180559945,1000
0.220878957226449,0.219256555906665,0.109613187416912,0.120399605031259,0.830905270258123,0.216425382889282,1,-0.172195521814317,1.12270173564871,0.45407200882577,0.238316937277207,0.544674828918778,0.231405363124561,1.01077959020506,0.448375816060229,0.413259943351166,0.655116803453709,1.72189791853968,1000.01265340312
0.285767503019124,0.180685181779835,0.0606987894137496,0.0785282927720389,0.737444294933818,0.146594753314382,3,0.23326791912384,0.627648497622797,0.708787973693699,0.179993645631358,0.400256379832247,0.307958985492004,2.82900508430527,1000.00219031933,0.693147180559945,1000,0.693147180559945,1000
0.120455303806005,0.351203606997693,0.340364250456968,0.466102108880145,0.229212253420047,2.04535297443856,1,1.65017164980956,1.43198957372964,0.973100890206194,0.485629765609687,0.974659294018972,0.763340707099148,2.8269093796356,1000.00619909434,0.693147180559945,1000,0.693147180559945,1000
-0.0779902529241961,0.347811820668334,3.50815030446089e-13,0.00118459396525922,0.951658110102193,0.0347456013691488,1,0.207282622111194,1.42202555086328,0.684916327290965,0.272111553136049,1.31771970097808,0.175100893667596,1.8535695336598,1000.00000000444,0.693147180559945,1000,0.693147180559945,1000
0.431167995689792,0.241984223587179,3.41221111752045e-14,0.000369447005922766,0.853151050273699,0.104271491611622,1,1.8752267816483,1.02809597453667,0.984052598204849,0.291315690454748,0.210587742065706,0.871874473266076,-0.474095024908659,0.507023057015502,1.75379779933084,1000.00030295455,0.693147180559945,1000
0.230071355098407,0.290559814376351,0.0851249418399337,0.187676077344151,0.91912588727864,0.101631908208517,3,1.05208950751098,1.67519751116124,0.952897800645056,0.244285813036772,0.699691172885602,0.282111796126504,3.68388035332584,1000.00002789406,0.693147180559945,1000,0.693147180559945,1000
0.0894666740837947,0.198394381356832,0.0163676023804669,0.13870005840232,0.908072716698302,0.063522669261966,3,0.026738267322219,0.965321453147259,0.793353828638014,0.202909268930154,1.08223264388069,0.447935454320565,2.36106016382208,1000.00025834131,0.693147180559945,1000,0.693147180559945,1000
0.0411546893881745,0.130616565465444,9.61933780054582e-11,0.0198258705457262,0.920608900432324,0.0369572176343554,3,-0.516171428785562,0.887465368748658,0.779551534219791,0.2084493917864,0.513643764461646,0.260157648321714,0.722140258089924,0.464897570081443,2.81456004907264,1000.00105033177,0.693147180559945,1000
-0.0483624379147862,0.144760956955838,6.66393277755083e-15,0.000163266329515369,0.75805459215256,0.10610928702266,1,-0.822791266401338,0.713524414956958,0.461230719196732,0.219228054532789,0.816568592084976,0.251825576482681,-0.512941044116746,1.41692201690244,1.67730711759992,1000.00727265848,0.693147180559945,1000
0.168865282216908,0.186885898132112,0.155959575094033,0.132359089309768,0.580343615929991,0.449902593816566,1,0.297409871210846,0.661524478773015,0.673768217697341,0.206403802984597,0.931995479995241,0.481789684966123,0.502978915063743,0.137971995344727,1.79289244027764,1000.00000256188,0.693147180559945,1000
-0.187865439964769,0.364464504113742,0.773934649017105,0.918111971395632,-0.687646437855302,0.333531291576325,1,0.0353880150007543,0.703265558260544,1.13200013807653,0.528186416088806,1.39739145927051,0.546133721797335,2.91062983423409,1000.00000348847,0.693147180559945,1000,0.693147180559945,1000
0.165460693273585,0.211573686174341,0.0762875389274814,0.0927040966875691,0.870060846832007,0.0686468834730484,1,0.516191100702629,0.986296950311689,0.615232675769744,0.186706279257025,-0.112703129596627,0.338913959132142,0.795213024206797,0.249174626077971,2.0326132715951,1000.00015711839,0.693147180559945,1000
-0.156955141786841,0.176087930131806,1.15582521976365e-14,0.000215018760635454,0.81252799296092,0.0983967840052154,1,-0.0956513186677438,1.00269158837965,0.318451658005888,0.269835348341694,0.422947422153426,0.495060710676828,2.3854433813163,1000.00501675852,0.693147180559945,1000,0.693147180559945,1000
0.0573952774734416,0.200119835638911,2.47916940504899e-11,0.0100147161938682,0.913549735861158,0.0516493516149948,1,-0.23022813167611,1.31526937544757,0.799642434022462,0.29523237318231,0.669631172116634,0.264183702854298,0.597892294089985,0.651072676078097,1.94445949962437,1000.00000432811,0.693147180559945,1000
-0.0577171186219104,0.183992043267184,1.00301189859248e-14,0.00020030102676138,0.90718514996207,0.0443904485039262,1,-1.03797810310793,0.837001848324262,0.833846898676949,0.135350954441647,1.00511276952576,0.43073767161262,0.252929787056845,0.163525939378722,1.80792150815442,1000.00002486924,0.693147180559945,1000
-0.206782616923587,0.361073733545045,0.101556176279712,0.180831277610665,0.91799997772943,0.0876456489802409,1,-0.186573742997432,1.48131325035474,0.338159627652168,0.388928384353675,1.00717869009126,0.154111435034754,1.95294739976217,1000.00000058313,0.693147180559945,1000,0.693147180559945,1000
-0.0616402972471909,0.159100084332605,5.55033663753141e-13,0.00149005001822912,0.839795080652583,0.0766962367105354,1,-0.638645244637247,0.819874264515875,0.950792021302646,0.17597826365664,0.126516847522408,0.444784959244561,2.22386195635911,1000.0001077504,0.693147180559945,1000,0.693147180559945,1000
0.348214058548457,0.431868915219534,0.523655461290042,0.549668193953063,0.573853565715835,1.44767929774185,1,2.00975498165402,1.57524884699868,0.263876331341374,0.325091314049053,0.749937882917868,0.380392597681328,0.949803715782433,0.419145023499942,0.566635169053307,0.480746967140335,2.16522644803604,1000
-0.0930044934628983,0.267272326755191,0.322900307083066,0.263542282504155,0.573298519865315,0.749187291636371,1,-0.737836366901474,0.937087447683851,0.876943983208853,0.215209861799105,0.295349287897921,0.298529470349785,1.33109893994577,0.297852524865449,0.489716875251928,0.833610853525623,2.32055627626843,1000.00000214977
-0.285306653067926,0.357696408801214,0.332417750440745,0.385542570475833,0.814353192554571,0.38858922038337,1,-2.21397826239137,1.16173647205525,0.891194192958503,0.288771560247906,1.01409828392776,0.259872808548933,0.55090873592035,1.60832213360778,0.919392863939981,0.120871866422851,1.8814035091631,1000.00318499198
0.18562599910736,0.226420696692325,0.139494158032153,0.168450708233136,0.859924324722779,0.118306579397121,3,-0.0558302535887636,0.963323581769511,1.03901474998745,0.221562796839748,1.21858661060837,0.592888292926579,-13.9794327387335,1000.00003650949,0.215561420097122,2.38842786507151,11.5228698717469,563.402749220939
0.580200805497902,0.221034660289561,0.0714045188434504,0.124963464535934,0.887511731104696,0.105471411999853,1,2.19611692388567,1.17890439318045,0.45894486349136,0.272645807729473,0.560239041026057,0.230829133049783,0.963275021267072,0.359801871076435,1.98928909136013,1000.00000498908,0.693147180559945,1000
-0.0755806418092125,0.215269379707028,4.99842196343293e-13,0.001414040952443,0.911539668927287,0.0482655968092488,1,-0.659281080015293,1.03264011297886,0.551748970316336,0.241423326810715,0.568299167673732,0.231572084594047,0.787529569253558,0.333055699980672,1.75145704219367,1000.00002717348,0.693147180559945,1000
-0.0907717906830921,0.282459841094655,1.65088904099803e-12,0.0025699136251534,0.948191509118307,0.0317380562457644,3,-0.585435730114495,1.25789251482529,0.707000897237029,0.225981091853512,0.848702242506188,0.374907634763705,0.561620642372135,0.750749511290772,2.63245794229671,1000.00011876214,0.693147180559945,1000
-0.0793876467882774,0.244074387028244,0.137228997909441,0.176802618857589,0.782537467969269,0.218384787544855,1,0.21604219397692,0.838124612002541,0.401939340300999,0.327327193881993,0.880249607685927,0.78711043104235,2.79201587229287,1000.00000848821,0.693147180559945,1000,0.693147180559945,1000
-0.25668227425982,0.230952643630698,0.149968474900494,0.175186441212418,0.618465783773786,0.650803867846055,1,-0.494141258702206,0.890941734306737,0.624394532873554,0.312977540619806,0.351455701735228,0.348657475162487,0.307484679482683,0.327479201661108,1.77962701308828,1000.00000100892,0.693147180559945,1000
0.173450648696893,0.190681004725132,2.24875177257985e-14,0.000299917384542648,0.842139503179467,0.0848477143125692,1,0.904722084339942,0.961874868555576,0.655853511741714,0.324606210616412,0.536531864517685,0.37873336884309,1.84724618055874,1000.00000175799,0.693147180559945,1000,0.693147180559945,1000
0.509686264776016,0.20498581890668,7.27651684449034e-12,0.00539711644401593,0.916650863836056,0.0410689441499811,3,1.25243526044057,0.978424239205333,0.888852824623539,0.140771251820441,1.18070115471259,0.355195265040804,-0.331317752659791,0.200676822727699,2.37590513495114,1000.00000448756,0.693147180559945,1000
-0.571794704504035,0.311888864186285,0.209313637569585,0.387632890417509,0.879405420935644,0.119472364520939,3,-1.68220646644638,0.9574185073562,0.344997038299136,0.361279210718093,0.325982385989975,0.329982341324875,3.28069386744607,1000.00004559053,0.693147180559945,1000,0.693147180559945,1000
-0.282663469760104,0.133020416224032,0.0142364707028722,0.0369917427530808,0.730073030387479,0.187340677195422,1,-2.00196865869899,0.663173135773701,0.92857748662975,0.215898916490702,0.562746562162727,0.299624759303748,1.92337813987547,1000.00000528195,0.693147180559945,1000,0.693147180559945,1000
0.358395893089602,0.194147970263744,0.0141853234025865,0.110481846169142,0.937626330367482,0.0439347310021538,1,0.19359275294015,1.04468014724844,1.13537657683362,0.274269073616013,0.726482344335932,0.285820553339026,0.841327686414736,0.293432306079457,2.14022700700971,1000.00000000581,0.693147180559945,1000
-0.074994568273536,0.217889154302473,0.100306456513752,0.178869282453426,0.9334336537878,0.0514142216707351,1,-0.938906159463294,1.12930895571902,0.774961547991414,0.212500343263102,0.785408985213907,0.435091007680371,0.739924256476478,0.487521878529495,-0.473227273723718,0.565778288857232,1.97482841993308,1000.00000001002
0.260285574193238,0.234844515664572,4.21815831154378e-14,0.000410763750090378,0.923607376816978,0.0514176143855627,1,1.43482726665632,1.12729675210509,0.387151324666134,0.256816282648402,0.88225969758217,0.32636788153809,0.724489243049684,0.514852920626359,1.78830567334832,1000.0001656359,0.693147180559945,1000
0.247951748539183,0.191507242275245,3.36734957486776e-14,0.000367006884209132,0.912343787640238,0.0472168958756775,1,0.417916852340614,0.985183744437457,0.859271741071743,0.200373379449821,0.906929511012338,0.230003157194811,2.07788805818301,1000.00000047482,0.693147180559945,1000,0.693147180559945,1000
-0.0477020474185898,0.226831581126218,8.41157796970704e-14,0.000580058005122386,0.843331977249813,0.0675881317079575,1,-0.0918768838875669,1.11706802600867,0.517374585171643,0.202444016046705,0.850347853420083,0.281936666732459,2.11622467691659,1000.00000002542,0.693147180559945,1000,0.693147180559945,1000
0.0878995081144914,0.217750841622784,0.250793319682032,0.216221943203583,0.286018187179135,0.919347508971968,2,-0.0129376239310878,0.810478932995802,0.886042001946649,0.261308140473265,0.760552383925008,0.402479740789141,0.526731156909743,0.310732690358219,3.26099426486728,1000.00003741655,0.693147180559945,1000
-0.131546926429311,0.272716097470424,0.110440828093468,0.241127326471894,0.911970052614483,0.0572084970715088,1,-0.241609508174015,0.92180487300856,0.610188900619526,0.233972421305537,0.859033838550483,0.285121908484085,2.16890386368167,1000.00000012416,0.693147180559945,1000,0.693147180559945,1000
-0.0199917160156193,0.140789236438993,2.62958612155851e-13,0.00102561758846579,0.848045466914554,0.0674420670149321,1,-0.151523111330136,0.719313224056786,0.368719749089695,0.175283406048717,0.410755861923709,0.232780307597748,0.607750282177219,0.858379619064919,1.95690379315369,1000.00000004477,0.693147180559945,1000
-0.316876097173765,0.268728667433144,0.419131526050013,0.419474198070224,0.325111615308838,0.743431332747663,1,-1.48627639543915,0.999381440373,0.551758078310777,0.275908041162166,1.08509703243965,0.363774937154261,1.12361498606638,0.341428433911769,2.00266360959781,1000.00000544933,0.693147180559945,1000
-0.0942501108400498,0.207987983155369,0.271588758834288,0.200515907998252,-0.0144923375585091,0.566985106748088,1,-1.30594747916149,0.661207213848653,0.895178113580283,0.237595449723045,1.16455960723646,0.491330771012026,1.1000688112859,0.0879234784967578,-14.2668760670216,1000.00005238137,5.30889740246923,1000
-0.00488995080898853,0.247245054682877,0.194108392018008,0.180887378108911,0.745591566982644,0.374833878769929,1,0.55434980767606,1.11600364564929,0.877439252841719,0.213391727711826,-0.022123644771603,0.748085137849145,-0.0542900005369847,0.59148888637968,2.94808772026628,1000.00007332742,0.693147180559945,1000
0.00631259323911485,0.162138224573792,6.91682032130152e-13,0.00166340741691923,0.915065562277601,0.0415183150525404,3,-0.124483696687199,0.914763073118633,0.423678457061065,0.284324258065744,0.685461784233369,0.315209667431538,-0.16795713667239,0.623875802398145,2.47555848431555,1000.00001454467,0.693147180559945,1000
0.139279638392474,0.177238905336725,9.38550210285159e-15,0.000193757729990829,0.857259155031518,0.0625852452668336,1,1.1381783272857,0.94996391724381,0.607588410134144,0.260025341841354,0.487194575469388,0.422107140984276,0.0454569348882692,0.433934261747972,1.92780157384124,1000.00015043319,0.693147180559945,1000
0.422247331071348,0.249495156480632,1.28009872429451e-12,0.00226295068768009,0.949942970408708,0.0390802224444074,1,2.39161502513717,1.26866330474715,0.62847994024851,0.312059607703864,0.795542118474066,0.275025355706744,0.178359948275493,0.423220750576454,1.45995395797748,1000.01789175682,0.693147180559945,1000
-0.281641283102635,0.233765689595898,0.136320657755769,0.187041982055639,0.812858865136524,0.163006333396939,3,-1.39171530889247,0.796481064194879,0.697386754242532,0.197062579377001,0.760080649778136,0.387730584679062,2.44760893620451,1000.00046667036,0.693147180559945,1000,0.693147180559945,1000
-0.255149912927525,0.452755074387791,0.179598567659089,0.56907832080659,0.892034134016988,0.0993341470375788,3,0.318305976378667,1.34795796401601,0.478033433997913,0.314011404116775,0.655137810906603,0.719367046156093,2.40526726142914,1000.0002398392,0.693147180559945,1000,0.693147180559945,1000
-0.0765259501317561,0.171408959947907,0.0785367601452896,0.0810317784614645,0.557495181780232,0.354723591172652,1,-0.301089786582594,0.699254493078557,0.675935012707073,0.21106208548563,0.842643977895415,0.630065082387153,2.52010573883334,1000.00013779114,0.693147180559945,1000,0.693147180559945,1000
-0.0232325452128166,0.206611913498183,0.0758775919436586,0.112615668177664,0.796100190260723,0.191722435213807,1,0.324453010072894,0.838369759587935,0.475970457251973,0.199189197662334,0.804360466079311,0.699854999450506,2.45949834477001,1000.00007651773,0.693147180559945,1000,0.693147180559945,1000
0.131284372902249,0.184668693979449,0.0646344178726882,0.102091206574461,0.742342435880372,0.217433628937516,1,-0.039753098454795,0.79612086289782,0.481126788733489,0.192600211698503,0.876323340617235,0.241266934892252,2.97335421579202,1000,0.693147180559945,1000,0.693147180559945,1000
0.152137971743108,0.175300247395589,2.77756463600124e-11,0.0105501572502233,0.939178862562852,0.0328271949919638,3,1.02781646563815,1.13932729988822,1.16443406613618,0.263726233028491,0.592485663558658,0.371104736774011,2.64021051943643,1000.00014141035,0.693147180559945,1000,0.693147180559945,1000
0.0310781632675491,0.270619121481423,0.272100454978707,0.299496268925805,0.857106741878811,0.163605455255737,1,0.0307739326290143,1.12251400839015,0.752098610745365,0.417694457494611,0.682139375750669,0.415738424512732,0.9276025117375,0.36827959221414,-0.00185004801362505,0.923595428692363,2.57567700896866,1000
0.0855315583770062,0.245937899138164,0.20671512273567,0.265694167809804,0.938508332895717,0.0547597438187416,3,-0.367797059539654,1.0307840798066,0.872727274196575,0.407666492725942,0.917909249542514,0.318675302893206,2.77961645887085,1000.00001060079,0.693147180559945,1000,0.693147180559945,1000
0.0667202655392685,0.272280024950649,0.0719901467789909,0.251674784113066,0.925236855255507,0.0612100121136121,1,0.272594657765996,1.24291590834757,0.946543866976647,0.364161142212821,0.472679867919014,0.409449513511573,-0.35836320814398,0.762155190232771,2.86859260415798,1000.00025582642,0.693147180559945,1000
-0.0738092807058064,0.133499440876381,6.14181290489559e-13,0.00156764540818969,0.824635464227953,0.0973119445560011,1,-0.12594048188288,0.755188595045706,0.372203126994232,0.294580961236642,0.922193087564006,0.278596189568184,2.18857143683307,1000.00000024466,0.693147180559945,1000,0.693147180559945,1000
0.158205298099123,0.296983165974133,0.172662384927228,0.257394168478822,0.950691333009994,0.044831053947412,2,0.573533502481457,1.57447685167424,0.578888983773705,0.2309295826044,1.38006333507071,0.28614050337699,0.333506685733931,0.506774512275234,3.04725410347746,1000.00002618968,0.693147180559945,1000
0.0512839962998295,0.244979003884002,3.31042523906734e-15,0.000115072596595173,0.938332066232852,0.0405105648878155,1,0.589918647853909,1.26428921688009,0.817345462348894,0.399818627489204,0.381575644150817,0.401924044715704,0.884266641045638,0.217197167733389,1.98602514868008,1000.00000239332,0.693147180559945,1000
-0.123250084989847,0.216896739871698,0.14298976014582,0.156917916414474,0.826520795666674,0.139818454001563,1,-1.92378918999874,1.08352333481023,1.01534883622321,0.244752888146344,0.530067414908698,0.454171518941947,0.246343049246839,0.574055095379205,2.44761542244082,1000.00287560816,0.693147180559945,1000
-0.0882500850512827,0.192772993350196,0.139027224529312,0.120345015430135,0.540970359898555,0.566299558229938,1,-1.12124648885924,0.759131050953879,0.172844032756279,0.342486913930828,0.92881294468298,0.256069372644247,0.723990360050008,0.870827692069745,2.72606713670025,1000.0000655739,0.693147180559945,1000
-0.163461788855079,0.203128608315211,0.0940880710925474,0.149736891172238,0.821741700194955,0.11431723764998,3,-0.60172348064793,0.884589477945912,0.737103576048278,0.218581996781119,0.372522618338903,0.317514204790287,2.26218011123336,1000.00013184415,0.693147180559945,1000,0.693147180559945,1000
0.0470536694492462,0.166225602354392,0.0111967166907856,0.101774344393982,0.954485692585336,0.0283563737514491,3,0.0247185682762167,1.18657579381206,0.755983687347385,0.358743855433118,0.496643860931458,0.31611024767362,0.851937629323991,0.237801972679588,2.75775191710977,1000.00001465137,0.693147180559945,1000
0.0714725371956287,0.283349141076383,0.340985165373701,0.204531594899219,0.453991000116834,0.898915870155412,1,-0.386500085578137,1.07935915453012,0.92088459098294,0.212002310250012,0.752673193670457,0.335709705852773,1.09899794712992,0.208625922002832,1.73312916354079,1000.00009151899,0.693147180559945,1000
-0.144644220042488,0.230906267502403,0.14184598487609,0.143140346851516,0.637877887288871,0.415704316786016,1,-0.0667805002827514,0.899394488598614,0.53703403951658,0.208071184468981,0.156465040476947,0.342650355898387,2.7667676866647,1000.00001188982,0.693147180559945,1000,0.693147180559945,1000
0.057636560660605,0.285790270527945,1.47368249929455e-14,0.000242790698129021,0.888580906959277,0.0778635315825376,1,1.42883972772851,1.42910853097679,0.535319260789789,0.306935840532888,0.483809568848795,0.355871451773524,1.78981464715661,1000.00009413667,0.693147180559945,1000,0.693147180559945,1000
0.322506372799761,0.210583905264573,0.0925498106399016,0.125852133107374,0.788407562308418,0.151717195963323,1,1.46638164432567,0.777179123962056,0.671499848647122,0.251253062457295,0.389293028577159,0.469462123322478,2.5150663921431,1000.00157809354,0.693147180559945,1000,0.693147180559945,1000
0.0354275346201525,0.220615248578429,0.21769932802411,0.169925946672844,0.245983866814902,0.531669379630511,1,-0.674415689216272,0.639169499503925,0.623647659365071,0.234938576408317,0.855192033301541,0.290354644402425,0.305818077736892,0.238172734015664,2.01556451374645,1000.00132119697,0.693147180559945,1000
-0.1472835239198,0.210569892766169,1.73952025037389e-11,0.00834462240585383,0.914471365022078,0.0487516284726185,3,-1.12091057506358,1.1621190670297,0.708411145017257,0.234304958638261,1.22957904673064,0.366668106856817,2.44304225061418,1000.00007377071,0.693147180559945,1000,0.693147180559945,1000
-0.067236122598878,0.279169498050729,0.632949441669073,0.480849009119881,-0.203566919143391,0.78311872845275,1,-0.55017781724749,0.633856658279668,1.04499086419822,0.261786782812995,1.59767374368098,0.573325609511166,4.09047360597832,1000.00006334452,0.693147180559945,1000,0.693147180559945,1000
-0.409573715355654,0.310596150042695,0.176226408851556,0.17967029551697,0.181771594898535,0.842887543178319,3,-0.225981215580347,0.90309640830311,0.73739981451934,0.392885582211191,2.30981329802879,1000.00183095225,0.693147180559945,1000,0.693147180559945,1000,0.693147180559945,1000
0.126383761986398,0.315022037747999,0.248809240575375,0.207224903212623,0.487693470563462,0.821713291975397,3,0.957328833311104,1.23270429370173,0.589599549375603,0.21822094897614,1.06406384249787,0.527558326196029,-17.063207774561,1000.00000008539,6.79119231662735,1001.31052735953,0.693147180559945,1000
0.126887206254209,0.250335654037863,0.127230564250334,0.142196849321842,0.321844781753366,1.11668815559741,3,1.73216600858377,0.932314435509618,0.524452861214787,0.306622016070824,0.313687403445945,0.54244262414517,2.88527963415534,1000.00008509833,0.693147180559945,1000,0.693147180559945,1000
-0.0982089886282411,0.25163986329362,0.188198385765247,0.210512913404801,0.814925642217875,0.216483530803531,1,-0.540228668598724,0.986458693662984,0.667817413993533,0.264440105473654,2.87984648978013,1000.00106694253,0.693147180559945,1000,0.693147180559945,1000,0.693147180559945,1000
-0.138982300371871,0.159366097207633,1.74560274267191e-13,0.000835641085278286,0.825270183579115,0.115117357873733,3,-0.0741936664969599,0.924962367485798,0.393563494025575,0.283975588444689,0.441275481820073,0.45970633881894,2.42737139129983,1000.0000042036,0.693147180559945,1000,0.693147180559945,1000
-0.129038958531028,0.157218798128746,0.033894532607327,0.0729701267044943,0.817575818990713,0.142810730040772,3,-1.32447656260985,0.793279638223813,0.575472922268239,0.220824729314246,0.775247861176094,0.265161869648791,-0.098646015404483,0.812580103565317,2.53521657985253,1000.00012415268,0.693147180559945,1000
-0.356951429854963,0.329100382567026,0.265642950815544,0.445284283128175,0.904638896970216,0.0634551923101525,1,-1.08784036940895,1.05834112799443,0.700100611216623,0.246371358877122,0.672817016997022,0.518351059123675,0.752131850916793,0.297785081193291,1.9134540460061,1000.00006529681,0.693147180559945,1000
0.134240483659489,0.210136455192975,9.24782293235034e-14,0.000608206260731969,0.905737993092291,0.0462449287695474,3,0.315355939489098,0.991765527381938,0.6699788094735,0.248920121475144,0.691176454681228,0.429355725878644,2.49295347917915,1000.00041735915,0.693147180559945,1000,0.693147180559945,1000
-0.00817147093233849,0.259534231776359,0.215876288711601,0.217212624062214,0.900089110990387,0.123274097495088,2,0.265902732828462,1.06755467185968,0.74498144878613,0.357318087927548,0.436195717659284,0.541834711665593,0.646229496925286,0.315237480056937,3.03520008122086,1000.00009371316,0.693147180559945,1000
0.308911074427747,0.201627722346687,0.0266585237988034,0.0664125251497985,0.727454927782024,0.205919658159324,1,1.42024839975096,0.875415278135648,0.548804687195235,0.189327905540776,0.863300150545419,0.27035733491454,2.16048052249322,1000.00000423696,0.693147180559945,1000,0.693147180559945,1000
-0.0260885278664379,0.188713570374625,0.0504768820906085,0.0987011321433383,0.832510676788704,0.15416592265415,1,0.24408695607176,0.877308808814962,0.362872594076702,0.31778215712451,0.521537114556322,0.352801035120796,0.581763325704003,0.402505021823876,1.6864459573541,1000.0003594929,0.693147180559945,1000
-0.0506032882684479,0.22251840171426,0.0579000008105387,0.214918607036526,0.955445453253034,0.0272719868959781,1,-0.57223010144592,1.17010686299036,1.04843802605136,0.186235640897036,0.882253549926896,0.356348547927872,2.87186796552677,1000.00046101249,0.693147180559945,1000,0.693147180559945,1000
-0.580665816208175,0.449645993304225,0.351475869281372,0.465500994388619,0.704300289057098,0.32636207327751,1,-1.00311179752777,1.21561301672822,0.719043222426702,0.303010596550332,0.787188383513424,0.279817894307577,1.84539757079955,1000.00140931574,0.693147180559945,1000,0.693147180559945,1000
0.249941057876976,0.185046704923431,0.0511126141573509,0.117503346599541,0.856890189887496,0.11399432308679,3,0.586658761188084,0.851281970749303,0.512278885188617,0.34951133485418,0.985598565403872,0.23617556852217,2.45566354088032,1000.00002449968,0.693147180559945,1000,0.693147180559945,1000
-0.452739187330256,0.335961373403058,0.431060802604987,0.458195264290319,0.430124732638924,0.695413865188159,1,-0.4853814107629,0.766811886289519,0.639856090197948,0.253181402401497,2.80852323873212,1000.0000233187,0.693147180559945,1000,0.693147180559945,1000,0.693147180559945,1000
0.196710030749742,0.207024151750433,1.54089795133641e-14,0.000248265980845019,0.875422256980217,0.0775216265132242,1,2.2824499942822,1.13864595162427,0.316123643673698,0.244150925597714,0.477839797950441,0.360507906823396,1.80190864883358,1000.00000050028,0.693147180559945,1000,0.693147180559945,1000
0.0912628387826172,0.254593962957419,1.97739480972359e-14,0.000281239968348922,0.929601888390177,0.0416191424591989,1,-0.641771725306573,1.12298482498489,0.732811256791977,0.300072376675405,0.875169242430754,0.198865446272201,3.45261890428321,1000.00008151271,0.693147180559945,1000,0.693147180559945,1000
0.0220011803057374,0.23714531493988,0.079846254820291,0.13522230435319,0.779290225741825,0.322304996915653,1,0.568916562229704,1.0295678774327,1.0646761073711,0.246257898882164,0.892184767018333,0.339741003416528,2.03972685120321,1000.00071936669,0.693147180559945,1000,0.693147180559945,1000
-0.119533880751294,0.119565406058369,0.0156780678987506,0.0328743794590049,0.48186797581835,0.263346784070704,1,-0.246769882992511,0.532458294069505,0.236347606030866,0.210927643307921,0.892154354343856,0.310805069630621,1.79341281829654,1000.00000019479,0.693147180559945,1000,0.693147180559945,1000
-0.359130436659081,0.31252424756445,0.271090463713668,0.177504612378404,0.583943782455422,0.629725390192927,1,-0.45753769428759,1.1332378245941,0.455766875928528,0.304880418592824,1.02724057495623,0.210253433278544,2.19693844039766,1000.000000526,0.693147180559945,1000,0.693147180559945,1000
0.0541976144381918,0.220880470911142,2.65766460513846e-14,0.000326047431371493,0.894226444028226,0.051219209500495,1,0.725790038492803,1.18386532089864,0.642660179626578,0.300559529335556,3.38226791138958,1000.00051627927,0.693147180559945,1000,0.693147180559945,1000,0.693147180559945,1000
-0.00513110530161069,0.219062821124827,4.53454274815762e-17,1.34678027362038e-05,0.884470349471908,0.0530452892488031,1,0.0861398922577218,0.866147831083505,0.450625839103001,0.22599131576699,1.07491335612524,0.270396459330999,1.85902173203335,1000.00000040872,0.693147180559945,1000,0.693147180559945,1000
0.248527797372535,0.316626638403337,0.0914873943100214,0.294730150637937,0.934629666988323,0.070736704140928,3,1.5751752319251,1.77465780541412,0.787823611958902,0.187207750823906,0.170007857872295,0.425111370470694,5.06369046180543,1000.00451846472,0.693147180559945,1000,0.693147180559945,1000
-0.0803896568569626,0.222085403960293,3.61737931111797e-12,0.00380631379351083,0.811739878029133,0.134873895332718,3,0.353122756297936,0.959923225233038,0.438284482229126,0.269998569054848,2.35603272711929,1000.00008661279,0.693147180559945,1000,0.693147180559945,1000,0.693147180559945,1000
0.0730762475045133,0.314193756910352,6.40167439205714e-13,0.00160021865257855,0.976834579527644,0.0195025929516698,1,1.82070907336419,2.04525603727641,0.35934327991429,0.390955113498961,1.28453875603027,0.462067025453516,4.5631543458032,1000.00038460379,0.693147180559945,1000,0.693147180559945,1000
-0.0655349889924851,0.237288900107351,2.84630004890826e-13,0.00106702840760778,0.955481833851754,0.0342451133832879,1,-0.621010540116765,1.28397818762639,0.727816066228138,0.390363483918728,1.00706661430264,0.298822095920251,0.754571778738321,0.36273480145755,1.95567098439049,1000.00000017081,0.693147180559945,1000
0.0768048728566806,0.268257981798891,0.163373111821396,0.187366641083875,0.870775658178206,0.109068332202742,1,0.618822597345785,1.06831391531106,0.654820800088465,0.217634792236777,1.16274804253922,0.428684974747835,2.91455716471862,1000.00044564356,0.693147180559945,1000,0.693147180559945,1000
-0.0720549772351778,0.256739771440347,0.00541258264957584,0.119522067271431,0.871637915470654,0.110947044853538,1,0.140039867405351,1.08511787253792,1.14395616133302,0.347315680377103,0.563646923079445,0.465095800051049,1.95169069730648,1000.00000008209,0.693147180559945,1000,0.693147180559945,1000
-0.197724955900726,0.217142271799388,0.151857370873844,0.226784586902584,0.906956027797876,0.0915529335834321,1,-0.920165322964696,1.00027914624321,0.578841943102249,0.24832060702907,0.204187082193593,0.498091647076974,1.17998926083496,0.482150322524214,0.584937435633453,0.113217238369406,1.89573816702469,1000.00004340733
0.368758654253198,0.177660788624233,1.1994629077283e-10,0.0222064831943929,0.928721688114253,0.0394815057226455,3,1.39488592832176,0.983192420304133,1.12219757402261,0.203594907134979,0.407349993576553,0.630012037229452,2.61440916987126,1000.0003888309,0.693147180559945,1000,0.693147180559945,1000
0.0412362092082747,0.179552512915556,0.000452995525610852,0.126886365087412,0.958154954088958,0.0297630413961367,1,-0.278255310596887,1.14414328764745,1.13088174891303,0.346835903152321,0.577061181648962,0.625666069516955,1.14920315744026,0.353352119256778,1.92987074228373,1000.00000006446,0.693147180559945,1000
-0.127010732838916,0.165606540198499,1.91432339294329e-13,0.000875078451213312,0.879335384741026,0.0759157067129551,1,-0.115063759750817,0.83353043726298,0.543098983323798,0.292601701487977,0.96317553922154,0.381968981658382,1.85820122742444,1000.00000158714,0.693147180559945,1000,0.693147180559945,1000
-0.0115959976566652,0.168480942302269,0.0229027750261466,0.107521176297519,0.877243145689119,0.088619175806974,1,-0.379697378793142,0.903609076334752,0.718562599628929,0.193148271564716,0.599563544713333,0.394003116628296,2.221921681734,1000.00216993195,0.693147180559945,1000,0.693147180559945,1000
0.176765164676861,0.199376735523927,3.390460635623e-11,0.0116642768920027,0.954960353049547,0.0253081087243908,1,0.475250592498414,1.26332369440327,0.629899373569744,0.241748881620374,0.771739502711251,0.388592969221658,0.43023444181271,0.281723132071038,2.73452469780397,1000.00006083811,0.693147180559945,1000
0.127337362736391,0.302332766794443,0.577284130442707,0.580906375183718,0.849273231733728,0.220700066290062,1,0.292993216351771,0.916702205343752,0.468296258289933,0.180195514849105,0.911594485587273,0.47719159362614,0.837587806155193,0.385254488689557,2.09285348029142,1000.01245043884,0.693147180559945,1000
0.347688711634593,0.282291132576149,0.332039707652754,0.404623485850926,0.924320629465995,0.0590468394932186,1,0.240083098862155,1.07765437712412,1.01864214058019,0.296308148283114,0.723545717278765,0.326031563408192,1.47742423560136,0.732508851751804,0.0996587374367279,0.449008461604891,2.59092831171446,1000
0.176357490708475,0.3116018862936,4.76592721293686e-13,0.00138075590488936,0.951113282927683,0.0354621739998848,3,1.46225343201482,1.80448545842417,0.785737067513802,0.243462456607774,0.817107720432921,0.292641154711318,0.746576583434268,0.569509185019037,2.67677296652386,1000.00007515522,0.693147180559945,1000
0.1434244513498,0.142481444652535,0.00633678128349521,0.046243822916903,0.7886047365164,0.1231324820402,1,-0.442633708978772,0.684401963404757,0.634363571874209,0.199056129423607,0.769794800047542,0.26954088475937,-0.098631860007817,0.681856094252712,0.0757699135175579,0.355862996326032,1.74265823193191,1000.00112680075
0.00432233216518452,0.20141701193651,2.20909645773058e-11,0.00940432562565835,0.968082140990536,0.0171151611691505,3,-0.556053881173317,1.42476529187981,1.01415314895585,0.183030359881498,0.709780067941961,0.478992039124565,0.665321049665593,0.541495219668388,0.902536255583635,0.64224506549478,2.96494938359036,1000.00015520394
0.0533952153363868,0.243061262999165,0.189183335032857,0.231078399633128,0.650459401516462,0.391639708650255,1,0.566656903823564,0.747742723887323,0.305771507798255,0.342314093601813,1.19750517169423,0.316587012080966,0.0335228181638902,1.06869725193301,2.18774573319654,1000.00001829595,0.693147180559945,1000
0.0802532824670029,0.2335709657169,9.9039030680611e-14,0.000629411777586058,0.954799441683564,0.0252852171671461,3,-0.447565175970537,1.26096616538092,0.77882976762024,0.20472273954479,1.08296540135557,0.338330835712104,0.00152419211097496,1.11070050562605,2.70278438713019,1000.00005885481,0.693147180559945,1000
-0.328491496585345,0.400353624225055,0.0736274933787311,0.219989288958179,0.862636883294169,0.228235345245931,1,-0.560802995880694,1.97560889628151,0.459311615476951,0.309198913524226,1.02878865189758,0.478911735162448,-0.197012997336193,0.489796832441006,1.91519021768253,1000.00000010147,0.693147180559945,1000
0.0508120881379946,0.14940983330695,4.63005599450755e-10,0.0460815842041254,0.964414729135967,0.015027328720511,3,0.023549747636765,1.25019806225302,0.982788293362645,0.218574519474837,1.06965868361736,0.271779428269982,0.328295236359842,0.429098276522421,2.91613611219005,1000.00093805481,0.693147180559945,1000
0.047967461957016,0.186513864937472,0.126614218618881,0.118282867188932,0.314896980687253,0.874656966110189,1,0.629299679092313,0.734173158777156,0.393348588406787,0.253339000162309,0.813850668959044,0.561077625755418,0.364702008381611,0.945428951352227,2.62252720642553,1000.00027554464,0.693147180559945,1000
0.384172125200744,0.268126342555738,0.119955637451236,0.191282317474269,0.779910674255158,0.348635595784891,3,2.05593039106011,1.05066095428061,0.459992647692814,0.269953878917566,0.329426026254675,0.536886872353929,0.706201874524811,0.861498917911018,-0.0971098758296347,0.394040225434541,2.68223437318863,1000.00000864986
-0.0845318747366997,0.17462119872715,0.0738260871986321,0.127138641386851,0.721764352303349,0.273077700252023,1,-0.387793269105988,0.670045236750177,0.557022324973827,0.212440280524828,0.865275535936413,0.244321294591091,1.83823490655358,1000.00000076632,0.693147180559945,1000,0.693147180559945,1000
0.305456070153004,0.334860117070334,0.315807463075895,0.397774761428757,-0.364489474604904,0.575606896038652,1,0.340363001923806,0.770937682869244,1.05198145871429,0.51164077713338,0.89737236235385,0.455155038329202,0.712130966698235,0.596328718444809,2.66043956538806,1000.00102326837,0.693147180559945,1000
0.00707779864133987,0.253391155723885,0.150696019685559,0.237788384369934,0.848778686582887,0.129602707833756,1,0.000602463601578013,0.943634880615162,0.502499809335166,0.324425207509269,1.26807797198346,0.595120543054508,0.00603509453613821,0.161172488573218,2.18504296233095,1000,0.693147180559945,1000
0.113779573138466,0.303755658218489,0.38583175655722,0.363969522579052,0.637394207826803,1.36024447127566,1,0.996279687006017,0.919542429369725,0.963676768916477,0.238869702179601,0.601606653442586,0.482082096063964,0.882248011836031,0.409356395340222,1.85690927164423,1000.00003004679,0.693147180559945,1000
-0.062826477300241,0.134542817805524,0.0701593421420504,0.0598732734593618,0.602592094275927,0.279440908495465,1,-1.13564980564652,0.589062177100368,0.55133769960038,0.188330820333739,0.683476072751767,0.216898694492854,2.02641422896133,1000.00000180887,0.693147180559945,1000,0.693147180559945,1000
-0.195268314502344,0.288458557407597,0.497465481125851,0.440199402717413,0.127866708332377,0.837961355995564,1,0.526022520454799,0.678956444474334,0.0540470246344964,0.443532094813888,0.525648885893403,0.227962883631374,0.731309760798459,0.380586680528287,1.99511893596094,1000.25831302439,0.693147180559945,1000
0.138215948792954,0.189524533877452,0.132026431234854,0.179237825998731,0.951138095481629,0.0354809224130288,1,-0.756036955409621,1.09266853504866,0.356234731103907,0.327466806812192,1.36701580155649,0.398825557429283,-0.31108169957536,1.03292219282791,0.928352869913541,0.294537694110835,0.308120608667277,0.588362156170275
-0.0398546632079297,0.159828498431091,0.13145337738802,0.103919444998347,0.345224052829977,0.602798829003186,1,-0.679941311360072,0.556996416816561,0.62461497205626,0.229606299172458,0.964610020204277,0.437736077550948,-0.0181414378676762,0.447131284821368,2.29660871199056,1000.00173306893,0.693147180559945,1000
0.0163284309414616,0.155967628490707,9.01505259220222e-12,0.00601875657881396,0.855110013035322,0.0679123160603672,1,0.19194036360214,0.734635087756644,0.489913529936643,0.265869125434943,0.264957254369182,0.385734886959553,0.470678525809378,0.401241382768745,1.82244362821463,1000.00004131529,0.693147180559945,1000
-0.32023701209533,0.247780275655651,0.160771095362981,0.204706286951678,0.653001347072994,0.430745751831842,1,-0.763577150960001,0.860386851631701,0.84601631681846,0.192980031866081,0.620523377684444,0.409913200535048,1.88770665688876,1000.00000015142,0.693147180559945,1000,0.693147180559945,1000
-0.0940628387141163,0.125703225159833,0.00403324673440418,0.0467852250517012,0.78816237149139,0.158924084920981,1,-0.976021390491593,0.680423543871957,0.50526871896597,0.304282166041831,0.434888465743077,0.223990430244967,2.15984210548538,1000.00045970429,0.693147180559945,1000,0.693147180559945,1000
-0.16653422607647,0.125920540540547,6.38926784380131e-12,0.00505913099808777,0.75331147189446,0.107040571503928,3,-0.318913119684249,0.547392503253143,0.602884689261633,0.221699018116512,2.22180901136946,1000.00018699124,0.693147180559945,1000,0.693147180559945,1000,0.693147180559945,1000
0.20893005754527,0.206688267441376,9.88841824649961e-14,0.000628921189162876,0.946279911465097,0.0361000758662672,1,0.268854875472172,1.04209545138458,0.655628137895693,0.31119178945615,0.639514524082464,0.367677921003672,0.678014258537194,0.26291141796639,2.02843434918712,1000.0000007879,0.693147180559945,1000
-0.106385653830025,0.214344373516139,3.58194225218897e-13,0.00119701534144593,0.933916304911038,0.0498417662581477,1,0.534177156471107,1.28347099568706,0.782158875970989,0.257902728940821,0.466489612799931,0.568340663808064,0.373114006499928,0.69084784761593,2.10232100708222,1000.00000004068,0.693147180559945,1000
-0.301317793220637,0.244554087261468,0.435062929379041,0.275694274627998,0.385901683789718,0.67066466876543,1,-1.16190632506608,0.589814980407461,0.821222140480761,0.168064838509148,0.638170387775384,0.439925394535637,2.86030793219039,1000.00001115805,0.693147180559945,1000,0.693147180559945,1000
0.162883239256672,0.163415549071449,0.00336903576593299,0.0561542702762848,0.766327947745972,0.220304465318634,1,0.715288296831128,0.949174248705741,0.598030133031127,0.238854728507965,0.952776912532073,0.291273923377302,1.8132140834869,1000.00000000256,0.693147180559945,1000,0.693147180559945,1000
0.00416994590500331,0.213170896839502,0.0108372542417507,0.146858148317664,0.891147151345517,0.0853710164649566,1,0.77185394481656,1.05847341910543,0.0999096812963069,0.278205444727886,0.846363911688093,0.398805494648791,2.45057401018822,1000.00033790723,0.693147180559945,1000,0.693147180559945,1000
-0.155848800041421,0.16392393922719,0.0555871889174581,0.0621867225069371,0.508124118172526,0.52846636805406,1,-0.825360843190644,0.672286689691404,0.833071908787913,0.202163616226906,0.674313143514653,0.473466004876868,1.91994769793945,1000.00000361945,0.693147180559945,1000,0.693147180559945,1000
-0.0843289951935585,0.291811962385647,1.50342439191982e-11,0.00775536401858061,0.958264144277824,0.0241760623303235,1,-0.335167143522668,1.45595243127097,1.10905693377907,0.280767757722448,0.902016111005049,0.464035680888664,0.75984792561998,0.377266942109463,1.69726745973996,1000.00000631935,0.693147180559945,1000
0.306162289432332,0.228486157668909,3.62876111613063e-11,0.0120518786682475,0.940075916379097,0.044323015614576,3,0.345560728198862,1.1649014303769,0.823669853616999,0.352251470059612,0.653434308684021,0.305946702737464,0.661902279204747,0.756620327815383,2.99475683982428,1000.00002751574,0.693147180559945,1000
-0.299268671668604,0.105707013523442,2.15134284977864e-13,0.000927714729856832,0.733763609603171,0.105575509716858,2,-1.54737117382745,0.559640722984331,0.460599220198224,0.171076805237939,0.413597734326892,0.38031828540949,3.14059483259642,1000.00250029692,0.693147180559945,1000,0.693147180559945,1000
-0.106480450879605,0.244894789622436,0.170419135841862,0.194821350244783,0.918859474460311,0.0430674550472157,2,-1.00822626444446,1.10194159173611,1.04860481682162,0.292114477906983,0.781908828295137,0.242410403738383,2.54886753802384,1000.00283349989,0.693147180559945,1000,0.693147180559945,1000
-0.357270822936872,0.235318991954342,0.0478286388139369,0.133918367426598,0.811670835336462,0.135389659181398,1,-1.52442034824564,0.860975597281257,0.594197583748658,0.171432910214854,0.74081407840609,0.344248825551568,0.455425010112222,0.507998356827272,2.00193015982336,1000.00000001847,0.693147180559945,1000
0.236749279470995,0.15301233189267,4.73781890944011e-12,0.00435374557044251,0.901014294643894,0.0574145798171999,3,0.917619823315684,0.727406203782405,0.501854026740827,0.235552231774875,0.144518432138633,0.353353260858131,2.50257668461423,1000.00000974776,0.693147180559945,1000,0.693147180559945,1000
NA,NA,NA,NA,NA,NA,99,NA,NA,NA,NA,NA,NA,NA,NA,NA,NA,NA,NA
0.316764266067059,0.255142724192356,0.340481524549662,0.403148195328558,0.892871770528815,0.140447930934846,1,1.03312215792156,0.983761805017825,0.653533455295604,0.258304627255778,0.827628666030167,0.337190226136567,1.01890089613497,0.431801497254513,0.383587188718909,1.14135516278139,2.63926194893627,1000.00001133012
0.157485243651818,0.127622445238039,0.0216365161209551,0.063982089439271,0.667860499023375,0.338997584039394,1,1.29127071200481,0.656400759049791,0.46385187817006,0.259419999183217,0.306504728917489,0.37834995863861,1.99744004747011,1000.00000332615,0.693147180559945,1000,0.693147180559945,1000
-0.124757717725979,0.199536786004851,0.102106958432303,0.115931047543079,0.416128577202708,0.385897563473191,3,0.0551022244635136,0.561907641859819,0.402443410247726,0.215430303845604,2.64396201223966,1000.0000493734,0.693147180559945,1000,0.693147180559945,1000,0.693147180559945,1000
-0.0872222690931543,0.302034388094363,0.212389714150283,0.376667632944967,0.933349111206524,0.065280845872611,1,-0.852870125058739,1.27937329409495,1.17863251153356,0.211018969073223,0.376480332627347,0.323133310629556,0.787406131205166,0.318468276573243,1.86092436693812,1000.00000093992,0.693147180559945,1000
0.0742894386715497,0.19777854890701,0.0835266682522031,0.122433135385015,0.544041904564325,0.422902548306045,1,0.507989580850625,0.770933424509639,0.468989757768905,0.252931123745085,0.0903458793099838,0.361418672125264,2.64618924142665,1000.00015210138,0.693147180559945,1000,0.693147180559945,1000
-0.146777886422036,0.315736081610889,2.9724569809758e-14,0.000344816502755867,0.946240988971918,0.0347174685767586,1,-0.551790180709314,1.69630443035531,0.779689775916303,0.256325070533923,0.843604794865451,0.273238376540906,3.02798735006002,1000.00010447221,0.693147180559945,1000,0.693147180559945,1000
0.168625741929966,0.214472745850513,0.00254935744267851,0.0941764876794005,0.881585439531854,0.0990527936326128,1,1.19867370261396,1.15358998211357,0.310284774556686,0.232729291042978,0.577901457511367,0.172343243530004,0.662048004818637,0.447442611272877,1.91046331170137,1000.00000031414,0.693147180559945,1000
0.0372004459290826,0.200850589940082,0.211963069355784,0.165145659583767,0.607336204725945,0.461737749953554,1,0.202733244081461,0.728919379697463,0.818575052231338,0.16181561586047,1.24049580440627,0.299013102152014,2.25596147496413,1000.00016113799,0.693147180559945,1000,0.693147180559945,1000
0.104611159394967,0.175931946471021,1.59304680259907e-15,7.9826015310932e-05,0.908045473437211,0.0640905832275646,1,0.972905802884234,1.03726247641346,0.48221695199166,0.366633128373082,-0.0301888127195795,0.34662464576357,0.367846457994714,0.276668331704871,1.74498566264455,1000.0003463902,0.693147180559945,1000
0.0801788014654005,0.248414401986464,0.223200974213697,0.219381493368442,0.776083722956794,0.154086263079464,1,0.164408762976745,0.873617470067118,0.830296796916573,0.160120819666023,0.906638618070763,0.83153437152263,2.82311181325456,1000.00465045286,0.693147180559945,1000,0.693147180559945,1000
0.0143131820532703,0.260557692166151,0.421662930076818,0.428984192982537,0.697614380845442,0.349751558679858,1,-0.704311499907687,0.7822779683097,0.729200245059928,0.282885180665371,1.46771974703473,0.48847268772796,1.0776199919885,0.197408677418067,2.12287928406167,1000.00000521511,0.693147180559945,1000
-0.335784831956406,0.212637117954818,0.0792181665087708,0.130158464161367,0.77388663372139,0.269844160853485,1,-0.515495859363283,0.883768327756584,0.0497095112828968,0.383885517570775,0.755152649945736,0.310745097698347,1.71954657283715,1000.00000039661,0.693147180559945,1000,0.693147180559945,1000
-0.0281256624776361,0.156224196772401,0.0764137930043305,0.0842804666995788,0.793139011232737,0.128463852900229,1,-0.255264580069774,0.656388882920005,0.810146084636198,0.158397645598952,0.514757678905298,0.25613940427286,0.280934207239052,0.191520109811314,1.8220353061508,1000.00006267029,0.693147180559945,1000
0.0409339060825539,0.166233194664442,1.62706075726357e-11,0.0080736614666099,0.880431762758882,0.0663288574811056,3,1.27990112627107,0.881709568527537,0.507257723123298,0.278051669036092,2.38445210351498,1000.00022169712,0.693147180559945,1000,0.693147180559945,1000,0.693147180559945,1000
-0.147928642183724,0.205165918366272,2.02510639222699e-14,0.000284612539522315,0.934316326895565,0.0424650400140256,1,-0.523831641778306,1.09901887030916,0.467891765602208,0.251782162977012,1.02537854289406,0.164614851964365,-0.432151619666445,0.63226402617256,1.60094788954381,1000.00000318585,0.693147180559945,1000
0.100830285200338,0.360601065430618,0.739846174420594,0.782250386586696,0.730909748968396,1.05220254522247,1,-0.37851692316996,1.30525194944127,1.32720777452939,0.333485136368997,1.35269195630173,0.312307214043327,3.09880957537748,1000.00488884013,0.693147180559945,1000,0.693147180559945,1000
-0.0817387039456719,0.159161716877278,0.00675676741852849,0.112821867609109,0.933314043399412,0.0358610690876112,3,-1.3552114500423,0.915333347471126,0.690644009427965,0.189468293455832,0.0969155821522043,0.352737595865446,0.447353056115476,0.531492604803742,2.66931146432526,1000.0002242992,0.693147180559945,1000
0.0597649082319272,0.285235719723907,0.687867966961328,0.475350063036786,0.341084978990547,0.742998751210237,1,-0.726643808023582,0.704690513899069,0.668893009375522,0.282754660998713,1.18996753166467,0.442191363300271,0.980101080572265,0.312000507000119,3.51859264703648,1000.00005828262,0.693147180559945,1000
-0.0750202479391988,0.148637932263424,4.49464114421252e-12,0.00424868333635846,0.609916014602773,0.209771090990009,1,0.153270377495279,0.588440634257757,0.590778470252375,0.237885294217673,0.460571948357032,0.481421829458074,1.72674176068157,1000.00001191595,0.693147180559945,1000,0.693147180559945,1000
0.0150828950042938,0.198678542750409,0.236939551359975,0.196842571694873,0.673089680764688,0.263408297986404,1,0.071680569533901,0.67660303979282,0.655084514804321,0.193453899531252,1.01846757520281,0.297926786071567,2.08404949647247,1000.00081744295,0.693147180559945,1000,0.693147180559945,1000
-0.199018221494133,0.321331171778406,8.59007708232249e-16,5.86176672191195e-05,0.966963195773863,0.0275747777470184,1,-0.368286338507219,1.51599474728382,0.906608344632458,0.460179859018829,0.810925221172063,0.251161553600909,1.07056935602883,0.41098805806451,2.07455823836285,1000.00003142321,0.693147180559945,1000
-0.250465093237522,0.15054149866789,7.15358339797425e-13,0.00169159946210902,0.867361006747298,0.0702241732394023,3,-1.41853033229993,0.812210529370128,0.740186677122786,0.236414256445057,1.04962662303336,0.398612257641987,2.15779708752895,1000.00024616409,0.693147180559945,1000,0.693147180559945,1000
0.133132169102359,0.176827511695617,0.0559451660142827,0.104432739283476,0.899449210339536,0.0840160870169536,1,0.557622351775768,0.922781255568601,1.43982302421638,0.264362263160024,2.16179536238745,1000.00002678079,0.693147180559945,1000,0.693147180559945,1000,0.693147180559945,1000
0.155999067980656,0.236229547028086,0.0696677236468663,0.288741199692506,0.939524411747597,0.0444212635009837,3,-0.173880570768927,1.25193264796827,0.842514668842169,0.193045517291276,1.16758152382528,0.398385885844132,-0.216095524987616,1.01172413190081,3.18681182625481,1000.00018340677,0.693147180559945,1000
-0.762071965163989,0.31588836239255,0.192264830148342,0.151597477677548,0.369481322621495,1.14364552163295,1,-3.68170000543259,1.4736613908209,0.870630036038523,0.248160579626294,0.794598464398973,0.454086204806547,2.89627145968263,1000.00077840435,0.693147180559945,1000,0.693147180559945,1000
0.168627113082068,0.145933814364505,1.78402237006971e-13,0.000844775113392069,0.86842714799436,0.054233946308641,1,-0.18776799256008,0.854878217645602,0.591125457409482,0.239003287057452,0.768754596461862,0.138527360140127,2.03544096613979,1000.00002727744,0.693147180559945,1000,0.693147180559945,1000
0.222905369600897,0.173178967057472,0.0224214040544296,0.104789675550687,0.853712041899459,0.127347445625701,1,0.748035404566086,0.840754180329126,0.685694987359042,0.207900956539031,2.50854016474564,1000.00002306568,0.693147180559945,1000,0.693147180559945,1000,0.693147180559945,1000
0.479818373322823,0.279674958171899,0.115054423787209,0.307077535795543,0.966248011963757,0.0289103456355677,1,0.212678854308287,1.62479701694766,0.857467117894876,0.362412589127079,0.957100796237681,0.410390701116167,0.41371098844716,0.437429253265165,0.976358642653796,0.594872630078512,0.523254187697793,0.489015447026622
NA,NA,NA,NA,NA,NA,99,NA,NA,NA,NA,NA,NA,NA,NA,NA,NA,NA,NA
-0.460745703254899,0.239351118992378,0.0255492601624701,0.117312250381674,0.844742282241571,0.110366332616548,1,-1.17460538535413,0.945971581964335,0.565316544958656,0.215689883220179,0.506149075669153,0.356503928603277,1.89736987849458,1000.00000572142,0.693147180559945,1000,0.693147180559945,1000
-0.013367880037393,0.20011214347185,6.59265628479966e-13,0.00162391317613458,0.923553504548768,0.0437342441488014,3,0.49653750990155,0.970774043668737,0.417601959326345,0.254946801219108,0.8249425601256,0.220159209943859,2.49612719763077,1000.00001958477,0.693147180559945,1000,0.693147180559945,1000
-0.0274889239140072,0.223876730924201,9.73210672519099e-12,0.00623940501589602,0.956546881012571,0.027772751963419,1,0.350217366741459,1.28568773901749,0.728944703168354,0.305784069809632,1.03784258417843,0.330498590798644,0.556529730231038,0.494582375367397,1.97907302823412,1000.00002128694,0.693147180559945,1000
0.217417461028091,0.213142339190329,0.152575374852085,0.167967479231045,0.512515015239223,0.645115083289374,1,1.16123906569112,0.767057557226105,0.518947683952977,0.290216674022031,0.39395119562202,0.329073759964461,1.34055512732689,0.250086340886386,2.22224369041781,1000.00004494151,0.693147180559945,1000
0.212838819690589,0.236493277795545,6.20904693767807e-14,0.000498359493971663,0.932637029868996,0.0520827714702424,1,1.51341658268576,1.10486284837046,0.762612973377869,0.446193013258811,0.877405129972762,0.285714878102379,-0.323731140916005,1.01707809359414,1.94758462239156,1000.00000068642,0.693147180559945,1000
-0.264602353049985,0.252329794030727,2.14695115971345e-13,0.000926704374800285,0.940877799145639,0.0431768810092345,1,-0.530775767901146,1.23467136114282,1.22577150673727,0.28439841658868,0.731164917204109,0.296753063296638,1.72392260683291,1000.00000000508,0.693147180559945,1000,0.693147180559945,1000
-0.420446142383681,0.283966282507321,0.159607034506353,0.172897054144048,0.602204202976926,0.639766555532197,1,-1.88059443239367,1.25345262102448,0.72909552758795,0.279737959865867,0.250600472026617,0.335340425132912,2.92638425002591,1000.00018337236,0.693147180559945,1000,0.693147180559945,1000
0.0576858101624959,0.286266792718944,0.241771761700224,0.240740799608498,0.903797138684059,0.0850377845007238,1,-0.0537669967933932,1.30938543970341,1.26297115079662,0.295547947425436,0.280827856238464,0.727159781464435,0.698519747366558,0.34145498453726,3.22681531226538,1000.00008489022,0.693147180559945,1000
0.0550138824579847,0.25988738870811,0.106190380491141,0.241078106237313,0.926798595822831,0.0461703890585064,1,0.949253833738997,1.16688801332121,0.897207164558191,0.264131376329832,0.88043653744659,0.437953853496859,-0.241147910243383,1.00124624342264,2.03096451923925,1000.00028435249,0.693147180559945,1000
0.171691958174205,0.424718185741462,0.652026916036718,0.622824425778928,-0.263817124105811,0.503082287691735,1,1.73106412700963,1.23984641275344,0.816933585586476,0.552147408957349,1.63399821281155,0.367352277116924,6.99822731745851,1000,0.693147180559945,1000,0.693147180559945,1000
-0.366909723521075,0.320769060149762,0.284864008578133,0.356440708853438,0.430249522118643,0.930348823643062,1,-0.582151368054675,0.764333930858496,-0.00695553775351908,0.351205371869669,0.982817370005944,0.300725981333636,0.545335514893132,0.362881981240396,1.96840756736025,1000.0000221825,0.693147180559945,1000
0.15033871720317,0.190469658636559,0.167474322561988,0.186270399452221,0.929065372362753,0.0659254187107118,1,-1.01068981972376,0.981611524672161,1.05901586883191,0.175170530691179,1.03875158464937,0.31280033571543,0.51328836119123,0.574439447699829,1.08300914602215,0.66100820373782,2.15519031702298,1000.00032313893
-0.0111359951778376,0.250138081359687,0.132241898362265,0.25495394085105,0.847385456977401,0.151926193583036,1,0.277881448343226,1.12852647833658,0.738868963669307,0.327418243726655,1.06849297834941,0.327897169351702,1.81288886145801,1000.00003540265,0.693147180559945,1000,0.693147180559945,1000
-0.0277150919341226,0.133958699362927,7.29178445353139e-14,0.000540082883896906,0.871532433833182,0.0591136961185397,1,-0.490570580713866,0.734069161461856,0.583434305858657,0.194615621226057,0.629160451019364,0.342151263943417,2.50473558161276,1000.00041552054,0.693147180559945,1000,0.693147180559945,1000
0.0408440497072542,0.207282600481381,0.122924358400689,0.136468756836243,0.766330356495509,0.192219398608252,1,0.42815409831671,0.851760083167723,0.997230992002107,0.221030203306203,2.75921399154317,1000.00036285356,0.693147180559945,1000,0.693147180559945,1000,0.693147180559945,1000
-0.192379950033329,0.174275679038943,1.29768768783834e-18,2.27832191578004e-06,0.881185463485449,0.0777151620247227,1,-0.395233987701203,0.963042919839357,0.622834734750046,0.21240179389162,0.959959715901909,0.312616316102194,1.77114098371791,1000.00000003313,0.693147180559945,1000,0.693147180559945,1000
0.0540130319368934,0.214340794424575,1.62380855025411e-15,8.0593021319043e-05,0.891690943416042,0.074961707703676,1,-0.100754150790081,1.14207254671132,0.776887533947026,0.334162522119021,1.08105449707717,0.454277234425847,0.265810453994292,0.502400412570365,2.45745071980226,1000,0.693147180559945,1000
0.30653915798694,0.181883348807969,0.0484506061493253,0.120121942715656,0.916567624038231,0.0465938361269176,1,1.10472993648984,0.881169345433891,0.707938921971135,0.264583752525496,0.645808661704139,0.240557744014028,1.15476650159435,0.19662714273201,2.05299602690266,1000.0000018403,0.693147180559945,1000
-0.112741587499553,0.144615467119843,1.32096619621491e-13,0.000726930885111687,0.774840757681825,0.127080912225867,1,-1.09493203532454,0.565923815616353,0.405619149903107,0.271717665854584,0.700202793477997,0.199963512069143,2.24900442815584,1000.00000211564,0.693147180559945,1000,0.693147180559945,1000
-0.144262909400712,0.146532187637586,3.28333555369984e-10,0.0364063427283863,0.924693285040718,0.0458408713190028,2,-1.20617520150114,0.882796964343934,1.12640314152546,0.260158386376726,0.547024379069282,0.334600593775118,2.60103095424066,1000.0000513905,0.693147180559945,1000,0.693147180559945,1000
-0.0140286466931594,0.176693474918947,0.129542300330587,0.162384339233126,0.69794025231483,0.224471481343467,1,0.0193223914728825,0.593232277952172,0.618115862650585,0.209632738509042,0.876333230347476,0.280413026459159,2.02548476601358,1000.0001176277,0.693147180559945,1000,0.693147180559945,1000
NA,NA,NA,NA,NA,NA,99,NA,NA,NA,NA,NA,NA,NA,NA,NA,NA,NA,NA
-0.0594219732355893,0.138218318566764,0.0165028427605583,0.0662118097520265,0.785846379972724,0.106621124821412,1,-0.499714635084777,0.66605232965499,0.690818698564055,0.166433920521674,0.423415379244481,0.303204616362837,1.86683766447987,1000.0000001574,0.693147180559945,1000,0.693147180559945,1000
-0.156237594632821,0.188725882401247,6.34525740017361e-16,5.03795892608354e-05,0.848845224458057,0.0991989738945669,1,0.319698355905641,0.87536243152848,0.850681456066509,0.265525379494209,0.0546980230775373,0.537020493035287,2.01741705491125,1000.00002088898,0.693147180559945,1000,0.693147180559945,1000
0.01329521740067,0.2223233271841,8.6413972605366e-13,0.00185922304681959,0.926739607414241,0.0403535530547407,1,0.265207683221192,1.14416623889583,0.344952811893643,0.268891248943217,1.20064274206633,0.183951271241065,1.93813571686147,1000.00000001692,0.693147180559945,1000,0.693147180559945,1000
0.135917126663708,0.189721405784781,1.90727741553361e-12,0.00276209765309209,0.916375875431403,0.0497993954350467,3,0.84365512504115,1.06732724236898,0.950999453230612,0.220322894522818,0.509995691395755,0.341200171754661,2.59476537583842,1000.00001995398,0.693147180559945,1000,0.693147180559945,1000
-0.238193120010611,0.206914111740238,0.0581291353420983,0.139939507679733,0.902216881074643,0.0890768888938464,1,-0.696406290019034,1.20921398837272,0.672654674270497,0.217956119615795,0.75082470449624,0.45680660657517,2.4307736514076,1000.00009003103,0.693147180559945,1000,0.693147180559945,1000
-0.184281568420053,0.23190248712381,3.0408742580727e-13,0.00110288661464307,0.908281543708488,0.0572772116533074,1,-0.973387164713032,1.27281310761988,0.612973536189242,0.225038108381076,1.32101032482555,0.357325821778647,2.14585412372474,1000.00000000438,0.693147180559945,1000,0.693147180559945,1000
-0.235285528503951,0.276945690023342,0.370963410565024,0.286505261686169,0.900063415499106,0.0733825708841166,1,-1.02551327018522,0.89747164315589,0.777686288578925,0.170663797615021,0.700686309368825,0.194886448756837,0.361319040565567,0.449113898344335,0.802756059508709,0.387167491889264,2.13354193309939,1000.00000014732
0.0588451444010149,0.24377667536605,5.91816785570748e-14,0.000486546042712124,0.954026242590104,0.0269211061609719,1,0.311905023696486,1.21077356912112,0.992541048472069,0.24296133311092,1.12991393115342,0.415762121831285,0.53852334335784,0.457799033847543,2.04416513318636,1000.00000045943,0.693147180559945,1000
-0.0598334926524524,0.178362297156777,2.09697886984795e-14,0.000289619625571236,0.827146939910576,0.10228908457384,1,0.185878281350554,0.738601342344209,0.530995144760219,0.236251255730419,0.0519208002619732,0.479598655906826,1.97031170696103,1000.00001445755,0.693147180559945,1000,0.693147180559945,1000
0.0833126480953515,0.206758872548516,0.0490728682749126,0.0939178115286086,0.850016274515833,0.104328166942724,1,-0.604517374917243,1.10646242231799,0.553322720271709,0.230934419125696,0.638868547392775,0.244518409104253,0.97313336677268,0.259598094935093,1.90701547206493,1000.00000136912,0.693147180559945,1000
0.231551494304319,0.337955122820409,0.374605643281266,0.398781733823704,0.410759812508193,0.904034453539655,1,2.29635015171235,1.05707392048468,0.938771276316496,0.439270985939266,1.00239512281387,0.672172559114016,0.377375509828812,0.584025412941965,3.04390603524214,1000.00004092842,0.693147180559945,1000
-0.0396580032858313,0.252274153225066,0.186325340043827,0.274351092385584,0.841831084310636,0.17284128395163,1,0.264139584463189,1.031075275639,0.118658924898821,0.300976455087595,1.04653063743301,0.18175144619032,2.179409753867,1000.00001814698,0.693147180559945,1000,0.693147180559945,1000
-0.0346302655419648,0.305982480170861,0.421908956956055,0.284199903857946,-0.213242344628304,0.430729038327503,1,0.116216426265594,0.86418590671613,0.585197635734984,0.254053816092676,0.943669264839144,0.332153367062195,0.842763041119151,0.274883010327712,2.45576469713056,1000.00005031328,0.693147180559945,1000
-0.294414097498365,0.211984852793058,1.1541165631196e-10,0.0215160190694411,0.93928862833755,0.0405062356329081,1,-1.04886695908894,1.09606546769166,0.58791139655061,0.29449380056851,0.862113623985412,0.20404760104876,0.304989152643408,0.245686803900568,1.78897020542765,1000.00024645274,0.693147180559945,1000
0.255063275084772,0.313060064078705,3.95298783061821e-11,0.012580430488441,0.925648812213513,0.029044735756583,3,1.41241975352054,1.23135020343767,0.735799655876802,0.236307162947527,0.516693471760786,0.336682519019892,0.111651904841658,0.606630478942841,2.43319079736522,1000.00049211263,0.693147180559945,1000
-0.308202310338541,0.315013348144107,0.266962765528447,0.426024800782519,0.897136541579081,0.0989476644669197,1,-1.08336911020646,1.1785890625547,0.758573406993286,0.30240769509303,0.410266838214291,0.544915980401447,0.617820873770518,0.29039265488276,2.07320076365556,1000.00001806821,0.693147180559945,1000
0.195764085233607,0.303991492267274,0.0536031519988111,0.185587189790804,0.949702666324453,0.0397731354573116,1,0.0750187192365486,1.19683197631386,1.18555132249777,0.33541494474209,0.666571893535976,0.556430158045148,0.842889383100308,0.185435691057945,2.05246917504248,1000.00001993823,0.693147180559945,1000
0.0645825223801408,0.181443994389906,0.163592138232576,0.159259525174004,0.788749481160368,0.169166461242888,1,-0.169068521369913,0.711659929653678,0.812117398168412,0.19296916999949,0.93051974918291,0.434306294270508,2.99860367533725,1000.00009807363,0.693147180559945,1000,0.693147180559945,1000
0.00497930311720294,0.223868077660138,0.0621494700898782,0.227251445033888,0.879517100375044,0.0993063050837223,1,0.675927601849583,0.861914956087118,1.10143215463987,0.265350662698379,0.409526842580858,0.340039229249395,1.95950600519075,1000.00000095189,0.693147180559945,1000,0.693147180559945,1000
0.003156976295877,0.191728525650866,0.0260557712966178,0.130247164161748,0.923845104386579,0.0549055856854805,1,-0.40032721424795,1.12892714422587,0.725117672606039,0.267697607285388,1.29426564200335,0.364688961520209,0.538944624279863,0.517638502308915,1.76238886193085,1000.00009648535,0.693147180559945,1000
-0.190289562527655,0.30068975546717,0.310283640736596,0.266934822447346,0.625280965087238,0.666387502854047,1,-0.8111038902908,1.0248665971923,1.0431876702516,0.180342450877505,0.99290839561547,0.84854607073877,2.869435700298,1000.00113186974,0.693147180559945,1000,0.693147180559945,1000
-0.248875405347052,0.343762679011148,0.359557752761402,0.307662107400176,0.59650621414621,1.03984230321212,1,-0.0552385768969555,1.31755736240999,0.320001935663334,0.29006778330104,0.700410696512352,0.269221482948244,0.818339427822828,0.391256104106568,2.09653448104735,1000.00004760062,0.693147180559945,1000
-0.0910514334561527,0.180243685262054,0.0395870201101969,0.0721223726703904,0.757779190993914,0.170405471371656,1,-0.280174983416299,0.788029531305639,0.302924636097683,0.215148052990195,0.32067612693087,0.292787196007722,0.629145223357854,0.428764342339111,1.77200756477285,1000.00019025278,0.693147180559945,1000
0.733059145833351,0.345766252369055,0.312018122663345,0.311875108464706,0.55635451447491,0.910813326184559,1,2.85993053889078,1.31833442938095,0.509938128130989,0.374870399103174,1.433718328214,0.417774379484978,3.77796136472545,1000.00002865189,0.693147180559945,1000,0.693147180559945,1000
0.109783610006793,0.159132573284187,5.35486472804306e-14,0.000462812096312605,0.895150350595267,0.0457322658514893,1,0.548864543175874,0.879768785887877,0.591677475621989,0.166205957353502,0.894425837647004,0.31172926541052,1.7426955236715,1000.00005520423,0.693147180559945,1000,0.693147180559945,1000
0.527726839109445,0.231547231403984,4.72716494744859e-16,4.34840889559849e-05,0.964309444462766,0.0299277181144539,1,2.2962039280768,1.26843203096959,0.968694456058019,0.215744136820323,1.06106935393873,0.535056329569314,1.37726684633607,0.507197731037389,2.39806933015398,1000,0.693147180559945,1000
0.0132883771958267,0.179609298603709,0.0915039981783496,0.16605029825771,0.872639546710401,0.0734351664314943,1,-0.806833072690627,0.796743003510805,0.661346176497192,0.185970653059778,0.711365297791736,0.351974568157419,0.772018481502883,0.468329869740856,0.366141221812811,0.352960712371241,2.05430122077427,1000.00284217299
0.0216243542686148,0.277151972722061,0.285567977103257,0.243498548668162,0.87989384235059,0.114841294285352,1,-0.655973241399307,1.19719451900429,0.894675650078794,0.212611243981701,0.410614814805147,0.463919096106367,1.12416199585487,0.183480547543646,2.56059135211699,1000.0000199909,0.693147180559945,1000
0.0211684349278762,0.361933847686533,4.68931341854869e-12,0.00433119718895963,0.963580813666221,0.0265032682638065,3,0.6845295550082,1.82709180448255,0.92783274764572,0.402695495780036,0.393393011847724,0.510894136314293,0.928738482028797,0.546010947978332,-0.313874608866627,1.06682353598559,2.92819800754211,1000.00023467942
-0.0538915343029525,0.167686331625868,0.0947130244405154,0.0692487301862455,0.311527492373153,0.732559169783081,1,-1.36002543933535,0.903169865108535,0.68455612908222,0.250881027325714,0.0185103607079465,0.325789625333987,1.12667913631546,0.387920819116123,2.05707301353399,1000.00000268467,0.693147180559945,1000
-0.204776912424322,0.286502049055019,0.68692380909848,0.64894168245391,0.552122234160022,0.85764040238085,1,-0.443715304221638,1.04404308937952,1.03771227488562,0.452434273751658,1.00514858032236,0.34514347482822,3.58802238177976,1000.00002272359,0.693147180559945,1000,0.693147180559945,1000
-0.379493946231273,0.260515704059228,0.234976411356247,0.234727757459658,0.426412485521521,0.718088326765579,1,-1.60222035252215,0.719396630163125,0.457554779167709,0.264537980780062,0.709038598881118,0.193306583411571,2.46599960008708,1000.00066705375,0.693147180559945,1000,0.693147180559945,1000
-0.245560737142595,0.211762364271409,1.31018022895716e-14,0.000228926304778993,0.949197132796434,0.0323927430544306,1,-0.535586922328777,1.33666164595969,0.6679431596995,0.238662882963414,0.523189071597581,0.573691690826255,0.153565015995931,0.74398598019014,1.05233269056781,0.108563522331574,-16.0343613023945,1000.0000000081
-0.269725946839128,0.235237738123483,0.0581038885613631,0.206399806877085,0.946766331666944,0.0332477221534302,1,-1.69667213414375,1.29388061551369,0.859214812963214,0.257706879588837,0.584214689558973,0.31324494124558,0.559012843492078,0.410450498278464,2.69994891124732,1000.00012911974,0.693147180559945,1000
-0.193485465984418,0.185612486979036,4.28201863966901e-14,0.000413867001992244,0.905013079072347,0.0613908956796234,1,-0.673783488966927,0.975489807456462,0.749622574433203,0.217108735421969,0.568230921086748,0.392780380553121,0.406257030310457,0.438918675899897,1.88842775727629,1000.00176428657,0.693147180559945,1000
-0.0633459399175881,0.319494005685243,0.702185901085183,0.532931318287088,0.627606501811745,0.728858425853635,1,-0.511065520885306,0.857924130231332,1.10877575025684,0.297154934421569,1.26346633745021,0.655357565485892,0.671804544290517,0.118238852051877,1.29074593610148,0.343852563062377,2.50903903764477,1000.00000753881
-0.00692183544030707,0.204084244491426,0.104390107651157,0.128265839468007,0.777891620647016,0.211529404947263,1,-0.901520873142465,0.708158787310968,0.41436229390126,0.24021880187279,0.792923988985881,0.241067121615992,0.880193509951514,0.404456174995594,1.93322524877518,1000.00000131669,0.693147180559945,1000
0.116528236664171,0.306809580876375,9.50749024354391e-13,0.00195013367281064,0.973254201307446,0.0235624170930718,1,1.57303993865616,1.72718017455494,1.1274767820993,0.353810663974623,0.718609272238408,0.626925297608439,4.03971981605647,1000.00000784749,0.693147180559945,1000,0.693147180559945,1000
-0.299695237967884,0.389977970478521,1.44647504508733,1.2885040021406,0.752320276808121,0.342872818838508,1,-0.64311770700631,0.744723361465984,1.0880088671206,0.37323891221038,1.52415779965923,0.421251675481566,0.920375724023799,0.580950921508319,2.34132201616675,1000.00011782552,0.693147180559945,1000
0.248179881974611,0.150201523456512,0.112003723728088,0.0792945016706533,0.62850349940107,0.314423546046776,1,0.326055756832032,0.588079768960588,0.290652023947376,0.188973708340698,0.478838474590759,0.23063130148336,1.16509302748191,0.363714336502333,1.8900925527532,1000.00000055348,0.693147180559945,1000
0.181655517053003,0.197784438982315,0.055506647128851,0.146180181700177,0.89170924756642,0.0707016251483254,1,-0.145292754279848,0.915599361749564,0.922940617935364,0.16524660708658,1.10067570900369,0.228891051226424,2.33433000573835,1000.00000019389,0.693147180559945,1000,0.693147180559945,1000
-0.0672447240617021,0.170664661434939,0.0226302387379433,0.0513978616703243,0.74389378341952,0.172858664178695,3,-0.0558509092501452,0.768085489661921,0.253407046313396,0.300329979204046,0.503906882637181,0.335721529012613,2.67630998619822,1000.00031148045,0.693147180559945,1000,0.693147180559945,1000
-0.10903657924914,0.197908124719239,4.67203920306952e-12,0.0043251115946604,0.90452233091774,0.0509598745517306,1,-0.217794825027828,1.01826949284245,0.413273642432389,0.252648748056126,0.943945578497875,0.200354410017058,2.36630121588687,1000.00011048317,0.693147180559945,1000,0.693147180559945,1000
-0.164816590023335,0.301252871584963,0.563607542904025,0.466545379068131,0.503162548081935,0.992169938593241,1,-0.81993225120903,0.922739503897788,0.721044595489889,0.298737510104618,1.22526462690403,0.456502528504957,4.11889881533625,1000.00012602043,0.693147180559945,1000,0.693147180559945,1000
0.34100776939799,0.303269539335382,8.13583272526045e-12,0.00570624900242042,0.958125318020701,0.0229538957666199,2,1.39594587530534,1.42423164550243,1.20264792878754,0.325970883970669,1.03325376802841,0.446334745522761,2.65474922703237,1000.00947076931,0.693147180559945,1000,0.693147180559945,1000
-0.503579593909768,0.204248318048928,0.0253751658862886,0.10163221061012,0.73738328061601,0.21606560158596,1,-2.22865789991074,0.886376345797523,0.499894421316868,0.219786668582309,0.721544033729599,0.24761702980371,2.06225126102338,1000.00006958362,0.693147180559945,1000,0.693147180559945,1000
-0.348633695606679,0.265706906953411,0.175021916879889,0.304445509055146,0.763784399325977,0.176909558176981,1,-1.14382373360158,0.785395161839918,0.558712794859399,0.286355461307209,0.386248391584423,0.263439933609884,2.33255791470013,1000.00007197455,0.693147180559945,1000,0.693147180559945,1000
0.0331451214267256,0.28270189202277,1.14383099943583e-10,0.0214011510986905,0.977050977279165,0.0128517354842594,3,-0.101255129326896,1.72559518806265,0.912146327462942,0.18065900556613,0.863490107525602,0.358519332489695,1.24361016377293,0.496761738316314,4.84597206562147,1000.00178449003,0.693147180559945,1000
-0.0610521305368124,0.258169791570188,0.154747527372575,0.178330820802435,0.787957488165797,0.216104862012891,1,0.257788634303355,1.00523701170061,0.430878351638173,0.244063412961419,0.513798062462651,0.478012941802573,0.759509785936473,0.314731705469654,1.59667238660263,1000.01458954623,0.693147180559945,1000
-0.185568224571559,0.152543234829976,0.0369867933125759,0.0899293772354068,0.886503071067698,0.071013585471098,1,-1.8543911769793,0.781090219503523,0.874501594458745,0.162170305731763,0.797100499427129,0.251393663668466,2.06582617062543,1000.00000072686,0.693147180559945,1000,0.693147180559945,1000
0.067395532690316,0.140840262846226,0.037833484652883,0.0610825322982633,0.754983513524919,0.125003087118614,1,-0.67177846115637,0.661676931407776,0.591971827226953,0.159506706592898,0.489620086693105,0.340918679680426,0.268165374335389,0.364711119281275,2.06545209219508,1000.00001643382,0.693147180559945,1000
0.0440195998649253,0.167161317779454,0.080813677251251,0.0774044096498932,0.521660303348674,0.393189489394051,1,-0.824862541328467,0.666342176055711,0.606677075413044,0.215515871627799,0.639942601664408,0.214031205859452,0.37598624477314,0.374050041622672,1.6214450273529,1000.00009882878,0.693147180559945,1000
0.302702162717349,0.19791706611156,0.133109170473261,0.164607323547702,0.849112706459578,0.148961612051821,1,0.750632715722604,0.940417954788528,0.270323519360531,0.294608038521695,0.816917702590293,0.24927286478715,0.64593336564902,0.244355330315219,2.19595280586799,1000.00001873588,0.693147180559945,1000
-0.510715621592417,0.179412873746693,0.0357337863516113,0.0626719890215916,0.352948489490217,0.626271941374844,1,-2.20357620409048,0.733160687924019,0.432275156268793,0.199648136118842,0.68302588368869,0.277964818286782,1.80692318958299,1000.00036045869,0.693147180559945,1000,0.693147180559945,1000
0.144887823674017,0.154230932003053,0.0399720112001762,0.0894716619717266,0.83955364602695,0.105242446423868,1,-0.137521745883507,0.694900650369836,0.626885581051662,0.208489660947193,0.654614802706019,0.170653202484828,0.50763737795774,0.437073071996384,1.84812619519767,1000.00000058307,0.693147180559945,1000
-0.362420563370819,0.284942585417083,0.0151882727353927,0.124547881239749,0.927158566403987,0.0505021321142787,1,-0.840063642732916,1.250141512691,0.674475754101752,0.356502547142707,1.00216416233783,0.280746688325198,2.03214258462646,1000.00000098429,0.693147180559945,1000,0.693147180559945,1000
-0.0282788302907328,0.176520379121768,2.88955104084806e-13,0.00107512863333376,0.890088711972849,0.0693382470078307,1,-0.0890888090071969,0.867679565396083,0.811641678376646,0.271699529900195,0.866175781208735,0.289296141432381,1.82235451628931,1000.00000119719,0.693147180559945,1000,0.693147180559945,1000
-0.150348224126214,0.191368475231302,8.21059796611814e-13,0.00181237214497466,0.920180401370456,0.03884406379447,1,-0.819655518335263,0.988737170294229,0.49984035950719,0.222731433028396,0.652274691417516,0.217754713469516,0.713004333991045,0.595913418949429,2.00715829274502,1000.00445589892,0.693147180559945,1000
-0.198444155227458,0.296094439652653,0.218799331098955,0.200688742296596,0.56742093936425,0.619077109613665,1,-1.03815813468215,1.25654107507408,0.513180800607621,0.293215236086005,0.660612586387576,0.22482583419383,2.8614212697698,1000.00003566221,0.693147180559945,1000,0.693147180559945,1000
-0.378714633313364,0.279014006315552,0.154121397761624,0.413102094109381,0.969297602811525,0.0256732803515917,1,-1.48290618408184,1.50557504630512,0.688287812904544,0.342199517022612,1.05627148960407,0.327831377006223,0.694242827189712,0.340295049087107,3.18384827713689,1000,0.693147180559945,1000
-0.125676882659861,0.159768688598213,6.8564557670322e-16,5.23696755995847e-05,0.91323367581047,0.0475109636813336,1,-1.12739606421043,0.833819162225023,0.638865080631226,0.191172389758713,0.401667398656943,0.44049395453491,0.765283855053269,0.266004725860182,1.9710020810975,1000.00000106678,0.693147180559945,1000
0.0764076030245006,0.119276908639563,5.1678481672992e-16,4.54658153825275e-05,0.639945242989354,0.178272175151123,1,0.430865221260527,0.568129464347778,0.548120622248229,0.245323408670681,0.241014005984469,0.306765472694857,1.82692409929516,1000.00001598713,0.693147180559945,1000,0.693147180559945,1000
0.032075339833253,0.202122716784513,0.0776325978299137,0.13475145594027,0.828457376556097,0.13905154548844,1,0.378167650690661,0.876667828476143,0.958008538295832,0.159622683491833,0.627321749535957,0.357007105069989,1.81105703467364,1000.00000030312,0.693147180559945,1000,0.693147180559945,1000
-0.319492645820957,0.213101362628406,0.1249661996792,0.110739893608788,0.626145253662906,0.271901005219935,3,-1.14869735729132,0.849268903773261,0.930569957530327,0.294127308917318,-0.480703334523253,0.478207903014425,3.02629589009241,1000.00362302553,0.693147180559945,1000,0.693147180559945,1000
-0.000552568759650307,0.18682912550733,5.77170210349835e-12,0.00480785695353198,0.880858989087887,0.0679129106016773,1,-0.31916730270305,0.833343071376058,1.121252732417,0.224126535403136,0.360094210032345,0.472445982200193,1.74088231414317,1000.00002759309,0.693147180559945,1000,0.693147180559945,1000
-0.679125304475664,0.393802020303717,0.501459068831485,0.582729780526981,0.41476521855543,0.730943693427014,1,-2.0913032933492,1.15020154686956,0.922378374656839,0.288147203881157,1.21631604382622,0.345668262184606,2.04496331911448,1000.0000704035,0.693147180559945,1000,0.693147180559945,1000
-0.00778426078562149,0.242222017364962,1.34313079701422e-14,0.000231787259101746,0.914109706013325,0.0410156610263351,3,0.502118133669641,1.05932043455716,0.588536104527437,0.254264177940326,0.326148424995942,0.478007036216924,0.646016998302072,0.522358704494534,2.37495373958654,1000.00045981492,0.693147180559945,1000
0.0267871161719891,0.167875274384283,4.13434690223585e-14,0.000406662165537855,0.90811208389387,0.0527207694431461,1,-1.07177841629734,0.746161811174228,0.815734183907812,0.177879671932365,0.378854677061631,0.291832977497963,0.756556161704828,0.21200488677934,1.617957648154,1000.00000007854,0.693147180559945,1000
-0.151104907356357,0.218382085255451,2.19816104444279e-12,0.00296525092857294,0.961309233006463,0.0247871668934732,3,-0.0613864611576134,1.24315451789546,0.892989630435824,0.287854467892587,0.753340288308457,0.586558943244342,2.99821849286969,1000.00002437205,0.693147180559945,1000,0.693147180559945,1000
0.0336906197591493,0.138002170671255,0.0394336241899613,0.0496393382630335,0.644302960857285,0.228442650007864,3,0.00781552671831791,0.577408044020791,0.798713971893195,0.179664253437757,0.139793113606109,0.528085064944877,2.28137274298593,1000.00023167704,0.693147180559945,1000,0.693147180559945,1000
NA,NA,NA,NA,NA,NA,99,NA,NA,NA,NA,NA,NA,NA,NA,NA,NA,NA,NA
0.0640098283051519,0.172100109539224,0.00641971261629779,0.108495912755694,0.870208839523312,0.0844296731321789,1,-0.269410326095807,0.882713749078476,0.796399477493277,0.220682926325276,0.936722308680262,0.398260045503904,1.91791340308372,1000.00000101221,0.693147180559945,1000,0.693147180559945,1000
-0.383599392066821,0.233568721460312,0.109727563415098,0.189896980634487,0.885204311456862,0.0834117487789541,1,-2.7715506519195,1.21232087771616,0.76088880992073,0.231280951159609,0.593201708121345,0.243041250772628,0.917273988211264,0.330386362559396,1.94619418204553,1000.00009106169,0.693147180559945,1000
-0.128410244211226,0.155155504448759,0.0947940269088626,0.11156235261944,0.839622928840638,0.139377687432281,1,-0.740475384895721,0.804599081013647,0.694770210120017,0.296412008482764,0.713111246060151,0.333189243369687,2.45566800242522,1000.00005370086,0.693147180559945,1000,0.693147180559945,1000
-0.297602065310653,0.208218722162471,6.34701088720263e-12,0.0050401713573504,0.903895292777042,0.0487320903483985,3,-1.34831759691794,1.05721609277253,0.702156998134844,0.167663682389381,0.809196162011602,0.381090877276049,2.33156221529102,1000.00017183613,0.693147180559945,1000,0.693147180559945,1000
0.047520153927757,0.207831032221932,1.95114577110289e-15,8.83435534531433e-05,0.900940836001202,0.0621705750301985,1,0.134771146255185,1.07215669296138,0.854874725762856,0.232651148169042,0.885966675692949,0.466125316136558,-0.547260562082585,0.124612044622915,1.80392469992802,1000.00016237445,0.693147180559945,1000
-0.103511805407719,0.14255454678781,2.92207948300787e-10,0.0358539984429621,0.934581061642038,0.0267443814317842,3,-1.25133835109555,0.894316481821219,0.712106052782894,0.222512581453424,0.562639721930627,0.234655952660147,0.612485125796521,0.393534959088561,2.61981130949853,1000.00022346177,0.693147180559945,1000
0.186118986155097,0.161330572989813,0.0572531878950987,0.0864228012483923,0.856207586094532,0.0819067585422839,1,0.323753283228503,0.791385839903175,0.62432421969567,0.20088986095258,0.353156075506261,0.377165819902457,0.793752134337944,0.243803280341432,2.0665992854732,1000.00012923316,0.693147180559945,1000
0.193652751131199,0.189124998073487,2.38056346213493e-10,0.031632039150694,0.868191082673538,0.0934013847102475,3,1.95598125146645,1.09504720617247,0.700010541676283,0.20792231003189,2.28799120032564,1000.00000598244,0.693147180559945,1000,0.693147180559945,1000,0.693147180559945,1000
-0.103466777595727,0.155418774411255,3.87519495166984e-13,0.001245095186455,0.810792634226339,0.109923005172507,1,-0.537207632836996,0.801682041585862,0.530067744425412,0.225526522337155,0.39950264096847,0.270064110843703,2.25576713781697,1000.00000388557,0.693147180559945,1000,0.693147180559945,1000
0.186061153383701,0.144607217928609,9.83457544598242e-15,0.000198339382476416,0.851490391995441,0.0929506104061792,1,1.3576343549326,0.805152417255676,-0.0222685801328523,0.286231110156551,0.906729967322499,0.312351159256926,0.0407364258807346,0.46028097730943,1.882818223599,1000.00000245187,0.693147180559945,1000
0.416804485850547,0.179979848879889,0.0227765171653624,0.0597004319343084,0.776901367182404,0.165886808281297,1,1.29834644409801,0.70571338446983,1.08182631764926,0.296781422835197,-0.162896260054986,0.350270941685889,2.13643624031462,1000.00051529116,0.693147180559945,1000,0.693147180559945,1000
-0.0306112866186865,0.325460977870151,0.145599985275438,0.269209983767932,0.913913359198769,0.0874322849073289,3,-0.348829023027815,1.3426488961627,0.809962972648899,0.215855348630621,1.05001697015409,0.458740152019125,2.85909547430681,1000.0001030822,0.693147180559945,1000,0.693147180559945,1000
0.0654975956912181,0.254336761365574,0.155416109965755,0.217430951447315,0.906372768145881,0.0927488567995877,3,-0.450903409894955,1.19489352040044,0.71344792922422,0.31607375425491,0.772938751453963,0.339566612911558,0.660642105379605,0.497731554896201,2.99596695853269,1000.0000785003,0.693147180559945,1000
0.168909167044926,0.446907062282418,2.48907821612071e-11,0.00998021079359651,0.952372357171035,0.0358220545609518,3,1.84114282216233,2.10704695853411,0.696025964221986,0.418046362329246,0.234944748090719,0.70136439038087,0.718311956638851,0.686012414450618,2.659068972684,1000.00016293641,0.693147180559945,1000
-0.145808786569865,0.209393404949309,6.78172934797575e-15,0.000164702563328274,0.837292955299453,0.112884292164742,1,0.41684767104153,0.856046294414479,0.67647185019045,0.215728838239467,1.99003236355275,1000.0000005015,0.693147180559945,1000,0.693147180559945,1000,0.693147180559945,1000
-0.294393926727373,0.18935987729886,0.0236510891136994,0.149923915889911,0.906290897605567,0.070401825085639,1,-1.96358634592567,0.99915063919614,0.589162880060178,0.221405724596892,1.00571651999034,0.271156684466459,0.735157974306421,0.300883095920698,1.65262509549626,1000.00002319491,0.693147180559945,1000
0.0955454639836081,0.15561833093875,8.5685055848571e-16,5.85440245253226e-05,0.906402883904024,0.0504041108608923,1,-0.633907232823287,1.04376930998076,0.93725570849745,0.187554624363922,1.0875464760029,0.345105056162436,0.0423478450893961,0.533226891846564,1.83734120705722,1000.00004693736,0.693147180559945,1000
-0.283062929522589,0.319605684297465,0.0971476459646336,0.308547263725687,0.918523677796221,0.063674532043053,1,-0.445471553665896,1.3069281229337,0.76303232893684,0.314658475931471,0.655524949920203,0.319454904541238,2.59788762231769,1000.00036020738,0.693147180559945,1000,0.693147180559945,1000
0.386472737581536,0.253498803356125,1.98280451038717e-14,0.000281624404615815,0.912498127410626,0.0499659593828377,1,1.25310333484124,1.04473265243633,0.81136743875303,0.186073156956241,0.763141790678107,0.204233261451499,2.23549179611457,1000.00000092078,0.693147180559945,1000,0.693147180559945,1000
0.0238233563488287,0.276899421059599,0.294156516103881,0.244498483720698,0.498875795889578,0.884158686331702,3,0.0415565747217087,0.847642585740935,0.586971092720169,0.219966426851962,0.988664254761222,0.359155161591714,3.55543963264139,1000.00023624921,0.693147180559945,1000,0.693147180559945,1000
NA,NA,NA,NA,NA,NA,99,NA,NA,NA,NA,NA,NA,NA,NA,NA,NA,NA,NA
-0.00708286818572904,0.148026068938011,1.77187979495831e-10,0.0283978819086049,0.81749460679868,0.105760913495652,1,-0.232304618066479,0.765161653256077,0.625031080765574,0.232675381000283,0.28658264482691,0.291099754129968,1.91518144541044,1000.0000531576,0.693147180559945,1000,0.693147180559945,1000
0.142070284412112,0.178042494929425,2.15811255833359e-13,0.000929121004988874,0.771956475831665,0.129043292501216,1,-0.275706104306537,0.852476320314659,0.463703452320156,0.186599615738194,0.564192350538202,0.2332622930077,0.0751907065978448,0.327420584826144,1.72988224095702,1000.00000023099,0.693147180559945,1000
0.288637997290074,0.166958692409819,0.0720793942559732,0.0764917538681611,0.665311750754951,0.372257909758489,1,0.926958843666491,0.787771130295526,0.701869517444848,0.183593527226337,0.490133598938804,0.289418979533123,0.807402539234867,0.533363773240345,2.2156400565751,1000.00003768398,0.693147180559945,1000
-0.00422600903440771,0.205598764848945,2.90364941834785e-12,0.00340808561678551,0.922208304530717,0.0536825288357068,1,0.678994339661764,1.10505677584325,0.316787596761574,0.402561915494939,0.755032318932319,0.366287932290961,0.553938614676535,0.300390781446894,1.80070038303228,1000.00009886177,0.693147180559945,1000
0.0604126329594264,0.32422232158312,0.362265008757247,0.330949267586098,0.831851637854601,0.227787013940045,1,0.00756219943515019,1.06160306155353,0.872774069232612,0.231170622309482,0.673647998823371,0.393687965669409,0.615191180196465,0.688460440670227,0.92065611769433,0.720751641933077,2.49522850478481,1000.00000194611
0.0191418442534543,0.11395275285842,1.41560206112101e-13,0.000752516683778791,0.784139723130827,0.110679026965299,1,-0.283242054076974,0.563469305417297,0.534759436737268,0.234423416741605,0.501838452635501,0.26227529141242,2.1689678318714,1000.00007059061,0.693147180559945,1000,0.693147180559945,1000
-0.427531811919719,0.253025501163942,0.484485735202482,0.355051482197793,0.0836071307815607,0.546476791607634,1,-2.37825756764554,0.866753857060103,0.783457630529191,0.347781619371813,0.479773607204796,0.300490250646169,1.1971326762646,0.324111503753411,1.86852886978325,1000.00000232123,0.693147180559945,1000
0.0992741207025719,0.209759957670263,0.0476659240873862,0.0980693180666633,0.929401540004207,0.0454482965729512,3,0.617046086763814,1.00354810973309,0.709158138486666,0.239111541641037,0.800463894825052,0.430443137111416,0.0838633582794279,0.248815351834884,2.61862113868875,1000.00019848752,0.693147180559945,1000
-0.0905918394316216,0.119161483731968,0.00834391632234818,0.0389010154967985,0.69149720343633,0.164211389823299,1,-0.54219275235854,0.574326414256761,0.570881939538281,0.202503710454429,0.549922845660397,0.319422708722764,1.96735464157588,1000.00005958848,0.693147180559945,1000,0.693147180559945,1000
0.0798930590214801,0.143047452296756,1.18807961698957e-11,0.00690004909860714,0.867697389819578,0.0612421352336168,1,-0.00942877520044084,0.711500080027789,0.895342831212932,0.138334474037457,0.764283332763119,0.257981368231022,1.68335453926854,1000.0000455873,0.693147180559945,1000,0.693147180559945,1000
0.0124259051257945,0.309536905131857,0.17546665138069,0.199980492841615,0.888550088561172,0.109538733910654,1,0.494544781597213,1.22504948811133,0.582838153525824,0.228631483032316,0.311797878253726,0.344342265287841,3.28391940455919,1000.00003440109,0.693147180559945,1000,0.693147180559945,1000
-0.00690859140715317,0.264633084975781,4.36566732453958e-13,0.00132150763962716,0.93732414690464,0.0338603155231522,1,-0.405363227153923,1.27433935194977,0.620526279764883,0.306946761543894,0.51853982944121,0.228677104247857,0.460269278830884,0.548396250804489,0.743076976854452,0.301661367161226,1.86661983073299,1000.00000315189
-0.388304100403543,0.29491614074692,0.134205241822188,0.24462994662451,0.942910446848669,0.0551741288390156,1,-0.779767680177283,1.32979174878394,0.721584252513801,0.330150031139964,0.631490957012729,0.375603296487085,3.44391865794055,1000.00059972678,0.693147180559945,1000,0.693147180559945,1000
0.135504141259363,0.196062177793296,0.136351605483138,0.14177873027035,0.814837706023223,0.122219493164616,2,0.652073434159468,0.761659713721703,0.636885580114893,0.223194029911584,0.00379314451153239,0.462771221255926,0.783273989798016,0.562359182211581,2.84959315348073,1000.00019505552,0.693147180559945,1000
0.066445888348304,0.343844023888714,0.124964885733911,0.468513329711011,0.959144168012557,0.0312417294566851,1,0.805426811413429,1.53062556663297,0.865871714258516,0.327286433579865,0.363351571883617,0.496842415378701,0.801168434269075,0.341401297084933,1.97747139264689,1000.00006302752,0.693147180559945,1000
0.118123443426196,0.141366811279793,0.0237608776049442,0.0512536668075694,0.770323667077551,0.199769742295917,1,0.457327640009998,0.737227142278897,0.727336923514788,0.243616990802663,0.255214351977679,0.332464329177891,1.98298289601021,1000.00000203346,0.693147180559945,1000,0.693147180559945,1000
0.0171339488515836,0.188934964416183,0.0298627814582233,0.151408267458445,0.90733360114895,0.0484265732850434,1,0.334722918663332,0.930030127064748,0.722256529291275,0.168985939113802,0.0682679051393204,0.400360983696403,0.32364657221189,0.667182495667553,2.43025545424398,1000.00070338371,0.693147180559945,1000
0.143802467074915,0.163742038609586,3.69753602920792e-14,0.000384581909204553,0.886504753190499,0.0544154819128003,1,0.529499013461856,0.851120282462145,0.821947937214713,0.202808711098499,0.451794210557963,0.322798893498183,2.42195417289987,1000.00012504442,0.693147180559945,1000,0.693147180559945,1000
-0.191919076750252,0.231131859494848,0.431283493863842,0.274016234134299,0.47839443657151,0.76558658567695,3,-0.717137648704135,0.532866850742405,0.317833784935349,0.242787740276514,0.871955536489483,0.258963200047203,3.5034539098621,1000.0006581912,0.693147180559945,1000,0.693147180559945,1000
-0.0738794221255765,0.310115028766989,9.02545489324337e-13,0.00190007649509157,0.941686591216018,0.0333335867177884,1,-1.42831789957244,1.40906538445034,1.00134791306691,0.218887275609674,0.916613821255553,0.420129175573171,3.22921595704902,1000.00019385223,0.693147180559945,1000,0.693147180559945,1000
0.16431157422665,0.166736327299378,0.0187067169752089,0.084114784096973,0.932092326280513,0.0447669488482551,1,0.0784001271053683,0.963699980464893,0.817881859680889,0.268190105851824,0.883706626626707,0.294986919309249,-0.352432942124404,0.435873252355904,0.709285710793272,0.162525565495508,1.91659913604315,1000.00000010731
-0.0562103747719416,0.274299858625319,0.294391099458286,0.193305709842024,0.130933870681814,0.791405327938051,3,0.381991054292218,0.99731906887651,0.810813523985087,0.187689346976191,0.439859693665453,0.475512117919509,0.638417561666246,0.78394680093934,3.04311057556155,1000.00020613638,0.693147180559945,1000
-0.0590617107052219,0.206574477433119,0.0988029802762208,0.115088225957823,0.596734364029478,0.332250909160807,1,-0.950688579388902,0.940941751801116,0.819686752590752,0.209745707667725,0.684944395732292,0.215431328318842,-0.611168723732473,1.08710859443217,1.78294843525231,1000.00002253205,0.693147180559945,1000
0.268891644806907,0.175828552144286,0.122314191203667,0.0999706029335166,0.629483672765783,0.376382434043098,1,0.493982013701418,0.647683264523481,0.79310039951044,0.167366241880101,0.858928456770346,0.457167416515535,-18.1462378889347,1000.00000000693,0.610549014109541,0.304099573051615,4.23767793656029,1000
0.0616284626576115,0.168681140205315,0.000688575908340257,0.0914349922369677,0.879181738652003,0.0922627497893251,3,0.698971670803264,0.886784375267462,0.0854226399763543,0.296301613464444,0.71135093179734,0.232405966417874,2.36546763077723,1000.00001696739,0.693147180559945,1000,0.693147180559945,1000
0.0457629057793492,0.286431890135827,0.0398067188566368,0.0992307984356106,0.901267939080938,0.062546772593622,3,0.460399847286953,1.26280009420073,0.791693224227457,0.213797743526881,0.74033498015082,0.401438274991448,2.55434956753659,1000.0003305484,0.693147180559945,1000,0.693147180559945,1000
-0.0884171044554975,0.202247741751106,0.0897954909472534,0.135207901987211,0.742851203426176,0.334184860163712,1,-0.158195475232812,0.846408933103361,0.900273563824167,0.198142394033667,0.963404338888438,0.400516935205082,1.89920542352892,1000.00004913443,0.693147180559945,1000,0.693147180559945,1000
0.296697728399243,0.158422436279028,0.0284762965380641,0.0681096429866675,0.811938812398314,0.137170742318077,1,1.4403978143929,0.667251162889753,-0.119034234552691,0.362713226151667,0.97142909881654,0.184543070317668,0.102797128265302,0.41730150121126,1.70791371211935,1000.00028745656,0.693147180559945,1000
0.123358962742068,0.221017764347369,4.38873846770383e-13,0.00132495716133633,0.934115671372734,0.0407660560709953,1,-0.173884343512872,1.02672197133309,0.724704037521417,0.212582148143275,0.630982706662547,0.45852236830055,0.934605574787581,0.582854737847885,2.4615834094744,1000.00034264347,0.693147180559945,1000
0.335874474094356,0.264568142123698,0.229056298881299,0.306536361751449,-0.314374495999019,0.532087089470349,1,2.39872706043059,1.01875696934585,0.951250907244611,0.707427271783863,0.397692030077822,0.874342325724969,0.474476078639599,0.473822744757884,0.614248185101059,0.698850989357077,2.44770239738516,1000.0000285561
-0.0622054266469978,0.177856855871393,0.0112946446702437,0.054553694443429,0.817004808446383,0.0759803421437848,1,-0.0289717597799661,0.756097078532763,0.539959605916381,0.189416664172311,0.81286506128485,0.293663143332418,1.78394038452177,1000.00006441364,0.693147180559945,1000,0.693147180559945,1000
0.300460336395305,0.170154510742286,0.015484749074003,0.0867901418129053,0.89260351876015,0.0652695873461171,1,1.47119521280424,0.869987959686249,0.661525529965852,0.217341101004534,0.148725821952228,0.299792486025111,1.9008805570113,1000.03869473828,0.693147180559945,1000,0.693147180559945,1000
0.304409266871078,0.193204228892283,1.155508263022e-13,0.000679857469481739,0.919557106918702,0.0549804052086433,1,0.696457351060272,0.976646338207997,0.786443709212866,0.275913154925607,0.834122294988799,0.241850096821217,2.13056049440024,1000.00000000013,0.693147180559945,1000,0.693147180559945,1000
0.177360569958956,0.109436169865936,0.0235492435542783,0.0459945961191126,0.62359531565688,0.266896189216974,3,0.515938759996577,0.569811280838094,0.683085415325147,0.201244879138269,0.0888775852771464,0.360539840971945,2.34283741294034,1000.0000123034,0.693147180559945,1000,0.693147180559945,1000
0.122359587029722,0.306165308551215,0.127551989798131,0.194440655688779,0.808238348108149,0.167026276172328,1,0.70164180608968,1.04732193640753,0.589153389469106,0.238338049930063,0.605746838892099,0.336188059401688,2.75060393496917,1000.00039516505,0.693147180559945,1000,0.693147180559945,1000
-0.478175030715121,0.219245862652048,6.89977880151771e-14,0.000525349008871645,0.977991539016486,0.0165084107231845,3,-1.79198579439553,1.66197754262052,1.21211926887031,0.220390788044737,0.908352682275626,0.559681762758935,5.27033145714749,1000.00227202654,0.693147180559945,1000,0.693147180559945,1000
0.0296252374789749,0.24110186417843,0.178779100380513,0.235523475423706,0.88677613313698,0.115630838721647,3,0.0855739043191332,0.971986555439952,0.838385652607259,0.29730220327202,0.582323835537955,0.271190442534143,0.525407796515381,1.37077554076603,3.72397929825061,1000.00008376659,0.693147180559945,1000
0.128646184655471,0.181590727270218,0.0933630714308813,0.0962813551803436,0.472070991453123,1.06363092162231,1,1.09562135164224,0.826829115439618,0.729076660306418,0.23775674126285,0.747372812694616,0.283842861936169,2.31886771029881,1000.0000028536,0.693147180559945,1000,0.693147180559945,1000
-0.14716424991247,0.181004202512515,0.0433346807740377,0.0767584440578275,0.911880670327524,0.0538861363982759,1,-1.7500258142037,0.92177758130492,0.87063864548941,0.186532042971487,0.948250777763382,0.295832130741392,0.361239328936116,0.178355294749902,1.83472554501518,1000.02255493641,0.693147180559945,1000
0.0849546735064488,0.2342034530948,0.0392120389960808,0.141373849781118,0.896153171989071,0.0783053678425789,1,0.213376137731003,1.0311682463382,1.07289890060962,0.229678436735629,0.486549412296196,0.354672465261137,1.94288801487086,1000.00000674739,0.693147180559945,1000,0.693147180559945,1000
-0.216902374602086,0.209193301985406,5.95744027371035e-16,4.88157376383092e-05,0.906837669773542,0.054411246698251,1,-2.4312904675895,1.00212466504062,0.869146560583003,0.280194105354456,0.484977859618729,0.225292472713473,1.21210644071445,0.358746394012915,1.87004671995334,1000.00000001773,0.693147180559945,1000
-0.168116684626505,0.185054240556969,1.6121938093259e-13,0.000803050289691568,0.924860112560416,0.0449217144263124,1,-2.06582425411818,1.13185358607283,1.19441472960066,0.294710663833935,0.268493853802189,0.263757128267769,3.01805671715938,1000.00006153546,0.693147180559945,1000,0.693147180559945,1000
-0.0772930789843609,0.351575153078284,0.349381058627691,0.474876300127688,0.943447798354591,0.0539939642903843,1,0.647153499624154,1.62333838186705,0.828304188327051,0.301513835575686,0.858150162818878,0.430063980852362,3.17681252538243,1000.01122047813,0.693147180559945,1000,0.693147180559945,1000
0.0605029046478822,0.195608406416902,0.0174848199361729,0.0562187875591923,0.667468601503808,0.428566876499827,1,0.137840624393508,1.08338787081809,0.743777070370164,0.205487442041836,1.95729598522849,1000.00145240123,0.693147180559945,1000,0.693147180559945,1000,0.693147180559945,1000
0.152573266526297,0.273470808172238,5.67727897726783e-15,0.000150695474076706,0.948886401382661,0.0247528336068744,1,-0.529885964186252,1.46428889931541,0.820159065126847,0.247360207318016,0.850422757533064,0.249430510235956,1.3570104850318,0.430369024751123,2.19265661170529,1000.0000000161,0.693147180559945,1000
0.0145011234574995,0.188593518297047,4.23646833148959e-13,0.00130187516760265,0.85089998649332,0.0812042199987913,1,-0.448099578569387,0.99248267076642,0.679534443841433,0.208707790605146,0.661881150359032,0.289180773233562,2.36680538093756,1000.00004944135,0.693147180559945,1000,0.693147180559945,1000
-0.154518335026446,0.236050040758146,0.0133878346403529,0.0726240790184397,0.798704754872618,0.139361775492072,1,-0.112217597946576,0.946984471795132,0.573781188731022,0.21964603640878,0.0985784910813574,0.291120756847708,1.91990562863901,1000.00008599466,0.693147180559945,1000,0.693147180559945,1000
0.179160411297186,0.230962075333121,0.105388446494547,0.195850909797663,0.917589480959022,0.0706886398766123,1,0.727256171745763,1.25292598072257,0.576863726271453,0.317766573149453,0.623138505986047,0.422103444790179,1.04854073970863,0.626616929331795,-20.4890874412276,1000.00000000001,-20.4890874412131,1000.00000000001
-0.117649307026194,0.35347272694449,0.425478581024778,0.655604848336958,0.90946510037107,0.102766187668808,3,-0.326696824066498,1.27297540529738,0.92536468986552,0.307535111405144,1.48430292124879,0.680741666002034,-7.83624662294148,1000.08318288612,14.2895270562342,46.279508461441,0.693147180559945,1000
-0.262277667518576,0.154171854470672,0.0424464143668206,0.060413934278953,0.667265807179419,0.28108437078942,1,-1.65098571585032,0.733700563131591,0.511765120553433,0.170335897689464,0.344648414827182,0.252491729366663,2.01912326583728,1000.00000313063,0.693147180559945,1000,0.693147180559945,1000
0.22569415408843,0.282307483906657,3.29690787476352e-13,0.00114838361587293,0.953456284965206,0.0411680380029948,1,0.704734631757818,1.33991525001392,0.917017523362832,0.354528768023638,1.08870524754677,0.34964450981567,0.425292811610437,0.734979720549188,2.81340065385108,1000.00004486933,0.693147180559945,1000
-0.152721879811016,0.256553305319217,0.170908120057471,0.200038081535252,0.884119475218623,0.0817145298646247,2,-0.669711921598419,1.16578011459324,0.314625713694348,0.29364266712822,0.774996454284177,0.313320673598732,0.450326019053055,0.870385539937449,-0.0274848836715538,0.676497181862243,2.9380640090944,1000.00005615557
0.126747063296273,0.155027637535121,1.93244228002421e-13,0.00087921123754942,0.911492445089015,0.0473539253034773,1,0.327854339741247,0.857273999298911,0.71876761191484,0.215626775650341,0.754706417401134,0.322395470825812,0.512912145625586,0.359748713580868,1.94812151197769,1000.0000006928,0.693147180559945,1000
-0.0142672627143806,0.12941609025967,6.89245272940972e-13,0.001660551353524,0.829362885031126,0.0785792904666697,1,-0.362014869566894,0.615782689339769,0.77423530572255,0.160046965924615,0.290963428594423,0.577569673030607,-0.686142556744581,0.343707485503693,2.04537417774232,1000.00008391811,0.693147180559945,1000
-0.264968557557302,0.167634235102661,0.00477997443305429,0.0552741911276518,0.807429584332316,0.153225422038666,1,-1.42740630033601,0.77776023670656,0.674375922717368,0.200713558341027,1.00479062744002,0.284813014913285,1.74463643887897,1000.00000032614,0.693147180559945,1000,0.693147180559945,1000
0.00490543171250172,0.136189171177083,0.0155703423443655,0.0524955492174703,0.737818517188345,0.166572157361145,1,-0.241526626549063,0.571076211408682,0.299875913943049,0.239532197600546,0.752435302300112,0.236526371376002,1.86565057632783,1000.00000690384,0.693147180559945,1000,0.693147180559945,1000
-0.00234378680796373,0.190926827174732,0.0448718651134883,0.142404361313038,0.940377130704445,0.0415544511924065,1,-0.386069795812323,0.970848825503767,1.08334429547556,0.266282880467973,0.748273873524655,0.256632240807461,2.26788553674645,1000.00000002761,0.693147180559945,1000,0.693147180559945,1000
0.0349176541306888,0.269404013723525,0.064864556988219,0.237859290697416,0.919433087884477,0.0896110263706956,1,0.8328832040039,1.22077181400567,0.356320730552935,0.341767098269921,0.720052821230558,0.144734216383588,0.0878389529249784,1.20385442895761,2.16463748175644,1000.00000111652,0.693147180559945,1000
0.129918986311528,0.270246802726619,0.12432759111642,0.191584099729163,0.878823048875177,0.108830382273271,3,0.503717234627198,1.14914102860443,0.687021216518753,0.315870959998079,0.457194188708968,0.494632282380763,2.81158133160504,1000.00022382007,0.693147180559945,1000,0.693147180559945,1000
-0.157881224600852,0.316175539800061,0.137000722861323,0.405589783919143,0.985042953765662,0.0148387385393359,1,0.235199049467688,2.10966630947764,1.47205557760126,0.452159597505093,1.14652413462923,0.534587074484369,1.35834599040267,0.276849964441599,2.0516446338307,1000.00000103241,0.693147180559945,1000
-0.243395460947422,0.231534357257495,0.106059132011509,0.117435437369438,0.740964131385442,0.22513350927635,1,-0.201960937740275,0.878927306445995,0.231607790114436,0.384594772881124,-0.234998008017406,0.579006790336332,0.848060850876779,0.245509547979314,1.9747751414995,1000.00000073352,0.693147180559945,1000
-0.20198504078791,0.15460454051698,0.0357371765549082,0.0564506741852742,0.70663621958509,0.204936477239871,1,-1.50135339706613,0.818471530974541,0.697928599286047,0.220266459661441,0.724906071988808,0.267623154929872,1.75820699436681,1000.0002072785,0.693147180559945,1000,0.693147180559945,1000
-0.713267281621765,0.236225430832999,0.283355741690526,0.255765897276552,0.384362719559146,0.531189509537345,3,-2.14700746237131,0.662271429932708,0.58401880307926,0.210303206435392,0.663272343730323,0.309774947978486,0.541561653985965,0.527181738742663,2.01790173101712,1000.00001152384,0.693147180559945,1000
0.0572055275091903,0.303406816574625,0.0774524230356374,0.273163629341368,0.941690489353776,0.0515987183984347,1,0.695849226123608,1.46064487156399,0.759907140047433,0.231366827594997,0.159212017563184,0.746664198532552,1.22793573477802,0.484501113523289,1.80472525768337,1000.00440475184,0.693147180559945,1000
0.0550011917337199,0.283142701863384,1.413544465179e-15,7.51942676612863e-05,0.978951528929483,0.0146825534206344,1,1.70251844762224,1.9572261244474,0.864997886433144,0.473904366621592,0.699083188772109,0.304750212384621,0.787626715985682,0.741858543747481,0.935593370301949,0.0834682899132665,2.19291730922974,1000.00000014098
-0.181678134598491,0.312603380204286,0.264838844801645,0.37762414354598,0.932839164610657,0.0626658669698217,1,-1.66358614935707,1.54867563261717,1.164291474339,0.345422339434284,0.564472271028893,0.406587074574676,0.959905375961297,0.486032317510121,0.0980067907019981,0.89435049632746,2.37299797822071,1000.00015229964
0.0803769523416902,0.231086645395422,0.0601432538018663,0.139279323993107,0.948138419516478,0.0307425908292687,1,-0.341837365340291,1.36665117222633,0.676864631567395,0.382663361736199,1.27821997821089,0.35386094194949,1.04434099301339,0.208105545597205,1.98064392302299,1000.00001975214,0.693147180559945,1000
0.34625453059331,0.19993996566608,3.03776492719395e-13,0.00110236307294644,0.901288033217402,0.0475986727023273,2,1.45938459607919,1.10279888275515,0.698770504690429,0.220991801122604,0.71708993850888,0.338840182040072,2.37183345924251,1000.00018685687,0.693147180559945,1000,0.693147180559945,1000
0.013303311998519,0.264929762885153,0.152411045578027,0.23071947645105,0.889931879287812,0.0888677194012918,1,0.0547921305614696,1.15749247987766,0.738017610448315,0.201282597153328,0.347780616506777,0.340576285663644,0.58013321427496,0.315061046600077,1.88316737760293,1000.00034642981,0.693147180559945,1000
0.194270918722232,0.181904224273111,0.00947092462468028,0.0882758290792852,0.90555566339951,0.0760088144837007,1,0.171691845410566,1.03922351834985,0.651315304428164,0.20572007364407,0.370502486020339,0.309823612521412,-0.337323848013991,0.581579787106607,0.951164681276255,0.485128172374879,1.83841340241844,1000.01961850907
0.0150561795250299,0.151670992168269,1.81886493690812e-16,2.69730618154249e-05,0.842218895084649,0.0895371578235612,1,0.473818080860212,0.72094377720643,0.694232206789197,0.202988436972475,0.534226167484222,0.343027487972333,1.65152440119642,1000.00001163272,0.693147180559945,1000,0.693147180559945,1000
0.117216878443363,0.167733877249652,0.0934422337826439,0.0671241185624704,0.22540259953089,0.444954377503159,1,-0.0382310206393884,0.749904870961506,0.782860213559686,0.210764526050151,0.631621958389389,0.211847352964326,0.691860999169724,0.578188444167505,2.29735007863161,1000.00000113326,0.693147180559945,1000
-0.251810412364323,0.33289738862053,1.83478139012709e-14,0.000270908215416408,0.972681800835769,0.0223870788253046,1,-0.13964828058802,1.7176851436514,0.614784847819831,0.268239268088663,0.639845234085002,0.499262363915463,0.692254242808833,0.309648959920425,0.872616812192101,0.569485763650649,2.25324388141157,1000.00000231595
-0.179927610632188,0.180469212995441,1.62190210400863e-13,0.000805462982591,0.867405526973649,0.0772974674126492,1,-0.220661264813553,1.05140485057089,0.519724354205614,0.261656477864807,0.281525146017546,0.56781932705499,0.406678217133889,0.0803694333354569,1.81397000854901,1000.00003349679,0.693147180559945,1000
0.102887212068776,0.253670206003131,0.267627549905174,0.188782446526024,0.00652502057157731,0.259694574698343,1,1.18152780137144,0.740533106139683,0.60873225409501,0.373028070241062,0.758518607756679,0.24065033744012,3.10366992912515,1000.00005128456,0.693147180559945,1000,0.693147180559945,1000
0.137155136390495,0.193265272567348,7.12171072567746e-11,0.0169276930425045,0.894429218169218,0.0639321112308318,1,1.22509028753626,1.00234549467545,0.540469259965273,0.21764702883057,0.186204812353197,0.510541552027138,2.41576255739534,1000.00051461899,0.693147180559945,1000,0.693147180559945,1000
-0.0913162271812142,0.193506553753553,0.169840468440539,0.151188855593688,0.431369965070308,0.676949713081908,1,0.277701935874664,0.605544434327076,0.798779306271362,0.250313000875248,1.0845064835361,0.241844532844542,-17.1270329621317,1000.0000002494,3.46529240319035,1000,0.693147180559945,1000
0.0975426336636249,0.201556537744709,0.0413639334452072,0.127656305893365,0.891328242795127,0.0861310117410718,3,-1.13225731806484,1.06724665727676,0.861403742952876,0.232647905607146,0.524863933576907,0.353955604354105,0.878496643232177,0.434496678621336,2.36412265517708,1000.00172244809,0.693147180559945,1000
0.118184348567338,0.201447922028316,0.108104785923761,0.0935794531973338,0.725738324027521,0.299442898658558,1,1.32291363569599,0.751502796704989,0.902941196309202,0.240851603973111,0.74256089175934,0.119621313527869,2.02882538311895,1000.00000008865,0.693147180559945,1000,0.693147180559945,1000
-0.243871042446506,0.273558025167733,0.250416766781486,0.365293891852495,0.892397769818992,0.186341648679377,1,-1.88923270596525,1.32464591312907,0.495542712561902,0.688243814116356,1.19680637323602,0.207576786383775,0.774987997445466,0.237237088739675,1.74941432332076,1000.15410651546,0.693147180559945,1000
-0.0222428662133434,0.176770076714902,0.075522219079636,0.120459627889677,0.794634926969586,0.230312087357691,1,-0.638636005914345,0.707342023549915,0.758317330000142,0.252162877637175,0.969069576119209,0.26044197528944,-0.235462893476898,0.879302109202868,1.92096054036782,1000.03174753388,0.693147180559945,1000
0.403197896264312,0.19926650267361,0.0299280592052866,0.194938347705862,0.935288510080815,0.0558959586605693,1,2.95509533567932,1.21071097987574,0.958590630874845,0.326450958574668,4.30311181249574,1000.00040340287,0.693147180559945,1000,0.693147180559945,1000,0.693147180559945,1000
-0.0467106102077165,0.162989943802768,3.02708727103941e-13,0.00110040516202323,0.850464711438851,0.0682337015838168,1,-0.939869758109553,0.83754586479437,0.692406924863825,0.20160059485033,1.28098031525532,0.268481754637746,-16.5047717388855,1000.00000004803,4.41762497602047,1000,0.693147180559945,1000
-0.256832111546863,0.197849126529908,0.0210850586422658,0.0678081892280075,0.704032600140576,0.344485952709626,1,-0.480726935899261,0.964924528829656,0.773831445042731,0.289147579906136,1.96172433028087,1000.000000103,0.693147180559945,1000,0.693147180559945,1000,0.693147180559945,1000
0.423444077424548,0.395495958671249,0.11041702779916,0.293217681545239,0.883507747556202,0.190544850343179,1,3.05158676936197,2.13474692156139,-0.154779427634808,0.388204460821866,0.788730011067449,0.491854893739339,0.385975973439469,0.429788287929449,2.05892742636389,1000.0000912365,0.693147180559945,1000
0.158771399203581,0.218874170952761,0.0771073048614339,0.153799324313134,0.88769590645338,0.115515393159129,1,0.707228203691103,0.918946671792497,0.697832058538529,0.334620245082821,0.825977306374797,0.362890994224615,2.68378686729347,1000.00005083113,0.693147180559945,1000,0.693147180559945,1000
0.263032228706516,0.214827261960363,0.00780696308460518,0.1368834888083,0.906640043313392,0.0788265617930727,1,0.947875423701134,1.1521012971983,0.305169847777377,0.255624002864694,0.756502433373599,0.363180085571181,0.839154440684173,0.324085309129363,1.66856610289732,1000.00860140943,0.693147180559945,1000
-0.0883947178542468,0.305346812103948,0.455800894393611,0.302126293962721,-0.355301260529291,0.38418128910966,1,-0.324776074103885,0.923970741354437,1.11919845563451,0.257619621610556,1.15310418290651,0.70480019061463,1.61110110280911,0.227737217961767,2.74612937902832,1000.00067581052,0.693147180559945,1000
0.0803120288928162,0.145828589067648,2.08327581921464e-12,0.00288741133630575,0.890155739824287,0.05525036925482,1,0.730622560665115,0.706139885562575,0.366568997180042,0.204023678299703,0.97311730008733,0.211960372757527,1.95068207978159,1000.0000025097,0.693147180559945,1000,0.693147180559945,1000
-0.37348850011562,0.318596208330796,0.334462823195714,0.330717526746207,0.746775576195083,0.488573182188568,3,0.00179257034819068,0.902342670364129,0.862182114393147,0.315825988841568,0.449841594041924,0.808516123669074,3.3588685438055,1000.00006184134,0.693147180559945,1000,0.693147180559945,1000
-0.118354676609646,0.208401346761453,0.253372918762558,0.260377163447013,0.566038600596933,0.566786531025808,1,0.440066557526203,0.719335226098199,0.862895784247037,0.361902745074815,-0.0607644779834792,0.802397337493441,0.826922364196283,0.499731041704609,2.01951517106438,1000.00000166927,0.693147180559945,1000
0.17184211438114,0.169355923759995,0.105739388614715,0.168842419956096,0.878878166504584,0.141291015193157,3,-0.454150794732599,0.856942241212256,0.724040963489864,0.182317921366432,1.27856581104917,0.2946582839972,2.7355038775326,1000.0000082443,0.693147180559945,1000,0.693147180559945,1000
-0.234501988575898,0.209694279803551,0.127796236357679,0.123012382683246,0.644389933106841,0.474883489794236,1,-1.25857051526311,0.82314758489088,0.744079990810757,0.274045373414602,0.367849222931959,0.372218094637467,0.451273005728992,0.446329644612942,2.02159357830454,1000.00001243223,0.693147180559945,1000
-0.178444130496587,0.198301382669392,0.139248521156809,0.109507445273856,0.699441002983939,0.17779721149257,1,-0.924668715490628,0.654628139694313,0.517101980736899,0.169690196163463,0.725054243930088,0.228071102999386,2.74414123936527,1000.0000939669,0.693147180559945,1000,0.693147180559945,1000
-0.0431215912490398,0.155854837850815,3.38027183791686e-13,0.00116285691056505,0.865293009083059,0.0577424215370235,1,-0.594277595511462,0.738701755920716,0.810877928974675,0.164793733743454,0.397820348430085,0.311166745078283,0.642375929254398,0.403899265196324,1.89362206231218,1000.00038790718,0.693147180559945,1000
NA,NA,NA,NA,NA,NA,99,NA,NA,NA,NA,NA,NA,NA,NA,NA,NA,NA,NA
0.0836683803030587,0.241217146031946,0.211973199646692,0.235113491870976,0.829827058160604,0.189188550470857,1,0.373379693481874,0.875717090378905,0.975089938686317,0.284328348430796,0.480787668187192,0.501979098738091,0.497691735568753,0.367413705446793,2.06980930118858,1000.00005586039,0.693147180559945,1000
-0.516513142927305,0.271992638157131,1.96990172527703e-13,0.000887679846284631,0.7900022153164,0.120167735697164,1,-1.29307238869014,0.910509756229196,0.111400142748055,0.461465942483813,0.756361944124258,0.322822517253188,1.97297351856895,1000.000003859,0.693147180559945,1000,0.693147180559945,1000
-0.0983243184076298,0.321738638237277,1.65457387218196e-12,0.00257261993865609,0.970852503449617,0.0240410481881909,3,-0.169445777012759,1.66575727098128,1.1846820332136,0.372220768229593,3.15000061475694,1000.00000241505,0.693147180559945,1000,0.693147180559945,1000,0.693147180559945,1000
-0.256258979850564,0.273663940120057,7.44975821573395e-12,0.00545953834489615,0.948962614279158,0.0259129650907898,1,-1.07586707283427,1.40589536284255,0.999421387067395,0.304707381448954,0.560425944198919,0.328610017757605,0.65068855968954,0.582537608896742,2.59198048065382,1000.0008431601,0.693147180559945,1000
0.139961875124837,0.16150757403505,3.30239823315408e-15,0.000114933013290307,0.864168693741567,0.0662049000894974,1,-0.233014920260126,0.743070863214491,0.541337571173244,0.199767490751812,0.44480519431024,0.336683747906198,0.816260044674515,0.288041484857073,1.73593244408376,1000.0000008281,0.693147180559945,1000
-0.0528427513466471,0.177444800015199,0.132515852171342,0.13333519100025,0.527862305297016,0.662968391870322,1,-0.160818686029518,0.752618588793951,0.390729727327725,0.24478256463354,0.827147932005653,0.263279475456969,2.04705338037861,1000.00312468514,0.693147180559945,1000,0.693147180559945,1000
-0.567955105981913,0.519986383007947,0.37786778461669,0.683935943583377,0.905670225635335,0.154211852272926,1,-0.806500844671074,1.53506576629359,0.308307941708417,0.201873921900573,4.6032414724338,1000.00172713851,0.693147180559945,1000,0.693147180559945,1000,0.693147180559945,1000
0.191061760646028,0.324641589535047,0.559864624930444,0.445965993508155,0.32297463062636,1.54026494422907,3,0.514373315045052,0.804785893168538,1.1701171315333,0.24907723879816,0.772483444865086,0.568650487197633,2.97967852212236,1000.00105655093,0.693147180559945,1000,0.693147180559945,1000
-0.46087806151257,0.154251637013976,4.67058957994077e-12,0.00432680793748106,0.734014915799564,0.13641291451828,3,-2.53702960979807,0.675593943904022,0.484455536337019,0.244762111103826,0.898963610528653,0.216378605226349,1.99118276366323,1000.00003115189,0.693147180559945,1000,0.693147180559945,1000
-0.143427199080529,0.226082293167251,0.186056486663062,0.31319649470349,0.94900361230181,0.0388500990984409,1,-0.0171396153561971,1.17408471220258,0.711729464799562,0.271315088892696,0.62192428818365,0.313612193011766,0.96938235222891,0.198731410402641,1.79228681855884,1000.00281177065,0.693147180559945,1000
0.00665031503839526,0.178634252969369,0.0837989528479356,0.117957347538846,0.852220349968869,0.0797347550382816,2,-0.72483559779241,0.759526726554875,0.48592522379849,0.227715174261863,0.868205037033877,0.276953945632664,-0.310671270619478,0.490614348951813,2.66128464233857,1000.00005260884,0.693147180559945,1000
0.233456842399819,0.295070002243658,0.161167612253522,0.235580736171575,0.905397545828317,0.126944149739125,1,0.654230392181599,1.2511112256772,0.7660959579193,0.274025248995077,0.99815631062908,0.317061169499589,3.02985315732765,1000.00112538976,0.693147180559945,1000,0.693147180559945,1000
0.147369948008609,0.226500162363223,0.148206875153573,0.2348162241074,0.887615765007177,0.12709625941237,1,0.383162744012838,1.00384622476742,1.07257434167873,0.298171972940166,0.902570085921132,0.239515808078851,2.26437205512048,1000.00000258527,0.693147180559945,1000,0.693147180559945,1000
0.25309018858946,0.621706512593748,0.086223812898263,0.495269006401417,0.95345489739299,0.0767957757835172,1,4.10024418830235,3.59028552887641,0.651865076855762,0.460319799765717,1.13223630289137,0.140319827060714,2.10918603100199,1000.00000000065,0.693147180559945,1000,0.693147180559945,1000
-0.109438559571829,0.173021281381173,0.0329787637379436,0.117524392855349,0.85563132669808,0.0857455288150988,1,-0.15139916243512,0.796204371920108,0.577414405488763,0.273700754916105,0.57797098610392,0.241808411286183,0.578363655020071,0.321272400199403,-19.8348044012669,1000.00000000006,3.35139858234866,1000.00000000126
-0.01088096781905,0.169505006649451,0.0285322716127964,0.0590574962795192,0.683405958871323,0.233912712134073,1,-0.656720244065921,0.760207175194483,0.717763741536358,0.165495426285359,0.317036424267003,0.317644295712762,1.99813003904472,1000.00000089389,0.693147180559945,1000,0.693147180559945,1000
0.096549635858704,0.309218717204706,5.22163172423507e-13,0.00144521825534589,0.944816073203048,0.036202748541989,1,1.12613603651812,1.61163420202817,0.656635587009807,0.241566702068351,0.694058476591633,0.609591261571048,0.898367499507181,0.399497906464056,1.98302460031323,1000.00000116143,0.693147180559945,1000
0.227842959418781,0.193530606967325,1.06062114646545e-13,0.000651346834905628,0.851173484765199,0.0689166493412387,1,-0.135803039714256,0.755830935662285,0.577811097938241,0.26925445404546,0.9352192626906,0.172746467008946,2.15574157407977,1000.00001828705,0.693147180559945,1000,0.693147180559945,1000
-0.184939857740137,0.43669347434495,0.763017969825699,0.558070643004713,0.505310809830905,1.70561325412375,3,-1.36659802620446,1.71536070104753,1.31451252689192,0.347460614207266,1.43786504184814,0.387642167395263,3.61589872655806,1000.00006556183,0.693147180559945,1000,0.693147180559945,1000
0.0754504736921282,0.215359045131054,0.24445716336967,0.27741742449822,0.887494921466052,0.126119406965045,3,-1.10625569358176,1.01860360247846,1.26367820189484,0.311121748424237,0.508592314490966,0.235529930881369,0.862813706450735,0.830755221941273,-14.5060535580032,999.999999964802,12.3236327249539,242.598594021726
-0.171812422902474,0.186069080658319,0.0360695375907622,0.163194599536827,0.899689316269316,0.0633245685850973,1,-1.43823184741909,0.886728522781833,0.759063157768449,0.254745772211881,0.835163264495886,0.243513661897576,0.497320413035957,0.35306458089017,2.03985085127972,1000.00000290826,0.693147180559945,1000
-0.0146409603907188,0.250160679314777,0.0247304097527523,0.110604960199241,0.904241612892726,0.0549290633459354,1,0.0120650375526583,1.14786206318176,0.438588066405926,0.289138077024847,0.699144580402451,0.267403942006752,2.42022459825605,1000.00017352987,0.693147180559945,1000,0.693147180559945,1000
-0.0121037174650911,0.13643239262057,1.93089807413745e-14,0.000277914587816302,0.780364817817583,0.100539818378713,1,-0.514875602935079,0.710705594840282,0.681195230126807,0.193735296531328,0.717705426113675,0.194366947461389,1.9956836895703,1000.00000015393,0.693147180559945,1000,0.693147180559945,1000
0.275352045387129,0.205189490088452,0.0149557751548434,0.0675906695159453,0.832323713690899,0.160737112589794,1,1.36640406807677,1.14185195590262,0.617142969839048,0.276336202461725,0.37364498754705,0.290811837699163,0.56776970622949,0.363556225976523,1.93772056847945,1000.0000001036,0.693147180559945,1000
0.269383138690428,0.176229179413737,0.10967030612453,0.0775688762545669,0.678910636466632,0.399131184658744,1,0.555575794368338,0.869844455146521,0.941964189910322,0.210696344769363,0.260599538715635,0.374840198791169,1.0736593913669,0.451221896651142,2.0906552838272,1000.00000253246,0.693147180559945,1000
-0.0149569689469492,0.170219022007421,0.0796992356703705,0.0767873858378407,0.5484455524632,0.419844882704738,1,-0.503256184577993,0.650195692855216,0.634021383217512,0.182290716706669,0.715953281439673,0.271368412227729,2.01952970201156,1000.00000068431,0.693147180559945,1000,0.693147180559945,1000
-0.121163704995191,0.216075517235251,9.77751109295472e-11,0.0199263528586904,0.854759688612769,0.0766961525486202,3,-1.18464774853623,1.00816428706687,0.790961915708433,0.186660876238863,0.321015437951069,0.397571608386133,0.351284468878452,0.638877098345954,2.15081110124138,1000.00117764982,0.693147180559945,1000
-0.0329094047385246,0.185612523205675,0.114586706608145,0.12503213083225,0.835613635428705,0.187702867673397,1,-0.653841314698489,0.988789164440367,0.39150191219871,0.288697628236413,0.593213529049231,0.289045903652745,0.813920692830485,0.298310816299687,2.76586749520369,1000.01314468649,0.693147180559945,1000
-0.0617093620226504,0.142308965903758,1.35314136534447e-13,0.000735735257224175,0.820479463126326,0.0678817278670093,1,-0.431751499021699,0.805021362492234,0.58040741390113,0.176150495101937,0.24530120251666,0.37964377547397,0.584829432851282,0.274177370021611,-16.724992022631,1000.00000013129,2.70807085415963,1000.00000000232
-0.078986180415655,0.162691520252625,5.5738290288535e-13,0.00149373525872919,0.785074295679504,0.116080908879558,1,-1.10837545729333,0.734741865592555,0.612562923580287,0.175551496889809,0.634851437852892,0.256416449789648,0.352172892775498,0.257131648935781,1.67964526272778,1000.00031734737,0.693147180559945,1000
0.227609666710045,0.173826432570735,0.087237154538694,0.128605255885982,0.780610072430273,0.168074593970817,1,0.496436009875953,0.638124624950512,0.575082540219451,0.226781923159771,0.854441840356498,0.400940799668993,-0.176797580105591,0.475801065783022,0.349540231200243,0.476965606391648,1.88795703800078,1000.0000000295
-0.184331022880594,0.218276463605106,0.126473505094379,0.169774775124774,0.770873692854749,0.184356344549074,1,-0.251930214191602,0.746952957603358,0.529122005323222,0.221214897301067,0.906799237687007,0.386514934615022,2.31209933037427,1000.00001917043,0.693147180559945,1000,0.693147180559945,1000
-0.115947554658879,0.20317412685921,0.00954670194125573,0.11899093900785,0.903290728949494,0.0800075057152784,1,-0.874959537074076,1.11856537388257,0.863365060635409,0.242284710579022,0.984167129673123,0.374777712379248,-21.4218583873614,1000,2.31947707241206,1000,0.693147180559945,1000
-0.169385168436942,0.303753665997338,0.167948415150494,0.286471864855598,0.926142351009946,0.0586248312158257,3,0.244514183115359,1.32737061874233,0.377584024312665,0.34781788653895,0.664537511242168,0.286472325450074,2.9475951445174,1000.00002210862,0.693147180559945,1000,0.693147180559945,1000
0.0535844285965983,0.196208578020287,0.0988480377054148,0.137239437315105,0.88960012359662,0.076091571074178,3,-0.715496832019127,0.875787504792983,0.812526852470353,0.188785614833097,0.514785190883091,0.375375548668719,3.15136018093876,1000.00029528633,0.693147180559945,1000,0.693147180559945,1000
0.0601305943044668,0.291449101445325,5.58779935907109e-14,0.00047277106192888,0.94478148393839,0.0512156709015303,1,0.184136691863422,1.31280206435749,1.02427660800425,0.364198584642144,0.837498826061386,0.534061651448679,0.586676186154583,0.484302237708251,1.91001586480838,1000.00026516684,0.693147180559945,1000
0.0335748433372613,0.216551721028761,1.92044252533984e-13,0.000876464895300265,0.905356517422308,0.0678980942477483,1,0.323199536422365,1.09109835608909,0.505200889201566,0.260054412107212,0.7080090680015,0.184074817684407,2.14848880838274,1000.00000017413,0.693147180559945,1000,0.693147180559945,1000
0.113475752050052,0.19645896790397,1.02600903940139e-14,0.000202584462408689,0.795397523305295,0.102005280238468,1,0.786869999816222,0.84195137507239,0.548300191280169,0.242842391101778,0.681005419130608,0.248022202836402,1.91147210713647,1000.00000381253,0.693147180559945,1000,0.693147180559945,1000
-0.0226160121596687,0.198478486025599,8.29277275203959e-13,0.00182148981376646,0.838516529798937,0.08287998922082,1,-0.139176135670115,0.870002367821283,0.503751939857405,0.196843685052661,0.820416738532068,0.266655899776337,1.89327274280698,1000.00002702974,0.693147180559945,1000,0.693147180559945,1000
-0.407367947853958,0.347446469768769,0.352700038543859,0.474704316874531,0.83089314689753,0.178827187776383,1,-1.3107944425699,1.04316166594087,0.546368302031434,0.375142760533112,1.28496443062122,0.447635353745773,0.169166721623139,0.330542144520213,1.77873546525786,1000.00000043608,0.693147180559945,1000
0.322658476314905,0.192904285046249,3.49358920899029e-15,0.000118213226655113,0.870422228991073,0.0932409850855079,1,1.98329706545757,1.05535037659094,0.1330599076854,0.393430578230353,0.0414140392975985,0.306338394251273,0.627213796524803,0.370624990087899,1.9530308250753,1000.0000268432,0.693147180559945,1000
0.216993800102109,0.205020519312071,1.07462189858064e-11,0.00655651035918846,0.918813147512598,0.0478287541025169,1,0.674702202797628,1.01901913343975,0.287454213631381,0.313611608225214,1.34017729796122,0.221873466114754,2.14694796404921,1000.00000038821,0.693147180559945,1000,0.693147180559945,1000
-0.45867911343938,0.181287256536894,0.230371862467588,0.177676228653093,0.20191759511512,0.841144170711937,1,-1.86753794031133,0.630320463638559,0.313147590441986,0.296231841979167,0.970668201991151,0.150421232362166,-0.462929170951598,1.08212483682274,1.900842607273,1000.00000087742,0.693147180559945,1000
-0.0109262364570251,0.178519381502978,0.0688276594527222,0.112131086096647,0.794474637391401,0.191522528666656,1,-0.396377100561443,0.788828170329377,0.710442828138563,0.194912230381244,0.658854721612404,0.38531942813121,2.56700026427517,1000.00000817929,0.693147180559945,1000,0.693147180559945,1000
-0.219227165941951,0.243319298346384,0.050042021784694,0.229653106619665,0.934718107137226,0.0437285719010984,1,-1.08658151270358,1.41649673403677,0.924280921068006,0.282534491527608,0.804754015742677,0.413593532432205,1.04872849741191,0.516521463683178,-16.6729022239563,1000.00000002288,9.66228054257498,1000
0.477004127738223,0.259562280617438,8.74837857536282e-16,5.91553177551274e-05,0.964426762943839,0.0210631551176729,1,3.0184124634561,1.73724597435923,0.844919484850907,0.290945663824871,0.85007509291976,0.355926309163499,0.458060450539181,0.368108208567599,2.0638715643145,1000.00002731967,0.693147180559945,1000
-0.298701078889032,0.242065818959851,0.0331984792308395,0.116323111144786,0.904336941588618,0.0780280244899956,1,-1.8700825543648,1.26997632369632,0.622501650098522,0.386433561080106,0.885911037200477,0.157178908994709,-0.105002166564688,0.42199437307615,1.94766929585908,1000.00009226466,0.693147180559945,1000
0.0763213933466792,0.156060874264299,0.0932849623621667,0.0697791515753159,0.623398196236756,0.267979812487904,1,-0.91410426013008,0.675156813764887,0.723945363983048,0.206661365938623,0.831036107361642,0.231311579378193,0.685104059583293,0.275155933805763,1.77898529769992,1000.00012115027,0.693147180559945,1000
0.286010939991458,0.127044631303602,6.5026043302934e-18,5.10004091522639e-06,0.92274206852048,0.0320337245957321,1,-0.0742623167198363,0.692171851972837,0.661722814038242,0.224994187938068,0.75839433873684,0.240141905721126,0.477831902775097,0.360156581767674,0.776065004212498,0.491007260082505,2.10946561268191,1000.00000079465
0.0932003984369311,0.167954032107876,1.81852781598741e-09,0.106110107444001,0.924272634015317,0.0318397553075588,3,0.791374365182722,0.955698151701119,0.225964936054091,0.300865989855027,0.920712495908885,0.227966304163429,-15.280390371346,1000.00000671875,7.35954336880082,1012.81076011162,0.693147180559945,1000
-0.264547430360069,0.388140381472898,0.612077217645408,0.518951743394641,0.520094200265262,1.37633788964782,1,-0.358340969579057,1.16890383145013,0.948192426524501,0.295282566912844,0.476940488920333,0.528921217254344,-0.18452805185997,0.880298352863324,1.48073691092493,0.738624423142037,1.32382372044328,0.485568777543349
-0.183406632836155,0.266897416515385,0.429906682711868,0.357208168881618,0.732426033675484,0.311580909234595,3,-0.661799129460558,0.748337911389607,1.28006468087511,0.230865983014897,-0.908917493053051,0.978332740709612,3.47814745915235,1000.00004331606,0.693147180559945,1000,0.693147180559945,1000
0.134582295523785,0.226941940133851,0.059964665251889,0.120368798922247,0.841380022680705,0.109332130200462,1,-0.445566253964392,1.14927165170076,0.627940196046299,0.176655012610606,0.525693075396447,0.402784458958013,0.695250190478044,0.273194585006801,0.246754895971222,0.715665237971619,1.87906619902635,1000.00011856943
0.159369235675768,0.180283840645071,0.0698959971044226,0.115314658885583,0.929365563790815,0.0504317663226551,3,0.774926134701305,0.923590699044443,0.965357823871659,0.21504317695434,-0.123832153701803,0.626936084591483,0.444138028653719,0.473539645868751,2.78856304277356,1000.0007576369,0.693147180559945,1000
-0.128596889247185,0.333324861689916,0.0190113142617153,0.223059870352574,0.919109005819235,0.0538722383154995,1,0.798419891889141,1.41806961716558,0.370427338865779,0.397954737222252,1.11186650529592,0.258472857029637,1.97591944515017,1000.00000013203,0.693147180559945,1000,0.693147180559945,1000
-0.0330934804440281,0.219628063072302,0.00848007251763127,0.116673940296427,0.911998640454255,0.0589951133214567,1,0.610783942257289,1.13531871705998,0.798811534515582,0.217193203171587,0.35839877990144,0.455657172795801,2.41802404505217,1000.00010098303,0.693147180559945,1000,0.693147180559945,1000
0.364943136403949,0.112536084985845,1.25362027667355e-13,0.000708180446714404,0.77246852080464,0.0982100079913225,1,1.41103761114516,0.539762829401317,0.529110851342146,0.186304232486138,0.262354072615958,0.284051984827692,0.263081425307792,0.466346358056162,1.85112601854139,1000.00000066205,0.693147180559945,1000
0.053780007397582,0.16116955960697,2.86439526258225e-11,0.0107185361291932,0.83947156689921,0.0736494122628364,3,0.403330203793275,0.784145981443617,0.279530273734464,0.248409438377261,0.833844392921449,0.392502675462368,2.26103073615441,1000.00073932457,0.693147180559945,1000,0.693147180559945,1000
-0.0730844427662035,0.314337931485545,1.15411212294944e-12,0.00214859234586701,0.963887223380356,0.0247766986196629,1,2.27186032889591,1.80732741308323,0.333496708090153,0.48186012570362,0.804975375732813,0.56626255992326,2.8326596577073,1000.00083496064,0.693147180559945,1000,0.693147180559945,1000
0.115704780384721,0.170682634186446,0.0189115330097593,0.106058519331503,0.907434178234705,0.0567236890699337,3,1.2388167907171,1.08437246738481,0.224918751403045,0.324129533661603,0.569311482445985,0.261731194219037,0.168346864671033,0.937067224008581,2.35067012423578,1000.00024999205,0.693147180559945,1000
0.27372085313261,0.173385172625357,2.85023393852783e-13,0.00106777635502782,0.921776103018461,0.033759520370458,1,-0.312087571449957,0.832972088242922,1.07477670420267,0.139561437574304,0.661816741086091,0.244666674907535,0.826223175823798,0.459431565468296,2.42919508767575,1000.00034792728,0.693147180559945,1000
-0.154852158428582,0.302831869026516,0.301749820438289,0.320973766418138,0.837853455711371,0.200137196100332,1,-2.02128642421561,1.59169778819254,0.917404130065341,0.364447788157976,1.23155326562227,0.32545497658479,3.1668617196193,1000.00003330421,0.693147180559945,1000,0.693147180559945,1000
0.0954668787145147,0.238318516753518,1.28522543351983e-13,0.000717001524463872,0.978229059706698,0.0184975982495362,1,1.54754085070439,1.71647529126109,0.30465527422534,0.367430521249924,0.796466567234197,0.217623323233354,0.734637873358289,0.827664155462004,4.38390805915661,1000.00038039238,0.693147180559945,1000
0.0491340871817885,0.227383050903906,0.135348316277122,0.180889788505539,0.906786212273323,0.0930401192664371,1,-0.160674150087905,0.873097062683513,1.02374275361057,0.180489060540692,0.141944447216706,0.452144996293223,0.881379104664213,0.26960596292615,1.86032691576132,1000.00001801644,0.693147180559945,1000
-0.21859980319339,0.330624141168139,0.00108758533424859,0.190341122354599,0.950804537377356,0.0307820710192993,3,-0.616168236103127,1.71517366219307,0.495468255942656,0.349008516932889,0.927329222230876,0.257373378589848,0.620803369207434,0.590328271806104,2.71820966662541,1000.00024120361,0.693147180559945,1000
0.195719523186558,0.22172763498172,9.01308985750882e-12,0.00601022010880626,0.932832548982801,0.0378724060003081,1,0.928381796953276,1.15583603289693,0.52902120742095,0.254519390926006,0.189378105867226,0.417966150288412,1.2723040826723,0.398949110025342,-17.1911309061577,1000.000000001,7.27322467085926,1000
0.0650564845457972,0.159541461287997,3.3554198165371e-13,0.00115860675439354,0.898712758058919,0.0491199556965305,1,-0.0545423511663305,0.906922639115746,0.747909540348136,0.259134772678795,0.11197235932424,0.290588813071574,0.715399086909586,0.313816801255768,-0.251734656970096,0.93501746773608,2.2049386835589,1000
-0.0280599893476018,0.130622280101102,1.38597632904573e-14,0.000235455911629028,0.863393243190489,0.0678986657445372,1,-0.0986329523857253,0.7489905607238,0.553415630916358,0.283856094201273,0.329373785460067,0.246521013686611,0.377924360644369,0.388707280233367,1.940780083605,1000.00001515233,0.693147180559945,1000
0.219036401019614,0.169708361304174,1.36378132996535e-14,0.000233562404937069,0.768178853004297,0.127171854758381,1,0.856464119066135,0.793981101073446,0.485203513826524,0.290333177600578,0.738180496055866,0.201322955474817,1.79986256914338,1000.00000123825,0.693147180559945,1000,0.693147180559945,1000
-0.0739936307999538,0.281630702933357,1.70807653325155e-12,0.00261390097848722,0.952607486120094,0.0333211849333992,1,-0.736849563012143,1.35531030694224,1.2421987909514,0.349358699608863,0.469052985769387,0.40917877559977,2.77041995781982,1000.00001289561,0.693147180559945,1000,0.693147180559945,1000
0.0261843489745776,0.181281604764284,0.13624151564659,0.12805950053776,0.843852062428503,0.137988752691957,1,-0.422433555008339,0.853188089501666,0.543365942148117,0.211681484923376,0.356449699136529,0.335967917302228,0.840450326673858,0.178177789744672,1.87997237273546,1000.00017412862,0.693147180559945,1000
-0.0427123890986585,0.162538744274746,3.8183461309204e-13,0.00123593576922089,0.811585976717509,0.105351845922646,1,0.916433590803522,0.834689786262345,0.731978955275212,0.231638548768185,2.21349020645592,1000.00001610083,0.693147180559945,1000,0.693147180559945,1000,0.693147180559945,1000
0.115637489780729,0.131332147776708,0.0108673087831551,0.0409048008734286,0.806146141925425,0.105489755319697,1,-0.903131463288104,0.744876052547296,0.385489265243572,0.159230119457316,0.927564568794342,0.224860681640129,0.0500053466406066,0.381992460846682,2.41455735436206,1000.00003074251,0.693147180559945,1000
-0.191328810384818,0.191278717318027,0.0696996580791392,0.107218951356368,0.76774006173639,0.185131589579287,3,-0.702973205838534,0.699189996968361,0.525659249592592,0.224251414927487,0.741513265044682,0.371918771780728,2.18481343679478,1000.00055569272,0.693147180559945,1000,0.693147180559945,1000
0.200926866325477,0.181047742025851,6.24647039955355e-13,0.00158071132035555,0.945603996375721,0.0315850980492639,1,-0.11453278059214,1.02135856088495,1.00527327934414,0.302210878353519,0.451554117307502,0.337419929772486,0.561600399894205,0.265430201601013,2.53449803779924,1000.00675379353,0.693147180559945,1000
-0.0529581143585832,0.25658465445535,5.23824175184755e-12,0.00457765449941344,0.961343138977794,0.027723573981139,2,1.5219573658583,1.76928881989712,1.58392335105984,0.353220939566759,2.77803270111898,1000.00012310889,0.693147180559945,1000,0.693147180559945,1000,0.693147180559945,1000
-0.164635382511119,0.182308267405819,0.0406163568704024,0.0766589506763961,0.880439911839094,0.0893743801226369,2,-0.926672861843885,0.955536885997824,0.59048326857274,0.27857244725675,0.634926365170072,0.235671750827784,2.70386906621846,1000.00118609816,0.693147180559945,1000,0.693147180559945,1000
0.389546735484541,0.288614170483775,0.263168210570569,0.233031072239752,-0.134798362954309,0.598892104718008,1,1.51403137688651,0.880021525964092,0.979226680535201,0.293328141805851,0.845172260780055,0.550496218003872,0.545846072003573,0.262483555291956,1.88086968100292,1000.00037297641,0.693147180559945,1000
0.293390511118302,0.191514531314873,0.0391972149939946,0.0939070768249759,0.778012171902016,0.226174898406925,1,0.779117211085656,0.80578159204943,0.39016275987701,0.254640838879255,0.647066978763203,0.249809677912048,2.54750688483989,1000.00006027551,0.693147180559945,1000,0.693147180559945,1000
0.195054525866863,0.120623507217281,4.89975477829199e-13,0.00140072062822444,0.720377427735865,0.123444369257243,1,1.17767086489076,0.548694531749786,0.549976781742977,0.206068453982534,2.00870249242374,1000.00100592009,0.693147180559945,1000,0.693147180559945,1000,0.693147180559945,1000
0.0828867738952257,0.314973282815682,0.516397217485654,0.49600938798074,-0.23758183661216,0.728098474402265,1,1.12126176467786,1.18577522226196,1.46102252289636,0.477418041656459,1.08261769461727,0.340236275250022,0.514446251465172,1.24810784800462,2.46582757554233,1000.0000016267,0.693147180559945,1000
-0.0579067524071343,0.215924596609538,0.0904412030021092,0.172860190507516,0.927113716102047,0.067117202501406,1,-0.885832403307992,1.20571733093073,0.862127518654803,0.230977905373825,1.17982649419711,0.253734868822286,0.568300717729486,0.45841504849554,1.86133329294952,1000.00000032417,0.693147180559945,1000
-0.0657429951421027,0.485975367966311,0.467681969820669,0.714245327922537,0.968130093644508,0.0378484497861222,3,-0.174842547125366,1.96006256928672,0.704438325616632,0.388479546740459,1.57654370484671,0.388657614954353,4.39947034629129,1000.00014979216,0.693147180559945,1000,0.693147180559945,1000
-0.745157654717462,0.305540378088574,0.417844845350862,0.348858293418565,0.465894288852601,1.26865846161426,1,-2.96634985462136,0.99511581185247,0.643946376429354,0.275987856890753,1.07742387458753,0.477531401083247,-13.1226056832141,1000.00017909361,0.912597439733541,0.236960285877047,6.56036592485933,1000
0.193692065250952,0.18781761021293,2.8891161080539e-14,0.000339949297601937,0.884414820737782,0.0594436109036726,1,0.436576568573859,0.897139118870103,0.733885699827867,0.266156143469382,0.434795275706631,0.215470824767185,0.644241741036944,0.489099937486466,1.79556602507966,1000.00000013727,0.693147180559945,1000
-0.333855023574424,0.350615910873755,0.575088925770224,0.378796531173228,0.12686277647273,1.11777299099271,1,-2.15200442289013,1.18971848440023,0.704566460526474,0.343386573235609,0.792207105005795,0.295813046430322,4.39053671380419,1000.00083615312,0.693147180559945,1000,0.693147180559945,1000
-0.0830610211424149,0.20142068277061,2.07869932209139e-11,0.00912875501620379,0.936228734877518,0.041462049915713,2,0.907881262133675,1.08470597450766,1.15334430226148,0.420337051217653,-0.279172689907293,0.359084399839502,2.51056034601979,1000.00059648714,0.693147180559945,1000,0.693147180559945,1000
0.354150731338781,0.164937728848085,7.77864440827699e-15,0.000176393307974219,0.919204590754614,0.0425530014476911,1,1.06004941925994,0.99506005120701,0.747210817289615,0.249445213866903,1.07642090893409,0.26646184842349,2.54316565165722,1000.0002506474,0.693147180559945,1000,0.693147180559945,1000
0.107623698968635,0.148607908444295,5.96448706606278e-14,0.00048845093975858,0.798018651608507,0.105029454867022,1,-0.0542818634417286,0.739048343136345,0.773147065134984,0.191835188633437,0.543700470058022,0.281404135503866,1.69733894216459,1000.00106505722,0.693147180559945,1000,0.693147180559945,1000
-0.0270448070255259,0.168835502052496,1.70602344173592e-14,0.000261230971571407,0.834839856344271,0.0887845870728569,1,-0.798580879986959,0.662804495219555,0.496742236748529,0.265965289684058,0.299806032128733,0.277217645455383,0.306265708305389,0.428883938367139,2.03172351945371,1000.0014946052,0.693147180559945,1000
0.219238765655543,0.120242885779605,0.00808579314304904,0.0496443390707114,0.796237262570563,0.115284100190347,1,0.415211322520365,0.659543572229912,0.380903647076774,0.2254422801108,0.414547956462976,0.334824790952237,0.120364703984811,0.364458112429739,2.0315852121719,1000.00000021679,0.693147180559945,1000
-0.0204236128306811,0.144011236681358,8.85365656577786e-14,0.000595106612711632,0.780668543493839,0.108870129151749,1,-0.0964130838446996,0.650188277049429,0.0690107810242037,0.279910722361934,0.569900328672713,0.237120167195316,2.08984945848029,1000.00088618924,0.693147180559945,1000,0.693147180559945,1000
0.0555209576875753,0.157724823409873,0.0344687910478576,0.0900180200108282,0.933211600604386,0.0510758715709825,1,-0.806120034527995,0.940437045428118,0.89734094227032,0.335282261078392,0.836820742987172,0.260288479944137,0.208145038734675,0.571211562606602,2.16076657156567,1000.00000005872,0.693147180559945,1000
0.179139632048477,0.191002054029395,2.54729725170725e-12,0.0031923755906677,0.920351484103234,0.0442106955089578,1,1.438101267205,1.1376285751465,0.219755895673729,0.285331215222984,0.82562768286413,0.245297181104568,0.64492740708977,0.379197399895974,1.81008343915133,1000.00004687838,0.693147180559945,1000
-0.506296866655213,0.363119434710555,0.222253943281029,0.20819751360615,0.25367027934223,1.24861756344502,1,-1.07029858770832,1.09263660813139,0.558979305339567,0.262375208446286,0.498731645983107,0.531419767673153,0.654916139379377,0.374112413717424,1.88212770168682,1000.00000373946,0.693147180559945,1000
-0.492710916229577,0.272174772567392,6.10285685191861e-12,0.00494086502486066,0.965600835011241,0.0292351605187483,1,-0.807645431055644,1.42802095293711,1.15609259736897,0.364349555777324,0.521299494303461,0.86410986228283,4.23038065279659,1000.00036495557,0.693147180559945,1000,0.693147180559945,1000
-0.0334503126190929,0.290397366406615,0.138959890542138,0.233903984523316,0.903467903059621,0.0995330271041624,1,0.00788466614602904,1.02442354518218,1.14735680166678,0.298684371202716,0.447605277118745,0.429613466539131,-0.0786321055035176,1.40497151943628,2.78800823553214,1000.0000102826,0.693147180559945,1000
-0.128199133989787,0.247136379991845,0.169103394464874,0.18079186740437,0.871201909938173,0.119025728907508,1,-0.225934031548328,0.974507924769116,0.983779746227622,0.257760404309815,-0.140230941064529,0.63621960236474,0.638925044670583,0.248897624407621,1.87757108599022,1000.06514215456,0.693147180559945,1000
-0.0843323104471632,0.259796926801573,0.248626217418658,0.191813818897216,0.831703035210264,0.209814753381672,1,-0.59261826120264,1.15625540119334,0.853465956138978,0.236919035058552,0.330653289000945,0.348813888378073,0.501397605958682,0.292897612984337,3.1865960478121,1000.00003828234,0.693147180559945,1000
0.0371877957265277,0.236437721981055,0.0348589847298204,0.153873093320906,0.959009516679399,0.0260635186808002,3,-0.482517640020624,1.46336264695937,0.977777151641845,0.301821241233301,0.664579853717929,0.309206203517109,0.471767299674299,0.372575795762452,0.632913356709395,0.898406540046747,2.72857047230416,1000.00022684264
-0.0984879421807822,0.301602487614628,1.01267988713224e-13,0.000636452872974549,0.96324601814422,0.0330249604526069,1,1.58334832540023,1.71370199608277,0.845994034807402,0.544759008935839,4.30514480502869,1000.00025170001,0.693147180559945,1000,0.693147180559945,1000,0.693147180559945,1000
0.144882026274096,0.185296406952642,8.70111273658786e-11,0.0186742845736169,0.938190590952813,0.0299514392866598,3,0.110702676102859,0.908167390708732,0.66141097496583,0.208910622410259,0.529580051288268,0.293412703430288,2.77680851488739,1000.00000834456,0.693147180559945,1000,0.693147180559945,1000
0.178601687457942,0.297887050173658,0.295956648025423,0.364616060171962,0.908952714291109,0.0863397791617833,1,-0.256501615298779,1.06751514827378,1.01572554375867,0.269266582854966,1.1200489852586,0.355075318794951,-0.0658570765763506,0.759753769069092,1.95120820570758,1000.00010225285,0.693147180559945,1000
-0.177674130047364,0.162380799130136,2.36951677782629e-14,0.000307865526875107,0.84714338794341,0.0734501078765968,1,-0.867868715559599,0.779054358985163,0.403176894999848,0.217782105322109,0.885245429652832,0.35222134102632,0.244172702598306,0.110691343186433,1.98169641152776,1000.00000046905,0.693147180559945,1000
0.144211376397968,0.222491567085899,0.0779866366520536,0.193337925612545,0.888462609119848,0.119921265314972,1,0.0930204470516729,0.950991940160311,0.779485983369021,0.232014497354176,0.709615557511416,0.53045218384109,0.617092084128911,0.522173902975743,2.56945513653874,1000.00237683189,0.693147180559945,1000
0.0457459920708187,0.272113375450786,0.122021864173072,0.216968274563392,0.914094772244443,0.088840340941617,1,0.0860152277150064,1.19821667084705,0.709255392791997,0.36828033215657,0.671410761539922,0.269988114774113,1.2574801617622,0.54706655265243,2.30415984049684,1000.0000041669,0.693147180559945,1000
0.183420724003676,0.2495996844473,1.59747876168432e-11,0.00799480595035812,0.94904031338078,0.0262493633389919,1,1.72692344365617,1.16772024449419,1.06051087546246,0.286747077263355,0.440908166950079,0.546660098862356,2.76124932227594,1000.00005684478,0.693147180559945,1000,0.693147180559945,1000
0.108761054915043,0.239799734209745,4.32389301039708e-13,0.00131513221318756,0.911714203601722,0.0573923424666421,1,0.0129977483563456,1.26425802371223,0.589707928820769,0.254828401639586,0.680190847221015,0.272761214576082,3.11872096635261,1000.00001592495,0.693147180559945,1000,0.693147180559945,1000
-0.293327304255937,0.324450799110099,2.16124144261434e-14,0.000294023245233359,0.982668108471516,0.0119334358759105,3,-0.436928513910733,2.06726809690292,1.32506092860529,0.409877948221948,1.25302764160936,0.275675523849603,0.061459459908569,1.42071069236429,3.21981371597862,1000.00001688197,0.693147180559945,1000
-0.29583235642616,0.193692582016995,6.94053716984325e-15,0.000166619791930518,0.904904868946359,0.0807556321688817,1,0.00917764626904361,1.1446452655423,0.406586659980709,0.31107436308407,1.06914504976495,0.384021154523309,1.78199004108807,1000.00000026813,0.693147180559945,1000,0.693147180559945,1000
0.126726005502518,0.153834619018012,3.91616425188407e-15,0.000125158543974212,0.895507339456325,0.0607133265777988,1,0.762034402138874,0.668461165850763,0.774551352863561,0.312594583796432,0.690677598875127,0.255557754965332,1.8872583467312,1000.00000784097,0.693147180559945,1000,0.693147180559945,1000
-0.138242695570145,0.124589531236128,9.45049686798236e-13,0.0019445097714951,0.675887344088563,0.174964496051244,1,-1.38464053384129,0.649512493842303,0.466859702667733,0.19392250787389,0.683499519527974,0.231209077501955,0.0668509596029938,0.478679708434841,1.72633875067168,1000.00000023296,0.693147180559945,1000
-0.251975764814137,0.317996114511904,0.175971243776573,0.261583153727545,0.870068476244601,0.139458069699698,1,-1.23842631534942,1.30912434141187,0.952384884748451,0.328290617102897,0.942535980461877,0.206520958037583,-0.382161645814009,1.08849796514971,2.06275953067471,1000.00000068325,0.693147180559945,1000
0.0317521521493875,0.217505105296947,2.79855519902388e-13,0.00105803939861795,0.933655123857841,0.0340920320135623,1,0.9118786463559,1.21712349728059,0.676675503116724,0.223018805500125,-0.0926831812671324,0.781638439623763,0.767381423848566,0.365243038062253,2.04366330602343,1000.00000000331,0.693147180559945,1000
0.545133365673476,0.225728846419313,0.179893130001872,0.183663029457054,0.828150504763102,0.178312079614168,1,2.16715293373324,0.83762578187157,0.56973629247406,0.232935031872094,0.904537529026894,0.280741184298135,0.72961547860056,0.545891997265545,0.920919351818006,0.571985525928009,2.79844566786562,1000.0000788715
-0.114536311579857,0.167676369954586,0.0313198035201667,0.0747422153478301,0.903018243100214,0.0706156996058244,3,-0.943695970338282,1.04478243260407,0.79477117954135,0.258909366477245,0.686868851838439,0.30610107143445,0.113940350014666,0.48117809616427,2.5866782019389,1000.00002590154,0.693147180559945,1000
-0.0682513420921035,0.165620935288581,0.0966399231552073,0.0953471185842409,0.367906690858999,0.624016009107679,1,-0.534024656394518,0.662569126657036,0.501427391737168,0.211089559452582,0.434064152675922,0.375997837510692,0.467721923973089,0.600079357866843,1.96771143677249,1000.00030747837,0.693147180559945,1000
0.223696545609384,0.263883028563716,0.339317844695389,0.384257973084887,0.854945244479077,0.163833884160097,2,0.865259943186205,0.947976679477534,0.187781674860105,0.335704514944327,0.835893199830839,0.378798259735704,3.10731414690195,1000.09959736946,0.693147180559945,1000,0.693147180559945,1000
-0.402956101624207,0.256904303860628,0.0172288845298443,0.101040816298306,0.906179870609016,0.0834299861277554,3,-1.26495351688121,1.32069115173376,0.38143031196138,0.250975556721624,0.717922986920893,0.466066654140626,0.027245904668334,0.959410573458003,2.3685420824577,1000.00048647973,0.693147180559945,1000
0.276091283857377,0.171350641286424,0.0279706989776816,0.112508907450485,0.906497815965212,0.0745618001711487,3,1.32103297512355,0.954388870411478,0.625197230818685,0.279181816872695,1.10196055265837,0.529337055508781,2.50805354990132,1000.00004983078,0.693147180559945,1000,0.693147180559945,1000
-0.291172884119975,0.365083942229094,0.174594076683659,0.257288226565754,0.93899051062089,0.0635952346948105,1,-0.925239904304315,1.78130455525202,0.936064103068966,0.392831305624376,0.784976496444934,0.311555150171181,0.73660589686212,0.244285514149646,-0.143381927847515,0.850257664270741,2.11567202877565,1000.00000079958
-0.0763793262253539,0.251844235287005,0.0193142711250884,0.0902302945534421,0.849612041218102,0.133643857614315,1,0.359265658972227,1.07459971122469,0.473541047965066,0.350012772880454,0.629066186810451,0.349768145794858,-0.0339769189414471,0.366980485528906,1.62389268927969,1000.00487771806,0.693147180559945,1000
-0.445090530379978,0.233436116967911,0.104255593983466,0.172389723708462,0.722320773412534,0.256573845859632,1,-1.4854865982783,0.826750283818747,0.545811620754218,0.254104219085228,0.859592999505539,0.275759862518418,2.08256384987529,1000.00000097697,0.693147180559945,1000,0.693147180559945,1000
-0.0534992693515424,0.221057017584271,1.76995419622985e-12,0.00266084940070166,0.95374231604928,0.0284394924720401,1,-1.22002404617317,1.5785047146432,0.758174838917553,0.396206149006549,0.542841317501499,0.36282607964648,0.611453230340891,0.305056574535998,2.77757486701205,1000.0000515343,0.693147180559945,1000
-0.160524700549878,0.197292792742845,3.65874074749092e-13,0.00120976104758599,0.933705875006768,0.0369758915940894,3,-0.743451448350856,1.1278363012267,1.02999327583979,0.2488513430722,0.392422196576701,0.660217250623246,2.53687726308597,1000.00016255344,0.693147180559945,1000,0.693147180559945,1000
0.0452298900109325,0.219091118838225,0.148788546107106,0.120203817779626,0.472056932214284,0.719162219395987,1,0.565556566608231,0.919429142072688,0.75391268994508,0.202712771041347,0.230700773499711,0.519768578173265,-0.423854100715632,1.17063876192428,0.606483342856626,0.239006818690055,2.03407024786789,1000.00002080392
0.379359648727735,0.212894570555837,1.51614743417211e-10,0.0250337190828291,0.905353337865236,0.0574967569333424,3,2.20582516617772,1.02183505811828,0.394270402160617,0.324178804986322,0.760687148635698,0.465876342348315,2.31111950900574,1000.00014769869,0.693147180559945,1000,0.693147180559945,1000
0.122187909552704,0.221000170625925,0.2288042927427,0.220401072257284,0.789595776342059,0.185296154145241,1,0.176532448707184,0.740385655207667,0.344451128977908,0.204678990632513,0.421989706181229,0.219655856271914,0.658284748067144,0.314471029659805,1.95860753308071,1000.00197803479,0.693147180559945,1000
0.170910773476199,0.386432306620198,0.677109846266695,0.667457213839679,0.700107653833186,0.990522209857087,1,0.368988854622724,1.24838152575122,0.341864799167153,0.794573387985588,0.688740803764815,0.30104787780709,1.24542650777851,0.778459284653276,0.913299656995735,0.926500024644974,3.45013871379667,1000.0000055843
-0.173130779158234,0.338760593903141,0.658924341445901,0.49330018727286,0.681466753629413,1.01239582393813,3,-0.500719528830036,1.07832181663495,1.01107785524258,0.251387957516084,0.565758585435001,0.466417548264983,0.808893662452188,0.561374079637862,5.70981415862782,1000.00308870262,0.693147180559945,1000
0.0847522462882922,0.251830946411322,0.181769735139892,0.208944216019473,0.846205858515964,0.154358775975195,1,-0.00588131544482025,1.02127301239382,0.365434219795338,0.207144744615518,0.616034825544584,0.276222206356515,1.35321815298492,0.432595565966459,2.41019888521144,1000.00000000043,0.693147180559945,1000
0.16705443256545,0.205552936828466,0.0196200840178061,0.122115015350649,0.877782391160779,0.0845290395825389,1,1.24616068264765,0.935677994092303,1.0872562452252,0.310568641035144,-0.269225187292542,0.705891288293098,0.503416902443899,0.327377181640938,1.95387117849967,1000.00000119763,0.693147180559945,1000
-0.026516968692819,0.156488571138709,2.57538225015317e-10,0.0348177259152167,0.927543563503977,0.0294491307852174,2,-1.38199370005401,0.99133039009851,1.15629958922054,0.237675745256541,0.331185222368146,0.277115922469527,2.51681497321415,1000.00028560715,0.693147180559945,1000,0.693147180559945,1000
-0.223816019267434,0.19089904078539,9.60710546762125e-14,0.000619910390791623,0.783648071394408,0.0955660003867265,1,-0.645944491852544,0.81511936938323,0.501837270660252,0.19868123028627,0.270293915037728,0.343767140549487,1.82664220959667,1000.00000064428,0.693147180559945,1000,0.693147180559945,1000
-0.0409066383975821,0.286875553930817,1.11064199688237e-11,0.0066654501831566,0.930559024470313,0.031825468630487,3,-0.779365343294704,1.06517066939527,0.768615767949426,0.244214320472908,0.891341068165417,0.314155489083559,2.50907668972681,1000.0001692403,0.693147180559945,1000,0.693147180559945,1000
-0.17034197749623,0.205022460981977,4.61954932981691e-11,0.0136003808090072,0.913216131432403,0.051966203656026,1,-1.28858480986705,1.12274551231861,1.0399969628913,0.227489627026265,1.00047987812777,0.350367827687925,1.98588995719006,1000.00000058449,0.693147180559945,1000,0.693147180559945,1000
-0.141751427262729,0.35574196153026,1.29775971554e-12,0.00227844748257612,0.909170056618845,0.0437136160880422,3,0.204167781811079,1.38927093195349,0.921937422417747,0.185361903842774,0.358715732225357,0.566679946695753,2.37230578148425,1000.00004446738,0.693147180559945,1000,0.693147180559945,1000
-0.317535604901229,0.222954073969764,0.173095516645294,0.147645228325667,0.85901074333795,0.114647319293931,1,-1.5726414353677,1.04949560787579,0.809691329935147,0.239744846628088,1.05157418201713,0.309364863769054,0.420895162897714,0.2409245272932,2.2467503839014,1000.0000024491,0.693147180559945,1000
-0.22920173765719,0.188426069842285,0.116304762838539,0.122767125734367,0.805559338535295,0.130078416513475,1,-1.09272724493454,0.871507552447192,0.817929324989974,0.235633917626242,0.499296638714617,0.235908317015471,0.705439273716542,0.292562667219738,2.0405706396902,1000.00001821674,0.693147180559945,1000
-0.151986289472209,0.146868564653851,2.06294041732091e-13,0.000908409693196633,0.911607514488764,0.0433414886670235,1,-0.264578510418419,0.779152239704005,0.81987341939044,0.244102219824858,0.905697168454994,0.270507891039624,1.86667070690898,1000.00000019927,0.693147180559945,1000,0.693147180559945,1000
0.167879953174965,0.244963295580023,0.000939802781077095,0.0822644319866023,0.923552632408614,0.0651940856256511,3,0.318255121376755,1.07123304448102,0.648429287165382,0.38329816706738,1.25495109827672,0.402929893679559,2.54981594880834,1000.00021378488,0.693147180559945,1000,0.693147180559945,1000
0.138329264850063,0.199939279593702,4.18938529751196e-14,0.000409361601073835,0.930279461055398,0.0340543745946402,3,1.11456944432337,1.19375077195744,1.0728256445933,0.150584906895133,-0.259543562031495,0.450416855811281,0.168373094911363,0.679822962499434,2.40744218382722,1000.00047814786,0.693147180559945,1000
-0.214267121440972,0.228736599194528,0.218636972461099,0.276676901416979,0.839646842168891,0.166444913511226,1,-0.439439881859933,1.03989892235641,0.750541470153694,0.296587853747684,0.633565508225365,0.431219246826142,0.703772083435879,0.330948764666689,1.94821201177974,1000.00099866723,0.693147180559945,1000
-0.168091042084407,0.199409418610366,0.0446852111462235,0.062968915582453,0.800644991707512,0.152208510912576,1,0.118822548857561,0.892961820706824,0.569917303158422,0.274299668758606,0.494298553101523,0.596799200578221,2.55959224414481,1000.00212129854,0.693147180559945,1000,0.693147180559945,1000
0.132075034743245,0.192077018124172,0.0705828878091057,0.139421877178957,0.901633040111947,0.107066399571904,1,0.644291557354924,0.981229325518759,0.329638916463725,0.307528130979122,1.01688457757497,0.237677699543828,0.233257899358454,0.708041134927466,2.6625267171789,1000.00029279067,0.693147180559945,1000
-0.283572488186551,0.221333313360232,1.56696658114708e-15,7.91698578031938e-05,0.886787373177949,0.0574369367662357,1,-1.07158402978402,0.999813284568588,0.973921078376112,0.187978864413071,0.922392780744188,0.369031145175446,1.93063123253132,1000.0000002405,0.693147180559945,1000,0.693147180559945,1000
0.0311286197707432,0.151279728714668,0.00957902309581153,0.104543734978998,0.940967410989903,0.0417334354624892,1,-0.0053761256572787,0.950131971477213,0.514341464126828,0.383714539791801,0.750975966475855,0.282370948385374,1.04518178083186,0.376321428461879,2.01362228434876,1000.00007122104,0.693147180559945,1000
-0.0257249654721364,0.214106041575082,3.10833401441936e-12,0.00352656302032863,0.900423589634812,0.0708217557888478,1,-0.27423342093619,0.937677095224015,0.649779313601755,0.392585742329025,0.562119010564857,0.304869454465144,2.40458219729385,1000.0001300315,0.693147180559945,1000,0.693147180559945,1000
0.0942391684443671,0.188088004529927,1.1507524282152e-12,0.00214565656888764,0.924707871300548,0.039673391615622,2,0.874848833591326,1.1646173985242,0.69898221244978,0.227512317482993,0.682623854169206,0.469669417442913,0.208626131784901,0.613679069614921,2.52572388993474,1000.0002849505,0.693147180559945,1000
-0.257611308697382,0.151506855670145,0.229351296471159,0.123521539280137,0.316040646875118,0.242323412295976,3,-2.13241060151716,0.502955555347063,0.678529894995606,0.183851312157878,0.912005150646896,0.193637787807713,2.58230874654807,1000.00001455154,0.693147180559945,1000,0.693147180559945,1000
-0.21493857734987,0.344542179664174,0.222958980603115,0.594898560443389,0.92618797251957,0.0607818276404368,1,0.280674798928794,1.22129941660165,0.657572728396046,0.356147149979998,0.668891385228487,0.548018980069823,3.22339213549237,1000.00047830655,0.693147180559945,1000,0.693147180559945,1000
0.0546569563760561,0.156918018370636,1.66369802299098e-10,0.0259537694257651,0.723547051677582,0.181108843544514,3,0.775665128938273,0.693060662277788,0.0400096322065273,0.247084176694027,2.15965545556138,1000.00002571526,0.693147180559945,1000,0.693147180559945,1000,0.693147180559945,1000
-0.327072750939763,0.278647992605725,5.25727232321733e-13,0.00145014541227387,0.975069021675287,0.0167825049598504,1,-0.376763797998157,1.59954818420499,1.04100807562053,0.255804488200118,1.05471314368116,0.54502962693844,1.16351112885872,0.434528371744369,1.94901550936478,1000.0000152068,0.693147180559945,1000
0.0960856963953588,0.456185979589757,1.00776667382055,0.796542160106921,0.574451497060918,1.17245129099018,1,0.775036067469573,1.21259005601392,0.557993923767117,0.269069511959797,0.696866791219625,0.449484901441418,1.2640698679074,0.440040804165721,3.49637810767995,1000.0285344115,0.693147180559945,1000
0.0344001642168921,0.188559650224529,0.0137028615034473,0.0907934129786015,0.8980796590076,0.0575521344965899,2,-0.897445253624411,1.05688766805932,0.840958005300492,0.24155329744714,0.681352159212413,0.265713558177319,2.52337757624169,1000.0001025551,0.693147180559945,1000,0.693147180559945,1000
0.141294818184765,0.176463444156718,2.2894049516747e-13,0.00095695886061785,0.905309049762363,0.0513925919998862,1,0.392864514030233,0.842464751044083,0.81008682833369,0.275678512376419,0.15649973907296,0.40067615529335,2.46129952460501,1000.00006004346,0.693147180559945,1000,0.693147180559945,1000
0.163866812731717,0.180871119403321,0.0208628870510721,0.09189669955918,0.915430825024781,0.0720278236969844,1,0.999405033305377,1.02474758405701,0.481139668704054,0.257506095160681,0.683600407285472,0.238479833952332,0.822360696288224,0.453281260344137,1.83083005586369,1000.00000119762,0.693147180559945,1000
-0.0346781828697814,0.175322436937885,0.0770783726347212,0.0650697989189357,0.153299193428026,0.550499217355835,1,0.362917948869689,0.736604115242039,0.718025725558056,0.227078784126078,0.3612441195341,0.609099076813315,1.87253938405866,1000.00010697886,0.693147180559945,1000,0.693147180559945,1000
0.286654568229818,0.202361070896018,4.43253309781433e-10,0.0422040660023557,0.918650075085497,0.0420370530811743,1,0.432428186274629,1.19416045821804,0.402644553515544,0.287106334094616,0.523108988745562,0.211303754205305,0.945134776240386,0.36470513782288,2.43769916579133,1000.00091948751,0.693147180559945,1000
-0.392440812146838,0.215237713929509,5.94588540472496e-12,0.00487724419320455,0.907784323055771,0.0515086470398249,1,-2.20642864170208,1.13757275980855,0.722557462053276,0.26853787784089,0.834350906686709,0.34626109764733,0.825863552298172,0.391516726712224,1.81900266596729,1000.0000867206,0.693147180559945,1000
0.109618257137703,0.186502751255061,0.0998231496728676,0.107967870728574,0.877122111622817,0.102655101846925,3,0.270098106250745,0.743086946385671,0.791485318475013,0.320629258700698,0.0602854082841652,0.346168664274638,2.77733618846661,1000.00008687314,0.693147180559945,1000,0.693147180559945,1000
0.362536532008878,0.252737353591586,1.17940224273927e-13,0.000686849875117231,0.947892368778105,0.0286971635663826,1,0.809216045323258,1.39528115930369,0.667256969845081,0.359273113568596,0.637375821187063,0.246624458067115,1.25476307801007,0.253687002842628,1.73484548793323,1000.00000491158,0.693147180559945,1000
0.198829052222305,0.257606864896557,0.266247123405299,0.191241456710764,-0.0474040067702946,0.32844303430986,1,0.86106837549424,0.787972481234435,0.869216936376253,0.228211910881803,0.756203128776176,0.536391742486178,0.641117586512499,0.520008128136008,2.29631446734576,1000.00004504606,0.693147180559945,1000
0.34975483421421,0.192185545631036,7.82633277444937e-12,0.00559579101772884,0.963527148855165,0.0227591354023793,3,1.72461567552064,1.42124750413246,0.884025684770019,0.26397149354054,1.25067794040058,0.447573506523184,-0.475466114881,0.843003449452253,2.90451700065815,1000.0002009337,0.693147180559945,1000
-0.0927892438616769,0.150795433477739,0.105610202558693,0.136782594428221,0.698232070277691,0.217060322945131,1,-0.432134250309249,0.605762484418327,0.498640610406575,0.175575672676368,1.18661851192204,0.360396074292114,1.78768139380957,1000.00000019824,0.693147180559945,1000,0.693147180559945,1000
-0.0771990811380597,0.234454152130228,5.11247456352948e-12,0.00452217971118299,0.939119733533977,0.0371574925255369,1,0.4564151785412,1.13085265884723,0.796271757499894,0.284595414334238,1.13764959614851,0.208782679543996,1.92037983429709,1000.00000000129,0.693147180559945,1000,0.693147180559945,1000
0.162540040570858,0.215153695328427,0.0694613545542547,0.119065792123276,0.918980435076364,0.061078557882535,1,0.874196557398912,1.11885270143887,0.850052985243064,0.18708584723968,0.386203591973956,0.332060383326938,0.974949176175689,0.256287764218951,2.01858067822812,1000.00020109977,0.693147180559945,1000
0.532819000675643,0.350399176208881,0.468059079244942,0.472911679600455,-0.524282099242501,0.414397330570424,1,2.993716975371,1.09321973662821,1.30240846760943,0.522656573527433,-0.564352789884206,1.73172087976577,0.0208313389702935,0.811175120674307,0.829140435258949,0.329759202882015,2.9914857997681,1000.00053235511
0.299959351936048,0.171046194347591,5.63482201245801e-10,0.036435586535759,0.82490149958882,0.110011072124641,3,1.19011528259474,0.700031401541386,0.58465176682252,0.203290243077582,0.236499961979277,0.458812955120443,-0.0836170242529333,0.512460026779657,2.2383146025031,1000.00074636318,0.693147180559945,1000
0.0944263314211685,0.152638951232278,0.0565790137780959,0.0706885437466924,0.672572763991711,0.262990434368447,1,-0.217786590220069,0.642236201230956,0.585344630595367,0.214559490026087,0.560135212167037,0.215644350408648,1.98003260132666,1000.00478172182,0.693147180559945,1000,0.693147180559945,1000
-0.474581322631385,0.353921763105269,0.36076765967176,0.407507599133697,0.929072030503568,0.0727879415182048,1,-2.12770748329268,1.330497093002,1.08013889011614,0.240898726594888,1.04442371069103,0.355753882621738,0.334814022444699,1.14155562549714,-15.2549766740813,1000.00000025624,0.419751518239315,0.191334630845962
0.0874768518644837,0.235711215435643,0.0936872077463721,0.175849452453601,0.899240263893962,0.0713760849695601,1,0.489978073512715,0.915600584701318,0.874156627564666,0.230927104953507,0.545137597777892,0.303965147322025,0.634965205461845,0.26175682407508,2.08220146076957,1000.00065067188,0.693147180559945,1000
-0.381118007379086,0.400263321437411,0.432100770800218,0.425916242692893,0.880216537509114,0.132282961461339,3,-1.20956262900676,1.40404785922315,0.872638108554253,0.178540576190342,1.2700662659512,0.512300563869765,3.34987512202961,1000.00005866435,0.693147180559945,1000,0.693147180559945,1000
0.125016185863806,0.147881332565863,5.79284788385392e-16,4.8136672783437e-05,0.758142145028689,0.136241408277573,1,0.934507139468309,0.726280422489042,0.773877457011344,0.191490525011121,1.90551839253464,1000.00000182382,0.693147180559945,1000,0.693147180559945,1000,0.693147180559945,1000
0.321387200499214,0.31436678045142,0.23732909361561,0.485122644840299,0.961272325237183,0.0267545463453337,1,1.77199849974842,1.60144304134762,0.972494465507603,0.240063809128508,1.39836216552639,0.25445776090025,-0.542108162071785,0.987428876161933,2.85995437299301,1000.00005303372,0.693147180559945,1000
-0.237257356600238,0.227007158402891,0.172814364747156,0.190226682932961,0.811867751261426,0.152781244260555,3,-1.32989729282742,0.849542996687065,0.60981186389769,0.235998424992869,0.530336965990988,0.306901066780312,0.7807874513135,1.01022446884802,2.9537897427691,1000.00024270913,0.693147180559945,1000
0.647548353966699,0.299917825022168,1.77701101931078e-17,8.43092170561781e-06,0.899063242081729,0.0606012299057889,1,1.61492347119806,1.00534908504344,0.822518486930341,0.380089458127184,0.602232401267724,0.313571660119224,0.843132514265796,0.319893249794058,2.14442500028904,1000.00000045545,0.693147180559945,1000
-0.31426303067236,0.2350522653188,1.32944848704887e-13,0.000729233023375764,0.885282116809921,0.0658050094645507,1,-2.24150549626902,1.10044724997948,0.661079320249744,0.237290715350053,0.876963466464587,0.285775940030499,2.54690185918117,1000.000027014,0.693147180559945,1000,0.693147180559945,1000
0.0697843751408355,0.203201240383949,3.26042443521161e-10,0.036210726796679,0.893596759667014,0.053373607478645,1,0.342391568369497,0.937492933548758,0.800389907460683,0.191106462736424,0.633155357477147,0.499601790776339,-0.291846507009716,0.334689720942684,2.28983504109865,1000.00001134333,0.693147180559945,1000
-0.213584371737078,0.18032469786605,0.0524854029626631,0.0749108065485188,0.787056719086572,0.212859042687541,2,-1.09355456798455,0.774239351109238,0.589864818294135,0.221658705426046,0.410668324467508,0.29729521570008,2.49321230088915,1000.00034571384,0.693147180559945,1000,0.693147180559945,1000
-0.000571449865396446,0.196931561366297,7.34028567353447e-15,0.000171350962063121,0.935835473443241,0.0356419666355261,1,0.436412534127404,1.06125559872657,0.638987828370766,0.202613817458596,-0.140209970390815,0.423572855290542,0.981692915427375,0.510309452436004,2.49229656803233,1000.00013936427,0.693147180559945,1000
-0.0800402229467672,0.167657571685763,0.0622097668835602,0.0927273494194965,0.784192032747458,0.160684406153716,1,-0.198025452280111,0.687288542916864,0.839117342272026,0.278329084222212,0.327568092959205,0.329026925132117,2.30943811896575,1000.00004467871,0.693147180559945,1000,0.693147180559945,1000
-0.107372209345189,0.259735869492296,7.25672362575993e-09,0.112432284041617,0.952566424730569,0.0349252829414341,3,-0.00226906567394514,1.60054697702342,0.424546390194502,0.223299340042778,0.761197030396708,0.339047460473166,0.864285525954397,1.07003316142524,-18.0521870296709,1000.00000000179,9.72359128398099,1104.17494946123
0.142013565658895,0.133813761948421,1.64250238107585e-15,8.10556090018937e-05,0.857714269272456,0.0568728083242188,1,0.290671227571528,0.649001099835737,0.231593560901589,0.237584869764869,0.471490771132342,0.261520991464517,2.41146033222404,1000.00020799,0.693147180559945,1000,0.693147180559945,1000
-0.296420008127012,0.274145733021821,6.93301856770231e-12,0.005266514818393,0.953009048164176,0.0330521309429767,2,0.261027390087366,1.31446566359658,0.617520490652934,0.361633534647263,0.495165533380194,0.234467738744282,2.997843647326,1000.00005820586,0.693147180559945,1000,0.693147180559945,1000
0.33967852760294,0.225766099821587,0.0602020097172835,0.0667847904323336,0.701051131024676,0.403413027871291,1,0.77956278545335,1.06170702182753,0.855827249182399,0.253690960455482,0.768910980406887,0.34772932095157,0.112118089949892,1.00110136089657,-0.172189536948901,0.806770469945954,2.13989248955757,1000.00009343792
0.160688478515181,0.26332618621665,1.49599000683383e-11,0.0077376531564962,0.962004959325046,0.0251702119600588,3,0.554106024795224,1.47521964160149,1.02936555051121,0.404659840507766,0.913450955176881,0.394364260573848,0.426683311324824,0.769116614394253,2.83238912968183,1000.00006153182,0.693147180559945,1000
0.239571246759699,0.230134978424731,0.114798172505211,0.165204199432817,0.734022114890489,0.321266127809988,1,1.34565446047761,0.91792630108151,0.591565567585402,0.392981382073333,0.422825675212024,0.498821342307052,0.587553913679769,0.528486389346657,2.64657847499608,1000.00003608227,0.693147180559945,1000
0.0241275854878104,0.242619085608664,2.83944938271001e-17,1.0657296825993e-05,0.927994070300736,0.046780939537839,1,0.882281241828061,1.25377405436583,0.819051957862385,0.309755877794129,0.644277828274271,0.605241683872258,0.579890923063985,0.185478578375667,1.92067165613242,1000.00000112685,0.693147180559945,1000
-0.140354392983853,0.202635988048534,0.092143337198039,0.102490454547992,0.802836348558798,0.154161239769853,1,-0.542734685128399,0.868529705898431,0.414287460890281,0.309441875785813,0.63993663764835,0.263493829279354,2.57272647462508,1000.00000389393,0.693147180559945,1000,0.693147180559945,1000
0.0057724966239789,0.171477757414035,0.00876888690032599,0.0744012689203646,0.847393892253422,0.100388943359032,3,0.134378441877076,0.903994324490723,0.736250958048399,0.202523968067959,3.64622575449281,1000.00156168683,0.693147180559945,1000,0.693147180559945,1000,0.693147180559945,1000
-0.175782145537125,0.187047842376273,2.42477677308567e-12,0.00311510855164399,0.892439207664105,0.0415680713215684,1,-1.24159493950935,1.01733664543309,0.917006164721362,0.23222408255982,0.628102857429345,0.268024564425479,0.0734958833012916,0.52689299948819,2.23304256079532,1000.00000482114,0.693147180559945,1000
-0.129477390090691,0.291061355172303,0.569183391929832,0.496174360103248,0.943589377873939,0.0452712618914902,3,-0.509577606652066,1.03055660636346,0.92817301750208,0.181517768836064,1.1735830775479,0.447851326824322,0.967558198527633,0.67163498371269,0.0393797358638145,0.345110175163838,2.85939436087958,1000.00011925344
-0.0866326359466663,0.158454288638393,9.2297078548476e-12,0.00608751789419222,0.849273253660444,0.0775165772424107,1,-0.93328239074643,0.865018753492515,0.637606417809945,0.212921410299933,0.687783097957262,0.208540945669055,2.08653900354074,1000.00000341574,0.693147180559945,1000,0.693147180559945,1000
0.03758853516936,0.179425948926447,2.76475874521165e-14,0.000332552015484073,0.900733487459516,0.0618900270259855,1,0.0341821477119451,0.90851972408454,0.438001751830087,0.231211932448359,0.381713286059347,0.241803918566314,0.0354139291434117,0.373802044879088,0.401701993146174,0.44100025456734,1.76741392934653,1000.00000417964
-0.185216774107066,0.216523458009196,1.36926616997516e-09,0.0747894353493319,0.906365492992835,0.0496792415931298,3,0.0341399707516651,1.05478098310292,0.731720644276926,0.240318105066878,-0.419870408464785,0.695157649374042,2.68664609268596,1000.00006493305,0.693147180559945,1000,0.693147180559945,1000
0.0895624067375728,0.218106986179143,0.178606380708388,0.145361159277819,0.617236273292068,0.447312067728032,3,0.261872941077477,0.781342531773107,0.601846006053641,0.195144698079529,0.821977793614978,0.532512295370264,0.688774447721909,0.706431341866528,2.69911919814996,1000.00009784085,0.693147180559945,1000
0.223191473086149,0.203951860805326,0.0572516654788909,0.143013848187223,0.917426475304806,0.0762306239877875,1,0.395088301350353,1.11693914738521,0.709034316206665,0.310864766620726,0.762272355891784,0.229404340531457,1.04536298959789,0.347897684243501,1.93012264606374,1000.00000134494,0.693147180559945,1000
0.106259271290452,0.250285152536433,1.58112924706338e-14,0.000251486005387346,0.936025567481672,0.0476594740044429,1,0.303308772782014,1.50331542092975,0.487180928100624,0.327294597261625,0.372861398060086,0.308196337401354,0.620991189668404,0.238890273328416,2.1337916546002,1000.00002135054,0.693147180559945,1000
0.104583900966999,0.362034738839708,0.198820999263994,0.186543298764815,0.501013160929094,1.24957648005857,1,1.2717205263909,1.8161060506993,0.255565774969284,0.310749630260745,0.495116133527787,0.437069624966779,0.759073763855932,0.877291339481637,0.223320450496976,0.263409599148331,2.01638413104865,1000.00014214192
-0.0359546948649079,0.237891284270269,0.0641507614673902,0.180454366606614,0.932378854357645,0.0619411132645835,1,-0.849270551374015,1.38791587796128,0.81117567905568,0.313996735883905,0.769893687216755,0.25959596362406,1.06655946774123,0.375762711345868,1.9852526263456,1000.00000000227,0.693147180559945,1000
0.0117098881259987,0.128168698506391,3.44540718800745e-14,0.000371236982015175,0.79775169699954,0.0868448179617023,1,-0.681246503409729,0.67180910614062,0.756612331328747,0.164872788205209,0.640049232308812,0.217083371026007,1.76167856907715,1000.00000061327,0.693147180559945,1000,0.693147180559945,1000
0.196039311074092,0.273053708898947,7.08660339956375e-11,0.0168671206567721,0.956457767771289,0.0244816339094235,3,0.603524516304663,1.50162937499906,0.756632207646739,0.239849149676711,0.616549529317152,0.306383973382125,0.923806326856853,0.518223711191215,3.00409298836257,1000.00006139323,0.693147180559945,1000
-0.123533696595769,0.315587028799535,0.17057328811529,0.248419480798465,0.883940982051662,0.0828752465512283,3,0.211430161678541,1.03862151628226,0.595149854361005,0.213988794879771,0.328865451710652,0.348574873168898,2.61984389568444,1000.0003448676,0.693147180559945,1000,0.693147180559945,1000
0.0858985898279021,0.216305918752294,0.23326321462317,0.203096260498136,0.811029049396085,0.187476639047428,3,-0.360368887789458,0.890884679605189,0.81330481030196,0.274634627949647,1.19605551903407,0.21689092304316,2.85763688823636,1000.00075600693,0.693147180559945,1000,0.693147180559945,1000
-0.0551659614741017,0.176192214112766,0.151971552445001,0.113620348955705,0.407710036707861,0.673377580932724,1,-1.00344808652246,0.65818344705547,0.54368734510468,0.198727476671959,0.632097252465711,0.253989685936182,1.00976169266171,0.546028031864195,2.47534166602518,1000.00000071128,0.693147180559945,1000
0.0304119758038783,0.183385851989736,2.42069793846773e-17,9.84011777819375e-06,0.848177409463596,0.0734752558355458,1,-0.157737510705269,0.764267549749841,0.382295593098198,0.242025167966726,0.809097281696007,0.19954296828957,1.84009978194219,1000.00000034817,0.693147180559945,1000,0.693147180559945,1000
0.0332521312989177,0.252106421993125,8.29735720858705e-13,0.00182180448419468,0.876105413320299,0.0852889252495802,3,0.585792585821989,1.06227840542008,0.0507369185416684,0.404745002430911,-0.0397504770629469,0.558266301996695,2.43285980827441,1000.00003472194,0.693147180559945,1000,0.693147180559945,1000
-0.243307428584244,0.234456984524349,3.58369799775293e-15,0.000119728000066737,0.956971197664784,0.0377163536847608,1,-0.840594430903294,1.23907014566123,1.26927126281758,0.362390629342256,1.25975381690898,0.469055547773815,2.14180866827923,1000.00000042563,0.693147180559945,1000,0.693147180559945,1000
-0.10691958838666,0.175465796065663,0.0100984218455067,0.0815304086726225,0.860528744849409,0.10146022001956,1,-0.977841246622427,0.939957440192062,0.866269359676827,0.148840710961863,0.519259838974998,0.479398135610855,2.24930663122955,1000.00071340794,0.693147180559945,1000,0.693147180559945,1000
-0.022622134801852,0.223102137096178,0.30877982051403,0.22264294793964,0.499345281220893,0.541829514193711,3,-0.294963948446145,0.71121888897423,0.820758907545388,0.247850072664003,1.00713529326469,0.378026330443577,3.07982523720148,1000.00014442553,0.693147180559945,1000,0.693147180559945,1000
-0.130253845209446,0.348383590477807,0.193466744601369,0.373301997717649,0.945303379562767,0.0440675613081944,1,0.202461387594683,1.62005141451146,0.626603183750325,0.360920020133373,0.404970628341478,0.221372246435554,0.701896912729299,0.576526115121879,2.66365389991272,1000.00015350858,0.693147180559945,1000
-0.0653820019092481,0.192741920512925,0.0181008610811378,0.0891099345463006,0.90301750872044,0.0783639853976554,3,-1.33615985086244,1.03238968912146,1.15710461489581,0.258552927585917,0.461618756214664,0.333449202810845,2.65553392569215,1000.00003485493,0.693147180559945,1000,0.693147180559945,1000
0.116927843601709,0.191569972914045,0.0397099501458312,0.0711801880743822,0.681748104365081,0.248536994385894,1,0.373934780342939,0.733250390243945,0.601172106937698,0.235507228905493,0.660613876030148,0.506803509281395,0.496984733733638,0.164987790668171,1.83381652909815,1000.00002165372,0.693147180559945,1000
0.28675649457083,0.286189001685397,6.61155136220663e-16,5.14258742969487e-05,0.967023410459653,0.0203428106481396,1,2.31052894892161,1.58338716466946,0.874322837995451,0.302273429680548,1.25019466884718,0.410974952849699,0.853357519744867,0.0909747827605276,2.27887830909827,1000.00000000067,0.693147180559945,1000
0.208239069165884,0.132519268204364,0.0131764862874398,0.0666431393784402,0.800673153172248,0.147437517974598,1,0.469450956182147,0.650522103923138,0.817866674185299,0.151142040066252,0.874332444062166,0.343027209149877,-21.8658628290278,1000,1.82462053344997,1000.00000425565,0.693147180559945,1000
-0.181895007435543,0.167405112791878,4.34230813562841e-13,0.00131801499938092,0.905681876470264,0.0631876923867632,1,-0.967786178713388,0.848771934924626,0.639233297728351,0.345314900135369,0.963235521572052,0.192488074384963,1.96175359473027,1000.00009208349,0.693147180559945,1000,0.693147180559945,1000
-0.914726690547891,1.54992292374268,0.0163635096405498,2.79777933112274,0.989999964863554,0.0302349638412284,2,0.390146213313506,4.71550946465659,1.73606174360404,1.01912377737881,0.848277820670761,0.380362994431082,0.174971417631327,1.32940170522913,0.722721917930644,10.0139820240712,0.693147180559945,1000
0.249118927710329,0.151612934151659,0.0453475980198316,0.123544126029353,0.892956911602938,0.0505612085778285,3,0.0376589504285458,0.646309684227646,0.755341941483314,0.207731900451179,0.553461437216274,0.312514487707553,2.76110846666245,1000.00020585086,0.693147180559945,1000,0.693147180559945,1000
0.311523885376662,0.231139026249104,0.203041685086012,0.242623738857034,0.809293863387338,0.21311660960994,3,0.797295910402761,0.803227414262863,0.90208654326056,0.249219159738203,0.354089692958538,0.387331833479614,3.18959744573632,1000.00019071562,0.693147180559945,1000,0.693147180559945,1000
-0.320211859141256,0.383160130357841,0.312225910292621,0.396308818429195,0.921584787353455,0.127008358564648,1,-1.1999242433928,1.53678798354457,1.03040626939843,0.464602922374974,0.464711987316276,0.349435838434771,0.415558391427921,0.309100666663261,0.605568007791876,0.260898235237268,0.343767839398587,0.965029672371459
0.0881615510186224,0.130026673507614,2.6781305357827e-09,0.0475149807945038,0.84660254631091,0.0685737635729131,3,0.0533063221916013,0.622221649740985,0.620079885299641,0.28912839530765,2.48974523051234,1000.00001866582,0.693147180559945,1000,0.693147180559945,1000,0.693147180559945,1000
-0.0422304411660155,0.297991833074701,0.420272989384204,0.42752598144197,0.332659706757434,1.17759124436086,1,0.533032173193557,0.813716977714092,0.702640313205029,0.268371802220001,0.768947379884046,0.558633409293227,0.192430418388575,0.676760186102585,-0.201958820103002,1.13052915940693,-0.216108216696365,0.259580315298999
0.16989736126442,0.351661887210121,0.301994250988422,0.340449967648081,0.669725549144693,0.998249709849934,1,0.921261192803968,1.36376251207139,0.963044193390442,0.462536375015064,0.861599054152013,0.676943309846821,0.590549517437384,0.797716912052829,3.02219876964217,1000.00006664389,0.693147180559945,1000
0.257962631640401,0.196979002686373,0.0287881685506347,0.0908558857357534,0.826851492392441,0.136646223791925,1,0.947670748752055,0.813953291809034,0.393684418359401,0.250078065567807,0.766745952552606,0.263651663535818,0.301430319239456,0.428675707259176,2.17866515935703,1000.00001542837,0.693147180559945,1000
0.0483683084320499,0.158599339598202,0.0387832527514936,0.0860557734287778,0.861490344227101,0.099788068468899,1,-0.26752813804884,0.83617133464984,0.901544929971266,0.227017042388102,0.334533311315635,0.58167315712166,-0.210084725814389,0.460592679604426,0.123549299446277,0.489046237164845,1.92741749344489,1000.00003941218
-0.0385613176272742,0.200478493083972,0.0456683933694492,0.110534825877918,0.904584557014785,0.0507208374142699,1,-0.0684076327932983,0.92755526090101,0.670506215268925,0.198311543103445,0.785822314766605,0.322680577223148,0.783859227442022,0.393448228206545,1.80861443062855,1000.00397742478,0.693147180559945,1000
-0.0556930065113984,0.241391460929246,0.0419131714752681,0.150072432676874,0.915007043339188,0.0636637040601575,1,-0.420101146200507,1.18587700988406,0.921241086926283,0.205360651329056,0.620508206101254,0.380009703205915,0.730192240807209,0.295131203881235,1.93400074543327,1000.00000549485,0.693147180559945,1000
0.0592782690689368,0.211199004912344,4.87020082972109e-14,0.000441371186407938,0.934453815371948,0.0489683701182534,1,-0.595545112842037,1.16170727616694,0.801348384558529,0.379520067386759,1.07391335096648,0.348982377850274,0.510147999455723,0.426688658012324,1.91980333214479,1000.00000018687,0.693147180559945,1000
0.0269950859780734,0.164450072209866,8.18704339324289e-11,0.0181265642827679,0.886302190964142,0.0508528604678061,3,0.539015551710696,0.832199045178974,0.493964745704304,0.179617148866845,0.316936861904186,0.322931409936755,2.27709220876241,1000.00002495838,0.693147180559945,1000,0.693147180559945,1000
0.0221972692351105,0.201602652316576,1.65493092381179e-13,0.00081362748453828,0.929395819408525,0.038279973052519,1,0.135171245133361,1.01566997513561,0.925735273850792,0.206710902618271,0.552482939112209,0.301440722693553,0.372357414993218,0.463669477744151,1.9113767027432,1000.0000002578,0.693147180559945,1000
-0.145131687729751,0.257928736379654,0.077555920498827,0.182936459714031,0.906724309605182,0.0667576949377809,1,0.147581034821928,1.17664532065051,0.478222653554192,0.253426930244743,1.24332251769082,0.287188880358861,1.54551402011199,1000.00223751887,0.693147180559945,1000,0.693147180559945,1000
0.00376039225223732,0.262117643333124,0.212822030205451,0.193131233881558,0.721206459093679,0.559516334984408,1,-0.4682728259385,1.18968185259279,0.619744896953036,0.213189808341627,0.417223567130406,0.339560652486537,0.544380973991144,0.255004061752786,2.32896692533081,1000.00000036796,0.693147180559945,1000
0.0698426604938396,0.194023747538611,0.153407566294359,0.168673126525645,0.795331614025403,0.21822905158052,1,0.271286354337962,0.797698093210027,0.814708595707736,0.200631101280018,0.100271429066183,0.615146116629471,2.97403303909415,1000.00007515757,0.693147180559945,1000,0.693147180559945,1000
0.145777795534674,0.182791863177257,0.129939435298509,0.122183846642505,0.116540348907919,0.72689935333503,1,0.313680447465053,0.717158691121331,1.07386117654609,0.227754488753417,1.15548194673285,0.395994165077627,2.18771094426508,1000.00000617484,0.693147180559945,1000,0.693147180559945,1000
-0.440856155051752,0.771142576197809,0.442561388979579,0.924689733152283,0.915663131319607,0.114623627615233,1,0.701690131151953,2.17319011785243,0.657879173930957,0.497399032887249,0.694055553831666,0.206847413873521,2.18063194042458,1000.00143307215,0.693147180559945,1000,0.693147180559945,1000
-0.0165649918286865,0.175248520792961,0.0317020789483935,0.10597146155034,0.817977662524539,0.165611497279393,1,-0.304012176543313,0.813566494562878,0.459106823866627,0.270492902670083,1.18189405901549,0.402818799493509,2.26282337513354,1000.00009344649,0.693147180559945,1000,0.693147180559945,1000
-0.140437337161645,0.19402106607697,0.0403100238895039,0.0925259090041501,0.840685777687465,0.119706718523946,1,-0.543726271298846,0.929129626605511,0.587109849656395,0.265475756150661,0.610421630135717,0.233605785767843,2.23944203373922,1000.00001126208,0.693147180559945,1000,0.693147180559945,1000
0.0191112399784958,0.337601523407314,1.63188174659876e-12,0.00255490984475101,0.932301854723964,0.046913085768941,2,0.72974054793297,1.46628861759045,0.386040806344674,0.382707269673273,0.69437946224653,0.262585511080745,2.52761935697365,1000.00004360336,0.693147180559945,1000,0.693147180559945,1000
-0.267805417147276,0.175734418529973,2.48016864663539e-12,0.00315053052466275,0.857262653383278,0.0667468966634826,3,-1.42296761959004,0.846043271868972,0.710718163486247,0.204574351049392,0.929809702833556,0.378104670555099,2.15342421174438,1000.00011777189,0.693147180559945,1000,0.693147180559945,1000
-0.130378680247174,0.217344095087492,2.50213028933978e-14,0.000316363712029681,0.861420656934712,0.075252292856466,1,-0.29765972202127,1.25625552275999,0.657143055169076,0.299349947483481,0.164742432929037,0.618822928545188,2.34397116626545,1000.00035367498,0.693147180559945,1000,0.693147180559945,1000
-0.0447545429899452,0.320551025114444,0.342162694232504,0.337757873020565,0.684084961315692,0.373019096620724,3,0.91389808783578,0.985744080170063,0.559654067825811,0.262599215999155,0.799570953077948,0.948174937505439,0.236614802843074,0.572393978738399,4.43519739524733,1000.00004329155,0.693147180559945,1000
-0.0177535219373532,0.305438354407268,0.320463508402774,0.334240891952244,0.434293650348815,0.844816329682398,3,0.667066583812398,0.758624368445231,0.835750513362778,0.234152134336972,0.86164158449086,0.314366074287131,2.99895468979153,1000.00000826408,0.693147180559945,1000,0.693147180559945,1000
-0.00830323693788103,0.187531229401214,0.0386880819548345,0.10996538154608,0.901682762431106,0.0689165024094358,1,-0.660743297672291,0.998879362015512,0.928139949556911,0.270427528854975,0.853035014733282,0.441712873690667,0.549970011166283,0.441498552163707,1.79434950384199,1000.03638541565,0.693147180559945,1000
-0.126370442918979,0.219279502906893,0.0788813383650716,0.13653950955756,0.779546079137703,0.221750036195596,1,0.151502171472229,1.10048167933736,1.04517732726722,0.209442011996772,2.10015390870058,1000.00000003665,0.693147180559945,1000,0.693147180559945,1000,0.693147180559945,1000
0.188495736393504,0.206704919646521,0.0807507466604504,0.146287922555686,0.868109161219137,0.124957509015498,1,0.494008597414419,0.918507545841657,0.78188652731807,0.350056887326458,0.495085943331122,0.335383649114931,0.463826986409329,0.493150849391152,2.38583217347593,1000.00006371328,0.693147180559945,1000
-0.509081371164735,0.325028765357562,0.264189368371984,0.435297752363671,0.831421529431549,0.193761967863322,1,-0.872466263544944,0.937375730667979,0.6208129585345,0.283946836862036,3.35916355308012,1000.000181369,0.693147180559945,1000,0.693147180559945,1000,0.693147180559945,1000
-0.23557530519739,0.153068521468095,9.5032367564758e-13,0.00194980139073316,0.854106271559598,0.0803456187792916,3,-1.23018794422347,0.856167477769975,0.440076414791345,0.264069855685702,1.14703007360668,0.347535958751248,-24.7764106280957,1000,5.04027566286251,1000.00000000296,0.693147180559945,1000
0.00682629096106474,0.261509164714681,0.0805065356360101,0.335789835607473,0.903921505075572,0.100634039030981,1,0.259040193636032,1.13388002304639,0.375386435833387,0.25516863090844,0.508848502536975,0.392736806993322,0.876505773499139,0.420144539225508,-17.2299863393217,1000.0000000192,2.47212057161834,1000
-0.0867959010080887,0.312088759468703,0.327916912375831,0.744317980405537,0.947735461894398,0.0473641971811778,1,-1.15920733114283,1.53375506384794,1.22481415364085,0.266705892017289,1.04777837847691,0.508856795007642,1.11885259241649,0.613661828519858,2.01084062246402,1000.00000003744,0.693147180559945,1000
-0.218703167535357,0.191477917023004,0.0265723801198401,0.119746966533797,0.906341266115486,0.068974346890685,1,-0.295721362154995,0.932474436236392,0.510817147194629,0.231626961923107,2.54871043214947,1000.00004800092,0.693147180559945,1000,0.693147180559945,1000,0.693147180559945,1000
-0.340611947309601,0.332626809843062,0.302540926706409,0.306670067576075,0.681331641448676,0.716751022054767,1,-0.587071063896114,1.31244580074196,0.63916469851091,0.369992017628908,0.62519383181308,0.238390066926639,0.493218305076908,0.720740023605317,-16.0345672764561,1000.00000018056,5.18277220308423,1000
0.106169278180856,0.20726655968767,0.0626443711059321,0.0988829025559199,0.793138344512316,0.147656351162767,1,0.0808320382498943,0.87872962521449,0.625710866607638,0.190972957491545,0.762160982736062,0.241672021058555,-0.118707563466348,0.630956593481171,-0.591527881908538,0.657288308045696,2.06464920239784,1000
0.0563552926392645,0.252159742586643,0.325679510187926,0.289044714464816,0.492540185188281,0.997629015904879,1,0.614938187191711,0.893122541058481,0.664830690415062,0.340814963553259,0.878956355253271,0.4882963683618,0.0436681815478829,0.177098201370168,-0.0347809049308334,1.04185694830431,2.05897863795917,1000.00007474865
0.168692431305604,0.168509890515334,0.0060814615216418,0.0551152939453144,0.867361718987056,0.0756294891927425,1,0.674599919629843,0.863531150372802,0.496122334019184,0.177311403761505,0.66398838756867,0.280184027637006,0.051173118347692,0.70753022283381,1.80914606844854,1000.00000810187,0.693147180559945,1000
0.37280951284747,0.139708922185147,2.44654657055316e-13,0.000989273637549948,0.811413491430789,0.0706809933977835,1,2.03351919594399,0.730866389842402,0.509227985740453,0.193862377679186,0.863328140170698,0.43059382512171,1.98377725351037,1000.00000196069,0.693147180559945,1000,0.693147180559945,1000
0.067770252711691,0.23881714303495,0.0183487689552813,0.103202607576531,0.921600403155493,0.0571270011245571,1,0.69178296342407,1.22255091446197,0.60010050211754,0.20278124064423,0.175439088905919,0.384123249984915,0.90990009666627,0.324241257615266,1.71480912737988,1000.00001851325,0.693147180559945,1000
-0.139797189203121,0.15271140710304,5.29955060622694e-12,0.00460525540498559,0.821139720038381,0.106488143488458,3,-0.385741374061445,0.698521618348183,0.419097296100305,0.24012342681702,2.39307433129651,1000.00003746546,0.693147180559945,1000,0.693147180559945,1000,0.693147180559945,1000
-0.196236298275447,0.381079344619846,0.0123523256776321,0.422815314127832,0.955323250327005,0.0380702343493104,2,0.313651974088987,1.68328097866034,-0.121243820161473,0.520420533877275,1.47723101269702,0.400712502532595,2.83233338188424,1000.00000762297,0.693147180559945,1000,0.693147180559945,1000
0.0910821118385737,0.15856304032504,0.00983584995445555,0.0654639774346318,0.856898660736568,0.0792924339013899,3,-0.325092927714628,0.722128286691357,0.552627334587215,0.220376654533724,0.502117041823056,0.275782945332262,2.29626299638906,1000.00010223919,0.693147180559945,1000,0.693147180559945,1000
0.373903549687528,0.190462568107319,1.6989183168837e-12,0.00260718603162404,0.955196685460699,0.0331325930120287,1,2.18618198226676,1.20332079792701,0.383463193835342,0.376910900759735,0.674505718107997,0.246221949387383,0.528875616826407,0.391542704401442,0.276564186894445,0.967007725698297,-0.0975454461117951,0.117177838791496
0.358339868835164,0.16612220486311,8.4526718223067e-11,0.0184588382832424,0.8497186813941,0.0705285419752695,3,1.42586149011426,0.777610990403798,0.791309200862645,0.221087709030648,0.894989320358601,0.418803684907917,2.16258241917804,1000.0011535841,0.693147180559945,1000,0.693147180559945,1000
-0.283411504199268,0.245365663133708,0.174539209165578,0.339012398196903,0.891519089666642,0.156649229761859,3,-0.634000231245534,0.906624821940133,0.919374488252682,0.185583750111961,1.00234991509344,1.78718892114841,-12.3973779112917,999.999926176887,11.2698405074332,785.242530236379,0.693147180559945,1000
-0.0803086089467348,0.269045968177255,0.0615811156376171,0.220761379312839,0.94528006604204,0.0456246944465449,1,-0.263430090911737,1.30425677927734,1.07698955234375,0.179211668593013,1.15790189255886,0.492222519686119,-16.591379023906,1000.00000000986,0.723745754732067,0.217751539720933,4.88897350101369,1000
-0.519713193025802,0.258143377963081,0.232348849841772,0.189624085952522,0.814861480389999,0.145829356202782,3,-2.72850742943159,0.993293399103407,0.864349922837195,0.222274103727227,0.615808073000805,0.301911637982971,0.237908368027465,0.313302561538661,2.60839725102289,1000.00012566206,0.693147180559945,1000
0.163442539380599,0.304273045709891,0.308540822389246,0.413877285313184,0.84009348460047,0.151641437179071,1,0.116811988550566,0.814263339924705,0.794331327478241,0.333696635021103,1.18461653213031,0.460175467371328,1.15908771919332,0.350540570252478,2.45976818782355,1000.00450563356,0.693147180559945,1000
0.101633079201571,0.179593139778278,0.0346834086750311,0.084752781990139,0.902693614199098,0.0497780962365341,3,-0.0333341989891212,1.02508691694765,0.541795351911834,0.236266636681417,1.09224472799177,0.209018731928324,2.500721906554,1000.00154638103,0.693147180559945,1000,0.693147180559945,1000
0.0554552759643547,0.146095567821756,0.00160340546386778,0.0560509782445603,0.781271468666016,0.179503357850679,3,0.448699280491312,0.827077637839316,0.320406042011614,0.279191814758336,0.317971494490101,0.384263016648303,0.0445524476186661,0.695156386351194,2.03630381183679,1000.00169815265,0.693147180559945,1000
-0.0640774112595874,0.239066071770639,1.23081970988872e-13,0.000701661060748746,0.934884333757994,0.0394132313796751,1,-0.211515791094472,1.17467695392263,0.771332600105344,0.28569832790034,0.787039872406199,0.439868030127968,2.57923927540232,1000.00002712259,0.693147180559945,1000,0.693147180559945,1000
-0.251266305453801,0.282753552551561,0.137667556294925,0.214821542889483,0.834174039693722,0.163395488008134,1,-0.788999107723354,1.0711907357572,0.630321857938574,0.2258476887654,3.94532534653183,1000.00146004265,0.693147180559945,1000,0.693147180559945,1000,0.693147180559945,1000
-0.180980287950512,0.376016387271516,4.11419935207282e-11,0.0128308339040149,0.925043050732779,0.0610917906363839,3,0.795588367537622,2.22329037616227,0.803415129891938,0.425934530862157,-0.0430649632825247,0.615232217544,0.124142364243823,0.636789640736886,2.45701046361995,1000.00091131416,0.693147180559945,1000
0.147316961980943,0.275809344171286,0.0561041519822807,0.172829105319652,0.92510147769252,0.0915289227202939,1,0.755570906399039,1.54693917501774,0.715189367090825,0.239115342444389,0.885133928093278,0.38658290155527,0.828185704733173,0.596562935622717,1.92633204658555,1000.00000141769,0.693147180559945,1000
0.315210042543061,0.0988342172817902,2.41037690401508e-13,0.000982181768187571,0.653703702842207,0.112117466636163,1,0.234326779651728,0.452468393627935,0.247148864061179,0.263895753517468,0.507056475069678,0.247095964095445,0.698000978430747,0.303301891119655,1.73283132148871,1000.00002407805,0.693147180559945,1000
0.0745698761502217,0.26385996086983,0.323496709979204,0.23946737233873,0.0199969903285014,0.901131613191204,3,0.696132361111703,0.92690652743211,0.683810336674193,0.286076623998777,0.489290786396125,0.488356441235012,0.293110880667421,0.848980854649825,3.27901912570498,1000.00014033468,0.693147180559945,1000
0.0555787058497972,0.336157985113808,0.331057173754794,0.377675621210817,0.881987743017501,0.13111263072126,1,0.44326841134499,1.28805000168503,0.861727820166063,0.280630396809722,1.19810387348319,0.394589993156816,1.13736222137087,0.109187423632157,2.1148655237233,1000.0000707277,0.693147180559945,1000
-0.510236245921236,0.26263235904036,2.58602470721204e-12,0.00321699495914578,0.91112042269458,0.0425995762391597,1,-2.59939111032442,1.3303148581157,1.00906998450459,0.204070731012285,0.27562609403154,0.366728714105009,0.348777668514704,0.270978567571724,1.98895331661621,1000.00000421919,0.693147180559945,1000
0.0394953851720026,0.232889928865047,0.067564671511793,0.140281605190915,0.899567352185247,0.077814300526557,1,-0.303596390354208,1.14072838488265,0.98605311224544,0.278322984599328,0.79878803646093,0.198490661682639,-0.66707092193247,0.934181497142046,1.94287072730138,1000.00000099147,0.693147180559945,1000
0.153327439712824,0.231038347782731,0.0426886139198049,0.199908748975065,0.912384872211375,0.0879242071356567,1,1.00453375263234,1.0415738763753,0.417189336898541,0.26395655503214,0.613472891005862,0.241585990746727,1.16480148581192,0.811158326422928,2.1633003630138,1000.00001419807,0.693147180559945,1000
-0.0673563388061537,0.210379816204953,0.208010193733793,0.118597247329587,0.651110070239603,0.291387568121578,1,-0.0973354518451079,0.611965255162965,0.619231826885571,0.248441210822953,1.17200544905053,0.208047635408627,1.76836773882241,1000.00029692041,0.693147180559945,1000,0.693147180559945,1000
-0.123294322293252,0.183088532489856,0.0585958989322672,0.160056010931627,0.918484062544624,0.0425052276882554,2,-1.16100819258461,0.949594230249328,0.41972953655924,0.227968025434766,0.879748904069228,0.31270909391478,0.810690967822341,0.562248414261999,2.41158279822819,1000.00066458257,0.693147180559945,1000
-0.332158804049915,0.17794611277239,5.72590267138364e-14,0.000478578937845804,0.892249708725642,0.0518107757990732,1,-1.05270634485564,0.814737834656366,0.518430313731402,0.257796878367386,0.502389673960719,0.25044330486136,2.10986872509652,1000.00000845714,0.693147180559945,1000,0.693147180559945,1000
-0.0994762347049295,0.245338954854255,0.121615452805982,0.137963419523663,0.808194876691072,0.174884071156329,1,0.735354014385068,0.998377072024773,-0.294246814436575,0.420762345356571,0.544749677232938,0.178522303670332,0.800508067491709,0.519388315692065,0.0858441715949051,0.466056933943564,2.08988154280414,1000.00030487585
-0.0294297313131856,0.196084627289458,0.14262604945996,0.123125594058937,0.653219594143228,0.411169713135884,1,-0.707332455330167,0.771735040527705,0.690182940633123,0.197000095744445,0.593661893807613,0.261538805334692,0.302735264648223,0.245129940157394,0.24698748591865,1.11631368071746,2.42663124231169,1000.00000309565
-0.102782811751607,0.159322401394323,2.36655615992907e-16,3.07672306420194e-05,0.835903808920319,0.0853314787814509,1,-0.290872058555862,0.769354795670476,0.633219626924381,0.226100718768267,0.456904623900381,0.242081201743347,2.03710484121225,1000.00000984765,0.693147180559945,1000,0.693147180559945,1000
-0.673377670026745,0.421799721558041,1.38342196198289,1.0303926180754,-0.477448097059299,0.426100947025921,2,-2.52936327430186,1.06004512062234,1.21098530926897,0.297883045983573,0.429985542583798,0.567094400678378,5.7680970845776,1000.00330052179,0.693147180559945,1000,0.693147180559945,1000
0.177780964709503,0.214412425719292,4.93270811583451e-13,0.00140478246304123,0.875705321922332,0.0640865336494572,1,0.873560204167299,1.01290378557971,0.163512949728764,0.296749347006091,0.609949284053685,0.298979458197487,-0.011153412737914,0.649465700121496,2.22527902389142,1000.00046273011,0.693147180559945,1000
-0.33965825954234,0.520483869625625,2.10855570921529,1.39391214085941,-0.189275942096135,0.845203121360029,1,-2.88620221824874,1.87111331436626,1.0081633184826,0.469183937680318,1.12169116973836,0.318619051879897,1.92283260508798,0.626402761840356,5.35532523206911,1000.00033699661,0.693147180559945,1000
-0.155276976207923,0.212574287739394,0.0598578933985261,0.144338217773804,0.917099079926427,0.0513518437058175,1,-1.00231084424354,0.972902157841748,0.808586832575058,0.386853034736188,0.47495510984495,0.298701288997529,0.705039191897123,0.339485834278751,1.82920513813593,1000.00000358687,0.693147180559945,1000
-0.0484361426467917,0.203570417545166,1.0544927446239e-11,0.0064954180761077,0.962563547075462,0.029002521841709,1,0.655559607134413,1.21093154036069,0.69891502215243,0.285521916353451,1.51668259302094,0.418945440440329,2.0856510772794,1000.00000012342,0.693147180559945,1000,0.693147180559945,1000
-0.474564852108255,0.298774839519514,0.356584868065168,0.312490676573667,0.846866944620484,0.113084775585385,1,-1.4755448377857,0.885150321326494,0.690693971874443,0.286801521255201,0.452070275729288,0.31169733004043,2.90166780311992,1000.00004562255,0.693147180559945,1000,0.693147180559945,1000
0.28285215251254,0.17627540045705,1.33261175897428e-12,0.00230917675196802,0.836824734301327,0.0916035959013364,1,0.766262633508035,0.951706591615243,0.411818512143178,0.292927668574062,0.639766292886985,0.301764420120965,0.671566690071806,0.426117901445736,1.86030863374463,1000.00000109007,0.693147180559945,1000
0.0384549170374766,0.276852536741931,0.107910806713771,0.273365102152873,0.916994996205589,0.0697742667681964,3,-0.382691301595354,1.0474330782471,1.22035866071573,0.255875444384247,0.795322247556307,0.67800890402696,-23.5256921345718,1000,5.84620658654409,1000.05690664824,0.693147180559945,1000
0.424136767237802,0.168180607744025,2.15482601968258e-14,0.000293586734400887,0.914166827836552,0.0371993655909337,1,0.683796434906535,0.913467788915592,1.02606408892517,0.162511005082611,0.899410631937988,0.170088779109157,2.46723245218225,1000.00001806573,0.693147180559945,1000,0.693147180559945,1000
-0.523073182294448,0.371602293483715,0.0820542129567932,0.426079758768821,0.935469646654437,0.0719784103773921,1,-1.80341846936869,1.2951465190593,1.06547824448124,0.32421231284247,1.10069228764687,0.519900068247281,2.02856102510408,1000.00000439414,0.693147180559945,1000,0.693147180559945,1000
0.015431145932777,0.301557119492587,0.18925275578543,0.250235242275525,0.923302921589383,0.079780394281181,1,-0.567404683542591,1.36642836966597,0.77465028766856,0.356772141286155,1.02196302264788,0.162446839012947,4.17799770361209,1000.00053455135,0.693147180559945,1000,0.693147180559945,1000
-0.0437660213117934,0.240618502587933,0.039927460334214,0.0779965509340899,0.775688619026742,0.201877771658291,1,0.458326281859944,1.22693477714316,0.330582427979889,0.324661624849535,0.316415136806789,0.322675228730585,2.18837371657857,1000.00005478432,0.693147180559945,1000,0.693147180559945,1000
0.136701479619206,0.237110731152084,6.38981223607769e-13,0.0015987283655452,0.944201107497804,0.0316599144985655,1,0.422077216823043,1.2626508090772,0.807883468554896,0.264773436391793,1.11530618105312,0.362398163041876,0.69192297135954,0.311413494358909,1.8325432928693,1000.00000002313,0.693147180559945,1000
-0.0543953737354384,0.244975853692131,1.56384626392409e-12,0.00250210718729227,0.89638279400861,0.0486318752684514,3,-1.36959285857323,1.1636778761474,0.845003008447906,0.247751443245038,0.624465049548788,0.299172899370123,0.0886447152917038,0.512962839539946,-0.0746795862178283,0.712471954188807,2.31231070665681,1000.00140586832
-0.099389817498239,0.163389736708384,1.21807967177501e-14,0.000220733432316051,0.908567406970134,0.0529886819448416,1,-0.530048749610934,0.827644491298082,0.531450715129044,0.288591421841551,0.399736501784024,0.330827504233724,0.890171039366609,0.53829070543465,2.45071695569741,1000.00001889171,0.693147180559945,1000
-0.0488026256923032,0.310454983018352,0.737348297742376,0.451976286406586,0.152092510254258,0.870369959192044,1,-0.190971626765516,0.736289912565106,0.804939051392124,0.185803018751846,1.14941030875294,0.246970598055021,1.03129571534693,0.567330111639347,2.92252239554087,1000.00032587869,0.693147180559945,1000
0.312012701205529,0.225852233988196,5.95640437831766e-15,0.000154355525735768,0.94833617056063,0.0398695188561838,1,2.03765445612022,1.40433562858824,0.614206606621966,0.407033979442452,0.802281706320565,0.254585679188273,0.560522534982502,0.542364455970139,2.06696617140798,1000.00000002607,0.693147180559945,1000
0.179528389811929,0.17149220812512,0.0363152549144157,0.0785556410109568,0.7634663081046,0.169670603657971,1,0.865142207954918,0.673063191706848,1.00083856803851,0.210188516876077,-0.133340159083721,0.991298103049234,0.382519938003579,0.280467130449573,1.68399838535134,1000.00101877863,0.693147180559945,1000
-0.296229681656691,0.208559628833187,0.29945422686556,0.196827563291828,0.704396836616004,0.274050758423489,1,-1.81938704201843,0.720821215582292,0.980825155850248,0.269022850575846,0.437490654078447,0.26488538991704,0.73270108855985,0.365211185193525,2.45287989190451,1000,0.693147180559945,1000
0.0074304133771057,0.175651694423598,0.0511331818035124,0.111978158720656,0.928788740016029,0.0345226493584667,1,-0.243544195771823,0.831839718041942,0.502452513981769,0.198845506587289,0.604566899786424,0.360680780766394,1.16868846814647,0.444756928873693,2.16278735544168,1000.00012445072,0.693147180559945,1000
0.0309517999065439,0.265578487773107,0.0577015810519978,0.136135916273449,0.834622158098998,0.233402569971817,1,0.485495324162226,1.48374227959253,0.671929708349163,0.160621804045939,0.705853756421606,0.25365286101611,1.80273024528846,1000.00000044523,0.693147180559945,1000,0.693147180559945,1000
-0.0356387041043877,0.208416039871901,0.0252237332500536,0.081217539423507,0.878659653847827,0.0807683889289725,1,-0.544270339510943,1.17576785171626,0.863896392883199,0.239733104818933,0.429693807168541,0.348986066173286,0.381187246902295,0.426310551426221,1.96178723661858,1000.00117382976,0.693147180559945,1000
-0.0610282492520282,0.159888914318428,2.80500062896594e-14,0.000334962947045889,0.892886314975416,0.0547056369123672,1,-0.162500325200614,0.752679669178281,0.863652138608381,0.146148032884015,0.343934576780732,0.349970004736958,1.87793523067151,1000.00000063897,0.693147180559945,1000,0.693147180559945,1000
-0.151757388532339,0.249063329794815,0.408910682777157,0.28262327939663,0.890219000501412,0.0808326195193297,3,-1.61009334812773,0.843496856734065,0.631878647663696,0.19004765064207,0.922203053676209,0.275169589155014,1.37459524064215,0.49224568469515,-11.8772108481535,1000.0001495367,8.72972563434526,1000.83352463193
0.0162069657247237,0.221712027595505,0.0198103148167029,0.112017247762852,0.866541494249206,0.114296178179581,1,1.0107845497581,1.21892633419236,0.439907990582859,0.275768114439488,0.722541028292437,0.213571219657566,2.00751473558972,1000.00000242524,0.693147180559945,1000,0.693147180559945,1000
0.272659325825927,0.370255850983175,0.027636407020909,0.24516285115828,0.935395353329606,0.0895828807994067,1,2.78518873602347,2.26293055388212,0.305858381658846,0.266294101902415,1.04773423902862,0.515310352103693,3.50365121605199,1000.00061198269,0.693147180559945,1000,0.693147180559945,1000
-0.570119550357897,0.249923437756172,0.244095886050989,0.174447769852838,0.585751306751115,0.509236762040444,3,-1.94702355853914,0.87002694945636,1.07865557739271,0.327210105675181,2.89541642488167,1000.00020955824,0.693147180559945,1000,0.693147180559945,1000,0.693147180559945,1000
0.0589075081722282,0.416468418276063,0.675136950366262,0.569167213994575,0.568961366655625,1.02427911455087,3,0.694349913944837,1.05828992150401,0.860996882026431,0.345427353069745,1.32782154602022,0.520297373741733,0.888953531463411,1.46387520674246,-9.31923095729213,1000.0002399676,15.0720198300331,44.254819206991
0.449427796403974,0.196186422346666,2.42026332572005e-13,0.000983930995288476,0.886266279379598,0.0591861343590968,1,1.11135316527255,0.932306913937134,0.1254925845799,0.330962097097272,0.591552798464774,0.235662609081426,0.774338013907664,0.394838502169451,0.0396926816197637,0.881023435574405,2.40579292670384,1000.00065617068
0.0412477427055913,0.338763427204422,0.450944755914307,0.475478769381341,0.888748506364831,0.136645737568024,1,-0.318854408114646,1.54871940127858,0.799467031060233,0.266061482712313,0.658575502837865,0.274079044559736,0.541660546932087,0.451975946653108,0.679093244792692,0.505559924266197,2.31520964496958,1000.00000000058
-0.0604818499936895,0.185262347845226,1.21150972534265e-13,0.000696136421355375,0.89108772389765,0.0579072062287605,1,-0.0606672806626682,0.882285181097387,0.580192664041737,0.207612408961007,2.93115572543306,1000.00002903364,0.693147180559945,1000,0.693147180559945,1000,0.693147180559945,1000
-0.116179226101592,0.278711775856531,8.64539193052783e-11,0.0187168023756091,0.925271323082626,0.0405925460234557,1,-0.424390361103529,1.58776461933417,0.729974464858846,0.225008091428253,0.769061526704661,0.568603360727773,-14.0560856271722,1000.00000835758,0.487011189970284,0.17305154178707,3.31805256882277,1000
-0.136561940333697,0.1139002550037,0.0026935479056111,0.026636734595538,0.516992696570749,0.312241083583478,1,-0.868454339566224,0.570719063779839,0.332196831623644,0.251554257758931,0.586940296608467,0.387092831567968,1.92387240015273,1000.0000026432,0.693147180559945,1000,0.693147180559945,1000
-0.0262906024100912,0.202576714416893,1.24145876736555e-13,0.000704688413650246,0.90529201503869,0.0518208849676577,1,-1.23823120743994,1.03423579790084,0.724370001045625,0.225054611582405,1.03415428904463,0.334577429625577,0.715445666599954,0.455761505618238,1.84174764465123,1000.00061087844,0.693147180559945,1000
0.157214437429953,0.24058610003152,0.1673835032192,0.21328879650833,0.911392661663532,0.0868778726355845,1,0.109474105437086,1.10187617088126,0.68004133054892,0.221481032890288,0.512616629938342,0.28918890356106,0.763326815041954,0.538245306984998,0.746224459116597,0.663051897952298,0.017420372966817,0.257737739128958
0.195576207395835,0.127922602897903,1.54399792194722e-14,0.000248516132773853,0.889230805025537,0.0509371138032671,1,0.362707077963053,0.746335992950328,0.780261691463406,0.210672633647194,0.914093884001898,0.350085218904528,0.323113947877269,0.0917245007590956,1.73012410823641,1000.00006247167,0.693147180559945,1000
-0.145434550114993,0.15726362921075,0.0273160863752924,0.0932675003352179,0.803029157814152,0.172221888834658,1,-0.698743102349255,0.751777535185848,0.543064846170845,0.22308722900097,0.717750239289392,0.304109327066242,1.88095219270896,1000.00000085154,0.693147180559945,1000,0.693147180559945,1000
-0.0924791077580757,0.217362318292028,0.13374486408932,0.134818234328454,0.866259321602163,0.126664493716779,1,-0.648323349206312,0.995356018092172,0.728858896088287,0.243483159132385,0.765736806172085,0.249734937339304,0.763924576537701,0.144286023812244,2.01844880497674,1000.00000101979,0.693147180559945,1000
-0.398108640989102,0.356645883251518,0.504360245324147,0.36609901867113,0.252938950195555,1.13405624392591,1,-1.04140669564553,1.38008660942399,0.0894821934633384,0.278986324478883,1.1295503582477,0.431729783400592,3.27185137938111,1000.00070472805,0.693147180559945,1000,0.693147180559945,1000
0.224565176681786,0.184843887049989,1.68218345869811e-14,0.000259398219593496,0.909021805096666,0.0503596923401442,2,1.36037135139779,1.07336275765986,0.688457688002559,0.207247898915058,0.537110998225636,0.386989562110519,2.36612411178998,1000.2392833258,0.693147180559945,1000,0.693147180559945,1000
0.189659893847926,0.261942400777465,5.12864729873095e-12,0.00453069076291508,0.909492361148088,0.04910768237324,2,0.510332015000863,1.27833548985099,0.820281447008848,0.237921504845705,0.392693002041851,0.448983887505494,0.414717569441797,0.696013270050645,2.32004796408941,1000.00041888403,0.693147180559945,1000
0.558303983804941,0.373398298704873,0.011311533307635,0.266999429027536,0.974940190277423,0.0191796589737689,1,3.09618342751826,2.07997830849772,1.16887415871873,0.271708505684106,0.792620720042578,0.315478566142705,0.801434182412496,0.467493031052442,2.36648777626156,1000,0.693147180559945,1000
0.0294381379855669,0.223763627641705,0.0985566950273975,0.164749372507648,0.908978477313164,0.0718148963417474,3,-0.143506672863634,1.05921939594562,0.0825766070580696,0.403352046997096,1.09329663728764,0.291201858460273,5.54521949682686,1000.00867344524,0.693147180559945,1000,0.693147180559945,1000
0.206265991010946,0.194352310527017,8.19499486062838e-13,0.00181069255203653,0.848718603682422,0.0750370155224931,2,0.456294002743353,0.806475770528784,0.523702213594473,0.196699214848232,0.730349196528462,0.228582261637209,2.27529953639418,1000.00004206179,0.693147180559945,1000,0.693147180559945,1000
0.258708001062029,0.293035425170876,0.0307770251901564,0.182956911990701,0.921914213263907,0.0750560641072081,1,1.50474816603059,1.55667602103791,0.867851402193051,0.232557579847525,0.0721164366113579,0.55630414678705,0.547056644443348,0.557635155394428,2.46974064684579,1000.00336707019,0.693147180559945,1000
-0.0319183989792508,0.225928631597576,0.0967814808338218,0.191921079015788,0.813389904722173,0.143047889066752,1,-0.189545565615252,0.873581489030182,0.398997184658933,0.252993297347221,0.452024809491229,0.338308168750573,0.621333450530007,1.13044255198364,2.42058651534868,1000.00562081197,0.693147180559945,1000
0.147825314091875,0.150628348573135,2.01642647031761e-12,0.0028404547302829,0.917399345520957,0.0376727853039784,3,0.950785076799505,0.92210276849662,0.491428432547804,0.223683516171026,0.90523365591449,0.268858900261153,2.43168002758683,1000.00012170206,0.693147180559945,1000,0.693147180559945,1000
-0.235510079580352,0.318930815919793,0.224673372214768,0.264631134548766,0.943766649342531,0.0465381321031908,1,-0.994821764769165,1.25874195747723,1.27888927312956,0.355056602992316,0.600279884513981,0.480350484474456,0.572391207682738,0.921828877988124,2.81674898438369,1000.00157394035,0.693147180559945,1000
-0.194748335067081,0.176874982364594,0.0757700984074468,0.119652679562758,0.877492753715255,0.0790452830144418,1,-1.39595199416862,0.904581321874305,0.315552202051674,0.241167956055495,0.61384256470584,0.21887160184957,0.681750779572682,0.155849206253392,1.87235293325502,1000.03999846362,0.693147180559945,1000
0.0463593443834281,0.243174074635476,1.59995829059633e-13,0.000799990878040592,0.937130228985557,0.0312443188477728,1,-0.096408559643397,1.22174324628064,0.800963385477359,0.195867194875722,0.566437919536112,0.267698257370622,0.66962170691874,0.616287290511504,-0.269956775753224,0.163943237339811,1.98552764111263,1000.00000003477
-0.566023489412971,0.355498836286103,0.508186851545335,0.320994711704259,0.604350536870805,0.985665321990478,3,-1.52193691242965,1.24388415609684,1.08251860770975,0.2956909918152,6.81564635706504,1000.53543125188,0.693147180559945,1000,0.693147180559945,1000,0.693147180559945,1000
0.0472740588862854,0.210863466238274,0.0900976671721854,0.132198890443202,0.87987178039424,0.115573521683362,1,0.0714831796750732,0.959841342890273,0.960286469379901,0.263678999287212,-0.0390341672210256,0.366518509824979,2.67198553886099,1000.00003597783,0.693147180559945,1000,0.693147180559945,1000
0.204197341678728,0.208354707113844,3.74075288074364e-14,0.000386820876019298,0.926704296188542,0.0320955282337314,1,0.210922660099817,0.927774345344523,0.615411023780054,0.239840512708028,0.764224956047784,0.218888691703861,0.806309653707903,0.430099315695769,2.1535397458357,1000.00014820124,0.693147180559945,1000
-0.130656554154837,0.190008863477247,0.0398017263505152,0.114921085574663,0.886230332373706,0.0742387190355961,1,-0.33294159714781,1.01430891927337,0.849237547548393,0.255773534319712,0.232548942504807,0.369028738671159,0.618464231747104,0.360431008271396,1.8766671033943,1000.00000129641,0.693147180559945,1000
0.270678745056976,0.188652589109797,0.0907030751148297,0.129109903446404,0.868067725507993,0.108414433233211,3,1.25226786945361,0.816279925774324,0.823338053456385,0.211327362288062,0.514493124482618,0.416796711766021,-0.271999717615867,0.970655574971368,0.154521720647408,0.577698343807415,2.80777884933392,1000.00029312489
-0.447239472971782,0.214802349196423,0.118002088725057,0.124564938286772,0.332414807629284,0.531309549559833,1,-1.62489180659645,0.72894841911241,0.531036157954592,0.226943263301025,0.328396127954269,0.25804953295612,1.68366243326193,1000.03139407599,0.693147180559945,1000,0.693147180559945,1000
-0.126220520518686,0.166877066484545,0.012543426055835,0.108779068403653,0.825724469884266,0.121178180816928,1,-0.970700354401099,0.751672643536215,0.814090243802785,0.205604228663423,0.414357217364394,0.363022921458602,0.299298183217488,0.46155275586711,1.60327880328589,1000.02201088649,0.693147180559945,1000
0.00168815500906415,0.212857345744728,0.0327472391822512,0.18753569469101,0.941869139844713,0.0441360584383097,1,0.498789876413324,1.11438674135717,0.655170224009718,0.314905936323625,0.501681864393517,0.509721419179914,1.02520062545541,0.442050900379158,1.83112129665495,1000.00002228912,0.693147180559945,1000
0.153269744197659,0.251756379820378,0.54690492102263,0.514153090713527,0.544631818997687,0.437618550398376,3,0.628006566020281,0.606859539918106,0.846482321106768,0.4948317070986,1.3601593135636,0.449574139954199,3.50034860066997,1000.00014377441,0.693147180559945,1000,0.693147180559945,1000
0.232072482056177,0.221702203675025,0.00935013102202466,0.109818070951093,0.924731492812711,0.0470457657236383,1,0.465608756494573,1.31491074810387,0.756684216442261,0.189707201512812,0.858206870044464,0.420156123917602,0.172416563904056,0.537335916263479,0.633382661346374,0.243018259789324,1.93745034597651,1000.00000567451
0.0561625452929308,0.236767562937488,0.315162089104306,0.234279606541623,0.19136507564969,0.509443924138051,1,-0.083228459841892,0.703849454021791,0.927187009093695,0.219815871867293,0.866400718292774,0.296164188985759,3.03663633312331,1000.00006233017,0.693147180559945,1000,0.693147180559945,1000
-0.103495889478482,0.296309560767104,0.0138224530672429,0.223097474075567,0.924371015193775,0.0541527238876569,1,0.656643111286297,1.37310267600662,0.424579731371137,0.313535202100112,0.628351635881631,0.222777566529701,2.01795040838367,1000.00000009067,0.693147180559945,1000,0.693147180559945,1000
0.0245491108948506,0.222801439520207,0.255005214485314,0.207083753272847,0.400292609324102,0.419296727376798,3,-0.056050830574111,0.65379877069535,0.568273166679884,0.212974056753204,0.82283689385865,0.519153768386722,0.0251713643289023,1.29863535654692,-8.02992678466279,1000.86461017412,9.42427904524569,1004.57369939788
0.00251808459353337,0.136245970175721,2.25448659766031e-16,3.0029942431317e-05,0.625410554154857,0.188462952394103,1,0.414151696399949,0.606767690425387,0.231530741356487,0.271019824424517,-0.439563072352755,0.546292560960207,0.111656285111408,0.350349483315372,1.70264784067886,1000.00056090114,0.693147180559945,1000
-0.186741787308529,0.313934020735271,0.19900980386269,0.323484780619994,0.945612995700536,0.0372923912277213,3,-0.0283940131918324,1.26773855591048,0.75844997714359,0.195507613084936,1.18598325656578,0.428185953341207,6.28789381886446,1000.08645968052,0.693147180559945,1000,0.693147180559945,1000
0.689073437245732,0.403165939380832,7.60737473986243e-14,0.000551629894335509,0.970300273723974,0.0193330711603538,2,5.46080572789044,2.72316341148799,0.93130300522137,0.240470448539808,-0.359251254035206,0.658619703538538,1.12709283518159,0.579126508562651,6.45271464699681,1000.14012524552,0.693147180559945,1000
0.0703180897888419,0.194967677852257,0.0170619653343248,0.0940402643604574,0.872157593280946,0.09814029033551,1,0.163864653312462,0.866863738817919,0.386675292178138,0.297512152939499,0.708936619384787,0.210897964289725,0.411088281391879,0.309737693736748,1.71878383817899,1000.00001642653,0.693147180559945,1000
-0.216509343462316,0.141008861196078,1.59647714390625e-13,0.000799127400086849,0.831721407577625,0.0870178416428109,1,-1.35786710446736,0.747375683499923,0.877446089813184,0.192578706537274,0.665996634387698,0.275257988111519,1.97858767375101,1000.00001051552,0.693147180559945,1000,0.693147180559945,1000
-0.175665798392089,0.231414283238639,0.111393467381647,0.229728515648954,0.924851220762723,0.0583359537280532,1,-0.467451460974508,1.10725913469055,0.70331873126812,0.30081349816474,0.615552505819405,0.203653386499122,0.753590128526478,0.426140459956009,-16.3917217290824,1000.00000020731,4.08766718018949,1000
-0.25837968804484,0.258552669429339,2.15029619490355e-12,0.00293281344867053,0.905312053915887,0.0572535858062232,1,-0.630384501316452,1.0841229348956,0.778078363932838,0.222626311374806,0.560834841566326,0.241953714350298,1.90807866715254,1000.00000345536,0.693147180559945,1000,0.693147180559945,1000
0.189540640412366,0.193581564196591,1.00102600100904e-14,0.000200102861062112,0.845754263979585,0.0897939986720213,1,0.372628414482343,1.04545957523546,0.464827759022336,0.270915113182921,0.78747765969041,0.263773510030566,0.549637726124461,0.471756702142711,2.05198564226221,1000.00000517873,0.693147180559945,1000
-0.0750876571029422,0.190635139769004,0.120466923067965,0.128227811126674,0.873383458776586,0.088078688307998,1,-1.24109598428867,0.976704676379921,0.82500794089151,0.201277411409555,0.694285035598572,0.309385516644222,0.473680560510343,0.327671318787622,2.6883459809884,1000.00001721086,0.693147180559945,1000
-0.193935827176975,0.228990466161391,8.57495488329643e-13,0.00185223233418173,0.876125450789775,0.066370730722651,1,-0.122703585951474,1.15135865816688,0.363228232286804,0.247990808174027,0.272503636020193,0.35698545547553,0.268102095291053,0.611191196759642,2.27862380104389,1000.00004326256,0.693147180559945,1000
0.242704215999748,0.306477410960668,2.00833241995824e-12,0.00283446245685752,0.946614634669295,0.0314784456877611,3,0.803111294835949,1.40063473250081,1.21572664316127,0.245108273817455,0.304099801601233,0.514786989514123,2.75167120448833,1000.00003062532,0.693147180559945,1000,0.693147180559945,1000
0.142546122387046,0.241573565859575,0.14671369891689,0.153526047126746,0.677847537869449,0.53065613662393,3,0.917858503119845,0.834525323544601,0.553379603656734,0.296462737947887,0.924917436317105,0.357659238454889,2.37958758271746,1000.00030289204,0.693147180559945,1000,0.693147180559945,1000
-0.232498633498379,0.15789825374839,6.09275596766262e-12,0.00494204626050272,0.922457228388836,0.0483357220864504,1,-1.1155524933501,0.90014745056745,0.223014706544512,0.347724249145849,0.699402425925131,0.189190654092435,0.870978269301216,0.391217699238568,1.97800524352904,1000.00006185821,0.693147180559945,1000
-0.00476898510310577,0.155047413368888,0.0680256785856905,0.115114359815454,0.919391281114867,0.045589637400457,1,-0.4590924879584,0.762045380440631,0.661248225815882,0.266644285324168,0.561413897600938,0.252044611509881,0.907552529249098,0.580374914966444,2.47001928511523,1000.00018938132,0.693147180559945,1000
-0.0335602528146162,0.278559771530468,0.0361534093617138,0.149338123512173,0.903563510595527,0.0784997812416877,1,0.767858462693553,1.38722015877602,0.0702997997136528,0.404145052130897,1.0794166539264,0.309890462505127,0.506045947216256,0.484708790373904,2.00588025618844,1000.00000465835,0.693147180559945,1000
-0.157166060656197,0.192081436909423,1.72273933412255e-12,0.00262590674541117,0.901418851721485,0.047551159404582,1,-0.223207954186036,0.907072960894623,0.888209638068403,0.223650854418053,0.769635174279139,0.264585356651499,1.99154501161173,1000.00000048471,0.693147180559945,1000,0.693147180559945,1000
0.213154214636567,0.168647539632269,2.29212396926805e-15,9.57522698447384e-05,0.904538311482614,0.0517834539656745,2,0.128932987511716,0.768141967807122,0.880359928948155,0.22530533893083,1.05727732810978,0.46067727526362,2.39227086250797,1000.00015506662,0.693147180559945,1000,0.693147180559945,1000
0.0713562209251491,0.187027196034487,0.0396649935856717,0.0923670805066398,0.814163698156392,0.119146495352848,1,-0.888227945110802,0.764527367203735,0.927080436742247,0.166847123124981,0.648106474272862,0.259389001538719,1.96830073767301,1000.00000895286,0.693147180559945,1000,0.693147180559945,1000
-0.150988706258583,0.257235011430881,0.435229136085484,0.316796958979201,0.305302799466179,0.604863924644366,3,-0.657067538429364,0.704903126842457,0.613509791511622,0.244021080628402,0.914920602117066,0.520495595432224,3.67230261833943,1000.00020797843,0.693147180559945,1000,0.693147180559945,1000
-0.116791439332859,0.231507788491444,0.138549128430356,0.17407101286448,0.69117956562538,0.234890694029409,1,0.497837387328616,0.910344590121736,0.720368579409884,0.223855200614615,0.89634414933843,0.239098586715212,2.12088831489444,1000.00000739799,0.693147180559945,1000,0.693147180559945,1000
0.0338478090880439,0.195650226371578,0.116424001665698,0.199202687431183,0.917276233691738,0.0573262950479933,1,-0.249102384314762,0.930435213009544,0.572851947951657,0.206882956713303,1.02738911037592,0.169043274394517,2.64890880330318,1000.00005518131,0.693147180559945,1000,0.693147180559945,1000
0.428321531403867,0.171098606408517,0.0978563067278308,0.0700252057469483,0.22727408026536,0.863605815376454,1,1.44615527895834,0.755828261845558,0.380728680112397,0.280447969956412,0.890086712029447,0.282104691884688,0.991620423977308,0.476657417613742,2.59431727499079,1000.00128265514,0.693147180559945,1000
-0.160708409683338,0.294763889055418,0.231676935709447,0.364344200215142,0.917581402628764,0.0806071756471305,1,-1.19655353691096,1.22123009094983,0.926534228046031,0.227541603161697,0.897010215626674,0.244901104107742,3.0858197333947,1000.00268950242,0.693147180559945,1000,0.693147180559945,1000
-0.567293407530135,0.464859799011262,0.437988112490872,0.373762096516007,0.920489782401792,0.070484762903147,3,-0.952943256064004,1.45359428119182,0.932901012209287,0.263005530043549,1.21387866659826,0.510381429309399,3.08027954358259,1000.00084367329,0.693147180559945,1000,0.693147180559945,1000
-0.0983940747272607,0.130168128490307,0.0255358160253369,0.0469415048658306,0.534856188180384,0.322223472383105,1,-0.740651197465591,0.582890181436815,0.714473374526872,0.179545575348767,0.291080796883248,0.343172184690642,1.70922629064616,1000.00025995879,0.693147180559945,1000,0.693147180559945,1000
0.169084666798764,0.138797956702554,2.67446728593983e-13,0.00103432528938634,0.884824590578918,0.0492262489571018,1,-0.185981531160803,0.70673569523988,0.779574436375884,0.180747303859309,0.923567190395018,0.274862203229191,-0.0442082736916061,0.709178048872917,2.32413887326384,1000.00021304493,0.693147180559945,1000
0.109968751545034,0.197504124779211,0.0204745899102782,0.120914027320797,0.905267767997768,0.0559404177290286,2,0.470465895784548,0.915704820987151,0.518404039019084,0.249337616678864,0.766688207320918,0.462750031617886,2.67420285821805,1000.00068626839,0.693147180559945,1000,0.693147180559945,1000
0.112326569339872,0.163861780402391,9.19321531057783e-16,6.06406452860963e-05,0.834123270606687,0.0788796697676145,1,0.110750890324379,0.836727217258226,0.761167698454678,0.182306244189618,0.834117820140097,0.319567950516836,0.0326340805611914,0.585887837372518,1.80325037439654,1000.00015109012,0.693147180559945,1000
-0.0882460037644985,0.197561967755574,0.104503406421067,0.197068561962227,0.911764670927281,0.0641706518650643,3,-0.877534571922359,0.949780984672789,1.00203393480463,0.266355617459714,0.744330873769026,0.356787547788956,2.60602149890905,1000.00002500057,0.693147180559945,1000,0.693147180559945,1000
0.365518620114456,0.286408967036777,2.35569917072553e-07,0.274342527438387,0.966928458044579,0.0237504903436146,3,1.99783404676648,1.66577652090001,1.18022277029885,0.474507489902963,0.840309126797564,0.579067892007935,0.726993965576173,0.887857471118649,3.01927072812245,1000.00011125791,0.693147180559945,1000
-0.179503609140735,0.262914999496984,0.0787601423278928,0.142285320145585,0.817643867347653,0.205759175851008,1,-0.158585549762976,1.06199713366807,0.314009551426978,0.425692841186173,0.755282185082762,0.219645145996519,2.10782186544011,1000.00000049701,0.693147180559945,1000,0.693147180559945,1000
-0.0448544662513559,0.225118594246968,0.150218594254801,0.185118045663286,0.809940349732706,0.157441048326671,3,-0.865883851606013,0.933106496337255,0.705934981650222,0.195745623311036,0.629461031433765,0.262555907749109,3.08392430328635,1000.00001744904,0.693147180559945,1000,0.693147180559945,1000
-0.0547321497700353,0.267467513167195,0.181151714067652,0.2046422069232,0.874657375080793,0.114573400584234,1,0.257127697965663,1.05243649263771,0.470755537767438,0.197367884003668,0.687158625280149,0.321001914110457,0.788265480188564,0.870852081167807,2.68274994852161,1000.00077793803,0.693147180559945,1000
0.0667496903622909,0.188179798940706,2.43416651357179e-14,0.000312037344522316,0.928390232447212,0.0358428909300109,1,-0.0702878371540377,1.08369276774043,0.785947297329002,0.149112680086874,0.449961056084128,0.556545366003297,0.232292585333243,0.560986413243552,0.184878782559661,0.433168432021298,1.69958774677581,1000.02126979635
0.145081347051715,0.132980744990864,1.18688296213248e-12,0.00218111908779951,0.867107349150058,0.0690315433537256,1,1.01088750831039,0.77572478803887,0.762684301190483,0.192472946700153,0.0214293166331447,0.381016883073432,0.454416074495339,0.532905481404258,1.871663285135,1000.00000881535,0.693147180559945,1000
0.0751783173849884,0.243267650567282,6.59165929155132e-08,0.149519087333384,0.935574698981462,0.0516879259785746,3,-0.0235278272443008,1.34032335969711,0.733829925802311,0.217870886031809,0.803713195720513,0.217550926308984,0.342214129857244,0.796089717299878,7.28421531775446,1001.10532027955,0.693147180559945,1000
-0.142395062028718,0.187249063073528,0.0328932322892172,0.0863852001714192,0.727360495536057,0.222721097759112,1,-0.0293167757848791,0.824344467283167,0.698626297136602,0.285312684202266,-0.221673201036135,0.562720772433724,0.425822160598172,0.484376381208272,1.71733147606387,1000.00090383093,0.693147180559945,1000
0.081483006342395,0.242859997678654,0.157536512786374,0.218124531690356,0.924773967151816,0.0684374929055497,3,1.28428088486431,1.17528667301583,0.83574752519718,0.280220522692275,0.75119725147535,0.401861130890244,3.07901843681015,1000.00021061099,0.693147180559945,1000,0.693147180559945,1000
-0.0192414366072627,0.228674085999995,1.77854835456485e-12,0.00266726708839192,0.905149847475585,0.0609594111259934,1,-0.153424980094468,1.186633092585,0.500471686504111,0.226804688808266,1.27776532057697,0.369595899543657,2.39163805015195,1000.00005343644,0.693147180559945,1000,0.693147180559945,1000
-0.244815842126077,0.245885601547366,0.211819273383533,0.233056255847244,0.844936801205891,0.159723748599192,1,-1.67782001436358,1.00681604475838,0.913839236480083,0.173876802874048,0.822436309789969,0.326377385981593,0.959317605286311,0.294749101845267,2.29852089087403,1000.0000011125,0.693147180559945,1000
-0.0767634826302623,0.162172923849289,0.0953328266052844,0.103465359369891,0.393574593896033,0.514993194718706,1,-0.791174452692909,0.621977321590363,0.515828625795028,0.173078033116784,0.503689113992754,0.297975788780501,2.33849098938709,1000.0000005698,0.693147180559945,1000,0.693147180559945,1000
0.410896225197812,0.223213169416077,0.228964623128065,0.174489355251645,0.600682179497769,0.686810357644075,1,0.785012031362268,0.82372425838721,0.31327892297767,0.276180585219148,0.950286915251475,0.182734066602286,0.788149559679627,0.589916835345202,2.81044808118522,1000.00014936548,0.693147180559945,1000
0.036600657245496,0.19229968152663,0.136361760904815,0.13191232502449,0.65402880137062,0.339277753683721,1,0.130611113169837,0.697121544625042,0.585548660631508,0.232685274954752,0.75899968213312,0.390507339888829,2.48067518068706,1000.00054586734,0.693147180559945,1000,0.693147180559945,1000
0.0966492882525472,0.338070820763403,9.41960909120579e-16,6.13827653243054e-05,0.968046868929697,0.0260867683560104,3,1.52385859402015,2.01212262017282,0.611157593103416,0.335015900519291,0.648730234372185,0.609348082800715,0.394625651152634,0.679147728963125,0.581880496813141,0.29819133363861,2.05254617786938,1000.00606531251
0.113160824329088,0.169629258007808,2.24909690138734e-16,2.99939793134885e-05,0.83761644128079,0.0751688752347499,1,-0.375451055092806,0.622591418057492,0.400650321928384,0.295025093902801,0.379771565937068,0.271522834214952,0.256822281578834,0.475847470813239,0.0609811659777609,0.599197317693381,1.76350339529536,1000.00016257112
-0.368091039271227,0.353358887833584,0.419305077723302,0.50494510945577,0.890062396313579,0.17576490423733,1,-1.14774661695558,1.46731705222149,1.18001171387327,0.522853439187294,0.966235286029836,0.484359424668412,2.86067223737433,1000.00010949155,0.693147180559945,1000,0.693147180559945,1000
-0.0665217762011205,0.272475064907366,0.0655713011963271,0.199751115689891,0.908638131231468,0.0725733158038469,1,-0.948048383357729,1.20512177698319,0.826868895907204,0.204995238187289,0.999665160130869,0.255798127415608,0.197776679063112,0.564596321778969,1.99331746623285,1000.00000019086,0.693147180559945,1000
0.242699716591783,0.170588879842739,0.0319230086963182,0.0905895973118596,0.862693859625714,0.105390068726826,1,1.08691662143803,0.827375266111979,0.14248189696967,0.263222146079154,0.619395093566117,0.333161548894938,0.0376239258123777,0.843799169779406,2.53316489189267,1000.00014502329,0.693147180559945,1000
-0.426886833406449,0.399535024093965,0.334363353869002,0.40925416674883,0.894913990164648,0.187569115553219,1,-1.42267408874346,1.42314484028507,1.01159931509844,0.441974677957587,0.392704863925133,0.458357535547877,0.691794351073505,0.489400811942842,2.36632544976988,1000.00000079448,0.693147180559945,1000
-0.261311969102563,0.247941690788659,0.0328678632643773,0.245832954288314,0.970429536885125,0.0202161148508182,1,-1.17738695054464,1.51259473565834,1.19179658400599,0.339236351819391,1.40973049177504,0.494133726145554,3.00097813462382,1000.00000733133,0.693147180559945,1000,0.693147180559945,1000
0.119210824644345,0.143119948018466,2.97022953407037e-14,0.000344687627152995,0.841454615740959,0.0863531623783039,1,0.453727416682804,0.723963101065775,0.37481327337118,0.257925886079518,0.350654344212288,0.217939646104481,0.10732338788204,0.669121366205222,1.88995212977912,1000.00000007763,0.693147180559945,1000
0.0363498383354425,0.164344119644314,0.17102203925979,0.14915108250869,0.284016719898577,0.594623326714756,1,0.421530692923379,0.526638005860892,0.390277746709029,0.265541513754446,1.10932534982407,0.289012688636313,-0.3421059154819,1.61413116126293,2.12812405857905,1000.00002155559,0.693147180559945,1000
-0.197081069869192,0.331909258426698,0.115338222831971,0.201606203194437,0.835875817309143,0.133304416824576,3,0.875520039157649,1.10663958724481,0.862298263903712,0.322330374289883,2.25815323229364,1000.00002517787,0.693147180559945,1000,0.693147180559945,1000,0.693147180559945,1000
0.290906655029933,0.164452557617402,1.07628503402105e-14,0.00020748856709054,0.890250252938346,0.06608558560529,1,0.380138506885848,0.771347211541329,0.456812256267743,0.318595237502333,0.267281318244927,0.299822779277985,1.0723033043249,0.271745043844534,1.85083722164095,1000.00000138115,0.693147180559945,1000
-0.0478075698727756,0.190665228586058,1.15040365411929e-10,0.0217414171182721,0.899791481095924,0.0519094382206797,2,0.0164994990942328,1.08145322741223,0.864330342357807,0.303986799105542,0.162487042393532,0.513697650159943,2.45263338447731,1000.00172655171,0.693147180559945,1000,0.693147180559945,1000
-0.480925711999172,0.326727334290946,0.26009568201356,0.310809078213668,0.847734261845443,0.127548966969635,1,-1.20262556543902,1.18136432064469,0.785127961742598,0.296251476913571,0.31325073662905,0.418988944856142,3.16551839231357,1000.00078170346,0.693147180559945,1000,0.693147180559945,1000
-0.0650911843643382,0.153147025860932,2.83867806907849e-12,0.00337209016314463,0.904727822418537,0.0461617459850352,3,0.230036783410892,0.933435431299073,0.413737347812607,0.190119350997349,0.791755138807562,0.35952398282573,-0.616400658782423,1.01341387017892,2.51377964600882,1000.00058585217,0.693147180559945,1000
0.0334819866125587,0.266566849846466,0.110752912522972,0.239336475069546,0.905249361015224,0.10989769900096,1,0.316579665265343,1.09670295214772,0.764632018913181,0.27493716071676,1.42171665639991,0.485562498648771,2.3083259729134,1000.00000191228,0.693147180559945,1000,0.693147180559945,1000
0.193883451677145,0.220219082954644,0.0580955402558681,0.0964359594656319,0.836966296212736,0.11881913342441,1,0.315598021733608,1.00250714134213,0.930800015995673,0.215356948706942,0.637892391496167,0.275285002608197,0.600277905197019,0.189461229939147,2.20262210155264,1000.00000000466,0.693147180559945,1000
0.166856348323232,0.181298513096133,0.0703830180126251,0.100827607150507,0.682800973408062,0.325765065788009,1,0.296279736709791,0.699427254928842,0.154524324890431,0.29935168100137,0.523221996409825,0.343664403454649,0.445481490714541,0.357825622976409,1.83647971838711,1000.0001474999,0.693147180559945,1000
-0.0573522848256818,0.179430506859987,0.0845396074420017,0.130200837456354,0.804113371456923,0.135059967026726,1,-1.05807907633148,0.909803771133105,0.765231659633836,0.312099686422427,0.820189722662866,0.209769664990513,0.476256075820499,0.640725050683345,2.01793943895634,1000.00058498842,0.693147180559945,1000
-0.414223101888077,0.19541068384721,3.14706231415757e-14,0.000354799291561854,0.822980511136265,0.105802549753839,1,-1.41911178409286,0.92003742526815,1.10169988251146,0.326818654031966,0.565190190835734,0.414859555106649,1.95878125541649,1000.00000003673,0.693147180559945,1000,0.693147180559945,1000
-0.207904674198177,0.202386695144435,0.12747559327639,0.172635281374049,0.665942414583977,0.337158147645138,3,-0.212546220151705,0.684399680904515,0.421734349357099,0.245626428646285,0.443332621070487,0.507806431465921,2.26139835024612,1000.00029458222,0.693147180559945,1000,0.693147180559945,1000
0.289077562479781,0.294050767982098,0.0354217751221305,0.144381062557728,0.935338740791949,0.0598633771324814,1,1.11014498540353,1.44574998508176,0.724563288711502,0.502688055825056,0.588687148148392,0.550330746163343,0.544812414341321,0.314077827498163,1.83808851497843,1000.0000131221,0.693147180559945,1000
-0.824852620683051,0.625932774084456,0.550715017345737,0.991606479562139,0.931086489166354,0.0644028172554565,1,-3.2814778438085,2.6737143211321,1.27382746952508,0.362512943210485,0.187435799415102,0.322077016509464,1.16832153569036,0.358208524322527,1.83003545526979,1000.00000011006,0.693147180559945,1000
-0.114963068158974,0.272077846422513,9.04611442617546e-12,0.00601574089137329,0.93510807173869,0.0439474528132758,2,-1.35005894081757,1.38997724744349,0.783416735962382,0.280675620814503,1.1746892904999,0.309689992020025,2.63771511360604,1000.00000241494,0.693147180559945,1000,0.693147180559945,1000
0.250293150415903,0.428858283959513,1.05016915346395,0.983723990241342,0.375695851669475,1.81971425725221,1,0.579383832201126,1.08699691533052,1.44118226955004,0.448488920441248,0.546285568720656,0.534957929362912,1.67830911753864,0.501543098581864,2.33559172259383,1000.00000300014,0.693147180559945,1000
-0.080546746601216,0.170598671373347,0.0839614672116029,0.0793817579571257,0.795188090768975,0.129127572341609,2,-1.07020054738262,0.667118740949634,0.83124366404316,0.180621618424746,0.774786984936186,0.258728842618894,2.23583517639909,1000.00177812262,0.693147180559945,1000,0.693147180559945,1000
-0.122833462735185,0.263137545043625,0.309219486977977,0.43910875170542,0.779972056534248,0.240265028421807,3,-0.0142105352935872,0.772320574920285,0.328647281637885,0.297264978633625,0.6117188327207,0.251750826916829,0.749527586550777,1.34980434509288,-5.97577569490891,1059.45575001341,10.6476237146151,1057.31907846429
0.278759898946259,0.229882473351657,0.194340478052045,0.234382054361963,0.881149353397242,0.134629591524402,1,0.631980934878908,1.01155288984453,0.402616520613469,0.264685002327941,1.10121598401292,0.358716223995925,1.29993472857728,0.322270955922412,1.89226539604844,1000.00004403348,0.693147180559945,1000
0.0232921857522592,0.215725806071627,1.70220127650117e-13,0.000825164472146592,0.937725388669542,0.0388962509394458,1,0.510024706092846,1.35167455695812,0.675447309152869,0.280234893392732,0.662541364958707,0.338748505282077,0.0907125833894332,0.981757844642465,-17.4972371827157,1000.00000000283,0.497083761728062,0.141356677029175
-0.092126134153879,0.366752906094216,0.347377995667158,0.487233191309335,0.949807472318185,0.0534448759805265,1,-0.212920758555838,1.3983047794809,0.804231818741401,0.279301037947865,1.13703607969176,0.54717984741494,1.41510385173314,0.530461124739185,-16.9149312416425,1000.00000001082,17.3728462690914,1000
-0.00190220809457794,0.267416791837345,4.38940137489934e-13,0.00132508165242491,0.933127016523326,0.0530543846530326,1,0.989991151111225,1.26444703114052,0.650465157387157,0.498865655707272,1.06528129500396,0.20709280850763,1.85155604235184,1000.00000070825,0.693147180559945,1000,0.693147180559945,1000
-0.283782753037505,0.270982654971408,0.0377333844826908,0.221592407231729,0.942283006591194,0.0394336405866929,1,-1.30696090294375,1.42079498893803,0.422807481795014,0.317878860749302,0.992437820280541,0.220886487754716,0.65853243971203,0.616218429880918,3.42488201217558,1000.00024324,0.693147180559945,1000
0.0287854086606557,0.132153966552893,0.0509374976781737,0.0747811779067886,0.704473283391636,0.24104143293778,1,0.361883145944891,0.623992000914635,0.496679523939449,0.248079319771334,0.625302550644792,0.255433201958469,1.80015680044035,1000.00021320504,0.693147180559945,1000,0.693147180559945,1000
-0.00232840853227172,0.379722963836368,0.136246214900531,0.408053744850061,0.918174557146327,0.0937258063145758,1,0.575922607178984,1.46705671671327,0.282280095772174,0.525827149772317,0.342344679492187,0.387440629406349,0.125031212345158,0.389840818640804,0.72638365703604,0.316901657019211,2.00272952055814,1000.00061536967
0.213567588006978,0.200930431737772,2.47586592925702e-12,0.00314734589492345,0.888502153003379,0.0514381804571396,1,-0.238207445778782,0.907632378445237,0.59484371450895,0.214307691825505,0.881443771167616,0.211188279291913,2.63496612246163,1000.00004897153,0.693147180559945,1000,0.693147180559945,1000
-0.14025718469915,0.240656441017387,0.00198006768060363,0.0981646276200173,0.924023580246171,0.0564847691026452,1,-0.803705602278769,1.31678565690729,0.831058549251146,0.193988685938355,0.637289202029307,0.30302971476696,0.635860849421252,0.588704291805677,1.96180436348848,1000.00018147397,0.693147180559945,1000
-0.0543753781592455,0.191398255246465,1.83146477450849e-10,0.0276047780776999,0.897471562651585,0.0591178903942113,1,0.166495139924375,0.835280176441611,0.712293609760812,0.223027529205753,0.760664534548726,0.347102050647297,1.89077654258993,1000.00000002941,0.693147180559945,1000,0.693147180559945,1000
0.0447169696301247,0.189056917527312,0.0229307830440873,0.0803727307873861,0.880734409439253,0.083450668284212,1,-0.19696746236602,0.775475360813401,0.778241770349606,0.194358531713498,0.40738922679815,0.314381295069645,0.246601765351597,0.503233683608661,2.0817077457376,1000.00004975227,0.693147180559945,1000
0.102087513489088,0.196233449544484,0.0384509051688312,0.104591860313966,0.889528982754519,0.0779852757018626,1,-0.176321863182464,0.967862726960081,0.424355317879715,0.229108525819793,1.06134712381291,0.20167376106552,1.78981925869319,1000.00010654799,0.693147180559945,1000,0.693147180559945,1000
-0.034974779725434,0.178615426968549,0.0510966237676012,0.146313890287614,0.878913432520837,0.0799665197949845,1,0.00492008754261808,0.913507431529098,0.906508403963427,0.255628037623335,0.946650512852543,0.394395244394373,1.89705854987614,1000.00000250642,0.693147180559945,1000,0.693147180559945,1000
0.143831638325488,0.269636554905567,0.247102580894988,0.241755013203563,0.642783752424394,0.411665525259079,3,0.294424996357041,0.698710365337439,0.279010302096242,0.292149582103807,1.19782486500817,0.458292929236521,0.0100721652427672,0.461053152276049,2.971102001485,1000.00000900178,0.693147180559945,1000
0.394722529607788,0.294723935612475,8.94090410165844e-15,0.000189112798852544,0.938710154533069,0.0306919151122164,2,2.14156502795472,1.56869832835422,0.789010166002788,0.220489095848056,0.768249870441771,0.269700329709289,0.423223285920113,0.321280568182709,2.46988597603477,1000.0068016191,0.693147180559945,1000
-0.176178753234984,0.227606843299594,0.320410595264896,0.291008989808872,0.835057933307643,0.159034372700122,1,-1.34076485447036,0.834371798000516,0.882772998950106,0.263505237400589,1.11203717061915,0.335607212975943,2.67945278537976,1000.00011840808,0.693147180559945,1000,0.693147180559945,1000
0.147893024256457,0.216770191079983,1.31349102981614e-10,0.0231119086388601,0.928422931860389,0.0507174742513294,1,0.826807632055895,1.17477875215044,0.827931021468141,0.251527834883149,0.282727491401812,0.351613926484746,0.778702414900347,0.324932841375194,2.08511671029435,1000.00000338847,0.693147180559945,1000
0.0710151611760812,0.140718051562146,0.0283085068332109,0.0520252809151192,0.793057823880048,0.140088931389826,1,-0.565046025254671,0.65206985378962,1.03529976416925,0.165666599355681,0.640460038122049,0.381492697553729,2.0051600787407,1000.00000016371,0.693147180559945,1000,0.693147180559945,1000
0.269421694693131,0.35913505178573,0.0738761126927586,0.257408761103076,0.971506440610874,0.0224706138355805,1,0.690400327759094,2.18782083235302,1.1535987366734,0.329982868988765,1.25054636285535,0.389898566532271,0.539399321297518,0.315425706120522,2.95575606799021,1000.00122347522,0.693147180559945,1000
-0.135743831751055,0.191604185432449,2.61778189818699e-11,0.0102351572296159,0.926555416872722,0.0402627426591435,1,-0.605791514556179,1.06856227615926,0.600643517880678,0.291459470950354,0.216232320485123,0.263456599257027,0.890182933130141,0.299592132190282,1.81087921789944,1000.00001196427,0.693147180559945,1000
-0.00507011159385185,0.293603147825186,5.05939737030813e-12,0.00449950518144479,0.920659095999773,0.054407175370852,3,0.451698621355601,1.33667983491476,0.714031109260203,0.306214923873952,0.624962392175245,0.424306179680284,2.6016960394613,1000.00003741025,0.693147180559945,1000,0.693147180559945,1000
0.186277305349966,0.443708454477989,0.499926987734423,0.647522793934516,0.955506516243314,0.0526188811844124,3,1.3127834066838,1.61835476709338,1.08048846470977,0.272585285199366,1.21133290982042,0.288483258650354,0.25692530982357,0.52576932001495,3.62047355960261,1000.00005370747,0.693147180559945,1000
-0.0528442089546815,0.197164276390016,1.46212320697642e-11,0.00765265088071859,0.901323077620597,0.0437067317814086,1,-0.675765669307559,1.02455673428069,0.531901810596776,0.215013479481389,0.779037461246533,0.272804378185645,0.246500517806097,0.787497978686326,2.33798638540176,1000.0006561051,0.693147180559945,1000
0.0351092089752631,0.238702421573146,0.0742573279859096,0.125454086428405,0.793590104395621,0.233170472958821,1,0.87984981579964,0.840071561548622,0.368875475578455,0.289852768936212,0.411110752469473,0.258214592053413,0.78402736488138,0.204826116787984,2.1942295695085,1000.00000010008,0.693147180559945,1000
-0.216367195649134,0.304897443590067,0.0367603751543395,0.233813539471088,0.937057857711498,0.0544095169932098,1,-0.351569099677953,1.39104126183424,1.00321351985022,0.247279784319784,-0.371098536548414,1.20534026354715,1.00556957740773,0.478518343183123,1.84825213197666,1000.00000232811,0.693147180559945,1000
0.0823348526422134,0.217000966866989,0.0065574980457126,0.158083721123708,0.899505969543489,0.0622670735363469,3,1.37662158128746,1.07350377738506,0.506341363387536,0.194853738382887,0.766622235765553,0.460308040034312,2.26902345399049,1000.00051999793,0.693147180559945,1000,0.693147180559945,1000
-0.215181528145306,0.148656650724466,6.90023734711465e-14,0.000525367661826733,0.87026066952614,0.0609069587496814,1,-0.592502463658531,0.720661578679415,0.580739258726777,0.221591608347151,0.499769623102894,0.387525498766415,0.680866642967395,0.396174605509213,1.89625691344023,1000.00000000328,0.693147180559945,1000
0.180911091077004,0.196609133704268,0.250738201472212,0.241454094289223,0.693913205332897,0.499720149872809,1,0.83252922153891,0.660418961423022,0.842577063598743,0.243993448155236,0.654133813788821,0.778930163735738,1.60300361493625,0.336858415920492,-16.6854384444634,1000.00000003289,9.81185278887498,1000
0.129620372927203,0.177509283604666,0.045272984365902,0.107997368244576,0.736577054702768,0.181650492766569,1,-0.259048245969105,0.608762911265369,0.525706109860782,0.195263819790724,0.356363295378505,0.309991627964193,0.322905494288816,1.05007483328857,2.23870675752506,1000.0000970223,0.693147180559945,1000
0.0713898187425346,0.175358771946919,0.105249103242499,0.10379249640698,0.27033795900396,0.440966220671997,1,0.409924802325892,0.662595515313588,0.708476422697305,0.232152070019347,1.00159261634251,0.287882624284196,1.79262261000465,1000.00000040654,0.693147180559945,1000,0.693147180559945,1000
0.116205183064351,0.20851125984756,0.140698849388161,0.120421913471969,0.69860125782561,0.312833296374821,1,-0.0488946512505236,0.79004957748918,0.799640166592056,0.201889877848422,0.835546344084465,0.372172411670735,-0.533967349843218,1.5166471772713,1.12440310666758,0.210950710206661,2.35746570986081,1000.00095970514
0.158943423527951,0.207472824638149,0.1702295753528,0.150775339777076,0.601449551884532,0.480925971938517,1,0.871968980437869,0.691439686970301,1.20545527287345,0.208912253540338,1.01716616168115,0.253527348453194,2.10772904820013,1000.00070331678,0.693147180559945,1000,0.693147180559945,1000
-0.0342007648571273,0.163151462206301,5.57764551494965e-13,0.00149391968432612,0.890739283648646,0.0639770898571522,1,0.0114012103207578,0.890350699970472,0.387156287660088,0.30934301458915,0.407075511663314,0.261281052699208,0.652386342440055,0.382482647110985,1.78322425028708,1000.00000976886,0.693147180559945,1000
0.163618289224561,0.190894390510644,2.61855589533945e-13,0.00102344332490128,0.964865169009771,0.021587012401572,1,0.164327116467343,1.36919127437699,1.06284571654594,0.284702241823624,0.898985373376053,0.38202582605745,0.280658948631299,0.664335421333385,1.03347886948273,0.458489477030936,1.95553726001975,1000.00017362652
0.0136069331676342,0.137617857696637,4.33817593886079e-12,0.00416582924634131,0.817625965121073,0.0731379876337753,2,0.26420978223782,0.645585124622708,0.667783322572661,0.164654112302146,2.26490908697891,1000.00019468875,0.693147180559945,1000,0.693147180559945,1000,0.693147180559945,1000
0.0558599854649795,0.171895517622001,4.15744235632586e-11,0.0130540430060207,0.882711041989777,0.0553782488007759,3,0.0472258185212056,0.811167441788193,0.795222092422566,0.215341480675275,0.124958812064548,0.492506065374589,0.0890946229684936,0.738811048765966,2.77722844818136,1000.03396963939,0.693147180559945,1000
-0.143167214113776,0.21118369510495,0.0999263159690399,0.143918006918785,0.856593876527608,0.103661277986033,1,-0.428875816653542,0.949312091144189,0.545923558553422,0.185769302049681,0.64274960252326,0.302706351788011,0.723068226777782,0.472684702497339,1.88337227854622,1000.00031243377,0.693147180559945,1000
-0.230276687712142,0.250856919745566,0.172101395202278,0.26909220708626,0.894769910866765,0.0748791131462831,1,-1.35760628868349,0.97969978815138,1.00600640022351,0.236395246346427,1.02913410679674,0.223591692076338,2.05353869373881,1000.00000194799,0.693147180559945,1000,0.693147180559945,1000
-0.245390737622448,0.32148395426071,0.268091422474169,0.201045791643699,0.467256375422725,1.01910757635734,1,-1.47996242783598,1.22550465032844,0.886733778523673,0.256682722198517,0.621593670499608,0.307828093152299,3.23630360866546,1000.00000621588,0.693147180559945,1000,0.693147180559945,1000
0.0724108665230001,0.178276800601051,0.121455075739391,0.138323593614003,0.85526837713364,0.0821037903842049,3,-0.568992055371976,0.749130771794835,0.79917741250896,0.20908557252035,1.25623094333387,0.33866432901584,2.50419315518847,1000.00023653153,0.693147180559945,1000,0.693147180559945,1000
0.0387047553282538,0.187865754010735,4.15964801768459e-16,4.07904316285319e-05,0.844524385872962,0.0786072566062156,1,0.596652628917496,1.03619845112731,0.645805221789329,0.238308503641524,0.465689034567427,0.300101065088364,1.83512940885199,1000.0000000132,0.693147180559945,1000,0.693147180559945,1000
-0.515578181769016,0.242841522103471,0.180004617184269,0.176425275794923,0.430441213535453,0.488128256373977,1,-1.55965969228109,0.846773766739694,0.276018313198195,0.372421376907726,0.947609406611288,0.256480014284885,-0.537176327598014,0.892674306394244,1.79758143105446,1000.00000269466,0.693147180559945,1000
-0.0555359947616738,0.162699820017209,0.067900609581806,0.0799510751086582,0.707275451036187,0.167894292159936,1,-0.450093209480297,0.576457661664012,0.646907211500924,0.220727416619519,0.39231681141828,0.308522504115339,0.329478577686023,0.64899839341631,1.93087240474964,1000.00009626579,0.693147180559945,1000
-0.116013722826549,0.174454190919642,2.24451310980462e-15,9.47526049196572e-05,0.839447561298197,0.0804696688250759,1,-0.263121280059713,0.804837119661095,0.653683117672212,0.254259211028655,-0.162748802311625,0.344004611394802,2.05634415808896,1000.00000117907,0.693147180559945,1000,0.693147180559945,1000
-0.0396647390134675,0.292869516693316,0.0910282522681698,0.239738204323155,0.945784004099375,0.0446326686075471,1,-0.023188278309262,1.63894306129874,0.493676128660437,0.256931365254949,0.392070937032599,0.374029876384642,0.910795658862121,0.289482376589818,3.22159987962404,1000.00051064804,0.693147180559945,1000
0.029978102857603,0.170422064450489,1.3529374758631e-11,0.00738433450722881,0.893104575570506,0.0573658905166282,1,-0.247755762915465,0.947121397396515,0.708923254627435,0.273887575965116,0.0576678220889879,0.412501462897442,1.1176756312897,0.318304177130532,1.83414070297941,1000.00002226411,0.693147180559945,1000
-0.167908502856813,0.241220397356212,0.0190698108471382,0.140104377675725,0.846355447491216,0.121408010551362,1,-0.570535725912212,1.06366202097685,0.668334909302218,0.289353629746963,0.478882155183389,0.404776795019718,2.16415566665902,1000.00006491492,0.693147180559945,1000,0.693147180559945,1000
-0.0942570800258617,0.232585015584005,0.200391358770098,0.227511819757228,0.906603674228981,0.0655330483308035,1,-1.03260208468588,1.08145384354177,0.882476757804582,0.190235267797317,0.461142189356534,0.560588361678452,0.503753110040647,0.579424315363368,-0.0159382885254119,0.704226998172776,2.44618944895114,1000.0006640719
-0.0332100990762762,0.196424857336269,0.320073461623284,0.294900145426749,0.603354843489863,0.500074958297548,1,-0.187351157220926,0.556451063262026,0.425763072364923,0.267886977428229,0.147313757676443,0.351937173396812,3.19721538451477,1000.00005713706,0.693147180559945,1000,0.693147180559945,1000
-0.356480994941465,0.335690528146701,0.502935845883945,0.437123106721367,0.709975337465597,0.628066838667416,1,0.221185718759842,0.921929499792118,0.524338803386312,0.35144628555129,1.20485865536919,0.28374762302867,2.53796299609016,1000.00004194193,0.693147180559945,1000,0.693147180559945,1000
0.0866903916109606,0.248689278233056,4.40458768067941e-11,0.0132959697086463,0.896364333154115,0.0607455969058006,1,1.68252401455523,1.43851189966984,0.330184781991329,0.388453078497121,0.892700284271972,0.384473935839318,2.02603231161815,1000.00000027807,0.693147180559945,1000,0.693147180559945,1000
-0.0447588078769278,0.350838820243374,0.400468176706728,0.250293661589114,-0.0588063100269646,0.491074809783159,2,0.677991571243095,1.24741033756863,1.12899652914329,0.260801419624585,0.414071204401701,0.528132182952796,5.5544085427518,1000.04973459762,0.693147180559945,1000,0.693147180559945,1000
-0.229161258005346,0.268869296919175,0.212904506974586,0.201787614149462,0.487103898307459,0.727350976740934,1,-1.33156666119352,0.948597730921297,0.810580153241393,0.21804539168443,1.19147794845623,0.186873482435848,2.04591047355181,1000.00222569683,0.693147180559945,1000,0.693147180559945,1000
0.163283654686887,0.311628800817508,0.0202428964126761,0.145965660932493,0.928173971055781,0.066463020680258,1,1.4636311546124,1.83495659276759,0.45528485479616,0.301861860482366,0.506123193201984,0.273505896550355,-0.178546914912134,0.67547243884763,2.48252503355922,1000.0010721074,0.693147180559945,1000
0.245668278063259,0.200994086922876,1.68339859968458e-11,0.00821293259587026,0.830776741641885,0.0641493110190042,3,0.538039094864294,0.840049950058889,0.92322405220782,0.212487210480888,0.273337880854291,0.437387769711847,2.28254881118367,1000.00007511257,0.693147180559945,1000,0.693147180559945,1000
0.239525126706342,0.218482214331889,0.0895667831345738,0.20020818825325,0.918336324454684,0.0834552019223077,1,1.06492101793121,1.19683176468799,0.651178729101338,0.231441893096653,0.833718543178002,0.273072705064439,1.24509449396675,0.542661239755437,2.26322258294333,1000.00000659681,0.693147180559945,1000
-0.11334470114372,0.25170169216625,0.0870859202419152,0.138828233425125,0.853449616033308,0.139419976142992,1,-0.408943952048472,1.21451082011923,0.523797008830111,0.250744357508689,0.632888505551032,0.318251938433291,0.469321249421942,0.24265520751913,1.87388113270654,1000.00000010558,0.693147180559945,1000
-0.105884849296064,0.147838568017275,3.66011171090955e-15,0.000120997815503308,0.94102818678655,0.0352735600333578,1,-0.323338717065816,1.01001537501745,0.948953043378298,0.14218077979222,0.969517875529065,0.236487872758987,2.03980201531233,1000.00000410561,0.693147180559945,1000,0.693147180559945,1000
-0.430909126567353,0.280234347327987,0.855466767463217,0.564707580714827,0.416806013528479,1.06764128355393,1,-1.33447553682783,0.764792588922479,0.767858479239705,0.236689402794115,0.890424716085032,0.29788809811519,1.64756735924511,0.263666990019991,2.71537106478285,1000.00028672682,0.693147180559945,1000
-0.243642207026962,0.289439619499332,0.218439951038842,0.191122774008533,0.588910874114165,0.610441918996112,3,-0.32255926378442,1.16175468393148,0.36298857551472,0.262375803957906,0.608210950482946,0.353418233511236,2.46701009438795,1000.00251903974,0.693147180559945,1000,0.693147180559945,1000
-0.37649942854879,0.325526939070171,0.448137061178937,0.516362431467543,0.93532181768511,0.0675116545628025,1,-1.9844006121556,1.21579662836546,1.325906056416,0.29197589922304,0.348128088300151,0.440524070930294,0.596301938008613,0.606428855032439,0.730718150898191,0.916768093186632,3.31202378597215,1000.00002587874
-0.0641112157663277,0.258562591739299,0.00885023530477484,0.196798618272667,0.954337752336647,0.033096760758635,1,-0.344505396079833,1.48014838151549,0.572022110456381,0.223024632585809,0.720877307089621,0.32981198182049,-0.462851623677974,0.583518227216374,1.13664564464499,0.370342195834088,1.88774319483315,1000.00000025278
0.156057302676868,0.254961491768205,0.179594092621305,0.223746887303082,0.837435446490524,0.157867482410736,1,0.265628147862192,0.922346031421788,0.738759727923135,0.191769156277375,1.23731115291191,0.580165936233619,0.829962726689641,0.774081316623597,2.10457978597151,1000.00018525827,0.693147180559945,1000
0.0833080896893174,0.190077270978741,3.21126634062635e-14,0.000358400318500825,0.911199574978509,0.0432358593753694,1,0.298738895151858,1.00089011372797,0.325388003520422,0.243231499458535,0.796787432390287,0.37455938350103,-0.0406419794687783,0.482835493826253,-0.412529415944791,0.466600924780423,0.332448483348703,0.164748632466127
-0.0671755291857507,0.169377770804022,0.0782614209516656,0.119561868528863,0.762248356197228,0.172806970248971,2,-0.322683254728468,0.69614091775429,0.67199147191666,0.238358872273088,0.57751650014585,0.305901545063975,2.66388094398571,1000.00009294376,0.693147180559945,1000,0.693147180559945,1000
0.0127520546877013,0.183678108839192,0.0772826934585312,0.0684484083084917,0.672359222663901,0.323769873258752,1,-0.230675963522117,0.699093952430813,0.539355242519135,0.208317685300852,0.507084648684343,0.192775071825406,2.29898611220699,1000.00017277638,0.693147180559945,1000,0.693147180559945,1000
-0.029478438507984,0.278195313590843,0.092173583957286,0.203513133296123,0.846952221324602,0.108554764887256,1,0.447072607103487,0.948613684049647,0.584154034132877,0.260735537464789,1.01155086839695,0.437310900810042,2.03475758377355,1000.00008376417,0.693147180559945,1000,0.693147180559945,1000
-0.0493732380560111,0.177157152379278,5.35771937315453e-12,0.0046313957694091,0.884910940897388,0.0597000889125359,3,0.289719818560896,1.00651409909156,0.845160831293769,0.26145900180836,-0.0331254275395945,0.643889035692852,2.49381217233073,1000.00037474339,0.693147180559945,1000,0.693147180559945,1000
0.00776526729253431,0.235880644609237,0.201125010015629,0.19506642651356,0.894459931822541,0.0682680295174485,1,0.237412547979479,1.11316036934881,0.739277187041279,0.169819167392153,0.640313374085558,0.226587787082933,0.594831264893063,1.21564255148916,2.91392738853752,1000.00007790266,0.693147180559945,1000
-0.605025275092743,0.413636456224287,0.215098791400157,0.48823940363343,0.986636281509215,0.0112094941640262,1,-0.766682354243672,2.12040671678477,1.45640282769895,0.222734233160687,1.23457121877227,0.453297556117383,0.623760113557219,1.04801477834041,4.09239713474099,1000.00004178025,0.693147180559945,1000
-0.123534309673093,0.245791621440986,0.317703978932848,0.355304122744965,0.85501935419984,0.142701664477066,1,-0.515760932946645,0.834330735761018,0.287430672965826,0.281878139054423,0.741692163028184,0.174992976767609,0.946206154754652,0.848963214943054,0.329871959532844,0.323024561931614,2.65097892675804,1000
0.334853931551818,0.19115315862404,0.0475063582471793,0.237790377276622,0.957187331047163,0.0305659876201177,1,1.29116111986424,1.0535654545145,0.883806861223504,0.264667333259859,0.610551565616765,0.526551457031114,0.51738354799865,0.526372180146103,3.1760088765995,1000.00004846836,0.693147180559945,1000
0.114233228333391,0.224146083390553,0.0036465269215251,0.11916446072696,0.891858724969991,0.0767885150186584,1,0.736684696173065,0.851415731479604,0.723645431040435,0.230419792322647,0.984044991058942,0.591924304366077,1.90693246572339,1000.00001602054,0.693147180559945,1000,0.693147180559945,1000
0.226504768974027,0.140588401449738,3.44880825725037e-09,0.0631029375487102,0.848842897271133,0.0855809573896031,3,0.206191642762825,0.77331804216728,0.506329009758553,0.225976520976347,0.760394914101404,0.209180303243842,2.249795895415,1000.00046412194,0.693147180559945,1000,0.693147180559945,1000
0.288585816401172,0.330678364204765,1.36857628918955e-13,0.000739886098489647,0.9595994185284,0.0296634246695456,1,0.454266437212589,1.51691102775197,1.02870582466016,0.353375979165666,0.613721070677482,0.467137162554618,0.488312703426469,0.523754195560445,1.11122837844098,0.305460030163272,2.27397681199187,1000.00000359061
-0.282394149855358,0.284771640286099,0.596219996354974,0.605490315875819,0.196238871010759,1.12789339873547,1,-0.37551720108382,1.06761580096393,1.20702297577811,0.344817505979674,3.55690580800757,1000.00003381088,0.693147180559945,1000,0.693147180559945,1000,0.693147180559945,1000
-0.0743302126771746,0.213547324625643,0.000745635253843195,0.0833000421120535,0.906832485068656,0.053381139834622,1,-0.0260464978034975,1.0737893080541,0.824763235156075,0.232544585152667,0.5659365430938,0.281025176552225,2.25627392701075,1000,0.693147180559945,1000,0.693147180559945,1000
-0.380214392112954,0.186002970117057,0.142742691018723,0.121168930252417,0.717160165125309,0.342984392059199,1,-2.98104191746834,0.860648365818723,0.80768229671308,0.195637975238648,0.87543704841982,0.271061548341261,0.208442044950342,1.05421881381358,0.064190343830318,0.18431855239285,1.89524960337279,1000.00155714015
-0.0903048548503348,0.313165528915578,0.215792958178374,0.349813654538203,0.80139374398968,0.307688357536642,1,0.551813528689545,1.25986345603912,0.238933967765856,0.380621324948797,1.03049275795973,0.387080648501446,0.860713539326064,0.340732020809995,1.99313156929249,1000.00001099492,0.693147180559945,1000
-0.00902098364490026,0.207127830386653,0.0290166494155209,0.078446071145494,0.792403070416989,0.152823119742617,1,0.0649149062007971,1.10360124689383,0.464586920571755,0.251229657010472,1.09449953647944,0.30118442417628,-18.0437964754248,1000.000000003,3.81524688716337,1000.00000001397,0.693147180559945,1000
0.00977887004904159,0.166888928834722,1.02148915735488e-14,0.00020213774032094,0.898713021390283,0.0431621244622217,1,-1.95177687463594,0.916535904986574,0.76809518906433,0.201596721483882,0.85803775063296,0.328201814299565,0.774511103468073,0.256750971817871,-0.391622602466904,0.946139613846334,1.9641467433804,1000.00000003444
-0.0313432448154303,0.256779493873667,4.59578847852837e-11,0.0135615284227692,0.936012957559486,0.0302494722961042,1,-0.00926464506436821,1.2445433979181,0.755114599048962,0.184095255913683,0.461558241559261,0.541887177678973,0.497452237754429,0.718998573860751,-0.00614991716628556,0.0455427788162448,2.05429162791845,1000.00000281521
-0.230156374266143,0.16865279181952,1.1467754119973e-12,0.0021418393181233,0.905310954888791,0.0634582285915513,1,-0.395867494878199,0.897741947236714,0.825943563755434,0.309530172842289,0.253496480250441,0.414833903754992,0.373784394837277,0.43076739914759,1.92365724815365,1000.0002280939,0.693147180559945,1000
0.00401414712871124,0.179905054266471,0.0617696395606075,0.095845631739856,0.750875648344486,0.137342436250977,1,0.0356121178092573,0.686448556263909,0.339990755636038,0.257901070569828,2.62348320639394,1000.00012851056,0.693147180559945,1000,0.693147180559945,1000,0.693147180559945,1000
-0.0728326456478598,0.234015560483073,4.96504191099001e-11,0.0140968360745094,0.921889861093058,0.0562868908593376,3,0.210126850109263,1.10235248104448,1.34909228014988,0.352736651365724,-0.590736690103814,1.32858975915154,2.43086558699334,1000.00000241068,0.693147180559945,1000,0.693147180559945,1000
0.273197577122198,0.258199123980507,9.59151360833637e-13,0.00195874471616872,0.942066268266879,0.0542021573903318,1,1.93638737334105,1.4731360864244,0.396696663837421,0.51740597221182,0.96446371530526,0.403987815347253,0.68796549937032,0.320222960813681,1.5033699330555,1000.00223812797,0.693147180559945,1000
-0.204525939235322,0.159945789800849,0.0551936436302694,0.0827407322434777,0.868909833180036,0.102391191167447,1,-1.23936776772681,0.849716652963656,0.24586241158971,0.372604146665901,0.811376515719908,0.202647368321301,0.556670675228087,0.300908396908314,1.8346162693665,1000.00024556871,0.693147180559945,1000
-0.109944531977026,0.268033417008384,2.46025594469167e-11,0.0099234977088795,0.918421568539268,0.0571914013805027,3,-0.247686193717422,1.38966170825451,0.605087090768395,0.357646872894827,0.890249086648559,0.296562116084632,2.59258741294197,1000.00007816562,0.693147180559945,1000,0.693147180559945,1000
0.35009270586086,0.280664444709604,0.34343459354178,0.193880568144856,0.195084990953786,0.619009529576955,1,0.507025339124346,0.834628275891827,1.01787083315984,0.213782808354451,0.675376527511921,0.320107369852263,0.749836685345178,0.499997625271642,3.04821910287163,1000.00015582636,0.693147180559945,1000
-0.543526135407488,0.339110868053163,0.607208545812812,0.512320931510052,0.880309143615853,0.129706259074937,1,-2.39785337883547,1.10921580435339,1.08590110965029,0.233285157894702,0.222715413296423,0.360608938841742,0.979068568753906,0.715676949001242,3.48255820056346,1000.00001761419,0.693147180559945,1000
-0.0659209275145018,0.195659106014421,3.21595998708392e-10,0.0374648192683431,0.922996316990954,0.0394426911312503,2,-1.42320076249822,1.05887807160233,0.673223280517071,0.229913576088696,0.873126536515267,0.277575211322526,0.747222398808956,0.541037258649594,2.51741998763269,1000.00009974353,0.693147180559945,1000
-0.102278285618855,0.192688665814109,0.129434119574004,0.117835002104628,0.554676926142363,0.402864780143766,1,-0.655825168615791,0.781133075464831,0.469370923721186,0.238897122414888,0.613107572877184,0.293501965209508,0.999195395985481,0.378189223108333,1.9884334134596,1000.00000046272,0.693147180559945,1000
-0.0536291857250183,0.241596156476711,0.091914179145813,0.230764991234522,0.852181467103329,0.145512333160694,1,0.0990972658428541,0.947171046425891,0.446903519008786,0.248252001860814,0.464867238848724,0.400896293091461,0.560964419667137,0.546077971241498,1.92062597483166,1000.00001508637,0.693147180559945,1000
-0.369230483410419,0.181616044830312,2.67724308280219e-12,0.0032725639493727,0.842068681710687,0.0857953325091094,1,-0.956856777606136,0.751417506315334,0.591524395414957,0.21271651582774,0.780587545266103,0.313962497462435,1.82458485183138,1000.00001599037,0.693147180559945,1000,0.693147180559945,1000
0.0913372815619978,0.21382253932636,1.90491143202628e-14,0.000276037253236,0.886865654617508,0.059511690382903,1,-0.237284095964769,0.737260230683545,0.683968644712006,0.254987771455139,0.757187613479807,0.371977324567339,2.27547926256336,1000.00005362439,0.693147180559945,1000,0.693147180559945,1000
0.15853340968308,0.398646988788437,1.01658705309462e-14,0.000201651888353684,0.974084578706956,0.0272757494402546,1,1.44287541180063,2.13174737447077,1.40306720073544,0.44158765289365,1.2279943895619,0.272968739725217,-0.174270666485731,0.833391779654475,1.92253587756512,1000.00000003118,0.693147180559945,1000
-0.18365395423129,0.173949197547214,0.0300236943635313,0.0762099603328666,0.772829032076402,0.209486512998342,1,-0.962981747004867,0.947502437160775,0.499586731560092,0.267119833424628,0.229226126345208,0.266947610045916,2.16283200324129,1000.00015623447,0.693147180559945,1000,0.693147180559945,1000
0.0599805982565079,0.172152630492481,4.25857444139049e-14,0.000412726491706689,0.939859367747178,0.0386656988471763,1,0.92279468636867,0.91794941472048,0.422950656556872,0.305816901511897,0.279832493136272,0.275360002620034,2.73875864782373,1000.00000344724,0.693147180559945,1000,0.693147180559945,1000
0.0732687782497705,0.155400366091766,3.8307364899702e-15,0.000123786331837055,0.800716137978005,0.107746238498745,1,-0.34803634379851,0.647377600295671,0.304932290351879,0.287581964775916,0.717217874442777,0.203385884146062,0.353058038006506,0.403021579079946,1.82960356951548,1000.00000000472,0.693147180559945,1000
-0.143620527338779,0.184378336152777,4.4358132010973e-13,0.00133207792357351,0.85970476200285,0.0823193082335843,1,-1.45273649953808,0.846676096822561,0.732330148890894,0.249879376641792,0.487174253268103,0.195431635850287,2.01513866259171,1000.0000014508,0.693147180559945,1000,0.693147180559945,1000
-0.0452540865264426,0.194129056147193,4.46919408433033e-13,0.00133706215198138,0.900380856479775,0.0592966005308334,1,0.790934720092516,1.07608940484517,0.247105531055033,0.320132898429391,0.355406026252865,0.400210370569227,2.38230821528793,1000.00005460967,0.693147180559945,1000,0.693147180559945,1000
0.0183545120739468,0.163198272219253,2.29049942749178e-14,0.000302688449339832,0.868377464506369,0.0630310725263216,1,-0.956615277319792,0.851481954673133,0.899668439446308,0.186937428032428,0.894238726747955,0.291603968688947,2.05612881923705,1000.00000000893,0.693147180559945,1000,0.693147180559945,1000
0.274666049245118,0.258118502517643,0.4427584054228,0.377013920344727,0.387053851646628,0.877417321729389,1,1.0122775057153,0.676713562685986,0.378816468743924,0.273634057906887,1.2078983250194,0.230224014485038,2.20763528903311,1000.00000218373,0.693147180559945,1000,0.693147180559945,1000
-0.106689169271948,0.195559287498599,0.0484909060819441,0.121011643721706,0.866154803545156,0.0764442555954387,1,-0.238387739722364,0.988172773371269,0.573925234043966,0.261322555752627,1.09649395767062,0.218890975435717,1.92605560411884,1000.00044292959,0.693147180559945,1000,0.693147180559945,1000
0.103245575967404,0.175149410011242,4.93443618554955e-14,0.000444275405973324,0.839078318842423,0.0977670109424546,2,0.874042353815836,0.731586945106246,0.527871241713835,0.234928439248973,0.0536668102595956,0.433315580916764,2.23349115575469,1000.0000442731,0.693147180559945,1000,0.693147180559945,1000
-0.0729355399194547,0.160764591971942,2.65254525691435e-13,0.00103006922201436,0.90511622600995,0.0482220287245498,1,0.271502026795631,0.849256775197696,0.780824099689359,0.213188426003772,0.426443202069178,0.299889955084056,1.99111190893188,1000.00103080844,0.693147180559945,1000,0.693147180559945,1000
-0.272512094420545,0.160371158119202,0.0312095099432142,0.0907548498415158,0.858572465700571,0.0868405849276685,1,-1.87718871395596,0.820449617887424,0.817072812696614,0.253975363247831,0.102473387996136,0.324287271045781,2.84636522247284,1000.00014761059,0.693147180559945,1000,0.693147180559945,1000
-0.17125924199808,0.181900306721014,9.38083170520575e-11,0.0194785132767433,0.926451949321726,0.0352287131201435,1,-1.73647361510382,1.18704585422909,0.801334643469508,0.217436949545054,0.590374156864334,0.258213121671252,1.04832349334997,0.371265020052075,1.85030799601871,1000.00000002014,0.693147180559945,1000
-0.0681200256668959,0.313438621118653,0.116869293354657,0.206327028577212,0.934041895126288,0.0400968292765597,1,-0.965640611324218,1.52053873250239,0.683635327516137,0.317606199068821,0.66444363839671,0.191412540862924,0.347911309092204,0.333496882950133,0.875507145806635,0.0795990979506739,2.34283981625583,1000.00000000798
0.155669929973776,0.18322575801243,1.45165663873839e-15,7.62012353810407e-05,0.923451401265462,0.0457628419773268,1,0.209291542123285,0.934567215031182,0.896707521971013,0.261723779770263,0.573946560513778,0.346284965205175,0.727218270606722,0.43783742996894,1.95453477118476,1000.00000015821,0.693147180559945,1000
-0.513853075727252,0.204147930544234,9.13728716363152e-17,1.91178316545094e-05,0.924783763589107,0.0447394912401062,1,-2.37099403761128,1.11676316866252,0.735643412451431,0.21911193575446,0.462674723731045,0.497308851627554,1.26679159970644,0.401177237493912,1.91462276234531,1000.00000005166,0.693147180559945,1000
-0.0573587128024083,0.27067313993459,7.97025989192283e-13,0.00178557654842139,0.932894096321767,0.054552529610616,1,-0.311096185618213,1.47462639261116,0.126905353140872,0.403099933402756,0.731972968203652,0.334087488338121,1.03599021788462,0.226143173865859,6.55488631330819,1000,0.693147180559945,1000
0.0266009614377709,0.241242793861168,0.116313665769677,0.15248102954669,0.711753485181137,0.295515534898702,2,-0.10068386814467,0.904229085233607,0.659726925562988,0.234761972974312,-0.0296332410655336,0.634564397674907,-0.0211393684605082,0.494828189235376,3.11572366663681,1000.01144417177,0.693147180559945,1000
0.0141218802730594,0.325981718757124,1.67701155372615e-12,0.00259001198315099,0.968512409996555,0.021204333943122,3,-0.128640424405085,1.84426059115801,0.909546958063656,0.424701722016913,0.918976233492533,0.253773953479685,1.12015474922548,0.480302445877748,2.91151018937872,1000.00005860184,0.693147180559945,1000
0.341789892921398,0.236197339454745,0.0191957490844764,0.11792859460244,0.897193405059415,0.0683701725756868,1,0.941577526972611,1.07577430180002,0.804285049463336,0.245272262363703,0.959616263365006,0.200134884661729,2.19951743576034,1000.00000083767,0.693147180559945,1000,0.693147180559945,1000
-0.401253732596385,0.181446369676921,3.00288154107294e-12,0.00346582126944922,0.838171473358617,0.0895002446112757,2,-0.865258979965789,0.800081700039199,0.950438627068275,0.214098366745657,2.13639230269313,1000.00006400137,0.693147180559945,1000,0.693147180559945,1000,0.693147180559945,1000
-0.11601337080454,0.289830547560415,0.139652177503521,0.297666452945506,0.956892056457279,0.0270125836968397,1,-0.601900512275943,1.52976412340501,1.02645662074106,0.244077780435959,0.605658618673245,0.356748366470753,1.47009852975015,0.276700475381616,2.22957119058035,1000.00000061456,0.693147180559945,1000
0.131433065892074,0.215700107443913,2.37261474702557e-13,0.000974196546393355,0.934981300406596,0.0360979637763429,1,0.0853733196610757,1.12360055194534,0.960699640514847,0.193928213265768,1.08585011805263,0.460719508686065,0.769417882219619,0.117608145844845,2.17588500643747,1000.00000817541,0.693147180559945,1000
0.225661462621091,0.272343797129625,1.93474757473806e-16,2.78190408458435e-05,0.950416490403428,0.0373235623107981,1,1.53714009087643,1.5925098033339,0.794363434182733,0.455158394552801,0.564594918161554,0.272076319847156,2.83636942967599,1000.0001112428,0.693147180559945,1000,0.693147180559945,1000
0.136704758399128,0.226833775604765,2.47438027464155e-14,0.000314603652757327,0.926210659981486,0.0388562508666517,1,0.760967245234843,1.09295749214484,0.421433747465199,0.303863256011476,1.33210062112319,0.277772079298593,1.94767931311862,1000.00000126702,0.693147180559945,1000,0.693147180559945,1000
-0.211823444605623,0.168599417590977,0.167859055818767,0.107785039171442,0.274314578859891,0.539250085150585,1,-3.0355218265949,0.662129283039454,1.21508754811006,0.137136594707805,0.637227402001324,0.282018644771234,0.074874363541979,1.18891610583809,0.660281935942348,0.188277904463674,2.00591235928644,1000.00000246029
-0.538871027580841,0.473923616066779,0.638294270832081,0.87565409837863,0.943685349234485,0.0476962489575982,1,-1.85479834407531,1.57323741607003,1.18938840172792,0.428818116959177,0.869167584226878,0.227021136888776,2.96005912751322,1000.00008486086,0.693147180559945,1000,0.693147180559945,1000
0.153582423926121,0.336916296682037,5.08482488275072e-19,1.42615916120937e-06,0.959793193518989,0.0268101771864043,1,0.921469634117716,1.86277917895832,1.02541845790618,0.244171560929698,1.06094409278078,0.414236413314544,3.19909711173042,1000.00010149638,0.693147180559945,1000,0.693147180559945,1000
-0.173547858573036,0.439031783184916,0.631022121335635,0.491757048451987,0.851360947545858,0.248016111060495,1,-0.121566932346959,1.29194555389034,0.710612631592678,0.2476416061424,0.995375712633099,0.276716661319816,3.47481324985932,1000.00028093787,0.693147180559945,1000,0.693147180559945,1000
-0.216034060852626,0.117718093750827,1.42901421150953e-14,0.000239083550007198,0.702107371817793,0.127628450314019,1,-1.16802137587003,0.676144100609593,0.709903487688918,0.152994253703617,1.97685811976844,1000.00000038692,0.693147180559945,1000,0.693147180559945,1000,0.693147180559945,1000
0.17632281146632,0.26320817857199,0.064949459667915,0.215468945877213,0.936699978281783,0.0571170347990473,1,1.48561067011798,1.4861941044573,0.603053736824162,0.330651090127787,0.667333404810397,0.510157690881406,0.716086469685631,0.603602960949254,3.81573882237876,1000.00160618344,0.693147180559945,1000
0.338193274580009,0.252912961684666,6.09022706833526e-12,0.00493680692802719,0.918825000196283,0.0587770839452684,3,1.8778566881557,1.24435551881133,0.801315338871094,0.313072160046668,0.389802954642704,0.365811074056102,3.08613680049729,1000.00003903273,0.693147180559945,1000,0.693147180559945,1000
0.0998210482030874,0.2178968968707,1.53385625673659e-15,7.83289584409321e-05,0.876056160778934,0.0763421438498874,1,0.396055254009538,0.932527461540954,0.659887533428341,0.230362243566787,1.02809795726156,0.360204158186205,1.73533402036811,1000.00000003488,0.693147180559945,1000,0.693147180559945,1000
0.0429504672483009,0.157717389082214,8.37001014502744e-13,0.00182992670332458,0.891222296058667,0.0392197164735095,3,0.966998522678649,0.826781670145847,0.774619724354262,0.214928144220489,-0.20528858591843,0.543622579175714,2.74675616809911,1000.00204059639,0.693147180559945,1000,0.693147180559945,1000
-0.227228747628719,0.163351231419092,0.0190091996751842,0.116130516824252,0.895292578841429,0.0584748876014612,1,-0.999055015243317,0.881791252853521,0.396047800489404,0.330093727918151,0.517972048264512,0.223451937655596,2.51897483756954,1000.00003789232,0.693147180559945,1000,0.693147180559945,1000
0.0881808925788348,0.136160317793341,8.6982211238825e-12,0.0059095682155602,0.85127567171364,0.0695222763624206,1,-0.15390535797789,0.777587757848303,0.266651746897487,0.208129068860508,0.626075902400648,0.278440314141603,0.766210477901668,0.409919268134169,1.9105122303163,1000.00084215173,0.693147180559945,1000
0.158322979234304,0.23122932700683,0.150734606573528,0.223945095577297,0.91789747696768,0.0768206371427874,1,0.235921022315271,1.09060276767249,0.941816847653762,0.156452701110121,0.311325560119105,0.417164471545947,0.441460349522473,0.711883732104966,0.806740397581459,0.715809590174669,2.14844661109419,1000.00001040432
0.11939878707049,0.124101175285726,0.0221614279509293,0.0762098782459815,0.883613798705399,0.0670619354833257,1,-0.116441587485258,0.696038062823602,0.586559218281938,0.152697110759371,0.58566259038589,0.1888097532588,2.4803062346692,1000.0000000001,0.693147180559945,1000,0.693147180559945,1000
-0.0958265121027441,0.196786896985839,0.0807903325006847,0.141067281687856,0.884471982702976,0.0804086549815499,3,0.207870337725271,0.75457687052884,0.536642811279552,0.252774304804694,0.995048584880831,0.518343405376808,-16.2237796552928,1000.00000010309,5.39331934210045,1000.02156651095,0.693147180559945,1000
-0.264412991728506,0.256509296427193,0.247213083437717,0.207858123150793,0.619507345105329,0.484703512478758,3,-1.13032014898118,0.81973399269007,0.635822249612785,0.195967584953075,0.271440165103755,0.338394359388653,3.07151884206259,1000.00028736761,0.693147180559945,1000,0.693147180559945,1000
0.0967306331808977,0.145802397546605,1.60504749103578e-11,0.00802271199609787,0.805510744122698,0.0782974739809816,3,0.928309345907243,0.920055880011172,0.622936496062782,0.177329540932127,0.489562093815894,0.381669706966078,2.00875981705055,1000.0001892902,0.693147180559945,1000,0.693147180559945,1000
-0.0143678986757313,0.229374561108003,1.50444703568823e-15,7.75744123091713e-05,0.886940149887001,0.0693192680323447,1,0.314328116304989,0.935385435796599,0.176284216352165,0.341471703148159,1.03000020712649,0.213655718595595,2.13083330836593,1000.00000004591,0.693147180559945,1000,0.693147180559945,1000
-0.697517062806755,0.246939047763631,4.06289582070084e-18,4.03132525198407e-06,0.888162232219799,0.0601686828004384,1,-2.90240421399905,1.02429290315656,1.17524713212905,0.170896976422641,1.07212368032153,0.344053352328068,2.18079503663609,1000.00000000439,0.693147180559945,1000,0.693147180559945,1000
-0.0029072891694893,0.174278664286299,0.109240717375021,0.114963612323517,0.834647407630277,0.0950577905295807,1,-0.853130980700035,0.857462104844137,0.606702348472323,0.291690646658105,0.88834657270108,0.198550243688463,0.548733143915508,0.648037536991808,2.22970751175082,1000.00000066207,0.693147180559945,1000
-0.0278753174301167,0.25003056198055,0.018065387690009,0.126090920719817,0.855373719844785,0.0932424268322842,1,0.0355197660879705,0.895606031178778,0.605617463214292,0.240598458697653,-0.0201419388954349,0.504630744988917,2.32733457148832,1000.00004030369,0.693147180559945,1000,0.693147180559945,1000
0.112576924038891,0.180182844416901,1.88053731285914e-12,0.00274280368655564,0.903658255426476,0.0534317613137025,3,0.096586041747944,1.12189885441858,0.546737216342843,0.241507243153855,0.602628381177356,0.283448186136733,0.48301090716473,0.485141560418952,2.50484606933161,1000.00004505323,0.693147180559945,1000
-0.309078065533482,0.159968293405336,1.32610192053346e-13,0.000728333406289449,0.8421382046375,0.0828246224101331,1,0.00237411276512981,0.900338613679459,0.833006768869884,0.152924544513629,0.024229503604961,0.627105396514352,1.78444946740929,1000.00000136616,0.693147180559945,1000,0.693147180559945,1000
-0.0706254617398364,0.219879188463946,0.136347727542082,0.261820597450924,0.853271651325046,0.146658893029847,1,-0.755610885844083,0.861635767460823,0.867582047786643,0.183055636784544,0.601230630222761,0.233272201412788,0.36624943921622,0.555454381428123,1.77717539909721,1000.00000032235,0.693147180559945,1000
0.0326444072143371,0.217086827043315,4.77229197047397e-12,0.00436953714399832,0.914355872111833,0.0809572854588944,1,0.62725867717655,0.88870570856731,0.555327239251951,0.421316957208476,1.08513540217184,0.300614784934691,2.04804841915963,1000.00001091501,0.693147180559945,1000,0.693147180559945,1000
-0.221981083820773,0.239517973495601,0.261946331619128,0.265109191451901,0.690761325478229,0.298310596816033,1,-1.05728162744194,0.824880080305963,0.285858493194406,0.304622648130565,1.22197818669076,0.360947815359125,2.29458468772246,1000.00000069694,0.693147180559945,1000,0.693147180559945,1000
0.344997425994033,0.224877463582654,0.200355466228791,0.173216768920226,0.833896458155586,0.150306691351939,1,0.123669348502452,0.854686270187099,0.822064267412975,0.321373179288676,0.688103467764072,0.429410810127273,0.825529056343918,0.28145809076553,2.39081558046976,1000.01234060894,0.693147180559945,1000
0.0936865000010756,0.203371730453872,0.0872723483929958,0.125993437271414,0.656008139956435,0.445238215510961,1,0.12009854330299,0.805930187207543,0.397504800387897,0.29219866743543,1.12078476196065,0.309344037856414,2.23745539593174,1000.00000005936,0.693147180559945,1000,0.693147180559945,1000
0.0322610843320177,0.186815732101073,1.76247142632349e-12,0.00265526945734456,0.898588285408579,0.0573614829294817,1,-1.04475111353404,0.92314190250953,0.824965323926701,0.250389095018331,0.895740724583735,0.346331199582659,-0.620619159680502,1.17156054749676,0.473980296252967,0.205948560280552,2.08682114687832,1000
-0.416988783563062,0.474183693402114,0.585379928120153,0.500822654252124,-0.528274849653987,0.454879736947947,1,0.325438714700148,1.34622096517934,0.767964153400027,0.34755451478228,1.2224169660671,0.602914483075935,2.75913196252058,1000.0000107207,0.693147180559945,1000,0.693147180559945,1000
-0.301175318571265,0.215135062235418,1.71426601678382e-10,0.0264414849148999,0.892916369721011,0.0565757888891801,1,-1.87031335063328,0.952889865017144,0.364113078988215,0.270303803980572,0.701313836211558,0.205806813782837,0.547096882871415,0.29706208470633,-0.291207672035298,1.20955355824442,1.98977976017578,1000.0000424152
-0.282354904355694,0.298058015634028,0.372993547565223,0.300200028461903,0.0439538506314248,0.700803942436747,1,-0.357956810621588,1.03302126400929,0.553909636736202,0.317105160715306,0.669918169736288,0.402117871787941,0.887147745985077,0.30766553752409,1.89361248301804,1000.00117373171,0.693147180559945,1000
-0.261946149647152,0.143884573127123,4.88450105638323e-12,0.00442888013455793,0.857902581228738,0.0831994765240439,1,-0.301780455036683,0.72084553026768,0.475676909752651,0.239802634913376,0.692102011797545,0.317966379754403,1.78106786325215,1000.00018759576,0.693147180559945,1000,0.693147180559945,1000
-0.39331100712681,0.440246989264877,0.133087146371863,0.265362590364325,0.921951317956904,0.0693637808022101,1,-0.25817196683359,1.62449419612703,0.436542627896069,0.307487325095096,1.05370417351418,0.274628703931559,2.07998944635612,1000.00004960848,0.693147180559945,1000,0.693147180559945,1000
0.181711214359015,0.167839506373931,0.0514532214250282,0.0757956557027037,0.883596678843951,0.105855036963702,1,0.687909620283682,0.796923206367475,0.667393720968352,0.310879382888349,0.6060361189711,0.232372265662268,0.383316722598657,0.274617557622608,1.74154237711212,1000.00090238632,0.693147180559945,1000
0.109577434951711,0.177072573081236,0.136046587294494,0.146849295985493,0.797380071478756,0.190316635577747,1,0.567641306350624,0.627699869534591,0.368057612574763,0.268939015984564,0.767998828132196,0.360064347870197,0.788840498752001,0.19132428453262,2.05088124149969,1000.00000283731,0.693147180559945,1000
-0.134267721366713,0.187968750129527,0.114729773844235,0.139521340800434,0.541372491793337,0.564945300703774,2,-1.34881473239465,0.742369710125006,0.30806236567108,0.236770182191725,0.721390011439536,0.263428310736548,2.7929393511416,1000.0000575116,0.693147180559945,1000,0.693147180559945,1000
0.262322672722695,0.20763709739624,2.8949818965697e-12,0.00340305128325734,0.881947398365656,0.0681518130557961,1,0.847516236400556,1.26883603014643,0.634484089447385,0.245881465684117,0.997287165119784,0.229732918262967,2.0377191632248,1000.00003806758,0.693147180559945,1000,0.693147180559945,1000
-0.108003364971381,0.183749331100939,2.92942353085553e-11,0.0108268988083304,0.883396078280626,0.055294986545448,1,-0.256439034416135,0.896568692574689,0.652457548845598,0.187049492857622,0.713183713078048,0.244012597417805,2.00869857696372,1000.00000013457,0.693147180559945,1000,0.693147180559945,1000
-0.220044500698242,0.230455770831606,0.278519434059647,0.214790242654376,-0.0893463007452441,0.569413242339404,1,-0.862414752111474,0.734366133529038,0.670546735969971,0.288027654532201,1.12993307330616,0.29281600429005,0.408243233435571,0.362877574302149,2.19505622145047,1000.0000022648,0.693147180559945,1000
0.142742907275164,0.164677995830437,7.64041047268945e-12,0.00553193445496868,0.705021497929458,0.145620313054061,1,-0.0655322385437724,0.624810460748702,0.438331555227189,0.198364458828773,0.533913174682995,0.307144688553785,0.0736987474329187,0.549133821618543,1.69359868653122,1000.00000171257,0.693147180559945,1000
-0.136224805386056,0.368937431948065,0.102351503211634,0.220935533412115,0.788809954233562,0.259088605583514,3,0.888507166701739,1.41522729879274,1.05463774982939,0.297756865223864,2.71912446680392,1000.00000197784,0.693147180559945,1000,0.693147180559945,1000,0.693147180559945,1000
-0.189356790600116,0.214457089316116,0.211324278558487,0.175147157020724,0.653624868310308,0.405247586673918,1,-1.56728724202156,0.899484826269618,1.02053125411814,0.20210611284337,0.886090735810032,0.528842863508108,0.676925836464396,0.848057947331975,3.10868486285217,1000.00002792463,0.693147180559945,1000
-0.0953614081137005,0.20033778811248,4.55449755638744e-15,0.000134974200162,0.9063428824888,0.0526730201276573,1,-0.677642545696348,1.0723246226625,0.996526855067347,0.258073402486056,-0.22452401051542,0.506231252901202,1.07062324048361,0.39491018904053,2.02069066639398,1000.00000265067,0.693147180559945,1000
-0.0341375847387464,0.187969327677807,0.161230858401085,0.167345197233424,0.422620461340383,0.599104505014328,1,0.309230024635793,0.672314571933501,0.556925103783524,0.23975431945489,1.11594241582763,0.610610269028032,2.91670669639205,1000.00001611238,0.693147180559945,1000,0.693147180559945,1000
-0.308966673469606,0.224522683795938,3.22961899411444e-16,3.59422826253053e-05,0.912212381629483,0.0475259274201936,1,-1.03654470014635,0.981034733206478,0.596668002524102,0.200827529900261,0.374067228485693,0.436263089435436,1.00598448513839,0.466591447459939,1.9570652510396,1000.00004145619,0.693147180559945,1000
0.0976845678800475,0.19502195115752,5.46411106716652e-12,0.0046759580957428,0.916304883249214,0.0516327978462176,1,0.518638788803975,0.872003572586459,0.74450168993673,0.223177157647842,1.08616667165133,0.204825925368861,1.96714986858934,1000.00000387851,0.693147180559945,1000,0.693147180559945,1000
0.287178439407757,0.282765476166956,0.495396558304255,0.356404847649461,0.767405275452275,0.303554038950561,1,0.0920267222445113,0.790329971714595,0.771138674932476,0.259332553060162,0.770227249950167,0.332599015592436,0.972871869173275,0.493773154410765,3.56366856921487,1000.00011362158,0.693147180559945,1000
-0.110199555440174,0.176551077586097,0.0574415986363432,0.0964557409196889,0.914900704446296,0.0576147421916801,1,-2.03781219450277,1.11299899155104,1.14989748153942,0.244989021406862,0.618050096223534,0.330025974864721,0.61677892916929,0.991861320632257,0.111145435612579,0.696373045838207,2.00524051178995,1000.00000457716
-0.0176263575709552,0.191379028536165,7.05801449146229e-13,0.00168062775467454,0.904399641580279,0.0475679182827629,1,-1.38195093062401,0.983133002877285,0.586965493540575,0.306865091894235,0.77880102674783,0.211824522960938,0.763222350683392,0.237995565260231,-0.231116175248465,0.806400194950077,1.82069587342439,1000.0000179409
0.158902182995247,0.202758260314137,0.054367401062859,0.137871530303023,0.858579525506384,0.111694819850918,3,-0.154659922330831,0.88886763220672,0.748026178305276,0.258022893449271,1.02980385033672,0.41695972906516,2.32733286895889,1000.00024769058,0.693147180559945,1000,0.693147180559945,1000
0.0508818985814038,0.237487649409033,0.0664157200013,0.090495129590549,0.795881163660974,0.240604715725284,1,0.346314775162487,1.09869419715874,0.652554935187882,0.220512369088249,0.563721445022101,0.268807221556124,-0.00556701696741447,0.364986423592917,1.86181916237125,1000.00015484016,0.693147180559945,1000
-0.0905134068041094,0.212821547290763,0.286081560130898,0.208793669541044,0.443321578775989,0.654504441570321,1,-0.576600251644618,0.672734095895874,1.05441348683134,0.266893264324819,0.0567372921785505,0.420098978250151,0.632293061986806,0.358420070460665,3.00062912660332,1000.00030160175,0.693147180559945,1000
-0.00103271268015292,0.137301773230737,0.0214602610388358,0.0494624520321421,0.609507394536352,0.323197684392874,3,-0.348187342511379,0.63354192593286,0.538213588445391,0.243336045987751,0.646637590828625,0.330366730614739,2.24404614401041,1000.00001461966,0.693147180559945,1000,0.693147180559945,1000
0.0385370517579362,0.226500514677973,0.290654560135484,0.193990059793099,0.810529169947814,0.200303742446552,1,-0.654602039425409,0.97085853583881,0.779638857024099,0.234136656923532,0.678759211436659,0.322113469003301,0.966903281098668,0.330732586497552,2.89816465295157,1000.00015781877,0.693147180559945,1000
-0.29954206707887,0.172101857202952,0.127592108177643,0.148510936274844,0.844546910571883,0.159784461947859,1,-2.06184116869688,0.815761891403101,0.635406227866791,0.258960785810136,0.754498165109083,0.221522969075304,2.84861257470658,1000.00016189832,0.693147180559945,1000,0.693147180559945,1000
0.173664473884197,0.279416487856804,9.07759516843998e-13,0.00190566085841053,0.953117871165736,0.0275659761656262,1,0.354117787164481,1.45486981883059,1.05908652286317,0.223994497524093,0.732101480951608,0.281469791838059,-0.116486030758901,0.708704996974846,2.72392681922415,1000.00048989062,0.693147180559945,1000
-0.129282737565131,0.133762476176303,0.0143258184836208,0.0399175182362982,0.734339571978693,0.181888186768041,1,-1.42073246746775,0.701526923269509,0.692098957990559,0.200623383066721,0.687048949180618,0.238565798533889,1.98957244287673,1000.00000010686,0.693147180559945,1000,0.693147180559945,1000
-0.390775820427415,0.35671978985694,4.402293628128e-12,0.00419636316466545,0.954890777432144,0.0351896892351021,3,-0.43876528730907,1.50460442137645,0.0733444058243265,0.432803951347907,1.2710675820909,0.610826329167758,3.43437088641254,1000.00034732141,0.693147180559945,1000,0.693147180559945,1000
0.157896017685494,0.169811354823944,0.0197342991269074,0.0485886055821423,0.711024425448531,0.232427669615577,1,0.867932249502252,0.795544221217598,0.623881587464504,0.17239524227953,0.807060158495749,0.310905403446385,1.83555797507803,1000.00000691084,0.693147180559945,1000,0.693147180559945,1000
-0.0167884363176602,0.190574482972973,7.42677773192013e-14,0.000545043164478071,0.896184672689377,0.0600524721234768,1,0.846026087338478,0.804005733289155,0.632967903847668,0.251138519465566,0.768153875413401,0.280695931356263,1.84967248342701,1000.00000068837,0.693147180559945,1000,0.693147180559945,1000
-0.240161527544223,0.303211310659007,0.0793755695781019,0.328272337533341,0.927745318438529,0.0474621510630246,1,-0.794364219897101,1.20004594383267,0.913230011720588,0.255513268882322,0.903330127357513,0.382227872286486,0.859363602279597,0.584170127580992,-19.7322590443608,1000.00000000006,7.63299907095795,1000
-0.00280464777255797,0.124860019649331,0.0511581843616494,0.0655075556005851,0.808387478386954,0.139778500233576,1,-0.322254992347117,0.594248145876618,0.240010503453517,0.317723578758939,0.682279123763327,0.145127266986839,2.09377433573235,1000.00000294061,0.693147180559945,1000,0.693147180559945,1000
-0.225862508566906,0.174513438125146,0.0265272888566621,0.148875402588815,0.931351699229929,0.049566506211999,1,-1.07276615810123,1.08248221421377,0.559250400658871,0.336614774328437,1.00623772654671,0.326582348982849,0.874877026068382,0.216823933637438,1.92881593845357,1000.00001438675,0.693147180559945,1000
0.0159257654578905,0.234740900412727,0.295994487563344,0.211743219062584,0.535269638703416,0.749238264573394,1,-0.592360746368342,0.89695917729416,0.909412132918337,0.189868520191595,0.389969884252709,0.360154625109205,1.35692077769453,0.410452052891104,1.9930185623122,1000.00000000345,0.693147180559945,1000
0.0471613708990873,0.133811242115999,2.17663066923656e-11,0.00936242630378451,0.818608462086836,0.0768076923507724,3,-0.252600641239573,0.658879721119206,0.868862713328861,0.153524820901803,0.526780384023511,0.448264630031551,2.13446732860553,1000.00015370474,0.693147180559945,1000,0.693147180559945,1000
-0.000940560534261605,0.177532632765393,0.107100905355416,0.124199101440551,0.682969362798162,0.337030363705243,1,-0.258813889734404,0.695855405506475,0.421082026251484,0.221169509547385,0.141237387881636,0.341703015156531,0.336493386863647,0.309031144821886,2.00203799587255,1000.00002231206,0.693147180559945,1000
0.158708552446661,0.198706960022883,7.62623467577032e-14,0.000552327550081789,0.892472818912035,0.0474147319390854,1,0.835384244386307,1.0107477256275,0.275568552369301,0.290910932513881,0.908941017379197,0.230499621408452,2.26962148140668,1000.01837409858,0.693147180559945,1000,0.693147180559945,1000
0.33069875769828,0.232892955800599,0.135789558497446,0.154455306884649,0.729540992701952,0.293612628801371,3,1.23031316599683,1.03028923391285,0.558732512654686,0.204421697705931,0.675271787141716,0.548134971951149,0.0298998297072839,0.664288938334464,3.02682979538392,1000.00007048492,0.693147180559945,1000
-0.130087622023969,0.197492243247845,0.0656072484119946,0.143410669256101,0.854308785879121,0.11222207347819,1,-0.34675773814397,0.859914204337431,0.669786784400849,0.247121354659485,0.621602392016171,0.252120762566945,2.40747119829438,1000.00051841887,0.693147180559945,1000,0.693147180559945,1000
-0.244798236759073,0.17162096764396,3.11559559712204e-15,0.000111635050812,0.899084906626144,0.0596428295747837,1,-1.07516280020858,0.774769098107668,0.792884167483258,0.2235375537664,1.20317417895331,0.407989749828469,2.2049252819622,1000.00000159988,0.693147180559945,1000,0.693147180559945,1000
-0.279364384219529,0.302006621570515,0.360039537454691,0.478306883742369,0.953923060164407,0.0664516089214085,1,-0.931817414447668,1.50358134356392,0.866657999012342,0.360760177740808,1.24494122520759,0.214001327294155,0.959803288275399,0.152038185341205,1.99103095569392,1000.00000022113,0.693147180559945,1000
0.221400070893512,0.196998812555916,0.251625935875145,0.218969706778453,0.760794960241031,0.206938536053173,1,0.790204248622789,0.641056272348763,0.677862403850212,0.26206250310019,0.473343014511547,0.252226513253049,1.5190148068149,0.523623156143671,2.01600268078405,1000.00000038814,0.693147180559945,1000
-0.14153659139201,0.161103026501579,6.04199790657845e-13,0.00155474247379465,0.857168574460743,0.0702333680333816,1,-1.50438197257099,0.875599716462769,0.279169556678702,0.224354175457939,0.829245653495858,0.32803771122944,0.530854675302447,0.592522822272288,2.12079465833639,1000.00000185936,0.693147180559945,1000
0.312439947813345,0.269472395579493,3.11442482622614e-14,0.000352958508452812,0.832676161320303,0.100225721673277,1,2.01942209153626,1.33025290536222,0.495373698280252,0.267415998355304,0.485928888362445,0.380947711850828,2.21868646326485,1000.00003102324,0.693147180559945,1000,0.693147180559945,1000
0.034250186672068,0.216556574205094,0.124893119663135,0.208879615718722,0.943827182972155,0.0427550131728176,1,-0.675865027107342,1.06686204865835,0.812949438523509,0.30793452709103,0.9907364725777,0.278503877904601,0.502889247661189,0.398670366647283,2.74686203003997,1000.00004793185,0.693147180559945,1000
0.0740616345299659,0.154874314827913,0.0261222919261291,0.0607348002357231,0.78195432239431,0.144196837980427,3,-0.174303043319479,0.845117516858452,0.58913805287064,0.240510182715311,0.320725480165032,0.319818608362243,2.36881049411982,1000.00037737153,0.693147180559945,1000,0.693147180559945,1000
0.355076237936109,0.156258763117104,0.02442452214778,0.0957636828894367,0.8987663345071,0.0574766067774686,1,1.57629029632734,0.745363180121188,0.739499344856206,0.208893691243281,0.841880097145424,0.216045465254658,2.01594700487682,1000.00003994916,0.693147180559945,1000,0.693147180559945,1000
0.0587072938065296,0.18818257416495,3.7586897115079e-12,0.00387768946116394,0.946302745578851,0.0325702828182935,3,0.184304382133397,1.07181719140465,0.895218855161348,0.282469467357572,1.09243550735688,0.282130599385904,2.71883585336563,1000.00004046217,0.693147180559945,1000,0.693147180559945,1000
-0.193130318728924,0.239243325840579,6.30344800662401e-14,0.000502136914366304,0.914329201465917,0.0546536154277357,1,-0.393736094998928,1.10712348755849,0.4438562254713,0.318475373921669,0.860371633473455,0.257978454396623,-0.0419313276544976,0.595815656351705,2.0175577871856,1000.00000146684,0.693147180559945,1000
0.222180481774983,0.267514895828823,0.124298137168877,0.120654516328699,0.800970356759673,0.170100028577003,1,0.774283814481187,1.08918964357908,0.362963987496398,0.250179882646378,0.378745401475275,0.399228616039138,0.603520762516676,0.37678607188155,2.15211780385494,1000.00004077691,0.693147180559945,1000
-0.166501924244492,0.306165365955047,0.059003545764796,0.192442125067825,0.911821074736662,0.0813308703698228,1,-0.0201504660444688,1.1895213470754,0.911437400234922,0.177021412058773,0.934812107310974,0.208078841980089,1.72774038281083,1000.00001443637,0.693147180559945,1000,0.693147180559945,1000
-0.224982239345782,0.220106110416078,1.91743775948503e-11,0.00875860014837056,0.931297484268495,0.0420556157346669,3,-0.746003644774602,1.02876400080805,0.478893753327197,0.311982663721044,1.05814075922286,0.3243272568184,2.56954700203382,1000.00005667691,0.693147180559945,1000,0.693147180559945,1000
-0.0215431449541164,0.215366890693626,0.126491833773152,0.139492183241174,0.868681517797273,0.100508242982076,1,0.0217282062292067,0.863379873446286,0.843697258850447,0.287194914101595,0.783995238792233,0.379110621412252,2.80872117620498,1000.00006395431,0.693147180559945,1000,0.693147180559945,1000
-0.0649660259555633,0.174009628692587,0.105472650531861,0.188098163906357,0.911550481156122,0.0541711700294856,1,-0.919915972836542,0.799640773345018,0.696207191804819,0.273412558309084,0.741923995158356,0.225733107914515,2.68482997148565,1000.00059563525,0.693147180559945,1000,0.693147180559945,1000
-0.109860096378825,0.262242616162498,1.5440298454407e-11,0.00786164331577305,0.968214596846648,0.0191608282201383,3,0.330444139088774,1.75784282541176,1.07117645236156,0.204861923175259,1.01731484751533,0.496966910809953,4.41781882058762,1000.00231240259,0.693147180559945,1000,0.693147180559945,1000
0.531364553305636,0.188053562759093,0.0386234798847399,0.0499558971086891,0.496867805193729,0.495108863991718,1,1.49541826167252,0.776144996815429,0.642225398912452,0.207382024596039,1.00901980134734,0.478198102570079,2.11166756006426,1000.00000072811,0.693147180559945,1000,0.693147180559945,1000
0.00622149901359796,0.164135123031846,7.7347012607508e-14,0.000556229644279352,0.828415351062613,0.0905713261035404,1,0.150146136589811,0.75519479461956,0.534452760395172,0.220246288268622,0.2633397898318,0.510506116652199,-0.137432499413312,0.775574697822231,2.16192191224065,1000.00031152194,0.693147180559945,1000
-0.0885186436680373,0.174155917586981,0.0598067264617527,0.145108470923868,0.887068111355345,0.0681043259071802,1,0.0244006531609408,0.726267942342697,0.139043413453511,0.323528934523043,1.09509034160352,0.266584728972728,1.82344504757797,1000.00003286227,0.693147180559945,1000,0.693147180559945,1000
-0.00628515762706009,0.207277366201076,2.88001393639327e-13,0.00107334908114329,0.917938719262111,0.0411060534089159,1,-0.351393971547603,0.856204919252943,0.666993732009584,0.233605458275556,0.578463663847831,0.268214904663318,0.176954868259328,0.371910827613692,2.4257243967431,1000.00075312042,0.693147180559945,1000
-0.218617595858759,0.308795822073709,0.167238734210135,0.243467167323765,0.87056168630277,0.15181964552706,1,-0.801800481064115,1.07634248877188,0.396416503053391,0.301897555177127,0.699611663778015,0.211918179022464,0.914325797040577,0.256665265246183,2.09585639509916,1000.00000219884,0.693147180559945,1000
-0.627054605587824,0.384479186160242,0.0574946723290994,0.420015776013352,0.930516988348045,0.0381699468169082,2,-2.38683832613142,1.6578548655544,0.0401434938090744,0.571646678885776,1.34848271140496,0.191654664833015,2.41787022745503,1000.01191792524,0.693147180559945,1000,0.693147180559945,1000
-0.00450371166167264,0.222508771854412,0.139700834215315,0.135668832492508,0.804899031526576,0.173216715146919,1,-0.221753575688319,0.749297110441744,1.09244206302194,0.301803487092052,0.95533658092694,0.642907444370665,2.67209597773511,1000.00129219299,0.693147180559945,1000,0.693147180559945,1000
0.323684893199173,0.241191462886858,0.0153754838075514,0.164106196478737,0.927209829777218,0.0655361820150974,1,1.58185426165379,1.30479083861599,0.896648738062509,0.215446912357076,1.01867320423238,0.299600521410351,2.21010489438704,1000.00000025834,0.693147180559945,1000,0.693147180559945,1000
-0.0989595313305278,0.193535420761644,5.47919690317644e-13,0.00148077811101124,0.860809273129017,0.0574183339693499,1,-1.14178359239484,0.901026922184126,0.731217212889907,0.203814665728435,0.79623874498516,0.285079413129137,0.437118232645976,0.445848822737033,1.80172339787646,1000.00000060807,0.693147180559945,1000
0.0610806744774812,0.387837369509658,0.216246931824181,0.500268724780487,0.906165688322059,0.160134349977593,1,1.60994158483021,1.42206666724064,0.61783594450073,0.302393434420001,0.539963150421482,0.567525274583123,0.813003057685523,0.0800416641738365,2.479997365459,1000,0.693147180559945,1000
0.128257565686186,0.217192166449656,0.138143879077595,0.143068404850463,0.621428665797488,0.451228555135661,1,-0.577069143158358,0.953756457963363,1.13918115481654,0.150128355628312,0.833484820393133,0.246791106523473,0.605947771266451,0.405671625193656,2.1076903397912,1000.00000640933,0.693147180559945,1000
0.00724141508098614,0.171954967365826,6.2038467033132e-14,0.000498152206348881,0.891906309442628,0.0653125032415331,1,-0.25494351340011,0.896667754489525,0.868998985583084,0.290364354735064,1.06387968859021,0.25373574600536,1.82103015497879,1000.00000053034,0.693147180559945,1000,0.693147180559945,1000
-0.0750046592801064,0.213967000619176,0.226912768926508,0.225740813579724,0.525899012948514,0.897026551036222,1,0.288643397338453,0.770150358970151,0.305416473271038,0.320735275416141,0.902200759679717,0.267118868970875,2.82819154564575,1000.00056822395,0.693147180559945,1000,0.693147180559945,1000
-0.0354812783297195,0.127176337927881,0.0503799652491232,0.0642586653346918,0.673108377358164,0.1425305453169,1,-0.651402115991277,0.467212523063591,0.75399358816722,0.130393635783659,0.829576407991593,0.308301580979019,1.82424104505634,1000.00000126928,0.693147180559945,1000,0.693147180559945,1000
-0.0299356474131237,0.159508423273248,5.28020815443918e-16,4.59574146955233e-05,0.829631476493076,0.0841883078720203,1,-0.406036574339456,0.757452847025961,0.870352984404872,0.225512150568489,0.614755758250146,0.264534856673961,1.98456242645456,1000.00000088366,0.693147180559945,1000,0.693147180559945,1000
0.107360166831472,0.220054787025397,6.53929166977813e-13,0.00161755272805687,0.894712524735958,0.082052440789701,1,-0.922859490054291,0.871433898570887,0.918557242761228,0.333865153414006,0.561211397826942,0.240484581691759,0.834332891144545,0.362844522677375,2.00623754782799,1000.00000005049,0.693147180559945,1000
-0.209017918910062,0.178445261894068,0.222378631631475,0.203719102161785,0.59088187161634,0.455424961339731,1,-1.37187348528927,0.634563462352378,1.15811526235112,0.198905214244979,0.892120644665897,0.376946817717861,2.42305056108724,1000.00000340738,0.693147180559945,1000,0.693147180559945,1000
0.141408733089672,0.173632230436248,3.79852347433867e-13,0.00123269929915005,0.935647893750848,0.035799253908189,1,0.187930248235279,1.10597719100236,0.857785286645953,0.238977616890103,0.84915965498549,0.143470880586594,0.352043686958773,0.669478102921997,2.01751005241854,1000.00022620651,0.693147180559945,1000
0.105483145648334,0.257575205598437,0.256006282175339,0.254969382406131,0.732143288044481,0.357543991596177,3,0.89771286021708,0.912135118125419,0.750233594173175,0.281607298600881,0.746234253886483,0.572562890289552,0.527058656403875,1.17599191105736,2.96931056200251,1000.00017015587,0.693147180559945,1000
-0.394685452047042,0.189727335424402,2.57277513786142e-13,0.00101447705902336,0.926637519564677,0.0393248842212167,1,-0.983669110143052,0.931379793416871,0.711382556275816,0.264001131214613,0.86433582591661,0.262561222216841,-0.385081510795118,1.03313042835956,2.63832993768304,1000.00018917959,0.693147180559945,1000
0.0882212429696539,0.195601383762446,1.33490999452582e-10,0.0231995765142471,0.944301187586578,0.0294812780744003,1,0.00753304260064017,1.20614047172191,0.923852111917436,0.173138195768786,0.60913312785126,0.371994377684234,0.658427241403169,0.745237778634056,2.688634113409,1000.00036240375,0.693147180559945,1000
0.0653049805150891,0.188691560211748,3.52710222530034e-12,0.00375847819086459,0.90320022761254,0.0468591015736848,1,-0.280020994642932,1.07831286846232,0.595374790172109,0.205356583080134,1.1688248499766,0.365486326768146,2.3073074690107,1000.00024951346,0.693147180559945,1000,0.693147180559945,1000
-0.00942881434054247,0.334563599697125,3.05706946688637e-15,0.000110581545405476,0.964584521330843,0.0217599116218173,1,1.02502348523249,1.91857498560309,1.03889628501933,0.303771897828426,0.884126534405533,0.436019801396846,0.395434165742122,0.336982142178129,1.75892680285523,1000.00029187632,0.693147180559945,1000
-0.0678970168407819,0.15293637862621,0.0567990549505256,0.0553808097469587,0.673220698680319,0.245939315454678,3,-1.24784494181341,0.817381999470176,0.460134769346218,0.180966673227359,0.878332060762236,0.334120967927069,2.63908488083938,1000.00091606826,0.693147180559945,1000,0.693147180559945,1000
0.174702862715028,0.196847119082502,0.0485476362673071,0.161690481433951,0.949734773860301,0.0347906224022145,1,0.324465086144079,1.05230929816974,1.21354196625091,0.211211579882512,0.812017513198424,0.399951139106163,0.138321186523665,0.689001221184304,3.00467573691766,1000.0000957044,0.693147180559945,1000
-0.15843496783159,0.230607804595546,0.105609820753726,0.185479197657282,0.922276581929714,0.0484272876912319,2,-0.766148692783576,1.10245238290155,0.434813698410401,0.267567686043242,0.441334001018729,0.332625158976651,1.04396002342086,0.474274850590898,2.76286722459908,1000.0001194702,0.693147180559945,1000
0.297347324702171,0.130054149989721,2.64082323601551e-14,0.000325017984242341,0.77247196135284,0.0811454284315675,1,0.941917062922467,0.69569296030336,0.121352103811791,0.288739245152808,0.526223103917309,0.193930006210683,2.08839452765628,1000.00222447156,0.693147180559945,1000,0.693147180559945,1000
-0.316028940151516,0.2052737750393,0.145371972761947,0.0953496271441429,0.44873675474852,0.428145810853817,1,-1.89815509009879,0.729563573485252,0.550623138752653,0.209771147003817,0.318264446251769,0.283808286781071,2.23535018224644,1000.00014735547,0.693147180559945,1000,0.693147180559945,1000
-0.451725149428338,0.320903396634584,0.338171662149635,0.287376218372761,0.695388400499379,0.549832175768736,2,-1.46457220645833,1.04781439465856,0.789511773541813,0.31560454876374,1.18071768802911,0.724047111738944,0.208325597154439,0.547534007882695,3.2820608121285,1000.00003565722,0.693147180559945,1000
0.226506561946014,0.146427473822816,4.8508880977159e-11,0.0140433762398757,0.911624625017476,0.0407371859975659,1,0.322179730240905,0.859878381565968,0.51830149678441,0.251640619143067,1.08501585971664,0.250832089523354,-0.58840655518163,1.28993449728553,0.476858333971178,0.106923838264789,2.07226911818729,1000.00000001839
-0.00197348594785557,0.217279481403171,0.290445363030655,0.209430914251509,0.7729348420466,0.225684023956764,1,-1.4777040362414,0.744477985951778,0.944991295127402,0.190350815568236,1.00758140174453,0.285306278656503,1.51451662819302,0.470693681554737,2.2744993756192,1000.00000058052,0.693147180559945,1000
0.0501110716810207,0.145069476031545,2.98945748411459e-16,3.45801031280678e-05,0.800585901995155,0.0863429259482373,1,0.0903823701129172,0.633618038168138,0.606070619500941,0.165335631552792,0.843061770441641,0.31485180523022,1.90583868037879,1000.00000242631,0.693147180559945,1000,0.693147180559945,1000
0.221537281881096,0.240264956188404,0.233261693284738,0.238084408244184,0.682652453887475,0.471609843653217,1,0.795044974357388,0.843647861418172,0.801183031358351,0.296850014507696,0.968231926459096,0.693339484928798,0.737061915049256,0.773534248265509,3.04097897048451,1000.00003360019,0.693147180559945,1000
-0.254741453746479,0.192587965319005,0.0990607136688244,0.145869750944677,0.588556352910679,0.385089587741321,1,-1.07072750567481,0.612414085540573,0.214803344826854,0.223133219060601,0.776782464020103,0.322678160883272,-0.066174260927541,0.848892467053081,1.63726025390022,1000.00003321654,0.693147180559945,1000
-0.0596731000910445,0.2217744940622,0.0778151345870226,0.130998864574629,0.802973313820496,0.204653296085548,1,0.183420047789649,0.918469742006464,0.468025794079145,0.295390354318124,0.545513391037278,0.33539003482778,2.3640049155424,1000.00002794155,0.693147180559945,1000,0.693147180559945,1000
0.0991162383508744,0.411154474686499,0.749670019808323,0.866021287406354,0.155744818254616,1.45386112699931,1,1.50781377518582,1.30051811585545,1.21949825682079,0.356394700511531,0.873791451615175,0.528216919150412,0.8966727631224,1.1977117781444,3.38559895441015,1000.00002987164,0.693147180559945,1000
0.0712354547552304,0.226570493178383,0.307965552654038,0.258179689008415,0.589238168485251,0.929143928559263,3,0.182425218196754,0.874774366171078,0.547204003364667,0.291251720926654,0.921735067578964,0.248330365198941,3.39076367010368,1000.00015822772,0.693147180559945,1000,0.693147180559945,1000
-0.106675857633402,0.346514421459729,0.306106323349675,0.491661002140574,0.928860896845927,0.0706373032495044,1,-0.406702154682434,1.33228358704466,0.886427691326556,0.200987023530543,1.75180688395481,0.477936076541795,1.91012952159686,1000.00000167248,0.693147180559945,1000,0.693147180559945,1000
-0.434763460372776,0.394359881649026,0.925195441483737,0.860360114505891,0.442210515123913,1.31926790293691,1,-1.19135537748896,1.07418212325517,1.08578096993026,0.281210461225114,1.72309660850362,0.42768213148522,2.44396478250101,1000.0004507389,0.693147180559945,1000,0.693147180559945,1000
-0.00754636588756684,0.238106911387791,6.65612587943012e-16,5.15989380486779e-05,0.897031664398894,0.0653764729540503,1,0.462490067731095,1.14501610857249,0.59883088393813,0.242198990303111,0.69676913631659,0.360186907280518,2.35780104112632,1000.0000766157,0.693147180559945,1000,0.693147180559945,1000
0.139947180327543,0.181343929918305,0.0395462026056655,0.149337263374503,0.946027804730241,0.0392305221030845,1,-0.24321576327794,1.04030609716919,0.855528144370083,0.352146533454697,0.607721217301705,0.359903575089138,0.788471227940064,0.408381418817845,2.75457755592767,1000.00006746022,0.693147180559945,1000
-0.0305012805289241,0.151689419369541,4.14036675450177e-14,0.000406958159709311,0.765082181431728,0.153777682602872,1,0.0341399684134998,0.760305996348212,0.282509877261538,0.259540241642768,0.900453682448017,0.251746485488226,1.85465773725898,1000.00000019029,0.693147180559945,1000,0.693147180559945,1000
0.242016265145025,0.1881196272722,0.00925011370265379,0.121262935713331,0.925776085641487,0.0591659195486556,3,0.518908313873755,1.11352796848912,0.970549869925293,0.163647147791764,0.0838366528351181,0.345424186789382,0.842578585437477,0.421705843664382,2.64941883315455,1000.00000778688,0.693147180559945,1000
-0.102204846494861,0.174403450009681,1.84068560286636e-13,0.000858143816705736,0.808689468128505,0.0974496586331156,2,-0.546824114899096,0.73685764499099,0.725203645007514,0.215850267188956,0.438018889097496,0.393128891132107,2.18984014471988,1000.00009853868,0.693147180559945,1000,0.693147180559945,1000
-0.0975335512278208,0.170204557274077,5.02552904620034e-11,0.0142359143919814,0.873700339252431,0.0664151798876882,1,-0.189996474054525,0.858998181183477,0.439016334836684,0.272519431670742,0.344057406169712,0.301083218501565,2.30304852207239,1000.00050543511,0.693147180559945,1000,0.693147180559945,1000
-0.434015623125398,0.147783413486401,5.20980025667836e-13,0.00144366130009514,0.841845492438878,0.0828020400602535,1,-1.84522869608523,0.693597610212389,0.541078984066429,0.19506479054239,0.714534627864877,0.266277729943752,1.96128236991204,1000.00000245881,0.693147180559945,1000,0.693147180559945,1000
-0.0703622697404439,0.131626738215723,4.4655980605271e-13,0.00133655645288117,0.809681188794161,0.079656456876602,1,-0.324492222116499,0.63242222933657,0.772203758695373,0.243678937892314,0.625642506932407,0.308673995434203,2.08037361067091,1000.00001099343,0.693147180559945,1000,0.693147180559945,1000
-0.25672496304691,0.263359431603981,0.26431089219522,0.296134881996869,0.880019002372317,0.0904738796268408,1,-2.20026726088327,0.99183512747798,1.04686876360361,0.23591376444625,-0.0143240767771918,0.689544393790829,1.38810746478622,0.703001060408309,2.25415253980301,1000.00000208737,0.693147180559945,1000
-0.105186189244791,0.241979744998482,0.198644730357438,0.19600558254724,0.808140898272256,0.314816495569118,1,-0.827893694106634,0.986403477619748,0.679087445402494,0.248484004486496,0.742388447366951,0.442973493169337,2.96116241455433,1000.00007197968,0.693147180559945,1000,0.693147180559945,1000
0.285741246457411,0.197760178579402,0.0103353661146956,0.0997598723889474,0.913791642580877,0.06764703499746,1,0.471726810360389,0.940130724254544,1.02895659755053,0.185463204035393,0.62250322126674,0.298264760336195,2.15646111516964,1000.00002783585,0.693147180559945,1000,0.693147180559945,1000
-0.164778610090004,0.228327736900029,0.0223508146568996,0.112018453359198,0.918509171337569,0.0500247321780124,1,-1.07049728911544,1.17975336665976,0.75696076601585,0.187079912538393,0.201501315722649,0.480933024940285,2.53652079871278,1000.01136163326,0.693147180559945,1000,0.693147180559945,1000
-0.00451472918742922,0.157972079181773,0.0461665809070867,0.0631556684499051,0.763642502176171,0.185514786120395,1,-0.975166930029738,0.751412330414762,0.635817666467779,0.175527883437448,0.756652008989175,0.354719416871441,0.603236721551435,0.316972116884625,1.72477727816278,1000.00017259343,0.693147180559945,1000
-0.185914436642064,0.19020970733974,0.0130427958598891,0.0970857838631946,0.920099273468262,0.0430526368041349,2,-0.957906666647903,1.04933355054645,0.865409988525401,0.281096727270241,0.545021579943462,0.205132341943226,2.53797028491987,1000.00024273564,0.693147180559945,1000,0.693147180559945,1000
0.128875410362062,0.276482574862144,0.329908939012253,0.245554797308274,-0.242509814783725,0.458161230198252,1,0.408452874013064,0.929056129580419,1.00339532969852,0.306919295683088,0.148718466075195,0.691493304187761,1.07296281493777,0.571734841242713,0.536868680678098,0.389343682145443,-12.0293540645874,1000.00005622401
-0.200851993971331,0.192262310661857,0.0248632093647705,0.172757747275257,0.917188794761606,0.0658759560754131,1,-0.833418971530585,1.06314357984695,0.371676045369623,0.277883050452869,0.27943249079127,0.340921989590044,0.695522162779954,0.509120780126735,2.44912294261082,1000.00231633576,0.693147180559945,1000
0.0944809657960449,0.218169315756247,1.07889256545709e-12,0.0020774396628672,0.924317228728146,0.0475858152613999,3,0.738344092555098,1.22284827739432,1.03240394540824,0.275994353162749,0.759332489245507,0.422273413444022,2.43302766353781,1000.00015697142,0.693147180559945,1000,0.693147180559945,1000
0.189707194570749,0.163072661145332,0.0180873148246096,0.0615546605517203,0.839364595167573,0.104492877778566,1,-0.126978291313326,0.852332565241836,0.660088736500582,0.216697808047866,0.816100325208413,0.194297265996494,0.291398891396653,0.454819595168367,1.93423203437736,1000.00012596819,0.693147180559945,1000
-0.113473751462941,0.218800252788755,2.37121647656714e-11,0.00973993159499962,0.946001621965604,0.0325210515103355,3,0.270948822482814,1.22660294558706,0.894167797348349,0.253110621638842,0.390840405310347,0.397655961275788,2.87118666837829,1000.00003363205,0.693147180559945,1000,0.693147180559945,1000
0.20618070627422,0.144568594610103,0.0480971770652903,0.0419020090661833,0.152686132631959,0.380570286509,1,1.00930904344459,0.719121654711102,0.668466993057451,0.25297258826463,-0.386695300981375,0.847640632560959,0.808767328541178,0.320153712622955,1.67317857159978,1000.05709517646,0.693147180559945,1000
0.10055281193821,0.230671735054314,0.164621911130662,0.199626926103741,0.83594775744301,0.138584501741486,1,0.866374827465234,0.809408956832057,0.52093059884748,0.229505441293445,0.480984172905499,0.617330981527441,1.2022653274506,0.167448607174244,2.27962362566034,1000.00000420501,0.693147180559945,1000
0.033695746174716,0.135775946616627,0.0285679218862057,0.0732417311737029,0.760915160145576,0.179201234525277,3,-0.214050086773044,0.647264551437698,0.685640267587159,0.211118077785895,2.67178294371709,1000.00001487839,0.693147180559945,1000,0.693147180559945,1000,0.693147180559945,1000
0.142311926392105,0.239699230769494,0.0253825727120982,0.133781845684896,0.915395143209917,0.0741206173698074,1,0.515070232341679,1.22128166610689,0.778473613184817,0.239180665865564,0.539019221153892,0.287749244517656,0.562265163562454,0.380918363329298,1.92926033789422,1000.00000142459,0.693147180559945,1000
0.182916179758477,0.28689029012522,0.109185800947483,0.0878944278731974,0.0768465768538182,0.679615675883756,1,1.54095021318944,1.2541919105694,0.781319627144407,0.303694091838587,2.39633452871004,1000.00000882349,0.693147180559945,1000,0.693147180559945,1000,0.693147180559945,1000
-0.0633255918770855,0.232606639234277,0.127386486807168,0.124879873561721,0.739479450272878,0.215727584873174,1,-0.330252546728688,0.852262011209376,0.987959887220432,0.142723853185692,-0.129315245562252,0.553387306065284,0.637440123776124,0.385512932344912,1.93587119250968,1000.00066028945,0.693147180559945,1000
-0.27157396331086,0.227277076471153,0.120551707530287,0.276843830555905,0.882726246968198,0.072356278488188,1,-0.900818058707031,0.79376452397495,0.273952423593615,0.358915448424647,0.761120252919908,0.239855989956429,0.843867134571107,0.424546469518568,2.02632414377712,1000.00013204042,0.693147180559945,1000
0.0949841264025085,0.253671514586368,0.274523871959316,0.238936192497415,0.766758893320646,0.308209827572292,1,0.0551976895497261,0.940388340362722,0.978504420152424,0.196914379527816,1.22863131738108,0.442556870420068,2.70206404432469,1000.00284308955,0.693147180559945,1000,0.693147180559945,1000
-0.146639291011634,0.200781173424629,0.0739982628516188,0.142922014072314,0.899290206949819,0.0696387379413456,3,-0.832821664302752,0.96839736870324,0.357364268736858,0.287911782598658,0.668718909825758,0.244604369718343,0.595395519026008,0.318535864543201,2.45579218530929,1000.00005559793,0.693147180559945,1000
0.25532113970463,0.267969806179156,2.24146324775223e-13,0.000946885816500992,0.974528229822454,0.0248327963771237,1,1.07408278788853,1.66812271989206,0.57933117516331,0.656034506678237,1.24440802773455,0.456476738670369,0.033157377706444,0.329249234858516,3.19645220280584,1000.00006855848,0.693147180559945,1000
0.420712687558098,0.232861214218033,9.01700172467461e-10,0.0632188562054698,0.915287498440648,0.0382525953086841,3,0.788087862322328,1.147888974742,0.887884188240621,0.198326145849716,0.271680210839762,0.328185840519393,0.408281012025808,0.406426044079135,2.42611096249513,1000.00004857736,0.693147180559945,1000
-0.31017045321396,0.18815511083549,2.40130604416616e-11,0.00980274969252335,0.918076081547775,0.0380339300298464,3,-1.26606218196795,1.01082856441278,0.734799973265769,0.218076517503128,0.381122238622297,0.294082897589647,0.452368948403063,0.694340689625186,2.39843285666878,1000.00093619591,0.693147180559945,1000
0.0106812661747707,0.137390043400954,0.0309148798061024,0.047073950295741,0.653186339615008,0.205266422424934,3,-0.865969538942204,0.700394293911247,0.291797664521574,0.249480566329968,0.601921150612316,0.254106435937749,2.75760568400203,1000.00549380975,0.693147180559945,1000,0.693147180559945,1000
-0.319208648207343,0.245687664404991,0.176289159452475,0.18901968555057,0.706706079696145,0.3532108827081,1,-1.44807231199879,0.942036776650517,0.832332945448306,0.246930822770388,0.343801412565834,0.331288933465919,2.66414205805295,1000.00356292696,0.693147180559945,1000,0.693147180559945,1000
-0.106013308054179,0.218433520817794,0.173059697042018,0.137457907513513,0.441935237426494,0.600814146865291,1,-0.376069645316611,0.750269735221159,0.574146995057369,0.257629269632664,0.438397197897605,0.272333722972843,0.494786214416011,0.425844516720392,1.83431378193141,1000.00014939758,0.693147180559945,1000
-0.0212507343356145,0.140753820283426,0.0092401063117318,0.0561354804608567,0.808731634309404,0.137240044321693,1,-0.463406028750204,0.696136543702531,0.589685075805337,0.198824832626403,0.531841864306471,0.294501054181045,2.06663770817772,1000.00166689962,0.693147180559945,1000,0.693147180559945,1000
-0.181343051318586,0.168665782451961,5.16668912248527e-13,0.00143769468421539,0.915704467841158,0.0444657125848106,3,-2.02330316060946,1.0129210174477,1.20212131290091,0.203259999329315,0.539020954023365,0.435304797503572,2.69955439220086,1000.00012272493,0.693147180559945,1000,0.693147180559945,1000
-0.0789433808747984,0.227200504453102,0.132542287754706,0.166681168117369,0.821745052097841,0.240202802162993,1,-0.306035818669516,1.06479543434981,0.314165468266045,0.256569646195333,1.03826940605894,0.330374992907362,-0.813235318173754,1.20719594950316,-0.367690086332308,1.40834650675925,0.70242037622527,0.445922003028084
-0.0212659994420816,0.194539905484647,0.0991408561138244,0.141243885890216,0.860631344281092,0.0872504417239491,1,-1.41151548187796,0.825980241039236,0.878689685180182,0.247415088308086,0.745507544186676,0.225843679745018,0.659984825773725,0.422484880096494,1.82390770325828,1000.00020913795,0.693147180559945,1000
0.365867708274409,0.259073023750621,1.84067962313046e-11,0.00858703390913917,0.909840065667337,0.0574644258204049,3,2.03941996623289,1.17748346713484,0.412392414918491,0.271351140831416,1.13362108482192,0.508480785380168,2.5034354358372,1000.00003174109,0.693147180559945,1000,0.693147180559945,1000
0.300971829385052,0.232378610611967,6.20422798475346e-14,0.000498165803028047,0.956489566839404,0.0285948531795927,1,1.48565205006635,1.38089559202201,1.05664825879349,0.386297249127035,0.775717104094416,0.313203534361886,3.29040693481232,1000.00009830341,0.693147180559945,1000,0.693147180559945,1000
0.264392580047427,0.23999593907002,1.41246123693255e-10,0.0238627481313785,0.905668166077221,0.0481227423264652,3,0.300832813092133,1.20458336082447,0.765087628793352,0.204884724710224,0.828468666517942,0.396317692976476,0.495204366033917,0.522302447727172,2.31609719730488,1000.00092586595,0.693147180559945,1000
0.371826771518463,0.105672682350422,8.92136315451989e-12,0.00598258776958642,0.787233894443847,0.0832483980841135,3,1.3129910785869,0.597118701611621,0.532771365101296,0.223536829704913,0.486982029629928,0.278417887350949,-0.168767164934008,0.674279328424153,2.33147577548375,1000.00005460855,0.693147180559945,1000
-0.165203618762389,0.350374563579981,0.165650863758526,0.283812882983804,0.924692894334508,0.0620793009477095,1,-0.187318613389325,1.34135327368908,0.865612979106465,0.238739693934061,0.765627656687768,0.357423076019861,0.764396592204428,0.334232120630677,1.92933080266716,1000.00002238049,0.693147180559945,1000
-0.139547064418349,0.239603145671648,1.2946655765346e-13,0.000719633380810957,0.940725909486168,0.028180131129669,1,-0.915138366397891,1.13902742207815,0.76064297684056,0.256152439197102,0.834945915893407,0.249560063427502,0.595783961932378,0.358444846977666,0.180226443911294,0.377156194530778,1.86406982140301,1000.00000204176
-0.308967791858873,0.14822879975284,6.85239789848996e-13,0.00165559180855399,0.923963357142083,0.036654902655679,1,-1.93299088450335,0.925366151690255,0.866399130945004,0.202888028616465,0.790256626195357,0.405847483950569,0.534030117062442,0.636571487079406,2.41415967171203,1000.00059147977,0.693147180559945,1000
-0.0194866657385543,0.215825708055669,0.0819343498435142,0.122533807200878,0.910687691040765,0.0605363753836957,1,0.303514543495082,1.17614415061479,0.587885657856621,0.250240726507081,0.53101173980954,0.478267575857107,0.281017230859825,0.494271356766658,0.484303826651266,0.341632910318201,1.73829425292942,1000.00007237043
-0.0277241512390481,0.120736226167779,7.48541649863576e-16,5.47189830149224e-05,0.871073861581678,0.052712919116377,3,-0.645248908164458,0.567184306151095,0.655457921107216,0.17777308424846,0.562473540213451,0.225800608176506,2.41610885904615,1000.00047364639,0.693147180559945,1000,0.693147180559945,1000
0.279412298521105,0.281941504450864,0.00608183584788846,0.123194968179699,0.935129404472861,0.0459527890940828,1,1.24642664267472,1.69614730892602,0.829870630354417,0.283037627262235,0.972068837386577,0.42743217688674,2.77301076190695,1000.00020361812,0.693147180559945,1000,0.693147180559945,1000
0.157922648399728,0.17682806947468,1.88382337871641e-12,0.00274507807770386,0.890268011004454,0.0554947748275022,1,0.158171858282813,0.934963813020432,0.855722950868207,0.217313031028507,0.988812876157988,0.302012732272791,2.37407614872653,1000,0.693147180559945,1000,0.693147180559945,1000
0.0478332273568747,0.274043926818318,0.00385897549607301,0.185989155145958,0.937034473417018,0.0534673260731248,2,-0.616200583717015,1.3676602612512,0.821396463384069,0.318292864873962,0.790522869252462,0.244580256580883,0.460834761509565,0.478571799638088,2.66982616182021,1000.00004530896,0.693147180559945,1000
0.0716373138022477,0.250332040321048,7.55068487444499e-12,0.00549608533328975,0.956230566606383,0.0273104273914959,3,0.0369727639084524,1.7391939723364,1.04647265818216,0.383058778426651,0.680838348223383,0.312171319392779,0.308735139560818,0.482684859540038,3.13505577493268,1000.00020770487,0.693147180559945,1000
0.166594774029731,0.29983041594243,4.20896680158017e-12,0.00410320251695393,0.965358672514318,0.0238283466288989,1,0.604779991700345,1.63198268574801,1.04324392426448,0.360726501947278,0.519515778699479,0.274070032297573,3.58681419060961,1000.00008401801,0.693147180559945,1000,0.693147180559945,1000
0.217377567974021,0.22565002520403,0.191014215296832,0.276116269678169,0.943139970466187,0.0323893626373782,1,-0.404131518116719,1.0125782439556,0.576594888030773,0.251679683744364,0.978787537151567,0.287964199679929,0.993749060523011,0.438990034372042,3.11367738967958,1000.0001357676,0.693147180559945,1000
0.222352807477571,0.211458323268523,2.40170683455599e-13,0.00098015198809616,0.847125575300081,0.0584231213011112,3,-0.301041487082822,0.780631017004292,0.920644595193616,0.150385014756497,0.642674127203792,0.255799282898514,2.27018410865991,1000.00010857345,0.693147180559945,1000,0.693147180559945,1000
-0.242953311753191,0.353087916834553,1.25762031506255e-10,0.0224520948202964,0.956924764419232,0.0346312812484046,1,-1.02841195009334,1.94642971690154,0.818077103539875,0.502732851049345,0.980411243353621,0.262789811679214,2.60789633334845,1000.00320148072,0.693147180559945,1000,0.693147180559945,1000
0.446070515307888,0.174298371264766,0.0960440686971568,0.0808796499701039,0.713499174219395,0.234414458049996,1,1.3059752143978,0.718134072055772,0.640207464196516,0.217434857356953,0.873455003996761,0.282111744474287,0.102361023607028,0.902897642973654,0.562966662464359,0.271225199527529,2.04869048665557,1000.00002520488
-0.0152027313085217,0.207007863378042,1.23536006225053e-14,0.00022229369978887,0.861975638192753,0.0736794099161548,1,-0.593078753462836,0.808725945701112,0.628719575131767,0.242424668322371,0.882148502380593,0.199766851017552,-0.629186269889861,1.10809362348891,1.85531749477956,1000.06442333931,0.693147180559945,1000
0.340241392115751,0.155426039277075,0.0773860680679206,0.10980909691775,0.609196040587104,0.321712454608865,1,1.09118979329517,0.579830933857588,0.62433606821968,0.216249631011088,0.430036159230715,0.314322292507123,0.636513410454719,0.457723639232652,2.106791877341,1000.00001549703,0.693147180559945,1000
-0.18565838293558,0.370089479074866,0.180196908314307,0.413758563872601,0.919102061881885,0.0665253226699923,1,-0.188958927518112,1.23882254454683,0.722291295168209,0.262733560847259,0.285680885765667,0.573400528341176,0.877525317207066,1.2387201317654,2.87700852455991,1000.00001199856,0.693147180559945,1000
0.283673876649845,0.189481331770392,0.170867184378189,0.0915824252163712,-0.207913841574137,0.306844271358324,3,1.07421532536014,0.664916475764264,0.625808461169651,0.237554446704695,0.911643515900303,0.260696217730803,2.84644547018511,1000.00007076864,0.693147180559945,1000,0.693147180559945,1000
0.137764121147637,0.174754433452508,1.22266755410731e-11,0.00700480505413889,0.93388263124025,0.0358029712506925,1,0.161095220646855,1.04525457920395,0.958405677821018,0.249472376070127,0.599225496649182,0.42399588538197,0.51201197038358,0.361855046962324,2.11326166278258,1000.00000153327,0.693147180559945,1000
-0.422987874814098,0.176262369884567,0.0172042273026999,0.0802480508684477,0.810479210495976,0.103055431052598,1,-1.54918775023221,0.729014830766758,0.696881583016077,0.161447650085839,2.17558421518881,1000.00349823667,0.693147180559945,1000,0.693147180559945,1000,0.693147180559945,1000
0.305250465917395,0.196738657442027,2.05452330757187e-14,0.000286672247152046,0.898468840403958,0.0532683212292501,1,0.217284226128706,0.98586371776894,0.866668301399916,0.21957155259409,0.685247064253077,0.219007075325095,2.44051615776082,1000.0000072517,0.693147180559945,1000,0.693147180559945,1000
-0.0602151793498916,0.203052223182898,0.14943663749619,0.13017897002375,0.771631087929432,0.149718909888193,3,-0.703932980621752,0.961117265086247,0.431306749736705,0.2202562541864,0.866854878596905,0.347968460543599,0.144593082472796,0.236879650532015,2.78354849673115,1000.00003602832,0.693147180559945,1000
-0.464766808697081,0.403048098935384,0.568465205249996,0.713190057464,0.773494465797894,0.377724027379081,1,-0.4475275523827,1.03181427311288,0.535743428089458,0.458012828185303,1.72269388392258,0.646344503289446,2.3720348041046,1000.00003334098,0.693147180559945,1000,0.693147180559945,1000
0.0482659348185267,0.270088837987184,0.114198333100381,0.220239371554408,0.930575336225593,0.0516478004229916,1,0.198553419458469,1.16206639267044,0.723304903452545,0.348390861947591,0.922573577218316,0.341353419654523,0.44842877601725,0.62841759797555,1.89988921633917,1000.00030373819,0.693147180559945,1000
0.0214852966056945,0.180868518798959,6.62510024198465e-11,0.0163056998305127,0.92279585470073,0.0392166548716535,3,0.176396705026039,0.969821273920485,0.759471729859642,0.231235540030437,0.67590715162726,0.371067852369802,-0.500447895934962,1.18015840359568,2.49274595421529,1000.00010529293,0.693147180559945,1000
-0.153789980199009,0.36130691242051,0.325224968670612,0.509051337383702,0.971542814469989,0.027864983077701,1,-0.872678351700255,1.76035874686805,1.09431919712977,0.329650384888585,1.52714115614994,0.439360973617549,0.419717164585459,0.355047421446978,1.81565456198067,1000.00181561396,0.693147180559945,1000
0.0762148310074222,0.203710738318919,0.0835758103633794,0.0970725310500253,0.441404180513983,0.531419988165024,1,0.756180527902097,0.749624472715725,0.207481143664666,0.301204300714317,0.536920642081792,0.479761749789641,2.35035444841449,1000.00143872484,0.693147180559945,1000,0.693147180559945,1000
0.145028573734628,0.160272422476924,0.0368347316962185,0.0774458831066991,0.735180549109778,0.2096663684698,1,-0.0661754007497524,0.67598654831328,0.6366448808392,0.180158742191822,0.673383448621124,0.311402145659279,-0.70922895590376,1.12303931969656,0.418182313468364,0.481860614366915,1.85034337449833,1000.00001019541
-0.0820121961791392,0.163886317924975,0.00732159198786139,0.123065438575534,0.860606742536208,0.0863396933133981,1,0.127327049532872,0.755927968139519,0.683909434465748,0.22087411401046,0.942787102704074,0.36636036081621,1.81678883460439,1000.00000048764,0.693147180559945,1000,0.693147180559945,1000
-0.155397334510803,0.248001133861918,0.288378031435392,0.230027246639541,0.538154704208241,0.841832836857097,1,-1.27100665024579,0.936662356260179,0.675386722101658,0.249044735028959,0.828680187810922,0.352972795470736,0.802129151032414,0.484953553803588,3.08092004462869,1000.00409157582,0.693147180559945,1000
-0.224709894911553,0.189274224748828,0.0548608875024825,0.0452576903899336,0.503605483325262,0.5529188619283,1,-0.858140449823929,0.895910857194947,0.436800024573037,0.288154154852891,0.359980196912557,0.313149357562738,2.24111206380972,1000.00003038155,0.693147180559945,1000,0.693147180559945,1000
-0.824590663386571,0.511314436255377,0.220344215575489,0.481031632293557,0.948288430812546,0.04811519240649,3,-3.87276492048935,2.20461382990642,0.61042883502718,0.339724132826516,1.66452724764496,0.347570271127389,-0.701098217364818,0.931531203317221,2.7370831153278,1000.00011763459,0.693147180559945,1000
0.035634083322366,0.188629066022053,8.26214735695003e-11,0.0182053302743559,0.962207695236707,0.0231116082848117,3,0.10731378572142,1.07090781123248,0.807826083231296,0.305106902234942,0.981374241903279,0.422191200230156,2.95232465173848,1000.00011545356,0.693147180559945,1000,0.693147180559945,1000
-0.56865797407316,0.440936474030865,0.241230936834245,0.403682190400136,0.911818680729567,0.0824967103990008,3,-0.790075012309539,1.52426801551747,0.874919481581505,0.371504345624535,0.364960749993485,0.827545237385894,-12.7179369785626,1000.00022354645,10.5361541129431,499.810611591329,0.693147180559945,1000
0.0240511508647576,0.138017612863038,4.29763084513899e-11,0.013143542876698,0.873469576460904,0.0721478279909287,2,-0.824722067571155,0.804564660766894,0.711953745138041,0.21449004618319,0.426841678893105,0.264248466285825,0.489730512178657,0.788075534714867,2.20655967109717,1000.00039338984,0.693147180559945,1000
0.052460354098058,0.172640811343681,0.0298693448544361,0.0971342116007866,0.844095127859916,0.0912184286700217,1,-0.0388110939950491,0.76068755563205,0.554257658210898,0.185400075727478,0.550287291636915,0.211301538635495,0.526097047683426,0.401033695318962,1.86316366424613,1000.00000027803,0.693147180559945,1000
0.170271846536223,0.240924437564607,0.14398174892691,0.237874003586838,0.910127792092927,0.0689620609625866,1,-0.35641102715438,0.963894736251115,0.599978089228069,0.237854265188272,0.819281473636758,0.308833018697788,0.868807859743909,0.198186376043759,3.06463826563212,1000.00002898303,0.693147180559945,1000
-0.0549981788941366,0.337534377980547,0.303261710962684,0.274239938863651,0.486665267991947,1.0309511986252,1,-0.0159095679330094,1.2119788792906,0.671303578836738,0.280001821236061,0.495685675611862,0.429297064715081,0.464241161124849,0.320990267347601,2.18451120093726,1000.00036444248,0.693147180559945,1000
0.0475174563683498,0.327211231999499,0.0363114394700953,0.147381733724017,0.900095295059494,0.0871989667749643,3,1.66632349067872,1.72184421116178,0.629895445936101,0.203447794238538,3.82519779034622,1000.00088739327,0.693147180559945,1000,0.693147180559945,1000,0.693147180559945,1000
-0.00317517448623074,0.238386147186519,0.107125654573132,0.179650080183814,0.954520489523705,0.0362808832241532,1,-1.20958165066683,1.28402660996869,1.06552952570437,0.343366420921319,0.0454803807928198,0.680223839575759,1.26269372729538,0.130802843807294,2.02901909357778,1000.00001692998,0.693147180559945,1000
0.104619778492031,0.160550630296402,7.92415334083928e-16,5.62997520384918e-05,0.892844810601238,0.0561839474558532,1,0.652107311130658,0.821619095419335,0.815682594961444,0.174468453110396,0.838214619385679,0.410523180642897,1.85809234470956,1000.00009960491,0.693147180559945,1000,0.693147180559945,1000
0.127940949950493,0.19723147083128,1.27449643344488e-14,0.000225787205630283,0.904811364791522,0.0491247409721497,3,1.49289820014249,0.960523790712435,0.405722802402441,0.313121459285518,0.684208456964517,0.566234141552735,2.58113880050405,1000.00023896146,0.693147180559945,1000,0.693147180559945,1000
-0.20246760069962,0.216442465223929,0.1842506112646,0.19096174382006,0.631010117285275,0.620103486310162,1,-1.14483181858383,0.903884746015559,0.605453672726872,0.341222625892565,0.646258172405587,0.22222351793445,0.540282201924818,0.4646469441585,2.06317080455376,1000.00000090773,0.693147180559945,1000
-0.348606076975511,0.245418210555615,0.169424286761114,0.16526161808335,0.288563448872308,1.00002531435239,1,-1.13534006642395,0.86608963174119,0.682836921657382,0.23263881031944,0.921746954597835,0.322833866228911,1.95199850683121,1000.0000003025,0.693147180559945,1000,0.693147180559945,1000
0.139512480982309,0.308814422349636,0.376700337422059,0.291885773610379,0.101905263487827,1.31931495169965,3,0.539165096129169,0.977314811378163,0.887423207237446,0.329350632586289,0.286857268461565,0.547239236272698,3.22871802430163,1000.00126745875,0.693147180559945,1000,0.693147180559945,1000
-0.305077267355365,0.316001104959882,0.349014434704343,0.491532559820611,0.957353058622011,0.0390090764876317,1,-1.89861354917798,1.6168235513414,1.25887525241213,0.249231525185925,1.08586463253492,0.195224891058641,3.28545945353102,1000.00000870172,0.693147180559945,1000,0.693147180559945,1000
-0.0554462462457356,0.129232041717038,0.0369961055726945,0.07869631899391,0.868365127476111,0.0690834919470778,3,-0.954719628602413,0.745748235176638,0.497771540444904,0.245888400355962,0.770256556843873,0.206161882288108,2.25683816729034,1000.0000787426,0.693147180559945,1000,0.693147180559945,1000
0.23864765851797,0.279115489229916,0.0249334545760863,0.155562514954881,0.93247790974449,0.0467859521176582,1,-0.353057816616458,1.2444000607868,0.829934517660358,0.225615321149172,1.09475743020418,0.409208195203782,0.909769473240562,0.605479834828151,-18.0609053819701,1000.00000000061,4.8656537367682,1000
-0.483680006806808,0.256334256089664,3.78935838514562e-12,0.00389339148308867,0.94895108675317,0.0257865044368234,3,-1.60796923856493,1.30762926736836,0.690550342334002,0.235213020097795,0.564211869813667,0.364141058738046,4.18344204750441,1000.00047820212,0.693147180559945,1000,0.693147180559945,1000
-0.2418773520708,0.192313039699234,1.64085689286888e-12,0.00256199143091895,0.927678361065184,0.0380022201159567,1,-0.575143959825144,0.974582631623453,0.755713444649895,0.254087016029019,1.06757206298057,0.343082489436244,2.10337690713603,1000.00005899791,0.693147180559945,1000,0.693147180559945,1000
0.0381021594749039,0.212436663911806,7.69618400593357e-14,0.000554840395022262,0.949257038255934,0.033067628969707,3,0.989052933172854,1.22004077442642,0.577155333236811,0.235986018047275,0.907459293698867,0.638538701513164,2.81934158351019,1000.0000074242,0.693147180559945,1000,0.693147180559945,1000
-0.553290887361646,0.345432418255473,0.112158749828414,0.261272099093795,0.856657511630923,0.102577450324728,3,-1.98658854258538,1.25923388199454,0.567638016114731,0.309139633105123,0.634150671930202,0.183477839529769,2.49156045047971,1000.00016552936,0.693147180559945,1000,0.693147180559945,1000
NA,NA,NA,NA,NA,NA,99,NA,NA,NA,NA,NA,NA,NA,NA,NA,NA,NA,NA
-0.0676792026480467,0.210768006848726,1.11748813921752e-16,2.11422625759393e-05,0.916771171454837,0.0517614410165032,1,0.931841783153321,1.25369720154564,0.50006150230636,0.280596978870764,2.66022992583285,1000.00009744319,0.693147180559945,1000,0.693147180559945,1000,0.693147180559945,1000
0.558104165308935,0.168301166314891,0.0243139599016705,0.0850955143455066,0.878729469906776,0.076488511848464,3,2.3551766379262,0.894287067309772,0.588129737633458,0.21082539597153,0.0615071073560462,0.422923645454279,0.89376014562904,0.377762170960446,2.54713230381038,1000.00000204088,0.693147180559945,1000
0.355073789769461,0.2163992657022,5.39167073763257e-14,0.000464400778248499,0.921126174869155,0.050009790896859,1,0.856769843098307,1.18267789203802,0.788674766984189,0.284128330044723,0.618562793083322,0.455397600262246,0.529451713044731,0.254937889113067,1.93690466841759,1000.00005313707,0.693147180559945,1000
-0.230813319460246,0.408942038552983,0.869695985248779,1.02275825874593,0.231824228960179,2.20322513517886,1,-0.143668635632309,1.04302461185048,1.07892929169181,0.339234323437311,1.21668274560094,0.299249540807855,-0.253989065325285,0.994411298738944,1.78709160285855,1000.00657756178,0.693147180559945,1000
-0.408648182181073,0.348890478619164,0.607487682582637,0.491196079801547,0.175391521882161,0.970931063717416,3,-1.77388809121658,0.984011049161936,0.786438518320189,0.243127236614705,1.13146501231043,0.570122528551457,3.6502040605376,1000.00000791144,0.693147180559945,1000,0.693147180559945,1000
-0.328396391381716,0.219991940805449,0.164645393961543,0.289095929638666,0.929258628479147,0.0655245770463736,1,-2.19298170688813,1.25605455668735,1.06958022345662,0.339800255644966,0.576449295817044,0.215241671015867,0.978878547671293,0.357554544232523,1.84761506321859,1000.00070072077,0.693147180559945,1000
0.0167887548127254,0.189621608804758,0.182735712973289,0.185338871233151,0.921673282804402,0.0624505814084312,1,-0.847096182604794,0.960029783528473,0.544595706586338,0.187199708641083,0.810462573063918,0.244896543067146,0.710219441223805,0.197458774361043,-0.386513320296464,1.29302203021091,0.763116297925565,0.148338142542317
-0.278767421482826,0.150520759579281,0.0394183467526542,0.0628993967021258,0.800828930102008,0.161567527220286,1,-1.55336144889108,0.791108626819847,0.677192133611777,0.176942723567791,0.926010168984339,0.253426991522268,1.80474027558632,1000.00000024605,0.693147180559945,1000,0.693147180559945,1000
-0.334243587230654,0.295395958371885,0.134999904609889,0.258457383324186,0.883938563075385,0.170141887811861,3,-0.971124208572215,1.31744467823724,0.789577518959106,0.438213398007595,0.483904328845259,0.301249030839598,2.52720673068463,1000.00031741488,0.693147180559945,1000,0.693147180559945,1000
-0.0332083579191105,0.269174362910065,0.0538425292041726,0.216887471089452,0.913986610613409,0.0785047469770535,1,0.613165781944787,1.06216113458016,0.596640657327488,0.298877722973399,1.003699368241,0.207064068897482,1.84654204257516,1000.00029342192,0.693147180559945,1000,0.693147180559945,1000
-0.00107311208685331,0.192155553828375,0.0134576218345114,0.115861976551045,0.8425303803068,0.111177831171679,1,-0.0313504104631524,0.865531941462451,0.271465390073207,0.28550194226701,0.97111147806832,0.23984971788104,-0.382604909829911,0.873966779845444,1.81798548341636,1000.00000030971,0.693147180559945,1000
-0.152126091002563,0.219655981035984,1.37528200138814e-09,0.0748551735793758,0.919138158957487,0.0466294463163661,3,-0.197685728401399,1.04880908714789,0.800330453948759,0.247947639925335,-0.0886861909078762,0.724562182502762,2.57623761551468,1000.00000831359,0.693147180559945,1000,0.693147180559945,1000
-0.107578334996276,0.215122913078194,2.55988421344048e-12,0.00320004484209016,0.91488579915071,0.0444372419209894,3,-0.896368002893096,1.1432459978458,0.646116277774547,0.18220373225108,0.941843537298834,0.343999377931846,2.59877875610008,1000.00001278769,0.693147180559945,1000,0.693147180559945,1000
-0.168197603223921,0.247867197708334,6.23697868374449e-12,0.00499494900795467,0.926609008153696,0.0357763738969691,3,-0.467244745946388,1.15339033389604,0.753666197688041,0.205575497836818,0.960887702091737,0.41665475777819,2.45389223460024,1000.00004817743,0.693147180559945,1000,0.693147180559945,1000
-0.179561086687994,0.219462438210697,1.24148165451141e-12,0.00222880787738778,0.873073216915835,0.085673599111577,1,0.809154313286411,0.992845213717825,-0.080929258180685,0.397258324372374,0.806135003669176,0.288453488782457,1.70624822800618,1000.00000002501,0.693147180559945,1000,0.693147180559945,1000
0.774238661447234,0.634551704405703,1.43862850678597,1.78858608373434,-0.508256949269911,0.78124726072933,1,2.0418155820769,2.07368912524541,1.88325024819993,0.674838603964863,1.94484814662828,0.616665520289153,3.01705944377824,1000,0.693147180559945,1000,0.693147180559945,1000
-0.00106918407043466,0.195751298364229,4.61522803418841e-14,0.000429661928603503,0.918977893585993,0.046496109114966,1,-0.289304092967691,0.858405379696779,1.0193626009364,0.237720839237755,0.272131645110994,0.376974198311411,0.317924138426645,0.494931808580682,2.00767116806921,1000.0000103924,0.693147180559945,1000
-0.445753509201243,0.802693133793209,0.411726442172024,0.813106415373629,0.945535365566413,0.104057062466039,1,0.76132796752405,2.07811369494513,1.59930768582266,0.755500519187582,0.607937063549377,0.192540373184232,0.494807278271337,0.454347913138689,1.98539708194374,1000.00000051217,0.693147180559945,1000
0.186214854830487,0.162247248846324,0.0230159027275267,0.05362562780836,0.596655006230755,0.291131905553165,3,0.449631065929474,0.62234569500782,0.365798767172707,0.207249864523015,0.750728753151289,0.375953350950179,2.33432598664519,1000.00003247817,0.693147180559945,1000,0.693147180559945,1000
0.186247198109176,0.182757844701651,0.0727348515741368,0.0717661188441147,0.398920118752707,0.729069802994029,3,0.93438990833926,0.720711151037248,0.692239992722593,0.197849987896732,0.559176777242651,0.562509009704449,2.71240861583867,1000.00063330848,0.693147180559945,1000,0.693147180559945,1000
0.416989756893633,0.186243508335506,0.0835615466180738,0.0974620038713144,0.7746345384942,0.193227055547908,1,0.663986884350571,0.726705198659289,0.819787361967576,0.216042294614955,0.435923707495522,0.364108881090535,0.847165037733059,0.554711276476931,2.59484474051506,1000.00010225305,0.693147180559945,1000
0.233547702196363,0.182612441889573,5.15378501320924e-15,0.000143579756377233,0.906526491908342,0.0538151970503973,1,1.39438572833554,0.890475018924867,0.75806181677886,0.215551676684243,0.66109176789188,0.175016679907603,1.95629475969681,1000.00001577201,0.693147180559945,1000,0.693147180559945,1000
0.0591973880647977,0.229897949583567,3.86456044486638e-14,0.000393170605508649,0.898584398467176,0.0573911676315344,1,-0.911471405501789,1.02449542547856,0.62860007289059,0.277482314558563,1.11445182884276,0.178335423356901,2.08660943067278,1000.00000074156,0.693147180559945,1000,0.693147180559945,1000
-0.18912168598338,0.278552577342046,0.123189868719097,0.231999865461788,0.937920749146679,0.0561854108946727,1,-1.48444980083579,1.29926808881728,1.07134359374684,0.328715947995625,0.932833432657738,0.406606649261592,3.51812613726786,1000.0002425721,0.693147180559945,1000,0.693147180559945,1000
-0.371962176085672,0.323916827821362,0.171441928200982,0.289772916665958,0.945103506153345,0.0439955372557349,1,-0.587052555209187,1.33761104199247,1.03706019406889,0.338762669814883,1.17918505596749,0.276009312295035,2.3987449975112,1000.00000004725,0.693147180559945,1000,0.693147180559945,1000
-0.136795589775527,0.156787906793132,0.0397633110159318,0.102748703687679,0.875428115268986,0.0772344800170079,1,-0.352876082768913,0.816596089916268,0.612820639396902,0.230890153513227,0.270946863500789,0.322423653312366,0.137215936086061,0.818321076538422,2.31342265297186,1000.03199114828,0.693147180559945,1000
0.0126523017910924,0.143857807098746,3.14677821800503e-13,0.00112194535501146,0.85603308227775,0.0735721948780806,1,-0.127864361522444,0.750685828878915,0.449305870271176,0.25628057551766,0.986368973678778,0.400100840582917,-0.0924929500126034,0.147697773278295,2.00290962910784,1000.00000208406,0.693147180559945,1000
0.0774187081298292,0.231878495021297,0.150109883002817,0.196902685979598,0.812061932694359,0.22712935052118,1,0.109214927173251,0.904590318744455,0.716372111769486,0.270655743276688,0.261873257265475,0.461218672251232,0.444322679077985,0.491958773108509,0.646842482371869,0.20438987099862,1.89600186281144,1000.00000093035
-0.366299313282773,0.265954388081323,2.59837870663431e-11,0.010202560632627,0.897861457627795,0.0548533703627063,1,-1.41370690839252,1.06223706867709,0.781166124447736,0.2062302438785,0.919593881666204,0.237599054396579,-0.30758607819553,0.687840453739488,1.72642632236746,1000.00000122963,0.693147180559945,1000
-0.0551970663676884,0.232383549087251,0.223924697820441,0.222065043518229,0.460860429028338,1.1353222862854,1,-0.483795926341551,0.811759021394054,0.862089551073885,0.275151325297661,0.328377666467861,0.672532502199665,0.75927000511594,0.387006749554941,2.28455198356862,1000.00000366158,0.693147180559945,1000
-0.190583727992104,0.229602771139239,0.116294580141136,0.169017603939348,0.820341249001024,0.180105558375083,2,-1.05846769509984,1.13230125011954,0.793653546920305,0.253081593179999,0.124640611141171,0.435884108738375,0.453214671806621,0.464384559415753,2.27484096524979,1000.00012430049,0.693147180559945,1000
0.00518394123558976,0.173342087636011,6.40946675119468e-14,0.00050633954772814,0.926403529178403,0.0340738150293354,3,-0.0851741263082646,0.949727771417133,0.706321277463287,0.201457535855398,0.320338915780629,0.510888607396088,2.58840535430912,1000.00040302227,0.693147180559945,1000,0.693147180559945,1000
-0.0841471291946733,0.236918593358942,0.0536400198518598,0.132986491612656,0.88624417841771,0.117543256780803,1,-0.0959697520912222,1.03411246108828,0.726385403871605,0.410928331335557,0.820686173718853,0.359901316254033,0.0395802009665653,0.594098938176688,2.01601041896607,1000.00000639701,0.693147180559945,1000
0.247493464573595,0.262976614549346,0.000834050252320463,0.164107401411757,0.951470777581878,0.0332363324828563,1,0.682002472262979,1.17364401761469,0.899878755283314,0.229230999798344,0.69233842158019,0.526689221816001,1.12239827609421,0.352796965593194,2.08597737894686,1000.00000002401,0.693147180559945,1000
-0.0803905003092353,0.158294727347185,5.19918640860429e-12,0.00456298800127702,0.903241762533462,0.048094754113313,1,-0.84377111074205,0.804613622466061,0.966031946199716,0.160896148001504,0.81079889283308,0.223902392165657,-0.507950907027101,0.891189016672173,1.85741017530514,1000.00010677194,0.693147180559945,1000
0.449953727182837,0.214795903897255,1.14028280851207e-12,0.00213571448212469,0.903134244283141,0.0518101031669342,1,2.18875022260456,1.17825859538151,0.751321053678425,0.326856348273549,1.08075080968305,0.321592928414151,0.341161173769577,0.206675858073003,1.77127934946577,1000.00007054124,0.693147180559945,1000
-0.152537371872526,0.229333606016768,5.45417953888174e-13,0.00147708043153679,0.893095284161955,0.0670757646616986,1,-0.0666278307488149,1.11317532091072,0.372341027783266,0.290615892893569,0.933140629285813,0.49892698799457,2.18662541068078,1000.00229014891,0.693147180559945,1000,0.693147180559945,1000
0.103335044550814,0.190498380567166,7.92986784926561e-15,0.000178099698600636,0.819422394183622,0.104309049518839,1,0.23054756600466,0.833740688878982,0.64062432876373,0.225527887755567,0.720347129796771,0.376502544767829,2.2116653133515,1000.00008597188,0.693147180559945,1000,0.693147180559945,1000
0.0238364971569111,0.167326500864382,0.120827813838905,0.173232438426274,0.883828057014882,0.0971439232429437,1,-0.484769996413479,0.873434791719882,0.735586429186135,0.350585910759971,0.170595259972931,0.415363965307338,0.837473871096369,0.182650969193035,2.08652995317346,1000.00000510147,0.693147180559945,1000
0.142612148138349,0.295926926588106,0.118710811685233,0.333517255884981,0.94881089646003,0.0521313725516866,1,0.703101665781119,1.43386453001159,1.01160761851516,0.247998850015592,0.606202939503171,0.324453734020061,1.07978997218205,1.03326722143908,2.26704251690536,1000.00012277672,0.693147180559945,1000
0.161272933372243,0.198728283009589,1.44936292452299e-13,0.000761414088284343,0.915412598552458,0.0528576671459563,1,0.6953250784904,1.02242585001377,0.701504418111859,0.269932243710365,0.074114051307642,0.357818584724765,2.50857464375402,1000.00066691188,0.693147180559945,1000,0.693147180559945,1000
0.153822713493684,0.289013569860356,0.394156167831082,0.278061379397752,-0.552904551908526,0.280210372362595,3,1.2665753215886,0.825715227739914,1.17871481373166,0.319586825700819,3.61054794615762,1000.00026613042,0.693147180559945,1000,0.693147180559945,1000,0.693147180559945,1000
0.0914987584327192,0.277061846237275,4.814712451447e-15,0.000138776338279989,0.930523243458522,0.0370154386514726,1,0.726952393213806,1.47710488326575,0.931109541231018,0.235145171700833,0.283990695165203,0.419275737671307,0.694639073807398,0.314707688055284,1.85320848294065,1000.0001015412,0.693147180559945,1000
-0.00713221204527976,0.189290221300034,8.03400058995656e-17,1.79265175261459e-05,0.874513096647075,0.0640387474347564,1,0.43201353681613,1.03095842483433,0.837874446161359,0.240613349148473,0.683656081990258,0.399854189598485,1.76862052889668,1000.00002481757,0.693147180559945,1000,0.693147180559945,1000
-0.116093540819052,0.275008968596713,0.104874943722066,0.317005000386407,0.955585912666025,0.0342571798213554,3,0.176104114539025,1.3925739731857,0.731613055094576,0.316207587293264,1.23049515416938,0.32299803608093,3.00818975671656,1000.00005849689,0.693147180559945,1000,0.693147180559945,1000
-0.0041399321347559,0.134859920779092,0.0173465259565945,0.0450122040407782,0.680224831589453,0.27490664267297,1,-0.125988732475005,0.690471917150088,0.404734851054208,0.263406672777774,0.69286681063968,0.23627393186988,1.81506590127382,1000.00000187037,0.693147180559945,1000,0.693147180559945,1000
0.0437477671567485,0.243548274061374,4.44842958578857e-19,1.33393097060128e-06,0.917910976827417,0.0459255226686768,1,0.478218896299477,1.14298322003361,0.581139882883739,0.22747213081192,0.684275457174403,0.275866243659811,0.36305100923495,0.466971664515849,2.00485713765335,1000.00000137666,0.693147180559945,1000
NA,NA,NA,NA,NA,NA,99,NA,NA,NA,NA,NA,NA,NA,NA,NA,NA,NA,NA
-0.146106255131054,0.172709646646336,6.70155676851959e-13,0.00163752750933626,0.836127813623531,0.0866600541375809,3,-0.664692519203345,0.912910561411406,0.428826681932355,0.240581319282509,0.541803815631671,0.301319261214631,2.24897411531887,1000.00005516113,0.693147180559945,1000,0.693147180559945,1000
-0.15325129886836,0.179745743076996,1.93964650806018e-14,0.000278542702962435,0.849587287334297,0.077514275930726,1,-0.993866331877743,0.792799778037757,0.891406245068207,0.21389621062846,0.722048342350729,0.340796556442871,1.82584737819161,1000.00000331166,0.693147180559945,1000,0.693147180559945,1000
0.174726350061326,0.275620715028844,0.169405348118104,0.190902649097908,0.903645127538594,0.101793707793637,1,1.18083986692375,1.11696012122301,0.70816858164473,0.18578379330274,0.894396236584215,0.345275567183428,-0.366640688668269,1.11175104289588,0.302358282447422,0.0826255897896373,2.8281993091425,1000.0000148245
0.151490505865268,0.289649083807566,0.200764155722713,0.190289332802555,0.565781942363795,0.876560884247292,1,1.06024766081676,1.10288014259843,0.514554039729369,0.35278672053649,0.878193315805411,0.346849358898754,0.912619974075477,0.473613304888714,2.82303233065935,1000.00011116059,0.693147180559945,1000
-0.24747286029044,0.180876803021983,0.0660539139817849,0.1117015584866,0.773990604799054,0.135106572820979,1,-1.07178816672266,0.698028484402675,0.599463479862474,0.235258374673318,2.33317340528849,1000.03024200972,0.693147180559945,1000,0.693147180559945,1000,0.693147180559945,1000
0.173756478612918,0.162702386368847,4.64686460061886e-16,4.31131758922896e-05,0.923606974035363,0.0397111230133661,1,0.275013170346922,0.903951855518206,0.481061935398808,0.215450414701912,0.436155268503006,0.281665029655412,0.420022044979894,0.422180922722596,0.829591453941949,0.359816659621716,1.79889092874742,1000.00058196328
-0.0265390923556413,0.257951951899709,0.054659424597236,0.280218708164723,0.925823289982731,0.0609286544277912,1,0.501333761806526,1.17783607173629,0.682924422030585,0.269938348257085,0.735286153208408,0.310361915715168,0.367819825294061,0.45026703869441,2.05541769060099,1000.00000475727,0.693147180559945,1000
0.00843622621067994,0.167622412410963,0.0191672125265461,0.126361383118602,0.844654284761695,0.122588050414477,1,-0.0137812563426283,0.737757582645691,0.319879873930417,0.227322530993519,0.600812455289517,0.253713111136488,2.01745645892346,1000.00000076243,0.693147180559945,1000,0.693147180559945,1000
0.286117989945252,0.177703284360528,7.30412151185527e-13,0.00170948049119249,0.870022758187797,0.0823021062197348,1,0.968333692063776,1.0014284356578,0.898817340132622,0.240147811440316,0.972818283132598,0.258043251556113,2.01890531944331,1000.00000006825,0.693147180559945,1000,0.693147180559945,1000
-0.203204666323963,0.196092709616951,0.0833021727280811,0.160762128305622,0.777536523239234,0.258443989278134,1,-0.366755959212736,0.922055153682061,0.590027330508924,0.264560641841143,0.471629095657372,0.281611301417308,-0.0507739434431618,0.826145928195194,1.98885732673566,1000.00000092956,0.693147180559945,1000
-0.0557359817874954,0.274297199241754,0.102341526713948,0.21441228736503,0.934603534819467,0.0574832392599227,1,-0.659518286148933,1.35122193256706,0.858407846573386,0.211151214257939,0.975786974778531,0.380876857684081,2.87309280480742,1000.00002992316,0.693147180559945,1000,0.693147180559945,1000
0.263286639097213,0.190834472731478,6.06623898934814e-12,0.00492644994126193,0.928125367636063,0.0389215218697941,3,1.37659387303228,1.06406751807808,0.721634402721191,0.268836429060693,0.797251736197664,0.300846139592214,2.70934836122311,1000.00008080146,0.693147180559945,1000,0.693147180559945,1000
-0.531936166391487,0.227543233666989,0.138218796095965,0.23803045980299,0.851341898495462,0.100854195572402,1,-1.76833831920519,0.77930157005047,0.807048862146668,0.271336028905166,0.442739141977015,0.298887225835649,2.45380778101515,1000.0000259012,0.693147180559945,1000,0.693147180559945,1000
0.109101400158884,0.284789608444977,0.0777077945176643,0.179485852051612,0.929104346401058,0.0592591320173217,1,-0.63304934439872,1.44079089669768,1.26055074551825,0.355241033040725,0.800886561611482,0.284089002361402,2.72603930272803,1000.03163399542,0.693147180559945,1000,0.693147180559945,1000
-0.311171184221154,0.224987497107401,6.33769352909928e-12,0.00503556601343571,0.93577021370187,0.0489543578283181,1,-1.6076410517111,1.18954299421299,0.838509165776537,0.271086940890959,0.508713538534038,0.271416798539707,0.754559419526191,0.359953845001621,1.72757149099475,1000.00000036194,0.693147180559945,1000
0.268712263959188,0.258576116222614,0.264011809642726,0.192111277674397,0.377978326523191,1.0734461674991,1,1.308114403316,0.799584874358836,0.615692509326376,0.287007413871635,0.641889253857226,0.455310342099866,1.46609768192573,0.189114829051138,2.05783712588552,1000.00081585167,0.693147180559945,1000
0.172501267803958,0.173351945683142,0.0405674171857092,0.0933291791306197,0.865670543402214,0.0909604692507296,1,-0.108812793625011,0.789783328525854,0.659571135912549,0.199711942957772,0.491475241836339,0.219531521377113,0.845167776041109,0.350799088593543,2.02896565809567,1000.00098263697,0.693147180559945,1000
0.207007134855882,0.147113627405045,1.17725259746489e-11,0.00687417455498486,0.785350964866536,0.108298123070862,1,0.513636593820768,0.781482639181062,0.525704337800767,0.242467202608229,0.483781485816368,0.265336914284669,1.99330812506817,1000.00502866626,0.693147180559945,1000,0.693147180559945,1000
-0.267412910454222,0.298248379382815,0.289159262040272,0.414476139869502,0.853015276379547,0.17449045625983,1,-0.98319906217452,1.0562926101665,0.787893648315955,0.21230572462512,0.742415530707721,0.427468056579336,0.226519409656818,0.407017375632916,2.03596139721825,1000.00019228307,0.693147180559945,1000
0.096420504311553,0.177756175561557,0.0163099092578348,0.0858224764078262,0.813760057618812,0.127466955769807,1,-0.38726144098754,0.818835326752502,0.516668968912552,0.184260206976556,0.625662983997014,0.259513165856508,0.674147906942046,0.444365083412144,1.82388594597809,1000.00000542503,0.693147180559945,1000
0.0945185569985845,0.194219762556574,0.0255241403941977,0.103050534402441,0.906693392323639,0.0490280221675634,1,0.252451285879168,0.965125034093235,0.687501687263547,0.344793419859391,0.691690087366663,0.263913777672959,0.89067357433483,0.213362895834286,2.19473216433474,1000.00002972046,0.693147180559945,1000
0.0719902963609308,0.221416921312805,2.98408460054962e-13,0.00109254776124189,0.925776507737106,0.0356330035017705,1,0.262464437672301,1.2189872574906,0.86656556298027,0.184227001438194,0.599509944287939,0.475699830178785,0.579784206586022,0.735550040117871,2.58101796745471,1000.00024039306,0.693147180559945,1000
0.196364787889619,0.212267343460202,0.131138552911221,0.165126222565914,0.914200906192161,0.0903716485712057,1,0.225753452121279,1.00877380871554,0.777475572398722,0.277790598590318,0.701133605517307,0.27343881967681,1.2781917546359,0.364440380416239,2.05552138858349,1000.00000139204,0.693147180559945,1000
NA,NA,NA,NA,NA,NA,99,NA,NA,NA,NA,NA,NA,NA,NA,NA,NA,NA,NA
-0.0875549505234184,0.264920912903325,0.119729163258582,0.167788051127048,0.881424896358132,0.0999981151381931,2,-0.119771747986077,1.0060055483696,0.522022142736927,0.212505098847606,0.429559431128446,0.323486667273773,2.98741638052038,1000.00004710311,0.693147180559945,1000,0.693147180559945,1000
0.0478960569670894,0.270492286664833,1.59390437357553e-10,0.0252515362300227,0.943535335124876,0.0324340878741852,3,0.159099652469294,1.46375315761164,0.901013781083383,0.246287562158626,1.2330796300455,0.44792225478185,2.66200440021014,1000.00001727128,0.693147180559945,1000,0.693147180559945,1000
0.291940899299162,0.1816752764657,3.37184442060895e-13,0.00116142848158667,0.888386057913962,0.0607658945699335,1,0.512654688021245,1.10735978134089,1.02070272390278,0.190964956954908,0.850149474050488,0.200670672363683,2.11617943777084,1000.00000132412,0.693147180559945,1000,0.693147180559945,1000
0.108935214114975,0.314676478281283,0.00812269541434968,0.198139901691674,0.954157070923009,0.0426931260197294,1,1.23674782173725,1.70061503445649,0.887394208209736,0.230252770236525,0.757935699215896,0.640939941397827,0.146064109279013,0.387578711202015,-0.168463297680219,0.750786028101516,2.04502084432245,1000.00000003946
-0.203592021019147,0.171288746182278,0.193775597439716,0.150254980014229,0.461561821931982,0.611334462190157,1,-0.943652628025264,0.578422208246585,0.761962950761271,0.236452573562187,0.782979301927709,0.253424994640264,2.38923257667017,1000.0000213437,0.693147180559945,1000,0.693147180559945,1000
0.0269781176713343,0.285762311556744,0.0813663773544836,0.125386268518764,0.600400786621495,0.531160549107359,1,0.734609432386836,1.22454729471612,0.281899060496765,0.332848478072689,1.15114477591989,0.412956496972648,1.93925047234115,1000.00000041404,0.693147180559945,1000,0.693147180559945,1000
-1.11807516827039,0.683707207316033,1.16460380090693,1.45804439072762,0.959187807964362,0.0473820087533636,3,-2.69273374012495,1.73154092911724,1.03084290529011,0.242594785698069,0.987322125978607,0.557622693399248,0.767346642058717,0.987489623320258,7.57105434680483,1000.81255641022,0.693147180559945,1000
0.29559619608148,0.190803255206276,6.75846680453226e-12,0.00520097551240498,0.925252883998057,0.0468495667329612,3,1.22383699114258,1.09753070985997,0.733583440788911,0.297381946268331,1.05859296887669,0.299145995876059,0.0388726925898299,0.89687120997016,2.43626139836572,1000.00004003851,0.693147180559945,1000
-0.215039836659677,0.140598599408117,0.0265568821915272,0.0455537642788522,0.732476642040208,0.257400328394627,3,-0.143437106634762,0.665567340969071,-0.0859883301670904,0.36174180791584,0.674714989574074,0.316663470009873,2.29763214672462,1000.00011583937,0.693147180559945,1000,0.693147180559945,1000
-0.20008001437112,0.187485216713858,8.38925119467166e-14,0.000579284413080543,0.669220216667678,0.17351283957434,1,-0.357797563764236,0.750353607123783,0.484000482678963,0.21729327388739,0.515111065459254,0.31857259325722,1.51100536388075,1000.00264033167,0.693147180559945,1000,0.693147180559945,1000
0.411873609818778,0.192473847948953,1.82933115147741e-11,0.0085552537600453,0.920314392336254,0.0488936733560932,3,2.27604719369339,1.03872464701971,0.242483109941694,0.29047509291501,0.661571506788,0.237873078309555,0.0508852666544481,0.514006573630469,2.50908018690932,1000.00003012009,0.693147180559945,1000
0.228717459904241,0.292988295578476,0.672164665684332,0.746623665025718,0.946444009438783,0.0455633298594803,1,-0.690959591304883,0.95234507300903,0.952824720010189,0.244929702803963,1.84584197122949,0.4703541673101,3.14818195565606,1000.00005655327,0.693147180559945,1000,0.693147180559945,1000
-0.0937252656169085,0.153887224570603,0.0449916413614109,0.0597598623853695,0.537427646878317,0.518531387799348,1,-0.203756963116052,0.787742957578987,0.984028852598523,0.222337311467533,2.22265815920856,1000.00000015199,0.693147180559945,1000,0.693147180559945,1000,0.693147180559945,1000
-0.532381942449887,0.350271980242766,0.252582086666085,0.347689508179414,0.932577184463549,0.0466989275033678,1,-1.54807709887,1.16247153234146,0.960640418563475,0.283316898990417,0.587459362880642,0.797689558799653,0.598021485763305,0.819222940689263,2.98551096143532,1000.00025718343,0.693147180559945,1000
0.279968014236105,0.299558910747348,0.510416272043526,0.40627365092994,-0.59749309431274,0.352892703052497,1,1.28295832489987,0.957654082482898,1.3343628074823,0.387357596714498,1.14310746471736,0.722975959270798,1.3405345193496,0.218489759734801,2.87714138684725,1000.00000009989,0.693147180559945,1000
-0.206932892486869,0.159192138371689,2.18635492073343e-12,0.00295760313555958,0.780530530137335,0.11367706806205,3,-0.544750860469968,0.704658802085303,0.612925852983489,0.247911185978832,0.127344109550021,0.410165694391934,2.41847685695481,1000.00090991983,0.693147180559945,1000,0.693147180559945,1000
-0.0647054151136775,0.193804891669231,1.67316709728897e-11,0.00820141283831121,0.912710598902562,0.0415055843503353,2,-0.922075852820901,1.08586735526583,0.739325990643823,0.246276625163472,1.06126443661923,0.177494645792999,-0.329526092685991,1.20921634698264,2.8746290079336,1000.00008099373,0.693147180559945,1000
-0.117209650278655,0.284991790873703,0.196643605397967,0.242261536016699,0.82543765056346,0.204059088544602,1,-0.232955534891264,1.07662033290059,0.741765036116908,0.284910220501639,0.5697884670203,0.356954158364169,-0.253474031848766,2.74431161680215,0.0880581730238911,0.979188754038899,3.10112158935186,1000.00000211048
-0.233705184456784,0.223464155375466,0.0629964567943437,0.221288436477113,0.941759599800541,0.0427580337700035,2,-2.33411410929618,1.54378672681425,1.30848150069141,0.343265224626718,0.842519752768913,0.212357905658383,2.73914936802397,1000.00000259663,0.693147180559945,1000,0.693147180559945,1000
0.00792869987792158,0.162188355621072,2.77899080497838e-11,0.010547891872535,0.932096870881623,0.0314569471898914,1,0.0554242147687623,0.934620419310161,0.381062095770038,0.228959369353901,0.914572177255732,0.21196252082321,2.57479417296691,1000.00010618616,0.693147180559945,1000,0.693147180559945,1000
-0.106751123697423,0.22844741528064,5.22473708554414e-11,0.0146314781442715,0.933209396055552,0.0473574282683218,1,-0.714348676725614,1.28087551810349,1.16341286272531,0.311902121667637,0.387425027105203,0.401175067350804,0.564372212876141,0.356807088502332,2.19572368221625,1000.00000046309,0.693147180559945,1000
-0.362868517463201,0.50547389008085,0.518859412789425,0.783058817003907,0.792521493038259,0.264716700861811,1,0.641566998226904,1.21320440237956,0.93601258785711,0.243026555599118,0.701042398182832,1.18143309647712,3.4389644888728,1000.00003669369,0.693147180559945,1000,0.693147180559945,1000
-0.186529430582449,0.213871289896677,0.0901628190151872,0.193391511960528,0.838846821722716,0.0868811803250226,1,-0.240844575436327,0.848121408079611,0.696390630746355,0.25540229887287,0.664299414558291,0.24139935619891,1.95990426176035,1000.00000773778,0.693147180559945,1000,0.693147180559945,1000
0.178835485624643,0.141741723291349,1.69860493699523e-13,0.000824291394551939,0.943915168196251,0.0295769371442771,1,0.0703366879444825,0.797610501606186,0.75388678026155,0.23138144204716,0.807362474252511,0.17724350315329,0.51802938702093,0.380919405964918,1.76700702336678,1000.00000348387,0.693147180559945,1000
0.0656419162521979,0.177164983093145,0.0511302555911934,0.0774986687358522,0.84223478985199,0.124795913920413,3,1.01534809914061,0.958359497658428,0.551069380338502,0.231994272788393,0.431210878083578,0.323501110943384,2.64773045798413,1000.00004849069,0.693147180559945,1000,0.693147180559945,1000
-0.0609839913145781,0.350624790314518,0.451609547321602,0.561863886786041,0.922499272892199,0.0644500353992599,1,-0.78569843373218,1.07598601375498,0.933098548778498,0.200803148933273,0.448152214831781,0.329512875182334,1.48906732445947,0.845663179576317,1.22072169158296,0.482377780548039,2.33222280233898,1000.00000005965
-0.126354742988541,0.513478578101496,0.222485494982408,0.516364366080652,0.928187136669962,0.0941509558389693,1,1.43467938600245,1.70010711497323,0.715028102931332,0.521261941792874,0.686227047222231,0.330542989918532,2.2142952623334,1000.00001076717,0.693147180559945,1000,0.693147180559945,1000
-0.287357064517912,0.250086165090924,0.223769000717392,0.339286924228702,0.836991108681341,0.258087634268522,1,-0.367903657084259,0.976425867369689,0.917427157719208,0.424995284836309,0.594780720436419,0.447828555371624,2.27700879248864,1000.00000110753,0.693147180559945,1000,0.693147180559945,1000
-0.359605101393718,0.207488333651474,0.142209568919293,0.133915902333089,0.760043840231516,0.23969886268855,1,-1.8586242847389,0.885388521580479,0.796588396070496,0.18461385191677,0.617589202280523,0.349748017317199,0.726542958990629,0.172626534699043,1.75417978643433,1000.00019410301,0.693147180559945,1000
0.0466647989010057,0.311331750471866,0.453248585600587,0.295886487822726,0.264036225781062,0.597632471781968,1,1.04637729826274,0.874287274400423,0.899306541439336,0.263241099405277,0.657135158485594,0.363731488627111,0.573666705330832,0.977738099491456,3.54639274641694,1000.00023502792,0.693147180559945,1000
-0.0656030501774974,0.156983914386265,9.75148021645046e-12,0.00624641632475223,0.862282499645358,0.0734011319673786,3,0.337555350677404,0.75255261099828,0.660918124486808,0.263305170784398,-0.449766150854648,0.584850074090151,2.27396151518272,1000.00007224924,0.693147180559945,1000,0.693147180559945,1000
-0.0747648536721422,0.234310562335056,0.326855805175518,0.201204866563896,0.35670316095258,0.709917088015717,1,-0.901551878147807,0.612919086640603,0.498768550338316,0.190666437201532,0.649135719029852,0.324768556597047,1.21000104042964,0.259708697950244,2.05568801248935,1000.00065083627,0.693147180559945,1000
-0.238619298271579,0.210881879275692,0.034027790939265,0.1364116619476,0.940632325482496,0.0489691432876566,1,-1.99617389959478,1.27613709288726,0.806456421628567,0.285108659329849,0.849060322174594,0.271853357825073,1.02140984741989,0.357761855668893,2.16100861009322,1000.0000000141,0.693147180559945,1000
-0.439447679950985,0.278913801516773,0.17204940245819,0.224196826237626,0.855060102966225,0.210932829022161,1,-1.34362000875565,1.03399343725944,0.664424707169356,0.412117282801516,0.790822080834015,0.243541779482154,3.05960742000013,1000.00013573526,0.693147180559945,1000,0.693147180559945,1000
-0.624812012934975,0.356976022717524,0.624321520015724,0.568270245585982,0.896984629470609,0.119868047295893,1,-3.27170512202066,1.2445652444429,0.944944123326178,0.293873766247066,0.796629179894279,0.39102839187394,1.7076271434809,0.485436157585713,2.44622050651553,1000.00005152489,0.693147180559945,1000
0.176474747426653,0.239517723730009,7.94850742408128e-14,0.000563863408023504,0.921006805891616,0.0782831479249338,1,1.93765433861456,1.33433315432019,-0.255529862693769,0.469303870481204,0.778961665059283,0.240694919885008,2.22327884009813,1000,0.693147180559945,1000,0.693147180559945,1000
-0.265885512994267,0.240084087944382,0.358563240121168,0.29017611025891,0.687783669838526,0.441314669171655,3,-1.63406590620918,0.718479589358073,0.779707930401493,0.214113227642875,1.10035909780626,0.437187869633699,0.267633713767262,0.557374330981078,2.76191422672079,1000.00195595153,0.693147180559945,1000
-0.147307796813129,0.154016771650625,1.29015728133575e-11,0.00719044342272874,0.807803331026847,0.0833115439908469,3,-1.23826291761372,0.784186995367219,0.566711821656259,0.179542309745406,0.575679272186567,0.234729626673875,2.26406151093131,1000.0000187789,0.693147180559945,1000,0.693147180559945,1000
0.363838530347805,0.233552473118315,6.46168873966045e-12,0.00508442948930641,0.907605016892647,0.0320957745935759,3,2.34555376643303,1.0950977093403,0.720792420583306,0.372199258517798,0.716166188216218,0.217182352369083,2.56811606356037,1000.01864682382,0.693147180559945,1000,0.693147180559945,1000
0.399150830504533,0.221829831059533,0.0268775763252759,0.0598043233170388,0.845435630008406,0.104090979848497,1,0.410387464775223,0.73399925350926,0.992617335842041,0.160956762663218,0.714020780384422,0.338627010921188,1.79409222999587,1000.00007397853,0.693147180559945,1000,0.693147180559945,1000
0.0977194085441352,0.256725639371252,0.201777290083594,0.161762973510279,0.855888889872944,0.138326699897674,1,-0.157613354242155,0.907289251079733,0.877876082195236,0.265904352543789,0.718187186731234,0.368960831718427,0.73071907633914,0.630752650989013,3.13004303268499,1000.00025599518,0.693147180559945,1000
0.0961625749996831,0.150623246302829,4.69715563517491e-15,0.000137071682399919,0.82049583742672,0.116267429973755,1,0.562564479199662,0.672070957784895,0.43785389968087,0.249722590980055,0.936855961493573,0.37356878585167,1.91707368015777,1000.00000014634,0.693147180559945,1000,0.693147180559945,1000
0.280842105599553,0.207890540204588,4.4806147397239e-12,0.0042342499167516,0.895586647347967,0.0623170698940841,1,1.30179256703191,1.08474226266294,0.582807490495199,0.237459528719269,0.623258222715628,0.390483389864437,0.757951031462927,0.507800769791438,1.92959312666316,1000.00000771138,0.693147180559945,1000
0.0622219943758983,0.172347996464314,9.76438201710224e-14,0.000624989768877823,0.911603286082456,0.0440453423081722,1,-0.322536709141329,0.897581392916678,0.908905632808274,0.189696756157836,0.66072233375486,0.170254088900545,1.92896302634581,1000.0000013776,0.693147180559945,1000,0.693147180559945,1000
0.129664243995831,0.204163719312279,0.110871106297534,0.136723772680674,0.861955707024511,0.136624784184731,1,0.185955543848687,0.925576707081858,0.775973046857657,0.304817496878593,0.738897354252712,0.275066399226155,2.7713396284206,1000.00015336029,0.693147180559945,1000,0.693147180559945,1000
-0.523817197339502,0.436872588811236,0.938218932094578,0.753634053013461,0.804510046269967,0.208283097248504,1,-1.33246748709821,0.991775944243906,0.878291069930785,0.299209457876812,0.739717905110621,0.336723677682416,0.758947390884114,0.60800859720363,4.11108704324335,1000.00071969668,0.693147180559945,1000
0.123796121611577,0.231514882577617,0.244868446615613,0.244136866486773,0.858318023875946,0.0983015043798609,1,-0.150417424098973,0.826010709592198,0.994925759232407,0.226117000618713,0.631128981070363,0.276113144506399,0.464868695061518,0.721513139110947,2.0987113790338,1000.00073504793,0.693147180559945,1000
-0.217418968776669,0.196767863453689,0.030601838536902,0.201751634866983,0.965906888498833,0.0222530288420867,1,-1.62529189821311,1.25830992401802,0.826302238301036,0.382502202272936,1.06588656595523,0.229717799198716,3.42789747703255,1000.00006706752,0.693147180559945,1000,0.693147180559945,1000
-0.244106792544013,0.351607607613171,0.224751943749594,0.386101570325282,0.863835524588314,0.126643144824658,1,-0.928250324892973,1.26450135960033,0.756029141785737,0.350004646834245,1.15398978771004,0.287174725108124,2.04220057865463,1000.00000038033,0.693147180559945,1000,0.693147180559945,1000
0.0955195935285387,0.160366310834262,0.041309492874049,0.0469776183817592,0.357010440643456,0.679537061022489,1,1.1832249018957,0.719390515909757,0.698592484627727,0.239562970331873,1.74843747385007,1000.00000676545,0.693147180559945,1000,0.693147180559945,1000,0.693147180559945,1000
-0.227186775875734,0.201564383461147,0.178229098924995,0.212967523120031,0.770850315100863,0.22611703461566,3,-1.32202061346409,0.842521874341379,0.885283657134642,0.288225636823767,0.42381327612004,0.403249217189858,2.88132618237549,1000.00008262879,0.693147180559945,1000,0.693147180559945,1000
-0.165112247660123,0.302249765165189,0.123893736662222,0.339415939955257,0.96312733759272,0.0242876674893686,1,-1.24179978978579,1.77506292198811,1.13385288673849,0.24002642810101,1.10833679792204,0.368012197175121,4.34009216482392,1000.00171473703,0.693147180559945,1000,0.693147180559945,1000
-0.0613537349334616,0.116417980090977,2.93896149081894e-13,0.00108425412302158,0.92132910808859,0.0462682758776481,1,-0.696040031179017,0.738705852562649,0.492640253750705,0.306114509843939,1.09178593181138,0.31033555877991,0.461299946523205,0.461551450913263,2.0827688836481,1000.00000395661,0.693147180559945,1000
0.108191071642482,0.155710913829488,0.0308883479691919,0.0536571294756423,0.631684778561251,0.303976004707738,1,0.127153916494507,0.722562838060417,0.723621153940761,0.222282600606361,0.884280749899559,0.393020588544965,1.82398201349016,1000.00000015796,0.693147180559945,1000,0.693147180559945,1000
0.00100796808573421,0.212812889003404,4.86324772730306e-09,0.114819611226967,0.926296011097815,0.0492793749088895,3,0.141491454140886,1.2941695242676,0.297649121672864,0.30184923238384,0.756040335535325,0.415926679391519,2.5947232946093,1000.00008397937,0.693147180559945,1000,0.693147180559945,1000
0.0413680237795649,0.154319553463121,2.52465275417522e-12,0.00317860583470637,0.874909712597574,0.0697849014051031,1,0.181049480479349,0.848960306892756,0.564308862293489,0.226872075816987,1.07927224751486,0.289940519448505,1.79944212219014,1000.00003364361,0.693147180559945,1000,0.693147180559945,1000
-0.043106711508396,0.314331230410472,0.149689015106641,0.156728057611507,0.746233898546248,0.324176178870027,3,0.20266718701866,1.22799130922328,0.302817044925504,0.262272845192733,0.559094669943077,0.271371225957623,2.86705767833812,1000.00001473169,0.693147180559945,1000,0.693147180559945,1000
0.149478429059466,0.324971338791783,1.24757819986704e-12,0.00223390460367616,0.975847409404065,0.0162768518604312,3,1.1500909193197,1.81068114506741,0.971788733399545,0.35940634942503,1.61677437667061,0.510264486828005,3.50754245376888,1000.00002333683,0.693147180559945,1000,0.693147180559945,1000
0.347419946519922,0.136129634121006,0.0566140805179695,0.0522570203739574,0.455231396961887,0.36306598869014,3,0.0444632627449947,0.45540689995478,0.885047684839197,0.104935967338948,0.9903432659739,0.275981642127145,2.70132347733851,1000.00006179996,0.693147180559945,1000,0.693147180559945,1000
-0.151640578616682,0.306467127245475,9.18964946405779e-14,0.000606289413801402,0.965898046984171,0.0242735158500806,1,-0.909597318128234,1.67433486958287,1.43085747985479,0.374296183902865,0.143001588638987,0.447306771370807,3.71811532478889,1000.00006145201,0.693147180559945,1000,0.693147180559945,1000
0.0120873167486917,0.255856957717487,2.29858356774397e-16,3.03221612910509e-05,0.913471470032155,0.0459777702607013,1,0.568121494432376,1.14437968950723,0.417611677087068,0.15800421315613,0.867996547485331,0.386725702513313,0.320443074261436,0.61185481172467,1.89108754144663,1000.00000131572,0.693147180559945,1000
0.108850365802665,0.134455459963427,0.0292559152211165,0.0462218784432,0.696603500742599,0.23122155714507,3,0.064779325304607,0.724422823077772,0.546019222132819,0.17304861187479,0.368853139232531,0.250953202029974,2.0152910978445,1000.00024449395,0.693147180559945,1000,0.693147180559945,1000
0.244051619113823,0.233538988343486,2.36809229546732e-13,0.000973263948722446,0.941559255775699,0.0387989610814253,1,1.37930852562824,1.27154049945567,0.901037763088832,0.284812532697442,1.27716566932451,0.300422223974274,1.88103536540311,1000.00000000137,0.693147180559945,1000,0.693147180559945,1000
-0.0794635944774386,0.171274202597966,9.58323911329121e-13,0.00195798781806516,0.818065729314875,0.0989440295850283,1,-0.102244333584748,0.772197983290816,0.644467755155498,0.198984107033334,2.30296522447108,1000.00004410957,0.693147180559945,1000,0.693147180559945,1000,0.693147180559945,1000
0.109659230415686,0.419743140434462,0.217494969290559,0.310594117391459,0.91736195829825,0.124014132456562,1,1.40359772518927,2.14525562588837,0.968501886525539,0.22644404295512,0.869860016314855,0.411540543641234,3.13499993685547,1000.00106833742,0.693147180559945,1000,0.693147180559945,1000
-0.28606362905855,0.250570209935729,1.85574019262038e-13,0.000861569576907663,0.945149528261052,0.0360878292724048,2,-2.10630120454021,1.36976099712226,1.1180335040846,0.355862849373151,0.480252375044731,0.377965827488282,0.289117169092186,0.481919681696508,2.50528535707611,1000.064828028,0.693147180559945,1000
-0.118410053071668,0.165617952478205,2.17872791965234e-13,0.0009335433966597,0.740806170792988,0.161834727039286,1,0.358439494584695,0.629890930089735,0.367181940096436,0.240309459394768,0.219062174880524,0.504705683556172,-0.568414749174812,0.346686052828269,1.70009559306029,1000.00002445186,0.693147180559945,1000
0.0821744123982462,0.148721011417937,5.1732090794107e-15,0.000143850058637673,0.940045429053799,0.0312307280571366,1,-0.16846449222864,0.964562996091917,0.932071873898426,0.210824866388467,1.21064600468425,0.422056281126796,2.50239802508457,1000.00070829808,0.693147180559945,1000,0.693147180559945,1000
0.0623229296726719,0.217863409767356,0.159971986155729,0.216885452223467,0.871239928319492,0.151199277385494,1,-0.269163439967557,0.8749854976927,1.00130141919684,0.316012088727791,0.214383324634922,0.408274486473281,0.917093151273624,0.279683044858141,2.13680770055414,1000.00035676849,0.693147180559945,1000
-0.258616721238353,0.173509708840212,0.0420695067807787,0.0541433468073076,0.588810202998639,0.290708929206509,3,-0.337576256986403,0.592293425704622,0.706564679498929,0.243502501457848,0.268420384056278,0.915034338146536,-18.5640986357888,1000.00000000652,8.67443567440442,1102.38199543442,0.693147180559945,1000
0.211863778049166,0.333320109621766,1.29946765205952e-14,0.000227988432330051,0.952124167431007,0.0377421671845529,1,0.965546390509048,1.52834382998355,1.18543454937701,0.293017352326588,1.30734272963721,0.384575102229326,1.96196767233885,1000.0000000001,0.693147180559945,1000,0.693147180559945,1000
-0.0735179632855966,0.174311799041738,0.0255361161879547,0.0817642542226532,0.839374393861632,0.0822516266329992,1,0.15303106218378,0.748859289901524,0.406688438999634,0.270183998477706,0.965607581418733,0.253677795395691,1.90664500670785,1000.00000028432,0.693147180559945,1000,0.693147180559945,1000
-0.025022257579738,0.255424327500947,1.08861653337505e-14,0.000208673859413589,0.939653261083233,0.0350323688196811,1,-0.95793006633425,1.32401012889733,0.754253681942129,0.222025609296462,0.67439802604476,0.328658739397223,0.756567808868585,0.345118703144779,1.90282830787649,1000.01178911342,0.693147180559945,1000
-0.0318627372449957,0.173296992568054,0.192733007074076,0.146235794046726,0.499650529140791,0.404655924164081,3,-0.834447129444415,0.539451523907348,0.703609995265142,0.201955949478513,0.984127107234107,0.181190623458647,2.80210658858963,1000.00001469,0.693147180559945,1000,0.693147180559945,1000
-0.0111682914089728,0.268232812139399,0.34741918609432,0.336353837299355,0.92606557757695,0.0720034049805537,1,-0.414447952664549,1.05686446267776,0.888439854892122,0.362553394534399,1.22783154778398,0.390581936638946,0.825242380443043,0.354018666535926,1.84200769991852,1000.00012436365,0.693147180559945,1000
0.517355396702744,0.654203517366696,0.000573263222187482,0.889896321466607,0.985345203134221,0.016288652940431,3,3.27482497760868,3.69578523039981,1.84321467592712,0.457945435907195,1.28057531632965,0.804381209642076,-9.34105273494303,1000.17386594778,0.37815850249978,1.69394575867051,10.3775016356811,1045.22168036333
-0.209091823787922,0.203573231022674,0.181963129765745,0.150239526375216,0.273428658626091,0.729001240320747,1,-0.750207214476497,0.661846467339082,0.638972310023714,0.172824613150043,0.847240029038148,0.925669458379305,2.7871788053306,1000.00013930874,0.693147180559945,1000,0.693147180559945,1000
0.134542795028761,0.180297030695831,0.00378268306222317,0.0661127481976404,0.829636810466943,0.152369897536524,1,0.57263453844575,0.959199658981501,0.473266443763484,0.196810208840075,1.13341956278191,0.288619249662573,1.82979972014677,1000.00000669717,0.693147180559945,1000,0.693147180559945,1000
-0.812585799301989,0.429528960067096,0.570822146466964,0.611925566034662,0.495222903904993,1.06811910466368,1,-2.88038941670238,1.39705337787347,0.765871254308364,0.409366948448395,0.77235017303048,0.283443478806044,1.19265023214546,0.240680515576195,-17.684975817074,1000.00000007399,32.9604433312364,1000
0.177536277407362,0.187934443175434,0.0288207957767348,0.0771814966750574,0.853229365745238,0.118554433562301,3,1.03562902511437,1.10939600611837,0.874265415831016,0.207643867818477,0.251751769326521,0.521412758604948,2.53288404861953,1000.0000199285,0.693147180559945,1000,0.693147180559945,1000
-0.401145052437373,0.237011750476744,0.166382086404695,0.138413018350351,0.729606684045909,0.244682507196323,1,-1.35987069627484,0.78086284805897,0.880991729361461,0.217784941720675,2.71936591656973,1000.00042412262,0.693147180559945,1000,0.693147180559945,1000,0.693147180559945,1000
0.331806097458421,0.186335539488508,5.1636432576703e-11,0.0143966401496176,0.916596192181793,0.045949151903874,3,1.89155810852649,1.09355025499591,0.470022166092232,0.271252732465686,0.661813854396688,0.349879347321992,2.61893714821525,1000.00008004204,0.693147180559945,1000,0.693147180559945,1000
0.613084692259695,0.310679552321707,3.32994269474871e-14,0.00036496351024072,0.959516730996541,0.0244653458251275,1,3.08922409481973,1.71998813031937,0.653046613402932,0.231782366552967,0.813773304690757,0.22422325608237,4.22764464454203,1000.00036006645,0.693147180559945,1000,0.693147180559945,1000
-0.0177436200107057,0.169149266514852,0.0502576299310602,0.117265209424349,0.865079357377673,0.113933928338418,1,-0.180273692985058,0.809016898878991,0.423746137067079,0.279420361394883,0.348012330264367,0.425162681579418,0.346661411365114,0.352825418990541,2.07147116572873,1000.00007504911,0.693147180559945,1000
-0.170923835928712,0.145476537779655,2.36963998184939e-13,0.000973621665270011,0.827187954205559,0.0880373791074476,1,-0.425287755989479,0.724016277787076,0.304952789154424,0.257936548398975,0.427650948500466,0.346333883456776,2.16032160936147,1000.00005133236,0.693147180559945,1000,0.693147180559945,1000
-0.587118438217606,0.315173022578663,0.280290941781526,0.257269696862412,0.267748849099089,1.31280669925119,1,-1.14506692083965,0.852503139233195,0.610004498690593,0.23703736795397,0.920396831199606,0.70836409523993,2.16182832546528,1000.0000003651,0.693147180559945,1000,0.693147180559945,1000
0.178186571830355,0.255993086961164,0.370403856930323,0.319789837702408,0.700362946085895,0.484563347675073,1,0.455459570780777,0.791217908867341,0.893949423404763,0.202546063190133,1.15404094306832,0.529984556268093,-0.197013653067844,0.840090943052837,3.17495674175982,1000.00303423314,0.693147180559945,1000
0.137026644439221,0.249771920781719,0.269182844997121,0.304321246898046,0.716056176710557,0.565593526928085,3,0.25188418782243,0.835451286891342,0.906374494115958,0.163834823149401,0.547669754542013,0.303187850109066,0.840926537413277,0.976822251873182,3.11099984626192,1000.00001157952,0.693147180559945,1000
0.229707941108185,0.349186117431701,0.56949258626232,0.626670545301482,0.682274680889087,0.916204398590002,1,1.20642938292786,0.9783684877682,-0.159332919968904,0.493860903698677,0.730451379713418,0.345555860636537,3.05038397262823,1000.00188456327,0.693147180559945,1000,0.693147180559945,1000
-0.107400234501185,0.203864422281931,2.18110818420923e-14,0.000295371656071265,0.960070721768768,0.0223979418560671,2,-0.516073163752452,1.31610528949289,0.967528752195868,0.250118500173073,1.23586333489698,0.334857418758619,3.30347090423892,1000.00027273382,0.693147180559945,1000,0.693147180559945,1000
0.102594838473578,0.254487337437267,1.1056925270017e-13,0.000665039903497315,0.952594691521287,0.0268242476660248,1,0.833181019108336,1.34879494219035,0.944954703492659,0.133468640547513,0.359460699159125,0.410268147412692,1.00858805737787,0.36961340657435,1.90499761863023,1000.00008948955,0.693147180559945,1000
-0.139285939274213,0.256348029979633,8.73369069037964e-14,0.000591057625059744,0.935503967171661,0.0446725320888735,1,0.84979010016356,1.58019972577481,0.408971649349381,0.362013066507267,1.07325662901688,0.326880342285425,2.11356513806565,1000.00000011137,0.693147180559945,1000,0.693147180559945,1000
-0.05597830600488,0.281007326307044,0.386967229743949,0.381671310203124,0.764739042694671,0.271164047227875,3,-0.331191746680468,0.920575228261758,0.983642301036234,0.262255365672214,0.354206828928696,0.348586893109536,3.07722721382069,1000.00108432545,0.693147180559945,1000,0.693147180559945,1000
0.186626958840997,0.191611233851385,0.10444901174183,0.117396819410324,0.825918086293003,0.154534631992308,1,0.31724704819895,0.900824675121796,0.600777992130353,0.19527479185616,0.4372119870224,0.390384193476096,0.881847703795522,0.48086224416583,2.46435987923416,1000.0004202517,0.693147180559945,1000
-0.0466269254768957,0.198978368677027,5.10403089368611e-13,0.00142890168052148,0.888238810602684,0.0646969004450208,3,-0.790114674874669,0.983627795891845,1.01395728120223,0.207500147420975,0.175143039054488,0.292827177759409,2.47492975498077,1000.0000097497,0.693147180559945,1000,0.693147180559945,1000
0.489691740142712,0.183500200897579,0.0416468635620279,0.10780578593111,0.908837079378328,0.0739284593382431,1,0.937249864445475,1.07158274839596,0.890758234164983,0.293505629908132,0.807145514956901,0.27097764088267,1.00516039199772,0.271970089793729,2.13596047028948,1000.00000024134,0.693147180559945,1000
-0.570975966329417,0.355362269013122,0.23358977028476,0.245729230357637,0.778843138342934,0.318046327843856,1,-1.07796383515502,1.08628750384221,0.572216292556382,0.502805830148191,0.332477631648323,0.693763949099976,1.0248902456706,0.211310609180306,2.19616740376621,1000.00000045376,0.693147180559945,1000
-0.375296221474019,0.239730845916095,0.319194974774151,0.284157135782328,0.808487194712163,0.12696591734841,1,-1.3482369254625,0.657241770396672,0.406399377030309,0.231210149967682,0.587351829232623,0.269615389460099,0.24346273699254,0.501015919716789,2.28930010445061,1000.0002056619,0.693147180559945,1000
-0.109522474294602,0.382996868020117,1.01325835736682,0.81718670845906,0.858254973717133,0.207224641030501,1,-0.860350999795686,0.976057026432174,0.577892035974116,0.458865512844555,1.01331968126872,0.350043583080305,0.722453299926883,0.381278031946437,0.44787010229272,0.531924557169452,2.51752961026907,1000.00007028568
0.131628774500923,0.188408093879916,3.20129171033758e-13,0.0011316589894616,0.883724644825884,0.0794944368448061,1,1.05320762872331,1.0104478415598,0.408583177226808,0.292552899545121,0.39634781092589,0.283622993838602,0.65856710222186,0.369812116413967,1.8128051716872,1000.00000363278,0.693147180559945,1000
-0.04053693613147,0.202297592773702,8.40472988836561e-16,5.79818260701593e-05,0.910828586043915,0.0587579391351915,1,0.281334173507676,1.06443911843114,0.644525304442045,0.227228600541621,0.693881424841104,0.356985172019411,0.370609398535441,0.519001362949279,1.79441299408663,1000.00012542311,0.693147180559945,1000
0.217467953422327,0.11837302776591,5.92386363527494e-14,0.000486789789768425,0.865038180073153,0.0629063455455187,1,0.572017732711003,0.723848719208495,0.302791955520691,0.322602014672547,0.902195581552684,0.146140014554233,2.017319368894,1000.00011605064,0.693147180559945,1000,0.693147180559945,1000
-0.191341187804877,0.255245268138155,1.58520647401899e-13,0.000796295169313326,0.861099649099888,0.0754197418151857,1,-0.160122040960065,0.855822126186664,0.781338734892897,0.175734965682868,2.37161785573716,1000.00001780033,0.693147180559945,1000,0.693147180559945,1000,0.693147180559945,1000
-0.0178442957281798,0.236280600566997,0.182555932149111,0.225506120186806,0.865580336810958,0.167591560665206,3,-0.476463091255667,0.963376373288992,0.752056790749554,0.227758731177702,0.732678227561263,0.30567147065951,3.48228929992152,1000.00011149019,0.693147180559945,1000,0.693147180559945,1000
-0.180552272906039,0.183335050836329,0.152770726772106,0.156279471936994,0.769297516208334,0.25843913526708,1,-0.600764876673444,0.738262951887605,0.577202215282014,0.286899241524413,0.778521967942561,0.217188000486269,2.81764839871634,1000.00001814483,0.693147180559945,1000,0.693147180559945,1000
-0.123696719295658,0.136223479244651,6.55807052826566e-12,0.00512547267598778,0.867377419863825,0.058829134937426,3,-1.81326759572068,0.733296949649544,0.623012416272402,0.190134382040809,1.20739217181741,0.246087072519767,2.40509274869159,1000.00018897226,0.693147180559945,1000,0.693147180559945,1000
0.0849720810171349,0.230436607561902,1.01836344135471e-13,0.000638238182575979,0.892692653068876,0.0819314194164766,2,0.413203195700677,0.957430530872981,0.422648934620245,0.297536016329844,0.69630851914489,0.374287664259226,2.43258708356573,1000.0001485588,0.693147180559945,1000,0.693147180559945,1000
-0.000198456369688693,0.336238752462204,0.609084131718088,0.527583761280777,0.270472136434223,0.764162584605938,3,0.416678210463695,0.917011685243954,0.735182328471171,0.269778742047783,1.33981575501465,0.408254408257016,0.384926384579446,1.21917690744389,-6.17801472374736,1029.09301154919,10.4047776709596,1027.60585611361
0.16269864932768,0.232793929587327,0.168491977638481,0.154455299839694,0.737223691803042,0.242262328751704,1,0.152652788470396,0.814715180180344,0.398802277111947,0.252165187658735,0.571581172845865,0.311888770864458,1.03935590412782,0.472254790329509,-0.247835169312138,0.256665799080496,2.25005742206107,1000
0.250555928318363,0.192862151247914,0.243753570453658,0.18891167012512,0.815564687938651,0.202744987356142,1,0.070777823553459,0.753366172443578,0.934201579426868,0.202647171862347,0.566503709456611,0.258951105987278,1.26710275636767,0.541125016357017,0.0596934221531516,0.116051355469722,2.23588028550392,1000.00000001103
0.0156593265175242,0.170762042886909,0.12625256596747,0.146453154203702,0.813956847162534,0.132934928438895,1,0.575971996197436,0.757283816650373,0.781397757553362,0.228934479332291,0.843971773064429,0.310057914516271,2.08829321764104,1000.00000216256,0.693147180559945,1000,0.693147180559945,1000
0.00498838654884777,0.181158368384838,0.0554133884083189,0.0601036305917892,0.644222333378119,0.271757544683766,1,-0.224586681200699,0.785314757511544,0.6022201198767,0.210366658648971,0.738592457592627,0.188011627266433,1.78905354630525,1000.0000009301,0.693147180559945,1000,0.693147180559945,1000
0.010315049216342,0.277244003351175,0.369161665740649,0.503326516787177,0.925912698508299,0.0797375301470584,2,1.03170222275418,1.26006781307203,0.574718388168334,0.272094330670372,0.95060649512656,0.289058532696728,2.89072986781259,1000.00006865121,0.693147180559945,1000,0.693147180559945,1000
0.153810071093361,0.15934218944381,2.32510475923758e-12,0.00305006829956688,0.867850792744815,0.0771228826621569,3,0.125916009917857,0.747291112804887,0.710884290329314,0.226590300528701,0.677259835674765,0.456149737783488,2.25952011314295,1000.00005618268,0.693147180559945,1000,0.693147180559945,1000
-0.164167679396584,0.215827929038491,0.0556306979937654,0.131783552251677,0.683882089761663,0.489594728191822,3,0.195383606616151,1.13673494133662,0.690812110209418,0.261741449851738,0.308261478584238,0.793200409955192,2.07696957882875,1000.00000472071,0.693147180559945,1000,0.693147180559945,1000
0.163389067296621,0.310268526195635,0.218242650041837,0.245560777847462,0.743176026891558,0.213553223561461,1,0.863115107944228,1.10147962474616,0.885636150049381,0.23315787259651,0.0555856842686397,0.908840702417063,0.967153269596539,0.864342983993126,-0.136309917147357,0.486028614670612,2.02326462227699,1000.00001520331
-0.0926001727186577,0.271441361096943,0.259419822165371,0.340037045661134,0.818853214159453,0.214153336126944,1,0.020902694446211,0.996747866898836,0.935289768432676,0.343801114436636,1.08458184278495,0.241502255535814,1.68798470873115,1000.00034199748,0.693147180559945,1000,0.693147180559945,1000
0.0838382446636539,0.22995339203674,0.206039230718942,0.156047000639085,0.676376961917811,0.290089122510925,1,-0.256138170523125,0.86336881217295,0.670649047594986,0.207944876041115,0.962677691299299,0.256260225834881,2.96414391160319,1000.0003294206,0.693147180559945,1000,0.693147180559945,1000
0.102470362886156,0.225871568884221,0.0233167765685756,0.183883909031232,0.976064563908379,0.0153069613660281,1,-0.721236185503762,1.58298041413411,1.25311281071883,0.328169940547319,0.78868876239764,0.502514342407839,1.21026961424477,0.594335324694078,3.20820254442085,1000.00001864577,0.693147180559945,1000
-0.222518434599675,0.456253999547272,1.8441977021816,1.3541850011777,0.0480248605644756,1.35843485805362,1,-1.12165779477814,0.775485452843618,1.33052239455156,0.313730269159296,1.47078183858453,0.487579995356121,3.6926758387048,1000.00011464667,0.693147180559945,1000,0.693147180559945,1000
-0.312989056711758,0.199713393820232,3.54663019351641e-13,0.00119109634926269,0.853825415729661,0.0799710162684526,1,-1.13207159652237,0.891133028376678,0.648390459807042,0.219353877327105,1.00053317046069,0.30944037755956,1.84918710941632,1000.0000010358,0.693147180559945,1000,0.693147180559945,1000
0.14008503540995,0.216425573117591,7.9574809326658e-13,0.00178449297790034,0.926830834406531,0.0397103119208143,1,0.315306128900818,0.96069925584189,0.751729641909388,0.299087511843328,0.412541231670187,0.430144901755276,0.0596338736870362,0.291273709563615,2.52513297276327,1000.00011320234,0.693147180559945,1000
-0.137749960782727,0.152691126802839,0.00636075556070835,0.0509246445418992,0.75580096413026,0.147293885751409,1,-1.05184488506369,0.792467836919659,0.781095488288349,0.186699615535534,0.253826157484736,0.370623766630118,-0.186186792904898,0.641086673996,1.80415609061449,1000.00000015104,0.693147180559945,1000
-0.0196601932586447,0.138370529380443,0.0321336209667479,0.0492246575842894,0.677748719866388,0.253777666519514,1,-0.169267964004595,0.666987726118414,0.651007750489759,0.182188068097664,2.24632962528626,1000.00001511142,0.693147180559945,1000,0.693147180559945,1000,0.693147180559945,1000
0.241258927060732,0.232400544431702,5.71999745494559e-12,0.00478361871409394,0.931463379163002,0.0349224331991811,1,0.571817523028574,1.07423812000731,0.849731580398484,0.230802989116409,0.905454727384962,0.36709410509834,2.68570636229065,1000.00019711298,0.693147180559945,1000,0.693147180559945,1000
0.200041175936099,0.152929082764134,1.34133013510785e-11,0.00732661026292855,0.943269894653991,0.0348113279254164,1,0.868990248914081,0.958781243589409,0.384098366893433,0.246312702986987,0.741142330143193,0.384492068779802,0.992029262405587,0.515787329318147,-0.0276833009284085,0.150464812813237,2.01371025196533,1000.00000762189
-0.155015656929118,0.195124152353699,0.102922965246768,0.108843103922612,0.655589465762863,0.307619728538441,3,-1.75155979139567,0.840806398580484,0.669052734154641,0.254405298489796,0.875089261987286,0.262912904584972,2.62677793585571,1000.000014502,0.693147180559945,1000,0.693147180559945,1000
0.168616762303613,0.33498517368788,0.116077284546846,0.166146281684718,0.844537252484124,0.187343264910329,1,1.61294124528796,1.5075341514555,0.67729172145888,0.238078324953487,0.552357874722123,0.305036916950048,1.88490776414782,1000.00780396673,0.693147180559945,1000,0.693147180559945,1000
0.149266175768526,0.209672106057123,0.0633389570646599,0.0836814161546474,0.654250170008478,0.306380356668494,1,0.0983539361697314,0.839145366586482,0.655605177247696,0.245566377160408,0.788944241505259,0.20977609985649,1.95848021329256,1000.01165080682,0.693147180559945,1000,0.693147180559945,1000
-0.405274820740969,0.236976526680618,0.20552571126095,0.193979504415649,0.8773559877549,0.155028945796945,1,-2.60943498961209,1.14234799290634,0.91907344891291,0.300100760086209,0.49001699205779,0.364567724514184,0.567619160841452,0.27744773223697,0.513268654342877,0.458509377942007,1.95979630955543,1000.00000004756
0.0194106671833237,0.164149452011164,1.86134477554292e-13,0.000862878596745631,0.85282218226362,0.104765527319318,1,0.535469810352227,0.94186309494557,0.77847117782251,0.228333092057178,-0.12569120896238,0.48503455520159,1.8979874944703,1000.00000075634,0.693147180559945,1000,0.693147180559945,1000
-0.0316292005426209,0.240387380110144,0.16738855849694,0.186507200683304,0.864669581029321,0.0944036857847102,3,-0.657305597053505,0.896881634937464,0.701452086534264,0.22871104703859,0.825941757312978,0.226828316783132,3.03368582523639,1000.00005880481,0.693147180559945,1000,0.693147180559945,1000
0.16947938842922,0.232690481039053,0.137725924236883,0.196578148823303,0.875842303927833,0.126899364183656,1,1.03071248159961,1.12866348641159,0.569902209283137,0.224104122832545,0.493347838050347,0.278549704107238,0.537473953957824,0.511663970313027,0.198720004092598,0.476493790051245,1.91323218074024,1000.00008722001
-0.169759169211799,0.308981793574219,0.145461792395613,0.301426300893999,0.90738359168673,0.100497258446639,3,-0.177651536208767,1.2024982400805,0.854591826111233,0.312809138947958,0.814056414565647,0.309543423692838,2.88543307911777,1000.00003913037,0.693147180559945,1000,0.693147180559945,1000
0.0781720281146779,0.151473273839529,0.00532314305275032,0.0536571466734637,0.81540845235162,0.103025943368349,3,-0.200700175590357,0.756111086101111,0.530093879605556,0.208337482992845,0.555899577738975,0.204185012175682,2.23634376596041,1000.0000027406,0.693147180559945,1000,0.693147180559945,1000
0.117840863046401,0.351352907693223,1.62518530568429e-14,0.000254965748803158,0.970314815106606,0.0209193619968237,1,2.38274523689525,1.85525286786492,0.399663695386549,0.336979452909376,0.68748665563263,0.320486442822072,0.22774439860724,0.638306088428739,1.24857080891649,0.38077728386067,2.21592510587987,1000.00000633965
0.166157976287757,0.252117720253782,1.56449474274982e-15,7.91073891120365e-05,0.963333647883697,0.0273112772644315,1,1.43618588943363,1.345836089149,0.852445762567791,0.511479070619132,1.54086923620778,0.377159650512922,2.0956061025752,1000.00000011981,0.693147180559945,1000,0.693147180559945,1000
0.0329364642547642,0.168779930803862,0.0491129263262944,0.0896250632076745,0.883283996614577,0.0788259256105912,1,0.260336160927229,0.867396436660516,0.765278308272225,0.236563966146026,0.794498994740265,0.51416565422483,2.22810850250018,1000.00287196064,0.693147180559945,1000,0.693147180559945,1000
-0.174169038106264,0.150093770057316,0.118373382478586,0.107417104809957,0.862869530062625,0.10899384483188,2,-2.59629160867751,0.816812344348218,0.917256500535454,0.162068759487735,0.451334749907038,0.289049349272025,0.523787674124556,0.350898759579922,0.28735237249884,0.790609667464674,2.84413836860875,1000.00017001708
0.233339352718425,0.135356566233566,0.0432401715855293,0.0510369171862485,0.618788306115216,0.291002561324796,1,1.01337013461287,0.591090832892503,0.514672130739044,0.230769639157253,1.021445360435,0.230738078419484,1.80413915706229,1000.00128579136,0.693147180559945,1000,0.693147180559945,1000
-0.0749040521853832,0.332823394991245,1.2627213127877e-13,0.000710696094092316,0.933170072645611,0.0542618072703533,1,0.846607556898467,1.6448881784245,1.01497093895756,0.389912836315389,0.488058580789376,0.423314703027208,2.10234827002364,1000.00000042365,0.693147180559945,1000,0.693147180559945,1000
0.0986803291079476,0.189546311491897,4.28139615010857e-13,0.00130866205884452,0.941386913656118,0.0392118684382036,1,0.453554940203653,1.16315320302766,1.20317632574409,0.286434462555935,1.17283698367173,0.408804362926902,2.14828762718278,1000.00000014763,0.693147180559945,1000,0.693147180559945,1000
0.110822414326586,0.189862704756181,1.37475467640449e-13,0.000741563075746745,0.855877001361057,0.0884983806880248,1,1.40096310549279,0.872143654950055,0.391531231579706,0.303467084210378,0.422469893533422,0.273329306327479,-0.46790354735181,0.973512232830302,1.91856245918949,1000.00000005722,0.693147180559945,1000
0.0623397920388907,0.22737046642934,4.57954185993651e-10,0.0434055928188295,0.944697811511311,0.0333683751285925,3,0.425417206288243,1.11388167394849,0.607612453339364,0.312783606621669,0.718986702867556,0.29037532889591,2.7402207115968,1000.00007372121,0.693147180559945,1000,0.693147180559945,1000
0.137100302533715,0.170551871669933,0.00268514528508121,0.106117372857797,0.883083137210209,0.0881215401193726,1,0.27769887720932,0.812892359807191,0.63430769739091,0.304614589009843,0.680335502355334,0.205518576613906,2.15136026894275,1000.00000197461,0.693147180559945,1000,0.693147180559945,1000
0.0554308304210122,0.177568256028024,0.059976836976422,0.0985426115498712,0.776356735647891,0.149038526410184,1,-0.25563078141458,0.71859242883501,0.806789417561611,0.197893838539859,0.770433363526722,0.292574283135553,2.05128259277593,1000.00000026069,0.693147180559945,1000,0.693147180559945,1000
-0.107542606698808,0.222621913169498,0.088344664423818,0.0935727341604706,0.737297311027977,0.285298262166839,1,-0.327192250750161,0.903241492621173,0.780064373297367,0.211760757017406,3.17504922178543,1000.00085449156,0.693147180559945,1000,0.693147180559945,1000,0.693147180559945,1000
-0.0298474724811857,0.243226879538769,0.232791978878419,0.313717280012555,0.791992252907938,0.267509127529339,3,0.0319442582814721,0.848599500870498,0.690950260342411,0.232839098636579,0.645784579085256,0.486838749582895,2.9160782417024,1000.00005263617,0.693147180559945,1000,0.693147180559945,1000
0.24928247765814,0.239038100966171,0.244435796788444,0.304341690063132,0.899976860772216,0.0726621808122397,1,0.530689074991757,1.16340085588151,0.272717235230711,0.218970882036143,1.0722447174415,0.415828775822599,0.991630854804901,0.361829543917443,2.08399608753745,1000.00036813531,0.693147180559945,1000
0.211458381584774,0.431543794312511,0.456352341429459,0.393378860290943,0.480676288874834,1.04607363650537,1,1.49153259584268,1.63164721682501,0.560518347559816,0.289844003124725,0.83159760020037,0.218585316228509,2.10426655734299,1000.00000092264,0.693147180559945,1000,0.693147180559945,1000
0.0199195832761111,0.113173964733865,0.0146279536298395,0.0534609956084463,0.726839799308798,0.211622616857262,3,0.251664116701629,0.603119918644616,0.595795666166099,0.231690685684818,-0.560200870285802,0.463182780794182,0.72737947700744,0.359520415352792,-21.4555204147082,1000.00000000001,7.73491029812137,1000.00116167453
-0.245213757521547,0.315249317798276,0.0187721667257966,0.197525085364644,0.921113493620459,0.0770482538217046,3,-1.32329349226537,1.79071969313593,0.599993258606476,0.332348513311924,0.597402290014104,0.275706330343499,0.708957071437499,0.493811780211364,-15.5593790296708,1000.00000088552,6.36550947537039,1000.07556608583
0.141366592547057,0.141264137843067,3.44936026715991e-12,0.00371765129503494,0.900025676004478,0.0545765577244304,3,1.15856596388665,0.813341931732356,0.589498742063998,0.290385735623021,0.582405898619351,0.358506863466152,2.46088555015568,1000.00010007285,0.693147180559945,1000,0.693147180559945,1000
0.127951654231008,0.159151182670899,0.05999142022241,0.0609379637424727,0.622750270226883,0.359054883915143,1,0.420050525589256,0.649783570854276,0.642676289045122,0.198787701465631,0.3476699176757,0.238343542692728,0.673165559863905,0.378436023385185,2.18196892109242,1000.00017677804,0.693147180559945,1000
-0.00804726172914292,0.169565920980457,0.0119530935405547,0.0470741113346257,0.704314278226051,0.251811183413997,1,0.430393927555961,0.950266245128124,0.460645911728144,0.21386012100084,0.380651204419014,0.268033822967771,1.77169327157554,1000.0000542277,0.693147180559945,1000,0.693147180559945,1000
-0.22205842168483,0.329580217294179,0.104649512386825,0.401820149612665,0.893588903424157,0.0978315079186927,1,0.374991928282653,1.11906558583925,0.488104527318621,0.215920754995904,0.467274744100095,0.480926441064393,0.704896843564128,0.151840316056618,2.07377354401787,1000.00014083947,0.693147180559945,1000
-0.328203028569392,0.260124913027454,1.9357526928107e-16,2.78262660787585e-05,0.891061414789553,0.0547502049122517,1,-1.79020725401327,1.16269875699317,0.807748423620855,0.230049675310925,0.536088635588502,0.381428580305917,0.568994660299904,0.636612414616655,2.00045511509048,1000.00000406239,0.693147180559945,1000
-0.34629951364048,0.189684332420993,2.56178691345464e-13,0.00101228759963528,0.91643574586827,0.0452566799967201,1,-1.52878497800795,1.10638513262357,1.18897226063938,0.174590644337989,0.51626823883915,0.395529200827777,2.13837379000842,1000.00000009681,0.693147180559945,1000,0.693147180559945,1000
0.114742067913702,0.124579230770411,0.0270265754264332,0.0398061912887329,0.463318581135775,0.447176683131127,1,0.694781563009613,0.597411318381251,0.776150752324657,0.184812810972611,0.560179203313625,1.0838752721799,-18.856019636691,1000.0000000001,9.01450983837461,1000.00000000005,0.693147180559945,1000
-0.317641713735009,0.224560997243972,0.0489464701821473,0.0855634478659015,0.904527473862157,0.0695720867595265,1,-2.10564283090287,1.13282349408869,0.580040702426347,0.286400813058625,0.776236390040855,0.184737758912864,0.806176296247606,0.283520602733596,1.79872205818524,1000.00001094538,0.693147180559945,1000
NA,NA,NA,NA,NA,NA,99,NA,NA,NA,NA,NA,NA,NA,NA,NA,NA,NA,NA
0.0906556844237492,0.227625870542995,7.22868912088588e-14,0.000537725368043617,0.940185984271258,0.0359409294770044,1,0.47329610897009,1.04437163805079,0.550982877926548,0.267749721703021,0.861461931927513,0.395798247337078,0.891959853505215,0.588714260526838,2.12504989565101,1000.00000140868,0.693147180559945,1000
-0.0729077068763074,0.179041475312478,3.83871451908412e-14,0.000391853720058618,0.913382265387632,0.0447822337339184,1,-1.31226424481418,0.910315568480951,0.75527055216193,0.199747341518059,0.431959484548864,0.295452362287385,0.901133910878246,0.2136834744009,1.97310950354349,1000.00001102885,0.693147180559945,1000
-0.385672000668261,0.548092183109583,0.311209605195406,1.13350624445837,0.96782556977048,0.0283404496924895,1,0.206133132223938,2.11160435603162,0.567943444985359,0.351080926846888,1.02372788980432,0.480361671412951,1.25047549508021,0.369052614338189,2.07180688436351,1000.00000005597,0.693147180559945,1000
-0.114282897916426,0.288040227798787,0.252135007036352,0.373554488182246,0.923726327553523,0.0868645641648408,1,-0.0907105258580437,1.17388340303778,0.615895946148256,0.334231552796481,0.817535919789352,0.315614272403462,0.562175240656734,1.06167321327013,4.10693958652204,1000.00012565228,0.693147180559945,1000
0.0468143602819382,0.308723451138762,0.622115407369921,0.686605886037028,0.910398567707142,0.0826030510056865,1,-0.466892228875062,0.988864993981661,0.908730649033657,0.235267644048648,0.902864929627044,0.355835883045414,0.606662654860489,0.749464185260861,2.75407052545575,1000.00067835993,0.693147180559945,1000
-0.0406982089312116,0.24601264746319,0.287801787568344,0.314794125950638,0.786213699098432,0.194943613660153,1,-0.316142526901171,0.823277438953047,0.781141217906941,0.344094932849922,1.47772355627884,0.588345156170618,0.910247357293884,0.0487049871477635,1.88157757008242,1000.00003855629,0.693147180559945,1000
0.399726272538087,0.23221088596065,0.00528916781404293,0.170435316726607,0.938702183571714,0.0506449524738718,1,1.5943868307025,1.25898174372856,0.402214158352197,0.214364924429352,1.02943508020245,0.334597759037921,0.490983359129805,0.853926290905941,2.75092850259682,1000.00039929441,0.693147180559945,1000
0.193047491371569,0.249782670406026,1.33318500037914e-13,0.00073025834139759,0.952582526802355,0.0202034568447517,3,0.677335672595009,1.26084737598292,1.04460273126357,0.178671279668802,1.04187263832128,0.360695028866728,2.75747456430661,1000.00012654765,0.693147180559945,1000,0.693147180559945,1000
-0.20097419637882,0.184286347232843,0.129205748648974,0.108708254518639,0.557311382295271,0.316283161100453,2,-0.688543449131407,0.567748297237093,0.570073868076824,0.208529865458967,0.442428848778277,0.300308434726952,2.86829903348099,1000.00005356977,0.693147180559945,1000,0.693147180559945,1000
0.262886303364164,0.24252496880301,1.88187157810892e-14,0.000274362926170136,0.945133051020009,0.0342176169209109,1,0.506718934850911,1.27091905327346,0.813816689338293,0.250043191692656,0.869404115507811,0.279230309133738,0.578038809364863,0.415210843962965,1.72724875001155,1000.00013779379,0.693147180559945,1000
0.115004995486182,0.212153995385845,0.0659263108006117,0.13139050838025,0.858336862148074,0.118015834087542,1,-0.0457346824929868,0.940330142048281,0.672033705333307,0.248761430867296,0.518769146861891,0.247365299047087,0.797369352645648,0.742910914358192,2.70859483132975,1000.00004623601,0.693147180559945,1000
-0.460579250991038,0.409023328715273,0.513847325395715,0.555940569102235,0.665568897281282,0.5906699241589,3,-1.28195191263579,1.03049744417199,0.758278590007281,0.369810749520779,0.978603232965146,0.328397322528219,-0.163127351079308,1.10925181411463,3.52062492314557,1000.00008860691,0.693147180559945,1000
-0.3986637667571,0.339167532112308,1.39185164387102e-10,0.0236161001773662,0.934956389601571,0.0505323834513427,3,-0.827737300276216,1.29933624872815,1.14421546999776,0.305968802433737,0.928197744245741,0.566838605915495,2.59929949778788,1000.00017139311,0.693147180559945,1000,0.693147180559945,1000
-0.256288081275777,0.197628375958937,0.201577461489414,0.163384115929661,-0.0240893778922497,0.710513978161326,3,-1.40491719483691,0.613898462188048,0.838269052605288,0.297871717879461,0.790606274732443,0.397304762846523,12.2759049859107,228.157783925968,0.693147180559945,1000,0.693147180559945,1000
-0.370544322033153,0.172517495636069,4.31698131291964e-12,0.00415621620825042,0.948596391588109,0.0376778659457656,1,-1.08631724420658,1.01479989542458,0.989124052584383,0.21937471041383,0.539081603967257,0.377426458668805,-0.0896105170034831,0.615907639121451,2.13965126137163,1000.00000409494,0.693147180559945,1000
-0.120027340107176,0.302673141133606,0.358379921966058,0.302426895857952,0.322493362629868,1.86694061371822,3,0.239853450584746,0.911149272102166,0.805722236000786,0.261370509718224,0.380466894218176,0.426509806847821,0.952556746416492,0.69761968812892,3.02565856997015,1000.00003897128,0.693147180559945,1000
0.099312315412583,0.417699400941524,0.352281556947374,0.470579029291317,0.889819570614625,0.123486735487299,1,0.41927788628417,1.50855802430315,0.786587056081021,0.262319081699379,1.42748220534774,0.579386978951124,3.21523374188172,1000.00000980155,0.693147180559945,1000,0.693147180559945,1000
0.258662944233918,0.209537970971545,1.13556234907616e-11,0.00674788743165155,0.908076357129055,0.0564196395292659,1,0.624044146479015,0.884773629081414,0.703312314499883,0.288847259038678,0.170561874867512,0.326336089840719,0.917513019800916,0.292694443799727,1.8856635888557,1000.00042344653,0.693147180559945,1000
0.0253028986106977,0.22229931237246,0.0187446860356221,0.19228155997221,0.938848255201393,0.0414413934388317,3,-0.412149999666226,1.14980777684454,0.672437269450253,0.286203252383498,0.570636764259444,0.263550504382187,0.776943182566963,0.360041989858579,2.71422240431161,1000.00032598943,0.693147180559945,1000
-0.18063749217219,0.189861476941149,0.101307218735441,0.0847173700718859,0.793261585632308,0.109212885620023,3,-0.998444963380645,0.79102014263405,0.612407449884965,0.206475259978329,0.305540701126686,0.28382151809721,0.334355283774684,0.448682917585121,2.30633297801404,1000.00096477357,0.693147180559945,1000
-0.253685844795831,0.169724202989975,0.0842777560813254,0.103751514985045,0.812347859196743,0.155311320531932,1,-1.19954421572977,0.756194014882265,1.01051292376946,0.205407072191435,0.978698829338158,0.265183940555226,1.88360971271853,1000.00000019531,0.693147180559945,1000,0.693147180559945,1000
-0.110679352938327,0.121913122333565,2.66100898666004e-12,0.00326474539382962,0.734051390594819,0.0874710641810173,1,0.0154385370107894,0.552582938040475,-0.287699949950815,0.301303965855685,0.399507999933914,0.292026924515267,0.213101957231898,0.247336105131623,1.61965521444389,1000.00004064954,0.693147180559945,1000
0.025075994919852,0.144823344836108,0.0165159675024812,0.079535814623262,0.821093541331032,0.137453051209054,1,0.0385346605729191,0.833190562863641,0.246509458289552,0.30233227982142,0.574066970681289,0.194671645718861,2.06612383291899,1000.00000401285,0.693147180559945,1000,0.693147180559945,1000
-0.238565178404718,0.195148199797565,1.51005329200725e-14,0.000245768549328457,0.906905330105831,0.0545295815840038,1,-1.62145886258757,1.09075503205967,0.721166747405428,0.294201663934667,0.629771183726957,0.239834554411302,0.730303415972075,0.189505685809418,1.87984660926155,1000.1390222796,0.693147180559945,1000
-0.236243719345884,0.194097272072192,0.123410574425474,0.160699830655663,0.913340594998092,0.0627038355015544,2,-0.966048347195708,0.919827307633014,0.489522712752899,0.231627631662527,0.656876212117194,0.247536737142712,4.04327541534085,1000.00040838441,0.693147180559945,1000,0.693147180559945,1000
-0.0577076764464227,0.292671195174998,0.0901916892529137,0.193412714683739,0.936242700595356,0.079958586547765,1,-0.509025060712547,1.45126038267552,0.511580540423263,0.34949635488027,0.677584185946567,0.469913952101469,-0.483642978685331,0.646129007356013,1.28274389188894,0.430250279802008,2.0413630440956,1000.00008464245
0.356792351283626,0.231604606635348,0.253163159426159,0.188975836017895,0.291559914025018,0.722842343968402,3,1.13607638441783,0.800952879150399,0.816537037344023,0.272105771562471,0.430675957638421,0.368986750865348,0.389492094517308,0.690339362423317,3.0605732671961,1000.0046346509,0.693147180559945,1000
0.20561648803446,0.21018451633455,0.11469258886134,0.118529413330218,0.460777119083638,0.480425247443838,1,0.604954097233086,0.658947472480754,0.353981271077048,0.239589697034636,1.02359729052534,0.383594531102369,0.573152206713537,0.303488502352798,1.99221895611591,1000.00005073063,0.693147180559945,1000
0.0474468045213726,0.238993950335939,0.199649254221855,0.192165976736187,0.666949427857885,0.448813316658886,3,0.500748481014372,0.823724177372141,0.708500073365495,0.275679217905109,0.360068796578462,0.77025001577656,0.672024742791497,0.427792525948262,3.00421734605371,1000.00005334593,0.693147180559945,1000
-0.383522866972218,0.346737554747863,0.141218977393375,0.25493996851142,0.709755762023724,0.78949537647354,1,-1.52993221839414,1.5996898251689,0.71734851240968,0.263939208978349,0.956948736661583,0.320783225020493,1.78325453987383,1000.00688184216,0.693147180559945,1000,0.693147180559945,1000
0.0426575717291869,0.167729880196085,0.130932279347636,0.119454289595134,0.875145940493014,0.0720608953415393,1,-0.948347967276822,0.732288622944416,0.562078803415211,0.267527784224896,0.91086839380054,0.181982900438317,2.71052926190562,1000.00000834656,0.693147180559945,1000,0.693147180559945,1000
0.721134341330928,0.182449317045214,6.51302129083459e-13,0.00161555096837683,0.368077857117663,0.508685080396116,1,3.82552169541348,0.930488748044257,0.732656924638428,0.302633366592238,0.772076350557397,0.380903621245457,1.86864458912929,1000.00000002025,0.693147180559945,1000,0.693147180559945,1000
-0.136686345866624,0.186909916247995,0.226347061649816,0.192629402320644,0.740719649118461,0.217257474724038,1,-0.776292239678893,0.719917012389493,0.821973807658836,0.315127118439256,1.03791596258207,0.169308698088575,-0.336869412188338,0.888160342353019,1.96344641470488,1000.00014786985,0.693147180559945,1000
0.201553306376951,0.224011050901921,1.73629314397525e-13,0.000833378273943841,0.903169884455247,0.0457435418508412,1,0.323941314142311,1.15289341658328,0.689902491024123,0.244789000641654,0.983887081634975,0.203156934571496,2.40244290043558,1000.00000986518,0.693147180559945,1000,0.693147180559945,1000
-0.0185650532507672,0.182756822304164,2.07186068179541e-12,0.00287908882702466,0.814418194028634,0.0935563526594941,3,0.0166352927773052,1.20776823370051,0.0408615104046065,0.303097443602722,2.30456412293234,1000.00000230117,0.693147180559945,1000,0.693147180559945,1000,0.693147180559945,1000
-0.112002586285302,0.14480198501622,0.0265662461143656,0.0642475817401604,0.764072918770363,0.185324251771055,1,-1.18920845220437,0.677499108575116,0.481004279834943,0.192557763589195,0.614200781566104,0.211082238766936,0.421188886037962,0.576891608641588,1.95993482396456,1000.00000044265,0.693147180559945,1000
-0.540640382937982,0.224975448023185,0.245737085858998,0.16946531494451,0.20357599935011,0.744509875141839,1,-3.09464095203688,0.912164887152007,0.702421069699151,0.260974963691221,0.606639964387367,0.215642621907207,3.37439481029104,1000.00248365734,0.693147180559945,1000,0.693147180559945,1000
-0.0767699131327146,0.330574796852722,0.506601054944002,0.829331773917094,0.914214090878411,0.0794795033528423,1,-0.141294742003169,1.11737127502194,0.845660986426813,0.350703589652713,0.320933459190247,0.4917528688608,3.62160397592593,1000.00005595956,0.693147180559945,1000,0.693147180559945,1000
0.101400218547496,0.250518055321156,0.139997435359285,0.234328587135339,0.903611323804375,0.094089521184332,1,1.56078059874131,1.43930545131002,0.508725938410445,0.333483757384339,0.618129633517145,0.221203094379525,0.396865862402796,0.517822462656045,2.0838572197643,1000.00000107918,0.693147180559945,1000
0.173655580217221,0.215353010080008,5.68605611232134e-15,0.000150812066015969,0.922530132563038,0.0410412626828043,1,-0.74241887103856,1.10372833562893,0.976350688640263,0.180302085522471,1.24830120232725,0.30781960316461,0.0751775909023889,0.513243392204833,2.03268503014143,1000.00000000045,0.693147180559945,1000
0.0474789163897225,0.233764129575347,0.20085895161903,0.177278995879289,0.795634539309082,0.266532317073908,1,-0.282240817195999,0.847596687084591,0.458331526722868,0.249316698570894,0.846912742691083,0.238989492749549,0.540509901035139,1.30927753481356,0.265638791493471,0.594033112887443,2.98070528153283,1000.000002447
-0.0332944080398362,0.305885464389867,0.444881566944913,0.241573084642787,-0.0879249332903616,0.175377404153751,1,0.160336012602177,1.02052772526325,0.823138626135473,0.233379173459925,1.03080119184336,0.356456745708066,0.904458538297833,0.257290565742509,2.65951127114543,1000.00000001932,0.693147180559945,1000
0.11395075021142,0.263131795334407,0.20752863079949,0.252471813103628,0.708087701282712,1.06837780933641,3,0.980388788969392,1.08879927479991,0.906109626786202,0.240801416850285,1.24610644370998,0.436347694801361,2.89890821264385,1000.00006836917,0.693147180559945,1000,0.693147180559945,1000
-0.0801163336601293,0.137905749487178,7.95480397257556e-14,0.00056408776389478,0.761222654862937,0.105684227257141,1,-0.417068568161903,0.563431314306514,0.647702820705261,0.187531602194836,0.0364127282011786,0.351115875429277,0.169624335939295,0.505292301174419,1.67967923149692,1000.00000076403,0.693147180559945,1000
-0.148658382612168,0.168911127630924,0.018925607254134,0.0872598860650756,0.778733837939045,0.135413070851965,1,-0.674742459877461,0.680893675831721,0.334153955636946,0.234230941992509,0.616119574140381,0.257449532661476,2.11843231154114,1000.00148225405,0.693147180559945,1000,0.693147180559945,1000
0.0867303840138215,0.133704878998519,2.66612453526011e-13,0.00103276600802579,0.844209323607723,0.0758008165808944,1,0.881459680164582,0.66893484731954,0.40724678196371,0.262117885706547,0.457848034890773,0.241691037916267,1.85643636913303,1000.00001550478,0.693147180559945,1000,0.693147180559945,1000
0.70280944655544,0.2314448469626,4.86590008969518e-12,0.00441192276953622,0.941844541309022,0.0313438556382139,3,1.98830843270483,1.09220456821916,0.613543650316782,0.33632029252163,0.796258607827704,0.381616697684346,0.240403291553953,0.377305533055462,3.11608875220456,1000.00021480318,0.693147180559945,1000
0.177844212771278,0.387527360442551,1.24274602014846,1.03847812227706,0.306224936493065,0.974522321460009,3,-0.864353523311009,0.675334961199849,1.13198225249291,0.303940906010855,1.42323168342955,0.751139014519773,1.26376366566114,0.783600652316734,3.77184914489482,1000.00002805995,0.693147180559945,1000
-0.0341103073744824,0.241657886700938,3.13636388518663e-15,0.00011200650091198,0.919381629184922,0.0527505644038896,1,0.314109371775465,1.15624022579617,0.550554273550189,0.353548048846057,0.941114746797453,0.500957844911779,0.420461652655449,0.144329335718806,2.02848334357927,1000.00000005681,0.693147180559945,1000
-0.361320361473174,0.188919260648607,5.20864896293947e-14,0.000456452588698298,0.724921223327493,0.0922724167665435,1,-0.602688625765626,0.715048627927509,0.485604987284265,0.209339408468355,-0.537370349844993,0.5033729625678,0.209138216610718,0.237616152127452,1.68555075001825,1000.00029282751,0.693147180559945,1000
0.265143482524424,0.15938336852195,2.11997284538622e-13,0.000920948618849959,0.875841498403252,0.0608248356220054,1,0.981038961613504,0.952158856041598,0.282203134200656,0.263528095016074,0.41410548883507,0.236668772323382,0.463049775947273,0.519698567882641,2.14396198140518,1000.00119964001,0.693147180559945,1000
0.139100943663238,0.265312039866924,4.24547769001288e-11,0.013054847150442,0.952207988284274,0.0325064799431286,1,0.738346227952542,1.52777337976864,0.886701052329298,0.394389090689707,0.731434185949727,0.422660139220968,-1.05344982368239,1.01107288476103,0.0388663998696507,1.11748044485597,0.606632586750545,0.097611736111958
0.0589694575763591,0.14854147945128,1.7328589545476e-13,0.000832558521298615,0.732672004415534,0.182148860314586,1,-0.0527809957161164,0.713848835885842,0.633605995604799,0.287576970891067,0.823627040619277,0.302388684191753,1.78796773906393,1000.0000010968,0.693147180559945,1000,0.693147180559945,1000
0.0663747079078569,0.195795916228827,0.00721856955058676,0.0970051358847087,0.880108982047986,0.078330376552442,1,1.35953278340214,1.02730944392298,0.188743018854538,0.305976250676016,1.08137857103631,0.312678445853621,2.13067171013581,1000.00000018767,0.693147180559945,1000,0.693147180559945,1000
0.182313569029209,0.186030494872531,0.0323268820421015,0.10165124710026,0.849016564546372,0.0905803825420064,1,0.163069727299389,0.809446378959738,0.684537118100695,0.194566980539771,0.349960594330428,0.301728531166797,2.6135569569639,1000.00000267922,0.693147180559945,1000,0.693147180559945,1000
0.477131379692427,0.162648382093738,0.138312777189017,0.104732058253537,0.625926391588623,0.290526307431915,1,0.679573805798551,0.529058977776989,0.761187386257019,0.181333130828931,1.01135299743644,0.317182425647994,-0.386547651222155,1.20932464608085,0.353212550462225,0.370713841846931,2.69427212877838,1000.00004817864
0.0512930682402017,0.139209218202731,0.0243084356229808,0.0724867815892564,0.756090686848999,0.135785371065359,1,0.0475241995496783,0.553792497848653,0.253431373836363,0.238926502457663,0.834843402331281,0.193136294487673,2.47307441123267,1000.00000876301,0.693147180559945,1000,0.693147180559945,1000
0.243325638081571,0.232183492706211,0.0294573297751113,0.291948987894666,0.964460567472598,0.0249525366547807,1,0.81373826629425,1.25761516436392,1.11343614833029,0.439803743783831,1.16436771425845,0.505364431019658,0.632914550505593,0.820305214050609,2.94635559827396,1000.00035334112,0.693147180559945,1000
0.0674330336962759,0.167071006750385,5.37690219580903e-13,0.00146664966055892,0.906530803177488,0.0888301433643397,1,0.363086834921327,0.965051579395172,0.711374214209029,0.305746296026073,0.802022266498586,0.204014059014209,1.99021432568351,1000.00001852175,0.693147180559945,1000,0.693147180559945,1000
-0.00673038190704702,0.222800318931096,4.98890246808589e-13,0.00141265284311006,0.93431338734925,0.0328851438334787,1,-0.429943605358621,1.11693861389173,0.925117502676498,0.241982569308052,0.535897166631818,0.350535864041962,0.730049398928834,0.679216722470377,-0.136777317524154,0.327201194232369,1.90271398096458,1000.00038481417
0.00186572575749791,0.321525107791901,0.160733645021245,0.293367627611373,0.908945466025982,0.0968073559747361,3,0.410791627394851,1.18406154350214,0.734231183887722,0.384790638379446,0.733723700325229,0.560637487487596,-13.2635616918218,1000.00007144624,0.00560226186279479,1.11706607849168,10.4361578057387,566.032426561474
-0.0919770493267742,0.161759615051301,0.035538748922063,0.0777336504056755,0.844393049627591,0.102753836106673,1,-0.827959314513192,0.784381728023087,0.773623183460376,0.249166302835426,0.375871675736104,0.278349932514418,0.58919020894408,0.456597646973035,2.02475656400889,1000.0000019727,0.693147180559945,1000
-0.170662771330924,0.421081852806535,0.383807733067641,0.411280102815116,0.93903058974128,0.0793572194684799,1,0.137057439050395,1.97490595596938,0.42606222634012,0.481439324251675,0.96207012931681,0.278965763557292,3.2749537968914,1000.00005280301,0.693147180559945,1000,0.693147180559945,1000
0.0225461993064449,0.283412911500517,0.219149877258269,0.217920156271422,0.526599510728157,0.87458279903448,1,-0.386007712308958,1.0678951508059,0.894574984392862,0.238670096914354,1.33399993802823,0.332162723547129,0.336135701563397,0.888375846210869,2.2377771921513,1000.00008247323,0.693147180559945,1000
-0.015407063052436,0.120463600370566,2.56756340871195e-14,0.000320481685665223,0.76317214369101,0.101120386227195,1,0.354666080899647,0.608688026657541,0.575045233584874,0.160940125602224,0.115338596625466,0.650044801074031,2.00970577168624,1000.00007709996,0.693147180559945,1000,0.693147180559945,1000
0.0046174118357552,0.356054215360363,0.420287276048684,0.46209630118488,0.647582721566214,0.873210380594496,3,0.570081763361149,1.31369486784549,1.10713976137445,0.433223601168299,0.789208517348231,0.665845757188222,0.0977630318056477,1.15798325928097,3.25287751632302,1000.00002420412,0.693147180559945,1000
-0.339286106569215,0.1605011597,2.05626565724784e-13,0.000906931200763092,0.875275342665025,0.061993923005579,1,-1.68603807452435,0.804930915432797,0.80646774847556,0.169905534244079,0.486632608140763,0.377758805318087,2.46471906202956,1000.0001004565,0.693147180559945,1000,0.693147180559945,1000
0.151454630439325,0.110401689181666,2.90645354450775e-13,0.0010783821515011,0.81874857153202,0.118637045033143,1,0.394163906035463,0.617570673679104,0.324231251919288,0.26446222095431,0.536240864736123,0.285328906423922,-0.157049138539089,0.422102564963223,1.84043784064283,1000.00000043588,0.693147180559945,1000
-0.341648507994841,0.323281070143708,0.209744971773891,0.360504811145376,0.861602638585491,0.102901417830269,1,0.0370335122562968,1.0705435819404,0.665781886476863,0.312346955028946,0.571058621211364,0.262108946943042,1.80967827732073,1000.00000126907,0.693147180559945,1000,0.693147180559945,1000
0.207427443762592,0.201005704102428,0.0476784500760127,0.0975661741102295,0.854684993869577,0.104296323109891,1,0.0707932733696122,0.896272245658785,0.66886702652004,0.212183255680786,0.631790637370099,0.293825552763714,0.546845306876542,0.16928187619625,2.00032081765436,1000.0000314504,0.693147180559945,1000
-0.118705550442919,0.194890501144873,5.88026371978933e-12,0.00485236428193055,0.830934097318972,0.0687824473387195,1,-0.0392599919771098,0.90229371072145,0.32051985692535,0.246687700345463,0.340881742661313,0.403364991804523,0.636970422722953,0.409045514801887,1.96295166812869,1000.00007649217,0.693147180559945,1000
0.0313383014884742,0.216989017291077,0.107218395534088,0.161910883731335,0.944034572078739,0.0356095152462683,1,-0.626425916193009,1.27760193817267,0.835463837128988,0.194449914173025,0.70644082352183,0.383628145610497,0.312818909239829,0.562278057893683,0.905703805879245,0.312272259452582,2.09536632413993,1000.00000036205
-0.189120615621787,0.198170040514641,8.72672013662431e-14,0.000590825147393316,0.932806365606189,0.0347067938026706,1,0.173293733962067,1.23880868620212,0.0854671714142769,0.368495138803983,0.883388599716985,0.288046751919607,0.841446851076014,0.271587489724043,2.18098133430072,1000.00000043866,0.693147180559945,1000
0.239892964988181,0.148332748391677,0.0208376938653973,0.0722412407848682,0.850393847822382,0.108473759903791,1,0.855973926102305,0.825930146016468,0.636202211235743,0.17981608739917,0.722014470955009,0.248064152810606,2.60247212163307,1000.00005181754,0.693147180559945,1000,0.693147180559945,1000
-0.2413571368553,0.2276471259625,0.115731566533893,0.181602672554279,0.930748515219126,0.0579821356822126,1,-1.07209444640915,0.920068941073389,0.308600411465936,0.487812096562026,0.547488890992164,0.194894020443171,0.740626804941666,0.495345984962272,0.887840767794178,0.307696271069676,2.12729620739463,1000.00000015425
-0.259698613483434,0.241993626204785,0.103008876184484,0.125849100307952,0.834569140027784,0.176650252220396,1,-3.0151532625812,1.43011126514985,0.880951220854539,0.299681182705209,0.453865428595896,0.213716361885837,0.909044320405511,0.426627087056713,2.74974207716754,1000.00059645955,0.693147180559945,1000
-0.057917333451554,0.194638191722304,0.18331703793128,0.12568437694451,0.290328672774884,0.56082236971449,1,-0.0172431294503804,0.574407414569015,0.760299081605378,0.194589252392948,0.50411392718779,0.577156961849556,2.65628466340077,1000.00582912474,0.693147180559945,1000,0.693147180559945,1000
0.366676729025399,0.210519724827635,5.43624958652324e-10,0.0490392278983589,0.858696770106385,0.0981610348046625,3,2.24552921410654,1.23108500699957,0.492304565988605,0.216801853389905,0.152958755071439,0.489962422986662,2.40899032594359,1000.00012812974,0.693147180559945,1000,0.693147180559945,1000
-0.484233028477857,0.347756089301382,0.289062886149917,0.449273802150865,0.897994026937753,0.0980280837986619,1,-1.66115135304199,1.09586407147703,0.467841411607062,0.342098194925764,0.850023790351915,0.374120891032579,0.170318319815272,0.51513227618339,0.710470889734015,0.331941664794365,1.66505536796093,1000.0000558024
-0.00530988796696763,0.275442412392394,0.177325964108676,0.190370733448886,0.582647715876435,0.808684327650825,1,1.09686592599107,0.840619941245033,0.530750710422756,0.377312760203916,-0.0500856610578945,0.717614697638672,2.11657273683922,1000.00000280106,0.693147180559945,1000,0.693147180559945,1000
-0.500034092303594,0.166062928258138,4.99512398999026e-13,0.00141356837643789,0.855476969161464,0.062719650819425,3,-2.23639671119085,0.743208539923768,0.561721102496335,0.226948795401664,1.08828470423925,0.286385530860778,2.46385163888717,1000.00004513368,0.693147180559945,1000,0.693147180559945,1000
0.025729073559904,0.164920221302251,1.13191099464101e-13,0.000672879994153441,0.91341508518545,0.0446346056676441,2,0.189097143737458,0.766417538769693,0.450676383297691,0.229453288159155,1.08665642790623,0.367764487113069,2.43877556247888,1000.00011675868,0.693147180559945,1000,0.693147180559945,1000
-0.234163450181045,0.179523859361248,3.26546896160901e-12,0.0036143279826248,0.888559766530474,0.0752361672623299,3,-0.206801865757184,0.952217838274109,1.01658243425316,0.301114961716241,2.49983691526767,1000.00004971304,0.693147180559945,1000,0.693147180559945,1000,0.693147180559945,1000
-0.475368186532453,0.453884570654455,0.294243586599562,0.46743330350941,0.953069643505736,0.0486609681051994,1,-0.59282176397058,1.82104300057602,1.01397410250445,0.437131980388447,1.39149372727299,0.692016974766522,0.394739141946114,0.64409374258656,2.56501680558039,1000.00000000256,0.693147180559945,1000
0.0831423511630924,0.258904244185656,0.120134053871411,0.210524930180635,0.850049461524588,0.209928817785601,1,1.33162076075308,1.15609400301959,0.412984828028502,0.419727005805445,0.814682189286768,0.458064302145576,2.32936638345597,1000.00009143428,0.693147180559945,1000,0.693147180559945,1000
0.0594001813450526,0.212105044456281,0.187370859370157,0.204869767607498,0.729288539209715,0.317858147797894,1,0.276370536401389,0.764864841935543,0.672864078050171,0.33505939292834,1.15145093464912,0.524478564789565,2.97377116285142,1000.00180701498,0.693147180559945,1000,0.693147180559945,1000
0.191958600049289,0.219271786898206,4.93867783468437e-13,0.00140559353644137,0.911098924452747,0.0531757100468456,1,1.08620143775931,1.14329747821185,0.495407791080313,0.240965742405441,0.938752356316848,0.180068268339284,1.89746284165118,1000.00000000122,0.693147180559945,1000,0.693147180559945,1000
-0.434888342398141,0.301716736019466,0.260805078014081,0.263642918794168,0.926605617076903,0.084124104385678,1,-2.04733171444485,1.21277911306424,0.999974730662387,0.322517813486712,1.0309043534379,0.276126486401585,1.01721846478437,0.383776483280775,1.9470803158209,1000.00000015004,0.693147180559945,1000
0.0196388123227085,0.157931401142409,2.43809451432823e-14,0.00031228818594247,0.875818816727551,0.0622921164547175,1,0.106594028715746,0.763058931951438,0.543745785065245,0.197227816743498,0.752672853142152,0.244903381044944,2.22969632576131,1000.00015219534,0.693147180559945,1000,0.693147180559945,1000
-0.0985546674649973,0.181909637422161,3.7530113547092e-16,3.87453827757763e-05,0.847342487308438,0.0828355435570609,1,-0.198815008759515,0.78956954913297,0.516989629223419,0.264239110534241,0.969698971023895,0.372252857375209,1.70931001663949,1000.0000575083,0.693147180559945,1000,0.693147180559945,1000
-0.0845051601892805,0.16797779417123,0.0318765833416719,0.0716294745683655,0.741924671795793,0.19758464355238,1,-1.60067438221438,0.780105094666417,0.718976307886199,0.240886858582327,0.75133048524639,0.203213585425364,1.98506151269652,1000.00000334335,0.693147180559945,1000,0.693147180559945,1000
0.271754626469651,0.140817166244941,0.0537969522663286,0.0657521680355159,0.648366144370035,0.321249701221367,1,0.504799462067062,0.551814956270907,0.654006484198007,0.227529138242694,0.688671627220588,0.218610440224619,2.83541209209284,1000.00000336399,0.693147180559945,1000,0.693147180559945,1000
-0.0337596786422521,0.495295634861329,0.457357741818571,0.562319067417529,0.898485202156384,0.205089093621232,1,1.61874897680673,1.84995250550567,0.67543303887365,0.48995386956042,0.810003985412414,0.464209711586428,2.93437787332698,1000.00012552673,0.693147180559945,1000,0.693147180559945,1000
-0.132482487804854,0.181275823623061,4.72202262577605e-12,0.00434629240532013,0.941725046635223,0.0373499521331623,1,-0.265362180791154,1.03420061857704,0.653026671492384,0.215258726790484,0.848255578399793,0.197209850903586,1.74871045677634,1000.00007235666,0.693147180559945,1000,0.693147180559945,1000
-0.0328653129047551,0.169187055105329,3.73321236815402e-13,0.00122207131967482,0.884098850656632,0.0629151220506412,1,-0.397522536066171,0.812311827831206,0.976758214842104,0.210110946032669,0.918884088840371,0.345350649492552,1.76450079850892,1000.00022771461,0.693147180559945,1000,0.693147180559945,1000
0.0258329544739566,0.190713662144021,0.125256494330222,0.106409529184091,0.524674520909299,0.402758629001136,3,-0.143679413967441,0.677434809951226,0.51795775721521,0.19161614335326,1.01667283982986,0.257704948152384,1.98043229867488,1000.00038708813,0.693147180559945,1000,0.693147180559945,1000
-0.181732611395712,0.184600968058302,2.31598407057729e-12,0.00304391631495865,0.908272500826234,0.0616770668894857,1,-0.482165171956599,1.00124649231095,0.695835677789807,0.30655868740045,0.524540537656261,0.240172264611762,2.42295149183279,1000.00000655629,0.693147180559945,1000,0.693147180559945,1000
-0.160934516084757,0.297364825152801,0.012467953599416,0.189415413710057,0.942079504941098,0.0422208390005779,1,-1.04540992639489,1.51553920010019,0.71186759528313,0.315224171485341,1.05938290351011,0.215466205991765,2.73409442945965,1000.0000109358,0.693147180559945,1000,0.693147180559945,1000
-0.226019101629278,0.219138581636246,0.103007696378476,0.129729408347291,0.803830968155533,0.191355159290241,1,-0.434097768198377,0.813934997564972,0.822887790557109,0.29960248740498,1.16844586706078,0.323341079012388,2.04678788106507,1000.00000026963,0.693147180559945,1000,0.693147180559945,1000
-0.0905983568376804,0.269416731918866,0.183616230050398,0.317249145442931,0.906800605997986,0.0958667055170084,1,-0.767222879693234,1.32632123570341,0.531393634223396,0.307591705190757,1.00314852480861,0.164566592160228,0.372346269744738,0.430413751205788,2.03151828591121,1000.00020994737,0.693147180559945,1000
0.131457823080851,0.201481512579162,0.0869233867395922,0.119725678180879,0.891820509568253,0.0941920186146388,1,-0.532722810615962,1.07938976899989,1.25869418690618,0.218336750873862,0.402818659685936,0.408992310298315,2.85060551167834,1000.00001144024,0.693147180559945,1000,0.693147180559945,1000
0.102102685677735,0.225259400580493,9.25536183677922e-10,0.0647697027268196,0.918956481757801,0.0590296122422114,3,0.72254193095397,1.19625823702327,0.441788306802718,0.352846972794585,0.711622272411681,0.375482489868364,2.51742701730052,1000.00014186752,0.693147180559945,1000,0.693147180559945,1000
0.135917975138095,0.160790672708902,1.52857827495515e-10,0.0249346633353397,0.840788087805928,0.103165444611572,3,0.868539108830623,0.890761874619675,0.736699291012619,0.196106916696308,0.415367530958887,0.571117876425868,2.22791630096783,1000.00012869486,0.693147180559945,1000,0.693147180559945,1000
-0.265330499567232,0.253084668177748,0.142811634935104,0.261208698182083,0.903412799693146,0.0852526756504851,1,-0.709777260709207,1.19217570519183,0.60265201844564,0.380280807613174,0.58277355616729,0.343145787645692,0.768862768137251,0.328059241158507,1.99624504516623,1000.00065701065,0.693147180559945,1000
-0.208611511123661,0.221033402151468,1.40590938212454e-15,7.49909170745541e-05,0.929700886325796,0.0369713889144882,1,-1.31421946795802,1.11801908554879,0.79116970122573,0.18165816210121,0.672118753224211,0.648387529130702,0.0612777202670722,0.691875943089118,0.738177315533294,0.0112785281331488,2.18257651412651,1000.0000001905
-0.00128345907399627,0.296083957618352,0.404188671299539,0.29926189865012,-0.0344764314794136,0.5439440774302,1,0.106270390388669,0.814967016461074,0.896549396465336,0.211889699737863,1.05455580675904,0.751017096693982,0.813944311439648,0.227292359643128,1.99097143983365,1000.00000042183,0.693147180559945,1000
-0.29838020855323,0.227317497812055,4.07901345738643e-11,0.0127874417508906,0.934230203278046,0.0327330690532388,3,-2.01923390264747,1.19005120488915,0.999071891362303,0.221236186455286,1.12744840376894,0.448686367786505,-0.294426457423668,0.958769573977047,2.53179489661192,1000.00005302427,0.693147180559945,1000
0.190423136934304,0.3731521096388,7.85783206453561e-15,0.000177288836060725,0.959621937490119,0.0267041472839535,1,1.82806519926249,2.00663793572945,0.580144041471295,0.36584003369152,1.26178218034016,0.482311543962437,2.73232819087778,1000.00006509973,0.693147180559945,1000,0.693147180559945,1000
-0.351744598008316,0.235662530425941,0.135296162028395,0.103293330512334,0.353901067562746,0.961669979701236,1,-1.23132000622788,0.999504357132704,0.530414854283912,0.235849476944063,0.920917358693259,0.533897055782695,0.6071996010981,0.104514785788657,2.05590731221694,1000.00005665341,0.693147180559945,1000
-0.304618892391683,0.267437340047916,0.0677342498541943,0.195905375097525,0.940832615869265,0.0375748148109248,3,-1.1894995018164,1.26054260835762,0.973219187899955,0.260566166339245,0.832626716911684,0.318029952088147,2.76423345111953,1000.00009779374,0.693147180559945,1000,0.693147180559945,1000
0.268893321891208,0.12950562789541,3.42015660253258e-10,0.0388311664107328,0.841610571272626,0.0834982169979437,3,0.531455609331336,0.761069294268447,0.679080613786398,0.166840000388387,0.784662036128996,0.426208112026404,0.588266356725395,0.238987858583949,-20.6842084152383,1000,9.51039661812952,1000.00110721166
0.525067962968133,0.403503095376401,0.069788110516117,0.339987013834078,0.950017251212689,0.0420470203690789,1,2.4808801814892,2.0100533252522,0.921702850562786,0.244899923205766,0.0905972517870454,0.431108361608106,0.901645186633372,0.539404546855882,0.583863762718478,0.675810195125973,2.21753934881504,1000.00007280349
-0.0922696042589883,0.198615922824416,9.00090394050973e-11,0.0191166829416487,0.851299665070005,0.0966404189764238,1,-0.741875753435878,1.01331913670949,0.861782819417999,0.265066605825641,0.0390226238567383,0.371650062882954,2.07379269230654,1000.000000295,0.693147180559945,1000,0.693147180559945,1000
0.0545068757585186,0.214031682037689,0.3411615355917,0.242425070435327,0.657583212462278,0.279802183819663,3,-0.59130778871226,0.620443771004016,0.447202309849538,0.223640924562046,0.788627448058611,0.230849976014094,3.64946278505669,1000.0026597329,0.693147180559945,1000,0.693147180559945,1000
-0.201663845663372,0.230675778786031,0.0146255488566164,0.101501754463463,0.754769043436181,0.247400879281237,1,0.486605180796458,1.11606259668172,0.461585159563978,0.251538024533728,0.324455930255648,0.47524841853488,1.83530325570108,1000.00000004042,0.693147180559945,1000,0.693147180559945,1000
0.0172772689804054,0.211790303258606,2.24288472702442e-12,0.00299547398701829,0.921135698183963,0.0413846489725808,3,-0.442556520975645,1.05758683375444,0.835030454325895,0.214637098459896,0.888739770631414,0.360861095893357,2.57779011259655,1000.00010456179,0.693147180559945,1000,0.693147180559945,1000
-0.309991435655356,0.201626553520621,7.28929695241746e-13,0.00170778789480627,0.860987497714098,0.0753159994359095,1,-0.909868638327946,0.959943002831099,0.45407012629882,0.267198186664246,1.01926665477417,0.217115744930494,1.8655958856071,1000.00000146211,0.693147180559945,1000,0.693147180559945,1000
-0.0549989848794947,0.207379594699932,0.0196388834454124,0.134912826684283,0.891380664596673,0.0798595082909838,2,-0.386686300710266,0.878170894829371,0.572345170384066,0.247009251287088,0.78639320976226,0.312105669747908,2.36612390241667,1000.00001330654,0.693147180559945,1000,0.693147180559945,1000
-0.0246686741265808,0.160945007474818,3.94888174766929e-14,0.000397436312100012,0.898552996711993,0.0562576629789146,1,0.526245182399677,0.809467400438237,0.455761599926308,0.232281715108461,0.749440902639695,0.213046961768077,1.88584435265228,1000.00000128325,0.693147180559945,1000,0.693147180559945,1000
0.313818881179022,0.331162424963686,0.15897563362349,0.314484979737926,0.91561869538215,0.0803921083567948,1,1.5453322863391,1.44450420005593,0.559108622596858,0.359640835143162,1.34279767003766,0.449114979609086,-0.28353529825724,1.85440322932423,0.753484009301914,0.451612989414988,1.93361887488874,1000.00382665331
-0.191530050880553,0.177692732383022,0.0990357449033598,0.0943354154922539,0.576114908470651,0.463869222135419,1,-1.32328653293905,0.732451046314113,0.833718567351049,0.196528281811696,0.819637036244481,0.531147219126107,0.328618139594221,0.192050237848055,1.82900956327011,1000.00007147913,0.693147180559945,1000
-0.460295619283113,0.293806863412061,0.298434617372868,0.290113295070327,0.904482155396929,0.0719562271820324,1,-2.04452311552828,0.931933243525781,0.879331634220577,0.194949085721314,1.08474274962237,0.397084949465949,0.770376516957764,0.725571937604144,2.10107576210844,1000.00000175592,0.693147180559945,1000
-0.0721275812544483,0.355669848679069,0.188525589775863,0.339998864243328,0.924538479690309,0.0756530164376973,1,0.0996991789012155,1.58940233724232,1.21380937406757,0.274938717379995,-0.0893852672485011,0.942942222802677,1.07552182508662,0.32701003129108,1.87538808566078,1000.00000001687,0.693147180559945,1000
0.168866430845357,0.178971070747108,0.198860287985598,0.104878854903723,-0.00902717459389939,0.490949205443216,1,0.0636636150852262,0.633144365902148,0.705854479600555,0.204199286854318,1.01427783230656,0.16510000913015,2.25275211072368,1000.00003811124,0.693147180559945,1000,0.693147180559945,1000
-0.214677425634043,0.222647612946897,0.0826816106647128,0.166346632327426,0.83819881074715,0.119986015267468,1,-1.08595745546703,0.990871322594029,0.811224785500753,0.221445787814754,0.652193543527713,0.403904380274107,2.26895464105391,1000.000033927,0.693147180559945,1000,0.693147180559945,1000
0.349437696322985,0.28269973677079,0.129186479359334,0.225657393231597,0.889995869399863,0.114796767902711,3,1.3298710501507,1.33740723990746,0.596931556333235,0.284959282866778,0.0452987514228904,0.474838370719208,0.503024963561076,0.778420241927827,2.96111479073876,1000.00007076756,0.693147180559945,1000
0.189500332308084,0.269354880486608,0.133914746719482,0.249595931057507,0.94216854565961,0.0653158202950561,1,0.252711064510043,1.40366507960696,1.05212780941647,0.324250758724278,0.959426341624834,0.256030474927723,0.530123768235457,0.845122100352351,0.222647489087,0.71891641632539,2.8998605405458,1000.00002565724
0.0157862961015691,0.126472013711083,0.0200402895646234,0.0412433771397552,0.696173900886191,0.199702258364652,1,-1.01090061537437,0.659450665861907,0.820825728574924,0.164310741199967,0.426139153732432,0.249178891319818,0.290180737002727,0.739853601742579,1.87998146102642,1000.00014729302,0.693147180559945,1000
-0.0411228002287372,0.215781049261273,0.349054821900685,0.272672368664394,0.24164584520994,1.10456118977532,1,-1.63926852544016,0.647469291503583,1.12829424345063,0.151708639527806,1.13961530667567,0.455616135785114,0.685610736139051,0.645747796955186,0.908184451122634,0.189340204056742,-16.4503209227129,1000.00000006316
0.0618917518152942,0.168471407891218,0.0872997557488341,0.107610218712078,0.684408708061712,0.264192289003377,3,0.543771418224202,0.592938526762835,0.569990968131483,0.202223324158991,0.684593175041492,0.350012066451862,2.59104519731657,1000.00011233506,0.693147180559945,1000,0.693147180559945,1000
0.252127945211739,0.13102200546778,0.0407979783301589,0.0482597888328939,0.557756319844108,0.326836767630706,1,1.21575010125058,0.545076028542685,0.823502894874061,0.176329612155657,2.40426475470805,1000.00002131162,0.693147180559945,1000,0.693147180559945,1000,0.693147180559945,1000
0.0230524442261323,0.235611140694724,0.0422389939222563,0.140302607213547,0.946259294544885,0.0399269519896271,1,-0.800344651833756,1.30846207227146,0.732209685619022,0.315026678942406,1.07349388544448,0.358047745238148,0.531313212913218,0.270122506479826,0.551055228719621,0.241888824787003,1.96905208858883,1000.00000013667
0.149541497676706,0.224773633380358,1.58341008453433e-13,0.000795842408500967,0.912212246601375,0.0590588704301277,1,1.67874634186272,1.2381487685268,0.512241746947015,0.33206083744245,3.23038335791757,1000.00020358737,0.693147180559945,1000,0.693147180559945,1000,0.693147180559945,1000
-0.0196462084378345,0.180419734101404,0.0468864503690596,0.0802607566398609,0.817868547112838,0.107689687687946,1,0.0301410778413385,0.804766230777928,0.601271117726209,0.250795883802017,0.412405366164113,0.282659315425552,2.09926044623237,1000.00000089331,0.693147180559945,1000,0.693147180559945,1000
-0.339082192326929,0.362113015588573,0.65215965384313,0.578608939673171,0.789727615672129,0.309713975695992,1,-0.373336228857108,1.14003861878958,0.553345434088032,0.238470635990519,1.14064700272589,0.410427261974879,0.753288039673011,0.472072632791636,3.40365270485267,1000.00008720453,0.693147180559945,1000
-0.0173920295244428,0.319201796733844,5.95805382162859e-16,4.88182524999746e-05,0.961932622778857,0.0259632856995394,1,0.461797004789336,1.77514217243155,0.603188672789841,0.313857721187957,1.08998426132796,0.427959389336981,0.818423215898897,0.0808845043304929,1.94481429172582,1000.00006113834,0.693147180559945,1000
-0.0452049539209786,0.198330004566306,0.0929910658251091,0.151095151630881,0.844231380287254,0.165870736298487,1,-1.32303722280101,0.915356801906391,0.945789460369661,0.341230053627266,0.239520824733397,0.233916866334809,0.89156004762522,0.300874104190255,1.68279983044852,1000.00011160024,0.693147180559945,1000
-0.063166840901084,0.199534599697459,3.54660625019049e-14,0.000376649313517489,0.913526674018116,0.047301870327902,3,-0.400370158453305,1.02824557071137,1.00993150018347,0.166203077524193,0.793578266533133,0.540947094139805,2.49247338592225,1000.00013506069,0.693147180559945,1000,0.693147180559945,1000
0.0892901662590952,0.178055064027619,0.00977592244043103,0.0798405753039677,0.917420220715403,0.0463475509061546,2,0.926879181715337,0.953771729667078,0.356456962959062,0.316988594520612,1.06549486229928,0.418618583476305,2.39559981553248,1000.00069565186,0.693147180559945,1000,0.693147180559945,1000
-0.173985073239803,0.256323146738702,0.166562005785568,0.194774789397502,0.678904152586101,0.590053693809484,1,0.423073830949525,0.851409896611543,0.0653518581703364,0.392448420087947,0.340120169706748,0.258027626506721,2.84130533842452,1000.00023292586,0.693147180559945,1000,0.693147180559945,1000
-0.116595500906452,0.278559596950503,0.161757772672371,0.16103600940505,0.586841025228113,0.593704586510022,1,-1.16960029235897,1.05849861824399,0.746956351487028,0.174367574320195,0.554492939811601,0.376563238599557,0.494115715307094,0.433174426345155,2.15015757905623,1000.00088835659,0.693147180559945,1000
-0.0742567695394285,0.12951768655411,9.52864376496416e-16,6.17370077123794e-05,0.844786967168172,0.0779583181406328,1,0.160608951139625,0.697430195780291,0.844162924653831,0.248410215882773,0.776426017213277,0.473591827324056,1.95831178702268,1000.00000264122,0.693147180559945,1000,0.693147180559945,1000
0.0697634952111136,0.136447569910552,0.0167272188608952,0.0452408851474573,0.799583047512465,0.135321638281386,1,0.373188410209958,0.619130310296582,0.250186006232273,0.294969497291652,0.81776612421109,0.237442414290312,2.18957191475484,1000.00054439065,0.693147180559945,1000,0.693147180559945,1000
0.153830219984392,0.183054887875899,0.089657248152641,0.0914182730896829,0.561210830571921,0.462944190792256,1,0.717666969570888,0.69033976739436,0.562571304373478,0.197327554852551,2.5430438241597,1000.03890042362,0.693147180559945,1000,0.693147180559945,1000,0.693147180559945,1000
0.192897289984334,0.192876212585568,1.7279526935623e-14,0.000262903277597166,0.97171897639062,0.0170539905782992,1,-0.450100652107634,1.2636825092668,1.26583946485746,0.301166761774421,0.795727918333317,0.341954989021499,1.21315123188721,0.411520235479568,2.24945913646693,1000.00000005604,0.693147180559945,1000
-0.0529612540733122,0.292758236971917,0.273982643577372,0.244076640373148,0.556269216163445,1.2389859520112,1,0.630005848406879,0.961490908750607,0.614427980164394,0.34048235062144,0.918679962247614,0.44836995604472,-0.140498573841336,0.816728194097923,2.21662152927826,1000.00323231582,0.693147180559945,1000
0.301816856978747,0.207297652811787,1.4817808602015e-14,0.000243457648700176,0.933625269685864,0.0457430564219272,1,1.1931886748739,1.07972840736291,0.729923264018527,0.287434807334039,0.58401350050218,0.509562259176346,1.1456630498222,0.308338821744744,2.20926470294288,1000.00000281853,0.693147180559945,1000
0.173355501569114,0.227937018433326,0.152544916623579,0.172818909755348,0.46359030067725,0.859490113245283,1,0.962569417439356,0.923195494607179,0.602558191326927,0.288711392396046,-1.39120973493362,1.01416615519975,0.980313430368403,0.440063118976383,2.76962929553052,1000.00007967411,0.693147180559945,1000
0.0941754488722767,0.257910756343063,1.35143240765565e-15,7.35236681158019e-05,0.969905922961453,0.0246777207897047,1,2.05836856580817,1.61512376008385,1.12362182563626,0.331983922455975,0.521592096338368,0.523080006664756,3.42362789134446,1000.00014506686,0.693147180559945,1000,0.693147180559945,1000
-0.327157094702287,0.483174270903795,0.639651647230484,0.791131292155775,0.936807494852987,0.0685905323308033,3,-1.54211183271078,1.78217405081688,1.39452918869014,0.297854647169524,0.610301889648227,0.360428103894964,0.0123071994273628,0.984664806830357,3.60626808067182,1000.00096532921,0.693147180559945,1000
-0.239363793033217,0.267054243204953,0.0843015573180262,0.264858599738062,0.935810005662957,0.0506089381921377,1,-1.85424202135301,1.33417807240277,0.397650410918988,0.257186222189262,0.885444013901936,0.383014411263423,0.582542119681313,0.451244590538352,-0.435910565750148,1.37298187648675,2.57529056406625,1000.00085151115
0.32131951100436,0.203093003126883,0.177713731927979,0.162629599328003,0.218040264224613,0.613883229812396,1,0.689148268932516,0.700992286239763,0.651565827470722,0.233852692565436,0.961115031446896,0.450769052348034,0.875745388032759,0.168107010395506,-0.159410611503358,0.907293692093034,2.08116128566381,1000.00000396446
-0.272508453157001,0.28033702817596,2.71885723789079e-14,0.000329779259059169,0.939098024922564,0.0345009051814607,1,-2.51278627776531,1.55673997345774,1.10145093479439,0.252103976031765,1.2315584839573,0.418922842784153,0.783817848300475,0.0824091717519158,2.07416795677131,1000.00000000118,0.693147180559945,1000
-0.00953095610406624,0.223386078873476,0.209555615314892,0.190813480189205,0.787921977215157,0.229636997874572,3,-1.06664423159007,0.880942866825243,0.878372181633749,0.192572610773406,0.768415954619146,0.267268455392004,2.74784388858162,1000.00011889501,0.693147180559945,1000,0.693147180559945,1000
-0.253345330741953,0.224199195594453,0.235337926555829,0.373326806845245,0.910148141313858,0.0860262685778327,1,-1.28944992245116,1.00284365114775,0.670890520368775,0.477918029541402,0.83095467631209,0.207527018346313,0.712734359135408,0.490155402817655,2.02191659634796,1000.00011263668,0.693147180559945,1000
-0.445835574306244,0.304814522803562,1.20791471250524e-12,0.0021981257454334,0.924837352479787,0.0680699124030006,1,-1.43091553381936,1.12697949591362,0.659283233213428,0.388284075717283,1.26736163423916,0.339135806223793,2.16284915046711,1000.00000127698,0.693147180559945,1000,0.693147180559945,1000
0.295266147650763,0.262134788076057,0.113439902236465,0.33991424617029,0.903553589444511,0.131876847140728,1,1.97532270596146,1.26607485675172,0.71504047538438,0.420862632503123,1.32202140483574,0.602371202219665,-0.0542612947320514,0.116806978311681,1.9891966609497,1000.00000107119,0.693147180559945,1000
0.0774966141082921,0.170749860301123,2.10440464806535e-16,2.90131345170945e-05,0.837610251949005,0.0603157309995018,1,-0.00201150224850051,0.754056805014727,0.61337533405595,0.199229296721246,0.228592993311741,0.320902178056191,0.374732852387185,0.33487098410386,2.05916741257135,1000.00000001913,0.693147180559945,1000
0.0643191077639773,0.142317999703927,0.0550260375397803,0.0865270562118867,0.734896197943942,0.201839340132713,2,-0.18678157212156,0.676474434728072,0.744492697721817,0.186646933379032,3.35003261612255,1000.0012865299,0.693147180559945,1000,0.693147180559945,1000,0.693147180559945,1000
-0.014792180455415,0.218324303800955,0.121266137454376,0.227196812062896,0.909184503791832,0.0555106734962452,1,-0.202035890359823,0.931737689793396,0.740798186779848,0.165996947565297,0.573793852245072,0.449807999028632,1.13894234930545,0.277316654413708,1.71303257792729,1000.00003537926,0.693147180559945,1000
-0.057605543429032,0.263199512975093,0.308762787428708,0.21615792062829,0.581373896820359,0.620162113993836,1,-0.256976317854826,0.938033716299964,0.565824205162521,0.261346469938469,0.977538714453236,0.370059636308153,2.58168357017355,1000.00032510179,0.693147180559945,1000,0.693147180559945,1000
-0.18515021720745,0.19665728044824,0.0690782799794896,0.126036378141166,0.785505012349407,0.152984440780886,1,-0.127570387700185,0.652245671146011,0.420761979087145,0.307864343691204,0.0937384323693123,0.390878160040984,0.390509594348142,0.603076768134022,-0.455064111507534,0.477515209143398,1.79262805523717,1000.00029063214
0.0134275240326011,0.311347609888807,0.290386319833173,0.298400579122164,0.767467523917862,0.279330033670333,3,0.714252632127683,1.02502825610693,0.310301452255487,0.354877259129057,3.2912239944225,1000.00029576164,0.693147180559945,1000,0.693147180559945,1000,0.693147180559945,1000
0.0274574805612223,0.254234234074652,0.140156853642406,0.194110321482516,0.877177990028689,0.143274593975149,3,0.458309541103986,1.1154836664479,0.609593789644145,0.237301819063674,0.506843762796329,0.405898089046285,2.89572798156343,1000.00006524116,0.693147180559945,1000,0.693147180559945,1000
0.0787776847366772,0.17855124478353,0.106166539881943,0.153650488124137,0.700213975486168,0.167834297962649,1,-0.0631586406184694,0.565672005940369,0.710743182304653,0.169042484101827,1.00026950402351,0.473746152537579,2.30271084535353,1000,0.693147180559945,1000,0.693147180559945,1000
0.0929880876933694,0.198196756533527,0.111434420072685,0.113804737176694,0.836249270562048,0.0973265368609411,1,0.0693913572931274,0.965897673747223,0.701521525937024,0.200246694879908,0.72313969451997,0.293348373053227,-0.0166332857835696,0.516568151857211,2.73186102994336,1000.00005825601,0.693147180559945,1000
0.182572682363248,0.146825752904081,0.0142851594934608,0.05877277872307,0.776225505892499,0.16743244797008,1,0.513005928622641,0.614663193260039,0.809779174542134,0.18107427787361,0.520884680534744,0.369025780359436,1.77897903266257,1000.00000022326,0.693147180559945,1000,0.693147180559945,1000
-0.16083158103878,0.213044141603668,0.0191351754321055,0.125655571091429,0.924099980827846,0.0487597576685974,3,-0.736939176289759,1.22184553553113,0.777585950970171,0.200011922601069,0.626823263981761,0.288047575421353,2.6531313607175,1000.00007152152,0.693147180559945,1000,0.693147180559945,1000
-0.00150571005665163,0.186516706201952,0.0387288067840638,0.0923411650639633,0.835313968856809,0.122530297306112,1,-0.302681858806652,0.966117751720299,0.573362367751928,0.228007611655654,0.419067643250306,0.203847369584881,0.555778242535716,0.842868726765143,2.10950284720578,1000.00001111975,0.693147180559945,1000
0.139579893036228,0.221525297325652,0.28191320489424,0.244068073858292,0.588778126186653,0.862416883855472,3,0.606198912859255,0.950603052416064,0.671294500352191,0.242276504154415,0.941534487421016,0.334705270775346,3.0572224169752,1000.00000664457,0.693147180559945,1000,0.693147180559945,1000
-0.18480455738277,0.213226611711398,0.0276043709634719,0.107714344321388,0.822125723121607,0.126627242010797,1,-0.994346397163813,0.9074041136542,0.842366715391592,0.242844992381353,0.676325705755335,0.32544595483918,2.03429122366408,1000.00064519851,0.693147180559945,1000,0.693147180559945,1000
0.147722476078643,0.155973546921987,0.0441236675395207,0.0756628856065622,0.783277311203092,0.156471486486762,1,0.741255455035116,0.721026053851185,0.292371666553388,0.25366951201996,1.00761252455497,0.465416529220602,2.30451971741576,1000.00023672904,0.693147180559945,1000,0.693147180559945,1000
0.223658232311963,0.332016039332416,0.201039593479218,0.380996684999903,0.930379785337004,0.0691232023133381,1,1.76095647775484,1.27253800107473,0.616590823771029,0.196173611099104,1.31829779639859,0.542017521410773,0.821563615385811,0.255019936792552,2.1664603076953,1000.00000356537,0.693147180559945,1000
0.113587044278386,0.196861886680034,0.0364092545309813,0.153659488491213,0.888221023309587,0.0869742627061024,1,0.598187777191783,0.886516246145102,0.414801986872545,0.337130405192411,1.09515282058394,0.456899196005234,0.217602535030683,0.660506066870265,-19.848851311721,1000,13.7549669541821,1000.00000000001
-0.0201881230916436,0.257179780468044,0.0933987727891822,0.13549120728492,0.804267401987965,0.152371455770039,1,0.589400474905761,0.933030038383834,0.591392030067818,0.234259289977014,0.692609670220847,0.218314436243193,2.49418229391758,1000.00022873044,0.693147180559945,1000,0.693147180559945,1000
-0.313927952781515,0.391365535383476,0.0709260526769993,0.335352510593647,0.967624596595208,0.0267845562643454,1,-1.50763502318003,2.1902240886846,1.39224506118343,0.462458923587754,0.9413542532347,0.457864858042043,4.30125929773035,1000.00051703655,0.693147180559945,1000,0.693147180559945,1000
0.00574227420434812,0.203245638491147,0.0918807601989115,0.112693513734389,0.858434331158271,0.134915450008503,1,-0.802485603694326,1.12719216181132,0.505285436194207,0.26176414146506,0.681916985193856,0.238781079475302,0.224908855467161,0.487787539419536,0.336292298029525,0.535390494551113,1.85589913183569,1000.00005793096
-0.283878028992274,0.152150112644465,0.024427829097799,0.0752614937427444,0.706907286527073,0.231743740482429,3,-1.7585175900591,0.680982131975655,0.399791646338497,0.188505705615213,0.39445225236379,0.287746104038648,2.10291403248524,1000.00002229775,0.693147180559945,1000,0.693147180559945,1000
-0.0246542327509905,0.209419630480496,0.141738983738428,0.176401450453413,0.837299711250507,0.192996824934203,1,-0.172787205876809,0.947780281946782,0.559394082472936,0.231463451921851,0.879817294929808,0.540110271752703,1.04358147784946,0.418993841025197,2.09500016601143,1000.00000736603,0.693147180559945,1000
-0.106247741234062,0.199737079009568,4.15576933327839e-13,0.0012893159206159,0.888396844026563,0.0758858502298275,1,0.0469580536296227,0.950614138640773,0.498952085059762,0.323490557467988,1.01529169289138,0.298912851712413,2.08481219303364,1000.00037075012,0.693147180559945,1000,0.693147180559945,1000
-0.123871414654168,0.19100778454784,0.113170871666289,0.122178271067428,0.749132546024676,0.216230261761875,3,-0.30126905497534,0.82374324791546,0.777298710751207,0.218681953665377,0.960418261081375,0.647437477399164,2.88321072726606,1000.00004354225,0.693147180559945,1000,0.693147180559945,1000
0.0699992265537512,0.207263257480715,0.0791735427367515,0.130690072532687,0.825301262383334,0.139644446704319,1,-0.295424433925944,0.742271834583129,0.974739961126943,0.254217883029245,1.084711990125,0.264738816488543,1.97569296746328,1000.00000350795,0.693147180559945,1000,0.693147180559945,1000
0.0640656172096117,0.164864626053122,1.2385229674699e-09,0.0925281669849233,0.895079625329305,0.0802936123665218,1,0.421521757268817,0.957006963516886,0.571058146656128,0.212520129799906,0.706258565118813,0.169269027327588,1.87208637170887,1000.00023533377,0.693147180559945,1000,0.693147180559945,1000
-0.400962550154245,0.32440633436035,0.0531201664209626,0.377733544254388,0.925879923208287,0.0613820200680894,1,-2.1810919690245,1.39712656866763,0.84387500336959,0.226937435374643,1.52267215101432,0.448680253197467,3.09841584667868,1000,0.693147180559945,1000,0.693147180559945,1000
0.00136166516861028,0.204189564884233,0.0875483995984445,0.138021077300831,0.853989504882765,0.12364400226687,1,-0.143092657066447,0.949267613410809,0.431737536620214,0.220549350206814,0.495158362555434,0.283970210156213,0.92109968617582,0.276179886598604,2.06280584831024,1000.00001878834,0.693147180559945,1000
0.0687045123989777,0.187660579648961,0.0500888625380314,0.13387871261415,0.937206829474746,0.0407895721396525,1,0.0110575727297652,0.927689656088685,0.867717785688533,0.139073285743714,0.49611974560482,0.49631707462059,0.534264114197905,0.332166756176069,2.56024182359799,1000.00129965351,0.693147180559945,1000
-0.0705836271736963,0.279593235048676,0.119812405640116,0.23365308042756,0.768152188292049,0.373686542193145,1,0.964504512851478,1.01570380446052,0.122658219303499,0.519910479483846,0.0987109915607286,0.66940463622261,0.630721851778383,0.342525607015176,2.06746986158505,1000.00243051438,0.693147180559945,1000
-0.0466095072350123,0.121517088669718,0.0323090923485116,0.0326625764642199,-0.000795975025776136,0.489209291046866,1,-0.615492327754246,0.589244328501304,1.27899483287354,0.181410401420107,2.05111705963599,1000.00000099174,0.693147180559945,1000,0.693147180559945,1000,0.693147180559945,1000
-0.256465808445748,0.326784916036174,0.503189060110225,0.44836380131171,0.837070107599447,0.277295324463157,3,-0.612047145292829,1.07954977619046,0.80912286842838,0.426936333920358,1.12263950290869,0.316670380211703,3.57251212436159,1000.00005740092,0.693147180559945,1000,0.693147180559945,1000
-0.122830003855424,0.290870945930824,0.0496352737680214,0.259368634651835,0.954536457141534,0.033793806676554,1,-0.253536047902095,1.54534156772194,0.74486751345414,0.283459805298521,0.987290639189313,0.330444124192958,0.90501272237515,0.183448053106188,1.80525012264645,1000.00005991785,0.693147180559945,1000
-0.179357812739843,0.270639516965696,0.23594990969367,0.286426231700501,0.838500892548405,0.220471545736472,1,0.0677041781691443,0.953105231205359,0.58494149997822,0.370423297345602,0.532851120900295,0.679786594781219,2.99184114633683,1000.00021507384,0.693147180559945,1000,0.693147180559945,1000
-0.0494854308561518,0.168853925503227,1.77961039436784e-13,0.00084371170670185,0.863773357762645,0.0845938065723273,1,0.722633104138949,0.956027514845398,0.509552837639226,0.302668534515769,0.929681785767191,0.279960950611008,1.87425674423375,1000.00055804391,0.693147180559945,1000,0.693147180559945,1000
-0.113606648744294,0.288870915389574,0.110435730708049,0.21200121465437,0.923601615899274,0.0537011454789436,1,-0.0732263601231952,1.29432204818261,0.0952493883173386,0.280455028972664,0.633887137609827,0.298732949801172,0.926489262581485,0.151666264450954,2.39520975668789,1000.00000000016,0.693147180559945,1000
0.0943050387936204,0.223114497300085,0.135033881765838,0.0969381843403907,0.602401571996165,0.54261288524957,1,0.166062046077797,0.932374195496047,0.554527645374017,0.231681469390897,0.208686569403678,0.284010529409174,0.897289351135528,0.52887216509341,-0.0415679482858356,0.607552899464938,-17.2000132998348,1000.00000003655
0.0776425592491975,0.31153239312106,0.14348931806987,0.263198639903404,0.911770353993741,0.091552951660767,1,1.63791000853897,1.64535158980059,0.91244048347653,0.321658587296233,0.461891858087222,0.295790494083632,3.44303011465703,1000.00003213204,0.693147180559945,1000,0.693147180559945,1000
0.21819730658972,0.161363926413093,0.0169101839959119,0.103325156754215,0.927566013213035,0.0336298580977626,3,0.289167245021678,0.982110729886072,0.811052509505412,0.26134240938623,0.363632789348134,0.281760178833042,0.960773985016774,0.448479882118609,2.43968979617139,1000.00026112132,0.693147180559945,1000
-0.245072400616279,0.190231944871295,0.241062006602763,0.196390662380214,0.820893026928843,0.192016613008358,3,-1.31304605483132,0.717059208895798,0.926881871841084,0.244098433336473,0.244816974844817,0.257797810909188,3.12563267133974,1000.00003329576,0.693147180559945,1000,0.693147180559945,1000
-0.227512753313157,0.225699675651008,0.0676776401243298,0.147614416694609,0.92612356043179,0.037974440119039,3,-0.752014157105979,0.899643787715342,0.489220801617726,0.233292319058041,0.83590746654169,0.221372504540913,2.8740430235377,1000.00011741886,0.693147180559945,1000,0.693147180559945,1000
0.0352827412164623,0.179006646639542,3.75512924527213e-12,0.00387599797713921,0.839334023969404,0.0772382912018866,1,0.159681387147304,0.892386787293097,0.437050050469899,0.3084343819748,1.07982944461686,0.188020789957353,-19.2163919161053,1000.00000000006,2.48783970512992,1000.00000000511,0.693147180559945,1000
-0.516155517540434,0.192530855241187,1.77640069606337e-14,0.000266563537772097,0.900100575784858,0.0483912441556378,1,-2.84426927028276,1.12336828323815,1.09290276971925,0.210487832991742,0.972171922060407,0.310248718822959,2.18210173587657,1000.00000007172,0.693147180559945,1000,0.693147180559945,1000
0.237019474167848,0.189407474638028,1.17858881444138e-09,0.0697650860419049,0.882059925316615,0.0670226990082436,3,0.19634569911947,0.926346109674835,0.881657363293681,0.190473860633472,0.888727198356581,0.376139067287196,-18.357901893195,1000.00000000237,4.17661782224596,1000.01987403625,0.693147180559945,1000
0.344294157171338,0.186970032977009,0.0488649065042231,0.130765192731864,0.955346900270095,0.0317162269444339,1,1.41997482665208,1.19565803324104,0.670340751258451,0.367393070493893,0.939580656375955,0.242418670004504,0.841897949659657,0.311904873744936,0.161340392982294,0.552487410752493,1.9935833771239,1000.00000067728
-0.389413484948247,0.285081687298818,0.751158262753963,0.485338497374025,-0.693083902774523,0.173897719702905,1,-1.10543469903569,0.559766524249403,1.28593270089544,0.313071680014118,1.90043471739077,0.464771463030792,2.66767791830289,1000.00000028132,0.693147180559945,1000,0.693147180559945,1000
-0.214004120929073,0.175412245633806,0.0541644350124032,0.0919239251424097,0.805192039177165,0.153195126034963,1,-1.17962832868492,0.915381043702813,0.907994370312642,0.168084678241921,0.470751418839711,0.350969522034742,2.15642983975263,1000.00000203302,0.693147180559945,1000,0.693147180559945,1000
0.169536858421136,0.229742725697083,0.113783543654006,0.172409175648526,0.732863149167342,0.348259067795666,1,0.687153156828262,0.814124275071041,0.282221533808022,0.278897822291955,0.928303434331362,0.431912998238162,0.692433689180043,0.504464779358152,3.03619669502282,1000.0002081366,0.693147180559945,1000
0.333487271453786,0.216054733500501,0.205632067930751,0.189526594069795,0.278022113808415,1.02092340533962,1,0.846741616354689,0.634994171042912,0.4533811226566,0.271479202175816,0.971838378635942,0.262500833083694,0.631188823111094,1.40198451925009,0.299885772504064,0.848746574625079,2.14426267830753,1000.00059463841
0.132766612083516,0.199648043464921,0.0625942163733747,0.108866383088969,0.842894574604933,0.121668480968624,1,0.644974841852431,0.93700038124324,0.632633809371072,0.217913884465678,0.556807387940122,0.503288674484547,0.391735103606003,0.322672448425463,1.87438232477058,1000.00008181321,0.693147180559945,1000
0.114066655265959,0.155579868798903,0.0248810210599896,0.0667309974741052,0.802660977394768,0.100594076060738,1,-0.24463435989512,0.660755311028458,0.602998576647922,0.164050836877842,0.444760234239586,0.253097416439927,1.93536713679565,1000.00000137902,0.693147180559945,1000,0.693147180559945,1000
-0.196397282138003,0.320203649573452,0.0221707084065732,0.104267985171105,0.919783785481826,0.0705010759541907,1,-0.191252513778354,1.59359276116012,0.988423177741103,0.241745419202233,0.319194862642754,0.414752535744821,0.403029487306719,0.635446226189016,1.96833455439521,1000.00000030584,0.693147180559945,1000
0.095674317007837,0.220100075670156,3.27561279724728e-13,0.00114466893548234,0.92261919388591,0.0530770337774681,1,1.08213211292738,1.25454382803403,0.486763109073851,0.280535257058809,0.156222584775423,0.303182260009554,0.682764947236327,0.626013478966443,2.42671615628731,1000.00015897417,0.693147180559945,1000
-0.0246476610095381,0.206267190099536,1.94030957221647e-10,0.0280669650515503,0.894983443480274,0.0741274146802952,3,0.686905203631288,1.12702265415368,0.607522866132019,0.427293001896832,0.147112310823056,0.584792644461521,2.38506587485153,1000.0001242284,0.693147180559945,1000,0.693147180559945,1000
-0.0139006059864071,0.194236825092132,6.51651071583194e-12,0.00510649016417298,0.901239612613005,0.0556453983532765,1,-0.480036347928357,1.15046747162155,0.78471176192059,0.271484359807091,2.60265281774085,1000.00002228126,0.693147180559945,1000,0.693147180559945,1000,0.693147180559945,1000
0.342730482561702,0.358795840724697,0.469926310382296,0.549640616713262,0.912479412071056,0.12042057783996,3,2.1182677687996,1.30956707718245,0.341384243434419,0.45597406597418,1.1261981611639,0.270840930538401,1.27125893332209,0.77496342091523,-15.830542641574,1000.00000195671,8.28252910966763,1000.66869951814
0.327073477499997,0.188202304196305,2.54951579727444e-10,0.0323087508722957,0.907349226551517,0.0635684832067799,2,2.2393922729341,1.06845119443564,0.5048185639112,0.287141635376444,0.319434709149568,0.33850843993486,2.42742481342658,1000.00011429817,0.693147180559945,1000,0.693147180559945,1000
-0.247706502485809,0.377254129185565,2.72216881271558e-16,3.29979928228012e-05,0.967532803361989,0.0246452212894433,1,-0.500294475913649,2.20950465225922,0.893644653020112,0.353493422715849,1.31743815392771,0.442879312998534,0.0825098181338483,0.347471124208699,1.95324367587251,1000.0000000019,0.693147180559945,1000
0.109228273119473,0.211010447814242,9.00454555674216e-13,0.0018978733727281,0.930672276588563,0.0342213290336511,3,0.273599937962971,1.04515484628643,0.57387444107153,0.224384139351061,1.03169711171753,0.158549467923873,2.56655923077623,1000.00008420066,0.693147180559945,1000,0.693147180559945,1000
-0.0867067280362918,0.135671739855595,6.63581072113339e-12,0.00516593978512592,0.813408766020974,0.0852087574749742,1,-1.2206703810106,0.696057908705644,0.865459934320648,0.184245646596225,0.596204828138939,0.261363526345009,2.54084815314486,1000.00011706721,0.693147180559945,1000,0.693147180559945,1000
-0.243564244711072,0.191582176473234,0.0450224608221668,0.0833263632271695,0.654176628958175,0.234681373034563,3,-0.617927563651087,0.692994857305323,0.571986355546238,0.238205927120492,0.232022942382888,0.632752347699068,1.79094152226922,1000.00064751286,0.693147180559945,1000,0.693147180559945,1000
-0.143904874948383,0.214814797925167,1.36586088260492e-17,7.39151103210755e-06,0.899791661568322,0.0498350702298073,1,-0.0478061183601839,1.01370517466758,0.602889262435907,0.236657503524519,0.92370641349859,0.2636865735322,1.76815791084088,1000.00000005407,0.693147180559945,1000,0.693147180559945,1000
0.204607075640025,0.353621384119643,0.138458220586384,0.369509090164623,0.930582321053887,0.0778517084201083,1,1.30371272982852,1.36646477677309,0.772435804436605,0.316334143607448,0.278676201287579,0.456900910272205,1.37173005583509,0.325055044646295,1.99155718436221,1000.0055611982,0.693147180559945,1000
0.195998290305481,0.211343096357156,9.08336646727494e-15,0.000190613458706163,0.863613739833927,0.0915410067656658,1,0.804364076842771,1.02350617899115,0.604194848222219,0.242925078008008,0.470043959674413,0.240964061539463,0.530452544638332,0.621584522405902,1.9818160409296,1000.00000026723,0.693147180559945,1000
-0.0665813924858642,0.224334294083218,0.128724766094629,0.102071594219169,0.637671731009366,0.358742745061794,3,-0.643936083911255,0.94466867836727,0.592376677981809,0.201859790056259,0.857679557819233,0.389677477732453,2.1628645133366,1000.00121766918,0.693147180559945,1000,0.693147180559945,1000
0.185572699024027,0.134626417671116,2.87738216254865e-13,0.00107284588452189,0.889307008745512,0.0457200723161149,1,0.591019473383865,0.692201433423362,0.427044105257356,0.169816958542761,0.307364614430669,0.293728174872162,0.918858062384397,0.339829475920337,1.92074025252779,1000.00124024348,0.693147180559945,1000
-0.36010087440651,0.22193896541051,0.0586795612282912,0.237821918139826,0.883579628846749,0.104260390902677,1,-1.18353125662166,0.962776269470822,0.839019522423717,0.172228869979142,0.836738686044717,0.31036357580251,2.1186403080733,1000.00000359354,0.693147180559945,1000,0.693147180559945,1000
0.0143334410387031,0.18303233591857,0.183981278745496,0.155182507813326,0.517069037118149,0.423034723186051,1,-0.558205315743726,0.540767424970599,0.481802215335318,0.204641032493771,0.595473639520485,0.292885498999372,0.74844005922926,0.773709810791507,-0.112030704381919,0.101617719211668,1.89277548298848,1000.00057037002
-0.0104623842248009,0.20678953652919,6.12260879464132e-13,0.00156501760554026,0.83781783281931,0.087579946631058,3,0.518505506684457,0.967926440376221,0.232130613810189,0.292382508532428,0.35873244919958,0.27494279499685,2.25595311092641,1000.00025265459,0.693147180559945,1000,0.693147180559945,1000
-0.117918288216977,0.202383101783369,1.05347097261369e-11,0.00656165821948146,0.876500457121694,0.058787564555007,1,-1.87266559184197,1.21521908622729,0.597821333024887,0.265598511166856,0.568100752224869,0.244224499840213,0.287384013194707,0.261795000880343,0.627435555317342,0.322726060374838,1.76490936215081,1000.00000063007
-0.413017629011012,0.363422963585306,0.196734024311837,0.634179633024063,0.935872149990361,0.0537391629849921,1,-0.193002578641651,1.23783388228064,1.24147873191978,0.269055439729745,1.05990875699581,0.342146483309161,2.25171313470963,1000.00000055287,0.693147180559945,1000,0.693147180559945,1000
0.259908352522556,0.204687014596747,1.4810257749646e-14,0.000243395130837353,0.870740125777766,0.0642246221978318,1,1.29594479500082,0.956599058835488,0.621940046710462,0.212307876813439,0.806563840098623,0.257719309968013,1.85415137190655,1000.00000541085,0.693147180559945,1000,0.693147180559945,1000
-0.0135471422391128,0.236579130942806,0.145610235114825,0.251299592758874,0.891072382067117,0.129422817474913,3,0.25254280397599,1.1395145349052,-0.172305640018341,0.373188626534576,0.824873531266232,0.245216900034144,0.923390959599675,0.540506461523728,2.45035835013583,1000.00015425013,0.693147180559945,1000
0.256297081992103,0.154367116290368,2.75478790416039e-10,0.0353006435196111,0.883781207739439,0.0550262263334192,3,0.747527741757021,0.924793943458562,0.423015663287876,0.217837509289703,0.568642186429879,0.284594976279073,2.34083325739416,1000.00030378634,0.693147180559945,1000,0.693147180559945,1000
-0.00253130998626438,0.196463881230126,2.1148787084552e-13,0.000919764140172944,0.942494272367122,0.0418447772903509,1,0.981037557867758,1.18916570181975,0.759416714610745,0.348123621029183,0.669999406316059,0.429855828681373,0.369381118723684,0.533614443814268,2.05496448728624,1000.00000334876,0.693147180559945,1000
-0.0665100954243834,0.181987481696998,0.140553084578247,0.128367165878212,0.811998410567313,0.167451984993317,1,-1.53917513230044,0.943640689680738,0.568404003472346,0.194973975766952,0.729670013833376,0.188732813383728,0.335583368944586,0.481966448483752,2.7370128348927,1000.00013551647,0.693147180559945,1000
-0.365806311962182,0.240066259286386,0.370635960627222,0.274219524385958,0.040765907363609,0.624869769958577,1,-1.91589663726423,0.70031439772003,1.09009653645743,0.232542123093532,0.715376817260673,0.360101616933714,3.12709901322327,1000.00007969162,0.693147180559945,1000,0.693147180559945,1000
0.00507925512726908,0.188654959096741,0.14439009502078,0.13522735534184,0.471150420686345,0.774193903189374,2,-0.248981941501146,0.7693666799668,0.796838496694904,0.190218431505456,1.06043752005002,0.629851914036845,2.61316752237812,1000.00011820335,0.693147180559945,1000,0.693147180559945,1000
-0.163004005819558,0.462525658665846,1.90934681552093e-11,0.00874028298797015,0.968830675845667,0.020653719511399,3,-0.253066636036587,2.28121569754754,0.660090974320132,0.379725138770815,0.73841004763675,0.437571705092466,1.13830165724406,0.629555302338425,0.0765169602288862,0.510990000524968,3.07709272797499,1000.00000280449
-0.108671967689971,0.198018905832712,4.97393900169835e-10,0.0448866866635238,0.946594621826651,0.0333832767083654,3,-0.868394279674339,1.24451304374795,0.370829601800183,0.336085043033102,0.969639015295765,0.275005164697244,2.7554628396716,1000.00003648235,0.693147180559945,1000,0.693147180559945,1000
0.185954321570411,0.215883447073822,5.7114777072869e-10,0.0479455746937613,0.965610690098787,0.0174423909438408,3,0.0989048712341905,1.28232353704847,0.879977910788921,0.277476883785635,0.950894390660104,0.370781103436845,0.0915600986060952,0.344428383805926,0.578434668313543,0.651260411159188,2.90599501150906,1000.00011317623
0.033363377333907,0.165647242410895,0.0662242101834021,0.0757854843338773,0.622194542715122,0.215640230581601,1,-0.24668694026679,0.670208000755387,0.570577845429032,0.183835506374412,0.221268981450531,0.27282884628378,0.146952141348678,0.912997935397285,2.43254970483064,1000.00220691171,0.693147180559945,1000
0.0701763698057919,0.185664506105238,2.53930607976458e-14,0.00031870448332599,0.89875396777097,0.0443877589740316,1,-0.587457413084068,1.05324457773499,0.725304547799943,0.243890186671818,0.855751031596734,0.193394062270243,2.45128031588938,1000.00000805888,0.693147180559945,1000,0.693147180559945,1000
-0.188048608071762,0.231173417995643,0.0426838207343633,0.121204434366287,0.880178050166274,0.0840808455216043,1,-0.430291571670082,1.0027041638144,0.628179541482869,0.250255062017278,0.624234275951852,0.28569864065151,2.05948290339624,1000.00001668834,0.693147180559945,1000,0.693147180559945,1000
-0.051915662152903,0.215091152493807,0.0141985181055215,0.127749238459025,0.924503052463284,0.0416858727243545,1,0.0598615168504139,1.08809859010232,0.620973202571021,0.204797867403947,0.367495852121886,0.398690625010927,-0.461967435794846,0.413596087795161,2.54125445304382,1000.00011536865,0.693147180559945,1000
NA,NA,NA,NA,NA,NA,99,NA,NA,NA,NA,NA,NA,NA,NA,NA,NA,NA,NA
-0.232199301292931,0.377608154079221,0.451532839599486,0.558254740219695,0.430296455950867,1.27238170411991,3,0.0196631252763802,0.950684512088494,0.766795983801941,0.372124796313072,0.246701190045095,0.530676099149097,2.82742055940303,1000.00004917625,0.693147180559945,1000,0.693147180559945,1000
-0.261968028453678,0.239058760820871,0.160841231312151,0.31873751131995,0.871284880877611,0.0961188055195085,1,-0.934475074562869,0.796138422093427,0.840612005294371,0.227154486398026,0.812099474526928,0.274957711757647,0.22578496448557,0.580571733165132,1.94021097244964,1000.00000071092,0.693147180559945,1000
-0.224585825071448,0.170989051825876,0.0584652627835224,0.108663975869182,0.703030651912766,0.161162831781151,1,-1.00002081373659,0.595028345021282,0.644500855590358,0.171159825882213,0.129491587822218,0.362657422770042,1.96783084359906,1000.00305991956,0.693147180559945,1000,0.693147180559945,1000
-0.133513502116233,0.120217726756866,5.72472729733853e-17,1.51323856277369e-05,0.766261338215586,0.133701312815674,1,-0.35052361024392,0.636941809015479,0.397596018481724,0.236935330493128,0.640987525865005,0.297932392628795,1.92902210257162,1000.00000348387,0.693147180559945,1000,0.693147180559945,1000
-0.203462449888135,0.203392338050135,0.224031745561156,0.171382331693303,0.572888621980348,0.44031166091189,1,-1.17109213098336,0.689910395778679,0.728408761939891,0.234126983060382,1.10032541397714,0.320877393521874,2.92162281312863,1000.00003283958,0.693147180559945,1000,0.693147180559945,1000
0.296106432719641,0.181380628903272,0.0454445379042333,0.119068920662257,0.915603848580779,0.0858990995028465,1,0.960168176237732,1.16675209163464,0.758541814295577,0.373115506838179,0.723585466043253,0.22015927755315,0.863205932058302,0.448786616846503,2.68197166975116,1000.0000961882,0.693147180559945,1000
-0.167430358751139,0.391016548977713,0.466092812148089,0.541162209028947,0.938572152672077,0.0605445116014602,1,-0.596866263670825,1.3718896085441,0.89246942168588,0.267895329254682,1.32654050796265,0.305006716791437,4.46864480141974,1000.00081439694,0.693147180559945,1000,0.693147180559945,1000
0.143683676984506,0.200846504792054,0.00889089912769085,0.111188410084298,0.897059702617372,0.0946896787442977,1,1.27939319291247,1.23490302797455,0.48641438627054,0.280081480561178,-0.277989106548618,0.46337987486388,0.85867055298819,0.542749262714953,2.28059267828649,1000.0002927588,0.693147180559945,1000
-0.0577676530586408,0.266310829545037,0.21330647153984,0.232686395134769,0.624254008293885,0.540428314167095,2,0.392918764210376,0.779907388428495,0.610395858278247,0.257139623989182,0.539645191458519,0.614573192163511,0.404796216961728,1.031160540562,2.95929110517292,1000.00005187188,0.693147180559945,1000
0.146230005453456,0.173543412055378,0.0622003626876916,0.0758699611180649,0.726833939669257,0.189058604428417,1,0.937171411791903,0.888563307331834,0.919000141452788,0.242621962860945,0.054316189300507,0.409340479116219,2.35744053679753,1000.00000326505,0.693147180559945,1000,0.693147180559945,1000
-0.174600194598691,0.233510290975597,0.110739317501668,0.104616469829818,0.477866908469966,0.941578705385675,1,-0.429482770993621,1.02888213008373,0.477143066567625,0.251961596707343,0.579870842439032,0.218693710512976,2.22072564809922,1000.00005865711,0.693147180559945,1000,0.693147180559945,1000
0.070640062985411,0.140341572577045,0.0360658711320445,0.065174094465594,0.785552504998079,0.155615894950896,3,-0.335151163135002,0.664850196274689,0.49238496622841,0.219174855344789,0.778101717747429,0.187513010229297,2.7985564322632,1000.00043844028,0.693147180559945,1000,0.693147180559945,1000
-0.0772467578527513,0.170484293579269,0.0918276482372975,0.0990501911940938,0.486342642072007,0.544474011587783,3,-0.251917387540125,0.74010671322407,0.695920913813276,0.252044430338571,0.817490545313745,0.740189081456897,2.62581969197917,1000.00028971466,0.693147180559945,1000,0.693147180559945,1000
0.019222475402245,0.138401614234965,4.24700963059e-10,0.041621637764554,0.921044254563381,0.0413091063336643,3,-0.424958255008215,0.711061552683444,0.389529045730826,0.23815410025804,0.261061452394385,0.302398613859698,0.930317510350457,0.520355117742421,2.89314263654005,1000.00253435986,0.693147180559945,1000
0.129512551318124,0.236033633553565,0.172153234177804,0.131214248962073,0.253979652327687,0.846950266119658,1,-0.385871809906315,0.975262767877158,0.661838743771871,0.230407316419147,0.648574800821647,0.313783926287869,1.2130871894989,0.270227304918192,1.94046028103729,1000.00013528637,0.693147180559945,1000
-0.539666047618818,0.231334891689977,0.181290094081031,0.274634487753021,0.873581471821327,0.124774034524027,1,-3.17520351085627,1.15604229256806,0.680910951678844,0.344567362448317,0.808153774498231,0.188094835867982,0.832173264444357,0.577165709003663,2.43912627795336,1000.0002449416,0.693147180559945,1000
-0.497487893862257,0.414039831991861,0.0137036339515655,0.339759183685836,0.985266216950788,0.0113622750378897,1,-1.81370469333214,2.16344890588244,0.895626637247604,0.484944740367966,1.45702218333371,0.510201538419133,1.24014183254861,0.687071558064927,0.949094297477293,0.190022146993591,2.16754908922017,1000.00000002945
0.120325538483482,0.194136767556827,9.48702453299464e-13,0.00194843607232914,0.833629277603833,0.0802086466126013,1,0.33216397366919,0.919220152547365,0.299245965410959,0.216954573873278,0.647165304000607,0.214644820271272,0.358520104935493,0.459502962140537,1.75724047851542,1000.00000031719,0.693147180559945,1000
0.110686727130568,0.197834759496043,0.0128359338674895,0.10986670239293,0.943529103225033,0.0461887826140229,1,0.254020144590942,1.04563783828433,0.676181274547288,0.442708674153832,0.629402537291657,0.234717107199406,0.9955435048805,0.396379672898329,1.76446914667951,1000.01100308064,0.693147180559945,1000
0.0340482042220144,0.201953139830649,1.03100692123387e-13,0.000642186864743015,0.959971447540976,0.0295848976831973,1,1.69022153751123,1.23805653418478,0.982671569409223,0.343513431427257,0.594661490561202,0.526187332749756,2.80014241573078,1000.00003468891,0.693147180559945,1000,0.693147180559945,1000
0.291517804548591,0.13448442807283,4.25353394296268e-12,0.0041298239046018,0.822536019242403,0.0707186235803836,2,-0.521261575073823,0.592181329377682,0.999966788876301,0.148523009218637,0.397682012939895,0.259500051071563,2.48634932244339,1000.00003287045,0.693147180559945,1000,0.693147180559945,1000
0.118069699991932,0.304426839398758,0.184546422947347,0.421036201732417,0.941450262908023,0.0448750599370128,1,0.522350666104375,1.01659394419463,0.84431811434021,0.227025676458979,1.09138353451196,0.279380393397613,0.868326582610039,0.268400001104863,1.97674607353288,1000.00001210214,0.693147180559945,1000
0.171587768638626,0.302730089303646,0.0502495222067464,0.159628562273541,0.786039680018235,0.38865782360334,3,1.6353939040437,1.46964859578674,0.46001561063175,0.428017079822589,-0.0474415919153277,0.426927351957581,0.281098214424606,1.19210038915122,2.36333232071231,1000.00015025616,0.693147180559945,1000
0.102112276069849,0.1297664676983,0.0688902642250681,0.0653309140918689,0.747929881747846,0.134556988990683,1,0.161144450278043,0.585384243608422,0.594404454775197,0.169572016435982,0.944260718411832,0.418111768415658,0.232635728594561,0.56894300389482,1.99584760966157,1000.00448311458,0.693147180559945,1000
-0.395724082793026,0.245806112582287,0.422370276161668,0.279683543141905,0.480693105148257,1.00462575724493,1,-1.06132677390713,0.818393609695205,0.2785735305599,0.39277379832644,0.712551341770492,0.265540726619808,3.62342407381432,1000.00027914944,0.693147180559945,1000,0.693147180559945,1000
-0.0318825915335005,0.206168038565215,1.88313829536195e-12,0.00274470180316584,0.918807833885015,0.0656819478964291,3,0.438287298314577,1.1489537653475,1.19206542443684,0.377454591748251,2.58589058698578,1000.00004349324,0.693147180559945,1000,0.693147180559945,1000,0.693147180559945,1000
-0.0989412888892375,0.142337968836259,3.21926547542479e-13,0.00113483375896925,0.917413423455937,0.0397153340674504,1,-0.37572790247994,0.849668306524154,0.666900561943209,0.218680793892366,0.614041275102824,0.315742095153815,-0.0263544751037896,0.772967531009606,0.396408918496394,0.135681386896025,1.89233356087448,1000.0000042982
0.26166879325783,0.160278887772032,0.0536563460849909,0.0922324092277191,0.837601657438543,0.111874096756053,1,0.892718250992579,0.754315878495699,0.719921011028935,0.241008352633253,0.737685019494936,0.30346499954679,2.06196405906571,1000.00180676688,0.693147180559945,1000,0.693147180559945,1000
0.161515913613708,0.167338084318745,0.0149329113537089,0.0635032200757558,0.748746409801193,0.182834305331497,1,0.670076391266277,0.775712201862428,0.633921419556075,0.231938320801385,0.310106886166539,0.37706010016951,1.917228200582,1000.00061141579,0.693147180559945,1000,0.693147180559945,1000
-0.0114654581943716,0.251922933209315,0.174615870209589,0.203294639485432,0.894412580098314,0.0684376011306541,1,-0.546153108555704,1.05778839842992,0.929397891515149,0.201812549336982,0.399092684115843,0.510865118393355,0.773648903350965,0.468066668423689,0.49004901408346,0.239377290372702,2.01035169467462,1000.00099007315
-0.286196732877356,0.242530715521975,0.0282818359466127,0.380105057304507,0.948443697015929,0.0343209476374557,1,-2.00289920535055,1.2374270272695,1.07872282402422,0.30629444180127,1.08434207290343,0.452502602496612,0.362483917256625,0.726222924652162,2.74138200469567,1000.00001529145,0.693147180559945,1000
0.0254181426684018,0.192326829477896,4.4195511405848e-15,0.000132959490233382,0.860638564085815,0.0818389211877787,1,-0.992873436679706,0.875603519982434,0.62034430298264,0.254180868774271,1.07179840586685,0.283741775209848,0.376661272606494,0.276578524345054,1.77007340221456,1000.00000067109,0.693147180559945,1000
0.340404136863533,0.204423318565102,0.138864915489614,0.117166644553549,0.493718996194632,1.17018041026774,1,1.60173643688285,0.894085437592457,0.683190454647224,0.217692397538012,0.564474121685044,0.508075935056724,1.26237609780734,0.319735756100425,2.1857535271831,1000.0006654664,0.693147180559945,1000
-0.0994226520618935,0.232449321262795,0.0343738652177487,0.154691279802259,0.911475149132295,0.0666424344942813,1,-0.69472589193594,1.115296769237,1.08730853199891,0.225863826837351,0.711121606367136,0.453149884447988,-0.12147896170076,0.642778528891025,1.99665306519819,1000.00006580486,0.693147180559945,1000
0.336139817889606,0.155354514046467,0.0594125724468604,0.0645217286556135,0.44232487249665,0.347146389503454,3,0.745516417777357,0.563962482353263,0.552157257623128,0.204356538805246,0.803289375837793,0.48669700554394,-0.0490960446908167,0.200386970002345,2.37116924589084,1000.00001614133,0.693147180559945,1000
0.0184595346962708,0.271767081228168,0.398265716539528,0.583386488975622,0.854628504603268,0.148732121734489,1,-0.238905724859524,0.945667345654077,1.04852296963554,0.407586587491322,0.338508551990733,0.44770925948407,1.3342467757143,0.320725641964807,2.21018538787034,1000.00001883386,0.693147180559945,1000
0.285344516620305,0.15085280909535,6.91786176478386e-14,0.00052603686555577,0.838636593057798,0.0812994338779113,1,0.541999510690289,0.739131055888977,0.585215377128319,0.242591818851697,2.69002874396159,1000.00030896515,0.693147180559945,1000,0.693147180559945,1000,0.693147180559945,1000
-0.185802329998843,0.150510585798039,2.35771254942491e-11,0.00971273972158358,0.947750502795952,0.0254503083037955,1,-2.27779226938234,1.15598386961857,1.09901828180647,0.162953810545137,1.21240429662574,0.398021741146907,2.54533662240124,1000.00172745311,0.693147180559945,1000,0.693147180559945,1000
0.315319078294591,0.160031908490044,2.36268144370025e-13,0.000972152254698512,0.904038069623578,0.0371346240865115,2,0.891732950809478,0.734197964175461,0.692604191753796,0.264000946754667,1.01224662013026,0.232372346164463,2.39171237654012,1000.0041462594,0.693147180559945,1000,0.693147180559945,1000
-0.47730458386202,0.294939623294714,7.20694602466737e-12,0.00536960079399127,0.958944489808793,0.0412506604333658,1,-1.92869537616093,1.55213818004001,0.450332197164677,0.346100224485493,0.789995079811381,0.410525274056713,-0.155415042715494,0.715854773965699,1.22400930440237,0.363867240798626,2.08926085001362,1000.00011844217
-0.0818002121269065,0.261156702836297,0.225849775031795,0.135516745486189,0.686162446302322,0.522207009639523,3,-0.775085797450959,1.224821023718,0.942452331336092,0.224013682078176,0.747843624065883,0.393594695087898,0.171881469696305,0.664154475225754,2.51413870961159,1000.00425010148,0.693147180559945,1000
-0.128640207693783,0.197027894969149,0.00941951951072148,0.104352961069512,0.850867859555473,0.118100986613047,1,-1.450385553314,1.03985174784439,0.793681868508599,0.251042212130966,0.631015066936592,0.404511016115193,0.447556088299552,0.348397395490167,1.75836469347738,1000.00000049137,0.693147180559945,1000
0.460196017624074,0.186831785662548,0.111683044643207,0.12656035857729,0.839493076146583,0.172161577497234,1,1.14981512551457,0.858695657804411,0.458198439166584,0.263761685039381,0.674320382037341,0.35555417740379,0.791044259142363,0.511883540567955,0.593837247796566,0.286782735269972,2.62127305283753,1000.00133417331
-0.13361069288304,0.221362332219214,0.147288949940026,0.184226396207665,0.890162366711033,0.147048490039021,1,-2.02883388805575,1.06545846659445,0.491338712315256,0.172417492160591,0.909647135420719,0.3755295237955,0.639245830416989,0.440740896593127,0.681221998693584,0.28941715844855,1.94108781257767,1000.00020147755
0.0547323881309645,0.398468161041818,0.123491851051633,0.329431660263129,0.931889495161698,0.0984662583145923,1,0.85185316822907,2.24990794053913,0.982717939469009,0.376182403234143,0.609405625042147,0.34577693860267,4.42451694681007,1000.00007383269,0.693147180559945,1000,0.693147180559945,1000
-0.0944271568775401,0.134220038328827,1.86376447145132e-11,0.00863730624529368,0.846036214316736,0.0706766573758388,3,-0.530051839031375,0.722560585271279,0.735918397920795,0.195181624887722,0.743048629619109,0.454309819394158,2.08144555542453,1000.00044877755,0.693147180559945,1000,0.693147180559945,1000
-0.282667988741865,0.266458013073071,8.69796280338615e-14,0.00058984635340445,0.945985700424517,0.0564335417558156,1,-0.0882511386962741,1.40611615056804,1.09700002019926,0.441943989789293,0.312311246766821,0.300455046902586,2.12670807218819,1000.00000035211,0.693147180559945,1000,0.693147180559945,1000
-0.0797439689326059,0.154995851430551,0.0242819255504493,0.0362551220086784,0.484219241856102,0.396359497422708,3,-0.0970089988130953,0.743266750452652,0.423622930867017,0.260656936660368,2.12783230779289,1000.00073075356,0.693147180559945,1000,0.693147180559945,1000,0.693147180559945,1000
-0.19509754440815,0.115557638743532,0.0237122479656886,0.0517486127449613,0.759888739192988,0.133806401824101,1,-1.4282924428311,0.610463954411405,0.565185789313897,0.203242291939018,0.649402868078815,0.229070330056495,2.21958404114822,1000.00012321821,0.693147180559945,1000,0.693147180559945,1000
-0.0695975596735317,0.180114710060819,4.24846976619397e-12,0.00412246475991984,0.930747119143863,0.0564233231292647,1,-0.125124820811921,1.0649154979016,0.674241690873738,0.339884399702408,1.07735918493523,0.135138270042862,-0.366720446033537,1.23120183130101,-21.3170385471714,1000.00000000004,8.41644986056532,1000
-0.167999877059138,0.236255614894175,0.0962811494918926,0.162401643754981,0.854516927109986,0.0930884244607864,1,-0.395890467509463,0.89479418696244,0.766909605961738,0.187093433787851,0.52563308493075,0.557477819109522,2.16618001151418,1000.00050845176,0.693147180559945,1000,0.693147180559945,1000
-0.144746117355897,0.152997972303667,1.86029481640045e-11,0.00864125713057725,0.801289487651677,0.0992378259162048,3,-0.990052042186346,0.794431958880267,0.558032993222046,0.270471569863179,0.2371158568297,0.350013293236182,2.47540457305532,1000.00019455157,0.693147180559945,1000,0.693147180559945,1000
-0.832790275692886,0.42999670963445,0.732767839313578,0.873458180812384,0.712141133311161,0.279717927407309,1,-1.49559721606001,0.906592694435155,0.913773789501017,0.363408442237889,1.1189534440812,0.279267931984634,2.41633854465775,1000.00150822005,0.693147180559945,1000,0.693147180559945,1000
-0.00929996023592652,0.155756436952394,2.99213519954531e-12,0.00346117817049788,0.881897696159766,0.0729975384219472,1,0.622161182649541,0.841018050913265,0.291317848002966,0.256208806179825,0.566361667198758,0.23593107814362,1.91423833259601,1000.00039445202,0.693147180559945,1000,0.693147180559945,1000
-0.133674186510238,0.127994924335565,2.69617297538006e-10,0.0357727306150095,0.633582062267434,0.196483071324303,3,-1.05334622403911,0.583814654864348,0.549732450213976,0.186718962347363,0.658360722117519,0.36046135853285,2.28980872204263,1000.00008763688,0.693147180559945,1000,0.693147180559945,1000
-0.13735435882604,0.0932440953501161,1.15678432399825e-11,0.00684453752416268,0.748743130534973,0.0972216162317832,1,-0.109006011006086,0.494589385377571,0.594868350549558,0.196618685377565,-0.458926143256635,0.546257973779466,1.92459980079137,1000.00047153048,0.693147180559945,1000,0.693147180559945,1000
0.173552097831086,0.328911701480847,0.779894562022149,0.844784473499996,0.809480322088052,0.204270738128619,1,0.985157504276562,1.30708858892187,1.50776251494275,0.436419336447076,0.236649260369245,0.994423311782469,1.53489362310633,0.633654181368252,4.45762808433267,1000,0.693147180559945,1000
-0.0300480645854687,0.298410088639644,3.7982868785212e-13,0.00123260712362148,0.977400726802042,0.0234521971084125,1,1.10171986748544,1.76379999794004,1.08612027995133,0.421709315772641,0.842305642610849,0.526029385873533,1.13769299814883,0.360381166476546,2.20617600777564,1000.000000007,0.693147180559945,1000
-0.0331214609449281,0.278421175706732,0.31873854064211,0.391967725663496,0.861563108317215,0.150432385789704,1,-0.225441807850953,0.948499113407367,1.02383275710368,0.194558212817196,0.484146645232339,0.327314215255032,1.18718478405665,0.107828650300924,2.19593366645533,1000.00032935694,0.693147180559945,1000
0.239039777730782,0.197228960426825,0.188225319486953,0.130022322117222,-0.143371578958339,0.40682688903674,1,0.729648988658848,0.589541792209458,0.927464913509713,0.238811887930177,0.892058824835685,0.240898205449802,2.13933221448365,1000.00043553324,0.693147180559945,1000,0.693147180559945,1000
0.0808372810150793,0.235800118339466,3.44611226825028e-15,0.00011740720053438,0.890453671484621,0.0419558442905331,1,-0.114247139286714,0.90282952859345,0.598315562550783,0.197809503089189,0.730310381490425,0.228760244563534,-0.0885446268877025,0.584746655386333,2.05728214402603,1000.00021399193,0.693147180559945,1000
-0.0774122295106789,0.215358317816909,0.232208978419835,0.171691343865059,0.457594593887468,0.71321965813999,3,-0.977818265543989,0.709469906454034,0.572859478277827,0.167414327721689,0.808794424297366,0.229689286314245,0.122087003079676,1.03389074249897,2.79865278311877,1000.00008891236,0.693147180559945,1000
0.306767468536904,0.193022250942267,2.82122908815483e-14,0.000335930603768927,0.944833388284462,0.0292756820326198,1,1.0246933085386,1.12054757692532,0.859866059074129,0.229420227334273,0.740091749654689,0.348125902989826,0.91452722426148,0.36611287927509,1.8543954878285,1000.0001169966,0.693147180559945,1000
0.102248975818406,0.138374060446201,1.61834010972156e-11,0.00807200444521529,0.892186366995856,0.0478403327169134,3,-0.236734439409066,0.704363704008673,0.0912217916029757,0.268736894591013,0.419488471075022,0.264499822619775,0.233186310616109,0.333574674374715,2.57252754817418,1000.00002879304,0.693147180559945,1000
0.0391495727781167,0.354568244628233,0.09287126359134,0.290231327216631,0.956087168739035,0.0367630917666332,1,0.898962544901879,1.64032982181505,0.929498531087554,0.350480886195358,1.0706330549954,0.402034739572458,0.897596330002435,0.0766702553771419,1.94843925294215,1000.00000169877,0.693147180559945,1000
0.0326401146105553,0.329496872547502,0.121528693713702,0.319052393218139,0.932266168018327,0.0854124865046942,1,-0.878405353356623,1.72594829061974,1.13247759266815,0.411450764094338,1.4148079061935,0.188479575870858,1.92486087859871,1000.00001899431,0.693147180559945,1000,0.693147180559945,1000
-0.113454730880917,0.151465221469593,4.23495860168896e-14,0.000411581472316331,0.813535672574236,0.0876439830574301,1,0.0227364020516777,0.704669518836418,0.325291043423854,0.191125233120252,2.51856945916677,1000.00003802546,0.693147180559945,1000,0.693147180559945,1000,0.693147180559945,1000
0.0368523232976492,0.163777737847941,0.0917310213863766,0.100590184888229,0.642391512668263,0.361598894164717,1,-0.122832933057855,0.662454925049752,0.434976662714973,0.217494370778471,0.604201269130921,0.253914459967642,0.155099514278446,0.58492793638837,1.7643649823111,1000.24006722074,0.693147180559945,1000
-0.18502022352183,0.189719662100166,0.0956238756796003,0.131021887792006,0.740532539529626,0.238374486162008,1,-0.575830055125859,0.806929784109295,0.787568678596469,0.201636638337814,0.844758720259526,0.347920289738692,1.86352739170493,1000.00000120413,0.693147180559945,1000,0.693147180559945,1000
0.0360021463731035,0.206009748140228,0.124487936960214,0.104290788219963,0.87065356886999,0.127129998214587,3,-1.24313273872417,1.09075705043214,1.10836355042083,0.252342199434349,0.995637104280764,0.257660278321386,2.63739560987039,1000.00015892513,0.693147180559945,1000,0.693147180559945,1000
0.15978646423263,0.218063873792443,0.0710658935163442,0.138439082452697,0.869190445595649,0.101954717759821,1,0.247759136532241,0.915228087943448,0.387434689249426,0.341537307231447,0.299549364701743,0.240417749878341,2.71197728601207,1000.00008333915,0.693147180559945,1000,0.693147180559945,1000
0.283428362033009,0.23124060752525,0.143356055273949,0.18431817774877,0.819853005078507,0.211416322106361,1,1.2840480689579,1.04760075606554,0.576849636910897,0.265141524161937,0.9945222058919,0.249496160331494,1.16365459024539,0.549928483278267,2.37776370735821,1000.00015208042,0.693147180559945,1000
-0.0925882758188757,0.186516005767272,0.0858148414007785,0.139867769196532,0.676119693716163,0.35929536561903,1,-0.427879225552348,0.673623453651085,0.775792182777586,0.229520090173456,0.543953236480508,0.524007391293339,0.611185012403686,0.150136097690729,1.94061839600457,1000.00001176474,0.693147180559945,1000
0.0339430960384414,0.333945866023611,0.0325060516699664,0.210344337395865,0.928877149386713,0.0627791709235801,1,0.797453465215133,1.35942242671431,0.714452956455705,0.298458596670183,-0.649937363170539,0.573834599591522,1.32270479645336,0.244361236354523,-18.7592928730274,1000.00000000242,5.00340628037569,1000
0.181472149895386,0.226286248867826,3.9007702990699e-12,0.00395080752811641,0.910532806301525,0.0488259618989885,1,0.354122603703309,1.09863427549106,0.95287026101649,0.271972017345721,0.418482825011928,0.431521294725596,2.51353193338745,1000.00045014111,0.693147180559945,1000,0.693147180559945,1000
0.127339722671338,0.160754801351751,1.13893966511914e-12,0.00213444771063078,0.934799571313013,0.0495823255748654,3,0.800495487553824,0.868516967563227,0.722999351858842,0.265844226481562,0.633241949520223,0.244007666595143,2.7220267916647,1000.00000239327,0.693147180559945,1000,0.693147180559945,1000
0.238255126374899,0.305935726390417,1.59099276274234e-13,0.000797746154162611,0.940541025815718,0.0530819102620762,1,0.294280761081024,1.20942583377998,0.692403948037061,0.381342095380736,0.961617076696069,0.309767963535324,0.579018698584444,0.443440024193664,2.16421232696478,1000.00000957643,0.693147180559945,1000
0.0737962328443875,0.214536943490184,3.13567999457922e-11,0.0112027480900409,0.930068485931897,0.0441779330561143,1,0.57002876016266,1.24994858931494,0.383843672656375,0.294169623744979,0.640905565560548,0.282584290256291,0.651467863278855,0.387361147070702,-0.120120969726727,0.216353901932289,1.9385556287761,1000.00002267899
-0.37471336130892,0.381076196460042,0.386791210942675,0.396724695357208,0.725155796504218,0.611540842124667,1,-0.673712731076185,1.16275376593642,0.70880911858308,0.24634828889253,1.03025225718503,0.389234658278926,0.853921456076774,0.189024495970386,1.8812402412625,1000.00000918624,0.693147180559945,1000
-0.165713381086539,0.18805445187589,0.0524026921427937,0.157208020995749,0.871094271175924,0.0614746419945028,1,-0.845187099196839,0.830596304260318,0.91185800881415,0.195024154371096,0.539115263834575,0.376464038506999,0.0518741166534383,0.404274399085503,1.93027221387586,1000.00027559437,0.693147180559945,1000
-0.141124558747212,0.252443257215329,0.241872753101904,0.283613956935482,0.84543586920914,0.135558147294359,1,-0.816849632229487,0.820164612692782,0.732226211457822,0.25661550646695,0.774734868172825,0.402433634814283,1.18496380484514,0.21969109558935,1.69564445411079,1000.00009428479,0.693147180559945,1000
0.107713761305009,0.194867956244704,1.21227451326935e-12,0.00220227899530043,0.897815674981981,0.0601379466939987,1,0.00653640027698211,0.858333342861129,0.658738701281557,0.220799845311142,0.502130692533004,0.257244712871413,0.77947590050253,0.322688516242757,1.87520729137164,1000.00009125771,0.693147180559945,1000
0.284456987003785,0.177485308363906,0.0661114766168395,0.127501658992168,0.874393749585959,0.0832983946066244,1,-0.0470179767056363,0.827200712228253,0.7504574376953,0.210356222670094,1.11405141695102,0.293879280991579,0.808199895444696,0.180023620630433,2.48482310205638,1000,0.693147180559945,1000
0.253215009361257,0.200094150969326,0.12438327824478,0.112915861855563,0.173940678445418,1.16126335697383,1,-0.38236591250289,0.828678734902811,1.03383508755493,0.264121348318559,0.954320985459663,0.441329849689902,0.654802434719562,0.358439768443633,2.19064893481288,1000.00011273372,0.693147180559945,1000
0.0823108147631689,0.152416308666903,0.0227665632665426,0.0703663841684562,0.805932915033653,0.149891275303995,1,0.00596070048985321,0.745775869589285,0.239470251277614,0.240206866325672,0.622820199597763,0.212813944714061,0.549939748608623,0.369546596490992,1.79318127523038,1000.00001098777,0.693147180559945,1000
-0.364020957455308,0.270079216676808,0.176649884389608,0.257176241436614,0.790130535266116,0.24259680238918,1,-1.20874102175099,0.94485715006674,0.913455933987871,0.215432011452799,0.661837268791292,0.373446518157108,2.03895059772161,1000.00000233026,0.693147180559945,1000,0.693147180559945,1000
-0.108621297183235,0.206217344810059,7.41392211972609e-14,0.00054457286916913,0.87450871165956,0.0844797598551348,1,-0.164426137162997,0.953193173483053,0.559548492714475,0.228698024786395,0.733429755918087,0.203397138141047,1.92147218301962,1000.0000007439,0.693147180559945,1000,0.693147180559945,1000
0.0305783687122618,0.166802366917966,0.0382219968694008,0.1023576353061,0.910424973442747,0.0655187392504624,2,-1.15493650388897,0.974740588481607,0.91072130875205,0.299711764249284,0.946426406465426,0.231835268577473,2.62602541649833,1000.00006884229,0.693147180559945,1000,0.693147180559945,1000
-0.0950738071223539,0.227290212048845,0.122346148027562,0.107433958991226,0.49819527463651,0.337609142041396,3,0.411756902454722,0.737759378710447,0.849682217571673,0.242665815837571,-0.0879912733413862,0.86178502499815,3.00837451433659,1000.00034858426,0.693147180559945,1000,0.693147180559945,1000
-0.122088897524214,0.228137662140922,0.110469540383057,0.135029910584226,0.785006601389632,0.212953416776149,3,-0.974646975861266,0.949149995836435,0.476378518120214,0.183642118210407,0.739076034306032,0.290544919177175,2.50719292133503,1000.00002723249,0.693147180559945,1000,0.693147180559945,1000
0.0107659222772417,0.102500249410631,0.00193759006743784,0.0384463081647101,0.719331998136747,0.158440465706219,1,0.156665431056859,0.631238191670031,0.242937496957043,0.226325003578939,0.0976765544606558,0.245337973630678,1.98192674882994,1000.00000025027,0.693147180559945,1000,0.693147180559945,1000
-0.130918942121879,0.246633935646664,0.119949239663123,0.143228303687072,0.810839890269297,0.172632674058758,1,-0.280050873716221,0.985035626996249,0.408785283261774,0.229440111683174,0.698667512620853,0.269938579214277,0.492932930272427,0.314733354828684,2.1836411559749,1000.00000047593,0.693147180559945,1000
-0.0601710510870505,0.223539529469928,0.308911532607502,0.245888238070647,0.377064733928626,0.671368452124874,1,-1.15340725342263,0.710615528406666,0.907523010464801,0.232752275938053,0.870658961621969,0.621133500610082,0.862068134188061,0.469745051147582,0.633577393001119,0.864773181262547,2.2329238176315,1000.00000095681
0.116460557224374,0.253719588348322,0.101424777704016,0.2344093714866,0.907765595534326,0.103642475894818,1,0.39957145248931,1.06807337018156,0.452192381239068,0.294582363915283,1.32400659221449,0.463796069576438,2.7974084273968,1000.00000944356,0.693147180559945,1000,0.693147180559945,1000
0.140844816669478,0.354306106575452,0.106999921323132,0.207708111544638,0.696179636479293,0.514307607524604,1,2.05020124530189,1.32761942233168,0.637949567047369,0.469623223415322,0.505333419676011,0.61116423118328,-0.379599542289083,0.735090139675621,2.31928199876519,1000.00016238508,0.693147180559945,1000
0.0981024758126229,0.150957301222066,0.00616397670463354,0.0483869331224767,0.807958941277022,0.12700789683451,1,1.09559759644473,0.777192136025227,0.531292016774387,0.230981706859242,2.21871907465865,1000.00207500093,0.693147180559945,1000,0.693147180559945,1000,0.693147180559945,1000
0.155868416965454,0.26943569580439,2.35684688703773e-12,0.00307071327030026,0.919394194889425,0.0372138270001368,1,0.418165392566712,1.29634040207685,0.882488891455937,0.189671979823508,0.239925046755664,0.390212033502944,0.370266296491763,0.702543202964048,2.35506515822246,1000.00102850383,0.693147180559945,1000
0.3311840052114,0.177389947675525,4.09739919906021e-13,0.00128027366767578,0.900122728909773,0.0649865213041512,1,2.56904535496299,1.04877357983336,0.792341454344893,0.296466760612858,1.1778777355919,0.289494622046836,1.89726462603124,1000.00000130271,0.693147180559945,1000,0.693147180559945,1000
0.408786045123409,0.157560345770424,3.12582566155399e-12,0.00353631672912299,0.880532759976442,0.0560812279956606,3,1.7499616445615,0.829742979463948,0.510335907422864,0.26028143390769,0.613311755937919,0.209319335250394,2.41066793772605,1000.00013703083,0.693147180559945,1000,0.693147180559945,1000
0.0291254345920175,0.135641141486084,1.81299275336631e-16,2.6929484171202e-05,0.857446988791805,0.0701852320175653,1,-0.775050229967649,0.657983260914625,0.837544102451181,0.188181750245226,1.12673008453799,0.34804120440651,1.9317026516138,1000.00000055415,0.693147180559945,1000,0.693147180559945,1000
-0.534594594081979,0.333605792641328,4.28220364023325e-13,0.0013087840476749,0.918801255150122,0.0461802008699612,1,-1.45445474149233,1.4768386366005,0.797124566267063,0.250308124132687,0.188386321953624,0.323041848597364,0.756148988188329,0.219734373495932,1.93821499663218,1000.00000028744,0.693147180559945,1000
-0.259126794702027,0.264627101419195,1.77272876034736e-11,0.00842199421256191,0.951872491116303,0.0344171372307539,1,-0.0175593664796641,1.19127301081967,0.424962678652795,0.34154015365951,1.08858947607039,0.35496057713361,0.161395157455395,0.628550306393482,2.12121548820727,1000.00000002624,0.693147180559945,1000
0.304647097317998,0.311615516047906,0.261052744199188,0.192139225967023,0.236612917618922,1.33656660706742,3,2.78831185912715,1.46927952937299,1.24807357705725,0.309626858305555,0.67255114243051,0.679959454822407,3.40251969339723,1000.00134557994,0.693147180559945,1000,0.693147180559945,1000
-0.3435457332343,0.230079947024971,4.99489561774625e-11,0.0141495602052315,0.932497691508837,0.0417534792506718,1,-2.64934526369526,1.12505124794316,0.879003138504961,0.281949527459811,0.378854671653273,0.303098727514727,0.883296049660593,0.423465626521249,2.59009788333284,1000.00027675642,0.693147180559945,1000
-0.274184396358871,0.123590843029163,5.15715722617002e-14,0.000454202285726021,0.792700362637258,0.0882156715958828,1,-1.51986215458522,0.741361584308354,0.33475227672349,0.197077313351207,0.76669709892219,0.232002670122401,1.87957681470261,1000.00000054723,0.693147180559945,1000,0.693147180559945,1000
0.0724751253316856,0.122895959566816,1.25093155537855e-16,2.23690116062164e-05,0.806616354699646,0.075532964721299,1,-0.384658242890545,0.603871084123961,0.520355966334472,0.186415660393821,0.731584142436481,0.205346594481796,-0.0140902557670913,0.763662654232615,1.869359002766,1000.00000104482,0.693147180559945,1000
-0.150825946439572,0.183282394435484,0.0594055109237882,0.136856388505355,0.815021549641275,0.140038064909591,3,-0.525048037218514,0.808448983756209,0.668396516873436,0.198973308487635,0.52386952730235,0.355799316320652,2.22742638728589,1000.00023122492,0.693147180559945,1000,0.693147180559945,1000
0.0961332599789311,0.353114748998762,0.424682515863253,0.791844788029457,0.939169744050286,0.103202863463119,1,0.400767285996793,1.5598757810262,1.07906584750116,0.456129305639068,1.16431291691749,0.461183759793978,0.812058300281572,0.293401539532792,0.476396192437878,0.588021871462998,1.83313069813854,1000.00002292599
0.0680357484399071,0.323246592200958,0.275258114819966,0.382865878908357,0.541185057805702,1.37701306064937,1,0.929572087335237,1.04998750226972,0.773367264114737,0.281824507293836,0.867573849295321,0.620029841626275,0.309310412312594,1.72599219469041,0.433722042859783,2.46527022727492,2.35015275748838,1000.00880550046
0.00361142932663367,0.188169923914277,0.0385789538287103,0.0789172298873202,0.766935068516376,0.233272176792647,1,-0.266552380890662,0.842452715467898,0.663129954775376,0.309699405586407,0.519198499368426,0.321199560925468,2.44274833208736,1000.00013283337,0.693147180559945,1000,0.693147180559945,1000
0.191634828342142,0.142330943340828,0.0450685438572448,0.0784676652390417,0.790702024956466,0.172809432373163,1,0.66128160046615,0.681153344392437,0.802256573551393,0.189093277180874,0.94636043976861,0.704990171787963,-0.174131554928205,0.347559346051904,1.80806360486323,1000.01677031796,0.693147180559945,1000
-0.421978319565454,0.203221062003472,0.0931152310701167,0.255250939033005,0.970122790520233,0.0217793482620607,1,-2.47699088108147,1.39315596811406,1.14410063087128,0.416584363455449,1.377583828004,0.42681765397136,0.639433810442961,0.362651845128221,2.07166222209063,1000.00000013744,0.693147180559945,1000
0.077233289913372,0.181277820329919,1.21095285559477e-18,2.20086606228028e-06,0.786357932357982,0.128943101643166,1,0.484704130757165,0.876070767991001,0.639607215445199,0.302272801371636,0.908716754011467,0.320203654001855,1.89686889277292,1000.00000072401,0.693147180559945,1000,0.693147180559945,1000
0.0248296535922472,0.149917652369021,0.0482266809180121,0.0558645071582573,0.670272050358771,0.191980604996877,1,-0.195566475778569,0.684662143805717,0.595403010516356,0.188401286843111,0.511867349833407,0.266012187018783,1.87988950893738,1000.00002585074,0.693147180559945,1000,0.693147180559945,1000
0.0346562754795448,0.147588448269204,2.62484537896073e-13,0.0010246700830604,0.92631009433063,0.0360292258104345,1,-0.0952408423668835,0.927301984829073,0.392034017877093,0.21683329044427,0.542771456258514,0.226000721394295,2.92437850790711,1000.00009380702,0.693147180559945,1000,0.693147180559945,1000
0.0229859300002073,0.224780711866221,0.129833894797147,0.245651163325756,0.875521344918931,0.092771791139681,1,-0.323658659524669,1.00238705715121,0.891121577680463,0.305389267076301,0.735012822555856,0.312997343326737,-0.392702044645376,1.06819795893167,0.584970075916718,0.963149272560292,2.8719645966188,1000.00001011569
0.116199356293985,0.216344048127832,0.257025572290994,0.253582151446684,0.6801190399665,0.234229995425719,1,-0.618397868181359,0.622124731482116,0.791362697554425,0.211986767270893,1.20632737524233,0.185356833547925,1.69699190929645,1000.00014418999,0.693147180559945,1000,0.693147180559945,1000
0.11291057109758,0.136547745359091,8.09566658836801e-13,0.00179968034118163,0.898631709250868,0.0599054201449646,1,0.166083631786349,0.831663783513544,0.150446011896775,0.264744506239965,1.10148779661392,0.259708445761399,1.96587507382947,1000.00000191084,0.693147180559945,1000,0.693147180559945,1000
-0.403196053397147,0.447864929366952,0.461005244193062,0.642463574502942,0.446901069308197,1.25986831038751,3,0.0209193629323971,1.11034219227675,0.905323870060769,0.293934045511481,3.36894684677498,1000.00002831332,0.693147180559945,1000,0.693147180559945,1000,0.693147180559945,1000
0.122449019601106,0.231042920668754,8.05491113576952e-13,0.0017950196541336,0.962659111200866,0.037454351448866,1,1.59278495009287,1.44135543198348,0.689466338969178,0.41252750861901,0.824684741464697,0.232630128304512,0.0626906446701698,0.371767711156443,2.13490696210001,1000.00005764617,0.693147180559945,1000
-0.375977838075762,0.219384966790566,0.233921021454628,0.271494248216416,0.828157781231631,0.0745041745203596,3,-1.01594239206688,0.732104652520847,0.827087955281152,0.235843723099294,0.884609066187078,0.384174524551295,2.51954341665563,1000.00065955023,0.693147180559945,1000,0.693147180559945,1000
-0.00409026692236409,0.249706546772703,0.0675424010923727,0.135799941068345,0.850339889077229,0.131519263031587,1,0.0257082145006849,1.00906015298862,0.423681482688809,0.290161944770745,0.472116207437188,0.379646665871434,2.86355367658302,1000.00005385332,0.693147180559945,1000,0.693147180559945,1000
-0.0630107452675865,0.287275022867705,0.0147620203130948,0.271091134355091,0.943597266427538,0.0370274185450624,1,0.888827192714986,1.34099130542287,0.605364474762514,0.254249725179056,-0.0915657749722098,0.616720558879602,1.21125944488738,0.408280507302968,1.99794204794626,1000.00000121205,0.693147180559945,1000
0.000724739970409444,0.18656155845397,0.0303541287004567,0.113856381323292,0.903686637631913,0.0814459778440932,1,0.327012081283514,0.94641973501916,0.828763045399316,0.297727209241301,0.780112103486923,0.377477284246029,-0.362928196190141,0.615316644406404,2.15501656127584,1000.00000286957,0.693147180559945,1000
0.196283206662016,0.207543975983457,2.95694910322134e-13,0.00108756429114796,0.870366875449179,0.0662893732932899,1,1.05981060609221,0.915513547760037,0.794265430129859,0.198781039956774,2.29346135227005,1000.00008021855,0.693147180559945,1000,0.693147180559945,1000,0.693147180559945,1000
0.0470623166430986,0.216917793400041,2.04556283655461e-11,0.00905196829171458,0.831759399078612,0.080560491263281,3,0.773456099769534,1.00751293410537,0.356593063373482,0.247573368662616,0.506960826177855,0.441921441914251,1.99627569527166,1000.00046284313,0.693147180559945,1000,0.693147180559945,1000
0.334675326213806,0.227681784638425,3.11258880031521e-14,0.000352850836264729,0.912111957574635,0.045211120154427,1,0.45613933910201,0.970394135009079,1.02565548480927,0.15383321457649,0.813824534484107,0.242953973511695,2.1112945543114,1000.00000004897,0.693147180559945,1000,0.693147180559945,1000
-0.289542056583661,0.191651449830201,0.185572439399982,0.173264087223522,0.0296338568860913,0.866880016750101,1,-0.462440781844987,0.59957195707509,0.691170854259913,0.236945501563729,0.984506850877827,0.411912344852363,2.07859242255977,1000.00000786412,0.693147180559945,1000,0.693147180559945,1000
-0.426290896646509,0.237049166818345,0.155108641347718,0.216629730861174,0.717084792548549,0.31554813353417,1,-1.53108357224917,0.87663011944665,0.637367290262863,0.199994234953418,0.718285912022628,0.2161964783945,1.53947416517527,1000.02956754334,0.693147180559945,1000,0.693147180559945,1000
-0.312486871353399,0.235977972303618,7.4228849180081e-14,0.000544899527241626,0.881703832079164,0.0797008087451497,1,-0.970225340808842,1.03512242946724,0.621490396557193,0.230625568077884,0.69251492157938,0.273167113301439,2.11637974425744,1000.00000013663,0.693147180559945,1000,0.693147180559945,1000
-0.0777672889675451,0.211372880171199,0.0181271950832203,0.0919079248807557,0.778392258019567,0.19199224474928,1,-0.512802302784193,0.871925111558607,0.277515637854214,0.293655291016205,0.642746925263875,0.265881120518535,2.16772878612537,1000.00005545884,0.693147180559945,1000,0.693147180559945,1000
0.184910119525124,0.209606828824972,0.0280961656470911,0.0871203337256859,0.881589117253603,0.0786168117507174,1,-0.566875046659579,1.04122072363245,0.952939071041473,0.184592003311449,0.365094858895284,0.322525946200459,0.918847140858788,0.275535236801154,1.62908128418469,1000.00001770895,0.693147180559945,1000
0.00978043263631441,0.247225934158807,0.10901776375197,0.221062549464744,0.916007607774136,0.0725914511530894,3,-0.252809214191552,1.00905088742479,0.826372568954098,0.254146766793851,0.829616341524298,0.247085639898966,0.369697928442539,0.784856869778015,2.79515807306838,1000.00000546195,0.693147180559945,1000
0.0973768189945643,0.162414038770799,0.043789544414833,0.0821053740705193,0.802121869813814,0.218884019691487,3,0.484731264926487,0.882262632043935,0.487731459044766,0.251006716816705,1.14537675513455,0.419534906282879,2.50248644098792,1000.00002761795,0.693147180559945,1000,0.693147180559945,1000
-0.283140813964199,0.255623972837875,0.27990360603064,0.311332657909613,0.789119113674654,0.203420663450028,1,-1.30928795779471,0.791679260814189,0.629818583326737,0.222310090978052,1.05833298305287,0.358948051001054,0.704620500470992,0.354460166672199,1.66447091292109,1000.00005008883,0.693147180559945,1000
0.0180576703586853,0.178912359664538,0.0399151586367083,0.0939386515938071,0.847635255072001,0.120117581803256,2,0.382490121834554,1.00410216205972,0.620248275270883,0.210956946528131,0.856556782112591,0.319714426747131,2.36629418661553,1000.00059459404,0.693147180559945,1000,0.693147180559945,1000
-0.0408632349462325,0.298060871104253,0.139067536583241,0.204121274143558,0.884569777734789,0.108802559990797,1,0.508592016802354,1.1782623891428,0.607650569808537,0.2935239242509,0.533625071398626,0.332647608053195,0.809121172235956,0.152965789250128,2.03365461770613,1000.00029114053,0.693147180559945,1000
-0.136766672430828,0.198577655616456,1.88102689367508e-12,0.00274304437170507,0.923922643428076,0.0367054107613185,1,-0.929353412515001,1.02722718118005,0.782165922840455,0.218238693386701,0.817073621885597,0.323412261696103,0.910835667932179,0.426797353477208,2.09341477324107,1000.00000006644,0.693147180559945,1000
-0.231663470591194,0.211468773503858,0.10016376502472,0.129682346496239,0.668345611552625,0.29049285803273,1,-0.458021427891993,0.92907679794855,0.488339945443315,0.27231288094788,0.553860604565354,0.261706758436801,2.12311666104356,1000.00000767813,0.693147180559945,1000,0.693147180559945,1000
-0.293100490607194,0.172313753737714,0.0420397720675322,0.108701906914895,0.815544623086329,0.13302516481869,1,-0.945055478863064,0.76736591095365,0.615009454472569,0.208909609937819,1.003060026686,0.241660798563278,1.85293504461815,1000.00000014762,0.693147180559945,1000,0.693147180559945,1000
-0.170184310689775,0.212704031086486,0.192204280924409,0.187869283271675,0.601229480968878,0.434093688460571,1,0.0697252946243051,0.877968657855433,0.854760955013072,0.214373858938104,1.12391115512658,0.245083247971072,1.72841230774326,1000.00014447651,0.693147180559945,1000,0.693147180559945,1000
-0.431202494755369,0.167854160010845,1.98863890878594e-14,0.000282038362307414,0.845828465414765,0.0776923375414346,1,-2.09233716867726,0.722080976289035,0.618418439899636,0.20748907041977,0.768147762421598,0.251019109890916,0.486152390140417,0.427971387252828,1.83875271032845,1000.00000190318,0.693147180559945,1000
0.00167532898904109,0.293600334107952,1.28116632197496e-14,0.000226377279590904,0.947335771471299,0.0486199306786111,1,0.218106634924377,1.5485565657505,0.593784695833869,0.471760874727887,0.608104653765287,0.219533197955436,1.05561456955349,0.350021334692713,1.91279461902458,1000.00000061349,0.693147180559945,1000
-0.164942412815811,0.159089277385859,0.107643196387837,0.0980862760805686,0.475501017489658,0.58557221979972,3,-0.462554631967302,0.633636108564991,0.521180794246865,0.239973891918967,2.68975931386458,1000.00030295431,0.693147180559945,1000,0.693147180559945,1000,0.693147180559945,1000
-0.0953504951031966,0.194701331443304,0.213926480642887,0.198796604943697,0.818723910419818,0.148978753082158,1,-0.758626042607778,0.662275632881365,0.598283904778029,0.21066429830042,0.834835358898312,0.23353228423208,0.368149293579686,1.06876987336092,2.90640900194643,1000.00004151061,0.693147180559945,1000
-0.0872914245313722,0.241502775728677,0.243235297289308,0.236695012772475,0.934211714863621,0.0480566590294128,1,-0.865622271484069,1.02315204817116,0.808794529689028,0.175338446281833,0.835688379438448,0.385968341018241,1.19033654853391,0.512413061803173,3.10931190305232,1000.00016459959,0.693147180559945,1000
-0.282398512800689,0.227129498885223,6.45597397970108e-14,0.00050817375119962,0.821307331304824,0.0958668445924293,1,-0.946772674512,1.09247893652502,0.369383304466188,0.274159019573309,0.0146185217629755,0.4303439010802,0.236444618715781,0.570183566836098,2.12601467982909,1000.00310709326,0.693147180559945,1000
-0.0625942937730009,0.274933011979074,0.150775503488215,0.278003980766109,0.929116415092838,0.071711361677908,1,-0.986675053176488,1.18035824809529,1.08525513659067,0.224350298246211,1.13311501719155,0.500730160707232,0.5016031153687,1.11148367983933,0.32972937229632,0.301384890601279,2.10505779759759,1000.00007515117
-0.442750662747665,0.324266133690213,0.50087903051335,0.575275858033186,0.888364896645602,0.0932165041176417,3,-1.90082788430477,0.912242506859858,0.889727991294586,0.212345793202334,0.772745497985183,0.566312844152469,3.37145300053396,1000.00030674119,0.693147180559945,1000,0.693147180559945,1000
0.0213293118927507,0.163068423896158,0.024246458574454,0.065947066897829,0.780429559844617,0.178108345457724,1,-0.284598064436704,0.798167408345468,0.671992196759097,0.277135186559315,0.600954062975081,0.278562495526001,2.4198356716887,1000.00001689044,0.693147180559945,1000,0.693147180559945,1000
-0.189846685196065,0.174206113016766,5.10782228812909e-14,0.000452010983104726,0.927265005119611,0.0406552866542855,1,-1.18865632893556,0.950912522738603,0.404930813773066,0.290052641455452,0.780852785427337,0.361476219673813,0.562374503910935,0.42130077442792,0.376553849848071,0.348150008177086,1.80149268492337,1000.00000037013
-0.399012101536701,0.233913492526528,0.137488992909101,0.17529000953508,0.355608069859081,0.472705079906763,1,-1.04043823544937,0.770060338827994,0.66439564233648,0.228988404437177,0.103407987755266,0.395348500671301,-0.206062815781379,0.714655328243178,1.62924197288438,1000.00038637108,0.693147180559945,1000
-0.314833879470263,0.171598912923597,0.0112637596999584,0.085564585850101,0.851665390496549,0.0893305713090611,1,-2.22827268812453,0.884158922094279,1.00942535797415,0.230453452823442,3.13108531880619,1000.00028622906,0.693147180559945,1000,0.693147180559945,1000,0.693147180559945,1000
-0.307378766544877,0.286656300083023,3.12201210913571e-13,0.00111750029090696,0.942037328454721,0.0374753700356881,1,-1.57587421711191,1.30779075157727,0.788618586629063,0.263770998245195,0.823913891862098,0.366949910110777,3.11383520997927,1000.0000223145,0.693147180559945,1000,0.693147180559945,1000
-0.0433501087104924,0.196334525077831,0.0987506108036231,0.129348997825729,0.817670223471203,0.145415965336952,1,-0.40326306790829,0.857189935538497,0.754054465224716,0.198534880991992,3.27561490653512,1000.00029523107,0.693147180559945,1000,0.693147180559945,1000,0.693147180559945,1000
-0.127530399691473,0.56838482910165,1.06674235265624,1.229390831534,0.96961914307901,0.0468134428441066,1,-0.849666430049634,2.37919236967929,1.35820700896089,0.51480558184594,1.69726660972725,0.345521769085994,4.85692039736115,1000,0.693147180559945,1000,0.693147180559945,1000
-0.282854446937505,0.132735769443055,1.2372462169883e-14,0.000222463258063646,0.769011891579349,0.147039028813353,1,-0.743494557682299,0.653499690846007,0.868284177380964,0.281663822561249,2.15350478716009,1000.00000480977,0.693147180559945,1000,0.693147180559945,1000,0.693147180559945,1000
-0.0424562945680869,0.247253427189146,0.314881809591762,0.239636472088745,0.376223561163719,0.986005483920171,1,-0.0607716338058551,0.849988144246158,0.87346729503142,0.240922266064878,1.2317156445444,0.505037278426171,1.05012813394579,0.193903736338659,2.62042755768538,1000,0.693147180559945,1000
-0.0498965104319067,0.2595980276053,2.05379694661911e-11,0.00907176638674288,0.900200718881507,0.0623073965795843,1,0.382394710627592,1.15520533066529,0.87413819509992,0.391350044865665,0.0514985067989469,0.350887877488332,0.609763609629669,0.474392570085995,1.88939740865688,1000.00000031013,0.693147180559945,1000
-0.0021038456892907,0.273436265975907,0.493268485680309,0.426222686180072,0.76914501494264,0.278915495633006,1,-0.340434632725119,0.806334650607411,0.615711872855071,0.290865523523316,0.91686986330031,0.305540898609147,0.975358872183953,0.145823457691378,2.07565310655546,1000.00086778804,0.693147180559945,1000
-0.0563219302829886,0.178739253278676,0.0318502652987106,0.111667073397834,0.859457504309141,0.116897474595249,1,-0.645759348267323,0.828522893620797,0.757272507067716,0.191480613815387,0.597825048497637,0.432919772120003,-0.100780230613098,0.853565552098695,2.13365011869842,1000.00274500659,0.693147180559945,1000
0.0518316592179042,0.177200667868595,1.45278744410141e-10,0.0242508850588535,0.938954806737116,0.0269737073792175,3,-0.505373437908667,1.02703894579814,1.0395828120946,0.194072822466996,0.474789768399628,0.314884532355361,2.68243185771713,1000.00050279878,0.693147180559945,1000,0.693147180559945,1000
-0.0859424915107927,0.188601646504169,0.0271881062330443,0.119453106061011,0.916921122475862,0.0444820195787478,1,-1.67823625602687,0.991886970618853,0.329557015483118,0.279404622229741,1.16771690779232,0.14833631415476,0.38986566136468,0.633090913065026,2.52640623486379,1000.00003660522,0.693147180559945,1000
0.027684687054418,0.216098298516303,4.57540657194256e-14,0.0004278044945934,0.933607431306708,0.0376493304906228,1,-0.112855116444284,1.13883455145738,0.694793865496335,0.295064844291027,0.896563149732891,0.330009538431065,0.801713001298277,0.348681041953884,1.89149683484813,1000.00096878355,0.693147180559945,1000
0.0260327077853464,0.202510192519006,0.0680372261870962,0.13269807721219,0.903577300906965,0.0787013931456678,1,-0.0417119149757488,0.986149181890609,0.810404004590712,0.220026655655236,0.926906639137763,0.345275161610432,2.92444239544334,1000.00005444289,0.693147180559945,1000,0.693147180559945,1000
-0.313320096600094,0.163338449902408,3.00186099466236e-13,0.00109579260467682,0.877894739954048,0.0475118199365948,1,-2.00853786065513,0.879598290741917,0.451807487757404,0.249889265973,0.771742487479902,0.249305447988637,0.852630409117515,0.142112698781133,1.75155040914116,1000.0000396108,0.693147180559945,1000
-0.242160077145536,0.244905680487316,0.0185224238673314,0.124854422247689,0.93657462705232,0.0390672114359803,1,-1.47358355404266,1.21704995117996,1.05031388141384,0.277074721154332,0.816190742734206,0.263460348645747,0.968236655090986,0.494939452098882,2.07954098800317,1000.00000092477,0.693147180559945,1000
0.505334228620553,0.299237182348097,4.66551482177358e-13,0.00136609224977132,0.951319471150788,0.0332119989105351,1,1.2287276824263,1.5112493998477,0.536761277288439,0.284553692593908,1.01728952180443,0.340110558714051,0.817385705676354,0.298603313882859,2.10983951713506,1000.00000037632,0.693147180559945,1000
0.0226495879952093,0.178377893476488,4.46654386491614e-14,0.000422685070818021,0.8994471599411,0.0547079548510008,1,-0.445205265473104,0.96167940275007,0.718657819156737,0.243181226606623,0.360046458150314,0.350634956584829,0.788676061918905,0.273613087120899,1.67113771624169,1000.00015915191,0.693147180559945,1000
0.0766625955005202,0.278015209007944,5.53901972109478e-13,0.00148851975269723,0.951494846336122,0.0351267668735154,1,1.10504666724927,1.64829424307075,0.330835542755395,0.296569774069746,0.637789460493219,0.514103935487901,0.384189039800925,0.676095918635101,0.878567832523293,0.330650625736929,2.20332655298833,1000.00000000151
0.266673094101335,0.137354788389108,8.18408852094214e-13,0.00180967170801183,0.880843598712985,0.0609846845374379,1,0.882497475842684,0.684021775450928,0.133197557756363,0.282443332186764,0.352375459693114,0.252508971065406,0.710164779497339,0.248539006021574,1.91394297644807,1000.00001149392,0.693147180559945,1000
0.333599608485677,0.199787191405113,2.31189289952801e-11,0.00961964657245842,0.956479879408233,0.0257148916612707,1,0.208502567716081,1.13762378909263,1.09978744214297,0.315857497700007,0.822315057659659,0.304950358810411,0.892812123759884,0.631688867788748,2.63469679437141,1000.000346009,0.693147180559945,1000
-0.121268650668186,0.255941253471721,1.21672524421859e-14,0.000220610653139375,0.876801821479611,0.0977352480591382,1,0.0340699093881068,1.11291033726321,0.403940862681182,0.332307141066678,0.966329452602667,0.525857283393624,2.36931764425883,1000.00010820646,0.693147180559945,1000,0.693147180559945,1000
0.0763652949537072,0.200842188259817,3.97314516401394e-13,0.00126067245702141,0.934163553735546,0.0342570816506115,1,0.381513696576275,1.24109307719773,0.405731002125654,0.231050040589446,0.816498178178276,0.322344763120491,0.721609620752173,0.20517713386861,2.06032905905953,1000.00007015482,0.693147180559945,1000
0.114390306606673,0.180179955975985,7.73607898281134e-13,0.00175911067056155,0.916474479728471,0.0588547748852355,1,0.48541518692284,0.935762663308732,0.434264860963557,0.288471334615072,1.17142602411768,0.359576849728118,0.241777104147963,0.672634245609963,2.08341474823555,1000.00000002888,0.693147180559945,1000
0.11743728849727,0.221110546781549,5.52998418931044e-13,0.0014872844691938,0.967031356821615,0.0269264514369776,1,1.10448843260612,1.43341739887337,0.833684864249213,0.425324365792024,0.848820409376701,0.232808722359595,0.26925485117532,0.455819999728483,2.15459763801566,1000.00010378746,0.693147180559945,1000
-0.298131155804707,0.320135514781256,6.89624886839502e-12,0.00525351111170185,0.963799951958611,0.0244859467036185,3,-2.06496314699142,1.59265629102948,1.44810338851874,0.321278271698747,0.925431318859065,0.350432272540909,2.87973516823508,1000.0000196471,0.693147180559945,1000,0.693147180559945,1000
-0.0724739455986144,0.150335931663835,2.64555795745072e-17,1.02869975483747e-05,0.856515992472434,0.0863383217947184,1,-0.623802984694005,0.748692170370652,0.342269410518361,0.209994913061165,1.09526514350175,0.243007514883485,2.07742086460798,1000.00000002019,0.693147180559945,1000,0.693147180559945,1000
0.290827360514692,0.233469632768786,0.101642689491813,0.151260617681799,0.921994873844662,0.0734114577872667,1,1.10477056646482,1.14466201793136,1.22193775890964,0.319258213907145,0.0331418037282985,0.833156805960708,0.440699501437066,0.241388318618488,2.23270246801793,1000.00000359788,0.693147180559945,1000
0.0169995610791521,0.119840860697889,3.08928071656576e-12,0.00351763969522122,0.875601541275998,0.0597892545298416,1,-0.883964462089524,0.680947347047228,0.736877377714546,0.198199578567469,0.501408431084631,0.364879009507752,0.764179784027247,0.326494345070386,1.95825595271363,1000.00016242951,0.693147180559945,1000
0.0892836664787353,0.152092758917671,8.85531006189458e-10,0.0370443531411764,0.730640118312018,0.159274116196713,1,-0.287839672540186,0.72942306192707,0.448647044848294,0.166729829919782,0.938805792340018,0.190074208381377,1.86155838049462,1000.00000790723,0.693147180559945,1000,0.693147180559945,1000
0.405509284823789,0.232526915881917,7.45980308961093e-14,0.000546253921741085,0.922082820911482,0.0588119576650676,1,1.10828164351433,0.915593079103688,0.979732809716838,0.377813588547371,0.372037466063115,0.452301517091418,2.64831381826311,1000.00008706512,0.693147180559945,1000,0.693147180559945,1000
-0.387117889566718,0.254926164063498,3.11004163805083e-10,0.0361965177354441,0.897251195072371,0.0598268258245297,3,-1.91259970700196,1.36734858373941,0.772792219403417,0.376133184433516,0.922243206523228,0.390206750421142,2.52367715261368,1000.00002213018,0.693147180559945,1000,0.693147180559945,1000
-0.119274114593465,0.26864270337938,0.144766098964432,0.14412497194683,0.845592226565902,0.141009688992248,1,-0.628923841739519,1.27808356896145,0.59751951014436,0.223981883277182,0.557911720397963,0.364968154436353,0.854650880231421,0.266199596866506,2.45445835674035,1000.00000002475,0.693147180559945,1000
0.23927588519479,0.254348433642261,0.349544683805114,0.291842549265622,0.653724893656142,0.55873429624446,3,-1.6406318655872,0.887914756337629,0.750497664019769,0.284944332602382,1.01791969135753,0.199047613869016,1.11051991998636,0.401886693489839,2.43311014293589,1000.00039556238,0.693147180559945,1000
-0.0932294602843243,0.242077218478947,1.95679885640485e-13,0.000884720707333407,0.970630310005299,0.0238285286424195,1,-0.569592115252546,1.49971654844469,0.724137051300467,0.427472148454607,0.590958983758717,0.299297812002182,0.525825125145446,0.360956519342307,3.10132327359286,1000.00007443684,0.693147180559945,1000
-0.000962783483330431,0.296006852576697,2.45478678218987e-14,0.000313355300621694,0.930904835700151,0.0524778710512354,1,0.490205023750871,1.25276431085087,0.917090985352755,0.182246930119382,0.880320921095458,0.294936901708176,2.15079344907526,1000.00001718184,0.693147180559945,1000,0.693147180559945,1000
0.140931084453504,0.206619182839271,8.01166956526309e-15,0.000179016107280517,0.89330226478336,0.0655058826439689,1,0.502776364694755,0.891514817367953,0.850379397444933,0.222814677353727,0.689857411227612,0.505698259378734,0.597445059561336,0.136493546076458,2.0356469889945,1000.00000584159,0.693147180559945,1000
0.0419751953034618,0.213403233022047,2.70335875278803e-13,0.00103988673582755,0.936268354030752,0.0559373646130093,1,1.43417325364954,1.23478067536798,1.08578207669,0.286902433061088,2.58893795662293,1000.00002499213,0.693147180559945,1000,0.693147180559945,1000,0.693147180559945,1000
-0.335604515701566,0.237922330500848,0.0855548108094324,0.142533712573426,0.624832452226121,0.518349885955263,3,-1.82809308786343,0.959517759586533,0.657124198086464,0.204788510091429,0.696464691485103,0.307706582373308,2.06180268016621,1000.00018996447,0.693147180559945,1000,0.693147180559945,1000
-0.183882850362009,0.135472122406152,9.93387840023922e-15,0.000199337822404926,0.746472314320445,0.107152793132305,1,-0.246415647291485,0.525218735828837,0.707822980905517,0.189378285578862,1.94140896548998,1000.00382883487,0.693147180559945,1000,0.693147180559945,1000,0.693147180559945,1000
-0.0853172955243019,0.21200565449667,0.141074012957713,0.154425407635238,0.895286758412909,0.0754912800690119,1,-0.995970861401183,0.932827989563058,0.824343351404714,0.220651039356484,1.01717057306218,0.270590791030123,2.86866919620871,1000.00011728563,0.693147180559945,1000,0.693147180559945,1000
0.180717979690179,0.405693432494915,0.340092516433954,0.501260899682123,0.92110816503143,0.103846950192546,1,1.49467836127301,1.82241906882532,0.771847743326988,0.399875274027317,1.08882231224103,0.251182280429045,1.28100828453552,0.650966475242244,2.42279901924014,1000.00025914992,0.693147180559945,1000
0.188351187962754,0.37101232819856,0.538882130116195,0.578422116035213,0.564043863983491,1.91206457216339,1,1.50045030995867,1.30009441434319,0.494183553156844,0.269891451657306,1.12818726787865,0.26307661653701,1.5382011478121,0.248772618977944,2.30562677279565,1000.00059718546,0.693147180559945,1000
0.266846900377582,0.256924448034357,0.0842485957004432,0.253789453550507,0.907149115108964,0.0830539654995978,1,1.56403441997081,1.38085330965904,-0.0806809812643491,0.392814758017294,0.589133888609814,0.444734421040832,4.06930473529011,1000.0016963804,0.693147180559945,1000,0.693147180559945,1000
0.00719234200661566,0.180667715276663,0.0305637737283464,0.072289920189781,0.837640105232563,0.150623500618788,1,-1.30633111311043,1.03385207723716,0.705176024574757,0.199511349200014,0.40231024251872,0.323423468078135,0.775619871340787,0.310691652734894,1.8072867789266,1000.00033856979,0.693147180559945,1000
