"beta","beta_sd","omega","omega_sd","rho","rho_sd","conv_code","tau1","tau1_sd","tau2","tau2_sd","tau3","tau3_sd","tau4","tau4_sd","tau5","tau5_sd","tau6","tau6_sd"
1.22435042663768,0.319728720879994,10.7958015733478,2.78226055880428,0.363224005931772,0.302437311024854,1,-0.399319794976932,0.28748194831984,0.758872260544313,0.109204059738334,0.474117589041235,0.170718310935469,0.591407006004673,0.161223699754795,0.379552351271438,0.201166283926316,0.246114051300677,0.197153961968811
1.99106121802423,0.391322745985421,14.443359567752,3.53286857363351,0.283621686080846,0.316079921544599,1,-0.303012171692808,0.50507627535485,0.780150141797102,0.192604420104917,0.512082587384098,0.143166464253097,0.926877489556875,0.119925350917391,0.623805812614206,0.156177357440484,0.82572292663464,0.118693280244784
1.96632497882602,0.413749598804959,16.1629525722363,4.34403024717849,0.27512326095997,0.413751816836376,1,-0.0926744879297757,0.363931987952378,0.83743616120228,0.152324885337696,0.544869673701493,0.167284647516666,0.709873140919882,0.17132705184795,0.845416800093087,0.169920546300261,0.575235248597818,0.160179939173643
1.92368636585874,0.379639620926648,14.3487231616798,3.4896990331552,0.331443997387863,0.249680121281275,1,-0.185846903406696,0.273679406803605,0.634618688260145,0.117254393653403,0.778543705433286,0.139518021343199,0.375847207266062,0.173313272383682,0.526257044551357,0.159429634858852,0.758082418514634,0.153792083473452
2.29093151979129,0.370845535962541,12.0456507621596,2.96783572919172,0.375846093410303,0.318335868369924,1,0.182599404055764,0.326552879771297,0.659033841956591,0.127212439522223,0.70523757600618,0.160742228369637,0.624822741355507,0.130662765456713,0.78065662900462,0.15187584470216,0.826109614636106,0.148047520701057
1.28654941798096,0.387434149523586,15.0578292994374,3.91535840092333,0.216328616057866,0.336080028892973,1,0.0822092947890992,0.327996569060847,0.59131766342172,0.148010005285509,0.741967432880689,0.149103868184303,0.641581332659639,0.16650843833206,0.857538905885338,0.161067347926865,0.636140377166613,0.157380587876646
2.0186697188871,0.470792082362468,19.4670480064694,5.87155996589799,0.315411089738396,0.394340456088876,1,-0.3071334668658,0.37847176703397,0.822226337832716,0.137455633853465,0.678029589376033,0.183006058993596,0.726952231841466,0.179823504173315,0.489759401778954,0.197678197402078,0.614112786655103,0.190600048506932
2.23413166345799,0.528848976605852,26.7094937363789,7.86140143911156,0.450206699168175,0.370057882243486,1,0.326167147633072,0.327783431476811,0.575260142150173,0.186146873960495,0.822949398759347,0.158296816938762,1.01835981805725,0.162948783907621,1.04975942019055,0.176822717191425,0.662048691757182,0.181254827291032
1.70800578519335,0.448763051341756,19.7746175574432,5.38549590129238,0.0643873995576086,0.221906341281985,1,-0.394695386717231,0.367108912352734,0.809027447732103,0.103436864372375,0.831497976685629,0.142318254918133,0.629525061700631,0.189401067905922,0.74053892297819,0.201822030824612,0.396711821823527,0.230056110822982
2.10940798075758,0.428609100179069,15.6234659675906,4.24104478204861,-0.138852192551942,0.22660535159218,1,-0.256728629409502,0.275718821389817,0.66678193534276,0.131691361071255,0.741841226017711,0.146401864191756,0.701206588316206,0.144115205698961,0.538775604657058,0.168801744896392,0.433831168258357,0.261799113973515
1.70177597446702,0.375317325918853,14.3596419341456,3.53962435339177,-0.133662861014018,0.217807723313577,1,-0.2289642793263,0.350223380434738,0.725421997836717,0.143977769560754,0.620285118859359,0.140263052492943,0.304200664542106,0.168571572676797,0.527876262638334,0.165921485434327,0.952392904958847,0.149985420598811
1.76471048661314,0.50812846357938,26.980605033863,7.46622739210103,-0.00958899472835929,0.281198795749882,1,-0.186788662263535,0.484877685047015,0.924649665288375,0.183471309340331,0.57794110199529,0.160855262595902,0.775861308194556,0.147306251043455,0.585906875090002,0.184604576078902,0.861558331973456,0.183482247223219
2.35740820208392,0.434251078221822,17.4728807642837,4.00212869612996,0.409186224295178,0.295745479442533,1,0.178028739125638,0.394193262607976,0.632891973684645,0.170945783898209,0.748849961217373,0.13313849561946,0.776893906538456,0.166299460013532,0.818677963235577,0.139277997788571,0.775785256162616,0.130650524516565
1.88636651977333,0.390429053479585,15.9297751931566,4.01523785117707,0.320805534693753,0.240129791112702,1,-0.000214112587466402,0.296848534169297,0.532776971211625,0.172892760445663,0.703801125585107,0.135829470754738,0.610008632425716,0.12915047588459,0.809728481762102,0.12828298716583,0.539202807086682,0.185839731823634
1.73211857180758,0.445053484594836,20.5480936993063,5.09746124997055,0.105667030942204,0.225794110758838,1,-0.422489821139019,0.377050801713605,0.756195173986868,0.151864499534199,0.408698883477099,0.156808966979218,0.910819365444837,0.110842970431012,0.511804785323135,0.201945590412028,0.951895009751861,0.1547718885444
2.46518410890447,0.382293306368901,13.6350954581513,3.32205887432277,0.473872212153919,0.298208731400632,1,-0.2721334643903,0.312754630462562,0.883347874397223,0.126720791350409,0.605253098889938,0.159059050009891,0.681943011062849,0.133891533067787,0.896404923595411,0.133196753305117,0.746565238571497,0.167706781444123
2.12890250462756,0.398323160049929,14.8034937787239,4.09885086041438,0.739462121668892,0.174303306740809,1,0.672572496636362,0.380157219351235,0.617387853916995,0.173812737117733,0.51169697476183,0.154633562670357,0.820374964708537,0.127904773888641,0.442000116483814,0.148953735198896,0.401153421897224,0.180011608757597
1.50874280928517,0.409435155895819,16.8852323556376,4.46290063715328,0.0604124772589238,0.30031748094301,1,-0.0223496015483949,0.326659084936129,0.615756320773799,0.145947742716256,0.77951449364196,0.133500637672387,0.555465529595674,0.136860848473999,0.64481570440874,0.163514836661556,0.773473394561914,0.169028760688071
2.4087752424072,0.415037670879717,14.4204138302719,3.53214814225198,0.451326668709905,0.302738549282695,1,-0.23235330349773,0.322024825259802,0.931677429595061,0.115024340375895,0.581161234722945,0.138041904676183,0.609269512050016,0.182880699697364,0.719919248043785,0.157854823170567,0.638121991122171,0.161390950554945
2.04869755230981,0.366038623884538,12.8391039386819,3.23490539181652,0.190158385282613,0.322020835760089,1,-0.537062806441114,0.273974284103456,1.10487259312119,0.122139980337204,0.536780630974774,0.149280404746603,0.611680594548328,0.16554445271262,0.479050338177906,0.198794211306213,0.771898104600529,0.132027218899321
1.73751426992299,0.35930254617073,12.1299278246181,2.78994231253344,0.272558606444128,0.246074339168242,1,-0.222580921850176,0.346612547366381,0.637225716263998,0.122089480345774,0.84615962793383,0.119519940707479,0.633080155670593,0.133053942020319,0.711726139317487,0.151887059305287,0.551564926404717,0.212955506691577
1.39437155805325,0.370884718084581,14.2494606097684,3.64553789257815,0.0730339590591941,0.231291298382694,1,-0.258042369251952,0.272629674396552,0.645078881365892,0.144995983280061,0.832744203725733,0.127843665719364,0.649087712265741,0.173121945933269,0.856245165919774,0.134452494376344,0.672845219318767,0.191321838113245
1.48614568920741,0.42415309107871,17.7075230152226,4.74133101552429,0.804193822716362,0.11972070172651,1,-0.521043265073081,0.382033765076337,0.775452384689506,0.133891602368985,0.833104445042438,0.129895140437895,0.665116342022657,0.153632334419857,0.724682084399596,0.169719478733491,0.905216098081278,0.194118732560194
1.96552154705603,0.352506834340224,12.1654797463585,2.90106760659737,0.412853594433636,0.277640713187058,1,-0.510650044882779,0.312308409825096,0.808150043428681,0.122368158193677,0.689706413395707,0.123230883721865,0.693014312567794,0.139228589619715,0.527671349657772,0.195255133190804,0.740184064641884,0.183654629293871
1.56427480008901,0.415003996034494,17.3807942443677,4.14136420934526,0.195195616224733,0.266052223872895,1,-0.604237094434815,0.337092925168264,0.570714737621286,0.150418626725414,0.82338504403075,0.119218738121709,0.647348721934185,0.168559250957147,0.434117248172276,0.178084091479023,0.754677627964897,0.164010118960562
2.21278452492482,0.477708104517197,21.6078566860116,5.20413898847178,-0.105329138312702,0.215056656979293,1,0.0905671219692649,0.35175547175084,0.691394558059405,0.139816781841413,0.971246740528884,0.141576279455933,0.916801711463229,0.144846292303037,0.781827938512178,0.1678652368921,0.90314578725563,0.14501635083358
1.75945498328513,0.345229031913199,11.9111944969211,2.81171339343016,0.293196872235491,0.239014659483406,1,0.0448062418908126,0.287171107452858,0.506331668447557,0.157525756340186,0.639090470499628,0.140492795220577,0.718785935160564,0.134983444159195,0.601733478093461,0.134373785876886,0.503658641894587,0.148395445469233
2.12589985499566,0.38488234782142,13.513515729106,3.51550041262355,0.166131709532393,0.264025820112283,1,-0.162256530356783,0.386086512778531,0.684343349964023,0.190336552087191,0.614550054678169,0.126705090815498,0.47511717178924,0.153444410995492,0.911393315149822,0.136454180379418,0.442270115090877,0.171173815037911
1.91548296127439,0.460747214239349,20.327558195189,5.5763846676872,0.0422037265195822,0.26200026881261,1,0.249893485573611,0.341305849781201,0.626449874405445,0.140738806118332,0.907491464326055,0.136782562595693,0.761104617369413,0.185934590002078,1.10186246735316,0.135294444700392,0.595461231210758,0.185557657473899
1.71741866758088,0.464810863440574,21.4751913332791,5.95745577338392,0.220721087950186,0.269169547946997,1,0.339835523943629,0.35848555998414,0.621539108080487,0.149637641331036,0.529779665446506,0.15473363665482,0.607585407466852,0.167856312226599,0.875135871275996,0.164024942712275,0.564236545670156,0.17634287864753
1.97819642349201,0.365316499578496,11.1999523101306,2.88186395626101,0.359534941110308,0.319399411910793,1,-0.420617935141749,0.302150095687918,0.698930114678016,0.119226365746672,0.87041511190815,0.131531868272158,0.454200292651248,0.159909978075517,0.392563705917302,0.203026618861441,0.415960482104952,0.246182439207771
1.90985907473213,0.467819978722613,21.6133341994567,6.03989056382652,0.0866551967766784,0.336558580486133,1,0.066523117027141,0.360298702612029,0.520907772522463,0.165822760815477,0.874471596529782,0.154712747710926,0.627320341437575,0.157683345671336,0.517998427471102,0.168680407433052,0.973297766727733,0.179050811443741
1.90627311423981,0.391316562590102,13.0981237815105,3.55303432115715,0.395336365980807,0.298665107485886,1,0.25879107711094,0.368714855236891,0.560019737648942,0.128888737199149,0.709756924731018,0.120269825168103,0.622032651050652,0.161851739504274,0.877775797902572,0.183250145719079,0.570159235270948,0.234817529828085
2.3778733076155,0.558007975427322,27.0931683959901,7.91500553546696,-0.041577919074946,0.268139786518404,1,-0.12574240131986,0.282522850891305,0.991239673602788,0.142671936608852,0.685976196010932,0.174462626848925,0.370041717804389,0.251141576689029,0.724506475027018,0.194096143585636,0.927411921632094,0.198044576490166
1.83723715421152,0.356796184648443,12.9685530583424,3.29837641033396,0.681973677331599,0.115653863454408,1,-0.244968779189216,0.289376149037672,0.931190605960628,0.108849671720961,0.653086056847283,0.147752829418254,0.567804863480377,0.153331570598645,0.593147800895443,0.158186883090028,0.714102403049263,0.149434589268632
1.79928325049642,0.353686498511697,11.8043751700625,2.93951548233356,0.24348578493312,0.302516654950814,1,-0.3291374239936,0.2842430799488,0.764097176761595,0.124336675084168,0.541088478645573,0.144005678322207,0.925729568264663,0.133911981058983,0.763950990214321,0.153185297694327,0.662292970468579,0.192011020254255
2.372476401771,0.491730958021421,22.5201332822549,5.87308493557476,0.313366872067772,0.363801846048382,1,0.326782133262375,0.400663094341489,0.611588538412146,0.153114722480701,0.882831396840737,0.127250417233679,0.70946648371563,0.147949252041283,0.738002639811945,0.174279799862457,0.687976543457587,0.181412652209652
2.37612224968301,0.480442112471991,21.3078286052246,6.15633555101049,0.0131173897919606,0.3206892335627,1,0.271679213129721,0.361912857517632,0.83190841205046,0.159876498124202,0.824826798642862,0.133525759748223,0.788416080863419,0.155972467228219,0.955027090608242,0.194723923723344,0.935260338110666,0.191620828346604
1.39154457935041,0.30322577839706,9.69124987829821,2.12425751269867,0.32632983314564,0.27939956055628,1,-0.314681524030602,0.285827927954341,0.871720911834471,0.130321565405968,0.466364239363747,0.141018633237655,0.69746027227118,0.126088776640864,0.800223710468776,0.123184873533335,0.584409964197368,0.168100930554172
1.94082609651899,0.398321108753791,15.1401519092737,4.17440353085797,0.438813550220483,0.29726151042583,1,0.106814771528422,0.355531553559743,0.562436069844662,0.142679943104617,0.799494214250042,0.160947969323956,0.656957153081225,0.15044391103412,0.553785986038092,0.16845563206832,0.601480750461087,0.185149496178228
2.40402870686317,0.39006214125876,12.9329993320843,3.37339349934564,0.0653808677136227,0.294154159937389,1,-0.00209171897691308,0.272954245214246,0.660166983067662,0.138687809916497,0.798961130316752,0.14365409336658,0.340815158444645,0.213131063286371,0.818653742064712,0.144421445794782,0.503098146033497,0.172609554187306
1.92888693452751,0.467407371899562,21.2599195419929,5.63941209332431,-0.139766613104643,0.250389920353059,1,0.113974293427214,0.26594618532291,0.705857264242576,0.139625387671376,0.737096657763429,0.156391063045648,0.780521358485642,0.183761660364225,0.790080052950174,0.187183449536154,0.940938865471113,0.16029571617578
1.85733748627332,0.355475784943262,11.9703061943462,2.98375344994079,-0.0299211961636554,0.19868271458719,1,0.131379266864482,0.34692787589961,0.633565413297909,0.155185424090866,0.93509437350067,0.122331950391367,0.730265856520705,0.142459050955413,0.550196583238852,0.139353507494836,0.369246739139098,0.180185061176072
1.15320211079892,0.398339679163687,16.537825869421,3.88957320124295,0.271334372106385,0.258864896092373,1,-0.0393759835270928,0.33789967606445,0.690855405231658,0.123472028035953,0.930113304240319,0.113608803331918,0.6922615353924,0.15182971120441,0.707053289400159,0.186896000376717,0.777726512340714,0.194956840183114
2.08413948962464,0.387658510317481,12.8675750450423,3.43452749362377,0.404384073144845,0.348616926250408,1,0.53688124818889,0.368369776981942,0.538598590689321,0.168095839121527,0.60608167985722,0.157850206112523,0.816756832031051,0.146818195586861,0.9219858416524,0.137189461501463,0.687676065800285,0.18166631565709
1.98415227110192,0.453030762730138,19.6707631306477,5.12024730988091,0.261297856157123,0.337109853512822,1,-0.441412983988811,0.364965893065905,0.635120031388368,0.137530914548701,0.697688033140847,0.150163658029153,0.572237732740313,0.17126406515533,0.670351625900848,0.153112978987795,0.743601014423806,0.159141081195959
1.70084411331119,0.346618735666843,11.9534680751097,2.78647137677924,0.236651055666313,0.300313659455672,1,-0.29713950527284,0.33038809202198,0.847404490880808,0.126216237619424,0.506912097652022,0.138963553673921,0.534772656261367,0.145417328965642,0.58943993182921,0.151814889210524,0.542712170631781,0.164817138290964
1.98527207277473,0.441403161080368,18.0663367812162,5.27655920389674,0.813925317198188,0.0938965509262963,1,-0.52313451591319,0.348382042106054,0.952333681601487,0.149801938774729,0.902251425088216,0.10580414554405,0.779525747819802,0.152169594185796,0.943091703263056,0.204262337693903,0.620221425585982,0.256864673541057
2.29337054414176,0.4244955152387,15.1453143626305,4.01293766937548,0.306141796413426,0.335174240111021,1,-0.142386400121404,0.320509598475309,0.827633813854398,0.119932908164717,0.65720874844308,0.150218016882899,0.945287425886807,0.144264832833815,0.533687045346068,0.221176398626749,0.158210543805107,0.300207049665431
1.6982337221137,0.410969312876045,17.2125708216131,4.57615670868255,0.746510044309275,0.157253998488966,1,0.0709299064372518,0.295358979074219,0.766047370380206,0.138135335827383,0.711864522870031,0.18833161597734,0.593358384517418,0.185088261506551,0.769107230119353,0.125099258704646,0.771875237731624,0.133544725079772
2.21133136163626,0.441188070511417,17.9546485454118,4.52955626898164,0.291020064444166,0.288048935344291,1,0.0151136213980838,0.370385073567986,0.856356135900268,0.168668757662533,0.77102938715258,0.16222144462753,0.494781157468839,0.152602059163663,0.76166904355718,0.130730909923216,0.600179846326166,0.158438409235203
3.0504458350806,0.474199281611799,17.6023112308224,4.4065992458151,0.187038800175471,0.306932657178737,1,0.463902431746525,0.327032575569825,0.60433324991865,0.176925707027362,0.910728816528863,0.113669996506501,0.831100315439951,0.132769182624332,0.826651278114336,0.156339563355415,0.772846753407456,0.162394793131411
1.77179930756355,0.380788122241271,14.6005074465187,3.79188938835173,0.224525393560518,0.262021958206599,1,0.943074852974208,0.332533585347621,0.388605504403344,0.162076091805659,0.678714624463761,0.149659320233445,0.684636679009243,0.168621462413662,0.58426725192642,0.174737476005539,0.925191112909758,0.158999769388009
1.99333507987718,0.39430631000501,13.8879418427038,3.68569582298756,0.312086184396303,0.194912300293841,1,-0.240080812443845,0.385330345146761,0.642397899817291,0.179117147436843,0.744516125591546,0.147076861820429,0.503220117747022,0.165295738245527,0.768899950483153,0.130237996457356,0.713606629835216,0.15223660054358
1.51159553308736,0.395617399845911,16.6088263816713,3.99271863334605,0.340859193266263,0.364467733308737,1,-0.00871359666955815,0.327352592436357,0.745743304484739,0.160277060246685,0.67446397455202,0.157700535869909,0.523772233471422,0.148925395022501,0.797391373038333,0.147439604495829,0.899197921195438,0.142046910826403
1.64777787110466,0.447984599923009,20.5000223675639,5.77645965480284,0.830748951009401,0.116499573827055,1,-0.312918476128587,0.455490905081032,0.808115431695905,0.183281016344141,0.776898153306095,0.134152759874049,0.677674252393772,0.120180539550132,0.840665048075085,0.17801893565626,0.224677257236859,0.269731793495174
3.20523152334416,0.576757123080657,22.2863782487636,6.74170150374018,0.818953624450484,0.115908624028974,1,-0.187217658820149,0.451538630314778,0.905632722407277,0.139423102254633,0.668221241266795,0.151471585840416,0.836221671659487,0.152412706499789,0.602671746481919,0.20075555769059,0.838412636363016,0.223098273172721
3.17174807013824,0.544896021488484,20.7387486486803,5.86903144006921,0.0904542819216042,0.30545853861552,1,-0.592789000712594,0.419895073949735,1.09730991881025,0.136872195464967,0.555120313976442,0.144323097854935,0.8956090234692,0.186597946774312,0.527466543355114,0.257414916503599,0.665622690104414,0.189285688697364
2.73898247622139,0.492937694940089,20.059336086657,5.01247770224912,-0.038804092691435,0.212688365756231,1,-0.261933560614403,0.406070434838501,0.889779329606256,0.119544311041921,0.918382250021478,0.16690709243733,0.932820650885256,0.135046580699665,0.691952327736329,0.171755099272875,1.0081824317684,0.164443069792027
1.80807944612876,0.393303746197352,14.1012804248241,3.73217059962764,0.377160499849228,0.319722825161887,1,-0.0437746415670646,0.281179077465959,0.576176560343627,0.135218949240839,0.807981241799022,0.13700457537355,0.385320679701787,0.203093574062946,0.591918081503993,0.192465560934292,0.266171542720339,0.226730661426836
2.35632708314142,0.428913943797059,16.3669193900821,4.32609883814582,0.57256830008032,0.366574307041433,1,0.200858761887105,0.324914815154123,0.56682980451676,0.176589680750555,0.582398472652097,0.159041588961256,0.530815728065383,0.183244171666178,0.547816451188925,0.179949157851776,0.787461062749199,0.141000929252029
1.68372551446304,0.464327375839597,20.798691287199,5.17289168786214,0.53850345805806,0.361374496238495,1,-0.0479941934842209,0.344063800773987,0.480493097001565,0.149131270795824,0.70528085474175,0.145666054824065,0.605097738382566,0.17446348155408,0.688434419106448,0.142948885934883,0.568194006895821,0.210467370663876
1.61446297281493,0.467279212761379,23.5278129001391,6.22321757423567,0.590594044095108,0.307764743759666,1,-0.2567981691171,0.412070431259813,0.675401996511186,0.149458228031766,0.786304846688068,0.148540655249157,0.899415579200973,0.141514222274745,0.489205443747319,0.18376222875476,0.740889293502169,0.168205370012009
2.69252518261657,0.468703761204751,18.7378624840528,4.74556023314727,0.00258666949652797,0.255149496305902,1,-0.389363010641035,0.318186448889622,0.878640922340808,0.127239598048985,0.638923872706012,0.155353076716654,0.743324115699844,0.15114999568,0.82256436867972,0.155732691306812,0.424510654635875,0.195001212646713
2.18024013498881,0.373193316953378,11.7037079939354,2.97189029286314,0.436559911887768,0.336629094872044,1,-0.285771355861242,0.374534503924581,0.88139897222288,0.137542202010809,0.431828917644951,0.168109119478411,0.449340560783523,0.17881959514135,0.833333912202024,0.148050288770217,0.660186478464489,0.136003234035452
1.70825356639449,0.398337847311603,16.4032199717047,3.93197981676963,0.391721221580802,0.225451276301944,1,-0.606808075958153,0.362262721599905,0.876394647106591,0.120642340591248,0.615634869567957,0.144349557568315,0.519504659153774,0.142301289314825,0.687137364549936,0.151544194166912,0.744900426519741,0.149823841860804
1.47931254545629,0.360962947672672,13.5693339956905,3.64286994035285,0.123700762453707,0.294649450906036,1,0.283815906219787,0.350514437645329,0.513492449415287,0.191248596894872,0.853414412025049,0.112871376005381,0.782816261044633,0.14285325644654,0.42787435860247,0.197870123917745,0.845953096877464,0.184096376660482
1.56092944189656,0.451728464132711,20.0867028238777,5.75188964162464,0.465460165029341,0.22925149495415,1,-0.153689114576812,0.360791740930368,0.829707949098481,0.138612900005401,0.822867233530351,0.170065509225649,0.664738248297202,0.246707058595539,0.671992534772701,0.176032223335985,0.75460487580947,0.172400216780981
2.39134078776838,0.474593826053522,19.9463404495907,5.79709675939825,0.565795150414582,0.317894688754348,1,-0.175372700651946,0.353433222740139,0.719249485987722,0.152777533378299,0.629792690805679,0.144877878754186,0.6613109186487,0.201086496618865,0.576798606582699,0.208741042188439,0.89267389301212,0.17602349851803
1.24025704203908,0.429307809189409,19.5006476659772,5.08971331901426,0.0402166323648007,0.22280829565666,1,-0.185492835802801,0.292602287881227,0.604566684722275,0.170912798358606,0.500761642465866,0.150479483386193,0.826012691062033,0.109000919528655,0.79983650077763,0.136057308269982,0.715737767648576,0.196129450579053
1.2015452787521,0.393696647942239,16.0246831431506,4.23621339225762,0.188451422355856,0.294536996253887,1,0.155920079308127,0.328237183745285,0.881773653689516,0.115779113572551,0.344326376143508,0.179654764233234,0.703369088310572,0.153374354532259,0.58406905739998,0.192265632622889,0.545133070987024,0.186047327639365
1.81064526755679,0.356429433993354,11.3526644114061,3.04028939305155,0.0636221837949112,0.243488097785226,1,-0.26071393420568,0.361867569904727,0.782298005718884,0.119504677146678,0.83061583863441,0.142896458503022,0.580364037784833,0.192436343926967,0.673345576933647,0.157157384179014,0.280112632172849,0.21366026708312
1.41103737254679,0.345542900999801,12.429303692436,2.79834065699653,0.469525686985387,0.244289588443425,1,-0.366826397889674,0.267595515516277,0.74241584764082,0.124512165815962,0.622642246574481,0.126095366783918,0.830289117256026,0.134515993091662,0.730301481207365,0.162189065406053,0.928219038718225,0.151715232773454
2.12954816328125,0.414679339027089,15.1078861730616,4.1460408137408,0.586590019177286,0.368016799358232,1,-0.0741457024548578,0.431703227644452,0.648686949235026,0.145405894876077,0.666665185506937,0.178590456579969,0.66031250384635,0.159750445737173,0.678189065307736,0.167163057034258,0.63018382648057,0.174926510416094
2.36075638441373,0.404986784333157,15.5154633151772,3.65258732291474,0.366369039737728,0.228236119202883,1,-0.086264170819245,0.381361226287914,0.856666365477508,0.122678710365986,0.8525366543962,0.132545299940128,0.350739982694103,0.209627442092243,1.03722430213315,0.124207405147102,0.751597908704413,0.122459447138412
1.57782885665551,0.378037005156415,14.6320542190796,3.72550728438108,0.347044667129477,0.396345452343753,1,0.0138950389084026,0.333099903383665,0.684197317226302,0.117443477163362,0.706074695252861,0.143523716357157,0.623333839422105,0.15216613083577,0.505028596111234,0.170335501144047,0.680606532003306,0.180459625556107
1.12938574322816,0.461138601586077,22.194041403084,5.85490002839293,0.154141336637939,0.265901071393345,1,0.0983495940133946,0.394784475104394,0.406273987062095,0.178123739334553,0.724282515724344,0.171358902028279,0.643273286694863,0.171292830576259,0.943432275581986,0.15506396736688,0.860742058021397,0.164272010389549
1.85356752685059,0.395860131075585,15.8021091109376,4.24774133495781,0.197344446279166,0.321925570689841,1,0.709473682693528,0.481405273670587,0.611723518595419,0.21255814282224,0.589742379511579,0.143685074834013,0.796487447236299,0.133128024086555,0.357160096093176,0.188843294936528,0.919666339048691,0.133868633349918
2.64040362246847,0.424946067515283,15.8291242808568,3.87983333122417,0.387888654714604,0.181136145068959,1,0.319870670728573,0.295299063833089,0.968177709941649,0.136801011489385,0.771632329407499,0.117823693878086,0.790346736573653,0.141908311999664,0.519715910070592,0.164298212775566,0.934263357977574,0.168123020907201
2.09076353255281,0.361205134180712,11.3620583401805,2.95734123551772,0.208611945988028,0.26121768081651,1,0.628717675222112,0.304944999034745,0.216174086752746,0.194745966703797,0.569916383942707,0.136913849181479,0.665794214462616,0.14607552120223,0.790063876383266,0.139068312883702,0.691377634172355,0.170572183094797
1.75443680419229,0.299125515090575,8.18850552666953,1.88881275481673,0.45445580062484,0.287482175464681,1,-0.770006151156891,0.337237604515374,0.542984659761656,0.147665963425647,0.652747410621262,0.142138274309999,0.524368628880503,0.110974237888828,0.688919955799839,0.135456018121383,0.490557428572214,0.176455200585819
1.2689507073681,0.442531244156346,19.9133243119646,5.63592867167628,0.322356394878076,0.315596171589818,1,-0.325001084558839,0.355508083909174,0.916516114260327,0.103294840000712,0.512131382213703,0.174136672222208,0.964594301589751,0.190332109020109,0.770443158844042,0.217944338099218,0.8358822921122,0.214643163972564
2.10411612073577,0.468461443147444,20.9966117796533,5.4653409509791,0.242010557294465,0.408124061580563,1,0.237329401045072,0.329479629266738,0.891054996685889,0.134660071790428,0.907479668422917,0.150487518583889,0.810011416291462,0.177831617858567,0.801771117239334,0.145148705797915,0.807861593348468,0.195061321599342
1.89682534011998,0.43412647381485,18.2156829227295,4.4952871508996,0.721758846300969,0.190129045038679,1,-0.128880469757856,0.33401143390288,0.706173703731568,0.144649422960119,0.558847220949376,0.148822081866272,0.854430186560419,0.141896784791341,0.619541827937664,0.209959056100111,0.593113372193975,0.18876559245659
1.61572444504884,0.390269732859864,14.3684341031677,4.01376108273956,-0.00251629091420918,0.216140897694483,1,-0.315278832182419,0.324508156119795,0.875896491050243,0.111052573718947,0.737806621934431,0.168444530935235,0.581064461572433,0.1897483662549,0.341459310739126,0.2269017708907,0.758345692698364,0.179605404035638
2.31004579409001,0.436312617302504,17.1364401826812,4.39504225837513,0.209883880782702,0.365704155717425,1,0.436415615939168,0.423155051040408,0.549694513976965,0.182118961457871,0.829757106742772,0.13742559844713,0.801022278266818,0.131501311024184,0.655220257443152,0.157674091208164,0.667607440338078,0.173973071644046
1.68395133180018,0.323794278709517,10.1953081221217,2.14224869546217,0.0819735662973202,0.187977774350267,1,0.0150743594457786,0.311300831191614,0.612527500954457,0.164495906635334,0.442466901303589,0.156203775356969,0.662254125228701,0.119437300002247,0.638452671156079,0.119855213486324,0.583890742806212,0.123133270501925
1.86558567524687,0.393022592572568,16.0156726449847,3.92118615525661,0.0679971384442525,0.265983249476398,1,0.273435895745173,0.306932527342956,0.577266654543401,0.147088173428965,0.333953860284746,0.152363725334667,0.904097950867539,0.129347375413813,0.685348658832061,0.14715754821097,0.502053422256146,0.188625869879879
1.97909338488563,0.39300403009452,15.274802167873,3.71998408518041,0.10225372975866,0.218542931908791,1,0.317381905812472,0.365523657555167,0.816234256882898,0.127125633969902,0.444156193538752,0.196997244890529,0.79057837464473,0.167238582133351,0.826897449006023,0.133680878496279,0.840417002405265,0.153090633743757
2.02131774950246,0.380361601740845,11.873716958864,3.31995483510225,0.715808058265155,0.159540154145952,1,0.258406505385917,0.341363312627202,0.549753845721393,0.139578490860412,0.759075695358187,0.131917533957177,0.328302930880049,0.182201693473704,0.713679050749522,0.187099996532094,0.706538328141765,0.186154733459483
2.23626342923393,0.516342129322085,23.5954222639826,6.81469258230023,0.0790895260177972,0.35810697003569,1,0.0164729386615591,0.439923551229726,0.934642184632285,0.131182314247122,0.856676871552408,0.176267213322128,0.285078898449998,0.204910397845785,0.629891243760211,0.201713923544378,0.643193237544592,0.19330327338155
1.87693331846963,0.466979668152831,22.501856710206,5.87351825610881,0.308610951386582,0.298488687820508,1,-0.299218479211772,0.343178327519541,0.812029260860879,0.15762167110501,0.739179337461404,0.183422777241071,0.725024723249275,0.162609277940449,0.695665498031279,0.16245888868009,0.7177048301414,0.133683925404261
2.96679499164465,0.419917109768772,14.2915182869711,3.57516283350188,0.381828417792466,0.349579656545831,1,0.893268507847671,0.314684900128241,0.46696960288212,0.131347873725452,0.659888366965253,0.148025783170944,0.625944844237386,0.157047878781347,0.548598372030915,0.160669043701815,0.812771619880541,0.15142514187762
1.87669639898642,0.38439614012162,14.7832457033048,3.68479060564216,0.0688952559700686,0.211360239292521,1,-0.402965105949276,0.294022011764154,0.703753188377597,0.127924174047831,0.825704318424691,0.113949986617697,0.592788403499565,0.184721564784234,0.470240019358387,0.190382940361504,0.90343836628184,0.145549296634316
2.30309202936007,0.388419155596969,14.4352709091084,3.52072278426214,0.137606789972735,0.275376261609146,1,0.162465165108646,0.40074230187425,0.498323960305373,0.210301885238874,0.835967127193076,0.141052822587023,0.708924889501446,0.129303766767251,0.921562744051882,0.108333343720121,0.809271877585661,0.172507411245469
1.82271852654005,0.566768551334072,33.2344860244417,10.4282945518842,-0.00966185921925593,0.373176349813569,1,0.00771929036198784,0.441977315437596,0.910908399391336,0.176949430674689,0.757663346983125,0.182737612581403,1.06459215499083,0.131003995468668,0.684003492668152,0.217764946163157,0.909299773824263,0.153562699180491
2.09044321862715,0.447993117393061,19.5316577420938,5.02408938111981,0.121234444793307,0.266816826016638,1,-0.665670617477008,0.337341456679505,0.841789353114132,0.161901115767951,0.796496404326316,0.163758160309848,0.829988937767055,0.123313176723423,0.825833859295191,0.143082352911526,0.854032201828886,0.132355595473279
2.50485152827965,0.457732104390516,18.7542844761573,4.77967262126457,0.383363760438714,0.281866189229036,1,-0.0712801886904236,0.395827551762029,0.802232696040263,0.170392144037712,0.444839021022002,0.188576906930373,0.782032267585983,0.142515942692749,0.655863505655445,0.161823091756459,0.570955735009412,0.163726941861604
1.96970139002937,0.429100776946315,18.5123217651632,5.09443379640351,0.280262819957773,0.39223599296363,1,0.233378139436666,0.410057626222833,0.540297339109871,0.171536299581373,0.650284270201773,0.134048533635214,0.712915537519272,0.156889323413144,0.667794668494392,0.1872636613048,0.623874126697941,0.193705634131523
2.4496980808876,0.434228718342469,17.5949429121871,4.17580693845675,0.548030956801935,0.300756195212431,1,-0.135072181029052,0.321271530098782,0.874651730276449,0.136197607000916,0.81244253014852,0.140624806752836,0.929076604751196,0.129092094754964,0.986259166321477,0.136909076476217,0.591809233938435,0.203224440906835
2.13456950264591,0.39938376972381,13.5497349477426,3.51152157704025,0.838900166995829,0.113984412962973,1,0.317230321637281,0.38560261712182,0.752991628624001,0.142915783901603,0.663669226468674,0.150615320500037,0.403260680839006,0.179097418956,1.02693063075307,0.104637592180962,0.597142380727166,0.199568873104221
2.52488683989883,0.467117228890157,17.4522058925556,4.94071339891473,0.081609310901539,0.294161486133858,1,-0.201454691879021,0.294336364963877,0.75406137491585,0.135229124292532,0.896340323558294,0.14766433124971,0.773167059968071,0.198616998606151,0.624624858773444,0.198078454457495,0.450214821892781,0.210145697482093
1.77325895971487,0.405312063929129,16.2959038669963,3.92152638392399,0.144439905423955,0.223024290248237,1,-0.181170478320802,0.366877454129103,0.695409963338575,0.130000045785919,0.711077266544368,0.129493744814605,0.331543480276179,0.184099740106895,0.943082525599801,0.138983179485165,0.502117546694114,0.200921008766627
2.84840377112954,0.580202198749046,30.0633349652434,8.65753406710692,0.0912491504381926,0.39482894140372,1,-0.156793392260462,0.417096844124824,0.987612667472985,0.181892055472472,0.984476055784733,0.132977234794871,0.770392421525908,0.185051528969627,1.23166125325482,0.168888024191974,1.11523218901994,0.205455881998694
2.85237781840325,0.389420043086074,13.2980254607661,3.066456936972,0.178627666280923,0.208566750814721,1,0.272454475298496,0.29360224896593,0.622011050925949,0.135546398910768,0.666407656993421,0.141827311377463,0.711481744416252,0.132164668480597,0.628902958538512,0.145629546159726,0.567025093733067,0.163809501193907
1.45869651419867,0.422666239109568,18.7589319787891,4.4534701936439,0.476394491475838,0.436313884658968,1,0.339771961058913,0.354588781460766,0.6908394364388,0.156990039784424,0.682420158562789,0.1264537638126,0.555528993424522,0.172657070849137,0.615391365580457,0.200285700995289,1.17328390799112,0.119827216512396
1.88069057083816,0.433536409176394,17.6065397313625,4.40326550537026,-0.0268868971857336,0.246239058853366,1,-0.0158832914464504,0.327386542185488,0.791319754672312,0.148413273498584,0.522694235871402,0.157587361397555,0.532818932572266,0.17049130151867,0.83939443340707,0.175159327848789,0.756124945762031,0.163560096889137
2.25915205450845,0.402441522852251,14.5985855319454,3.66915723593321,0.125565014325102,0.196751885937344,1,0.0240991514832018,0.366115294609217,0.575743694803197,0.138850615472999,0.594463970356833,0.146735668276808,0.773716941162503,0.143283032506126,0.765860888427151,0.140666547338113,0.589262108378465,0.18350810340627
1.89757148688939,0.432708448235402,17.9283217431634,4.53895252618009,0.109448194158973,0.246511215279593,1,-0.207885642389492,0.277250206353232,0.831092151329129,0.103041055762951,0.467551314142693,0.173275378828885,0.67200471718876,0.144280110367252,0.467107337187723,0.221293402423014,0.785486790505478,0.209337723921612
2.57725165605603,0.460402740082888,20.6560657770712,5.37739783587423,0.313879448334944,0.381004507806848,1,0.260927331319694,0.369876594297312,0.591667787325399,0.172884841802491,1.06517260923626,0.129063446837896,0.468993515376646,0.211230829444391,0.942343478682774,0.147338534753591,0.711839504285787,0.166245730646547
1.6066269678403,0.377690089867079,13.8693997285547,3.58951124876187,0.428651576885454,0.37293767319252,1,-0.180841866834205,0.298464726357432,0.665825615836344,0.148445780570897,0.583146012229763,0.147665747953052,0.821344110715431,0.129003567748965,0.742197903663824,0.157174332684552,0.818979294446601,0.181264660618791
2.06111229884798,0.351554775288586,11.7973066623736,2.81446226683585,0.513683127942088,0.315950199209745,1,0.214334420516518,0.315138783210095,0.329105196275636,0.172122169664803,0.707106975326551,0.144312490101132,0.768953440627532,0.132388779608626,0.711057432072751,0.14003173545806,0.726003039816638,0.13170963198468
1.77746431536019,0.443482561433765,18.5017490195509,5.52038673018195,0.303595361644869,0.304314660785742,1,-0.0162999326142191,0.359974849963676,0.860710260014981,0.100980944889382,0.503952071994104,0.169996889720776,0.694573173860271,0.221383339795723,0.396006830728224,0.224862762452711,0.837082692218035,0.161717626600336
2.18641071502743,0.458369938621752,19.0791930618907,5.1402996771849,0.366111229995096,0.306644142719134,1,-0.174277509401948,0.356024850286273,0.866519009404725,0.12884339675471,0.785856911348656,0.175044032799794,0.479306438768373,0.188145184725402,0.434751683833133,0.22000010724972,0.721936528122434,0.192511064731273
2.77733154951433,0.45980403538591,13.874482455568,3.98091087408857,0.234356946265762,0.343952143535487,1,-0.10137426615047,0.403294990383168,0.612918413337846,0.187949004183886,0.645144605417169,0.198913415328499,0.379786646297844,0.197279072518675,0.690025097642172,0.159757698350629,0.701174757553796,0.148991678263702
2.25975186169402,0.556641710759084,30.2821239004708,8.80813650260117,0.744456495441602,0.155296014015356,1,-0.112643019217143,0.496720069460128,0.801157312708733,0.208357977441458,0.889246068660719,0.137079648982197,0.873769285993412,0.185314813217059,0.802962919885327,0.203194130268828,0.675111687501041,0.183740958983322
2.57745796118341,0.371511141960957,11.9426379909489,2.6637778905628,0.687252485958645,0.167613811586357,1,-0.452254219384749,0.399555404485072,0.660956816892522,0.168506566595283,0.578359941883733,0.14498364531316,0.738939561886983,0.100875286700164,0.875235589449746,0.122647373662134,0.726289975094642,0.154856012934417
1.53780030058927,0.379912981493802,14.9637494297807,4.07521556354064,0.175832445315007,0.354249512691371,1,0.0118289868983701,0.300860090091561,0.685118825705109,0.144486441935629,0.499207638415815,0.157725594442029,0.817463396931929,0.129529544446088,0.634531428769441,0.172404048249485,0.401216309409749,0.176780301410794
2.56111079492157,0.473288861172002,19.5934673492126,4.9877130099957,-0.228199131114423,0.209642433447354,1,-0.742882740124855,0.358649400358778,0.982487475987681,0.142575617929048,0.448337707933273,0.21417709106711,1.09961407250767,0.136356292566084,0.623651075221006,0.170493819819995,0.95568081851014,0.165190382458504
1.8829705155833,0.450841661338645,20.6759626907093,5.50934637023211,0.454419922835251,0.342337134321313,1,-0.321274433930115,0.3066081189494,0.780112362170949,0.133478031244659,0.866084575192408,0.171687825599478,0.58278006747352,0.153516244468293,0.680402743403,0.179325109350278,0.6628659764005,0.22649502682174
1.95566232307377,0.371621654368447,14.1046075468703,3.34749139692351,0.284242706142813,0.288165956290627,1,0.476198968956099,0.300872758707804,0.553793951745803,0.168521841095705,0.612721694118775,0.15205946404704,0.761948404475523,0.137197407635537,0.675190311359186,0.141744831352147,0.890215995865094,0.148341218652789
2.23309630532039,0.401764006531981,13.5468182818997,3.68665425372553,0.270010737577526,0.275374647736721,1,-0.148341957216432,0.371021277967991,0.547426584806517,0.182316717778378,0.455160141927714,0.169052092732013,0.588717275234728,0.171052405729491,0.637734972634816,0.16062787712602,0.715403114086259,0.165637963073357
2.34979690665115,0.354092456147163,10.2374148646182,2.49264501021329,0.37476879050952,0.376249505103504,1,0.164727124407593,0.340200902604954,0.742107408976113,0.15715114103685,0.471995869033614,0.153496460190979,0.705739907355891,0.153363553357994,0.632443995003593,0.145006239245288,0.517637039946883,0.171706358250463
2.62424993067737,0.420315409798854,15.7201754816294,3.92001665010614,0.484182084076213,0.377586472639482,1,0.459265878009486,0.343079865756317,0.452460549915102,0.17325429486905,0.752323273337444,0.16490364227123,0.835526064095379,0.158690667946641,0.710237917718379,0.162510781193985,0.613072375298851,0.157629160492335
2.33396993338004,0.43791558761835,16.9890776867673,4.76194124121975,0.164362549778039,0.270513738988301,1,0.419435628595638,0.362506102634893,0.561743592661412,0.152038726495819,0.628515421560088,0.167719962512471,0.488643185459434,0.189227771324922,0.905884701551064,0.136686382710178,0.796144776074002,0.183479107104923
2.54563864310896,0.451997610078881,17.2001392376256,4.26549027664476,-0.0157947230214706,0.251940569865377,1,-0.0584765897970577,0.351374986951558,0.87484598415591,0.106997817797776,0.899431333973685,0.15954649739482,0.794097533279242,0.179617815736144,0.874529325244904,0.162303946707206,0.679591040375188,0.195818969024941
2.94613593237404,0.544398573887073,20.6398357263776,5.97217574782591,0.718362103995173,0.202125615759977,1,0.822707557738418,0.408230690005498,0.659656858786994,0.136770805095186,0.871147762981031,0.141523993265704,0.692304128696367,0.201794177589585,0.841002998037514,0.2068722225145,0.859237148051753,0.184732775821015
1.86569252074911,0.416893022998238,15.9132761894754,3.85758665515894,0.416060757742622,0.3011881679471,1,-0.206761961763325,0.357655791501469,0.697038009597432,0.131370310184954,0.799919621094222,0.14712562097783,0.705073199977808,0.137826959514128,0.569581441504089,0.172756586576964,0.843724613867289,0.187481621777031
2.58697779794909,0.45485139993423,17.7956028189223,4.48980290812677,0.307978262013956,0.288763574290037,1,0.0358256237337412,0.396478423124227,0.515935439595252,0.17835019105385,0.598339796943264,0.140387826580793,0.728180299624266,0.152632208098498,0.620275885549573,0.159494958178903,0.708959149146535,0.164423357941286
1.62100862460599,0.401891072930879,15.8496194992192,4.19717713110696,0.307946725658104,0.351880589054256,1,-0.353314847859566,0.266708152345611,0.747582516480068,0.128252184042267,0.717442052481681,0.161045707579819,0.182097958566158,0.202593070462691,0.85512078646937,0.148100084738526,0.605809412724567,0.18887318706999
2.11198083024758,0.404334620414057,16.0457850012355,3.61243335590214,0.742518934785601,0.147353037728947,1,-0.304258331716211,0.322973238927305,0.912461894662157,0.105601642015433,0.687183530447704,0.137188472578722,0.749931071307812,0.171731043563653,0.74309145222975,0.166785754915377,0.896166797295629,0.132759475943853
1.84259843136264,0.345364220305471,12.1616734516006,2.83989529072268,0.378198233559101,0.283842655859721,1,0.255697633271642,0.296194612789181,0.161173100671185,0.185619178598747,0.727260397028459,0.123826666774011,0.653869365088675,0.131425299607801,0.822497135089003,0.115548281991013,0.892153398099148,0.136244243229655
2.7258137989888,0.54442617802269,26.2696083374409,7.51069897166385,0.00689628346170177,0.289265794333229,1,-0.190984815160381,0.315945437975325,1.03041282757106,0.127249418492007,0.74141851319355,0.163488983965325,1.16618994329166,0.157739319805718,1.08818518689261,0.174792557241044,0.968709520636625,0.22038941378021
2.06458182103115,0.420479172292031,16.7891555768235,4.05836804874104,0.328603089079382,0.314528186677647,1,-0.559359276053646,0.327028483869067,0.914609618111962,0.149798679013277,0.45351981900918,0.147704280994787,0.806425628491267,0.131584696994887,0.571904927707304,0.178526171093427,0.801955326566268,0.150673454236298
2.34123235911166,0.384870425520644,12.9722070583693,3.25068727928435,-0.0820129589581873,0.211122226209542,1,0.0592185357459044,0.293271713033046,0.736826039936535,0.130783793153084,0.723323960573739,0.122617252081018,0.790648178708236,0.130409488398792,0.580841203102079,0.156224054509625,0.436570358706578,0.214934171002849
2.08376912216996,0.389857259925178,13.7229094728182,3.41391927965484,0.0697549363819972,0.238923267777743,1,-0.0946519506499811,0.238102475013362,0.86821630187643,0.128779642511742,0.808080974373763,0.138797226824722,0.824666144084533,0.150901116980706,0.738583203771428,0.17345520843124,0.929302957211195,0.149117102076084
1.8943025974718,0.408427587609844,16.7511489717213,4.42782789363752,0.0831630825770138,0.206523636406703,1,0.110353453178185,0.397431190118002,0.649664386985031,0.169818275949747,0.816393279162065,0.141449561604537,0.862547488600863,0.126878532228586,0.840776596463772,0.157156958189102,0.709605295022835,0.171930894995438
1.92624790199919,0.503662855198222,24.894020624556,6.5576695653898,0.654234656724669,0.267659882578577,1,0.426102888192789,0.376635599721558,0.788981665222738,0.132779709345471,0.599818133565923,0.181029516746616,0.588895604923188,0.175065951438266,0.612853268851896,0.156786298172998,0.721715987871978,0.179657637103675
1.75303992084346,0.3904509797614,15.1755772935534,3.93886550569444,0.751866538095076,0.220398158425134,1,-0.2794969944309,0.402813748035645,0.667466501356545,0.147920748511692,0.796573014933403,0.135429674072496,0.478022080167808,0.172246672376155,0.729181120172134,0.158941287879533,0.837096193667948,0.162875558782857
2.23562970106681,0.374884949879185,11.9510160942261,2.86961753228405,0.270990564784569,0.236672865601921,1,0.210563729662277,0.363609627301476,0.566467133441436,0.173537432872349,0.708981877027896,0.119584093069623,0.571080790233573,0.162993128825764,0.423855906577852,0.152978443054604,0.911206644816294,0.143131080232177
1.60434725302917,0.412312618744084,16.8519179147748,4.59196671226329,0.372517598690934,0.332847411250429,1,0.334682325981205,0.309160584445817,0.608132563988884,0.141730350202055,0.266595122199243,0.192717524780266,0.532670774802024,0.186892555686469,0.620376599303113,0.184701295555213,0.653467858196989,0.224753249758683
2.44806633694234,0.369179754204263,11.6837104052861,2.94845066228095,0.0437369274019445,0.182796667746483,1,-0.195949273948301,0.314308814057941,0.927356467849944,0.13190070959499,0.810458197989189,0.124500434814276,0.777917519233127,0.135466815814242,0.331150698895935,0.193096720314629,0.874630092480721,0.146317830359704
1.76210935775051,0.433289210706843,18.4914834992526,4.78294727580749,0.561956440373126,0.28298010567357,1,-0.55611920559835,0.312825186932255,0.843155225690618,0.107859364810509,0.703681801109223,0.158620753334211,0.444533783379914,0.18142509849983,0.660104993242457,0.177170681328526,0.88185387706308,0.162795770567891
1.818363126776,0.380471786748333,13.661639143009,3.23438135787062,0.214995388495257,0.241979958835865,1,0.206389408294933,0.321821367417009,0.544659987627548,0.164210247981634,0.71149131482294,0.123484795736205,0.485090976207477,0.157663986051301,0.794755872433359,0.145710586995881,0.682766624199628,0.152274069367444
1.37180121802399,0.356017951059328,12.6806173118607,3.15724908016525,0.763517041694898,0.17462451232438,1,-0.264367825851382,0.405813664285333,0.572814591362464,0.192253775566883,0.793274713032212,0.131912661121644,0.537659891671905,0.156149379099607,0.832884654196976,0.146177417181718,0.638135520454818,0.158976458280394
2.06027288918118,0.354075056585666,12.1830990810143,2.76646767740927,0.351181937453894,0.320514148696213,1,-0.0608851711072509,0.270297485136941,0.792674364557783,0.116864313141604,0.506632446576393,0.155547052469242,0.748090334487356,0.1367821963754,0.726901450071438,0.140139234323059,0.531892110317249,0.177297487910749
2.15820872288079,0.417247550507116,15.3088046939333,3.88899164842893,-0.095021846940168,0.203798813393762,1,-0.0477209113606427,0.359545683749694,0.33414630355833,0.187436352700681,0.533566875529528,0.156471603314976,0.926721703177337,0.127905601755417,0.670582453267451,0.155312137723491,0.720895270474843,0.145104891435704
2.4907794316352,0.36134269722881,11.2506593928016,2.5220296981667,0.300546801477716,0.183538585214338,1,0.434817244359198,0.27820920016473,0.395351911624687,0.13956214217171,0.631172741324398,0.135984447106929,0.803866632948427,0.122295676222722,0.747511828987634,0.13909926781706,0.61899318723532,0.15716544327767
2.31560347757932,0.372280267996626,11.9867989230119,3.00700317365746,0.0769319248436981,0.274170119490686,1,0.173528970347149,0.309727922000079,0.603552190845069,0.144909827597096,0.590752029816873,0.150692949092994,0.544997905261725,0.158765592105688,0.701243079768629,0.146788362906093,0.662329230964564,0.166505729053609
1.99447657898707,0.429096160019471,17.411251814528,5.11430599528215,0.456103378112775,0.259243082056108,1,-0.138622037896083,0.308985536883081,0.542770648429018,0.200655858802641,0.866708411208503,0.138237975947518,0.39481973305443,0.147107821303107,0.717329786286797,0.166328911065474,0.420249513352,0.189089753421255
2.43967512753132,0.432203607798575,17.3978073544455,4.29258009920198,0.222702290528008,0.228348373076863,1,0.564636548716966,0.463413056368442,0.832695102896375,0.184685665823974,0.754226446564849,0.143202114098515,0.728437711801728,0.123134456144686,0.85558641130571,0.127893443284297,0.500442539678706,0.183088237465476
1.69263732587463,0.373909503691376,13.5739794037901,3.65010427005458,0.0487368785026121,0.216649954675174,1,-0.137458113805996,0.330428650722543,0.990689943289225,0.115452226182886,0.452136465400413,0.145286036022913,0.671862224913931,0.171840999604413,0.699634352127778,0.202913925019292,0.859918239301767,0.16052644763949
1.69720884017816,0.339679226636265,10.0848818511316,2.41318443922314,0.291017085057725,0.229740885363878,1,-0.465097802182006,0.297510750355171,0.675722645186887,0.11681060891884,0.51083094300672,0.138354464281496,0.778702637383378,0.149753556437914,0.538501256865403,0.182523505178022,0.124376874820523,0.225235386701215
1.9852433142093,0.370732406021971,13.5132657870143,3.35185083062096,0.265609462178261,0.286798989462856,1,0.218914955748007,0.327974242305387,0.592014956149033,0.14779391703402,0.545733877811104,0.152164400220909,0.721163110835012,0.131269261599064,0.628021181899352,0.164754839873921,0.785773698849734,0.131116663823835
2.50297504271434,0.40036142039634,14.9546416118044,3.70705545536415,0.452151285711245,0.326075886002018,1,0.015469979825027,0.281889278949857,0.940534841458246,0.109135815057213,0.630571752382221,0.121264699134006,0.813506596008668,0.154637510215328,0.683631411331314,0.180176604974457,0.778556258148939,0.176406619436109
1.47014466690392,0.347999301865046,12.5176051411588,2.91030526292436,0.267985842222702,0.241658303437204,1,-0.0834549029940385,0.281050113582613,0.45459960896607,0.155830657691081,0.616492859626419,0.130612295066296,0.623167833135717,0.133856722183097,0.681384751747872,0.137669838570814,0.60941568300814,0.151065379054561
1.69774765877547,0.383431913060032,13.7439360204005,3.45068008602837,0.704980168896801,0.224494288839637,1,0.0039218354144208,0.329308670688447,0.719154345465946,0.137531176568577,0.678906190069956,0.158509937119992,0.781898924511804,0.148339302400011,0.620584519999264,0.164265220772564,0.864943220131755,0.162620970795937
1.72001337055416,0.402369763988196,16.3568678821266,3.69781415671792,0.469159225599248,0.257951891413969,1,-0.0396402068466883,0.290210923807818,0.756830368708563,0.131361030154875,0.883559054809564,0.109064648544464,0.611984880968436,0.138089184826293,0.772347446996998,0.139515150666784,0.746793833092729,0.177303108602222
2.67135520568213,0.415921410285505,16.3642968231216,3.73079290424833,-0.0989658324257241,0.182777829784119,1,0.731615730703396,0.350653127910564,0.697722799083356,0.148669678624104,0.86677222146073,0.127578305607692,0.905235885605322,0.117441479945017,0.706485473669882,0.149788391244884,1.21277155033101,0.128609171675536
1.2796623779038,0.463305108692694,21.0754542743346,5.95225715492018,0.390565195593375,0.405832385335636,1,-0.403957620880642,0.328242543024497,0.989323593391678,0.14210693528266,0.74999040059253,0.132800939046492,0.623496633262708,0.205779066880749,0.535400461792051,0.213814902686115,0.382327947607789,0.259564785243301
1.9884259074688,0.356068938998375,11.3895904765462,2.75865184899603,0.783461580844623,0.119027263795453,1,-0.209649559457515,0.345792833238493,0.671608036195646,0.124986152848179,0.610772134369267,0.116030953875371,0.841341705808641,0.135270279721983,0.465460548844594,0.175996530631435,0.360411810970803,0.206816266739314
2.02168147731793,0.384669252075814,13.567065220866,3.35776769028492,0.361231213189068,0.285025927139344,1,0.131282575049762,0.323541179847368,0.815642454811701,0.118950179721588,0.525835775497449,0.141679291052078,0.87662899628061,0.138206991440188,0.799498741334462,0.172121467006831,0.633791956377784,0.19227495100873
2.29108825383263,0.473827774002345,21.5205051622721,5.70195439815089,0.34462978845261,0.399531794423284,1,0.481263646369352,0.295627098613204,0.588668947740097,0.156543306029138,1.03688599376705,0.133728968759574,0.565197014585611,0.169318285826473,0.557709961293909,0.165127350470092,0.879941149631661,0.137789374344185
1.47960870338555,0.358093640602415,13.1963725925227,3.35757097322178,0.499718506807768,0.385813226016142,1,0.20306357932029,0.351070141939725,0.580852759209737,0.166368235321776,0.623778039543698,0.183078972099881,0.271135555265151,0.18736163591624,0.928034443805442,0.129176118769276,0.386166479785629,0.174891354870234
2.34901978543502,0.483641683597029,21.0754283353706,5.96600426617365,0.166841907422102,0.318557857886445,1,-0.157903874822282,0.32860176956137,0.72546095563759,0.153823650054509,0.817110916444466,0.17440571531889,0.862836403489936,0.141063364660328,0.53116030655191,0.192768745471681,0.787537461203485,0.187648577047612
2.90532757773259,0.49517319698387,20.5716143682071,5.50649271683215,0.101542965298879,0.311613694259149,1,0.227493814781506,0.311123709267391,0.693954866301224,0.148299979489975,0.507610176675301,0.17310395156433,0.77248462168581,0.158959744590036,0.775488796991589,0.16288305741966,0.684395734161214,0.162199023354357
1.86192717868015,0.450048169480557,21.1413360544162,5.40690391848946,0.311289709048997,0.317452404887221,1,-0.08878276360147,0.348617008009625,0.823794812512725,0.14873256304089,0.900071981090953,0.153959105691218,0.564312828292131,0.167649553526419,1.00395596371262,0.145735083337514,0.736549984784911,0.176499561722732
1.8639786907142,0.524443913861848,27.8221275577585,7.98045868703113,0.187150976027305,0.337202993002276,1,0.078085743557938,0.340853745096512,0.731088750903206,0.144161215787724,0.783284845970696,0.168105770776542,0.738346501073913,0.170530735428265,0.856167524580535,0.17840113215359,0.841231472515451,0.182535168092166
2.45221005914279,0.487953110205615,23.1381108095974,5.78103293386576,0.158470589308373,0.307656390143351,1,0.0774087626085234,0.291952491076184,0.55685224787557,0.154268986472516,0.828782808963619,0.121738850264413,0.684675563584427,0.164367642733299,0.887199298822142,0.178541075438187,0.830593256034269,0.186023038765135
1.71314931881324,0.359750319696943,12.1276037343387,3.07005171629441,0.40397235409743,0.256719461136988,1,0.0793676472646809,0.460290450083,0.502616010958752,0.196266964882008,0.634881822068849,0.173092359433151,0.501860777871368,0.149400894592279,0.725525003097104,0.127496804318876,0.59481549292489,0.166368971376153
1.51774173156801,0.434380374377465,18.9708382866009,5.06436701042814,0.160076074355254,0.389686469967969,1,-0.2069209472501,0.356520529776954,0.311704379119967,0.201526054645323,0.881734071955508,0.152353009296508,0.552399188495616,0.172288736970482,0.717022887253018,0.175783758527842,0.560436893416335,0.196201578195663
2.11985392258103,0.354841240190096,11.6667852761981,2.74555644291243,0.0883326289943675,0.224285860656804,1,0.299453694940167,0.302166537077056,0.610476212974242,0.135146937258732,0.459588692942449,0.1531249070219,0.653467208760249,0.157683555975074,0.734170726000837,0.143665157354397,0.764049075694354,0.151479840834309
1.80862185415335,0.380287879109004,14.0742157056306,3.25629602153828,0.235405620010121,0.218677883037433,1,0.223982003152852,0.344655085418881,0.561081878174812,0.149345046614623,0.658426837317184,0.135109451847913,0.794518201298788,0.11828319929953,0.520807260336689,0.165509840929486,0.712030609187374,0.165109272657124
1.77726230423973,0.356785404258327,11.992451163279,2.74571141561622,0.250655430360981,0.23306656136032,1,0.0474378944483047,0.320732975272141,0.775270251354273,0.124518912408385,0.716436222777237,0.114356624246721,0.781986100463558,0.144717891826794,0.611129590309686,0.153314545348132,0.802273091357509,0.16686210564518
2.34795750305288,0.406610931408958,15.7306135991797,3.70149056062302,0.298342740641656,0.245983204188871,1,-0.00910929696373979,0.33399355043577,0.631052911980675,0.180992655013937,0.965754547207881,0.121328130726538,0.642857508533671,0.125807044869124,0.606218134726856,0.13879328823148,0.700866959687916,0.171147294529232
1.80186715952753,0.382691491234728,15.167232713815,4.00658700747896,-0.0618194394737492,0.187778664883222,1,-0.130762960355173,0.332856069275483,0.786890646490377,0.152099817731698,0.543544171667782,0.173587070148442,0.648080643528085,0.146179151719773,0.745327258097174,0.13799378039863,0.505838524475086,0.157891675142555
2.20275781760818,0.370191243283959,11.8084147700634,2.80560340154831,-0.0885184626535471,0.205677099898005,1,-0.256919419287666,0.314865205386958,0.723400350237595,0.1361114010454,0.859021858657273,0.121307130564661,0.897008975299705,0.123015531921955,0.56093529299083,0.167177752156877,0.681348680725388,0.194075613176496
1.996710457885,0.376436188955,13.86617662515,3.43050729278456,0.453016815187575,0.347199678555293,1,0.106139048842077,0.291242626320452,0.68529776531132,0.142523635049419,0.569191690833244,0.161289670133485,0.90536682686369,0.128488155190146,0.742135757612866,0.137175891776281,0.421001943366532,0.173455477078669
2.14391398547087,0.388236922084556,13.8671235145833,3.3925451953256,0.352807269614969,0.358966694021606,1,-0.240515718504945,0.346084890487778,0.78281944743791,0.138206372433641,0.713323479170073,0.123607470351998,0.887577888472937,0.144046946180632,0.814784562747304,0.145019467951024,0.661832616255208,0.184557010623486
1.6326097763644,0.329539961908171,10.4900824968764,2.39379254599447,0.225199123397068,0.251905270480685,1,-0.185697114188162,0.327425846327934,0.745628771590064,0.121016560355413,0.601966682871421,0.140631423812249,0.788157834285632,0.13875055306341,0.741544519624456,0.130026302153598,0.504526304795667,0.175436091759132
2.05345856645883,0.464706850758219,22.2693431227569,5.69909471232772,0.281184897653955,0.35905758749303,1,0.0860719084573182,0.264110655778148,0.893085193714507,0.112963714906647,0.766504788223503,0.185566367553507,0.806019237126947,0.177010358665126,0.729957944287804,0.160904037950306,0.941479365170628,0.168673934241678
1.9546571171665,0.388808617286462,14.5501305506198,3.70213581084344,0.260642457455413,0.187337923782554,1,-0.217610852437559,0.367232764517988,0.763294562845831,0.11977780477404,0.313254166330216,0.147370793155798,0.557300458416033,0.158680931288813,0.582605361560343,0.184903740547896,0.451939053363884,0.19595576992447
2.03048377144361,0.439382893697394,19.8786661849661,5.26744743757643,0.141487291212404,0.285339937724766,1,-0.117558327268094,0.303110129558017,0.39156368936982,0.179446056669238,0.903766787737122,0.132238126458693,0.413858688318522,0.158056995652474,0.855251191863934,0.148836045163956,0.4316116358056,0.230769314892705
1.84901371275317,0.358650565608317,13.008302376044,3.12796750322672,0.281419219339412,0.348227723954588,1,0.0634816914841586,0.284763675425657,0.760658762389855,0.134729937616414,0.865629135376955,0.0965863975533405,0.668164005412001,0.16944096859779,0.918696531247014,0.175838083238374,0.50889044189261,0.208106295015416
1.75714720937199,0.445058122457613,20.0664511048239,5.29474729941322,0.139034111737723,0.253272001685703,1,-0.375407531472257,0.289690590351721,0.659727872528161,0.145117999527919,0.886429467989759,0.134979973941568,0.746501364378019,0.143666427708478,0.809852159542371,0.145022103521515,0.830546580204914,0.197222035651913
2.52968427035131,0.490089201815708,22.6426866532824,5.75284902605649,0.0897730907112235,0.293953157739611,1,0.433351018777113,0.405068662967217,0.973016639039085,0.129332701022302,0.68377135191599,0.190056511840984,0.864356387267537,0.145309361578316,0.9063881336593,0.151563968761753,0.815743073534023,0.159220416066987
2.17346952518345,0.471671364691387,19.5682162046342,5.54042597067034,0.811741201250014,0.140811862275548,1,0.0780699823966075,0.423436307329691,0.894571088639644,0.149980893226269,0.769672683212715,0.185660758356204,0.685252644742031,0.17015572007311,0.767384148320293,0.19886000526355,0.737424285863759,0.172967192324193
2.07817510954151,0.386260043637786,14.5877779856937,3.49344604588611,0.195929668717261,0.235097220993669,1,0.0459918581256604,0.234680683801361,0.630552806643409,0.129663345265357,0.73279949924456,0.146080178272399,0.693901843718416,0.156552011569194,0.617304901988515,0.155152416737103,0.87465249457252,0.144227438491044
2.11596586272713,0.467566905880343,19.901049692767,5.11013311013465,0.064812557532535,0.269851166437236,1,0.482590982474724,0.461462758837875,0.632435080710361,0.16242763583573,0.548425889532499,0.156067453446616,0.835260040309773,0.162063921202086,0.983888107425943,0.142122195968848,0.788549735036293,0.168766175522616
1.88990255203051,0.412442497560421,13.8490121484992,4.04421154810849,-0.329845740333676,0.174246070699901,1,-0.584622892418057,0.356121556013584,0.656558093971664,0.124198041815772,0.917727294066121,0.154972980050144,0.608478001777822,0.202707393628677,0.491712512083807,0.204111384857957,0.550096075143599,0.215066761811132
2.93117446931131,0.476600455183902,18.2007322968994,4.93411829110895,0.210522209574412,0.262551902890027,1,-0.258163228209393,0.345134243959232,0.946095347567807,0.103960551888085,0.823882211670897,0.148204134815106,0.633292429086206,0.173198074039047,0.656044634177238,0.22828799049766,0.716630101702546,0.187716186212472
1.97370379163863,0.533608655981262,28.7537177692559,7.74613693619846,-0.0736123792272737,0.292799646970314,1,0.17520858489247,0.396518471843168,0.771846874953069,0.181008106853865,0.876965996599026,0.150884328750974,0.728214017479229,0.167820302210614,0.823087897800856,0.147115687259753,0.827599409478469,0.145432638294679
1.94281466370499,0.353879293945604,10.9013125518415,2.67434717431765,-0.0885000133851405,0.216684140224499,1,-0.23981344292297,0.294739920736036,0.632197498783238,0.134092885135842,0.786319519871028,0.154659201912168,0.692785184825167,0.132199187219136,0.5862200445362,0.153038649102396,0.877941806873025,0.149806576044978
1.93425019604485,0.381494796130557,14.4161193838955,3.33962574667928,0.856323567491349,0.0767043971168073,1,-0.365584495574807,0.410722416917727,0.646789547279157,0.152675701099882,0.920048658180504,0.145533434225845,0.593447473182645,0.142120672441643,0.814134471293385,0.139118487186297,0.556127171488373,0.153886055152663
2.10889092703479,0.437550527986415,19.4334154804783,5.33400938929756,0.600469756425008,0.341198941667495,1,-0.347257261890756,0.367450835863897,0.776811920633932,0.154770403907396,0.917150967981558,0.150298439457323,0.541775724199148,0.192049670695099,0.857105529789098,0.17133580282585,0.609876872463773,0.188737063695836
1.6568316723053,0.424624926910627,18.545992076958,4.71576158939645,0.223071847398659,0.202829840760076,1,-0.132141738727684,0.314442501661333,0.732863834139572,0.164656754149124,0.547352765151624,0.175006764195754,0.592431167259666,0.14241313235769,0.709436131828959,0.153598368560269,0.918444535591732,0.151119914853467
1.53095052615106,0.313417643212761,10.0370077980629,2.3413634884218,0.514304109107116,0.235483617036554,1,0.0257084196634334,0.26211802535923,0.831643170079029,0.112117936607347,0.847644863620944,0.112733616002243,0.642390871042496,0.12951804721712,0.329213199771797,0.199983052040264,0.611627779784958,0.207583206694128
1.87153094479529,0.413442654059031,17.5366296108883,4.8468661312979,0.0726219333433711,0.278371899933301,1,-0.170301965955383,0.381562291770984,0.597159419076267,0.175854832643168,0.558285492711283,0.141418495491175,0.695767791466411,0.149993287060303,0.652196830079439,0.16678391803775,0.759418015660555,0.139197298997378
2.52287924503845,0.448530430134689,18.8004861618458,4.81209712314516,0.0258055565344835,0.275879700380963,1,0.0109047041444352,0.274774688677978,0.712982458636267,0.139987291999216,0.768481004379726,0.149289478735968,0.706611912169797,0.139063567735719,0.83353379650865,0.146452454768896,0.714620548983859,0.179827667496893
1.78577137869108,0.30716349697011,9.49894372692235,2.17130565312846,0.599813475795532,0.265862144126151,1,0.0919041374011374,0.300775429854829,0.957769637448333,0.122284670471341,0.374112743212488,0.148423505229659,0.786572324923808,0.130298966048992,0.668428222315989,0.135702565675878,0.573372356320578,0.167498670582737
2.08844290562581,0.392773140456623,13.3852578279161,3.16793453060447,0.026974978679447,0.206334132578444,1,0.272224449943067,0.286119796845593,0.657432700460344,0.115206579107219,0.574893996434009,0.148635282855446,0.688542891527834,0.119739801618208,0.84292633844586,0.151877248666726,0.442324685698284,0.192539679049121
2.07326991307251,0.519920954434456,24.5120771252544,7.61619362056989,-0.191423004795621,0.293895183722793,1,0.811175615466304,0.366560965487916,0.751111380497037,0.16096444802926,0.723972810672707,0.187014898091569,1.17500327482206,0.160658534112497,0.742541121922193,0.15931788750397,0.513960051617972,0.22889338144969
2.14710329157388,0.349824477503134,11.6947052978735,2.69142450851205,0.202424630059218,0.216443103388307,1,0.301833502461868,0.282817248858677,0.601530420076838,0.139140805103889,0.685828694308235,0.133651825407872,0.832493826550353,0.143259452695231,0.642743815361747,0.14015221358131,0.648442871254925,0.149092158911368
2.4167231799735,0.45420582184856,17.2523566618083,4.54518732576164,0.463520172925926,0.41264970422591,1,0.0559927004749389,0.353685156490058,0.751535523594131,0.15059020114365,0.703519654951285,0.151916997522739,0.86450610442521,0.160848738216896,0.431826767794968,0.173884982241429,0.564236596946824,0.201290555427768
1.7608285890857,0.374513492659644,13.4784945589409,3.57087828365467,0.277736965442151,0.287671966286281,1,-0.242626473226197,0.274164293656966,0.530076772189656,0.145590548228297,0.79835086529913,0.114334351084863,0.661026568041828,0.161156966553392,0.424889577135294,0.167660232433669,0.742174782455879,0.179915710019348
1.76995123173958,0.430442043258178,17.5857247279913,4.44468185164478,0.0770277006971571,0.313193761330423,1,-0.467314983698433,0.325833526291555,0.721514248925967,0.119447277425917,0.733706624511791,0.145849246787988,0.715534037851731,0.17082358116132,0.878283493355341,0.167157707185709,0.51000500125384,0.197162451871368
2.24177418134285,0.446487196724365,18.0627607848166,4.56279632519107,0.507911525041972,0.32801290445743,1,-0.00552628554194667,0.374289063136831,0.694844288153235,0.118921307506091,0.90252703020786,0.131886411218516,0.769602099332663,0.169850507446939,0.84699463979862,0.164091536864246,0.594472673784506,0.167891699824578
1.85588583863385,0.413169055137566,14.9636092479121,3.9513868041309,0.181337644152975,0.301159478305197,1,-0.573828124580495,0.372251893744894,0.914983547136455,0.157693013928532,0.526692100606357,0.152956952631015,0.884628393807134,0.134671417495877,0.533631266508383,0.169228933066071,0.750767773584385,0.193513728274167
2.64551219199631,0.442829166901939,16.3145671580327,4.16625031204934,0.901215537231103,0.0511848304491023,1,-0.0877045650656794,0.432378893833179,0.961922467208631,0.127272644619311,0.928325261067863,0.137345316127139,0.990261628919245,0.142664784507277,0.933812304895114,0.152837232924414,0.607275183295705,0.142373755221354
1.81038493830271,0.380855429187987,14.6558405821622,3.61096759454837,0.157990138392913,0.233551179371,1,0.10599103501853,0.317920150237552,0.511976869014532,0.156147841864311,0.670211986754,0.139949013100752,0.789682988971462,0.139247087838356,0.728054473427526,0.165390202799639,0.380839680304575,0.2005610216665
2.68570373009893,0.384546503510237,11.4224574008165,2.67493970394433,0.396605832377122,0.267979776776151,1,0.0221723692306243,0.335328469239384,0.722092653799275,0.141036232260881,0.653588585249767,0.119056084393627,0.823000622094689,0.12414272096379,0.640633937938607,0.148670313723291,0.793051925103402,0.159412406575986
2.52633870511133,0.413319119789003,14.7911037035746,3.67313800217854,0.184068406794907,0.269560093666696,1,-0.2271388418405,0.299711769402055,0.742663252031739,0.132537783101235,0.774924204552903,0.132803576273901,0.664642400601192,0.161542451350492,0.682580053097144,0.170156206572786,0.761702301752292,0.173389462075449
1.69224167453478,0.393616349910513,15.635533784127,4.39339520112243,0.159189925332646,0.307673676284946,1,0.37415726424217,0.272163241485707,0.628312573833478,0.165498520679974,0.527829423951505,0.150960819630252,0.495219109366283,0.170973449745902,0.849378492040366,0.138331121378463,0.548070980895856,0.168735277270847
2.41543477444446,0.379417564143948,11.0657694584357,2.89250777422165,0.0393623007738638,0.25872048577034,1,0.0759811296027638,0.233590723820479,0.933572734455991,0.139446624993537,0.65317061244453,0.155218994804603,0.919139957816116,0.152836852759707,0.834482351054338,0.157403425967107,0.587652855523439,0.174925934357529
2.2979903310368,0.441570458764812,18.8503182899289,4.52553718413643,-0.0682388609943589,0.181625978937256,1,0.20608132233143,0.35626430091307,0.76634477089152,0.131254767960599,0.844054795482773,0.121044783515105,0.570590649916385,0.173228104377833,0.72066122212843,0.155768061060176,0.682076199160355,0.149029157509563
1.80122239755158,0.411225016951026,16.2831326139396,4.06196125945524,0.753452264868661,0.107860492443074,1,0.228262046718417,0.36464812812022,0.730641837057646,0.122993278132613,0.617311129822728,0.15585986143007,0.664663960944663,0.175855721038062,0.681034244338226,0.160341405451564,0.782327387993747,0.199742365873939
1.87065012393835,0.393185529784745,15.5112064213878,3.97672212992729,0.240443543675931,0.346980141817833,1,0.224462644924577,0.359140069666428,0.730274693410147,0.145259782714456,0.755606772609866,0.145088102416622,0.78160889305185,0.136119016132273,0.658494529688309,0.156135427869588,0.736756342483838,0.15254140259052
2.1204055554,0.518711408628769,26.3317510352226,8.42326132040072,0.0915197618384131,0.377197264041801,1,0.0205969916509979,0.383328750151508,0.845484122384824,0.164194056442706,0.784455361487669,0.166462242099843,0.751442184258542,0.212651111297466,0.869664244153675,0.154404239066019,0.561316554865936,0.192598303238795
1.57926623750426,0.421441552461214,17.8702380265207,4.70504833956306,-0.106503498719173,0.21217330597342,1,-0.71131954796017,0.323222448811241,0.926218604144249,0.122354678658786,0.592349980301332,0.154806364982751,0.737093220746303,0.141842832037984,0.609212537452169,0.182984102224258,0.519979833602078,0.215152345717199
2.55385121869804,0.403179867807983,14.6575478386338,3.40985542621484,0.16696658962624,0.208051822345413,1,-0.437172397492291,0.418161917399624,0.781956391754012,0.157752566798387,0.720047138548461,0.147328428500249,0.677404543401365,0.149555128364303,0.642356567827819,0.131203150994119,0.696561241114738,0.132428208483073
2.05277626151607,0.397681700926177,14.1827140670374,3.73866619168229,0.316409806746442,0.384768400642439,1,0.302496421800584,0.435626871862455,0.451454896323877,0.203259352798779,0.631743308272639,0.138343731222909,0.737550212353229,0.161992718806062,0.65370398920978,0.139963821983813,0.547175088744956,0.199273595340968
2.67823650452185,0.529333810227575,24.2937175148849,6.09243954175876,0.261336194255982,0.342240998804033,1,-0.036128409229184,0.391668166688947,0.600044098037179,0.161399903784783,0.816314446591572,0.149031982546438,0.800017856458337,0.141473649818684,0.728419284870105,0.20016160948387,0.717618612070833,0.196267793686092
2.04356075363058,0.377980049242696,13.6767595746285,3.42081258158659,0.17304368637666,0.241187034312763,1,0.40285293548246,0.344102204635353,0.501064218341411,0.169580534091564,0.627177708370427,0.139576965120899,0.783599499069254,0.14908151195699,0.556759197999472,0.155452146134806,0.677925201147281,0.131402410027513
2.3109439231023,0.432056702882351,16.9307124952419,4.22867694349721,0.384703998890567,0.308499327995077,1,0.158157806226638,0.399134862981784,0.767475147504311,0.144456095953396,0.832749631218694,0.12647330312964,0.705638740314229,0.15511541267471,0.584960838254145,0.151398094668586,0.794621184669783,0.170054336436065
1.94417972406936,0.488882480376307,25.3234821828712,6.82271079291665,-0.00110096860525107,0.266748716960031,1,0.0957999811013948,0.321493005814238,1.04768740438101,0.146877903165424,0.777618143000974,0.129454034659563,0.527815230327282,0.170145611143974,0.907606914306601,0.152454203338022,0.609653306268067,0.200660630381741
2.38599900332052,0.367702425829941,10.5479691236646,2.71422201804039,0.223003453446393,0.244211654871485,1,0.209792994045037,0.365893849493676,0.643711669968363,0.135809644536663,0.487601632345085,0.159949301890252,0.520896206303004,0.177686648731722,0.499389824442142,0.155938628411998,0.908075572483852,0.15732290176834
2.39776715425835,0.390374419957982,13.1426941997713,3.34356360167137,0.27801306373158,0.302659752843928,1,0.124436433964773,0.306581544003259,0.70707140846472,0.129223488516657,0.552351225333855,0.152252417117718,0.845195368124247,0.130345400883567,0.490817656589746,0.175899277702646,0.918443720764434,0.147378475264843
1.76015139858423,0.374183295935184,12.9414892301121,2.97947111810784,0.238564736905364,0.29547209873947,1,0.0794826230091384,0.350680802573709,0.587489299034386,0.153901417119576,0.905201441178621,0.131415641973946,0.45422768188642,0.147335710677863,0.581003412602019,0.150298130497047,0.797652333633389,0.206013958500847
1.53132408132978,0.434986824197284,19.4527755269516,5.76022782690912,0.249065009770002,0.173659730871957,1,0.00054635700890057,0.306655816179939,0.644265706099176,0.150095070655282,0.575384908560411,0.175528394754964,0.361900789420744,0.214545545849978,0.729679250044587,0.188286552216657,0.614129492569479,0.179219759749575
1.1338304412919,0.338707514742387,11.3436595147546,2.76451696818401,0.415945945892705,0.362891361057444,1,-0.268959720207571,0.307629116116102,0.663412654767955,0.115446796590177,0.689996894918096,0.127995074071698,0.368270463892244,0.179002786163491,0.63086160852247,0.142302656398719,0.560566507700889,0.160443136136945
1.95791697155742,0.415950987897044,17.8980067134318,4.58689503817616,0.00189873017220638,0.285157879027381,1,0.151231973249766,0.285630590544444,0.791099235545239,0.133103334112198,0.859624102403196,0.148817495521017,0.55685859995366,0.185854967629255,0.67458970597656,0.157888599890555,0.808134470704252,0.148349485087505
2.00432478204057,0.337294835709431,9.68366103581535,2.30785325150172,0.276884437865562,0.172329902189596,1,-0.102840566338489,0.252892134397986,0.422906734063069,0.163710036695622,0.853268453034308,0.105395220699029,0.39088770341932,0.158375311885148,0.646101773168793,0.138919590366125,0.651182469378447,0.159673597400254
1.79174796585339,0.347004942395626,12.1530524916552,2.92281880946485,-0.0474706360560275,0.1099780267589,1,-0.0866202894323085,0.271622789637195,0.561108414019167,0.151344711374778,0.753215773179246,0.124286990248361,0.735503765848479,0.139765988522716,0.739163500280777,0.160733962327296,0.413889943928569,0.184857701459053
2.67037416020568,0.46111722156323,18.3921757220526,4.53533340272273,0.262000816258079,0.274717716986929,1,-0.0972070755172229,0.300933653826999,0.825679910760404,0.11819710160482,0.894181882322455,0.147669778887819,0.847750018148502,0.16497914664923,0.81446857791855,0.174208047695367,0.771482566623821,0.165797927912568
1.37911540288541,0.470150536810057,23.8082043506347,6.77028017070519,0.490876765088047,0.299101738539385,1,-0.253427477599558,0.372349206832185,0.697030505228237,0.166779118562087,0.411948086278376,0.217767997090896,1.03985103768622,0.182191211845337,0.906023625931875,0.172413665671733,0.727305513268573,0.159405710029189
2.64813012346625,0.486717696657206,20.252432608598,5.39504351087481,0.689678770909427,0.234244969849903,1,0.736531406208303,0.357048452033415,0.444158854842417,0.200037847739407,0.781676058484416,0.134410315866022,0.641706850155655,0.142673948736085,0.780869101784233,0.200231684541756,0.807703998023855,0.181427889620738
2.32601689539402,0.381912712413645,11.7502957480976,3.0618617105168,0.400653383246714,0.332621833256946,1,0.103061774727028,0.373685126741429,0.60126708678901,0.199892708893757,0.677853150303507,0.177042690230016,0.610946681428018,0.147398707419279,0.74113654952511,0.112408362213949,0.569241824144629,0.163525060820696
1.69093635926759,0.414158069117005,17.4202419209481,4.51224407818226,0.0738350876311449,0.251263519033104,1,0.323416501089285,0.320666083729729,0.650654919955094,0.13264930479766,0.720002226271095,0.13449905322698,0.622284054486697,0.172191877788882,0.780835513932115,0.184918529501708,0.742538264294936,0.216217035525454
2.40755577651683,0.405058267430204,13.6478362719735,3.23830135297353,0.172095569261921,0.322782506261713,1,0.344389069630641,0.308183436462111,0.768291000844149,0.129274894627784,0.754445392792007,0.13357293080196,0.67411280959724,0.156307628697897,0.735818145342298,0.149881821331174,0.620963431171851,0.156863938482139
2.30637487970249,0.366468552469795,11.9619577978254,2.74497639267946,0.229822857406127,0.247512081319027,1,0.12409800933499,0.325413936682592,0.780822396278263,0.130729453494951,0.626251302415737,0.143626161456651,0.583140841915359,0.13714238657071,0.769388926536459,0.125864347102186,0.624458079187143,0.195257706917665
1.72253023768505,0.378171760896014,14.4253061064562,3.33080035505869,0.486293050282526,0.33221193883105,1,-0.508435085250167,0.35765245059392,0.798249343564318,0.133371558637289,0.617847283163033,0.1526617001205,0.455995121150411,0.193762960200839,0.618351244522991,0.160240352243192,0.606010378024411,0.136459871747783
1.66427263556513,0.414981435792367,17.318071910444,4.14722819211729,0.742482866196587,0.136553689583869,1,-0.146145759331015,0.326141555496442,0.78387831943215,0.167030313417102,0.808263674093073,0.128706225406443,0.720849288464404,0.115022053333365,0.870653959316107,0.144501490961708,0.715190718411309,0.209849462671798
2.54446455362926,0.492218298288581,22.4737392352248,6.21785047027655,0.0446710269512499,0.257650723070046,1,-0.0387911365084675,0.330186384110822,0.96681911576291,0.149121320681537,0.887592555295911,0.154189484559124,0.796192515447348,0.170375540671073,0.775812682402268,0.190622704802476,0.985983535076905,0.185592945832232
3.22516178787492,0.509628285477926,19.1027435562423,5.21765884006401,0.591701252925286,0.21307081287453,1,0.530486470926863,0.379038286362162,0.518691279294987,0.194771751947598,0.640709656666478,0.21162411449063,0.754773157299466,0.156910161033549,0.82289836394591,0.12189365445966,0.654791819870081,0.144896717975519
2.55798270408544,0.425842563609791,14.9922694706655,3.92314804562266,0.203664868578822,0.285950748728981,1,-0.231925722408809,0.343725971020164,0.696150235695034,0.149461330695602,0.786941711134803,0.142420584628322,0.797515572795388,0.141731924530991,0.45255606345127,0.17906386416008,0.788888073171483,0.196260891521964
2.27984343898162,0.527783026936255,27.0279565130399,7.8719566629966,0.560859624758869,0.307606199249994,1,-0.0859395417573309,0.42856835929316,0.67978590309599,0.212820311068228,0.810189694777173,0.193867139058561,0.694691468510199,0.15568495821908,0.798271087624861,0.16319414964125,0.881039949158441,0.138852980323291
1.72135718458366,0.412935963634448,16.5822787712225,4.27146198501983,0.0697485422786338,0.206730183131848,1,0.421142829863503,0.344592061193905,0.559786713798706,0.142726044808241,0.579651770868423,0.153929551381726,0.750649651483805,0.14843541233882,0.741255905131086,0.186262459315051,0.711240129978122,0.202951682042617
1.90853952256399,0.456399156055104,20.3457872317362,5.87326503782007,0.633347843148395,0.204763972733866,1,0.450770902940259,0.417780251151237,0.64002707802496,0.159841070559319,0.854684916261976,0.184977198345098,0.793809818366324,0.149000043422374,0.685281496295386,0.177319439895034,0.779184099648125,0.175924849980235
2.46112696928632,0.490201579475775,21.2751918430051,5.71783219028039,0.295091901946816,0.346745794451602,1,0.292849740947141,0.353393686110088,0.730715045069006,0.17424627323243,0.735902142965225,0.135028670460627,0.699839783044044,0.158131544732898,1.09697995698621,0.155039308857012,0.524728941083632,0.215601848723696
1.90068312268555,0.347039784172321,11.7451511454757,2.93218158324051,0.490049006339957,0.26191402448408,1,-0.201098589807102,0.307027603443705,0.726616865962911,0.123244756315224,0.495852528267083,0.134152540787874,0.453065858695923,0.170224605500334,0.547309367138706,0.165776802604614,0.526886005944662,0.173783972330302
2.16650340327178,0.342153428153551,10.2761872469885,2.41543480506052,0.211324582229812,0.276368559165937,1,0.00393914110104398,0.27261992638758,0.509554136288321,0.139123334501095,0.786803393225249,0.117046882045037,0.831257496064226,0.139319640359743,0.796446283102162,0.149435445132761,0.357557793173879,0.204549204709944
1.15376974270639,0.355521373111208,13.6872409254362,3.71409012240519,0.441627561492151,0.228446326434631,1,-0.104390981919392,0.380187628402107,0.770867475796928,0.141003536620322,0.45145807789988,0.162438749010645,0.618844479371166,0.147669598550371,0.747324980301741,0.140597041159084,0.684749045841384,0.181179360324579
2.13167555822195,0.4877725089478,21.8842021059194,6.2209923267995,0.374395400407673,0.463214098605791,1,-0.443382351958478,0.406744953744589,0.720544942044944,0.195202384203166,0.852912257602501,0.14448949429204,0.507859186326246,0.189945563755738,0.586421307392629,0.162698198065581,0.581502654189528,0.199006414428963
2.26168904876958,0.41300683307628,15.7683749630935,4.00531965233827,0.703526089309388,0.183469710012041,1,-0.0553997109479831,0.31454293484353,0.5218009305664,0.174871624468385,0.755314255884109,0.149407746781669,0.681240251952884,0.161223005228945,0.823501694491018,0.144874088117356,0.795058552040551,0.130338184198107
2.19837323567594,0.443715893017227,17.835978538717,4.86505102956554,0.276924573516968,0.272307368569486,1,0.524519542193496,0.465915381389228,0.390626240712671,0.265278764951427,0.703399295684469,0.145975040345968,0.766223683269716,0.133214481475658,0.620711519984382,0.165800352798154,0.792333813588413,0.154624086996789
2.06855372711872,0.387233394129648,15.1013406072117,3.72613463305959,0.539476358361899,0.301039924163749,1,-0.766962847040457,0.382399231700388,0.644220771744268,0.15670726392852,0.612625195752767,0.136130427149964,0.658457523783556,0.171155380997755,0.801430257637822,0.13637410883659,0.613209027761616,0.178482940910436
1.3432099909109,0.424195949877899,18.7636794262906,5.45178907344605,0.188134551187738,0.308830451762032,1,0.275838445937878,0.313246038600969,0.647685111147818,0.145415867706324,0.544939024727505,0.15641765887274,0.506352551792674,0.180588164197132,0.930589580409744,0.129044799750011,0.484023779456273,0.203011394959946
1.94755163968903,0.443241967006583,18.9155501232983,4.98813020111365,0.499487608959636,0.339134140057596,1,-0.169104511672654,0.284524164134739,0.736116271896444,0.123011942255859,0.505118021503649,0.177565964903807,0.556505600137048,0.16334011531085,0.8058791779085,0.157200183505579,0.661782614217054,0.180336115035131
2.00844778505408,0.457766777355774,20.1957055752368,5.3109209060303,-0.100317396960772,0.334683639512348,1,0.103557980162969,0.321588839884531,0.688178807584103,0.165913363196866,0.795209893761696,0.153012376141392,0.434895949869447,0.209454001343988,1.10273253435766,0.141497676921152,0.584402602430719,0.20314456817856
2.21895439910035,0.395413047477589,14.2070987724387,3.25565624265888,0.78645741474517,0.13705666449821,1,0.193304798916473,0.420270386188018,0.670953548555521,0.1623575059079,0.504477124181408,0.146104109969432,0.69345694985659,0.140154017780071,0.800567990595342,0.131345927049083,0.248654597897601,0.192445141196198
2.68983071618252,0.383581790802682,12.8922431582333,3.01063375416223,0.670641690586117,0.204247690085937,1,0.456094070111197,0.309055765193398,0.689788040837998,0.1299728778763,0.5590249749106,0.145031547965934,0.622799897924704,0.131366155395362,0.69009359774995,0.141586252313609,0.682732691164532,0.161860654103121
2.23789677568797,0.410597065484217,13.4894435503192,3.72691550605879,0.327286121665205,0.43117747931379,1,0.738194473075799,0.367011990597276,0.507217027955559,0.147033107831302,0.734394255754765,0.15908191215713,0.508793807190281,0.209135329954393,0.687613966624664,0.192525310649666,0.976412921243465,0.143387865839398
2.09179955232001,0.408230585971404,14.9376172979956,3.86167209180369,0.057017439096944,0.172061085663813,1,0.00452090986784758,0.435024602351941,0.739051242514998,0.153094926427227,0.486841945886392,0.216036344053742,0.75468553378409,0.133261938799493,0.848945467187472,0.120212149148778,0.933462365917781,0.139098827163624
1.37468684628748,0.369421033641165,14.578614256327,3.65091889763288,0.148336857693645,0.299208436527004,1,-0.411357328402899,0.32749301795502,0.766985286176006,0.140069620186909,0.761488753639735,0.135203085360876,0.700530960827349,0.141922764720425,0.614543668567493,0.175108239787249,0.775856462947479,0.172778706052736
1.9601539606357,0.340604100367488,11.2242520507159,2.81489515702707,0.271785851497129,0.231666652627881,1,0.156822682480396,0.297509539327911,0.608651483907178,0.137990010808066,0.786713318614009,0.110335191229103,0.806092436313962,0.126563181904005,0.5956214349382,0.170122912195557,0.558194056015576,0.179510526044451
2.48323093762113,0.507635524316299,22.5098414871388,6.53493548281632,0.072844062670453,0.251757521765012,1,0.295787776280694,0.375454293386271,0.549667831592677,0.187372338977193,0.978335695616202,0.120206614223934,0.828369941299788,0.178954842084514,0.715414088840519,0.175218739284345,0.671409983509002,0.206129678680398
2.58739713843896,0.471669075670216,19.2105947971535,5.01812616314118,0.627322348237651,0.254240179481599,1,-0.74152594526474,0.387700012259003,0.877490564882427,0.134394891679723,0.672589138394047,0.141366323721759,0.684798946036225,0.162091467423743,0.583858865540092,0.182762508859756,0.648422584951805,0.186266594925766
2.4397239735754,0.476013909711741,19.7891031917588,5.67270962988912,0.0195577472325887,0.267740425447559,1,0.585851535395688,0.33319808584325,0.618259017382282,0.201642337328039,0.75872065796266,0.177469087908756,0.612043609376579,0.208650243087023,0.761433396065668,0.144722331219142,0.91468751961309,0.146914136880837
1.56423187170065,0.459064100183414,20.308733859833,5.67002199620289,0.46266937483021,0.411651005454162,1,-0.0183713186003696,0.37837641980067,0.785040668538305,0.135653786141672,0.649310872356882,0.146120163434227,0.488498663637198,0.198260676992653,0.687459188341688,0.231895795358527,0.685797528047445,0.197584520001856
2.60581263199616,0.436336162692863,13.7869156325282,3.65392207129049,0.264291510359917,0.245968495990446,1,-0.0922357699598513,0.346649552708071,0.561608790405288,0.157414733415078,0.735388229465834,0.12892630378231,0.804738671120805,0.130504000133374,0.574497319210457,0.166023736466438,0.499898690043243,0.201908433882344
1.61580835254942,0.434026310323542,19.2879847853499,5.27020516439265,0.316667790104759,0.288129577111371,1,0.395063639424584,0.307608616408575,0.511436628551665,0.143258180572848,0.692260794797646,0.139220612056554,0.584036120786376,0.205272099909654,0.78212120040762,0.174890231940612,0.735218376476209,0.152775600584956
2.39477815233055,0.434546804961484,17.3460478056965,4.49281234254072,0.618856516924717,0.298141335745417,1,0.396376774008225,0.296585007943805,0.727008045730464,0.133822052447923,0.883910004316509,0.13033601860065,0.897720794500646,0.155462483275694,0.753638420184201,0.194472309626706,0.896878053897231,0.174824453551883
2.8085677317019,0.495882190957425,21.3118129646472,5.77241955299456,0.359535537094352,0.357069345760136,1,0.241441523403994,0.304738766435236,0.708222694789445,0.145986917342209,0.878389163732438,0.139432456585109,0.756142639316489,0.151010889747013,0.866835630764164,0.178184799364647,0.771790757798085,0.165902416322715
1.94403360326712,0.470395024091565,20.9970036475525,6.04270817212026,0.0726468111999028,0.296721460329355,1,-0.0303268682915723,0.287584099936803,0.783431243393407,0.135424781529009,0.436957403436835,0.207235591282926,0.819364481609883,0.157089551048441,0.541274342878264,0.179777767968581,0.568314984961697,0.194642860241496
2.52820241054866,0.447679779853536,18.7641523621769,4.72913802177377,-0.191187948342107,0.218333846752647,1,-0.235822475098904,0.397012251557062,0.642371611568067,0.163472902115352,0.918673169301729,0.148444413630813,0.650882704006418,0.161551553610542,0.673841506094934,0.17312299566317,0.887218311042409,0.162414990249159
1.86779146696388,0.399751477215543,15.1484539045547,4.35002761295793,0.154249474746021,0.33308651908395,1,-0.0666625708350842,0.327353549023069,0.825120678630207,0.130601786482803,0.651525210790584,0.169278746646208,0.692092314449304,0.167566108350838,0.72557982065267,0.189157955146249,0.622826004079233,0.177965579644491
2.02614875540875,0.434434591247418,18.9020409742198,4.68894109209096,-0.0465688923046081,0.211779535851829,1,0.110920702652036,0.310357121931853,0.759172897485819,0.135054963897663,0.542065323014857,0.142948871175663,0.710368012355673,0.138517508593583,0.916305585322252,0.144340702787909,0.696724770727506,0.188348416951731
1.86594358033386,0.36844237245038,13.0101174793454,3.03621311770144,0.495459725925212,0.311612737189658,1,0.70509302594389,0.36537012488531,0.440397217418804,0.160976809887097,0.713343834553808,0.146862199256437,0.463561737301065,0.173689530040722,0.868043716151768,0.1537823273185,0.795348161591919,0.164922805534928
2.0504251504884,0.421276473338915,14.6498388402716,4.17819966024622,0.594163508430531,0.225904963560406,1,-0.128585946109806,0.318986102098629,0.63452065351031,0.124489912740541,0.612187739804998,0.171392116099661,0.790894791384565,0.200636099293875,0.556447109083031,0.173385897653063,0.695611347856986,0.170629198020996
2.53832065603493,0.397412467918581,15.2802517798188,3.40368444284711,0.00164237727047858,0.199663094993337,1,0.62076091653129,0.287856376323756,0.563683516341537,0.148318365228386,0.676070811839094,0.139005042584734,0.829761603188219,0.130611646512161,0.790984402716558,0.148784383416658,0.717598936628056,0.153836914185218
1.51140212751833,0.337725847917167,11.9265808113009,2.8718689685475,0.400623494974789,0.334301676709994,1,-0.0226122901853748,0.272115412825838,0.605596104284254,0.145900776264155,0.75713075929638,0.122410335865995,0.702735025193132,0.139530219473996,0.569920894318525,0.176903264361659,0.609246444353415,0.18535143546951
2.04152349008437,0.432220777918329,16.0828612299683,4.5796488024546,-0.245933001333652,0.176336207649064,1,0.191176479851435,0.335181315915965,0.767550986811209,0.134909101755752,0.743483929711306,0.168219965953193,0.713964193932559,0.188992818126441,0.417499210202217,0.215255925806684,0.743435443920192,0.180840613431278
1.78955805693355,0.395815330473801,14.684877971364,3.63480990675869,0.763870174654137,0.190843871363856,1,-0.296981477997488,0.398415570052223,0.86022741090733,0.136855528900722,0.578889613777716,0.137332033789956,0.70932219912836,0.193293131341123,0.569038214575473,0.183196893129752,0.630065998923456,0.188697470991431
2.85337000050081,0.505908477295744,24.4634294833016,6.05568845861792,0.265761151555463,0.363236974316832,1,0.767426041985011,0.426324091180062,0.919469560581043,0.136715420102532,0.628479230977263,0.152863705827626,0.623927297587859,0.140532713640101,0.804839204795736,0.161346234935839,1.07486553896261,0.141363703551057
1.71805768271721,0.396570513307455,16.0717324860996,4.16615201151076,0.245646748740251,0.331469080022892,1,-0.375162290658254,0.335354008515662,0.825913519373785,0.135744805423992,0.696874415331188,0.139978780579704,0.830207885517258,0.161635872860781,0.778580625573149,0.16726594159512,0.589282922911247,0.195836252193827
1.86085405817478,0.352382548077221,12.1696653608913,3.00378788863826,0.368817133037081,0.34119430242336,1,0.31702490725863,0.31738487779653,0.596862103059234,0.142188076853711,0.546850054543975,0.152974924789089,0.895409364073357,0.12174162278309,0.756596103592633,0.158687455975207,0.642337739085456,0.171982803392225
2.05562780093966,0.421279353374059,17.6545809345727,4.71470950957432,0.363762868175939,0.398428642418457,1,0.042732439248543,0.30464327104044,0.743194613472151,0.132750798673134,0.736840330691824,0.147277267969179,0.810683351229795,0.166297484136142,0.629283971636172,0.196438231363773,0.439626323370525,0.19519094157703
2.74537967223992,0.529145803077161,19.1256114619279,5.7259448600983,0.764815975935404,0.137508959957986,1,0.34200648776085,0.495269267169945,0.537303303302208,0.165851235171426,0.876671125418113,0.144720387566041,0.874212404709084,0.186839517708133,0.125084106920662,0.257770990125131,0.892859390385763,0.183724483131132
2.08990227518969,0.382001741709426,14.2997051443837,3.46127412958683,-0.0330550148222334,0.195935575962185,1,-0.0405779452967954,0.284565086007953,0.807959982486197,0.12494132147799,0.699593947484219,0.138321231811487,0.769580002695971,0.122444334451014,0.714023300579105,0.148141510590296,0.643501767982376,0.191873099718946
2.62279106237633,0.542880380980323,24.0707885572588,6.71612380298092,-0.124963197205106,0.245942045743474,1,-0.443167499565192,0.387316705408215,1.08312415722068,0.143173535511528,0.967760717479671,0.136210782694222,0.936925523983102,0.16874922552359,0.806056666240427,0.169325069828498,1.20840648972163,0.183327375306937
1.97295334811782,0.422987963386207,17.0416990580783,4.04780654000902,0.181054405914529,0.369648742573733,1,0.0981768741101251,0.357203664433574,0.68804723112514,0.148105980196245,0.799109121837835,0.146703411755216,0.452605683192582,0.174385658385981,0.873386605639095,0.138619555594231,0.75366378443958,0.171186050299537
2.58424671618698,0.462243160374843,20.7611213050996,5.21532992687141,0.311694433932487,0.304364510874074,1,0.773847748125137,0.302798815551832,0.847442393115486,0.169475122602619,0.850164482883452,0.13548923326121,0.795764009844816,0.134065584527951,0.797926419407774,0.147266044198073,0.966931776803355,0.165113713745707
1.80422438151098,0.476204490241969,21.7557737293212,5.89225552516237,0.411122827862924,0.330956894157428,1,-0.282165449383545,0.371500020417059,0.796113421408708,0.14921397203306,0.636229608009398,0.15168841106033,0.820011881245189,0.128764700578118,0.555727037616368,0.170763865066394,0.536067355680091,0.222303771971508
1.51064504987388,0.357829971870717,12.6364098450713,3.44240845164558,0.459100369586093,0.309991033173291,1,0.225644609872492,0.302141495843615,0.591325722155926,0.133515123548645,0.43073782824986,0.180860546420113,0.692612434483038,0.123557359601045,0.628015602289227,0.16903987957545,0.278583384994437,0.224233612140233
2.61947814274752,0.435224818338107,15.094975718431,3.88487651619279,0.184797601688785,0.296729285850453,1,-0.105602435772146,0.348432765435732,0.803554798547747,0.144679311360749,0.785676875799952,0.150590256846217,0.830959621136409,0.132055742495586,0.656014898166669,0.138253078042397,1.01123459854919,0.154713667682467
2.43485551166679,0.457609480263984,16.5032613558526,4.45094222502193,0.00243145695080653,0.267186073538731,1,0.627731637469313,0.338776207851225,0.525475081933478,0.200901354866799,0.578696467558929,0.223296430733241,0.798215182088593,0.172717286206504,0.79342213333902,0.155357077675125,0.798825283130118,0.137982977361749
2.08315307289763,0.376335415331568,11.2577211936077,2.75244165362598,0.455158373218256,0.412857208522761,1,-0.302802170167492,0.352269631688158,0.65281450846845,0.132909257654792,0.708475151208077,0.117223412447729,0.48384247236842,0.159482286098173,0.55480448396555,0.194807759153091,0.537757371846902,0.168881131313889
1.84626367528047,0.428160256717695,16.4034168095067,4.69552843922097,0.351726872453815,0.451705348560912,1,-0.00385804341362205,0.405365167046032,0.871328550851318,0.124915587618104,0.634329204860645,0.197586392589679,0.533121230671588,0.172374967619907,0.301370622149604,0.2252720176274,0.630651301434646,0.195052131918463
1.65295205711362,0.485953498540664,24.6913278247799,6.51168681316202,-0.137651939828824,0.202352478077932,1,0.169008772581525,0.340342329934903,0.755859178476921,0.176395431576332,0.82746735350537,0.140782212999214,0.7471452823557,0.146280266204242,0.983391635374909,0.134067526112378,0.523108929561602,0.187888753608349
1.87710424495091,0.383478718200659,13.7354254643599,3.57019643123917,0.746904994184503,0.151991891146964,1,0.0263082762696371,0.335181332841806,0.757349426641597,0.181199451307122,0.831735832833397,0.135351430676765,0.57344092118946,0.175083468308903,0.551331104989227,0.182416375514496,0.72250945911726,0.17461099691749
1.80642219868096,0.374568823852911,13.5223381210469,3.40434030622097,-0.0391378388046861,0.193170758615113,1,0.46455320978022,0.418264308584124,0.302728940970778,0.188700482262222,0.785124573901404,0.156220554871727,0.774509193936181,0.154728016997052,0.843748735587449,0.138108467671972,0.792158955152701,0.160665801602266
1.79131558346371,0.418827915210676,17.3323116492286,4.02739897255694,0.634983220611466,0.256068408270465,1,0.136866150299867,0.388755732628965,0.511926292866219,0.181345054122209,0.732262433754156,0.141593677971622,0.741629564065098,0.127725068091542,0.72983025209153,0.13389523497848,0.709515129171396,0.160185192201614
2.50348587293025,0.465571142722848,19.7738341199647,5.06306889950992,-0.0593603668915163,0.267768352260774,1,0.710993680576288,0.306943558567059,0.431579850535008,0.180872803529087,0.788702025433715,0.163068992966703,1.06000128343253,0.129720555451903,0.727783115823421,0.202995887603852,1.00153379111969,0.165207310687877
1.7949186177816,0.370084509729885,13.1486162374878,3.15278745533701,0.490602229205658,0.39272172128865,1,0.523150330325969,0.347783903360661,0.726181636978199,0.146435334683425,0.712038159969558,0.159410853147587,0.839166701956357,0.152549723545279,0.883378936497648,0.117006656420699,0.586961212661887,0.186322641243769
2.39787616206252,0.562884822923874,28.0346658216567,8.20623737512018,0.0663858111362954,0.343851900008637,1,0.0705972099962365,0.300710681814035,0.810491357279638,0.125068266729679,0.686725765574591,0.200993203319891,1.04693173937396,0.18605001722762,0.44709496641314,0.201585854107021,1.10759977842686,0.185304668861937
2.382401027821,0.412581270288908,16.4346364450904,4.08456376465895,0.212367955902649,0.248555812268678,1,0.174580845979912,0.309863595969544,0.639649084708941,0.14585766941651,0.784508505072234,0.126019046366817,0.851251070041697,0.137355383049062,0.672766972701874,0.170278303057238,0.821156299763697,0.156733559592261
2.57164193470382,0.451858573017477,16.8890509345512,4.64295195796777,0.725706904506615,0.197057939469157,1,-0.191090163048378,0.377273237912002,0.756788164529237,0.154760016943763,0.668845213213619,0.136769708446331,0.824866424458369,0.15794930655071,0.660752258005382,0.205352382413828,0.45724931606953,0.179473624969201
1.88268116620431,0.38336691653913,14.8969746417649,4.02356427755766,0.340138274553752,0.250944924598698,1,-0.0739390124646334,0.28025672403797,0.712172395283279,0.120133211170291,0.441572694521013,0.15209510804431,0.756602982428427,0.148852787308019,0.812512168520835,0.15934328870395,0.742440375623156,0.16172322617731
1.95453463910411,0.394597461845181,15.5378274913958,3.97315817131636,0.292476752180587,0.285453331528636,1,-0.286466387302757,0.267434857038921,0.76103277022931,0.123056296805424,0.610688864409554,0.133965266668962,0.789329227764081,0.129347490856216,0.653302110642977,0.195204406043595,0.460392378185942,0.227042946069692
2.2455653199883,0.463177280431523,18.6144427185691,5.3631274286175,0.401596751282944,0.442188860779284,1,-0.155698409519219,0.399187096390119,0.61004359325105,0.162819545532384,0.734398296871237,0.164756902440167,0.826925802041294,0.143747728548304,0.629564396860547,0.214577351483936,0.73690317363179,0.183391820003206
2.01084037308422,0.420770633600161,17.1889982554017,4.18311574874259,0.616737825464453,0.225349498252537,1,0.0546880474762668,0.313333484559121,0.840926822474343,0.119846139522878,0.536470663854744,0.161688842688931,0.666791968232124,0.159564179174872,0.619666606965104,0.169817156145735,0.444619047490156,0.229367795192202
1.89104906220563,0.400703185956547,15.680207786318,4.00478976089934,0.614649086297239,0.266555084524772,1,-0.276312694368306,0.367534495723105,0.774670313376788,0.162238878750409,0.706364250025443,0.146590315653167,0.895039068901188,0.11754016659932,0.75304886926097,0.177344844140587,0.796207251839582,0.155376850139306
1.48618940365222,0.375432186088135,14.878567880167,3.9368302235677,0.430637504486075,0.253513930890779,1,-0.404622292624959,0.280474965211653,0.858059715327056,0.140613832793169,0.476487213676323,0.124647326219637,0.73561005335077,0.118308168630017,0.697323342017718,0.175992192895823,0.260120628191556,0.244649689966602
2.54486066243521,0.478390157769863,17.7008634094182,4.73376895421979,0.111495370058914,0.332427865169121,1,0.119183473761897,0.379419070810557,0.366247057761791,0.197490710003835,0.790906834089796,0.174183805936025,0.816396000544853,0.164918772159013,0.49054368090693,0.199651406150323,1.01106783541721,0.144759796367014
2.06950774476175,0.447078637714736,18.2632225178072,4.81350458842701,0.409489807541255,0.32920665706316,1,-0.0176568932864128,0.351548857972744,0.651481833826633,0.16813882348312,0.699119013208009,0.174348490727186,0.82943605380868,0.127088489920375,0.552587364520221,0.165721117682508,0.855049529413254,0.167769661849505
2.67980842572,0.56703710836419,26.1770963898864,7.71378614557643,0.193975151442391,0.334779118980107,1,0.622963189911762,0.419253707591319,0.655824788078902,0.184352955148322,0.824300673967156,0.151124452041592,1.00508041125753,0.144701508876136,0.878914931567581,0.197376638318535,0.926217101536175,0.223795586132702
2.00073667549484,0.338371337129977,11.5940761112823,2.87412458168845,-0.216304095943325,0.191106167968049,1,0.313787395252493,0.341499982657339,0.420135832908881,0.156582640284318,0.759207284573403,0.128041526922357,0.599662573060318,0.133101570858594,0.435844393210419,0.193578772297431,0.595000646571571,0.167874738756922
1.92780827421688,0.409924799147512,15.5000641758586,4.4365143676149,-0.15883050188594,0.205202224313987,1,0.302060492651432,0.286718325564514,0.475617665160264,0.181054941564143,0.52441697449971,0.156091565133263,0.761344819810627,0.154067708907586,0.430149630412335,0.193879151329325,0.691504046565089,0.180318094869173
1.84885000344623,0.435233650854875,17.3106279500185,4.75854835306424,-0.078309193273156,0.198594947923422,1,-0.174177405105494,0.325200661657078,0.774264296002822,0.134804692030509,0.610176528965543,0.135297562172131,0.427560975108481,0.208095769899896,0.712563571106806,0.191240526844617,0.479886906832553,0.223663892418089
1.65832191380381,0.396327312829085,15.6491355806246,3.90171015995476,-0.215890799188694,0.161503249046367,1,-0.142400334377154,0.298608445750175,0.665069692723811,0.131424680045064,0.743574265953724,0.137073370422815,0.802737052442112,0.164119745523733,0.512106631158153,0.200330805432231,0.967827034518896,0.149386863171707
2.2392898252002,0.402922954961901,16.0701139863083,3.78137456528109,0.436955787722117,0.406435679764613,1,0.129782740240465,0.244567385496823,0.727328068813622,0.130854950257018,0.5178595386674,0.191389571697611,0.693836514849744,0.173936232251623,0.738653934706511,0.157691062380568,0.664961280971879,0.150441413402914
2.15253122358331,0.426650051232531,16.9894527298563,4.11719056277005,0.179048422054074,0.331408719090643,1,-0.245798282785066,0.385575137306367,0.758235478423318,0.160863064075646,0.646738069000538,0.123906887482043,0.733151483022165,0.144013263394116,0.83817596044907,0.151937016149841,0.634787966155231,0.184447874477637
1.44639061103165,0.397225391538958,15.5411434775081,4.05197549714765,0.169629439265599,0.279458785288971,1,-0.0530613413060952,0.399513877828164,0.854225859584237,0.140257852840206,0.448803532438132,0.190912705888549,0.808324249816252,0.165563587147082,0.796519644712167,0.160601085893242,0.835967765526066,0.138528624649369
1.93520878910466,0.3957176912979,14.9269905026358,3.72359349330308,0.684489627424415,0.238858863690122,1,0.187405133429717,0.36052034969802,0.698927613075842,0.148216295119074,0.74060774302763,0.130156303273807,0.627627784194448,0.18091226958264,0.685506700192483,0.15803371031889,0.822031006016665,0.153120354340688
2.07091558538261,0.375004448547284,12.023686893522,2.89466924770559,0.230291417514449,0.270407932982976,1,-0.630089036844443,0.384240616749551,0.730051458093225,0.123247542643785,0.857617499986353,0.128003628697133,0.453955985328213,0.157576085970259,0.728037492286838,0.15878742722775,0.634658276603771,0.166682384633798
2.26898100100564,0.421887055609232,16.9317316325704,4.05594507309401,0.362409475114502,0.332761542476215,1,-0.42198353212457,0.303602044832593,0.947340790393747,0.127476940543544,0.651194921726464,0.157070264979461,0.741676800852666,0.152872890119742,0.846602318295087,0.173746235675693,0.357327901272327,0.198230468799363
2.29120510519349,0.435348558243569,17.0905993160267,4.55961956637102,-0.0272334331925231,0.25487298171726,1,-0.229920176672138,0.344154706280879,0.91267981420385,0.13203896397174,0.485412263637852,0.183979302884676,0.783280463390423,0.165723187833749,0.407560331862336,0.177825396990463,1.11605116023944,0.131271095936294
2.18029145953211,0.438882221604717,17.4890515328405,4.49544137903037,0.175626283476901,0.260456459808757,1,-0.953420900414734,0.303679956498667,0.803884007093977,0.129422508353857,0.783466565808776,0.147699018185485,0.691624577280406,0.158374613943258,0.575388794310394,0.17466939129295,0.867094208397675,0.164431886597219
1.96118950314435,0.435038942435249,18.8321451558145,4.54333602601496,0.0569591817286354,0.193573400066829,1,0.475716567001681,0.327545252617401,0.6515200897872,0.163928188831245,0.889801026437151,0.116484859416254,0.598846016653125,0.194435665065466,0.913754200782511,0.155170967264089,0.613130458988602,0.184966956219493
1.99936160688209,0.334930390841124,9.84384728740277,2.4144942950241,0.25994458289793,0.26932880822384,1,-0.264523956611502,0.263105375049502,0.656445039283134,0.125417226318214,0.779457961939906,0.123386908238546,0.619755483626329,0.162476154824947,0.475457648238011,0.180406487704842,0.587909336853882,0.174174812650101
1.99893355224345,0.378839486366017,12.3212574160275,3.32386190149578,0.378960030841689,0.297710531351395,1,0.0675779562588433,0.319366171203057,0.49419195976852,0.151884932044417,0.384478577708201,0.176461499725646,0.61364922606595,0.128366555908257,0.504175661618628,0.158813756490487,0.621132654044406,0.169787947839049
2.49006292797795,0.461896660298208,20.1798691500606,5.50851142531038,0.126257607880107,0.274002602759995,1,0.510927019522389,0.314775933461526,0.601005360539641,0.174990818106835,0.602422975452993,0.188815445242549,0.510349944090679,0.182196794982597,0.731824372862846,0.147560339154625,0.902458671340728,0.138762745601084
1.48325977698204,0.449746204812901,18.8721153564317,5.86537615945889,-0.0223358608006854,0.261916658318306,1,0.0168939522911528,0.33326742371976,0.674308982311289,0.172532995142385,0.290271168739349,0.220739171847432,0.668619783908644,0.184720520629988,0.873301226333819,0.182345922962317,0.602091742899315,0.182951708688882
2.59648410159224,0.529966160952336,24.7662358918769,6.76842430039342,0.859617986130645,0.0778550885702862,1,0.667627832950396,0.439682431608114,0.607371294035386,0.189923251684368,0.847890944904765,0.162232705881306,0.616955105092444,0.159411253829983,0.888335160019312,0.164836451473798,0.90309222346386,0.157178335451978
2.41149553954171,0.474334457785807,18.835008963877,5.60904603303587,0.240654472876951,0.306532657091301,1,-0.245927485285027,0.362051416894547,0.703109730202061,0.173782083303922,0.777608170646625,0.136018993388603,0.740039424616348,0.159631155335554,0.352488874696948,0.218926789180173,0.660834004161338,0.18239933672693
1.50502207164211,0.34791419415427,12.0730584580816,3.06255880034699,0.256100755497984,0.265259933260278,1,-0.128635379747595,0.322674533228651,0.538268261054925,0.131006010946205,0.68272712333738,0.118933977535024,0.677634017462516,0.140017897962218,0.524024948651362,0.186297981036012,0.691946845206187,0.190962602711992
2.19156086119028,0.377573144712346,13.4076287453483,3.27656774662489,0.267193222636126,0.269332997103948,1,-0.136879432055469,0.307625215192607,0.575000558765125,0.171897998527427,0.812363661041901,0.123818712159888,0.688003622692933,0.110667133656145,0.628945975286083,0.157845299472907,0.761735090819219,0.157601715164163
1.77988549574258,0.420128018906453,18.7253460680251,5.18110522854979,0.299140391646193,0.343385130529689,1,0.343495438192356,0.32115955434775,0.595138599231151,0.15628868884915,0.396447854364997,0.169121880531098,0.741665544074995,0.169026845275358,0.53337946085334,0.167125488952189,0.890836736268401,0.158328131823944
1.86554887963365,0.406086031742711,17.3787269121012,3.87113654424942,0.530952183595306,0.264135486863722,1,-0.118469063352525,0.291977728355333,0.753197377993903,0.128863924971967,0.745938701961978,0.104506981635327,0.482052615042172,0.145512700509633,0.770589482792498,0.146494244041246,0.640186017549311,0.166029350881823
2.25839079621697,0.55940457882329,31.2542223097384,9.15286291504562,0.607907502193025,0.313345294758847,1,0.181664255302794,0.360975248838269,0.830479620251316,0.192423983719973,0.433940298747824,0.208007002730041,0.76189010818258,0.137849052238752,0.726957088841937,0.146056125586712,0.77337698113899,0.153959476796211
2.0987901338203,0.363030069680864,13.0347395946343,3.08418610210389,0.301220398426182,0.317235335833318,1,0.114227014057088,0.296751181132559,0.875268652742648,0.107586677905641,0.670893569484944,0.139430478577,0.601969863259364,0.155448472837533,0.830279335150183,0.131066172202158,0.933133815105395,0.161751334893218
1.62635711385102,0.386940366984325,14.3414419381971,4.07029439642883,0.740774644717772,0.171354426170198,1,0.0731277193924228,0.40143998724386,0.85016003959704,0.185577591222191,0.702554767474335,0.157800548863993,0.382015754077026,0.184186464306296,0.640815152343635,0.14105922371775,0.702264344877109,0.17513735758569
2.25136254963128,0.481700002622493,21.5400660718457,5.92692465804167,0.716029373114828,0.18911370570195,1,-0.0826574262710421,0.35423257783424,0.505909796539226,0.173470560509248,0.998260303465572,0.106648818895331,0.604085076060917,0.161015070216082,0.74705544699787,0.211777163094502,0.802875575239362,0.210798109113392
2.26855493078122,0.333413186291931,9.94317096338835,2.17456393463584,0.194518468897731,0.300439516351914,1,0.304615569738223,0.264070865085241,0.612187602237304,0.126879937369677,0.747075381134592,0.117060511286657,0.788219334504893,0.121060872779794,0.675180613248735,0.162463866412405,0.639623466384212,0.185645908224095
2.3449135431446,0.53060871673494,24.1569707122972,7.45868686354485,-0.0103213700608488,0.260834391770323,1,0.547018382732665,0.379947845172305,0.473525685674904,0.206677325113154,0.751755045327312,0.166391801651782,0.482327269756422,0.206317604626859,0.759507441008913,0.200365001989439,0.499322070901442,0.214159897924338
1.46835434296963,0.38857527575695,15.1520180207067,3.84361963947032,0.364079318591798,0.325816496260675,1,-0.231258926783008,0.340864985763776,0.853245566202341,0.130483707463198,0.687466992719337,0.12760450702434,0.602268555262231,0.168653053515066,0.64754490873968,0.147054508966897,0.884242772957216,0.182009020906755
1.62142779239041,0.395654876289063,16.2009080042304,4.18539109183131,0.834186454729684,0.0870386328855466,1,-0.19287539565576,0.354912553344326,0.778299235460076,0.111970819573556,0.706765860912635,0.155081636083945,0.396042661532852,0.190401867662102,0.622296701533088,0.171046043614133,0.756029789380091,0.174251326049978
2.85141763665024,0.411516853376973,12.8554569090711,3.37986317575192,0.412196956142524,0.211965865262456,1,0.528681279632721,0.365806240371933,0.605907686771995,0.146713985358746,0.668319253467917,0.114136095706373,0.540605644397465,0.163486127748315,0.637643696213259,0.173769862951644,0.700528283103161,0.157722326163839
2.0495687385667,0.430801000529042,19.0191561828047,4.95550441510792,0.181040441074926,0.365656573432283,1,0.316721135275315,0.28308091058824,0.545590856891482,0.166226859217888,0.63260528201096,0.172411218392192,1.10126966106013,0.127673049506705,0.9927692419195,0.12155853986169,0.565259049578414,0.172269261029502
2.00056424340683,0.404701238826558,15.1979818545138,3.9108563496832,0.385710709793341,0.322141693434105,1,0.0724089214810562,0.26465251781687,0.420235429413889,0.137693016339866,0.842816789171935,0.139131372537168,0.586218852475873,0.199444141772073,0.870728037643148,0.131239042716648,0.37254883245597,0.194524423700662
2.07315804840612,0.49316366294689,26.6168267628768,6.5390909950142,-0.101099693077264,0.220553117613508,1,-0.258786500109185,0.314298007273034,0.863531850970661,0.133861381094833,0.795388092468946,0.140806064972285,0.968040748530454,0.112552140051133,0.757304550232159,0.146943695300312,0.694691606289489,0.176982458948704
2.10422574156701,0.357313282508525,11.7788436816175,2.67687897435439,0.599824562664566,0.236837488944715,1,0.186368926048945,0.31891116608627,0.383193411149568,0.156748399387546,0.617075153504763,0.122407210161041,0.864716962197661,0.102684807807899,0.745080363366611,0.131418795630748,0.516998342263824,0.175642676851182
2.63720936140653,0.426178212593505,17.0597998955005,3.94901731150569,0.613827452713926,0.25248926475556,1,-1.05422682965713,0.39558236584276,0.878535487760757,0.136454354640547,1.07505646857961,0.123600757157583,0.88722172127589,0.135088006251419,0.594181404938322,0.152217083128157,0.76109773338218,0.154997130002554
1.93732269473833,0.39676998107046,15.1879047261121,3.82210934365165,0.128571596737177,0.205290391356422,1,0.229994695494105,0.283418123046464,0.451439533876939,0.16693085585963,0.624856162170776,0.164662226711105,0.853710426822156,0.142263201229859,0.599729571950423,0.174164984671834,0.813432682229076,0.157704130029476
1.471037954471,0.461696835998939,21.5194473184872,5.37062224635853,0.583586087463823,0.305479175730911,1,0.41205044527858,0.372226427615958,0.876376338552104,0.125905128713174,0.920485438265511,0.153458342609928,0.67066765544592,0.183537679144649,0.941305448641315,0.115928736489212,0.454171395180307,0.192311026532036
2.15490845538409,0.381692954484134,13.935784679772,3.46165550097322,0.448401637439544,0.316800998279377,1,0.0587615175150499,0.2770207684428,0.569147690464187,0.125411614892913,0.658033940570276,0.14216854753191,0.615866968395072,0.136909241112914,0.750116882336218,0.130386282901435,0.551880447785411,0.190013715831395
3.492084046595,0.567274427041285,21.8450266531429,5.9666830743782,0.0664063275691358,0.28993693994674,1,-0.0530290360101521,0.339708191249982,0.894287841864124,0.116997130440878,0.81462871916925,0.150676558859227,0.904480243438962,0.162489392702269,1.12039835153463,0.144525842973809,0.679240942390026,0.167764663362434
1.95717677826093,0.418010262949195,17.9112474055371,4.32829149142919,0.342360919416287,0.275802342078568,1,-0.31059639248302,0.280509765310369,0.918816735177159,0.116527794013459,0.71743138836035,0.140726797484293,0.659373555107533,0.150853106407907,0.710331868540803,0.137979459281733,0.608670502170675,0.197987467390623
1.32366288776284,0.476405967692427,24.1069330281301,6.81202276505749,0.216568529827762,0.207825844283427,1,0.0086874995137915,0.311881274001462,0.680286227004403,0.125169890336427,0.637924136827535,0.13797221851277,0.898431010174555,0.162828391675285,0.349031778085339,0.231248670031796,0.73987888997138,0.204303241408702
2.07602579241124,0.410037671306466,15.3087399934825,3.53990704106762,0.463653701606845,0.340153060409214,1,0.129265876138386,0.331452001929432,0.624355044248139,0.136011506166951,0.712956094966507,0.13746533575894,0.876953940695074,0.12820796165087,0.609881233749671,0.169726132457399,0.659356722514654,0.196635657747545
2.66425572330109,0.481728478748381,19.6349434919986,5.69470676231456,0.141677474329521,0.297693985085524,1,0.445934368449125,0.472445056557367,0.607915187764321,0.192293242175657,0.457359397404154,0.245887062963146,0.772139443259578,0.187625781024708,0.792021254507281,0.145208667765405,0.801603930194821,0.145456920193258
1.85618378920951,0.352504130907098,11.9463345986565,3.09715678204043,0.735437946357509,0.159027193756947,1,0.519226724966444,0.35060122562472,0.77231990112034,0.140648844542227,0.647878162787905,0.136746880991339,0.717691813741356,0.161053929835219,0.552430422247078,0.178884611252457,0.613481005397327,0.156567619149323
2.25668745853946,0.390934129224201,12.1077796815102,3.42932483782313,0.302172296941183,0.309899254912496,1,-0.189220521275344,0.319743813345399,0.533488190381498,0.163140815529819,0.648826568673684,0.146368984956489,0.652272775594249,0.148737586256479,0.300251150584458,0.204678108006793,0.565089987837196,0.19939240580218
2.06172305955941,0.457592832433463,20.4649595289183,5.12807338875969,0.172334897752105,0.326968411083937,1,-0.61158342128279,0.346064697729864,0.877346988092166,0.12034021134083,0.500982135922446,0.169832633837396,0.81925379518114,0.151604843882044,0.611727477634514,0.187032046200946,0.760415495314997,0.181083546426452
2.09981204920285,0.372690854738492,12.1975853595498,2.97937688198831,0.168881672851478,0.213412806850368,1,0.103872650037791,0.350257776000913,0.616192046761154,0.136416781958165,0.55008509447698,0.142038631232243,0.831489597512172,0.137236113944296,0.637470409814709,0.143700850962623,0.717266394331073,0.158184041621456
1.64651510481692,0.35897457303671,12.9191073096613,2.9550476375771,0.0659398997453469,0.248161700713151,1,-0.166085739433165,0.272252118047874,0.485210661928418,0.111755312834993,0.740286781003209,0.119479487193183,0.477557654234616,0.178424041529135,0.693939323083829,0.159278007490717,0.666129027035136,0.175213572389517
1.91253528033204,0.389414933596771,14.8626092308146,3.70001668065792,0.308912264127682,0.294546950260686,1,0.272191392365016,0.27465545601004,0.702032049185297,0.126377814523565,0.687095175213232,0.135915146203468,0.591255352455984,0.145154211444058,0.767521330329727,0.155023411337149,0.728587364284429,0.168885029025021
2.55546481361005,0.449192387766847,16.2659280329399,4.27675837741442,0.315490961368038,0.259858477513911,1,-0.276569197893346,0.408513110024996,0.768640586042219,0.124608499630586,0.61304173476545,0.145352907542758,0.656140543850729,0.173688662720747,0.403850066684418,0.188965989493217,0.893054260792133,0.166497260975264
1.45928068634604,0.283339950141786,7.32207006423997,1.77859370942517,0.355068500703969,0.311155945148456,1,0.0467645231923034,0.372313706929299,0.610635880540135,0.143672124497775,0.413429978171031,0.158430541832656,0.799382825109606,0.14463805399066,0.556969580371041,0.153842069798335,0.715589525735602,0.13265616876103
2.29936430964464,0.48285214359778,21.0006682954476,6.27346337903974,0.161568169939977,0.261257686630594,1,0.281186608925005,0.341234316084819,0.598822863632234,0.170145994732982,0.64533514668461,0.197826022990133,0.552815218691043,0.191738459154284,0.930613761269916,0.148656653537831,0.704805127846763,0.176621886162019
1.55618973936882,0.406540311204059,17.3016965036261,4.84890932202642,0.453756300605661,0.272155989072746,1,-0.187701299361419,0.326814503081215,0.637308961266627,0.138392665162894,0.676897541631203,0.183704780939263,0.443033831061554,0.180685968769266,0.803663244770099,0.138007841954974,0.774320471856585,0.166198808168736
2.0470999792163,0.439700711484402,19.2113891537902,4.27664111077913,0.175742280683483,0.267704666235534,1,-0.255431082107757,0.307826811357664,0.699936436082225,0.125597664715401,0.742650977999212,0.145441649283258,0.471170302768803,0.171487585465316,0.694851553734102,0.130007054942896,0.79832228817034,0.14519322515934
2.67164366281448,0.523272809752347,25.3694927064658,6.81331628877499,0.0608797608977413,0.207210428000096,1,-0.372169121660304,0.34889858775263,0.694945776868761,0.160625617243035,0.815324414285039,0.172300930496391,0.649580324253058,0.198299844173127,0.590169712166068,0.180273963638779,0.655485289196963,0.175407645527392
2.76091785644929,0.481797360860624,19.1749617572622,5.09035005504468,0.345472752454065,0.348266576433619,1,0.431041468909014,0.39118054861103,0.682645456442987,0.157448078988091,0.754165377908432,0.156974691151534,0.688419314796989,0.167828513850357,0.750421525823187,0.154113807539984,0.474190222466985,0.171731345175122
2.29581507714261,0.441990184805341,17.0173430876456,4.42972535336544,0.00477649278685767,0.255061786540117,1,0.0542410099408474,0.334610279336903,0.8182147404028,0.139567695245889,0.595583606565964,0.159677327722635,0.77259935019526,0.155714158709489,0.891875874351727,0.164322663163243,0.632108603902091,0.175328463229663
2.46346048427594,0.421254806087842,16.415364029969,4.15088181506111,0.222158762221464,0.216494325380199,1,0.137505875216694,0.292795819486286,0.619653454785039,0.126079303832154,0.703333968437944,0.152419522943007,0.461842758905292,0.165741151446355,0.383040439554542,0.224400086130106,0.796916936607689,0.168117840460942
1.93101445437759,0.396352472879333,15.8710668511979,3.923137390927,0.454149538920671,0.316924504624635,1,-0.0736221633997814,0.284831130957439,0.791383317512324,0.137659303533244,0.869364882832426,0.139136960110011,0.649586726911316,0.158776482804891,0.941606667934505,0.123257399349944,0.759996386894711,0.161539430639583
1.6738480110839,0.367846256374097,13.761362206541,3.409063154458,0.473244117156682,0.294671857852949,1,0.150138225136131,0.286599798757064,0.622011839045088,0.120529466820926,0.569865784954347,0.157762414596559,0.547877032088461,0.141450625228339,0.596088468978873,0.143324360081508,0.604597803976881,0.182136378083715
1.4879557007771,0.372544710137704,13.2368829365577,3.42374581722146,0.473413568235527,0.268221963644155,1,-0.041918050523991,0.337221231047496,0.714706046971521,0.135664261767402,0.346803421139014,0.167243993875217,0.982092985377579,0.123787454873622,0.349089671123857,0.173918116416604,0.738960383488546,0.146684207655151
2.66456454733462,0.417545276620279,14.4461658835714,3.72341284728674,0.106521423185081,0.206510145396528,1,0.388125946944717,0.341141804127807,0.452970323972795,0.173363428978728,0.713953087102752,0.108851598076583,0.887031805068155,0.132239089404165,0.558327133995316,0.178721612660271,0.829707772941712,0.176778387373237
1.48749116099582,0.407173905262544,17.1826305213225,4.48902366791004,0.393806061265002,0.302592303381561,1,-0.398007298306786,0.392049205211027,0.844833992437692,0.143722395605187,0.49236141511536,0.169996542710545,0.601977311112857,0.141774940336595,0.657944364317354,0.15998736317383,0.621277009961975,0.176500362903651
1.85245584879665,0.38602578010134,15.3714220419796,3.93911810704474,0.171714627576748,0.225805702164594,1,0.0652378506401924,0.292526135597808,0.663488540352739,0.113915762907997,0.840405149677139,0.125271882407365,0.699731178486446,0.146480013249791,0.554340679380944,0.159313774069486,1.03811614095528,0.135100454611009
2.26795954921349,0.460772787483668,20.5180095481634,5.17077304506902,0.158175337455298,0.28701720207452,1,0.10428984150801,0.342811776157934,0.722338966699765,0.139644663411461,0.75119552688206,0.141243310724279,0.440994161256402,0.207786659597066,0.916852003903763,0.127996872876188,0.526506125006221,0.180303468288608
2.56521499008419,0.456983180889432,19.0235650652187,5.16372988014307,0.387491357660801,0.254526759585368,1,0.360138331765824,0.312807970419386,0.842150725001541,0.119055113745254,0.631416035312789,0.151693118561045,0.752716022939356,0.176589551723168,0.517984343611556,0.200036340476945,0.731973368915829,0.21360104868725
1.83894741387543,0.394368939638453,15.3931118728349,3.67822869873075,0.245199134687912,0.284842465288793,1,-0.419747881453445,0.348069314664271,1.00520738282756,0.125527968805546,0.665636533181182,0.149802506340243,0.661660948202476,0.172352188478397,0.860588021326647,0.15227020599613,0.529178496083176,0.165161106458274
1.65024109568356,0.372519348893866,13.9508186865554,3.32371353595516,0.200559641398746,0.259960942989948,1,-0.129979424835517,0.281707659374874,0.534934064590749,0.12474282858504,0.580690642761581,0.14467024767023,0.817956360135142,0.145345725934897,0.615088806054633,0.142569890569526,0.843548813136895,0.148450604120738
1.92004061164848,0.417432911409829,17.7367142023901,4.54130715133368,0.362631121911169,0.251172151227829,1,0.0789082559836918,0.321548199717585,0.734828426969731,0.156886219322864,0.660768359340085,0.147515231201243,0.914456066729542,0.127204301491648,0.529196818844187,0.164985437626017,0.648823102905618,0.17699016536284
1.92511870854268,0.42140743041915,17.362888984226,4.21970621956357,-0.0152901457787393,0.202802984109312,1,-0.26603595146649,0.235372697984127,0.705504571452299,0.116168998542862,0.959412095931926,0.133894876842803,0.583531992613486,0.177918638205725,0.883035898739141,0.150664309455142,0.572980621931488,0.198881004140312
1.72684866590038,0.418786152072132,16.7411732516875,3.99885360052325,0.491676167673028,0.379118104695041,1,0.0861564213288982,0.34087463040267,0.662686993407727,0.151122102945766,0.522057141438412,0.149954417714251,0.784346122420345,0.143943475660679,0.499699309542854,0.167277655841295,0.681383372058411,0.184954945020312
1.8976163416314,0.386784357420154,14.5861381540648,3.63585705890991,0.185387579863121,0.278099561590332,1,-0.324667514428533,0.32415816931974,0.701088268814262,0.15136505859301,0.674727640974683,0.165075979670225,0.740004687773706,0.173139477654031,0.572270720383822,0.171210933446069,0.86139751813015,0.114638250562758
1.00621172243466,0.392117510530713,15.982054346506,4.67115931673458,0.828302197852027,0.0745494922566153,1,-0.884658004432738,0.403681484664486,0.785197605179069,0.134695399138717,0.966510430391679,0.175948350477883,0.531255019036884,0.195848565548516,0.782220906192295,0.156100339113724,0.599905680299448,0.169375841924786
2.13481800697943,0.420954698193412,16.0204195856487,4.18459642102076,0.676504057749078,0.200044950017015,1,0.265886575805794,0.361629500794726,0.653317563236524,0.135845307564418,0.714147258778149,0.148669670286758,1.08764415285624,0.13535649667198,0.625382747945962,0.200521754333492,0.867413450633667,0.164525164775024
2.13718141945317,0.474183297451849,22.9442430385335,5.86004233302371,-0.02356650871167,0.164997071045732,1,-0.185239051963558,0.349335786571384,0.941130499133344,0.130481382301812,0.711536937010504,0.170024461871847,0.915040843036827,0.13346934582105,0.53488594738212,0.166331091294098,0.8882711536021,0.140006969210508
2.35088683722887,0.420004071621754,13.8422687559848,3.88874808332494,-0.0951330231053922,0.276953160092815,1,0.253577865726807,0.274966291035477,0.641753813280191,0.107589111259313,0.536878125255886,0.149080068256644,0.862836479260612,0.172724731055073,0.50341612072097,0.209147935008971,0.558847367888696,0.236540102027252
1.83300887386538,0.437938976715807,18.7122603917039,4.80560884296024,0.721297269662686,0.197747243290107,1,0.0897529432231089,0.338757932768174,0.855441292432477,0.120760287424558,0.425920217934045,0.180820992742809,0.778424662441264,0.15311485596389,0.87952977989062,0.134684193939223,0.568805252674943,0.180627061323529
3.12502413034973,0.573388911603639,27.8914614187317,8.16097862849451,-0.00701805167379217,0.218711975641892,1,0.323502522328781,0.324084401075911,0.733139306587294,0.158324236932784,0.720819312413882,0.13414949184811,1.00173532752926,0.142789651354214,0.673272936901849,0.21884654889319,0.493598804293243,0.227735236199903
1.69322037847727,0.487006378282843,23.5252024007759,6.10500802533075,0.243566241649504,0.288823123706667,1,-0.704626573553186,0.428772181977646,0.842998720119298,0.149643737999023,0.377281007041105,0.185155958666322,0.797468533203452,0.177885353650414,0.420503131429793,0.222706311000564,0.868729199477129,0.159214822304853
1.51869595307903,0.421651286091954,17.043515764352,4.53242158622102,0.322242373806282,0.324528845359128,1,-0.648236765039993,0.39662641813416,0.800245857910101,0.126449959333953,0.664082563088248,0.136869773829494,0.507095119580587,0.170730619229292,0.66906981203785,0.187730538673981,0.779689223214331,0.240553932580568
2.52583112965084,0.483164565501979,20.6274934448627,5.74729749745479,0.39346330318357,0.271775662955506,1,0.211935737571099,0.331388232567828,0.38294561322506,0.18997146516315,1.1922122975563,0.152276072543124,0.808808852727809,0.151307579877939,0.704197078974771,0.164288727657231,1.00619156348938,0.155267554855254
2.25828095983404,0.404257755538281,14.7952229686199,3.57601626157593,0.192577671303097,0.255256001587792,1,-0.00142741082186498,0.256766026442815,0.646997036677311,0.162583985992011,0.618402010126226,0.156868727536906,0.756416196352182,0.140702257567323,0.640858760299975,0.166236178309709,0.689635424018779,0.195680804749688
2.73770582064857,0.532748186738756,24.1413817464403,6.95071049513683,0.827009548643879,0.0974405572340562,1,-0.359867522328808,0.55703136022213,0.964750704265129,0.209976637027091,0.95336676053652,0.161555153834031,0.689735972628042,0.188536309004927,0.594604079675141,0.183342597706343,0.865225648709975,0.120436310496356
1.94677216323103,0.453176275605955,19.3521170761973,4.70026054310736,0.419284401692534,0.343449845834212,1,-0.159344277482259,0.337861170472691,0.80791862572305,0.150698082666817,0.683786985320014,0.146355484002944,0.517882972293431,0.176985626878454,0.709726100623569,0.150406740639031,0.57413352272616,0.180975028422884
1.96614455580229,0.444791290538927,20.1244474919806,5.03654525764434,0.0975570482537577,0.234998715185877,1,-0.36191993949908,0.380176104497164,0.799085618449488,0.157975722764065,0.882219147118723,0.161586818519857,0.640065298760092,0.139230516015926,0.818065426688324,0.165872447865258,0.848624758719895,0.133541165729758
2.16433698205616,0.469146128013841,21.3157158385348,5.42821068455049,0.648803525679216,0.254016722251351,1,0.167028368310313,0.337657192920322,0.576393486252909,0.190001582135119,0.630647132476556,0.16229937612989,0.787228153368818,0.148296762212228,0.936757260899994,0.136650270566225,0.766023695948514,0.166685402551327
2.34076162403267,0.457331183481461,19.7682686221074,5.05909834835578,0.344202503598236,0.407175699940232,1,-0.0571867952386531,0.327879059340863,0.913827177775201,0.120340765730726,0.760386889267124,0.15293001520026,0.570643061809743,0.194602360451543,0.424682398634489,0.208616933400855,0.744733300330576,0.187386323117133
2.55881064328856,0.496509730425873,21.2287065356817,5.5182398939216,0.16182841389172,0.306474395628645,1,0.0860526685135712,0.379626139066102,0.756855850866696,0.158167756957372,0.841669500098355,0.125928285497434,0.976107427806023,0.139380262326922,0.720116928796485,0.181068484610631,0.880971610587232,0.186923333473328
1.99523147793145,0.42225861869242,16.735548657011,4.45327743726007,0.18471987556869,0.213443558738839,1,-0.421093316820692,0.303838593983387,0.612616293666358,0.122448493746009,0.828317555432886,0.106331419357234,0.634724346916021,0.19078623010713,0.59953646455572,0.181329258934606,0.760928156994208,0.153690557202278
1.44792336755044,0.393566074364769,15.9597106407634,4.2897011592082,-0.0432446485903789,0.24895149789754,1,-0.340037270832267,0.306634501127557,0.829189269096836,0.136846112846891,0.543360183989361,0.174476339528482,0.878709793612443,0.149127713074297,0.443576874477078,0.176829650901404,0.731792432418205,0.193792230839521
1.78504902820648,0.4959498947593,24.309040639611,6.86093449336387,0.488461361906203,0.423682107107032,1,-0.264209496455737,0.43823591554273,0.798717553614366,0.146966331747749,0.825631947660703,0.204874399123388,0.38706409986552,0.208308556146202,0.715494908305612,0.182641249676651,0.972357347138731,0.178158129858859
1.27921363030687,0.366958569249161,14.1965354555382,3.42739693188053,0.595322883770947,0.281390436397808,1,-0.213881508145391,0.314241026285135,0.621786969926984,0.10978653907317,0.771576582113563,0.127550575942563,0.89992633081484,0.142703982476897,0.843610259573297,0.14487927037411,0.870067323668802,0.164484732405664
1.80402850682687,0.3708608353508,13.4785044247579,3.36852607387396,0.681974655177975,0.206395419382205,1,-0.296218922948948,0.298294280171906,0.75765189952235,0.130671157903277,0.860757664755264,0.139082320906266,0.70998956416082,0.164712191167137,0.411364722942376,0.195189213321416,0.578625678715941,0.19612305493872
2.00833061837192,0.388712350013624,12.4251590221065,3.27364471092734,0.613084841692005,0.268231389476391,1,-0.514187405776903,0.327323163536616,0.836683156770999,0.122370276185446,0.741121167605167,0.105035420807103,0.670999249308959,0.147796645773669,0.38274357482058,0.206561095276441,0.387811525298235,0.209991855161257
2.40019315531761,0.385091653748943,13.5838472468742,3.38885629804217,0.0100693327366733,0.214681881457064,1,0.290104395475113,0.248121639293758,0.680831107942259,0.161750698882941,0.793322924718785,0.132415215103563,0.463887577653367,0.148835484437618,0.934621347908723,0.13458516470521,0.790155566119069,0.137380525522873
1.47098461933939,0.356039433772539,13.346991399807,3.48643053899467,0.337183354555496,0.328930903023396,1,-0.246988708358462,0.241947169020093,0.653579137361053,0.120688779926454,0.757136757094519,0.139230509325986,0.623313308716261,0.15345524621064,0.703840464161594,0.178251705391638,0.745297507001898,0.218261339556
1.66630289198723,0.439404131062627,20.5437353614252,5.16780858507783,0.266529393690672,0.302202967567008,1,0.52379067338473,0.366271574441721,0.667012935564022,0.153550952455966,0.722112972799149,0.173446008739859,0.872698158158304,0.154105395540202,0.93876792061859,0.148342166944635,0.900182055672036,0.151907337552251
2.10230259652992,0.425433755807386,16.8717619080209,4.6030561289768,0.0564542343855404,0.249698745864342,1,-0.56018491492681,0.53408561983366,0.990679192977509,0.191818084763552,0.875153286158836,0.130998696240401,0.33222499192551,0.208556570985227,0.67577267787328,0.158904526145837,0.966475220153446,0.17576718388102
1.92048478438509,0.470894160647633,19.4341743094706,5.88545519653795,0.313108959115824,0.438433970790112,1,-0.232253470715756,0.382777499852313,0.566970336554623,0.165346298391897,0.782738448717504,0.212072003735533,0.565815840068995,0.205524506540949,0.681097976657943,0.185588106885134,0.577414044588863,0.194642726794602
1.46851355329526,0.409406667174989,17.2622227377734,4.36354545384151,0.239549415850198,0.33842738807049,1,-0.155212976281427,0.283292979587505,0.602758478378662,0.119944652337728,0.713545369620785,0.131533924855477,0.838490648156678,0.138226439285968,0.53771427346274,0.186501443161617,0.523358599808539,0.221727837267068
1.87573889832917,0.440343590912393,17.3943232577673,4.57418222926141,0.00531949827429214,0.321242884701266,1,0.571524239408248,0.370103644815362,0.831405419948729,0.135713337734612,0.787224805994739,0.15573484288704,0.711892437243232,0.154754186083229,0.489341128695779,0.209251458170641,0.79242595203804,0.171547531487438
1.86901498611884,0.358581766255261,11.8167250956203,2.82306263917517,0.166529877138821,0.24282672742256,1,0.000178538945904902,0.329472310573613,0.701551178509454,0.105742428438383,0.718350812936977,0.150021017121385,0.60634729525634,0.146978307318869,0.513481420564417,0.16919424372719,0.706350869979404,0.175304706358712
2.02354736151033,0.393707186652859,15.6918145110842,3.91217894248938,0.0853294249578067,0.209684063468274,1,0.428735841691739,0.356089859097903,0.787044142574851,0.1219490625529,0.511594641084605,0.169800102176354,0.735412873679855,0.205790106691447,0.638568207081887,0.1670757396499,0.869515212829152,0.166898433184111
1.96026143194792,0.419290436848227,15.4916321043871,4.65705893158591,0.392083044647261,0.312213353055888,1,0.210651978103235,0.374146454356731,0.538637396905505,0.15511386012717,0.648838844149438,0.160496433686165,0.524768894586524,0.191878710641241,0.221634516474781,0.234172508776111,0.817095357870049,0.165918473564947
1.7622785343699,0.418452080745589,17.7827293610392,4.94098933143376,-0.172227310960939,0.188368718275631,1,-0.303074717527936,0.319797301266599,0.837876744228291,0.127196373644768,0.728081920253149,0.163088013351278,0.538998228095708,0.152297708433957,0.757540192675114,0.160354547209675,0.569485821468288,0.197262902473323
1.91846774034965,0.405265621427166,16.9111127546699,4.28548889740473,-0.0335403225488499,0.204472665445395,1,0.160813476438711,0.313610839886263,0.704568731217239,0.138833507070462,0.805234905870788,0.11469840291987,1.07281445699319,0.158869162352469,0.593369447977616,0.204010141503014,0.916640028298126,0.186147155538683
1.46322967985467,0.417400269629882,17.0823172856756,5.01096347829136,0.819754708030247,0.102104180338757,1,-0.0841659980763198,0.364892866163915,0.574243001030927,0.148031106980641,0.814434569384558,0.115628598916813,0.579672524743473,0.199878172991052,0.425489026957572,0.233082962658707,0.868058717040856,0.18476735907954
2.03285793108083,0.370369046551599,11.7160037399236,3.07823533155902,0.640874966025731,0.228010306663293,1,-0.199809952702656,0.317834563702154,0.862640400084583,0.109328563076901,0.775982295497933,0.143769105267467,0.478961931797779,0.184471839835889,0.662801871425678,0.200677501169671,0.0920173811189872,0.263516297602614
1.93759676548698,0.450907697604466,20.0849320971737,5.1819183980324,0.629289199309657,0.267781549636617,1,-0.0784254371605656,0.376639639427816,0.673428136828452,0.149920213500613,0.880819948865217,0.1267883723495,0.457381850652448,0.181007808204159,0.956003801611381,0.123478904173606,0.802005560375495,0.165310936455178
2.32878353665392,0.613626663805912,34.5841341804518,11.0790917274348,0.835530614416469,0.117203852984939,1,1.04772402908126,0.487164041626817,0.733742144078045,0.141797406561337,0.612359787341791,0.231757606035555,0.822344266220649,0.24300824883884,0.751091674620087,0.206308368969246,1.0678370573449,0.1708600951538
2.01061145200787,0.459664036341163,21.1095328786232,5.7843450138918,0.209841087170927,0.339006127514439,1,0.0248850926943208,0.304951516325146,0.642447623941112,0.1683241142462,0.670611568689566,0.141992335231941,0.671420262404676,0.144640672057571,0.64112073180222,0.145801820561258,0.630318256416532,0.173153504641693
1.57110093129092,0.377480853391831,14.2418273899563,3.78552332369374,0.227377372777696,0.225932479702866,1,-0.341357025939819,0.337704488496166,0.534617845442801,0.132182810211042,0.697490163676403,0.135875239396876,0.730906799014872,0.159516064568991,0.575840095631489,0.163178798447697,0.35957682091064,0.262455084578252
2.23712051173796,0.423866990963996,16.9375658775078,4.55529994422351,0.167687811953646,0.26149100478614,1,0.105440866676654,0.347588062275204,0.662355761799048,0.161900868803993,0.671662637561967,0.145422563083685,0.979921636480249,0.111759685616612,0.714502029076793,0.144843138339149,0.58902967635076,0.200458900218216
2.11767941779234,0.398649155404057,13.8503438217127,3.81461281930926,0.312585754207723,0.291101843732108,1,0.310990586372412,0.412447483215201,0.770321324543133,0.154347348825518,0.249014142249571,0.210872871049337,0.964489227305156,0.137644954748748,0.729037274288779,0.162660227410397,0.850372077761112,0.154162836416341
2.50509035242645,0.481793934261935,21.5123216148077,5.72680895869505,0.133363473828582,0.432786194480638,1,0.546245223350907,0.319127970656371,0.59577696549696,0.160952502188536,0.894066767074417,0.136108426569693,0.838120080676708,0.153581798971471,0.802850426590843,0.163445868940609,0.568160385770231,0.176828796242347
1.0248273141251,0.465450962823519,23.4403311244266,6.24331911290761,0.0467752480471244,0.253672342326838,1,0.0224065738676992,0.32191409403845,0.498562602374372,0.159311502115977,0.557686839789341,0.156610082985303,0.578696631231865,0.189752811503652,0.712411209843739,0.160366051780708,0.815437629753125,0.165002599502406
1.81247839749711,0.382983575563725,15.618013029212,3.69156902157356,0.154119555584007,0.20856296157151,1,0.275534516266885,0.328820978313226,0.74420358997928,0.150544684471337,0.634280839596758,0.131482984615515,0.885201312194726,0.142331362017935,0.617883383180316,0.154245488343224,0.866272040441636,0.158316826853568
1.952595518303,0.379156741467824,13.9416520939376,3.52951582465112,0.552905239951541,0.285280091983732,1,-0.195916593088098,0.322353457115033,0.86476463741928,0.117379541847542,0.656426703557635,0.126708210839967,0.503798970360829,0.170699098635386,0.827343016867996,0.141324936807285,0.846874710980273,0.192935081394221
2.02541848016389,0.515031920559151,25.1694185247163,7.42037726882779,0.444367570154772,0.345107175523378,1,0.181529509277959,0.321871366612335,0.744944291335789,0.142678365249593,0.520756109547706,0.157347865785534,0.674039671486197,0.188800872097359,0.936663746595574,0.201769045597479,0.967123833035476,0.191130338463538
2.06421339662285,0.400360295800547,14.6261421927788,3.85547498760117,0.586724128123851,0.287448591197643,1,0.222986009903351,0.306333063737278,0.604968251229779,0.134824327130718,0.641934436562489,0.147875137218575,0.634340273447608,0.139059322109101,0.782048040789531,0.155194442503483,0.534904505690701,0.214039728219979
2.117628217412,0.372722795874666,13.4641399941293,2.98834209377737,0.271800374620381,0.202578617995688,1,-0.204104142087804,0.37573286478954,0.850468575610286,0.133676808652396,0.676996745354695,0.132134752706101,0.809914066420297,0.135293320146301,0.700388508376263,0.145206084335707,0.790936749528302,0.16164443529469
1.87938545371237,0.380092334870435,14.7919328005739,3.61380062423469,0.205516707363171,0.229657489267736,1,0.787692609758437,0.385595945453247,0.648665732548157,0.158105072877454,0.800871703644457,0.14397595461408,0.511198739011536,0.184105477133081,0.953662932514107,0.141611820799385,0.872649912771139,0.139112418987462
3.13768830571196,0.669653921374446,31.7402976371143,10.3928906257695,0.617300839214234,0.354022705954892,1,-0.0514199605272601,0.434047359509357,0.543030536983304,0.164965807784942,0.885621457038123,0.154273070264344,0.740224640070762,0.228203227525055,0.554492415971259,0.263122032593805,1.06835265212539,0.235855383855876
1.38157492877692,0.34153793876162,12.2334478525815,3.19662194352738,0.0291729475923496,0.244288836568578,1,0.0510456749399222,0.224018693607329,0.670222643228407,0.129457648752391,0.651295294531105,0.142066323857288,0.527895552588389,0.175089915385636,0.844147753296752,0.128703447988114,0.63225535061891,0.192290384110047
1.81993796302495,0.4100209876682,15.4339126418729,4.42901633297368,0.238058400726768,0.385763344365276,1,0.0094077440160267,0.346086577224287,0.66182979718269,0.153212563337631,0.377773256110749,0.233412805902166,0.831995713400247,0.164682885604588,0.450931951580096,0.172699716355133,0.593850347939294,0.163559327556086
2.07086760067983,0.36506100604154,12.2797181957201,3.01021056785807,0.274151587543454,0.291970631955117,1,0.00646413965504624,0.353266213050538,0.560074217693654,0.183112211336939,0.641454717084304,0.164667867446737,0.673152587365556,0.128202248365123,0.577087129463057,0.127725534319173,0.585733129205935,0.122679058156945
1.82919680720172,0.449366373727521,20.4797020950352,5.54484708570091,0.530685435542382,0.306435662048588,1,-0.35314685099964,0.32506047277278,0.986440808825445,0.13718369786445,0.500721187887675,0.161325537317465,0.749794073590398,0.160868764502215,0.816310689359832,0.150449576386065,0.631565398844049,0.17310679772181
2.22228233051965,0.443539242774832,18.9762644491935,4.91979159250041,0.230252857286001,0.33002405168004,1,-0.099009273403777,0.302280273551145,0.892259309566748,0.121133470281666,0.585924774633902,0.159958438377264,0.645652697931367,0.186956042415775,0.595584746233962,0.166679664341773,0.828930650071642,0.152693688385677
2.26949413717662,0.470545245766063,18.7680552428008,5.12096019062276,0.00203426300616405,0.215499976742072,1,-0.258547827053845,0.321872029656875,0.860641467235718,0.129250387745572,0.857326204454514,0.123932425475193,0.758547555307924,0.156730802473985,1.02318273956967,0.160356487210731,0.370272100431467,0.227665758110487
2.34502388840016,0.407436307810084,15.9771513324904,3.82431265187319,0.111716565081086,0.236455774114674,1,0.274876070710172,0.238973481537788,0.599087471011313,0.134288826880661,0.747267009032013,0.125115074001432,0.58886880610747,0.135304019652133,0.665147312344206,0.145842801556977,0.794166609608636,0.175958897708075
2.33468535557336,0.423127791352224,15.7143699374898,4.1833286215503,0.45731653202594,0.358617849333858,1,0.484093753202393,0.303224140330585,0.798617874472153,0.128660552674427,0.81444374273643,0.146820656924175,0.802640023378522,0.170011601051714,0.677787640945627,0.177551772658848,0.756458358506682,0.209926530336034
2.0726942807097,0.419370577361018,16.5873330302457,4.65501173582758,0.147568926772389,0.235610471922813,1,0.129808756457761,0.338863317577237,0.591605413471162,0.16886299726307,0.621284453140331,0.163882953618664,0.775410942861612,0.153005160659141,0.685524250617643,0.145412296423359,1.09461433852862,0.158400454088921
1.59486481603714,0.382976342167735,15.3926891345741,3.95717544471235,0.144765462956577,0.263276055557899,1,-0.146769383026561,0.382286896493608,0.815914786977764,0.145912120907058,0.631760227200365,0.138070054159728,0.883012261761634,0.129137028796881,0.837795765121375,0.141152208240742,0.633411504836777,0.180987992717235
1.98465796454407,0.45057818851869,20.0941566305686,5.15702296199037,0.461038382390307,0.326063337641943,1,-0.368805509578027,0.428641051616874,0.990035255296541,0.130382932935888,0.510931153346945,0.156613425780297,0.538465537227159,0.180114558178289,0.893486762913985,0.147435224324369,0.541537301787337,0.206633747912273
2.15071162473719,0.54039494178852,28.9985010308316,8.24693035171634,0.101707635887816,0.37717393515524,1,0.0113546106991344,0.347071993307257,0.75921290596244,0.156891735677237,0.878480324474236,0.179139723577102,1.21077029434355,0.172410145578421,0.837474515032392,0.182919673542509,0.564417520721658,0.212636674302954
2.3034643493071,0.533994047046615,24.6800668031735,7.53462132254973,-0.101584375329513,0.241304041174645,1,-0.297505933569649,0.339149139017131,0.932118837456233,0.141990895921886,0.977040914159468,0.21635877313805,0.676628167685913,0.19273595227016,0.896274108880678,0.184698984713785,0.833746220330841,0.180006177584953
3.30286937894139,0.594522152041559,22.3564391727363,6.9895402138747,0.765306825224898,0.15873474511309,1,-0.324905092171695,0.396603247971261,0.813099559386251,0.173085585995231,0.972943588151182,0.131975204443738,0.771368334233428,0.21412437821261,0.638592516879095,0.19562780778723,0.684467489587373,0.197613688136109
1.41412534803921,0.343513660736525,11.9620429261805,2.80446955409724,0.421446784191101,0.296003126346173,1,-4.54242893846171e-05,0.354269156923731,0.724671450547497,0.12960566769699,0.798871214365392,0.11806405304515,0.341747878623511,0.190034971178162,0.507048328726503,0.16891423746691,0.785173407824825,0.156804775597233
1.82698816994004,0.38612764604063,14.1843571699553,3.60143173649557,0.454559940259063,0.33142262752953,1,-0.00489790553278382,0.310389844430986,0.846959121045793,0.134720800593444,0.604255435617386,0.152893960090359,0.87673108638969,0.127878034571625,0.434437467591306,0.20071354616408,0.651523902243684,0.187757193854144
2.35630838558267,0.463909051777029,19.8057105906992,5.30845809082897,0.0362960796854658,0.288065034064481,1,0.284450030833386,0.381976941490323,0.786984895026106,0.135719063148012,0.659889614616703,0.153016317830323,0.770828740420072,0.152859186166613,0.784019648492863,0.171018687920688,0.725343463479554,0.217006813527046
2.78161177066709,0.5814115921098,29.1040888355006,7.5445728161897,-0.0142048462501555,0.249064449336769,1,0.348111164362157,0.397364839704065,0.930168834365891,0.137273520024368,0.777610618039008,0.144398393778479,0.67639464255319,0.177951350216764,0.987205505037466,0.184092551979828,0.935403591681267,0.197969924011
2.40848988821214,0.369113301525836,12.3376574271808,2.96711656842831,0.385424369031817,0.328626741386572,1,-0.1986255069106,0.311096676892866,0.627635501198999,0.144458003232003,0.795551168158047,0.122480689044823,0.817195024100072,0.146776318899525,0.628031511796758,0.182069552116139,0.778317660438719,0.138345939483413
2.17561157707,0.465616333875673,21.2903780937432,5.58748621804387,0.356806210989396,0.360359581571286,1,0.218289461867165,0.354453986118189,0.765567598655179,0.155879453160967,0.73803183230894,0.15912483582283,0.692660007941183,0.146755598525064,0.632096097744686,0.160924694325782,0.92459855735653,0.155691383686645
2.11640713751234,0.384054614539156,14.6206682478103,3.62871400180576,0.575737398071134,0.211355206980154,1,0.408795382746575,0.334234633886268,0.765217033666212,0.156331940774599,0.701311369288411,0.191804038364527,0.559419019142776,0.148662950554108,0.675445863074594,0.121229222539763,0.670377168651153,0.140076553868117
2.31150012297824,0.481356596189949,21.2302434893324,5.96678380584159,-0.298122878590126,0.196739618211433,1,-0.22039385907888,0.306532564555157,0.976303286165013,0.143791563762826,0.804636119026751,0.172273032080519,0.616730711515718,0.181394043712901,0.74723077846089,0.165145311400598,1.09054236828897,0.16290428738664
2.03208537095819,0.420098824933515,16.6182946633609,4.24174258779461,0.250881723260433,0.258187884116377,1,-0.0928529634093531,0.267664458048606,0.715750153287602,0.122064604269037,0.665574307273659,0.120219006465583,0.958568519443899,0.148003347959518,0.51253294584749,0.185324897142892,0.813027647430415,0.188363206112772
1.90336082901003,0.422627250799012,17.1571629871326,4.68767127757703,0.401959735426675,0.260857238579774,1,0.156189533946299,0.367332937640943,0.697529274175666,0.160021018708769,0.576538952712206,0.16805357641011,0.378049504272348,0.168807009884869,0.806947193483955,0.153967424233977,0.313173318316253,0.193899736828921
2.42153007647594,0.355593303844238,10.0553973061758,2.39439046128437,-0.022475780665707,0.170228579530589,1,-0.239098747175395,0.324460308213067,0.675806464064469,0.134546074215666,0.504721304356459,0.154121953565377,0.849561632481282,0.121796631897579,0.501792085448077,0.137567679751374,0.817920601760321,0.134578916778247
2.83712902369035,0.449221107700883,16.5071788029895,3.95309227118926,0.699645024405245,0.23206268576769,1,0.323946925429292,0.390130047279703,0.737537553857343,0.142910874718907,0.631179028812039,0.159571036029818,0.677484565833684,0.139342108990822,0.843814512485768,0.144898691106265,0.66940300736393,0.146508021093027
1.44884471417577,0.42807494474464,18.2343849676017,4.92293845980799,0.30973770319748,0.386394675823651,1,-0.471640381719723,0.410611680374147,0.627495714823121,0.144205136667644,0.740782720770759,0.162992721649988,0.649160066466814,0.188450469688416,0.853933058870698,0.163826103913279,0.945040992218954,0.162511830399385
1.79665218803406,0.383862923581535,14.6801969853429,3.55240968154074,0.188243090378881,0.302935590615129,1,-0.195094218573994,0.30083640942924,0.645951684045107,0.148622607776824,0.615800196344622,0.147317664357542,0.670840815894469,0.135017728936404,0.73840868825979,0.151768855665821,0.547941073812206,0.180470079177333
1.72801062965689,0.453749323309099,20.0206187293168,5.71293563738235,-0.0839287427906552,0.262068314682834,1,-0.582485224096407,0.340677876398622,0.902351589415195,0.120835506951091,0.816943397534767,0.145153317538585,0.528081176258291,0.19265493050458,0.597730233956649,0.191091803596661,0.693632924988756,0.174054653899653
2.38155745687268,0.619973131834528,31.4131753188005,10.5232587507952,0.791535579126054,0.134312434552497,1,0.260738652839949,0.430958152805949,0.666627201959738,0.161119297436291,0.657340451555049,0.181337166197365,0.716338591818361,0.202752439421219,0.855565267129619,0.206496809552883,0.72345306330787,0.227885686754832
2.56228442649975,0.428272264369169,17.6851304223515,4.53431618736577,0.305012245638624,0.365254411839714,1,-0.142381737602425,0.293560268173266,0.907054521181982,0.117946528394914,0.77246465369051,0.165883483835957,0.717862154905549,0.17672155405537,0.927416114907873,0.154608385319284,0.786385704108076,0.140860620099116
2.08617465256111,0.408445314568686,15.3279508584103,3.92742241079343,0.689690922365043,0.279368100167887,1,0.374806781048674,0.402611370998094,0.474750667191412,0.202488554165262,0.304494661744853,0.235416421487392,0.558956659377126,0.16420995554842,0.768739229025643,0.135695615533407,0.738646832156141,0.127015236237522
2.40959484672776,0.405418866919237,15.3309753940365,3.9623250001421,0.266993893764685,0.212910014842768,1,0.490869879727171,0.293219804232161,0.371011861264958,0.162934109507752,0.801880856748971,0.166495044175331,0.683471404952865,0.166011569177985,0.642715225074827,0.132681769207484,0.734317036452965,0.136445304969348
1.84775982180515,0.377903775326693,14.2672238223547,3.8440794244029,0.244659007030975,0.209930838931378,1,0.586884002313039,0.267434016966975,0.784969128488367,0.149400767170531,0.647986185974789,0.144009797638573,0.811779506263018,0.187747958631283,0.794979650784025,0.165559764071156,0.5405929157247,0.193300508571095
2.01844839364363,0.365847945472564,13.7291073230563,3.14016678218539,0.394922820706303,0.276410685438574,1,0.0970080067042902,0.33940612221233,0.67600395515731,0.145273835685077,0.912812336644877,0.137755876495821,0.750858008392558,0.172489860596996,0.747808722651885,0.137633834314722,0.719871482465535,0.137357280171409
2.14331906561455,0.441839571266275,18.4992639176329,4.90033460618866,0.0524154984698618,0.254565998100122,1,-0.371498755288697,0.404186420765631,1.12483964696357,0.146530273412394,0.484652366711502,0.163437835138037,0.742237509193076,0.130527781219687,0.947726334781234,0.125752273402063,0.44944266048307,0.209188558977644
2.38408317991116,0.40166863557303,14.1141252382101,3.48655744297278,0.0240306725902969,0.246498327005392,1,0.376495677097387,0.330800784403628,0.612695823024989,0.140948399020503,0.594330444509578,0.174300053394595,0.717217363329152,0.167432595575344,0.750423846769255,0.161928975261896,0.784893896674399,0.150480502435764
1.77780381216182,0.374635988774843,14.0015442682658,3.58994608907414,0.185525749207021,0.215481697558145,1,-0.236497767816124,0.28349249126482,0.519866344190278,0.160497895556193,0.740599118038464,0.163085989575732,0.567697613648612,0.156594798631386,0.788559042555284,0.124447751102008,0.634383893390993,0.154797279131424
1.83478882490268,0.340988751462192,11.5473878878123,2.71126995145556,0.179352908877036,0.236960959495415,1,-0.0664957157580914,0.301106003821355,0.576686349300104,0.149002883075058,0.619265132912954,0.14112692867386,0.83614332219404,0.121331632167218,0.747970953075641,0.164555022374784,0.81766168868384,0.137374027506419
2.40061411855652,0.503989833271436,23.5470101757851,6.27951708918914,0.0291896827161035,0.292921420777336,1,0.829253010191387,0.32414211290427,0.574321713422334,0.164997855681568,0.785097331119545,0.158624169815248,1.04471718397746,0.130129798121689,0.541466633253238,0.175275935145267,0.969815290634352,0.150566313482477
1.83277577216643,0.478237222690278,24.6650018300974,6.4737322284552,0.42506084116934,0.301647531305234,1,-0.324704134585687,0.344290588753255,1.09001220811977,0.130076876244505,0.471051802411393,0.209836926308335,0.653294407352017,0.166610494285055,0.794587945729906,0.146258055943164,0.867374207650683,0.141465875734389
1.81523355867562,0.330940960059747,11.0194518519806,2.30062040701446,0.346061907175487,0.209450504753926,1,-0.151467708328426,0.258600444979693,0.698331874520639,0.118016736556682,0.561480492293186,0.123323442577556,0.765909852513706,0.112043728233632,0.620111168388639,0.147869313214072,0.849767209428435,0.136568017280288
2.19682102299817,0.528479881846535,26.3916300691895,7.86475737605758,-0.10064094921809,0.254681466413999,1,-0.0249289982999829,0.283458426080728,0.890928830507198,0.160886332650792,0.872562737991125,0.125526356106303,0.874862300486066,0.157390398589581,1.02196629891477,0.17526263190701,0.89031641114464,0.221310503585092
2.79325615437511,0.444812254612137,15.702330184065,4.01497108747331,0.386336329113814,0.304509171553532,1,0.259145006846234,0.344547637678485,0.60055113686001,0.171514980371797,0.708459427337331,0.159299515226484,0.633687733794367,0.126580346790047,0.853750209507664,0.125084357609491,0.757578880917076,0.186200616597676
1.93883504382382,0.3866948205578,14.8388570042142,3.60051108187587,0.351148109099503,0.244862703008773,1,0.248269782878963,0.320035558192617,0.591748575329559,0.155774677342176,0.870357770776603,0.135965422987899,0.696070563656601,0.124387426487849,0.581717997708489,0.140141689375057,0.683409663122893,0.175029398287616
1.62855916629202,0.411138897493848,16.810329953024,4.56875698293078,-0.00953801522494696,0.265072280892751,1,0.0429220727005721,0.303670661492236,0.694361937420936,0.14129258676638,0.592476420983932,0.138992783396066,0.716657444688329,0.146715712412842,0.766405794828704,0.184205544033209,0.64898457536036,0.198452713334869
2.30132172482685,0.481788107228854,23.0618465963015,6.5799057634513,0.456636266461209,0.293907032786086,1,0.671078473139736,0.332162808488398,0.514881039754252,0.227966416942552,0.612203406865026,0.171674953383282,0.709083477789555,0.128076945669258,0.965576562281615,0.129106083735057,0.792332761947927,0.19205144098399
2.31534535068609,0.350201535637091,11.1269887943972,2.59965245469073,0.43039644719738,0.273577273191365,1,0.444064844127607,0.302463463389553,0.726035237799604,0.142139566280385,0.340627264373651,0.170375906206673,0.80880152302707,0.157646344638256,0.781764840091772,0.14591865734236,0.84384541573718,0.105523788493857
2.08456831936634,0.457906689943943,19.8597118725272,5.46555076146478,0.0592668113267788,0.225557125414899,1,-0.307345737531631,0.328527902901659,0.864960486057301,0.131926767784554,0.522044302383332,0.160075804764214,0.431951515473116,0.168103336078573,0.919561771933927,0.154730237011543,0.710103556249689,0.198071383474804
1.86179338661355,0.384441554532412,14.6673646573616,3.86990480507575,0.306732477697284,0.287902091935714,1,0.527359707547432,0.320379504326217,0.53051371446257,0.206693772356788,0.815901685756947,0.142790599551375,0.831910154786608,0.139512966703413,0.758784528956746,0.159476134217234,0.614808753642818,0.175615525826285
1.80978641548366,0.369946727423141,12.2973846919192,3.1073294713956,0.0486932123416792,0.257168611327792,1,-0.183668361963204,0.299049222679685,0.694642661488429,0.118129322703929,0.753195230023228,0.147082106007864,0.279133633576962,0.211327248161836,0.549830376735071,0.179905292694415,0.691548242652193,0.16672237173673
1.94669808189087,0.438511962652288,18.6163235973985,4.95647768416872,0.0660923403622625,0.299796913241682,1,0.0946295403975064,0.322046785867727,0.782994703699276,0.128052702483757,0.861375560388882,0.14485629468511,0.588091600334382,0.166352298293148,0.803813580445477,0.167435748247883,0.793874791168129,0.176928733776441
1.82517646064844,0.375711969291831,14.3264181898652,3.48214435723082,0.054987530464419,0.204092546279954,1,-0.0274151168223068,0.267006369479144,0.615800356765871,0.134422590680511,0.775503895289852,0.125664916605783,0.489862562694884,0.160668990819731,0.796041565850386,0.142827268818727,0.835045550205833,0.155409436055157
1.55779139968217,0.407075690777811,15.9337633500131,4.16107260043706,0.649303613778539,0.308210957182299,1,-0.734443483434212,0.34695218527383,0.919267443689958,0.117067031844891,0.624150560289249,0.172414684182481,0.767624094885273,0.152314936368998,0.672781459081251,0.169568875647346,0.530101549728007,0.203330425562683
1.9525266370705,0.382952091419764,14.0530360895615,3.37209276619825,0.102814449656334,0.26619425849284,1,0.289366192858179,0.347101087514837,0.926867109143132,0.132194457537841,0.589588685967837,0.155364696812776,0.841618504486403,0.127729953829053,0.899705535264488,0.140982288529442,0.559399828474953,0.167778627963694
2.97478733768348,0.497972420146536,18.1477528537877,4.63912794438449,0.11195670983082,0.303219705351322,1,0.405050681889747,0.327747686735134,0.64461144661354,0.146104225325829,0.630879099277861,0.146112186939293,0.723690425427491,0.166919530070156,0.952183013911038,0.149770611267671,0.715748040219174,0.174515887897283
1.96362327232302,0.406764664879489,16.1181671182383,3.76218957127422,0.336876268252318,0.338033640436819,1,0.253821027731708,0.396123367777657,0.750121437824421,0.136189000363718,0.276508093482185,0.197834157659785,0.791944882070216,0.149722906263399,0.750342167915268,0.140903625079297,0.681105265678374,0.152495446422495
1.87280299236802,0.410827857211485,15.5360234342458,4.17112552029506,0.357290583226231,0.374395583037721,1,-0.249307783415102,0.339433854730368,0.715770939520304,0.136441067452281,0.702506142482053,0.131589864808685,0.596766948270991,0.146219917979236,0.791791659363008,0.188304180528564,0.241049987916536,0.22700280303501
2.11341708918907,0.436912814754561,18.0110971558149,4.84592326484031,0.256818728609146,0.213191176228666,1,1.04692675951359,0.377100622996036,0.585399962290196,0.141521864052563,0.488487398633784,0.149287642311794,0.482361434678138,0.185587853925125,0.815546278589661,0.143778937832626,0.516107000414943,0.220399669609403
