"beta","beta_sd","omega","omega_sd","rho","rho_sd","conv_code","tau1","tau1_sd","tau2","tau2_sd","tau3","tau3_sd","tau4","tau4_sd","tau5","tau5_sd","tau6","tau6_sd"
2.64484165174808,0.393760133478468,0.647411967055101,0.274463692786276,0.160032995518831,0.46106305495613,1,0.1692734957502,0.669580501172366,0.909376816032573,0.244749819957584,0.448632996833472,0.315622031268415,0.461894950079271,0.283841256701453,1.02763987842383,0.204135918993313,0.509534454809742,0.247289837511258
3.28102953031664,0.602706613812248,1.98908494685716,0.899068334873225,0.164155197280194,0.766927927630173,1,-0.942987370910186,0.761256776715609,0.786177218297672,0.401492600594871,1.08155960643654,0.283093377495988,0.385626115370994,0.313614537908467,1.00575149601678,0.283728903230169,0.929765918736414,0.215835818520844
2.7596773254578,0.351016616446799,0.861424118722037,0.407681147391078,0.146137547672528,0.593765717845399,1,-0.276683342451021,0.963197855983004,0.804422242450903,0.38610305945919,0.777249407370413,0.179710918914093,0.803752940051693,0.221503723710805,0.779323695562508,0.224002383508674,0.439803955256608,0.274960837036894
3.11966147153994,0.418388069425703,1.18801169271494,0.475178975867247,-0.278383385438256,0.268966947159111,1,-0.225819389372591,0.487158197767063,0.884010116608029,0.177363583589944,1.04692479005959,0.198889355701025,0.552494262949976,0.187301116637143,1.10992097900168,0.166343117175618,0.561159898450992,0.277996553944135
2.33773067299049,0.403142322523027,0.667048066826194,0.506458763536594,0.621361983883159,0.419781611154043,1,0.0491920979975739,0.978058047718641,0.313081642161336,0.606018381374966,0.93143783582911,0.141708601350571,0.476367778084472,0.206166640866453,0.496985706033189,0.270338293171134,0.224217750730174,0.329582976848944
3.03155910844249,0.448140185515879,1.25605167757224,0.505616284310656,0.0958364560835393,0.451512267144241,1,-0.107732623545755,0.65188387239311,0.96039365690789,0.290574675428781,0.89923826792758,0.226035887294604,0.791513526419569,0.216163898842428,0.620414025717165,0.249253816831956,0.532746747080235,0.226256815470633
2.66830817399623,0.409625119637037,0.156064905821043,0.203978937537213,0.912491475372544,0.0305248380587371,1,-0.426624382739312,0.854108053597215,0.670297097451558,0.273627496138257,0.865033139850537,0.252445921438124,0.824196413872261,0.194531288413298,0.596536457705152,0.239330353109487,0.6627033764931,0.204667544806263
2.38584169459427,0.290194851768065,0.680943114252568,0.271878402917211,0.477640431795422,0.344987056563357,1,-0.612503254466071,0.593027400471321,0.774527143770602,0.283074807561887,0.850645771147089,0.170381642338145,0.642709654412098,0.169608615092427,0.674425828367231,0.161395371006726,0.895003227526298,0.20905342052998
3.12201858212057,0.400389774416069,1.31870243420288,0.491820306618772,0.498265879550329,0.332598953423534,1,1.18209779477942,0.550976240081844,0.521778143039315,0.248057791261791,0.709102678438875,0.22148285624916,0.565371188060258,0.21784491302281,0.916266112590761,0.248683666760805,0.878071431288524,0.218555463620872
2.91955684494758,0.330468015957936,0.802146220092263,0.30208225669944,0.416839615006394,0.305472941452725,1,0.17479757857845,0.424970180944004,0.870297447953581,0.202610914787819,0.196583153915468,0.351750805210301,0.893836528793027,0.170021658813984,0.643958460371621,0.209974430815886,0.902604910149731,0.156312192195093
3.00246866207788,0.596984391993279,1.76850291617166,0.744564494032972,0.109131342409438,0.421545154783481,1,0.698793458173434,1.32760069001132,0.58321774738967,0.599802864174634,0.688213051585147,0.264821131379651,0.743055053274276,0.208974015279121,0.811533809315883,0.237426421907465,0.753939418138105,0.237171616388972
2.48619037268857,0.413085274361601,0.670936635156957,0.32134022456638,0.451834853887207,0.371216911949976,1,0.565642318627307,0.851035467168777,-0.0520340161241375,0.47962105799452,0.976999514891302,0.225741269594899,0.293046965257023,0.226218936660562,0.697159302897323,0.199213372733651,0.605539316997527,0.222974632321533
2.3246217420595,0.321304113200084,0.563742481707263,0.289825315025318,0.455981160761936,0.301984627297427,1,-0.294986649431788,0.637629981365932,0.902007083263388,0.280981148935865,0.22100067049074,0.284566000362429,0.814810519062955,0.20355079639077,0.803783913876574,0.142622661898197,0.565788484297664,0.241923177019338
2.05410314715428,0.268644658945252,0.303335261857304,0.160859074775627,0.727233421974181,0.159748588728914,1,-0.635734549202092,1.01443331796702,0.870576467646211,0.351328737455783,0.405869880032999,0.247469250013476,0.469767932828436,0.248274564583697,0.907753022957007,0.175156546442557,0.406733561467012,0.255739303405116
2.67345933488339,0.340169802016547,0.817580554300032,0.355892762170259,0.605532882626106,0.230027411352734,1,-1.198462610357,1.02222308318981,1.06213856062884,0.349665066968202,0.950169548152501,0.172959368472948,0.314592740045736,0.201377198471852,0.755404921439551,0.203203347905924,0.451860597122228,0.234642041872389
2.98300796853094,0.435566848057936,0.918611783821404,0.455916086018208,0.771402943063647,0.190526320510333,1,-0.185353944299499,0.704716423335499,1.02768561625762,0.212093508522977,0.62367746242097,0.20266545081049,0.931290413221446,0.191432358132887,0.712724704632421,0.226014701954596,0.309165169820792,0.303053443517133
3.15185411979827,0.418776195090592,0.728098320268391,0.328732145286781,0.530696530996094,0.521133400963897,1,-0.731072393088289,4.94301955529217,0.942249033600316,1.86385718573992,0.988724791598465,0.36948577961282,0.71379601432375,0.248923424357942,0.810213881140564,0.205722024898382,0.813864228527528,0.188124818687902
2.43598658276273,0.319730414001666,0.582011686938197,0.233431747137585,0.0183538202096251,0.296788856013465,1,-0.904767836836831,0.626703022680716,1.02794283570275,0.261517552459425,0.542124969474508,0.184043595851607,0.663674849598411,0.208319637934405,0.71784650520433,0.14969562196144,0.249902462598726,0.248243983218561
2.90251907882795,0.47515964144416,1.25868405833444,0.553726138588569,0.254651939867469,0.545425360243256,1,0.0505235599548615,0.696507147576356,0.480305554539374,0.358936319972929,0.882606957220489,0.24476489068749,0.739218633842289,0.180865395737401,0.826517633501119,0.252917193877485,0.61096636792763,0.269650481423428
2.82746998459358,0.405132122759387,1.10567058220052,0.597831916609113,0.288937839867074,0.633260694747942,1,-0.24689687929358,0.393862391581794,0.699289769667984,0.261136690402475,0.356812889391115,0.376709931712518,1.06452205007355,0.207641494204073,0.687070713903012,0.226228387460845,0.984748619014137,0.178494206017516
3.18395472517845,0.423899044924537,1.20992554530522,0.54397123934475,0.0998714465925285,0.423561183455335,1,-0.597973553639416,0.911299477310958,0.662057564385926,0.607405797276174,1.2504654780061,0.308978837022996,1.12291631317695,0.207360581099254,0.389133946526479,0.210575136959836,0.90891322766613,0.147123845594863
2.52940607926128,0.368726340863285,0.483291866871441,0.23980729375731,-0.188227781993967,0.286260981781254,1,0.215514688375817,0.528115252688697,0.670526819868131,0.252372973187085,0.96577240661384,0.185642918022164,0.354897094234678,0.231234463792337,0.816804680496733,0.233702543983648,0.528546203788864,0.256549581326674
3.57365333019033,0.428872110566059,1.56792085233084,0.5157034912511,0.223522083173844,0.545746691812562,1,0.684670543984522,0.782221188228291,0.536005866630024,0.42290536737243,1.12382958727339,0.149463770455425,0.967622156996994,0.197860925806075,0.879170818079473,0.260570186951901,0.750228703485757,0.274592486638672
3.20614028556319,0.485904270459185,0.97182275980424,0.443011743703384,0.105130051142216,0.417383243658134,1,-0.271334035645604,0.920228868297004,0.685870557150907,0.459954678112913,1.03327592217788,0.208670022931781,0.728277980858177,0.20267295994804,1.02005406211758,0.196513457921885,0.63596620075966,0.246452859714266
2.73665201472572,0.310645052538327,0.959572366357595,0.342980417570669,0.0693475032581882,0.403762167970279,1,0.476954212308018,0.470440178827884,0.475311167277211,0.327285036998227,0.846550684524905,0.176444730967492,0.885887020792186,0.161270842056796,0.812607256573516,0.188636859721566,0.56452083429777,0.258853398354117
2.87489041809065,0.503125541785689,1.20445071022917,0.546202250134996,0.327432021097301,0.359830982909668,1,-0.441511737609118,0.727822113595736,1.06367181846031,0.243231888768688,0.948159665917948,0.226973946636362,0.384918863499413,0.280156476977805,0.942363175316465,0.195095750615803,0.748873726365513,0.234133083203736
3.41165318304219,0.551223789530116,2.66716308306474,1.04429557247904,0.625386420392509,0.348038488298094,1,-0.422363149897171,0.925315880646408,1.04937305213167,0.290683701792651,1.03168356728567,0.253315059890763,0.881219916944926,0.169418122569779,0.851049906165621,0.227236070239891,1.08948880411518,0.23273710804324
3.36693479063351,0.504037092661203,1.11319084165632,0.52710871524306,0.744795973217869,0.228989705842114,1,1.42961908089614,0.770604766536475,0.672403045450596,0.237168847208151,0.483809881250423,0.311427304190609,0.543438038370933,0.299275406736918,1.0841445830656,0.211817057897008,0.845261779771582,0.183659162815777
2.36336484068391,0.323907027185295,0.614122520331552,0.256262150939664,-0.274415507027716,0.236610924877875,1,-2.44881979830648,2.04700293118962,1.44268368651703,0.489559109568118,0.276383636432922,0.30175831501004,0.778862437574737,0.146661227272581,0.749556621038253,0.179427806227813,0.721615737790609,0.188742524893817
6.47039415225014,1.19654307012018,5.23886673927887,2.73350422390959,-0.576266198570481,0.22072680093697,1,0.802587814075805,0.876595386715414,0.926524297153973,0.478350391839709,1.75362046492973,0.231152553173578,1.17444277751688,0.274580362831133,1.28509337105666,0.230568862230511,1.31566460777921,0.234608295519909
3.19660561470897,0.456479510130605,1.40903489255365,0.616800900962361,-0.032885284945605,0.437883368891654,1,0.15952674962296,0.507731127466633,0.915305691464541,0.226207140628638,0.883515807502283,0.225172724945226,0.923828475825702,0.157764755429952,0.937309217247714,0.202305844680274,0.891791056643105,0.250758147054606
2.45692374505213,0.361014555482538,0.598168496948361,0.322521170075156,0.432705480461267,0.543088222601581,1,0.94258268953837,0.492146309688402,0.00117451901221582,0.403129704600355,0.473949035625273,0.27250000599892,0.873273812525211,0.232849523221983,0.357134483387714,0.260618760444313,0.689789957726316,0.214154843287586
3.28686564465516,0.44868097080137,1.57341192126152,0.608514231170651,0.484915130654155,0.429028896509316,1,-18.4836934438511,998.811928693275,3.02026041430724,48.730555158661,0.902454316414898,0.256210921078432,0.745783810665206,0.197761020943413,1.11210799112051,0.162714915547647,0.563034324881543,0.254856426416089
2.5072881898309,0.319903213103898,0.858956281067791,0.444928168761699,0.757765425293055,0.195876831992769,1,-0.365085486809074,0.825345784213796,0.293778911580968,0.435154709212119,1.22032857435083,0.233976887386269,0.548397651795242,0.171162787058304,0.746485327195185,0.20875645948186,0.827035747984116,0.127269665026765
2.94923823203584,0.399482005892791,0.79741540279881,0.330278659647055,-0.366643149663133,0.185057546796145,1,-0.0641947863142454,0.798023304414804,1.02033377077859,0.336680781378105,0.435984448418449,0.265557642095767,0.625101446680611,0.229093530176922,0.918918548358537,0.187426614664103,1.03360709712552,0.21119134288575
2.86791502661474,0.389767891507412,0.964066263165579,0.368332716663916,-0.198682022265409,0.311415070404348,1,-8.22147421691655,995.214577633125,2.3209084171764,97.7145105279354,0.910834062091417,0.186072996312081,0.61950696000697,0.208552719988367,1.01598197462464,0.198411794290591,0.838240568015452,0.203073974826533
3.14187907939974,0.396370024845898,1.28985896095103,0.477347337824087,0.402433801654319,0.501667030221391,1,0.961618177041208,0.717978914669539,0.633282159239561,0.215194833664914,0.545807805817431,0.223848583148413,0.990665882794807,0.196311012845237,0.713795747136532,0.207920091473807,0.712444303820626,0.199026634536425
3.01307830572634,0.51798557395679,1.13927424188274,0.552385580237019,0.0492274453741702,0.453050715320017,1,0.415853868938422,0.991276445175065,0.438715702815987,0.612896922903896,1.05406361381932,0.172384571719118,1.03673187510666,0.24887705237887,0.646106204700262,0.258059009683275,0.557739715707269,0.318804136049752
2.5583414205748,0.331891400892858,0.370267643762208,0.195651328776728,0.730542176882156,0.168870439928339,1,-1.15181476753807,0.578243847583484,0.688033521665657,0.376886131847317,0.957856384166069,0.287283326236437,0.59080778009816,0.205118355128003,0.73232206997334,0.188396395310352,0.456849514049811,0.189673748429183
2.75292345463305,0.530347575549457,1.12106276696465,0.6465804385968,0.354515851147129,0.501825289871616,1,0.389567341121787,0.59521547314695,-0.0715652016634575,0.564828226228306,0.530263544157656,0.385305058219582,1.08234216844492,0.194274041576746,0.533816770145686,0.280325955392856,0.919302897245414,0.32447404166881
2.76418157188176,0.324145938249517,0.625413804156221,0.256627034008399,0.223890103162492,0.227853690189342,1,-0.982591822092764,2.73455256514157,1.21574531382383,0.829889048172486,0.57917069932409,0.194882785096158,0.411730493702774,0.19315935463296,0.634353541003873,0.198168155552174,0.745748752960868,0.222595873390433
2.76368036351971,0.362774424181736,0.931186717357066,0.427695485683903,0.44575827540369,0.480273987829487,1,0.0475309254672446,0.95414621533506,0.639121726682859,0.411312052784569,0.612336746748418,0.244799265576639,0.633877557798392,0.159998475249038,0.802955741538676,0.186101112182462,0.766435767383012,0.165277492521458
2.83441979936912,0.423453372658637,0.901099092485321,0.409165729390054,0.143829548351415,0.475241442837768,1,0.435824714319539,0.825267751962335,0.715670082195839,0.320662313468423,0.561673167382515,0.169696857861344,0.467109128438958,0.246269517543152,0.915800629325896,0.241446350368301,0.634028603719042,0.239314845791772
2.36769417165918,0.374582335888054,1.23034207993009,0.4418687758083,0.282364374447068,0.426062761364428,1,-1.22836869349934,1.11467191021169,1.19342407866906,0.259283136810317,0.444128291701387,0.320927595564898,0.528419751561752,0.27281604789207,0.80439580732954,0.193962042667414,0.467509825189624,0.224960752579416
3.11242762426401,0.485439276057367,1.65728771636538,0.748949186314358,0.113829029915458,0.62314855259942,1,-0.716969798228648,1.72985100097039,1.24134997996124,0.489075386602822,0.282576290518927,0.322487497648034,1.04759738781642,0.172928256639406,0.962768684369664,0.22000964953444,0.64859442448363,0.26124772345511
3.39788998189937,0.54036692517532,1.76903719066895,0.650909764429569,-0.0526720664366349,0.406667124848952,1,0.743282293052451,0.543126053592062,0.571125673754588,0.264849018916561,0.538010811782198,0.275183201155155,1.11887695238753,0.138203143225126,0.850852063427625,0.233511843162101,0.887748417368467,0.262924086601388
2.60047780418459,0.410227155708634,0.918829756258569,0.407111915968911,-0.0296594688460031,0.393183927193017,1,0.267804866475801,0.846964921755764,0.172411850516598,0.586321479075096,0.751433074691094,0.271923973499022,0.718267951332754,0.217859220870084,0.775120822919064,0.195485298437527,0.490163891499366,0.244133799482137
2.8920684179675,0.322479196449404,0.602999166247459,0.307408760168193,0.743251364581328,0.167115334402985,1,0.476031810283149,0.425968811200572,0.380275170468918,0.317792140626006,0.883654859336008,0.219703726089164,0.908544946577104,0.135059194876771,0.704761144147845,0.219420316712736,0.919983838501109,0.19994672302891
3.57722912410177,0.590078612401551,0.918262919769629,0.369316153667606,0.339908129311159,0.600929135068105,1,0.519437479810579,1.14054659236926,0.950460619502276,0.478772192261712,0.895002682731567,0.382119433466874,0.52301706035486,0.248087976034173,1.11947860167518,0.193904852092466,0.714467372163717,0.267901318241691
2.31257123096382,0.31552680184315,1.02453651250733,0.305408727098622,0.137500567180618,0.258604155729002,1,-1.14560297453645,1.55504985711082,1.03090354671907,0.503672225569229,0.688434819254815,0.168126871107779,0.612022823114977,0.161399402360355,0.809583025281121,0.165975624987863,0.62231709242583,0.216636673207765
3.47325885266894,0.511063676152763,1.18917807379248,0.544618812643306,0.528279835951973,0.569680555517357,1,0.200793608873784,1.23862993528565,1.24121015807543,0.381679469958461,0.709977023453704,0.187260914998951,0.55112982615452,0.23202099423975,1.19636773812933,0.199962490076593,1.01218576448861,0.246159043492633
2.29057468102467,0.284311831235504,0.646932716493342,0.248773415195474,0.505138272263723,0.412720394434502,1,0.115515585292354,0.738781200340815,0.399122474005775,0.396134824812201,0.818793967412764,0.198299340696345,0.19934841859781,0.210881821424782,0.687420656830403,0.193054029445242,0.714875993651951,0.203891119922713
3.35640623511426,0.487907408649977,1.2237231629963,0.581337905664,-0.0889989235896401,0.371121137795811,1,-0.0819104527964553,1.21010860653932,0.637850477449604,0.637994111343919,1.07373661982032,0.220656599339288,0.99852671185035,0.18184097360479,1.07079350403723,0.212368530783933,0.609409342546973,0.243118346018643
2.69617287143959,0.510112731018021,1.64004555707581,0.727831143071072,-0.180190856386284,0.341244678382464,1,0.00379398217438852,0.648765731039464,0.304205783055296,0.477456319698289,0.863285919365606,0.214959790410159,0.937454360541635,0.181011055266097,0.629689024816208,0.251451976049282,0.61118281854923,0.260777059049046
2.5106706978571,0.428732477122886,0.502057394191023,0.228235780336522,0.0270041723387364,0.317550931393081,1,0.0959093260151441,0.529122208966141,0.684913086056937,0.31009863977284,0.831049096988575,0.201764639162159,0.386531676068784,0.230000065400592,0.629120557504184,0.238483595739549,0.623334565358998,0.224445858286752
3.16178727535942,0.443922159369575,1.04241802970509,0.420934748680113,0.0552600525879206,0.384067585620817,1,-1.05266064006554,1.43707489904776,0.774246438939737,0.689435896232329,1.11164153916388,0.185145634821752,0.836943053403818,0.21014576334258,0.732126362440893,0.227214246000547,0.747943752890912,0.242157929679846
3.26067830364347,0.523078941296506,1.67628138764027,0.863473526956093,0.0384870407544042,0.513868399648474,1,-10.9885512707566,996.877023450254,2.53556469613799,78.9695991130874,1.06726679313058,0.224182834379755,0.802301537020576,0.241169457315081,1.10469949782893,0.21528815991587,0.683864602010583,0.329150217160041
2.29266704286216,0.307598515292873,0.869595773345671,0.40018253518208,0.355965056014759,0.42631057494094,1,-0.46774300263716,0.5897326376154,0.916300548381813,0.185418680784316,0.542687207124592,0.197673219936998,0.893613450331548,0.181385995411807,0.336061096262513,0.228097428829449,0.914340158951118,0.203752762011792
2.5682993612837,0.318529004646024,1.09000644225461,0.370340779593748,0.0440735973986664,0.294775871887543,1,0.0334236747102983,0.511400384819536,0.414825962367982,0.356889388077595,0.790898790745364,0.153549523888358,0.711610157782608,0.191868696532569,0.878081052834839,0.182021493843311,0.852513120733545,0.252407750104969
2.13604564717964,0.363002013268418,0.474175707005582,0.250073502895651,0.138927262951227,0.333968183259342,1,-0.114261591744241,0.795712456155545,0.312038401317898,0.496783667473283,0.663415211617597,0.314130167969023,0.40369072869057,0.198738796165927,0.622271303976922,0.214095281164908,0.855252794241511,0.195087522577803
2.86742069368393,0.439800206656575,0.86753918867924,0.371793542321586,-0.270941410879312,0.266049700886278,1,0.916757282881211,0.865925373393139,-0.0121420996363855,0.631276076055327,0.399236025158355,0.391782100321757,0.862673448143839,0.225623588744454,0.715897043446257,0.21781143226614,0.630315972985009,0.166689475975565
1.9693131341081,0.30898419467021,0.911871814006056,0.41777010114931,0.350465736410231,0.52772766657917,1,-1.9497792847789,0.585358509138797,0.97896118359074,0.187434676481133,0.772956897603036,0.177874575471629,0.345217054345708,0.23000141632813,0.678703874453535,0.184120282624805,0.61559661293913,0.261078503756404
3.00584179671835,0.440254793688332,1.26092335254335,0.596809453616273,0.22371227936756,0.616116428026205,1,-0.710490671908611,0.506233661932815,0.930184542074342,0.209443342577451,0.807385218817861,0.216015108194841,0.585180139883298,0.296786829939285,0.947736099189463,0.207456778083606,1.03398060293642,0.242331639698426
3.30522667122937,0.420211495578753,0.557838237626468,0.2122835729237,0.274530108148896,0.384845575783469,1,-0.95863688504819,0.798117934011316,1.27065667464418,0.283839433058242,1.09841220647739,0.209289010447768,0.754713465226416,0.254044451039975,0.645370270002216,0.226727308729422,0.949640784705622,0.219062514608918
2.39025782266448,0.334270802960385,0.753454996637758,0.257036426946916,0.162744655891957,0.383375482502531,1,-0.342758361592821,0.556848286634892,0.90633992113927,0.22810616993968,0.626520167696633,0.21725445309989,0.406040446962934,0.193560472682148,0.86660550387319,0.226362388512137,0.659716996597273,0.229893566800344
3.22219182501937,0.560434969364365,1.18596974845358,0.566570782220376,0.16993279187764,0.612336129334448,1,0.756372924864479,0.566238461823348,0.0759859229530217,0.567768664724331,1.05506984089847,0.251109374712464,0.62684605518425,0.215410625498936,0.805120736562553,0.230019398112758,0.660189440179904,0.242563308743505
2.83109176773217,0.33827863174195,0.887082602873972,0.326347765320657,0.159633513932044,0.485540938056174,1,-0.426627080296547,1.38099835222169,0.878569374794231,0.565441933682345,0.873377584755885,0.19391680678964,0.807588640116518,0.216484461592702,1.14021216521059,0.157352283102951,0.674739778832706,0.192527064485349
2.66723512010859,0.275361721059595,0.746563543700643,0.329382187909334,0.304559562092508,0.407355344161065,1,0.244539632699889,0.563500304336446,0.779766685143512,0.270955921789321,0.69507008066053,0.193459272281239,0.855701058278795,0.154484492940472,1.04223209333447,0.154482507400424,0.238533944594935,0.323887394506698
2.99306674829743,0.412903815750905,0.656961171374657,0.45273081746319,0.845060745439415,0.0831374037650725,1,-10.9438208214588,996.322734190316,2.45345439649962,85.6797984944934,1.04271487289711,0.257154533671878,0.93190733626901,0.214909838853787,0.710481114755255,0.1665121900865,0.781323053518352,0.169620066683185
3.08202699342582,0.462049059162142,1.6219433653081,0.73795608756971,0.447885324632723,0.569394763407276,1,0.607240306286726,0.699744762082839,0.571529436965301,0.274381806673512,0.760619673675062,0.217818435601688,0.532144448975131,0.2382299835793,1.04930708365479,0.198037833021123,0.754193819280868,0.228756621118582
3.22438437935873,0.465555010177443,1.18435232156745,0.671375549029447,0.859383766386813,0.118882959049892,1,0.45032189129377,0.646735659204576,0.990966354406087,0.26758770001953,0.547744608029669,0.25075806798777,0.920648182425046,0.18548236678143,0.904269922977327,0.20813862871141,0.391353693565587,0.418185325397461
2.6714423049075,0.377309758159847,1.09562832901344,0.439016174386305,0.18521350839656,0.413125107773235,1,-0.435728740276037,0.554437955276811,0.73791846741529,0.266342136547943,0.676198163726522,0.213537321251274,0.699891190516424,0.203029150666469,0.858473440608854,0.188312425140404,0.62449490826557,0.2033503351335
2.66314652539732,0.343475822141656,1.27882107171853,0.532195396215606,0.1683301695338,0.445136430925825,1,-0.635648677750844,0.57225605157874,0.995165774032449,0.201136361340341,0.975812276506831,0.157260802786252,0.570357993136522,0.222699489573608,0.617166760441521,0.219599715470089,0.854965408307546,0.189117748217215
2.61926982084853,0.36453609585521,1.05505965472417,0.512374079188057,0.10045362594667,0.368911684258894,1,0.419193604104836,0.579861294442485,0.252820088573206,0.396250152842625,0.899313620952972,0.15664366943376,0.485575497486962,0.257807073719726,0.229769954957714,0.273470753327935,0.716671185183333,0.268550054180286
3.03364239255071,0.42765020058177,1.86891766279365,0.745731412771296,-0.0115150703362491,0.396878716195566,1,-0.55912606733707,0.88611810310386,1.29193284242957,0.305762082768351,0.294564921440681,0.281701155010146,0.823543932458561,0.219995989428979,0.809005263343459,0.18081297068899,0.894610813217444,0.21372698939945
2.61067266799273,0.350487434131424,0.715891922758185,0.34684549147221,0.490059907811977,0.214096242602504,1,-0.265834746556338,1.01124505531509,0.48045507931799,0.58969543206118,0.739149548920842,0.194363284220544,0.642622004779004,0.184760900470771,0.828640177259609,0.161370937512507,0.570909680394339,0.177819429453395
2.61258122626978,0.453886943245931,0.941135970342118,0.473750497429072,0.0462095886071448,0.464603685170615,1,0.275382507207474,0.569395787191279,0.410319893898737,0.405605454294365,0.97649759952209,0.160574176751823,0.896446588277875,0.244131411277724,0.471129564921633,0.258455142320767,0.697658794055641,0.272125226227956
2.27190964093576,0.279025207616195,0.731506728125497,0.285604398744372,0.37919804207841,0.381967912375021,1,-0.248686246575193,0.742155946856064,0.467572274069435,0.456311413501158,0.818555877909742,0.155241683312506,0.608053553295471,0.175881321452087,0.525888078921795,0.205767228357613,0.801203264672854,0.168169413584581
3.68126178917809,0.610039018839837,2.48497152984754,1.25827117210183,0.168120747382214,0.570379444354608,1,-1.09926659895603,1.6415519112819,1.17430326526614,0.526643782335143,1.04820969414341,0.298941773269517,0.794631053136617,0.232273749970568,1.10687659884373,0.185968776599312,1.23277301069339,0.207900649576399
2.4303721382737,0.366740389569554,1.02061095136341,0.379639479282346,0.143014813237876,0.275229788729495,1,-0.38932511503041,0.681117331804316,0.857783702641405,0.315416683795954,0.553422833969653,0.199922557988882,0.581822924495105,0.184907072459735,0.493893716341333,0.200047100509179,0.630281927615537,0.186539354069092
3.10784880729698,0.446937468088327,1.09497015842454,0.478716911992969,0.693369428971436,0.282522169718423,1,-0.0930658741025331,0.849456948272506,1.22439324623048,0.32248404508195,0.133018486529783,0.315506560139862,0.997947760122689,0.185270395877624,0.508062675090798,0.247473898589842,1.03934104490885,0.17317391845596
3.25144344680741,0.463920922733427,1.63794634484107,0.640477246253015,0.385266322510263,0.390377271323213,1,0.467647770538905,0.758930708024021,0.96614779796252,0.356973371384088,0.731197495875404,0.240710066819592,0.566872074236496,0.217558769081369,1.12988512055209,0.1465654215394,0.660852239630396,0.25679123260315
2.79624631740126,0.406163445599284,0.459814887809451,0.247840501658788,0.824040922233261,0.102888509791461,1,1.01060043796393,0.754737645945676,0.200934555878754,0.348335159585328,0.865510915772178,0.221129075422521,0.579719291321941,0.257622286493306,0.432846346512477,0.315270673147713,0.779837606354042,0.162399914894335
2.46171623702017,0.283379274538654,0.498370420531571,0.219226068505725,0.171038547709783,0.385552046524568,1,0.633690077018181,0.672793448522963,0.707929365552668,0.283114505214132,0.171190016577473,0.331551790050544,0.722330812956239,0.188168010019516,0.279788025233105,0.277694044577444,0.88787961869472,0.187423619629177
2.73007662313456,0.523082629216666,0.992916217587347,0.526782579865601,0.4574406044877,0.579753257977166,1,0.0748660730454784,0.774149023165401,0.865330163726699,0.256630158197144,0.23666626467763,0.353224599532878,0.704692211252328,0.197776545851971,0.833778261743569,0.23879086417255,0.674877507263905,0.282286880815956
2.65664689326097,0.372741050959023,1.17025813092214,0.409723116478995,-0.0487022326325695,0.326034814293408,1,-0.492802414386812,0.682541998481635,0.995419696011516,0.167707888748697,0.618750247648048,0.205877117180706,0.582619594532374,0.226568197741244,0.875609198675101,0.163073730056001,0.804270348328585,0.174163583986016
2.21840305427549,0.357319925109555,0.789217799675147,0.396729283260267,0.579874154552257,0.460734728128247,1,-1.08832186970798,0.975577448414103,0.88151737221668,0.325835853155797,0.811482898415789,0.195292127838461,0.878397267604456,0.217262603666926,0.292116648682303,0.30057953026583,0.381585426033991,0.3122920419683
3.01403465180714,0.488516865920305,0.858263128012903,0.400194688088653,-0.505150773864353,0.170420507683301,1,0.0922058576356937,0.53990600479892,0.871302513196507,0.274534299844889,0.649185260334415,0.27197608713637,0.832392146594278,0.201898336502028,0.187148671945125,0.286587722627285,0.847436346351522,0.237608715914535
3.61058404651348,0.619625823688021,2.07209727920016,0.878474305714352,-0.31787393910052,0.338935442123757,1,0.368909660618488,0.746869621642139,1.03918032618721,0.292109179963809,0.739790532842987,0.21838803348087,1.01576628217127,0.191087696839965,1.45242260078324,0.228571433695703,0.667335076859484,0.280060642023542
2.44092463424589,0.409589032198501,1.2206347571686,0.525759482783487,0.0522105512042193,0.467042607397245,1,0.0242931356144393,0.511876798534143,0.480530876158452,0.36161498811866,0.652169097081428,0.241389936699948,0.330829261799759,0.258108364380035,0.746249426843511,0.185667754607005,0.865778296141197,0.189667442321201
2.72966758599566,0.382078412525928,0.681004288895395,0.346707997541052,0.509207707658149,0.344783259549977,1,0.388667405101976,0.524846471897662,0.575350446264454,0.265707245281582,0.745061849305229,0.188917573258579,0.707621267515471,0.253765030842612,0.115624401924927,0.313155227038108,0.698575413685003,0.20788826361115
2.70560970072204,0.444526247300414,1.23159487536386,0.509778968986771,0.361266812387655,0.488534718421911,1,0.448434139422566,0.935479875673579,0.465861833806209,0.464459757058045,0.835471151184793,0.227250220433481,0.55060727522166,0.259595286807037,0.77898624766095,0.198423706333111,0.523406686567412,0.240960729549499
3.02646348250681,0.423039500738988,1.56108052559166,0.755494300798742,0.534628764048736,0.339783657738637,1,-0.503997983452018,0.800458048071659,1.19671677441263,0.234779536225474,0.698636063180761,0.168118411758968,0.75030359001344,0.206122769851406,0.947788899903367,0.180959687879423,0.607155317269109,0.269594756223554
2.92730440996898,0.4886374378463,0.44767686143704,0.374392513822907,0.828152800934497,0.106708872020936,1,0.140453143315303,0.64470123981667,0.827337314716237,0.274379016856911,0.785513677602335,0.206722955357388,0.591184376846877,0.196217199318826,0.633269664331363,0.220218876004434,0.494476042343235,0.340265511344416
2.95696479542829,0.415736689747325,0.886011142462594,0.363507023166088,0.117383450192926,0.491576016221353,1,0.131631096002234,0.64887202558927,0.661741221652031,0.328582255691956,0.767993820224767,0.173770956646787,1.02229809046895,0.174005897673188,0.633087911868874,0.23207506917479,0.777160635204785,0.251211081197721
2.87307273164937,0.519388228925918,0.899928765954626,0.454980683432921,0.0755091186013297,0.423699655751131,1,0.220002297111996,0.710009084873094,1.04382417187822,0.262005321491765,0.318496105887973,0.29782549243966,0.74186224391873,0.28266617233824,0.416533431322245,0.247435575106582,0.662687625976485,0.231752746945904
3.15126121336288,0.480623120234362,0.952476072815049,0.538840386826587,0.816082088168822,0.157908246236185,1,-0.325825798519161,0.936756955650582,0.498370750052928,0.458921307328627,1.3258719829284,0.213099277657129,0.739573855577082,0.190741602780162,0.874081268028012,0.237715847196299,0.61297082185892,0.268603763879013
2.94031830607857,0.34888724822271,1.22846544964174,0.384961894857818,0.525517250081996,0.272575817392385,1,-0.37526940928155,0.479548278761599,0.910567295885159,0.230910097135585,0.569566012133176,0.189039794495652,0.238566298881499,0.267679821410226,0.823749240184411,0.171582912516694,0.760485274893016,0.178310073246766
3.09665350450436,0.437739291746056,1.54319811264097,0.657413432924654,0.403370428263616,0.697008090226913,1,0.189119956928834,0.651726313288113,0.790057732668858,0.304177368405895,0.640705438907428,0.228324036059278,0.630352431318231,0.201228203830669,0.632195789927781,0.189674750497347,0.858614945234386,0.194165935691204
3.22241524321288,0.497865814136005,2.47325781285245,0.996624212811122,-0.125013933030512,0.276368252052758,1,-0.0343231793143358,0.471071237517348,0.930625930355503,0.245420936668792,0.318459454551207,0.225871072060816,1.08821912378727,0.167365434709386,0.467692092156712,0.2593961419912,0.826655031308425,0.294033735131124
3.0737370794952,0.369123282504836,1.5603394456422,0.593344950304413,0.0463169890267077,0.360931108381558,1,-1.26034535328286,1.18837543559865,1.19508977693658,0.399490672696509,0.954092858705586,0.212010507715123,0.708954699801602,0.186961936871584,0.564297746376216,0.221288431796023,0.849165899143014,0.175593781116648
3.1635674830464,0.375947057878932,1.03894123542411,0.41407157792544,-0.129174414348349,0.297241398354146,1,-1.46934820244859,6.10045408979817,1.30118558390923,1.64972313569183,0.819025961222432,0.149321994797445,0.758279660611381,0.183198099065003,0.845247879511162,0.194576797087624,0.763791180751916,0.212005031595207
2.46871341089168,0.32609626240778,0.927412709090259,0.512135681227589,0.475556868955301,0.371977055613385,1,-0.449042046540462,0.635084123036636,0.723053031491681,0.295970561417895,0.596650909724078,0.244695897364107,0.865240311743299,0.197972099679253,0.66467184969809,0.172525594971403,0.544938391383921,0.186188810801869
2.9426654583401,0.518587403165379,1.38369532684019,0.487699076007586,0.156845777064788,0.397847745410132,1,-0.157505763312333,0.712957480202543,0.621765098283194,0.196443314316666,0.656918273865618,0.2034359238792,0.712360059017036,0.243940511589016,0.275486156876141,0.324026868542099,0.75987249867928,0.233781352035165
2.90581607533286,0.426923672907686,1.34139199869475,0.514132388267028,-0.175038178068363,0.292028286012076,1,-0.0599034955082415,0.770629047240485,0.791525113095162,0.227820817458732,0.773979012892204,0.12958689248885,0.615751989030261,0.231899813282997,0.802835292560887,0.263804001160219,0.951689744771285,0.189010792437485
2.30034753090125,0.301913023783805,0.664242962623716,0.297765847359416,0.39940130824967,0.493061223535204,1,0.0541362194405186,0.624451771443911,0.801511293504838,0.257931540313292,0.193556797316747,0.244669200265756,0.839279397538439,0.142015925508262,0.388549413669202,0.240153595421981,0.720126138130754,0.222161749480268
4.83902601532572,0.72276656290817,2.15440464955445,1.00028389221495,0.311559420925734,0.743352441780031,1,1.91412050253275,1.07434823334922,0.835488572600589,0.658068548629843,1.02007679115224,0.326639666454884,1.18225431388082,0.26181057057185,1.37892642295732,0.19659404494967,0.803881404131499,0.227419223229935
3.24410971532148,0.370320794381784,1.12613106495942,0.401066843994824,-0.160941373327822,0.243635012699706,1,-0.299429823361137,1.1886856103373,0.896479515418601,0.473123218658817,0.564874345763196,0.223083519626621,0.779182090351898,0.152291421439037,1.04479576595731,0.163018722796063,1.03130264760355,0.20720322036088
2.48505392459608,0.356863537115839,0.964607142439984,0.451766662472473,0.134367185130889,0.253225665550402,1,0.314500794040834,0.371082064795404,0.208065272123125,0.338589513808313,0.612210244090902,0.224732188582743,0.864754383511182,0.170778721519417,0.469420645226653,0.22827992771412,0.224851376371384,0.348951874726464
2.76443404498121,0.325828917949512,0.66420252197054,0.218363449689077,0.151558728067511,0.325572515569048,1,0.231543342174551,0.46096648609953,0.44350146356099,0.408291865771707,0.937865483175625,0.15871413376164,0.672880695315331,0.184671416437956,0.520321404831468,0.225868375145633,0.870361210677457,0.167778008760729
2.48797350474723,0.44233356558281,1.26386961302782,0.692239768440205,0.512934722828844,0.566380789691141,1,-0.536272089391999,0.709967292350234,0.860231309115483,0.169065264281367,0.391056809964666,0.246189591755745,0.833969417552776,0.192000107660388,0.482018269472193,0.287567175087299,0.754092196998932,0.269701624912841
4.21237594251599,0.938945851798351,2.24901535821864,1.2557523898068,-0.136387488971692,0.599808699810272,1,0.599046289109199,2.25823847014978,0.85684588909522,0.897255955236916,1.01868639725414,0.281187483664218,0.975382113154964,0.323889272297517,1.02546349661132,0.213323513538837,1.23267982439508,0.217820400237154
3.2409720036938,0.524774699058502,1.41581581043316,0.642430436972294,0.461815298747274,0.539010638645911,1,1.14909440517655,0.646701462401622,-0.352134558408011,0.534638586059787,0.995117404376016,0.228370017619812,0.917388423258802,0.226410356258801,0.544845141678911,0.291892633591885,1.08961360045787,0.222570784006506
2.37687143448493,0.294908149885253,0.76079379829671,0.305215320163783,0.55594674444422,0.222567626802721,1,-0.0829629371865879,0.518575924409434,0.821102874896025,0.219644131203157,0.434923211847939,0.220049822030132,0.709434657106878,0.189506684154971,0.712065515292098,0.265217915563514,0.675236256840404,0.199351430729437
2.30363983308446,0.400569814346944,0.640107591204473,0.32811130674663,0.0920772752962419,0.468674179675962,1,-0.695663659516922,0.645590405104556,0.879090244815064,0.258923033952123,0.484131209968989,0.26383399923671,0.605563466240971,0.214229877612204,0.529584300681307,0.275480838221314,0.715669136743896,0.269766886115846
3.69261523610541,0.728416929579304,2.03982337084092,0.995310272236901,-0.365451223080668,0.319620344352452,1,-0.377091154505425,0.817823249983545,1.14051059363929,0.359335169083772,1.04854614045587,0.221977664151368,0.613510243468581,0.263909028002231,0.62272392734908,0.212728198501636,1.30026025943588,0.291597535602623
2.43013757180763,0.318737422759464,0.763771422103907,0.314900169989947,0.239072012486405,0.340491835938174,1,-0.486262438768994,1.17295110607974,0.794108713880549,0.430140931749857,0.562951292694301,0.212862160444322,0.691427787633108,0.171683091944828,0.663184700878799,0.217587544031472,0.475274725349572,0.215468536949743
2.68624032721551,0.36524656640549,1.21575520231325,0.427211317212804,0.377536257615095,0.293085546102613,1,0.0836507099631173,0.401003459754576,0.796365459845633,0.200749034784323,0.450192770566773,0.212063676338889,0.759340018042376,0.203626499867015,0.902468597435494,0.150890074381247,0.640008467620958,0.218505119201864
3.35913989273942,0.608064182158419,1.8194512860574,0.752656560352722,0.356916554462056,0.475027181578361,1,0.531332978933978,0.917911303084318,0.602361203808896,0.314135128693453,0.342373744366769,0.329300794743024,1.12610457087574,0.190562581080864,0.616434981159412,0.255397024133739,0.505719330390131,0.30089048431509
3.20545374272698,0.474577299307155,1.17735685054133,0.581958470908474,0.380394090378328,0.557528368221436,1,0.812383434715541,0.662490770568565,0.670679881113396,0.284666498050213,0.776260953955442,0.26491752690582,0.829518618670134,0.239695991244794,0.582049708502249,0.245846770763753,0.749116047733198,0.164124242060153
2.40769076701292,0.299850163211488,0.856367749946317,0.286783092523477,0.220381239389905,0.377069210680161,1,-0.370256225366243,0.773284192085275,0.74637911789965,0.319643305653218,0.926714669238874,0.178170798917341,0.536090493320462,0.20558294884679,0.656924535397099,0.219665579795866,0.622111364873944,0.186575722587275
2.74456647464797,0.385765893520796,0.421364476354528,0.247139519494003,0.929390759444195,0.0352529572971769,1,-3.11445471168767,1.54425877087244,1.57098696435841,0.276524261235592,0.99495834455408,0.305933656640176,0.668899979319595,0.280016684341836,0.598154636260161,0.251310284221832,0.644143510599918,0.176055064687301
2.06501829991807,0.246608720549513,0.542202415809459,0.239793948377349,0.291048295342032,0.625904422522169,1,-0.448079302247949,1.09832649581475,0.451573708872712,0.610200211117192,0.614630393803426,0.212463438036565,0.472718682414091,0.177909483076987,0.529911756108866,0.176673610358121,0.0701193091257578,0.281379875182745
2.49966028364555,0.368584730441119,1.01527933516427,0.41935692302335,0.593953993327233,0.423159378165997,1,-0.221726124010341,0.614324624932495,0.663701899314469,0.209379100304489,0.833701449666292,0.237052716528922,0.180167834225583,0.302549686663743,0.665097060747831,0.193039996042051,0.7730962025585,0.205672357176809
3.64359941683199,0.476759758173689,1.00990631966254,0.395235255628918,-0.493165568987441,0.147370515737059,1,0.49081343047955,0.507302025359099,1.00712886467819,0.220454735805689,0.91491702976612,0.215864144897752,1.10980394409446,0.201554740636112,0.424881801525287,0.315093457982701,1.06668894752539,0.185934827090894
3.0084504688688,0.497327211077889,1.88096007280381,0.95947537910591,0.193741817014188,0.485945302264051,1,-0.5599857023435,1.60542349295114,1.13396005815834,0.509773736285866,0.532048308350503,0.306935744727305,0.926257890475119,0.275185082119228,0.81488179526632,0.172733700847445,0.865188784830782,0.234496617897688
2.99334290946918,0.511661948656514,1.21079557101347,0.479362266020268,-0.360261006105177,0.224741004186706,1,0.746615656586296,0.58516204792326,0.743650604877272,0.267903268500524,0.737789523716607,0.255844079499237,0.688576102544657,0.215836164968029,0.708596964627842,0.27661514934748,0.723086417052168,0.279286568943809
2.47549468838711,0.298082914959255,0.649965377425473,0.251465258914842,0.719406498481268,0.142674601806501,1,0.904197868487079,0.569552898538051,0.190686633568268,0.346903870942883,0.644638154359163,0.222599622935559,0.595062538581564,0.174494952423602,0.762713223490458,0.169290144147116,0.705687159465628,0.210228893583186
3.04219726363328,0.448382239493086,0.944003130891536,0.418060348989464,0.392230221909067,0.51575759433868,1,1.27063870970589,0.756206242975223,0.455396838483981,0.38594391874214,0.777876186240956,0.188786672520078,0.913501969886063,0.200413893576861,0.564733862520386,0.248339458915708,0.84759448990662,0.1806379371095
2.91133894334887,0.401796961922163,0.84568758028624,0.331489921699569,0.455611945288351,0.565778541349358,1,-0.237872621207534,0.722808659045409,0.710837545291419,0.324745286521478,1.13132643207883,0.157707165330408,0.280526739164392,0.232102600528996,0.602541103162191,0.205968666180794,1.03128587707734,0.185735457307656
2.41577612349853,0.332282737730487,0.69033854027501,0.244434871111537,-0.426080853343982,0.218405505994162,1,-0.655058430479306,0.507397860765857,1.10675858497079,0.190396616846358,0.132370661660914,0.293673837635559,0.576960688618439,0.225269173523643,0.803898714393699,0.215679883093676,0.768954728177209,0.264120784544517
2.46940708015615,0.339208631884065,0.931410990529581,0.350883709107643,0.352592905728072,0.305867737242983,1,-0.474790695190872,0.400425155030317,0.640467829878591,0.231672741084863,0.979696244482134,0.195380179408015,0.850804236568876,0.177439189842814,0.421162687858058,0.256482698645627,0.589184181766206,0.222068581573959
2.6334474564967,0.314867463698474,1.06266830460809,0.40521737620864,-0.0681270836208302,0.310233975313325,1,-1.44005021068805,2.06605441087849,1.16322716897204,0.645448748117916,0.618789850568139,0.2033904122002,0.976561233852316,0.14813855543093,0.695221774200561,0.211752669284361,0.74533453632293,0.176519335001993
2.95209638502734,0.467029810007655,1.24481670124352,0.691390599425383,0.790871066999764,0.114064757316389,1,-9.40956654692315,996.24511644069,2.44295403596403,86.5774581726022,0.558674229951656,0.254050313647355,0.643173750982568,0.229593189479091,0.818841604435748,0.318583270138376,0.482591102354367,0.256270315740559
2.56007872258607,0.476160954111906,0.0736769642381467,0.138164061234323,0.848435898476763,0.0717919787386822,1,0.281472025704673,1.16424771200712,0.839152907729084,0.363741846990251,0.743489834003369,0.321443073551054,0.126864404885345,0.356546759609357,0.516750652102104,0.265142383758122,0.646538796650632,0.24358563297959
2.39177070529034,0.340319662697845,0.64879912305535,0.331050748822273,0.599412724832578,0.411255650088231,1,-0.614214422122228,1.06208803643956,1.01604563642376,0.311497495722888,0.384621183004418,0.288546676707232,0.812870288749659,0.161432639489717,0.457980334205859,0.222447595124389,0.759074421674849,0.184200013377045
2.30946672176347,0.352007464291605,0.561339192242112,0.303352843804467,0.494037100632841,0.32470439448453,1,-1.27459812373646,3.16566906401591,1.0551768717573,1.09868409836913,0.81089737999218,0.191756393618713,0.608306810421244,0.21667772198582,0.52611870253893,0.239105427266894,0.605670352714143,0.246370182900463
2.92470177587416,0.37220502609801,1.12320608410128,0.578149314606379,0.0785289378943017,0.341177304384657,1,0.64762334958516,0.626203886234673,0.460242530822463,0.325571397477969,0.443088754188189,0.289249595530743,0.754105326127718,0.205352087894438,0.814601318642687,0.20012331937909,0.577659665089034,0.27974168795974
3.42031030445927,0.53558941532213,0.856503592906863,0.415421700183448,-0.156394212000138,0.326322933847191,1,0.299885324120236,0.879066077760042,1.00261806226026,0.410608776678956,0.558059713073911,0.273537145183758,0.621126027219008,0.245988428320313,0.672572056563536,0.276972969396262,1.30740834912721,0.216676286014603
2.37411594377477,0.30176905922378,0.416794241634614,0.224886312978365,0.568443179042014,0.3657123971457,1,-0.12907810121576,0.588563740149472,0.825567257714355,0.257637734809433,0.509819066316042,0.246742136773031,0.4973408679287,0.205831515351128,0.740793599233441,0.185687040105268,0.685985393295447,0.184248883128531
3.16631346906477,0.459974340216001,1.01110476304739,0.426529949186171,0.78547649175731,0.156154054865212,1,0.769812793809334,1.06785045336131,0.465381397729683,0.656527630391523,0.979531521973618,0.261871138812615,0.635650774867457,0.210601699626609,0.984037577141301,0.182361319394447,1.08817263674969,0.151335686085384
2.56055471697372,0.435968888553306,0.615384979188053,0.275778016428808,-0.304821657310836,0.219705857691721,1,0.565008524573051,0.77331985116583,0.615859229412688,0.378167215357411,0.76305286377613,0.241131461862853,0.117897041145682,0.284201875340957,0.79975472981529,0.217651241396899,0.507495053858736,0.253155749684933
2.85946800259203,0.442107445481207,1.71606003520893,0.764503827753174,-0.150730043872507,0.284921428282525,1,0.563667329276033,0.660026333792441,0.680163062987552,0.215157230001303,0.911585844008512,0.148079054736709,0.620360880693342,0.240346750806078,0.705885364382602,0.259863934370443,0.910930258155129,0.240755723132371
3.1124792209504,0.568915978025784,1.05089762908959,0.542356095195764,0.272285998598588,0.779841058739257,1,-1.17486065354237,0.668476919372044,1.07181010484244,0.27647537788458,0.768138745055146,0.366519002079731,0.961963483653412,0.252589208823966,0.257450451740175,0.40437886924621,0.91390566256899,0.278187744192917
2.73711588382053,0.494130062385625,1.20506938980186,0.563266700734026,0.0861918864462083,0.474254162076181,1,0.516470493297655,0.582396810447527,0.397635482813628,0.187540639523175,0.653766151045532,0.23581467295109,0.919849136262047,0.22225287411595,0.491864963708505,0.246277133068749,0.419980932826711,0.302974823580745
2.67675371000211,0.39819188595989,0.988602087836081,0.425832750090062,0.607227324020561,0.280962686599358,1,0.122048657818325,0.830924301308077,0.611186855637185,0.34156486107114,1.09617411797391,0.186036620702283,0.610765905755428,0.21803120009507,0.673658807189428,0.232927055435336,0.93460531361802,0.209208328764999
2.92985241995276,0.43114949292494,0.565314879907099,0.368083249322834,0.851103010145538,0.0822133396962465,1,0.0464169091948673,0.756717132702661,0.694559719695374,0.338912944714147,0.734680607374823,0.275856120474012,0.910415943807952,0.192960938525513,0.594391114211421,0.21841548734459,0.765842711933041,0.211102194165077
2.82204399175292,0.35830782299401,1.1078825313347,0.453505146543398,0.246802094840074,0.424120963398432,1,-0.186030475041775,0.59299676275046,0.812298820601891,0.29874593692217,0.751384990289509,0.201388959395233,0.656407820502142,0.184405004406295,0.64721394234019,0.217592851723166,0.496214986058791,0.265990395045669
2.87930653477865,0.306109490488008,0.472345462188003,0.198184676461905,0.290701383502557,0.511201323062135,1,-0.689060670260147,1.19731235865928,1.03032052859203,0.434677499453199,0.737542800347515,0.19476550462852,0.936213238111634,0.176452581825288,0.449401724340677,0.256532676022823,0.804341120404856,0.215740668039509
2.85757493422103,0.426820544214538,1.2269164609521,0.453675292808534,0.626673693801605,0.42281470377965,1,0.423156880097197,0.829038851255161,1.0831523853803,0.237358843790793,0.156236418536789,0.384731614235854,0.892019477915587,0.165150390607714,1.25594658457347,0.158514692391163,0.483006551802267,0.232740384110535
2.70150968937847,0.449145003504709,0.739440003883214,0.372871575265653,0.589809908804469,0.435499398827354,1,0.893714514501824,0.71134403833985,-0.100116758720284,0.492643186749262,0.800051752192219,0.294208379651704,0.550405402871581,0.249939907123392,0.995824598125227,0.219023285132581,0.479708149550934,0.245758042136856
2.50764076721085,0.344281350197438,0.454377424007724,0.249145524431121,0.669776176860203,0.205574133549874,1,-0.81221033619835,0.690477308181765,0.994863458904884,0.230550958793477,0.529401443829015,0.235955209775326,0.851796668705506,0.170416222531909,0.719830231249417,0.201148973201044,0.228296590628206,0.215937831396117
3.45247175720223,0.527474348390755,2.0593376916616,0.775003944597257,0.267162931450313,0.425410293793713,1,0.132355967611541,0.432631063032948,0.480845186989793,0.461629072797543,1.06317036564429,0.261459242512981,0.481722048772379,0.321805239175062,1.16770751157146,0.21952194709225,0.862623779607482,0.208440163769509
3.2016142423165,0.57526254393533,1.58469119898889,0.853092175734964,0.329652476467617,0.545339108737225,1,0.760524208201456,0.653342988674163,0.585755212894183,0.24290786289274,0.913425748458233,0.21154928952259,0.846111326538249,0.249595716901612,0.438429629619027,0.286997385563664,1.02870922406409,0.295198033228673
3.02817539128437,0.374332608419011,1.25079747842953,0.466725630401171,-0.0947237078178279,0.272870015320048,1,0.65743980723061,0.466659513730571,0.82423330891145,0.248191457594573,0.790371130144622,0.210666726556223,0.637710815196319,0.212615549855772,0.890335675697614,0.16569694273768,0.735231968371056,0.266380168349757
2.38464094916114,0.249207687379627,0.61324327944362,0.268048576636079,0.137749072533854,0.39975335497226,3,-11.3543984147823,996.943171941778,2.5463170054607,78.1302161525598,0.878825664989034,0.202694793030541,0.709257458321353,0.167183913442558,0.501701347103561,0.177428864651593,0.563705841290302,0.207572354319841
2.5551260646157,0.309742509067723,0.863927389049158,0.319693170591093,0.151048541123148,0.233214160930763,1,-0.163641211118645,0.616444426637316,0.886319635528572,0.243794148806383,0.590486419447334,0.242935398629604,0.782804793912123,0.14648447056579,0.854797746677763,0.192001469368401,0.403111072789915,0.252582787968101
2.76476676519628,0.478064320775186,0.728128591864382,0.364179102699484,-0.141325512948771,0.234242283139434,1,-0.00982975849686755,2.32149355377159,0.627098011600511,1.17809304324289,0.475601703058471,0.305468055676635,1.00685972359044,0.14997928688607,0.121850180260153,0.29854395112122,0.118666552443741,0.376771431142387
3.06036434985061,0.342560243872433,1.64258526477968,0.600243231598959,-0.0335645588454424,0.263399444473303,1,0.646035970836906,0.506089117933862,0.819829043513678,0.24846234906725,0.54637532477373,0.253568613632165,1.07964949743866,0.160794524650654,0.757708736456898,0.215319297177856,0.910157127321493,0.209229927091123
2.50850376712063,0.420869443227268,0.71144363095023,0.315774082402726,0.0810174352342327,0.458315239679824,1,-12.5695035056431,997.33925140928,2.61598107628726,72.9015503898489,1.0330400644006,0.215104434798315,0.489828160726436,0.27444546023723,0.485233182341989,0.260027182682106,0.685763351208634,0.205319691686618
2.21702899483941,0.313136778036035,0.314065199275517,0.17633414478766,0.757041738968936,0.145403371876153,1,-0.634456425799955,0.641383650962175,0.868153162847186,0.274563028248221,0.623516849532957,0.233476040767272,0.583054752153863,0.197948657637439,0.582364866252435,0.217438045808005,0.62347104532065,0.138027043051274
3.10599026625068,0.433024295748877,0.86896576126125,0.389136080380492,-0.265005854533852,0.199723184492338,1,-0.275707875776764,0.462735226849484,0.972344510024561,0.195831023337461,0.902419334044836,0.215113415692128,0.599931191496411,0.225895926989283,0.677140437638942,0.207501304058202,1.03025874988064,0.225424119159625
2.37434655491758,0.308846903317345,0.114132359683642,0.197653487166169,0.873984253454299,0.0539054962241629,1,-0.0206209082564484,0.984784956822306,0.262727833501144,0.52990190816053,0.962898718900507,0.179000965515543,0.686971538129672,0.237269075884447,0.433904294673469,0.220816590961948,0.43927028012657,0.217572086277241
2.21180024962631,0.360372406587041,0.715964294834958,0.29499815656029,0.386284083919643,0.370727210669945,1,0.441882550858323,0.614686966409015,0.499243449373402,0.257872629148302,0.338609380682554,0.217593022198173,0.225872324740644,0.281094948454224,0.602762486945921,0.187796460392738,0.422255692871534,0.196720289822839
3.17435461217775,0.49336943473845,1.80604182606135,0.884573449530231,0.204699884410264,0.462731634454548,1,-0.105184016988676,0.308788394466937,0.825035533107447,0.234158869802346,0.747500466878956,0.225645130394844,0.897279261586351,0.227909681097658,0.757759255138922,0.18368276222825,0.689614630026569,0.256663105442314
2.28821519122208,0.309035044676399,0.786823854446914,0.540499126209289,0.849019738590575,0.161998614972282,1,-2.11632812164942,1.68561549667474,1.35648522451376,0.39229553368671,0.782112777951464,0.199341639912362,0.412345913348705,0.203297567166956,0.972436842984836,0.162279982979024,0.260762146239613,0.271080806944664
2.57971132478872,0.322288603265351,0.926701460834739,0.388536470200216,0.316658635979711,0.33549374339654,1,0.153585353362052,0.543669508686088,0.493838834263926,0.282365118368664,0.752377973111442,0.227985713907157,0.300432885965762,0.258744121487118,0.776489167691092,0.167473882230326,0.853461919616872,0.176167505717167
2.67090802206582,0.43302993364029,0.828024393305349,0.371852629904674,0.62912556602626,0.44997606693999,1,0.194328822341394,0.696004669520534,0.777262379886361,0.304465325005576,0.790703595339821,0.184147653779747,0.318840876527214,0.289598617059389,0.950907236585228,0.180388684332272,0.191273743255686,0.254469457760182
2.61870819543196,0.338554597386967,0.921742572736138,0.470697762177869,0.426613272175339,0.39261241372506,1,0.670310271613047,0.45790969099286,0.0930721348170048,0.335371813771531,0.896746249870948,0.157173299391523,0.316830205862059,0.291795712489321,0.670877965568831,0.192385527883305,0.607677576011452,0.210857868581209
2.80781421193445,0.513324700290216,1.9254640599484,0.920288769266917,0.0326664838649937,0.452934063031026,1,-0.373245960496361,0.795030682891272,0.957013784885917,0.212076234876224,0.631102461535,0.213796591961446,1.02048832669968,0.202666035031596,0.61916646693686,0.241428691729203,0.45994858368141,0.364789390823426
2.48645487897317,0.368137735930212,0.340331647532868,0.262906171030857,0.768581415905185,0.1689648756733,1,-0.306023280271631,0.792171217826365,0.5731758753873,0.194726421636299,0.818915265823618,0.205306107254282,0.603842944531238,0.203066597333368,0.526334475911113,0.267965215403242,0.619687833706855,0.226895919785643
2.79578164137749,0.502937716932815,0.467939949174989,0.310522747955535,0.694890626650075,0.233200106516633,1,-0.46958809091025,0.894336183237971,0.900480308415698,0.301969477890916,0.7373043405675,0.271300517048632,0.947006376020892,0.251277283234071,0.484469935036186,0.232967073448934,0.232825352196018,0.262837518082021
2.7030559093483,0.445006638972895,1.59798616579622,0.558170278438373,0.14158017254532,0.377026851173766,1,-0.436931860259777,0.509859517165437,0.961910582168799,0.267129742378268,0.485764899976852,0.308935985225283,0.778632673301338,0.19689504526551,0.74749164416615,0.186981757923581,0.843348980394729,0.21849980327595
3.16645888061606,0.424218580766319,1.13443328511971,0.593233509857289,0.595687919510835,0.303651004279668,1,-0.200105920016893,1.36369343431995,1.19460405546793,0.423748328317102,0.926994233943883,0.230219787393541,0.403864606462687,0.313678872163409,0.775123875357497,0.219834424705992,0.984356345039626,0.156495570682567
2.09887193094536,0.362854234349107,0.973709224944982,0.389660732968754,0.00488306872794312,0.313038014032851,1,-0.0631542371162155,0.706304577247292,0.713165146138796,0.271084332368302,-0.0713112238131948,0.326152190623933,0.771958631949481,0.166133540429399,0.771554965729267,0.192809652263,0.647157906659659,0.188405036072494
2.31923017600883,0.323597018118802,0.450317321108797,0.236066837933408,0.715951540776,0.171435188039773,1,-0.563088842472639,0.725643138461089,0.9040012985336,0.288498225224102,0.627611852179255,0.259231900206701,0.480417951164434,0.174947632610014,0.542355465371983,0.160371651519257,0.912287637737165,0.179583022534234
2.54558540760114,0.458399081352615,0.570156843281484,0.314438644533595,0.351991788469097,0.719215910968223,1,0.776652043817981,0.602599026880651,0.103302200565828,0.413043484024889,0.414574366551,0.212237890040413,0.544941028362783,0.293715223156932,0.794929074909939,0.23292284847049,0.710379220734562,0.236566051770482
3.18919603685452,0.547345725607511,0.973697109507215,0.498214066297098,-0.0679776381608198,0.234454408083471,1,0.154995414803364,0.349874103713098,0.617389818674433,0.298126852364733,0.982976881756585,0.240345619476023,0.673288061256625,0.186635950756108,0.937397497085449,0.219980566933434,0.792782131304853,0.227668177448509
2.42664135506238,0.306186079431086,0.74426812293694,0.375014066043978,0.727900959033863,0.14894521408474,1,0.0422844766112348,0.810610605351838,0.763653087011711,0.348928815056801,0.500638149903291,0.245413983446061,0.499369667355818,0.206597894967998,0.690085549271502,0.193648032208792,0.838306711083987,0.111306918920299
2.85735841431116,0.378149069005854,0.783665398868732,0.311821906161419,0.257716731660288,0.38373977081074,1,0.103341123299844,0.533397857753784,0.626562147729547,0.329839439611599,0.720581470261791,0.228295412565653,0.863951524584885,0.193111660842161,0.652421206913019,0.222575658853034,0.720608879090813,0.246505422765538
2.42924831715618,0.274882240633002,0.887488784111605,0.333579737463001,0.14215842716807,0.280058574625691,1,-0.102149164081658,0.555606735936263,0.633488667088363,0.248225205329509,0.811009921856691,0.140906151525582,0.385265944376303,0.22127487257753,0.671892089033217,0.209063619899839,0.44632899256068,0.249032077866539
3.12068603951778,0.428622046073982,1.79199440955643,0.673669070928158,0.620456266836089,0.270789812104964,1,0.128939321700312,0.518457991677094,0.84057526134722,0.265823232435158,0.884134448544613,0.210631983321182,0.593892197269878,0.253560296395749,0.950376502505723,0.197523743669878,0.394166571441105,0.255476870292116
2.61405012792674,0.394009581367166,1.2227181334953,0.604523633978604,0.462569836462703,0.33661243101304,1,-5.96812115543607,991.609608336322,2.03729823472202,129.286486332632,0.627417061653404,0.208980541766969,0.848795451509224,0.147422935337541,0.867438279381571,0.150321871350494,0.814000721212054,0.233455923965355
3.63820252574813,0.561506944098277,2.00126094688193,0.77392502120908,-0.00650560268447028,0.375833781464453,1,-0.632991001415719,0.519668104404103,0.883697406699854,0.393342839758949,1.03789760005237,0.246256123866422,1.08171666899953,0.23482508118047,0.921823748251794,0.252050998260038,1.04651974754247,0.166584114995505
2.98792633826165,0.355294282987381,0.971683575304581,0.502326182568198,0.389364307988621,0.489487644954369,1,0.246599222683664,0.707601694291893,0.754015265892066,0.328085879994198,0.856437581672508,0.229108841703205,0.653309796443528,0.198595363401003,0.960685273405673,0.153774058358736,0.520617473295843,0.225389175548719
2.13866551542546,0.316798074453135,0.680864099176177,0.263167458690083,-0.0228307333446841,0.352739102916217,1,-1.49062008109006,1.17277650109444,0.949341905182513,0.472694040026328,0.757810257071408,0.226537732322402,0.655079507210495,0.178704135474057,0.745075996137079,0.180513483926901,0.624681882165381,0.176437957775963
2.35806854148485,0.362305059438551,0.499644098375483,0.197599578205202,-0.0376203527831506,0.338410776189527,1,-0.635316974032144,0.486083524522756,1.08193708831594,0.145908343171382,0.623845129580963,0.210633795460372,0.481077626954179,0.246170021450909,0.7530544419399,0.20402393642516,0.602891831598426,0.244595244742401
2.8586101369641,0.423669795153004,1.20108575865648,0.54826643610524,0.825734246581713,0.172418550112702,1,0.940351532332165,0.588865393805231,0.575084781092958,0.329001114017525,0.708663287721584,0.252221788113716,0.767319748655787,0.178156962053303,0.825246420414683,0.240033280478268,0.901629673946324,0.211788302286849
2.93123580266807,0.538641713108136,0.97244007296518,0.452931970658455,0.0683925108863899,0.326546497229853,1,-0.265283986770704,0.52101172042044,0.946737030304906,0.323692380313979,0.784002519468434,0.233080278311521,0.796901090576655,0.203077025449284,0.447662079758235,0.295219332935174,0.761679444957843,0.281123091024064
2.80559965184583,0.438163884040302,1.31349524978202,0.581203693650994,-0.128652605755425,0.279722891784794,1,0.452231541831042,0.443061930129925,0.773881945706605,0.228399828256803,0.760472924620473,0.198028056619805,0.482495937379731,0.20948834861942,0.751274397869558,0.265747148082696,0.95214625098262,0.248826020038486
2.40348455050299,0.397045982282598,1.32061312128229,0.580322443851174,-0.191655834165182,0.29640950185636,1,-0.359036632222449,0.520337246612779,0.698286126650081,0.335308660248645,0.440400993042295,0.269748194800926,0.540557268598778,0.225701209152812,0.836695803607622,0.18600390724978,0.478496085143841,0.278644670840595
2.96775906798422,0.400943834325711,1.42427103240198,0.521029142167337,0.27580334267388,0.634900822713427,1,0.53849718193474,0.475285789673876,0.891421498578435,0.271905803506839,-0.0677214314513458,0.482503640852823,0.837792124486346,0.216082627941406,0.689115619229185,0.190633104361503,0.79318604463114,0.200520145590538
4.58596185219078,0.725677666496027,2.29661884629033,1.16171078941754,-0.546809069717081,0.17687576661718,1,1.22550871149905,0.546436893280525,1.3892453603714,0.133224305105095,1.09697593561418,0.255499553609412,0.652400912792944,0.323581292254479,1.26052429821858,0.270492314147549,1.28543309403236,0.234676613342338
2.54462200320133,0.379788670465751,0.973678835288762,0.442595183234324,0.4813639062951,0.495058118828155,1,-7.50438941370076,993.404035432552,2.15910606141209,114.666927459912,0.849466955816246,0.206650885391764,0.80712361744152,0.255627753800396,0.661064232732535,0.219785468216333,0.5084844716014,0.253613532333816
3.33623319035807,0.432092538889008,1.59891155124172,0.528768237685645,-0.257890986337983,0.290554428517481,1,-0.309754887092452,0.646446630534741,0.724596288687929,0.387279197167922,1.28580481888715,0.169807568420631,1.00869481000209,0.194964676415149,0.790354845756112,0.201354127671151,0.872037607509773,0.173877992270891
3.31212468125084,0.56514178696585,1.14447364656332,0.531199205617242,0.73805907216379,0.270571723774349,1,1.03462876839271,0.937123953546073,0.712328792078652,0.309550811370291,1.05449217876833,0.203523043239467,1.02723088718608,0.270258871213261,0.640899533312771,0.204692229593209,0.639145683985128,0.311080386114193
2.83418541704707,0.417862716534214,1.34901315328832,0.531643996904919,0.249334122124285,0.531067023856963,1,-0.54860296348997,0.677213654134664,1.06207767584704,0.270003507333135,0.303382851077083,0.270192710667818,0.718001860931078,0.231000084447644,0.990006040752927,0.19986959734748,0.643013809251671,0.230327629643392
2.73758001629827,0.378186467687644,0.644512538919933,0.296523860809104,-0.181517328831537,0.340971676157457,1,0.830468633651907,0.455299109626317,-0.256424199457038,0.510298571952495,1.01754446444384,0.176190302283111,0.265185232302188,0.23555555486253,0.65016292638849,0.234275060218488,0.461924714262408,0.23463520391411
2.67403664105633,0.462218292705579,0.911756509563451,0.378595385964947,0.284918719908275,0.482914735270876,1,-0.47085960349488,0.580339133514176,0.60255672717423,0.262584798499854,0.876239592873499,0.250165160610997,0.894851937740141,0.164647977739124,0.228650625244381,0.300591839231402,0.647196725376528,0.306479730607528
2.12362761367249,0.210074613560403,0.100375363729518,0.0941425012092929,0.704788796893952,0.113165954246003,1,0.426478371842352,0.468116315963816,0.189986725766534,0.314002903457517,0.716035746163678,0.194460856957277,0.450812062863361,0.147162026816948,0.550841532778249,0.18408311795039,0.301621442191962,0.254388012833529
3.72959367579769,0.646807584469408,1.2209955643268,0.559522233171149,-0.176177422717523,0.29711041796097,1,1.2355865603578,0.763873029963905,0.730099351676702,0.311603582513389,0.929487107150096,0.18046542587283,0.669280678730467,0.218415574559907,0.983643495736105,0.24622809821207,0.998190965447143,0.263586242098177
2.27905252218321,0.381926374754737,0.484974804521348,0.330250500495631,0.806754323495859,0.14621103537718,1,-1.32944388396557,1.81429290517684,1.08494882961046,0.616187489808292,0.756118359834883,0.139636110137292,0.255056225673179,0.24941206942165,0.670017084342539,0.22329889716291,0.544073880994364,0.214330710960909
2.89325436709606,0.466825905940468,1.18651857250818,0.554308883292938,0.0145067955194973,0.457349054891198,1,0.689350936770974,0.526844187615806,0.686427431927469,0.318884151289425,0.467120420861922,0.285899204748475,1.01934669785244,0.239072662779849,0.523208788880579,0.246302156334288,0.863731881655953,0.239701875686024
3.27868757066144,0.379585938033117,1.62529521324218,0.632094408545126,0.171621096853216,0.260761979377962,1,-1.27423133326431,2.19272466113566,1.26605873446401,0.632019848286842,0.89770732370316,0.139498151584284,0.524410989209519,0.190825222794862,1.1330278528421,0.190006877191866,0.857425596175943,0.191398448496306
2.38150088946188,0.299126978671403,0.772594959607846,0.361988417914578,0.699288201205474,0.207428113624765,1,0.0205701374646264,0.706185340617927,0.791222308547487,0.293796634464869,0.457075471832074,0.287937132746049,0.365619912153734,0.228060971773935,0.932943973422712,0.116705502860001,0.709345117290677,0.208570479443783
2.14582982065321,0.399447020326292,0.613540814338855,0.366755922797766,0.296577249326869,0.385557293759937,1,-0.0874193751357242,0.715284579088761,0.783910733002281,0.245405857828525,0.579540011803784,0.239269696785968,0.393994964701556,0.310765103778598,0.447658870795498,0.379615445426871,0.544793823281384,0.26964155644985
2.34871750341179,0.345172432758835,0.461977494362962,0.190155914516722,0.109985466031495,0.365581714181428,1,0.021318458195112,0.742751378287399,0.936103754821218,0.223142261690157,0.351292699172221,0.263494552755534,0.792473126429684,0.155483957260966,0.850706854969463,0.214100999812457,0.470455029236262,0.268289832467951
2.82050971346238,0.410800269105503,0.634001711472422,0.268518516319616,0.221514726270486,0.446848239033835,1,-5.70848439547638,990.299000046027,1.96383877035594,138.957519736565,0.852557704743417,0.280753926224347,0.692550695569305,0.175487164430964,0.861269628223617,0.17169700328364,0.944827297947533,0.190732932563897
3.32181692363636,0.433700152230384,1.70150764693869,0.782026044102047,-0.214483022547861,0.360547837435407,1,0.408998577646473,0.585098747702179,1.07081732549938,0.24219414607775,0.908420280895257,0.18363894037555,0.75614396600985,0.217501990296353,0.867478861238796,0.221111005722013,0.525680670193874,0.25884159448121
3.21205167800433,0.440113440041524,1.06190607028396,0.462901937634224,0.367048311035701,0.441536845353838,1,-0.755291822101556,1.17109419793071,1.21769169628848,0.354680856019392,0.607513325212928,0.232580394730986,0.906617663645471,0.183155858634394,0.574268656688527,0.22145233046475,0.7419624321427,0.257920141651766
2.50954641561921,0.440990168040806,0.495338517925554,0.342664379956558,0.832420106248106,0.138751029193764,1,-0.412197023160014,1.15718301976477,0.972307629515613,0.171392228366586,0.759251904359459,0.254764928016686,0.822968801515794,0.248963402366719,0.543935548183691,0.165729031183363,1.02027893868938,0.234897350517947
2.9808246312794,0.414570466634963,1.10295796106243,0.377418535235353,0.153580407267132,0.417742174413799,1,-0.706836362750612,0.93566303263717,0.799948518659288,0.456768214691471,0.901226247906574,0.229863267801289,0.6134558361849,0.245193635683365,0.510502546470618,0.228154364293808,0.877685718151987,0.180943249453802
2.40105558399909,0.307383458375712,0.733384038514628,0.304519042841134,0.156169340007629,0.223186081309736,1,-0.0246760181928636,0.395834052619957,0.382304463592327,0.326125352184657,0.719567558734261,0.193559550124094,0.563512109026777,0.213687152057095,0.903359130443432,0.20552013493988,0.519869347789356,0.211378829107011
3.22876639438693,0.491380487975437,0.821147872261082,0.425020098575682,0.72763498859221,0.240536154052012,1,1.32616739806531,1.44867738276264,-0.00572300641706804,1.42613201799502,0.945944189649304,0.202962550042237,0.712745362067728,0.20565850551658,1.03607422858624,0.255845834965537,0.575880212042032,0.242522742905759
2.21472759544468,0.309542451152103,0.435002471374808,0.183037308474203,0.143160892281445,0.357860205653009,1,-5.41989769706629,989.679995930288,1.9324206607649,143.302987265728,0.389371917572447,0.206175137969427,0.791048368982745,0.208407152739556,0.39745540130272,0.214900055206234,0.574177709765558,0.202819326655658
2.70215313082824,0.382359363942947,1.09588626305311,0.48493888345981,0.175200359679926,0.49865322911166,1,-7.4302899877027,994.006305216695,2.2073771027253,109.329567026019,0.99695829543056,0.1246170861302,0.481187172539004,0.310472726282229,0.778669977781227,0.197716183901703,0.813343730451657,0.215786630515673
2.76943276731522,0.33889485900736,1.24856442744829,0.54163426513493,0.833946531615072,0.0896546463484853,1,-0.765666240277848,0.738976095811362,0.881882869987834,0.225051141561744,0.884699096372066,0.254116686463342,0.943025972958655,0.188222914069411,0.83531484303432,0.147308817835644,0.559794668186827,0.223911438570599
4.42321593837412,0.618914816759958,1.25723836816515,0.483514669384146,0.285751147036437,0.769314001732237,1,0.885954031257378,2.58578246856457,1.16846148599626,0.789929255090315,0.989214243657005,0.222566900704433,1.30165497856533,0.232690170143184,0.584680583186379,0.277629640819843,0.982316983067491,0.169451489387811
2.85015822779149,0.364098845385129,1.06517388405065,0.462185927111909,0.473963447400685,0.570505026088321,1,0.748579535804084,0.741840593053113,0.343043969150632,0.344824353774189,0.733998633786689,0.273578434013003,0.891302118355993,0.169291139071024,0.486656783441009,0.224159203330004,0.670961554725268,0.217120024688885
2.57030260311818,0.25459124365764,0.375891284034265,0.163914716912146,0.369077189159524,0.335735900478029,1,-0.6354551924507,0.748393583107446,0.87524434437895,0.366432936225382,0.654515873254668,0.228878055302043,0.682526380767739,0.212857695311627,0.667666429415988,0.208185692245019,0.201964488900865,0.251886602941822
2.51184080937133,0.397775759502211,1.06036344103308,0.511997567321174,0.220304423865911,0.463929919340799,1,-0.221877780733174,0.443609592754987,0.547952004952297,0.244590957991784,0.902078359937534,0.181526601848508,0.59616660646263,0.181656033950378,0.606424760475343,0.286099246034945,0.893462167078637,0.202749049563784
2.64073727355667,0.364957069499618,0.691015502963408,0.305238455488173,0.650403052076334,0.223782742452043,1,-0.342103432218032,0.928884425455828,0.853721825966561,0.390830013211764,0.754594514440017,0.242781195704148,0.667222509160231,0.247748410135439,0.44989224402484,0.327785231644695,0.84581565251103,0.179996755459524
3.58337654969151,0.515111809175427,1.86592077882542,0.82674057293676,0.0728073921337917,0.479284452411668,1,-1.06066442965346,0.873722252612698,1.04605929449678,0.346302083020802,1.02538185029161,0.146238874976055,0.769346994831693,0.273809369650586,0.829352705694658,0.260873975692646,0.781122853401311,0.226161252343015
2.51776206444536,0.37179441414414,0.712748728752817,0.337443475069947,0.428889969294838,0.379523986202158,1,-0.957155405611,1.49082215149635,0.921938559126172,0.464034840082715,0.458041049629681,0.25411900317539,0.671288080245175,0.203442533455931,0.979062111280654,0.191196649772057,0.0481865985747215,0.287631388910571
2.44633710335182,0.36483122096369,0.967075084294701,0.34067895625719,0.3732786533784,0.447120892811553,1,-0.44647131803654,1.28457147732726,0.720336942565541,0.515641531986942,0.408948523926554,0.249356351672636,0.58802784350266,0.190548481986151,0.565976070683605,0.201231387988062,0.660029204182941,0.202126367965715
2.41011894703305,0.273605610877503,0.290871730464772,0.122412629738304,0.182278918662528,0.378025781060065,1,0.157986002901845,0.589432326726031,0.43585943512114,0.361201656861828,1.1273245839388,0.131537073891976,0.512716960601828,0.239331404239575,0.310303654849316,0.249528020839091,0.593657391207142,0.202026037266125
2.73479253138958,0.415997511861351,0.813573544818422,0.34605591740564,0.408010529672852,0.545170333005621,1,-0.651067455427026,0.867850045924267,0.805040933583553,0.330430045192455,0.652735862142451,0.276078287498742,0.6491654258562,0.207758262858388,0.776679193484093,0.219041908310825,0.493963353295979,0.254404811744464
4.13183312046007,0.950946606925836,2.12933687394221,1.24810959379913,0.308266853537166,1.15195382007582,1,0.856386928033895,0.85770319833876,0.965536446715416,0.341164362252928,1.0841568029845,0.277771734412658,0.536790903353102,0.217585420456967,1.22350559901519,0.275282989221588,0.567615381383739,0.385414987821205
3.36362661238916,0.520539454850197,1.3593730890106,0.545472880576042,0.350746799694304,0.63956586754324,1,-0.302805719516366,0.428100565709249,0.896845820188428,0.200486219950137,0.398679242297738,0.375511058047454,1.33535237440084,0.20288102599985,0.549952597582463,0.220839183536966,0.772489856525226,0.220943843696665
2.55326480561388,0.309480353299317,0.702179722001042,0.406815987935621,0.722703658539157,0.146533354839372,1,0.382222141305453,0.444343132608942,0.437257236766796,0.289625040714293,0.756628027433021,0.193133101625043,0.613348065531275,0.211602027774403,0.381327926650227,0.318570377612381,0.543576788269682,0.301300930859763
2.99838026743735,0.474712385954446,1.09022442191388,0.515633135884984,0.470588684919104,0.618635633100219,1,-8.68268321511922,996.251626996262,2.44374327826105,86.5097020836083,0.525989927532473,0.239087813804857,0.735187161314898,0.239609610466044,0.738305235336827,0.233443949171788,0.715835605900767,0.241094674810619
2.67901377607421,0.30993606522021,0.954575050946293,0.381815777930975,-0.274558868782297,0.20172536190487,1,0.3130564312022,0.417337948854153,0.97354955177969,0.175504485610842,0.751478325480147,0.201386721137899,0.321945670249676,0.29047182408008,0.86386525632708,0.194174696357252,1.01353436172285,0.155424231682662
2.13339927889412,0.30665007448916,1.1557716775877,0.44295648231889,0.125131217575747,0.292676408267668,1,-1.69226765105953,1.00648603150377,1.27732061438956,0.21180760563972,0.449551883069204,0.246578989287561,0.601918224312359,0.183939489055218,0.431626363068945,0.211706841729722,0.470351900322703,0.245135568297989
2.53565364342557,0.267783142416097,0.631774802296109,0.327306128037462,0.84013143284983,0.0821313171551333,1,-0.290888448428722,0.703755459283585,0.538856102472083,0.336523901620967,0.972044784871514,0.256812325682136,0.778867953410236,0.185641975921982,0.756885145482097,0.162712576653818,0.44683054316327,0.194080364900865
2.77184389397434,0.39352626500464,1.06393215893591,0.404999946114198,0.253426962576693,0.313016427978335,1,-0.329369077797076,0.641072955186764,0.820941992875742,0.251987443649103,0.742869421626844,0.188937831553505,0.782524693610018,0.243108907502442,0.857523568207621,0.150834582801213,0.929719859636558,0.217666223426113
3.08562090002619,0.552604718293915,1.12924620611561,0.776740686633488,0.818729811035445,0.137822253067562,1,-1.35575995062892,1.33689533244518,1.35358501407484,0.313529375662298,0.750814786507073,0.241916447683857,0.680175874166269,0.19826812721365,0.713589036190292,0.215911968153646,0.722652091989446,0.323142751780867
1.96446662014794,0.321469325099941,0.806712573370333,0.333864099693603,0.1896074533942,0.376423465939157,1,-0.283490019846559,0.40171813041864,0.663074814184677,0.258718534638968,0.454116267715109,0.224538040738816,0.444022087011835,0.193955237677974,0.593550988716934,0.201263632936075,0.776568403323116,0.187442813597836
2.72930100343762,0.388227408215763,0.792840540606229,0.376377458880136,0.465247880493031,0.464823192642558,1,-0.55757216890036,2.19535761116424,-16.5854280914574,1000.00000007149,1.32152160030532,0.600840914892416,0.712212482439615,0.202533956765478,1.02823286748186,0.15183049986489,0.39052165785121,0.273400806259627
2.53948039754818,0.335827228917736,0.722225377593109,0.316052345501522,0.535783688250769,0.264984227812942,1,-0.145072681385979,0.580905845499675,0.98412589716121,0.164454325191306,0.169158200598739,0.245577715031186,0.939043427952901,0.185263941444263,0.507479712524352,0.20046087403742,0.561800937985976,0.275093712653151
2.82182648282661,0.454760665285162,1.09236105262698,0.541246624599872,0.0745329734396149,0.30881022125331,1,0.100999567284142,0.600615739570144,0.616904131388987,0.317353197469927,0.65835375705454,0.251478595493255,0.832419655962002,0.161174570708697,0.767383647545743,0.192655760322956,0.204554790409485,0.32149404379147
3.03637816763364,0.4937629306818,1.27160617330761,0.593044013136207,-0.0119875058003172,0.432259027558074,1,0.871062680185155,0.334913217714712,0.712735165920291,0.212321502735409,0.762195777270957,0.216264193422417,0.692772300982622,0.290037805972415,0.298010302942489,0.328944396691273,0.793625961159839,0.221740211121616
2.48391935702417,0.288627620344831,0.423192508566261,0.233200912535522,0.807251856262494,0.105136105394555,1,-1.02537635218901,0.695468789673062,0.713375120032882,0.380713796422045,1.06135979022346,0.186780072163342,0.741359938308637,0.155308356255961,0.707834210902396,0.178898589995294,0.561072402304494,0.23961689360851
3.47011544464518,0.509039297186711,2.13197908795291,0.756706662298585,0.660040859898645,0.398542408085499,1,0.873807800500189,0.674931724159753,0.519438676649607,0.370907576946143,0.891518488507133,0.189872164070854,0.814958069259981,0.230898162655422,0.475485254609394,0.238073534033341,1.03493212442215,0.195803026168704
2.10872072179816,0.241079596884985,0.492873526704077,0.283870182961038,0.46683522186589,0.460397195759315,1,-0.606184097992681,1.41153447761399,0.858248852658912,0.542928009259712,0.0962064423276627,0.34595390895573,0.957464642430179,0.166385460617523,0.66266608514239,0.201910759202632,0.291856673372857,0.31668925358868
3.29388493678834,0.560378470374164,1.71621748011786,0.663406290009412,0.0532298665455961,0.488307116986403,1,-0.183865392628659,0.484157223125967,0.918645934076503,0.266655312406748,0.938471663932329,0.252776873247381,0.874069998440459,0.209549407969457,1.00119091971308,0.203825463086431,0.90731001417795,0.239152667989262
2.92903697831765,0.440362438483894,0.871067792469471,0.535833960665767,0.572182010995109,0.453710914282194,1,-1.31986382174892,0.820661843985873,0.914292799196029,0.332103067272811,0.518712950104239,0.442850226000741,1.01725051908137,0.169552887546313,0.481864156837322,0.226058426378734,0.486414329246491,0.22686054578726
2.64208825161275,0.339032858307562,0.742291757191024,0.305250204486477,-0.249026035048794,0.329664749542302,1,0.555440619697181,0.48196212943583,0.644775329004616,0.204151335207849,0.393929640038062,0.269953512716629,0.567995208904889,0.243872432627836,0.649232652171541,0.18949775056553,0.713469537152115,0.242722498390354
2.7258165409566,0.312415388455328,0.854513529707576,0.321301351852696,-0.101692942759784,0.3629853720813,1,0.844248106739081,0.370642794174728,0.609860589796268,0.256823363607077,0.627567592134974,0.217876240632189,0.488478876324578,0.207177826489845,0.69315009049142,0.190612086166754,0.762208944616786,0.217926544764656
2.4769690789426,0.343310743286301,0.477800626970686,0.262633098716531,0.637585410410553,0.262639226871506,1,-0.784722367721033,3.76198977362963,0.88510464246145,1.52631465118329,0.748280702408377,0.225548347156754,0.596419672154292,0.232582189657862,0.729727495011033,0.154625724436686,0.829991404973558,0.155410224891597
3.19084441786916,0.397903826929491,0.774502062654235,0.346652372988407,0.347635765440182,0.500158859806576,1,0.0986506653896066,0.912884327112872,0.702134489660224,0.378520127007936,0.709830014830702,0.279407258957462,0.603436198119406,0.247147386078206,0.76423139950204,0.231343608628098,1.13999827147791,0.125472869787372
3.30536165052569,0.449348044671977,1.14485901811351,0.517053944306797,0.500918929413368,0.630456699451145,1,-0.0382413868976391,1.97353747599995,0.7500863758226,0.984984751485344,0.889990038792518,0.329292263782595,0.780105958222135,0.198260199827171,0.63350490044423,0.281310079591728,0.767044802322122,0.240955773830821
2.87063583771699,0.393168730932675,1.22533092579874,0.622442275514344,0.206788661497761,0.582137295947497,1,0.525947485155636,0.451375179794996,0.335909109663962,0.311525726791686,0.870640673055924,0.118372718725781,0.680152115540793,0.240684099091975,0.546322675824714,0.321403892105477,0.628354436268547,0.257989203349954
2.28504315915768,0.307661089137941,0.515726257445588,0.213727641903102,0.0988712789999763,0.340136525988298,1,-2.07349629945055,2.04721374153894,1.3664770551619,0.541269298931235,0.358248701213621,0.198091113520362,0.66033905366099,0.180555421403486,0.643357150222572,0.217793753979615,0.673128720933176,0.228405248509709
2.63227534167717,0.314170924114824,1.39570566330337,0.48590076240105,0.325844985511452,0.639765517496255,1,-0.490101485892944,0.842917833465048,0.960526538567122,0.280433758680094,0.474119647121453,0.252055466943409,0.78635611050968,0.165562661075407,0.766589744825017,0.139256867836799,0.680501438061458,0.23532235018638
2.14466137843276,0.302793639569052,0.590115213114986,0.221424315239718,0.168919673783075,0.581217041961802,1,0.18687823384748,0.74042049117798,0.318061007239146,0.302342975220257,0.874608893701671,0.193242983455047,0.887085612232696,0.157110804765404,0.512027679972789,0.250759711154031,-0.151224482852673,0.390473324977475
2.73267554828355,0.29845076773412,0.556467838842041,0.190366319041855,0.341422317060029,0.374432849262687,1,0.476985689723425,0.452809807276834,1.04523128008096,0.173893037411197,0.328853437787874,0.254692884563294,0.872166580552059,0.188818567710612,0.383226475275831,0.234987654404794,0.902784204060637,0.17302182640138
2.96211019172915,0.36216506214072,0.983162867488584,0.413873201191462,0.102101221634541,0.379297707289941,1,0.581107027685609,0.425394775479843,0.797217426270995,0.212065293765618,0.917488566329628,0.158850876417738,0.905346942744973,0.122965445224016,0.519742810965978,0.278581961257019,0.814991711511326,0.237625391716611
2.43595595848582,0.337630775030715,0.501123703018501,0.279953221678985,0.672399893253338,0.16689045307777,1,-0.25615613616951,0.716621958548361,0.699890140312583,0.310456509841045,0.637790899625926,0.225723959685529,0.611461699477995,0.18561976839001,0.387239309001266,0.190512942995061,0.737006192992514,0.210669502101392
2.53177474010437,0.288321363655773,0.248246079821976,0.162561273802915,0.564153111375119,0.278603779141701,1,-0.168189253320183,1.01066708840058,0.672050955933619,0.44698673128549,0.720345273323909,0.288675543131353,0.106391365956227,0.263436154717894,0.871023003522509,0.19015474094105,0.587002929695577,0.179962354201714
3.23258842292005,0.735934760546715,1.54132787356172,0.917132293111141,-0.300362813838756,0.454815577800476,1,0.701303368633217,1.02625374508262,0.787906727518449,0.294422794873151,0.575770850081402,0.240850308052819,1.19794994481825,0.306376807676514,0.727157886971704,0.275170239969247,0.959759896331755,0.289809470832727
2.53280772182388,0.446068395394019,0.860254077953127,0.326562407665048,0.109493336782802,0.518813346449212,1,-0.540913203135272,0.604156625722824,0.782335385250587,0.281503528272648,0.725257337226972,0.191628781853916,0.495192118390246,0.250935040943223,0.663823011423059,0.225441360511716,0.742486951877388,0.200350388101697
2.50099249403932,0.302738449456079,0.602719427439484,0.248979545615838,0.290007279699671,0.453780464395355,1,-0.0402019101491476,0.643908712321561,0.70737961587406,0.266156912642297,0.881695109627898,0.178590955353496,0.598660855908347,0.21365389113952,0.497051028731235,0.218736960851225,0.72757901455971,0.165588667284051
2.65657033932632,0.27657439820498,0.677655452730646,0.203842395060268,0.233470141421566,0.306403481838363,1,0.944867641175278,0.642353007227227,0.117783035117247,0.411215667156073,0.578190836805684,0.220381722086915,0.769912976147349,0.133422529756716,0.90640045538123,0.155938569778606,0.386566172049939,0.247007462512716
2.57539612184466,0.392204073228448,0.961963669129799,0.439934846492005,0.611620694080871,0.455769026403943,1,-1.35421915923311,1.05746212800679,1.16390055483462,0.32456661110692,0.954933358817215,0.216615908970109,0.337885292625091,0.250594767942423,0.868770870223334,0.195766174451092,0.858433710844384,0.191558112147854
2.73318055001997,0.386566558884511,0.459347612429158,0.211831264242791,-0.0101383628371063,0.404505374591222,1,-0.236415158751147,1.13678890423856,1.06433797807233,0.404347843853298,0.657752340327946,0.361762819260896,0.710266390575782,0.223999287208779,0.657570767097612,0.237349048053335,0.999750752097973,0.202790639465572
2.56506964830716,0.397203375974984,0.895587797681653,0.42494066491208,-0.0193083936705687,0.354845120140863,1,0.400310974833054,0.487663391474352,0.752766317304627,0.102832957906496,0.712003345257934,0.226200936640848,0.663938082447733,0.217731408246451,0.185936930623498,0.336577564397553,0.435579978153225,0.284141228367265
2.3661983397237,0.320471699720112,0.551015224940177,0.218600170056162,-0.0149567457247265,0.274070431948137,1,-0.608707562158862,0.467314237134275,0.737291366257011,0.169607424367059,0.456861312607617,0.231859855819309,0.561699819090804,0.23490601435489,0.925613104733327,0.169185925588496,0.639172375821488,0.142419194600499
2.65722162135172,0.38726197769568,1.22461686721891,0.510153352662295,0.430628831508092,0.463135461886723,1,-0.940198952679504,0.660027687409501,0.866851641522585,0.18780929217499,0.917115989877123,0.150459184555888,0.688412124527423,0.24446228201333,0.377491540837131,0.272560684483924,0.728953251221291,0.248100374699067
2.88455140872742,0.397908219836222,1.28453116642102,0.481564877082754,0.248011262290433,0.419622249772695,3,-13.5817067239423,997.979290446911,2.75405069539608,63.5407914366619,0.794595430655292,0.19749582040695,0.630691520647808,0.161554483743282,0.730646232342895,0.200566196426716,1.32114598871305,0.172296227448289
3.74672011116032,0.734398096540088,2.02555947748816,0.959333634147259,-0.0236294909977059,0.458449479270925,3,-21.5548940952861,999.157721690859,3.19247994628392,41.0353314398572,0.845819087268667,0.390433654427654,1.06033194356366,0.213939617862484,0.679390648069154,0.239001055883383,0.686825668121182,0.329740914560463
2.50279996874319,0.342003856486016,1.00875980275345,0.491182666589203,0.380473204556788,0.515281686003085,1,-0.0512094517111912,0.37201224653008,0.229167794546615,0.328840926466226,0.957686597077051,0.226096896891361,0.554688821396979,0.23580610404564,0.696962472479001,0.221040680658975,0.618109421531915,0.227525192196499
3.93674994055652,0.63641368267226,1.08144399872839,0.709570276321287,0.937268586879121,0.0450617961317365,1,-0.790440316905611,1.68711673229192,0.920119195571753,0.501860471652706,1.47596043211784,0.252427226094958,0.884673138788655,0.230210323927739,0.843175687501768,0.252792642276775,1.17875733167,0.204258405739897
2.21200641395341,0.272749795660948,0.520200650805374,0.199045548673026,0.456865386041465,0.419032484305018,1,-0.315154793780933,0.547196210692945,0.483534939967284,0.279056958863953,0.73138624884959,0.191553818504978,0.57564182668034,0.170148713905495,0.881513134026279,0.132318558097348,0.650452073584705,0.18885804607093
2.80005516320743,0.408301949269583,1.53388564429741,0.508354495831313,-0.0797575507764248,0.393124337671173,1,0.0849540028611354,0.655615428272849,0.767026840264579,0.32132386061202,0.843570657747074,0.275326738708376,0.683389945625719,0.210426014858686,0.619804071253761,0.276739924301969,0.664582081947907,0.184148039671049
3.03806799953527,0.427670767760326,1.58136676957283,0.564109473939148,0.238386206937384,0.697249639388279,1,0.340392429159147,0.843267989448035,0.534122930244178,0.447618793079679,0.843481581650504,0.226655040656727,0.538284756919804,0.267453991966363,0.905375016203301,0.173677691052775,1.00743767770689,0.171517048054226
2.39274741732648,0.533562374027761,0.709682444826374,0.441234560242009,0.242613873008223,0.743541434335268,1,-0.737104846602529,0.80093764346469,0.929109115690852,0.336262208176183,0.0309297218968164,0.457973876156612,0.791205741824041,0.267323766075773,0.626557077559097,0.22606951184071,0.736658167151023,0.221483457797172
2.71797089876192,0.411196284966702,0.443026056488106,0.215585821310948,0.133317217392475,0.371652449655839,1,-5.56701815890743,989.676433946947,1.93229779465118,143.320068665891,1.06270806242479,0.289364822160958,0.51446317840825,0.220712674898206,0.690010263883247,0.279785564045319,0.540085537902013,0.261720662110739
2.13262294744202,0.300271048311071,0.76473167576204,0.384791080143524,0.626958147899033,0.394639836255105,1,-0.393348704761458,0.769507934419631,0.759196555162494,0.355301066702152,0.691546887300545,0.172899574696439,0.579290154602791,0.177167942404047,0.808659178289217,0.179410073228014,0.375811867128213,0.299861150640011
3.59363092747694,0.574600813880068,0.616113750506646,0.342569502214425,0.632839349815147,0.490229229999368,3,-6.78912149018421,995.070880370041,2.30601581026044,99.166319337122,1.10743171611483,0.239796009814688,0.934680605465968,0.253917960957045,0.390792783930269,0.306160121856417,1.01748349703271,0.28322865543671
2.42268256354898,0.400723557407162,0.722874828994456,0.381896040109421,0.150208802289696,0.412808627090786,1,0.694341469907802,0.673324056588617,0.340822703085954,0.363672150977043,0.76595115580841,0.112478265201785,0.53150014121698,0.191490697561791,0.468134166292932,0.257709787154861,0.244667299205644,0.336192655920009
3.17165083922851,0.47119889396433,1.30080244220151,0.489143676732313,0.147542199633849,0.50475432264208,1,0.115843986374862,3.27435184511087,0.425842345262546,1.86988399002645,1.02372232393359,0.198543279787144,0.87188572081565,0.214503921456047,0.699371255448313,0.230043172891164,0.805958296411695,0.187539070357715
2.53945773663148,0.377168544759111,0.439329253515539,0.201625818391208,0.190157350818027,0.240643411345671,1,-0.350306050536997,0.567121374774983,1.14922617673951,0.171201385530829,0.396669276984171,0.236085491570701,0.63965975323701,0.229771349063377,0.645974663596329,0.259174346914141,0.388663083426631,0.259919258038148
3.07891694633179,0.390360697023223,1.57440494161607,0.468505147365669,0.159032085909571,0.447803278625245,1,-0.793821322077148,0.720574220912438,1.03710246020496,0.277232531595293,0.631634042088368,0.274780859750815,1.08423976236709,0.147713520582327,0.751122204797377,0.164571495154663,1.11024327662885,0.14806795638289
2.8455756185904,0.389413156928495,0.60124935983743,0.407810808392972,0.849056084567983,0.102273371082075,1,0.23628761938002,0.937185927606739,0.579161286318104,0.325982761739406,1.16653134850497,0.193515767633311,0.281054509551938,0.278202669907198,0.672046282873851,0.245102543525522,0.730495229772209,0.22632381333836
3.03014329385203,0.406005028472744,0.755725807721874,0.376854893382784,0.421266425594403,0.475877296421593,1,-0.119706955270035,0.556866911716752,1.08168950126234,0.218809224040512,0.0654540650521818,0.427529454968429,0.98480012865422,0.174131579710846,0.623173070994481,0.22832584604541,0.693421612150735,0.230766964543212
3.55730749714291,0.544269970505055,2.28520091102412,0.940975929205435,0.195772732058561,0.473133072074292,1,-0.62266361620944,1.17737057187118,1.32180682420797,0.352538672936988,0.968475921991972,0.162979733756683,1.05068637069956,0.199282804535737,1.08766845505721,0.201382446194689,0.870210432524138,0.234489724646962
2.31271436732668,0.348227057206638,0.793675535235234,0.359583572090616,0.174013232716229,0.251528754302775,1,-0.497720635491969,0.506216871721733,0.828287316961059,0.166700721283274,-0.000271007253877522,0.319128841350107,0.913779727009537,0.183349122885185,0.715517615503878,0.193200219617297,0.440772715658191,0.234142303142581
2.90321531440541,0.359175079165971,0.909523373399612,0.406909817620026,0.327536635274955,0.36828991113911,1,0.159301383924831,0.941918602532454,0.746834772574052,0.397053164936268,0.91087563543266,0.226489420857731,0.639265773837007,0.173059589820451,0.755991682324079,0.174818888999334,0.301323559587534,0.263682312151
2.10386975410208,0.291624924924496,0.461393903955472,0.265215725682068,0.757900821598709,0.119997098342349,1,-0.486837074909604,0.41928610646212,0.82759719339862,0.192468671673316,0.58999281181761,0.194282264831989,-0.0288562731921917,0.341603016233056,0.686744125361798,0.206862227956921,0.723310858592361,0.221556514306051
2.87132274177322,0.37686002310964,1.75214078175882,0.666001973594728,0.00845613367256913,0.391442993597234,1,0.635708846854528,0.8734575640971,0.618215785480559,0.410641301013388,0.767977467898128,0.174793463320283,0.665987309193579,0.181348455802898,0.616492401428171,0.207886661280296,0.950899899856112,0.243375738332442
3.17059612590376,0.36297795838836,1.26294428638981,0.476477939088623,-0.00929111492074977,0.365225383444693,1,0.247162520817927,0.459635716483925,0.659347591162213,0.279538687082866,0.680309238581642,0.174038936978833,0.894892162050038,0.191619969424399,0.812823287928777,0.176999456996389,0.892780300907067,0.205933470636529
2.88680479534577,0.400751652505376,1.59725214669387,0.54226067363076,-0.0422284129083861,0.209840578892619,1,0.808340806548714,0.434849103212367,0.494725793306665,0.287846923002687,0.702184948826944,0.246022573174309,0.837424390895301,0.163482202841469,0.55708681165165,0.258662455536733,1.15655975862249,0.206164273106816
3.66747130189144,0.593305178189543,2.56853941445311,1.00132560832999,0.758026551908532,0.183505963112061,1,-0.37793395803044,0.671483035154787,1.23246274928706,0.265890832180703,1.06260250236729,0.181131504916766,0.752782477512774,0.222880465614677,1.12008162747494,0.240402442465708,0.732693417228885,0.324640330536443
2.88453276627796,0.375486474571756,1.12902422200545,0.561719441557983,0.101005039022708,0.309564936202054,1,-0.862313149959182,0.681024067534932,0.892041404523905,0.286953369362827,0.895552554579242,0.173898512856079,0.71564096519018,0.196596260555809,0.707909602212178,0.263484609148037,0.671246614483044,0.239505751300422
3.64908911772376,0.572071803105019,2.0257655367214,0.926526014766534,0.157428908687195,0.506786200018866,1,0.342826957972176,0.659930208987938,0.885269256061181,0.265011269754335,0.812627454397826,0.191808825741266,0.837422528156506,0.190123494401691,0.868502953124453,0.196511320743509,0.996430004848631,0.213048783240784
3.12070006472938,0.467846198707867,1.52175273705404,0.600279936382708,-0.0820129227255598,0.346778388659537,1,0.239014349757223,0.539950915125596,0.878779060275529,0.171368853462354,0.416168803301848,0.315828476500593,1.01919515821974,0.242720617702433,0.778874109368178,0.188795787699276,0.589292194552806,0.25529032016684
2.51897995005828,0.339576379162167,1.06223154714148,0.401798422458349,0.217037867110654,0.387649446526898,1,-0.939236809504292,0.931371255190673,0.757403864569819,0.472100172488928,0.950926151652522,0.129020535730579,0.580474486920054,0.279103737028039,0.544945364429011,0.213393057610895,0.783235963848804,0.18907985796811
3.30324952430257,0.525356094038996,1.37168858454752,0.794177533977168,0.661000750193191,0.292683442870143,1,0.190594955504693,0.523435238656337,0.597956379896396,0.26106799960502,0.872666342849198,0.242743241020592,1.03397630771024,0.262588016903768,0.725993603274188,0.227339339967437,1.12599372415776,0.293208996723715
2.69159536455845,0.377690964799308,1.0940323007681,0.477548234671427,0.241759833531787,0.517196991617781,1,0.853170409111546,0.5234368103303,0.478016220357623,0.291805426998616,0.693279490549293,0.20521466586871,0.711663479242376,0.197740896967665,0.769936362065205,0.213167917174572,0.72244931137002,0.234065757283556
2.49516014570737,0.31367519309018,0.6843251925473,0.352318158163794,0.851943798684133,0.0883805225586661,1,-0.836703886380518,0.883314519582389,1.11274272738145,0.277714919345631,0.56303531321505,0.216651493403496,0.594564335084435,0.228502690553818,0.76313276381126,0.167403661469965,0.505190737816417,0.18927605454989
2.95279500077394,0.387972678735255,0.924984845786508,0.388331965009604,-0.23154061731685,0.332613744040137,1,0.147528814889693,0.687309441413367,0.891817589395431,0.357100230034094,0.211465797019579,0.327813594283103,1.05014553228362,0.171682173526488,0.78376804277166,0.177063308703491,0.565694654360801,0.208983506449929
3.41809041340674,0.632616042043972,1.5705955497384,0.69843575701157,0.127274792561405,0.489901238857146,3,-0.531119419060881,2.4866236365831,1.01018352153463,0.907428376243008,0.610023466273043,0.240637506976429,0.946521982179981,0.211679141307282,0.663806991209417,0.242938299333022,1.07912563439994,0.285883435568918
2.73490067889491,0.348961499298087,1.19350266195443,0.41487308430509,0.270150125639187,0.530899301222142,1,-0.573833179536278,0.50850661996671,0.850579064158437,0.246978258466506,0.826596298840313,0.226764261967724,0.810825317023453,0.186953712445973,0.750389246709075,0.153482290359741,0.759527166883455,0.194425203832662
3.20182701270534,0.391750237780152,0.982039342662325,0.371418829835779,-0.0416049712911584,0.250835976358802,1,-0.514222478817705,0.257046893355388,1.03476527235009,0.204072855655906,0.999580873293996,0.183631290513332,0.957140199851711,0.152179296461317,0.610810508093817,0.273262959752759,0.928507861755329,0.228347356648865
3.55895827101522,0.58413627704823,0.945002500298988,0.49119925087122,-0.107370048730393,0.428838719112772,1,-0.65437951033931,6.68299679251153,1.19898702896625,1.99850539561824,1.17205469773574,0.218783194348189,0.697495851867643,0.238515814975928,0.899548585839026,0.188004023274624,0.935574410411817,0.23070882829631
3.92617013315659,0.73042814368615,2.93346237700325,1.59968947062371,0.912249550489694,0.0658321051390608,1,-1.21622667230284,1.43219642346701,1.58255751039591,0.297837901477077,0.748302026156071,0.379512346404822,0.647407865977231,0.242924161955092,0.997691315255626,0.248049535446194,1.33027237025328,0.29197500871959
3.29161411406447,0.526352546808359,1.03789254837877,0.423559512022124,0.290743009448485,0.520735487472366,1,-4.56707298781318,988.095737433426,1.85985866435326,153.841253672615,0.792544232535314,0.335791199995699,0.954361210514403,0.197793754408496,0.583040924312618,0.228091666282002,0.510814241095779,0.24533141607595
2.83922573382614,0.388668938486843,0.687146562233011,0.309838073752452,0.340597952215096,0.469594420374292,1,0.593337780602861,0.498540821222359,0.322026096308608,0.382600162046727,0.804266966538315,0.268866606637421,0.699611751352127,0.20669962651327,0.601295804545599,0.223510053421518,0.623463618051848,0.244050346651271
3.22774445840531,0.404531690431631,0.934184048722998,0.417420992631141,0.253073283734252,0.210429609256922,1,-0.28194770669313,0.671584544648321,0.9572348985186,0.325774203091393,0.92399743577048,0.171055232297747,0.524017267579211,0.230393294927336,0.574453160446736,0.214299072146472,1.0353111557085,0.188351304062276
2.89481135010284,0.39911655496483,1.61450372323968,0.624259932603641,0.02281558723624,0.413278859034139,1,-0.725232755630168,1.31584821407905,1.15945643073287,0.392865775338216,0.610095115653454,0.324247255361624,0.659974561342372,0.192240834978012,0.88624003892387,0.166296027549549,0.566946479666585,0.217080320658056
2.3627772535638,0.234913227961503,0.941751497887319,0.327802076873387,0.644723348498183,0.113760672977941,1,-0.0112368895389094,0.436472420729774,0.00896550987944894,0.280752119516967,0.799485531386319,0.173664362877008,0.774525772710117,0.144060660552186,0.361805538955726,0.243435876432058,0.672778683569092,0.203962055847821
2.56847917275447,0.350002407322765,0.81986069130385,0.356347146766484,0.572309419548811,0.313654018905791,1,-0.866739744326009,0.558387076678053,0.980029289340241,0.218997248829782,0.775144856638704,0.178780688083727,0.72109277393235,0.165369297489974,0.60617216571842,0.178255084530215,0.705728313470873,0.214570469573936
3.18943329555046,0.539487513204278,1.04074662218437,0.511596684409785,0.254480255249136,0.629575169879409,1,0.641772044052325,0.917893491762876,0.351369481992415,0.537646775437516,0.859913042489156,0.256456399660309,1.01497351611821,0.191467663250796,0.595713355829695,0.266645588700897,0.606599562717111,0.236264629749418
3.43161952113542,0.527243952780828,1.57193865844002,0.693432586087804,0.00699835184034944,0.41962341327189,1,0.689336577094146,0.474173816640736,0.694315649762387,0.253765798969626,1.04573677479916,0.204263866018074,0.719820512438623,0.203780686023297,0.758694419456167,0.182758552125575,0.989574400523238,0.251399767401717
2.1003687457053,0.262325072405357,0.505445154043794,0.298483064975562,0.807748492622286,0.12788726463101,1,-8.43735067934089,994.795168603912,2.27857255324567,101.897211948153,0.915764476971436,0.182725931436435,0.632646897671943,0.137181794736656,0.804209986814027,0.146448350747187,0.421703443984083,0.225177467435547
2.88960382950445,0.56374269787293,1.01221546896873,0.568549231838013,0.863394605296282,0.102630422710093,1,-0.00578698273383087,0.936177184395639,0.255042865120268,0.366929228860907,1.24626108784688,0.118881639126072,0.82615958238502,0.231059109826758,0.867614801039786,0.297348495459399,0.610607832090086,0.263906149585475
2.31624423846447,0.314778168698499,0.772949542108832,0.320539142948006,0.121786658053893,0.37076539020327,1,-0.241058100556178,0.506481562195022,0.770021034912054,0.245928400862822,0.496572987526227,0.183772658518441,0.540719972078428,0.211005642647392,0.834190129471767,0.176288521522377,0.60179983685316,0.216510772463281
2.49596743938569,0.452720364820467,0.886784819075888,0.436681811123901,0.149892309651718,0.426121387719334,1,-0.73600012283873,1.35865168092323,0.345108523852153,0.831410316313088,1.00119411838133,0.232184882037703,0.798807551206541,0.211555719810057,0.634157666469054,0.204153037959794,0.81979107970478,0.250522243725681
2.93276914512939,0.449719865362638,0.775299339267028,0.366410900752602,0.117028273625456,0.483281372868231,1,-0.0329800983708443,0.480555838123844,0.598205672634975,0.317181356494116,0.540356734941071,0.240849464373585,0.697408569777927,0.260863067630253,0.880769689635781,0.201416706520803,0.496711628457792,0.291875452445552
3.14996187517704,0.48149029829182,1.05821579482008,0.439168005129311,-0.182597122849073,0.169956313357181,1,-0.0339829081937166,0.92624253613956,0.6425735086964,0.473325145411867,0.896940634419279,0.165857468638089,0.863406083101167,0.204061608739534,0.779092531926713,0.169115747236828,0.426063167203226,0.30380432206744
2.40065753471241,0.318313224533317,0.810924006662194,0.293231130655307,0.0181500422229801,0.280693706489228,1,-0.383150229297242,0.592816105166796,0.503965883376946,0.281688567303893,0.711268677354468,0.258747847439453,0.703417193934221,0.154474411920783,0.712553003188816,0.173021771168882,0.793903626025197,0.197981262485771
3.53713921050973,0.623650212587697,1.47353336727411,0.783035815402188,0.246964495727169,0.61449533711788,1,-8.04613771783093,995.853497710206,2.39298844766998,90.9774534470346,0.589130890083246,0.294447845867069,1.05634711787662,0.206963878152423,0.822675742062108,0.20997211775074,0.60883931777217,0.253389794715295
2.01778271674597,0.298789271525322,0.397503101130535,0.191985314020183,0.046508056646695,0.385968745691179,1,-0.673363622473564,0.700590604226342,1.07445013466089,0.246115866642117,-0.0863795376934744,0.301188691724023,0.697659256110185,0.219496106980742,0.699337820791486,0.179299467523472,0.386706042977434,0.27401982890204
2.78911988424491,0.36883171212674,1.69409556634382,0.640857219214845,0.256990620144879,0.370140109806968,1,-1.53869589695913,1.36244032997308,0.688733434745639,0.489425603951614,1.31538677645192,0.278808224236029,0.871247653186948,0.207593484379627,1.0353476573516,0.176518710853845,0.941364229596842,0.178026921467135
2.25117807513992,0.271509776564255,0.383336450743896,0.153502809942968,0.313504036113766,0.527031070831718,1,0.179776074244584,0.609610626165802,0.643078255423355,0.371088146172436,0.922518706183937,0.195858804888974,0.147412329790084,0.295602331390199,0.440769744681583,0.254370078349488,0.816401396891365,0.189649817145342
2.68470456421294,0.280154764252638,0.646677836965615,0.26478007576105,0.858381958444132,0.0770382292621414,1,0.175882878136258,0.643359116747437,0.716998457447264,0.238922748310734,0.849142421209694,0.241755620204288,0.927966929020792,0.148788017976539,0.362633740786412,0.198247248460026,0.768891627241143,0.154177826514999
2.71000080003857,0.44070115956037,1.00334950116755,0.444125903665842,-0.21120932849769,0.283494654993284,1,0.528243701759681,0.531626713001662,0.489635040929824,0.363447058306489,0.760512153047153,0.215425214515457,0.912116906974771,0.192237642927788,0.604040379095212,0.233574109894713,0.652272367653048,0.258015120107716
3.66434034184175,0.568280975319462,2.13040840296341,0.986300224246155,0.182441270001738,0.443560803825993,1,0.031792718084221,0.813150200814792,0.956301906568677,0.357103872380485,0.793563867797738,0.231388845808828,1.13181980981122,0.168997561196468,1.14575050038957,0.196210085942771,0.707894403976816,0.366892225002482
2.76235180654565,0.474722596724923,1.38696854775819,0.640812678568535,0.0681242153868992,0.467422342347052,1,0.48497255560939,0.545280376713898,0.728822616620518,0.302219989930619,0.286864832709643,0.240341206365135,1.00236878372172,0.246640850085076,0.670708206957806,0.224212274767561,0.801336712060571,0.263455136590328
2.63537729067251,0.379610493313455,0.473828146062778,0.230090057413733,0.0720334633029422,0.443851773686486,1,0.328207112560241,0.974748649383725,-0.114820330118502,0.85599225310499,0.980319644613712,0.184810792184506,0.657011054968418,0.175555433621276,0.766807073644315,0.212147686437064,0.801849637241425,0.243973159154715
2.33465123892982,0.361460806988185,0.476550802091861,0.223055216758843,-0.135983729567722,0.291000937701987,1,-0.551617564060674,0.482531424018938,0.917856560825237,0.154917491953925,0.270561039001189,0.240849947543287,0.45536077902673,0.218328859307091,0.484256882623773,0.218588615336627,0.487101181527885,0.268132252675312
2.50563502650317,0.347387751091202,0.955444832506541,0.468257589135868,0.731120409557146,0.234663486824879,1,-0.922521016451948,0.77170092417655,0.888713120443613,0.236484487936152,0.920907290881904,0.215232469255954,0.0596238703951706,0.328073449508097,0.812405860190375,0.199843481588689,0.679606620960164,0.184586662233159
2.57524147209312,0.346936501586497,0.670284673494148,0.366111802176301,0.728517403266354,0.210255924316041,1,-0.127029215027035,0.619708060628718,0.549592922658058,0.276172951091224,0.900344330324595,0.226972576003677,0.507708420885748,0.227991152433044,0.690016443235167,0.155344072380438,0.39243257177832,0.249728367656923
2.594754156803,0.280646143255984,0.682822676646745,0.285903621655297,0.127817171153834,0.478296927182518,1,0.0423711210366364,0.604134559744644,0.844159944219447,0.262071983762516,0.624936012777833,0.198126325909701,0.757392638191593,0.16953088059023,0.4106410825971,0.204553540255673,0.635272136353845,0.197017321366879
2.62931323331747,0.324873917150267,0.415693684007798,0.223249422683332,0.59678803852054,0.406442660546941,1,-0.4062096573856,1.64938488388959,0.459713418273815,0.954831037162798,0.996931829685252,0.248378793228457,0.525618674072561,0.160866921304925,0.565788938267989,0.177219601345321,0.514031934632182,0.215320127709368
3.17513614844628,0.377562978121705,1.04163640269336,0.417105702966256,0.0211811916224972,0.417369252534691,1,0.194870157791782,0.589669146670673,0.855421268356502,0.294607073718609,0.626810856882394,0.267809990706915,0.796705803196223,0.214752928843789,0.717886771676705,0.198318337042207,0.943473774579582,0.182514352114847
4.85656770544891,0.787045430765312,3.09177918479789,1.71598257140965,-0.128532269386546,0.380550836326762,1,-0.063561595962988,1.76930252143313,1.21553780455478,0.597974193387542,1.43629946336823,0.270177167989965,1.07413036468605,0.206341315252782,1.44327212695218,0.183954096942439,1.11355599013459,0.283973490304718
3.2047554807215,0.548248286326888,2.39152793717497,0.98631261764488,0.218467036648664,0.488392553842159,1,0.191276127952497,0.732868845842646,0.829861106113256,0.251989601434785,0.609563650182367,0.239946952900297,1.087900731501,0.260218386542066,1.04956012752169,0.195026507772797,0.98890394711168,0.228391479342542
2.74438800506769,0.372723918766997,1.28631006935955,0.5147167197184,-0.0779714394526977,0.207782979421506,1,0.0728707498115974,0.626209872993052,0.662559350832037,0.262020003451567,0.58464698262859,0.14519787815309,0.884775250321961,0.173975231264254,0.512039133630367,0.192687424974281,0.595584083294146,0.224769648712416
3.12063438703015,0.476938411038193,2.28323362079882,0.941727210777119,0.0341895169831874,0.360030785061207,1,0.667174787177505,0.540756605817853,0.566442115752911,0.331748838358274,0.616751058121799,0.247162961359946,0.968372786878837,0.175715851522589,0.923374688619493,0.170216823536031,1.15985290962493,0.242920804210434
2.8533227321496,0.328629411212979,1.13290128423632,0.479240484147763,-0.110443800577951,0.349826024839098,1,-7.44865393112491,994.370238148268,2.23898854737017,105.966321421965,0.677644447449526,0.265946079489159,0.213800305165043,0.188361677095319,0.986477032440991,0.152838453429428,0.84473212665553,0.174451068205909
3.14746682208394,0.468172456928217,1.09176999630818,0.477280441794261,-0.23418628777959,0.353132553829001,1,-0.12500224608013,0.488083763029725,1.08974774890865,0.222064241260415,0.898200861290634,0.261200095473647,0.691152322518641,0.174802858338582,0.764593170104968,0.247847340423379,1.07074062012046,0.217159088782255
2.72189539404721,0.346412562854154,0.819298820111614,0.314900529587683,0.201155812066646,0.339453586830862,1,0.520330258823521,0.641867520897558,0.707601738411188,0.290431003968075,0.473114024872159,0.248093687879807,0.675271918705337,0.189520872537567,0.534742975282219,0.194694806195675,0.670301901467416,0.196225586144295
2.67249632646493,0.349034142938677,0.770554933398029,0.257305710633732,-0.128654670636042,0.278844151209571,1,-0.422901951524152,0.498057829844973,0.97537330181473,0.228696740560828,0.833383004890279,0.171068820779545,0.884321151823527,0.193797617788268,0.724246211400495,0.23282823115081,0.874766281086442,0.179487446484235
2.92987804833277,0.404671556743567,0.998776074579482,0.43787522759131,0.772689228728178,0.151167375729495,1,0.0641528633303538,0.671095318059191,1.03323752951047,0.23596559419508,0.823217731756304,0.156383896725508,0.579903160752951,0.202743218943182,0.581067839941331,0.229436491352939,1.03900103286637,0.206210673992459
2.4581215336965,0.307247963666572,0.710320151018761,0.270805011235562,0.197199044695873,0.406388405435396,1,0.0392052824307636,0.384001286762917,0.739847708961665,0.265417047008537,0.880447864945359,0.160422777257564,0.472897881805323,0.232085626399751,0.846679040388216,0.173882979616492,0.169954263599078,0.252144669352483
2.88701141848613,0.42455109879397,0.244635441104824,0.220928366251743,0.859424996374444,0.0735748228662516,1,-0.342697041298345,0.889177543724742,0.632674159768698,0.43693377400512,1.08067735967267,0.194539315068891,0.783237443253415,0.222678861316973,0.637520902026138,0.260268170030299,0.699351178406311,0.226044271383702
2.98696226148849,0.44755411285718,1.22147782805307,0.618288914641718,0.740903549367483,0.215754740264278,1,-0.226589295605051,0.656896629560926,0.962122030247327,0.239317269725295,0.637197252992602,0.251315240069963,0.842263176240703,0.239264243401373,0.848895972993475,0.263877367275261,0.826391257176609,0.224314007743185
3.11902118235041,0.533124548475293,3.06318179040086,1.21011436384169,-0.323338095845096,0.244418159181386,1,-2.44114390493562,3.38877682603102,1.50353591630061,0.730566584990991,0.94494735540831,0.303501715064789,0.878074207043457,0.226253220596348,0.611938390201374,0.239220447264003,1.27116256573695,0.164130779135563
3.29969287192515,0.396987785937161,1.51870445005921,0.563124836457983,0.0438866625787177,0.304239213796986,3,-14.4120708831287,998.274609872266,2.83327449949794,58.7184588645942,0.518769719861532,0.354543500742389,0.851220665954788,0.271325582795856,0.899500563271416,0.17213142385002,0.821284472890546,0.18895106238135
2.36094349219442,0.312858851233183,0.570780216259666,0.190265657133392,-0.00484107743815496,0.324856196251375,1,-1.61065907941102,1.7238327003273,1.15347314263253,0.554898654974649,0.716284712450889,0.187266130217224,0.727312735695591,0.176034800051637,0.657843787816645,0.201242101012791,0.822186780733323,0.239265458998159
2.91750998384164,0.373558542479778,0.769387833646795,0.334639659822748,-0.0221440509630142,0.189846724607034,1,0.167819108681242,0.843135427517934,-0.0509641539693273,0.738358553957163,1.00833313410896,0.255044845411967,0.858831162914629,0.196596713613194,1.03616219167292,0.187615228204146,0.738692898672696,0.196656157382414
2.80110537515592,0.380020658769794,1.40716705162116,0.660494849299576,-0.138100010448849,0.348438388727876,1,0.235474318483959,0.700456821492838,0.643453197127248,0.366792560466662,0.642363902417628,0.22493126241958,0.842601579253105,0.211053485491804,0.951482777810401,0.15101642171848,0.511850564909936,0.251952190586686
3.94090036052854,0.499948510638216,1.83890092018942,0.750038520313502,0.279583492916412,0.499092176337909,1,0.344072114665363,0.539051517510174,0.699629202603634,0.328830262248156,1.02537993039775,0.197333330100172,1.03562486851495,0.204828751937866,0.6531228167163,0.267786056639589,1.27293357360655,0.153383540028555
3.09647401945875,0.484707837843254,1.2705705499,0.637796649580982,0.807016989709027,0.267546141666385,1,-1.1313157796036,1.47789790083162,1.28914125468304,0.410976006678355,0.920617132419546,0.283187348846617,0.955119213583961,0.220386560224912,0.856766176432324,0.206866984196185,0.977175796130735,0.150703700795326
2.34589480921378,0.331817502181148,1.03973594310959,0.480475546944987,0.727778397189783,0.174260517848632,1,0.352798736616253,0.515130703301572,0.603357229916485,0.187931010227039,0.477732343143224,0.216897431776119,0.571383490936117,0.239520298703155,0.47312478222989,0.256165575776598,1.106459215545,0.198032650181829
3.22010463917491,0.544210658591164,1.3219607868704,0.670496914353932,0.398213303099656,0.485067374577704,1,0.969834721229656,0.612019951554483,0.232655509723016,0.341922764524032,0.940609963759168,0.15367066293421,0.277022624683708,0.356934137260687,1.17436394764597,0.253805539564509,0.683234513944748,0.257189138977416
2.78537083052501,0.368770925456512,1.56805754965008,0.581226793450606,0.128783347360451,0.364701146667415,1,0.48379580598727,0.554189404890706,0.52812972525213,0.286170907421154,0.706910979441216,0.254923300318741,0.903458140417611,0.141621299682788,0.784409722547267,0.177134099319543,0.567598964259469,0.244445697114903
2.74141701612926,0.504084463223229,1.23644663072902,0.602744891128748,-0.312429626020186,0.290053036397016,1,-0.252799900298616,0.614130820487848,0.515836142186891,0.346781353520805,0.975262843374539,0.222479175678778,0.18135645866261,0.333053494874628,0.908109802739061,0.255008823032892,0.739980299698511,0.283072455806107
3.73821482191695,0.593970897086162,1.0203566084443,0.526987702539692,0.243421431576278,0.607006038040185,1,0.00103755061095109,1.6101420455923,1.16512626832408,0.519609314669593,0.95671042931154,0.197565992217261,0.785715906247385,0.236084564725302,1.26510453302778,0.229897626419381,1.08120582631849,0.257636441133307
2.54889644261861,0.321447219830156,1.00365912252006,0.386700900474311,0.164554782925855,0.303797582565053,1,0.537226508887635,0.760325366236837,0.412749376506085,0.389475267885724,0.581557644882296,0.265125976468139,0.89777795883918,0.137797364639156,0.91756999613818,0.184707740131188,0.585493893013921,0.254972909130709
2.97250178360443,0.466586910188215,1.05078369055035,0.529165580164204,-0.0912174834645346,0.387598446351982,1,-0.487871717868752,0.552689276881716,0.445250928826717,0.342393244990466,1.11073138158399,0.17501481144616,0.930560909432483,0.258480921859223,0.504723128713514,0.295661021021181,0.553116732039975,0.21798184462593
2.33591861665432,0.373782537047407,1.03104493279387,0.412107140827862,0.0439231391848427,0.315683590765765,1,-0.273743310710764,0.599505813340595,0.825755391316708,0.218046947193354,0.533873224233892,0.26398594411068,0.659176239141303,0.200726981139552,0.794633560150201,0.22346503402291,0.38404643436179,0.252100267470816
2.19635208151674,0.222861089549831,0.296942795412102,0.130957535905696,0.0657481363507618,0.185865394186054,1,0.270550104329426,0.390128203348606,0.18438760203017,0.33077637639424,0.618464218228956,0.186350551894728,0.544398677931245,0.183374392739945,0.437670888258758,0.191424110976194,0.707671071172006,0.151939021224374
2.53161907766349,0.376369054916767,1.18488085735959,0.553609388176593,0.37230949755284,0.237726734873787,1,-0.991849869751658,0.653625361684779,0.94675515031449,0.203356688644465,0.769659545949075,0.185415973125658,0.521130986951046,0.210511833052778,0.863272588260298,0.17900702723694,0.628313192644997,0.282354800229943
2.73380851822426,0.480412495532348,0.843997417598806,0.422510716494586,0.422130178514915,0.412064698840843,1,0.225627784476837,0.719142002789449,1.00300596402976,0.299102711556852,0.261282820898993,0.239084619698016,0.717771188689773,0.260974243597578,0.444545290279628,0.30073837826547,0.957269308585007,0.233404468280609
2.67755559595772,0.396282133239092,1.70315445480971,0.65819026633436,-0.164796650396543,0.211080103820781,1,-0.947381725296293,0.820320248906478,0.840025005269492,0.249865789531222,1.06088194085888,0.149096195538694,0.902761184812336,0.192400460656816,0.548170707689725,0.227232132835996,0.969477781801967,0.212333461267141
2.38562949480945,0.302334464133457,0.414463502143708,0.252271506406799,0.656078902514484,0.322378742101,1,0.467217618483693,0.996801111647783,-0.0027309839782953,0.669018984569854,0.915513139881655,0.229278680247115,0.65769318250522,0.148942132263899,0.34729499043037,0.285934533965701,0.541489851449716,0.193367888988616
2.33394098081263,0.235401663143167,0.433970436562695,0.184763469596455,0.315380457934392,0.329599037894965,1,-0.0516539377582881,1.5177980430468,0.666076122002093,0.77151187209732,0.800683201042884,0.175251647833404,0.43814669126796,0.220897022608747,0.621020451064619,0.178236036935558,0.693914587050103,0.222155344194557
2.39486826271528,0.375077981750959,1.10061587601566,0.473160053837356,-0.154257017342992,0.265045586272363,1,-6.61893447172433,993.096655475113,2.13610365308659,117.298792027955,0.563441215750581,0.189420868788187,0.633100925416443,0.197673688097298,0.480297766525558,0.234260508444714,0.818785253698018,0.26806572085545
2.83747585333079,0.358515267535909,0.470193559695599,0.190222653751543,0.0110753300587726,0.42751806397168,1,1.56731753099275,0.681202240235947,-0.191530636925361,0.434517663102899,0.580810364218672,0.406698398214963,0.704272497457445,0.255424871601387,0.806019664605866,0.208891505470319,0.649295498528505,0.199468510505849
2.80921661589254,0.340059572898241,0.353878007976975,0.16208289552927,0.782365350882002,0.123594302715712,1,0.478239219134921,0.7241435572005,0.251212225505401,0.403686520689504,1.16347400879267,0.219503334643861,0.722459085830671,0.217938917604555,0.468870136692286,0.188530560484536,0.671546245968931,0.185924950170004
3.07294021414378,0.45182524350765,1.43381183362512,0.490612897426907,0.154237034481876,0.366829843960973,1,0.63297713444077,0.453943854998409,0.426092746462498,0.322470047872342,0.94558086607815,0.218164899075514,0.372247622126549,0.243805636158759,0.876055919810936,0.161596258421468,0.987834570864994,0.238532714077968
2.53204047376091,0.3429589412373,1.46354783774685,0.515580096160324,-0.222911919009094,0.17032472982315,1,-0.616023096605553,0.739332470113902,0.630165533862032,0.346656974449298,0.718615184954089,0.176222003076214,0.772255338705092,0.182959125534939,0.817986325689649,0.150268593642625,0.638559135444651,0.192941700019966
2.82890579671871,0.309064733859014,0.369795529415062,0.203948568113859,0.292381372252583,0.249740017729963,1,0.557851816260055,0.704828929252447,0.645851486726051,0.345729976840516,0.839173464133595,0.189612890389645,0.596539464443581,0.227170761409341,0.672116198164234,0.213480307695896,0.0622128151830999,0.246983829390815
2.47772573579844,0.339639880882713,0.944026908080796,0.369125281148305,0.246968800030487,0.316599456801253,1,0.186931417186306,0.403423492289808,0.710491768080064,0.240051450237829,0.67231196855689,0.204568996454911,0.61631994830992,0.223718321325933,0.734649192476051,0.179829377084556,0.644134753591473,0.239314321965479
2.73430654878484,0.423206751413538,0.959248471550618,0.456610873183522,0.116654584326676,0.339230188089427,1,-0.0481028625568725,0.540296939673364,0.923768649528972,0.219371950539024,0.631120214869265,0.213892039723794,0.748562620687615,0.182562700968729,0.651307420320168,0.283049651355287,0.971142189333319,0.226311804107999
3.48603498765401,0.62070891528883,1.21569769596959,0.6446702624653,0.76356623825845,0.228717776932008,1,1.00252249742834,0.693222986727086,0.365482652174953,0.453721098734209,0.818937586066841,0.261770429894092,1.10378207922359,0.169300520918402,0.835933357548618,0.227604960299204,0.65350065809575,0.233048661078477
2.59644096347677,0.307197234014096,0.605030611654973,0.300787780089259,0.773225828630693,0.126904270944025,1,-0.760727233162931,1.85692173165081,0.801791423616855,0.748928806354291,0.76505141338001,0.176866060379357,0.999620599542679,0.20010356971912,0.800635368857995,0.210977657327942,0.818544604869097,0.203465070791424
2.82021876204414,0.42670621657049,0.979243659354236,0.450543633496546,0.314793147261018,0.585368893823916,1,0.132602022487805,0.494125383295217,0.729497653845665,0.218625345838892,0.749058250411494,0.177575523625154,0.649920968789676,0.250116796079767,0.858497906133381,0.215888256826925,0.910192691163363,0.180915845945317
2.28480108179601,0.31074030944693,0.748131384535784,0.30491478270533,0.524558777717649,0.245249241370006,1,0.160292115538215,0.371347887055235,0.515319920403967,0.291905976502107,0.757402622095944,0.19393597314564,0.383561497527714,0.195793756320819,0.877819927549485,0.177320079534191,0.612851278559802,0.202556259697107
2.36812293963937,0.381532841219318,0.76409867845316,0.312398840695942,0.237349997208612,0.382353865278942,1,-0.120693233094934,0.575497778373159,0.532291898266914,0.32867382690104,0.651530874075738,0.199718537937395,0.549056785222222,0.280195876936807,0.444932694594786,0.242542990319411,0.537595851563453,0.268378032777455
4.18138746145142,0.724449632171459,3.36206146580124,1.70935856860531,-0.310224079664291,0.387655399457903,1,0.500601277856968,0.482680525354415,0.964890286517181,0.303751899003545,1.16158126500488,0.273677485329368,1.11691449150086,0.209052039476825,0.890458696970028,0.202318326871725,1.20696216014995,0.227824758776809
2.5498548371495,0.321496364354009,0.721445698097545,0.335016141403625,0.63277510302326,0.324641062303757,1,0.0580264830523601,0.615299076380936,0.524414279319,0.245768711507907,0.793863220321959,0.19807362334329,0.581724050281666,0.236271095856001,0.343834292071964,0.144751057212861,0.845094339031534,0.149531635541082
2.93315231696045,0.500811311729667,1.16564809857893,0.64023243892773,0.3459935899844,0.582968466004257,1,-0.559725245245576,1.71639850190286,0.76101765703321,0.768723170633279,0.873875257308332,0.186444323356139,1.04887272003618,0.247446555020773,0.481890080015924,0.230457718428782,1.06087264070028,0.305752888636298
2.51113514042813,0.288136190798895,0.755135112919612,0.331701275332745,0.242714323706859,0.307994642007864,1,-0.215997525143141,0.384637856450126,0.668451965727681,0.232158147658848,0.703834967085594,0.156195640296888,0.761035613560759,0.159633889010296,0.645401724630411,0.187644373184988,0.825123401765165,0.205424326271292
2.24648806608073,0.319505141954789,0.811837615707584,0.322586723132478,0.0972947050074704,0.282340165225922,1,-0.350397018787458,1.04982406792674,-0.622430544092305,1.11564526816422,0.89036064878314,0.341145414987471,0.690422614283678,0.178744489234777,0.248058076854509,0.242996590804651,0.728756586487399,0.200517723430845
3.07289622501068,0.505423840618621,0.462954323795513,0.316066696424778,0.768738924466172,0.138689708612835,1,0.777346214306605,0.700081991753325,0.8198158307584,0.190468344262701,0.87003776819633,0.208362502555736,0.735589337138053,0.229445987170382,0.571436972607456,0.228489776316117,0.576002407879294,0.277529624499535
2.8463111022564,0.359731987050972,1.17810056088458,0.509272786857772,0.00453629033821749,0.257061164365182,1,0.678638091215653,1.07726356187732,0.891243404482777,0.402893164196233,0.349375023710959,0.247700105677497,0.714343705937693,0.199266600462939,1.15728738229307,0.181025209984214,0.681722203355506,0.283442086774462
2.24654429763469,0.245266025846999,0.44546808368103,0.169849553483349,0.711504339826084,0.136951280217738,1,1.11486726518858,0.541886657466851,0.562967926348646,0.25569147856936,0.580830737121518,0.194171391277657,0.661648590286505,0.17698568631276,0.700140115911142,0.124394608844602,0.529969698143996,0.289817081569991
2.5195829465142,0.489288448403989,0.718728532302671,0.361032294438993,-0.136448491991919,0.353052140580654,1,-0.170221005777849,1.01453157393136,0.815453854848172,0.345038883976482,0.721950010930516,0.238211253209743,0.285252890584373,0.273659383722188,0.393974398251022,0.297995215500888,0.676507294579551,0.280005875374087
3.09319728501718,0.52951769439743,0.830523571647102,0.440096013291584,0.538824636775536,0.489300062879278,1,-0.548212195647402,0.99826896150993,0.651495905797549,0.576934494861042,0.717677635655551,0.24755576865473,0.657542738600121,0.184632889752842,0.785448252851547,0.256287977651072,0.796736118878471,0.218928581006907
3.58516165158582,0.532631566441705,1.69453954053738,0.642072380261417,0.866818933982826,0.0586440667691723,1,0.955657889192755,0.551988453420875,0.868463305162069,0.207914960244968,1.01069979286844,0.262457996911789,0.553009375193814,0.272001479557525,1.19523056419696,0.178511712382266,0.926396484971627,0.202629109980419
2.76696525515621,0.39420944133601,1.10922559200091,0.449835914150868,-0.205041718391902,0.393526352891488,3,-17.3251504920675,998.586057081252,2.93305272150675,53.1590240837583,0.816100956344127,0.218220922478422,0.795651236752429,0.179690523068438,0.459782812338915,0.260756828259527,0.83321802095434,0.209752594229626
3.04117981269921,0.474738971355897,1.03489454380392,0.471305672640595,-0.102268021709824,0.309040554653479,1,-10.856818341467,996.973840863242,2.55137863845645,77.7381372703178,0.780748618148026,0.261484356614797,0.619545572272885,0.263566324265552,0.836320211155576,0.207327504710109,0.360654828858554,0.270502844721875
2.60321306628629,0.40594580852285,1.02414543598388,0.382613645721971,0.259661767827407,0.475502730437909,1,0.174252878958274,0.490119127950317,0.0400356553603768,0.614165940079206,0.742331991908965,0.32386966421052,0.74134624047047,0.198688668064403,0.638833488653357,0.191964650948499,0.724998148540045,0.212943903446307
2.30669886192418,0.309334759423277,0.71365843176186,0.435839166945857,0.819085674273988,0.101406185014263,1,-0.495809198919697,0.717415201134779,0.743438862452892,0.292018969034341,0.589024824801344,0.218300631701627,0.218087636103596,0.242098157261433,0.811770257584378,0.163041814364619,0.857122840253647,0.214200135054683
2.16385485833359,0.314631461572755,0.200764457978226,0.197897218134913,0.828864054482283,0.0752644947784195,1,-0.797155807448163,0.867185890858,0.72525590338305,0.275378155490966,0.685235224096006,0.172632750351566,0.834890340726814,0.165672335117203,0.102416531524494,0.258872209233763,0.118139350922436,0.272188145315478
3.68318834216221,0.560927167195584,2.40798047787179,1.04440234733928,-0.422988804302965,0.151590573840549,1,1.17016862973641,0.840183268580009,-0.00795968162969891,0.475943405046506,0.91496543393837,0.311569422676399,0.765057362885549,0.203243240645476,1.14960545582044,0.161536758959823,1.09815261942625,0.173334730409734
2.83991124856388,0.367162601578368,0.962072207979358,0.435862521487629,0.0813091774790873,0.373757510052109,1,0.0548374068906749,0.456778168255722,0.852568480638378,0.262248599064793,0.623304896391412,0.267682769911281,0.870294764114828,0.166574962544145,0.500088931657943,0.305070048083109,1.01439222645602,0.196829103225882
3.20306330379122,0.371466035315818,1.54524678436704,0.550527890120106,0.0421053667133262,0.389806695306436,1,-0.776484181496328,0.511783620931844,1.11536280932368,0.219384080180588,0.610923276028772,0.217905122868541,1.00780979387159,0.165043326902987,0.790251703552634,0.16850912466651,1.07256201417513,0.134414809315129
2.76001141036413,0.399086367011114,0.730360014139594,0.31960827245484,0.304740420931968,0.362975646956705,3,-10.554188267013,997.008256545387,2.55712503974704,77.2953766573544,0.479952256316417,0.251499041457902,0.452893044427906,0.228737548254244,0.329240831169111,0.2575444551744,0.91654605307572,0.182457594074812
2.56731949694079,0.443755286645184,0.667706490596329,0.305425605615204,-0.0861700121436893,0.393343428920682,1,-6.06614130661951,991.243232841585,2.01579008087058,132.048611272207,0.777446567281619,0.264546596992577,0.734680829170884,0.245793349628833,0.385783879833177,0.266624212842777,0.769295912596448,0.182518989867778
2.56901673531049,0.321227383436927,0.639262155075607,0.256530386099597,-0.150529379567004,0.23514176502833,1,-0.367341609152401,0.393484733082827,0.475376628269354,0.267125017669832,0.716318178725243,0.21086428245388,0.75644977970425,0.175431732298834,0.00380509323315855,0.317201861204931,0.897457024402323,0.150256208528451
3.28396873881957,0.460145693393007,1.12408440259563,0.534679258998663,0.632374017373036,0.324411991541678,1,0.00380726946780621,0.764716672165942,0.946183502385014,0.265964188031088,0.67528804726259,0.214109049894984,0.785031955746808,0.193908315044454,1.02724848544424,0.219625256743913,0.642105857443318,0.245419636562882
2.55077539550317,0.400419009217198,0.704310436745534,0.412653736341507,0.814915399297444,0.172152818707339,1,-1.3823311647037,0.922105080536148,1.03931804482354,0.224046288883801,1.07022648427367,0.228276908278729,0.399497454407644,0.227886182520697,0.272035966353847,0.21917749037607,0.781268929799046,0.242176334573272
2.84676676720989,0.353966751280673,1.22102148089908,0.433223675435896,-0.0899847499661607,0.256035746237361,1,0.763268061246623,0.423597487600413,0.412622153472041,0.274334350406501,0.703305873900753,0.214732982549806,0.877228433246796,0.170678873951456,0.847402926261622,0.241323362633429,0.815937107015039,0.211598705152777
2.8027808729403,0.354011985679601,0.927220746317158,0.355716377514318,0.0929797350461105,0.273174890075649,1,0.939525217821187,0.411074567247774,0.342255803349286,0.235259981737643,0.735145742416585,0.188191024187373,0.804381953619569,0.165218740699882,0.77867691755496,0.167641762810932,0.665879259410012,0.228194990467953
2.79625574493295,0.410652835403908,1.52096178647169,0.540263109238051,0.106854475555708,0.436047458066156,1,-0.0287977660404426,0.771751113920311,0.650971865139112,0.335664855280997,0.721956795363602,0.205687491650715,0.698007910574264,0.218400249295457,0.820205378239553,0.17371214709492,0.673761380298579,0.249349706850484
3.2970960166116,0.586862215231374,1.05124622846359,0.501813537409473,-0.0933703957274393,0.425317125833703,1,0.293589234211884,0.619689783732312,0.783675027726114,0.342426158709943,0.990362834557916,0.247347275513848,0.843230018516704,0.238258053586667,0.986012916643442,0.184225029708942,0.458756866766821,0.303329393059969
2.89561025492064,0.450737813864104,1.26130007615698,0.525435119873113,0.325385765179374,0.489998844756267,1,-0.379282710241671,0.60688548234345,0.870749679037527,0.237522332159807,0.499280665962472,0.25918469174089,0.564287612068002,0.251068917035331,0.925148502998483,0.18425653686729,0.764448402168647,0.210966606670914
3.00289158776484,0.447345768845138,1.5898116448404,0.620135236707309,0.307340358638549,0.507596295540849,1,-0.137796478827085,0.920689442754943,0.755782485393761,0.348190230612328,0.940973610621992,0.232858594432142,0.366918468835373,0.258535204111065,0.734823301534924,0.216535621212789,0.551358699694855,0.213850619412571
2.20081324879733,0.286130515525869,0.497239045498542,0.216734472989032,0.445575462074318,0.348265415989278,1,-0.993544327729204,1.15746286166149,1.05997758148902,0.429084620825017,0.40627064983009,0.218934614998492,0.429677991169643,0.233757587967853,0.799481617972654,0.156423424179676,0.293612959707457,0.191693548437388
3.32333455652978,0.492671431601715,1.92974740416697,0.770125066689942,0.386851716853387,0.49257354112447,1,0.247857957992038,0.769561877996682,0.870113331396632,0.247067888096158,0.96260153732196,0.183288812957744,0.723698989787543,0.211377536789502,0.983206317303442,0.224032731095137,0.897905956143175,0.246325458545515
2.97449227163224,0.37640162804423,0.857781130202084,0.288622507922417,-0.119717163970458,0.242493756194418,1,-0.99184483233831,1.23807245992582,1.26312976092204,0.384729248735294,0.616572416538643,0.225694480387994,0.699260566907825,0.222883172714387,0.89373607512096,0.19095840557677,0.88446819959532,0.197430706946682
2.4106893434921,0.317066765686124,1.08160276981944,0.396425509990137,0.420538682900566,0.189004179452222,1,-0.113065807351606,0.398649632817588,0.854833034298993,0.160587472728704,0.672512604657269,0.159015028200962,0.391895191775355,0.265421148151936,0.571059429098245,0.19070389509751,0.679234948028644,0.213214829695229
2.8276154001599,0.350978043222859,0.914730351759474,0.364261122883371,0.196245070349653,0.5336390350946,1,0.106191193330134,0.72186461773876,1.11051367052904,0.200061138560645,0.729666608475893,0.220980063833674,0.659879067156594,0.219716502297996,0.77376742601592,0.213182609647388,0.740574319461747,0.220288622905801
2.42385629382093,0.363551700828091,0.903122084934822,0.485820953560109,0.151061503650733,0.41351871747132,1,-0.066208378458981,0.679267909714174,0.299329823091908,0.343345245982128,0.863622604586256,0.139384553302504,0.46551314987038,0.242234387018829,0.696027190194282,0.258494096635226,0.614045356677532,0.277521353516605
3.2028718556879,0.423635213410719,1.36393333690001,0.459274752721678,-0.0898215402143735,0.2931143900735,1,0.6826660845201,0.537562287694245,0.701968872833957,0.196269064710331,0.827073464215758,0.200973971355537,0.81664134181413,0.207248266395012,0.944928182423862,0.188804627489719,1.06792632184973,0.252341182475646
2.8851355233811,0.399253640630891,1.1029776789568,0.378002866737717,0.154402379543094,0.322521927233776,1,0.534331080023826,0.522438861248555,0.934992889747655,0.261605204675317,0.570469112888834,0.204322832805828,0.754166807438012,0.171172917197896,0.623152364553185,0.203434101226064,0.837786997095128,0.20728784623053
3.14818933268992,0.485984749898033,0.732041776610926,0.445783369355498,0.820354361076222,0.177822105128343,1,-1.46997505751799,1.39525682170086,1.35926021838838,0.339436960376518,1.09392802982984,0.167397619378796,0.721106110906751,0.205563748321899,1.03457495293977,0.168356975146795,0.211469768853518,0.324046508061647
2.55503462266927,0.392604985830451,1.4546521327579,0.646742338265412,0.783641245278134,0.155019850563547,1,-0.235264752886684,0.529337301722391,0.845479781022466,0.200006416138451,0.755486225326933,0.22555904476431,0.671810473786531,0.258249256902171,0.854654819922482,0.155058247378954,0.776772066523444,0.197357951616301
2.34660547685419,0.349854677977841,0.90428663639579,0.455869572286042,-0.0273491247494618,0.259685383811383,1,-0.251473113470412,0.570947122911626,0.407146544108189,0.330668928066771,0.974108882237003,0.158150070228083,0.796177570468972,0.156696492568707,0.38701701838364,0.293741939563756,0.966289800429267,0.254567252464859
2.70872274004034,0.416574753287837,1.36571297995665,0.50918640423154,0.0593750727800189,0.365544078805296,1,0.546326048690826,1.19175082408627,0.755624039048357,0.485050191815818,0.733917154395114,0.220127146304457,0.546022956229742,0.268356061144766,0.789908106540269,0.201397661565809,0.677549741861471,0.229424442733193
3.3178057212236,0.623638810148898,1.82867847870307,0.884582828266326,-0.0558824222321908,0.478034260902989,1,-0.017972015646208,0.595285109204528,0.919605194798599,0.242293762863357,0.599440902010624,0.284283928508723,0.938944077973983,0.186428634570742,0.718003666426012,0.230576705304026,0.806412111630147,0.326501483465713
2.54489109814862,0.321326235531866,0.687478330025109,0.289097018593612,0.350929140765829,0.36461224906101,1,0.539634996944159,0.326314165975092,0.588488242870293,0.200051061747025,0.510817185662631,0.255586989772074,0.397635736702029,0.260591041518734,0.70613710157426,0.199154710219956,0.771281337811228,0.187692918377816
2.34017963571318,0.293741985446266,0.890856379710114,0.361614338119404,0.497333463692896,0.32087266596854,1,-0.183614767961454,0.514910894292049,0.608920487403496,0.239169851839145,0.827713089376517,0.188843621538703,0.678283857641958,0.213490863181305,0.565841926752589,0.225575954539137,0.589153687552818,0.204802072108556
2.92853621338246,0.382346975383086,1.07383013569975,0.471112856968619,0.695560419318088,0.250554091348341,1,-0.0483684047116863,0.933793048739182,0.468169965691784,0.510812351239688,0.883353472207581,0.198962529839961,0.55246691045601,0.187605451289147,0.359355746344865,0.208773359899679,1.0625522466007,0.216985150548922
3.33122785161425,0.613753564482696,1.32384104154472,0.649543470805818,0.274446279655857,0.716511025000436,1,0.460362178959014,0.66810349907611,1.06823359683222,0.306192987130533,0.317334081634252,0.366078320769918,0.669076405464047,0.224880419538939,0.776519983367263,0.236902911470559,0.957940802785704,0.238294311649847
4.22808575297456,0.839075164615915,0.947247391427492,0.642657386459012,0.726018631393664,0.254313473086607,1,0.768643760996007,1.51452038065034,0.998686421321059,0.582966214169775,1.11360936785238,0.249390793243986,0.90102292868961,0.239428720125225,0.994937140872899,0.296543436297768,0.54238723430121,0.363225916781621
2.58422826114976,0.423857673345246,1.41841696761126,0.594885636537836,0.182381960729567,0.478095975243299,1,0.0959726022071627,0.693389973718366,1.02880081473897,0.233398653010541,0.407276189690008,0.336512796269528,0.631850768457847,0.281347128430512,0.887286176489589,0.230319023111144,0.561354215251119,0.253844291788708
3.68546620545133,0.648941589219426,1.90069223146828,0.994704738238047,0.886930696979535,0.0803949582000325,1,-0.755614755059711,1.87744185518263,1.21851290510479,0.492343897670208,1.0123236092403,0.165660892756024,0.813987326582905,0.216456748983417,0.956626753609628,0.302696115170692,1.13791917763269,0.25060768238843
3.26268026714051,0.481469475619423,1.15574392285781,0.51240699376619,0.0497842472060621,0.453606196885775,1,-0.333394877991111,0.777983711714144,1.19599260280544,0.289685891279267,0.632530747725124,0.36103209401236,0.67631839969221,0.218848304952782,1.31258382083987,0.204707063544891,0.849546316002108,0.258867391973516
2.38847013537039,0.328331707229662,0.482856959620319,0.21331787967114,0.464654126205199,0.501502531346893,1,0.471682350968215,0.615351910858593,0.467275929314431,0.389995496460725,0.238319125864153,0.255140802281473,0.4136335502549,0.227975831338656,0.416129088010258,0.249600398822641,0.577129851347212,0.220838048511877
2.59751961906873,0.334019846888932,0.677520432351419,0.264129893850909,0.322546933094249,0.277587422799324,1,-0.247628950888372,0.661330882242596,0.489859180588796,0.242073063765816,0.855159021478379,0.22449502920218,0.193674540339512,0.324619514209945,0.899538052125695,0.181697576999314,0.431074743312069,0.24908314101046
2.96190808460505,0.44629928239043,1.76135884346405,0.842823174216148,0.416943006133688,0.229891900602272,1,-0.192427690294527,0.49900721380957,0.876777402467583,0.170005169692633,0.59938192700247,0.301022286069044,1.04267903165767,0.155803733454,0.830541816585072,0.228845428583471,0.161154839681911,0.368654598593106
2.59367389068834,0.362574772778166,0.993396554042836,0.388707342844083,0.360445791098479,0.544248343656356,1,-1.14727732066579,1.92761322339856,1.08537019481424,0.652843755287332,0.56691940273935,0.234209912142118,0.856062609424498,0.199704707059572,0.57214476556772,0.169232483222337,0.752664746865906,0.198076283127388
3.28674259373694,0.55559884615986,1.06042800829295,0.553070533628435,0.182497841443372,0.518417427005469,1,1.20687675080724,0.670114990632526,0.239495347968568,0.418346707416767,0.560437827597076,0.313193514143279,0.711870871194799,0.254773134266594,0.756656152185204,0.248240868956698,0.925816902458265,0.221808121424452
3.26770967652461,0.357635118195721,1.15556182245503,0.363761405134013,-0.227872015128672,0.217593904630767,1,-1.02377638158862,0.862705890248328,0.968149985460621,0.356505639454316,1.14250290768721,0.189121412192629,0.670179581474408,0.278018364667127,0.683985904392448,0.202014295869788,0.945238224063892,0.18953348040801
3.33388615239697,0.503830496123502,1.20590551185657,0.453899501747795,-0.00206222176480639,0.448462032938299,1,-0.587603912838348,0.733973119289899,1.33499121612634,0.310003004888912,0.673450771148736,0.224088900452058,0.900884379212974,0.23285642217559,0.571571450139909,0.250628563163777,0.686460306208897,0.233217412074633
2.80622887968717,0.420578684658332,1.20926022417341,0.490236959208492,0.252089215854725,0.59966837374559,3,-11.3355635520381,997.323022862981,2.61294763708452,73.1218712879909,0.475141142395423,0.272989465388629,0.871373806259591,0.194885503473285,1.06415810812421,0.200998388411214,0.321256012868424,0.278513591821643
3.81162918442293,0.698044287941044,2.18171739232857,1.05520400117543,0.0751704855653604,0.41025195456683,1,-1.46223654755646,0.824391203137047,1.42716074577857,0.274237908384084,0.816950961929204,0.349137107321753,0.86754220786591,0.208769661479654,0.90391891586917,0.203608452977776,1.45646512385773,0.20022279929314
2.9937255486051,0.434380791925746,1.15002286023734,0.573603237784576,0.0243541642255905,0.291989314425871,1,-4.84266925001676,989.384789438443,1.91814937445286,145.319424605522,0.998649223001047,0.250363595158048,0.861623768994924,0.210216884484962,1.11167303669841,0.187064250144124,0.841192593954136,0.239783148896601
3.08732970453155,0.389676064138147,1.18728774959081,0.603405293387885,0.706602449451584,0.298604594834788,1,-0.992046926313304,1.10747497326669,1.34961612441918,0.245944557830292,0.660787224134804,0.266699166645901,0.868332325729443,0.214555885442728,0.304754938085774,0.282083132663419,0.651955664832204,0.18077764827338
2.63227606536836,0.357909215706631,1.09492261120505,0.506290573268352,0.697395380836569,0.262481724114438,1,-0.67428291899203,0.843468945014598,1.10128813456822,0.220599323269257,0.708554213749036,0.205247732200227,0.479885461926215,0.184506601951279,0.707265194723092,0.176930665447147,0.795737722354619,0.173121206103678
2.32760227496179,0.297840596960515,0.795183131878442,0.351675972196298,0.713558524417027,0.145650654057695,1,-0.512121724200557,0.538865935423858,0.681337740285073,0.23089335208232,0.720150790058367,0.239149989037651,0.619985041724991,0.249779857937251,0.607295921011756,0.137989613233035,0.547348045341778,0.195886140124133
2.36661563835504,0.357736801617426,0.963798987815016,0.35445037714746,0.666220525792664,0.265904023451858,1,-0.499007283191625,0.848258162836072,0.827602032218607,0.327108502697328,0.961402083696399,0.219456668036082,0.712627125731439,0.178106884620109,0.582720303532619,0.206339638915268,0.58540522974912,0.217660183593473
2.54268856699813,0.412838179057184,0.813596765732184,0.353772653898819,0.177148077384387,0.43617263254684,1,-0.123874907277442,0.474204217242168,0.689747401687712,0.225611182441687,0.712196777957631,0.171753755181628,0.643498057039339,0.247806103190643,0.460155540813409,0.289043382150614,0.675216400758385,0.272897393926527
2.55226943389336,0.346621442551325,0.66152475576203,0.297785933322699,0.334672746814269,0.483259991182478,1,-0.0607879915475695,0.437422213847493,0.958807117943041,0.18370321702176,0.75225180881887,0.234429138918859,0.345626144945936,0.22893156132344,0.402223108290462,0.247334666585773,1.0073577933716,0.15080042973589
2.47358252580703,0.48762787403569,1.08620632802906,0.589383096266633,0.240701737752737,0.406402580747385,1,0.0728691889312205,0.747756942552199,0.795166294439583,0.320781377166484,0.243751251831891,0.380163389105536,0.98381180868237,0.262876504372443,0.494758892943502,0.220055238575747,0.847770416634507,0.259902431326695
2.87769275524411,0.477064934823689,0.790648548432309,0.364737427341227,0.0693883191910071,0.430020184955452,1,-4.74412173499157,986.366043079472,1.7907131310219,164.566468059515,0.8404384448121,0.218712932620649,1.06726114177131,0.240520969676685,0.528446245922685,0.25296641538312,0.624429261106198,0.276639060130384
2.15821273352799,0.344984099064096,1.10243256460201,0.487952438338611,0.777172562588346,0.138646966369359,1,-0.643729344092582,0.636112552067843,0.789675764003682,0.19265097584968,0.609370656115577,0.18748640380743,0.175150944536251,0.279797031100807,0.486432040077913,0.222775793948322,0.810318842303245,0.188286225206299
3.22042362700156,0.440876387035266,1.06782051241018,0.449416400282744,0.0204062812308654,0.324942814347282,1,0.942904413101304,0.917100397170297,0.698531507017336,0.285175157206923,0.574114135991432,0.321160982526904,0.800168675013343,0.196267834783076,0.807556239902438,0.278632180844941,0.702416872277397,0.29297465783328
3.22994097840841,0.499916396441527,1.67175977104198,0.612871702882497,-0.290906332082037,0.244652137053056,1,0.0817838931801996,0.529268793054984,1.14594034859859,0.263289891044767,0.714486850079281,0.169305836374174,0.687502774998949,0.262748122482386,0.782800746296136,0.197038049765554,0.455595284066355,0.287158161527071
2.53038008991658,0.397862063228646,1.07963290547094,0.564835523760894,0.144256448059462,0.28326708978756,1,-0.683545661472294,0.90865382514354,0.410471751747869,0.459270738057984,0.827360743170597,0.150293592616482,0.882756416483275,0.180409596558503,0.438770097603525,0.292842266328557,0.674955111616424,0.23828430559874
2.6242593160496,0.412082842785784,0.342757754856175,0.182235060864718,0.195047588660777,0.396528505112878,1,-1.58599872071254,4.40119768308208,1.27301483996426,1.25085255892354,0.79548910424112,0.188247320119241,0.745667359277612,0.215506073533364,0.549725906982069,0.230624376713633,0.499747882278257,0.235200999973295
3.41980903242774,0.647311926125064,1.34720156966816,0.746214962027211,0.251808767752137,0.505836453537745,1,0.80626638528794,0.537419890685442,0.645695935765305,0.31608713730836,0.626759520392797,0.247231876963735,1.0898026406126,0.212597655817663,0.74079443794662,0.2203846508017,0.924397615463933,0.236852502888793
3.04065003575389,0.458248460813886,1.65940187725155,0.668667540712455,0.0918489016802491,0.406850634239565,1,-0.507814313049403,2.06898965627737,1.01385326038783,0.699921518834272,1.05152185365113,0.178079497524717,0.756230164879466,0.161733677325666,0.800024357285449,0.170373160410903,0.483483648649392,0.31719495539917
2.33891689926103,0.32590484038735,1.095839778852,0.551267647671699,0.170196895543378,0.464447269396757,1,-0.146434772043221,0.52136225600423,0.279790145660099,0.384451649511606,0.699478621456039,0.207047352344341,0.894582085177859,0.160220935030962,0.569605333840738,0.214230100878048,0.597560748186827,0.223515925200869
3.63603413922932,0.566526438858494,2.37971363992271,1.27864880847349,0.471501309476209,0.533829765184368,1,0.0405953913601432,0.826319172990838,0.741059566509427,0.35716985332612,1.09343766279929,0.195174980914923,0.767736447968406,0.195589206653722,0.786047044420209,0.228606972607384,0.802385367815205,0.323510946412074
2.757308158039,0.424832906108012,0.751237825367747,0.39289773172601,0.308867210783471,0.650122376881462,1,0.0373505608093436,0.803100195962109,0.80413694228231,0.315351717498484,0.645433793196619,0.276469796903374,0.656911815300946,0.220758824365198,0.514516882732685,0.246509824800765,0.99857045659524,0.207095522186757
2.67409844280083,0.478680464109144,0.567575802710756,0.409433620029801,0.823635945891505,0.138626733515945,1,-0.500647874741571,1.58044892670025,0.945518529694491,0.516963429059413,0.698900433572557,0.271321286737472,0.499926238928175,0.278278584515937,0.425998072683706,0.224912009244087,0.866855418793668,0.228855340072353
2.91352125941707,0.303390849481874,0.70915833457968,0.254182907840238,-0.462538432636169,0.202581734540428,1,-0.015875428767867,0.520828779474815,1.00970664311458,0.29876739089231,0.688883686443228,0.262604767499806,1.0563336177023,0.154862755511663,0.808434228729376,0.162090280976341,0.578543181108526,0.279436494836135
2.44442898362274,0.33124188218549,0.496948238058224,0.269011930325523,0.444090278700482,0.475094546748255,1,0.294404368066751,0.861857398555231,0.318209191816907,0.511610328924533,0.923039460848273,0.143922233454315,0.504938898352132,0.198646980381482,0.845904159085224,0.201438635153772,0.257222665443913,0.314710545056448
2.65872224753518,0.303249932216485,0.824683123107743,0.338837784705535,0.39460409928195,0.436048341027992,1,-0.435078650603713,0.692777986281035,0.724683002076155,0.370633225663234,0.863738475397165,0.197845119570085,0.602102443575941,0.187061567316391,0.762695703967693,0.200279529325551,0.121684404087051,0.272955791182772
2.59590271033898,0.30231316951651,0.765479361644474,0.253184377485046,0.529151842046573,0.336339840164564,1,0.203371149421223,0.561666346591454,0.797601203966811,0.246815353909769,0.749883369604749,0.171949455438914,0.605325829977245,0.177926622912218,0.654379091164387,0.21086947480286,0.800387158343446,0.222465250607731
2.51637687518113,0.411073245227483,1.3763645451093,0.597413504734777,-0.0953144251105103,0.195442930923211,1,-0.411233902372854,0.610081737568578,0.599430893963405,0.240314897955205,0.789329835834186,0.169134771946757,0.757991431486704,0.186830638300903,0.745608266443099,0.230600852848562,0.575277274131773,0.281800257215723
2.54219311979985,0.361719884756499,1.06329733595221,0.401645594847899,0.129324683436298,0.352361941666089,1,-0.523991267387057,0.899474622145083,0.564011238928768,0.419062568533277,0.957234853746734,0.186117184667629,0.736546968579915,0.21506109920765,0.265057686560096,0.211150147667049,0.702657762916534,0.246411369720383
2.49913681762863,0.406735878542504,0.475622359556912,0.33835457428495,0.859382903464165,0.0899515086472225,1,0.972954030755708,0.768774515780097,0.465357056343431,0.316593753482151,0.499205782373383,0.293353374233788,0.78039934739093,0.187208820978763,-0.0272013538199553,0.300818387417166,0.80422258322266,0.21645820468561
2.63369605729578,0.343500539995146,0.400602689944496,0.188061592366817,0.15032515126449,0.310193604270851,1,0.0484583973871057,1.09725914463147,0.694649682557024,0.543841735571792,0.208237529863952,0.239082782446612,0.758975606146694,0.190937067780174,0.623392236802334,0.194255452155311,0.639652451066955,0.253146501345912
2.75373912102497,0.323290681887323,0.797175074153381,0.323407221746919,0.145551682779832,0.359953315951979,1,0.954162113399236,0.377632260467974,0.465206600266411,0.230147458341267,0.411530719310682,0.25513511422429,0.457170528613183,0.2345927948945,0.669504956104598,0.223286148192058,0.766310297153402,0.227507574533526
2.98976583959117,0.571572718836061,1.52459382423324,0.777743439218437,-0.0294212089983537,0.313375044348851,1,1.10411803342264,0.728218125226573,0.408181122254381,0.291407759604893,0.687025832095405,0.233534701164624,0.922768592241351,0.272088809544284,0.650429190049272,0.325456403299695,0.752764009141752,0.273835392796046
2.32202513401562,0.280835426941333,0.20888189724052,0.181603169636872,0.833294219342716,0.0475684714968505,1,0.0728022292819259,0.525491987157905,0.605652228558791,0.224017596877408,0.662385708921648,0.167607173477536,0.795143557894493,0.165013984756926,0.39578263984406,0.225307090007269,0.520496728623058,0.256517072913205
2.26279882121446,0.347122977546721,0.65485551771291,0.326613393056378,0.0341816528189282,0.477008785030164,1,-8.20437311434488,994.640763596846,2.26385901939043,103.391498057293,0.732586084612849,0.264013034833029,0.418093057503431,0.207750087179596,0.62978117644539,0.177555216438143,0.311266300272466,0.264887483817605
3.14934053171396,0.430926810168524,2.36894033618943,0.83490731014245,-0.167917603479354,0.337792521491682,1,0.123519554753486,0.607413154281392,0.845437859392485,0.224430995611107,1.01135413183534,0.194551782173414,0.911688929133857,0.189028679064511,0.884568791747787,0.253662728850708,0.766877492730362,0.213259204090779
3.15551601564343,0.48014284938544,1.0450799201613,0.417133117331442,0.282958823912793,0.505671518436739,1,-0.434128673401659,3.7385222201593,0.641297784780378,1.76813787412753,1.20952217833221,0.249674213944191,0.466503784925033,0.258678714092549,0.95885929651433,0.184563447543153,0.613007089920722,0.244633081849902
3.42201155872693,0.489422936789569,1.58394479259618,0.767044666835187,-0.00954455310078754,0.48598305977313,1,0.341680060048624,0.748257339165895,0.47023753573913,0.470061485139984,0.80315754172312,0.263531396153405,0.855361059375603,0.239428459932735,0.679202851778199,0.265530205591376,0.94972843917835,0.19989080556598
2.639312719637,0.379405919927276,1.27312863807912,0.513411417487046,0.123070614236814,0.447400878658645,1,0.583569500107343,0.876615847566902,0.686681114865193,0.372231255640823,0.800369858355795,0.25477970588749,0.547133617403513,0.284166285103812,0.782446146455757,0.173335191776733,0.828191588081916,0.210188536557605
3.86869464698554,0.51696511999622,2.91357108545401,1.01138948036318,-0.236523497918893,0.243102768534778,3,-29.1346882106075,999.473837143013,3.42798164416172,32.4353135096163,1.21359363269659,0.204995343105681,1.08781894003305,0.177273370474051,1.09285797466192,0.145121912868451,1.354229264123,0.181469911046467
2.53468287276276,0.425139518355752,0.757181746049539,0.42483291161498,0.825932628432559,0.11426951923296,1,-0.193010810720653,0.721210417143104,0.830068930285218,0.278324735518969,0.0890600713215929,0.44032678253435,0.829607464286155,0.223834031998908,0.636399281414803,0.215430519113192,0.784836373201094,0.2323773156792
2.87951097136498,0.385887968467385,0.64287303903759,0.334804471775025,0.514421523410115,0.603619530210619,1,1.41241029832084,0.727033888115881,0.415726708499637,0.379575503669178,0.733073455607759,0.152457223240625,0.936775862961156,0.213905687524846,0.769587754221111,0.196768495180244,0.895162314840327,0.239377832393453
2.37182887331331,0.399852474743462,0.578878454351316,0.292335034765607,0.462981821643934,0.469528245490586,1,-0.0110980546090009,0.411855852597702,0.854366689562394,0.23638773461055,-0.0363573524782383,0.337797924610722,0.656895920387369,0.264932606839911,0.70519060857247,0.223445306695135,0.443464839756225,0.247858237267637
3.03219071786783,0.416150924146992,0.830857868398893,0.394636173295141,0.461796542403374,0.463562343047956,1,0.847901932364776,0.560655508041168,0.503297228179291,0.32351511678681,1.17238803822637,0.12799229729218,0.0499585301870712,0.427797669521702,0.659638326219533,0.271460570199315,0.637791798826026,0.253824848864116
3.62804794958034,0.664540307714594,2.03784716753098,0.996622244095592,0.78776490459776,0.240790490666652,1,0.34558784451405,0.619895627372707,1.16196833838113,0.300093630603661,0.543207754641189,0.292288783197148,1.30492545789758,0.195397192594976,0.605295888238968,0.25448893377342,1.14410754237151,0.280568999491377
2.34795655565214,0.3567650854404,0.723487387735799,0.268907542306408,0.0224082715074107,0.533024792412214,1,-1.41580698521618,0.817017375254676,0.992593233662894,0.194482925234008,0.981090559827174,0.212798488633979,0.293526808011347,0.262247543455513,0.629702739857756,0.268845430939792,0.205970926024354,0.258000655653516
2.96362721701275,0.396932171955395,1.01052510657959,0.387640282298385,-0.127944233257822,0.279219101775607,1,-0.515571974613771,1.81996839184403,1.21882070373096,0.544796648593273,0.8528732982979,0.223901224862445,0.611398162266898,0.181607407672809,0.798163918917612,0.192401786230136,0.648070503871639,0.212030549979836
2.81004098188413,0.419328002292663,0.891095215583673,0.303121488858199,0.372790300152216,0.435614785838126,1,1.28046086237455,0.592508974499528,0.381128356599598,0.398522978984917,0.858949741858999,0.283048105288574,0.346666652635604,0.320115966100997,0.827796234594767,0.210927742716318,0.776498540696684,0.179210423405507
2.41076443351523,0.338726519566811,0.745028432146112,0.42065671615668,0.423806202179662,0.517988024382847,1,0.0118280196554266,0.651211558917113,0.727221627396061,0.331560927690699,0.279275299513076,0.298974634169908,0.579547190964631,0.285312382797135,0.918427415101745,0.186747958114426,0.402749569197481,0.277690230560278
2.42947918747187,0.407028223895281,0.481270176599343,0.282482233722481,0.472451912578073,0.384308366458591,1,0.109379986565306,0.498690950332349,0.675321331126414,0.226433376555115,0.62536661118327,0.256013447514619,0.582812876205856,0.21938497280996,0.726781969792516,0.198627326846344,0.490249013757782,0.276675769872874
2.53971995955638,0.310045708575558,1.06302396741524,0.370559111516101,0.444059218408519,0.523718829358721,1,0.174475113982058,0.812509972399629,0.932787583932214,0.306275558750003,0.635727753137052,0.262962816528462,0.50398479281389,0.212825065681316,0.637629231134614,0.211130834402048,0.770315684151504,0.167724673592152
3.18109352229458,0.51852751983628,1.31749153897959,0.562678194711336,0.317430807042189,0.680999500717273,1,-0.113026510432441,1.06046156782783,1.22273121394764,0.181893842847243,0.857615392157162,0.194098901669185,0.706651083624129,0.237689942281991,0.836073956098129,0.25578578629637,0.861578901723018,0.250047715261002
3.25635769391798,0.573890127887343,1.3554007315754,0.665332762944541,-0.0345572467159287,0.310030355918974,1,0.124376738178878,0.813531998854855,0.763202597816827,0.387026072285319,0.952443198129966,0.218341578861545,0.817544080207653,0.336809176795596,1.01338879232466,0.20462065658423,0.947600853291384,0.21255749712102
2.34372823234081,0.339544615365338,0.501848193099551,0.248422056609124,0.0728213898773187,0.356849257133942,1,-0.0559567411615413,1.76200594421861,0.793144265342935,0.750522482572853,0.598171317460698,0.31530783256844,0.485555131220292,0.214018507026571,0.532829632639476,0.226897260211185,0.779978151375563,0.186128427914409
2.95875892300159,0.386887432176564,0.95313504172907,0.364486329654761,-0.131323924152833,0.280078540182149,1,0.379201453548461,0.479396691623361,0.679336576818835,0.319042189732683,0.837011012591381,0.195993963802593,0.970376238037213,0.130800724938108,0.461642557264299,0.255047415301988,0.577581461090541,0.286036103963486
3.29951574393405,0.568269001726429,0.916734076814193,0.529834608418824,-0.274492350366708,0.367481667443741,1,-0.0162817825875912,0.790997897670496,0.611542309520831,0.460291806151788,0.947817569861602,0.302275403645916,0.825248139405292,0.198044061436088,0.83437534455903,0.224647328583318,0.556614669400764,0.267184405942565
2.72457576400779,0.415032002117244,1.02426800788817,0.434740781866992,0.045185046872914,0.39508018827077,1,-0.386777819743764,0.591449915124854,0.903320172824561,0.228183087029758,0.846743719316138,0.241123683439776,0.725048724056382,0.183989119919202,1.00942020731547,0.164390067846875,0.690066334145042,0.226033880678009
3.18308742466169,0.49924948340019,1.25146923624779,0.599648558335671,-0.223736896176592,0.281238430671973,1,-0.120276809515779,0.433775361361273,1.00114961068112,0.18379824846615,0.65861675451073,0.268181059035743,0.771204426916141,0.264594030997248,0.932753308643217,0.225294907489525,0.789339068664018,0.244349875636398
3.12958188986906,0.320914350279615,0.982066011814411,0.347357068718973,0.437172282944057,0.218903880582511,1,-0.172706997317299,0.376386891828043,0.988147455520933,0.193001502756786,1.01310861499003,0.201704679590813,0.503086948269896,0.256827730804576,0.713175479280009,0.212246078482699,0.911972271850991,0.163506385137538
3.15771237591174,0.4059043947755,0.992485118990125,0.472101072218301,0.713736520199371,0.272565416534623,1,-1.49365986066075,1.40791842791795,1.26177733642695,0.423863835930398,0.833267800609468,0.318882740946826,0.669665376957035,0.272488408416332,0.990925650508008,0.165603145965897,0.792281969529653,0.225263995803635
2.85257475271714,0.445967631141739,0.630974602464467,0.305927512262736,-0.0986326753367519,0.407338515944412,1,0.471646993737303,0.529298171461809,0.271380539235324,0.382072773756115,0.87668253023701,0.279148338897874,0.494215856304862,0.226547802315377,0.647236629283183,0.215115099428141,0.594747511703544,0.198975542160742
