"beta","beta_sd","omega","omega_sd","rho","rho_sd","conv_code","tau1","tau1_sd","tau2","tau2_sd","tau3","tau3_sd","tau4","tau4_sd","tau5","tau5_sd","tau6","tau6_sd"
0.439930501812835,0.19042098960627,0.268317846753933,0.166151503391482,-0.301766687767236,0.367661317966209,1,-0.118842260941107,0.524458775861905,0.590981572809696,0.229742422222118,0.250989250792347,0.339069701801291,0.361074994232468,0.389870693213706,-0.338953844802858,0.916136732486614,-0.322896741834749,0.8274174765476
0.586572732064173,0.394159440783621,0.824596203518577,0.658295797117522,-0.613821611615073,0.316651377066923,1,0.169749317838855,0.744984455922436,0.859298330009518,0.348974578125128,0.654188382432,0.52286265035234,0.929492292771332,0.652292232528134,0.418153846237086,0.679685151111431,1.2085075100137,1.21325969125612
0.365209929820431,0.261252517374255,0.436345209306961,0.443113300957908,-0.128161014591621,0.792497862595122,1,0.144725543252193,0.586767280104168,0.156526734438274,0.481930388810232,0.432655481718325,0.691580986573333,0.330444384095312,0.541576883261551,0.49766467589035,0.535566177021516,0.24944705867172,0.816582769649982
0.262327696513416,0.222043590276357,0.881115549697656,0.70736879400732,-0.453460782878177,0.436538671650758,1,0.169404983590384,0.519806962327767,0.575273104467218,0.388354168168127,0.500238311530394,0.414522619711229,0.509716971912201,0.421543431565543,1.12370739950039,0.538898267754941,-0.52003953963301,1.06365142349905
0.526482346325139,0.288773665993387,0.911519458960015,0.738517199012212,-0.67219142474843,0.246882953656003,1,-0.385681303769749,0.692364296290246,0.705039549975719,0.361956283516604,0.572422058702324,0.426861507999567,0.469128685593049,0.562088333803234,1.38089141100414,0.558033543195309,-0.176040431472973,1.13125688470068
0.77224883759993,0.405620489529575,1.05217267341229,0.936966525383431,-0.686525507844852,0.256493022600873,1,0.229028987730029,0.680609563635628,0.380898162258365,0.500949929575479,1.05495133533809,0.412401210486022,0.189305152413689,0.576406523967219,1.03819475462754,0.534959429849364,0.912367043596562,0.657805787478222
1.06190389627492,0.414164229692797,0.737608421863368,0.499150864382759,-0.694011339289745,0.213123212365318,1,0.499424690762876,0.760403259853061,0.687143170208452,0.335742573861764,0.867017283920082,0.349300928437978,0.228288845526388,0.440781321274133,0.491695022962633,0.47331828021498,0.996570935467951,0.663344787666956
0.467916895316275,0.254704402416411,0.582925674279598,0.315940490466043,-0.286792165968645,0.415330232520437,1,-0.615329829290073,0.604471772455471,0.657024328994702,0.260783115375401,0.593514787734015,0.313076309654171,0.382441318133596,0.450130284087952,0.0259624653490559,0.622459074115458,0.482403605757254,0.68228619498879
0.508192685071397,0.398665731219361,2.19459877421494,1.81467158380419,-0.493887039242216,0.527308945175705,1,0.524087052989317,0.859043471525701,0.611539596653689,0.390335698893209,0.745345518256302,0.533462970381811,0.746486265497866,0.445583107086991,0.957611257195381,0.63548052176558,0.293978514155812,1.12793740744502
0.8122049767634,0.403111874589629,0.689268881383885,0.519638430679149,-0.672219579763681,0.207658706160431,1,-0.123359147611902,0.750670417911136,0.814600108946865,0.352195829734985,0.617886736058991,0.458653978736309,0.927781994311497,0.40506962111596,0.98717608752302,0.473131514693211,0.502586667606824,0.795340701994289
0.334660911034203,0.376253028158305,1.30070556291652,1.39168458278988,-0.738188422378723,0.321988675866398,1,-0.14007289930333,1.0896494553433,1.08342381342254,0.592083390386906,1.02413040083806,0.539091431434724,0.573916412354602,0.687414156922048,1.07308954901092,1.10553706434726,1.18587572931982,1.00835545271007
0.597895457783785,0.474993576178586,0.569375818306349,0.645059971629505,-0.601910384130105,0.432165216550831,1,-0.149262146232324,0.917529838063621,0.756137220645798,0.489330478478924,0.970189411744801,0.554873921744898,0.43422482861964,0.70336614652248,-0.0524452196877447,1.04947345713619,0.927178972471106,1.04174061996486
0.32434206616371,0.23637415043516,0.453466610448812,0.236275147030903,-0.261324338466155,0.409604917147357,1,0.316791712485484,0.632432983371184,0.62897109789104,0.290957233378226,0.348568444582428,0.291079614643567,0.361346493223621,0.344781390051745,0.333169661317208,0.508025927750338,0.544978371151601,0.739005264003513
0.419097714968468,0.23280171117561,0.594656221304895,0.492615795188227,-0.337428793430236,0.417415735621662,1,0.638438646403777,0.426334370697319,0.363025597595342,0.320975114226864,0.490245648789679,0.396081633354492,-0.140252508529665,0.850001594951059,0.0729220109138801,0.965121710863159,0.0212472953003315,0.706449794360888
0.35031647204698,0.215701122663429,0.375497066881566,0.261122512760845,-0.187586009712373,0.518529385170577,1,0.700552514127499,0.646982064171698,0.331674010165316,0.365382581411329,0.411981332986236,0.390140555060795,0.705845249874011,0.417950156679042,0.139346517011337,0.917719514554473,-17.1259898380226,1000
0.56106216271899,0.257946255116633,0.432584314955149,0.271708687596618,-0.347629259676433,0.358728513850927,1,0.494058795533009,0.583864070061984,0.506074950959245,0.303378963919703,0.329480174023443,0.314061934848936,-0.0663463628063604,0.474671513874569,0.693297904799779,0.469889278221734,0.512162559216706,0.515773435382813
0.435422193967062,0.214967840542684,0.395344060610718,0.313242535799606,-0.0717606960587881,0.531260117607107,1,-0.257776997218062,0.350284642374756,0.309131396056725,0.316550429310544,0.397867269590565,0.331864723417336,0.74649857520728,0.39015828384346,0.338183414198924,1.19370658031033,-0.296480878997918,1.37450674318099
1.4934187117906,0.993939541263767,3.5752774171479,4.67056490030807,-0.837634852535811,0.203146593234118,1,1.57480695472525,1.70783410062512,0.875283364889467,0.710209431617879,1.36543143020659,0.642005593447933,1.26959354256613,0.861347303911955,1.42294352736804,0.820566019184206,-0.0653835682039944,1.21347149714176
0.14805656599912,0.257044367209344,0.55951882704527,0.383878380856784,-0.335515168031377,0.501191510105602,1,-0.0079569870583358,0.658963390630143,0.51202466972787,0.34340631198473,0.478196402677636,0.404878394032063,0.421819255147453,0.574146131506622,0.597414292213753,0.727904360812735,-0.453838811462802,1.31721207529762
0.400448294765646,0.240162254389084,0.521375036764858,0.385732870886872,-0.301827827777622,0.530103725550382,1,0.0296387618057109,0.768715429388867,0.525559430965998,0.347090582427077,0.596906981989369,0.370179422672973,0.81680302956926,0.400784143296577,0.347306042654275,2.96880011947127,0.672238483760502,1.78321770147528
0.678736630523809,0.321888859062051,0.71009666690743,0.520048755595885,-0.456150846110603,0.309197093279983,1,-0.411575261332548,0.667753398714391,0.972547607638235,0.317266992122255,0.628746280397494,0.382956255312823,-0.080373675219118,0.628577669355912,0.25658459286434,0.509745047931361,0.534559048428143,0.541938815339534
0.839690745402025,0.408704546577386,1.15744803205043,1.10083377333098,-0.542347026691199,0.436162246226994,1,0.371401665501573,0.798936257993299,0.930557108197574,0.507704736722274,0.455099938307705,0.509071709204192,1.09517430721132,0.661051971043924,0.289966227397818,0.606951959085637,1.08076396839682,0.509518427412574
0.316867972361515,0.252191281710923,0.792808685697146,0.670137273559778,-0.000654828466094298,0.79994905443507,1,-0.14741561707849,0.901205485311775,0.316010439033966,0.533839615913473,0.678826807828068,0.393720093056306,-0.295373551109398,0.455491636349538,0.282676011571141,0.509987465504872,0.580315506489424,0.858138127623333
0.767736021036684,0.404117718469471,0.811021235055174,0.691125087297591,-0.707111346195791,0.20006181416246,1,-0.057947227041057,0.580926447859441,0.681672253952862,0.427892296949863,0.72712472692626,0.351377759592178,0.354983047159447,0.413988159241571,0.887618221626958,0.474907846607802,1.12841298883465,0.670100461514654
0.757873503416595,0.293465094110672,0.824488939975697,0.607512508757836,-0.655304191244545,0.223608543725784,1,0.60587048850125,0.518530359848687,0.353276392560508,0.356141977311527,0.618724726680581,0.322995274036448,0.716386160391417,0.546520016099418,0.584357006477995,0.541316405173482,1.2348787837396,0.466935285948392
1.95270711275736,2.37944440428748,7.44457668250153,15.3301132870443,-0.967380997541922,0.0609852160937975,1,1.34230826811978,3.15638951701226,1.32903002454459,1.11728043899615,2.05685556125671,0.961770963947451,1.8047224939416,1.25567935452618,1.42825182556332,1.42617366945093,2.67738333766422,1.15831445967181
1.0059644461768,0.425470295374477,0.909903236438619,0.721440959062258,-0.549942297447085,0.420800629776362,1,-0.327191919674639,0.847040555867292,1.21252467526815,0.373593532951792,0.766929629232301,0.43833326917911,0.885948929932139,0.54147061789554,0.957712710592753,0.524926394093761,0.0415879642693795,1.11732207714321
0.748796643703032,0.347025883771057,0.624558733623654,0.519210342545218,-0.580529777374382,0.305493479562963,1,0.0321143352938305,0.848072819785094,0.708372949973972,0.276578347021969,0.838713022076114,0.411376560294377,0.680759938314913,0.533900527127143,-0.0702043568888254,0.742199300759937,1.06065707001027,0.489487668948805
0.642733765861696,0.307375708987964,0.859416485937488,0.665654567164104,-0.527760326797432,0.312792196332824,1,0.0973519356701125,0.698795947077425,0.70396782187837,0.345460714291167,0.740042491060586,0.534511544730588,0.964071787707984,0.472051762465996,0.515944239241003,0.563862223884451,0.668579568058834,0.900101963538152
0.942951188458983,0.373699412098442,0.827744242576414,0.573473328814358,-0.62464181441539,0.259352771338259,1,0.590824802688579,0.908659486682685,0.457936050155749,0.447521125408408,0.809181085165596,0.453580538676373,0.752229713564556,0.45320274551682,0.562623016103232,0.57263696539756,0.882971840357752,0.410436920007603
0.357051962807314,0.424023831186376,1.23646651153877,0.828068120102171,-0.371322975172852,0.553577040166249,1,-0.0614477662733486,1.38649180430268,-0.0117944784104936,0.687508098021552,0.700099194866691,0.285839217344789,0.640084471195894,0.43827123635482,0.798264312708437,0.359003666697336,0.915671485121749,0.382456734153983
0.665439449362143,0.276682369328344,0.973377704050695,0.7882217950891,-0.202596532694917,0.619785522151391,1,0.387518340010854,0.547880371043121,0.38067417833143,0.348840471489805,0.64263624168638,0.422368697569035,0.0694052800011812,0.42672566303572,0.708977311473862,0.692062284074977,0.969060780446526,0.766067137473945
0.615121913587466,0.250830097610527,0.389453879138277,0.323964826989251,0.243656788651279,1.30518245419667,1,0.770019032489198,0.691386376407104,0.450018949374591,0.29961214949866,0.395202088950318,0.481909490983668,0.771323425876218,0.411576851992959,0.877611730675851,0.324234217322637,-0.918639477283835,1.0753276824299
2.74941265862828,2.74753057921992,24.4980721499727,49.3493430831433,-0.95559228472147,0.0970972309424381,3,0.490149229203728,1.76872190998817,2.03208669125196,1.00777883940604,2.2004195647435,1.10739443012132,2.10757342707298,1.10784928026643,1.9583717642702,1.14826408956637,2.10858947029457,1.08135857046472
1.24928970397368,0.828921713426004,2.1592785291902,2.97843980461618,-0.84458437318954,0.210334907168218,1,0.224279938966512,1.31630028770035,0.906780342095787,0.709941196061762,1.43405367646538,0.62013690726438,1.07958305510919,0.655449272813118,0.898986568995505,0.97171674114396,1.34966910147195,0.75101703870071
0.200579006927059,0.32456677954827,1.43657158217691,1.16522211807258,-0.479619334524612,0.424638248559021,1,0.078108209670219,1.0830384580922,0.348029343615124,0.414045265269493,0.435471402012714,0.448816716982293,1.02117030491813,0.733696213878559,0.0457972457482738,0.593520876317407,0.36469137522115,0.791894889784275
0.602870836873197,0.356572189691891,0.968551050737207,0.590562504665219,-0.602912612228648,0.310321384296659,3,-0.135158505919166,0.910628515731945,0.7264041871384,0.350484193431094,1.01305764354658,0.333743087307432,0.894553246698365,0.523152632651027,1.2914095811931,0.462130712337626,3.64586390899934,999.999999999842
1.3317058163024,1.37735369346445,4.96282839012662,8.80286361267783,-0.886041391040249,0.209887056109076,1,1.73213045435069,2.16164203168938,1.27199313793963,0.903311672169587,1.40686064091071,0.817179440275438,1.479620416403,0.991503606010745,1.52575786002513,1.29134155453548,0.289622098988044,1.36893443586596
1.29583228127662,0.584380144179136,0.95509874854767,0.918786296099395,-0.827505990343743,0.19275375756847,1,0.463574444111962,0.629554362341312,0.873623108583933,0.476295869613359,0.759304393086218,0.548292573592234,1.12820362783256,0.49310778993821,0.640301460746416,0.61360141754549,1.19061047803408,0.887035436709258
0.686493534284898,0.473695849955677,2.18824769158134,2.3241032051717,-0.767055389877491,0.200485314610805,1,-1.06778104007254,1.22155771569318,0.910566233302147,0.488485151912553,1.24008945910682,0.52654670685826,1.32303176375185,0.509368554058681,0.475445375850807,0.772234485047663,1.35211371814755,0.72191207587165
0.859651259258908,0.347761368321343,0.80955053390352,0.527465552593405,-0.602941333881667,0.266159758386545,1,0.0582641629787676,0.585965142843187,0.547418363535567,0.356068669779495,0.484706721944722,0.393142732279031,0.659754925326477,0.377592453458645,0.652186736938749,0.490494920694636,0.887722247068529,0.447548234782942
1.25071740718565,0.707788607932387,4.46948111180827,4.58149417084824,-0.778425441747038,0.205000694639933,1,1.92319254491807,1.64251980815608,1.1577306964132,0.496065902116853,1.3431134789958,0.699581065785905,0.433562787886106,0.821261601203139,1.57819793298519,0.763202029663956,1.53771343158158,0.644027993893689
0.599797739381641,0.330231742941308,0.782470973706663,0.732831045873062,-0.341994917373574,0.569410766514613,1,-0.341720482168785,0.791660300873824,0.248983792399741,0.448690155981471,1.03784739675488,0.396645753743966,0.716831004409859,0.579146083722898,1.27223828957716,0.595976351840095,0.267271553221147,0.736922054968938
0.47574459027308,0.282803550982174,0.657463498022077,0.489660394104323,-0.52067141997101,0.403278661349385,1,0.163103462237733,0.760268599987562,0.385045818722917,0.416709862244795,0.334803405161203,0.496959426517711,0.868183419472642,0.437618728417157,0.112521416506455,0.740213196674868,1.0721793127788,0.764557830504171
0.515646059472593,0.261246280896863,0.324490487317583,0.259118469116285,-0.355710609890493,0.478818145641961,1,-0.122370347800141,0.600941725721318,0.222640991222218,0.365947673362588,0.0944207336217756,0.430819118611515,-0.0550381406974346,0.564432102726333,0.542774375331962,0.485957280574143,0.654902225933618,0.449625159751393
0.192514277729752,0.185451934915064,0.354547964879557,0.303746774246026,-0.391458053771507,0.415061721327642,1,-0.493466333998823,0.471749980832918,0.462499763204056,0.404708775939602,0.457804740022046,0.357666832244791,-0.141236711663928,0.581987878970717,0.152680095159781,0.642561565813751,0.231444531139362,0.864165230895072
0.405169003766126,0.285513534309961,0.711332871255958,0.706249856811987,-0.626515638290849,0.342395160184441,1,0.33072282935893,0.793130060367134,0.34350324237151,0.476301676624153,0.904693054425174,0.508660326301365,0.738639758940621,0.724962794600808,0.572744223430188,0.691566382475877,0.880887585939854,1.00844684445578
0.527930858722207,0.261538812304116,0.771327226616274,0.564078700448193,-0.100294140805692,0.4311336028659,1,-0.623265838975052,0.727254250078064,0.613659644251681,0.365727390933421,0.804808801791871,0.271056572262662,0.555909026721642,0.419709821357615,0.650240342440239,0.675982789638537,0.430749399875194,0.377715426665746
0.317333330069179,0.590112700770638,2.85188006951234,2.86376567587339,-0.847985430852281,0.157131476517148,1,-0.693151658628104,1.13066858993354,0.796438254216462,0.49431286064281,1.17469267342805,0.428520771387099,0.778951211268115,0.669612446770359,1.20573316568549,0.625178863968505,1.08053140852484,0.484632406925688
0.316289961051555,0.281834994350277,1.22193286910271,1.19779474420332,-0.370389505687231,0.63902097956775,1,-1.99038670864861,1.26377980872419,0.749124598930344,0.40210950344265,0.863414356168284,0.625778147250283,0.0766875509884755,0.480561432980658,0.823431828165306,0.610274372443682,0.571413415197118,0.611705290240102
0.688879818388428,0.348938108628908,0.910606189130244,0.797837548193324,-0.67944555932995,0.237589557120005,1,-0.548564046654939,0.840078644099542,0.711095799399281,0.413476511101085,0.470194982218624,0.417283421822462,1.08717470433311,0.495956056402776,0.645205813331205,0.54235881408385,-0.104546887871362,0.577794541788881
0.869164842933896,0.539685419235666,1.65517890919648,1.3341282076469,-0.617023699896504,0.28056190679246,1,-0.26857232471716,1.02406885193587,1.03229100015744,0.431583781073341,0.928548195371284,0.361798921380024,0.429110907146974,0.582758968930303,0.754978915593099,0.625290733189951,1.02526960294633,0.504740217341632
0.138428429115624,0.435190660193127,1.75767944846666,1.47638498912207,-0.614275942152458,0.413219048646592,1,-1.86447610871427,1.71495526327165,0.858421798414959,0.455942973767806,1.05578634203912,0.39550175461729,0.678255149548747,0.538443252543995,0.667501262012313,0.636313828926352,1.76061280938352,0.472324555957785
0.829897681895645,0.270179481830865,0.809021800274438,0.601105043256083,-0.409434366308658,0.307205441778942,1,0.189359482718422,0.825710140374648,0.767325370325034,0.334791295201198,0.746189658209513,0.288746756238395,0.393599756655716,0.540803754568949,0.570275114204329,0.437431881781927,0.839901086554531,0.537042965723709
0.738903304369242,0.39453519267307,1.46156258216997,0.976896896660825,-0.493665918855992,0.435265761047308,1,0.256956223486897,1.0057718207012,0.631579715519517,0.365753085730011,0.852755828400027,0.447778143079365,0.623961949767578,0.499438625608358,0.802890108003462,0.336997642429113,0.566883110741958,0.606659097230298
0.585533492406734,0.240156097597864,0.443113011130039,0.292944693664415,-0.46385046899389,0.345603810855524,1,-0.883210506842753,0.432313370025964,0.815550737840942,0.261168503697032,0.481109271478352,0.330846422585048,0.530394797533774,0.385321782295627,0.260134071447731,0.429454300993424,0.38236133834547,0.622230480834893
0.461620059121415,0.350638761904898,1.3816922742392,0.814819330408851,-0.484648439428933,0.326795238556444,1,-0.254937639843831,0.575882188752831,0.875213267159427,0.28313353393413,0.645710441279405,0.445090174796122,0.669742969764718,0.374978682029823,0.884963138953767,0.735739603737868,0.889038763492139,0.378149137057173
0.600012781892903,0.256983954224624,1.10442752493319,0.775004520451392,-0.6480651316777,0.250976792533602,1,-0.142959810296981,0.574484798572327,0.837142234868814,0.346670129368059,1.00063514918269,0.404905943953113,0.128092574562968,0.602136446988241,1.33336347347019,0.376185375351491,-17.2879033533788,999.999999999999
1.1669046364907,0.773068956775448,1.88181279336825,1.69617287862952,-0.706236745339862,0.280445473711182,1,1.25011458737632,1.48334986755887,0.854828779352067,0.448298313750703,0.567462189612033,0.58657270783498,0.99260126556808,0.613696850225973,1.32989004905798,0.576472136282692,1.04902247020258,1.03157367411182
5.28158875466879,9.49542742891523,25.5746742313268,92.8844574934909,-0.986554083237493,0.0466029042177944,1,5.43296531424685,10.4392754465443,1.60188591276373,1.74803328468486,2.49039293960507,1.8251789418089,2.18993829258274,1.932123830989,2.54212512663437,1.82367441626334,2.59623098638033,1.82812746311202
1.66196008944277,1.09982806870428,2.67701224649553,3.82364897314828,-0.858532118460483,0.241595461934153,1,2.6866384673276,1.88078285682172,1.04058306737219,0.795273014916666,1.21712815867248,0.738178858838886,1.08955152981933,0.804392122014166,1.09589365668253,0.783522243750252,1.54645903652994,0.748953194914755
0.898279850235873,0.348746896235661,1.85712851097451,1.08261807121383,0.422496336404139,0.968704545688446,1,0.345313386520914,1.00810148917659,0.537887136323379,0.442757167484318,0.700322391728778,0.298848473016067,1.21532644057774,0.471920620199905,0.0210821963300921,0.690198606883818,0.495357341169329,0.708572877103164
0.42530305255041,0.616431289557864,2.37869935605494,2.76366182881169,-0.691587445053436,0.302949149440969,1,0.474930807891336,1.4758354157383,0.493791538821402,0.547753188048335,0.59354665250966,0.733654575765307,1.0740550184787,0.803808341789348,0.952027516697979,1.22429509963603,1.11902789074136,1.01373378121531
1.01827941386972,0.469835818079795,1.23738995278474,0.942761641747249,-0.679703053264347,0.26105523462904,1,-0.483967086087657,0.915675712075834,0.645221406600508,0.402029527709999,1.20202668210607,0.421171829404535,-0.0358915072385259,0.590823988135525,1.14251501442938,0.400493546008586,1.15953139975637,0.886739738037991
0.516857956786419,0.417643669495139,0.986697492038393,1.19988223885238,-0.828033885240024,0.222692247530208,1,0.0682637922104264,0.684861026405907,0.382115488823436,0.659198445472739,0.80509098858426,0.621590447793224,1.24622283597566,0.600693408100985,0.888659583857623,0.879349156260058,3.87346324511537,999.999999999997
-0.290126893930661,0.48682172866752,1.53167510887268,1.57197837894903,-0.353989354722608,0.56982533305996,1,-2.68379176853433,2.18967576505526,0.944819644167159,0.471299604499453,0.640911571910332,0.428527426077366,1.28137837181385,0.581257633493276,-0.0384637158681635,0.864443353764635,0.910485823521173,1.02487329332684
1.13237895949791,0.557636037651376,1.24528625859844,1.00039312891894,-0.75710275813962,0.206821558828507,1,-0.0939495377501712,0.733581321733387,1.43530904638111,0.368023206733123,0.797331880618393,0.487687945522807,0.870255330975901,0.575309227691601,0.648188477945081,0.661482102749745,0.87429852990781,0.495739066046306
0.382371457246293,0.306290080910576,0.468728461949313,0.412804751064009,-0.591353281158833,0.287216346003272,1,0.585415022799354,1.02078556526432,0.334661521223894,0.39517254353734,0.628568083069603,0.495221866626709,0.444129792473523,0.896170277098079,-0.00869182314947337,0.818924860719295,0.503752401344805,0.990549160972143
0.544689887215047,0.44519389943511,1.63442277192292,1.74780901056004,-0.58613296363736,0.421988745263405,1,0.290726298791834,0.775665309350749,0.950200148236217,0.59344556667958,1.19951382809965,0.542446471971387,0.678449716422071,0.919277215979405,0.961200773018413,0.495478574205335,1.73807209946173,1.3254024763204
0.534785214402557,0.337354877808115,1.08920696809881,0.810168997839407,-0.629518414839207,0.296809159451625,1,-0.668105760657224,0.790907579656824,0.812196842900519,0.317533883339923,0.933345987938942,0.455457859503819,0.673396836298653,0.456042070383451,0.351372944903626,0.69104703693903,0.777935728397344,0.466435987707594
0.580281923780042,0.233766592047267,0.383373441693935,0.25411809207183,-0.254253471422653,0.391151679184569,1,-0.699172501865455,0.619059821753776,0.503173840830827,0.271240345690744,0.566134219354267,0.320606485343393,0.78199331992174,0.291799048284443,0.0569100944020343,0.512444807187889,0.54061136868214,0.382330359806098
0.265819862601038,0.319437749228752,1.15730793290445,0.804397876904431,-0.781018177749692,0.118823337231944,1,-1.58071112352516,0.77701833938388,0.850775774429983,0.335483309887003,0.861562594444866,0.357313440747448,1.12634302456828,0.417407151969665,1.26174047052576,0.467762027154435,0.360334055811424,1.04951300601993
0.539967730090825,0.202617945731256,0.2166072511391,0.160462451364864,0.169173117347933,0.569481816124004,1,0.624495068317135,0.533872516233186,0.267559077187867,0.340514254472768,0.044855084009088,0.322136989292381,0.670354310804245,0.22799419278176,0.368095702246414,0.437719609794105,0.400630037588644,1.38888504830243
0.415985339018067,0.202317196409559,0.434243219597697,0.284504703914886,-0.233052034398604,0.55564547527122,1,-0.254612130492885,0.862599730220314,0.502023348533414,0.390334928107669,0.735802172942135,0.304197354843387,0.244892784217942,0.436745974611191,0.195559022622127,0.611802251266165,0.751385707627504,0.474623085742935
0.468423612932691,0.366268739384273,0.715749009850911,0.632814560579519,0.360006580854501,1.44701482933481,1,1.18358511365654,1.00634392698418,0.429529618594172,0.324750877055076,0.066981434394406,0.466306839709994,0.721238812292063,0.633122178882096,-0.0920427984840579,0.743290697452914,0.869343990573279,0.792892075435483
0.240451280754465,0.311740433726379,0.754025284870761,0.720269835917514,-0.64700471053807,0.245258944723776,3,-0.450372200853925,0.779873856221441,0.889241409349951,0.344902450963481,0.315868615233885,0.404631206893634,1.19074365904873,0.685456871662818,3.57141680285558,999.999999999994,0.693147180559945,1000
0.47080813755227,0.423591587574703,1.46268797374928,1.53876688812097,-0.737647577029849,0.267532746589138,1,-1.63133109794171,1.51410039353035,1.10187338763108,0.432081731500944,0.756624161724394,0.540884993002365,1.06899533021538,0.598853910729625,0.419324451292233,0.893630312441432,0.385341140225057,0.892220386383274
0.399361803253262,0.322833095381427,0.644183280507642,0.562084569056288,-0.484939531143635,0.370651622642156,1,-0.104599237160612,0.787480029281723,0.467973571951865,0.399842432787481,0.546141389824963,0.496291749027663,0.565403781768735,0.558811056581608,1.25038145920891,0.656573385486956,-0.452533572582304,1.29718333612268
0.310844623172275,0.36811751738202,1.19553007011574,1.30787918677772,-0.602855077387283,0.40406532275742,1,-0.846708027598062,0.895428011528319,0.624390495357264,0.490911909956292,0.602210404352091,0.577335122296664,0.907546880562513,0.701616695350123,0.9570899693133,0.667104697358281,1.44295531502696,0.852074076063979
0.824003694496525,0.367988153854895,0.785827617923284,0.517657144595086,-0.432477338489775,0.485800515180724,1,0.186049939099331,0.77992686231932,0.565603796399921,0.304528538734558,0.781727694421148,0.459139652404483,0.779178001094981,0.510215170477864,0.150820939565413,0.49234539229,1.11776701597423,0.596666245971345
0.697538745680405,0.436212000013068,0.878487746392638,0.832158666303026,-0.64931176448879,0.394389624862126,1,0.708474634547706,0.941034604328305,-5.28441923746996e-05,0.528066250149254,0.904795857886165,0.502010360656666,0.814299735021176,0.451790375502816,0.540906814062105,0.732530170254997,0.487946625407094,0.630764387179909
0.442288301059116,0.164869448686977,0.273286772270168,0.203317063741379,0.264312237311506,0.861325092649696,1,0.605601042643574,0.388913601791274,0.0888571290714198,0.267517198564001,0.152307618815221,0.376210710155193,0.054308200633026,0.391716345725014,0.0301591823589035,0.577091211928805,0.817695713105778,0.768899801735992
0.836423524608489,0.438921319345971,0.971852635145607,0.745770784299467,-0.56698168823322,0.359887944446873,1,0.779563456528216,0.76401112450573,0.745091893399163,0.382961444848811,0.277777151865538,0.53949007462635,0.894186965242797,0.411638687050527,1.02413956365791,0.584671029557516,0.644196948114399,0.512616711000067
0.532957173732841,0.36772506412687,1.84800999665115,2.45689701041032,-0.684551459128297,0.331186088680735,1,0.024637157535994,1.04181171922812,0.809948117615613,0.714866159734826,1.01182261942348,0.690848672804169,1.10912975421417,0.653687565878198,0.930448542386603,0.76422374074865,0.93036785157199,0.747934654938967
0.805470361950172,0.418840971122706,0.881653487374765,0.725649815650943,-0.626025386574149,0.303334420875424,1,0.0129278486679778,0.993341214354957,0.420094266039085,0.392166103242615,0.689436927568347,0.435876816553459,0.850686849706832,0.507994149915112,0.805184061366119,0.668069123148177,0.902007119261095,0.42719344471135
1.22521185639166,0.532774588451032,1.33985894415054,0.956806471782566,-0.731323128263198,0.25392756867826,1,0.89406068583188,0.956193582338748,1.07180616714909,0.381684720641543,1.16877998679443,0.410750288535428,0.661474846896104,0.470817939274797,1.29727061880512,0.467187405576954,0.694975182279424,1.09933872009968
0.918499714008766,0.523566669241564,0.801604740191167,0.854728060840566,-0.562831729005847,0.383339596699432,1,0.70139939960219,1.04717647630602,0.572083298859022,0.457937960764388,0.843564214150197,0.54626714208987,0.953925807562784,0.56489183438078,0.982908556708338,0.810800699622243,0.560784793348711,0.924562824422415
-0.017008931347299,0.202859535810191,0.443341406900025,0.24422767554374,0.0381813892621625,0.759687789705156,1,-1.42035070069129,0.675434641976009,0.57679562092845,0.212025765256935,0.434222492057922,0.253194710644039,-0.241136950587778,0.564809904066725,0.0799698406289153,0.422002951902488,0.220964027983821,0.624269626621182
0.273833317739575,0.236656129199375,0.562708924705064,0.368871265439271,-0.348766407708361,0.605108705750771,1,-0.508520064679578,0.838745126085595,0.686966187481336,0.370262933506425,0.624009642741483,0.372339161759955,0.46136787768908,0.547726235653876,-0.00743119717824506,0.64729712134119,1.15822219068354,0.914843065670675
0.582666042242183,0.243312918231733,0.446811463663973,0.276177063422801,-0.566140433414855,0.377460525300764,1,0.273333571229562,0.481081049583652,0.339892107716242,0.381757608060785,0.601063768760884,0.375258660462549,0.946792291357554,0.417405132666694,-0.65418219094041,1.09952262224902,0.487090281105789,0.582942508477402
0.655072925854814,0.488121232007884,2.19972517817147,1.43431389660546,-0.705967541518931,0.181713206760651,1,-0.567416839580459,0.91547046197585,0.836535431349815,0.328789921147271,1.00956247543072,0.279226169618094,0.895391555114657,0.490321037821957,0.946769065624972,0.60047195453791,0.950143564050419,0.522204243929917
2.2029607737847,2.97740953925133,5.47728002007749,14.0986405970882,-0.965868576323944,0.0891964096444957,1,-0.00555563659121015,1.65329059845687,1.44297867368684,1.31683883592314,1.9796423072368,1.27804615091013,1.88553688147282,1.26564854418018,1.50952493400905,1.36428424332485,0.798927204202745,1.36391922497724
1.20128198110768,0.707904321814459,1.82162338702785,2.13507208014333,-0.683700679122407,0.314519152958978,1,0.903119386447801,0.967973786109059,0.648913449184589,0.650873064582978,0.819257153506744,0.566880612819794,1.28394809207414,0.621093067227553,0.431935733691543,0.874975566869609,0.838114976076438,0.759455368194644
0.434715318494352,0.247341857546458,0.331624659384512,0.271622712262707,-0.0692701908505636,0.643736350943007,1,-0.157604402579037,0.595928379070574,0.246880684552486,0.335342035927206,0.448033062277801,0.337873673482826,0.210425540581106,0.749147801603977,0.613249673729292,0.532066425834718,0.906442111052455,0.924296816868679
0.885720435766052,0.963433095394336,9.47040186300888,13.7467487737319,-0.913931278001473,0.128422939694976,1,-0.8778094595559,1.86417630420615,1.11292796392014,0.692000788024768,1.8308726536278,0.768900721336286,1.54629596092915,0.787797164621193,1.60859898545698,0.916870881159311,1.24408213052301,0.762283677366521
0.251764177258212,0.279929907249813,0.443258966336974,0.435234497872003,-0.563420087506625,0.498637667262526,1,-0.107375480412983,0.841900303761648,0.482139522251624,0.403488411154442,0.453386729345099,0.503857933347909,0.291732241235425,0.628386947819972,-0.190164260298654,1.15219051518573,0.574966812387513,0.906766811436144
0.233776411626078,0.491319040320724,3.12012506920304,3.18152876322655,-0.724675817209472,0.321576203318222,1,-1.15365573820778,0.987386741309599,1.28099949012551,0.405185112909634,0.615873452696213,0.788163266479129,1.48226075891079,0.554054399522611,-0.0186365559978502,1.73877871185374,0.67625005729054,0.494839207163476
0.89129048178428,0.476584692365945,1.70478412754909,1.73586593274378,-0.81206462193012,0.198860493440124,1,-0.0839322717096272,0.673270743665692,1.12144957652131,0.428068142515799,0.679289544074055,0.566689047816631,1.10416356127769,0.616699193349616,1.06913886091655,0.686368962635824,1.04477922223035,0.779799861161272
0.562763558341614,0.239263669471633,0.653900728106504,0.432993306310052,-0.298888099407745,0.60658280171676,1,-0.0806868871128554,0.706698629228281,0.609735162134022,0.294190874284661,0.353769592529714,0.409751807742744,0.600804321613438,0.381765482069967,0.102336858195868,0.745885722440182,0.552328606543087,0.755150812325041
0.48236420095573,0.573643018862319,1.74253800690125,1.72454700946338,-0.868456258497132,0.141609819497353,1,-2.0249250899662,1.63454538202933,1.14179131446173,0.503740658608192,1.08682288265373,0.532805655040826,1.12352614990089,0.597374593142103,1.52579025944798,0.958072056321472,0.771959728330024,0.881450480227889
0.610114895417815,0.2785538453392,0.672317583232748,0.492106892897068,-0.528339551517866,0.3372900978362,1,-0.563817452114823,0.676732801615609,0.581446812617032,0.36240398926252,0.801076808656033,0.367743491109246,0.484441834551164,0.548531491386594,0.0929838835828844,0.499019576970777,0.662326476643271,0.486524398634735
0.449753347152369,0.276321977979229,0.626651424017548,0.572015385958727,-0.358096516348236,0.620852254329539,1,0.189271058159099,0.736386146148866,0.42139542902345,0.434349460202246,0.426977396651527,0.499316571069959,0.581587558991697,0.483384958586784,0.345103615215262,0.659000870853916,0.766167163438429,0.593576981877218
0.357684307085402,0.218985398297097,0.593923944110904,0.397276408917873,-0.103573553514728,0.75643170906828,1,-1.11414141419152,0.71499482158853,0.833826979527081,0.304225172141258,0.575575155692887,0.270164712797785,-0.0662162320330984,0.559639387209673,-0.163944149989397,0.556584245877867,1.12071669440714,0.565835212625411
0.530578766280071,0.367879587886783,1.23350330262921,1.32310410716951,-0.784882000111429,0.240702159454758,1,-1.76504416300586,1.30596864927621,1.31311691356961,0.472097551133622,0.597697996577449,0.535755058165392,0.83483556759791,0.796845079631046,1.24454635998079,0.630203851841237,0.572322725734198,0.98306245009091
0.249118847754524,0.235000940466008,0.518895997761191,0.350084359947904,0.180213608888971,1.04711793866231,1,-1.10172351328997,0.927767597368477,0.799200878902188,0.345448349860632,0.160818276008813,0.332862962056382,0.219954871708386,0.393684205719569,-0.14716985059099,0.748131758768119,0.419606120969143,0.454638816742115
0.759176735659172,0.266819929878477,0.497955927872065,0.284095997308531,0.000268204412926399,0.678920241384419,1,0.848854996129203,0.723436544711164,0.36022803243158,0.328447419641874,0.891867402666685,0.276122667283768,0.500789150653899,0.437769315739066,0.0748814045271078,0.649976438302857,-0.502138086530773,1.09049663337101
0.376547713461157,0.479781721657185,1.97668643534111,2.19777006344964,-0.775028017689598,0.191515848085424,1,-1.18347100202456,0.948711633433884,0.882616156808477,0.458487430286433,0.913823715044147,0.603429773901926,0.831558541429765,0.608779924983158,1.08085562312966,0.68296220986121,0.59183236488996,0.907097023636728
0.656688460257517,0.334076883996152,0.361925296208782,0.266786121107876,-0.578978029861594,0.194924165451703,1,6.11258422932421e-06,0.574096455415317,0.632567278864343,0.298660210532196,0.462789415138319,0.410122039190719,1.17434780341054,0.368351993012641,0.628262061883009,0.701704062428939,2.55299420486901,999.999999999888
0.694717307645556,0.28760540428265,0.425388817876362,0.295812740001619,-0.314783856854739,0.436848706013105,1,-0.0107285709400697,0.654213200228471,0.470524584490901,0.319150085460852,0.40008988354656,0.341058326543826,0.464738632218133,0.356085370865984,0.251019874145729,0.594798029036893,0.329041865532885,0.477695092665245
0.65265929625661,0.35957614371903,0.870802350692866,0.595124931138351,-0.667070545402485,0.244465968592753,1,-0.15483080194218,0.625124467532536,1.01368997874717,0.307314557819572,0.752445617188199,0.400594872204128,1.01086233779597,0.571786985049355,0.195381410391963,0.68597115703166,0.706044113761458,0.558483854167515
0.963421535759809,0.450592315114718,1.07858583455492,0.859528485980806,-0.504974270097255,0.379911250459176,1,0.324291594176386,0.743457950263171,0.884308888983694,0.369759721071989,0.549560901067388,0.477118921440315,1.13829764434906,0.513878312851197,0.773343153142886,0.437838972500087,0.955058859064839,0.523131630697008
0.820381787560601,1.3550472214623,8.69818092794066,21.8253560514556,-0.953333012415355,0.112222488614885,1,-1.1556303878484,1.6277124236647,1.73073473712789,1.35568264335622,1.88333208619396,1.17968937640607,1.52804590425303,1.21574927176441,1.81100646287998,1.23230972664696,1.9248973029897,1.34796154007946
0.566084430023383,0.324948957153852,0.611495444092847,0.60378230147056,-0.493392947085433,0.477458766713592,1,-0.0448307698629394,0.553662246641267,0.637536029652064,0.496264246812178,0.0589894491694166,0.49704761660688,0.799546092294939,0.5152741493335,0.739623940272141,0.478512185146806,0.763933335056539,0.535549083216726
0.719005866246407,0.417151489639261,1.53413279936687,1.08337753581775,-0.704879677744681,0.188428221223603,1,-0.776082181535527,0.900356736931706,0.657202736047795,0.366388878913839,0.151387774991677,0.438503475428609,1.09715073404192,0.268090103339898,1.02866803549037,0.461146669491098,0.71983857909218,0.534027167638439
0.228736156518295,0.190652383938522,0.239139049542872,0.128756741430906,-0.0381996724029081,0.440724179639329,1,-0.521011118328726,0.658677739869007,0.292157289302593,0.273878374876111,0.501703068791012,0.273965831942348,0.359439278857955,0.433511652239548,0.260303528309902,0.83675731981774,0.3427179870413,0.775556203236719
0.0342139397542136,0.601541935737211,2.58214244611533,3.96425711006009,-0.868777663378508,0.2170531382873,1,-1.27810264682108,2.13014407306506,0.76475209664917,0.708955210099486,1.30461088289001,0.741029505093663,0.632474677406922,1.25528152868399,1.24615059077707,0.794728161840303,3.56198044092717,999.999999999652
0.487915568906286,0.250187851894662,0.34316994768062,0.263741418189431,-0.161044643221342,0.425122895262053,1,-0.746205218475909,0.65051969476448,0.539477573965256,0.324046071236147,0.422313398768241,0.378979509029927,0.386251444712043,0.463793387824836,0.383305941758779,0.475867996170039,0.357454645538833,0.664061767278614
0.43807666327479,0.291501342390589,0.600965334454455,0.385035728050977,-0.393674568117987,0.364219017463069,1,-0.318509400325132,0.702382228460273,0.63504515769606,0.367425424654559,0.321591422108726,0.421441465810114,0.627908719349037,0.380280534771385,0.507238557141583,0.573789691788388,0.93191953777977,0.551969492780679
0.764931610872068,0.383402922851941,1.38467367267238,1.32486248674705,-0.682070760044059,0.324213026404221,1,-0.161884965022625,0.839768986906771,0.996125919075218,0.542892636044786,0.810148217755665,0.483228022029865,0.540607465111697,0.54491674305313,1.00021432251597,0.615672421691194,-0.117295142417424,0.880017184482611
0.960226033017681,0.245461665503193,0.272253384953391,0.172718967051694,-0.362034641335242,0.288516304353914,1,0.720952237211022,0.43483060050645,0.715386483503798,0.26716781378533,0.41936841384405,0.317182600114116,0.788608820229532,0.383159279871544,0.269676556862743,0.693599836266826,0.0950195747660345,0.53350850953325
0.878376417075586,0.425705001540423,1.01349030611289,0.717473634532841,-0.533909892814558,0.334653180040046,1,0.437454237446205,0.78067418758782,0.78887502627739,0.40860746433004,0.354137785694373,0.488163706067926,0.890893111832983,0.361699746808469,0.952659709924121,0.479633219471072,0.175513065827225,0.721648903024588
0.249629085394636,0.328123739172043,0.773439364003045,0.522292269072599,-0.105265577495082,0.690439567365442,1,0.111527346786966,1.09024003151339,0.16207960856741,0.291713738583858,0.47345146645801,0.332195986450076,0.423875994373511,0.339248757005076,0.678175459024568,0.619341738558599,0.131849133371406,0.872312544106665
0.431684945506505,0.24618779455865,0.415231366650406,0.281148903211223,-0.519679743173434,0.297521510738798,1,-0.00116079822516858,0.742385678571838,0.533983180489575,0.328077969538721,0.466188936041709,0.421536809018472,0.366478759955043,0.390442467189786,0.947895474496331,0.372152453954925,-18.569510659973,1000
0.750907468628257,0.368199259208911,1.13437802569661,0.889127633764195,0.0553061052624677,0.951089460894892,1,0.346321417806738,0.656885924710239,0.405144953700179,0.477473841643425,0.366280439505644,0.40325966649509,1.06165267757554,0.397154061518693,0.456655758073388,0.499048967676354,0.976369342716259,0.456913630228535
0.829215198122959,0.381859442418853,0.60759150864374,0.375068152372744,-0.57394254089618,0.247729333069615,1,0.362346643162822,0.887685483537487,0.339910963969442,0.350084294354979,0.785449162069222,0.313284397085779,0.554942191023186,0.498038306628451,0.952570682861663,0.412493025371527,1.03179643955648,0.409000872679164
1.01715946836972,0.979407140762167,3.98636892215714,6.8538891039148,-0.942178611379573,0.127835518613715,1,0.0265407630517379,2.14566033081462,1.45939316607931,0.9323866690104,1.56494864952732,0.759912751088201,1.53167095483117,0.980076751992544,1.75133590561607,1.02282827596362,0.186396728339049,1.45339010256624
0.362394993168985,0.217125743268153,0.507266072388299,0.291918703537609,-0.0834726726336975,0.687459547663704,1,0.0849062551916436,0.643388104234952,0.220783361703908,0.258401853038545,0.572975686608895,0.319738399606521,0.404685144988227,0.509450958632596,0.396778381900839,0.455168094960165,0.23438086796154,0.491781613581771
0.701220424484741,0.323119853009596,0.607723645291783,0.55958270209383,-0.403233700269146,0.502025172156918,1,0.832617666044143,0.821908582521444,0.652531434166694,0.474901512647692,0.686068433649105,0.436304853283674,0.651973917370849,0.403772150921255,0.336891665763724,0.506605661236214,0.582753169156648,0.489894559209887
0.833653161174624,0.400008904537394,0.480558904862185,0.369747262834849,-0.467319687041837,0.403090539090612,1,0.032526308027169,0.918277440151791,0.642396507376206,0.397991675094553,0.853838646498932,0.398554810670288,0.475115210245492,0.380444473362829,0.244989422905188,0.664409421964208,0.650953212076077,0.700702971531883
0.668215733196482,0.555375082647358,2.72517248209124,2.87416135252517,-0.834094055696173,0.187301757667163,1,-1.23839929472605,1.19615551046168,1.25079453580021,0.478756100334665,0.827917387551947,0.655294364368198,0.994445015315889,0.675589195576462,1.35313004956187,0.63335075882116,0.910202765539791,0.691809045769656
0.60350919332996,0.130591668907451,0.145096075814058,0.0966922990836236,0.656753535959734,0.254568299570824,1,0.733259511246425,0.443844479177438,-0.563301328489207,0.375879800747584,0.376080853244742,0.348830654796022,0.194336185136163,0.276957788745238,0.0369211702144382,0.5912539094534,-0.0615748133754122,0.377242312914832
0.448297741842525,0.222430016799062,0.420010641881626,0.302206030210033,0.0120498095856183,0.569831751452605,1,0.144601070971147,0.606040574564023,0.0329725242057105,0.327578142886555,0.481643789606042,0.303331076164406,0.345376463324927,0.445191660869696,0.897973907520552,0.428514989290114,0.389331881532391,0.515626680694123
1.38434976448278,0.598254389238942,1.13086126471121,1.06264057742148,-0.60803206718153,0.317788595688324,1,1.07310748644409,0.737605133284945,1.0674375714035,0.370152950313855,1.29676168396666,0.576420463900291,1.17748460532408,0.464883508725499,1.25960154206133,0.548794297028842,0.834570937766433,1.18256140246808
1.24422851438119,0.489941090421655,1.48955974372791,1.39213235444669,-0.299636730787924,0.713392769990561,1,1.61852787280448,0.99105198353507,0.360594512696868,0.502158970901356,0.900298151268256,0.412439191527014,1.01742156583185,0.615259552250488,1.17366256980795,0.435005963927329,0.420666741533745,0.469947428246896
0.547803981545514,0.214552603311529,0.524677096992752,0.349353470690417,-0.275795626725628,0.49517659964954,1,0.59483900652455,0.536956076018214,0.141626089010316,0.396569796669771,0.398136735759552,0.34039749165682,0.103855196009285,0.437383517071022,0.265787467244774,0.551549470234048,0.622294448738408,0.440925351249454
-0.156465447456664,0.492526661027286,3.49873137171823,5.10400293354918,-0.779708605653619,0.27635968622979,1,-4.12892634482774,3.4096348767173,1.40784157427178,0.66376007920304,0.976663447064825,0.669926471848205,0.78687058653202,0.626854129817875,1.06755134370068,1.43016791660041,0.612219576202177,1.30529877410618
0.443324599331937,0.232807417158011,0.382354615303455,0.278492789017202,-0.444352098540278,0.375499646392756,1,-0.153512229037127,0.54332845722747,0.398797828435893,0.348174176855671,0.513964273155109,0.400728117117003,0.346569125762932,0.385627092793793,0.490755044461086,0.488742879231542,0.537514881024022,1.11733700491218
1.50368758149223,1.00251960316869,1.48225887162231,1.78116403481838,-0.719408231400182,0.378042846742058,1,1.16937156182096,1.22381619203219,0.9082890707659,0.504870669470192,1.01658283018741,0.646018527092398,0.866588900045621,0.655642362243241,1.12804388506819,0.891557684753808,1.1040264798729,0.572388765700304
0.650609145093678,0.486006985087871,1.98469975182922,1.92715191654865,-0.820916588480336,0.186734282774675,1,-1.26330775047187,1.48424959305155,1.26556209976782,0.47235668835279,0.750538527619346,0.490876476638501,0.966575174873093,0.628342717835424,1.02793615373054,0.587601750490193,1.52793557795447,0.705477491961903
1.63732812872999,1.22492764125152,4.11289825820907,5.56120769027016,-0.913234145601947,0.122681522585912,1,0.0828035927795034,1.6252347408656,0.99435823350917,0.765283659817309,1.59776408311,0.681954367415623,1.1067703079942,0.756082805005847,1.43428365373616,0.772503749833365,1.085980147213,0.924361199612099
0.39121784262876,0.361371846900921,0.645208975910673,0.831720687451578,-0.269291248270649,0.725730936022389,1,0.228755118508542,0.788028813908517,0.594271050840514,0.520005392840232,0.573761994169597,0.815712843825668,0.971891659455754,0.55475337767189,-0.806988312045249,1.21570874197607,0.256165132866907,0.99959271329153
0.747989608053159,0.598287755256784,2.77958660506799,3.72505861108787,-0.700783378649139,0.355950788644288,1,0.754098203632761,0.781727481956838,0.722024230559186,0.558062020661072,1.36336173845243,0.737487061983303,1.3858690712405,0.672214430063732,0.597387182308805,1.58960862712545,0.935006231944684,1.1043686032314
0.59066386380206,0.332406402446583,1.51945604376778,1.18406407161102,-0.428937584335615,0.443245529160789,1,0.290444232902803,0.732203170295938,0.589662297430675,0.407105976187306,1.04456064595858,0.569394001492123,0.559513104566977,0.563785066075963,1.18351662079238,0.628384046944692,0.654802245269304,0.884178181870624
0.702201729791174,0.377717397892095,1.74461394739721,1.31345886296675,-0.108528132576686,0.944432883496382,1,-0.367693804059249,1.03427131235039,1.23462014477905,0.326772946344491,0.676681949486156,0.484009544012578,0.897962671316422,0.46720133716574,0.935815807882864,0.646873917688787,0.904693467019432,0.548629419580664
0.462115175111729,0.320314579579906,0.524375049253583,0.346501053843022,-0.460351021339407,0.288399054686629,1,0.460173406068577,0.798276578595586,0.55472648594365,0.326999559917547,0.138357510334156,0.356176364778738,0.712336780710954,0.676488619607916,-0.271608816984255,0.840932797573809,1.15625579532842,0.524698311222375
0.859279237943101,0.837450366537337,3.49623632600712,5.13309616923283,-0.942092086291377,0.0822715281167135,1,-1.36920416528919,1.78875757919402,1.5085396559947,0.73083497112413,1.41252998388309,0.805167402390364,1.50286520440801,0.637002578146706,1.14637735867566,0.917531988547035,1.39538008806459,0.970083808054473
1.09858238724953,0.586757187139127,1.70420718467575,1.68207895423784,-0.737631213382035,0.184967313103602,1,0.839958090870481,1.05746718722561,0.863577697399401,0.548173717363003,1.01766958412412,0.464299407919812,0.940114307938796,0.457065582395328,1.27594458148688,0.586595860971784,0.970871936921832,0.641028884706261
1.06668001439715,1.83440540891827,18.388193319901,44.6207542801106,-0.969194935852627,0.0716361035641507,1,-7.69497806162893,9.32342176472424,1.87022666364929,1.13832576772287,2.15887144826752,1.20295863582143,2.0382318997464,1.29082450509058,1.65363786364612,1.26531350757539,2.08745260630685,1.24439325154734
0.283710235894212,0.444945808805401,0.934477465599687,0.694597687291831,-0.608292767126012,0.353849128369731,1,-0.517723986224438,1.29664570758614,0.526090450753297,0.444007656552304,1.08038780628614,0.44770282565428,0.678258543520212,0.496090758718461,1.10554896104743,0.50586217291868,0.841647867106152,1.11454943873419
0.443738090097272,0.356046863111062,0.7142948237199,0.560089068927381,-0.374368936970035,0.498069213773247,1,-0.0593844492122902,1.23992562444446,0.249301348381582,0.508870210267168,0.428919251206477,0.518041330940392,0.478349983451346,0.432096961203956,0.386743728217198,0.426739887657315,0.164850440498768,0.652996058894368
1.19284636010486,1.03731419432217,1.62766298609578,2.46588288605894,-0.933258254745754,0.101560758364745,1,0.341927979302498,1.64394510566709,1.67819440224769,0.79385904937027,0.656420286329356,0.744828538473981,1.54740321839435,0.686214672910416,1.10507878458966,1.01734115831296,1.89892103696334,0.815531557808782
0.67834411487243,0.278965646635191,0.837237801586277,0.525024859246012,-0.00716788429834745,0.93267934639696,1,-0.0441870653403538,0.648902837868895,0.546433858060133,0.281977633478054,0.495290331814285,0.330955206417508,0.398724062921785,0.395843589108392,0.964191779467153,0.336323285772574,1.28274802359458,0.644937048481628
1.04534471396892,0.675337876805848,3.69065387953422,3.8843023498665,-0.839898578832273,0.205489017651589,1,1.11854544620015,1.2126939192955,0.825671584534418,0.555120031948916,1.25070931888373,0.601852254067696,1.36710760840511,0.568072898527052,1.22738306694421,0.669317763462132,0.462775507459717,0.827872018280843
1.1950350994102,0.53057152076168,0.632547468365307,0.543923888611938,-0.494708343196603,0.409970892936033,1,0.281831511715403,0.690969912587196,0.701910940526837,0.328120959229921,0.649182629460923,0.448503414329527,0.620378608564571,0.531466225751621,0.912695033882538,0.447303190429652,0.00162446981731158,0.601811691556334
0.21773722007061,0.201541573331309,0.386337032953267,0.259113230366483,0.339458624700869,0.782712334030413,1,-0.902635453242016,0.714960244467582,0.326476543549489,0.340750137511872,0.828368211079041,0.182714984672472,0.0947036700412878,0.522061468860811,-0.37765693478973,0.482309352318332,-0.154776384186569,1.00941129587232
1.15287383619549,0.772973204964057,2.42257706132024,3.03277273922489,-0.877655424926848,0.161449535132103,1,-0.696593622783102,1.18588131324777,1.28026010353324,0.625412816117759,1.03711769764389,0.615637694624941,1.35779564893467,0.683455300840556,0.857803829779269,0.666621287701961,1.47350807896523,1.00284164626976
0.832169315195596,0.407247005261632,1.0588620691553,0.651197354307775,-0.445533529786968,0.422030103828153,1,0.668353324876546,0.867693096538053,0.55924068985402,0.388070695081784,0.149747906762694,0.466811092290616,0.547087882085927,0.524858466364192,1.04410897469019,0.35723894233325,0.934673325556333,0.418727111157107
0.827360839553563,0.372885296788405,0.89526754442599,0.524775055521293,-0.650444143376441,0.197450801071568,1,-0.208819796375114,1.03716435692644,0.543569934901188,0.37634846004988,0.927467081249884,0.310139497589984,0.524431040859394,0.384117172531019,1.0856697563833,0.33382952829181,0.884320334674419,0.372142066945293
0.784681862566666,0.341495236572699,0.850177022114421,0.718656213356241,-0.180459479624704,0.759172118038749,1,0.154824527553764,0.534964897543066,0.667292335088856,0.346548846438402,0.674104161508201,0.486866021780263,0.92955932574555,0.417379166246392,0.600065305857008,0.863207579818612,-0.717541072742661,1.10532610340756
0.527838468124417,0.252444132589519,0.496960231312929,0.306493259950575,-0.214842329251292,0.549212462113133,1,-0.241391962592254,0.657264659263021,0.4403567788036,0.296086934927639,0.794866429245519,0.320121610091027,0.438919545392209,0.445087178517921,0.226972606357063,0.490480822933504,0.770578898249406,0.913557668237518
0.831507449500338,0.532685740245388,1.05459126347014,1.1340651517167,-0.49558924776844,0.429325785104871,1,-0.236816477040924,0.637269895138969,1.02861844528868,0.46156116073842,0.869382989026841,0.58548960394566,1.12863851753644,0.513609722927126,1.42865359427675,0.559632469226352,-0.615794760174401,1.58388539530033
1.40931738855302,0.876206052788471,3.25174567527233,3.99304059955141,-0.763588951966983,0.262545513704994,1,0.22233721597894,0.875335994284732,0.879738117980888,0.603355292791982,0.706166426538967,0.578361218713304,1.48393649267459,0.490487852797481,1.12410964589215,0.564337793515452,1.25338149596908,0.718602874897285
1.18274737262739,0.511910666543903,1.00796039653692,0.777111549487303,-0.5382885153501,0.318336487974815,1,0.84511564517443,0.933913524041093,0.657167454056545,0.431780860987394,1.1476848177183,0.476438127591857,0.48207050358047,0.43429775342058,-0.0163214107159791,0.710388059709657,0.904152852492393,0.408322050864559
0.608495985566852,0.299601745735307,0.558039258731676,0.508086880280534,-0.361698963140553,0.526011694089344,1,-0.0221311818857542,0.740377438271034,0.482347904839565,0.337577259427113,0.703073548009338,0.377947311156168,0.5696652363405,0.550131967339898,0.911747503272184,0.508735898363901,0.838874456581528,0.549207669598084
0.307433846618785,0.147138308742791,0.315375538542733,0.216186446065578,0.800319445294002,0.182140625301463,1,0.0100565442262246,0.656409635643747,0.147378132061093,0.352655298774122,0.713312309981112,0.311359255955163,0.570847337410429,0.219963772615061,0.502662279336087,0.583446756593948,0.384743989011812,0.797617675465598
0.335833594240568,0.301469122345067,1.3990516390589,1.54790309883585,-0.555414333605548,0.568435822914205,1,-0.528052530414473,0.95965237462663,0.795627403424604,0.584806031112286,0.907371566354318,0.628598256186075,0.176106710172176,0.66138837237442,0.236031194307483,0.866463069826025,0.977236480158141,0.591272585454368
2.08597187719767,2.5580313131237,3.68374314526784,8.92116419906413,-0.895094610184668,0.270611985183234,1,3.36385981908688,4.16150942485576,1.29839499256567,1.16328611701073,1.33437127765834,1.37749202394846,1.28464869673001,1.22684056247495,1.15954063347497,1.3091631033129,1.59549407295687,1.13668798013184
0.831737971170688,0.515817794873632,1.29699674818284,0.926829786119134,-0.579043165016986,0.323249287851279,1,-0.580911915926381,1.4274976179912,0.883381167914928,0.399036385749826,0.858238657421838,0.373146683794472,0.673184991397996,0.483977943261499,1.20106858771667,0.36889892143815,1.07879963441623,0.431750863821461
1.05423617306106,1.11398587881595,4.68708180860044,8.4047141244754,-0.914091338230421,0.158028205562187,1,-1.9887837774936,2.48629739075303,1.43654732044313,0.820500271208822,1.42456873071609,0.999126533509524,0.997686196853501,0.952977551667512,1.43508140679341,0.983419327324935,1.49456396101703,0.913222415130212
0.57663891403862,0.377676201532052,1.10553833993343,1.04603704109549,-0.73282113771857,0.260014813481587,1,0.12263776269394,0.807729452373049,0.783748406581808,0.418595383434539,0.738349791752718,0.397121580216934,0.644926871526392,0.682361144225928,0.959449194910297,0.923344977640348,-18.8648451254323,1000
0.622463111762355,0.192359291955124,0.605016524583514,0.499469904377183,-0.424896431117697,0.351058677026403,1,0.31262780670807,0.865661080062159,0.381810319051279,0.441474619494768,0.413629637618754,0.429623715921771,0.901894877492226,0.485854682993868,0.528807541228977,0.688461282073087,0.524277750924957,0.586377570153337
0.727523891937672,0.333118468447027,0.472597343959232,0.371847978825845,-0.702651887448662,0.170252708193482,1,-0.30447307039518,0.588057566074053,0.763227171562949,0.340043108471993,0.672547801676515,0.41264323184554,0.641024736743754,0.468771735939071,0.607583635691872,0.592977967740357,0.562254115043715,0.794766923045418
1.70244136669242,1.24794700561388,3.47234285478877,5.16170355776646,-0.909000779697923,0.131171592637895,1,1.76495236360465,1.5595329057256,1.24419525423769,0.716427183938981,1.1059548655517,0.786806014546721,1.41993850998921,0.730186236482216,1.55136274539167,0.726492629578619,1.2088708134423,0.894184178346639
0.387090332307607,0.256782963002458,0.636871174962039,0.371722360249493,-0.131254329025299,0.582851940941769,1,0.408845681471249,0.736061789087545,-0.139584123784585,0.464662212203699,0.63123004172907,0.262589020752407,0.845970077549652,0.381189583071938,-0.00714523145416724,0.967818198667707,0.101511914113573,0.748660237387267
0.551908009709266,0.244935145298305,0.383519766563983,0.287212407060042,-0.10904085764908,0.649589439161148,1,-0.14612916045802,0.427184604633926,0.285656506041827,0.316891166707418,0.499477507561774,0.318621126661585,0.517206452223855,0.350119262158559,0.44946834329617,0.449186118902331,-0.152965635983905,0.643054018755247
0.74575685759188,0.282724816381994,0.941240488660705,0.629962599433613,-0.738031293232385,0.159736772238368,1,-0.0694205168436135,1.00933794306832,0.71670014860212,0.334646124802502,0.298215175676757,0.45394489002457,0.646689469846371,0.367086454961579,1.27479320197101,0.456318241646007,1.29912842603067,0.640977769732428
2.37107449421563,4.63150718741796,22.1588639466044,78.8131048264445,-0.971424993483525,0.103102052167762,1,-2.91141229961545,6.90778727685891,2.44427031690566,1.80547052602424,1.87499375415217,1.7800638304692,2.15881299123625,1.81576614737582,2.47816937274056,1.82248333839047,2.62513946572243,1.94601648548151
0.622747729011872,0.372044087368657,1.22363653429081,1.15516881072987,-0.659625529758941,0.347453463438122,1,-0.686421496595458,0.926752109217247,0.865078170701295,0.44101019521112,0.946979517521552,0.481055415766454,1.00943795748339,0.515131560295142,1.02903552693619,0.820817532234982,1.17562063778346,0.617144905925592
0.333646652664497,0.32053163964211,1.30735961895889,1.58954245523448,-0.796976492105751,0.253952145019055,1,0.456302940258208,0.692093166223368,0.598250278477304,0.673923934343375,0.756562589911504,0.579514015301759,0.883730509752112,0.725751039814623,0.903622471941942,0.83929185120472,0.845556889622653,0.800987167147588
1.94020692468964,1.27318132816386,4.76110932667983,6.10612864408983,-0.903874034273947,0.144222872223832,1,1.4188262648724,2.04010847706992,1.42520443051493,0.740834319052848,1.77467814067163,0.614048237504351,1.25555233852686,0.826330054309342,1.79089681697851,0.706037320001107,1.02882645167872,0.953110438507843
0.676672095467196,0.289109308579929,0.852619602105365,0.555922930536574,-0.5074635868909,0.410830410268781,1,0.158308182962084,0.6659966603639,0.473595528023951,0.511724579992988,0.493693537206939,0.399341339800475,1.06797842742592,0.247804528956176,0.441008625476068,0.5737415447697,0.886850493682259,0.983988887616909
0.261588531467406,0.231281866352879,0.301533654942735,0.207758567186254,-0.120253698786493,0.684113447738979,1,-0.220318419978585,0.741113163205795,0.391854475212027,0.399175469104207,0.259152777132299,0.367184950435311,0.0606785580396231,0.300792783233223,0.458214929569521,0.419736414939139,0.0557846433904339,0.700266282325839
0.871034280344747,0.397713752240026,0.733911291604306,0.712247863456001,-0.780175336241336,0.201127876334555,1,0.00721689568236306,0.612114345387174,0.703788222708992,0.411820243777124,1.01762138635532,0.455604390947011,0.263817028001276,0.612341087112216,0.717215066486986,0.544617871581385,0.041090027304027,0.775497702083557
0.723536597767551,0.396644667177502,0.854014134243177,0.666837806657136,-0.583957759233446,0.414534777483533,1,-0.461227906282495,1.10966269549859,0.895691443532429,0.398177083708469,0.837288320229467,0.482843284715925,0.556525693173272,0.379620551733903,0.939666130540796,0.470087555755995,1.33788995385803,0.648498227413045
0.878058314964309,0.476776070045578,1.14280442736635,0.889584169234369,-0.672616384133539,0.29981109830943,1,1.20901111631192,1.18230672015597,0.864035487841413,0.417922608773818,0.742431617642024,0.451597148823467,0.815199403926784,0.50828852829614,1.46827133660302,0.647009616542954,0.450433692256492,0.654948360610994
0.84372177657098,0.357795755496241,1.11329559482473,0.942478520558009,-0.506312425420037,0.34461762546867,1,0.176562727594338,0.495787776972785,0.602846655819352,0.424814888298881,0.331362759701653,0.51185833837572,-0.0631423826119527,0.588393194883333,0.426108280854602,0.598812062425774,0.816579456832252,0.573321222994063
0.211702678910887,0.25297446830296,0.844131144835499,0.618623514325007,-0.725167676040113,0.255086506973162,1,-0.0387507216675318,0.844575112964949,0.651999682454385,0.414764859219407,1.0033356268415,0.45472496891735,0.753669967420312,0.435079933570351,1.19810193338123,0.522990828098292,-20.1403633763567,1000
0.355102366143822,0.250599372294692,0.50777073791402,0.39878481044186,-0.625081069731317,0.293383640622394,1,0.0259198546102515,0.548177841085998,0.331699028864515,0.388918333713823,0.55578908958584,0.322408492906125,0.991331501297802,0.406405616022182,0.65919929153524,1.12361749044226,-0.215947804351946,1.35628379809854
0.634677364605857,0.321885686739601,0.733301111048864,0.620059467236694,-0.256064600002286,0.656469210309207,1,0.619767476229237,0.659443531887139,0.493742558610763,0.292919885949113,0.690543816689582,0.446199323171531,-0.173088170545568,0.823918750813577,0.325030193015886,0.950213793242114,0.618729796629645,1.01465644410871
0.678298570711815,0.452008424584951,1.2463088289184,0.972674658781798,-0.541928510865011,0.378971026741093,1,-0.384823182099927,1.35594831900425,0.838519681759552,0.391856392814326,0.809178849829451,0.402214525324564,0.332539244486211,0.737179375470359,0.887554971131631,0.521450718803728,0.693434126302445,0.576908043509779
0.477012904911026,0.251939422517923,0.475280366072379,0.293726651651268,0.265129002538728,1.01035635093634,1,-0.23699126309916,0.618073453329891,0.711230950234199,0.320035017940979,0.121689279984322,0.311652265460042,0.146178349613435,0.467544171075994,0.755702321321213,0.384055868020087,-0.0482690848833255,0.570184214017182
0.375462857364188,0.189909066620146,0.515237005770571,0.360774515614029,-0.260786069790251,0.57010998091375,1,-0.737805095281768,0.506619876396478,0.670098121141171,0.311874738233242,-0.198597765066582,0.460089734881736,0.533375598283317,0.488472088925705,0.86177315219434,0.442662994362593,0.126566440513529,1.00876263015591
0.645739251426396,0.244104690680735,0.281555131353853,0.182040654442804,-0.523184529038491,0.293431918707584,1,-0.0561295268979266,0.537720068250161,0.543311865212775,0.289413813906035,0.169993501719447,0.283460411693285,0.565042954348689,0.384740834499712,0.0973435949078957,0.700769236136947,0.782021019805391,0.662984991082479
0.398249463170138,0.310598034026661,1.09924633145998,1.14583902009843,-0.675363755875657,0.316494427921495,1,0.410863247335045,0.774424244546875,0.705466298618327,0.510638861362055,0.561997229769368,0.675645757463454,0.729587345223993,0.618139830625048,0.499479980162885,0.848986927201484,0.499752647239318,1.03669274570768
1.12023908039967,0.613514418318618,2.40412038361037,2.58567531277383,-0.858725686685386,0.165629824016499,1,0.627683352255748,1.16100825374793,1.25137699539171,0.538434937794383,0.471075616136933,0.740240313852914,1.2707794502141,0.550754411888934,1.34015076896348,0.462388518860782,1.07363264039279,0.698055225328711
0.749797490674893,0.424199158208625,0.802814420773903,0.79672659484958,-0.769981589731796,0.261907550564802,1,0.151390506158307,0.852360309221347,0.847620169195903,0.491274065163935,0.884923163915671,0.4816037447396,0.969858044294464,0.648348401543205,0.775973174899174,0.767606058197123,-0.27244271616976,1.14830529810486
0.402565140401445,0.178646542152524,0.372426482362928,0.247756504690995,0.00580378254810511,0.651733870578643,1,0.0128090014620674,0.495401477597754,0.143457022812788,0.31752993680358,0.319765209069451,0.289457831846231,0.535170371904678,0.298503014831328,-0.271356583307114,0.739052169332984,0.162354579993538,0.636433006312304
0.711960994501005,0.421966979444008,1.06426503694336,0.58626065986846,-0.609314654454013,0.245367511289444,1,-0.327651470223763,1.25202577206195,0.608464028796044,0.339066899014047,0.866876144258303,0.308584187091298,0.690454401572787,0.356381535098789,0.999303018246973,0.376081070254094,0.575622371361223,0.506673714043414
0.225199257148336,0.337861161032298,1.1671047810031,1.35009545333852,-0.539087137380933,0.545101698713134,1,-0.44736416997033,0.767731775601515,0.591279384395256,0.546219640881394,0.920999870533391,0.564993047852659,0.647638097993236,0.689509514308871,0.993258149647366,1.04814270269178,0.893260991110525,0.709613817077124
0.687749366961426,0.299878675882586,0.743494489303723,0.509422947825178,-0.578186110098154,0.316231386776657,1,0.0414294771616572,0.890501102196566,0.77729798219679,0.353662462766203,0.6966257349269,0.366706148528122,0.395308149701516,0.488076498908707,1.17103182543003,0.422373672895074,1.45562346968867,0.467028508949271
0.481831775393343,0.255080780843371,0.561680244065464,0.44343924915086,0.470535980596361,1.38807979868361,1,1.45070687887964,0.864692943339053,0.158121019741637,0.349646456761069,0.14486289179007,0.369711418492989,0.403334646569028,0.642912029865316,-0.121576548635291,0.511913695381702,0.335962712990816,0.410786175526725
0.731252002815337,0.322800011678764,0.86830476292867,0.517553691355718,-0.467485217977255,0.368840724367934,1,0.705041537386414,0.709359685585526,0.728897114940716,0.32821229418242,0.435753074013061,0.392451116790259,0.345146354692772,0.494076616840324,1.01646403896875,0.412211052777329,1.22147567190466,0.416854820769835
0.311374210942926,0.25796609994509,0.666691852363131,0.396454371945643,-0.515186380362179,0.320723544247556,1,-0.431937324398368,0.735323863168461,0.113732262699031,0.452286121741673,0.10949957853988,0.350516906422641,0.659447638243879,0.390182559007806,0.172007072759716,0.641034615819047,0.77905822667931,0.348366416757679
0.735021751135847,0.460419556462976,1.18230350099158,0.80954083377999,-0.640562013045278,0.277474881540173,1,-1.07942539460132,0.920696110836828,1.02356918605085,0.364534814456534,0.355846326667498,0.408649438399543,0.342239505725221,0.572042049459218,1.14949382628321,0.405246476888427,0.460568654608406,0.534340946752016
0.3786159541223,0.220028784154458,0.40788575810228,0.232845354437774,-0.475694425771384,0.349820984905864,1,-0.70869523211485,0.610801166535994,0.385871794169,0.340321554854102,0.674345759060489,0.265186807475161,0.525199499027865,0.353507335840953,-0.277078268910093,0.814716591043197,0.821485049046157,0.417185461775625
0.704002849916508,0.468342716415661,2.1016548602463,2.38583938156349,-0.794819577439491,0.274796913091493,1,-1.24932600756309,1.34959536416115,1.40387289784003,0.55982799642231,1.33061673778611,0.585176456365069,1.02301859775626,0.600077151319371,0.965309019692569,0.615041917109218,0.790416504606808,1.07626168877661
0.812805339208455,0.549503109194376,1.28320143793943,1.41179803446936,-0.67439849977173,0.34964364143803,1,0.570348553198817,1.05333290946413,0.425009708845992,0.565606037132864,0.851514147648319,0.504556393063221,1.07181360284468,0.659028967155182,0.244963597498425,0.631721582210113,0.40854874019847,1.06098824597083
0.980288114000537,0.600485267441344,1.49259287030107,1.19719724089831,-0.80586515405138,0.176106114107457,1,0.339574096912703,1.39122622335085,1.40456025233096,0.423202194300622,0.705911331958902,0.486436029096902,0.517284373354545,0.683188438140267,1.17304497256403,0.525026867328101,0.191278991052699,1.02090594119911
0.832732089475345,0.666720616842448,3.28756374263744,4.03357061778715,-0.82288111355116,0.187886850701587,1,0.856902889691783,1.25989694882935,1.44726206915667,0.53613355858805,0.598482457848184,0.994627704120645,1.00388461309529,0.680646984261948,1.05762890912125,0.955483788671218,0.792515038184623,1.04667639734286
0.910831489696665,0.416603806414509,1.60887595077556,1.14945193515091,-0.468201928821532,0.364599848350787,1,0.0485875848959837,0.814935783738816,1.00388289467511,0.315912078423712,0.481742929824823,0.421123945613433,1.00234675214144,0.434710911921681,1.2637687477133,0.400210370330609,1.17076825211379,0.48182526624992
2.98278707040336,2.98442574902382,6.0668302847181,10.6699075786438,-0.954332127478847,0.0866746191875017,3,5.14690890029721,6.00535272806167,1.23355801291808,0.926033739263773,1.96388185204795,0.877157963430529,1.92151943952163,1.03093514917526,1.39591536386529,1.0223572198646,1.49511423290455,0.979182086064552
0.767500197926146,0.243398436706784,0.354983554675184,0.23105215581069,0.0846197244029776,0.819283500147136,1,0.630990090251286,0.663585436470806,-0.115937280252294,0.440924073180169,0.688000974250392,0.307558574107176,0.706123832306424,0.57331802042401,0.726336906613482,0.355005192109429,0.452891883443042,0.677573592309337
1.07153759956184,0.494999361371435,1.59429365299085,1.33076324124929,-0.796957185814008,0.180396581237193,1,1.39074791565186,1.13750841165536,0.55217890525045,0.487527547446944,1.17318268107975,0.466491556457392,1.21472347530957,0.521552225913423,0.765445404340711,0.782433773667789,0.557160559340091,0.799358869797713
1.18764192442474,0.677537072113718,1.48849349009279,1.54571435435943,-0.827961068975852,0.199451544223666,1,1.0142249427091,0.773289008415716,1.07584189328789,0.577955224109282,0.821049173087715,0.687895708506913,0.523001606426127,0.707676401234392,0.917858748429132,0.548099980318976,0.858266868570172,0.631955153182387
0.888837576790176,0.393635372119067,0.971298912948227,0.763318772649854,-0.533609800362887,0.363973322428609,1,-0.812794680642359,0.851730940116878,0.814306926146357,0.391608776103531,0.665879990814019,0.347836078046745,0.818293565953552,0.40748059198374,0.740548677794592,0.511154768040121,1.1652259616788,0.387874440959186
0.130160341658983,0.210608038963056,0.917924181142962,0.485575123243233,0.132454607115231,0.865171838827253,1,-0.904028603446838,0.536971085750943,0.374036548109831,0.400988687036255,0.652892673613507,0.282562376036568,0.891185716786718,0.58991100862026,0.369147910470841,0.969811127202235,0.487594232378419,0.500062592067112
0.440658544662662,0.213820417340835,0.497589631321208,0.370000479710226,-0.448113315666029,0.430030517772671,1,0.142136008638762,0.471054489754219,0.608263311011807,0.353787848968355,0.513447649336108,0.376898984128954,0.483727315973159,0.624229219922863,0.168518856899508,0.642850910720408,0.543287671604,0.573324182903992
0.553150970386566,0.413258001417761,1.59667817511683,1.35349830865064,-0.642184695708281,0.343258521145088,1,-0.441645671391121,0.764716741176164,1.02216240431117,0.343511209791495,0.985810962756665,0.446711971297134,0.203069188720966,0.729959713614911,1.86803597640296,0.665246513817891,1.36303778548928,1.22267388108224
0.432816083183947,0.455861422789887,1.0662169114713,1.20409260123149,-0.815431356860391,0.190729231322814,1,-0.897432886546827,1.50475777719046,0.921292275873318,0.527673301540979,0.985782699431049,0.579346921669615,1.0190797215758,0.459913069622429,0.487622554492214,0.604778194166758,0.993036682670048,0.682033167704783
0.351354413204079,0.354397718645882,1.22494989513524,1.39097120095819,-0.099104138376476,1.00415549666108,1,0.391617391884115,0.927786047941266,0.0977700442704257,0.59318839488108,0.651164998938687,0.497363625473414,0.398361170878507,0.494601174992222,0.46440362771112,0.48285638002094,1.4802475767204,0.897725112418319
0.472498752821112,0.255063703841393,0.449663638855901,0.333132795173541,-0.143697072616303,0.754792095909027,1,-0.22222758842991,0.771799614082606,0.450445426680839,0.297829341819224,0.496210166952342,0.328263253715624,0.614103733450968,0.475870449065179,-0.358841270857528,0.773161778568859,-1.30212596720892,1.08427469321458
0.376838620185598,0.264807733415024,0.665827751760105,0.494188075387747,-0.467698178893952,0.408492260621232,1,-0.467961408037651,0.613491419808224,0.405355021443073,0.416033438420124,0.0423269769693058,0.426886099771811,0.576506232717976,0.310139008122042,0.870107238267082,0.479164863122197,1.70343636093475,0.603747711731618
0.843103498695155,0.441851509275612,1.70413735795154,1.37521220655372,-0.417216471728693,0.526551497159136,1,0.0160050435207612,0.672932551900649,0.563942404685929,0.445231785255479,1.09126443911401,0.393049443380973,0.645839509746042,0.399159762230902,0.77205345984714,0.770566758326708,0.528537115751785,0.668751479032965
1.11767029096506,0.550341966360523,1.30519274132118,1.2279423539049,-0.59851129043695,0.378907328622626,1,0.252238014626337,0.941024312267421,0.823036492398441,0.410087108886767,0.583026542071282,0.494957632229119,0.81618258802234,0.535133912480127,0.599772906908964,0.485319772154787,0.873920873821287,0.56680285952526
0.535039264065116,0.318294552448936,0.352507702818764,0.258781086245083,-0.408197357867741,0.36090676035298,1,0.336609148776296,0.887584876404361,0.198955421440748,0.376140514934283,0.624210474976746,0.339404079373725,0.319777121172659,0.508387845111346,0.428566699250908,0.514747522849858,-1.13661456084047,1.08248134711477
0.345887606463699,0.410723534239588,1.05726407758425,0.911980366623666,-0.757175231515413,0.172650819037837,1,-0.67640849832872,1.02648465376022,1.17546867021083,0.384733347714883,1.02930405608874,0.498813273736799,0.807016255833594,0.704017622042152,1.27777993044874,0.689684942597603,0.293247057319504,1.11299888544247
2.07495920249449,1.23760461463656,1.95939985129583,2.58777207742072,-0.838313159002559,0.196933238000918,1,1.53424045679661,1.47275857232541,1.21349492470022,0.6259006089658,1.55871172937942,0.645159744759026,1.40519766734045,0.576226576650881,0.908850863699186,1.00524404478389,1.51960764551826,0.819440351463653
0.30020062994499,0.355302421022907,1.06639232945503,0.815745647311206,-0.612802251879406,0.312851986721561,1,-0.335290623363992,1.13446213991874,0.469189127064918,0.456072911637517,0.797579964969489,0.381624317864631,-0.554742982184971,0.643243743543659,0.940719220487231,0.529360917195529,0.72493504379557,0.944143052551412
0.221626264409079,0.366386892608958,1.62918173133455,1.47038215809345,-0.753463985738138,0.239632679040075,1,-0.842233732585492,0.918420187633454,0.978041328783534,0.393114423582686,0.861749444649688,0.526678123302,0.822151410556563,0.592327943126304,0.581980698564309,0.701998492544752,1.36811112106895,0.937366745709844
0.841814109734106,0.222131509203848,0.87679329686283,0.571768159582102,-0.0826979733353,0.588130945430328,1,0.0439178528363895,0.489179179488758,0.556502944692004,0.282752771335229,0.602871304552058,0.432923717299912,0.433164010855064,0.426324756525581,0.841205203825448,0.641516019597442,-0.295982480460747,0.875692727552473
0.740901011927624,0.398890405264926,0.82755134471771,0.574364771299759,-0.452635421894962,0.611476758400245,1,0.812839952407152,1.40649037590258,0.542068120979636,0.448467303301406,0.76893511596153,0.468574703176305,1.12553959047908,0.413608225364147,0.449248573029059,0.460050425926047,0.489402410528662,0.557079235427167
0.554330991418833,0.243130096360148,0.540929146332371,0.32579183549517,-0.116820105300725,0.552624406373438,1,0.141046577588363,0.352508422529296,0.354277120070447,0.207620465808101,0.0569367409853122,0.399351948675025,0.711873654368477,0.303247763087854,0.290953201390444,0.475104779667079,0.432757866799153,0.679668123380941
0.611310882475361,0.389984342310144,1.10734087072984,1.07725541884418,-0.71921461397531,0.286124422813117,1,0.417062569497384,0.761731694422095,0.976895954516901,0.467117720076815,0.549414616172631,0.504017939512074,0.634503783892561,0.655583339147237,0.703319148534939,0.535737471527666,1.05787427542315,0.870255779463844
0.795818463117367,0.334771253701668,0.601590732069694,0.395749569343318,-0.0942448732630728,0.488996880591866,1,0.923310651261284,0.78846692396339,0.135480365326785,0.352812672699646,0.466916315638681,0.300578705390556,0.629194804395734,0.407781409116176,0.409468686656108,0.38241058450413,0.704606836414335,0.510300744148703
1.29581703805032,1.07401899419148,2.22609184791266,3.38287538732851,-0.854911321941652,0.204969606355611,1,1.78433396300652,1.92489468801451,0.952356535078267,0.753578373868629,1.26982981985439,0.769713041754605,1.12282667191452,0.982822202279514,0.288949226980969,0.859675053275864,1.8997205539989,0.744601979967539
1.19062617279037,0.621427657337341,1.48400730282277,1.31051758882482,-0.755764048865755,0.229765869756145,1,0.540722923577244,1.03849445768285,0.994629743687862,0.448294859667419,1.22766034512038,0.570988418300714,0.957704930331105,0.483288079965053,1.2954474258041,0.657037035169628,1.45920859586671,0.545715679774064
0.270213777951977,0.316756444809847,1.04356605328021,0.752182051886579,-0.663599597322313,0.205849925577924,1,-0.24379567127806,0.831719315590631,0.655676296806229,0.310479806945082,0.346631866558821,0.354536168967643,0.488986722210145,0.459077136951256,0.611072116762818,0.513819114885605,-0.618604098788352,1.2583703988541
0.358755090781538,0.132080651856938,0.110321559177308,0.103415967180294,0.370538466417102,0.360538617605723,1,-0.0455577569127843,0.431110952206722,0.0431601474526417,0.223852802612035,0.171788405007714,0.225166941331413,-0.0320458842778766,0.429676635645007,0.330058639599262,0.389185079942693,-0.300762009575866,0.849272523495718
0.330084167568729,0.274167092604177,0.556114072026812,0.465246607153616,-0.395343422918822,0.400826122547125,1,-0.774902418386087,0.866768593591418,0.498477155687909,0.308762806326174,0.693910205257987,0.372278765996781,0.566714165324833,0.526744187078664,0.724403214092399,0.476366527143189,0.052312484975674,0.953829431453992
0.695555044873345,0.282383843974402,0.27801916489948,0.22148759239152,0.699260243714079,0.269977465872147,1,0.331829653866399,0.67263311034837,0.417607620686732,0.237375510567496,0.571492527465053,0.208576645853859,0.440600657460463,0.298131206470796,-0.0446885754917201,0.632780087583891,-0.896308784365937,1.55815208880708
0.246166210881458,0.319535080888452,1.04219056092411,0.948515543943314,-0.683842679890343,0.189587084377505,1,-2.09005625577034,1.28962822428948,0.96864945274093,0.373375063384055,0.865266392200282,0.679623008848849,0.450117959757791,0.580463076571772,0.812018712903005,0.453458839918691,0.944019885027108,0.863285771709898
0.458607750929333,0.222949703031369,0.453099432556864,0.306038996270208,0.545956149797257,0.791800329034227,1,0.0964443489293813,0.644979730374537,0.711988343632529,0.228624410073376,0.259037717904176,0.296063433282286,0.467784417522547,0.360170265878129,-0.307178980677565,1.09829862357566,0.204575880452272,0.723457352671566
0.492159346794973,0.350474295008575,0.641031750295295,0.553546312873532,-0.552591981001527,0.486316531349433,1,0.0106853433708788,1.03625330419634,0.702665801838607,0.401828794142834,0.633066467182066,0.463873270786673,0.263042793146093,0.543393291092857,-0.264880729330241,0.887569358747161,0.828510012009587,0.56291283473752
0.928313217312905,0.333169830010826,0.481759820095108,0.294676743754194,-0.491157411834839,0.372431551602564,1,0.952483337637922,0.607263891657077,0.412120010275754,0.361915929711282,0.436500383557558,0.338106083723623,0.541330878296415,0.375117318286642,1.17867197484651,0.34680955497753,0.490775678364173,0.834779911474909
1.19232266766044,0.731857786375094,1.89287723343213,1.84465364511258,-0.821241472540741,0.150509172686001,1,1.38682802449063,1.31788285347039,0.623447594822282,0.612271302502361,1.25889145818905,0.440773811012737,1.21148014738623,0.475313743124716,0.704901859419635,0.929389050865013,1.40157978009056,0.976743835408484
0.546321530289317,0.254890831533459,0.538488277049954,0.372059457029504,0.318711600872552,0.675076512145822,1,0.495002076229353,0.513553384351754,0.278111609768673,0.331417921916387,0.217720637255352,0.47521434664967,0.382900389035345,0.350546171928527,0.453688062747002,0.531180627919249,0.416775414759685,0.480119951380983
0.75759768944998,0.477327543873068,1.19271746122951,1.01994293678831,-0.551847714989913,0.434232109218001,1,0.418536585106611,1.26000466647835,0.622146312413669,0.424311239767892,0.782697651166672,0.410194864818339,0.674807095852957,0.54766154039308,0.761962589041874,0.530484128360346,0.438363363277963,0.852773352462279
0.730972882119964,0.361592673658202,0.978835469883535,0.827997779485498,-0.640614570174758,0.3325875158735,1,-0.276082902184639,0.965739566652966,0.718088767293609,0.45788996952373,0.945586023318434,0.399733453516216,0.857919981818517,0.491793806744079,0.579962735370322,0.557913597779767,0.812338054600362,0.614376864608232
-0.0370969040514939,0.268327077394376,0.686195858181863,0.600938072018173,-0.0592344763392326,0.656921359077433,1,-0.537359319670356,0.685159484679343,0.317882686361557,0.350021173051952,0.555651395866508,0.425300861112507,0.253966694216422,0.423538916438096,0.216178135873936,1.21568035125698,0.786177151184056,0.824384930315366
1.01107526457594,0.382719211490373,1.06537689600375,0.730958376302898,-0.515916751383348,0.24570225203551,1,0.368112513365793,0.800422555990988,0.60189878371879,0.32950069223764,0.882782422950603,0.325644131821322,0.328782582137844,0.367642376620464,0.414844620236446,0.530068991446209,0.965448652081112,0.468923618352168
0.195995998549444,0.307831220408567,0.782157375214837,1.07569232174606,-0.278243775556045,0.590955101742904,1,0.32673725406534,0.910381462011768,0.797956622036342,0.691924368166763,0.292291334561385,0.686441665680627,0.598687352687018,0.47564090389962,0.426234040675975,1.14242314418575,0.443605229624309,2.02669163697324
0.42284270265827,0.283987870521653,0.71230459955191,0.65428773125968,-0.582151266181015,0.369491422311477,1,0.0862061257138062,0.656879114272769,0.298411381482082,0.463641384936789,0.574319762377846,0.502560393271989,0.614508486423638,0.766883357116067,0.598819606644612,0.73312017840191,0.356143439836369,0.552915483033776
0.629301820032265,0.455325450646534,2.37288701996006,2.13902515089508,-0.802502263287684,0.18236834464512,1,-1.1002632235516,1.35028322441349,1.09399703336351,0.462867075860611,1.14614842867904,0.475453709878628,1.30651745813168,0.456450822669554,0.919789723012937,0.613984479034528,0.643795749151685,0.80767858667801
0.422588332604526,0.267958123089112,0.764872683813146,0.64397909319956,-0.7076255923644,0.205315298914154,1,-0.562775213208344,0.568296272267431,0.918688183127867,0.317745085937142,0.529800007691091,0.43727865292534,0.757531051781281,0.585680292356908,0.958911019110495,0.496820482798999,0.427736547820037,0.576614249127642
1.06199570534396,0.388335538738094,0.895317400845748,0.554621320218222,-0.741275023449445,0.171582617627766,1,1.23422183489232,0.74488966007057,0.655520472797711,0.409587069706868,0.746077145078052,0.314290047207816,0.814502933429103,0.366940099217097,0.415003824730853,0.511221956574916,0.428476653330955,0.44007877078114
0.600121903272802,0.336955583109335,0.910856811385041,0.648748774926796,-0.401445057760433,0.376621634602834,1,0.411223310904358,0.975026485523977,0.463705739402425,0.28601051964526,0.130538527770274,0.471256627848312,0.276496087259952,0.626696386063723,1.26467661457555,0.496593562229714,0.690385349134019,0.493743822560622
0.581134015248551,0.260247564683125,0.446785821354294,0.253477473637954,-0.270961980353964,0.493993332412463,1,0.517749047881085,0.685898883050199,0.316564036866999,0.349536897574057,0.345495683179599,0.261973495534685,0.380300292367945,0.362002155418823,0.548530859679897,0.521503446552231,0.323487894432882,0.834982997113377
0.224954495127356,0.175575715875672,0.310623421781552,0.214557680978374,0.246496034954241,0.713774544178042,1,-0.185980065055855,0.57410668318915,0.455426589318799,0.28320082839925,0.359115338039249,0.313866859920053,0.399441146846296,0.403369046322766,-0.281864659803758,0.86808313716647,0.471882775084691,1.46973163812349
0.67943499568194,0.656969823410411,3.80581048905873,5.80634619844692,-0.847657050037031,0.242702957673022,1,1.23371913350041,1.29845972309931,0.748916852565301,0.894090534968674,1.1902961723594,0.731861776803384,1.23104764475179,0.850680494110533,1.10872391234479,0.95395525173832,0.502777621860428,1.08635246701735
0.311858054344749,0.466707008295282,2.69007005031467,2.34930050368152,-0.75945499962253,0.281484658842901,1,0.241219774111049,1.24026942539341,1.05955877518438,0.524427830867917,0.923822109896564,0.607499669486517,0.846167257511326,0.607012861998766,0.594433068378695,0.601799117803413,1.54576956551278,0.624526197260417
0.672134169700667,0.414102131096497,1.68021178950342,1.31905434543884,-0.594847624268489,0.360397278902829,1,0.398775647395587,0.723012134387697,0.720011109554264,0.334160252224647,0.732474538124666,0.516207602843426,1.21071730315899,0.5387551268347,0.985195717062845,0.579789008677244,0.560535210522014,1.17182267137084
0.774592567663037,0.424469331480533,1.31240013267323,1.0320237282083,-0.674727099967805,0.277610100317972,1,0.529970196661546,0.642857704042577,0.747296100613054,0.372139408000793,0.69257605933065,0.432947903847314,0.597714161756011,0.471590393691219,1.25514819439621,0.519661640088295,0.672789298454267,0.489827201057438
0.688839603579785,0.30879389988839,0.678114122780149,0.418995568448831,-0.223514009761561,0.499083428925736,1,0.763613169030374,0.747312418866498,0.135062763018014,0.320873554972111,0.609407976252906,0.359021672123446,0.626190694607993,0.351520058226308,0.520936645921075,0.415291258540463,0.324965023131633,0.403311168521198
1.46912070375806,0.784514542283929,2.21617505782823,2.27584320339948,-0.833036829629603,0.190916978627177,1,0.695582806712418,0.991551858603604,0.822009272766974,0.551005949658134,1.37465875585461,0.524964877209741,0.911607106495864,0.610445022333189,1.5699230036451,0.53493527851949,1.48482679838706,0.612522964337645
0.785709110028179,0.293743044775361,0.44944669953757,0.281206644536175,-0.5952418855158,0.239342615934998,1,-0.458574210966857,0.76569549713499,0.978192742796438,0.277963547254695,1.05989065802897,0.276526343590997,0.755965779112761,0.386903245992747,0.255927484499338,0.716807876369817,0.264338123844859,0.923050361859783
0.485337982515628,0.30242344374543,0.859979577994364,0.605414466220984,-0.430886213255892,0.466972446306549,1,0.511077106662217,0.678446523515179,0.614636762875079,0.425093679773494,0.721396388500183,0.349917071779534,0.0438536336405392,0.674938731387472,0.703830480862944,0.517485601331778,0.216854312216139,0.703810521749402
0.750514735040038,0.354233954976205,0.904462715897771,0.616931128439359,-0.481563212574284,0.384237180041945,1,0.107410237330275,0.714644430443047,0.597183174008732,0.350792127257812,1.10915748187389,0.343477335754389,0.9392173931032,0.563763347227813,0.598233629481013,0.571733270528838,-0.00991132648153522,0.879572305953426
0.334238057205349,0.178247148131012,0.358628023433711,0.161441398222484,0.00910417714742136,0.545596642760953,1,-0.289793296878106,0.59215952445035,0.544184419045221,0.25796763221223,0.0942647649438664,0.291444593387681,0.213302695184888,0.334640212633763,0.464196571926579,0.457787569861417,0.217732406006022,0.71356582480303
0.40672026320582,0.34484817264191,1.01283363147064,0.936311106449063,-0.688697016462953,0.300106741677063,1,0.0468317166069225,0.723443803098445,1.00448416084026,0.470732362748616,0.436935555845612,0.535514921144389,1.01218392788019,0.739592938378851,0.175667953266401,0.726375143471179,0.874191417221762,0.797686999446605
0.839438340164461,0.292633639699328,0.550761552453829,0.374770912670009,-0.405448532740022,0.395189782928498,1,0.960664629957291,0.547393110814469,0.112564802321881,0.293854979274826,0.565988265507518,0.370442797949367,0.415310736541395,0.43086343133354,0.208577849257694,0.495616624543737,0.589719745154623,0.416028368752989
0.714174329106451,0.576546977849345,3.5904861697373,4.22728989758698,-0.877346110294941,0.131680300656365,1,0.133364287262556,1.19545325408247,1.13855259468289,0.704950889111057,1.60976646190666,0.558234591786787,1.02259819277916,0.721831342243443,0.617663754580073,0.87375762786193,1.17691203588851,0.686159000517178
1.5154518502428,1.27414720254187,4.76274563984662,6.79323042481633,-0.915188154283341,0.124801829742564,1,1.69579706822839,1.88733878951437,1.50617712645568,0.750371447228926,1.33002591488568,0.77389789912908,1.08823571921863,0.747607509994728,1.0279478056929,1.02909394734357,1.94079998945819,0.676462886129553
1.10533435075723,0.843491713317359,2.79266810200283,3.76727311330634,-0.848802110535379,0.21595883595299,1,0.0671880623291304,0.792305183718748,1.20453550637589,0.766626510956267,0.91449782267112,0.630637917568133,1.41169582078626,0.859454502228813,-0.356026405596689,1.23316670109357,1.65365899732662,0.725102920061429
0.395797390112245,0.236085664322205,0.607295121552314,0.427264020145669,-0.189175454721153,0.400994791421587,1,-0.329198735216959,0.601159231201165,0.643536672335067,0.313377771223131,0.0295246145745685,0.344952643919329,0.131847405840671,0.465237256585275,0.377616327826381,0.89659888198495,0.634143746127325,0.590738927895371
1.52477179999206,0.694232204056113,2.52009538382592,2.15085418033989,-0.457703415508625,0.601016209530093,1,-0.525304113021754,1.99591408717027,1.31149434684487,0.533887921761074,0.979752605418481,0.471270990823142,1.26365855267829,0.479247336107275,0.610759437051187,0.873752391987374,0.957910803805854,0.500849878506377
0.689750132990693,0.278256435440786,1.00849618628857,0.624880334776132,-0.284267074780554,0.533503464095169,1,0.238948615353142,0.900086185873785,0.893392117591408,0.28024543015732,0.682568374831088,0.302760028372491,0.484581940928465,0.498568905157234,-0.86555736382937,1.24814860194141,1.24628435088777,0.391410530740371
0.0787485571140668,0.339515039694329,1.69832243053414,1.30074270968392,-0.75179143829314,0.223851510024476,1,-1.92120696043301,1.1239422060434,1.01271821166314,0.350402690959578,0.845575525582363,0.526462812404817,-0.325496518970646,0.723224278228541,0.984040838251575,0.555828233128429,0.629057955993026,0.672000162667965
0.905694174319065,0.386564341937109,0.965200670179051,0.787971195121761,-0.335726173258071,0.688675406097029,1,1.44430166549521,0.89887961458738,0.867731717517553,0.404917263420227,0.290808192674295,0.470548416839665,-0.0147059115786117,0.709619476855521,0.20734935328243,0.495380891434415,0.297703969656793,0.687084874619327
0.795346801821685,0.700315611798962,4.50028050235093,5.19739898552958,-0.839128537080724,0.221293806480925,1,-1.07552581291494,1.52243646493952,1.77337832004501,0.577979336144116,1.08100397015806,0.610141331242472,0.19126332591149,0.60708066279743,1.20795164490204,0.816254245989253,1.36899155543597,0.985387449317868
0.797839585424423,0.619911567959928,2.7552510523265,3.11537176655029,-0.745957802524744,0.282111688078146,1,0.307564769019206,1.2018113003992,0.577800240113511,0.605730102260561,1.12884660058703,0.599829195788173,1.13488010664105,0.68626321527544,1.50143684615013,0.654339668709702,1.17275833200399,0.619289296929794
0.806010261125732,0.186578833945382,0.274329789846228,0.189749096955586,0.257722199676911,0.649803031388981,1,1.6039089223623,0.624902059144138,-0.199285720284316,0.334015798369686,0.185785892162639,0.322314738314796,0.195098117231564,0.429650096831828,0.135475139680575,0.413684845996853,0.262524373028335,0.396502831536272
1.19868307059621,0.584133823382831,1.32630590438517,1.43105774246899,-0.780275873820855,0.258834265510755,1,1.88925011351033,1.09382990942309,0.433235452579931,0.536258172874592,0.445576247889412,0.697178029735045,0.737994853234575,0.634424417923111,1.34027867394154,0.672983592760334,0.861270457719359,0.510737159421885
0.431714600835813,0.593145305665171,3.40808503976097,4.5986774235185,-0.873106584313696,0.181192909799557,1,-1.15787744122777,1.23352108227791,1.04563824451866,0.664918196674855,0.854047273334014,0.656751930448603,1.36687977559,0.77226876929541,0.996309654804263,0.703142317334754,1.68150022185589,0.820107547031735
0.431178527154118,0.35827766633455,0.752559900111729,0.747554452886586,-0.684414221549741,0.312862603893093,1,0.0978610369886986,0.985832604345336,0.594470778817001,0.465923277223266,0.589185921647127,0.500495727371138,0.61058032318637,0.675112263660729,-0.415071476132837,1.22010493140828,0.751851400512835,0.744109528249036
1.12541084310177,0.729588671655556,2.4436183492237,2.8466484515882,-0.833700568599964,0.211568664533989,1,0.0590008237715825,0.929171643342696,0.843164435252209,0.608348557558748,0.670712421509327,0.66076273215889,1.23990349837145,0.583587225279369,1.63997938947856,0.653863301210721,1.45212404396348,1.06386727122255
0.681876672900777,0.392598352517304,0.802156374491061,0.673253699133781,-0.199884064382923,0.936512086437206,1,0.914677214787881,1.20284830144383,0.474655236807982,0.488256834347303,0.298591906581099,0.429962629334241,0.617355793232137,0.638726770312407,-0.413685218191344,0.891412276969796,0.9170991716434,0.685783301993496
0.821417636374692,0.412180904161248,0.923689110440863,0.767746101299618,-0.48714917647454,0.520129534790492,1,0.195151411029402,1.04029644218949,0.578614793830603,0.490781733446898,0.614666278845086,0.506564678731203,0.759171057217471,0.469070456803136,0.534131697274243,0.482524760885139,0.0623891570350614,0.650098626370394
0.394674891283643,0.409396112586364,1.5986930793321,1.58320227921619,-0.787236292431064,0.20786553781172,1,0.213147602922923,0.888650913195462,0.673793337676987,0.572701305431707,0.898502102375656,0.461295021687007,0.957636250541041,0.505298438604381,0.816780771896632,0.592078096678598,0.966032263845899,0.639258025634448
0.117476566460029,0.280912090502848,0.866514372460922,0.796274741226891,-0.591977309067123,0.339049973621537,1,-0.882250960222436,0.754392930295455,0.508557701378021,0.455342165806267,0.885157531026383,0.367260319160745,0.141674910618039,0.757401664543188,0.348522797936432,0.800751520335391,0.0875381904305539,0.814602776816468
0.930232618772011,0.463221280253737,1.07934295252306,0.851317333865152,-0.71321703672898,0.176275677800518,1,0.449380201476769,0.795965969896946,0.790947821962887,0.475148877567544,0.58401326752997,0.343524029681669,0.821634410641732,0.444929461726762,0.892897951097687,0.503558934423371,1.26635756680658,0.370131360075688
0.0926230969170353,0.317745789335895,1.40036507180162,0.812598862158248,0.153406076422896,0.789980602808285,1,-1.17819763773895,1.0662815812055,0.64729608192984,0.253738019838149,0.160803972621198,0.485541992997701,0.32300488572536,0.411320396119939,0.884578256122873,0.476568033154408,0.959072232100162,0.60529728723835
0.656703901474864,0.28993481177809,0.878463206477028,0.607225566989933,-0.515214782211346,0.429230670410012,1,0.256651389092429,0.494315149218324,0.211467690251122,0.378955895436134,0.970594268790062,0.381355957658227,0.509238010359323,0.495602769280719,1.17803639107263,0.517033645675907,0.714080442810229,0.928265625150555
0.648129881929723,0.387155948384741,1.03078190792132,0.592848954831723,-0.532145071011496,0.327733650399016,1,-0.239791255879659,0.995504347591808,0.57927906375162,0.322131869621831,0.68289437273243,0.355610757205563,0.678289611253765,0.26928835973004,1.11218711250165,0.39615611640231,0.888256379236593,0.829298252437863
0.226992514014971,0.516326197374866,2.08716632112228,1.44033564629682,-0.661027604403614,0.267857673281345,1,-0.787335782011152,1.26169994045425,0.88334037778393,0.42864484595021,0.823800492854118,0.387884984845607,1.03500433848499,0.460436651469742,0.740032818985952,0.522289968876205,1.17542089884357,0.84711242797089
0.997298537782833,0.463825819398079,1.25213774865246,1.09868310522073,-0.625280110224311,0.319894101271139,1,0.651765027541411,1.17319746421326,0.671868952985209,0.415257174121717,0.635434965748272,0.483332224674985,0.63767906543769,0.485024393512077,0.798567778808718,0.636522530102411,0.975607541936603,0.736154953621512
0.581617562717444,0.299756840136875,0.969809778990629,0.65882583604342,-0.6569830751831,0.283276606511126,1,-0.685505878129876,0.769167400469608,1.12674544349006,0.34254380250618,0.920433758449252,0.393561543221769,0.525974921441431,0.740703741696887,0.511823313534296,0.678525877519497,1.30359440869007,1.28057098374885
1.93789039871056,1.66137960266508,5.43425172379735,8.82343690618101,-0.912583123925839,0.145943125063657,1,1.33856799052088,1.87551349302032,1.47696550392925,0.831582376266473,1.18715714685372,0.877639268242869,1.73042982496245,0.772512739933188,1.68523285740512,0.820864437992254,0.730374474981777,1.07813793918135
2.27577747167643,1.8989281184259,6.69065853715369,10.2828392056037,-0.862009804567304,0.212398530870361,1,0.704897897237356,1.42618475950732,1.57643118490018,0.73274683173376,1.83310971488083,0.841244731643077,1.81548219542501,0.699024849772087,1.70412744520625,0.894617447558816,1.70089211086667,0.955603647922319
0.787906847572054,0.48798138227434,1.54285106818391,1.15595199261231,-0.785382000949057,0.205338134399507,1,0.251242500282438,1.16621566793224,0.616242233767339,0.454826560272024,1.16040373282143,0.443696647781415,0.947743528802632,0.499302620830921,1.50381021607122,0.382621686245673,0.298049260685761,0.867968845938998
1.32322965677389,0.742570454423315,2.26524185694372,2.01451240044794,-0.822618226675687,0.153824482952103,1,-1.08857839865656,1.33239219146666,1.36015464988061,0.430797653509018,1.13718079314436,0.462778931096809,0.955363903670732,0.55808543171164,1.18473735236444,0.655323249632965,0.919483501531482,0.613587730023721
0.69656396023646,0.27143139463061,0.692539166295824,0.423421890716706,-0.238043668338139,0.413972658735276,1,0.275000101944934,0.669109883250469,0.719650884252735,0.241935730389047,0.551614160553382,0.365306905510816,0.146744699520103,0.395066816275736,0.976221397884232,0.569935280984685,1.09855354450072,1.34805434925298
0.46794778353055,0.306515243887366,0.930744794802313,0.631039036469108,-0.368972139571174,0.400761383364017,1,-0.482013504688688,0.665502624766836,0.450066648429517,0.291915647217207,0.66119591828757,0.371280322710504,0.39007232189543,0.41394186153537,0.679372137701923,0.392813112311491,1.00506856926374,0.81662832620825
2.46942529032473,5.78508552988572,34.2339859461221,128.576610029619,-0.989999970434316,0.0371757412649894,2,-0.804952908502804,4.42607715086603,2.15948772944268,1.84317552834852,2.26793019202157,1.91285973771124,2.91619293614526,2.02197395824414,2.40190930191004,2.1452081182898,1.98208461114216,2.36573580436901
1.20640506157889,0.600739827876205,1.16829315662947,1.07885202026973,-0.701163505094173,0.282665475907034,1,1.44211506442775,0.824693004415566,0.720240937172204,0.529709760876954,0.739059349259961,0.504268234186064,0.663418852874022,0.83254381018525,0.583167463384396,0.574971370019779,1.05649734975466,0.566837816183957
0.60665377353282,0.224868109933561,0.573403950185776,0.417959169119201,-0.443055218326277,0.423645979076661,1,-0.787483413567921,1.0041094551619,0.841640025787366,0.437893474877231,0.383933983816349,0.377196216720506,0.839061446212043,0.361867032226553,0.298438657643073,0.422948080600876,0.0328098793253443,0.681089895530539
-0.0167934673800571,0.314672107450118,1.61201582560178,1.11627503218179,-0.488250373544101,0.364202735126017,1,-1.41172318204477,1.08094296350854,0.802451404981667,0.375446368462237,0.716849064488954,0.334401096710564,1.12769654784241,0.389668035836121,0.970932339161656,0.605476979130366,0.263014029012513,1.28328885120656
0.518572975825785,0.522837683965112,2.28286763380376,3.28603064797006,-0.830358866691191,0.227594528898436,1,-1.02858374613226,1.2198078991341,1.03624156691811,0.669446993373806,0.954186178520444,0.797211961440478,1.30283606883229,0.928479157111523,1.00032530677461,0.717044706177238,-0.304571825122849,1.36706775658925
0.607086794442463,0.244465684031173,0.32541316283543,0.230730807652148,-0.241611764117586,0.458525723839022,1,0.507218819596327,0.586916347461318,0.193590132250962,0.278930888423169,0.472824877555804,0.377746441622922,0.53679563469679,0.400771317885808,0.214036388046493,0.423934569843785,0.436356563743213,1.09696454854931
0.501145871381559,0.304046316081652,0.671643065171079,0.627331094924025,-0.130295106841305,0.763406476896302,1,0.613931621019845,0.744803244801294,0.314012907208552,0.401485506617375,-0.396912970939162,0.510434996535217,0.61419033748436,0.551573352860874,0.443365310670124,0.47652251641407,0.797889316053931,0.646023469216055
0.174211341893787,0.350356644347226,1.37887556179352,1.15260095124887,-0.493237367512156,0.415482766243705,1,-1.05642238179989,0.748292429959823,0.591309853416883,0.325297140454075,0.821313993755601,0.465249990461426,0.437532440041871,0.509067945796835,0.832139617331383,0.522996846180942,0.413231639302043,0.837614169106033
1.23374578285338,0.456452828735279,1.11432248386503,0.751552443273739,-0.652958434546297,0.259437627364824,1,1.90132405125788,1.235008662234,0.357035197642165,0.511510605450424,1.17691144200068,0.465537599591186,0.314052339547602,0.495361946288677,0.91569109823555,0.361039745899879,1.01443400295835,0.483862034211677
1.11321878962533,0.526786035162238,1.02750336166611,0.748020391739528,-0.614556599940774,0.31863910024736,1,0.828621569584219,0.83893713510077,1.04945242065897,0.410414341017818,1.17037295241501,0.376241972504275,0.457363299006404,0.497942909790626,0.672455774046691,0.480221059684558,1.04600499250672,0.387925707264381
0.830636952798995,0.471822581716171,1.57271847396852,1.30108682350551,-0.722066217065446,0.250680218932856,1,0.172279987065239,1.0432466306391,0.955242633602507,0.389498238258152,0.476546701012936,0.404184132957918,0.955199084825236,0.515773104616506,0.475582681707675,0.669571036546185,1.01045466975127,1.07828987496268
0.104077009816101,0.303130972811109,0.75796028716183,0.672504884470472,-0.659643658048478,0.277971103781622,1,-0.766808087228132,0.811581072231584,0.899188915983141,0.35748762120251,0.522741264211465,0.53437483151714,0.765952931662482,0.493256675897363,0.23643656755333,0.868163690628168,0.410112809452891,1.19819084544955
0.317655604224923,0.266298450904613,0.920745032220524,0.938248617561262,-0.4143584882347,0.71163588364674,1,0.408956877103518,0.60253818155074,0.340745859292949,0.618356159732776,0.152376130939468,0.615749970908201,0.294931597524834,0.544651573127324,-0.789969886849928,1.1004941635103,0.602104906971666,0.834352644626981
0.329235694143484,0.296576749651523,0.687391754354516,0.574661263674242,-0.377168006368969,0.476488802175233,1,-0.106311407864387,0.611734590176556,0.547415361701287,0.383610399190879,0.589491649221209,0.437907481922093,-0.0328617936445589,0.620175842465188,0.445586289592761,0.482263861359642,0.26758104055298,1.11031705050603
0.68627281730541,0.249113047011087,0.339214130367714,0.227435329816604,-0.191655429365745,0.362076489035338,1,0.166356533665368,0.351520059945881,0.661995262926076,0.27721384349214,0.354456173243008,0.370099153128546,-0.220249148000808,0.598410067673348,0.486849033582019,0.326429538963752,0.520520094615416,0.361866668993776
0.735173854735813,0.508491843487982,1.38060283907082,1.39068925669552,-0.61569792430701,0.361072482029356,1,-0.541236387731943,1.01649753742199,0.782006594073399,0.566275506705063,0.865217184266851,0.530441755816365,0.849088985400722,0.456205570748281,0.885067685352952,0.524201744805214,0.475986525663075,0.687710462669958
0.996938549377861,0.997366742948186,1.5287254595762,2.40748415297096,-0.772896901227494,0.352602299473464,1,-0.215944461942278,1.17080841273504,1.14861098746918,0.748033695188118,1.20254302528308,0.888273884665318,1.16008742945604,0.832520074507604,0.837118052245639,0.782552340538334,0.954561770638357,1.16267768025101
0.257526928204194,0.187584537967319,0.48257453134352,0.381633930700281,0.0279736945697111,0.631877951793592,1,-0.142767576844059,0.599387952420205,0.623649263621968,0.257691444239875,0.20925171128485,0.354430614373225,0.483495688580908,0.571855724327407,0.932484662329463,0.67237545135199,0.44007968250939,0.855627805618905
0.7491485019406,0.463109905820859,1.53271133710063,1.26126624036116,-0.805031928554898,0.193800502608196,1,-0.533326610549635,0.982594307332852,1.06225560095362,0.327278074651924,1.20724763279746,0.431386318814911,0.460206901828731,0.496986367355517,0.388746179447768,0.680167375908762,0.570205670594993,0.74715802798258
0.66827970857477,0.350134547207737,1.19858004680961,1.04138506364438,-0.609755923962773,0.316444725820831,1,-0.233797967977915,0.89197750803559,0.567740547056306,0.455501429545765,0.985646208859282,0.382966455791515,0.851109226333321,0.568675207782621,1.22204320432434,0.491102500202009,0.753354236626058,0.940701313204191
0.990185669584452,0.538738456390817,2.31005249501958,2.51139306931973,-0.780845589765787,0.177810164723697,1,0.693578368261176,1.0137542495298,1.02730709823048,0.501155565854636,1.0524103107838,0.648328128436351,1.20030778223581,0.668540325552348,0.784533247841548,0.790034254712344,1.15512823871976,0.649335935131899
1.31773543609923,0.791434864793666,1.69170608746257,1.6213642619357,-0.837069737900405,0.15927383674206,1,-0.00340196188405205,0.942258974043215,1.07843642538842,0.515208981090997,0.497115406669129,0.560454570660348,1.35661279027575,0.609927360459437,1.40099745415233,0.512979767772179,1.31959378884305,0.901509071243385
0.405557709887358,0.42369646568679,1.54604057869386,1.8578510351504,-0.803148690178199,0.202681291421879,1,0.273377705101274,1.22662255250417,0.640067445008743,0.554964391290746,0.819460368820178,0.618197728834017,0.990898960821508,0.502683715544084,0.740950407832933,0.526059651757009,1.2814156609017,1.29608921856769
0.712921856326636,0.250759940191862,0.748788257820395,0.446432605818137,-0.415316669495668,0.355488114807938,1,0.51846681094654,0.706444443628207,0.249176782232347,0.434542851107153,0.617378127145507,0.289650914905253,0.475255765662679,0.479951914419316,1.21588328578374,0.379546642406042,0.574944559847717,0.66931485468695
1.13483120893633,0.386749265945586,0.622084311076382,0.34930540598142,-0.519842123737716,0.276034729192669,1,1.0305526574975,1.04659565784242,0.67689808627113,0.30870099383169,0.60661458675987,0.291132758612254,0.220428213500658,0.364195587448395,1.18441594015021,0.402722278794079,0.727678968034663,0.479702322484901
0.829980679532736,0.421069729908679,1.09377101730623,0.7451345014282,-0.727724427768817,0.183541119526768,1,-0.236941923898628,1.01524014930903,0.74525932095128,0.406966113129786,0.844463916591123,0.348901027594465,0.201816543519567,0.412933079235909,1.22904424719987,0.423481827005674,1.28382004778477,0.515148634220223
0.212692618528234,0.298917482427615,0.983308923728246,0.610565253404924,-0.354589517044492,0.348841282173499,1,-0.530215098882524,0.644257462098379,0.838929599965881,0.27141564644052,0.717692485962795,0.379157932049731,0.603362511984998,0.384960883411308,0.51308331353291,0.959048908302561,0.55663262822781,0.484129440894717
0.00941458699425879,0.454134976181886,1.3310805237547,1.67394031420803,-0.427095084774286,0.464023997443391,1,-0.127459706504332,1.37991269207343,0.45315707996149,0.70863812113741,0.882541119242782,0.635535701171247,0.832814822654928,0.641346633974617,0.486945401523699,1.2785581775979,0.132089162455166,1.13860625987389
0.903302370652296,0.474989088799157,2.09353412045092,1.43477529305898,-0.64477574076956,0.281930629004673,1,0.96085170472376,0.817537843786465,1.0393378581487,0.476205213864941,1.14604945991239,0.469660729477182,0.6042671847352,0.533580372377563,0.628194963761562,1.19853171329456,1.03029057490126,0.838343821532476
0.315331088817456,0.420107457865018,1.8723674922748,1.91411691233598,-0.62118528725989,0.396096759268349,1,-0.809196893358107,1.36445222310309,1.02360320429516,0.487711840428556,0.561308155559114,0.56182617379097,1.01381608792285,0.533562609704632,0.589660100892129,0.600844238880679,1.76718448187949,0.672974451989357
0.0164711761646982,0.42716755916572,1.72472650522513,1.47685135234488,-0.394616119403345,0.480165386265933,1,-0.417492428204122,1.38130022511274,0.493480971605307,0.422640558465482,0.883614063818724,0.445511694283933,1.08118667910618,0.377372974059864,0.483018098143551,1.28228306848381,-0.573719821202015,1.26768442718248
0.834826674592933,0.29316961800557,0.552217574575437,0.328851612784786,-0.269389632561536,0.298303856387594,1,0.540870901591353,0.630882872960325,0.293590981179774,0.381609016280371,0.209967707339165,0.311423989430089,0.634690395084925,0.302439247429193,0.311703259530736,0.500964193407203,0.618442167489167,0.449526544135359
0.184548132118094,0.279345371352433,1.08569668862171,0.82859664369746,-0.675371281048974,0.229485505403523,1,0.146582122845637,0.613814130746176,0.440860130066171,0.360296226084861,0.67132641758325,0.382219711067571,0.638522685359445,0.415202459992521,0.627356612047981,0.924821356000877,1.42760273868626,0.595251345946635
0.220153147806565,0.357395493412209,1.33085822185725,1.09532481644962,-0.765025574950598,0.193480165092865,1,-1.04460235129077,1.47923001407586,0.732715483330447,0.508221470863181,0.831341992603587,0.52981063450171,0.684427311485743,0.44967313569625,1.16009125435267,0.379912482923172,1.33834530291799,0.513727671627864
0.914623230570539,0.559745962616879,1.30636406370619,1.49357470763398,-0.801568422271861,0.246459337388413,1,0.614647858019894,1.04227871778873,1.02632858085425,0.602171228089611,1.00231589961887,0.731580872621039,0.21818047889293,0.791443485972239,0.939536893389199,0.643348837855658,1.17063668734014,0.69797121456332
2.65987252243584,1.54681806490675,5.0199294894796,6.08087414861984,-0.713059114345518,0.29271791372045,1,4.35993104640418,2.42387932723276,1.20886985797856,0.58360325311005,1.52188544175144,0.767600787192571,1.4254239530652,0.540561526529688,2.31951246161112,0.628379325796875,1.99417323713483,0.883859611152858
0.673868091285839,1.18772221073301,3.62775323993576,9.03276406429298,-0.953745027336518,0.11810756427071,1,-1.67373094714215,2.58962209527512,1.39312618600253,1.2500862317499,1.5967065159645,1.23489861925825,1.54255567640226,1.3046550453355,1.87082113766206,1.26870257861424,1.60490906795831,1.7144526215927
0.736363114839441,0.260615138355161,0.367142208472847,0.257626882250194,0.0912720647142859,0.641614086177226,1,1.50251735941317,0.624450396926073,0.0469123364479382,0.311727774246145,0.179299728843182,0.300191406088268,0.157738434121272,0.415660879576129,1.06571745528376,0.857714011663071,0.575599274776866,0.809613980497883
0.395608136839819,0.289890279402021,0.951115642429023,0.799587819065624,-0.564381481229698,0.349588223892261,1,-1.87060353714274,1.40502671716469,1.0631510757443,0.463220298310688,0.973093613863245,0.422994099361261,0.438616966650682,0.498103078808929,0.862227531861979,0.508279448442146,0.844635727391524,0.495761565220032
0.734963620429302,0.280774054273447,0.518128605243991,0.425489634474079,0.312991704542559,1.04147855530955,1,1.50594635936829,0.832589881335925,0.14565949992051,0.3639141409316,0.401208374682873,0.572037353616536,0.570513475341103,0.404616792232935,0.610618467248455,0.328100210230185,-0.0400207020425155,0.752866885185869
1.18534162804464,0.708849453863391,2.61264202585186,2.58875829579635,-0.804963585022659,0.177065381034659,1,0.328011388808439,0.949781416393154,1.49266849892114,0.465776533855565,1.1457876024522,0.464437773172001,1.5144563824255,0.507224844658639,0.881391103396745,0.574938377262365,1.46945946334571,0.777320043439986
1.12002479855039,0.535664576205573,1.8143797687411,1.83778545960892,-0.674625388687805,0.321718451859078,1,1.47099169484551,0.983451041140468,0.466004640134673,0.537506641515474,0.326437828600572,0.489847498783546,0.944887790602188,0.495155187489502,0.755819743060315,0.783746211504971,1.40728926885065,0.646256752673052
0.662603370248001,0.382524979611682,1.27222082341536,1.10646836253246,-0.84736794442875,0.138725838654486,1,-1.09175351945538,1.15956695111494,0.9000426242584,0.427882554431439,1.09703098274107,0.428867566239425,1.15783625718014,0.54639480376589,0.82664731369192,0.620356780193246,0.100760362871851,0.883872247591845
0.813022876666161,0.412601335034582,0.887266256051717,0.59832347800853,-0.579357952347758,0.328642109692853,1,0.908483378779758,1.11376283431332,0.401667424995382,0.382105888520237,0.630942798660945,0.367453221605462,0.65601230799852,0.395818070509626,1.0801991131495,0.431129860665688,0.414882232559247,0.661180527996953
0.531873635764562,0.324163835860958,0.661669746325866,0.359847404470791,-0.334669035025195,0.493174013267888,1,-0.02023841022131,0.91735352277167,0.540522657766399,0.288854442700772,0.665355261895282,0.35230015554916,0.369997216936661,0.425967086170104,0.735051439983571,0.336674385220031,0.331963689524527,0.694384023394546
0.494820080408859,0.197889825263354,0.293239755844849,0.146676153908474,-0.0383418269989639,0.548394012370279,1,0.251809098856647,0.485671993522925,0.389827544137286,0.25412848231799,0.0617476351669382,0.321190253331651,0.220102249251094,0.308529599904555,0.695672187990998,0.388684935594243,0.441203673966435,0.745126034164764
0.376186996332335,0.185330579988828,0.335293997503934,0.189285435789157,0.200229537207788,0.623861102144985,1,-0.764200373017525,0.568605109716704,0.374762987832905,0.244852858290285,0.420160620528064,0.286937673272715,0.131982395866019,0.325220473935923,0.168529627178604,0.50011300416987,0.344962250802482,0.498602252410374
1.02060583329472,0.635898149949256,1.90866851206292,2.11496401585169,-0.686549369826898,0.293205032212271,1,-0.688613548451335,1.12922639504449,0.926653354821504,0.537764877553607,0.987067891466795,0.604254240505775,1.33151808530676,0.5462804355674,1.00918788815137,0.417634475032549,1.08865477703239,0.571463486017848
0.766235144247603,0.512835659988019,0.997366558483322,1.15835942951084,-0.726908860907175,0.320339820973633,1,0.550262940924076,0.673108834963059,0.587434308302968,0.566213568657762,0.669779407284568,0.667625758640278,-0.152526800091349,0.76529108585016,0.586134567056957,0.590444185145683,0.61443104392856,0.790044826593229
0.985755070076718,0.513861095364985,1.34390273495032,1.1560727647848,-0.735193317723863,0.29088189215872,1,-0.205283327034722,1.03668965626367,0.949653516322709,0.473938304766961,1.14350698456757,0.508480766647337,0.532565277152406,0.523236501165333,0.827833189897938,0.54310106576255,0.805323960482805,0.727816266260189
0.472064571573455,0.253723813358751,0.555129404115375,0.320740984474372,-0.53982493268528,0.264393473969806,1,-0.119296844035799,0.594487989417771,0.319237213397449,0.313598860759682,0.608207879627678,0.275519740263586,0.0965625572287771,0.446997388679345,0.668760236179893,0.507751711154949,0.772482194535982,0.814466728482114
0.608961885692953,0.404579828472477,0.693977444488788,0.630482521748322,-0.590862598445134,0.362756114303904,1,-0.427821504266352,0.928964974310336,1.00161747833558,0.403172878746034,0.783232286351202,0.414990439541064,0.915401451131334,0.830282280717206,1.10986130307372,0.902419863052489,0.619445258661285,1.00504743064382
0.537677439058561,0.331098244739685,0.625559899763187,0.524957110568581,-0.202009679519427,0.610747108215928,1,0.124879656131067,0.671075573466088,0.686832376347947,0.361294860622032,0.427526655432072,0.5470858843586,0.760024717796893,0.432110071287268,0.312306574779857,0.493177668229367,0.397659059971442,0.50074350639544
0.241600406443451,0.18333635715515,0.27082696327481,0.224117584819021,-0.630906118112925,0.227384089902854,1,-0.00733562416474283,0.533969388044482,0.31732711313375,0.30412860835505,0.569731785382278,0.320446506782014,0.423806132698524,0.502161705162139,-0.124432961365474,0.993258472940589,0.369592447806305,1.10989572571381
0.745903674751178,0.379243139566317,0.669234767316969,0.608243986898941,-0.760739243063142,0.206639258239463,1,0.860910241691704,0.79467378664571,0.483709434215835,0.479021740635536,1.06294661670059,0.417472652253116,0.875504444900613,0.567549053707701,0.515065718885483,0.639204694531775,0.342373200350883,1.13270274429843
0.645129825789912,0.302684633329435,0.537309800988638,0.411899812794181,-0.57764846953091,0.270752958698213,1,0.186399728993337,0.686426620730044,1.1371699312576,0.289991000398792,0.871609124639858,0.56047693162095,-0.131198931394481,0.704023100306461,0.666892360887562,0.79145541873934,0.150790668424945,0.949083187728422
0.979722408959951,0.601190625886434,3.03068649973844,2.965052004404,-0.766914977020906,0.23799212491777,1,-0.29056835948859,1.36588369334031,0.99289526091845,0.487840173406826,1.1831244027546,0.430328441037424,0.987632327634772,0.571855256110455,1.10296768406693,0.639626923850134,0.384417222616157,0.756671459582567
0.536609987224275,0.216035931404091,0.47898456774091,0.328011512959735,-0.319655214603362,0.408383734014441,1,-0.0434972363988702,0.462528918661821,0.00528168265368268,0.388836076363102,0.681471886911113,0.306562286736831,0.236585411113247,0.389480729318747,0.290265391370336,0.47558812281328,0.603777799269841,0.756232695195727
0.343941858524071,0.260172013274955,0.973634085162823,0.644965417582284,-0.576712273014364,0.301169994970378,1,-0.109322329386095,0.721228171645803,0.560707439514984,0.3195227989393,0.74154319959655,0.363640471926533,0.00652047227954598,0.496284329691686,0.988676202532635,0.553848388330205,0.708272703316346,0.437947126120449
0.24465698341393,0.252991259256746,0.544928262193691,0.351977715304687,-0.33038316094847,0.492363357184432,1,-0.0383223798582503,0.675824541518816,0.427924921524699,0.293692124812834,0.374532332099279,0.329908800799555,0.649066893066783,0.435972674898985,0.367123527195991,0.654996138074138,0.175134798457903,0.737967805446685
0.702845701716543,0.36626806045216,1.25114838251276,0.890133717656509,-0.625663613044215,0.296288764091686,1,0.0311635987033205,0.585621881889792,0.924984537041677,0.357269097351283,0.21067441383975,0.512040047438667,1.08655323730191,0.452133141624509,1.1287947540824,0.567485470542712,0.00181282064208786,1.36836875018241
0.485792171032658,0.253356996740533,1.02170136889902,0.781389375869344,0.243454095275746,1.17969250945497,1,0.165611112720103,0.788311148326523,0.23956615869735,0.399343970385229,0.577376988906538,0.329729839815036,0.548593358254162,0.476222146087842,0.773728057562722,0.384332546512648,0.0737198034447263,0.806583311724321
1.21892208745394,0.562461090414974,1.23467640550988,1.16213448808904,-0.514210740982721,0.483231077593563,1,0.537180491433607,0.816236071972608,0.907812209235859,0.461176690108081,0.682652782108385,0.428754589591618,0.730845319334321,0.533078291954392,1.10993328671334,0.591007718320075,0.984658014224495,0.847911289963804
0.336615653862108,0.256359991065489,1.04284534557331,0.610097996919324,0.0864306518732718,1.13407332308077,1,-0.645801259141025,0.801664380485597,0.758555850634276,0.267354991145639,0.812936295569786,0.342197401830902,0.464883299041562,0.855145857295809,0.474259238755832,0.469166298773301,0.625957541620519,0.441195392415624
0.71666229655578,0.401561407767414,1.27460067305702,1.00385708059081,-0.614329406166609,0.271218343089711,1,-0.148021187035851,0.630939668146272,0.808700910844161,0.333684480257706,0.690151953636161,0.356867161733293,0.673931241380088,0.455599666267514,0.803506443817319,0.857959289892659,1.17990376503332,0.371728500184552
0.511516767172947,0.297370471091875,0.34551826834527,0.280540445778482,-0.372566467805507,0.503167457597023,1,0.15377398377937,1.05697013577018,0.526785674525071,0.399997949964926,0.662070253815719,0.494489780570692,0.403579215734651,0.411598027448592,0.328694635240671,0.586790527301712,0.0149666089783653,0.942580014735977
0.154986714774216,0.350046715067193,1.18812593318067,1.07962954330843,-0.663085052247678,0.305223391053776,1,-1.45212671791495,1.43806745919754,1.00197553750341,0.425527918589799,1.03238994517583,0.436469116402706,0.429579019306291,0.757160929456877,1.48570345310828,1.00339569070707,0.0913556162062502,1.37804336314206
0.816204238599326,0.608599877702691,3.94959797176387,3.96263730213287,-0.695556169825831,0.3067187287224,1,-0.561095885007646,0.8991998772744,1.21187407059636,0.55648165153529,1.3498525276595,0.578955863607596,0.632499128579629,0.625777445629614,0.411391091822729,0.73833333558087,1.51047907604962,0.615734897015763
0.506056262126109,0.34308633732629,0.926170482913239,0.784112335426041,-0.787554987013318,0.153780881059678,1,-0.34868591551535,0.847174411775446,0.943765020630485,0.37860313038296,0.796712430929425,0.455811532502285,0.391281711225544,0.594646745365397,0.460696649320139,0.552283714308104,0.266145831659825,1.03095512481276
-0.124312564529092,0.391037349617701,1.52632300696449,1.37079882167258,-0.495699697518495,0.48011485231136,1,-1.46070981208828,1.6009661696884,0.780604089468527,0.427234014543685,0.754666284487541,0.378073675861979,0.861964918927437,0.525553021616184,0.151816469467055,1.02276407233671,-0.118568626111795,0.892916319536181
0.346471431991209,0.211980581323404,0.316052728886782,0.229487726835257,0.0217976960550793,0.572855081510821,1,0.282757824116504,0.67361647065586,0.226347833596851,0.296881541396195,0.234902756490892,0.406554599974682,0.258678405592973,0.33801648485783,0.543483166107772,0.498819491393651,0.646076283756623,0.972449257310965
0.999564684064527,0.562394451606765,1.3053514717148,1.30840019461992,-0.803244548421984,0.221667181872823,1,1.41528381549116,1.40480811959162,0.99701621885647,0.532306340460976,1.3429541252112,0.527433551706828,0.961452689157818,0.733362901954463,1.17082037886825,0.69725297906338,1.17023498286318,0.8674662567121
0.674379834348903,0.318354833450223,1.03267540386468,0.716707294697724,0.140476342331705,0.736976854501121,1,0.35591063186949,0.767740898836635,0.583538201066451,0.404031188632291,0.76116217727361,0.270840571098754,1.01670632785422,0.546649670254995,-0.714945628823076,1.28401063985698,0.453605351018446,0.915062119030947
0.534440421700697,0.334123950861559,0.562699861598979,0.389325548088216,-0.526069175942807,0.391749043874491,1,-0.248774390653641,0.579693798170822,0.935829498697264,0.368684891777741,0.275805357844227,0.454559556417634,0.375231909475373,0.397520157990744,1.0916417990009,0.57450677381538,0.627608854122533,0.648186126794311
0.6334608894169,0.610150168504739,2.71314510168797,3.01390607234493,-0.845243101080622,0.182211068230301,1,-2.14450968721639,1.21898689651132,1.29304345494735,0.535661568212478,1.26279014393208,0.66655175074878,0.999955222631306,0.663402852564501,0.844645587093113,0.985420130648649,1.7098236557489,0.741656833363082
0.173563017014977,0.190545208527132,0.649226498724982,0.493470600764953,-0.352887914064936,0.449000608367757,1,-0.344184997203223,0.54930169303121,0.76092058905121,0.294844815785205,0.249458499491922,0.395320648632444,0.680429594148623,0.339271180825578,3.52162283649098,999.999999999554,0.693147180559945,1000
1.06896733145251,0.587214368986028,1.22628416773062,1.15183383046125,-0.529644745633778,0.493198583428615,1,1.25752119782132,1.17347332668915,0.667480088666508,0.478811944839211,0.976220770753182,0.550029851426707,0.941397166659206,0.496990310466515,0.746940716917226,0.599167206577021,0.432033330143136,0.902792816670601
0.563611767841901,0.332845548170916,0.723362796088771,0.602188996804965,-0.603413437106669,0.312060139563929,1,0.379856832547788,0.707449170656567,0.911144814998271,0.419143281458716,0.61708441699404,0.517972760437307,0.486421427001532,0.596292618562524,0.865867122479764,0.366137889710628,0.639632781907168,0.903954385113249
2.09830184358017,2.0465818955185,4.53337350554098,8.27221200004311,-0.890985140382879,0.214879312636194,1,2.23506723746821,3.32536674071886,1.32090241927734,0.832116102496245,1.3662907175652,1.2285417767977,1.2552842354338,0.941629086214001,1.43217386564034,1.00706250036761,1.95998613661141,1.03697178628557
1.1669977486945,0.537588152679804,1.69162918136653,1.38243381933166,-0.71328793688363,0.213801756458856,1,0.666964597651524,1.06029867031864,1.00563166732068,0.384172068109363,0.727093483793733,0.450612130925426,0.882466478859843,0.540236659316503,1.23422370697276,0.509006324889609,0.912326001887516,0.895829021069234
0.860520758930301,0.392384402650256,0.891866918386424,0.733009820032792,-0.5609472182897,0.371289072101869,1,0.151028387567791,0.775545295925102,0.320396207255186,0.526914839005813,0.875959771467954,0.395156319523682,0.885643107281286,0.46874930320104,0.830677651542678,0.688578715196046,0.944880851394296,0.601339714408931
0.664509442836585,0.5036456660628,1.71839015355258,1.96714188333419,-0.742087559047612,0.307290717805878,1,-1.12896157746889,1.63615540690313,1.13169107233394,0.506448347897635,0.615945585054638,0.636354700234423,0.953270674697776,0.711563959379857,1.36798454696248,0.813775653238297,1.63743229866599,0.639548733257698
0.945409402967479,0.4957299532475,1.30107141365279,1.1926563044832,-0.744200629838616,0.234903756617094,1,0.6565059332245,1.2489410529067,0.550390737782322,0.519356770446708,1.01977283598269,0.387180632357214,0.966296322240736,0.548306506975591,1.0135194532292,0.578572428149128,1.34984153976861,0.548037676489853
0.408004638825482,0.26471252360094,1.08963451980529,0.736563627825887,0.735949650330905,0.588742832157286,1,-0.0993782556041143,0.747000713381247,0.681991532394829,0.336950167029099,0.618940538978441,0.237327890955471,0.0307906824134475,0.515820369705279,0.487149866862707,0.662057959971882,1.02124433830902,0.520408006447748
0.674222750030875,0.537556913459745,1.16671783796795,1.37030758390727,-0.683155926277263,0.384295302840599,1,-0.024197765081213,0.984308537097089,0.705813258180648,0.533282297975061,0.936077758138292,0.562340970616751,1.30834109529668,0.799865708391871,0.836368116791697,0.742458405122648,0.163907790637245,1.44887899903022
0.928952921367044,0.387281996245961,0.587701291345752,0.645073514157592,0.107783873661042,0.990326639661062,1,1.0411342104873,0.648740053740007,0.604849473603425,0.354955675787972,0.691211066515377,0.617996058985043,0.593441367714666,0.531919201161289,0.625599161570861,0.564279523604027,0.583074175205902,0.486989134654132
1.03346415703047,0.672484232378122,1.34287060651692,1.31793352585691,-0.671267245380787,0.309576546156587,1,0.728237869870507,1.212195425105,1.06491121287445,0.505487376657724,0.999845671620549,0.582482966502534,0.689352862386269,0.72351285427385,1.19552625979617,0.720750161836645,0.395633480190878,0.808601951976337
0.624330822697333,0.283538992023187,0.788787081913071,0.424664057810315,-0.440140507521239,0.360313635080697,1,-0.0605934718015308,0.485895328391147,0.838879571025354,0.248563597605037,0.507864413730656,0.33196692707732,0.51789039871746,0.38328574684498,0.723456903688845,0.348109128308394,0.917468793641021,0.545189161369687
0.773680593775286,0.411448474087697,1.08903900071837,1.18923642148271,-0.752581692872612,0.201728417183264,1,0.386589019664766,0.821994559073791,0.885396712973743,0.441978824911985,0.729470008709078,0.539293164302454,0.673041456468868,0.674366220797898,0.589455446712137,0.72706658751746,0.945143793729403,0.633224241184721
1.00999013280729,0.540293224653753,2.15839608262441,2.02180699865556,-0.705730825325624,0.282621717288406,1,0.0585796915029741,0.954891661153769,1.17286942626604,0.491842484690331,1.25278395828098,0.573923680203785,0.0797809376882799,0.80747028158436,0.607337631750016,0.514506701120476,1.34190415126126,0.509541777448091
0.382766863121424,0.202480695770653,0.472077835418511,0.340104128142025,-0.22772401141323,0.397744751647835,1,0.0322165906534475,0.611691778400697,0.499085442423085,0.390893592661928,0.491986214761561,0.30620952336546,0.497256685396621,0.396540665229323,0.389231876620252,0.449974716473007,0.880318862453684,0.617662443848215
0.600638972173698,0.222982758556752,0.676193467759455,0.495967021893698,-0.509909183989755,0.3498050784476,1,0.284705458609957,0.499946741138307,0.690157854552446,0.379258193507939,0.555016255736522,0.377685597425573,0.060907241775395,0.521424336547139,0.875729066709695,0.425202011963735,-0.218896305883887,0.928207210602716
0.117083446088402,0.377698244752858,1.21010916925366,1.17282454670085,-0.594316387719111,0.447130942324472,1,-1.13895120141313,1.35662581020706,0.512036063557164,0.489983895773253,1.09812234322905,0.481519347674145,0.417429337685934,0.418714536548311,0.873222644670337,0.559888727301068,0.708373529789278,0.788927179508644
0.570525753278178,0.282924117769031,0.595373083143215,0.390431871675705,-0.415763942891353,0.325336091157454,1,0.184972418413062,0.594432586744547,0.601944633544557,0.423542678942922,0.500476386011068,0.421272620514075,0.525346034160385,0.418292267933802,0.337587715129268,0.604864940325862,-0.0363323022598279,0.651180423465846
0.623086846141472,0.356922808719213,0.74962045337952,0.678289527355342,-0.511931370143647,0.443251472099254,1,0.343484258914176,0.845376099583688,0.478764687251327,0.389121460392158,0.425820655045238,0.556000164673966,0.49927352967807,0.480551550514402,0.905034765524578,0.558498291877125,0.132614143466514,1.24929014203892
1.68343077493809,1.05308726716569,3.18036593486937,3.6310915827897,-0.871622553842026,0.156092008249827,1,1.23149929006047,1.55838238496407,1.05997700827264,0.656045854359359,1.07468868191172,0.662133300991486,1.04033180548792,0.582750257088817,1.04266909020959,0.643007464963699,1.53508712227338,0.644936883968753
0.644232579127742,0.196258124522118,0.146920165168659,0.166723767003959,0.81057409129667,0.140020357147382,1,0.606688368331085,0.644227343694434,0.477222141662553,0.224403104821333,0.242859240901312,0.191885375994345,0.0911186799966206,0.701693125805019,-0.0219072525615058,0.869451728665094,0.319962830409687,1.01062543783708
-0.0936841048508209,0.30585366080281,0.934585117591749,0.709829159980222,-0.571765711666807,0.291516412402161,1,-0.599296427850492,0.986581375755672,0.0966230357003492,0.469773234074338,0.314437997681423,0.401106247205431,0.863624271054646,0.330644244237418,-0.145876289107476,0.652521307385057,1.22955308422885,0.470656402617319
0.536303281997684,0.302484793663506,0.59695386813841,0.428450536549373,-0.601720017186603,0.331871677861683,1,-0.534540370446294,0.567764632495816,0.884711051816323,0.322657285250561,0.266126224167348,0.502924648954782,0.715463194722751,0.43941425103728,1.03085474710185,0.763474404999495,0.503479199189927,0.970599445109627
1.20606607652866,0.462001299638921,0.783156027414657,0.726260483615753,-0.638918625449072,0.391105722563257,1,1.48491323583907,0.767916575165254,0.552052468514016,0.430787473317028,0.908703174845345,0.541259086100761,0.33873320618646,0.518344268865026,0.367733670821369,0.49122169078817,0.755511588320844,0.628551487348246
0.69799237256252,0.385113743538334,0.951179458930959,0.999007829796927,-0.670846923382953,0.264147932241908,1,0.347988897721709,0.913438373573086,0.827975648935763,0.487921542754262,0.448315804024509,0.650253860873442,0.817614440071363,0.543769695591738,1.06294895684914,0.527466354220051,0.188375042981193,1.72983585798022
0.733396348433427,0.376862907617976,1.55003012434047,1.22455815612216,-0.614065867966093,0.34531987422839,1,0.0384127297174473,0.790318505252364,0.717077013976567,0.380456351181565,0.474124390735539,0.478079269364667,1.26758808904283,0.390493074705257,0.631358282586622,0.684662073307147,0.424144389700862,0.704241255921431
0.494744421926298,0.408961980235918,0.807302830432099,0.822545952214328,-0.426670865520736,0.618291539738364,1,-0.435667907427602,1.1394565528872,0.535277074556871,0.478255609513447,0.599740769379772,0.492153932531693,0.758703918526127,0.471363754968808,0.519603665220073,0.634241921504121,-0.0652240328555225,0.617646727027515
1.01508340102004,1.08790469467223,3.7865444353399,6.40864064990481,-0.904915516292774,0.147146750201973,1,0.0696417376306394,1.65074887555168,1.50800526737113,0.757456235779132,1.51800215222318,0.862028510699499,1.88001785971131,0.851655188026007,1.7278213344437,1.40573231415695,1.4210379245484,1.73610525563606
0.625929125485411,0.255991169152072,0.610783345759514,0.410257393997142,-0.502126604238107,0.293558361895649,1,0.178169076739563,0.528983115344814,0.609085741736337,0.266239092093384,0.503358757025091,0.439806743717791,0.482889587184426,0.422289210620606,0.0440029300427654,0.550244132766593,0.997238044209504,0.609781512515607
0.518092240189452,0.343578058631247,0.916750160671904,0.67742438131338,-0.663700816730456,0.191230970040922,1,0.113610937074343,0.733947232912291,0.589149058924181,0.357077021093129,0.869168371918381,0.393249481941878,0.923166697278102,0.496748873324318,0.403388192978902,0.566567732331918,-0.337364171972602,1.39517679385616
0.288398372116333,0.241417755435021,0.526731597266612,0.407125188207522,-0.457282394357759,0.42946392184711,1,-0.201978406481137,0.802303180842823,0.500988701199533,0.383263330915202,0.256613407365218,0.362773377719364,0.532604249619054,0.414074965182736,0.597117878381575,0.488781787638956,0.608099305600041,0.565415481300323
0.183686423411935,0.265234442582834,0.358861626089451,0.312494593557798,-0.27606340839393,0.45538970800865,1,-0.529909177656248,0.546703443250429,0.597176438597054,0.347817659978627,0.41784536601137,0.363214682477664,0.182393424211338,0.471308837225789,0.0822604749731746,0.666346609834431,-0.495592904728171,1.47771123387581
0.703180872482642,0.48517238897337,1.65015516620672,1.62769879111216,-0.435330308623893,0.556626316496032,1,-0.0194920484015341,0.888020019991041,0.742426784419768,0.50874552962583,1.02346868987651,0.541396638440438,1.18534761972247,0.540355235258211,0.621407662284321,0.593052646538339,1.08211193922237,0.804022947013226
0.426827188963459,0.404116300687215,1.34356349309465,1.11460082647078,-0.516178652411544,0.458835763294298,1,-0.978597585311448,1.09336321517426,1.06846196545822,0.333580812274953,0.668119634013826,0.478188547096554,0.242216019413943,0.4278325980622,1.55214420364382,0.595340306015393,1.96685640076807,0.70098295184238
2.07601530361476,1.46304048771176,2.71319397921228,3.39275115842423,-0.838302532409081,0.217469980871657,1,1.40396662355044,1.65904958841757,1.23530593350073,0.629533696628895,1.69771239531913,0.674800470997372,0.999929923931987,0.771635946452908,0.758770521551131,0.88243025549025,1.65545305805696,0.797023448639267
0.279805186933088,0.335860581875089,1.25984360596707,0.839933034017383,-0.640467914498358,0.277118015523677,1,-1.93762321314496,1.16657587310005,1.09815395188054,0.340069338327793,0.720407825763652,0.398711412567568,0.80065084707724,0.461517528075181,1.23584326947848,0.372472938512774,0.444211616749944,0.853904164088362
0.608059900607082,0.293900361687709,0.603402982353309,0.361528912000465,-0.456564140041191,0.345286362966053,1,0.206998647214011,1.01234303855026,0.704118798557203,0.31533500901367,0.541955011332378,0.336001928890079,0.147252867428608,0.545600436359499,0.69003767981397,0.467710776447736,0.567142850463813,0.409899423987162
0.0912114889738273,0.412285622412896,1.40224513891846,1.34251090385021,-0.818362669456814,0.179633426824486,1,-0.561688248693533,1.45333523210627,0.294630348446097,0.49767989754737,0.783955037564114,0.504526910777851,0.7768841394497,0.738354031623259,0.438910066866513,0.86520995697738,0.538311099040069,1.10439396154508
1.61391705291028,0.810105883351671,1.39930799153063,1.62119208725873,-0.746103907866164,0.245985463637935,1,0.250036143294447,0.963448356360128,1.17083266736296,0.445628491138886,1.09465408644772,0.705437987957216,0.682154562415475,0.657247776615209,0.931701479772531,0.679020021793653,0.864810291369985,0.736015033715482
0.453024573902301,0.217086344774776,0.429341012664751,0.325869423155337,-0.106840319775832,0.673735445802048,1,-0.044660202368727,0.453957457089019,0.284004753708868,0.359975419298891,0.455407240795661,0.314537696414806,0.591004711686032,0.359307046553707,-0.388956035213871,0.683262221693666,-0.515694650727236,0.789587823044748
0.735814393761081,0.31176113746796,0.915175676846551,0.580744848575934,-0.481659179210025,0.30739211924569,1,0.314328164541498,0.525216230359671,0.620282157862753,0.371790337062649,1.12544465964117,0.310683957607765,0.782041731293979,0.387498254047441,0.756734035007361,0.467221161386009,0.885354758411434,1.12403724018465
1.07463177447776,0.394087628766655,1.47418931630145,1.07161076267124,-0.368595425991832,0.366828945787064,1,0.609251867944915,0.6451956894089,0.661133477039038,0.295518996737864,0.99258673818889,0.732727065408813,1.35555934136951,0.425671492645989,0.382219482746467,0.582126989974789,0.741588170603159,0.712855310828956
0.544979822938767,0.628865109326204,3.60208680267052,5.40419874036861,-0.828235158703925,0.260773752928425,1,-0.490267991418552,1.65084556854892,1.12562407780815,0.724407407817515,1.37426023868047,0.845558063065238,0.814385765140089,0.798047550175991,1.2377469087195,0.797947316634788,1.94464614436628,1.55883189790074
0.39644872179282,0.250862728111573,0.394289645394747,0.306804608628938,-0.383242868277473,0.416806476925528,1,-0.00442378024322627,0.674326017784879,0.450817206323492,0.29225549354626,0.829221414558412,0.405136309748567,-0.0154069449959929,0.66053434417366,0.887117265911786,0.603732299315695,-0.643045394993074,1.25592092441434
-0.0515793249627074,0.323572377241948,0.935304895593954,0.808761898363233,-0.669021062082909,0.269804352346358,1,-0.864425912922397,0.837240707982989,0.505794131051718,0.419322717745571,1.00529889329305,0.388974592756122,0.935239629506937,0.431563247870123,0.308695441073523,0.721994520891094,0.514813662796002,0.502567332439303
0.641051087668659,0.493644437100575,1.01751687278457,0.886863726669823,-0.711656258946412,0.253827264964199,1,-0.137090622795914,1.74454555567985,0.866688262063391,0.464578742878372,0.836058236955176,0.390744140539699,0.896422923641854,0.581243143064634,0.266377098629578,0.531851085621668,1.06303962731935,0.689788593815302
1.42461421794684,1.18688515933762,1.75016289646325,2.45242484038417,-0.783458060808708,0.332403724919363,1,0.0563581394849729,1.30258516612167,1.12523101215779,0.652410979327689,1.286711207621,0.731405703135162,1.19562625383981,0.78403262359838,1.067199483195,0.901362888482344,1.64604907543953,0.701067578375345
0.466807737633858,0.289105333147432,0.391141168629471,0.298405874868049,0.128843916302309,0.795793230142788,1,0.243205391049707,0.819436813601374,0.199751373363499,0.412710363601008,0.393398996606191,0.308480539952995,0.302139642075657,0.396127825636318,0.509581351026947,0.562598482847702,0.350900132920569,0.616239020869934
0.399868000298199,0.274629860621405,1.72728611920269,0.981966232329974,-0.438549173491329,0.357497421479659,1,-0.619781619748012,0.61884013529361,1.06662223334067,0.290160898164015,0.0821225457553284,0.577963338282027,0.639085175897402,0.601693613475487,0.564823245140887,0.437606260815471,0.23778182648208,0.781811500083287
0.797085689626726,0.278466729116883,1.18294916021549,0.815737668158583,-0.0724339798931978,0.516579836767332,1,0.279449927561391,0.615650795793917,0.739044331864574,0.26043933710673,0.533083844526885,0.553694334737608,0.552487682659912,0.501741014757419,1.11786889009164,0.419290060055568,0.948371928344589,0.598513718289151
0.810487306873196,0.311938717346572,0.680492613712304,0.429042817200197,-0.366948959944786,0.424243141344036,1,0.535545076557308,0.896381744965254,0.113906677099132,0.41822512985413,0.566989354790005,0.386290951804169,0.607334896755434,0.343950135802699,0.793978149914289,0.364387774526288,0.576065647697753,0.596698982594095
0.526586130618155,0.321153690052537,1.1069183377517,0.763821158928954,-0.733309275975294,0.156075604145299,1,-0.442111005439851,0.570969566017795,0.924237726549704,0.371644550683073,0.255572209529383,0.371093494370331,1.13662174942663,0.366622904830472,0.161071967935404,0.740085567724253,1.20954915703549,1.07421597355455
0.429217690297453,0.206078479129023,0.451193989686863,0.334684661966628,0.00547140112352654,0.556978365339292,1,0.419200217143128,0.620237922246889,0.213341777748169,0.341599219432123,0.650996927124609,0.350425682742027,0.569353564149964,0.367474134716005,0.495094299717545,0.806561584754843,0.314734525996051,0.947393646776437
0.912398772437012,0.582091953074734,1.63593268576353,1.44849965440817,-0.458709489200709,0.439772297544255,1,0.628589010772162,1.20466880571389,1.12538514655997,0.482328955813054,0.834962392836158,0.44911597585812,1.29599557984478,0.606215728456755,0.667159101258935,2.96631478747822,1.31122674548895,2.14026401591304
0.392896210045205,0.236971092119242,0.31671205080909,0.258629256077566,-0.236417578453738,0.515205944896379,1,-0.0587218293673723,0.7625488818921,0.458430825256145,0.329270370452659,0.385167984235653,0.398966136512527,0.248108986274607,0.63563755328197,-0.422651377977417,0.629781524294991,0.697065566342072,0.767457452460791
0.786279689824585,0.467851654684897,1.19768112254674,0.94995326995359,-0.725652200876172,0.242892553057766,1,0.65229637518456,0.916918218572307,0.672725792810539,0.490051180729153,0.740570829342387,0.439342783772865,0.844359379569714,0.399406697977611,1.42199104686448,0.891584868312986,0.891365568537983,0.806321458256097
0.0716127928105842,0.306426488367042,0.822497149023727,0.679179044076345,-0.39224990013206,0.455704462538742,1,-1.07368695833309,0.902520539180598,0.795047045409838,0.419524703993177,0.556097667918322,0.337529287568607,0.87423326613855,0.385226157789846,2.27899285142158,999.999999999734,0.693147180559945,1000
0.0832899135483551,0.187360036623548,0.304560833567495,0.271758866186065,-0.00609432091102731,0.936990886457391,1,0.29691164728133,0.593934976500535,-0.148022749180953,0.4577317059182,0.354266288151103,0.350697935380534,-0.519232419121961,0.730087269852319,0.409951159711668,0.750163999461748,0.585863148877698,1.17126078237136
1.05433641556915,0.663564818613775,2.43616812418471,2.1491214297938,-0.827314689113235,0.11704761181492,1,0.405799376973011,1.47511677397374,1.0727964704121,0.421495565351175,1.03580214844602,0.433150176143465,1.7533297658134,0.567145132476806,1.27758518390339,0.602553229740453,-0.000953217931978773,1.28155813224789
0.695539897702498,0.243092141512104,0.369214821966967,0.211431349879886,-0.117752866141064,0.537278195255396,1,0.0616827234646006,0.604900135254114,0.570455838905792,0.266131436387262,0.405372903904344,0.412001319216836,0.306253787363115,0.492413937319754,0.518975605760589,0.365281137857481,0.0124385839543049,0.666627443398366
1.08637434377044,0.743633716420552,2.79263954242098,3.1201470501059,-0.905632071882146,0.103735972817905,1,-0.153245583991657,1.13875830251168,1.47889007283176,0.605970479321498,1.55240789931018,0.585058214229331,0.887426250705473,0.531701309566702,0.891518867602837,0.874693280392461,0.803880754722268,1.19971131003203
1.161601323075,0.475061352617543,1.5284505983668,1.38635001275222,-0.72055730134134,0.234286875243314,1,1.68458239888166,0.77395904127898,0.739253270725733,0.424494972845084,0.969964270283176,0.427769893079386,0.335685362903377,0.66704853287054,1.26212408210612,0.530962024201406,0.906330580713603,0.567728286003412
0.589955103929254,0.350932091845385,1.15126566652355,0.799388666432002,-0.667478043502884,0.239478988111325,1,-0.0891795252668024,0.674810033169873,0.742056297001386,0.355705828090432,0.960866029084817,0.344570319062033,0.37590310180212,0.484352003005973,0.0605165647120208,0.608695971372909,0.956831760740378,0.468709543177481
0.711021854636694,0.48003235109618,0.969441896842425,0.917565290858588,-0.73828853259096,0.268066380576453,3,0.82997107394734,1.01519525691279,0.800478024933524,0.418099481028439,1.44660830373003,0.537632198930961,1.19360647688076,0.619579090020938,0.261601448659572,0.880476556784746,3.79625037916436,999.999999999993
1.2099292238256,0.569320305755133,1.31824599871143,1.06600253068271,-0.722058851044137,0.261133702235472,1,0.130294886903808,1.04591434275688,1.13702388825939,0.47176778422728,1.21384227656751,0.37365170535968,1.41366271969922,0.382294683315187,0.0285376025347612,0.745856189998755,0.947663055050734,0.627061880319461
0.134075717643815,0.200442765132467,0.52098598370887,0.381835410788534,-0.145012867424703,0.649914308921895,1,-0.107010402217851,0.622134147709529,0.467661980581304,0.236677738974535,0.418901612048829,0.319031032520337,0.859276328492079,0.374744112517327,-0.600017744539646,1.28332539815589,0.946377543508673,0.577935743315735
-0.0215513827493909,0.363318173816031,1.86500978934667,2.22332850289174,-0.840716730017242,0.164819518965601,1,-0.679328773223537,1.1434201627382,1.08490214133544,0.544922489787512,0.744291192261022,0.938658415558585,0.778549351506854,0.568719578777941,0.835269751196042,1.25480369127283,1.52829623212558,0.585592492625636
0.990956400586821,0.626462223678798,1.37776929432586,1.69883010667622,-0.37986752989377,0.648538416125486,1,1.64976764695451,1.21727702786433,0.293089060165405,0.570888059080859,0.428101053273796,0.611379324566168,0.848494379589583,0.642794329530933,1.37477239218805,0.819309979082781,-0.578201762153995,1.10197477409692
0.471317308212795,0.488556551012373,1.29623887560945,1.42221922077172,-0.675760204903535,0.35165909090645,1,0.636783658424251,1.45755555676046,0.660775949629394,0.553081656015073,0.56903199769114,0.63407786728473,0.664087418701254,0.646818849271344,1.43852979390313,0.558475892827111,-0.703537595194,1.07267572708971
0.96482755550777,0.367953213174738,0.764730240963462,0.549396744430535,-0.567463708887008,0.310339220376657,1,0.159969663357818,0.672042222131837,0.84302134332635,0.349471792902702,0.575795030252752,0.467907026815322,0.645228818112605,0.530781632148204,0.261715038361575,0.65956228210339,0.943312239256773,0.458863541461975
0.245627688720655,0.188051906927605,0.563617215701159,0.528684019860179,0.436141093193144,0.767669587806611,1,0.0850874403453314,0.59810679857247,-0.463335453143622,0.54243547001937,0.271909699524061,0.33364497460005,0.140245178944998,0.292924657143682,0.333503735195491,0.661106594737901,-0.390146394023325,0.969228556643819
0.639258723326648,0.441914968978331,1.45427717097801,1.41920979407056,-0.750963049049043,0.285312158109669,1,-0.622604679958437,1.28242799689985,0.936025646147381,0.502657246530612,0.918314603408928,0.507185707856588,0.986350921178598,0.54326378045969,1.20362212083548,0.55730633206332,1.17318968514344,0.964741280471875
0.775828417432937,0.602046980759944,2.00900000638085,2.1764149089558,-0.620287334955169,0.343282748704658,1,-0.739311509978726,1.53807782829733,1.04120453461391,0.569029280480217,1.08735587698755,0.646475083453247,0.333073158537935,0.628055868773077,1.25868068351948,0.532955685352801,1.0805877941189,0.570271966885431
1.2879314858079,0.891606545898041,3.04764410507101,4.10795996173829,-0.800833700301065,0.266135482889156,1,0.085664288947599,0.961499833775104,1.10225567670988,0.68273757340547,0.982603764056945,0.834292134255042,1.26089815514406,0.659124230634032,1.3698811925564,0.70732183021933,0.91867004115345,0.805844859617388
0.357090287718143,0.37694023024944,1.73419503697321,1.87046621711197,-0.523231595944198,0.440449474064418,1,-1.55197663388858,1.5870940001912,0.945542793030826,0.525890164871482,0.79189315340846,0.543175773534367,0.769767785816509,0.693757667126858,0.785607497396493,0.834355521211142,0.679535497762072,0.64300109309004
0.574440170912152,0.280131904834655,0.912600109464812,0.607341229242922,-0.104143612696436,0.79127244756894,1,0.218217485598437,0.716794745813373,0.550227295982124,0.348257620258538,0.617295394630311,0.433654760403351,-0.0916558028704506,0.499906575900371,0.432891575877504,0.471827356477827,1.55074796930714,0.421381574306986
0.3384844037621,0.352341866639769,0.956447710794501,1.17808610398994,-0.583275857633006,0.491584969871143,1,0.0736493393929435,0.874199785273967,0.412020845399592,0.594774165044882,0.481345882476685,0.678143703383622,0.54219337316645,0.939773113630691,0.475161592736701,0.551724551513777,0.606334315232514,1.08003297109483
0.559120736546682,0.473095502191999,1.4864177073647,1.80102633409226,-0.785188714855662,0.246805380006676,1,0.417372342799802,0.918261125121227,1.09476127345622,0.580766509659528,0.745567279237537,0.59469692158505,1.20929674771138,0.834043949831248,0.801581895545322,0.855875006095193,1.62925564267416,1.02061356513344
0.92999977899565,0.557580004502949,2.78399569258833,2.69724348170405,-0.59907138413532,0.384825995273531,1,-0.82762376723585,0.992879683890065,1.28300654201865,0.447988817548271,1.23811565953961,0.525185307882505,0.927529584539482,0.880063420638183,-19.8811874622401,1000,1.32913842159199,0.708988335651402
0.328657364519466,0.325268086316399,0.978944565887049,0.709850237199193,-0.399152563001989,0.513600818922651,1,-0.557609870107996,0.956264070880473,0.533376425076735,0.4207439396304,0.310692824337796,0.5313760123098,0.582878442616937,0.331771732697312,0.719470376376888,0.575693766466942,1.27098677479072,0.57764739687209
0.394174505743093,0.180555096562495,0.174029118925864,0.116810838633948,0.802012819629509,0.167126204778861,1,0.24411938229312,0.71013428249755,0.285258369383092,0.219580493283212,0.0712218053266124,0.304607351644603,0.0429404487711404,0.374007356278611,0.379147721883602,0.329696612025091,-0.363723737920738,0.768978323570757
0.216695008967679,0.272734391006716,0.888258363050129,0.513522304268227,-0.113014831267276,0.78025616288239,1,-0.536816142877795,0.860855141914975,0.657012215007804,0.323913007507299,0.306956481007094,0.385880536853956,0.723651831519309,0.486687047054496,0.944529189874838,0.795206521430034,0.324944208409809,1.30681475159727
0.528333342967999,0.342057319613486,1.12145697873631,0.86769759022457,0.556911704772883,1.31885703203636,1,0.556920666427919,1.20652696819555,0.346995802748716,0.282449042607378,0.609500764342331,0.473377530513652,-0.623342872968754,0.918911903071378,0.98354483344764,0.294919977916857,0.744918464081224,0.627864872539418
1.42150703249993,0.993205340605295,5.09259967637808,6.79308736996652,-0.812239168332689,0.233116651896043,1,0.661617414288047,2.36542880241925,2.00847337776526,0.657388377793212,1.8119222326407,0.806521263519002,1.27351667853281,0.633731628308724,1.31456750803288,0.671776876273362,0.657155508253308,0.986996419332969
0.905292681141322,0.504370485393232,1.31128615350884,1.22577769799234,-0.755814313546854,0.200060492736626,1,-0.849485022773532,1.23899645293331,1.1743296909361,0.480846156670026,0.759992678013369,0.497316537774608,0.870728524308504,0.465013672212603,0.539327226143605,0.590473932630246,0.839137921420064,0.523254072272146
0.61702291514018,0.409718350475561,1.38250731262164,1.42288500603098,-0.870735929552879,0.140049633398422,1,-0.54087603285498,0.985293201753879,1.09829733073984,0.551929593185519,1.02660940304621,0.457946616614399,1.40716946719773,0.571284343717467,0.832027932595198,0.776441590829768,0.726384028325184,0.691635060255797
0.531305896543255,0.275271321065025,0.399442686862517,0.390091027094444,-0.447018900561417,0.528838186274943,1,0.559353455828523,0.592464648121501,0.227310306685134,0.453658988373352,0.231232348985907,0.390892475658142,0.409238299811091,0.568672002873552,0.34379007407432,0.830698423845966,-0.00950477825822854,0.444984052163593
0.736094668597112,0.274140121294833,0.456781100517444,0.260576377631606,-0.326654636655458,0.337931582435796,1,0.758286685439418,0.680967373640653,0.204914767060271,0.344329947073896,0.565929555826541,0.336990371433175,0.0541986826727537,0.36586666686376,0.420236712486428,0.405688822902182,0.38278256808069,0.404976283779014
0.675327351562285,0.237454958490542,0.461195979336712,0.255553683066327,0.116214476795134,0.609812148390002,1,0.497303310429825,0.563878347739857,0.469248466331779,0.289749538108985,0.355936306960336,0.351143429693934,0.499596281514839,0.268871506551343,0.710793348177923,0.34013651794534,1.05001465657637,0.508939569039046
0.93903394680597,0.469408184672132,1.37907707813188,0.921271991427977,-0.676510014146973,0.220565808333283,1,0.798622212104177,1.13900576994238,0.650489602424206,0.362783766656282,0.757624758405071,0.407177025598771,0.63919199316746,0.400270724326619,0.380470168730436,0.812589965659681,1.3538667202356,0.479861061220527
0.855374377159221,0.522064972054295,1.32090685609646,1.44412924106277,-0.710802619163905,0.26276824166851,1,0.281725229263577,0.895362635206048,0.931908905347977,0.461866290893876,0.80766992555691,0.749755949534827,-0.0782587567477743,0.797850701917908,1.18773029491997,0.514021164808204,0.970386232097145,0.672243375494011
0.864789911251177,0.591134939492679,1.53410635016611,1.59833105288564,-0.836502993568925,0.19308091605663,1,0.258909543130367,1.38936590031323,0.799543672435535,0.590498101743362,1.31176076144898,0.573259355322293,1.31145570041698,0.597805933386128,1.19935825132961,0.625839552864838,0.852781014910463,0.733935971936202
1.20826557392336,0.423408001260852,0.950970886154009,0.592891272228273,-0.69739253022312,0.213162150244594,1,1.73126886091338,1.03370703224954,0.539548896559653,0.426054995061928,0.756469219424632,0.343381444295561,1.07794593113997,0.361726258739154,0.667192938229789,0.616533272612222,0.0336918268290691,0.764718945775662
0.825076151393126,0.635850328980356,1.78635411278273,2.20719054094437,-0.67651773335002,0.37731029626008,1,0.226154259339792,1.30529063852352,0.878197166634131,0.652754936786888,1.23909679023343,0.785161382179839,0.660345259062179,0.659961491338796,0.834537546321649,0.694674294899647,0.86282543704525,0.957713301903352
0.986156421275021,0.58198937695168,1.10187286189162,1.02521816894236,-0.648785037627859,0.233283440234063,1,0.258570375122271,0.924674876784143,0.833851629587795,0.448659086709127,0.760835767375357,0.416248285895857,0.945671802947145,0.516102113964903,0.938685579193292,0.598690490153877,-0.188104714351503,0.824990802471696
0.460151080689052,0.310333983373239,1.40695501847664,1.43604976829255,-0.425743112040268,0.488279571979926,1,0.623499861711917,0.630481170900774,0.368379259739521,0.558323379138808,1.19944618423676,0.467890921779397,0.590728153369769,0.60841441935618,0.354146258026589,0.766652718944588,1.42607900930672,0.714314141505411
0.324450000958405,0.31660684417617,0.871344218251065,0.707330280621428,-0.618396306062208,0.334926853567489,1,-0.251711435198887,0.669465132815909,0.75705455789992,0.331389734015613,0.509304016834688,0.555901935066566,0.135927597759992,0.731532167784324,0.435396601669518,1.06386775525753,-0.162160657095776,1.09120761679768
0.516012435404605,0.25812632475717,0.730764544360263,0.465950665037438,-0.206309099573263,0.524556779746945,1,-0.512924761870197,0.54915325252163,0.83312634117715,0.26514626229828,0.474254820737546,0.386751424935989,0.483192822164455,0.505252346147842,0.823212484842219,0.511563415060411,1.06503802284223,0.953018148157666
0.393373847262315,0.313007159755625,1.32768018564851,1.09335149065835,-0.460434496287237,0.552340035353743,1,-1.47948058099073,1.07243229272016,1.10183950767848,0.400959075501226,0.640249474043659,0.560631796272178,-0.811315552598641,0.8920767851362,0.969469962891401,0.534413738221545,0.676988885464547,0.553245006890334
1.21888583919092,1.10197416981542,6.4338087396413,9.51965846001842,-0.895940166332843,0.164680702714394,1,0.607459350549779,1.451361172352,1.39023787029671,0.854665063320074,1.63079550328505,0.865694467310684,1.48764187252305,0.728637024865057,1.89855771858361,0.666980595784362,1.38738769921936,0.698209465693172
0.646581930994148,0.346711758001658,0.63140359371021,0.270523685829572,-0.408976188519596,0.333601320770572,1,-0.155501716048939,1.07208452675787,0.757735410774233,0.284761385198069,0.515042150855971,0.302271755579884,1.2879331915373,0.410679015040276,0.091006513609677,0.823813835033107,0.403298846965661,0.776026650077984
0.501773903780694,0.312194003551048,0.673622817084284,0.518901650855649,-0.394666667864646,0.539445105386703,1,-0.859981553689718,1.00646686770323,0.602962005733015,0.294349277784967,0.622044547598271,0.589665282983848,0.048540646574195,0.511605205272541,0.999148969029505,0.504597119887787,0.563964372989891,0.769677947442226
0.557613640687408,0.29937296358497,0.815661750803524,0.564468058928008,-0.0382434371705291,0.593766153545126,1,-0.0707828148646382,0.685156934457983,0.421738081250983,0.337293530380236,0.653490608963587,0.497701570334026,0.974866119828327,0.437868253494412,0.920887341848211,0.461434989016109,1.32774238364151,0.723849588388238
0.420641510680315,0.211139845195244,0.621445192211253,0.329882216176315,-0.295844087225914,0.367818138413378,1,-0.335779261649881,0.359856108234753,0.463067617853054,0.26339452145916,0.312891841901504,0.277426817750476,-0.336669854003168,0.503775180850917,0.897876689938731,0.450982931598396,0.699307023121058,0.888069345332982
0.476144925313466,0.359794074409549,0.846494161936819,0.768972313095491,-0.746841433209629,0.206098105717911,1,-0.82537912309161,0.655719426597359,0.824102178031532,0.424616196898437,0.617975025454739,0.420547007429422,1.06177732040883,0.606386777121658,0.530990729776283,0.577106292240085,1.2909796221951,0.570450357164505
0.342201133553315,0.242140017753973,0.543474849635403,0.289704947803099,0.755887892966643,0.235710489794936,1,0.347163677079687,0.865580301843498,0.230728728740582,0.260807675677913,0.517414239739057,0.305250205093259,0.549888294134032,0.722880364783356,0.547557735887374,1.00655162771479,1.3117977406703,0.552231448197463
0.780079469610045,0.316185498514925,0.880499509593613,0.604272980829369,-0.392633849023031,0.38931857151725,1,0.82507895133111,0.599004617280368,0.443958390222882,0.31391921620783,0.322414498184697,0.377822287365977,0.425948584969289,0.32181050206994,0.875281871652189,0.586746873821463,0.0201054606920436,0.798759373794202
1.00322480487659,0.412741958448971,0.541743203467957,0.451169783512204,-0.0273878721334152,0.761858961267339,1,0.32739898186776,0.649111495906237,0.875981946376733,0.33109981769361,0.26659183491966,0.604594148670271,0.286803770674062,0.352201924704651,0.436059287125646,0.457828823012537,0.329026958657849,0.445718529207032
0.00415415739381048,0.325112525554503,1.76014080641633,2.47194648840424,-0.842490544153164,0.223994575524529,1,-1.27843665094895,1.38375852700656,0.972011520009135,0.593444982074729,1.07572932425383,0.722557076156126,0.899802919603069,0.670293657349023,0.846717659613708,0.80816921184491,3.24197767666657,999.999999999952
0.358744201879348,0.27812174411146,0.683393109511346,0.424134328666479,0.0479602697344931,0.66439673563331,1,-0.0750761019814913,0.649646623029556,0.366064408575603,0.35024670386846,0.545034199602434,0.209537997229493,0.629824265879459,0.39924150255806,0.0511791907831562,0.807738687151228,0.734743520994469,1.45747748560395
2.73338241959453,1.91110195984574,7.45505659768371,12.3349532925793,-0.962494911885967,0.0647303249501894,1,0.67084567749646,1.75457127809937,1.72246391846865,0.812563841056461,1.91989120023269,0.772457344896051,2.03553562300939,0.859235963111982,1.16832390880249,1.12734317995692,0.438615359758983,1.37265956852434
2.79293655992392,4.11838473251624,10.712417025716,31.4913308259069,-0.931452630788468,0.209066671961295,1,3.87493643209817,6.38906598253213,1.54178726378902,1.48000268248224,1.98640886213418,1.46847234144678,1.22676190859796,1.55107245589474,2.10642731682684,1.47420798704195,1.88823266356364,1.53579194999265
0.664797254527836,0.34943697053676,0.855732142372054,0.69388286610518,-0.0940192876600687,0.682266631090079,1,-0.0529975810564255,0.835157510035925,0.767070847209341,0.580398517728967,0.889447885840232,0.376901141210527,0.338103970347252,0.60397923675394,0.807170280298537,0.650151118876141,0.820861235838803,0.376175607213266
0.460643493863847,0.345442818722426,2.12810124369703,1.95920800598807,-0.532880336706063,0.470438246154973,1,-1.15968883699998,1.19403595176345,0.959516600832884,0.418987770997831,0.17217273530151,0.551887290136884,0.641241055964947,0.507025330124299,0.175957473314378,0.694333268267183,1.70282977632954,0.590109447695646
1.27680170693492,0.519863302213174,1.09248298262514,0.768247843739459,-0.720581736196349,0.196846885403127,1,1.37602981640675,0.856360567148782,0.939456823201017,0.319818195703825,0.5083587422489,0.382959025383898,0.908242637233309,0.358515517215702,0.575357381527348,0.640277332933421,0.667353841841233,0.824795486175913
2.43419987307679,1.67779937225095,5.25571159582044,7.41283973228246,-0.795428026156376,0.271000704904371,1,2.66706090837866,2.21788030168982,1.0671695958463,0.778676947031213,1.59054983638316,0.760214753607223,1.20747688902379,0.686758386194498,1.59695016185735,0.762414933343981,1.30468949895006,0.764497271959257
1.66094387362911,1.62221953173636,4.11361302857369,6.97733607364311,-0.893188645781677,0.163568006710858,1,1.41491560669881,2.243093735769,1.429875365643,0.875568439638281,0.861133831100017,0.905822433290064,1.32328518110639,0.832584948578832,1.5599490265521,1.03148567659037,1.71141041405563,0.969197355570581
0.642286511599538,0.467467062739987,2.20384816141674,1.7590958663349,-0.499633120701007,0.439387421340195,1,-0.564486781032919,0.602397366921608,1.25636532770564,0.357236777892285,0.503532439985086,0.490169617661677,1.36569214007924,0.615480347283343,0.433139605636816,0.892814299396914,1.00418180029523,0.539558406108803
0.318846500977924,0.390160482499529,0.976991699630033,0.722306931873431,-0.442656709535574,0.336267238346718,1,-0.015879810514205,1.07970219873843,0.643806074792059,0.37854997794602,0.43429018363037,0.355003820639927,0.877380207382524,0.525039859428699,0.500804697502427,0.624584181110394,0.0327101739391097,0.8634896064796
0.671883852097582,0.359932835268312,0.776057261627115,0.768348895082354,-0.608551707450376,0.402797696894601,1,0.423902039603054,0.768527374918236,0.696201754417062,0.410331905976345,0.596376975638253,0.631015173671063,0.645537862213775,0.559751246788344,0.860242825056879,0.57560241631312,1.14168869393669,1.05157916432255
0.471158966875884,0.344869507749417,0.884433469828564,0.582540382443175,-0.517928329049787,0.317464608532849,1,-0.423059008956834,0.641099245783318,0.392586675491481,0.313650210417965,0.634067166718062,0.381096148656834,0.506429362158328,0.51346288446129,0.868115968893871,0.321014423540825,1.01638463731105,0.53347966628377
0.587019697525613,0.460322042519879,1.84997073247249,1.59066874505577,-0.755286640119704,0.195955978185059,1,-0.158332761420926,0.945668964422564,0.834179312477219,0.381860008569721,0.636772344280646,0.481229247066289,1.53431351902366,0.492263452607696,1.19971915736676,0.853260389235022,0.532464742462799,2.0218599648974
