"beta","beta_sd","omega","omega_sd","rho","rho_sd","conv_code","tau1","tau1_sd","tau2","tau2_sd","tau3","tau3_sd","tau4","tau4_sd","tau5","tau5_sd","tau6","tau6_sd"
-0.73874879189054,0.516109571781209,24.5226737405271,11.7024481886755,0.781605680044367,0.225650741028442,1,-0.184020852168303,0.700200916690083,1.17939760635776,0.299749230575673,0.81046142082689,0.351868839805843,0.686033407786712,0.352787241168577,0.7207351041837,0.307362957200122,0.527559633446732,0.427220420500879
-0.234267314456547,0.447031908019373,21.2492925599473,9.93657942284827,0.173260802844406,0.736512428241811,1,-0.25993022958393,0.515029597026541,0.884403839498782,0.211907678960674,0.490392336432964,0.25011428905466,0.944851362181869,0.401498873110216,0.602945814389657,0.369625507680908,0.815388513491034,0.392034754593001
-0.100145031451041,0.580033270641383,39.3162946236913,17.2829045826986,-0.274950739818721,0.413450827477758,1,0.110859747326395,0.627846731633639,0.608832475783736,0.325539405342278,0.996978483027774,0.227412848344123,0.834351123478362,0.366737009401971,0.93793853037377,0.307468265399617,1.03536357158278,0.349686267630963
-0.341112263007263,0.465443546795096,26.0345614315443,10.9522521813188,0.404785619004435,0.902529426313091,1,-0.550362908996136,0.466741358822251,0.939189861598582,0.234099614318649,0.546164543498677,0.304291324270697,1.04592590085501,0.235197187761648,1.23510280145448,0.239186667058581,0.36752899051208,0.318435595303459
0.422404329998251,0.423959620761676,21.7437302840392,8.28012472804274,0.293622163143722,0.407360273120828,1,-0.157017017955165,0.462655082782173,0.731203788864306,0.163579047701084,0.580997002031526,0.345679031234691,0.677228500488771,0.313583045660043,0.810453308852453,0.263022354173498,1.03469221768779,0.236630345109076
-0.58874495614924,0.504549118268669,26.7985638406085,12.2771760637115,0.141541408127036,0.736885675337759,1,-0.653591020324037,0.524745996544672,1.10278788207241,0.202862378171567,0.895955013191208,0.274670121179406,0.698814652527262,0.326948385830632,0.926072330034847,0.392796550628031,0.979789591844138,0.370760533060768
0.625752481881246,0.369415881579044,17.1766156114446,5.42173313076337,0.465787205484326,0.752161875731053,1,0.17301060894812,0.422231560235291,0.717090862774781,0.200865406165324,0.644126771978841,0.204149648859272,0.85235610280051,0.264743676811779,0.680609553045145,0.260693254848432,0.598240268277119,0.302409017377977
-0.477709025601554,0.533360341250163,28.5434464935226,12.4083332572123,0.267885256476118,0.772409054031105,1,-0.299218346773045,0.503667565974059,1.10322884670137,0.24683852744244,0.497938193502227,0.302186380061933,0.78186778292759,0.268180285245438,0.755843502243343,0.345631392870465,0.983425363471916,0.26407907217752
0.6108167758689,0.433699802256705,19.4684905341981,7.8653981191882,-0.00367198354392052,0.458180032966475,1,0.417013332912587,0.548270316613763,0.629168745834824,0.221701366962651,0.903427750804952,0.269228372155625,0.627218698885975,0.241490741909135,1.11621978290103,0.271327973653601,0.809881938246726,0.3116925177076
0.428355271880377,0.335467630550371,13.3635206610008,3.78806912350586,0.478661743857416,0.733750793133047,1,-0.0413615294877063,0.444035909308036,0.591744361772999,0.187114613797408,0.967317483948998,0.17436196732667,0.611299031358328,0.212770294882595,0.743463858519431,0.238800823370355,0.913458749155982,0.240410561345897
-0.203567368338487,0.313058726538699,12.025342010525,4.04678911707183,-0.041977023481255,0.403383349429276,1,-0.649467423060666,0.381091235927569,0.768066070298976,0.173998199614628,0.692457252459442,0.228712667960215,0.539127038083657,0.293567575397101,0.382305692151992,0.251905618140084,0.709416040948146,0.290972140676156
0.948510616403065,0.487702833427323,28.7300071577144,14.3910985164537,-0.3752079363426,0.296422428400065,1,0.742596183019936,0.511992994248471,0.777721594602464,0.211228060328977,1.16114286381874,0.27907776197503,1.06219178438745,0.349544572443607,0.877693838651068,0.372170670773188,0.5603012862727,0.478964599742403
0.648085993246926,0.339254780272645,12.8274892079814,4.43406832382041,0.740179827025183,0.322590960466156,1,0.945569970435871,0.526689611730854,0.416582275582804,0.217163424638605,0.488077758929276,0.214173549446363,0.632533269878564,0.300727122479665,0.756306738711588,0.270057830693017,0.362943160374916,0.2854419371034
0.62985373223647,0.369614994639454,13.8257404692802,4.45616223193073,0.823768738464279,0.189484374778796,1,1.44400595578503,0.714827631620447,0.673470531771088,0.27036851936856,0.628474929253624,0.200871593203049,0.497501410895902,0.247837371103585,0.258014238564979,0.335456693639404,0.646732692234644,0.217578352728287
0.0852564303020989,0.346493076037127,11.9925863954116,3.32388499078523,0.740699439733318,0.218179031627831,1,-0.409360030165034,0.527058583083795,0.854158701686864,0.156147514348427,0.857790076688968,0.166767428165692,0.575236374734853,0.186292438579764,0.192994913190597,0.247713095599939,0.540787504486278,0.196254206272914
0.731203669538708,0.333734970718891,13.2602929500184,4.28112952818686,0.25118784414525,0.555053657607482,1,-0.46628381313961,0.41122675398372,0.676359670321689,0.220650960577533,0.74053463214981,0.207813952466906,0.835509594633091,0.231426664662027,0.721052304580863,0.1861653345033,0.762254991946271,0.210175960306939
-0.0886371841497122,0.286013967084358,9.18133361923321,3.35765115248909,0.36083584688202,0.593497728909649,1,0.15354452813329,0.42082288425047,0.477781760036925,0.195251230487365,0.643186322685056,0.21641325059356,0.432979144344096,0.293433690460955,0.760948340449024,0.312886900812229,-0.305456580912165,0.377250993167506
0.293649254470551,0.413799903387994,22.1472015927883,6.63696564845967,0.603260158182971,0.415519911300675,1,-0.0389704941482324,0.448619379858034,0.905761977090623,0.228092216948584,0.716504347752486,0.176296125151055,0.542017424472162,0.263921129529779,0.940005960559044,0.213045359951346,0.858336552740782,0.211699555652594
0.132883019307979,0.365047982925435,14.9093891043603,5.41091531914181,0.518896924355544,0.818621629211918,1,-0.639319807700331,0.590012742364308,0.804730329026983,0.221412991035926,0.737568204153835,0.217470523536344,0.815930804663702,0.227448951742607,0.622216226540581,0.275855504188043,0.635057677086995,0.265194016846523
-0.112485412288828,0.348663233913291,13.9088269857598,5.70912329544823,0.293024020356189,0.774249953746454,1,0.312465851476856,0.49717411258373,0.717346551770759,0.181536289938394,0.560726831297623,0.256859651639897,0.649504247747355,0.256915771257348,0.9451124231287,0.304864167562789,0.196781192774638,0.431140095829183
0.575529840199142,0.365155508507892,15.7462510430103,4.20000562855912,0.646037918838596,0.430360170098844,1,0.60667824850737,0.433630264425939,0.722786236107536,0.146147759607032,0.85416592872771,0.189635238444917,0.641090254512739,0.240610569193114,0.748030235479833,0.238963581857539,0.781787870842477,0.218551492331877
-0.345924661748677,0.383638831238805,14.3451747901179,6.27887042791984,0.254796734503653,0.874466826689205,1,-0.703003297181225,0.647073737251758,1.07044927762691,0.221690843183596,0.656899354712142,0.315451388848057,0.504878330440607,0.28572500127806,0.513817913158846,0.323595756657611,0.695355676730872,0.325787367285401
-0.174604584946754,0.456790384408668,25.6405024051864,10.682730203414,0.427876980758001,0.719831090214956,1,0.261917538641292,0.468230706256901,1.00695960141101,0.264126550841447,0.909074963925466,0.221383454840451,1.13975693768565,0.265623441556813,0.873264249254029,0.279909211883179,0.60256331264767,0.389362955377464
-0.405119274933649,0.456697320537345,21.8503245321015,11.9139175061114,0.0735948748625471,0.793389641701513,1,-0.0930027934784387,0.556239272597136,0.742964270249117,0.306321020191127,1.01308950672177,0.301967076163003,0.710700947345144,0.292506640267849,0.809926774318736,0.308423790383618,0.723413898886159,0.45418797993379
-0.409852149980099,0.494085422426749,26.0380555966951,11.9318538552198,-0.0497014524637142,0.538228162412491,1,-0.390275388315265,0.6689130101861,0.6645374876561,0.314317709322408,1.31016093621905,0.216901594140513,0.632804915792092,0.236696665455205,1.19299828151188,0.302867372947501,1.02162279493302,0.358004278958518
-0.168379416441291,0.457824009534331,23.8935795740933,8.39020149169662,0.880285730113292,0.137198371823008,1,-0.400087016531236,0.591281016004798,1.021788259399,0.229545015239102,1.00773789028888,0.159081957763582,1.08734041836437,0.243293311937603,0.729449728811926,0.299515808514887,1.1363327328634,0.261896353777159
0.175529223392562,0.356920396076169,13.5826439168329,5.01722687297,0.764779856134049,0.194969038558119,1,0.438664582159966,0.593572365672557,0.802495097413856,0.244306318178878,0.708282387655473,0.234892022332943,0.608413007454364,0.251872916578817,0.850484253178587,0.293635435593445,1.19065393537722,0.271215943814464
-0.353010917279442,0.376258020578506,14.9725309798468,4.66034253255796,0.140449729984358,0.503892178130736,1,-0.953660509664248,0.624451026657575,1.05242988186099,0.187937309568794,0.590737493337514,0.198479320482475,0.498929645282153,0.276455215815379,0.974742740856273,0.199391503989441,0.496033637237935,0.277866918769696
0.580020012069375,0.273340832759848,8.77440177381169,2.78852341098092,0.577336967538029,0.778915991899449,1,0.0117991169720132,0.480616473920154,0.601568228080655,0.163377839012087,0.54211081696994,0.199787192241872,0.510402246402296,0.233040794652698,0.793530029025772,0.240097384052606,0.185500161256318,0.274222824779252
-0.389062806605584,0.459309851222003,23.6800745463378,9.90300625057225,0.297628469854673,1.01724395666406,1,-0.160043272148369,0.524478587370518,0.795726391154973,0.269243522078524,0.77407751550615,0.233041473587506,0.908092710141574,0.265894611339012,0.806558935068742,0.355321901957772,0.852945410856097,0.3162433396108
1.15486626059924,0.385649376767791,18.2595292300658,6.10804727701304,0.320428767729542,0.511903042543477,1,-0.776939730199837,0.435242278687444,0.928820826738483,0.184014404947816,0.664303146970621,0.248043283452837,0.698275770765118,0.216527780891377,1.086865904957,0.271613677104442,0.909807481687298,0.311616126424936
-0.267530334516517,0.379740852494167,18.3918048039704,7.33223058375322,0.505367747731597,0.948646084405015,1,-0.0558828693957673,0.545663211776392,1.00964133514007,0.225129382998451,0.594052673890103,0.313334196592105,0.625290642661695,0.298605946759557,0.401293618466401,0.286761744023274,0.758159839026112,0.287834746748233
0.746713819760689,0.361341828715287,16.0315059458948,5.99581845088914,0.0878695035666289,0.470327005293753,1,0.0309736964786061,0.525705144941938,0.63194082123805,0.263652268830402,0.896932851723501,0.20007437397452,0.671430849524916,0.252185419057643,0.801194095794972,0.24376138410021,0.702162081208975,0.302900660221253
0.89938204597583,0.416937791326176,20.8560267671215,7.13951996565068,0.782313324139849,0.166921215479579,1,0.7500681219074,0.434185920742119,0.768338057642696,0.168353222454245,0.724597443590408,0.312574482441912,1.00889297674436,0.230863676724996,0.719593357749267,0.232147517504296,0.674892009624345,0.312372616396698
-0.211267471732103,0.497470917792487,25.6529452549075,13.8645649980921,0.193423222340667,0.782417297738392,1,-0.161413223222048,0.599335231688777,1.04194361508713,0.325377711810457,0.914911446186553,0.350845864995329,0.674657846078108,0.266264918770783,0.389173853046216,0.412336983691301,0.484271022935768,0.368594087118767
0.28737357109278,0.384789234907344,15.7815670823284,6.40373327481226,0.0384429944409131,0.542678776536278,1,0.772755533286357,0.55005216224507,0.568747450629683,0.208866596416795,0.86774476767459,0.233375689466273,0.506565994445237,0.287151806958747,0.49482758262111,0.33902174239237,0.774404435745001,0.312548927563207
0.24957370672067,0.305931028724212,11.0223958196919,4.22001244174153,-0.0135782635203327,0.480390549815064,1,0.0928005186860412,0.416492428646723,0.768606851241461,0.193845993812036,0.576637344503585,0.247184853201425,0.74684946438756,0.31099794725168,0.853456589873656,0.331691759766645,0.569798579287317,0.268224053581416
-0.16279627440448,0.401863537248541,19.4224944322112,7.15820699786073,0.0765268485877507,0.586464437635625,1,0.181718008020608,0.445697532884246,0.588477235044814,0.210614289177236,0.686386057473935,0.214611942408227,0.827680693059202,0.244602479822375,1.13551263127396,0.237272082067378,0.953558104181819,0.256236086571975
-0.0638996148927498,0.471917484920855,25.0970261610391,11.1428378790834,-0.190762406900452,0.50495789255601,1,-0.21273317100989,0.579195058189382,0.712236314083103,0.252110784169689,0.933594753253828,0.260916233385412,0.912878140029073,0.27345328687901,0.790449040233282,0.29893495443033,0.541772767164916,0.396930283059652
0.434430500004469,0.518477250801445,30.9677702654574,15.3401049973774,0.0532681843175398,0.730958154794878,1,-0.137802125600428,0.572518708714478,1.06727685199979,0.277745152051069,0.818426091020222,0.304310880212444,0.823920449447447,0.35537549422435,0.496375555648046,0.337693996437385,0.671708353791736,0.340132611397464
0.103994714116216,0.363595512188388,15.4387551749567,5.62840691412273,0.348525921131478,0.813171670963413,1,0.147391102055019,0.524978500243727,0.384515987116,0.217185164406366,0.551906808320314,0.236116856690534,0.800759541274119,0.246555858989872,0.798868694923132,0.229770053188216,0.523463567745475,0.357980552468083
0.732503464492425,0.32643640109315,13.2562508372207,4.6900133994971,0.337029446239454,0.674658595509741,1,0.321982531981382,0.442951324186139,0.769450959975486,0.209090426909888,0.712893053387656,0.223535446909538,0.425105822800062,0.206240435602183,0.776094391583943,0.232296590863316,0.418020582290288,0.290026813166767
-0.0385625402103385,0.444773688262266,23.073160307899,11.5301441599401,-0.472029860315522,0.333536101388115,1,0.362089279581853,0.478092917396976,1.09069204973696,0.274734481825525,0.876911962913673,0.302021675828407,1.38586980399686,0.253526555967817,1.21027000972657,0.343507252527357,1.15205035810047,0.338009095343632
0.212007972738439,0.340088602518355,13.4993455079017,4.07700519054494,0.556180807046952,0.53544862613968,1,0.288219249049612,0.421611202767248,0.664890753075612,0.153856282100529,0.619125936586333,0.228422484321457,0.626973033466563,0.229279742539235,0.925849098773382,0.206400575677412,0.580433615804782,0.341439022847158
0.151602558423119,0.457264765913132,23.308015147188,11.9676095820635,0.0283067388052302,0.793614534248768,1,0.624270058478795,0.642230867872389,0.854244572240019,0.317115032383264,0.934559883654193,0.307180138838686,0.985341613610209,0.273481548787908,0.544573413565654,0.291516240504789,0.892794390117122,0.349969559838134
0.318750459676398,0.504424156464335,29.5645489407218,10.452570114353,0.480950042738928,0.573367095873097,1,0.309523814564599,0.549061122717703,0.731903003450987,0.241988792665122,0.739780928932625,0.351223663343829,0.735287351911408,0.29592843839441,1.19484863255423,0.215770528045839,0.573494286509712,0.313860001848274
0.370220738027594,0.429417029831332,21.085450359481,7.70510458429659,0.594179381944827,1.02939866221299,1,0.32432558620756,0.518665417415754,0.663049349585286,0.21968603477319,0.453194814438956,0.26548709080688,0.498497917771481,0.260967814668236,0.915003604743989,0.281396351059224,0.925710997651984,0.250000119096721
0.269669301778321,0.370119818770468,17.6380196219683,6.93051258673431,-0.334614008555866,0.351638076689543,1,-0.342081779117553,0.423271627323307,0.969703182066664,0.186456773798194,0.85186703508168,0.292201137287197,1.02731554629617,0.234994841431465,0.978555132575928,0.272775847813975,0.985484287294425,0.305116456698775
0.55244415016149,0.385465861229723,18.8726254515324,7.33724836747721,0.545171424290887,0.608893107834541,1,0.338851724423268,0.464734768307259,0.674150915583644,0.246167472710528,0.810757864013705,0.212969380866564,0.579325450794273,0.300435235024969,0.886307268968283,0.268708083974692,1.02833890009668,0.25724576088176
0.0450291481940186,0.411861555395141,22.2916976140801,8.19751098671278,-0.149443288982518,0.47729854059165,1,0.12352544296563,0.436785831902042,0.650217300882861,0.239832342531588,0.913345445102587,0.216891266896351,0.741548361557322,0.219281550253264,1.14032820372818,0.314762223431447,1.1070954392414,0.316287168132578
-0.275280963589926,0.448393056125315,23.8804784668055,9.56502970155218,-0.0249792351148247,0.566935746298083,1,0.080078818509552,0.445659174352414,0.759603308195961,0.213113697454795,0.997295371970535,0.222796631969133,0.882098123695574,0.233917290833058,0.93822269282146,0.225659718196553,0.32504188460913,0.476921370144134
-0.19460242864373,0.383755405794869,17.0507467530833,5.99519928040803,0.32605698051596,0.550532471412747,1,0.250769535614193,0.415527859530086,0.815359883153325,0.194405239717091,0.705091313340686,0.270433327024562,0.996817866729221,0.186106883773659,0.587572256152118,0.255166876849267,0.704872236692318,0.335967242184053
0.122898144911865,0.286763204164502,9.3610018553927,3.21934003092491,0.243066491551208,0.614634273180038,1,0.0133295592340522,0.427019401349159,0.317056021520028,0.252986295865055,0.669023082893517,0.189525917368804,0.432226636074479,0.283818298045053,0.255777022809041,0.262369989238804,0.548555311851176,0.251647996909358
0.318377457074242,0.438914226588841,21.3919874210767,7.42336463848986,0.409827560843637,0.918493336929205,1,0.66934847899535,0.492045341704479,0.714906219559271,0.221945949824241,0.737714624525687,0.263159232876984,0.973210874313753,0.212680126210443,1.11432846561877,0.209942225394655,0.969217026441181,0.22813097309621
0.549575026398346,0.327126178573877,13.4612419628027,4.87331291486133,0.0891906095387713,0.415283531187856,1,0.231077606346209,0.369397170693598,0.611903931656821,0.265378163766724,0.574131937218853,0.210972975377234,0.858608590172372,0.212422935564823,0.91532367026295,0.202525313232881,0.937528462702974,0.297559461614776
-0.0688041497540733,0.393054385836472,17.3310932916975,6.42052261203808,0.26106536593887,0.803242354559791,1,-0.107375995653029,0.466526628690063,0.791479904519664,0.20772315660487,0.863190990968425,0.2711950809186,0.517658492912463,0.297372029890782,0.741651160297248,0.318178390676406,0.954783115981195,0.241101417596799
-0.588936203366741,0.450472928733733,19.2360223242749,7.85078292821554,0.582371571399721,0.709696493924982,1,0.0879719255500182,0.476087690516222,0.877294822084955,0.208121246685916,0.451778593997345,0.228973148798948,0.770198324314844,0.28456281510926,0.308517534995817,0.45804764541791,1.0540717378317,0.272913528602275
0.37044475728706,0.415073896840107,23.651943719988,9.09071902996154,0.282503768832496,0.552051848912005,1,0.0649452037528136,0.321429514705155,0.614058211106902,0.225482550003955,0.505344436934681,0.264590811090272,0.593853839585207,0.2643114698967,0.849875851273824,0.338258823260765,0.967382659278501,0.239678727551444
-0.0366711622173029,0.42975046468983,21.0066155725698,8.75461293712624,0.0286907097137138,0.639876877673313,1,-0.618026895954622,0.525255649773612,1.15290875424769,0.226064115831258,0.816774343387767,0.259169059145455,0.830738123111818,0.249552028283992,0.644321843189745,0.275604634322411,0.893723040921911,0.27778190862553
0.282741221022667,0.370016933404261,16.4931320563519,6.06665936930044,0.635737687366873,0.603486379654647,1,0.226400351065005,0.487285547111467,0.667673921377011,0.192749839257067,0.703762649888978,0.213526058437467,0.81929405043271,0.35609800873064,0.79323444864476,0.265609902233942,0.44386895319265,0.327648319116362
0.38999911227319,0.324930258918391,11.5927317546568,3.79313858749891,0.81826661582608,0.167430806324226,1,-0.139125359938642,0.417083175133238,0.872216974521885,0.158501823644651,0.742382884184142,0.186378145270257,0.593371711341224,0.188615118787802,0.339848385767321,0.348303700656966,0.837793732183944,0.273739556212851
0.173632703597779,0.348317023219842,13.6442496209704,4.55951734888777,0.456085297819994,0.776931268760852,1,-0.0850328392962402,0.498212352212611,0.737190381806782,0.175363246252133,0.806061247007619,0.239185227727908,0.65528363198879,0.187500360803138,0.610488268302624,0.340584647227392,0.797501517515725,0.273278837825536
-0.267228895190556,0.395887308524725,16.0375084401976,5.9761377783951,0.843544698894114,0.147353336007265,1,-0.481268607207244,0.593829880777697,0.532556540903229,0.158488862306838,0.545071527107582,0.300915994783914,0.660259953910949,0.224906277608613,0.579825321723506,0.258190934095067,1.0154088243454,0.32468907306212
0.785100825435419,0.365858643481393,12.8740072184397,4.5617165383609,0.767582515382073,0.356672629494699,1,0.480699539591444,0.607278394469446,0.637008328491895,0.255445602924157,0.546030233459468,0.249050179694942,0.876370879214962,0.229393334003646,0.547231968454293,0.293429610002287,0.705323492829771,0.243111955740338
-0.0282498012375241,0.365362270575822,16.1558971600285,6.52730856723922,0.0800572314810475,0.462936645092082,1,-0.632372111064254,0.411351228043186,0.887204048649012,0.242529547585802,0.484960911353621,0.262688561602537,0.711507725313543,0.234752026457784,1.03932934880876,0.375595718037436,0.508700972576008,0.335493925509603
-0.167373376336952,0.345159978107311,12.9359217066099,4.31677354766027,0.888508347277337,0.070234841333826,1,-0.326470887450986,0.583613751785352,1.01973662161974,0.196762223475961,0.710012960349693,0.205067120421762,0.425694111638565,0.259258150830165,0.445547911892586,0.285364298039939,0.659694596132727,0.312680896448978
0.497142955669585,0.313564315667283,10.5481376592413,3.5376790720862,0.804653274421481,0.200747412363495,1,-0.181475875187644,0.614332815397653,0.644080001381388,0.291406791607868,0.909112682121559,0.147084381742282,0.446424786542601,0.199869500124223,0.361524931050972,0.305090617490087,0.0975422039085351,0.320362601442392
0.446097454135251,0.365417572567042,16.773243994572,6.08977252957167,0.283604326326011,0.786865203725383,1,0.076478307361632,0.397745663245281,0.761320038858369,0.221926100982123,0.535538588188873,0.282878648976286,0.659729631813473,0.213888710003479,0.648124906500232,0.26393332640095,0.843694607144987,0.242108423459122
0.995564388925301,0.409711324655784,18.1341285606321,7.2544425664902,0.366914818604699,0.849044920006925,1,0.295433919527498,0.681254297430722,0.897175859386498,0.276289676801464,0.762428761358928,0.290642442566079,0.667120147284098,0.205654739488537,0.988133356501904,0.267717159619353,0.120017581167647,0.333996549908298
-0.495994275832189,0.569692058403582,34.865409392655,21.4630667528583,-0.100196935190202,0.651258283128821,1,-0.363050155737574,0.558203784325132,1.11433255869277,0.315069800263614,0.680109735835488,0.424460304036611,0.883050651523887,0.297814963757529,0.897510860727536,0.395800712094549,0.557423905384878,0.451038515848314
-0.994293690143953,0.499862069326163,18.4379163251245,7.07366336627636,0.675869785126372,0.730704783321271,1,0.163313602720588,0.620531787627262,0.565507223705888,0.374278487929481,0.661707974063181,0.251788312284399,0.534627753198369,0.255859921421635,0.747351111603848,0.373347201571382,0.809408000562991,0.344813247869044
-0.0114424286983651,0.508890243764662,32.6105078430243,11.389110734846,-0.0869542877825238,0.485140375265146,1,-0.488292164502849,0.397335308454768,0.787829348022124,0.222145344968405,1.08474365114198,0.211493314015288,0.870854761274869,0.269877385013661,0.856095306132089,0.191330757370785,0.970638494507583,0.336857255019465
0.830766470007601,0.406696785846604,19.1575034717032,7.44094858283067,0.201311349578119,0.458186417469455,1,0.221643211798676,0.507089758601086,0.90492670246871,0.246526653675804,0.607480287709967,0.244901397547296,0.921873044608832,0.329579829228071,0.2050686073524,0.327917388151708,1.01619968931542,0.228544660331459
0.356679401182204,0.365528711982609,16.7875766516993,6.58953828782228,0.110561827666653,0.593197036291877,1,0.173740066883348,0.426798096836121,0.704719599667889,0.235531661379826,1.0132677734909,0.203876669808234,0.765989644523814,0.260262051170382,0.940386773832089,0.208091113527283,0.979686773274467,0.294970361785103
-0.102919220652437,0.31882794566343,11.8836854279447,3.83992929660874,0.678776219334444,0.236319961898934,1,0.0928959682728606,0.474756812375571,0.508863408796107,0.327506243013809,0.656587474625157,0.177086958476716,0.686436745118858,0.239493002066444,0.531862246678154,0.203802250540073,0.625433495473943,0.270450513835404
0.645903043564399,0.361442320049757,15.8230709844499,5.08660571386872,0.607448109822612,0.388501892176454,1,-0.0992352764252596,0.39893675431446,1.02778527861581,0.120203086548128,0.881984214454006,0.245929875357377,0.558771871068025,0.346921687207313,0.705115485071312,0.21396494239541,0.523014024504015,0.347524185680913
0.526299333595732,0.461190566403,21.983864045994,6.85947000432777,0.816117543492681,0.2544664609966,1,1.07418233377023,0.688329958337532,1.04654815447594,0.250980551604539,0.799410788857838,0.198021207879292,0.812359311655651,0.179661001610573,0.971953659737703,0.196692725961109,0.995708093449253,0.360033684540473
0.925259812175093,0.38579040519318,19.2112240674612,5.88039082917541,0.664446954998254,0.370421321540753,1,0.164576327648643,0.407105150816936,0.574097501371307,0.237869903089674,0.548488083483197,0.233444859133878,0.946250348653715,0.1532306879166,0.666550096660389,0.240596937063446,0.513622736810801,0.240801281113196
0.529321403200699,0.339802337227478,14.5967984258048,5.06133373817362,0.199815015075936,0.411106864813609,1,0.166521176687254,0.369212008736631,0.772212502912748,0.208868888395107,0.581360826115296,0.194751901310259,0.936961274859657,0.208716191420622,1.00726987187381,0.225900552854991,0.534727038214962,0.333191446514551
0.839198589530662,0.338927596684858,12.1717975770842,4.21270764425224,-0.048112941859087,0.491713500574081,1,0.502156857674532,0.544465865174576,0.701495754433583,0.298671863995679,0.633723848783002,0.256284687217699,0.533215634317401,0.242766936290559,0.74475832176282,0.180182098179574,1.15090478826856,0.223145033808758
-0.203938728363579,0.487266164771784,25.7735113464654,10.7379028952299,0.174235439339977,0.860461351798675,1,0.745420536966411,0.385939979334574,0.568974701270227,0.245833227799495,0.755487916903964,0.270748637163303,1.08278692229153,0.236388294336904,1.06913848236944,0.209462343913294,0.706911667465259,0.348366534537873
-0.369071432847601,0.433302347260361,16.9866970231229,7.05062690481734,0.285434191343203,0.791791423030149,1,-0.135491184649622,0.626782086779006,0.644894866364494,0.287701476483818,0.797834124686945,0.249653481586516,0.772448074733844,0.245432418007815,0.206953058110623,0.36633478842123,1.06559873775238,0.293850328125643
0.0762698137640875,0.319756614466258,12.3604515696704,4.31126652024513,0.361901882582488,0.788559018882763,1,-0.173397391676719,0.429065396083878,0.677132629918576,0.177044629887761,0.752402333208341,0.183226267933955,0.619854882222058,0.253590808317039,0.763276599070937,0.262182934501141,0.462874792602908,0.321673340161999
0.000605140068681103,0.43627269310468,26.1020841616324,11.881648228817,-0.154802005032054,0.392701513855833,1,0.102325642635636,0.374053087203596,0.975188998811323,0.26404648662673,0.58087745221234,0.25776454498504,0.928504264924108,0.259852949074445,0.792034995066779,0.329191735291864,0.591759971265964,0.336610357319398
0.0479858051874043,0.438504489890673,24.1504683098612,7.81726468230858,0.63705869039668,0.528719048185957,1,0.10827295659791,0.423682846507231,0.86486790043316,0.189225822696351,0.857300132373913,0.226118274618394,0.717837550966285,0.237336093653807,0.670217276507148,0.284984281121896,0.986192472392722,0.285171188523373
0.576137010296326,0.431953686745679,24.3353187632666,9.42657877532628,0.109812496231177,0.594194586359539,1,-0.179082036237501,0.410652241505665,0.863199131503202,0.2048311091808,0.867177152862457,0.183641232630387,0.964270058541168,0.308933826951663,0.933098433323863,0.232694886802249,1.12045422344869,0.318395585030693
-0.380099350024189,0.482626621627357,25.3986138270039,12.1593865690893,-0.337008094949208,0.334172790340824,1,-0.093719388389172,0.396843268416351,1.25741949785992,0.248081578076077,0.914503202394134,0.319866615076575,0.651473879628929,0.402985516405585,1.17508218460505,0.403892413152149,0.726958707263791,0.273068117923135
0.442900075197777,0.402454882004408,18.4805162274613,6.96333663992992,0.305241570280427,0.581556325180671,1,0.0605845430704918,0.538662116588925,0.671410469301376,0.232598215831584,0.780949318942281,0.182964514416287,0.740995573453924,0.33034851120371,0.87030526572687,0.241859761403322,0.987900382004826,0.241064170689497
0.389507914079737,0.316148500118684,12.3170763939478,3.98999087733451,0.192787474757063,0.425787607220289,1,-0.27042758562491,0.347190380888411,0.756979527899522,0.158250374971993,0.799826908736147,0.175474248121374,0.764543025124738,0.186549854155759,0.371037727465072,0.27044119178107,0.903864907139437,0.283709996254648
-0.430847245252993,0.340641575101565,11.4645492282546,4.17063697295025,0.156580751437,0.539447717010965,1,-0.485330726194103,0.455384387050539,0.68209955760811,0.219902752509925,0.624738393949522,0.215480890541635,0.570595816898361,0.319431867047119,0.381129849996872,0.329046794074689,0.817016947727381,0.266730239075569
0.291393036961548,0.371932598059669,14.5828436253031,5.35255729761899,0.399151016326889,0.841654547913404,1,0.398525338755966,0.58163956850407,0.602246804095246,0.253460075420317,0.766974943396322,0.259490659627856,0.5289876823148,0.197627619926866,0.613446467713701,0.25081507996719,0.934134532492194,0.229249511505398
0.0388651340001657,0.306017094265188,11.7001969172357,3.38070067702298,0.621512464118098,0.306716939779215,1,0.398975010640451,0.36679736066246,0.602463221108296,0.209522573902955,0.828468779496814,0.131856970060533,0.745412339154215,0.184746553618265,0.784493730839876,0.229820703394732,0.835393464154752,0.249880865481424
0.243949959996462,0.352308758573931,13.5400496879657,4.63637788054478,0.716608985882776,0.548049606923917,1,0.228676227996118,0.50082369842348,0.553528505048043,0.204317305743341,1.18385518080178,0.193148777125698,0.275522149557323,0.285654817545292,0.869134737693134,0.228720207074275,0.442849842725356,0.207639038249979
0.158675223622693,0.356297465592192,14.5828340133536,5.49728051332927,0.476244319968928,1.01251697488611,1,-0.0515899545342346,0.459240876436491,0.70460886201616,0.201790235761595,0.928692673336481,0.224224419780587,0.593193504326333,0.266432217293666,0.936419250539608,0.248048914117856,0.722680421769323,0.257201939354518
-0.410538745345279,0.420590423627177,19.1048313485406,7.59859351504788,-0.0106974092209473,0.439405686295734,1,-0.299158531556782,0.518500226238913,1.05825541020735,0.238672684566493,0.632232980281888,0.227662833326725,1.16341451541199,0.28350733332405,0.868678062501078,0.297185461351403,0.738316442366763,0.262321405784155
-0.252103082092197,0.369242554742542,13.7503697003315,5.10167935981491,0.407730386293905,0.823471589577932,1,-0.177416442697046,0.445141682759541,0.652071559268159,0.192530221775807,0.398145020834806,0.258051757055755,0.411703593627473,0.27946308324659,0.610630846613573,0.271551877776863,0.573696980060594,0.327101878533524
-0.177535578267241,0.533361249421847,32.7249362848101,18.4747983115741,0.198158074251355,0.858931781391762,1,0.263712401982717,0.433266134619274,0.712232157354528,0.322343699544584,0.781733643768185,0.442253025530851,0.792308968371861,0.334369764458892,0.3387099914512,0.462478284947535,1.57577289313602,0.380074005407381
0.399728880565,0.296391110276525,9.3442886239968,3.35565480524046,0.521020308025726,0.782742355711207,1,0.16604484854117,0.483953109242939,0.726724849286161,0.153690802785033,0.57558119741943,0.261503428522118,0.71999869066363,0.235273492004916,0.735480774736924,0.238840418623108,0.554138681529567,0.291355216787892
-0.289108192103004,0.338757162356397,11.9846739598261,3.04123262444849,0.625368204490018,0.357309899840263,1,-0.609852040426363,0.409102060716328,0.840458027223926,0.160335577681441,0.941642941860107,0.151739117850475,0.45091042517575,0.256297403628641,0.764372102131245,0.227726086273732,0.628744251627053,0.207052134535126
0.46485296983428,0.308664601799184,12.1312750932515,4.1159468248551,0.433389779327734,0.54678027788575,1,-0.320980615302261,0.464214110734866,0.723738879765774,0.166126778012213,0.816550877828106,0.248780272520012,0.928466671414004,0.191044150440475,0.827872423224263,0.228948656686696,0.305750546978954,0.312417242202495
0.390030919147354,0.324441006600932,11.0404699014824,3.8682797314825,-0.0219435171065785,0.4429526339579,1,0.103710449292148,0.474697490141146,0.648057370105787,0.210427809885476,0.669149575995042,0.258138181119487,0.495106431680722,0.207805220971597,0.944525818784043,0.20676959809747,0.552009595777125,0.28285923538287
0.69722422854485,0.365291280782373,17.1003597054398,4.53609501132842,0.750061163993934,0.175793915552398,1,-0.134397845642598,0.454949461286931,0.903511817454756,0.17279414368956,0.80994607288089,0.162512911433552,0.714340461844766,0.193237548292259,0.640852863215082,0.202422044434843,1.01033027738292,0.172198661076085
0.0171763212231996,0.522800326536656,33.8424730343617,14.2741414237021,0.0315832452354217,0.626684794443753,1,-1.48798187112447,0.822390779911175,1.30286262495422,0.255843090605645,0.926825061747379,0.254683002656346,1.15023984357088,0.251825258373805,0.933760410536962,0.2534189222648,0.369246255056226,0.286632824532093
0.3947432624623,0.39539075708614,17.2058042305638,7.18943391276493,0.28081258322985,0.642614719402678,1,-0.20005920247682,0.526080671910629,0.510924721042763,0.245454537234308,0.637627911161406,0.199934587436657,0.631340662373315,0.209056180231494,0.680671464438809,0.29355854974854,1.03999032822863,0.281910367630157
0.120074582327232,0.3692855647488,16.3681809813089,5.03604645198503,0.703014493821853,0.279356232867716,1,0.16979993521167,0.480925094634588,0.774355514699562,0.184446655336907,0.819774757922501,0.19353201782751,0.695923730537805,0.22970189266512,0.423262561461185,0.247408864261632,1.03412732997836,0.230507234998764
0.195690185035197,0.360441998448523,17.2182332614376,8.28050937699224,0.0655794382871977,0.65800824520647,1,-0.24588544187749,0.375160181919925,0.59384555554447,0.274336470145,0.590254523729951,0.287759067226139,0.738601106128957,0.297320136393602,0.680726817723924,0.319911116696399,0.311189823771267,0.343304387072882
-0.52022246735109,0.397558102108931,15.0492087851849,5.6955720946744,0.49683034330364,0.695297793890792,1,-0.173838487617025,0.477684187124917,0.889703987305871,0.229049015964624,0.635145822605228,0.219549715030072,0.912437453003306,0.22282840471311,0.460294843222467,0.283214353474094,0.841858593941332,0.28114998637408
0.0992330831990266,0.356246128408729,14.2616111133019,4.57226186589721,0.561599747430777,0.879662601058901,1,0.49494378620654,0.460449675953496,0.658640460975844,0.230922022575819,0.780226434139162,0.183915466779769,0.54430640692266,0.21328610781124,0.793393831069937,0.254549517767816,0.550688166379871,0.308940035273311
0.3559620155421,0.522229348772586,35.7016964169332,12.9385342805091,0.703316081313665,0.395697013334234,1,0.403788328300815,0.46438930574175,0.681667882169785,0.19836185284058,1.16394864969824,0.262446912200258,0.772265790282395,0.311017191544144,1.02934773894412,0.303040411491414,0.815104382596096,0.405470010443435
-0.429629405823822,0.349674386249853,12.5517299003207,4.24773270496872,0.172905188467255,0.590719374270179,1,0.132021048363914,0.404742006538021,0.76901869764967,0.207402001575127,0.374542448911169,0.272794545738662,0.915307517393591,0.201046451459981,0.390057106287899,0.262052763235551,0.739323652551081,0.2364216863198
-0.31384412675918,0.45989586928633,23.2969737343277,7.3290455595944,0.573786014598266,0.573199198240142,1,-0.0890559510418728,0.498832766929435,0.539167422033577,0.207165052529056,1.03362305607301,0.17040103692398,0.631802949585775,0.296876930789926,0.587355301504672,0.262957670923169,0.769954036879917,0.277221074344895
-0.034940190984095,0.337258056487228,10.1823562953985,3.37148411406734,0.187138365634439,0.497866813820384,1,0.113830334912921,0.4747310099587,0.303156056290458,0.209826028018846,0.734125176981507,0.234778352556676,0.307925998660215,0.219906817561518,0.62630763494441,0.220086968040011,0.817912056404987,0.199584635024837
0.481959505534068,0.434285082087699,21.8507362571094,8.39199858089146,0.729875340014797,0.327966413136596,1,-0.0997951685733348,0.484754798905849,1.05506297766405,0.186118539465662,0.819212124075395,0.234519953019793,1.0977419513925,0.172467877687015,0.824718157019933,0.293998402575879,0.950469087150678,0.367844464983665
-0.0352025621767428,0.376218717440989,15.7646134898387,5.96452264264289,0.0877610608893371,0.511362779574554,1,0.384245585763741,0.562639311919913,0.775272991699491,0.218416321811704,0.44072483476273,0.339103276898381,0.672081996354028,0.256897870280059,0.721679724010644,0.272510827618616,0.667828003096,0.274655008711957
-1.0995886873468,0.545394056549395,24.1205721773217,10.5808155325417,0.312969432222845,1.04804607674519,1,-0.0542784812892304,0.520286877440524,0.810747540393117,0.19230609120748,0.615514498887727,0.339400929259449,0.664781339190386,0.34222462363575,0.843729391163557,0.347969981725235,0.620350681838066,0.393440989632185
-0.373147702523099,0.409807122805053,16.1560276897667,5.61171582499727,0.655993566295685,0.573780840867967,1,-0.279840173153059,0.634360556845637,0.807303947099972,0.288295508138585,0.6404773179059,0.187997811296714,0.938852209237506,0.193580385926855,0.712177236840344,0.383148071021619,0.409945968280684,0.379285817071226
0.0321877178036675,0.298746241887734,10.8430895091082,3.50064479691002,0.245077635835904,0.561947001432063,1,-0.222226730298545,0.384821268412966,0.588558694875881,0.172287359880251,0.508581172078139,0.218133977315174,0.945982758539579,0.180678560160416,0.705248906543374,0.230061688306856,0.67880334896214,0.246039688179484
0.427805513791865,0.406387653911336,20.1138426372998,6.29569355265836,0.329060140103034,0.654615251736054,1,0.240888563319254,0.536474248173467,0.910558189083217,0.206773463965672,0.874059548403955,0.24980963120145,0.614698729037624,0.247049142266771,0.902349602120074,0.231677099934521,0.662529783180221,0.244793887192142
0.444809598201481,0.367595948944841,15.0358940370913,4.93567204060257,0.810159475982095,0.157449479645906,1,0.21774881233563,0.534656011209241,0.588698492506449,0.238769115527315,0.819241867820485,0.210327259126711,0.941618893620572,0.241734026622369,0.781452521672978,0.282735116632511,0.464780481437135,0.308214662099823
0.139263077628578,0.359295550895224,16.9135552080564,5.79951168743333,0.499663597773319,0.611245990165553,1,-0.432114902623055,0.447755257679371,1.00106552275194,0.205497349076552,0.53713113070772,0.199633746005556,0.781439922727008,0.196586948393709,0.482269465726555,0.291829163672699,0.625378623788333,0.320298237401758
1.00076179994613,0.426202715270752,19.5718012679407,7.74602191690285,0.356027654795297,0.701686737556283,1,0.857957674968547,0.528816517317453,0.501685100930638,0.271744997957763,0.853006170968338,0.269243805785026,0.648341141752251,0.286110621328694,0.937588798119537,0.270412454724818,0.735862920695309,0.308673969889968
0.0945175855234454,0.332230509312213,12.6896113820924,4.98076455891417,0.0128851967504937,0.380567749463674,1,0.0415415609134125,0.37215730579583,0.640129350133761,0.169110635898854,0.653392845371741,0.245354920970376,0.7795118669934,0.275255468066936,0.396904342301517,0.269902603368218,0.673031460633032,0.303759342996199
-0.249899831943923,0.557281014569032,31.357430526874,13.0386647611309,0.304882715226425,0.612202190210182,1,0.844305306744327,0.626522127400533,0.528787197585479,0.272202073870256,0.641722636158861,0.382377105929551,0.729924753880708,0.228123444393919,1.3553949011352,0.218827172233464,0.826359202001393,0.354586456113346
0.3682601083911,0.509652051825124,30.3518478308295,12.9964702207788,0.926437411217333,0.0522210023151524,1,1.13677345578921,0.759849250300402,0.734795860463519,0.242839926150133,1.10395699349507,0.219261043494188,0.809461198830402,0.289210864131153,1.18323735772939,0.287274694423914,0.677918065173558,0.401477114211864
0.620837324312524,0.336026643927739,12.8140180760389,4.14633781483123,0.616691500933369,0.354395794351333,1,0.645283224176911,0.478602115083805,0.406805670609168,0.269961610135487,0.551273154940583,0.186894508735804,0.974806402479444,0.203568150444475,0.768625204051657,0.229926510999089,0.159805008137489,0.429355831112894
0.164734301828394,0.442294414677895,20.6164775440696,7.70553212681171,0.368397838424811,0.805294184614076,1,0.554264530824573,0.560771207898671,0.592013343032985,0.32706485409638,0.856241942461688,0.230701280388103,0.443116227515931,0.262275776324245,0.755088351749996,0.213620958948933,0.712389445261394,0.330470716641092
0.144344676482816,0.374002675713706,17.7894464891565,5.40883434326831,0.733449260987064,0.239653032280979,1,-0.403318839409235,0.434000671127267,0.687974044039934,0.164869026603538,0.829377608132009,0.239039842855718,0.699367402888584,0.271254897722595,0.852515915145909,0.189442387550349,0.703029791987075,0.306209857751345
-0.116590872104717,0.484304489255527,27.7262887810882,16.6079264369592,-0.206265520190349,0.514546776889345,1,-0.418475341599937,0.488286925301589,1.09072459446155,0.305018232147414,0.865394256733467,0.352506343822858,0.865700647330105,0.346432349940808,0.760698322920348,0.366807303991313,0.674254681504515,0.482929698402985
0.362400125112414,0.386801937348449,16.6228852805024,5.24009733737371,0.554831225644964,0.52869226754984,1,0.223751256375747,0.434173246039833,0.529230511279468,0.196391291163851,0.626243730935393,0.23775489984581,0.683451075198626,0.176205049677012,1.0438396369319,0.219359028014455,0.556986569910391,0.270462602253504
0.00790692387215681,0.352349215524299,13.4221392414253,4.60988643690076,0.762806979350417,0.291451188340549,1,-0.443128564133288,0.456210992707253,0.69926315203309,0.190541503644516,0.583234217177971,0.325345663413214,0.534644664803808,0.246100596045175,0.586078410090793,0.338618290984717,0.841101384334358,0.309128439880141
-0.0818814652405587,0.304552336977345,10.1481198941794,3.71401676533025,0.860859670715806,0.114642069141328,1,-0.161983803875513,0.438581120540076,0.59971297523472,0.186852030723781,0.511731028009097,0.272427157643343,0.447609471806761,0.275067812650854,0.477373032220052,0.22460254419716,0.364728449578493,0.315522541396976
0.890937257081343,0.41055989937772,19.2931180781714,7.75690157576878,0.271106124621088,0.813762738688915,1,0.583448835806494,0.451925546755178,0.527349518532207,0.216798480109595,0.721783712030623,0.218336217595106,1.09355320536922,0.245165721153199,0.646437373829276,0.306451658193392,1.15300901153262,0.220775102752893
-0.312451479974786,0.629558075987522,45.9088639526877,18.1788957503531,0.459348106837581,1.27880515440448,1,0.600926222161344,0.523740364876741,0.75758522092048,0.318260783621132,0.868427993365875,0.259844706299007,1.06490365122575,0.290985402164602,1.00299766077183,0.259622416964768,1.36710936426133,0.257585477007605
0.227167605441062,0.390361880689792,18.7006781618542,7.9493595757415,-0.272209262952568,0.342088807130257,1,0.00780362719051646,0.507463391644983,0.781478486980101,0.303506577295019,0.938566670825325,0.24599121872446,0.457930228907208,0.292058412144773,0.881862225464908,0.279318578551577,0.983941443845769,0.347135012163967
0.113705092816912,0.394290953937551,17.6191045783353,7.42443756147196,0.308183298238782,0.771926503685439,1,0.210024175696558,0.493658835745429,0.76094460960269,0.217308616339434,0.592744663339739,0.263715529145505,0.534500268399434,0.269262342725017,0.425244804677958,0.303990161069731,0.894489405364636,0.246699869807296
0.746967331186751,0.381249815838544,15.4288081540383,6.92270395469717,-0.251923423527866,0.406034594740283,1,0.227677316290252,0.429817477324507,0.792042676836112,0.247134615342257,0.714454066107921,0.257043626334736,0.89319959957324,0.248203453757058,0.888504746961907,0.375310554821629,0.822976481218865,0.34833445976872
0.228757006345807,0.328255705856726,13.3347480651181,4.060273795302,0.703648893347637,0.268049161725656,1,0.0222255726539219,0.449934519545983,0.461119905853033,0.218087203837051,0.718183312808542,0.149712936852116,0.413923204611058,0.28274097998395,0.746273028771502,0.194230707426116,0.588870119910105,0.290054032495941
-0.0589165507252226,0.401299583625637,18.8679640002978,7.99382535698734,0.0644759548586852,0.591009009439278,1,0.216855456823405,0.455609401053046,0.905824291171907,0.241310162819155,0.79003070929844,0.316250091330394,0.915486079195355,0.276374421480681,1.25431885648232,0.270594523356225,0.969729810519723,0.285056383385475
-0.0753818039876014,0.364330504440851,15.7705895996828,5.5508922144972,0.590308467879039,0.428576456263954,1,0.151587791673986,0.423382026068262,0.770858250636206,0.180115301434593,0.458660362490381,0.188744563205609,0.571080594783838,0.255050302694182,0.824145047961613,0.245154345186613,0.409419530994394,0.431461099520038
0.320390287309913,0.463418372098152,27.6412921522687,9.90138774225234,0.868126546474022,0.107474264589364,1,0.374423380086937,0.457083596205486,0.630746366920103,0.233518181958175,1.08504806928621,0.199238388247218,1.08206184320403,0.258503929259511,0.841030977003699,0.30503748293801,0.629774065645239,0.326031333627961
0.0765213230766777,0.350479950744708,12.4012313642131,4.53290951892677,0.748029484735444,0.336052488329122,1,-0.320210627441666,0.645456326475118,0.42010943537289,0.285027879677926,0.430321261566804,0.254337281117901,0.556553981676986,0.238905021447789,0.422127318857732,0.22036815849995,0.609677343191059,0.288359531581093
0.295480503767969,0.375986922128536,18.6027169817877,7.35398391446256,0.00257448835007284,0.50501822102709,1,-0.198839352492544,0.431084914801556,0.839950066663233,0.190688794037808,0.668762451171582,0.240172764523713,1.00445544155796,0.280444362278105,1.03229447322532,0.252153840033992,0.218300682333409,0.364304026730429
0.49762011885634,0.618805925201454,49.4816335581589,22.7311153451394,-0.0859590965933341,0.653972194685715,1,0.686055399054407,0.570536622337262,0.991049368930292,0.231971907238714,0.742901568418262,0.325290645414591,1.02521415987706,0.295858866402644,1.32691886118576,0.44398911868436,1.24418222802573,0.341104173928404
0.806278437517581,0.482740383256253,25.0847220024506,9.7602426266633,0.369208496246671,0.744282967327875,1,0.0868475861615993,0.595906735339572,0.817994477916317,0.299331845995821,1.05000981532765,0.235485759704059,0.676155118685762,0.209912829934499,0.60990111644591,0.284468895665282,0.832506312735702,0.257673550737686
-0.111479706385794,0.462006705737773,27.0017774987264,10.4655600573182,0.0710699652614573,0.59360661785844,1,-0.718314043281496,0.553467628104025,1.05576809449481,0.193154422142143,0.979452904734587,0.199471534196542,0.914262083873338,0.249627353290326,0.662103541453793,0.265582914440345,0.630279695964996,0.220054940864449
-0.573162518957336,0.52162036995393,28.8973106198087,11.6942545366344,-0.190236916030081,0.333179794339967,1,-0.703989574676729,0.403896640685287,0.808213802110542,0.21323437099816,0.746714467678792,0.236040543596996,0.665493720669411,0.297651367275671,0.589984096778243,0.433599831124543,0.9261936220977,0.318405706047403
-0.112250521755692,0.398651377595715,16.912155997357,6.02521594853312,0.21855233370718,0.669241755488671,1,0.536364017315242,0.395139427854052,0.687653876187147,0.225992698409901,0.680913231124824,0.249276303690513,0.92092327644996,0.209274356177569,0.526766113167029,0.274354635743783,0.337697201612561,0.311416775840082
-0.291263103972432,0.503220429591288,29.1558154606755,13.2776726061309,0.10890272513554,0.558953573751829,1,-0.754835696635246,0.706074199560369,1.25945937234836,0.276246159214946,0.536084779727799,0.400531034789352,0.888508518977285,0.260579827123991,1.01723989500238,0.245483102839867,0.9571348121499,0.273285728864921
0.763269091450638,0.467952363261007,25.6621757569328,9.283577779138,0.837894765416366,0.144676246103806,1,0.26181111215927,0.599083679737901,0.929183980527257,0.254758407738823,0.67314148393442,0.185958496307606,0.917231023388055,0.31924966192958,0.764023893965629,0.25559314783036,1.24705762794948,0.31276016959998
0.51560491372797,0.380680504798165,16.7936621289637,6.60066524678382,0.398668484750034,0.922751504574955,1,0.471790910289598,0.525190848344032,0.551909254882924,0.250250700385921,0.669068833466009,0.237578241117155,0.90435562008464,0.230585393263853,0.839419418479434,0.260463464949371,0.502693614967164,0.345629108895586
0.12068363304918,0.424926597214068,22.9566232191966,9.79218357593336,0.195851054107245,0.5274970492629,1,-0.126063933492083,0.416111055844443,0.883323723480963,0.181024858418715,0.839239134524652,0.324770834081585,0.421695884239797,0.311848446559129,0.851060130950174,0.273380632361544,0.653785640249198,0.294541173203207
0.262834449275971,0.487438099433781,27.9261665257088,12.7337637832027,0.401186485853092,1.13328479851638,1,1.02265288823585,0.519578315610838,0.379115143922758,0.350142272187371,1.03744398507279,0.264733486097319,1.11100484172549,0.249239040908763,0.396401236565848,0.38968851963253,0.95926182939733,0.294559890138
-0.0553553550787734,0.490644487860212,23.0696977562285,9.51090935015736,-0.0132477866049127,0.579812657960792,1,0.387318437860493,0.696361598442287,0.764959080111763,0.241140869777589,0.944482732769922,0.252069031027867,0.899119122940826,0.259106824447668,0.510787692327418,0.281215273557539,0.914365556842298,0.302186721929191
0.0847936463584375,0.356679246652654,13.6512581872371,5.05887429524781,0.0510881382695589,0.475912655893823,1,-1.15713458632591,0.570140782830761,1.02982379196774,0.174483222349045,0.553457529088305,0.224886965731944,0.652007523492076,0.235174058829627,0.432711747446266,0.283798378022492,0.436025619439582,0.331538670674275
0.204748717304943,0.446982403132714,24.5231504900938,9.78292712904748,-0.274724297218064,0.370414977823555,1,-0.244440559492085,0.35229993549986,0.805107322930903,0.186998738074014,0.975299804432807,0.302296537932767,0.853766416196961,0.251248933393159,0.711906313260105,0.295643473772966,0.76465236376879,0.295280183032643
0.501539016575195,0.505378166943786,30.1193012979836,16.8069131593927,-0.528198276936454,0.2607831777709,1,-0.375091396062285,0.589141416321066,1.04068666091994,0.295461223141731,1.01134857827103,0.318854284302707,0.76477312647737,0.316934477928481,0.892266290841862,0.390930912354078,1.24674089109606,0.359616296563332
0.753038171018699,0.416184543626459,20.1715234125265,9.1247610236204,0.221188816086259,0.672156057753393,1,0.043436649844618,0.470814128355546,0.776955635983893,0.261187896745621,0.747194419548558,0.282038659016545,0.431533781033931,0.276658389156849,0.975145735822791,0.231693402805063,1.07298149545512,0.333900631650792
0.475022849892546,0.372065871715778,16.1497867288104,5.07856461281481,0.592156276404338,0.469625677812076,1,0.454024763836159,0.580255311715581,0.561214895156125,0.206368871264384,0.340072205316603,0.254310981888747,0.889880539364145,0.288510991674142,0.721555679889122,0.212728317106905,0.578910219680716,0.212362462083572
0.713824745337276,0.379524484638834,17.1394114285174,5.51691888252142,0.67704055524727,0.388138394855265,1,-0.352145812023941,0.598525694359396,0.885539316859481,0.219907886885402,0.98357302983906,0.165925988858492,0.777218526578319,0.266986574733029,1.05651834009163,0.20913575035184,0.80643661427033,0.322332331558281
0.105852529051863,0.314734276285652,11.0814328840607,3.91012626269595,0.426026064570259,0.569435156668615,1,0.115199745405973,0.480597293814506,0.629446403924384,0.159243533619817,0.839813367338795,0.268656920057826,0.467893177687846,0.197899890808776,0.315223030814587,0.278352328689005,0.648536275386813,0.215665506586579
-0.372016112968697,0.524604759317863,34.3894974631465,13.3477425735918,0.265867069740462,0.928064467237303,1,0.164435802334513,0.474474145455215,0.958525673983949,0.243942121028922,0.879251764176737,0.251002246800355,0.984525716948883,0.231585696707836,0.41902529028851,0.285584488622075,1.2655967862092,0.261863911672812
-0.180197529214897,0.424507070932733,19.402153689786,6.38072969710812,0.625902891669982,0.600089617064589,1,0.416467456242794,0.48825445006896,0.488315358064842,0.210506716679811,0.811449021284706,0.279108367984223,0.551249961631924,0.308651245822078,0.844184987083258,0.208429100423784,0.721384439359839,0.313295849411547
-0.241146335010716,0.424948827114128,19.9313694157889,6.66560009801499,0.713281911931841,0.248114378649819,1,-0.495346748677537,0.475899906193237,0.724033883424834,0.16184471960013,0.681246643641077,0.284270371604363,0.951147742785952,0.194206363329883,0.551684395300659,0.340654750698358,0.755970514863029,0.339995647182811
-0.1768391546142,0.485993250695302,28.7512145775359,13.1209987556142,-0.298134110730263,0.348346984905968,1,0.058074152482515,0.402058802061854,1.07541678794739,0.201546222544697,0.672730035896178,0.312316176970948,0.894411824941687,0.302448765817762,0.736616888912864,0.279187652938338,0.999174042389723,0.2928848002886
-0.594773476109444,0.452548074440412,19.7247183261714,8.06928999892925,-0.0274099424921185,0.666385936368215,1,-0.111426357745659,0.500483743775953,0.874745158824581,0.217445486567863,0.766601033233242,0.250853043255498,0.218078112595862,0.397688492205558,0.348755947418808,0.403466902786496,0.854808321348598,0.309917224189052
0.286955080880727,0.407372507273623,20.3924606135462,9.72730126641224,0.535257715462825,0.77017809910333,1,0.0986567528986704,0.574380608065757,0.85663553547891,0.314666576142002,0.696201304835198,0.275667156484832,1.04733565839027,0.214720004556972,0.804857169675114,0.391226423991881,0.92392492874423,0.393372798028023
-0.233893749221052,0.465122518229212,25.088452469609,10.031315963673,-0.151684626616408,0.402853188855561,1,-0.373403398251375,0.486084906413202,0.897944136753765,0.165629089163868,0.976813913589004,0.267056291096067,0.455888473574799,0.280148025470663,0.857869454654507,0.2675513183039,0.8291630706166,0.324895674350358
0.559641137378752,0.302594340305433,10.0252809734415,3.86303095673899,0.0363610251478009,0.441997751667602,1,0.360776635519358,0.374295954473945,0.364601405539625,0.25525474055179,0.671496656963831,0.2163484933417,0.584563510044971,0.222445729926794,0.726414816062761,0.221403325975859,0.881824978262304,0.243865778761286
-1.31810732991725,0.682539199572588,39.3694359455027,17.2416326316952,0.231694262397752,0.977508838503506,1,0.121805937477715,0.493822905489981,0.775255339748991,0.275091999209239,1.1142014448807,0.282904192420385,0.588731237236214,0.267773985860246,1.30915045163852,0.25006197660176,0.988951831583024,0.271748945725475
-0.161851298946635,0.385894987181511,18.2212699434203,7.15620548385136,0.201125683563359,0.635107455508569,1,-0.625751763225993,0.393671556932901,0.765362472903524,0.184472167227185,0.698985795470773,0.292529866931064,0.567534752986637,0.287428520005232,0.495882709521813,0.263515360586118,0.877788685639696,0.396038277999055
-0.217183305072477,0.376129723573062,15.721543044467,6.34253291129033,0.0485095909150436,0.52381639741917,1,-0.102595008375692,0.452022796728704,0.67028099013959,0.24638531705266,0.764146867109791,0.224619851323512,0.427077999520677,0.279079614522053,0.693823482203298,0.284536067395013,0.9395209277404,0.327186960591444
-0.142589308071919,0.381457242679385,14.595392083664,5.80262169786545,-0.0339416784651636,0.466671871723576,1,0.428026069982431,0.559569003026567,0.800927795903402,0.218535744191388,0.644015575639203,0.270158431301201,0.498946627642524,0.266301245542088,0.916731383300401,0.239138950869492,0.94488343384993,0.283283305659989
0.525411242870736,0.351177224965791,14.5234055025408,5.1051349735488,0.0618523979174746,0.460926609542697,1,-0.707093827708324,0.676057952043538,0.915255773837118,0.187751886811531,0.751818777136169,0.266033423357645,0.885773247192665,0.236260334238007,0.56841480673873,0.232645509789888,0.835722563346813,0.269709779220399
0.0652338153014332,0.405397459642755,18.8411697341884,8.4750552225373,0.0158478289662221,0.631816856686168,1,-0.200991547296068,0.46266069166418,0.722680454705449,0.265591628709873,0.81095346894218,0.241952136243285,0.5429846551956,0.282824847057068,1.04307628408637,0.348653647429625,0.809064301692258,0.25893121396575
0.463020901715499,0.493311216937326,27.858323068424,12.112650615485,0.441462663399286,1.01830250393558,1,0.250972836406613,0.415739312045319,0.788499389324916,0.223299666034712,0.582361146185407,0.268836873499749,0.96566486150176,0.270266787603083,0.989131097768213,0.260355767091765,0.643306440972601,0.401329420614019
0.446532080271136,0.359381102742435,15.0430812794278,6.38895933541928,-0.181235600526878,0.424914514521941,1,0.762824616683904,0.42675774940308,0.74185574397373,0.297323335248307,0.714495300698609,0.291553301230077,0.663841494545365,0.277805108770652,0.626167421105377,0.261384683626482,1.10756233040206,0.241012420194294
0.342300823953728,0.317090445482603,10.3850663422705,3.38116584368564,0.13233251630824,0.536389007512559,1,0.285841019522903,0.484570789787705,0.604663976389363,0.212550001595558,0.75226010015357,0.210768955969383,0.71222187463917,0.300687299414665,0.435723818118567,0.250109384878934,0.384568720690166,0.255088278863475
1.28579694720737,0.471134177952507,20.0985188685343,8.99799566862912,-0.0560204384590184,0.53626437043058,1,1.12806632912482,0.43276406451304,0.715981818444355,0.246168704336398,0.858672175591842,0.290252958823675,0.813337561826839,0.241753070110742,0.917086217482687,0.310284644062489,0.583246745384103,0.291871331101745
0.533029209454745,0.476418336140911,29.9844280661892,13.2615854364359,0.569860151198273,0.806791798733905,1,0.213128446524437,0.417676191313017,1.02935367267962,0.228690547907476,0.845584561403366,0.259851580457691,0.482090056066743,0.326103408686022,0.944276185896545,0.373676760915147,0.723341577263483,0.254436018063763
0.575876804729864,0.333713623921997,12.3829007987909,4.7558771490036,0.168659465418908,0.660231585151688,1,0.273960670299962,0.491032007678318,0.331847526712441,0.223092099454067,0.84128165049185,0.261537506075928,0.349806579957665,0.314322418584919,0.84340374596521,0.245806373048049,-0.0371688097847357,0.422359055894096
0.121840811775134,0.525468158243216,34.4883241306982,18.5541244862948,-0.0984820097155732,0.645372145174255,1,0.65716630631786,0.509791650006593,0.884734431907319,0.339323335842685,1.05565179649478,0.275083573765294,0.883947184903869,0.288205883362094,0.806949616595649,0.365396713728874,0.914579893725798,0.414640221668131
1.4484048934969,0.484061204161429,20.4123966893835,9.75132170822122,-0.256794658203261,0.345800785098256,1,0.233152672544362,0.493477343370285,0.872755680371127,0.309766563655048,1.23430572995158,0.257954972279017,0.87116811036109,0.207642243709101,1.08546475429678,0.292116268246701,0.726987306830825,0.336499887029723
0.198291616895218,0.418718965161826,20.7764414877066,7.77274192481011,-0.231598033535157,0.313707721432238,1,0.239570818767791,0.465996018020534,0.733369310279979,0.259695886096362,0.676992793988389,0.239595322121416,0.581871927442592,0.285200215625004,1.04779224531527,0.271517334934519,0.40954655614523,0.412523761067363
0.263186735133952,0.384038695416064,17.7241119817752,7.30852775849356,0.445371351103759,1.02813147994366,1,-0.0845968230086176,0.581184714297423,0.691214122810838,0.234433733809792,0.504084982265267,0.341549257415868,0.912115283248071,0.219831549035076,0.666778191667249,0.315564325401972,0.648425778218385,0.315112042995113
0.283539640948418,0.438752545183382,23.6107557038122,7.35502812606453,0.742164315585172,0.27798566414407,1,0.346717918112764,0.529016174213367,0.867251629085714,0.260437719603777,0.862028709906377,0.206969297284063,0.675964657890288,0.186715047304068,0.702985817635509,0.160407438798408,0.909545111210475,0.251061707923434
0.651393330587328,0.344841427272607,14.8960075130118,5.6285200204664,-0.0913930172154313,0.392485317396165,1,0.340334180165419,0.326063936231911,0.821695576777403,0.219481420636003,0.330002958525175,0.29658561700924,0.995574395328491,0.218655981691607,0.601569002046921,0.194142942926078,0.513106339146278,0.208256321163032
-0.108853795536504,0.433608747273471,23.1399841531675,9.53092516191299,0.128029777634379,0.644717685327865,1,-0.212511012865895,0.442964355851623,0.739111487510145,0.217042005131656,1.00594814716566,0.211394897823871,0.606910527793177,0.255893108813585,0.729618576988109,0.253913719375678,0.695020740092881,0.354682028982014
0.305599977057871,0.370600522802672,16.6897723467288,5.12135599643055,0.45707297397531,0.755120496883382,1,-0.307542820559307,0.54189769033599,0.519269229760492,0.210275415380522,0.799774667688801,0.244738704223964,0.658095171384029,0.228699892587117,1.08809528723923,0.190348154586074,0.715595937476759,0.238151863770167
0.380411039819725,0.315648706295287,11.5075113266025,3.91380246929479,0.349615282974619,0.530343114559435,1,0.639188786659571,0.37154408970578,0.527325854226623,0.213469360075754,0.587684076884209,0.230619808403088,0.337130720123535,0.234884158604156,1.01474102932612,0.239759624066114,0.463673372573023,0.299278002906164
0.143334814826662,0.347643631809458,15.0962608165624,5.33280634082431,0.0135073446338774,0.410204534239644,1,-0.307983148407629,0.405533813937782,0.924488096254957,0.186979535357078,0.846803502958882,0.2065984424385,0.687168324589805,0.239235795940226,0.880844640363305,0.204259447067307,0.760126743819849,0.34183574970113
0.0762382952048887,0.283720741017472,7.96890635702322,2.34962589797105,0.695768087035233,0.462702493617602,1,0.228038722204943,0.473085885675622,0.647553456714041,0.137268863141077,0.32908770751425,0.212543468912397,0.47165492027006,0.258550056021397,0.526604286548971,0.250300398305204,0.614766475426875,0.263577800512625
-0.0246272444607709,0.400399031622691,12.3110609639118,4.34814196206592,0.921795821455611,0.0712204213250639,1,1.53408971535933,0.873749598527065,0.418474086802493,0.217378135821803,0.986465369258631,0.20711346360909,0.650491762993494,0.240310128678163,0.615809791804376,0.271153128718942,0.643712636477645,0.329139603460978
-0.525041309169847,0.4610101751543,24.9498610211881,11.5466794496459,0.370676123844311,0.936754962257671,1,-0.40564381672637,0.65048263888211,0.809557603184484,0.260690173986565,0.833939008257155,0.301509076362155,0.86692209213501,0.325429694825279,0.552350120919292,0.30786949296682,0.514647701061172,0.327959859210275
0.0570431395567189,0.330431359282096,12.7952316485297,3.99966509890275,0.293706532066805,0.415055186304747,1,-0.0954012914449066,0.418018343463691,0.56070496999019,0.150284528571777,0.586158688296786,0.20824429254795,0.491494633450595,0.264155902200813,0.430759958093021,0.264119339723453,0.845113112094669,0.237554985285878
0.176936289244759,0.31243888760688,11.2838752550869,3.89319167837906,0.277215428429811,0.556418493760011,1,-0.0768474652580208,0.40424552933455,0.734469901691547,0.212146331698019,0.860726190115095,0.196340341465545,0.464698531803785,0.224747594998402,0.796769866402815,0.251483412605288,0.540486021279553,0.295732112454351
0.441994333137214,0.303327740808905,11.1218241429301,3.70985418790765,0.284159279430581,0.692838132323126,1,-0.250269439881257,0.442162259433981,0.662831057541807,0.194582831045792,0.848426810309774,0.183764523215629,0.585057462270604,0.263779008815998,0.673861176074323,0.254062537254155,0.863617421329626,0.18050629973773
-0.610505806870637,0.388400237540652,13.3175421147974,6.61940203759857,0.00550122445713882,0.623659686403363,1,-0.175830274427137,0.519936842735295,0.13028787078899,0.250040517811232,0.684864329326034,0.358534725971649,0.893521815025172,0.231024596036055,0.667999027471838,0.33712148003998,0.729459666858887,0.299414772808631
-0.0587104355807817,0.393500351044305,15.5035919745959,5.11502502083632,0.880435360689445,0.105062403089425,1,-0.311616946570577,0.579517056123978,0.717928358759812,0.215723605243619,0.773702167793663,0.149292996341603,0.518899873639073,0.24088068813163,0.492740314638178,0.283902466296265,0.960979445347908,0.252210935011921
-0.155677480706207,0.371921826842036,15.754577586948,5.10072849893183,0.624623392208456,0.455360995781268,1,0.078846580033458,0.39760567677603,0.600902550700756,0.165470632950688,0.944586180413067,0.17583996255832,0.762052880292789,0.27450547803041,0.959803947286075,0.187406055032873,0.725431420991913,0.287359515575759
-0.0195385813791716,0.343200912285283,15.3068379248477,5.83524596088162,0.302362671892876,0.735166032040036,1,-0.348071271543005,0.385310395525732,0.962513007997442,0.219717423324512,0.801460070484598,0.206041243731784,0.319957056581174,0.327096876128662,0.59334480855219,0.333756870170744,0.764016813919029,0.307766327543238
0.152481637221911,0.366803079354041,17.6573682460606,7.37393287432626,0.249118249021989,0.844313400647509,1,-0.26603415729198,0.415093043416491,0.909063526000224,0.184831678916637,1.21237326196218,0.269660849512205,0.482069364241225,0.328620171833739,0.810841284648362,0.247108260542758,0.866995138888585,0.265062133098002
0.549674278393282,0.340354428466937,14.8634107390506,5.28243184830216,0.36089231687417,0.71802012734331,1,0.213279117032914,0.367389500926751,0.950635571251773,0.169942956434886,0.613023378180787,0.245533970377021,0.832702819510073,0.25308680385157,0.665666344574627,0.290826961611977,0.530816806153411,0.356541900690098
0.180278766320283,0.263192662865869,7.67955147542934,2.57210330714033,0.492211739871248,0.66393750251875,1,0.0159893907253549,0.409690292510838,0.668470946041192,0.163876727237568,0.321506915900796,0.28394492609737,0.5414410417706,0.207985948238119,0.504838604094134,0.307549571935173,0.569531828803586,0.282429530236655
0.758454340737771,0.460717219956281,26.0748360390693,9.40231590491505,0.412340903757448,0.919270824196002,1,-0.35281129942624,0.53942809600596,0.691556755442578,0.265064792062915,0.992422799272622,0.213603748233447,0.787669322691079,0.222335399607066,0.944077437133325,0.21276812980569,1.10958180452292,0.236286303471372
0.0277590023554629,0.522159993196077,30.4671463599083,14.3521496747233,0.928423463800517,0.0759667210442158,1,-0.142632461717445,0.782043615090476,0.915158819599067,0.258391346846801,0.813947440190056,0.286088417268768,0.996157145267102,0.333559975935291,1.18208355334573,0.325795530459132,0.578530278264415,0.257834405961791
0.0461249612063248,0.39276032379977,15.923948655603,7.79584663271865,0.194116162212684,0.768661600305502,1,0.633539119412795,0.580743649316208,0.123798442024404,0.303903239123033,0.775434877120528,0.25032796323594,0.35200101352711,0.34109584316762,0.668315737006994,0.288878126969569,0.47843518670306,0.297062307155427
0.286628450183894,0.397879948128599,18.7424498305261,6.11253396088799,0.618119840584643,0.485726298896544,1,0.489881249295529,0.606186383726688,0.621518002428413,0.252084449510882,0.788707201985756,0.268801261151979,0.830108381893463,0.187395336541227,0.41053022054684,0.254046606518107,1.05685896913475,0.180840543545631
-0.0255822414185194,0.387119984989042,18.1020326798342,6.58538462621534,0.697171094965657,0.427450182186095,1,-0.128222440707227,0.477335662391219,0.999934192000599,0.218906586444092,0.867960809622929,0.236897092248265,0.785074541519396,0.322057073847608,0.32228891736505,0.254668733739713,0.319728038063136,0.328510509015811
1.24571266212354,0.521171768246355,21.8306026359964,9.85401420561664,-0.433430040705091,0.285216896439732,1,0.982615159714943,0.814512610460596,0.817290686617583,0.284550199808954,0.994487831520511,0.251776375840583,1.02947809840762,0.279023329016169,1.01141858568356,0.232985840484251,0.961074611582128,0.292891727838849
0.921544257531276,0.373940777715867,16.0418786852222,5.41736835363907,0.430924309258508,0.544052330498754,1,-0.5278144506086,0.346110990150473,0.602560472116924,0.173477777971903,0.829991978702635,0.170556945221418,0.855913954964665,0.258406125818305,0.767163576185506,0.2267658971835,0.532067426486004,0.410804617537692
0.352022934746205,0.44725091894919,24.1757401381177,8.19681039086276,0.816912235661877,0.191531976024017,1,0.808602347907668,0.514085856656778,0.547077246464614,0.170527301032176,0.715875374055328,0.285262652244945,0.960676586800904,0.255597016070944,0.840011094904396,0.252323976264757,1.15699715936407,0.178642506028231
0.482453885923732,0.441573710338616,25.9453805546135,11.0186778160388,0.724003779905547,0.290569176443655,1,0.254498481119153,0.541572336395359,0.750486833696807,0.289171557493267,0.973546543735533,0.294160527598531,1.18082544140015,0.192550043478857,0.861828668695469,0.309970546585456,0.816082203962866,0.281013671823275
-0.21651348002384,0.410224092536092,19.3525438565348,8.2344261336808,0.288108327772953,0.832963541808049,1,-0.110931382145931,0.485782846334753,0.844130509273594,0.222898898480484,0.434064683735391,0.304776875743117,0.992284887838369,0.302311472527586,0.868327012599202,0.334293192515392,0.519060687484081,0.281628087725573
0.76730456415124,0.46943084430174,21.9070609243007,12.660794431897,-0.233509822880804,0.406546628231151,1,-1.0212570349438,0.634898706647217,0.93167568483082,0.309285015637359,1.11775452337027,0.274970698899053,0.665696258375798,0.365566671367813,0.497436669184832,0.431012427291102,0.713647077788308,0.360792572550524
0.180327812897134,0.375561056727242,18.2908216020701,6.0676037341099,0.348337379016765,0.617033274755293,1,-0.355988685390777,0.357701783151403,0.526272696539094,0.181470799756907,0.863552959376276,0.1784445327892,0.729667406093526,0.193340431705694,0.3650465039309,0.313882929975937,0.71773334126127,0.230362566168341
0.408280996569491,0.310170067583903,12.5495004336275,3.73854433166199,0.557263407449313,0.540393468665736,1,-0.748180328296409,0.411170641677213,0.871241819992871,0.129038474374491,0.288166891684702,0.213588633674684,1.05703644015291,0.181099499632278,0.459617661570798,0.282344416076557,0.825007846632067,0.239785773935263
0.28980343072946,0.396175538059122,19.6774665747972,6.38751010927498,0.624123858868626,0.383196841878956,1,-0.130468254248899,0.430660088078916,1.05513025035598,0.187761709941968,0.648698403351439,0.299986046833949,0.512161934584122,0.221724684060777,0.584328187293202,0.225510018896208,1.13559540966244,0.278167904841086
0.951959679482291,0.463716033946175,20.8675010747323,8.70319656222089,-0.302678075952504,0.404752844354049,1,1.12829349028981,0.683130773301921,0.945181530786099,0.198733045299388,0.785527402823352,0.293656657378067,0.65234014752157,0.355374591153808,0.860937522402347,0.267775730492428,1.23291634415197,0.212338477389999
0.331561223422619,0.30106081016817,11.0583653557988,4.12767596963899,0.135920455281861,0.699136528164853,1,-0.150231032413743,0.345067355684465,0.78962747399474,0.199873960149498,0.545865645734377,0.23513201448538,1.03573659183954,0.267966940155781,0.890383340932994,0.250539288500996,0.619606280155551,0.284085561718274
0.166033770471442,0.359688269509077,14.5475775025608,5.47678292620492,0.139687862066458,0.452144971312716,1,-0.0474934967554301,0.579011500316146,0.87718234422386,0.289476498994046,0.782738492065597,0.215667651645248,0.459497052670496,0.267445588367038,0.831560565420456,0.277236284874193,0.845611972948882,0.364463096328611
0.289092519184451,0.493630389453724,29.8609317663009,12.6139782085245,-0.251147835421189,0.417554311606887,1,-0.862964221778681,0.528239485212626,0.837337839138987,0.281389344145032,0.928336312892621,0.20885005484995,0.546020528808319,0.273361196823978,0.737818557396836,0.285185329972885,0.835877885720489,0.238846508696234
0.257306480171902,0.347064158369705,13.9692028797209,5.1594973908723,0.479649653219925,0.622345678135088,1,-0.0905957169134228,0.401136280628291,0.672797827624091,0.249044554134147,0.499452388409394,0.214800208360698,0.616004967896432,0.212300547024566,0.739946524124691,0.272746566966733,0.588314195960549,0.2427238259358
0.302983172620339,0.396688641006437,18.3522876246115,6.66505300573246,0.455967552966818,0.831340280054485,1,0.437500441874248,0.490791621248187,0.575987186819011,0.246182768529034,0.620751748729883,0.222681083227772,0.738487916245015,0.266385590018862,0.712949131053352,0.324452368883252,0.438195237528369,0.293717689945404
0.0273444003245845,0.4364734220587,20.5644256664515,9.28957168585823,0.368101778126254,0.962081964797695,1,0.712559566714006,0.60788995642689,0.636681314234505,0.280125764681972,0.834665896211417,0.25267671870492,0.932034965384943,0.267314882165401,0.646453015912041,0.328169885184681,0.588288575445004,0.369405572433462
0.200616688818777,0.347309111457424,14.2312417690593,4.10728587437835,0.626380057211248,0.43380979512123,1,-0.144934585619518,0.410290564480927,0.874722137221966,0.180637794554648,0.740716139906342,0.213126162640005,0.370412309540521,0.199552337265174,0.86761082514024,0.233457179558322,0.308734607961916,0.444989904195485
-0.0132441819879467,0.359745865262977,16.7700076845038,6.03255136548366,0.272457212649245,0.672050179499218,1,0.0134837125773865,0.474274881324462,0.810624863990859,0.214555282970193,0.7632107245606,0.278588764406133,0.378459497691981,0.249205604735839,0.813478474173502,0.217769950935206,0.937586688665225,0.337227112087919
-0.121243086272809,0.455922755051693,23.4630642209105,10.6400259998808,-0.0591650881625067,0.54947739310246,1,0.554411848194754,0.525402505979084,0.630087505134397,0.319848676956176,0.605801810603972,0.222954071400307,0.75179218384418,0.290436957453461,0.40207303833085,0.341407585942056,0.833652847012321,0.396563346449863
0.0926204523602188,0.40775222701838,17.5676325760008,8.51082142532783,0.0494585878461237,0.489074099547681,1,0.768821335774034,0.570389540418054,0.109064046899486,0.30690561853968,1.28340211056968,0.260390716332208,0.770393239923961,0.284929003809744,0.95639680129934,0.324213075888372,0.464039321402627,0.434386926305785
-0.274935407239092,0.476240388807221,27.5130360791982,11.4329449151741,0.185379940777431,0.586832939837799,1,-0.987457345859399,0.44165576033345,0.807965889544879,0.233425491498472,1.05671029982661,0.169297164389178,0.864133184122433,0.336339987551599,1.05247664151916,0.391823406295812,0.810782100887798,0.287180873361596
0.330882099173515,0.420200473403982,20.1602267247458,8.80714544944501,0.166578601146171,0.629826901638363,1,0.0424409057757871,0.454391224304775,0.937411802500899,0.245627936959188,0.352606972048694,0.298951422630931,0.988926326626062,0.264210806031189,0.954353843169485,0.28415687563856,0.815039517222465,0.350453845194927
0.0477158116778666,0.431612937001263,22.0340046563582,8.31475637216047,0.549582888758473,0.568064735229065,1,-0.122419978450699,0.538603028178803,0.897079609139409,0.229830739452133,0.940739467552072,0.286988363621756,0.403930697583454,0.422849659290791,0.413012229823667,0.206326518648313,0.740927864991691,0.274316682143526
-0.165281316210154,0.392335672267658,16.75562045175,6.74956607676612,0.509974836003572,0.975192263559598,1,-0.0777128561524199,0.458114015912087,0.796090565512653,0.230779158832067,0.767759618454857,0.197985917151752,0.443338095195314,0.283971478126333,0.843344541536951,0.240898721078051,0.863686180602855,0.219160162272946
0.157377819277572,0.398435511781661,20.4532754012606,7.51627744996128,0.477528660430403,0.994992121226023,1,0.0224364606285968,0.444212647563528,0.768937724729338,0.309910384700331,0.718016503959464,0.318811812776078,0.58455418523779,0.241740014317644,0.95541445816209,0.219634163468943,0.694931771558591,0.235578417156318
-0.0932735331355361,0.434904295236539,21.1720531800057,8.30465717861506,0.277231630666039,0.648249613904074,1,0.0938770742198281,0.451155619751627,0.688702691509717,0.23058333047114,0.83206101784028,0.355239778304986,0.532788723604734,0.273674832360578,0.915570874663287,0.224515987541956,0.708228526312958,0.352948055519585
-0.597791634735792,0.406312026937486,18.1123683948035,10.0006047587402,-0.0196100871122498,0.636831764360394,1,-0.149077791070587,0.427068469570898,0.627087769171712,0.314900078311614,0.521285704417855,0.290629809284964,0.609089016509002,0.361374781763217,0.86776062326447,0.342738079068578,0.633074725991791,0.372756376032512
-0.100992313396054,0.43901893032258,23.6189165612732,9.78346395306206,0.336227487768861,0.968753657509439,1,0.0407115152208373,0.40060057461707,0.873569843094571,0.235907664065327,0.911130466865758,0.239114318966924,0.805223826461702,0.273846339461201,0.807476007696113,0.282526988701794,0.734396113480333,0.284992977340606
-0.28906371990766,0.421120154017105,19.336189729486,7.61523243180486,0.386474934099387,1.11130592031828,1,0.109801801614377,0.46844779661832,0.79758552659102,0.285135064213756,0.898884485541544,0.244865688244842,0.907398099298954,0.290452314259077,0.386493774032441,0.290626487620657,1.09429594229923,0.280983458780561
0.549669178716432,0.387968855120248,17.6523662300475,7.47508863907243,0.13803031533848,0.713017578048571,1,0.0792041407515837,0.360689431070789,0.816253794769518,0.219575031820261,1.16226273188163,0.246561272358523,0.417162506672979,0.365400810691965,0.797255652460426,0.292904722645784,1.06446516260421,0.320992339001659
0.256598115401911,0.426851872411669,23.4827366575507,9.18507883254688,0.815840199076389,0.21410191971744,1,0.489919467551586,0.486210283549422,0.977871343957187,0.205528529337236,0.938590089683219,0.247760242878853,0.812783153061554,0.249496643763128,0.952460041545618,0.341326956774923,0.269123530384554,0.492026139175312
0.93528557484205,0.396628038812493,17.286313300683,6.45318088070018,0.0726323669297829,0.524753793504951,1,0.275835756198952,0.572643889380957,0.701105900789542,0.253712368995302,0.779129316690812,0.223174610056249,0.81524803521319,0.19665697819352,0.808310973947184,0.287398990207308,1.17113022181088,0.218056261985264
0.314410633415237,0.392880755832789,17.0350361620618,7.42508534565701,0.139374928791116,0.669310371594461,1,0.243197691149137,0.564426283074905,0.826063691097682,0.268938887682472,0.700830687428282,0.252633390374303,0.978276866156448,0.272051883229528,0.699631880200025,0.252271030092429,0.785169963295853,0.275357377252751
0.329702569327922,0.28733585123441,10.569138398545,3.12503422351318,0.632387153063162,0.334185552145846,1,-0.0871527645853852,0.350869560340866,0.570279715807189,0.161786425331854,0.280044514403609,0.194943501764907,0.647290466255156,0.18908999215508,0.612016767583107,0.193380015799159,0.286021911618251,0.241744641710168
0.619660380064481,0.32491079746642,12.1667538582822,4.01805652293622,0.563497257229445,0.574126816906317,1,0.0450192207879696,0.424930937922351,0.706006476854862,0.216292602311676,0.813576190780627,0.209807516136369,0.556774496100584,0.225919756368216,0.85192452413117,0.182857164237346,0.45611236196619,0.308880900579919
0.736707379615604,0.36948207037606,15.0028559942785,5.7062282749582,0.0637045887545161,0.478337135237569,1,0.70555049337735,0.454213491562691,0.362674614508849,0.251668409099338,0.771198296887151,0.218995584908239,0.569899597523964,0.218267991459408,0.665066661627833,0.344816245267407,1.03856030427729,0.227420334864168
0.158682382293922,0.365543208925212,15.2351858581436,5.6136038194088,0.560572368416118,0.536435150651521,1,0.560280316985876,0.52081360323996,0.934185039944899,0.215863273929629,0.599427393369234,0.245313135090203,0.764570130108404,0.263920072470449,0.642760281245128,0.25579554734927,0.540834258874222,0.399106078455215
0.172252617033353,0.359074707754712,15.7190044679412,4.80956881522191,0.545959665570351,0.563017203959106,1,-0.371722646445158,0.5038177963029,0.733949348155511,0.210709865919473,0.790443650120919,0.145528764416427,0.61184708289611,0.196639413307243,0.351533004638684,0.242687491773126,0.903951307824692,0.205560169266738
-0.151617766564634,0.338235852574991,12.7199994364404,4.74516439436236,0.117292540001048,0.505485878221558,1,-0.38456658567683,0.518747374280184,0.777839618027863,0.21240716975196,0.756675607645703,0.253966506123195,0.645694661591755,0.301082320671179,0.80734614657718,0.217879763481042,0.5959174585012,0.276141810043219
-0.321923703792272,0.400977513986298,19.7882915345171,6.98850008650594,0.392892636833049,0.660701161345164,1,-0.645728601885177,0.484338037039375,0.934598117645041,0.215939425753821,0.769999921446954,0.177861889863184,0.66393401903967,0.258859404215227,0.751624392385697,0.234598263457427,0.613495353538484,0.319461474317811
0.746550884896624,0.475629242431899,28.299458141381,11.4879916718385,0.489782132314584,0.800497108780958,1,-0.436850749220815,0.543458582681358,0.824833902581459,0.284822260065352,0.602914771667752,0.262596058263206,0.961199016849095,0.271003825635362,1.05202390252832,0.286689689956401,0.550648639743689,0.310886516302162
-0.0537563328257558,0.39817453574195,18.2487907912061,6.18497096613086,0.211214904180349,0.68521892618036,1,-0.407109410113597,0.489945404064377,0.888335330476023,0.210456651982477,0.660824042471833,0.218318231523797,0.633745674101254,0.26086131331892,1.08984003509516,0.192835096305455,0.693081881083818,0.247800375764308
0.0988355857681133,0.36499551662106,16.14854540501,6.86494980806858,0.00286485846412092,0.568230905981736,1,-0.0165529787753088,0.580707563794702,0.621107308291091,0.376966895720648,0.703753872770589,0.272187265343965,0.587155701755395,0.243021104925023,0.240280794344577,0.365328106419943,0.460542971248633,0.272634241350477
0.746940814872843,0.366364366566294,16.4413285376667,6.73124802112118,0.122084352298521,0.465052236743874,1,0.901963408001085,0.365051005954623,1.01841362258203,0.216903876028507,0.631359604498192,0.195133637742007,0.845136459030714,0.242603966188166,0.949467727968706,0.26602294635945,0.85369013025638,0.351552909991232
0.282306309901744,0.451834273772742,21.942324730397,9.2936407063661,0.397234877945082,0.703030412182702,1,-0.251223055328163,0.600481838592417,0.917778380404831,0.253262964836905,0.89241268642801,0.197434772038304,1.01785113249008,0.25407506772675,0.841580790459347,0.28829169526619,1.08176252037273,0.310220690813789
-0.120089958751774,0.553466540430336,34.0315090037432,17.4948595950565,0.947415587815898,0.0433052789898977,1,0.373770084472357,0.73924914532194,1.1288956404054,0.337278212366839,1.13752354620465,0.304744163489785,0.612634735309325,0.337787278199133,1.1710383960792,0.278753337794697,1.01110422311711,0.301917004771623
-0.388168339196308,0.556998103740115,34.4097302262629,14.6367677885406,0.592934319495828,0.881147361480394,1,-1.05226186259602,0.628177632799383,1.05284673552519,0.267133529664963,0.792482685802941,0.237647879466563,0.897906614088535,0.267398534777076,0.464965179726536,0.319230205462176,0.917424275722947,0.452092424395711
0.514743599241175,0.319480066338521,11.732132384996,3.68291199556212,0.807256303687944,0.154213584190983,1,0.0571567317757229,0.468278861642275,0.937492760646457,0.148472491041374,0.605695969489707,0.221026027930339,0.364941539567512,0.228569445708959,0.617034767253256,0.209419132004061,0.788813761095166,0.280407755025746
-0.106131175690012,0.373672175244979,15.9995985103757,5.05929592639089,0.737465002438433,0.315907122095001,1,0.636363959395718,0.532406741756633,0.59095744282962,0.25152975193443,1.00942143784074,0.171732007412489,0.419595654007647,0.291116579354899,0.703318069521631,0.255492130718701,0.765996502451012,0.2453819514773
-0.143077238653116,0.402908394323304,18.0661868819903,6.88135466685068,0.646574502876506,0.396838114191413,1,0.235341386486033,0.58564265437338,0.731820295591811,0.317691556796751,0.529350921619532,0.321108105380021,0.664951840789043,0.239870994014069,0.80194716467619,0.313098789349144,0.59628722187696,0.378470389103252
0.272615104772445,0.418864714580028,22.3867324039716,8.80469906448596,-0.206703511307896,0.368417910688601,1,0.111038991584133,0.438841870344468,0.795340996504786,0.237289179849542,0.876378174173356,0.224823774882677,0.937630342514088,0.282738145637506,0.862588520045639,0.209257251025694,1.02338206997461,0.281042942918949
-0.975321804539798,0.535102416267027,22.1930347260194,11.520544353661,0.423384014698617,0.880394071760114,1,0.296709453844699,0.489693983777417,0.485693278199195,0.245417875821441,0.608534445361584,0.452777781154949,1.12575015804929,0.378253692456803,0.236865125892775,0.527207845584599,0.651063475929188,0.431008726569109
-0.178460739344855,0.430698764171429,19.4521022570955,7.93253924831642,-0.0851448578699447,0.501411747851357,1,0.364447639588476,0.567819393304636,0.427441360430419,0.267837836898213,0.827044863510709,0.276822964848231,0.741174166474869,0.219930733081588,0.578166381261443,0.262742854432974,0.962193294338849,0.276953967756665
-0.457588962173493,0.43109817281945,22.5803368604386,8.20529444545853,-0.18996192319337,0.374333707572721,1,-0.357091406473744,0.522260344754831,0.750352691898689,0.234806549317655,0.892287100568052,0.199779717854654,0.769719914348987,0.224538472950203,1.18844439321059,0.266490128551658,-0.139634132985987,0.509636519695948
0.581580802349375,0.391792481245409,19.0500917159288,6.38296419161474,0.0345474066113363,0.407771722149658,1,-0.355940954699509,0.426909715038885,1.03336775262802,0.200100592787066,0.769355672677781,0.280840534487686,0.566352328037193,0.259548394018053,0.773736368236922,0.245720132072354,0.688143804452611,0.286371374357467
0.138998837945811,0.374766691017686,15.6559490397534,4.83210495595196,0.382223826110271,0.837279083291371,1,0.0494836066944641,0.529737398967123,0.736043924085457,0.202896060878862,0.584744995810575,0.232224597278645,0.416140654535555,0.250139647176749,0.711765437965624,0.241732873265881,0.942529697875677,0.310586254244802
0.406070536620832,0.383075239723094,15.6655311038123,6.90034277367273,0.156692123082425,0.750141268391482,1,0.514967930752306,0.479184214911255,0.443591184215756,0.243136881041945,0.55558725793045,0.322548781582832,0.581590828864753,0.266565725443529,0.982427016019661,0.255059393241144,0.48487065799546,0.36560442616035
0.64014112227974,0.335918049221787,12.3409940413564,3.25249604061913,0.792116463136995,0.209194525041817,1,0.279123067673942,0.484900282480776,0.702491096351711,0.205463300115595,0.601462732199428,0.179095993493296,0.695469975487726,0.190128959667598,0.898889094871422,0.188562532245486,0.50094070397492,0.164290225935731
0.211025239926371,0.352619481262503,15.1231313557461,5.03512448551605,0.599180058376087,0.489407473208595,1,-0.207409564516097,0.412921803209939,0.944497056995398,0.210372511482229,0.800989130502907,0.181439493365525,0.752561668001751,0.20399302649889,0.304706222111475,0.296876395695291,0.823677834617995,0.327782046129302
1.07689696912861,0.494566074995396,19.589035100178,8.94175070587555,-0.210124019705777,0.386492526983985,1,1.1929658164079,0.896732461065621,0.345708987820194,0.277291217905463,0.974296583509363,0.257418523257396,0.955811576747115,0.262995568353991,0.748025747746245,0.299512773397932,1.20885292388105,0.306075911544056
0.0552817579901284,0.408267813643689,20.4233802657593,6.17961238445848,0.670893399898698,0.274481902982314,1,-0.0137322764102799,0.333316503329016,0.512163241914847,0.207335940257553,0.781683902702424,0.189018542344781,0.741614717652479,0.217501640632213,1.24526741036847,0.159445562571539,0.826186611483383,0.20684109775853
0.874845493665907,0.38984260963893,17.3571209754623,5.60427218969629,0.555114384486177,0.701743874211657,1,0.725546825996542,0.463303788891531,0.835274391410725,0.202157926180628,0.714358766022452,0.246042055297373,0.872879322114666,0.249163357496007,0.537486830981418,0.276879065744957,0.792523666579751,0.250900142859053
-0.202670572982177,0.420192748404219,20.2966751294752,7.1883002164306,0.477369658768931,0.931446654007012,1,0.341242909459086,0.48397841867146,0.844033284156452,0.214133876325565,0.871502510147375,0.275386521609314,0.475606929812042,0.225985782343555,0.765045598525678,0.278512047912275,0.986688592480377,0.294648419150738
0.852031373730727,0.399038873796046,18.4996041471699,6.93658277559784,0.0186453888079901,0.397453508287695,1,0.420475112929877,0.507940637232185,0.658152420058653,0.250178498328564,0.889221259971721,0.194385488540528,0.686378162748507,0.271323184617341,0.717836474891809,0.254866900209199,0.873542658104113,0.232737138067622
-0.643900836420777,0.507604223662307,26.5300126360654,10.6253568780699,0.643592789505025,0.436744560991328,1,-0.195170434555354,0.551917195770813,0.964814261972363,0.242490266253497,0.754337810279935,0.240956233488311,1.03906221064709,0.208686308352477,0.921151317311117,0.289980899080345,1.16753475505243,0.270038298263569
-0.743160280550278,0.485058678708528,19.4914268128376,7.52571746243928,0.560294438909119,0.822765719491432,1,-0.861202829127525,0.674472928023718,0.643997548740053,0.216091564833208,0.723884086885107,0.309632495156769,0.867328750971505,0.213859706149966,0.535154424403262,0.294369924604957,0.47480976115953,0.291560982225407
0.283994263005915,0.378888241437511,19.2673993928964,7.7763120720148,0.159862174441739,0.532805881146443,1,0.214577939048052,0.458654726750385,0.837169484507049,0.194269786800505,0.986571971534547,0.193292256839308,0.970342973748162,0.236177559193198,0.970598171467228,0.335068192742768,0.983164800256449,0.304859033192047
-0.914237396110572,0.571052507109706,32.9113306436144,16.8915696199868,-0.0365067321844842,0.624178009595901,1,-0.835722385547452,0.55556811419496,0.965529405335105,0.329687082614629,0.805298584444475,0.274595050902412,0.663507688587973,0.310837995835393,0.747663002335628,0.487417316551476,0.8924280196674,0.375703322234729
-0.236174609141241,0.345727004656094,10.411337151451,4.51982151466217,0.422705813848007,0.914735644660588,1,0.204524681734459,0.579740454824861,0.583223449413395,0.205345947428765,0.810407583954289,0.264351976632633,0.795063184977739,0.296552932587571,0.635810910931783,0.336014913582086,0.444933106111485,0.313730541339786
0.173971819116125,0.393532673402495,16.840172084829,6.91528743166917,0.0390811711602851,0.534817037171497,1,0.524349817540002,0.543138787438475,0.609835646104918,0.249108020184561,0.472045736181889,0.244809962276962,0.795829829864721,0.272709519458154,0.573481891507347,0.297315830165408,0.864972975271897,0.280967832870589
-0.22667636705914,0.377532337042801,16.2680874142388,5.5367485410759,0.405603253816432,0.630619345899432,1,-0.489357077498242,0.430953891379045,1.14113053094438,0.169361182275483,1.03804091611316,0.230077646810478,0.767169271593752,0.23290706537324,0.288999538155652,0.2889640550775,0.855315859880596,0.200972677818742
0.0620658436717873,0.367082263716208,14.5824176222786,5.35220340267955,0.456134219182436,0.733794641435916,1,0.124790981717205,0.486255877310625,0.612379091916294,0.260027721942318,0.45699331423779,0.283591737437248,0.910459927362493,0.194947186061378,0.729933814667978,0.245856793082166,0.723720391733924,0.292227423932349
0.0556167687429243,0.309375705732077,10.982622476387,3.90820110605325,0.220306789797951,0.443788938970704,1,0.444895451538869,0.36916874474285,0.48971122159101,0.200000431544759,0.129267364940309,0.265750557577881,0.765869827855813,0.266525845882034,0.462785595422645,0.264841209084857,0.709685637043472,0.220978027594636
0.14218340309225,0.471576848904625,25.6094210392071,15.0469548308192,-0.53882830446578,0.239537677712185,1,-0.361379057032084,0.580158846662975,0.815085738961706,0.363910325009801,0.862435276458495,0.370124701331083,1.11667844230428,0.257852476685221,0.717850378886918,0.447908576007764,1.1403011319968,0.383780397268928
-0.268078516400963,0.382609955930606,15.4522019229672,4.84338096680912,0.458579591646752,0.784622511879097,1,0.475242108147293,0.38871217672677,0.571493701828397,0.194102805027467,0.887526482177095,0.229039589164554,0.715500202961576,0.273322576492106,1.08433119285628,0.174834481077079,1.29538168486579,0.226145241851358
-0.1058385419917,0.350719720642063,14.3093734886479,4.62655602884609,0.724517674219167,0.202299095773727,1,-0.334809511883415,0.420256235104936,0.676121571952908,0.191203039864535,0.767951352575704,0.26796062351239,0.701684260792241,0.226504376727084,0.558153763832603,0.204488436828815,0.843064843149255,0.217235681080458
-0.131400500785529,0.331590399507116,12.0965743760058,3.97319712895295,0.282888126712836,0.577418772724104,1,-0.0651870937102336,0.42622199355901,0.484316209518294,0.19625966317334,0.396461483462239,0.208356653757921,0.704464154149524,0.215908407118621,0.551513384803658,0.27024365046671,0.740379930634777,0.18260599114222
0.915971507139889,0.627326779484387,40.6869819734609,14.9326525393717,0.925657678269845,0.0893217064810833,1,1.94065594433663,1.05711245926791,0.988755918995236,0.253054164855718,1.32535985061831,0.211089395421665,1.24510377951372,0.220081335906868,1.39901352674515,0.299575079216823,1.10170161487718,0.275142324793172
-0.0444888461504804,0.381258828881526,15.9952598988026,7.05411308507468,0.260559899205005,0.750518864890858,1,-1.00020956773504,0.63731143619279,0.973479314919362,0.256591892498074,0.433149335411821,0.289127307529733,0.84737449010935,0.252920391807179,0.748186541415404,0.318567580205871,0.766892910738214,0.259917022340473
0.500782537019469,0.346759845043238,14.4294349272736,5.504745060263,0.0384732391879426,0.437773629839359,1,-0.621596966766383,0.515070119082029,0.652757455461882,0.303902514155837,0.924126619558428,0.215790852773726,0.779181569150465,0.203331471999399,0.750733536006961,0.203432944787268,0.728069775222474,0.298811409510699
-0.112502604178106,0.4701613377919,23.1815095088415,10.4965073305531,0.544639743780138,1.07089207526688,1,-1.05163119267682,0.756866745567898,1.15000383654331,0.221929155574637,0.536973811342593,0.304868408560706,0.607121606775145,0.348491964575127,0.810958097739392,0.322503906862043,0.814598423068652,0.288362067731681
0.715642576719999,0.351285302396237,16.3797301631578,5.02609576430635,0.291165705452265,0.43255530422076,1,0.105123614578975,0.440871935169694,0.823740735805815,0.186625874363645,0.799363373533854,0.17312846026815,0.621141857605639,0.255867122205497,0.746761465651056,0.226187722823527,0.988011998261286,0.165082758825187
0.0982112004913564,0.383517160404292,17.5813622562103,7.89537782103819,0.221132407473675,0.760833918367679,1,0.527354614510349,0.496749450723246,0.564083878569764,0.270928833987899,0.647378234383382,0.302339735606597,0.872039527165072,0.26176908052414,0.651917909082623,0.266841014745027,0.737749683419486,0.335360985519248
0.0572112246599639,0.381436349202552,16.6616366525344,6.72514484734156,0.298733036433577,0.70812501650563,1,0.706194700305859,0.448254519104141,0.791907523782947,0.286211941532259,0.81445813527059,0.242612802492146,0.798575422611789,0.245054195248362,0.488320319240799,0.29679558304929,0.572344004291832,0.264292763931126
0.644728474514023,0.358685600647272,14.3369200351876,5.79657425882927,-0.0655959053780385,0.444552820897432,1,-0.501078259827057,0.521534600020862,0.90554461641512,0.220340136785596,0.849358139647037,0.254705194075955,0.577692566523379,0.269998736995851,0.788983359238124,0.29550576965536,0.926706623992293,0.232046544065486
1.01036291814358,0.386113711331518,16.4173984244975,6.77154268547511,0.271892767976002,0.568350123007115,1,0.204559174205097,0.505405642792034,0.424279761137972,0.277723994551066,0.737043739269855,0.219933617354403,0.758722105084894,0.280725796905982,0.545276309457219,0.269591015581143,0.649490667196088,0.339699233990748
0.518455708021701,0.458125175179216,27.4233606604194,10.3187474914636,-0.156311912029086,0.434684528520045,1,0.18340590503795,0.526888168152339,1.07024780713173,0.212361961398117,0.905676466256901,0.212800921184112,0.768623730627414,0.200349157226772,0.868315183672544,0.311478132025089,1.25795360620734,0.264900008068713
-0.0488946224537482,0.412488202310441,18.1195123636357,6.94312626559694,-0.067003895902644,0.502464157341786,1,-0.0858376351797124,0.486482097948914,0.993829202739272,0.202927909863124,0.723724835663559,0.24584868923698,0.907657903688315,0.265618124961492,0.730319591269876,0.314122413067308,0.755959741978026,0.234727635375296
0.90242938011715,0.445176175432629,24.6780863620987,8.30630368111448,0.534287279818425,0.585035541333068,1,-0.29649142497265,0.469853482233661,1.04187413709547,0.201881456888764,0.98417559645401,0.204002982403835,0.897371505207676,0.264045989909591,1.15711376571118,0.27911659960428,0.967669163083499,0.289713363936845
-0.552686388155713,0.479762525263001,25.5094161119833,11.0953771358052,0.329873322684612,0.954319523817085,1,0.0578849692490815,0.564898692816105,0.46273503589882,0.298605921977534,0.722797021792666,0.284261577144048,1.03125965725651,0.291408987001643,0.831046690029642,0.457587650358274,0.752185681261515,0.229122239172724
0.461536878346449,0.310055049522629,13.1057983488001,4.53841665316093,0.194538919629585,0.45932573218601,1,0.272998246123245,0.38012095872706,0.737768340656667,0.231530680678647,0.77482250786234,0.209861621348796,0.76793894141744,0.225184132058302,0.840920564808381,0.244948904700386,0.690277305882974,0.302042595830906
-0.590210751053304,0.543425382334504,25.819560292862,13.8910911818902,-0.522829239191057,0.319863358325787,1,0.580072303361897,0.538946884334135,0.941779036485568,0.306098082294068,1.03596717250822,0.329982977480351,0.835595201266293,0.277888863681378,0.90602101227297,0.368495217587267,0.981071544419565,0.373812594016168
0.15562177509795,0.340201732787394,12.3202209416036,3.61821484536069,0.567905840428899,0.513543668882452,1,0.360905718572537,0.554254808272256,0.560833505024064,0.243948122423363,0.43743488239225,0.242075870077973,0.783364239788342,0.189285786473007,0.821435745331897,0.186809419990228,0.944316505663954,0.214661829102079
0.524362569095833,0.878677382791083,89.063004283579,71.3840671737957,-0.773092223055829,0.187239220442052,1,-0.644368594786542,0.940648279191081,1.55952289556047,0.359964393071464,1.57548436122477,0.418232974636661,1.77110465786519,0.418687580702789,1.8904480346358,0.40151785804339,1.84155011625499,0.511077967943592
0.145655817094414,0.351573302852181,15.039700072207,7.32318177551648,0.150445360674994,0.627216852622589,1,-0.0108378515523711,0.385682818495589,0.662564680295626,0.250010812292531,0.517501795529669,0.269241065326183,0.779599961329878,0.265665575575473,0.769659232944984,0.33940456376983,0.572552162987831,0.38113681849135
-0.848840662127245,0.448894196536769,16.0965833727025,7.3483358527012,0.486364167602083,0.87270063726751,1,-0.291572707655161,0.570125450481593,0.613313764084125,0.32332213011157,0.940225102138573,0.294433193711908,0.537911195032687,0.327388761045596,0.289952189785718,0.369544579578342,0.714953980271235,0.324887975226935
0.27022399640054,0.440922728134671,24.1519460819493,9.7292708676731,0.87465888611933,0.0959922729781297,1,-0.0450999194583855,0.654087831062707,0.934882185331352,0.265875372357533,0.945466508598956,0.266408258466881,1.16466519015367,0.223511306938645,1.0026147256541,0.284617625958573,0.716552599696309,0.365019675705524
0.13000194360455,0.444563559248901,24.1297967723823,10.7830939361434,0.591256257944288,0.657046256378716,1,0.528008982275119,0.487726754738848,0.376536545935392,0.276027413282532,0.689617312059478,0.402388096933789,0.611218845080149,0.275135594997369,0.569520392816428,0.321008775782224,0.749171212814,0.246444664412925
0.79619996688869,0.431274300123416,20.7637027271172,10.1773379126355,-0.111001104454982,0.567305247965857,1,0.500497432446351,0.414837943753977,0.894490262323767,0.321638906839041,0.737058294001994,0.280420256211556,0.611763019906871,0.387388452843852,1.07649674116724,0.27837197668825,1.06535541008186,0.335787341015596
0.0997729414043997,0.35938296257383,18.2117340826024,6.44220053739011,0.209147127133198,0.447702226001702,1,0.386394579016268,0.335656338860238,0.482112090766688,0.200040665333827,0.585959093717587,0.251658591457689,0.831044118373859,0.236847425368495,0.679569634125357,0.292501567432615,0.728295518305305,0.245766176818852
-0.192682954730175,0.31520813845287,11.5667653550296,4.03625575869013,0.615426754108071,0.287033913068067,1,0.14416566815715,0.38365066935244,0.694297153085171,0.182943205481262,0.76335695044401,0.254106964166182,0.805399661292617,0.22358866670531,0.601827869197913,0.234725128483401,0.728303169392077,0.22796094885199
0.891660636366043,0.343336658134477,14.3642039667529,4.71981619109052,0.760629743299442,0.361891793118716,1,0.0678244903474335,0.460929316092286,0.388926052946939,0.268310571031811,0.839190700149811,0.262188008382544,0.629402325914548,0.211510272345789,0.568018717144832,0.284958003149726,0.783139617180218,0.182965452922934
0.0212170233595235,0.361847256364387,14.7477622530497,6.01287365155428,-0.19201449145354,0.419696300298563,1,0.2020129685378,0.474430676805299,0.551339847722814,0.219935352579863,0.887341618047078,0.220091650385986,0.571436003473224,0.287946711585242,0.694551575933388,0.35240836878039,0.761431928679116,0.284209724423891
-0.317410398419055,0.309266288709855,9.4693091400328,3.67425090959467,0.358611635780049,0.78465271749495,1,-0.00579775397066258,0.391475057036232,0.50985851606244,0.212251646982057,0.665658709299219,0.219261020776334,0.681329555048383,0.250053584571172,0.411991497496928,0.400572442195334,0.403506543475364,0.374598420403693
-0.125709699909054,0.357120213611069,14.945172661798,4.75114847513355,0.56180745377315,0.617940581442568,1,-0.433820253751177,0.427573495098517,0.777534752268856,0.166718884607761,0.889859138699923,0.184311514596578,0.421688101269078,0.262284215429833,0.605712324169064,0.269886703907534,0.712308898847511,0.310103517800987
-0.187902404219351,0.291505936075516,8.91736387306355,2.71654181030444,0.57746095837926,0.478820938487032,1,-0.136365822297476,0.392226052315166,0.512156855691771,0.145896896511546,0.677805489219075,0.208842963947573,0.366555086500808,0.256643828882522,0.655863957387287,0.289643315717053,0.463840720241754,0.338779454715132
-0.0664324347945676,0.42323665489288,19.4335850220261,8.16139306203091,0.797559034435725,0.280905085071204,1,-0.0573503713719916,0.606117352637277,0.864041814883694,0.232732532546246,0.852083700564793,0.293410615045111,0.933295400671253,0.248620042783132,0.927241811345511,0.276161649800092,1.07519765256609,0.319001315805608
-0.333045903518568,0.57911179664133,36.0640765106002,16.0600360425505,0.0868824611076915,0.64617043027518,1,0.631472335749716,0.516232295713496,0.815762068820707,0.267797222484205,1.10153174883193,0.321672282584001,0.932186382918474,0.226550334664198,1.10613419652633,0.237812042208015,1.21775905585047,0.415920683666577
0.141732704643598,0.331611275769961,13.1353776391699,3.88097607867036,0.711420626995732,0.309309443617416,1,-0.00594918319143955,0.416756995634258,0.659877892029825,0.221259242950082,0.309899778148729,0.227217711102206,0.724188767474687,0.220318185023304,0.54960813553386,0.215199480440969,0.75735317502977,0.184682300861708
0.51569643015143,0.459991151278245,26.9492324384938,11.6994466105902,-0.0576164500019232,0.381585018873874,1,-0.1342543474641,0.429948585159733,0.635543558515045,0.260192803141264,1.28427570576021,0.30608633946635,1.06800748118873,0.214523614051509,1.03611716445161,0.3012467003569,0.833727632792733,0.339864951319977
0.809392718005667,0.667396564926319,36.8555451790326,23.3790416287857,-0.381585557918684,0.429827733914891,1,2.08679189289324,1.16298960365607,0.892322090862813,0.356229820749872,0.593194869222764,0.427404007192385,1.00021704801964,0.325303648822097,1.486244970322,0.328462086267002,1.07567819987986,0.401708543196529
-0.0764318192613677,0.353086036797578,13.8920181339725,6.30364675231167,0.134136649702137,0.736905456582097,1,0.00820967667900903,0.413501152116401,0.599467689953417,0.250850765536804,0.999561320633145,0.254298509374162,0.559662991296343,0.317733730133039,0.355967684540715,0.354224335843224,0.451395761722445,0.384479161506218
0.520865221959772,0.443017436447331,22.2892502851817,8.761105575195,-0.0719968718350924,0.390008474536803,1,0.0829581023617638,0.309734779412289,0.768298907865417,0.200200173748147,1.01119245583648,0.243436295168695,0.826152575817458,0.337232257521073,0.705810491074272,0.362877610131719,0.771499018274919,0.294896707653963
0.140750552924497,0.394873984861101,18.7796238616638,8.53948647872371,-0.219949867757682,0.436644275855867,1,-0.202988949001145,0.423710149903267,0.923553022215788,0.232783893368832,0.786369235491444,0.275918878643399,0.303213640818165,0.427443736218339,0.431137162767664,0.411717022537544,0.77811127817714,0.342695970819947
-0.000648794688468571,0.384817363752214,17.8247653120776,6.3456763781785,0.28140631365847,0.57431403591127,1,-0.0157754664441192,0.421033608959807,0.503402017715929,0.204673520342213,0.661448372823333,0.188141668408545,0.694139930117612,0.22919211328016,0.644207434841408,0.272021325402868,0.785537284130761,0.323321730836957
0.782117371625122,0.367724132051268,17.1852616533307,6.26393592876359,0.222187141022174,0.755686914382635,1,0.494486547249997,0.450945057935277,0.493261107609664,0.312446659258593,0.769086348144073,0.19158141663033,1.04006913763991,0.198893076943497,1.12357024615498,0.254085001147058,0.0260397889421924,0.350103272410339
-0.0405898899988566,0.37956720481583,16.4735838786772,5.6194028960225,0.142815484613878,0.56288053239701,1,0.084524648932829,0.408542386418546,0.764041772335801,0.177055526038796,0.421076695406726,0.258201152724371,1.10443999390256,0.195682777800178,0.54581622017747,0.333770547506458,0.127181910655618,0.386749614499317
0.275586602108096,0.367987488806718,14.0367201326414,4.52193181958108,0.656087310965382,0.633930937134871,1,-0.149535525487758,0.530902384692345,0.564718334777739,0.184077635734056,0.791136558047701,0.176340615489191,0.717275690611206,0.184761214709119,0.566247444304751,0.26608597004591,0.431153060839604,0.371038475234041
0.311080622488239,0.392004797103512,16.9075921509154,6.84021562342948,0.312842193297499,0.850255334970552,1,0.649421373880702,0.614576162857034,0.524937275744624,0.226863239288143,0.641432398990254,0.312688757411303,0.811132586360304,0.303679762127696,0.646190921277699,0.330242004157224,1.11438199792868,0.247040680345911
0.246724934267582,0.349420656629339,13.8627754555035,4.56965898979194,0.725495629422182,0.265561734987597,1,0.71010022210385,0.429823276161118,0.741905666571392,0.195250001073538,0.570121497776087,0.213690026295976,0.701097857361166,0.20631564678858,0.585472694354579,0.200477979111505,0.621101609613038,0.192605899557199
0.286900267005014,0.349867512533978,13.1914676709553,4.52321584630332,0.137011282882016,0.514189737943866,1,-0.0746325554817162,0.474338906640637,0.61639833884558,0.20447917266381,0.584212963662671,0.231734072853742,0.824887435035606,0.160223007898279,0.797543728121568,0.300169199621215,0.572950773696671,0.37983457946669
-0.0270322583292341,0.3787558751233,17.595536858566,5.72466373187931,0.317795278259609,0.707096950812682,1,-0.248812542399965,0.374147044031302,1.00175185556057,0.184105426928958,0.466005143188864,0.213435426416769,0.782325499151428,0.220013175472197,0.856694210598786,0.236186596873389,0.693883525630154,0.229871581416623
0.313346517266231,0.365879990542264,17.0018590296541,6.89926190682362,-0.135999775322086,0.447448250578583,1,0.229400216879747,0.405405443828154,0.770146614111696,0.231917561573316,0.403701972098383,0.347965486261825,0.592839480470641,0.230291380967337,0.56883939533044,0.245304561827447,0.449736969691454,0.275267760087005
0.496665662082146,0.422571398267658,20.7673748159616,8.74632952325837,0.87959306031027,0.112325122555159,1,0.565133231196471,0.523844719064461,0.937067969656112,0.174073089276108,0.805012215216098,0.262885702602156,0.955212816250871,0.35420832120671,0.98279266572963,0.24022611119178,0.491594516911996,0.498564544926636
-0.26472184342963,0.479409595977093,28.7105557275755,11.130058060571,0.104845445683714,0.624150677527341,1,-0.353766199298794,0.459112075763001,1.1200994633435,0.190615462060299,0.666795886847032,0.243874734614426,1.0754369520009,0.266548643469133,0.767522474346912,0.304151806286528,0.951291998160235,0.283366532898006
0.0235585124594184,0.340492979635748,13.7341782291361,5.71172184288001,0.155869449952645,0.544772083651301,1,-0.209714529879432,0.50381137816722,0.658777667442667,0.248760938996352,0.641133971975753,0.271966012508555,0.879565898336371,0.261787700671198,0.658633058529419,0.281908677008767,0.932916193283608,0.250292588362188
0.373295460970421,0.555207222666325,35.6659759803323,16.164708446377,-0.0158413757093411,0.557652173739062,1,0.30813306035244,0.574455264799334,0.746373830047849,0.22296576089306,1.00516084862505,0.277590554679435,0.951805583509511,0.328098359248878,1.06926893190204,0.274796637268479,1.14549069971264,0.34491572221278
-0.00540314080497317,0.453869762193133,24.6168826639121,9.4320346225732,0.196210709350696,0.837884517311092,1,0.45919041091457,0.435077815389465,0.353190214212718,0.231300026321761,1.01882090853823,0.201905973647413,0.791436137639664,0.221789552394348,0.982655296272895,0.315024182059304,0.742278283834605,0.308628978471448
0.37275048501522,0.423759202624638,23.1190334800245,8.26397820846283,0.452776717132715,0.761314053244231,1,-0.341155537552442,0.373814379988581,0.549650346862986,0.213782696619885,0.736407849722658,0.215569958932277,0.753435789515596,0.187455221391694,0.446993720315923,0.347445076576579,0.388370644466926,0.351862466236648
-0.264593752087908,0.427264628211065,16.2557102323092,6.07017384356991,0.524872407194112,0.817677002763003,1,0.510386530879593,0.659575583613345,0.937608483138917,0.246170393648518,0.993012429014067,0.201341860472163,0.897138900099948,0.22383339864148,1.03569814915902,0.278736458653191,0.673990666513036,0.303809126831699
-0.171814072091251,0.454550166561871,22.8623571818914,8.46780756901992,0.251156207511658,0.73475371573647,1,0.25446308465312,0.482333869707148,0.763340999151629,0.214745496122903,1.25256109007186,0.22005188248887,0.101192717746893,0.379145793828139,0.44174157919116,0.383789214890396,1.08213752542619,0.270152660030768
-0.202782891027626,0.307941134238167,9.84813873641177,3.75182385818854,0.262622140895013,0.760045349254424,1,-0.0486991869348337,0.482755694048235,0.519360897601597,0.196796634363312,0.395235306523282,0.345892689980962,0.391631566546958,0.308313639963781,0.483691388885937,0.271223622444131,0.405447443585381,0.265311335675927
-0.228257112482695,0.389209444754918,14.783747983933,5.67404992519518,0.22609204781648,0.495023682745208,1,-0.00262365065553121,0.504570091637694,0.97736881727303,0.19919332100888,0.62612596604024,0.259744925955208,0.430606248920276,0.29132195040158,0.428851764885049,0.261322917072209,1.03996037827277,0.266373699641908
0.368523421398709,0.346908368160205,14.4256527096145,4.5763108337565,0.562578516711657,0.616358132434928,1,-0.332118166721318,0.373432484270188,0.576535775186993,0.188809133405795,0.648472703309302,0.176915595139969,0.923200619694552,0.240273485946023,0.836246603815587,0.293774400991468,0.598443136378653,0.226913950263897
0.433576129104097,0.393182400685873,18.1562400409217,7.87326963607,-0.128531393129314,0.465349007274114,1,0.877223421426371,0.446490409084055,0.721586888242471,0.256826782231153,0.403958516860401,0.28014893906686,0.890175702701588,0.212792559735867,0.752517793330077,0.331130573682137,1.05735057739946,0.297486098990086
-0.666900693835268,0.607572935270325,33.853560224001,18.679370319964,-0.164278132081183,0.556555072339171,1,-0.0252107743612661,0.730863340671742,0.649127142219221,0.409178596547977,1.02197669014286,0.378208784767749,0.907820843287112,0.279717948006112,1.06234099351035,0.237789607548126,0.912250975309513,0.342491170246197
0.0251862598229275,0.350863147665162,14.9458408287792,5.36649497084705,0.553021265311008,0.611799475652706,1,-0.284079726018677,0.426772008373724,0.884091453187805,0.213176855337597,0.898006442943532,0.170284215070109,0.924454329819524,0.27519394604954,0.80417704692788,0.294167116641222,0.39337461067901,0.431598184810919
0.0480740795959368,0.344235563243097,13.5272810729601,4.63563939285558,0.476313965397643,0.779275032021422,1,-0.0620920124421476,0.471016105927918,0.748510306322946,0.163274160046034,0.829448646057541,0.270044397331853,0.588239557834448,0.259256779479538,0.745197070565374,0.241573213797337,0.613784869646173,0.273330269601409
-0.0657943034728592,0.444664277007972,24.4317207140402,8.33215811735247,0.00222274637648275,0.502202043542739,1,-0.595923832955396,0.387631469430094,0.862639235432253,0.193166806965125,0.668492558526282,0.254955902738858,0.847966520410298,0.225527718814264,0.7686798183746,0.23747738673002,0.883512772867596,0.190722327820659
0.356800179649855,0.457834845611177,26.4804814337626,11.236326269691,-0.018477226228981,0.473666513813081,1,0.190986332446689,0.474740926329894,0.535504892415099,0.288779335233534,0.803968331826777,0.241014408916703,0.96415379362061,0.25304730813915,1.12694900789855,0.232338716737873,1.22129507727511,0.2748139843962
0.196594670230386,0.435482182095676,19.3680391148389,7.46379124026505,0.937061210580006,0.045202879514857,1,-0.359445161240868,0.81959380585759,1.18363725709485,0.222796579854495,1.27347712662697,0.211275861379255,1.00993700151969,0.202185837268495,0.731461621687391,0.311873834173351,0.504823739995669,0.419268369170367
0.447038724037288,0.348064121732974,12.729816545545,4.12942430745951,0.755195001532827,0.278226051128011,1,0.390785147573766,0.511934467326782,0.500079543517788,0.179997187587729,0.652742281671039,0.203043011280056,0.408406277124621,0.217696489011431,0.760242090601977,0.252617382237997,0.690620803214954,0.289249350832364
0.17872658515689,0.493522866055664,29.9612745652477,12.4577241333756,0.86205115583175,0.127151185890621,1,0.507717213441088,0.556576553481608,1.07109138719494,0.314702213500786,0.923430119121747,0.215553960625423,0.718425011874865,0.29471167723411,0.949903334584147,0.293722420189545,0.937556545335347,0.314998668438342
0.727231533881369,0.496577709543492,32.3354045809413,11.2606795542834,0.417469199131339,0.787582005180087,1,0.509813271027105,0.513529147426933,0.548408494046187,0.312690351346582,0.786976127099619,0.182916061220718,0.554634073618372,0.235894724846666,1.27383416040112,0.319161530015309,1.06276549469525,0.237474560433609
0.115315859337111,0.410594788062504,15.8131890884226,7.71624517702506,-0.235731987551652,0.358125830349002,1,0.818918089757029,0.800282989741002,0.573631693935115,0.221073942984575,0.655652162573038,0.283752999642675,0.882723858788102,0.277635917067858,0.69378866678177,0.293333836208219,0.790816550348508,0.367586835668051
0.0172657541900398,0.381121820063327,15.8173451248586,4.86338859645814,0.70905587700041,0.260688050851845,1,0.434861409293391,0.505441447141017,0.451246470475571,0.191215683261875,0.54616033474759,0.180449175782322,0.583947958615707,0.265255744315898,0.505230503534438,0.250959936894803,0.669260174410156,0.231678785757059
0.834180351506467,0.427890677062397,20.3108952607096,9.3019882397752,-0.0400343954090979,0.498976990702305,1,-0.215816040171395,0.699961600898455,0.699161390648837,0.341783241515941,0.982796221686206,0.234499838800773,0.565252516184112,0.239389723595505,0.941319891928358,0.27767755334593,0.871408638238545,0.365369989230408
-0.0633277754297867,0.34735509315974,14.6178272000502,5.85208887280946,0.201808354325526,0.373896101955767,1,-0.556177421966553,0.392477943350376,0.847343332566194,0.207750411892864,0.621409841950699,0.2606535800302,0.56482033316918,0.290288753404483,0.949644240967137,0.274013218666833,0.421305568743286,0.371404427331903
0.16499354352526,0.374698820265146,14.6859112388905,4.25385432348681,0.765867643964383,0.368228942548659,1,0.442745112012948,0.583016789671965,0.683709216111749,0.228802688536943,0.678162636374026,0.244555983575272,0.341774234374154,0.223374742448051,0.986401652865034,0.165376148138092,0.407625126900365,0.32067201339591
0.236567830965612,0.371113684581977,16.3542225659165,6.00585395999494,0.927238370277979,0.0569643912832973,1,-0.485132113893144,0.632310366348008,0.725558322092509,0.216843658238405,0.826970807717122,0.256908582862093,0.603638013951549,0.216807720672955,1.05210205450286,0.256031737673275,0.845295715966289,0.33780869767335
-0.72188841454748,0.449140352598463,21.2952566412273,9.63347766263738,0.419479496435167,0.798044157034946,1,-0.295676638641375,0.434222003243017,0.476697407743187,0.258961322353823,0.972817197609803,0.189799043657343,0.809094709304551,0.28347275960346,0.751278777021959,0.38026326404893,0.0161783065900923,0.565789577321187
0.694047812479864,0.404599550303493,21.3285180588358,7.83736289377494,0.041671346867144,0.534771741065623,1,-0.244068001593051,0.539116365659082,0.85520051613435,0.237868072816278,0.94333134034358,0.268905410872195,1.1278450934304,0.240447088752763,0.859045028846924,0.211345291981457,0.686608755327336,0.2087499181673
0.368861289667989,0.397123061332178,19.0597638670356,8.31029305155038,0.0383144443245252,0.558326281442667,1,-0.246167847281054,0.525247975355005,0.821709497854204,0.279201551288664,1.04693080483353,0.189070697837194,0.638040072584926,0.314071868784943,0.648175336093093,0.316053119638633,0.621025584713171,0.353483028359527
0.585346775822399,0.397766242709425,17.3290292297956,7.88328467761662,0.169576683460962,0.618802177445681,1,-0.347565531750655,0.510446129215251,0.920116660042346,0.225191564859821,0.825384333646649,0.227470570069474,0.833678419958294,0.268874480355639,0.744344430263702,0.302159022121437,0.692493920057298,0.336128299164485
0.223783918632639,0.33861538710616,12.8991127300465,5.28178764664911,0.342771514141644,0.755141317174583,1,0.866318827678303,0.481111117171665,0.410338621034032,0.256259351763639,0.794008941684961,0.237328703052118,0.257416496294236,0.329541361106327,0.819136421481821,0.287138784873435,0.41916076788448,0.306687568973313
-0.421647195776498,0.391963058273938,15.4764286303897,5.36762376134471,0.556499876868617,0.77731365249358,1,0.3277337654073,0.515138051866041,0.425396646257929,0.199608683021413,0.710720194372565,0.225468539364692,0.531948240289961,0.382168240835905,0.696539981828111,0.237829410736576,0.0766678587027314,0.378291988789739
0.485099860962409,0.356381591183234,16.3273101927248,5.75193253965084,-0.110904920066535,0.399285382794148,1,-0.287816928058632,0.422116499369603,0.755208760925328,0.211892021811483,0.673172870300254,0.180796336120876,0.706067616282666,0.348600974784685,0.806754602718557,0.226029377506889,1.05087680782596,0.28013437176404
0.758657529605539,0.324681509994433,12.0963499378864,3.98349007646333,0.237204290265924,0.494575552554914,1,0.514269614318578,0.453717406843033,0.782983644942517,0.232140807692237,0.722052667777529,0.212046639865079,0.604306453969862,0.181680317665932,0.713033333949864,0.215116529082565,0.782862508459946,0.257323309656238
-0.232673241384445,0.370228117207837,16.1435278732986,6.92302435912459,-0.280977803312945,0.356411971611422,1,-0.307541284887523,0.394226796961906,0.833827472081899,0.236531557787946,0.709663179881493,0.284018579578046,0.616636853843862,0.277726419306175,0.744257421775741,0.283891638604066,0.894390838716417,0.247363436471434
0.77428300963365,0.491284694999187,26.4385760152194,13.3950394213245,-0.272292638118992,0.411062179420922,1,0.438042792233554,0.514636553838144,0.980929650692137,0.285715056290824,1.03015908724309,0.265811972024705,0.775484682039696,0.293475813600872,1.26008894840854,0.274366112942075,0.905847662219108,0.385423913696078
0.28713426854444,0.409216698261338,19.0610282946358,8.1655880979345,0.103671989266866,0.612618934322663,1,0.541653946145153,0.495263863377096,1.00569787085961,0.243671105911183,0.693342380243733,0.230922203954954,1.04980600460994,0.222508610898986,0.79172903320013,0.316953168363518,0.761493627632824,0.343169359900971
-0.0338150826973737,0.341441352827834,13.2052437316461,4.47915883139796,-0.145221219039127,0.377292420030751,1,-0.175798504335672,0.407876015727461,0.588173634146031,0.192851016251893,0.791124212063568,0.278204119112053,0.614291437735801,0.229088080684827,0.5865351280202,0.291016262904963,0.990539611036029,0.286486917152537
0.263351114824179,0.304519474421757,11.9672806956226,4.44234087705011,0.337770175679334,0.592801046826698,1,-0.317601077671312,0.383243013268593,0.580686263663185,0.207459780664152,0.70479597574588,0.2007880742786,0.61837887129194,0.215226992486691,0.702804487855248,0.27339241148048,0.346058488938071,0.382053345269528
0.662263100078295,0.423762687043349,21.3020774969747,9.92867257741254,0.0444982484682367,0.568262434563659,1,0.319214567144107,0.390953732231148,0.707754143318194,0.26478598911269,1.16594709350535,0.249363684979629,0.898216604214962,0.278869416237096,0.677285148919216,0.276112188341667,0.930305118201035,0.218959864601541
0.32948608908608,0.298886289037508,11.2448106457057,3.55484282585545,0.686026843509782,0.304722384251614,1,-0.076716447202402,0.411434098266768,0.682483637587799,0.201150870639436,0.536995518294524,0.24630727768915,0.117820062028028,0.274645345338433,0.521644669176671,0.244831948548829,0.773913980624498,0.16548783917095
-0.541166704091459,0.399558486862267,15.5842342751664,5.70342061480886,0.5030628757883,0.793966869463001,1,0.0180789766587904,0.54186285928338,0.36634089425601,0.239325468494511,0.586971222202656,0.204475522249082,0.557929241860956,0.27244503484667,0.004749040178319,0.436898305237412,0.604423294066361,0.346614939990301
0.506017926102237,0.372836345991028,16.3902663677522,5.7098271674249,0.862515671064067,0.113429366471765,1,0.27507988231041,0.509993823826739,0.692292008474217,0.202165412080954,0.774458710571709,0.183370246145871,0.85000544617403,0.212387414339858,0.728125142822336,0.281480482867287,0.915399306824588,0.221474823407877
0.646722177470823,0.289413118073004,8.97828147744774,3.07311323939232,0.444339622046586,0.607733096350106,1,0.15045482303476,0.464075721477956,0.694858336925763,0.198399264605688,0.620561546757335,0.207248444384211,0.583252619717994,0.269012709492491,0.684140932858377,0.261308227421821,0.706933166109296,0.272022760319559
0.605976602210744,0.390551496757276,19.0813037264385,6.30723037265296,0.487882520647487,0.86698858325388,1,0.449814470241716,0.477850472961953,0.938837068773219,0.186765654634717,0.807603751548734,0.210648164165103,0.861506087112741,0.250477924269591,0.92619137199411,0.19814057844905,0.801138532899675,0.236998389517174
0.404603549041168,0.385603722765487,19.5066733931669,7.44167574054023,0.454992483232094,0.987786243823181,1,0.131991360212582,0.428065723064136,0.963563123515951,0.221980325174301,0.736606048952441,0.234980048052011,0.639081904734829,0.246943342179669,0.33796553747098,0.300067319730366,0.90800826377223,0.230311629967173
-0.251735499099314,0.442769030098319,18.5864336474186,7.46980290909103,0.7565583922394,0.284567632757861,1,0.116190320589421,0.573392861793579,0.615424869164473,0.201132058106201,0.843774686136064,0.289344514816078,0.506221869305837,0.265805172481319,1.00462070858364,0.207783848004928,1.00409467718178,0.272981988664215
0.0358739416324915,0.477640509654266,27.953277824455,8.82312322060896,0.411483928475754,0.654430246170228,1,-0.059508605252637,0.476072253043625,0.896885583737772,0.176093242493317,0.797127103558078,0.218186951844605,1.01633651647915,0.234254763990201,0.854352618873965,0.222659300913205,0.475148458772527,0.305061874842885
0.407229944557268,0.324804267053558,11.8068033402193,3.65464332352923,0.550433030808792,0.48483374894401,1,-0.0990902255814745,0.413062459453759,0.756073176195051,0.175655957613998,0.581610884025264,0.165974457249102,0.985955046574052,0.212021948505113,0.784839252599413,0.232314455349291,0.12844251863134,0.391723678423692
-0.63202483972406,0.500198596617445,21.4034907242674,11.8401478314903,-0.156078629704139,0.484703255608175,1,-0.196767947275405,0.630639070141256,1.1822658908951,0.364595348013254,0.50562334747086,0.307751954589715,0.588837646171638,0.364189105751231,0.535773078368467,0.335925347426488,0.910848660733632,0.364852097905463
0.0292309405296922,0.35119581756564,14.3235118236568,6.57132606991797,0.286831090464746,0.7643529446295,1,0.119784129335641,0.478136814960059,0.552774702213832,0.305121781499676,0.71058384420315,0.240537773742583,0.513616236763767,0.326035978105442,1.07420176458902,0.344284189183831,0.682681587554208,0.326945526193156
-0.0761694008502994,0.423901472756795,17.7403244732359,7.30956587224947,0.178049868879249,0.740206154423342,1,0.736989803704653,0.605425425565833,0.881124552072761,0.205963300032743,0.758277531260441,0.30620293107351,0.846959825490418,0.272486580066903,0.813797991590727,0.276698800663226,0.509343251476899,0.317277627560985
0.196623832279695,0.428377015052985,22.2456223824825,8.59199630225667,0.70711740931622,0.378065069785112,1,-0.0371699728448107,0.516532971440641,0.648841318976093,0.274482903704582,0.254071911351957,0.292327528202861,1.01310164737926,0.199942967405536,0.688378650264236,0.285870026413951,0.959894135545458,0.328718376141064
-0.0119944682830874,0.4502755044799,25.7827544666354,12.6449769193154,0.0407787979560509,0.616817903466612,1,-0.0752064359083897,0.352791782352909,1.17695291314068,0.283770031854213,1.05041476768373,0.270479936817934,1.16498048287897,0.317701185286259,1.23307127217831,0.280411186538118,1.07538236729543,0.269022672461595
0.389577356444151,0.370256769781172,16.0743579518455,6.7398970808278,0.390443369870011,0.783338244648712,1,0.032427769660238,0.458583128094423,0.610440966731755,0.254773150319249,0.597744666315777,0.289956018759291,0.731011164550299,0.251449914009108,0.247092274118172,0.33581985568369,0.705237860598433,0.275602719140211
0.32744667865318,0.460902946413708,25.2937070408619,8.20933795635496,0.542682984308431,0.802198259555821,1,0.455319558336986,0.496755759849911,0.980730336442352,0.186514031736314,0.633461078515922,0.310914634595971,0.984836563731532,0.218475253554489,0.981234335160956,0.252202226640157,1.11113014379942,0.26760554545151
0.233065671796699,0.346406731637764,14.7014743584042,5.26908126708875,0.431068792387344,0.696786149531045,1,-0.518545180422571,0.458182811401375,0.764980153013022,0.277671151675623,0.663502707668884,0.202994268670204,0.711132185322539,0.239052841543579,0.766085667260333,0.212900484890683,0.423518762367672,0.29894946367717
0.296090655451521,0.319513592491852,11.910734266736,4.69010177279017,0.102713063004482,0.499597083433311,1,0.277753245577091,0.386923138377255,0.542427776386425,0.235119347920159,0.654754889521917,0.223317593222797,0.827386387877532,0.242081873653296,0.784349785663953,0.221775595473525,0.23860809450046,0.345737058665691
-0.12096462498042,0.331910853192805,9.95798872399589,2.88557512834295,0.858449558211894,0.127636230620993,1,0.266435903389735,0.587499704659249,0.484049701074033,0.238529155404672,0.632234229415512,0.26395693325,0.753427750797881,0.227451904532719,0.814924561389052,0.23642756208365,0.771097313119344,0.199760956428754
0.153172149312339,0.490219376060959,29.4866810902381,10.9051123783805,0.615330297269105,0.558789872824368,1,0.906137851054981,0.529346384545133,0.423101480420225,0.30429088597223,0.425666134776212,0.326417391966873,1.24036491146937,0.178959616017309,0.658334632415316,0.255491552423373,1.11888821922889,0.249768083678637
-0.00853652998352468,0.427026063176373,20.5707473919627,6.74924999464819,0.870028449758349,0.120937112496455,1,0.140576432360582,0.557868436966656,0.73403970269883,0.239892601190289,0.720143997542196,0.217359669129855,0.649965380056621,0.236086304958564,0.855134829108131,0.268911911675967,0.909783573722826,0.278832670540009
-0.102750876909804,0.418842147692592,19.2676164854113,8.14860616619901,0.366455986771024,0.764894065282632,1,-0.769927707250032,0.614088646149585,0.727568807615499,0.204671996551711,1.03586424813714,0.284248014990668,0.635786895151734,0.324354816081875,0.417669841381869,0.331867231179733,0.774919042588405,0.313622322073469
0.0525184149753383,0.307413916818748,9.79791910170431,4.06685297174837,0.0223523487287235,0.47362644255825,1,0.345108094692107,0.391508722950594,0.307161313855625,0.208779600690009,0.639026850362165,0.234333267387136,0.471832635415413,0.325751241913756,0.239868208358817,0.307134793940221,0.571461734845495,0.282390878926936
0.652301105573548,0.39016081647798,18.7136546886613,6.76024007105094,0.604834116167823,0.483485527859873,1,-0.131812232053454,0.503461089282865,0.683099462814344,0.244602469963818,0.524413780193049,0.235933519509908,0.854917810770479,0.225675810507971,0.687170568203015,0.265749866717569,0.804795360886437,0.257133511798685
-0.20229247976344,0.444560975090824,24.3514488496226,10.595331257635,0.293219039135969,0.859950049368264,1,-0.194225611663163,0.546339897012452,0.800560736410836,0.229992512588093,0.781082523907209,0.250071130219008,0.888849625819473,0.297080683279041,0.66316839688321,0.295243239372903,0.368542525675187,0.395735209276692
0.227369485076052,0.439914900013181,24.9792529077515,10.2233385152261,0.227337132796808,0.662051451271088,1,-0.232310740573999,0.430303517242312,0.808853373906404,0.223669586597896,0.605524447610111,0.268221247538731,0.715886847803409,0.256951985464988,1.01567817843739,0.2861175603724,1.00041754512397,0.274443382475512
-0.55198244461429,0.420189762016846,17.8665934787667,6.7547241070498,0.603300485896186,0.74357460486435,1,-0.33502247849949,0.506526595121537,0.77705108158597,0.280894458496198,0.616557861235241,0.211553338021572,0.549871776447756,0.26378385913365,0.32035548059297,0.334846693596732,0.720288391808696,0.246927759031108
0.143681622346345,0.336621400056247,12.7017367251463,4.18729306447766,0.569777397342243,0.43399409215374,1,0.517325002918856,0.402756378833799,0.184324478607187,0.232179713331081,0.564186454136519,0.179568408482142,0.585786914420201,0.221135924067092,0.747096252682792,0.204873039521007,0.510005092999626,0.333516630435471
0.0699266587825367,0.472922776038194,23.8540823311989,9.34966795646692,0.019683429546691,0.55110108795815,1,0.286299906753507,0.689129719074924,0.848037490246419,0.254702957106814,0.446139006450984,0.252256960020696,0.93382514783974,0.209696760251798,0.527095699742715,0.342229528009328,1.09170386106113,0.317777124738792
0.0911458588955041,0.402308311217678,16.9523194081833,6.61626755653451,0.651339508193322,0.524115348918632,1,0.855214932707488,0.570878581672852,0.49285157668918,0.211257403173196,0.460400276273979,0.295653958936083,0.762475252705574,0.268894453635081,0.362926075750294,0.291484918229509,0.892784790885583,0.31511736056369
0.293941126991813,0.425257046091116,20.3441287774488,10.0875027333924,-0.271555668173685,0.355290969486637,1,-0.514419738728493,0.638592231901119,0.88598351839329,0.257022740952286,0.833591589488211,0.329341166711692,0.592877903246141,0.266229215951454,0.674329161649925,0.292385853231464,1.09803113959614,0.268628277855387
0.210966959343136,0.41622274152826,20.8508009440809,9.95099918203492,0.157602484115665,0.6949807046413,1,0.65401985548617,0.441045123540402,1.08247692473494,0.261701815896843,0.446975118392016,0.315503374201929,0.987218960892407,0.29985409353783,0.751188963222044,0.247282025844899,0.993451015761401,0.36387371906983
-0.0161143968816096,0.29080925510727,9.72009722869747,3.27838349606095,0.37545449752248,0.630676189324398,1,-0.0232857564455038,0.394986981458318,0.29947826693204,0.213586835795987,0.185430776910551,0.239055620930001,0.641583246774253,0.196661436509601,0.364946141627611,0.288054111305309,0.700382330649243,0.204986330417516
0.156311163912633,0.4762133735855,29.2439467389289,10.2313225689462,0.432700878368538,1.18259515139228,1,-0.947449306533405,0.578184406584928,0.9900835741892,0.183832145328741,1.23014625565968,0.237894536293517,0.730524196311451,0.335679598426247,0.459352130006028,0.350405279299686,0.928282414231625,0.276319900024903
-0.0754300505782914,0.457776065850403,24.6674042871219,9.12010048405106,0.600723913139306,0.399571194453778,1,-0.16438389236672,0.569998574616504,0.612553745631632,0.189660139301835,0.968320729274618,0.255817376474867,0.79529506058702,0.290769929985909,0.579698047251417,0.325809718843305,0.994425334494269,0.240820137870234
-0.229196341201602,0.383072484768263,16.9181064125434,6.57075459522477,0.246771203241694,0.805038541645039,1,-0.38714686488156,0.434978012291712,0.760450516559454,0.189162811685226,0.837279887383896,0.24472926973145,0.883978365429939,0.193179727992414,0.40961704045696,0.294146639698834,0.663236511538139,0.459856037690476
0.522870174721132,0.348180257255565,14.7465171350635,7.16290142301252,0.0413079129596023,0.687229606902706,1,0.0213118667340321,0.437053504709109,0.655915890529157,0.265740654767371,0.654504986567592,0.356616730650985,0.831383222923604,0.26431378946132,0.88696219566612,0.313360066847793,0.0593380068346687,0.407768542004063
0.103793685101587,0.44965103957333,24.9689793651464,10.280933518896,-0.355253547875732,0.290070124761678,1,0.325979117648529,0.509354562625501,0.8386436327899,0.252414059829757,0.90873985226337,0.233393580581231,0.902116251172707,0.262830868422759,0.655564172715966,0.275066474416239,0.858491511370217,0.322554210874971
0.332907443560841,0.346522193231296,13.8863950026273,4.50344281911981,0.747016608609434,0.379100524345457,1,0.35624480141326,0.520414416561974,0.669574897909521,0.236617467248483,0.454865697654681,0.198827020958566,0.725634923471109,0.190670852808086,0.679082577603157,0.213580582073686,0.411445502783489,0.320423949925554
-0.381036833274072,0.460533877701904,25.2831159760679,8.37915412208572,0.742384908213773,0.136219599094544,1,-0.835689413967021,0.440600990764179,1.05430830334687,0.19656959446401,1.05543045078762,0.28414503042215,0.588119471934348,0.210962228371966,0.346124330585947,0.26476915333537,0.814030023870873,0.280027297256848
-0.208964510672934,0.362656473302201,16.7184255124198,7.32677502961543,-0.247919853567211,0.339249230578049,1,-1.08103794318415,0.439897213662161,0.989112002778906,0.188512492476075,0.770862824231225,0.285659232426063,0.798579247945322,0.256173627197762,0.967065370824733,0.272307422133633,0.493869143492187,0.344603545465442
-0.122932711897061,0.356756348425767,14.1827441925679,4.76267318808407,0.468101402114734,0.626339850014165,1,-0.0138990405372294,0.425500013506238,0.748182319522345,0.163443215673359,0.682675316370863,0.268183944169061,0.644038187701516,0.220688637377468,1.01643804874989,0.301193418678067,0.275623885580994,0.377810292694026
0.517315243558136,0.438463834755235,23.2863331157178,12.8814391709101,-0.0859657078759201,0.612929823142615,1,0.570950999658202,0.352500475974442,0.650497915553143,0.325827375489848,0.767739005701194,0.386658127060091,0.921405064379131,0.362528863603677,0.719730060387086,0.266959043266734,0.780589254924962,0.30690160540068
0.133314103552837,0.324939086458625,10.7841741313004,3.40649366493182,0.585864872365585,0.909507070654262,1,0.179421318619704,0.56574986907446,0.721255891510059,0.192733854159483,0.371949216588588,0.317672146539436,0.413167381619785,0.198372834493525,0.812235035410749,0.226219793211906,0.688817892244121,0.238070280827432
0.653080995198097,0.342625697353973,15.4947089029853,4.96331823155726,0.456697783209326,0.564718167837102,1,-0.718646417500008,0.329615644262929,0.892409407837219,0.157192254607175,0.759768014841619,0.180500164565098,0.665476142930095,0.23281620815978,0.306829139118334,0.279690655674343,0.730312296909852,0.309314546042426
-0.398437748362854,0.457451264018214,22.9065552549361,8.83141895244557,0.207160710909617,0.585960676983891,1,-0.128602047999313,0.50774190527626,0.52773935949555,0.282588026212579,0.668156455862307,0.243980575573765,0.724710012915362,0.248486507252788,0.398251483168023,0.339712820094236,0.863996332460061,0.260251284037498
-0.314276750526962,0.554925445339666,38.0761060206842,21.0832709469301,-0.481334278875864,0.338447108852467,1,-0.205110867460733,0.460257552217124,1.26412333162498,0.323251019292627,0.766840064319706,0.357440073176523,1.04555590351671,0.353915627749974,0.974899714763737,0.32670874839655,1.26515658608931,0.293494814393843
0.697322394050416,0.425308429091488,21.7938233107287,8.54863311239149,0.328121016917183,0.810512127654436,1,-0.172015353432242,0.405154600112379,0.897018266029004,0.217712220766736,0.708562806465376,0.264172800275799,0.927271639154525,0.287642035840577,0.891387263669932,0.339824636856341,0.898216528962383,0.297226284134906
0.194045917479223,0.381512620585701,17.4516272595087,5.96571619511386,0.104161170954877,0.686898027188783,1,-0.146736556435077,0.378393391646839,0.580589880381356,0.212166348638315,0.604582868164417,0.20954067276426,0.654793921726408,0.255633699301349,0.563373545272287,0.288432578880125,0.943761445253791,0.237188070894794
-0.334916988237429,0.42423142000427,20.1157047165834,7.63369725625703,0.28723359678892,0.951317101406252,1,0.171362825236424,0.481879871946827,0.886397154353415,0.204455213055618,0.932140454109362,0.286421757673626,0.698866091927892,0.233602161726889,1.04689845654635,0.21548977080387,1.02155562662084,0.275692951502806
0.0313099110190919,0.364317744320941,13.9227028625339,5.07229277045729,0.712064151595946,0.321433276306112,1,0.747607639437057,0.537647894612602,0.794427560428093,0.227335765427708,1.10861089016169,0.24872208921052,0.477279680208823,0.33571335137356,0.566487260037987,0.264201252388141,0.417854972510707,0.35090976468635
-0.183818302032161,0.378377116912708,15.4763836894889,5.42328144916677,0.589658380303459,0.692453647917056,1,-0.156155801185772,0.461129177387751,0.274371402936457,0.212374165756991,1.04904007686309,0.177035432210085,0.602430849316327,0.264318721281502,0.776451738181534,0.323370319998463,0.763734333739081,0.348669660788319
-1.34602223821658,0.603483244803219,29.0708982854619,15.138132827688,-0.148962066718168,0.582092666043129,1,-0.489237428884133,0.341583208636105,0.880096205364586,0.272479525854311,0.757518062748369,0.29129669279257,0.707161618603067,0.291422880043973,0.553608259686894,0.455830883606711,0.757878140335099,0.4527722411049
0.418392075708019,0.292821186083949,9.88716913029708,3.54343496427594,0.131205835038818,0.401800222176231,1,0.297942591848346,0.349133235725834,0.631920236457245,0.186600823864621,0.758544559338914,0.199263476163918,0.397885776349229,0.27388177555821,0.706482258497397,0.201208734312601,0.610351267449662,0.308131042468017
0.303183557281229,0.410518492124048,23.1767875320496,9.78824520118675,0.00717006988684503,0.406790022565134,1,-0.488737543420435,0.611559388790382,0.677611216270127,0.305639594194905,1.10129222434689,0.198359525489714,0.860406297709835,0.272084729898537,0.608602332462305,0.442013357903402,0.872232458565733,0.259701615387695
-0.0647343210905912,0.28549173002376,10.1883184982979,4.07931808694827,0.41199065826771,0.830545530338653,1,-0.806048322218124,0.434653269069838,0.795647179066548,0.2119528551443,0.58125520314111,0.222769156840951,0.484665446231785,0.225142356586915,0.322804885789594,0.325978241127685,0.908647333654204,0.244552924990053
0.1602663794442,0.319747919211594,11.3395465422051,4.28032705369248,0.53227136378875,0.649612025748817,1,0.191685295153412,0.446858363025544,0.617234254455677,0.199077929868849,0.475070082781169,0.188637219796202,0.734967092150539,0.290228131156255,0.792682983303072,0.380734165836935,0.340456978602763,0.310382387776687
-0.198530142199955,0.457491191652386,22.4219004238237,8.8016534144246,0.916842337961275,0.0702067036742868,1,-0.140553250857408,0.610360134461378,1.02158775927104,0.18664460018608,0.906822552625214,0.276007300401786,0.52279094748282,0.238184851344663,0.864447300221664,0.280856162593067,1.08454042843517,0.205815960677834
0.0101667987617361,0.435596040946129,21.8986224199423,8.72287408817001,0.114235400125002,0.45090250331437,1,-0.0566759630335903,0.511076669573152,0.924102111128769,0.271716217562766,0.961558872194506,0.214269605142715,0.560304282192566,0.256814376880849,1.02594514495352,0.273462922079533,1.20810054597028,0.275019175485761
0.345325508123577,0.409085271019768,18.7012088980111,6.3721754861564,0.202477442580852,0.642128321009839,1,0.0939499237829166,0.525685939526996,0.403029122093281,0.244346875655362,1.02536545792913,0.19825744142904,0.350485439762876,0.329521965384492,0.529834828334124,0.324719351421236,0.67947469006381,0.215951292541051
0.655035316775933,0.297825007793876,9.82806687706528,2.64451924345362,0.714897045751702,0.250641011991734,1,1.10386360379645,0.490875437185423,0.832160448212498,0.173493584148726,0.656879303339846,0.218756722509491,0.753469927082116,0.23043442151203,0.70173761254802,0.208836223629922,0.611891715845822,0.228615452327047
-0.0929835310380136,0.398715913127748,19.8063004693167,9.28523720455266,0.206945453134071,0.810820894108859,1,-0.216612005452749,0.365581770133303,0.849180249308134,0.212797200423941,0.709783992352642,0.277819109727181,0.520673111108303,0.376730612962989,0.203855585313124,0.359273862177656,0.817597253541488,0.351114576991857
0.140508840798099,0.300356991334433,9.9238434613839,3.57270645731268,0.469260985257602,0.847745425970474,1,-0.0427598247100194,0.540460461096991,0.643285930458912,0.266098445844703,0.578821211229708,0.21956252064031,0.74696514165333,0.22846198823723,-0.0686967942734925,0.320251314499398,0.406275502066431,0.362665275592249
-0.250705485507446,0.33850297237154,11.3278348732211,3.4441079550909,0.652523136024069,0.319340846537682,1,-0.532528719863857,0.536732173273565,0.675697476757418,0.190790607437626,0.736953139992829,0.16905691649662,0.597914537353453,0.249524411443103,0.505410377056764,0.257739045416299,0.648004067756145,0.279701321756382
-0.0403184027311611,0.477417489994573,25.6244266546635,16.543126009677,-0.19424850464504,0.610296724951595,1,-0.201740870559315,0.569438911546284,0.664095563147401,0.37460388669468,1.12745707140659,0.344539600229597,1.08730742481859,0.35664337175868,1.08604078652762,0.371683591442482,0.757045857842347,0.346416468474591
0.276718054106095,0.392334999228402,17.5787110470301,7.56079611089121,0.318143008212382,0.823338928508432,1,-0.068860126483828,0.433180475217106,0.969888386535322,0.230350659545204,0.790826732149116,0.236819540378481,0.473553270933762,0.284682765633219,0.868609844367803,0.30597353430871,1.20381790053817,0.288224258190068
0.247742351580503,0.30437821131207,11.0377495723353,3.99985250777108,0.477296984358497,0.634878966871191,1,0.0850927985021589,0.408407003056388,0.534594227674998,0.203096554544457,0.602779877492771,0.225991728494598,0.548371664207751,0.2403993074969,0.340831572899368,0.344320908075214,0.500318799807239,0.3414800960435
-0.0941204949841308,0.522044738367576,31.1927052879139,19.9692115764488,-0.382193202809104,0.4591779104725,1,1.05121246151518,0.618265615640985,0.759487629228697,0.414189438200556,0.843438833317775,0.309790250118165,1.03702137748199,0.348408942123968,1.06806154834562,0.436704042414883,1.23470281820242,0.384035964802365
-0.238743950197772,0.361665962896095,14.625924748699,5.77763632317869,0.39211590492951,0.700117670425107,1,0.214078241643595,0.447100176436966,0.501005579706925,0.195645213033778,0.657080023895604,0.230462377257555,0.681212438023497,0.282391169379158,0.544748998813039,0.408796009016573,0.587265453063044,0.318700912002431
1.19921651613875,0.587744012626265,36.4051361136645,19.0306918676648,-0.520874104130255,0.316049562255751,1,0.759819310448349,0.546026193810835,1.24539346211011,0.291164194308503,0.730174589520657,0.405811482578037,0.888027721101336,0.319558792589766,1.40322112213517,0.309273590673125,1.14615876307651,0.351045725387824
0.44664031366327,0.304726912888256,10.6234441258602,3.32208198014655,0.796943270219238,0.167400206398179,1,0.75607660785099,0.421378662833249,0.639968420022775,0.202649479634977,0.626894671851008,0.195581801562409,0.580684699655384,0.249053721786658,0.702529680593962,0.160408991099593,0.325655545416489,0.330666695479482
-0.342881097872577,0.391589310704439,16.9123461768341,5.35728583606502,0.530917192244773,0.465187303508821,1,-0.459192950189476,0.397770451736129,0.866443729312322,0.191510728220434,0.524271147881612,0.264771645509077,0.736586577205928,0.236754412907232,0.552727411529238,0.245401075382289,0.432718556405106,0.344624480774649
0.195880061737625,0.371387702905042,16.1683895882574,4.91110503681306,0.542280087121671,0.522615638287223,1,0.364062102748494,0.445605616288501,0.219110522373087,0.254251304674632,0.636355425523542,0.181295293901821,0.836958364220848,0.176541491805302,0.891252646844922,0.236719302371039,0.862173133987076,0.259010211548857
-0.0332410892041007,0.382272656082958,14.0546673902875,5.36657117255793,0.857106057811925,0.162622680120168,1,0.789967911406308,0.616537765854942,0.530386767594143,0.191205783669591,0.662476036912385,0.240876308634645,0.501562057643356,0.279403232594808,0.393820084976114,0.378706704166967,0.852312347317818,0.293232640840081
0.962844556074935,0.317079402995699,12.413682098537,4.10509912308887,0.393541149087259,0.502969888382415,1,0.198646787658058,0.394678683257678,0.761857849219223,0.169349189722016,0.918937255603262,0.217307133064514,0.57308460961797,0.238956912866283,0.595301347954028,0.237585029765898,0.705727931934271,0.286575214514111
0.31581956359496,0.515674665387887,32.3992958234257,21.3085758917598,-0.587994743895953,0.283105535844578,1,0.505151014277492,0.544559277102705,0.807686156489919,0.32243550988235,0.886734240982796,0.368702066222253,1.27241546295426,0.374720131358003,0.599909639653204,0.390742204680449,0.170004559191378,0.59362504579391
-0.228804396523023,0.355203614721449,13.1030018618468,5.71178262609608,0.119017924741044,0.517148704986996,1,0.35933298323839,0.460417723188652,0.683859608093633,0.237154501807186,0.353399443108156,0.304116746751087,0.638089269883571,0.296344232604777,0.530714836558237,0.274175215411705,0.817884400773205,0.270743123901002
-0.0809600486138841,0.357678519338496,14.0574474471379,4.70106211067521,0.552254858303804,0.67393455021704,1,-0.414547389874661,0.484407566966083,0.757916761509221,0.197330344487642,0.50253645234426,0.22851968118202,0.800861116813393,0.178608306961454,0.46342702295051,0.284097807358709,0.850697742839035,0.30012102041043
0.1588368982005,0.40447795641828,20.1778327630875,7.082199930137,-0.00112348652180405,0.442890119324717,1,0.0593875312030778,0.347736409742453,0.82558848197516,0.296787292260453,0.620862923998165,0.235011371256137,0.934142690197952,0.227815234670447,0.894676618694728,0.249302662093978,0.847449306905132,0.267137792957933
0.0549139745684478,0.431883854039703,23.219245106457,9.73561980123369,-0.265596866712631,0.394652173244803,1,-0.290186924110563,0.398981638140726,1.01862495459672,0.210202648059779,0.904336465889989,0.22662582979971,0.827748168539114,0.268681358074478,0.555756980491385,0.37902012100281,0.851098088930055,0.340635569995255
-1.46291509245243,0.58393305453751,21.5625401366485,9.45755284891042,-0.10134060045891,0.429315786074512,1,-0.198451763817604,0.416778929775856,0.646459572290132,0.253042069533915,0.52796787229815,0.275403665534206,0.623179511094766,0.422402515622599,0.717178074905719,0.377822937875497,1.06448290347943,0.240600197746531
0.0178720689256353,0.29109756418441,9.72460247189498,3.54844797838653,0.611455692186089,0.831928709575711,1,-0.0622888201641058,0.446158171804235,0.625202542017215,0.196276387717758,0.609376199292972,0.262896557768638,0.691273874823297,0.200391435935345,0.34998426710253,0.359933849546554,-0.0234015673033382,0.392701902525707
-0.845760528344047,0.584748635605271,38.3297230439214,17.5754660438522,-0.379621989025943,0.364740302383657,1,-0.631278630390949,0.454591968615061,0.922200115699214,0.237622915267999,0.816038550796563,0.294994091460799,0.922591754188098,0.252958236513445,1.04622203021818,0.309770436304366,0.951428657624039,0.429006773028079
0.512549002923746,0.433581409878707,19.9723827048608,8.63533199442245,0.436206079533003,0.862353411940663,1,0.406734787386916,0.57096711246856,0.699581664037826,0.259994048106863,0.708609024737077,0.326531146294263,0.955235228223947,0.300085251190002,0.974690517274421,0.326394642057195,0.462977530535206,0.279440231554707
0.358213632804385,0.393906308886697,19.5095875982843,7.0099142578398,0.611802037409501,0.434332270766379,1,0.287679008695587,0.416453650906551,0.509411824803454,0.224995516215667,0.944734837015187,0.164554910338192,0.453300678927253,0.238825584530369,0.807236474056969,0.275060896513368,0.852097088298347,0.288148993474402
0.0549877800404921,0.531545396094558,31.8113861587225,12.6110551764282,0.443485642069159,0.737553063508846,1,-0.163809334368911,0.648577940869129,0.894852971022093,0.193737872485239,0.819391923132272,0.256989467369675,0.954740330766084,0.314488194710831,1.11798252926449,0.27571716511509,0.820094098523428,0.353753717453779
0.012116369165588,0.352068391207854,14.9286727587821,5.25464626006752,0.481309908650589,0.597482405516317,1,-0.0160434304270164,0.418768264921454,0.799372278072195,0.166224139783168,0.457235892219389,0.38556815532382,0.899468912821629,0.246567416646877,0.183079708353494,0.30315114055302,0.940836256471872,0.339164167786718
0.392509102723259,0.447529790971427,25.6066881669914,10.1483607066444,0.891956720577737,0.0725696731875516,1,-0.0295192931856288,0.55485529890512,1.14055876767376,0.224832617368574,0.643173313510362,0.188647055544846,0.949423872523669,0.286988966634275,0.731347421449761,0.359397735732846,0.94880034652151,0.277396219178838
0.0026084884003399,0.408356248132218,19.5646518234926,6.78647725817649,0.136567460252196,0.573667236447576,1,-0.195945060075865,0.44748274262681,0.701986938057038,0.163948106821517,0.775157757321169,0.27086539259362,0.970283309185814,0.197683618925498,0.692932837493661,0.265524878126948,0.840220265058141,0.328091042251537
0.904540500159961,0.322289078701515,11.9323248169721,3.55436588170323,0.555151962986923,0.626709411091453,1,0.533709192962258,0.441757655137457,0.642191271066949,0.197011378448893,0.453745468846346,0.251270598725526,0.616718927944927,0.193588445564924,0.198157962448911,0.252611168383703,0.704963715278318,0.239519444807824
0.360815855893072,0.339011368560667,14.4468914547897,5.69726606672448,0.305520308299299,0.668687173347415,1,-0.268057437244778,0.407199728212334,0.746530871922597,0.234508212920045,0.90378547889537,0.185817407202373,0.677685151129783,0.243652561656115,0.603458743513884,0.282131880182966,0.898272831188669,0.335803633951685
-0.239048380271464,0.359872551339851,14.2055503303913,4.6582306892214,0.567045964118078,0.564796644819292,1,-0.238854863511407,0.476989079643417,0.453069311288332,0.219392922343132,0.649160200916116,0.20224747545931,0.635231421002921,0.141277766580514,0.294107599196162,0.341297094178172,0.466471357548145,0.269729386911103
0.463420179052203,0.382187734154544,19.484735785124,8.62272572342072,0.244914890240359,0.928717838398372,1,0.394838486922989,0.479916005831561,0.788802617830643,0.248236926716651,0.651404285054601,0.257868740428731,0.547547523424902,0.274033356787023,0.439329925139824,0.392186832452662,1.03347440831933,0.316788546770915
0.265344881042437,0.341849494889571,12.5865732183325,3.22671648622616,0.624499436695677,0.418586159791073,1,0.353377154529685,0.464515899000533,0.588236211562952,0.17176021861951,0.800591416795787,0.211705056612214,0.805460136928026,0.181507884574907,0.455806910400877,0.263259433913347,0.454120241002929,0.25447029115811
0.28954277608229,0.421987418224805,21.0248878146246,7.62742998462213,0.135099427549105,0.680528297941178,1,-0.0529184173702848,0.559576784033084,0.926265932078991,0.212305873894735,0.759982287156623,0.227136390849242,0.579336557197876,0.301498905005673,0.592359219528195,0.24822077424888,1.06185878578726,0.280081571626873
-0.0892948786136883,0.354389579464574,13.9775473425747,6.07915373423341,0.0155051011175864,0.516391072816784,1,0.301540073732696,0.403002499225,0.795256041488995,0.195925943408865,0.58906450765339,0.32491707301999,0.333726678695851,0.337131345298028,0.798452174232163,0.305726502721444,0.637839164418414,0.36467238498637
0.142136376622228,0.410028582282053,17.4791445661817,6.27495043132185,0.227380002191214,0.452760045970188,1,0.446795666806758,0.547025630435466,0.726263414920867,0.239656281541479,0.308464324435348,0.271587809865868,0.903232388936373,0.205504793283183,0.233105095744639,0.264045746416165,0.737006882292225,0.303314805596396
0.83182637558557,0.378550157184573,16.7846856777716,5.96723847520414,0.8451156511015,0.10526640873726,1,0.410210904025575,0.429204779038848,0.796722393976754,0.1786035318111,0.865197784455561,0.210076409291229,0.422287744718299,0.258588761333328,0.909579363561629,0.23152323931568,0.741936912263767,0.297708380314112
0.263688953888449,0.484940043717506,28.2153215531657,13.435471485573,0.396932389593763,0.969777230797608,1,0.593089654186688,0.715664077947052,0.72745434091457,0.264259189462113,0.744055461882131,0.278183584858642,0.818259286183695,0.344815180635445,0.729354675671801,0.269709462633311,1.28896945827976,0.38313493347807
0.0151204067428835,0.304859843631094,9.48275695881068,3.11278697444783,0.505669372097193,0.420235705564662,1,0.544645454795325,0.479717553987861,0.435461833961427,0.23307492544441,0.507037515428471,0.213692126519634,0.549493178625333,0.215759922385115,0.333705381356521,0.266504989886041,0.722001899433323,0.251612675627727
-0.46960662793028,0.595515687856509,38.4937135326556,20.7886830941837,-0.363512740564862,0.395138685424796,1,-0.353756606970832,0.607202347320515,1.28544026705836,0.313229467299029,0.668800913217685,0.306779100803948,1.10522254199548,0.27252727193588,0.904865498419804,0.415773139606052,1.11299050204754,0.368497187747862
0.31601333940724,0.344976390494799,12.0364925925432,3.66492825868111,0.716656119509949,0.333996050991999,1,0.329799334765853,0.548543438074814,0.707536430297987,0.195564785542247,0.302704474695539,0.194910397486886,0.588532955549977,0.215079730862338,0.387529105774888,0.178906359093767,0.712506660985257,0.23035785583662
0.255791635690057,0.404673165139391,18.4540117980605,5.58992208344728,0.347772505506968,0.639228927439147,1,-0.279526070592558,0.565570099618566,0.810545874806259,0.158843535397613,0.691620115961661,0.249531328309367,0.43527190188986,0.296921610452119,0.687218454163629,0.2161045648502,0.44398923499045,0.293581387053088
0.608036152303174,0.337779107294541,11.5764911608533,3.40938905050957,0.852345428424829,0.114797431438373,1,0.668051097462374,0.565378195183279,0.545251233560856,0.272073859324079,0.703606738874288,0.14462072249791,0.610062407881916,0.195488723465158,0.965242042960446,0.218229783526035,0.506136420961186,0.226163608706351
-0.439343226412203,0.398323370019492,13.2701151374331,4.63704278404445,0.549629931220713,0.685339401718262,1,0.260088249183576,0.523907091414987,0.985821491890139,0.243446408373705,0.527034467372523,0.210531435218607,0.954348366247931,0.285753230315177,0.53321425976001,0.307007419063659,0.424369489350581,0.348353412024356
0.589905165265503,0.439332793760124,24.0886413626134,7.78095500446571,0.503141686699273,1.03151413745974,1,0.140988974299513,0.592576622166344,0.603002935177707,0.260977778774941,1.09437405431887,0.172298986253476,0.591231713156666,0.238712562947364,0.769943063777573,0.208501309558955,1.2201709616661,0.21655342480894
-0.00493775181259181,0.359846943247704,15.469174567541,5.47201364062519,0.328832517721448,0.508258025613345,1,-0.361230077319619,0.447413767292366,0.696194076727143,0.214448128685167,0.862713807934621,0.173370548081203,0.849441181103058,0.271833145596328,0.388480607957641,0.246790512953846,0.658360567056578,0.260652626951409
-0.135235054405617,0.292920509551485,8.63014422853537,2.87571767684598,0.692966111318601,0.324604418062946,1,-0.296852770081176,0.402042823580493,0.426918725220581,0.193894930379735,0.839146161056507,0.220997075613526,0.365710377721467,0.350343080351364,0.28686739654975,0.255777370343004,0.556333041347188,0.277996304371529
0.0268397114523483,0.540638118138921,34.0813874881106,18.5837396387345,-0.263762648984058,0.488491586095396,1,0.664713899434186,0.66646422280969,1.11759107278484,0.313795072119693,0.755003017965821,0.253855312527038,0.924766456660314,0.418423609975625,1.04062064939906,0.300330388171226,0.466276301040956,0.389662623702561
-0.300873077813055,0.421731546486112,18.9604378786571,7.80286755674019,0.0270493289452542,0.522738530021263,1,0.61205531162086,0.484177563990316,0.39158805183064,0.266553721350415,0.659764691718182,0.289366229392735,0.794234214712803,0.23626535339517,0.622623879191563,0.350900907489894,0.46732847002925,0.417765717161721
-0.182318415374554,0.354505596304347,13.1675435602921,4.84365284506619,0.344105879485999,0.562576232752021,1,-0.132945588809207,0.495948459741111,0.777086500391612,0.24314295785796,0.581632391877313,0.203467279392133,0.433406990534292,0.215524371717571,0.235392094290844,0.241417110179738,0.384991421266505,0.475479329351497
0.0718078840877398,0.320118621138955,11.9493806390939,3.87928220378896,0.155074743184823,0.435048394588431,1,0.333195095631013,0.401718497660308,0.693173938879963,0.171050592882851,0.517504178310885,0.212356691402167,0.733885130942512,0.244874194996998,0.923286522426292,0.318096136622697,0.338328281074092,0.282285490900962
0.125641457931835,0.449136056838375,23.9036467995645,9.2119966930355,0.355200968360042,0.742177712532291,1,0.470120191555377,0.580766077123884,0.859893655270445,0.284851920710538,0.570929397511178,0.211935661058195,1.01572485489298,0.305582283341807,0.647180764806936,0.344821699547266,1.3150964835886,0.226072516972899
-1.1193038536864,0.661476230299737,35.2225517105801,20.0485482102004,-0.392811681165773,0.314458965666577,1,0.0742573307390006,0.58892764654556,0.786936253682346,0.311600338175589,0.68634302812239,0.368637512092702,0.961066092640943,0.31220244155848,0.803632609663912,0.384872446461282,1.01448658128035,0.453080338115913
0.287714184054206,0.348448586222353,15.7604963456258,7.02852039217715,0.268332602465651,0.777373867067777,1,-0.0158275272883858,0.410538920630771,0.587435527488521,0.257157179481974,0.642759266665726,0.242029888877004,0.798964067356836,0.320914444905469,0.660822196045252,0.270310969035482,0.883307027215942,0.342438376288686
0.544527008942329,0.365907378439639,14.6764267209171,5.29438555524913,0.0849525527106837,0.451100246963002,1,-0.28000705353376,0.450425301528808,0.845673817898414,0.185281016373878,0.681964597693656,0.25018087333892,0.943987204682596,0.192630248656918,0.727211069258466,0.275820588456502,0.490015094206423,0.354765073177832
-0.59806607846728,0.489824431189077,25.9017211473284,11.6137785199866,-0.0892760742705174,0.573015020972308,1,-0.525269398361142,0.558884897551533,1.16511555842928,0.250314334085397,0.825948706917962,0.288688456767914,0.791085924585696,0.28342589806161,1.0430684981231,0.265630995237481,0.559479326222198,0.389329244619567
-0.363925145768903,0.434874284294001,17.4813964494964,7.03811436900061,0.636717398072505,0.711836672942776,1,0.181280952275548,0.676413312483284,0.453973401649429,0.304767975300049,0.430898085571945,0.25117397932803,0.803897658048057,0.249649087558361,0.368247019363032,0.304526770223999,0.588508593935356,0.401670676846371
-0.00205228703456686,0.357294782235846,12.9343938883754,4.58980272520292,0.416373295667288,0.645657153839996,1,0.214254359522296,0.443593684970562,0.601812245780622,0.184457194052473,0.44669196978284,0.178313970654777,0.63996043545569,0.313039359331878,0.296700680050564,0.323971591831242,0.432887440132429,0.327944431946756
-0.426703175723378,0.457541958109738,22.511764222064,8.41041963683026,-0.31964279342284,0.308214884812451,1,-0.754556620575143,0.499047706203834,1.03117506784897,0.205841216455541,0.698603536884324,0.330150885721837,1.17458100546998,0.234560708900677,1.17706276805167,0.298678830256908,0.586698682517291,0.379714752684222
0.365050993515139,0.373785944353957,15.6095634660097,5.69562194789766,0.448667570832821,0.649524838548106,1,-0.161827205678515,0.608819785882068,0.361459820284444,0.240456010269447,0.556215343232569,0.215591371279068,0.810023424452471,0.226844738890666,0.777786524578296,0.307800986162622,0.67280810825787,0.338113249064357
-0.561549765185368,0.443521310863499,20.3517629713878,8.85190983802325,0.797296664602232,0.227128168919352,1,-0.701913278188813,0.593244763182875,0.823746859063312,0.270302758502738,0.631606014660457,0.32524632646193,0.420546692283229,0.261996522563035,0.854663807466664,0.36452820401212,0.410168953163594,0.49709867039308
-0.492673032142956,0.532375060393616,32.1358498590519,18.4441684753655,-0.115376018317102,0.577449455079257,1,-0.473206173739911,0.399777996445148,1.19321332108962,0.309384799656969,0.874776154776837,0.355248684237624,0.911244924503232,0.271520927698486,0.774894577035732,0.44973225623422,0.864203070657133,0.399135445742755
-0.236293803993738,0.43442063506392,23.4956445692419,10.6524075981398,0.236095750657807,0.705473024705109,1,0.610202799459618,0.453238863124046,0.40905402211575,0.335458812575161,0.551369837312711,0.399229064147614,0.969583749717175,0.315181634875774,0.676404477059694,0.242044707207973,0.639633307521383,0.318099398052114
0.265870298818745,0.36944727406494,17.1877445246631,5.74209963310882,0.615163812762566,0.550967888340973,1,-0.0472865849726417,0.485222547037922,0.581574424344572,0.201593992512011,0.765806212346218,0.183528163902608,0.522762552881126,0.321455746947845,0.873061513828304,0.235865396884351,0.906184077020672,0.231418870306044
0.772775088615474,0.434099193486549,21.1810370945762,7.69504539182609,-0.249973137054277,0.304665185520862,1,0.241374877197856,0.593565050925199,0.86455371454503,0.23748759146362,1.32632276446949,0.233414839341066,0.827206297504235,0.258819412418858,0.912739170529068,0.260085152798637,0.532652278451647,0.320280806051234
0.506155166536439,0.293550265564521,10.1240980124062,4.05423251138662,0.11689979474861,0.460739056255488,1,0.548393313095568,0.450165929180541,0.463536700792274,0.189922595933989,0.549232211213713,0.214494742327719,0.629975571982188,0.291714152832237,0.497036445696983,0.301062382004301,0.473041691655729,0.364898615642556
-0.0740037719886631,0.399541426357021,20.1013059382554,7.80524263326521,-0.149216890522648,0.391363390438245,1,-0.502073709165443,0.444458249872513,0.743313797884559,0.19340927300744,0.919468041433957,0.22277898378857,0.979902795231343,0.284750151688292,1.01166274140742,0.292348868458957,1.03667324907681,0.353774228774889
