"beta","beta_sd","omega","omega_sd","rho","rho_sd","conv_code","tau1","tau1_sd","tau2","tau2_sd","tau3","tau3_sd","tau4","tau4_sd","tau5","tau5_sd","tau6","tau6_sd"
11.4062053469723,75.2881152666228,153.949990560402,1925.15745931718,0.662202466724194,24.8984599191306,1,4.14307572535743,32.7900285347839,1.44051371972926,820.730887482153,2.21828788182599,386.085759047977,1.4612344880578,4.17880148578394,1.29530157260268,6.31037523007103,1.57340359743461,6.95748041728554
1.48295641583334,2.00405182814743,30.5353777670263,59.7564216340222,0.492121708831838,12.0737668795879,1,-1.15159651307009,1.99640459656694,1.84613533627706,1.03850802146512,-0.114672887412091,742.880670252065,-0.0105747830107234,669.427192627705,0.591990807950228,0.863723817107794,1.59189776309474,1.14036771270213
1.89270963281099,2.15297550744353,36.608803946139,56.4068717244871,0.499445228006688,9.51451440183946,1,-0.264345914971947,1.60154735736779,1.09921447036554,0.768509683323872,0.323892996405664,3.91819712153414,0.910876715566537,1.49437402162447,0.836896200902635,4.21405171562113,1.02359493137318,1.26093474582516
2.39125733054374,2.34440805601601,71.5420572841515,110.796352230057,0.6227861975514,18.1611931608209,1,-0.429241851736638,2.88971019709189,1.97769971042337,1.13807342108274,1.1657291618228,2.29517427403135,0.676558180302117,2.36769057601864,1.59354365427473,2.34813688102978,0.799620897651925,1.28572238317265
3.14624046645747,4.87833021652009,26.2676186640584,84.3381366188324,-0.508942473653936,2.75275553971943,1,2.16043707185155,3.89496126528003,-0.323566443192482,2.33127141427168,-62.6585557287944,999.999999999999,0.760082039098248,1.23829680508485,0.952385127954474,1.84547417743209,0.612534741286471,2.22658104288705
2.42036255227304,3.45736806639547,9.0452935849113,21.592280425049,0.537600713359545,8.61264734988917,1,-0.858143707427316,6.52168421150844,1.03663971974787,1.0889545314289,0.949620689115054,1.2745191688642,0.083512685904426,2.22652001209978,0.380874009209352,1.82288440897579,0.881857611379877,1.61455057392217
2.71520150056646,3.18661076047275,112.04621292002,175.041558057961,0.404159535294011,15.5785534230356,1,-0.0999448234935236,6.38980982156947,1.06808857063073,3.70835019633435,1.3366168545056,2.47018872446831,2.21404716232444,0.762886509977304,1.18902779331639,1.23468483493333,2.38972036315293,0.831339407034144
2.31190907164644,2.24248299436146,28.7160308294823,43.3964867341334,0.770743616890763,5.80780378731486,1,0.873130347692298,5.29950310606933,-36.1830441619713,1000,1.39476652527965,0.744234053625638,0.647957736899072,1.59930454837829,-19.233135521334,1000,0.95546552813319,1.37676490174435
1.68085047464802,1.39435567438498,4.51729716214859,6.8357191121257,0.966065465220288,0.062411659854711,1,1.9153827350601,2.98360511820753,0.276710264591542,1.01989715157291,0.74284297109325,0.668986845446228,0.750738421449607,0.908823863724073,-0.385987873534535,1.13686433499518,0.322525439560539,1.25270916797574
1.75095274229277,1.14555905515159,9.05902775675766,10.4831247375083,0.408427407946512,3.01136756548633,1,0.0528786378597682,1.32753519170743,1.06898772014852,0.721462655591661,0.714584236285631,0.886076988335877,0.890606811307592,0.836388892237316,1.34254122435783,0.732601755884432,-18.1670360825751,1000
4.7316018447143,9.15759946753362,72.0693902172992,265.060042793978,0.622536547539694,14.2485032593844,1,-5.54257449950592,12.0334473820051,1.32872276454544,1.78344326263794,1.95038506418284,2.00088719039458,0.58650820156902,1.70404908204684,0.602077018155257,3.25067360859537,0.732849054745263,2.15994353883812
2.04571558420466,1.52217133386115,2.58265518018659,2.84753053687226,0.866777544689578,0.493776132202298,1,-0.0241328471914549,1.55364371050716,0.428333396266977,0.57543313777137,-0.182318752769645,0.685482419989091,0.534097992978811,1.25306366549894,0.259879416299177,1.2216209568359,0.829520063905303,0.665864730393002
4.83086208901584,4.69381293656439,23.6249691138024,44.1006862328123,0.0682833476066709,2.38914451218036,1,0.521381824926269,3.58289787408309,0.939660162714054,1.34836463572002,-16.8834909261567,1000,1.91931968781154,1.04209925025179,0.715322050425232,1.28188539632401,1.76599969888804,1.09247001429939
1.95448777618012,0.944644137575295,9.53720347200981,8.64541925502195,0.579725062559591,4.14439132662443,1,1.38788090967058,2.04516147645615,-0.466118235744019,2.00537474326646,0.903608296111357,0.567234633586562,0.662203301997794,1.05097215441232,0.955782992470602,0.796543271432048,1.21465008744943,0.724649569568119
8.05512692786179,43.367062110471,100.406538039403,1079.60202788839,0.989999953488904,0.119819858591127,2,5.09717028688266,26.4876805029875,1.80848013769142,6.67007419317043,0.408813523184188,4.12637064126029,1.21431729998352,5.23294167145686,2.22764749445392,5.4763414808103,1.88655906399228,5.16382205376561
6.74439206600935,4.66655733035735,73.5534670654294,131.848435689204,0.542903888763468,16.7922213854353,1,3.76189118311621,11.4031839213258,0.98217401603345,30.023513726177,1.31444682133391,24.8162434155398,1.24627117536313,0.867369570098903,1.37349034410397,1.21886510618691,1.727646296995,1.33769634254913
1.41944036359555,0.938389812105347,9.95525144147891,8.64861100436038,0.918845853449294,0.316744323329873,1,-0.894157459526919,2.65562366576073,0.271505986447637,0.828184960177121,0.243375868164466,0.709168273847011,0.573923269790889,1.41553468756266,0.332072378151021,1.58257075591582,0.984713450695602,0.946666552814381
1.56164779713635,5.42997665612046,31.2342187589034,183.599862878452,0.31295449916367,13.0014098167192,1,-1.87593264616274,4.94376020116759,1.3314659517779,3.3608398670751,0.356744678883266,2.53078523432429,0.721639559901288,9.78929457813174,0.481926656533884,2.09629682197496,0.37139598734323,4.71004190566227
8.82793329614773,79.113628462213,392.676821545109,6974.41678456885,-0.34673276643432,10.764751575281,1,4.23429497896912,41.6507049545145,2.02654868018492,8.7075546745154,2.77162739119959,8.84606916948814,1.77135678246526,8.01649143266452,3.04202688726782,8.50773314594871,1.45275580016094,12.8724090214301
0.62617232794392,3.20955369454801,29.669006531491,121.695333124731,0.326450857146742,5.92416879361127,1,-2.70874653377477,3.17865396818287,0.648887718296537,3.4639030275099,-17.0301775750185,1000,1.02581273194845,1.98400972322195,-16.2309705863518,999.999999999999,0.902913096540909,3.56743327417131
1.49964474095584,0.890602183480096,4.4074062535483,4.09489113561542,0.606641947114946,2.70935668153872,1,-1.56961653331589,3.08479260842732,1.14854115517642,0.515945842079872,-0.300494066125992,1.19513651568974,0.366984295825214,0.632940312054309,0.362816156787146,0.870284998018425,-0.17515922647268,1.11257645025234
2.28073204283589,2.43642456352001,20.2431523735204,35.7907985318378,0.354524896857501,2.47492052097609,1,-0.379466293360887,1.4446383256084,1.03438710165902,0.957549811191254,1.00660619369236,1.13641343643778,1.05149324259366,0.628270487275338,0.38409152182856,0.771815703412058,-0.604601039559906,1.78742914753062
1.05173622447974,1.25327876209932,6.54790813521725,8.08707993697658,0.746274824833339,1.47900872866345,1,-0.316411926228624,2.44091886959684,0.282325208453064,1.0265917014857,0.169222689348551,0.855521852454244,0.94817417537215,0.836113268582196,0.562162652516543,0.849069059456959,0.264336033199132,1.00949798104572
11.4707872200721,36.5017764076076,225.404391191468,1325.66151260907,0.583471327633489,63.0296914290441,1,6.80192455057576,31.0975163517697,1.99732292432371,13.4104580630317,1.90526213693264,7.08646652308043,1.35832127392302,4.10000037760641,2.868151419889,3.13851695287028,1.94219348071594,2.50204072283347
222.80224780431,361.040960918822,1141171.29922879,2092636.39011835,0.753289653824431,889.499696876806,3,-39.6578787132103,805.92550537889,6.00331952240591,1.34802134526957,5.40336501903129,2.31580373482903,5.56863660992511,1.99184193182352,5.11563810180265,1.57009693677,5.66110723491361,1.22724723270835
5.75929456174261,4.03868921189394,45.5793274076454,68.1379818741509,0.98999996711222,0.014586609755413,2,1.1041076339631,4.530573560999,1.77191094070982,0.602720402423356,1.24762843645141,0.892699100440851,1.95620894763427,0.938425309761237,1.85874822644813,0.914385512732291,1.44854417962751,1.30618629245799
2.10334661318926,1.33424296992202,8.94021849296016,10.3276988668842,0.444679408606929,2.83047233124755,1,0.0804351660947693,1.71610889282856,0.539413264550717,0.824321659435692,0.0191416018451635,1.05780702959107,0.829159980733471,0.579231090642139,-0.52014070014899,1.66141290244424,-17.5697987775849,1000
NA,NA,NA,NA,NA,NA,99,NA,NA,NA,NA,NA,NA,NA,NA,NA,NA,NA,NA
2.80178846438562,1.86132439306623,30.1154796014563,34.9841297182003,0.292890939455363,6.23368351530308,1,-0.605863816830238,5.34591138711829,0.947956137637105,2.14636493157482,1.16791080917998,0.726016276095005,1.43066172809023,0.649481307579106,1.58241875021943,0.816451709317,0.420926901684611,1.2207906616878
2.42430711528232,3.01656349065864,33.7698491092953,56.7695033218717,0.455777220736033,4.43181607552808,1,-0.158793759839185,2.99309148740435,0.192608645143355,1.11927053711921,1.14945351953144,1.23037498274957,1.22804791978647,1.21192377039719,1.35188642917971,1.02877044102287,-14.3511428420935,999.999999999993
6.81861809778487,14.0783445190588,26.1577989116141,105.952452843964,0.980204065866572,0.120175538956767,1,3.17127618996858,9.93136237564659,1.22935496914797,2.44617059833259,1.2624353202655,2.06428003336185,1.76805876993377,2.33338994543349,1.49568194451803,2.22751259008565,0.608713964546765,2.00308546842739
2.09199009367309,1.71299042189676,16.0055111890717,22.5347418212326,0.990011681574964,0.0317314293627408,3,0.00137250353050663,3.45489063546667,0.703328644430126,1.02215095231252,0.679092913854625,3.9759986521526,0.687706391437637,3.77044249859599,0.692267436447848,2.540456738441,0.701924357151011,0.801493978103605
3.80735659759542,5.93269760473006,88.9305445049182,280.808683782617,-0.538850018450069,1.84377048236867,1,-0.622342855244688,4.11823080658118,0.357894608189073,2.70647764496696,1.57912917865692,1.67292332747096,1.51295190383297,1.7212595644904,1.0386909236335,1.32377075639765,1.53917979842724,1.35853272974832
4.15219807714093,24.8367124751176,49.796194998137,613.594614324799,0.625870807900146,18.2556728388129,1,-1.67433357557679,19.6250777931811,0.846879099121116,7.15586512204961,0.557507188572931,5.95074271913925,0.41088573266905,13.4103430790166,1.04262636458733,5.68319363031983,0.134236514957039,3.94745794740024
1.48124399139245,0.94853702627199,10.8597620245106,8.70625941215307,0.912583056739721,0.228029491803236,1,-1.55311847776665,2.21747592783546,0.931207754090327,0.668636566853699,1.31518163390949,0.651857830063296,-0.959550245781044,1.7887421234853,0.847095209553426,0.888425064258563,1.2659258694291,0.573553941471244
1.27212023476422,1.56277434409866,17.56072614741,26.5476013951124,0.498056076782728,4.19802062737746,1,-2.25980811489236,4.54180092453229,0.721337764633942,1.33013316440544,0.800746907426384,0.679655845868503,0.433361850251456,1.6358015880734,0.292858141264247,1.70623292925051,1.04159564197809,1.25403107234737
1.3776764405333,0.98957296086733,6.16670037343636,5.6280367759914,0.7018026469743,4.20086373155804,1,0.951813337461978,1.94932720813614,0.34122834139234,0.820463834870497,0.68947924725666,1.05815337438399,0.32366260200051,1.08898162272047,-0.202988165678466,1.08166056779304,0.340548273873401,0.985252449281473
1.50604756648409,1.3975069500949,24.8591970331619,25.7642385992368,0.543514822818885,4.20767752717543,1,-3.16275008407201,3.40976928573337,1.18472493495731,0.696773574359118,1.43889731116714,0.616672044748068,0.333893738267224,1.27094144453265,1.15591463608254,0.699565161525161,1.16350098961172,1.1263154080995
0.77968804551684,0.723309170849051,8.38602125592481,13.15268940356,0.901332055988158,0.419433491500454,1,0.920363290404226,2.21222355387527,0.95490577430154,1.55479564142304,-0.00228714959333418,1.7759312708138,0.754739436160216,0.743546103073753,0.446688605782262,1.44086810873441,1.40973895999054,0.923815322070918
2.48543411731673,2.22863867432284,23.6982185031748,46.4792977885616,0.575000594373704,9.4503183696647,1,-5.92549503079917,8.23844991020472,1.88134747992294,1.09877563300332,1.44225834723094,1.2683543390094,1.14690433737247,1.50350540331192,0.575925915763678,2.50540153497539,0.52953561414043,1.33097398940202
5.34535774150096,8.7462029123712,23.0673952206063,82.2026455354906,0.523416572803241,3.43157266088183,1,-1.78875933918751,11.9486078382445,0.978545330925777,5.04095347200967,1.45669353613949,1.76618516312708,1.06377328421786,1.83917912797082,0.778114756008839,1.52981628468247,0.461421078474585,1.42218155709994
30.0172759095479,232.860790345054,1001.33992525319,15636.7383184423,-0.989999970114658,0.158273221396717,2,2.82522046796948,21.3062094899585,3.30099700154934,7.64533912111417,1.97487616308401,7.9601547435225,2.92382017468919,8.00542309537468,3.05365443136954,7.69047026205147,3.34379550899602,7.76565184564529
3.47710059674633,5.10961111199971,49.6025792686736,150.631821875334,0.98999996968499,0.0351126113102137,2,-0.272349829343973,4.61820763021767,1.73855105122418,1.60957643904444,1.69109918332694,1.3784608522211,1.85091042752562,1.99020001059203,2.37448018659606,1.91067962212047,0.940390269057496,1.72750605094206
1.22130549889245,0.998959635406328,5.43935341701209,7.94370291199386,-0.610612329295772,0.670802333054489,1,-0.318480253263831,1.19943412021152,1.08297122004926,0.652600797028188,0.710465248563984,0.937749253715728,0.386429161206285,1.37243717008484,-0.547300865511588,1.34686259315628,0.211612819221371,1.20824247898392
3.16971582141534,3.23615223329893,45.8908990827717,96.6540821661813,0.989999945213762,0.0241470250343693,2,-4.82765521284961,6.53289514545519,1.77986309138596,0.972919378875422,0.678049856486322,1.89022594757974,1.68653809346819,1.01309844199046,1.65472661351404,1.24554605989926,1.6942065067985,1.21216230376548
4.47843272414191,5.52892904315176,59.8110175388078,147.41160702212,0.989999978671333,0.0363214479321888,3,5.98527606075776,8.71383358097728,1.13196338349709,1.86784958201549,0.831382695154084,1.26687135547982,1.62693478857549,1.30140342591763,1.2730057122402,1.57507990622618,2.0096358438589,1.40851979914862
4.37267026626788,14.2165647804256,57.4277986545371,353.555907827472,0.643620029270717,101.114520899712,1,3.14857220541569,26.7605576751062,1.01702849343964,12.351732831609,0.909065094893188,7.29346212957227,0.938137412558499,2.46678270979565,0.467948116523777,3.11647523344858,0.919285542382993,2.82225413581253
21.8923155017233,353.846837866397,902.861726027761,28565.1862150112,0.608266438202246,78.7922201003826,1,-0.476537517775444,45.4333942945231,-17.1593409941326,1000,2.83894800895789,14.7869257479451,2.71644046375412,16.0675883149998,2.58802118925695,16.3123704420414,3.18643535939076,15.6989928624242
7.00629636562306,20.5301947209997,130.614320620227,765.379561248805,0.990000629630762,0.0593368704192034,3,-1.37697124809,9.19274511811602,1.8930740781106,2.58567996516329,0.736151374676702,1.83769712470785,1.94875710311771,3.89165154958829,1.73635129530677,2.67507731531684,1.66353288950572,2.68369866810883
10.3847249990339,25.3462853866944,481.375564654107,2455.42784667678,0.550625001570183,37.4321540280934,1,-3.60646504058021,12.0609883481874,3.13530151599356,2.63808270402951,1.81824674006173,2.63025556296265,2.54027741184981,2.45377205771655,2.4783589490962,2.66308253892671,2.07649953286376,2.50374379076711
3.41404638412728,5.41607930432875,12.6074374130567,38.8379374651638,0.891705932934503,0.346422980704821,1,0.790102830165209,2.44066610748289,1.16233396476916,1.60019443251514,0.996734855232856,1.25333237371479,1.61477342064633,1.7045883655433,0.237180578505082,2.30942767209284,-0.0188012646368092,2.23620606216926
1.06524515643131,0.903693549323639,5.02148403100573,5.22708674408678,0.948390815898169,0.137945642546774,1,-2.1240495738937,2.4819469478528,0.967359322860762,0.563119905244413,0.840039559263346,0.630546080826694,-0.128260958572064,1.70458640425234,0.383164802132297,0.968428777509164,0.442073950614382,0.365323987606195
1.69100064933589,1.6918552696425,9.93942508448941,12.1523255299824,0.977225154436707,0.0431725942794699,1,-3.09671557129087,3.20572641473793,0.822420750473975,0.760919197414398,1.29316663731011,0.714826461924443,1.29589385888891,0.694223329716333,0.411778354850653,0.394480142455123,1.26599205498316,0.952138857670326
5.32055844326756,3.76598980958876,41.5955765131503,75.0765602885506,0.496459231744194,3.35122501172513,1,0.0711686988609311,4.93417588637777,0.408919356791201,1.14462140705851,2.07931896847889,1.08858732363684,1.03799752720239,1.19186022242746,1.12845704628746,1.39180721242668,1.04406003066275,0.925665185023322
7.37348514809865,43.6737792677666,87.7267622168263,1088.08357030985,-0.597569114909053,9.28029782705359,1,0.943338432153333,13.0744829392684,2.20168458288853,6.12598063185247,0.908035335796592,4.64912872748355,1.23408724277861,3.80241694685718,1.37964431981691,6.40980667532804,2.01624179565029,7.5328116730967
2.17458202192506,2.0525211420958,6.09336078175894,10.7724408553046,0.990000926437353,0.0295392418805106,2,1.39915374476411,4.25878768310452,0.883893504025162,1.15010398559137,0.946504655636384,1.53010805737556,0.660592316303645,1.47240680884054,0.810038365640015,2.69175140826278,0.715599273878142,0.803627190372094
2.53573463103328,10.1533000050508,26.4406484401781,202.14597824989,0.714494804902428,9.48110017143008,1,5.25796574941506,20.2913790055059,1.23162850293812,2.70887311880968,1.07995107579712,2.94284162204755,1.19328975387287,3.0685602167888,0.734383037506595,9.38613690596728,0.224118550632128,4.02576801322527
7.85962521862906,49.9797136428131,422.813976489986,4725.47581751727,0.582648480147204,155.762005153804,1,8.25538237757148,71.8369955530845,2.29830735483856,5.53469256371259,2.24390347805161,5.72947703822858,1.94254742947783,7.32424751270848,2.12021351174186,8.72811589071926,2.53977816824564,5.67319922322182
2.12630030075646,2.33335359521512,31.5852797410975,66.8088126304677,0.862005559346038,0.66463993289807,1,-0.578520165078958,2.01831526152095,0.669727959979419,1.28535442821407,0.240165624227363,0.994770172349477,0.770768259790893,1.02990334410263,1.46626937031006,1.30528948995509,1.65162599957829,1.01087071833519
0.808966839615797,0.76047302077715,7.67034017147429,10.746523808326,0.397590259067674,1.77355845554934,1,-2.10471675560023,2.53375684752217,1.0497857610792,0.734166728798159,0.875987058423411,0.561786570595993,0.0941522255622742,1.62468566987914,-0.67292076575693,1.53177660900161,0.563045527298717,0.852088371699943
1.84663711798182,1.71839419508758,16.382821599816,26.9937054327936,0.739280611538783,2.4279348293641,1,-0.541530616512719,2.26081864828691,0.67600694984529,1.8036438818297,1.62059071497804,0.88454607047881,0.406797601283423,1.23634769357617,0.596826832809254,1.09864200668146,1.46720461655665,0.778547982524878
1.21014125141258,1.24358003034681,8.13878281585183,7.89717077987264,0.592302109902783,3.05355621295164,1,-0.566195770345043,2.25311382163339,0.501988374518279,0.459478462516419,0.286822151775472,0.942071711518307,0.798208827810285,0.560475460979331,-0.0779550875810676,1.06870878277576,0.202495352570603,0.885035640668191
1.30154098506211,1.65702508267426,11.6471663431049,15.2909049781128,0.348018134625962,2.59024330517772,1,-3.27687711134866,2.00895750200736,0.523404220378326,1.2492733601113,0.870727229818328,0.52158306695845,1.44367022394516,0.836691786267986,0.24946659722641,1.19299496305418,0.203591455440572,1.59714559669565
3.1637084551454,2.40922423614663,21.1994540578525,31.3062244585734,0.826782137375465,0.701019992392054,1,1.16696030790042,1.73364407701646,0.789711363617283,0.554742478649869,1.64563697724939,0.863789258582242,0.217262866509884,1.24846746609404,0.905260220975536,1.3427433981508,0.261486134738892,1.22662529340024
8.6373751353114,13.7975199112722,108.25453089299,379.047673680502,0.820570692988611,16.0165852609657,1,-8.83907610279898,19.9310064637957,1.4006260545078,2.26757690383868,2.13924036299828,1.6482097094077,2.79924449116661,1.73502645675729,-20.5988889896539,1000,2.04383467302937,1.75238206535935
1.57992015062053,0.714150911786564,5.14142895276553,4.70648135560519,0.961134698654186,0.0587072185615119,1,-0.966726639186752,2.70435383988332,1.09807636777119,0.417025013158717,0.223098297746607,1.64704610725751,-0.310022768823648,1.23981808497561,0.402321913637805,0.737788595839445,1.17220298230343,1.03448546557277
9.33990642493774,311.162089086413,771.163389356362,52623.0614567103,-0.568418280832534,27.9180950004784,1,1.39186512639564,37.2641826685404,1.87145885639633,36.8383823761142,2.07982673416904,32.827941451232,-26.3617442058094,999.999999999999,2.07136844718062,31.1180055557321,1.75114285879319,37.9479164822317
-0.0024407358603447,6.03016142292137,186.288036705732,1379.13349207039,0.661370880902024,35.5437644997418,1,0.999766008187403,18.1063751715281,2.15333804737807,2.68920122736612,1.32792807588341,11.614157794922,1.38523934826268,10.380780964445,-23.7289104891136,1000,2.4846460932993,3.83720392673037
33.3103649237526,462.608689955052,3654.88896347406,101840.535318797,0.699347338561035,893.901551851194,1,20.3350862678699,281.0891267128,3.48891464412181,13.5539566589815,3.0309430990725,18.4361618054245,3.00539914947303,14.0132100911171,4.08580886677777,14.0677818198413,2.1745839460678,37.9081471690568
2.54414683886668,1.57803458843827,4.97056541086642,7.58986500353754,0.955581414258943,0.0679973617009641,1,1.45339044381555,2.30676779250393,-0.236978139639128,1.03419552172821,1.34341748331309,0.594428620130873,0.813506900073017,1.22180685320274,-0.938290108303473,1.37727637534063,0.879672161585628,0.648028703915245
2.36014929119847,1.88410942529723,29.7299658217915,38.0017898017575,0.648840269629822,4.44659193388236,1,-1.4016876022525,1.91251613742196,0.461633088520987,0.628371927152256,0.709252234176983,1.25411338244829,1.29198244040982,0.746856280647352,0.496805717548747,0.786791160181117,0.766721381116749,0.876125493191447
1.86195347507771,13.97707672354,33.8392909335304,521.926523102604,0.369201921916411,41.7561605397161,1,0.856482960829277,7.55865850913021,0.799295963224649,37.3148151470243,0.761411120127269,32.4050573073032,0.771954381925322,6.90558514297998,0.303654878356648,30.4474841885453,0.971441908254555,9.49314077541623
5.35213399994244,4.78692397964073,99.3420062645452,163.245125521412,0.589064220969019,8.29832463726892,1,1.40684852595691,4.62147472936603,1.36150876099325,1.0557923267335,1.60735322521201,0.998472555917086,1.02743897015513,1.51767175146321,1.76225694293674,1.18934558704034,1.34117507465378,1.05670769924705
2.61753889858879,3.63582510304654,66.8452009901593,166.726054385649,0.198433014876414,6.1552553281426,1,-5.78986145539801,6.92898920505638,1.48768100251318,1.25362531707296,1.23472729105612,1.86336459110302,1.00112536536563,3.03457655164381,1.34577408234401,1.33522390712258,0.176700170812263,1.69654275468987
6.25590515758579,28.7284755346519,33.79113933361,294.580126557148,0.456447361415448,70.3932479217345,1,4.95289445601807,33.4823920055569,-17.1456895873353,999.999999999997,0.571859814832272,2.42652939706749,1.35449442190189,3.31793858666926,1.48581864055695,5.15692813680836,1.14653104522316,4.13824520566648
3.10372632978736,5.30434790472204,77.5323908717252,276.748101470008,-0.30591834410073,3.88458358433501,1,-1.78328756479363,5.32382743460807,1.60990418819833,1.79452248129464,1.21872018517651,3.42138544819599,1.6106149416827,1.43728136039912,0.811154323694666,2.07597642016947,1.86634655088331,1.88015767720562
1.15605432175768,0.886453382248119,4.20560595426284,7.99452562408931,0.535348177043373,2.76909778465861,1,1.01203047684894,2.06693827038667,0.767311881836589,1.1932052721567,-0.550522249228209,3.04465458359129,-15.6116351128635,999.999999999996,0.541543431965586,1.50986231827196,0.94362639999851,1.01141273036263
2.93549812832379,4.16582796563481,38.9105183503399,128.84299731076,0.551458286267017,14.3257901443652,1,0.222711451602278,10.535516354611,0.646567793472341,4.93638420540377,1.70954844558283,1.79794811256979,1.18028366639248,1.77539911144153,0.394172405282065,1.79888803005399,1.32835461974998,1.87897352792824
10.6541364991362,37.5120014771727,448.52359559571,3320.75633975977,0.989999971777618,0.0666606457350528,2,7.08618658761549,25.3062503334132,1.75883616627825,3.67792431287702,2.14172336213015,3.76128013906471,1.98000657403839,4.03284788930551,2.16885585722006,4.13186875503893,2.50782877408937,3.4503017676002
-0.165926070243809,1.56339562249608,22.4762184439328,94.4447009919061,0.961380585148904,0.197954923267933,1,0.409772326451352,2.86626958832084,0.967892557965792,3.0198456333795,0.0525046915341713,1.7221235672476,1.90368579300059,2.0443242708432,1.34918786867139,1.76388062447652,1.48226623498824,2.09376407809939
2.91836638232776,1.93924975327934,16.1895976826329,23.1483984812707,0.571361519003165,5.24018399802812,1,1.11875146565173,2.03277089196003,1.09114852521427,0.984805680062994,0.0119023405848323,1.03812139505003,0.588303078291752,1.20948930122807,1.21633716558405,0.903674565168159,1.45814214508673,0.948296795627076
2.95216802381876,1.71410908706699,42.5264282695682,47.6478597279999,0.563581867670367,5.32698753159773,1,2.13534516084124,2.04685742992369,1.21954759272023,0.632383492654639,0.763428823102434,0.703541660210576,1.37320510800251,1.04609208560379,1.53745776995213,0.936514483773765,0.859101510775921,1.4200999500692
1.76358000622124,1.4174408253936,5.44100447002906,9.22965444935115,0.302643109365627,3.34221376225248,1,0.809794881604602,2.19771173956336,0.558664114054497,0.648664718805637,-0.277476318472411,2.22625925624913,0.704792595606861,0.841773107175915,0.2576317063613,1.14334757983144,0.280380202451969,0.898947773527383
2.31948119643355,1.48515155376443,19.4785419880872,18.8762927405422,0.965513157410621,0.0776130887287687,1,-3.09356497539766,3.49020265548601,1.69704563317525,0.596985737490699,1.79700002390998,0.540849326915052,0.17930375882571,1.62955366201902,1.32285430143304,0.968054297930284,0.4109686089248,0.701409601445121
2.70904646044976,2.29311740873351,2.06752749181959,3.97141742088918,0.973515906197855,0.0365937639671864,1,0.622728442930327,2.13722341071202,0.517316075729394,0.789440133208501,0.858925873869808,0.589583314942991,0.469019572916072,1.2210521358785,0.931392356642333,0.832787713194123,0.635366637638591,1.03629584033618
6.07006609984617,17.6445758622776,241.254331292673,1383.15607410013,0.478091602697342,10.0619172617626,1,-2.69178888451937,9.80135808704867,0.519332626826184,5.23299111298985,1.64939295293877,2.39603729922023,0.961495167195711,2.50232800714281,2.01836615987679,2.70547766766669,2.42099704989931,3.49544070766752
1.21631740119377,3.85908509548069,168.063155033781,589.276622251187,0.395908247334853,11.1491068982579,1,-5.63375175709184,11.6476422181793,2.12348517112766,1.48147877315669,1.63735460214007,1.82883521896867,2.77135740588332,1.86121977294819,1.82425585314225,1.60743182859514,1.68714590741973,1.77085430416892
1.23666227268981,2.26978342971351,36.6862974838689,116.42275715807,-0.513264805046508,3.24080885280916,1,-6.09617593316106,20.4542650105945,1.90071038139086,1.27971079914424,0.982382182119694,3.38749834218209,0.737872975305534,2.58858840214079,1.30022408029736,2.78418211116505,1.26293674881844,2.29118473304876
2.96249584038208,7.15769246787442,24.8730630804265,101.049952772561,0.989999974468887,0.0426068367092376,2,2.3112172159968,8.18876465819546,1.55810600797972,1.8707803126627,0.65048924741104,2.09918989598759,0.42280974000168,2.54514925730126,1.30439550817815,1.88086958203931,1.4963584744826,2.16207456485621
8.42261673760647,10.8273353209458,204.90374251609,555.473984843212,0.41782170169356,18.3805393340572,1,-4.51364408890134,8.77933778253689,1.49956115727066,1.24644649057868,1.82347367355227,1.58025792899168,1.89708845365955,2.17118832078871,1.18576566691763,0.96820543976552,2.09326863739333,1.27011418433169
0.416972022945136,1.67377376946074,13.7606551507105,27.4836721197149,0.884136017012727,1.03041218949803,1,-2.61836339237219,8.0828229281512,0.778083591520844,6.81911233960586,0.737956188621037,5.61935127541346,0.876606098284786,0.808971255186373,0.924927503590814,1.59957255248695,0.670297893974584,1.47132688292292
3.69946386933935,3.53215397952434,58.1691034325621,84.9840515756098,0.61715537228593,8.79629991294369,1,-4.70777206177678,4.19554589023703,1.76393359466904,0.913912032850226,1.03213941143357,2.17542809006267,1.59373016230793,0.982075150193949,0.593380198743172,1.72093658040214,1.44952696915405,0.981977007418763
0.499684454709241,1.3258795416847,19.1032541496103,31.3361369235666,0.637450678738345,2.89261090934729,1,-0.839424849261599,1.83580739836597,0.754965335035381,0.503221944690994,0.12951182373536,1.77749544461734,1.1047965061596,0.870567207661985,0.32029247130629,0.783584641803192,0.665161219829155,1.58622374778629
2.6588103762721,4.55174503522191,201.852016603042,765.709192498642,0.430080268994054,14.2273405287568,1,-3.06652048709883,13.4012421857416,1.99450627569192,1.90896185068227,2.35667920199215,1.69506498610787,1.92600180722941,2.00392993749927,-16.4671943315244,1000,1.13276768482334,2.51074391405165
2.22893682015904,1.72487282246114,4.19387217131317,7.11269629800501,-0.380976544061427,0.920992813456879,1,0.191107526330335,1.93058899823524,0.704566785563319,0.841239298843923,0.631725062991498,1.04358559283996,0.0825757077328189,1.20592575216259,-16.4220918946229,999.999999999999,-0.325747585988618,1.26912644973217
2.34278215732947,1.40351764763345,18.1421843318922,20.3469715753391,0.87559802347224,0.497231351128059,1,1.75843282652619,1.52977450144791,-0.217018917279721,0.834699210251557,1.21592892908642,0.742018997603501,-0.254483593718077,1.18825183603295,-0.271162698145111,1.43406926520777,1.54907920871266,0.803936211714011
5.99680246198548,5.46406088822004,34.8970974962229,65.6538938503106,0.875121805165098,1.02261450374475,1,1.64750060335312,2.2256233378254,1.06441598780903,1.54466886183141,0.983186377624018,1.35603455380134,1.29866789090441,0.775217057845722,1.6628986792064,1.31886649970791,0.212449342643905,1.86847278210456
3.30510042141872,2.87958470753795,31.4530332544028,51.1986844502119,0.605094261809311,12.5125455324076,1,0.794982535849571,4.68166199051937,1.7421298420972,0.801369912540025,0.932949684888717,1.86121149585669,1.24157618982728,2.96435019096146,1.58945319426826,2.37470188450144,1.46708391286939,1.18706365210297
1.64675188198165,1.10106344596709,13.9877787148274,15.3640069473954,0.519009040184009,3.41729955219118,1,0.776103592374474,1.79944594230885,0.786406128003356,0.65218657129408,0.409512602412698,0.916468493994897,0.671612144150879,0.486887606353295,0.66955304431679,0.782089133419114,0.441757118677488,1.22691881325863
1.80262854670459,2.3930194313108,6.31813374231698,14.931478716351,0.910001826815595,0.298293980446929,1,-1.33605535230605,2.73292410264907,0.907728969871635,1.92554399488731,0.56110750099642,1.09929883389147,-0.294240170201983,2.36943457611409,-0.155511394909978,2.01441611333099,0.582128152990114,1.81352903254011
2.24387788248542,3.3890460235131,18.4093350163602,52.0928641389384,0.734801255500897,6.32051546229067,1,-0.806114493609232,4.78602270224554,0.680403610968642,6.86322129103946,0.671464983484125,1.08779541252903,0.488063973056419,4.73093071513961,0.474476601771502,1.07719952732207,1.0258005870253,1.1381549770623
3.30070855431768,4.39483139007287,13.4718143436895,39.3585700655205,-0.258413648895363,2.81764081061515,1,3.52694219604163,3.93527348199122,1.27449483172969,1.81739728122537,0.884903262914985,1.78912286152226,-0.0815150472700747,1.77129660457825,-18.3984083454936,1000,0.0663070284794411,1.48452692028515
4.10557753640444,6.94873687765557,31.246475009454,95.6350868384313,0.490573029783976,17.8419440764907,1,-0.610307766652271,3.78082113859805,0.190510156260282,3.94754889328015,1.1485190016251,7.48057113507442,1.34186967322384,5.2626347902994,1.17451760856843,1.94131712134712,1.47797421778512,1.60262370083519
0.956464834298618,1.31181664549801,17.481264198957,26.4286859837804,0.390615155715044,2.68076169118191,1,0.515142181266345,1.56328663877158,1.04701133165955,0.996883415355102,0.50701193266396,0.893224008780171,0.467645684585906,1.40911742730415,0.675652306860574,1.23690360358967,1.08586973284223,0.70766168126008
4.93490837662252,9.93975314593994,56.9763599193588,222.050937752528,0.642491447635843,9.41116282397834,1,6.55723931368,14.9522271712186,0.441932122694009,719.296229615315,0.47669453070179,694.716449202275,-12.3969142626784,999.999999996402,1.95050630750206,1.72630196300909,2.0789947372896,2.04637379454352
1.07582468008118,1.34331062638031,29.055361329635,39.8481068241312,0.930161156442022,0.239822137429233,1,-0.481693316944164,2.39070795432075,1.37095024048935,0.579836166968897,-0.0684858975454941,1.63403180030209,0.642376923678492,2.55573985152477,0.904894859612872,1.56215243898637,0.716244570953505,0.809576813268544
1.08617810682449,1.23857418083858,9.78205221471572,12.0046977300538,0.971134841370977,0.0797293255279537,1,-4.52034718720063,4.30113461092503,0.446867379761775,0.600634754514555,1.62763910828519,0.648243754189105,0.754047307857224,0.517789173129184,0.837735905212019,0.990660354077349,0.692819461853167,0.748669531783828
1.5088373240685,1.43171373577493,12.9489460313683,15.495864388159,0.989999878157198,0.0195502112525778,2,-0.200726115563739,3.76203684881145,1.2688084838283,0.554605072950191,1.27966449552437,0.819988400461599,1.97822229598196,0.70535595592315,1.52986793207201,0.769547026528971,0.863573437278418,1.19380791384067
6.40892090160717,7.16728549964405,58.1912277300134,151.210965596111,0.941027441955279,0.258431657591077,1,1.67667932817107,2.25006410012536,1.18392373856394,1.47815401787036,1.53519538237893,1.84725591653065,1.32893532084559,1.47519599951731,1.12485587238838,1.30924083019482,1.06476868926172,1.13129279120929
2.62609404124294,2.19868270142648,23.3622656598616,60.5295777308502,0.618398926258325,8.14879337420837,1,0.617785602582612,6.22152877747133,0.979529936038271,1.19191106753627,0.846049076058475,1.32004735182298,0.266530232029951,5.1299025745052,-18.5412477727912,1000,1.02177432303688,1.27622709190011
3.01643229820741,2.98059164736185,15.8788365899985,35.3121750810721,0.703319269576156,2.96080988365838,1,2.00909132373668,2.98091158537689,0.987115973367195,1.79600017573679,0.0271751716449084,1.05734226062294,-0.533229781390238,2.50867305636225,1.05094872604615,1.09529703382642,1.5491908564008,1.40044913773726
2.1729142141162,3.02206956139175,19.0429862841028,57.016438984456,0.675567085111834,19.4695010624822,1,0.421903717171194,6.48404252459471,1.01217538800667,1.18576784846039,0.786112169423719,1.69490349624309,0.0513479825335107,4.45726882927947,1.81573219196405,1.16045027762008,0.851009400254335,2.61192764563163
2.53216714478402,2.63693959957677,28.4790640606477,68.4105299053818,-0.177086836441923,2.63627167325281,1,-3.14720758569288,4.90416782894207,1.26685250383498,1.37975156845372,1.71996225515353,1.33049003162891,0.586444394902493,1.55818336196185,0.291550206281579,1.35985846920389,1.16484192603095,1.66839052295284
4.66645832285447,4.54579208181807,31.0169535952242,56.4394375776913,0.471488939508486,3.14546848776085,1,0.400141755181124,3.28058933212204,1.16767977681054,1.22473689630363,0.905920298024073,1.29906781589792,0.0917908131777187,1.60915516598773,0.278222134838489,3.05372314758795,0.734794244732652,0.9928976955924
4.71211647962657,6.85360786339834,81.2074722121536,225.328563486489,0.977138591522146,0.0885127671029726,1,2.83320826991935,5.21300529494397,1.67873370685112,1.41207143827131,1.39310123064217,5.16710392076647,1.65067418350268,3.64429312919977,1.26424303873412,1.54021220393741,1.59149926734002,1.72883898652168
2.10140180753878,1.30309405516523,16.9838586761857,15.1684895589242,0.963048263885986,0.131599092663659,1,0.814351875825708,3.09800566034056,1.12413947854291,0.511474533934866,1.17942154621642,0.700013828234623,0.934078564661308,0.900300303455267,0.951400534794198,1.04252344315311,0.6859907376943,0.991144317334897
5.93856530409615,8.94306025974732,102.064818395827,283.704570936701,0.382556125388491,18.5192652469662,1,-1.20525085908656,3.94830226194805,1.90297799160851,0.752134332832088,2.33542022205806,0.94592738206118,1.06457565906204,4.43273185389373,1.77634899409395,2.01240579181737,1.37562214614173,1.73122585663727
1.08462567763168,1.74672728529083,4.53760675622259,10.30735170929,0.972625550078833,0.0722231214402325,1,0.573798020359825,3.04898488552058,0.0654185005215842,2.08977753079167,1.00294912653204,0.987853379851344,0.368845819327486,1.49012687753464,0.512424351517713,1.56262370094969,0.239056437127359,0.968411564956408
0.697538622732038,0.7868046788712,10.913104122001,16.4858195921692,0.426784705395494,3.27331828208275,1,-0.619108169221449,1.3403487857827,0.988277307678815,0.507138448197934,-0.062825534964941,1.42790462090322,0.980254403887457,0.998959392431766,-19.1399900254839,1000,1.34188275156088,0.826409057504489
0.337546977802689,0.656546028961598,5.96910791892968,5.44906511759673,0.69909190382676,1.81422738009954,1,-1.85900452083535,1.7361543124365,0.834809154604743,0.3563304112826,0.465094345758428,1.63324201940456,0.297535002431552,0.631768501908912,0.773231339313674,0.49095287440022,0.220286301424224,1.24800611382196
1.2955499031748,1.08136231481566,3.82908770492605,5.43361219826236,0.907912984596515,0.286082107954273,1,-0.441683347625577,2.21471249585484,0.784306565348935,0.76429883709794,0.588519915001215,0.879257908722467,0.491952244643826,1.16450749562336,0.838163232704649,0.736521966258509,-0.0920970161772485,1.59158690568951
3.13295972046286,1.94945345014016,15.630819617784,16.633951440712,0.989694515872836,0.0233710149385468,1,-0.876900314700904,3.7310900358972,1.83080812986744,0.588752851509969,1.84440099937938,0.525311354789747,1.20070905414609,0.559485885727406,-17.4055126813567,999.999999999997,1.11916088567269,0.916443696525056
5.23964051268672,44.0168170521631,138.494295693681,2243.22045721901,0.952260262706725,0.847641159818313,1,0.715645130440665,17.7278311335727,1.21638893200831,8.73691856754451,0.923060806480714,7.29753465109536,1.76900359749909,6.41085382037105,0.56130380316356,18.9134250693745,0.302748622622039,9.60512490818499
1.83914612322987,2.76007178842849,19.3724769978867,45.6728464866694,0.964165034573994,0.109114053297725,1,-1.48841645823411,2.68782252353127,1.22079486677362,1.28049927459342,1.30269349272386,1.34504766207446,0.927845456483802,1.67828061754557,0.859297451228081,1.54628969868244,0.630881740235158,1.50630609467739
14.6616977893215,41.4872195893582,504.189718514093,2700.1417691764,0.336574876050609,23.6777288475582,1,-0.0846286189491365,6.51105317561044,2.38357194767304,2.50779002784061,2.1086202962282,2.71224987710979,2.6401753758717,2.85535969077563,2.24906451166092,2.33115631229194,2.11226751363474,2.67766192439682
2.68895988921294,2.1441843833909,19.6780453185384,20.2469817293212,0.734170245486987,1.65824054328852,1,-0.600091874347972,1.0945925660465,0.925092722652707,0.80558025227446,-0.0108059658049751,0.91798746290098,0.591875631575676,0.648639512370475,0.811653317257864,1.26552051430061,0.361898052641169,0.859363112980155
1.86865518573447,6.26924362271615,35.6775524861053,267.652789652912,0.846319758056613,2.5121768823883,1,0.487466688116136,7.5762359766519,0.145735828884609,4.61269341417476,-0.0383262467007601,6.10976812588412,0.595057321797228,5.27565494087728,1.38173291859443,4.68427615046653,0.787235078493495,3.55874126120204
2.49230044221817,5.6648374120223,42.043853874434,167.741269224987,0.516797026227234,15.4173861609415,1,-0.622814537928129,2.71668806959238,0.875936680258923,2.05954564933879,0.743130707086275,3.92840148992856,0.996191026548784,6.82341631363857,0.916112215344235,1.78177008363136,0.211851976351118,2.18389209331306
1.34441761688666,2.5976915958504,6.99563435314638,22.4454449641171,0.576414267875977,6.06612244690957,1,-0.542753320672104,2.05487632314101,0.0474750980304792,1.46850894663746,0.286415788154322,2.56968576875984,-0.687852731525346,5.04513799970515,0.495513549545629,1.2632785535256,-0.336961748436213,2.5237280236331
2.63868298915492,1.58171623869507,6.06607796558977,7.12208918060679,0.309224071187393,2.76489565250215,1,0.25547669880675,2.40993151915384,0.6525700647658,0.484016920877022,0.578015673293537,0.947785043360323,-0.0953725297731822,1.33144582904226,0.705985516724456,1.04734079670307,0.547075238030352,0.813440352080977
1.59988283028689,1.72295010201102,26.853829404567,45.6303813877896,0.622057009455237,9.95465507512603,1,1.62120132928241,3.04489674946868,0.801692653210148,0.819879692885385,-0.0506511875570412,2.52208349336734,0.463403422184078,1.80427322842109,0.112758502998389,2.53846720141418,1.72039192276423,0.927843650203429
0.911016866430051,1.08843519504005,12.7262969949144,22.7537884892837,0.806984899470602,0.334556230631473,1,-1.46104435161759,1.5060139910343,0.886401498435644,0.843215333268926,0.733598135720186,0.864184467512342,-0.540763713399279,1.33008087282853,-0.575408741475824,1.19000311535967,-19.6886708134519,999.999999999999
1.50130048170592,2.07234473425726,11.1584055115317,17.252342127052,0.715793501429421,14.1098021731633,1,-0.404880283886187,5.36698919940826,0.561035336458678,1.09508499059596,-0.297712520757126,1.00228070296468,0.553208369040574,0.928087298321797,0.58634836144998,3.14598001875711,0.0975421149241193,1.63041524416946
1.60076716757415,2.50445869284931,12.9715679383244,36.8261477618078,0.378974774498507,10.0527252869196,1,2.27344101232326,5.47750107755685,-0.168655357799585,2.00668572335479,0.75005523457264,1.36810665889704,-17.5147271009079,1000,0.187055041975568,1.40189043101811,0.865000974327854,2.04247219711776
1.26129684904139,1.32514980394776,12.220886338088,18.2130439740117,0.881068484055799,0.330774533978043,1,-0.80207570010676,1.62035832053295,1.13140792186276,0.848217109838205,0.563161262284449,0.734482145419589,0.092034583103699,2.80041080126578,0.48677343643585,0.599014887459035,0.542647654545319,1.34341876611097
0.639501075178451,0.766426262140867,7.69421261364114,8.52930134997202,0.352986955964117,2.05658412449414,1,-0.816110082772172,2.02200326574305,0.247628501193947,1.19692989454797,0.600262082820926,0.48540553177923,0.455786281727576,0.485734410846382,0.0716641737384615,1.29293674518093,0.703483333693235,0.732793733342868
1.80079613266454,2.01312485846044,12.6772706523094,16.771492857465,0.364443253387604,21.0287514704945,1,-0.465809176731191,5.37217539923093,0.484859624654128,2.69466859735723,0.759317712401053,2.2115917653816,-0.184031567224085,2.68431994345587,1.19084098474413,0.918461624317843,0.0575910423892888,1.14337469766032
0.213884543384207,2.64261763197107,35.3282200501019,278.185044521037,0.559699876819359,9.10441670863129,1,-1.73908974367443,6.76217677526604,0.774570873556408,4.6477966152807,0.702980860406455,2.17165225399859,-0.312825838264294,11.7743758031059,0.893834921161381,3.66423275603062,0.79052249443691,4.51614459309202
6.49939021376707,14.3051316331971,69.8697540542203,331.525855386108,0.989999926494441,0.0520022385797757,2,-6.0726810464012,18.9377134860621,2.00415895981173,2.50440410247243,1.83056797931348,2.35779709744422,1.05163807930415,2.42598995333154,1.75315430375834,2.41306340293762,1.83757189765989,2.57350333678154
3.81471480766083,2.32234741660735,16.0183691885342,21.4560042342594,0.954305679289192,0.112298890456915,1,-1.82462182632622,2.49487634469661,0.124316194413113,1.23622278651648,0.988656113941932,0.715379241315337,1.32767473526644,0.751985165698618,0.533372233850158,0.722088260983846,0.992608073631591,0.995886452986304
3.27095462833447,2.02562755822484,16.9417805490032,19.4147844064413,0.601940014890832,3.7888959587611,1,1.10456484915744,2.15826036288544,0.392737439977715,1.7706887166823,0.654237107816936,0.602203594447137,0.439281154520719,1.34484901200304,0.903629188064682,0.955021681266297,1.0076524114672,0.904326327707652
1.90631086547514,1.65821782226976,17.3889903247396,20.6801249269254,0.693765813164297,2.80846584980115,1,0.31171447195338,1.56316462602782,0.629764647169937,1.79843247759135,0.200366749255323,1.98685353706504,0.600557214442081,0.496645126942775,1.06754731677551,1.15045929350374,0.719777653069673,0.760179368685694
3.11163700533892,1.73843460718699,28.3109984285015,38.1343149131495,0.902757868932829,0.397853219245984,1,1.20710693635094,5.17949830336673,0.335215011950484,1.37270205956287,0.653469428171599,2.15108188405367,0.841608383548367,0.725366389786406,1.08609219532259,0.872813377570849,1.08104387959449,0.623627286715962
1.58365213175882,9.31072133953939,220.658554832844,1730.70437714842,0.743195790202054,10.9943806482538,1,2.0045824823549,17.8612199839558,-15.280222977295,999.99999999998,1.95444004732387,4.52507515431475,2.39649579805407,3.8405371762611,0.960217747274024,2.79563771121211,1.49079129798016,3.9367609748004
14.2473050018101,72.87720869586,403.243859508874,4157.43410112701,0.577652798269467,43.8197185784071,1,20.0042784374437,103.026763819106,2.31441615551732,4.60927289496693,2.99880953739195,5.58293480505072,2.76249169477228,4.71199541682277,2.08885463744476,5.32626159523892,2.6384316092681,5.11454576656274
3.17643164645863,5.79690451824909,8.53181242327094,31.2378475909068,0.71002609169463,15.3000401849562,1,5.1384460345162,10.8448474918254,0.193412568686157,2.18102236158179,0.16938774808721,1.86319776424603,0.81118849409725,1.4175271251006,-17.6802916260734,1000,0.372695454082225,4.86577320680874
2.7757077299033,1.78801751889224,23.4378300123294,26.1574338952205,0.950697961736886,0.120110946876843,1,-1.93633472951411,3.01802875219248,1.26546671987062,0.491792613302261,0.616094372913047,0.438809979693977,1.4245918562167,0.727670127507479,0.265648454992661,0.807549643375623,0.358446563021671,0.77020092029485
1.35736572262176,1.14818128425596,15.5171428777773,22.2247596519476,0.375401531418075,3.25312284047601,1,-0.426214663097955,2.0876903137267,0.531528920520465,1.44126879611348,1.06044631534393,0.809273295664987,-16.8216181321036,999.999999999999,1.0269517929687,0.776298594665203,0.892640533134828,0.948859922903172
1.88655041368557,8.12435406918106,25.1008708353311,205.50091369984,0.39998090521117,26.8855026797566,1,-0.0937817620766924,8.5783804234013,1.03280673885127,21.7141089766847,1.29876168018609,9.45223308398572,0.432406489065129,7.86966120448959,0.958556993842058,4.58377029334746,-17.8055240983864,999.999999999999
1.29652717181363,0.855222233772486,7.45164938520823,9.59229165706117,0.975267036230228,0.0697956951094583,1,-0.178536014676848,2.1605503438959,1.36936516525833,0.830410048630788,0.962125039915099,0.759000725132141,0.76969393244054,1.30743911886957,1.07103836507444,0.899848533600677,-0.31684730227767,1.25787469903572
3.42895420858495,7.9532943118055,27.1175966374786,103.429577363288,0.5003795918846,24.8327879810823,1,1.55829185868587,9.89373711033001,0.365672108689794,7.47775658805829,0.83382331954483,3.6287560007688,-0.540144855141694,3.423629554889,1.19410477011541,1.90983741025447,0.200198560899179,7.24787215330347
3.13098348020869,4.84463899619698,20.2602669765965,67.046844850706,0.919829972549169,0.451466081950471,1,0.764688855782363,1.16223878866484,0.419717550536723,2.21647272504872,0.518686908085935,1.69192028983425,1.0821672461943,2.28958385270256,0.478352511463281,1.66674045513968,1.63947534797066,1.70533732280435
3.93696673160367,5.51387545386626,42.6847263757139,164.490155689003,0.687686418585415,20.3152300067018,1,3.49907423567072,4.78108018795593,0.566929530847909,9.5964642333853,0.807338982855584,5.94189292123041,0.498368068925651,626.149302495924,0.632383850834612,439.868874145671,1.06005414499674,643.825712803983
4.39993234248244,3.5944544679806,74.9318945044259,132.747334281097,-0.38089286302476,1.24046001990681,1,0.119976449650186,2.56406127446045,1.54350114487295,0.879573566491667,1.64527744568367,0.914319390284523,1.62111513698074,1.03127185410418,1.33586872007319,1.59072254230085,2.07825054435922,1.3467049368337
1.90869845272485,1.39820494112649,6.87067840114493,9.81532564576972,0.62905282607946,3.61401800338407,1,0.0297006217974904,2.83680466479222,0.00836858933217152,2.72570805523719,-0.349560409314041,0.897973134957714,0.520029953659674,0.381358838211387,0.551584478763867,0.547575340188282,0.321931689314808,1.48687404158399
3.09835981804981,2.0159888911286,12.077483465413,14.4170174869785,0.0969393632447302,2.34840206860478,1,1.17779655237354,1.28613635055926,-0.0515714081684016,0.846149319037158,0.696533876185023,0.730931661570043,0.776977942090838,0.786256132794964,0.752413848939089,0.79575368991855,0.97568905263642,1.15109156244837
16.2782508634727,262.453359310361,2006.94692975524,62249.4240747465,0.264254977477055,128.103099917237,1,2.64666772968445,70.2627244229562,2.58296150170944,14.0645250132946,3.52535410489147,15.5799982913273,3.40035530459167,16.7351377795192,2.98451934638913,15.2622229128213,2.96531997262545,14.7670595612075
5.59778991845577,64.3614515571655,100.091871346791,2203.66273191089,0.594709737876289,67.4285475241578,1,3.00823867163862,50.3398460507176,0.677429224924737,32.7085273183609,-15.9164070941869,999.99999999998,1.07944500198088,8.37519082382495,1.95437922766237,10.597905771749,0.24443384468758,8.07952537953676
3.02886424948955,1.79660280126215,13.5648963279229,15.2503826443999,0.985763079951883,0.035778782428254,1,0.866207473560606,3.92274982285515,1.02001158701629,0.455267677288349,1.25284850095362,0.40365563703794,1.29664585555078,0.616706530149587,0.489333602850793,1.11345563307508,1.12247901565163,1.01526736613258
5.32967725533874,5.24425448698532,85.6017817925535,129.189594473468,0.989999973753805,0.036057260197689,2,5.56173329690135,19.3564699358185,0.457234887666628,4.20705709986813,1.46695338394913,0.938971492366596,1.98397414512017,1.02012318618695,1.08013473846252,1.09998977920785,1.79424583519406,1.10225879366075
4.87071667641682,17.535935541201,67.4504389897153,458.217299964889,0.74275752688781,53.0163313518099,1,3.6254886457081,15.7158374425413,0.939116381016999,8.96230497966041,1.16785652345888,3.22081473144497,1.13169757807574,6.62022545348789,1.87550879995576,2.99511619636447,-14.4177009644586,999.99999999999
2.9195818814563,2.60560623691288,25.4918432327717,63.5398238512002,0.673400322348426,8.32679045192277,1,0.780579610061865,8.0973945985905,0.583444314015577,2.62569401532165,0.767651492198335,4.54967563223415,0.924055956179296,1.5018039161626,1.19485561627587,1.32609268308276,0.984832947536439,1.19266410158938
2.45553172633966,2.19141721167562,30.6206439632909,47.2123522040958,0.324148817791809,4.8621775397903,1,-0.90872795330339,2.48915039464097,0.456595826391006,1.14859792026598,1.31215724997094,2.05878406728644,1.56321778935373,0.830291722457559,1.07281922357853,0.810047571382863,1.52653735061703,0.993809729483201
2.76013339963192,24.7672194832332,110.764610331797,1710.78997821081,0.278754399420392,85.914822669054,1,-2.13613955867606,9.33427733848738,0.526664767449842,29.2608884796386,0.42825294929914,28.1159700889164,0.59979509923184,7.81432706882614,1.40783273293986,7.3710134556964,0.865809250966526,16.8091476438217
0.602917995055186,1.37207727553143,14.2474398469153,17.8421185193418,0.863019468829878,0.966694694317415,1,-2.76662687793482,5.08418345863147,0.466250197400504,1.30007093095554,0.705825679908237,0.603925096993534,0.252257556221519,1.43882849972646,0.580962729169756,0.671582966439393,0.700050386774681,2.03394596248269
1.46862789682671,1.10366712857421,9.33468540498614,14.0423530291291,-0.265479143824388,1.15135810692713,1,-0.293351390341727,1.01319878006128,0.74928557405602,0.55360941385902,-0.219708738028621,1.51655101712397,1.45792604009797,0.795475110584947,0.951268108837134,0.843168826054655,1.04676334454073,0.697645361687585
5.25722299508276,29.7043471614997,197.053059077851,2159.8520968275,0.632186897957083,66.5963551160425,1,1.84259357826319,14.1160193685763,0.829630112766155,8.61650589209388,1.09674057159657,6.48906007117268,2.52700030272806,5.51462059423087,-16.8229145302317,999.999999999988,-16.8229145302317,999.999999999987
661.609140864128,630.865215914715,722147.860890822,1353047.22100087,0.0712573276963538,981.299299200855,3,-4.87021485061998,322.613524953438,5.73647579660238,1.69667180941909,5.33822988185323,1.99077739669261,5.86536956883226,1.25378500978082,6.13828565712849,1.25588617828078,5.24754724005918,1.31605837326488
3.41745203148348,2.8019918206371,11.2555983614697,20.5585530691401,0.509559789034799,3.93467647533151,1,2.14904336817587,1.58282681650438,0.216952749160967,2.33146736124085,1.2868393329819,0.99373618434002,0.231947217260677,1.3911521623912,0.905969301521294,0.97920208878588,0.587918011375415,1.49047011373463
-0.394258862916349,1.07222358774679,9.42396036307361,10.8851052214085,0.828209200600759,0.756234777514764,1,-1.60337572956222,2.8989296019189,0.736661863728691,0.443185266255252,0.671958459775885,0.687475857954782,0.783463213833662,0.735995372749187,0.648696773225952,0.807822480440332,-0.176077302001514,4.25904429444774
3.1461048208273,6.05424415343965,32.8903095181404,127.192467368077,0.469814506227939,9.67473747180969,1,0.979638694945517,2.79518082560704,0.228081119127192,3.92771661488492,0.453512198353242,1.58695497274923,0.742172841370204,1.24907376166646,0.449217007353287,4.56406402931273,1.61632841788707,2.25442634061276
2.98764696526483,3.58524553509723,16.6125881167599,37.3755339680876,0.799293493617364,0.985301940677991,1,1.94063678392706,3.06132304743897,0.0841993519078577,1.07702656742532,1.36162148788383,1.11950594025976,1.1233537672196,1.1989470709834,0.55111995477897,2.95381506145716,-0.0312377248756484,1.25450370390252
6.65021559455781,21.7389412451293,154.808436233203,926.44367913731,0.981251532104856,0.139654398932966,1,-4.26819497173381,11.9918864101419,2.02871785454351,3.12136135992048,2.08532445216957,3.39623260601286,1.05660929149137,2.28538217569345,1.56963370549541,2.79532268457492,2.09682281466127,3.38154497196158
3.08997782154895,5.70954138298924,23.4787831361287,87.6570991324089,0.966739133538066,0.159721326017943,1,-3.39034009146288,8.59209062778612,1.55219002520191,2.19033479268887,1.23778134293754,2.9668226601102,0.676906924337092,1.59739954109886,-18.1077697091109,1000,0.153829467904073,1.70931377832256
7.43647168645646,26.8033203469154,90.977259379899,678.961753769862,0.261785661697396,18.4492318000029,1,7.57287895892314,25.7923106602413,1.46374160028039,3.62859419960434,0.3486139936741,10.5612589509237,2.54000695280609,3.65292355149032,0.678863188358386,2.55237990489585,1.89768537568506,3.45260491708745
2.3452105888261,1.87438554643217,14.3630975978578,19.138233435104,0.299265174713991,2.17246219085385,1,-1.69451644400256,1.18181549020734,1.06151846568033,0.502659013164168,-0.726107275429759,1.45078982490904,0.839621648458248,0.748998913354609,-0.0234743403958886,1.46647432149358,0.929550871399993,0.984934805997432
3.85599795859065,4.95170393161203,47.2188309418785,166.338215258137,0.538485650823205,14.7069483206865,1,2.953561176703,7.11629614862513,0.944209275141557,2.76960198782262,-14.7126082055569,999.999999999963,1.55694457731392,2.07377518457698,0.333881308912939,1.80722994706649,1.14132577712425,1.89831337942894
10.3593663911381,27.3371776441583,136.378424285309,717.152191798474,0.282438096492818,13.6595484054834,1,0.86115603933685,2.83671369134884,2.31727839418928,2.66473683722878,1.96782754035607,2.52489781164638,0.574702940144917,2.73858864892859,1.31997108387396,3.17231680504072,-18.1502624846535,1000
5.96669720744237,7.05465549970359,97.3566176753101,204.261483664828,0.354431956549204,6.07826653585594,1,0.297678054739125,5.13757417755633,1.34411790164465,1.8097344698851,0.975632390026855,2.99974692359511,1.35521310230189,3.34136036126567,1.63011678988187,2.51546278250354,1.33753275669979,1.41006418010506
2.20003378026168,1.6425230313607,14.822362274892,21.7575342431146,0.891529882169968,0.309083875838287,1,-0.40612147007586,2.80284829686084,0.951167226516683,1.03404937132956,0.0910312442067455,1.41100726278105,1.18338577824726,1.10222518691135,1.39174841486898,1.15556684533269,-16.696229911103,1000
2.00480483289275,2.64663532016308,23.1233226743828,82.9741210781807,0.623895098221182,20.5210658279694,1,0.621523275873492,5.67777826972419,0.556181151692321,1.85980703733394,-0.197914721681832,2.56661170760998,0.993186677795031,3.16041016384385,0.908311004857021,1.71536557581101,1.25838289938828,2.04764980966567
4.54038902278361,5.45693134372685,22.9548647063281,59.1356942648053,-0.690086167468288,0.598791462255953,1,-0.931882479646959,5.45413453141848,1.12852121621165,2.31354256188432,1.41195939246417,1.81057583556928,1.59080128704034,1.32572357070748,0.468341280186351,1.14939835821268,1.4876818563808,1.49783787838049
1.88368239942644,1.67715562460815,7.67190841130598,10.5416818901265,0.535227196842751,5.31733931928386,1,-1.21062648972664,2.46300770324481,1.14339593666719,0.830813899229234,0.96765621978895,0.60318297928012,0.420547206615342,1.30243713037299,-18.7939999434337,1000,-18.7939999434337,1000
2.61405523833115,1.760820513504,17.1409322913235,20.7504743284557,0.81111176238842,1.1282807195263,1,0.883021824887106,2.0982371165172,0.960497739223933,0.612161876008182,-18.4107204973752,1000,0.725091867576812,0.730870427639965,-0.00356704716713453,1.93334620454909,0.620388024661303,1.50516312636569
3.75887108683389,5.07742061069438,50.3614317276495,118.07549450257,0.605250110532308,20.2839089325292,1,1.26575993866494,4.97118200585627,1.40076300737462,1.64591579315061,0.97456288278253,3.17587032591938,0.723217633655758,4.61537023697287,1.91607578463836,1.3097746421294,1.69327422254681,1.52605294901722
2.09684210956571,1.57310646251439,8.35863403478213,11.8391942551677,-0.154977267823853,1.36394511587781,1,1.17168816656042,1.61629092283251,0.852367854521706,0.829439514859452,0.205445628006799,0.72905350603626,0.985462305210254,0.675309716037587,-0.65249018743956,1.33964938034611,-0.490069208060925,1.3457784474038
1.88230562551039,2.47564485430929,10.6128720485079,26.5587646842647,0.983489943644877,0.0381055363062213,1,-0.857097304868675,3.35436473993905,-0.370331881286378,1.44001608358428,0.891235761744711,2.74390359544466,1.30734464483614,1.32106988109366,0.986774748058821,1.18494740699292,-0.219310235761081,1.7719940621559
9.84309676021995,53.8274532447243,164.449246889965,1578.73365949777,0.933124994830953,1.54311950103265,1,0.0740534275084325,15.1040266483469,1.17748458786289,3.01833076035235,1.56444478667196,8.70988941943371,2.32386493953536,5.24777315202377,2.24189432193358,4.99341516382202,1.59818615731828,4.46773524031365
1.83040536577572,1.55393960762275,16.8932012934782,18.6407726552503,0.518632381857712,1.93202857225116,1,-0.923285823628072,2.43033555371867,0.777155359209139,1.08750647560288,1.2345831552748,0.836202580902711,1.0977040447802,0.676042638764642,0.213910190723844,0.520856854843963,1.06702038292606,0.963058915556042
2.50676564259716,1.04432200694795,15.6822925464443,18.5010733275046,0.745279304496183,3.81749995691726,1,-0.0439613674156705,4.43845337643913,0.756672672735251,1.1243652649247,0.777717484297572,2.24070441788909,0.791563970997905,0.662135416155597,0.170717064342743,0.617352117017015,1.3026044683868,0.508002419144379
3.80370342131452,5.53441575475638,24.0475837653554,60.3659227516998,0.592453903013204,8.21323384634917,1,1.22169944969059,4.81409391049471,-0.361909426248305,3.11580228649824,1.06758829207712,1.33561942833411,-0.00876638111123358,2.44407943955603,1.07773171507821,2.70677278552733,1.23394370619311,1.48676208822017
3.62105899235854,7.7181395005436,32.769712526205,143.758789593438,-0.812905882202047,0.89382456863064,1,2.28303077521781,5.60579755290293,0.99291710834723,2.29652503658298,1.35196061474354,1.98730293463113,0.908516179177951,1.79698243714295,1.43523987566799,1.93010343574918,1.8937243143092,2.34434295020007
0.934396150968458,0.638995417767316,5.17502081872435,3.27536181123758,0.623937960314107,1.75687473244192,1,-0.506537096089562,1.39779272097708,0.780094668391951,0.440253561262351,1.01505017266665,0.528370045524118,1.19831812826182,0.439735970248447,-0.313647839320109,0.694394004099472,0.762424881964517,0.347824404006445
1.64471156499465,2.53041103589983,31.9097629916727,59.7707891938415,0.989999976047162,0.0290961682045326,2,0.561311281748481,5.45610685922388,1.27442743954211,1.04723216014818,1.50206463950618,0.936964094403922,0.441302006535013,1.41322480705848,1.47565145258905,1.10689420288061,0.308189472046049,2.8115191431158
2.25825415071789,1.62023241047849,20.0562200541404,26.7002111639678,0.640878327632599,4.99740744762757,1,-1.52756154073572,2.81452234447882,0.473143637821284,1.61578928720122,1.69049063113037,0.566547883391808,0.404687258131667,0.706814415825861,1.03201028630074,0.746629294149564,1.30251260074674,0.617098599515766
0.72669062795952,1.06889776483004,8.30747844486832,14.0293511771292,0.152071475116745,3.05992545172535,1,-0.484592653432332,2.87493155402003,-0.276159720218919,1.23654835702041,0.932865916437545,1.56247613915262,-0.374010090253295,2.11167958072399,0.353714265941576,1.98205030327718,0.173019121806286,1.02846925671304
2.39260744693696,1.1595983182042,12.8002020105613,12.0896807281807,0.936081981089858,0.0959893455718299,1,0.0655678870252824,1.78012337245002,0.55514585821613,0.478303255108213,0.78834522943241,0.834413795554286,0.604664861015502,0.703093143464078,0.719259094269005,0.757112294824461,0.70013349806525,0.926603325098113
2.38437826458803,1.64589281510374,6.87346332342248,10.5532753741314,0.952250017014548,0.124263532437966,1,0.0283688284210194,2.84039265864627,1.04305033379864,1.34151750737487,0.758179471626692,0.62564238624867,0.582039999657424,0.740157491527118,1.2625943239756,0.643211249184122,0.791273637281193,1.30314253106004
0.938581746166181,0.864257793414981,10.1480350090606,14.9850863653826,0.682823210554161,1.3399735525274,1,-1.02668444426337,1.92310004844859,0.679187155203511,1.28677736059979,1.00209133694726,0.440341874904998,0.129129194319722,0.757039481100946,0.473062425273118,1.6286437188055,-17.7979217694467,1000
2.47621372217192,1.93465312109662,36.016485791356,35.5258774790274,0.843934909528866,0.605669635124984,1,-2.45441725810438,2.17410541550371,1.80510929245525,0.542475514349744,-0.111054309405014,3.83137266582798,1.27006663319932,0.495829789572291,0.0461169097701386,4.53051901625681,1.04401152692484,3.54075571537833
1.22738431192822,0.712510717918174,5.43662961177946,8.24586992018014,0.710512489923532,1.42922647173708,1,-2.45126094679214,4.31810595578881,0.254354067904959,1.23915730269852,1.09423650706389,0.669601729183408,0.658310488516303,0.69968040072106,1.27834156236707,0.601533176899808,0.260945191542847,1.4124631557492
1.84062656911816,2.23674462433455,17.8798284038371,40.1613762098266,-0.0853003021330403,2.11860589198743,1,-2.50778275337542,3.89458591359127,1.68885119182523,1.08885138374362,0.579563837034257,1.21124494070508,-16.9055508809119,1000,1.02186284418937,1.39571964789925,1.32916405993441,1.2940282710895
3.83315067035332,3.17710424425225,39.5346292723736,70.6443413215557,0.603979936546365,7.78146080480253,1,-2.72681371680065,5.50047633764627,1.56368962829216,0.878765114869807,0.121263387332257,1.5361299887356,0.822145035117685,2.08025452291184,2.02538574402833,0.819617645223442,1.43041495689269,0.891345701630681
1.8188975986301,9.3332154511988,83.4591973462012,694.267132463741,0.974886361759236,0.286646830763053,1,-2.6064771346538,10.4224863696015,0.971558853706511,4.48689958961276,1.09088065629573,4.16357058192687,1.43324067002736,4.2949324337862,2.14717383528782,4.79870822369802,1.60394693207113,4.12354481448509
0.224333588407721,1.63565750738538,38.255378656831,107.160586075741,-0.201980651925455,7.24236207979373,1,-1.74195659239802,2.29983372205832,1.30837317810434,2.46436595988477,-0.208347212606362,12.0317726361392,1.58235791954695,1.93714550551574,-0.250680548743733,1.96720477817113,1.30871051558347,1.37547111147426
4.99050205080512,8.70159812387522,36.5177771919266,157.459097814892,0.360822153480037,33.5720967224936,1,2.22839473157191,11.759870373561,0.812090439318711,2.2023638185401,0.999644091931043,4.21568584337663,1.24487818041915,1.81996412220272,0.68791531339828,5.82528265196349,1.48742728580752,2.17516895064008
2.56478813086169,3.8828174821328,49.3500661761965,76.6861516279393,0.526957688759041,17.8539173100173,1,0.696183334831362,7.58567383848621,-15.0163866472567,999.999999999967,0.760013785373002,4.49155482888457,0.363049698625462,1.25537465184518,1.22162581840093,2.39864443994591,-15.9684626479703,999.999999999958
4.61706715660242,7.72764191732706,118.175959569656,443.703944385039,-0.192871149227699,4.19964657498023,1,0.785135378306236,9.96358037624661,-16.5061827734142,999.999999999998,2.2077670375345,1.84221602128548,1.29409939583943,2.63498005883342,0.929218854293603,2.47070962072634,1.56886628242378,1.90352295192135
44.7317134599127,564.411224981186,4414.97713089828,109654.241420206,-0.961041890323307,0.849237338543776,1,-1.16583377753612,41.9245266313235,3.57968699401933,11.7064741642864,3.24314956135712,12.6651374869921,3.65546797616306,12.2353778569379,1.85253382442214,15.8705545548752,2.17994887630384,12.4413544292466
1.29776325968005,0.969234161663419,14.4929622923192,15.3093064140714,0.648373314540469,4.22021290414445,1,2.74012898556264,1.75469042933841,-16.9038505548292,1000,0.956864645476839,0.547168705735496,0.34875621990036,0.93870018531644,0.994588492195465,0.500349220077973,0.76319073194585,0.638611097449953
2.19510137804487,1.80903548760097,7.22306073555652,10.9687119740349,0.308368748459039,3.17430318268591,1,0.889288743330674,2.5242904035868,-19.1603041828768,1000,1.47297431652554,0.831575702958519,0.332788719084844,1.02091723114578,0.477001336361088,0.968506554725666,-0.28688323649513,1.14326555674859
3.44381628211431,2.06067858034187,6.34138932455,10.1524368231831,0.984713140123266,0.0204781869010371,1,0.602793006950989,2.42280286454224,1.09703083119834,0.669161725635289,0.831606565912804,1.01087620327705,1.19428465557947,0.718229911263411,1.04389440118878,0.898313066293661,0.447852194165586,1.01771896666949
1.01855882853928,2.17058387525944,13.2166622737973,17.4351843319255,0.49348794317313,6.14133604753065,1,-2.25505090411986,7.7843021886383,0.926881357378855,0.920241120381414,0.452280054828266,2.86940237493854,0.834728305563068,1.94861735384212,1.03710659337293,1.38775007071058,0.290345771409212,1.09061945500765
2.95256796691788,3.74311585298919,34.0880391253684,86.3034833311997,-0.341059411829215,1.79449822191005,1,1.54567988108295,2.41321762916267,1.04246801032085,1.75981242303505,0.0739317876652017,1.39708326454556,1.44846297055678,1.29841660511733,1.30004693287287,1.64928506327599,-18.6304029570048,1000
2.57622708390838,4.69141989082311,17.6335733773243,63.8018337233668,0.989999941838488,0.059828182506378,3,0.133013894828603,9.60925124668051,0.916890450465097,1.18136056822352,0.949997624335535,1.93689488438183,1.30060587460612,1.78778791030548,0.425132074580584,2.18493393214901,0.749774117556022,2.25292374932758
2.03166408573124,2.10040950024817,8.61504373998673,18.0775382429099,0.479005812279148,5.03683253130141,1,2.64789425865358,2.63011849008723,1.08671200408184,0.974042737694535,-0.051082396773281,1.71372355520987,-0.106462731324848,2.54586483596692,1.05952512097426,1.03708284084749,1.18810766845041,1.6171920994162
2.06054913561933,1.64398572531638,13.5117187721805,19.6452226387876,0.955760549828859,0.0852516153628962,1,-1.73163342755811,2.71717497589965,0.992083251894691,0.778887078664262,0.746072258911828,1.15835287306035,1.03654086635298,0.913420031038607,0.653820452884528,0.801478930978106,0.330429865756785,0.820134507856239
2.45793068176806,1.61905476922087,15.4791638426554,19.8921355766126,0.744172903700555,1.8152206030689,1,-2.61783280497844,2.44368135757538,1.12777006492763,0.611282439460192,1.04869708291265,1.43143871061838,0.900094065955532,0.917882377092644,0.87806570296913,0.988053136726543,1.3922119292899,0.898836414552016
2.30332932687964,3.4358353292096,27.1093616995428,89.8316366956663,0.527909886446759,8.01100101193581,1,0.301288551873853,4.65522558763724,0.961149703721389,2.44149319039342,1.58487881912906,1.41557388410737,0.35305033228773,1.60751230601929,-17.5008293005959,1000,1.34890305549849,1.91779217634949
0.610662012072005,3.4072173286453,31.2851480265267,120.375135595034,0.0856916507125039,20.9036009273197,1,0.850149900227625,11.7397990506352,1.02572811584427,3.42745046995277,-0.127199332686009,12.0367494862989,0.725808351911675,1.82047210894676,0.965628661618624,2.51066614453462,0.407491060587136,2.44431388975648
1.58447311121775,5.35872235860016,18.5313986018114,110.188813603704,0.799501423157139,1.71894141237827,1,-0.131212048580446,2.44142008490436,0.65511734851188,3.72690373486784,1.15182355227702,2.96623101261037,0.851556982736029,2.17111996934507,-18.7289352708293,1000,0.816887923810934,4.81522069005372
2.60037925390069,7.7179824056221,35.3708378116953,142.862187493877,0.320593251393211,19.7611393034103,1,-0.473247757320529,7.95818126120676,0.491964658707085,4.48998268069393,1.24794203606282,3.36607744634385,1.37562719227871,3.4236610247816,0.753390510160601,2.85335977954331,0.714293050780313,2.3596914452354
3.13931619103964,4.44195486506349,47.2997112781356,133.617494275204,-0.554376548272362,2.39391217915489,1,0.911678080334734,6.99252063757064,1.33773413963184,1.78707000857043,0.843142678970032,2.75694359933372,1.01903261971003,13.5971313006397,0.267017386236922,1.68340680948495,1.14092723326047,10.1229834397489
8.860478509571,29.0269284651443,209.779667675034,1395.67603989817,0.320124914374108,21.5300542802756,1,5.63852387434066,19.5398932266383,1.59954884413689,3.43461751981958,1.49870960043638,3.84917224159352,2.30073163508372,3.66749689778083,2.1828475116176,3.42980679948986,1.57270645424446,3.04839986536896
4.61506341066132,16.6822572141252,124.425572718436,858.183039691427,0.153711341959965,15.5329422785755,1,1.74744279132579,27.4247753089626,0.927811902246873,10.994176943422,1.62190232199833,3.65682476622928,1.77884100619235,3.10993846688961,1.04194110471586,5.55224301644397,1.98855377559301,3.27238666322645
2.88683873836266,2.05299218818255,34.7459237210352,47.8223364719983,0.533344750627654,9.63981617395306,1,0.551844128007636,1.40700991299824,1.14477131485314,0.515779738713791,1.06891239054834,3.87851853263735,1.34177293162763,2.31777686872447,1.38683173228802,0.692090375420805,-17.7276285648727,1000
3.51692574591639,8.98890742420423,20.9862530170041,110.374778465628,0.488790152602077,66.3241115470967,1,1.50150023507872,7.89862849178095,-0.15002760451514,5.7218280831041,0.62114690259298,21.7116689769742,0.148435681302594,4.093452753813,-0.406992551019947,23.129286456192,1.0329923460041,7.82249926635826
2.40583530575393,2.69599720417183,17.7342974681613,35.7888303820077,0.445340429418388,5.43595045065255,1,0.586867627464199,1.51177342012997,0.22787179001507,0.644606527343248,0.747497120725592,1.03399466461586,0.813862784517892,0.738198152248453,1.1863912124706,1.81878011257825,1.25669070509294,1.27223619930648
2.5615449217353,1.95226604151406,18.0591583063051,26.358040025222,0.890758811128333,0.314717101287836,1,0.668783613894249,1.33274796933801,0.201082314368031,1.62348509880034,0.64324695191878,2.00332512290446,0.992120522613063,0.857220400207862,0.49127769691669,0.778348742002177,1.15579617589527,0.826421318118165
2.27699633780146,53.5266981828558,128.973619496115,5646.16192489687,0.563678683255413,27.5224255479193,1,-1.92654060923147,36.7629663429213,0.565924456125288,27.6652343162394,1.48661847848341,20.2121120537076,0.399512235643587,24.088409990149,0.943804918207071,854.898009645513,1.4425464526329,519.836654164466
1.44227003918667,1.13353412198311,14.977512799018,28.9878611750039,0.437922023524622,8.34880496905934,1,0.781080921364022,4.13145125019315,0.908539485284814,2.17125147147914,-0.104992459764992,0.922316860493337,1.06970943380112,1.13397942066685,0.747102010092283,2.0084139525221,-0.0293378496559209,1.54844528452434
1.58870457125834,1.85403943034344,39.8815221276055,59.8939794177214,0.534254975364572,12.5681539236178,1,0.659643995086589,2.73006642261119,-0.134109639595975,1.84652750022122,1.23154260833947,0.825317621577719,0.0493284281885619,1.24596509335206,1.64655428518421,0.953140732443965,-17.4506668435101,1000
3.36560982245333,2.89186941123699,15.8101376977784,26.1694240656898,-0.128834370391187,2.53150103682537,1,0.390004992979276,1.44554737237292,1.01136147817546,1.1034810599838,0.0441143412277813,0.768523195912249,0.986636609731608,0.781541041223808,1.17935998977391,1.4064115163381,0.521950903809964,1.25240412793367
3.49280371633673,7.81637689314321,25.2941112123036,104.846606118311,0.548326897711886,9.39807135169191,1,1.53937237532596,6.57556180108361,-17.441151301962,1000,1.10343200052051,1.61743032150234,0.881567653121552,1.95492338990454,0.0509734690090279,4.84180263173594,0.93026100725014,1.96875152064424
0.455681865754575,0.915599497577161,10.4911736616022,13.2675748390443,0.837512179150574,0.669463609775205,1,-2.69795854291899,2.51376986605955,0.506794182251028,0.873900510467354,0.728348748869992,1.07535441430086,0.732617940558631,0.925773928176328,-1.03170932247863,1.84120839939983,-0.103583746805664,1.14421678966935
4.38970162749165,12.84389826411,44.3729937359349,250.650470032082,0.989999954787125,0.0790456865641009,2,3.17890520770402,12.292703820553,0.874008762356553,2.29154565845296,0.890604361632792,3.06877336844932,1.98196258735887,2.64917452881538,1.12837455089441,2.93228124674688,0.29790892195354,4.12964604892099
2.30082753697148,2.47741775397586,10.1876821522997,22.3355294783725,0.982232085024072,0.0419709415464584,1,0.730832978717796,3.02484976420298,0.146251374071729,1.63064842634998,0.486395282717671,1.51956904348806,1.42830710719159,0.958654999495101,1.09809615384674,1.39177206049167,0.147948747115027,1.38930057398018
2.45495360236759,3.15293482265759,53.3597956126992,110.521093265112,0.390421885402657,8.2703027625422,1,-0.0112223036999308,2.70590548656574,0.790570932360157,10.5902611600589,0.93592186122557,6.50462456381248,1.49287603101448,1.03213002316461,0.842434711186828,1.18014569662543,0.290452526915397,1.22209352761608
1.33553983762817,1.62932582573539,12.3665377166573,20.2470003733629,0.573238741042092,7.62378572282168,1,-1.04624499835665,1.80877303599592,0.995634815674273,1.08479794170368,0.631726683177375,0.677370218807097,1.25948065775659,1.62809413865208,0.219279585898859,0.67659735022684,1.28606582215208,0.980828862567881
0.678749001323172,0.897819113107326,4.81517327656962,9.01093569951865,0.929439543689368,0.219070061168906,1,-2.32074205189419,2.59917114126019,0.824929945276014,0.884478658558949,0.348955765213393,1.18604663071067,1.31205099109628,0.929059573117312,0.0366987291818467,1.62357171819742,-0.354352895010837,1.34593302783566
1.78251570232918,1.13812308951323,6.36994567257514,6.96140752235638,0.499625730795351,2.41198724661412,1,0.512413794523885,1.58597094260941,0.0719390692390653,0.822180140711743,0.854450323885067,0.735080817708999,0.896248547701949,0.571517994006816,1.16767301018544,0.890564502728889,0.828543767675285,0.960811378823528
2.45152184010314,1.21575429564764,9.05334273648164,10.2061903664035,0.367477160667758,2.70892768921903,1,1.3264515039247,1.85484000282608,0.734808858229365,0.670602566263698,-0.0200710830986488,0.81944215962936,0.89479123720503,1.31825151757755,0.713724670810629,1.18608664091662,0.713592033583145,0.954424841878169
10.0804409504454,27.3862190460737,55.9583152208093,300.452247882377,0.989999967053304,0.0751312458858984,2,6.2361653796686,18.6222518774324,1.0385820989377,3.12052024576067,1.36676798519468,3.78084233013283,1.52178758251999,4.37341846068361,0.760140731284357,2.94622104277246,1.91957484600853,3.28558921523374
3.70929109341873,6.55517155038098,71.7644448733712,255.483762648567,0.988410533846907,0.0779782008781854,1,-2.49171892930668,10.0254919117558,1.30213907685166,5.97214650674349,0.970974171589046,2.47199612376088,2.15617780912386,2.02007205083067,0.952011734774481,2.37683431831834,1.00619619717568,3.74293329474875
5.05143490412613,3.48664999837878,22.7512060575611,29.6599765327286,0.755584123762093,1.91335361158285,1,0.838817307338162,3.9471132234892,0.482275476324391,1.82575017906753,1.38866493716133,1.26811849476897,0.165819460709084,1.17915454613893,1.34046261806687,0.799268164914284,1.21253883769477,0.615851241375357
0.508557546640841,0.761392875942962,6.07767936209737,7.21844989871215,0.868895875635077,0.461754523087498,1,-0.767783798964717,2.60318748491297,0.741975381491214,1.02737700053732,0.22997709905179,0.781513221092511,0.900878498814575,0.621216831575427,-16.9937148475272,999.999999999999,0.517724975308473,0.96439606144112
2.87071479519381,6.56411671842446,16.3067115422485,63.2446194999694,0.453181448861347,9.39956410991947,1,-0.842552033889542,5.8705078131989,0.00501219913068939,2.25906538771224,0.926422603296994,3.31003918215925,0.615546865431079,2.90784748165601,1.00192008438264,2.00734247024766,0.506759149770027,1.56355236105972
1.00300843735551,1.60389886627224,0.815355286165846,2.82998992050001,0.989999977487011,0.0256033103922449,2,-0.519343540305642,3.50621468628632,0.802549841790843,1.3121051017077,-1.1987496050766,3.4531972637547,-5.86998061236764,999.994834852382,0.943165409250314,1.1431728485948,-0.013419860247579,1.07891490659081
2.88484688998084,1.33749650330352,9.32425225534356,8.89220940622137,-0.13779698173211,1.30986870402739,1,1.48118090254201,1.90949784650357,-0.537050106197976,1.8605330292424,0.742836690817106,0.648025112638786,0.821343128994364,0.523474990326615,1.26828019001052,1.68315729500425,1.17205761105832,1.18150233388125
2.28018839378351,2.41582192275649,14.3470170584635,22.8616225996282,0.24517708882683,2.94428703265217,1,2.38579233282974,4.08372369681544,0.574368737455685,0.884238290784638,0.222608067151407,1.01110775450044,0.996218230310315,1.4234058873296,-17.6656343967826,1000,0.497266002000288,1.35654415369669
1.53333689875311,1.34399359501197,1.68417049403203,3.25134072587175,0.983045166192115,0.0202159205735914,1,-2.39884677642879,2.70757291073816,0.244114248596221,0.908588816372511,0.701872775840828,0.984848505794676,1.16026373823003,0.656947101682388,0.254778231614771,0.660414621125547,0.6307094089153,1.01847736342651
4.84883238867884,5.23132776925127,9.54649907458234,18.1918674370889,0.989999970302899,0.0360939138208256,2,2.94876545063587,6.07454268712323,0.902697449802384,1.71158222548179,0.8931623125517,2.95994890935022,1.10525463476621,3.80849082917538,0.431878935853875,1.17611988719439,1.42106663439781,1.04899109786523
0.104626879718066,2.11095301815798,41.4501331830407,64.2669490574907,0.476417675994247,11.0337734625428,1,-0.562874731300983,3.96744442322531,1.19151177907287,1.12724757496061,1.00795726860121,1.21747519606703,0.945341967746419,1.88854586559455,-18.2757222398254,1000,1.25766623151253,1.14619098440314
3.2322017614841,2.66601432572572,18.659788837021,31.2653268384601,0.982053012220444,0.072336882131817,1,-3.59731215406105,6.02555033651825,1.15437155931061,0.764859096223942,1.21162967232914,1.2283223188839,-0.260739943384189,1.42130454198083,0.574287323931979,1.66767141040884,0.473511996679711,2.05151659919016
2.01262591061156,1.5683319967374,20.1895343077523,27.2521959007814,0.86565045211329,1.20498270418736,1,-5.72505778376067,6.24735527158858,1.01048209472988,1.68191008946427,1.36948431544173,0.846014984158865,1.66436461173771,0.85799883374915,0.802248456998242,0.675781105342515,0.307196246744145,0.87615070922637
1.86099816155773,2.11354319002572,20.3126533681158,24.5950395007118,0.638760547337518,3.31107542490846,1,0.408107926065174,2.29543007410804,1.05913279727146,0.72601427211006,-0.0674791530138513,2.44544064356624,0.818731239298627,0.567229081241649,0.233107954492464,0.980978984866856,0.917923056579649,0.751718793008776
71.143242626265,469.319461818353,17424.0131400266,229585.581441227,0.42750227559577,641.520647356843,3,23.5279044394546,196.386983342376,3.62502376373176,7.48858451920136,4.37212569570697,6.58396844347152,4.08879761545387,6.72252337760227,3.77591590035748,6.66712113405846,3.34913014252695,6.66616483877424
1.54526437746947,2.90252011800516,13.2264746568226,39.4703157037244,-0.714574385634558,0.81161454492018,1,1.29986618587988,3.85881750849262,0.797444619806598,1.24890386799498,0.916864087206592,1.87719690866116,0.554829482045218,1.5088803111773,1.48935744106942,1.61297854155453,1.23989764089788,1.64171754050801
3.53222912871317,4.253999128579,23.6799684028442,60.9874891303544,0.343602627413245,7.16517387286621,1,0.161277556119905,3.30522011202992,0.514936532774584,2.79009582869022,1.13187215516472,1.22151170607344,1.58620264366124,1.48029455123174,-14.2817754085892,999.999999999984,1.53950477710677,1.2118658629912
1.89365929906008,2.17362663516522,21.8097761728114,39.4675930255858,0.792833288801552,1.10330848390857,1,-0.866704089452346,2.48050518195895,0.358623227977875,1.62126788814865,1.30340229849465,1.2102502957063,1.0648523987927,0.609996864615824,-17.5119821790786,999.999999999999,1.73239315015574,1.14397699392273
2.16426573339827,1.20365465435687,11.5990441721326,13.2667047454714,0.899500733236296,0.230900660049959,1,-1.71460005158008,1.82033398112254,0.682316309057224,0.781991727208613,0.821939214358677,0.750810882248175,0.162461640589804,0.756725239594824,0.573888604909898,0.711145628941998,0.608811186395052,1.06342446045235
1.62380593345218,1.4488837694559,16.7696751979409,29.4714667962355,0.989999865338892,0.0308354937172914,2,0.0867531271673467,4.54047645643975,0.0264958834102688,1.575882454454,1.38284925807172,1.10568644473935,1.45876544855455,0.778141438541162,0.805804073586765,1.70012696842342,0.242628569916801,1.4051412729342
1.03677225166498,0.881079664358275,4.7427398219472,7.37760248323263,0.960913232252509,0.129022404445595,1,-0.737227850489784,2.98213489843508,1.14246808355513,0.856777992829863,0.346258166352774,5.77137419134352,0.0140619520145784,2.93882916190818,0.725003794248695,5.5564391185466,-18.9931830861219,1000
2.30032949425839,1.66552568369517,15.9222174892314,29.6476039262646,0.438385937519925,6.8089212973485,1,1.78910688827245,3.19210636352609,1.06593920430602,0.627307127278353,0.604686380117641,11.4300623487753,1.23027101697672,9.58550760837857,0.57521560695635,10.033369625131,-14.3816456210995,999.999999999991
1.42156990525043,1.36173880755235,11.1934850628783,15.6104002559584,0.829400946604703,1.20452504168642,1,-0.327910612963351,3.31759954960727,1.14426787263277,0.805148158823176,0.900851291573908,1.07760796099385,0.279919730525191,726.225985389018,0.334783767737753,687.456469291603,-19.0318295313624,1000
1.50646698121539,2.41437939372317,23.21258015492,64.9817541385442,0.526728474962373,6.61961829059882,1,-0.120700365655281,3.45672620655641,-18.5231361412038,1000,1.09128569385502,1.64547014798408,0.251963252269665,1.04595863750051,1.04327328342737,1.65444224298696,0.599334961233945,2.14997442293836
5.82906960989073,5.80693363722407,41.7733658800212,62.0910949714224,0.47420011469476,7.6478009584212,1,2.38025025903163,14.0739214543952,1.08243557773761,3.88688635971159,1.03034741686926,0.602519818596783,1.2687812057865,1.31177080558463,2.07526162867075,1.01677045114703,1.48232762512344,1.01671721969777
3.31143632667372,6.50636415802943,34.564839703911,136.460499325187,0.908422690031211,1.46296725630889,1,-1.14531145647578,6.77709345622692,0.386470122756665,3.74289698683526,1.24055634798256,1.23276388664028,1.44556671195707,5.07725879417205,0.3298203059247,2.58053411434191,0.917610278311889,2.13922705397396
3.42624178936273,2.68190014940326,12.3573480821057,18.1869797112008,-0.328861313175092,1.23927795183213,1,1.12584283287317,4.50087327483898,-0.166733359519206,2.57590029038975,0.500124464931322,1.68540150112092,0.459491251827676,1.00742215483707,0.984680099996422,0.775847880881544,0.83575946699651,1.13600239594031
2.26803825443695,2.73539509775006,15.7207258502946,35.4828000439691,0.990000006908089,0.0312421942429364,3,0.059332668815848,4.8082208048324,1.43140198975198,1.28598412991416,0.474312061221545,2.97180555625524,-0.240412973245245,8.23684624342339,2.10268888554912,1.2137127795924,-0.400272925291906,5.22292852601191
7.40525081987453,17.365036670415,294.066779656641,1073.67138610594,0.539830487611598,41.8834359904135,1,0.0501958410575356,16.9081832782378,2.06699200782531,2.07220190744749,2.56667863025724,2.12481109355957,1.31490189151475,2.71876642997772,2.1194623723384,3.2418930442841,1.45011067329506,2.11899904596462
3.20113351296017,3.44115110789943,33.532599787663,84.5559943912573,0.702764112545231,9.65117639147493,1,-1.78470526488324,6.38990138990487,1.12484692968208,1.24748107569065,1.44841627778527,1.22432983922468,1.26379173932609,2.1826510520496,1.39460840987211,1.26270364338008,0.547719151753526,1.10375491349068
1.59578136452162,1.27770681088885,7.88940664486472,12.722683993484,0.139969803492939,2.89550464529998,1,0.11738090900949,2.25217345785693,0.404529062154211,1.40581609629266,0.717776713648879,0.912930706890773,-0.771221870368332,1.8669833623305,0.932054633089594,1.30499359973676,0.329706161354332,1.3237645682851
1.84934640342087,3.28300987661442,45.943881511273,122.335036268375,0.617954492928725,5.36367124482623,1,-2.21955471782849,4.50378445817417,1.0903108555661,1.30416570816479,0.547476346551513,1.99176690680261,1.58563670978063,1.5533490570849,0.86973577110355,1.46729999547277,0.358672458074058,1.62945397976292
4.63527862222678,12.4773345123593,93.5162039318279,492.253686305943,0.643930838038442,5.19727828178943,1,-1.24331941022858,5.89904170447748,1.41616395034802,1.53892166534602,-0.291777957222536,13.6956023872272,0.032845975772086,3.14972112898135,1.76244731750128,5.2883562752001,1.6509348699453,2.76119967822999
3.049883166427,3.48146192303099,109.701331950409,230.119214733868,0.463869915606404,8.94799688529293,1,0.531036865501216,6.53985270948325,1.76125660319407,1.20539298200926,1.36138346699429,2.14778156968745,2.10429919273345,1.1592289180148,0.805896788935754,1.85561351831636,1.58754095308335,0.96875865213919
1.2375475829634,1.23181754030391,12.7947696939395,21.3718200408919,0.421041138932466,3.79988440222096,1,-1.04277047089675,2.17091622957472,0.792059460162742,0.883204216556956,0.936556210197209,1.17697088609218,0.547881248017929,0.812665846908237,0.904258657050988,1.30202321875805,-0.296608331531225,1.53249633357924
0.986028499274917,1.26838234605545,16.4160135175876,33.0331800096451,0.883217360789274,0.817832060489134,1,-2.60928843535073,3.52368384991424,0.838689173748152,2.48601800177967,0.583341809121282,1.30737525417719,1.31992077000774,0.773889953142361,1.72094749991244,1.06760881348872,1.76635600310493,1.00852448933293
21.6466446365132,189.403794397877,999.713013517674,18013.8867450325,-0.989999943094574,0.15160407096105,2,-12.8829386857749,155.177028804728,3.14232264246301,10.6593440799861,2.65341407555184,8.48406260394963,2.30618885199131,8.10111973024901,2.36956876045001,8.88239699716611,2.49851483941479,7.97968728268541
3.55667611162091,3.15996682831937,59.9393618038697,130.077830398612,-0.596825312438261,0.657621206382998,1,0.133834126655084,7.10643807702238,0.427790262955184,4.86987618506957,1.31138265554786,0.979831481775487,1.78189129335499,0.833389902375774,-0.200506551125125,1.47133994408739,1.79893095107953,0.994177262429532
11.8505746767996,99.5277344794259,485.319755347307,7558.63942054231,0.680210294974191,58.0697740458442,1,4.98213376798056,65.0672990378451,2.0851687593892,6.42914919267392,2.13461030665574,8.82545959753386,-13.9128649512335,999.999999988264,2.19909171081839,8.50622566326886,1.61289888420473,10.355545583849
1.138696376009,0.8994419160783,9.54709546513407,15.6381138533087,0.864691367486952,0.257070557201771,1,-1.72651519418509,2.2949844529948,0.497479889861983,0.529032538566125,0.158174422633038,1.40017067715267,0.661703821785793,0.770420675436377,0.864148278144159,0.825911662686423,-0.674149695012507,1.15563591745033
7.98370442985222,23.1205463810128,54.8766959838078,328.193670836573,0.989999978006313,0.0680682752525149,3,7.62582325168733,20.195422591422,1.61243915467518,4.63613350735988,1.16771262953461,4.53319677634563,0.902704417698322,2.80653308375402,1.98896958855296,3.41575977691547,1.48288989364887,2.62435126020713
1.43143010214938,2.38093856881581,11.5646262918811,33.0769007100386,0.764922534898954,1.56866756387827,1,-0.621777877240712,2.4764811115762,0.721537249063805,1.13315442575172,0.170979345253728,1.64720727553273,0.0169619263896729,3.27911971821507,0.378506603871672,2.1733522765659,0.437064062331007,1.38366300267838
5.71432750784414,36.6390285934643,72.1326940582874,950.326954419933,0.548792855461651,37.4560342117164,1,0.156184140635057,12.3274725106075,1.55150991191329,5.45746110988745,0.297521639258768,16.4856689259971,0.317726222915111,7.66201463440115,0.937896142155621,8.02109333149444,1.3732964679924,4.90839816230079
2.68261314117955,4.46349483898667,12.6619953723735,51.6880598912244,0.686729141209365,4.50797838551433,1,-0.224493981221929,6.42963040659115,-0.109593160946388,3.3070120127918,0.394175959954542,1.75946528766172,1.0518427480074,3.41778510100653,0.464744356965104,1.32303724903588,1.05076201741903,1.79483091009804
3.19809092610949,3.38883043829123,15.7158496362876,24.3307392547955,0.436132755143486,5.18093757987219,1,1.47203848923695,6.44328381290433,0.873330807862293,0.743116146739878,1.58128417562522,0.986027058584895,0.649217909126698,1.57842054023104,1.12590674225431,1.08805299837127,0.189119633661001,1.72455774480404
4.04403325132539,27.3534553855302,121.32950295364,1563.37127988621,0.815135359319221,19.9496440178633,1,1.91453374123125,18.4383118001383,0.355048256711577,11.6517839712168,1.4382797825999,7.08529412163019,1.40740416466771,5.13717817748753,1.53611724089153,5.34896906631344,2.23891791680733,7.46744398882669
2.11595384016609,2.65445100748422,14.9626784298069,27.9448718459379,0.887477587558371,0.770453827386741,1,1.1660083046951,3.34106740085691,0.516505847326152,1.305544964545,0.412635490788945,1.15499993021573,0.962292673739018,0.730265781351059,0.744401889085034,1.44309239673217,0.135530347091289,1.25665487945269
2.67904831256754,2.87373940455687,11.2791645398809,30.2697193874539,0.990005272194903,0.0174097969570534,2,-0.143001304502661,5.019728963597,0.724006871865641,1.65233395822493,0.551341997570722,1.09562971615712,1.44951821232391,0.986807658215344,0.6916831412257,1.14006635675972,1.29400703831378,1.15960226022266
6.90318631723007,9.44809732874415,184.23412042454,580.451508806033,-0.377563354437849,5.70179419589585,1,-1.34433889281025,19.6708947464143,0.559203239721902,8.82448559254912,0.0632193087847414,13.0619403541229,2.37217285237405,1.38064983222067,2.45906150955527,1.4981808870511,1.45567188815413,1.54876924572314
4.23417978162827,4.00758968557786,60.7382106798362,104.236206847848,0.0866565891007702,1.96358901540398,1,4.9014624231667,6.64981271367738,1.79042313592997,0.996949200838557,1.58362444593658,0.801950389694276,0.142900263015052,1.874979037144,1.00981898035956,1.30026849037996,2.2608845929167,1.19556855416719
1.05277010990119,1.01573814219034,5.9363250045834,6.63533462637558,0.768938213762099,0.83780214868532,1,0.238970871387569,1.31089994451804,0.406783195731101,0.807037488889727,0.93370100074347,0.825853264737336,0.266737137793843,0.619511163267268,-0.953032289623397,2.51912217283864,0.488159189829574,0.57775822875067
8.38862740881893,18.2088523202495,257.741189418017,1013.26306024441,0.716368570376516,77.6164120213706,1,-18.8756877784743,49.621096392039,3.31560647546268,2.03027795753316,1.77569357829707,848.383878884708,2.24766510797949,527.042755147615,1.59931197624727,3.1437840982259,-20.0225081064982,999.999999999999
6.44529672933704,16.8633439200249,50.3176409728015,280.748628224971,0.988854496941059,0.111622678807726,1,-2.02301139085351,18.3386166706658,1.96050547648483,3.79339649043773,-19.140434962503,999.999999999999,1.15963158128651,3.16046892575661,1.42955118133224,4.19031148222961,0.340911633927742,1.57513898405791
2.1495666507192,2.23097118755809,9.08028715646606,18.5343910544387,0.873525211944159,0.563991637238333,1,0.164028508213963,1.39974543295705,0.562034936483189,1.05511335508841,1.19513499542243,0.953569651650101,-0.00711987752064175,1.36987206591576,-0.37474148040878,1.6135757308685,-0.373648411514574,2.06888986942614
5.06177440696971,4.00209220294748,54.8915307665771,90.5322266853975,0.940893588553939,0.212190690811993,1,4.3006210732583,3.38494933391939,-0.108461742401032,1.75323836991926,1.26951077113161,1.10239860124134,1.47223610993726,0.92852309772838,0.818425861385738,1.18474585626155,1.76885230012565,0.929880852615255
1.57904909090971,1.38729513093558,17.6151449168319,24.8241013490404,0.442948554341479,4.45345502420408,1,-2.11691509134942,2.98266325169435,1.09128897666736,1.36711875557755,-0.137125667857836,1.75256237008405,0.879001118420168,1.20316949575079,0.570527137100337,0.832088167248476,-0.163211709359237,0.953409330215742
11.4705326488874,50.5715194566891,250.410743486344,2227.09561821306,0.081537487421641,17.8553145886318,1,-2.63562123654099,14.7196687116243,2.58412196837887,4.52529279726557,-12.4010435716906,999.99999993321,2.02386155862517,4.19683876219762,2.6281209655363,4.63465662396135,-14.4569574481047,999.99999999318
6.74498284651838,14.4603936242085,105.219288810918,412.254746729001,0.955068286877707,0.26575702982324,1,-0.860400568356366,5.089223800775,2.10557690306522,2.02003291387725,1.16048452847598,2.10282194880273,1.13905734194041,3.18474718933686,2.00599872581927,2.03670102482977,-16.1142444688463,999.999999999981
3.89603126314219,8.77724376793756,55.1412254462949,199.775611419335,0.478987980002999,7.80230194028507,1,-6.10299507128128,16.3247702114579,1.67659372008076,1.8443896068281,0.598964669806273,4.19459307874502,1.54695913889794,1.7874649122901,-14.9904768983559,999.999999999936,1.05627591847053,2.10598617826112
1.90503192650127,1.16311372797587,14.9979379856073,14.1687779901651,0.916064851524025,0.156673651732097,1,-3.4950314254951,4.47051986231376,0.735682856878771,1.59380718701338,1.5473358049144,0.437545207169007,0.427827023075267,0.879219507140819,0.580204338977286,0.679696422540538,1.19239205910368,0.843918839712124
17.4228022061906,93.3378612490285,431.334115806337,4840.73505411616,0.989999941875097,0.129158412481883,2,3.5423732368576,13.2791164487338,1.66765721436832,4.80435839129009,2.87540939699748,5.74173007854244,2.38793210419964,5.51848884383826,2.552260241655,5.68435713402958,2.33319182382575,5.81148178054687
1.68237283611345,1.27037788581692,15.8383249693895,20.6863193386911,0.379063319189425,3.9486896656291,1,0.0567535269874913,1.33206230671569,0.975151241351826,0.697591432646742,0.598857789869741,2.65907361676669,1.03013678353758,1.26097178595821,1.23952747222092,0.726745395305796,0.105568563510217,1.33224930934554
1.80122222013259,1.24643309198255,4.84693722735164,5.19827042090707,0.643059373634883,1.71072428150866,1,0.633877648760199,1.6485662315371,0.0399817273335859,1.04889068701492,0.666572714702871,0.625480407341635,0.475134983141596,0.945817803359641,0.142002398085633,1.49427342964839,0.720569210485917,0.894065374357835
1.83094458038201,2.03239080201758,13.6209224056116,26.0333250976173,0.515322872230044,4.12724708040943,1,-0.0902568752360512,1.79376997154089,1.10334684240388,0.7822593178655,-0.214415980064418,1.5684264026621,0.824283155906617,2.13816153710353,0.0735151948122302,1.68489179746728,0.755406683831178,1.14633943818619
0.968177236014573,1.13366271536673,20.1603921152152,28.9397759110577,0.485739396921318,8.19815008623433,1,1.18893049886331,3.05126809465161,0.29009437285212,1.18289126998709,1.23168022754924,0.746635669636055,0.626569625021375,1.21790685859507,0.585154381600419,1.77960053999716,1.27886556203392,1.0981574208639
1.77762147167926,1.13632816036906,7.42785374455281,7.34886783153431,0.914944211164467,0.125576984130701,1,-1.37314559547998,1.44684812270905,0.878569579571242,0.513384771401982,1.06489390974052,0.420829126545331,0.648182092235563,0.367390817450708,0.802903321501324,1.21705821507323,-0.413497256417249,1.0631076714482
1.1514840153355,3.79701001120091,138.957072281583,594.020479764839,0.549526009956631,18.1077560765692,1,-2.39170300212252,12.8783011874486,0.49187828897532,4.03505650662933,2.69754508787326,2.30543558023974,1.70635837199288,2.37743219154673,1.54237883535902,2.08800102850108,1.64545832342094,2.49771689076517
1.64753376429901,1.74267790642909,8.5101408739309,12.2376757959099,0.730578610212236,3.77390679205458,1,-0.700427841196022,2.67024347805781,0.414167119964784,0.525264533602175,0.638054649718579,0.790040380317618,0.664568077497332,2.36697476125783,0.60942058952078,2.47631070884838,-17.5965258780584,1000
2.5406600357506,1.18657511387006,10.7648723642989,9.76955988514253,0.957623849239743,0.0758091018177934,1,0.792658955086183,1.61723571687402,1.08828538958667,0.557673323543919,0.146664163837438,0.512010042057592,0.907986411665303,0.800763160069073,-0.0725673113830825,1.13527587858438,0.993386735014884,0.761751593169604
0.452919550636522,0.991564467384001,6.24309875360482,8.32901167399466,0.705339387659723,2.58388224834857,1,-0.385293730151274,2.46681851639105,-0.262137748915402,1.25208788045051,0.461652695056391,0.547096920130574,0.67528971589688,0.805634725059755,1.17465803327263,0.71212624301488,-0.147776816359076,1.58452824477539
2.84022532770619,5.15049458161979,39.4321266904701,77.4520200962681,0.667615914270437,7.61585675487336,1,2.93387322971634,11.724298306296,-0.332107455246231,1.33338906277047,1.40938319774136,1.19834869803825,0.631303265003899,1.4606735606299,0.449538910734648,1.36559560718754,1.25947559613898,0.871630614735492
2.63141575828664,1.4610130556025,12.5184727385019,14.9779054295486,0.982775074089152,0.0369076186701079,1,-0.397937844699875,3.33764514127039,0.612178895936093,1.45391398366664,1.39919891559483,0.589596918476085,0.645772665916037,1.08868335253251,0.855636672696236,0.712712843041241,0.515636474556208,0.97518092836123
1.85649506826894,1.00137240872908,8.93865421704367,8.37075414218764,0.503166789131476,2.30640954505973,1,1.48799348172111,1.29764985638682,0.82964126862182,0.560110900251375,0.394858294218408,0.987278320257869,0.781729221700843,0.839621366631867,0.680165893550432,0.786152074480484,0.795406051018998,0.967884071684938
2.22320114370521,5.72526480183066,67.1375430494059,287.21264560394,0.525859742240939,6.1284755417198,1,0.0144806751202833,2.05926603102104,1.20922107351092,2.6957210610237,1.15507423035857,4.31191606508039,1.09634143845415,4.49352228928742,1.27357063253869,2.81299237220608,0.801564918349376,1.59209521273097
1.63346998447958,1.07518244342329,4.44207455632306,7.99218587178183,0.67077085377294,3.0641363550732,1,1.77363173646241,1.86532124925141,-0.371075558936146,0.833983249559635,0.591839315185667,0.983406674120404,0.616666617046596,0.794956175354521,-0.0815643299389832,0.999838502593167,0.215082898514252,0.899341832066468
1.12756878251882,2.24544882127342,17.0356185007158,66.2341423678577,0.712169200335655,2.3560696246977,1,-1.30366166443365,5.22867142156022,0.691684235285836,1.24256722077226,0.304167598384052,2.05915399854199,0.526800001639649,1.42479591910342,0.305121589878625,6.52087156303921,0.946023194584084,2.06083015894455
8.63752620191928,63.4098764945324,686.551801616678,10752.1967449153,-0.935360804488731,1.17816485122896,1,-3.28934543719565,35.0317988503805,2.96089452719866,8.39984992873103,2.59921295381925,8.03982559468736,-26.1597177262118,1000,1.17895591327368,7.89357271245015,2.94157759276583,7.28797112433533
5.16415364070141,7.06996825966325,219.770782591036,463.548654177261,-0.0973118177903081,3.05780242814024,1,-7.41008110767774,9.38078952497487,2.15431096128382,1.1925304872374,2.08592276004485,1.14624790893865,1.78782805491675,1.47604474406998,0.953454195845307,1.83181447216163,2.23942386488075,1.32689550604377
2.82545624409894,1.57905306992368,6.4441967145493,10.821861434103,0.989999916193401,0.0207998100265309,2,0.86183735166328,3.92763752011556,0.556598580007287,1.13389200754575,1.41343953027228,0.887143034526546,0.947800547862642,0.699121628292779,0.114508416787575,0.971628489756222,1.45460958394364,1.05689042251609
2.97197697900694,6.70762377322238,33.0310870785851,200.28543556159,-0.346162868789085,3.37917858411621,1,-3.1796458650868,20.3600817869887,1.19362434713313,10.9020063240344,0.809024015452611,10.8094432052585,1.28941207330377,11.3238448763511,1.7752504065265,2.96501248549143,0.255279513840724,3.20724776114532
0.526627290781776,1.08785177960898,6.38621231935613,10.8106514620167,0.472469709417661,3.9591725335006,1,-0.393302135500159,2.35165209888313,0.525641428826229,0.770753165864179,-0.729300412398896,1.73519740302032,-0.366895465601049,1.26721108925076,0.478996960585478,0.923737820127342,-0.668838046394543,3.28755451967645
5.14422024517126,11.350603999177,38.2880936804137,147.79878402613,0.587301948373583,11.2467243671776,1,0.75327871611102,12.0790227698534,1.04775581524698,2.93494479269217,1.58076949060727,1.49754388209768,0.851268121340167,3.40316327049044,0.901839284323714,1.82736716135823,1.67327534740939,1.86126974110983
1.18979264881677,0.986746520888953,5.74897551902677,6.22694321143486,0.621171656563641,2.06964427674976,1,-0.0784359335061032,3.38502808373689,0.637940096155352,1.20943251935111,0.604159175258913,1.20661058381924,-0.485597756264949,1.43695516478132,1.00500101159953,0.825627527096006,0.406210027228779,1.01520865235143
2.69763534653741,1.86840546422386,8.86896281271624,10.5338512314574,0.909654616080347,0.622830765934238,1,3.27029090995228,4.02953970907146,0.0952001254307711,0.972396219905608,0.200548148248296,0.879996730136126,-0.0665407983685588,1.21738395305342,1.28169515420943,0.604446077636087,0.4454419393336,0.782120897470001
1.84100650661968,1.52241314247589,11.2887811421084,13.3372256963385,0.487229528048192,4.63321656530242,1,-2.47461230357089,4.24539755381412,1.12469412038125,0.776074100109155,0.63290331315758,1.55774063429084,-0.26257353308972,2.62224754281278,0.628868881511495,0.76731330150618,0.400508283731402,0.697728105822796
1.49144622198502,0.861707106975817,3.47996864647203,3.18902645664611,0.736759200934303,1.77800227881692,1,-0.105652008136262,2.05711494115403,0.418521249776775,0.425368860162419,0.380918822855722,0.418676811751436,0.661825395589729,0.850393045676933,0.3696138281464,0.970545816707145,0.643550999889415,0.664740686115621
-1.11607033891771,15.1551790998687,127.216306731723,2823.79130446081,0.66303686956825,125.445463390679,1,-3.26142070050574,48.9494453534665,1.30074374483147,14.5684336950035,-17.4270592371383,999.999999999997,0.843558701274491,15.9143868065611,1.48367199411812,5.97294001082627,1.16176614884455,9.69752330226152
1.73649994556315,1.46798657134577,11.1013706305846,11.0378948274251,0.497773390309306,1.77362118201889,1,1.00465869750053,2.10744484783851,0.839154067302452,0.827043824086821,0.694136360098578,1.04135181434166,0.135332232537396,0.717612046272135,1.42253672876798,0.732937163551855,0.748348305367918,0.602572547488188
4.5442800059454,2.32677362067307,29.3515989177375,29.7991738527408,0.315748164647939,5.38559311992232,1,-1.01513602559787,2.64641793322752,1.69320279767333,0.56342600524987,1.58050311432239,0.582491180443343,-0.380952890583034,1.2545007539089,0.928900540935585,1.01596299305717,1.20091270112493,1.12420675470943
3.11232142144796,2.53159907115252,34.6535357150548,51.2755275694205,0.967172198149314,0.110747974236295,1,3.70837218555929,3.70523200545563,1.42016344810643,0.674624681754831,1.95829375778837,0.948017435305529,1.07474688058913,1.20325494956495,1.27914513068274,1.14410413401258,0.294595094635514,1.230188230147
2.34527167430749,1.48241871641267,10.4384427152842,11.0008286894614,0.989999973922809,0.0144900273090708,2,0.400700664230993,3.54597856447835,0.722837662109393,0.707901473150182,1.45421499364866,0.733858690449261,0.500148438996474,0.638430698627753,1.08917576839475,0.761950242419261,0.0142553055144254,0.700370651251463
6.95611881914968,23.86044551864,46.7692456514111,321.233452727838,-0.819612658330155,1.42901452410348,1,1.41661727421912,5.30076828370367,1.95347718481881,3.15806217865991,1.3043281637619,3.92963117401304,1.57536645943256,3.24193876868061,2.21797449206559,3.41438165811569,1.04372583808786,3.36692050996786
4.51319104138875,5.17577110429886,68.6859997565192,157.057482835863,0.988337268825512,0.0574925489941658,1,0.690060216205784,4.38744294045398,1.6332260214558,1.24413716671261,0.869917931200392,1.84952820348828,1.42056448443238,1.25509758524102,1.64666827225679,1.25512420915029,1.37616996993043,1.52761045106108
3.52793593552705,5.95809265551586,12.024484897768,36.7350300492747,0.904779460015242,0.576031587362397,1,2.81793596887085,5.7508516435518,0.931401638947241,2.03338753534588,-0.0015294191229363,1.38615323944594,0.799515174161714,1.95220874529963,1.0480004039679,1.4072691964169,0.654938427262451,2.09256324393586
3.9482161112752,4.29846837937332,28.6720153066121,63.1155213280882,0.918731050825214,1.39134810477339,1,0.235159119332698,3.3718089522123,0.937925712294823,1.96765896686748,1.80732331306857,1.42783589631076,0.681761823623791,1.56558512968939,0.530545319224733,2.04248030536484,1.15546017314976,1.55980726372404
6.0832369728391,38.1439371468315,518.4092291025,5869.62850941144,0.480212108705787,116.062767669054,1,3.23479657321598,27.2274351168015,-17.8244669225972,999.999999999994,2.18655413747532,6.88215531537936,2.65658723753921,5.66082788863802,-21.9162655804111,1000,2.73079326329661,5.79084131368638
7.37112543196235,50.8169405580725,89.6232791460375,1214.98916264746,0.937079635507999,1.50513216667879,1,-4.21604437182473,26.8976021154028,2.03011006852349,6.42418701793871,0.541896102611433,18.2252250081427,0.783181847670206,18.8762300060429,0.757119788259108,11.6693555186123,1.29850814571233,5.86840457395402
2.17808814079156,1.72923834956142,35.2607228405719,43.7922260162469,0.557614085972617,6.26152917925494,1,0.513745296390187,4.83980717012308,-0.281513463520296,1.20579309657757,1.47500638829461,0.843080605356585,0.624570917373722,2.13158323781035,0.664995222929972,2.53171884426638,1.14316053116101,0.903713139408681
3.31075486529007,5.78757462199756,43.4157964225147,92.8218827269674,0.408816763875421,30.9557791835708,1,-3.84176001715185,13.7823614716782,1.4379430306667,6.27568952328067,0.459684219216138,2.54014989893609,0.815287991382263,2.42904320837736,1.02340367235876,1.83587500379474,1.59437308661185,2.90934820338863
2.18805782007509,1.99838732000304,6.32206679248651,15.3992962417912,0.984864073820557,0.0378958186620582,1,2.79050780675676,4.25458628583926,0.364356456782538,1.29602295560411,1.26454911994696,0.815430667842022,0.863533589661872,1.03343974492244,0.312678214042222,1.08992097474424,0.503308671574089,1.91959481008155
6.45685005353279,7.34038483745555,68.6956319817387,166.963649991842,0.471988046653237,29.077870844161,1,-1.01401797876385,20.0419199398854,1.68489252252888,6.25092463181449,2.06725239309218,2.69848143264501,0.523252650842484,2.54497894578244,1.82471958890134,1.98799641049556,1.49953245631658,1.40502534151051
3.18890032698262,10.0787298004017,43.8139419607474,250.031049355597,0.612367697955102,12.8895124664985,1,-3.65669966839765,7.34036157199935,1.17481532574564,2.51194220285156,0.245763652898416,4.52451281858505,1.78654406341956,2.94688257794296,1.30753635521552,2.51589990711167,1.36555349093151,3.47611590195287
1.79301118758543,2.05373565619153,10.5426311770181,28.7280387792909,0.687242896153828,5.31247289970508,1,-0.181385947518634,4.085640075191,0.428697438773697,1.85336826007084,0.589777912917519,1.12514514241421,0.164106794605096,2.07581162505896,0.800104833577445,4.72673428844412,0.737003030249052,2.80928920980343
7.08779228747537,8.41537815329812,30.7559034913139,60.4206673342192,0.716818423468039,5.38528874216872,1,5.71648043390852,13.7224552632627,0.342327421592306,2.01391168957584,1.49949852664967,0.977461828987152,1.55779949351238,1.8357394998493,1.16141790412895,1.28131692510569,0.625239646849653,1.0650766948136
2.24258857105597,2.55463727045363,13.6827086399094,25.1148891549509,0.110803622935704,1.32747914073839,1,1.02082607625363,3.12856833971139,0.680782323715688,0.289618591626565,0.591910413060197,1.79325278883675,0.313860304852107,1.16684151296318,1.10338852632441,1.26735783316554,0.130545204524796,1.26794095814983
3.54217865331071,5.91505346480596,46.8868095661687,145.865374373464,0.558195177535141,9.39400713073846,1,1.97952313279064,5.82736011686275,1.59773545037545,1.6553390348657,1.19123677583069,1.40734933975416,1.36465189769842,1.13101130093771,1.19777657832824,2.51329193138148,1.01203333231267,1.27397150209809
1.07828768177675,1.26412236661981,22.3936235711031,31.3961255749056,0.811546572031032,1.25919202195125,1,0.551653882271836,2.39970173026259,-0.138482613868689,1.30462859411825,1.13243929139023,0.945280495360664,-0.337907882450599,1.02113411986458,1.20062402719339,0.935235571215523,0.409603243294176,0.980403418559965
3.40762958314352,4.98619505472472,73.4911005879688,253.729629260409,0.371063914645119,6.46509077550988,1,-3.13998870173395,8.74411065960107,1.24612270862469,1.82890865675332,1.64966122310639,1.55857005461744,1.60021365639464,1.94247044649821,0.763002125270802,1.98942360692689,1.47118100025068,1.69362652645945
3.63871633452032,5.81495780339993,52.429942770767,155.147350692357,0.976131801994401,0.0902669339172125,1,-0.237579040071156,3.79885534290921,1.38159149732784,1.50462103162383,1.34343462835374,1.78911273754603,1.37270309320514,1.32302143418634,1.48060623251923,1.74733377427769,1.55415078236662,1.67757310404742
0.258899384159194,1.6486655414509,45.7160490021201,128.125751697193,0.553583193109754,4.35611383858595,1,-1.92694408987757,3.90010426165905,1.42365823399951,2.0944781173027,0.735525708858034,2.2485943724275,1.55324156501321,1.01614576112417,-15.9398563100407,999.999999999996,1.85250485442226,1.76404818413763
1.93240399316804,1.70430579728351,9.64467802724104,12.5808813938049,0.954830198912686,0.241989801935885,1,0.467101146345515,4.77989957547648,0.79392158797833,0.459522782321337,0.648433695535211,1.06077052264739,0.873372828239444,0.733220708365928,0.583448782004872,1.26764579845894,-0.0817654906401593,1.4845432940498
2.49863260165161,2.53864972085867,14.8065077499164,31.0586420542173,0.514829468565714,10.0982183420835,1,0.242430679225825,3.2193389739586,0.838570892012238,1.23182532074246,0.319093569027234,2.27219395717184,-18.1406143459476,1000,1.62888582895721,1.16099860996542,-20.4571458289764,1000
2.72809324390065,6.6173801921034,109.842003407512,524.770860684531,0.97243768501797,0.152499142870377,1,-3.23445586522791,10.674664703614,1.26473137867005,2.68529635571016,0.358695374209221,2.85352735908025,1.48913241255122,3.00845678914967,0.77798369030001,2.42076010417745,1.6977490431447,2.59523420734691
3.10285979192756,3.51305664508325,11.885488951332,26.3827740819528,0.822051710014306,0.937452304881503,1,1.19495718254346,1.57546562781661,0.193951584779634,1.23907089055445,1.07227307160091,1.4601108068897,0.952625249473564,1.36212009680899,-0.172951490188654,1.84334357198804,-0.275550082671555,1.36653430245829
3.66020722938448,3.45214467982764,26.7237227186376,28.2047104416503,0.345057930022055,4.79665472655095,1,-0.240332280496246,14.0915641764919,0.757711375828488,4.52831597371827,1.19743334766824,0.658399134749856,1.37546663431773,1.02929078763617,1.43505192677756,1.05152455470157,1.24714082428745,0.7068249034847
-0.205681122106624,1.51990954851119,39.9827682063383,63.2527227485635,0.945435038020859,0.10458116334599,1,-1.97421487974298,2.61094086206687,1.12239315385122,0.915286759892967,1.02190769514763,0.934337643224298,1.35789718841777,1.26703000713545,0.700900542206582,1.69521622118332,1.57289437030526,0.979663778707594
6.43674594191222,29.8037777865628,90.0553811260652,818.666325483216,0.595297560994723,47.7417901272623,1,3.12037721756698,15.4777412445204,1.6870937052279,4.55398597370282,2.24619508651884,5.32943785215233,1.09151409682026,4.61617079855367,1.40377671843109,6.34638747438064,1.9264413942802,4.66259949779849
3.82401521044897,6.5875006084594,35.404630141974,124.196547119758,0.305270320133144,3.67150649957162,1,-0.105191880857781,1.89323128629229,0.217667554119162,2.48607793993117,0.493895315486466,2.14082116138996,1.95507979873177,1.7261842443223,0.674808841493835,1.49649072304554,1.33966622192419,1.96741385394743
3.79105576924516,2.18084015882882,26.70374037324,28.7854359284827,0.724978982770125,1.3886766543256,1,0.3944976865204,1.07063329257324,0.99197141319957,0.973803742909284,1.51112745283023,0.620210234692964,-17.7814572484919,1000,1.58907881992503,0.938077909967756,1.54122733876014,0.724848195272322
1.70538031508808,0.908741822633789,4.50751448480695,4.26860652747401,0.920137366145364,0.156754318675177,1,-0.561523315381035,1.82447251288184,-0.164722016493816,1.03930617808754,0.681316848600931,0.580149425152895,0.71918791825527,0.297134251970945,0.108797600608605,0.756009836226757,0.401436660545449,0.574365077368358
1.95286831549247,0.983326893050714,7.14004149321771,8.29761370411888,0.685789546203154,2.75115595831323,1,-0.403122706969957,3.17149762250563,0.180462411074305,0.890891518906894,0.599875574862458,0.685265353653769,0.804770846155592,0.455236967602711,0.584431934116224,1.02154245369516,0.532697956192158,0.911767098322241
1.44522091105321,3.55489476803631,19.4712575848786,78.7847094985561,0.347229096462642,5.80509592169468,1,-0.497018805861433,2.88155489464654,0.200032461870879,3.16922365764137,0.543160436120991,1.91795231479081,0.661032423206102,2.15618670680066,1.38917030395533,2.03135056997838,0.216749920986042,2.26565956729686
1.54706173308681,1.62278375385034,6.04446020110591,15.946296555096,0.138984894129671,5.94537589586254,1,1.01611553316383,2.2848192649422,0.356587547988245,1.80041838283578,-0.153271430214538,2.36081269967433,0.143731100025397,1.81894424864889,1.03126992928557,1.3908955892642,0.465881587614434,1.16601577500699
3.08206258108528,1.38799674497017,14.0457806924591,15.8768952830063,0.495199514727431,2.76767243503654,1,0.215064232893124,2.99405285260766,0.826425125743734,1.47580519444604,0.621733303749529,0.851986743562519,1.36700019603481,0.702928944244577,1.38225422857495,0.63016281951084,1.10853978439311,1.04537490569135
2.96882675010005,1.99174851650215,14.2422847604239,20.3179000221963,0.945733353766465,0.0777092854859401,1,0.147828456948372,3.04796892923774,1.1015807410962,1.28166323697955,0.929888642989745,1.34446861711074,0.524763053560479,0.779053147341932,0.808781674647646,0.742581924504375,0.989969721072779,0.912169890254039
5.11464333672273,14.6189755472324,60.9476479834788,327.2199321951,0.989497259555545,0.0740084631943622,1,2.94627754505649,12.0988781410437,0.780316984901637,3.41453107146117,1.70775083829448,2.72903320502358,1.53154287105555,2.60544579285012,1.82072242326295,3.04030115306071,1.61699256304382,2.59570535404701
1.8379312174573,2.45210611272956,26.9402739139636,52.8493200336873,0.0836987344750084,3.45175704670807,1,-0.245437279210664,2.93471782940316,0.239271838339409,1.95079988919953,1.98448016944272,0.986495321727945,1.00971375387386,1.53060297439969,-17.7911542522116,1000,1.71465413275295,1.07386833447417
1.46112329747777,0.68413569275504,0.957367478175598,1.8167840798659,0.989999975797119,0.00881295693468275,2,0.895827378026667,2.48487109856762,0.441033568474669,0.939959656987636,0.661126860240284,0.616059320981594,0.640965391675836,0.563526260962627,0.592399453406025,0.36308757114411,0.512329477580033,0.795155830232892
2.75123483257808,3.88220748963871,68.7551263220608,311.977946952854,0.662590317393923,19.7608846749963,1,-5.35464738767146,31.7036866855594,0.447379753638644,5.24887353500783,1.2736739335636,3.7006542394589,1.98394473162806,1.54745921299333,0.821303614761904,4.18694729886109,1.10911424520335,2.54060315865466
3.18723347225456,1.45944526679617,8.83038537345873,8.69476304711734,0.86381827538186,0.708617862880931,1,0.526451532639891,3.06950270318748,0.168084894126569,1.81907102506833,1.35142166579337,0.629858999121488,0.0805413827991159,1.27518058146635,0.362448229770011,1.10415064675852,0.964238786852497,0.856712961675027
1.24967785295878,0.979529487490892,7.5785408031368,11.3692216861134,0.928571955743009,0.184647855579521,1,-0.915036398215642,3.054870932755,0.358920379232037,1.10406354394195,-0.0204839206935565,1.52865124687001,0.910006504258814,0.786963150819597,0.636766001169743,0.592403518455449,-0.633072317374596,1.2161528594071
2.91729670896082,3.64253400746029,16.244170385645,43.6335430423231,0.532012290091343,4.96399654161118,1,-0.489044698978949,5.27242736384181,1.02755297421504,2.87723454647184,1.03079987003978,1.95732155102979,0.287692430161528,1.05406600256072,0.147248503113378,1.31842262004985,1.33986875520613,1.27548294467239
4.88550169286406,3.99576840072415,59.1796334227786,89.2998559979244,0.984692709109263,0.0342992871104139,1,-5.53584550656092,6.96109446919701,1.81747601603047,0.796251527845538,1.99147256222995,0.988067442201521,1.13471723551806,1.64326205102341,0.983540779608931,1.85238821230752,1.29642722419283,0.926721824386361
5.59649480306324,39.9751763770883,82.8037857210335,1224.35576582049,0.727192578855492,51.1990912765737,1,6.31512718082927,38.7207236233597,0.322031040596327,7.38273822181928,2.16003100773065,7.79213357279849,0.453629982050999,10.8929239127063,0.237173271987363,7.60182735529375,1.45096849871758,7.53247094399479
2.49984616817392,3.84348481927725,37.9103190219161,77.4725985054137,0.608825122885904,9.95165806937985,1,0.327670896305525,4.68498166169594,0.678320826635623,1.05327052323767,1.84651490152375,1.20322411726162,1.26696025317045,0.756150255554363,1.32860729541421,1.58542233896423,0.673983137951538,1.42390235442741
3.29937487606841,7.88346610055648,57.6475738642127,260.4484519608,-0.91986525528177,0.402600828164237,1,-0.103206331937588,2.75054628212153,0.945960709398136,2.13910259683647,1.30022976693321,2.32676847765102,1.53639145541079,2.57186610726924,1.699766017153,2.43505481237234,1.50403626062007,2.41550427601009
0.0172795392397166,11.0711452340888,1037.01732789105,10435.5707660161,0.780374272306695,8.51709317655573,1,-7.64396050087158,31.5269127395895,0.628271808786899,13.8875596763057,0.874098015601074,22.9703458258273,3.20129853987358,5.0988989033577,2.06748680504482,5.28216492216059,2.30365155771441,5.82143034488352
0.703831646687951,1.98806383419812,42.9188919343449,142.325064624994,0.627424840937895,15.4123347171903,1,-0.168905967533542,4.19721711426507,1.23566422392007,2.07401153524892,0.815018545590632,12.3063953725072,1.08096012767811,8.67925272605469,0.152282858086531,2.85772775761144,0.942626983397028,1.59927581517795
2.64820174964145,2.69847869368604,25.6479879157074,42.0768408728316,0.977138854161134,0.0552939943674682,1,-0.813079598246848,3.07784061399239,1.78167562568982,0.839698167029992,0.256999386853647,1.47244174295755,0.970707806733666,0.806898024766131,0.0602999312593621,1.22993230520847,0.616726123444897,1.37460136493427
-1.42411513860241,5.76129800196906,65.553154604878,496.628645459949,0.619486719343333,13.9514775510107,1,-3.59463648160144,15.3051073257939,1.13875475641695,5.37027147299483,1.92798828939226,3.30650525417839,-17.6456114921675,1000,1.37417984051369,4.39313368988654,0.896032081207821,4.4124163702414
-9.80715510425923,43.0488854401271,275.514791563955,2558.59425278921,0.757295613394724,58.8980589389108,1,-17.0363471055474,71.7017713294685,2.46477884181628,3.89024755813371,2.07329961086656,4.61393538189434,-12.3255785840819,999.999999965618,2.27982564179506,5.46298385538367,-12.3748913237717,999.999999639897
1.62046618421343,2.87603325157911,15.1958514286125,49.6221638850023,0.928222215977873,0.509288692937568,1,3.27028213594067,5.50512688156814,0.133568472155934,1.90179026586238,0.675349560367676,1.61977668600901,0.777271814253498,2.2564704550565,1.0964560771455,1.6019903765991,0.755774875822181,2.07234799963332
0.16379895729668,1.21192460532054,24.5483493486788,27.3271431160458,-0.251173340454927,1.83978748511371,1,-4.03226148359615,2.7119013112018,0.783147359773453,1.04597185388096,0.75390952065666,0.434953686449486,1.25848962107659,0.632615036744657,0.677016336001008,1.18838151395463,0.389818589466106,0.880558700181613
1.6492229878483,1.22024773510531,7.02371509254478,6.16956948155076,0.872957449489003,0.338553704229377,1,-1.97270356638587,2.16999240041054,1.2962267957259,0.501343909067991,0.748676783616084,0.566590307268528,-0.0229969427375505,1.23871499093868,0.508076239857236,0.747505755241086,0.729126375694896,1.01054077236203
3.30448191135145,3.71997921915852,10.622559573926,19.2506909391323,0.989999876626867,0.026016191166875,2,0.0710562818315136,6.31042454906172,0.370501900401117,707.111587133338,0.370501900401129,707.111587131123,1.47648909140148,1.21300111104496,0.770723331371147,0.83522529277428,0.909921316606072,0.831707768568532
10.3912482005925,81.4031483187488,12220.0647284464,160256.362255711,-0.98999994757433,0.438407049639845,2,-103.926460051064,692.111017464087,4.67574107588097,6.51220153680608,3.69401468013094,8.8275144390115,-116.311161372151,1000,3.30339449132916,6.93450821968303,2.58316650646123,36.2725260713007
11.7255137116454,24.3846912560302,438.478813535859,1630.76185018833,0.817391718637777,60.8938707783777,1,10.9700588647367,35.950610982213,1.77246431885989,2.01453430197059,1.44541301626632,42.4834371527335,1.55057986011374,37.4271010323376,2.19407085609295,2.41414253687915,2.59225055910303,2.0278102639504
1.53579892432267,1.52239607516626,8.20841579024917,10.2886644209305,0.943119248729566,0.252878324517279,1,0.208375217130492,2.79579877338239,1.13357314322086,0.974381018863337,0.711540557814226,0.549107771740357,-0.155873272998895,1.08153260309949,0.741412605269733,1.28919929851296,0.806642308439279,1.67988235078257
2.90230609468216,6.35109897746938,29.2686969730214,113.582221292146,0.219934224761754,17.16205350194,1,0.0344954913927888,3.15800035474593,0.570796464517851,0.913678076016034,1.1665231096008,1.58517348584678,1.37140167610276,2.12633180449685,1.1987368528658,2.71804483050239,0.182943589079497,2.25815348886815
2.62885786667899,3.76283012983704,29.1110159357209,82.6612641654651,-0.221742549070792,5.46681125010281,1,-0.137899367166544,2.53146194833699,1.33109121436446,1.73671997362017,1.05174498718026,2.08707995683225,0.60722088214621,2.03836498301799,1.12996408191617,1.62213166635225,-0.213072765905458,5.62055616046799
1.70588840490964,1.23099179279856,6.10273577445081,9.29744846962688,0.984309714886324,0.0296989312245187,1,-0.669807101661727,3.67454259708829,0.898100117110552,1.66697771207052,0.707535697530994,1.57135944712464,0.122337854956508,0.566386836858972,0.118630874914799,1.814890201197,0.121673316283035,1.3522301257816
2.30268653317414,2.056756679171,18.2863329189733,28.1463650553817,0.926657596800493,0.205904661080136,1,1.88368310422553,2.63646989718838,1.2022185933059,0.754869739332622,1.03201881489191,0.788504552371288,0.842043353077434,1.08511657970573,-18.857550685365,1000,0.160460047115493,1.1163938689119
8.39956714892608,8.8287009717957,118.229169316171,238.925257933674,-0.159736139847949,2.47201197323178,1,-3.25418777482501,4.48682428319072,1.69608214338204,1.19995300305292,1.19709687239648,1.67765671293524,1.85522807129045,1.096384091691,0.703048584847082,1.77590241244375,2.17679155318558,1.12803409640673
3.6431591687543,1.489688763843,20.8834867387573,18.0420830938346,0.0203625992535746,1.75734717354151,1,-0.484623879798258,3.5852027429733,1.1042272841261,1.23492968061128,0.710307669151338,0.985537264487661,1.25280685527224,0.647672023796356,1.57722734041322,0.64904894507251,1.42884823409806,0.527414737827986
2.86851255025102,2.01895031896877,16.5026849375265,21.653612419215,0.87964305971243,0.546125976420014,1,-0.637792458275174,1.12187643371732,0.602755420160003,0.65771452924318,0.990333081449988,0.629041327461045,0.732739066107435,1.17437061681849,0.887681336828513,1.08023496557395,0.471403792948204,0.773281185139344
2.8576008704207,4.47577946768086,17.3997829659634,49.2978946071751,0.112258233005393,3.59938085027196,1,-1.01469156560922,3.64580291776268,1.15098070689868,1.88583569973905,0.960226774105839,1.36969748420699,0.161838184000381,3.0582140492526,0.47865558860535,2.41214177288731,1.33634264181069,1.67926828585657
3.36389975115272,1.64671521071338,12.5301808032187,11.713650614049,0.932330582042586,0.29774981211092,1,0.364346425640447,3.14864984749717,0.810957618138068,1.30652137817055,0.812698617865852,0.680793558558728,0.483527259100568,1.85280093473659,0.723863474355568,2.11709151092966,1.00516199335951,1.35163791748087
7.36534225206379,39.0216280155972,262.345219475244,2734.13183835475,-0.919257277096457,0.866099792942439,1,1.42274019135864,8.02347788369736,1.95525993592937,4.97978635620051,2.44832931995933,5.25808336436923,1.95284489076539,5.32579849843436,1.9606058771444,5.22277267302001,2.80948061149685,5.45824486877785
1.08009283602636,1.01125734224808,11.7859557007025,13.9170644867483,0.904562663948411,0.168559863689393,1,-2.17711657888727,4.24721753605975,0.852177604435927,1.67176133744808,0.775575002249375,0.572580411750876,0.787800543569163,0.521654750841231,0.592121820363271,0.648229165523409,1.30780958835123,0.527725463928614
2.83590369257758,31.5951310556239,110.079792458427,2624.40061880855,0.643200037435404,104.932727541755,1,0.563947544713784,21.6623830130841,0.895746053937136,93.2753121239909,1.25775364281617,80.6949490819281,1.46057537275618,13.9850579563115,1.20020220927135,17.1156294440303,0.313692502087746,7.85578580303936
3.57451581289071,2.58755252875001,42.8686109982077,55.5509862875214,0.500210885717414,4.81003937472556,1,-1.09149192660527,3.48097873698178,2.04403930226346,0.737178449827132,0.857852781338719,1.47675563161064,1.61365425469166,0.920454695743856,1.13356432123942,0.6280186250518,0.524950897127609,0.929495248494309
1.73179093754759,1.86813129459601,18.5933464939355,34.8100191171123,0.989999974810082,0.0251291367180684,2,-0.373793866339486,3.06584905564907,0.809661612927177,0.705522583068052,1.73838106632699,0.972306707159596,0.23037267221932,0.985654973855308,0.947366971576372,2.30385575470371,0.330301601818709,1.42145271096237
3.9093219504953,11.6579229190878,77.2428668677034,422.24333337917,0.983525213025088,0.106553557989165,1,1.72640883532947,10.0825664839661,1.64368133173564,3.19026183106082,1.45592931716094,2.54534103513023,0.586062460169416,1.89647636937076,1.55738795235032,3.09510347224708,0.514346933580574,1.92619673056725
3.54069818144865,2.47796993190747,19.1126603334162,23.5488236013762,0.594318211078337,6.02951588230383,1,-2.32665308445269,5.25911789754266,1.17305779288463,1.02112315906349,0.491746975920784,1.26738593133518,1.08569679149849,1.41379077001141,0.823102151750591,1.17435278354817,1.57328572364386,0.638103253926865
2.53075361419919,2.22643587550155,31.5980783588163,38.5520492618462,0.846349286692755,0.693043562949232,1,-0.767865360975546,1.49316312882684,1.02739018067955,0.787632826296842,1.05019289920545,0.870555150971554,1.06498392542474,0.906637829626279,1.13263671702173,1.07317244636372,0.269719423726264,1.25311830925291
1.66583427559519,1.47651471500612,17.272844023318,17.3891589959728,0.515847077507569,2.65279280846426,1,-2.34948972769311,4.59588082688571,1.09546256636832,0.738045929901426,1.01583168136866,0.737278587414324,0.618622955746303,1.18500691095451,-0.477034893886073,1.27604812563834,0.984129413441139,0.671358652999197
4.7441683682017,4.74590406432359,66.6536281295609,112.702724657602,0.44515406980824,4.36252067670014,1,-0.877942216307907,3.22619315670272,1.24589933245377,0.824546771676668,0.895533495917533,1.70641645125077,2.00496301011372,0.787098778907521,1.54203816214465,1.19452690076547,2.02426412213394,1.15840229811882
3.66570272327931,3.45050382810455,23.1680076659782,43.2150205912018,0.905655068210204,0.364740258837994,1,0.0112484858208313,1.62195381024946,0.983829902339957,0.733429794483293,0.406671934187759,1.76577062668207,1.14179315481162,1.02223641427966,1.08436455686072,1.54309586913731,1.24128692956603,0.731703772525915
1.75338917579328,1.24352945167133,10.1792918156807,8.05480472960292,0.761879531377113,3.30831331842133,1,-1.96453621346498,2.79245535353675,0.333005152339645,0.570637799361096,0.828683073780155,0.728613053799433,1.47157098617875,0.430860209421798,0.142652903213481,0.828188699895222,1.4761248656876,0.651540614885646
-0.430217086761568,1.30520443264784,15.6113688172765,18.7377864051328,0.505125276074028,2.48999061863436,1,-0.304429894320707,1.28034536047787,1.01013750458856,0.737390036017188,1.35443787872152,0.60208719903665,-18.6836981319587,1000,-0.171737028203744,716.447023940897,-0.145175526772596,697.642682916224
1.12112044619319,1.24424122167318,21.4598919687165,31.9153983996715,0.177902319786781,2.97880384636536,1,-1.31216857220158,3.57606723837837,0.689398504879407,2.88159830307584,0.47060299949998,0.937252444648589,0.0945861366769501,1.6054907126567,1.19598306920802,0.78947885603723,-73.5671778753479,1000
4.20295253281874,10.574671552765,34.3694824060106,141.803360856449,0.639889168374977,12.8949228145962,1,-0.908472525925658,6.58283387540641,1.81921210516664,1.84243957944768,1.22417185992397,2.06121458382862,1.0810988269168,3.15105279554552,0.325804502241331,4.84515163567688,1.16049485495013,1.82725356419563
7.63120790193519,13.4521920221948,142.165448131036,447.719742667093,0.663574933655422,14.2013961915693,1,5.92967895666387,19.6531573843671,0.814051128146354,2.551204885073,1.42985548635735,2.18701631720913,1.91580233334427,2.14965311992551,1.53796731280109,1.34092189839474,1.82608605925949,1.75149745731173
2.16840466742263,2.79828062841109,20.9829352369011,34.8125035597715,0.502260631146699,5.63785523655505,1,-1.83589203223455,4.49942287196258,0.933767996632264,0.87613894315804,0.143861286207122,2.80459449239269,1.00775837033769,1.04285525585946,1.05027039829178,1.14310914932996,1.37354476348075,0.976732823765213
21.6832010234537,173.066648542691,1070.20512284433,16576.520492742,0.56316040588194,699.985057136741,1,19.6115041540642,178.654683041368,-17.8974993227699,1000,2.22775205398287,861.64069560702,2.43456255440219,484.665663091158,2.79307150887695,151.568324593843,2.83050453570157,7.90121537005966
3.57147440650809,6.66143246126631,12.1085023599477,44.8223499995607,0.856921920813768,1.01133808319618,1,0.576056481258945,2.00972540413336,0.408905836102527,4.32557030164064,0.898847576490654,2.21768233844337,0.870035833720707,1.88289797710823,-0.544390522673322,4.34238797013256,0.305951308385197,1.30212255132773
2.78494431234066,4.24695242507169,9.35575911484241,33.6180735822925,0.680608104572444,5.66426250985646,1,-2.9346436252157,11.0075924492438,0.859403126036804,1.28971105889448,1.14624355898621,4.1526064456957,-18.7825089597424,1000,0.805352101803387,1.19233239538312,0.98353731735413,1.38755914911348
5.36117618614192,14.6564307280888,117.079830108739,624.016538702465,0.557590449287848,17.1279646118789,1,-2.26699924192689,17.9335013771644,2.30278443881529,2.36247183999514,0.995937142202726,5.64702442694845,1.64725026880005,3.40596196161431,2.07927338404452,3.07012291444655,1.46162253849863,2.45453938968596
2.12677108461063,1.52992216040572,17.0038643925557,19.9722389320695,0.643875027840419,8.92267937880971,1,1.32719035017065,2.07618865771709,-0.62439658719551,2.47143113500958,0.432755195680028,1.30338597495912,0.651559371012972,0.807794594788135,0.509898456852182,1.50005120306016,0.542603331532917,1.20484506951775
1.06191096537335,4.5035910859702,35.8353667294916,281.504811451953,0.497211548130314,26.9824671886836,1,0.159477929940259,8.89451497777977,0.987746325905622,11.3165584029931,0.175382432856075,5.8587226195047,0.761458898805737,5.44785669033592,0.601839306634256,3.05828726888391,1.6534627035821,4.19067327319341
7.83075165712095,7.45618607086189,111.811401212462,209.247806895947,0.989999971464752,0.0361367333631683,2,0.688458643757849,4.27981507563239,2.25733966798802,1.0332991724193,2.13482740314217,1.26597796249834,0.597136836503107,2.11528754214139,-4.90138939171843,999.995172117122,1.18281541917823,1.36100355601301
1.35275877996984,0.869927400172446,1.53590641951624,2.96717943531219,0.975004604803343,0.0287021499194604,1,-0.663084508713197,2.08767234892171,0.749328017001281,0.730858926344659,0.840313853591936,0.758148117906069,0.0473859696229002,1.02217342014651,0.033097724205748,0.895443782983414,0.945084867328581,0.923897309804816
2.31942436849601,2.25570179166799,20.1768066828834,34.4348121080472,0.96306863915201,0.096148030917454,1,-0.289891617409866,6.50867169278891,0.76121229342493,2.07725101721509,0.998384326049726,0.728925452895432,0.330193963232343,0.698982470240695,0.717258068344551,1.75331614533842,0.861840401182407,0.545458004684083
3.35865265990277,11.7487827714312,91.7950400522366,552.72423364803,0.963532949335131,0.460612623613628,1,0.225924468442165,7.99595253405057,0.99898459235879,627.536306382699,0.172061331585019,43.2744793259767,0.814323838679051,777.414831161947,2.48740361622123,3.031628427504,1.61226979407748,2.8126563613169
4.26108209905686,4.41969375700309,91.2473331269866,238.857499351204,0.0490552861994015,43.9173024533401,1,0.956478890234972,4.30061634173902,2.10933932554505,3.1536338848345,0.750165636246577,14.941718900207,1.91373087797844,2.35090694391123,1.13417097388818,1.3809074279476,1.20556740325606,1.50176604957292
2.57687694312179,2.02213731298813,27.2837070900965,38.7387007778649,0.68171011138344,11.8248555388007,1,-2.1963941527433,4.14713746026043,1.11723417993345,0.858788111392608,1.15891381186086,1.27719662146335,0.317182411980356,1.5594642431897,1.54497188004619,0.837631729306502,-14.6979611011348,999.999999999993
1.30942236388543,1.91687331223272,39.6344465015524,54.4442234031403,0.419975472618184,3.75169154467358,1,-0.815911227794981,1.36791152818723,1.2980042108043,0.56724629255565,0.925701617551347,0.788122531357044,0.862199252112561,1.02560170550937,1.51335025788763,1.7188920921138,0.519042776749099,1.45114541585948
1.19161409255281,1.43261409288285,23.764283340376,45.9254990619102,0.526011224854409,8.31682494073028,1,0.10197313355741,3.18125765727722,1.32957116132419,1.18225063904417,-15.6364041937835,999.999999999992,0.813467875548618,1.31415172061947,0.856321436697698,1.01025980457402,0.63060101874244,1.06994714164371
-1.62034883318542,20.3556380683751,139.344829997057,3348.96627326282,0.619101256815713,101.087320360236,1,2.01285557067052,23.3380334508571,0.0315185968637918,36.4338819472616,1.76851386287724,13.1837520590129,1.53958084210362,797.13845040304,1.81722747229658,603.951475970608,-15.5945155114745,999.999999999972
2.45494486769188,1.93708139964656,4.93367332975401,7.72050672584632,0.360221122383561,1.88712508385382,1,0.450799506162418,1.04314717907526,0.477256202110036,1.23591083111891,0.632445111658787,0.798477999021226,0.788185828228651,0.944991305861325,-0.264173854057874,1.17788431451453,0.919791913897137,1.15152638031574
2.70060445144469,2.56965307263929,85.4590857237252,140.035790077692,0.752337006775876,9.82092966158542,1,4.47635430079236,4.02105499740358,1.41740368048314,0.806722717564615,1.42463297930762,0.822554546869565,1.14936979039492,1.80010167343979,-17.2789653673128,1000,1.25824617301044,1.10226323782326
1.30357249076785,1.1172620746686,12.0486642857982,10.8454632487152,0.929912829100529,0.141631877364672,1,-0.360310313288911,2.13444094759799,0.723592627436504,0.685759527048406,0.923729713632635,0.533033773315581,0.606204591635232,0.556956698614278,0.866312484087065,0.881211774671665,0.499412091617446,0.571388142003929
18.8687757812209,93.4673263412853,414.873893641365,3923.87535795261,0.453204772926683,222.166416151137,1,5.96164312003179,54.786312601693,2.32219606100058,7.76804937615655,2.08792011013539,4.21235568566196,1.83214739824641,5.25784930404009,-16.1680910197034,999.9999999999,1.72074289864883,4.69079640097645
5.42496962562209,10.440793451127,23.3030229979328,87.5857471794984,-0.661371289580424,1.68883424291952,1,2.99977304889119,7.44858086472032,1.01506005286704,2.31714684182449,1.37163258342456,1.95312811353928,0.0868817660897429,3.27801927601672,1.20499688561357,2.14282480255218,1.24815453327761,2.2529743386073
0.854228112884844,1.03046000573046,16.004616177378,14.1355334936149,0.64174700999914,3.94797403393058,1,-0.393942108486839,1.95620210599128,0.180094836877698,0.800965802751521,1.51183784220886,0.602737582059196,0.685647090984749,0.97194435664594,0.781998860815715,0.817324015918339,0.933010099226419,0.523993218080713
3.02489780085876,2.98996322585867,26.0399309059563,43.5409295427181,0.938055205113423,0.261330899724919,1,-2.8219868383795,4.29322665923564,1.21336903208446,2.01251374527922,-0.663189255164926,3.45904960436223,1.26407607003594,0.951145778989312,1.15417987177304,0.734993246031214,0.868836714165767,1.23109540386771
1.44135658121674,1.77383495080059,30.1759726377304,44.1012233876482,0.523411180524921,4.32433864676051,1,-0.527760235762237,2.3054791570363,0.839723372353521,0.712109632058941,-0.412733203744974,1.54054312205297,0.740485156479604,0.774371556687302,1.11180701252281,1.04643769458922,-0.167170481665905,1.72878329195126
4.90830665063828,5.40037644563569,34.5252276198765,79.9267915982326,0.98415326230341,0.0462986450556051,1,2.85702080282616,7.71869296865853,1.09433921611681,1.95415088741143,1.51996481066873,1.2476086977201,0.929415739658457,1.21600115671004,1.18131478893054,1.44984425277376,1.39356682206001,1.17892021845485
15.7649761697562,218.519866611369,334.827766968374,9215.96889189546,0.94767448592199,8.8961816715915,1,27.5148458806628,383.765679340538,-11.7022109900054,999.999999994949,1.18984934493404,704.507595252444,1.18192049962126,710.079844719787,2.12196634282375,13.7902111979341,2.42655720062895,14.0046951276112
2.94686479691626,2.58329094444297,10.305419541337,17.9416203826968,0.973615111432828,0.0421278558640847,1,0.105514001344897,2.35403407508557,1.06987142023901,0.843807207029126,1.36852254672687,0.838790097331779,1.09656711292854,0.51334945826195,-17.6265561091205,1000,0.865241814183185,1.27132167025819
1.50638588389347,1.44802472799192,23.0238764854981,22.2799037728617,0.588535893350704,4.96088494352585,1,-0.0402431896446012,2.2619004491468,-0.398510012428293,2.63607277453039,1.03045230883065,0.523531172435114,0.812483383711558,1.52153474038426,0.87132810188294,1.51240629262661,-0.506712023288588,1.59504678922864
3.56120244677037,2.20631323038743,19.8860184019852,28.8241379744881,0.981286031771759,0.0521263272761116,1,2.97789545073014,3.1709394846092,0.919757656115351,1.19657265176386,0.717526068959314,1.7897854135367,1.03085837203134,0.979557873737329,0.895722607966754,1.12812207882451,-0.499021093601218,1.84611869313142
1.38258515922247,1.8677333602553,10.9648940671588,21.1857957001254,0.760337326724409,0.998811661599091,1,0.633798844189154,1.675025578975,1.09928623373781,1.24114212521701,0.163250812216002,1.29112974402175,0.376560703029559,0.726658076076069,0.990775928952125,0.53240557947591,0.767419501410378,1.52123311419385
1.67669371015154,1.65587532129016,15.4237484451085,18.1516158864343,0.618640143580707,5.83595533398716,1,-0.458370964224826,3.08444810844858,0.703692219116639,3.20898948965366,0.776915519720736,1.32816488596445,0.855445600062699,0.808409665555162,-16.6337441015235,1000,1.09513761667881,0.869596546258342
7.42765124813597,58.6770883998187,87.6862123366208,1326.08122746167,0.615509240532566,138.911494237634,1,7.18500891584865,72.0848097075157,0.450582981940536,31.9477941436523,0.850388232129076,13.674148667008,1.58126312233891,7.19593977022358,1.39245817533106,8.37109371186631,1.56590109145614,7.27399653418866
3.94255230870611,3.00727463186217,20.9824379521757,34.1846425408864,0.40082704499573,5.86216612212356,1,0.82851064050765,2.88170024380178,1.06105904071829,0.64578085497,0.00622304147638404,2.22376311563688,0.806439434525915,1.5837585886963,0.586356630483603,0.65966826425594,0.334232713699774,1.13501348648027
3.8155872399137,3.566533867344,26.7251870022048,48.5766456276275,-0.712961280308757,0.681732070347767,1,-0.269525659652452,2.34111828025724,1.09948492048403,0.852529146077951,1.45813446680278,0.965380455770802,1.4576264515242,1.05631544527922,1.70571551506132,1.07851813614553,-17.5906785747848,1000
26.779341987724,403.071030197161,1677.4864655827,50707.7283966169,-0.989999970273764,0.280415785896402,2,45.1353432394988,677.137075096709,2.64310708477084,15.0162516336576,-32.8703044326338,1000,-32.8703044326341,999.999999999999,3.20748205384872,14.4751338304588,2.83266975242073,16.9266561749486
4.84036743134943,25.1597470869984,173.598406901712,1563.95432375094,0.989999951553956,0.106738988903988,2,-2.18159171765281,4.37400468757113,1.89023670793377,3.99613051396479,2.38556692677378,4.55503245259414,2.18953705550491,4.56061914758887,1.71410886860318,4.93155438623304,2.64192146478515,4.85074965081819
1.62241376470992,2.05877923487742,16.110153090699,44.9750927311224,0.563415628169587,4.87197919678034,1,1.09170121981996,1.72897620004221,0.886236500833089,2.1443795771087,0.115177361569755,2.64816348788315,0.193341535287462,1.17365820990317,0.463964557986185,2.02937950584422,0.783646328977083,2.0138438265613
5.86986247711873,73.4446301028292,53.8645835163819,1355.00882556683,0.526701090668505,149.542797738396,1,-0.604099204776469,40.0226644975677,1.02507648384597,100.325833351646,0.853993311481963,135.670311735956,0.908088565412833,224.350439935829,0.384439962821116,112.559440440319,1.04421261714193,241.685643529416
2.93187109195577,3.92536723967566,40.83481032502,103.443263794937,0.224039674061674,5.20091535406229,1,0.297773599810589,3.22753778062499,0.568154737520054,1.37723286870083,0.60032699832962,2.03910320583386,1.77448038494624,1.35317651586195,0.254853649272137,3.50625712227209,1.06072775846977,1.39537722195078
1.25332263165097,1.62621189907643,25.5815185868423,63.0846071975866,-0.327452673637578,2.79086714352898,1,-2.28384036684116,3.65336482340948,1.04134396859105,1.64384003021458,0.861710513585471,1.24330717705827,0.126344604172145,0.942346654703951,0.815807108416613,2.27011019700032,1.15485103933957,1.69724958497506
1.51206411774029,1.62324843820832,23.1355058551303,73.4150479733238,0.665380283176022,14.641362228415,1,2.42613453740942,3.62266959958227,0.561622728552616,3.76075726629462,0.992195373277183,1.87217318673285,-0.108197578424055,1.52144717759818,1.20700420313323,1.46337480104482,0.305228949005253,1.73070811936326
1.96921372340817,1.55166239667533,26.1447081694347,25.4647616087979,0.523800907493999,3.75442699941221,1,-1.27712739274104,3.37096080066139,1.00916219749541,0.845958361275582,1.02276346125044,0.662402227806594,0.39896169167147,0.547561818432668,1.33622957689806,0.779013629235358,1.30566929284102,0.750193463974339
2.0801443887502,6.6311195140778,33.4080949661058,154.721462190927,0.446309766710793,11.5902448268916,1,0.470117988945209,7.54422524222917,-0.0933203908984813,6.37909828655021,0.191679286047907,2.07626436390248,1.05707567705575,2.82868887108933,-0.312478916623142,2.46444929190387,1.42948844964935,1.72244554741049
2.06409261243691,2.37948784340082,7.74833652875268,18.5858213011343,-0.0524483302688532,1.8886433598327,1,-0.400213112103028,1.71031304875472,0.474290993874562,1.62744915831973,0.102089278456201,1.35318439035138,1.31236321854628,1.36094340237449,0.849256754203861,1.51512468943595,0.635093561773239,1.74385741796189
2.97705668968431,3.19961120387968,17.5866316768667,38.5615253777019,0.446193354765865,6.36685432893832,1,1.32935970885709,3.23433166494077,0.664877682233746,1.69597749851955,0.642661082085521,1.53884001285923,0.896468478995874,1.49474492245807,1.00800766928616,1.34955134463468,0.777437069671184,1.91517863058918
6.20636695165007,4.85689433185645,32.7256437781932,57.5816553975414,0.683420113797313,12.9911155410814,1,4.57697862036115,6.14516923162823,1.08426565902837,1.16879072880524,1.17548152879695,1.38470595085695,1.23712040989837,0.855150047868559,1.47047915717289,1.11549884860302,1.10643889396713,1.37207257436841
1.73134888523887,0.962890339222043,13.9187663438863,11.4938607809331,0.55159905670925,2.67967097420129,1,-1.5907635359233,2.07808848263854,1.10091893175481,0.687889298764643,0.298835154992257,0.430609408632612,0.702624395063733,0.715613875889876,0.960538523200076,0.414558549023117,0.885078886215391,0.771319344631928
1.76285208788617,1.48820204347336,7.95274893855269,9.40464207430871,0.453084659850927,3.7055270365416,1,-1.61987088941764,1.93409616561398,0.723092733762025,0.900281408009925,0.933708836544485,0.568717073881462,-0.714702178429735,1.08134472197912,0.728606786220826,0.817825958143248,0.824671874023437,0.890299115643939
312.629370554026,578.094941644794,133882.803761266,495606.431018465,0.67147809084427,999.672199247712,3,253.901134138351,478.442906097996,4.99643742844694,2.03948876941916,5.11063432923617,1.95335403300881,6.00359262515313,1.86032222754599,5.78167564991365,1.96442453937899,3.71195609538793,9.23442478842335
9.62173391204936,41.9611795361718,87.2711474185793,743.363514523187,0.41165065681007,8.27336566490698,1,1.69583371348386,8.62616840589274,1.79419266042992,4.42105045670423,1.00315833057258,4.08235933178932,1.4588884913327,5.00411465813044,0.170559680197954,2.2258835433713,1.01017419425237,4.11890821776126
1.45792158740809,2.0592556429983,7.57074947107373,23.3521542277144,0.921061232542686,0.404801104346158,1,1.92960574932183,1.78837902891981,0.31584500159958,1.2658907273632,0.743860420258811,1.20241471205173,-0.466141497585469,2.01478684339808,0.878575750902114,2.16185344310082,-0.19589318671267,2.99387267448366
-0.0757321865044389,1.40264264583358,14.8006851835425,29.6476237401818,0.55063829863905,4.01871658127882,1,-1.60068431736226,3.25305402296745,0.953317270536993,1.22472711339211,0.6464614683003,1.06526267891163,-16.6464722020719,1000,0.341970508913651,1.53186268920156,0.00433203138625913,0.913552045691744
1.66140213612794,1.199348039317,6.08365989007633,8.06496353170736,0.225280703359423,2.46016742220366,1,-0.702159901696598,1.46532251985773,0.367883094867322,0.743920278426898,0.640135508579738,0.591858257103445,0.71755173521898,0.87834324440608,1.12090369551286,0.53236684842748,-0.236347402160413,1.36868657793372
2.38088527971641,5.02348597806463,12.4699556379333,54.3801452130652,0.61434799638473,16.4550562419204,1,4.7313935821552,9.97547001533462,0.519165773678594,3.00437295676664,0.167323876322094,1.35508271855999,1.37234287060675,1.75881802732914,0.133715193140163,3.18280701838507,-17.502133818138,1000
1.32310112241457,1.59196848069292,14.3934341489021,14.4472816722386,0.434949040542822,1.90018782590759,1,-2.23205484658525,2.41096900055363,1.43518394832254,0.458457877475485,0.954735221127989,1.04300304010711,0.39408730607002,0.748372141598502,0.94095133038562,0.486869822074094,0.482886950251149,0.909665272460789
7.78537464939747,21.2071770832186,199.643248707568,933.294939107491,0.989999968393964,0.0382010376493617,2,2.17503585808755,13.4338855680866,1.3631203536586,1.97240532347387,1.5574092344569,2.63375712908547,1.83360585200728,8.64604671062322,1.64179888068493,4.96334114439645,1.07420299241075,2.56850272779981
2.99060995371531,2.93244916796169,49.9607239409093,88.6519240781023,0.327002026041465,6.78627830033172,1,-4.6470377830644,5.39058209133874,1.83250994480239,0.895652094150081,1.6221886953332,0.773414702337439,1.15718662988406,1.39228620768449,1.75177040056706,0.951182529366324,1.64772399813129,1.31957792610895
1.45690545627622,1.11527252641151,8.75318927748685,8.40606701995005,0.527153106794995,1.52253231324584,1,-1.25749061277148,1.12427512267202,0.892446308155115,1.07635884419173,0.527704529370792,0.653329779270513,0.257729618657319,0.977974605107516,0.837993763246427,0.614779771728246,0.70763098960448,0.376347416779377
1.69054555518355,1.05012594539526,13.836045451634,11.8385859582158,0.440157009010398,2.94840818991256,1,1.20902696330421,1.21001046166139,0.301856644023428,0.606641380976915,0.374387098521759,1.12539233109554,0.830059117285587,2.35510901870542,0.322424586745916,2.60894360320591,1.51412198772506,0.622662074674802
0.923838693745403,0.89880919236628,2.89163826056735,3.99050440565494,0.929640967343019,0.21754756989206,1,-2.11746516302908,3.00480959088693,0.383812855818586,0.508429642328651,0.278226259011602,1.00585753454949,0.593502017061255,0.87000739102937,-0.160890912507061,1.62940065212401,-0.645753544413374,1.26438358278436
2.31487286459735,2.32893072355502,8.85242891319071,14.0763116820613,0.80334029739453,1.03907385832989,1,0.45315225227494,2.94612392651247,0.543834849135149,1.31731372658663,0.216726892630021,0.862474336222178,0.523019012871387,0.946686889388447,0.31643466849789,1.15496058755609,1.54710814969478,0.894214571580232
1.21113965232103,1.03733817983731,13.8819176001634,24.2017053652476,0.521707023607111,3.71428423914318,1,-0.1028189572101,3.95405929221785,1.00223509291946,3.35381858722793,0.350652329716987,1.22352420839205,-0.683111914919331,1.68601957587031,0.801120768594181,1.1606088642153,0.395632760287234,0.644557220088547
1.58541834564359,1.837843395471,20.9853504063493,55.0194754780174,0.537929532396005,5.91511094016335,1,-0.394251115315882,4.55076619455426,-0.0825901826664307,2.01117435286757,1.39982088578908,1.13812520186991,0.423676814310237,0.822047599532085,0.840685626626145,1.68179618624812,1.06101092549615,1.32326858974553
3.39866343512723,5.12328632821952,47.2905947650481,178.775065045818,0.469035260054607,8.48701039076646,1,-0.510312968514757,6.76232834938893,1.27356260762466,1.49734289019348,1.44617545334876,2.03178769446849,1.45592720956432,2.32432752307045,1.13909047299574,1.92643596520784,0.988495020846712,2.35231504800973
1.74743691607171,2.94488949518496,59.2409224511248,105.017650870704,0.574417733316027,9.3825548369329,1,-3.98162383320697,6.0679424567074,1.30292298099244,0.975968422301721,1.47329110280042,1.21543852296977,-13.9865484644347,999.999999999933,1.9225772328108,1.03754723712195,0.56550978752178,1.19619648277638
2.32199483147451,3.41580461288104,6.39695325531844,18.5365404566369,0.261023436368732,2.70901191198521,1,-1.96193875653508,2.06551154999558,0.384139042170518,0.873230065598689,0.784579725382169,2.65012569307862,-0.483118988611791,1.18915942204682,0.0766751119788145,1.1381073350977,0.200296658403427,1.47792928969637
1.21027537645597,2.97994657347442,79.0915317026954,141.775074145204,0.476113722794583,9.21124687601371,1,-3.76495742539886,5.76013651980842,1.53371877760545,1.1186899978905,0.972042725654146,1.00416300067992,0.894363968575405,3.80073957794673,1.64970146391336,2.63917534119585,-14.9733979217574,999.999999999897
4.09130652778644,6.8038080787458,137.248415796627,357.085366547106,0.594555876605151,35.6324168710704,1,2.35535354866335,12.3160341101669,1.47472514760585,2.0424391144725,1.57057836118523,2.76294218853691,0.912363817564125,1.97476431927532,1.61232711537418,1.35556303365218,1.83810993050926,1.52178941573571
2.69892997030918,2.94014967825168,35.3449142204628,79.8855527651931,0.832107570384143,2.70669855023083,1,0.31669307804375,4.31090095708853,1.07926423978635,1.89740951746469,1.18804595057744,1.13279965657857,-0.275777998928413,1.53796108791975,0.665978072051473,2.99430212371489,0.803172306575642,1.37086607830345
1.42577999928313,3.69319287673261,17.6354727633787,56.0434627699771,0.513362601116151,17.0123560897335,1,-0.287465486397655,5.37944210448887,1.10442944543889,0.996458777647883,0.504888456191322,4.29561881562463,0.406440658948476,3.08032698670055,1.22711030906643,1.66955775980188,1.76125319432205,2.02304516242595
0.775475645736349,0.702820961239905,4.00682658031863,3.12267136489515,0.532671741512357,1.84227236583627,1,-0.794892770417564,1.48539366507473,0.868972056073191,0.316767575960642,-0.0758814089617119,0.854872976082173,-0.22800568996089,1.04568118863708,0.18464858736064,0.429276259317814,0.785398243689608,0.631080943330057
1.46493334936054,1.23503133226867,5.93472382908987,8.9840870392565,0.951745210514227,0.122759667916654,1,0.4075533243589,2.3259095105687,1.55610752047393,0.739325149390773,0.301745137811292,1.07766593776831,0.585002332610676,1.05890824903232,0.726021407161045,0.630834650249173,0.219939453279549,1.44976371090523
0.279192695776245,1.21736509064654,16.0246818346737,24.2199350842752,0.895497567433511,1.13654523827983,1,-2.55546620668323,3.16434669479462,0.94908136541714,0.729156894258488,0.386538488544456,1.00531333964911,0.434615410856586,2.63534624056896,0.799433547385971,1.1740785340532,-14.8981601381391,999.999999999894
4.43804606362641,2.53193683841781,56.757248964028,68.6162794829754,0.989999979213596,0.0178684372232002,2,-2.44960912665677,5.78018418660065,1.31670429727046,1.32798927258724,1.67730276106736,0.610303882737049,1.67568478002521,0.552371509238391,1.21215611310937,1.21010936850278,-6.7520748482431,999.999942960706
0.870417064220172,1.02907486276039,7.20100415451399,9.98079084560989,0.831466394474926,0.835576824260875,1,0.855890739591262,2.04373881742572,-0.124897428090273,1.11456342211027,0.509951466226658,1.24588430758924,-0.786924974719482,1.07047957900258,0.725220051793335,0.855840909671451,0.84545909210336,0.807743454850728
2.39232693543337,5.90091272173693,44.3371814170749,218.537192408421,-0.259667619611116,4.68317618731872,1,-3.14804203780742,9.02346212210903,1.18432163890764,2.75959783150084,1.29543860516305,2.31163087762382,0.596013711193807,4.34721940779208,0.617164221118139,8.60531025261852,0.303947296215059,2.90876623799211
1.35452070379024,1.55560398616422,9.55658340561359,21.9229201283227,0.932058387220841,0.403286497997899,1,-0.514878303530549,2.15351107452308,0.380441376431397,1.16509360702741,0.789207380164943,2.54951144705617,0.0477169215503671,1.7454600357386,0.0595624622596745,1.61769554267102,0.431002443875797,1.64013328621328
2.45232174417802,5.41705831674778,56.5131489280643,204.424688953222,0.400111223145628,10.0413054376546,1,-3.89357478227694,7.09666148264593,0.376391832459739,2.27826221690871,1.73522169887379,1.7563273050659,1.67151808828383,1.58746947078585,-15.2734196842818,999.999999999996,1.38059757105115,2.12665009739454
2.90800749450303,2.27056918338768,14.0945562408912,20.0056287612922,0.901811387679843,0.239544959912151,1,-1.07001724597881,1.25737527027209,1.31597647671561,0.778218681205916,0.336024850130836,0.953392173047795,-0.0674437294451894,1.01322714774666,0.913086919774792,1.03991314068281,-17.8131428318381,1000
2.08175094601227,8.53646227245717,16.3343323661345,115.583808205842,0.989999947715493,0.0882006544044994,2,-0.0324842275456936,8.76630296999188,0.585427743915357,1.27525382930273,0.708845635267792,6.60199668274256,0.627146889560606,5.26146851637734,0.705743966532345,2.50751860706277,0.748313762904862,1.71448349494205
3.0955801241162,1.79696534591183,13.2430292551625,14.9431795120689,0.688223629104673,4.57653941427044,1,1.4764496363757,2.15531566425587,0.567052748088132,1.01618275128545,0.365336456527856,1.05283129918798,1.0118693025587,1.17584548322562,1.33559915976005,0.866227350855706,0.566089466144613,0.939008739592054
2.99123084685786,7.11088697777843,80.966173996782,319.836977784023,0.239779814816658,3.9692491846269,1,-4.65045543775542,10.0529432447796,1.04052414135682,2.57797024541882,0.929116437793765,2.29350959233047,1.29165573319696,1.55637903471504,1.98684860334059,2.35002731330433,-16.0874145827431,999.999999999999
2.69702951949866,1.0486642170132,8.77659679955325,9.45015810375566,0.749545581157447,3.59302988350177,1,2.16081753850582,3.07648789158525,0.161475567127199,0.810580477105268,0.695472734490092,1.66662064449123,1.351708531158,0.801872359437766,0.917047672625691,0.75146528365037,1.05171833412728,0.581563686973548
0.913630026569833,0.985358217578333,10.1718987430764,11.990782451416,0.523980836906656,10.5106012181113,1,-0.151590164728674,2.81886968630525,0.328806928908903,1.22835547529144,-0.713982338356363,728.913057303595,-0.651279477929944,684.607654748429,0.583802585764012,1.6348963748204,0.601808658625597,0.614216214677217
1.89396533631284,6.14025182407315,21.8799198813346,116.338098154618,0.989999863083368,0.063801185683175,2,-0.0700300443605072,4.27499935890533,1.10033867846399,1.88184887392586,1.03639520062729,3.85545393094128,1.05238490112464,1.98352981410659,0.417857996365603,3.06981039596511,-0.339074666978936,12.5903270893326
