"beta","beta_sd","omega","omega_sd","rho","rho_sd","conv_code","tau1","tau1_sd","tau2","tau2_sd","tau3","tau3_sd","tau4","tau4_sd","tau5","tau5_sd","tau6","tau6_sd"
2.93537617853798,0.267553627904871,0.0152971745414328,0.0324012122211164,0.394987063316839,0.205003973083921,1,0.0308155499466589,0.432535515806377,0.901962568664886,0.181343223723861,0.533932661618732,0.22962752036907,0.688322310981425,0.191738843820178,0.735266059053983,0.167258192498348,0.670329696918057,0.163810600210932
2.93864951106448,0.246985164135943,0.0913420225151587,0.0603433662540064,0.337465195320412,0.227980061541504,1,0.0341980338455363,0.497796927417265,0.774289229569449,0.263293126691256,0.599550135983117,0.175519056819542,0.825028891991992,0.138088179768462,0.716125995956675,0.167978477383014,0.595358225729531,0.1683585486634
3.29277935565328,0.279571409487322,0.0102737582550664,0.0299851797384214,0.413723578492026,0.185836530572189,1,-0.980924439516553,0.73377822443329,1.23817197907087,0.236965117540404,0.699221273175182,0.205717674150698,0.475391554101668,0.228726388057594,1.13846679013152,0.133131956614145,0.814122923950567,0.127671846979796
2.79083255182682,0.214165672275739,1.55127398181089e-14,0.000249100820909378,0.431238031073068,0.131698980291208,1,-1.54615946679698,7.54330854920157,1.24033174124478,2.16326908480936,0.676751595901421,0.35068424001532,0.657897573203806,0.149934209025128,0.789247240936577,0.136775727069103,0.372717188573502,0.18325876433231
2.73740132861996,0.354403491786853,0.0433322569862193,0.0440328466827719,0.06803510307986,0.401628712892743,1,0.173392253743683,0.657315188422558,0.541093151810875,0.334029569373782,0.307736698494536,0.245266828333258,0.638669012828576,0.227565624756094,0.771594078015831,0.174133372836029,0.627239566538626,0.186587992999521
2.54849650620674,0.198132134849353,0.0403651785760941,0.0406525675437707,0.423409307110029,0.211692614284645,1,-0.685152602944843,1.15918292080491,0.969175870527579,0.435709361835894,0.601670611783598,0.18358003193002,0.278690631713589,0.216649413098809,0.805995865591683,0.108211952528245,0.577445959479605,0.14994525809826
2.88019641030986,0.272776117337969,0.0234699471190953,0.041804400095785,0.218332459745779,0.284032218701809,1,-1.92613483562226,0.974886690455535,1.10629609047978,0.374962052940311,1.03895088177461,0.193695163235762,0.723290210532561,0.183452349885565,0.480204736227067,0.178067696599952,0.895034400953797,0.157699856670557
2.54342521837731,0.156892522607741,0.0321941129869088,0.0234249687268784,0.0400865524148476,0.286205185993443,1,-0.515491948476551,0.809048109606281,0.868021144394696,0.343801583151445,0.582251331306899,0.211953288331565,0.441030715785602,0.174439273957869,0.609189300883826,0.147579833373482,0.606256009884468,0.135015156842367
2.71765658183794,0.243175168497375,3.87720162217915e-13,0.0012453944142571,0.463606025511008,0.118958015497389,1,0.338039585589291,0.445596544939776,0.658701280528821,0.266636702193988,0.535067606011599,0.206702840897746,0.413069654252853,0.162781334327964,0.717639452725224,0.152239931139235,0.488346713325066,0.170328563636461
2.98079330730502,0.313753007606524,0.128720152631051,0.0660524617965595,0.122467951976249,0.222442022730887,1,0.0850987733778887,0.744692444478279,0.576980673636648,0.387755568410875,0.65102032659509,0.219810029566345,0.833314203598644,0.186624726911591,0.787634365993812,0.138894809579866,0.559841371665411,0.204403234596046
2.95259588533094,0.267015208535345,0.032500089792346,0.0384822587349193,0.437726282319243,0.17095683384396,1,-0.15310818846846,0.620082034738594,0.863686252259958,0.272161865563954,0.707021311091925,0.172498083722526,0.489340858498489,0.17831426565159,0.6897288437921,0.143869634153913,0.872100272488494,0.156094311088271
2.58784787076619,0.197378894297877,0.0237404222256257,0.039747702868005,0.369049247219438,0.221575141865978,1,-0.191012239331894,0.477709199932825,0.513619230982605,0.298659477089075,0.70885821235248,0.196570190411119,0.621698182723807,0.170704360418665,0.523061867033221,0.159076701688369,0.615846730910163,0.143465354412502
2.69095771745253,0.179759183017077,4.54424818852706e-14,0.000426345775304432,0.522039675032776,0.101684379729116,1,0.174468226277334,0.371910267790843,0.391393394769671,0.262105137403759,0.75010684483819,0.179881334609444,0.742929247794368,0.123789268436063,0.380842772614077,0.161282566110225,0.817269089084504,0.132905457561157
3.1976726187359,0.390529802275261,0.105362517188193,0.0615687911980934,-0.0271397677214846,0.19812851378982,1,0.388445234467087,0.489977259066553,0.769736866800483,0.231077065197663,0.706054837201997,0.224487001507514,0.657365362932227,0.171365980710293,0.906073465178998,0.161969547583041,0.758722907202383,0.181606452240219
3.12461342537208,0.374228589861865,8.43763908443054e-08,0.0729033147406728,0.485968688455964,0.196029640156821,3,-1.10087910798952,0.963866077034566,1.00693064789127,0.474671818593555,0.83344222064552,0.423495248931041,1.00982648841154,0.156977890419065,0.483645730104401,0.206841143329556,0.868320553504152,0.186471634912629
2.8373789538452,0.261566483672864,0.00403080025647368,0.0586666619782804,0.49118991282953,0.139817235379521,1,0.763328130956485,0.475620199652198,0.394081355560894,0.306290265128577,0.47982063927537,0.203627919182356,0.921275328519534,0.120847058832377,0.552878163438078,0.171711660301755,0.551006695250691,0.187393193375073
3.06584403856246,0.360172740661721,0.0548610744133211,0.0517244378710347,0.0842043780548701,0.341210664795179,1,-0.0497749989829671,0.981971126441981,0.451734978150809,0.592611752703962,1.1273962448617,0.17210581022231,0.294908563028221,0.239569099892784,0.839634755350704,0.173664496210907,0.756717202294224,0.187332147948094
3.28196564527852,0.305456018699244,0.020245833343108,0.0417543956984122,0.394748161671598,0.251869432576098,1,0.479839614929306,0.597246758211442,0.593836364760256,0.317031130109329,0.77929450127336,0.243969825363036,0.864550205692939,0.146853145300493,0.712965351194856,0.154800691270128,0.841455302232451,0.170113884628517
3.39586847081036,0.383049268994808,0.141615214589789,0.0668460654675996,-0.230491779455589,0.218106269365865,1,-0.671634318081973,0.504560946156676,1.26568163938498,0.205480056642895,0.896563626217139,0.234456017815631,0.775072828588969,0.174555576691625,0.516098025825194,0.190440021092778,0.932002914462082,0.154089271285008
2.73244237296511,0.224482506965716,0.0259730029865774,0.0314119360057953,0.234116557092217,0.200262187330571,1,-0.354157705566457,0.980596923050652,0.992095017484079,0.379891388208994,0.0265531150267319,0.281418690329725,0.672844230048298,0.154073138665825,0.727800357119596,0.156993031128115,0.716543434396133,0.166469019020312
3.39180452644577,0.374982627281212,0.162064170377098,0.0587902197595535,-0.15657568871364,0.258448695127805,1,0.5721232059547,0.630689153890599,0.425184590018875,0.375590882708112,1.04677384637463,0.173675114292376,0.61578180692866,0.192730610212375,0.731696654338269,0.179241003999476,1.08433105835292,0.143939916885013
2.999985889605,0.320896011374851,0.101453546140091,0.0580544148715104,0.196101361985893,0.256644644579229,1,0.289930888146982,0.564114316898003,0.688303885576168,0.312576695974422,0.668587780907168,0.222316771470744,0.514028613734783,0.203590157764826,0.904075119933897,0.138718414254598,0.705825436846631,0.16772120825701
2.98945059753541,0.264769130984179,0.0750262577112008,0.0563062147030259,0.351285847059961,0.23534088850513,1,-0.00296657455874713,0.575636900098422,0.916848764983135,0.252909370741923,0.485216782236812,0.237401704455589,0.807030193133765,0.139036028521721,0.376286355385657,0.188590652027207,0.977345539641321,0.130756548676474
2.91909023144013,0.361008778633454,0.0430629245162192,0.0778212357553817,0.424600622728799,0.326636245327313,1,-0.308592386746567,0.615339840012071,0.725828644064214,0.318489912373943,0.802467425196686,0.244572030749065,0.60411099685289,0.222638195122826,0.729805619132624,0.1652946435839,0.716102825951871,0.196584162038179
2.89413470591184,0.291171132550908,0.0823638014734797,0.0571541044596193,0.408018308641651,0.282228102351383,1,-0.5659335063726,0.631481542347614,0.920701655176652,0.22433981792293,0.715960291590423,0.21926575736517,0.784882355917828,0.157082276663928,0.742935678978064,0.174823996892317,0.669257691246189,0.148331477952067
2.833258983332,0.231204349481289,1.2038102346969e-12,0.00219483588045548,0.524020703960685,0.11417290607252,1,0.369158306246278,0.431374068721347,0.415714945559448,0.329964878152876,0.875812806039725,0.214241785478504,0.634834792553594,0.144616471210606,0.60093621841434,0.151745704273211,0.618092612123211,0.163947882057607
2.58703358624633,0.18577185640661,1.75572108424567e-14,0.000265008033511187,0.39477911062722,0.138454135638112,1,0.168664249422544,0.600039738906092,0.529863729759403,0.332769322178443,0.467795743272233,0.222540666237256,0.839233299799124,0.149687686466237,0.505054477487861,0.160608037014999,0.552126253844614,0.154886446299182
2.91422183581395,0.244183741355126,2.16608460981394e-06,0.0292560203920873,0.360568033111901,0.232977005470238,3,0.521674162219584,0.495630862787682,0.0195826073211028,0.460038552563562,0.926921517060785,0.168550150128981,0.649464796382825,0.1779279075752,0.631135159948313,0.152797622600878,0.871978596702247,0.166644011950412
3.26581363039637,0.319040088946468,0.109522101975468,0.0996574763406256,0.410950935175894,0.270891481160401,1,0.56520291278183,0.769279169770331,0.681352771386656,0.36194658287956,0.785406799793189,0.18665122786964,0.537355211278496,0.18182121674768,0.894462879974905,0.143406553485011,0.772871093794521,0.14705877846982
2.72787628472583,0.225494669437806,0.046559297712294,0.0533900488813292,0.23297009047834,0.261068378434898,1,-0.2675738285054,0.466178175579309,0.677134606071881,0.262096606440338,0.705237004974751,0.206713137805547,0.543082468078354,0.155681556939431,0.788532944044973,0.138024792824636,0.699985916181272,0.154232441126622
3.45018343212675,0.390896197489849,0.16689589977587,0.0876452531375471,0.0772956177740711,0.253369951923705,1,-0.35659005929721,0.658994638515849,0.936200322065561,0.298980331159274,1.09111273046541,0.182669361532594,0.739009769331614,0.174160279515975,0.597160499469663,0.229235320521354,0.986568752178542,0.136630631306299
3.44431364937446,0.261575353565195,0.127585748388403,0.0603974620731372,0.30380314659277,0.295182587171695,1,-0.274326305737354,0.471309540592574,0.926062290920074,0.228232581479181,0.871618695278943,0.186663935749557,0.820115882507426,0.141739196574308,0.850553179743922,0.163450822280275,0.693910097792089,0.157022645595164
2.64115106626366,0.293765220639523,0.0423005665085329,0.0376617629128918,0.038208469311107,0.391419923904693,1,-0.494016278728249,0.808177404434277,0.841008154741593,0.383181447053608,0.571628770284392,0.256087644737828,0.692155950398041,0.210762738765775,0.83829984617353,0.136584102296782,0.544222074401519,0.203298517287145
3.00157439909632,0.352850320924636,0.116135090291266,0.0805539024584997,0.230963894763801,0.35180548866655,1,0.326511578022099,0.524272514986496,0.832677468802862,0.241680463320129,0.704751916710128,0.204504874205485,0.638932227595262,0.214198412392423,0.651477928803529,0.187376458856653,0.840174879940768,0.178500619702659
3.00440707639405,0.36246173794682,0.119325883622179,0.0769543261541498,0.312340792082612,0.275159976554206,1,-0.30440147695757,1.22068123802151,0.812799586394016,0.578021794887602,0.788398003224647,0.207874061181745,0.792841086065416,0.179021975657737,0.579282575523495,0.172684678593067,0.732845619030971,0.151706761168295
3.44591308826013,0.411626365985621,6.61625852562836e-12,0.00514488816997574,0.652386817810212,0.115106606008741,3,-0.389785716002638,1.54970354361329,0.866137988059632,0.660300883753039,1.16235549538129,0.232832896233298,0.460384098825024,0.235936826135751,0.71897444641917,0.165423971232442,0.918247138427642,0.210985283801441
2.8841062826796,0.278623386101386,0.0711381937062681,0.0510445257893239,0.149027259370763,0.322226078259608,1,-0.0806536653730109,0.577209039873707,0.669876830996448,0.31179208983547,0.749420217783199,0.184652432784173,0.512203194651603,0.178080325424445,0.737012749131658,0.159881131188906,0.772049166464437,0.16850285960547
2.89703432739765,0.320788654181045,0.157278472204988,0.0568623832666707,-0.0464092501963428,0.307309965021201,1,0.419234567483613,0.54853592625684,0.525114946640661,0.335450884588479,0.505333395326511,0.228504821510385,0.975904328045634,0.164198020387168,0.298856030108718,0.225550223447305,0.896449618761044,0.179830259777696
2.49721049614209,0.245599312435013,0.0342733112969117,0.0314790812999555,0.200714290266206,0.243544048891019,1,-0.541207997149808,0.670931304999203,0.905195888759538,0.307394990513402,0.541088287143795,0.198031765240074,0.391565744155015,0.199393226506552,0.503901935668341,0.159342008744837,0.709920715946787,0.12940927551718
2.76505957395787,0.220274200629504,0.00175043926680864,0.0570245741412871,0.600926538558769,0.13024918858783,1,0.0885664511753211,0.502464181101719,0.605684767938925,0.253417359709936,0.666916871158954,0.21054826049022,0.684802557297099,0.15423297301878,0.509204400753857,0.147598656987503,0.753968120360438,0.174125761215607
3.09439807375447,0.31243426876387,0.0719848738706281,0.0545953061269328,0.0742779293157631,0.280724042858987,1,0.595091635503724,0.445835444449956,0.229426041662407,0.332702562580597,0.789973912792544,0.193180317040135,0.890590120271393,0.158808235415569,0.742336583298826,0.157552545448408,0.789583840785764,0.159093713231267
2.53330208608026,0.269823886078599,0.00139106232502461,0.0566360665805032,0.489381697341658,0.214206642615937,1,-0.263102486590208,0.63467680481932,0.568632180465257,0.318293385916054,0.507924878960947,0.268579262734828,0.784639634353954,0.169379179247055,0.477376022277168,0.173451777976103,0.788326497442233,0.155338277131166
2.97223042768119,0.29081490132077,0.0742831255300804,0.0482860546207266,0.352021634168659,0.208805191786685,1,0.353577438569267,0.414991755990937,0.581258738613722,0.232904082729497,0.644619144738694,0.188531890970968,0.715887565778409,0.161539168090493,0.61623639105318,0.177001665576403,0.757390034754264,0.163402199303589
3.51209513505737,0.522440701215819,0.0959638463750271,0.0856889674271131,0.329623362452984,0.474550277359578,1,-2.17981657915009,10.7918157969736,1.70468224751841,1.96064551944141,0.520410787115865,0.320135937133133,0.784381356127949,0.20158075179258,0.76886911711594,0.184526423538449,0.802835679897799,0.218536732688978
2.7380185841575,0.30080870785381,0.0482968833441864,0.0279751321819887,-0.0546700722784738,0.222689760913577,1,-0.194830758745258,0.6030779681938,0.836712437918109,0.29450305086713,0.315991267010373,0.270802313576776,0.739008404681851,0.156897894347515,0.746821788874138,0.17040933546879,0.577205286985474,0.157888292458107
2.88425334043409,0.316512558477077,0.0216910805787296,0.0323702154780992,0.101733872224926,0.222088292829111,1,0.0572506094926635,0.600721528045385,0.932412810000318,0.241625738802419,0.638847583863851,0.228025660512392,0.531322199645702,0.197794809137344,0.537506545194084,0.186534315099742,0.657309531052501,0.170644380608514
3.18378516616069,0.258098539189813,0.0174703820601924,0.0636898154156995,0.521279693380055,0.169059902223361,3,0.641965278765044,0.442613809576811,0.711848921081766,0.24946442307147,0.472410543417683,0.225640642714335,0.99921638324548,0.138759466504676,0.809349787725846,0.162014922315702,0.429025440981388,0.199404212575505
3.07824173718068,0.344287797751188,0.0527081063692238,0.0530546596269126,0.485382257276818,0.223699687616162,1,0.111692777685577,0.645493154351308,0.777955115433965,0.353991485765887,0.739563711978285,0.218850170381083,0.610221794548311,0.201110669679133,0.832465006165808,0.166592399512119,0.960408867582599,0.149838812800653
2.80124811410212,0.278154381921841,0.0559407300708544,0.0583324395936075,0.498363592120121,0.229059859585372,1,-0.646158811201614,0.891490194316983,0.896858448134715,0.371699304313014,0.875048581470777,0.181699031624975,0.435416862135013,0.230447511652254,0.704375427581474,0.149862981429435,0.748543958751322,0.168325605267036
2.68903925393445,0.198582030566548,0.0394018852776572,0.0482162357222523,0.340547602295063,0.239632553406219,1,-0.721656965493982,0.556884109496207,0.850164084636353,0.258793934959549,0.792987612800176,0.170476637453789,0.540838130616403,0.159975235246939,0.792706914585643,0.11698800773117,0.563468311629394,0.172253598564139
2.95181794056932,0.266806764476647,0.00531425760629686,0.0349938258650557,0.395811395949525,0.174796232852454,1,-0.716257395261836,0.904923318123137,1.17539245384956,0.294640382896921,0.374237758046745,0.183235520348439,0.63430698497289,0.16440889788433,0.80164315103348,0.160229439211202,0.82499448500114,0.155738778347301
3.14183819190872,0.297310709632272,0.0713868297815609,0.0744643621178187,0.396193521325517,0.298741659893575,1,-0.553276672978707,0.534315101752687,0.690059297574486,0.335847208074722,1.17726251098059,0.194772032166863,0.469314919421435,0.245518938394782,0.778074277251846,0.139135994207336,0.942731206338398,0.128334845198364
2.59663351321142,0.212759388632022,0.0259075098499391,0.0237051514160636,0.0394281981957776,0.150751666830981,1,0.639731726962767,0.288368677049762,0.0358621191475413,0.290265322771683,0.592269611120416,0.165224692504559,0.754505954838928,0.144415545326605,0.508056281567122,0.158135969059695,0.619836228557373,0.162408282617129
2.92669595732416,0.177380171520878,0.0478927251391384,0.0435778466012276,0.419605774839328,0.260755834943116,1,-0.660040724903477,0.606917978948267,0.716300430165012,0.353063425272277,0.813104672448177,0.258840004390368,0.679432019211898,0.176742745167344,0.718816315630188,0.128779719939046,0.828151484214658,0.137585976954647
3.08601043837023,0.344080803465687,0.0381249558397663,0.0603024140151141,0.594033643574657,0.158128691600191,1,0.352089395214947,0.648528538523704,0.677090723768632,0.364211299542611,0.886476432032763,0.189177828351576,0.531222385873761,0.209744746265536,0.758526332014092,0.214810126885949,0.554897876118386,0.187977777441871
2.81420427114177,0.278194699479838,0.0977043611259855,0.0411587409616349,-0.117035257735216,0.215175377279122,1,0.463413363132563,0.587775162496126,0.329888090272322,0.44387753842175,0.768360681788256,0.228257572904388,0.451657446562014,0.207009140163318,0.789894888680002,0.173938456443836,0.560368959431557,0.16735088232986
2.79716823645286,0.363915641099386,0.024497631217318,0.0456587592868124,0.148058960308813,0.271256547945495,1,-0.510396417950946,0.504087124551048,0.824011801675287,0.33382200184089,0.680530962470501,0.199442781354463,0.904676044515993,0.188037064934182,0.040949440237537,0.253158997188039,0.752175009705764,0.181483773881464
2.74433340881353,0.250465755448601,0.0529653536124912,0.0495511118749443,0.310502990470015,0.249513824526518,1,0.182440746685701,0.441171902811349,0.658667396398518,0.299632164415804,0.605812038838735,0.239253008931538,0.517383883300442,0.217143209635976,0.603141934056455,0.164933171967983,0.617611067818142,0.171487154753138
3.05537278062177,0.287923150011784,4.67349783658441e-17,1.36725972314132e-05,0.593376371898561,0.110901011040167,1,0.488997762209175,0.440881823581601,0.621365295586639,0.261045046036342,0.614623589040519,0.188534990833884,0.836864930164413,0.14651805899726,0.780031492187807,0.1706078995545,0.664800229122471,0.149847208198779
2.72444388463511,0.23524520291447,0.0385482302448512,0.0377074688460713,0.202655540978219,0.216405929508928,1,0.424913392471194,0.446049065716466,0.66656120804441,0.237797523731418,0.431136324500468,0.190333865014886,0.551042744494245,0.183546491511867,0.781694355834557,0.140600678086499,0.694326588275893,0.161417479623317
3.20513332650275,0.339533781344216,0.177287764534855,0.119017940662065,0.261355891018803,0.323238991128169,1,0.77653673319431,0.638931274273663,0.438500499348011,0.388204659760215,0.722742169560498,0.218690698011813,0.818249320932513,0.148763605745352,0.734241497269769,0.174676798997124,0.893653987596404,0.169053796110863
3.25493098171944,0.363916040618688,0.0548709505785258,0.0580852413694825,0.0890946382980476,0.31347818473065,3,0.598425737033766,0.594685698990086,0.449895640669896,0.362164462817885,0.749566438600153,0.191377249346333,0.87411997976026,0.176990772937253,0.722812386875888,0.163535856259734,0.825303118972957,0.18284308289436
3.08157233476637,0.357667225159894,0.1074679416454,0.0811452303547972,0.125036518850895,0.289650319573046,1,0.596128816614071,1.13814631954528,0.825818804247251,0.506367653359678,0.531575751833191,0.186366152822135,0.717165953972254,0.158218144530455,0.742193095838723,0.199271331691856,0.652561327592311,0.20593295058306
2.87961118364438,0.25667805030478,0.0270443490834729,0.0589862182795433,0.537447436381394,0.175663116038013,1,-0.0641741314678689,0.59031020814842,0.52550049771528,0.375409706930815,0.665242856221404,0.208632250794089,0.965532808070793,0.115188722693935,0.653983679773788,0.163300402760811,0.713919204096013,0.165142289199998
3.25111919992525,0.336069631855991,0.0159521956656276,0.0833348809641009,0.584878623084025,0.194609944663211,1,1.15914514887728,0.892070376757795,0.449221485118012,0.507946994954987,0.480384648120782,0.269200229841452,0.889930726157899,0.178845905776811,0.814206510176348,0.165593164573369,0.627164307712711,0.185212366597221
3.05357538858625,0.313697279844603,0.0899088579683834,0.0433057736480533,0.0576282397027911,0.270107967256091,1,-0.0620024532007053,0.596972619409928,0.565759243317671,0.379699168672538,0.728488149352749,0.265977694853841,0.884919078079233,0.190739128575804,0.844771906929708,0.153769145119302,0.722592406328853,0.167766336190156
2.59700420325928,0.226726831229798,0.0318470488072684,0.0443748162424426,0.36413589169237,0.226853182356674,1,-0.2225729003568,0.697641884568195,0.730584860815661,0.330508813325961,0.610245526875793,0.205237068895988,0.34129631351549,0.200320034533588,0.757512112000027,0.155162516659321,0.639077038621621,0.144092129886713
3.00166133807254,0.294694812190455,0.0750478585684758,0.0400547996094075,-0.160145227059452,0.219989372277162,1,1.03401175163473,0.483410720406434,0.390215841348598,0.370872781953532,0.675914984358766,0.256247675551847,0.709984921949022,0.207339905085363,0.590874422972315,0.191835758592723,0.780639815125905,0.129148996804227
2.6993686518248,0.241767718300195,0.051830045031804,0.0404525854512956,0.187037363947541,0.16443549928132,1,0.231274446722024,0.523563768379178,0.685872073802951,0.250918376497269,0.384792635690857,0.190905630000712,0.43528501261486,0.175520128537743,0.662697618378884,0.154998842251336,0.859596960139034,0.16018704718671
2.83574689120386,0.345052778348474,0.157150202307079,0.0627408799938111,-0.150510678727766,0.26982715073219,1,-0.611848213284971,0.55891071910672,0.731543883717867,0.372342030523175,0.952042685692181,0.215622296484152,0.467009152867129,0.249121334236134,0.886601256600217,0.185922452305797,0.516267584583776,0.170919959513195
2.90125328839828,0.256086025669203,0.0701244670976065,0.0522655958130431,0.469323641469123,0.184507485715023,1,0.310732883954672,0.46427462394231,0.0365347244742908,0.403995517646329,0.907581631881029,0.185354826323644,0.651899289042774,0.191783054355666,0.839486516591597,0.150534454404591,0.489706660692444,0.176719605549528
2.89847875255722,0.289659745170597,0.0148857211762487,0.0532609994730122,0.527408963254021,0.224856054700443,1,-0.893620951464775,0.576725844239565,0.909754734850116,0.277719792269595,0.883788965657065,0.190145607946837,0.654268620870115,0.186788527835776,0.853240781175426,0.183059497442857,0.785606729041739,0.168411628104766
2.86192085979938,0.296114126028097,0.0125184965035784,0.0595161075573452,0.498249256145076,0.18169625119127,1,-1.11401473825121,0.715254776481099,1.0850841873081,0.275249402527213,0.707097426138226,0.19100993017085,0.757854229611822,0.159487007925738,0.787665762580716,0.150811799069307,0.192081403257437,0.251758921386488
2.51536714041451,0.242070241812343,0.0215670489662102,0.0293111808095796,0.0657657555729579,0.26136788464224,1,-0.0278552341692673,0.434214222534747,0.558586362744883,0.253991771498463,0.47872726727286,0.244386603393915,0.592621469776175,0.190052893858062,0.451727531478734,0.193351197551858,0.759250035804018,0.157984081183619
2.96110657176428,0.288346414978019,0.000253820415865154,0.0331569424711405,0.164082369278476,0.290246235111753,3,0.0010674329337432,1.34783744726512,0.754344838210526,0.6281045398327,0.772441265119082,0.195845812098474,0.801723132601206,0.197616267291925,0.677050270142358,0.159538627138073,0.817969367309373,0.153777553107115
4.03262651355751,0.485573228514486,0.329273250275991,0.116200459551998,-0.166753798674826,0.219854890841548,1,0.886256784596198,0.533911595252805,0.594416962490366,0.310841542356615,0.931979399610507,0.167231355676865,1.02269025613849,0.174982431063956,0.896850869246629,0.181982980433089,1.08147631743009,0.193729168384212
2.91142368170967,0.35747777343458,0.0234151203848466,0.0496778369438025,0.351637896368707,0.296787468559233,1,-0.258841709465957,0.458412458890855,0.875287915815327,0.283445979208217,0.39927940130926,0.336789302399623,0.87223194198001,0.168250534973948,0.724095599286295,0.22505504827693,0.758971015109531,0.165243044406461
3.15769246059565,0.29975259007028,0.0184252826055028,0.0741351699914472,0.641598953528744,0.152110483917196,1,0.113452897214587,0.613578237649818,0.549254453645111,0.391446480308824,0.887820369926897,0.17552508669509,0.809267393400709,0.161827602067368,0.958676306509347,0.154003922068363,0.554022124939882,0.186661342095687
3.01625525528569,0.274337778811115,0.0822820356791685,0.0544239285531063,0.172777184275459,0.30630586527209,1,0.227192252999109,0.325659797510869,0.675138991760662,0.195760859775836,0.625993125733807,0.248505805281679,0.821553144053897,0.16095665605726,0.654181214790023,0.153992578665367,0.614526796529469,0.185969901209916
2.94002703151342,0.253973022749323,4.1267772031208e-09,0.0462650506239109,0.430148256880923,0.199880506449568,3,-1.07423582046286,6.87275176219856,1.23841202726964,1.98327976005948,0.626098067272647,0.221786823447037,0.692003977812552,0.155252032723076,0.581205600058617,0.166578829077585,0.745040731513213,0.1486597166391
3.11560913377127,0.387288331766126,3.09665250489327e-15,0.000111295171944478,0.630683830344605,0.120862527741844,1,1.05372151365441,0.790683293285539,0.382117487300776,0.470644799910097,0.782264638220748,0.237071755009386,0.931379715687449,0.195755124839089,0.418354216148754,0.239627167471012,0.816934059725743,0.170892739373627
2.74212838934859,0.260304484023299,0.0325285062650096,0.0396393403748786,0.252510786916881,0.238737908074077,1,-0.268227734286436,0.400959367567278,0.657415073228565,0.266848679598497,0.735071592395581,0.232255156101683,0.275866600765073,0.218576374906029,0.845241051640503,0.157830230243273,0.734961088438373,0.158027381656418
3.06373205020279,0.317426593317565,0.0750053051821464,0.0441913256010828,0.17164560186542,0.369990315477893,1,-0.0428004864121946,0.355593257227086,0.489445325516487,0.318565301923308,0.982107827302791,0.178017734817046,0.689311863012662,0.175646837812191,0.823657207695353,0.167637228607097,0.602399332815883,0.173945883265004
3.47634390164914,0.390726930221368,0.106131962209914,0.0835217549445105,0.556336870829274,0.180603051142126,1,0.282585401664071,0.49871773095509,0.581396757418352,0.337576501368973,0.711271641098357,0.218432093278227,1.0537788775665,0.160748049174928,0.870301567346107,0.161461882290681,0.784971320623891,0.162431743524054
2.92613313913661,0.376667531525397,0.173002870627971,0.0875004197215451,0.159244438257502,0.377299155986152,1,-0.375720386540345,1.14318673484002,0.523530782908671,0.569123032976614,0.873839185021278,0.28462313824727,0.681588311737819,0.193475243084695,0.847520980479069,0.149758657434835,0.310499465694952,0.212666592930196
2.84852683500427,0.296436891223558,0.0647180172725362,0.06491745015196,0.401211187114335,0.315876364213019,1,0.261390455901337,0.504639326714854,0.353677970656714,0.369403783572404,0.555575920782959,0.274025654951474,0.883817662370777,0.146422792931967,0.815912840675725,0.163444015519105,0.654710320704205,0.192664043758948
2.58939941694529,0.267127550318063,0.0151493359349768,0.0441692308303921,0.322431784603205,0.226510764620336,1,-0.0759001424222619,0.646393957013637,0.834899260942316,0.289046014209255,0.446725523520008,0.191237491428232,0.658427641950405,0.137490060307202,0.29672409100901,0.19036271059513,0.738873720374708,0.15609727068161
3.30179832158117,0.397327296799225,0.0331618909935428,0.0767354204035495,0.564417969800141,0.182420567907963,1,-0.159907701112783,0.684429133600067,1.06160099737728,0.286512448773147,0.629492242404256,0.228209069119202,0.810971341995128,0.18661164926931,0.728702383754638,0.190874901357724,0.815023618074395,0.207408396331108
2.82207260463681,0.326477778617178,0.143880050583477,0.0920403187476957,0.435939473880012,0.336262177770021,1,-0.0851832305932376,0.429002777936743,0.726663931952978,0.316678284398973,0.658954806259926,0.262979864518031,0.780601113683531,0.195101565865075,0.574754366196198,0.20751974606489,0.556302960385983,0.214330175127257
3.63682826393581,0.38086545978414,0.219513383836066,0.117640523220473,0.1987600355996,0.398608635868498,1,0.465584023289336,1.19558392916756,0.804158242317804,0.532276845612047,0.940026130764164,0.201208553217259,0.639623887880766,0.198305512501146,1.15401597711515,0.144278009137767,0.565316344434375,0.185206416706352
2.76846215008274,0.314539882393379,0.0264855963925308,0.0376430263322924,0.0714834782542488,0.224006953942691,1,-0.508226036480557,1.5891601504376,0.839227249816774,0.685609976409554,0.567368665264325,0.229928331853674,0.588837325078459,0.176397377066601,0.821625184494644,0.167636459415752,0.530194818927391,0.167888300898928
3.26130282596752,0.330140347552714,0.120066339431411,0.0557392293239325,-0.0515562901997414,0.217426892942513,1,0.113525754452433,0.94680843245624,0.91151906227178,0.407298494902542,0.657045297996353,0.1944243832834,0.961585839403938,0.150034027836247,0.604464061917551,0.152835093750621,0.688559358135092,0.180628985689993
2.75390917916687,0.3824169496023,0.0757326407075174,0.0667144442609209,0.242244599342023,0.22256188152322,1,-0.317130229577084,0.722887232762974,0.65299506076794,0.360240821430478,0.497832753011329,0.257651033480204,0.71345220006666,0.194166842262956,0.684379903978211,0.20540342439892,0.659737140433158,0.185648854763203
2.91608867857648,0.260091672381079,0.0679495428931226,0.0521732655348911,0.170899913617915,0.268985040591571,1,0.0552677481127488,0.616626482966464,0.513688316082781,0.348374974580453,0.971659623760547,0.173460691892477,0.340145906386661,0.225767102146628,0.953054351626653,0.132593592634755,0.559110413188511,0.176305383694189
2.45116451897361,0.226640373832659,9.54650522068226e-10,0.0600667746022639,0.457888766115543,0.19369869420459,1,-0.349078681189186,0.55191607948084,0.773529807202196,0.233999566567273,0.522403149582544,0.185988284580077,0.695136920690899,0.147316782956698,0.419208566972479,0.158166856562052,0.294180861196619,0.191518568772294
2.72993691589269,0.277083878258135,0.066437581102004,0.0535015664767859,0.414196302699676,0.271346092610122,1,-0.172207204031591,0.697119016835321,0.813292980355568,0.292956472348568,0.550678626586835,0.216273555527927,0.571252852097505,0.179659517707186,0.745090971794719,0.170111120957164,0.50506875618752,0.195297455352782
3.11966138300061,0.279544145731595,0.0618203370625102,0.0568122365649416,0.249376074612575,0.260486689969122,1,-0.496002613436159,1.1485231997566,0.928231500050727,0.478444550641626,0.844245285516746,0.176772359387805,0.775620542482979,0.153179016914919,0.673208733318089,0.142860028106536,0.820667093308117,0.176106786251241
3.21905167994621,0.306861531481729,0.145299573757069,0.0587447462969818,0.0420947255872604,0.308042246316706,1,0.295246206951082,0.350466053760574,0.492810686451744,0.255809752232167,1.00055842856379,0.182341258812033,0.628678391803397,0.176792202536323,0.839510412958281,0.161898512196258,0.832004109767946,0.141914212432467
2.71614299567764,0.198258297007421,5.65868908574394e-13,0.00150462850593893,0.421015295131609,0.150307259579042,1,-0.142211554069072,0.592718170282544,0.647057885124816,0.320100750706468,0.537926525518948,0.219141226375294,0.769678344545119,0.157050083481681,0.453095931069976,0.1827589411751,0.717256951621385,0.151933965947108
2.73526632453579,0.249398450975298,0.026318151445945,0.0400638767303798,0.300162240464987,0.209270858430227,1,-0.949214423475416,0.377891024606471,1.17686491802757,0.17148700038272,0.163441089340439,0.231367912464322,0.913382239800549,0.147978651760258,0.682797318095172,0.142268028892181,0.692134513996229,0.162747043627731
3.0551921209325,0.29411683441259,0.0945481005699059,0.0528654159168297,0.137885082333446,0.289693597637376,1,0.545455611863965,0.521795366835589,0.470766604520583,0.27517082903124,0.823304890528159,0.198607110419146,0.762426249200352,0.171112018108672,0.660496600903456,0.1561410646182,0.709815897709626,0.154269987500433
3.583155640203,0.379906848125344,0.156726228580511,0.0694910834397822,-0.0165780553651056,0.320793723750726,1,0.585604048102625,0.992811916810131,0.744969521497161,0.44214900744035,0.705374059219032,0.185540604026275,0.75743398243767,0.185970202997212,0.880206100258932,0.181605056963476,1.06858199077043,0.156303644129626
2.9798943367899,0.208262632646991,1.92670655528215e-12,0.0027788134026337,0.205257391438733,0.113955856255215,3,0.75441781452434,0.372055795813361,0.329644355610684,0.301614403148185,0.489108344233482,0.225862480717153,0.969391539680593,0.1357458205944,0.56293709171786,0.142199486824396,0.900011294972249,0.139425376007069
3.07872213986541,0.276135510167815,0.0756077085195953,0.0625717095780505,0.26268076426045,0.301927803289023,1,0.411259148949552,0.823725783685561,0.676677763130053,0.407703405875921,0.536655997888217,0.2154977341012,0.924002088670281,0.159736595828479,0.503670902882937,0.16151122930868,0.833460749043817,0.157206407369233
3.02841714515976,0.24578344871837,0.0724397208447642,0.0609281963539112,0.599030183083122,0.133660541162829,1,0.0187223719543385,0.600827158692353,0.745383112723071,0.300449491207226,0.743191632652959,0.161369012369811,0.327265758855275,0.192387835766407,1.13444835598776,0.12323869872949,0.797510555684552,0.153189992329962
2.66382269218896,0.319794923469732,0.0469181172996578,0.0751108419208623,0.427404005148904,0.282427189737468,1,0.767126649908778,0.614904453437651,0.524325214809625,0.332907172407199,0.39161835009638,0.217235807876649,0.504911250240551,0.212974454719654,0.732575658665321,0.184736767889346,0.547779324121354,0.162873338893821
NA,NA,NA,NA,NA,NA,99,NA,NA,NA,NA,NA,NA,NA,NA,NA,NA,NA,NA
2.55412691333458,0.218021477243275,0.0332966180000481,0.0296108233679771,0.0120285824495795,0.174158049419175,1,0.0190268921778502,0.401226889937678,0.616204167246927,0.251708104489465,0.572767262806078,0.18288163840494,0.49190783556468,0.169870741629628,0.720395996468573,0.155149597887682,0.497930631996897,0.175376433855191
3.13309008903239,0.349275717897641,0.078365806362665,0.0609870093888963,0.143487761039192,0.299702629815612,1,-6.37407734297319,992.961933485435,2.1263369002508,118.433967265564,0.78514301436717,0.254216397650332,0.7961532614032,0.185221394294482,0.609908583593997,0.192057831664152,0.917250625696897,0.173471278029248
3.15496709851997,0.342889850920265,0.133671466566292,0.0831343515197192,0.407847719790147,0.184432718671462,1,0.285206323976593,0.474384989093771,0.623797914735728,0.281769180172256,0.99340569814327,0.155798799641035,0.450773508646754,0.198394825008048,0.825588362970728,0.177790887337239,0.602373931056459,0.174136559996223
2.49578052701669,0.22259834030808,0.032493276636278,0.0353582710314439,0.217205160603588,0.262916012570607,1,0.46660740514454,0.86651457725682,0.252023170384479,0.596811058656536,0.583661010069369,0.25139442374562,0.366503535590289,0.195591151061738,0.724085940714128,0.157046193070598,0.420340391262868,0.164861914406083
2.71827107919645,0.249806382905457,0.0448432974658219,0.0460320356216196,0.197219459320651,0.241183501436139,1,0.0104318059849806,0.489412292397958,0.516976277754632,0.29127895506073,0.516984711538565,0.200134703873281,0.790495939410561,0.160880824921529,0.823800355916223,0.141509699641291,0.627419224087886,0.169992894024229
2.60848923950297,0.221926804799581,0.0913745093799009,0.0560690776112944,0.262060604826335,0.210485165241791,1,0.440618356901157,0.43827450201501,0.463496111836912,0.274834705984709,0.467225522155547,0.23052615037362,0.515238629492285,0.170972055521532,0.579172829011791,0.169523176734367,0.828831567831291,0.145653118144781
2.78878253459242,0.261501342078674,0.0899395582801727,0.0706978771184211,0.3677001817248,0.244022285935615,1,-0.361958347071768,0.733457386253757,0.935275102934144,0.302832964442763,0.623478652156876,0.17953229223399,0.685083071767806,0.156995072736257,0.673348999788056,0.176759933579718,0.687115538593586,0.154715818933678
2.96700843312872,0.318799175586694,0.0574045259867149,0.0590409201535671,0.352615948321573,0.228072496109223,1,-0.264418388740932,1.61608056191324,0.870274852505814,0.65206954707481,0.679506590782388,0.215749975465863,0.747872190200264,0.154050916725025,0.76418375957078,0.173906679657204,0.607026197594124,0.180019150688226
2.88371455847625,0.236358344363335,5.53052592187546e-14,0.000470343337822287,0.471735014917235,0.114685688344364,3,0.406998959871855,0.440835269155394,0.653330378763005,0.234087043857612,0.401068930717103,0.239065134306808,0.87346879433898,0.143391326772943,0.799892551409685,0.134237500899986,0.479592446250343,0.194080814043296
2.89087342163601,0.192974719369615,1.51238334462952e-14,0.000245958092237285,0.550222543038804,0.0730584692163061,1,0.143653012902207,0.531426836055133,0.656644838486577,0.290516714988269,0.773694934102268,0.193522901073525,0.600151637964483,0.198165255089404,0.827912298267566,0.137585597513495,0.363948957826789,0.145750319731954
3.12849500839301,0.324189725339573,0.117054962219511,0.0609075153443351,-0.0564936366721896,0.280708858250146,1,-0.0790382371385592,0.978128600847649,0.948110748348786,0.393275127819629,0.732618398200527,0.171005247984809,0.693224950264382,0.194237021865949,0.83902003804722,0.194943304704562,0.884299318452016,0.190202821930692
2.68626869636684,0.198494610633053,0.0269827265036645,0.0475836964901497,0.362410354850166,0.177637897391984,1,0.0280112083076475,0.425733325029223,0.520509257570462,0.282621447682443,0.711195463641573,0.168018065263636,0.665390743194309,0.123237189550001,0.580322924159407,0.167985999985636,0.416852431039845,0.222372964035323
2.52989644098002,0.238131107226111,0.00108439416456873,0.0244344663423315,0.163675242504295,0.281977523244389,3,-0.507936543169857,1.05218259870558,0.544275373091628,0.551084527372019,0.804050821047283,0.1901138606782,0.665248270142153,0.172264885712038,0.405449869814656,0.176579073559185,0.468034485712594,0.159236542993534
3.46507639224609,0.354965374617152,0.116736873434846,0.0460797353336483,-0.315396636635602,0.249732994329688,1,-0.732794032665159,1.05591319738725,1.12332789853771,0.379403532929357,0.911601010832061,0.223141654679642,0.86813835358655,0.20392812874656,1.01619873228742,0.141845911109229,0.724443519225791,0.16975347385867
2.62751632416145,0.34173981310864,0.0151317169244008,0.0522690389704733,0.257871464833391,0.297587963859838,3,0.249656265852455,0.672034822934983,0.287425050685505,0.446695774890318,0.728394544960696,0.286939779057548,0.636166258703952,0.178244759615814,0.610969473358135,0.221561044062785,0.609815654425011,0.23255509685224
3.22634884495325,0.295354028331729,0.0612582815693687,0.0728096807961971,0.354609315668553,0.22732200921161,1,-0.118474712398972,0.608410488678831,0.845056615195537,0.273581868385516,0.706427208120466,0.178093191095784,0.889796884767536,0.152450851514311,0.771046009474187,0.156110828175027,0.789533111270129,0.169859549141531
3.19056783641601,0.303918920769127,0.0409105907884167,0.0670371128858588,0.669765195466246,0.107524519155526,1,0.165966393567767,0.718645359982559,0.495689747127454,0.425324013564393,0.899032569831184,0.213287530421003,0.920053316529882,0.144606087732013,0.995027131380409,0.136797101860196,0.620660085608849,0.192377597233215
2.87414285344847,0.338990573704381,0.099458433429665,0.0903377690131536,0.428245530577437,0.294084838102483,1,-0.68484468060523,0.945123002558372,0.714404374847777,0.46235639629951,0.893338364008902,0.178622981968111,0.619767301572188,0.218358620360199,0.769912258409247,0.151145836765801,0.816566374431902,0.158058876605895
3.0019897676546,0.371070797327363,0.032328414449984,0.0530905466787646,0.216015504936314,0.309082715455961,1,-0.344270174566792,0.420266962492493,0.84622343659296,0.20495634993109,0.74697923659355,0.211252104539926,0.809780675912239,0.180235654967353,0.578557625505733,0.173801669509712,0.843541916032289,0.146596630737171
3.09917501966249,0.392716719531732,0.121907490526926,0.0819475337130162,0.143816172773794,0.35483888250936,1,-0.311096958846553,0.717825123440468,0.736729147748745,0.375703268460922,0.872880200208523,0.237678687501667,0.705898713264669,0.163549456498859,0.807930083043784,0.146404172857864,0.597024488187213,0.201679898629741
3.17693854007164,0.252575640891208,0.0409285264752353,0.0589633688671395,0.388497650771505,0.19091976503433,1,-0.0666419199083403,0.997808660594826,0.763780841739597,0.449588360050194,0.838915376644264,0.191430601901086,0.662729202517468,0.134600031138483,0.939630361866422,0.136748148390385,0.479937468082927,0.155815738994456
3.03802517244468,0.316956488867047,0.0865276438673267,0.045337764300418,-0.149901523158517,0.337008156988759,1,-0.987536392530518,2.843988566912,1.07832935348343,0.966705971381658,1.01485969712349,0.194195400029945,0.265612201161327,0.26022525315126,0.886483351418563,0.16223392069241,0.708626968306824,0.161831606401018
2.95629928149703,0.254399979034564,0.0694736114158092,0.0323649318638523,0.0611927908630595,0.264281714349849,1,0.226260233642454,0.552888858614078,0.64022847851779,0.291783961093122,0.612069849283269,0.183673474483961,0.717962369330806,0.181503243357222,0.694827236175079,0.202931436228469,0.75909401810771,0.151055653612873
2.81489143718309,0.262490064358511,0.0106851201560309,0.0359362356230878,0.382022162764345,0.159180259386196,1,0.125677647057413,0.530751598828548,0.809410945674187,0.236900292814529,0.48707712205422,0.192364157893701,0.906088670680351,0.150276506968227,0.43218046247791,0.181695086928142,0.651668678510295,0.16328334924915
3.03839160696246,0.302002715770636,0.00290762238648565,0.0394429126664735,0.433084369825818,0.187555319560511,1,0.557982443936181,0.453485745946652,0.336505537999554,0.376580419887611,0.764436545855936,0.22917045756948,0.719837168928203,0.176608646853008,0.853259989036132,0.160992364309008,0.812348345987416,0.149826475403696
2.53584051414765,0.286167152845614,0.0423530095010301,0.044928374327071,0.221361960628461,0.279252244218493,1,-1.14567634738619,0.813842142847861,0.901201096760198,0.365480267301865,0.742316326264167,0.252380997783534,0.641088767950578,0.201853721389418,0.414959742958849,0.213801189567608,0.559010953090696,0.186617064298268
2.49482626304917,0.180437604643419,0.056518628924107,0.0309290965153925,0.0777758415778304,0.199420295263545,1,-1.27553122784131,1.00186555776223,1.06694076171796,0.366713633131594,0.660813865750761,0.17539925271139,0.410201795682895,0.19298607820361,0.559472399347903,0.140437446117853,0.695427197383665,0.125065743235283
2.80349373038968,0.327378264912541,0.02522707023295,0.0626132067904182,0.524375420593241,0.266859393063551,1,-0.00878953753845995,0.598422222354857,0.698133753618314,0.317102738898126,0.430004941827565,0.30067973607446,0.683657688061045,0.242797258547425,0.619891958273439,0.179166715544662,0.717713635734381,0.162995924888012
3.44421918544587,0.352007138227001,0.13643068348413,0.0901892621989134,0.393518766995393,0.378511631042549,1,0.368487876549735,0.842719401381106,0.919879772824119,0.348018038182898,0.837922053484481,0.216252307740619,0.762984627442873,0.161565277669607,0.890750936929972,0.168206273774598,0.767025905154344,0.194113342076351
2.82343485461446,0.336641217212303,0.0532568009793767,0.0629335841622275,0.126553360312876,0.287584155942228,1,-0.133699879722219,0.349576719843383,0.567920366581271,0.36308464286814,0.775863509245013,0.245055607926576,0.780819219049816,0.188194029991085,0.131717811620319,0.295138122488916,0.92495980204166,0.146139288399847
3.42411872649243,0.389129302844868,0.114113324932276,0.0604876613735944,0.372142837695647,0.346326024703939,1,0.711515499939201,0.555003104187332,0.639911700838016,0.323526132137437,0.656857310442899,0.245851618478159,0.840755183495437,0.186485153743078,0.822763779818728,0.187545219656406,0.98226339555553,0.159266345709811
3.21636183186117,0.338226238928543,0.140864626846165,0.0814364427142392,0.212637194834533,0.482758399142469,1,-0.319326581998987,1.03797808865307,1.0416261683887,0.383631899355574,0.840229918817557,0.195178482035289,0.617198529125398,0.201864895410648,0.647993233032084,0.179719713206221,0.747446841629061,0.207205606963611
2.89145080617702,0.301433022299795,0.0825583904613363,0.0477125609501683,0.285628802440044,0.264503944027108,1,-0.207510735432942,0.547553482214022,0.795006182424886,0.255935377372777,0.509104303654932,0.224874702404863,0.594207047470258,0.227792012852627,1.00051663722511,0.166569676109133,0.666124099338148,0.176419024553268
2.90984428798466,0.202800039978769,0.0853309691607782,0.0569528254588572,0.365250095465194,0.215561880699021,1,0.591026787615078,0.504486528031046,0.408612414050144,0.352334001724053,0.679690166317711,0.17835684687691,0.716357849464946,0.151690195655458,0.557637537453416,0.161513944291127,0.816026847767931,0.136791485910782
3.34293969858601,0.246422919671705,0.0957215139679276,0.0562196392539699,0.210866559252304,0.168903048240827,1,0.0909560782889254,0.319810217403151,0.943782127609617,0.157444253161298,0.740641802569504,0.178031927673768,0.750288182683106,0.146344389198209,0.83257438373843,0.155601047023724,0.713843771348974,0.156410877509658
2.88483262884763,0.331892697147746,0.0306602544210622,0.0333330391808615,-0.216785942789613,0.215287238793581,1,-0.345619725657347,0.783160923550667,0.691314590910265,0.448917205825077,0.776950987254133,0.319205499403224,0.916780460138943,0.166262919940158,0.381669814135036,0.196601342570445,0.466974811024134,0.200988298111122
2.75606560934883,0.221980674945626,4.12395161030578e-14,0.000406151044577609,0.598633268897913,0.0855576797179368,1,0.160746065332536,0.486487324405665,0.465628229147933,0.291484744459441,0.655921925004018,0.171315013723037,0.748006761307876,0.172512427478583,0.80021800379306,0.144281062756405,0.388070742725623,0.197747294495222
3.38608196470898,0.302148784448002,0.00928957076617007,0.0454964611590543,0.585950591954487,0.133175171449455,1,0.292076240301029,0.499042261844267,0.865504152806452,0.26252454637114,0.723136821355846,0.207513638602122,1.02096433684298,0.149531774211638,0.634886825860029,0.159804510861397,0.923255235189088,0.140498256082305
3.30310620022628,0.385060171208782,0.0519845228175829,0.0407861288631425,0.103841651556314,0.246149360125832,1,0.171098496433838,0.493416831625192,0.695587260997699,0.354602290053178,0.938397278092372,0.253157905583076,0.642408778341957,0.225731690545933,0.925405320507248,0.146937678112774,0.950002695213187,0.141420489870763
2.79026087903218,0.267776504964744,0.0236611151150522,0.0424238827923865,0.447046863539298,0.206467254899323,1,0.366701025909417,0.430993376787353,0.549017798542359,0.291175491084184,0.841667257554109,0.193533175520441,0.384913629842099,0.178971306725408,0.632565735123796,0.165865845434075,0.622779373991739,0.162917061385103
2.81570593787425,0.226414813578112,0.000642255366893002,0.034506013690018,0.468780040839102,0.16135064998344,3,0.622348078902164,0.431443286918045,0.537425034649218,0.270237380003947,0.607313971025183,0.221200467036659,0.497239229046496,0.170728552523787,0.566857151345084,0.167396987271581,0.776153430169297,0.150312363980028
2.95644293359662,0.246339977538594,0.0204714109921389,0.0526431172514181,0.414298586761038,0.239396638805358,1,-0.266094242169077,0.753691349405028,0.805051575297806,0.349831220418236,0.670586188751471,0.231582408929102,0.802665449222051,0.164179631288469,0.711976766278385,0.158538334187592,0.650410106401426,0.145335136714541
3.09128133436482,0.312616896358061,0.0780582231236217,0.0791230150508092,0.406943922997947,0.343545784117638,1,0.0484822982650182,0.829206654354669,0.824750355628891,0.411690857777099,0.553130345847641,0.231671463595559,0.454497678094823,0.199747502281263,0.932004277982576,0.160542883965563,0.862790929323667,0.162973214043424
2.45019335699749,0.241292959705954,0.0238395410826547,0.03346701679258,0.184001760960698,0.232106093730358,1,-0.283091588941436,0.357330248316168,1.02614200168465,0.199816175794318,0.120267343560051,0.35591840130002,0.331279985968257,0.224373107973441,0.513115108448573,0.15886085128611,0.719608278218487,0.160503266170372
2.90289698842039,0.210009987910618,0.12083530803525,0.0776719296366465,0.39924611400485,0.200830081623464,1,0.200672845392184,0.607531900839571,0.698978956175478,0.291545263537145,0.552239430617225,0.16819078277461,0.814246074595811,0.137364339255448,0.53151664819237,0.162782923266221,0.875374584317441,0.146716674128316
2.82780981312081,0.282870277344681,0.0459453771534548,0.041010883056077,0.259524946742797,0.190361183124635,2,-1.11583964416752,0.665007939133936,0.954830142230244,0.280761402827833,0.793344553561692,0.259130192306641,0.810884234861863,0.164694917965145,0.585406856900129,0.173553853912051,0.695474345242632,0.163767040154222
2.84320021406109,0.219790443897967,0.0532331842622947,0.0357683968773481,0.188016649573313,0.300196699227094,1,-0.381459007669497,1.56576803702253,0.980712639599393,0.58120872773724,0.416283817447811,0.188263898526211,0.780503569309592,0.163691998660165,0.713203923797722,0.165771301126697,0.56152126269178,0.152865084329812
3.2040976756847,0.290283621112578,1.50315226444986e-13,0.000775445884420724,0.478279966900742,0.130237302259718,1,-0.582352231253854,1.0535048834513,1.00177753039811,0.409580598677863,0.934848060954693,0.200307499721391,0.789713066415569,0.187942231613542,0.669340943105937,0.17549753823982,0.78575401689991,0.158497710688777
2.92643798574313,0.312973179652148,0.0168225734207464,0.046942351325205,0.42063858208019,0.208696868717277,1,-0.476307259062057,1.05884737897087,1.05639410208929,0.37924851389453,0.438196521178654,0.229080793974445,0.75545836895645,0.177705632301843,0.534721362683222,0.191154594172766,0.865637640949655,0.151073485237688
2.51101132913704,0.229735902672374,0.017878752719641,0.030963081449571,0.330301607283166,0.210817192939046,1,0.240368590557629,0.567797285835956,-0.0221438069704534,0.523497232009786,0.796583003013756,0.254495339201697,0.607813360623329,0.175797399705329,0.64066362626222,0.176980624284389,0.586797138300289,0.133316255891002
3.08120619265928,0.293791834111242,0.101676331600082,0.0533118259643059,-0.025163623117792,0.264461331010164,1,-0.382534057381406,0.991234051551116,1.13392535357661,0.349365935851404,0.259200177014423,0.287148869638954,0.599927353462228,0.220462839458389,0.948588835032267,0.123216691731793,0.624908651374503,0.184371123474051
3.14677981442368,0.29800896695583,0.071613968903118,0.0673923488033294,0.464125012251227,0.161805176812558,1,0.283343393478576,0.376741664517314,0.648350442177065,0.233607407876719,0.784494398142458,0.216686538387328,0.70274919664463,0.178090786617419,0.763390605550463,0.165585153214909,0.995759167125512,0.124590143145462
2.78807300053453,0.206484579945234,0.0098701166107413,0.025991560609644,0.198352718282144,0.130288993823397,3,0.0115829358003249,0.3079195800447,0.414865335430736,0.27817566048849,0.836168020042244,0.140944183438833,0.706332263437139,0.130772206250135,0.589220043377291,0.168652171694787,0.614110728958665,0.15077118983714
3.08263708893431,0.323692075623286,0.0978003037302266,0.070311147853646,-0.129328581022412,0.240017820341286,1,-0.243322512679232,0.615642122285692,0.768740293476837,0.305977289058844,0.94260602059836,0.151793725678186,0.805047988293414,0.167770143792066,0.798448277750464,0.151000962085993,0.380509483612555,0.231951151021264
2.88106658527774,0.295690136883684,0.0424329918194174,0.0626538960058228,0.611236616544843,0.124445485346391,1,-0.427744430281911,0.591957989744526,0.78016368375727,0.300826385863537,0.914891243432316,0.146239829586099,0.629995732720204,0.170077199593826,0.445359151309912,0.1699040328231,0.91516983929566,0.161596533925907
2.81203682831857,0.246127896435071,0.00209990763963255,0.067111932724987,0.684456539088594,0.113535915522943,1,-0.221421491146928,0.642657161815503,0.413776636424914,0.389470232898174,0.923760022602272,0.129017594746782,0.612454059900115,0.158916387414835,0.727316738853284,0.166224970234782,0.666687370807357,0.172956062330199
3.0075839237137,0.295922725132113,0.047915398560845,0.0659995367206839,0.484413373496274,0.254706440861197,1,0.622990675727787,0.892094316088318,0.376007569636789,0.560423642205223,0.697820422408532,0.282630660344144,0.835405997937671,0.138873311823621,0.731306246622307,0.1501487530292,0.611808554972285,0.151753208555912
3.6154063823337,0.51101437634697,0.0666146543750763,0.0525051824945332,-0.155018492500902,0.31060426958158,1,0.242679808089179,0.709733168698381,0.864630020552225,0.320793104029048,0.851773092481819,0.275182887276665,0.972394682702363,0.250099729649464,0.878206827264405,0.17823535619277,0.822195969038037,0.192133025673472
2.90420582464473,0.251200452214951,0.0209495669092712,0.0469786232596756,0.375704058940385,0.255807019001404,1,-0.211000851853475,0.381094141708247,0.643284680690437,0.27595994643875,0.901045643864105,0.174630374823672,0.510990587340554,0.170897626599721,0.767721844324911,0.125062638724539,0.665819443780887,0.16511498266259
2.99070693105392,0.296459307303892,0.114118360695492,0.0553687032137395,0.0615215477143105,0.262737461372028,1,-0.207302221586404,0.512173405624464,0.848260159506683,0.274884265679824,0.897209344791202,0.219446270834532,0.532749583905808,0.200453196657172,0.737419203548561,0.170805008145023,0.808880544663547,0.142474371281404
3.02937018040376,0.332015226568679,0.0514044679729176,0.0637422278133958,0.399674276456848,0.296531272778837,1,-1.48910796734962,8.23980213239957,1.36033680266403,2.10696875704853,0.599191824957873,0.205221737655989,0.559492112780278,0.22358557861399,0.718245073100887,0.176754406058774,0.596605264077681,0.192428196199439
2.44162565393857,0.235769896530501,5.98618080798568e-14,0.00048933717739025,0.237476577864892,0.232982265152515,1,-0.245203331539474,0.548848560408771,0.491342736662077,0.353609458549962,0.605080700252512,0.21776925977889,0.689949716772145,0.191772809169796,0.311426362229524,0.202056055828523,0.436203639141524,0.154707971854161
2.67689391956245,0.273813687103216,0.0369634858681485,0.0423583190128839,0.27059339737306,0.263396186000639,1,-2.46202766416288,4.35740250814464,1.24059102815767,1.2605291343162,0.879290084368964,0.223955216401305,0.680943869113538,0.209843083056062,0.611015045217994,0.17747479936801,0.576895967648274,0.192030886736554
2.86334520026471,0.248702247339228,0.0661873320636659,0.0397119638560461,0.213006302532482,0.286451858982136,1,-0.0690228240674687,0.626987104943556,0.813970648654074,0.293057568760381,0.501304112150378,0.192576730633956,0.621427937954021,0.183429036854223,0.613078825329414,0.163964102844527,0.882609276840835,0.149401338076995
2.83442939543513,0.2759540845154,0.0429343998730633,0.046679440247063,0.243979644190271,0.220336490425195,1,0.00975260217573875,0.329705880380122,0.71993392929338,0.209586835405992,0.712333569862301,0.19557465044258,0.772874641328263,0.162912135652573,0.703554930216974,0.162170486122293,0.505162708979024,0.187661777493682
3.15334920711752,0.304989453427691,0.0433867339222533,0.0510468273759702,0.558858921562692,0.173117899981125,1,-0.0249764000525137,0.595695323805725,0.653083178438122,0.330839971434837,0.834697413804965,0.225582143407564,0.87362162079574,0.145593526657407,0.601713734136314,0.173440226929945,0.688933011179295,0.168140396295213
3.18797228514786,0.301419775206515,0.169249790621399,0.0721879464261511,0.0752663768202324,0.303258115254597,1,-1.24657876793687,2.32015816951333,1.28931406197929,0.638728132193265,0.858611044284889,0.156871803829948,0.764441242715092,0.146515986309473,0.796362376798527,0.158953519334986,0.701580276739078,0.178697184022567
2.86721582151471,0.328167116589868,0.00193686678564849,0.0459395693324914,0.339220335547623,0.181224608342401,3,-0.71569044533445,0.780362194894685,1.00623798776823,0.305759928815692,0.583034603571215,0.26529698551608,0.71038438998944,0.167935934132741,0.663032796069045,0.189864534837287,0.713020867662141,0.198433008240183
2.66983685621825,0.189784949226814,7.1078539649602e-14,0.000533216184829403,0.446205610086732,0.124700694726982,1,-0.715929360218988,0.503144116964493,1.11959845465754,0.195472741675766,0.439576487258337,0.209665990662044,0.434799753162246,0.203920363216811,0.721179886723886,0.139931478200596,0.296455642242483,0.170544157726838
3.08659968219364,0.338278056981317,0.111651674240118,0.0723655120108413,0.0841335052057855,0.368131120508224,1,0.197170826724433,0.526648889671893,0.819963152235948,0.261614942268453,0.638201227465544,0.269867870317855,0.566752732690261,0.171398896417493,0.862559387747333,0.155636541017384,0.634005900528497,0.202634147195015
3.46519491952924,0.320317527074598,0.0701134301172302,0.0614698979465358,0.142582726947818,0.24920576295146,1,0.915188105035711,0.802179158339875,0.627236811640033,0.425035417455781,0.93544485164103,0.170105449481873,0.417679336137829,0.22343317117125,0.971065216381136,0.173731039942546,0.799738101896628,0.156689932087774
3.12279217142083,0.38194366042897,0.0660463306157263,0.0511667547268981,-0.133668247054586,0.282942321299415,1,0.0998837125188234,0.607302169542896,0.759891924428983,0.359203933518154,0.898955992240884,0.226996563084688,0.776588617924865,0.199822633870212,0.392538743237499,0.218431137384237,0.919812733537972,0.183404462766691
3.10215636685973,0.280848363792218,0.0118314831851651,0.0424066383573652,0.411753349121607,0.207332653453585,1,0.140869601255301,0.580396800731045,0.544115362015005,0.377114145051799,1.02586935783939,0.180147006546717,0.770136858381387,0.169309254635934,0.479200151909142,0.178112066239699,0.825796878047383,0.127161622629373
3.05254211577734,0.261562720802473,0.0348171301441537,0.0424994598264034,0.376478963188532,0.244233289196026,1,-0.85395599189642,0.696537825995121,1.14705121251415,0.24549030519985,0.880363834229876,0.155149227602858,0.530423750452815,0.218780322452803,0.758750668223164,0.184529088922806,0.689420140171471,0.154587194135902
2.48900713779399,0.247428444735378,1.30746670707201e-14,0.000228689301542055,0.42904755438554,0.157755778600283,1,-7.6240366131175,993.810985734428,2.1912536819579,111.084748647286,0.525470537829852,0.223182941834657,0.556430031838366,0.188130732232277,0.617705227696062,0.164784070736526,0.604938912429128,0.156269488852114
2.87901320643642,0.230082070437239,3.76404397421806e-14,0.00038802307515293,0.534114068310273,0.121379637893446,1,-0.0376909348310946,0.485070871107267,0.908199416291517,0.224155686992739,0.571382042928883,0.183686436736075,0.548597633957481,0.162947480741247,0.859775128720935,0.149569023387694,0.598307265696964,0.181592084254478
2.70547518497653,0.238315129999528,0.0226207331916992,0.0499432578588683,0.41305587196667,0.281859264597326,1,-0.805425366962481,1.6391962321333,0.851914730794047,0.662162462542824,0.759309413015612,0.269879296319591,0.72797424126908,0.204934099747739,0.556466460154098,0.153354636833323,0.80263330879947,0.149534981177975
3.54702533205698,0.389069921246835,0.0733823398635117,0.0699865647577226,0.347666995132722,0.369646846186972,1,0.307473123850203,0.427444441918278,0.965224619526007,0.238278188344227,0.700206545290775,0.269976774220421,0.422188105475201,0.318753441263676,1.09344998897245,0.184241350737441,0.992467756137952,0.166329170611516
2.39186006818425,0.219198711439604,0.023584027550822,0.0242184339098536,0.156100987382577,0.125070696360709,1,-0.391949991477853,0.81511424840204,0.579266605297985,0.445213679012488,0.553447340412839,0.177492663427413,0.63337799053917,0.132600533716123,0.501762492282602,0.206025952327055,0.475455637268757,0.199512177173074
3.3077071823099,0.317718488386904,0.0934202442778581,0.0684998290456006,0.350397123779487,0.292743856070157,1,0.853974758881847,0.432641324740321,0.522588477285179,0.272037113405764,0.552602868472657,0.21921734487709,1.01795648361085,0.155155298199677,0.824587731029472,0.156884876564156,0.882694133359743,0.137419716913756
3.39071367523078,0.316868198742101,0.102888583687838,0.0524602570840812,0.154660983843754,0.20278359347334,1,0.529502190153891,0.387357596183428,1.06154266331504,0.248539406998793,0.449125048876671,0.32041816115389,1.02330863354423,0.152156245120434,0.627732291898287,0.174213241342003,0.653006614984949,0.164756288764753
3.1040537190804,0.287970630030856,0.0606900384769122,0.0554272334581627,0.18167373844152,0.230992705342472,1,0.631441541258025,0.960130300959263,0.225934112204985,0.67329224496063,0.797121101993556,0.370299626641892,0.897294081344215,0.146444990149916,0.628470023030098,0.189026911683921,0.866599139065508,0.152876830518572
2.97149244707405,0.366448338083235,0.135433423752251,0.0898804747377138,0.159237163212636,0.409734667064597,1,0.761439428393039,0.640404302727725,-0.758377419814191,0.963813415595402,0.990493755228571,0.289152647785877,0.798026803531326,0.183039539054827,0.630280406831997,0.211259834751181,0.704184241080899,0.172635124563566
3.25377706615098,0.328994440220192,0.0875691375768504,0.0597973365994409,-0.052452371839807,0.250621214091274,1,0.910046458617769,0.31241444394589,0.214238525334541,0.349409690762779,0.911757967793967,0.165951520688706,0.850138870854973,0.187177187768606,0.42344383159679,0.235570327624281,0.942175731065135,0.167313154349704
2.94105448309496,0.274719756413603,0.0237962262782198,0.0356890268281514,0.110253629577142,0.185745948667762,1,0.773493223920052,0.476769485541026,-0.136687641935822,0.452121723194532,0.810631391909795,0.179909514506776,0.572424377244575,0.197636746500448,0.866964401539514,0.147389173901145,0.675708057948911,0.161408159494648
3.3449997619647,0.338882690540108,0.117960799992415,0.0767630440577392,0.165374973300135,0.357119472912444,1,-0.0508449027645016,0.878518668386258,0.812388799357296,0.405804381665181,0.677990657393133,0.197893322712129,1.12585608608089,0.136558661732013,0.647794963447899,0.173458340005863,0.754305209327034,0.184862301325705
3.17641158926372,0.262123544619319,0.0672478691364033,0.0645045402977989,0.275357156956791,0.302277003553651,1,-0.336379562814164,1.30774647887431,1.02638999663295,0.4825045421723,0.87469586559168,0.179908264203419,0.577006342516827,0.168887402098792,0.819382878954777,0.14019456723755,0.673551670506592,0.165699492385152
2.80360725390372,0.227941394104702,0.0689233855229853,0.0583922279433813,0.366025954945296,0.227976859012213,1,-0.53959843949494,0.653562460138117,0.771619593429316,0.312770958834824,0.602894876390189,0.210996952735823,0.926003071071303,0.136288124239802,0.586724271371127,0.187938073447115,0.658330593314679,0.161288050718614
3.63444218737972,0.455470385851068,0.159384314923718,0.0857581116146419,-0.149234435894216,0.233094898841584,1,-0.122066052951566,0.573900319092987,0.694559856667693,0.375954827635059,1.03620875244898,0.238850542137251,0.91947795224849,0.216965705936263,0.907297688894512,0.155691851261251,0.780162897885211,0.188297833066735
3.53836805168685,0.39822781144113,0.0874808801334765,0.0640023990118248,0.213583034528012,0.260498878982496,1,0.652441802906553,0.499788554027532,0.621451929719111,0.28908097939709,0.981167459832892,0.190396560703911,0.812230352396754,0.189747110042139,0.921952012936714,0.154699634062554,0.818570511444423,0.181641690350945
2.69140617941001,0.274929712700136,0.0548653379680598,0.0447192922980197,0.250576191713269,0.18315023078137,1,0.124086188056221,0.413217325872967,0.366663820516336,0.342976859775962,0.791869906481836,0.201190061592391,0.476148583587229,0.179320843070826,0.546892564691484,0.169483209915653,0.870734824780688,0.144657887336681
3.11563007418667,0.304417802125403,0.136474586546954,0.0754034685980305,0.16042931736294,0.306192335391749,1,0.362191223838028,0.498336072782862,0.300322012015862,0.392306961870022,0.797224044233587,0.227655479980109,0.888755337014269,0.162514063300337,0.805242486404272,0.164604817330046,0.492118191683589,0.176738472154918
3.19605952229691,0.301310853644043,0.104537358970976,0.0657938769345986,0.470913993592719,0.259597356727017,1,-0.637688571921037,0.948327532486252,1.100174133269,0.354643329477416,0.877276457691479,0.204242878885276,0.738026689688736,0.170430906493454,0.706739658857573,0.180555696244829,0.769923019472195,0.167750963391131
3.00895556403056,0.352450234156705,0.0713205791593294,0.0560151563325157,0.244211301035243,0.376710321109869,1,0.099602774337439,0.888135280264751,0.841213734687204,0.425518375983633,0.775618507835788,0.255619252499909,0.733148136453929,0.196119972387608,0.418701125797131,0.216613113425686,0.90442066853922,0.143009556128589
3.02517536622871,0.29597293929862,0.0453324278440684,0.0595903098629951,0.474885139075543,0.189491874790572,1,-0.457498758494719,0.44650737284679,0.931575479962676,0.198115358563917,0.595051254090414,0.200333623336,0.789413866698691,0.168993437547986,0.541541184418479,0.18829865100341,0.940262838674628,0.164798042080808
3.02953407966638,0.302352454508524,0.000928464074006149,0.03313299980471,0.335918271102963,0.203525635033334,3,0.0138618715138915,0.625258130225084,0.711222879732631,0.339448989326661,0.939286104774369,0.153387836720281,0.535961629750794,0.187489817161205,0.84446381207265,0.156957776793874,0.552369267264814,0.167151694441018
2.67484397284273,0.231602446766195,5.56415377996667e-15,0.000149186938755947,0.10212103370541,0.141095830129609,1,0.00793348592708012,0.590150785617706,0.818192365600659,0.274538235015555,0.660196726367096,0.24240990782242,0.351510266152308,0.215416142609126,0.660076868996778,0.154123745099297,0.509235246524605,0.145399884474457
2.84943233626636,0.212004978887137,5.22858284666239e-15,0.000144618093300663,0.296688403289073,0.172804122052322,1,-0.66396985528142,1.25093447202294,0.863221948927094,0.525252442890302,0.817171948077098,0.17931609279583,0.628392102909778,0.160549753693088,0.590902051369094,0.132318387259747,0.716183741258894,0.133758071175166
2.86890506365844,0.288702727866241,0.0636694589402292,0.0527806219062657,0.315286078899219,0.302537877719382,1,0.69863494250836,0.63647926707977,0.312347593344256,0.475424700780491,0.616546135251635,0.191568511324981,0.68233677881163,0.149614893381147,0.80575607684132,0.168879554603814,0.622328947817964,0.157730197814381
2.76637555398683,0.210604433263804,7.03024095863515e-13,0.00167713233686513,0.437147861784485,0.0894742240809488,1,-0.343331905483488,0.841868368435886,1.03606973287027,0.323103144015748,0.266658713175885,0.242844451560392,0.689400627630498,0.137440427683358,0.844100340639915,0.13097520119384,0.448906656513985,0.177864136195289
3.17749477089793,0.346896818028505,0.116771364844794,0.0822056115841524,0.27776206783246,0.338659827471019,1,1.3026424498369,0.487957242375902,0.214048312083899,0.325851871411443,0.590362667656236,0.199576987072921,0.90000312091043,0.171962698959396,0.701621294264152,0.15591130699742,0.688335413259847,0.201806598135957
2.55697249890815,0.194525025376477,1.68658003486519e-13,0.000821390796420852,0.318753173177443,0.118499593529319,1,-0.323332248829257,0.761907093318715,0.802612377082332,0.342361296610071,0.457351567027997,0.183117519046393,0.686111181569785,0.159168678381281,0.489120176753098,0.154651820684841,0.488519505118897,0.150608146594863
3.04942288875789,0.293116107450806,0.0595962221238628,0.055845758423321,0.306159232167174,0.230738514347459,1,0.854047650851797,0.486771177763704,0.259646867936458,0.314306585188574,0.894446831629156,0.158053540028327,0.515275572494802,0.214073211419787,0.717105548808069,0.139699129357778,0.825664026013137,0.164915600575683
3.01877442007423,0.268465122606121,0.0226088674729419,0.0502723834821468,0.357132045771478,0.23515381738015,1,-0.320210906450162,1.28406597174876,1.14814625616086,0.411884404911253,0.521737241096383,0.201132450140255,0.506282584493528,0.258587596707322,0.742504029357424,0.17752580505422,0.677673935942755,0.1577711865902
2.92187852224672,0.316025148127907,0.0695320558033011,0.0591392892181979,0.212350498998648,0.404746946809545,1,0.870851304421323,0.798720754238075,0.189537402703333,0.521275119624699,0.431047139210532,0.288872161001062,0.732557624072422,0.18855510768017,0.759372379187502,0.175938264162141,0.734712440195145,0.160182266450675
3.10371498716251,0.306576473380374,0.0887892644432446,0.0440178198729234,-0.0138998880763812,0.243580395904948,1,0.303744019704659,0.384463368691608,0.740747141625275,0.210221181156691,0.665189646736364,0.216646356420402,0.749061061194409,0.182596362660469,0.732176503461809,0.151114925791706,0.73911145339521,0.171138957020103
2.80577474549112,0.279036564008535,0.108781448135799,0.0689817431617061,0.137109584450878,0.335869923894518,1,-0.305129569578357,0.843913635991826,0.540078622269918,0.481257055633989,0.933299102862308,0.161254605060918,0.603808329886943,0.175375132728484,0.700393062135576,0.160810518829644,0.537923132124522,0.177455041405135
2.56911246380439,0.197084870911959,2.01154150063069e-17,8.97004237508276e-06,0.410196269725415,0.113432864840889,1,-0.471913956584142,0.646809514604295,0.488743019731405,0.416951233468435,0.668960809626882,0.201986730487629,0.713836207981046,0.1242494436886,0.638963726381379,0.150858778277567,0.433798869633505,0.197531206765051
2.35699712224891,0.169100101241889,2.06476812720461e-13,0.000908911525115469,0.039710331498712,0.170669775142174,1,-0.826723168384206,0.951420193059176,0.689328270919036,0.471329093412963,0.707071752180401,0.173634125893723,0.507395034937343,0.165476627426021,0.644113491288735,0.160492308481624,0.211862222947042,0.160681393414306
3.75686364860446,0.431334869611749,0.145694210726116,0.0937229793026087,0.207095011268797,0.414572698721484,1,-3.97200872403885,989.486209706744,1.92302485179012,144.627448265689,0.98622701617241,0.247997621499289,0.727608982733336,0.223800899912653,0.763516885447387,0.181850795278438,0.99676977812854,0.164734690337299
3.26206720431474,0.291753185764082,0.0890490012215474,0.0607761238414736,0.282269378894537,0.29405374834281,1,0.745850513210505,0.725957864774037,0.096338484894729,0.553029731998811,1.09492487892591,0.223425983236938,0.758121469466573,0.168791581389291,0.758981532572644,0.160494059002994,0.693679488953645,0.1762496159691
2.86376822458267,0.219418510747356,1.51924210170352e-17,7.79549127896599e-06,0.388406875759728,0.140043134864463,1,0.682837165581485,0.408593813861871,0.0865598871818766,0.39943219543884,0.757775318133448,0.211077698875325,0.766940225194326,0.165173664627742,0.681143491424823,0.150778765613954,0.592641650024515,0.198292098610511
2.90187800056707,0.27581314092463,0.0528484563229681,0.0336549570256794,0.0307030958440464,0.21623286618595,1,0.1609633054462,0.406816337707989,0.558021064103285,0.225879135350639,0.893001306674508,0.167150072802033,0.459796718983714,0.192097459206957,0.759951879588376,0.153079374623619,0.762261440601963,0.156513703512921
2.8478163286443,0.240773301504081,7.1739791424011e-15,0.000169398735117956,0.357357750703692,0.191364568368662,1,0.474356238112107,0.384828151412081,0.509352120733903,0.312438328540575,0.608338690727171,0.243305333999711,0.681341876974848,0.194819532653346,0.844540860578369,0.124877480579416,0.52178246240871,0.161751827081607
3.27418145239929,0.345082005417581,0.0800665447489202,0.0662791217153384,0.177120264894193,0.250986326018222,1,-0.628529393788976,0.737103261184255,1.08187599340682,0.245716785768226,0.727367046029747,0.192312744292488,0.965941988039699,0.158368206568345,0.353490094999157,0.212800861111601,1.00999983335045,0.160885892122391
3.09811394639916,0.294722072582497,0.0984251421072671,0.0678362437751498,0.111466067346598,0.276328088146154,1,0.453903919225054,0.512424619330758,0.568270886471039,0.300974495000338,0.77503463623904,0.179009970421703,0.828878643900073,0.140696337539114,0.705737430763945,0.18857273210648,0.7767123819781,0.181988713341777
3.11049040538929,0.325428010468968,0.116932339637453,0.0551492625435335,-0.134633989537832,0.270387581697964,1,-0.0413692748671213,0.842377267398602,0.769801430825541,0.405723876312237,0.651772205857752,0.166080264803415,0.928417495943349,0.174592147616098,0.583877072945611,0.190965026402661,0.799232838544242,0.183156470826126
2.82074341391969,0.284206867084279,0.0500733105548977,0.0624352348248061,0.219910394032629,0.371695964849264,1,0.173224723223772,0.480229419448222,0.640199905681099,0.250847364412025,0.524866081120266,0.232442391733112,0.716362844451184,0.183206056368991,0.804861087698995,0.167995628457675,0.517982351475174,0.200768166546166
3.1076935038079,0.346420643857395,0.107206226572823,0.0749256220863508,0.507070668284739,0.205498423857039,1,-1.44419388646385,1.48143786709325,1.3233772011443,0.422584798194625,0.563399556325407,0.291233057632444,0.863827923010566,0.183711862436927,0.740222723086139,0.166276572894909,0.979646241364123,0.140810487437273
2.69825640297078,0.292107219656126,0.032052015999288,0.0303718827350053,0.114240465270159,0.300007794135277,1,-0.561406257887581,1.07845651447822,0.953254611299819,0.43975899979352,0.784389609368721,0.195404061196833,0.425790686660925,0.214250983384479,0.345084263586135,0.226057814763868,0.909049296566879,0.128473447991824
2.76824615225526,0.242505727318236,0.0371271628900542,0.0274893949058888,0.00142949636418026,0.199930733831617,1,0.088630531571373,0.704548731967464,0.602855307342758,0.400624231692538,0.484056188995984,0.274696843151688,0.78351491564932,0.148193078351057,0.625474193640748,0.14978200913915,0.708145425699763,0.138655601317632
2.92566305689225,0.265574393040559,0.00834644114862474,0.0550074094793039,0.573930898569511,0.143142199833507,1,0.266135664539743,0.559276756443093,0.715680476035011,0.296592655334382,0.651038396200947,0.194042637267719,0.722120800399196,0.149772370033999,0.583528600115663,0.164290710161649,0.811928325647812,0.183414796926673
3.02723465813092,0.270248917120058,0.0389362098600264,0.0317342303156929,0.164329344847551,0.246636789601549,1,0.267992600928605,0.73237150270769,0.567030333506668,0.366761804308575,0.809224877119589,0.21193036568751,0.742825149787299,0.154494226441704,0.854075059704241,0.140207946053789,0.65030939135945,0.176907082165344
3.19452734092629,0.400019730842526,0.097283063045849,0.051693446476956,0.0161967915980781,0.272488031792535,1,0.761541640579789,0.589367548519825,0.153434019928083,0.438495192740247,0.725920109699766,0.241259016376208,0.945926564824496,0.184776989253653,0.804287745936884,0.186237871225032,0.936726299889257,0.157017274702162
3.21596021140156,0.343715525893154,0.14629092608681,0.0944607995970148,0.42693651152541,0.289355921000709,1,-1.16495749878662,2.76154659765733,1.10859716282169,0.90166153246727,1.03989880005673,0.199689766289672,0.588319173572529,0.160307928069835,0.837533869342661,0.157745178056987,0.526579151815681,0.1885136497698
2.82273043763568,0.20404081699584,0.0611354955550697,0.0338810947369457,-0.252986569578938,0.158809922149102,1,-0.233889070978356,0.727667396709455,0.835246417506181,0.329807497788851,0.659501668912389,0.163137604772823,0.705015648035079,0.14298047188521,0.512993347881013,0.175648526914832,0.737279923859677,0.152206374441628
2.78716887924286,0.265247192016478,0.0712428332880309,0.0467331773771928,0.0089216306358445,0.301893097536617,1,-0.557851349424152,0.97333558559414,0.814987943366597,0.433711459499438,0.600125430412418,0.248276515263773,0.694853995036026,0.200454088345762,0.797541669631714,0.146079331866311,0.638246022615839,0.170830998267066
3.39306720572886,0.362576569961162,0.0335761129527741,0.0639544547706127,0.386265911118586,0.245015398115502,1,-0.793051051169966,1.06492447866545,1.01784492768275,0.436880665984133,0.740695536442478,0.312906193645943,1.18419698902806,0.168160270135586,0.699860181752949,0.160966917319393,0.829020052233059,0.167511773426937
3.12390315646807,0.340645863667586,0.0940195248993529,0.0897081693323391,0.446328765648009,0.266171574970615,1,0.165854080337753,0.609526072342656,0.411909074368245,0.397232359584285,0.906603297091781,0.196864605484123,0.897161184603417,0.171542682587782,0.74002326804186,0.168994950600187,0.756696912250132,0.175628940943985
2.98620850968782,0.262324323535109,0.0546776001140148,0.0457069785236365,0.144454171106566,0.278433497168915,1,-0.398300218220185,0.537414578539908,1.05296299753216,0.221427850996828,0.645241373803329,0.196438036256379,0.584344218855327,0.168166913634296,0.850421577553998,0.146199468494302,0.606479856927564,0.160912228335638
3.76208330223682,0.413851196978086,0.145052761987607,0.0771578279332661,0.014911468071465,0.250286221905176,1,0.218089432502426,2.90771417092841,1.17173966683606,0.902030490310199,0.615345734935352,0.247069991897553,0.886538745287279,0.154456938693152,0.909563677517627,0.174540139589817,1.03117572645844,0.152431833535817
3.01988973433719,0.304748148712717,0.0410344847854283,0.0622415671703332,0.396813570368206,0.288953194236319,1,0.658770856656262,0.523902267587611,0.382673099351928,0.393997886246855,0.860982764835051,0.228027638923791,0.612772682995899,0.178886976730645,0.802201078406514,0.14704981863787,0.52191662235946,0.200648374654783
2.80440288781951,0.250826314103784,0.0370652811389762,0.0502062724621316,0.307915876226775,0.29936167102028,1,0.232403093273151,0.579698060062659,0.186994810865122,0.435943197317858,0.817587412479127,0.19618515760897,0.707608357205658,0.163940371366567,0.773382907091917,0.14658531040684,0.463134389049006,0.177029801949559
2.97879014112572,0.287532855716386,2.70275772885755e-13,0.00103982064351393,0.529810648986225,0.108038792599692,1,-0.380639945481942,0.559906288806136,0.925206682123155,0.24930358715005,0.579978664312118,0.179678718664722,0.772112152484261,0.146524566539856,0.881954653667705,0.150759675327364,0.783446366628154,0.164579594188708
3.20904401028632,0.29618040391307,5.7804966806609e-12,0.00481004867608342,0.756347776216353,0.0755123665967205,1,-0.0707461416169371,1.09406335144158,0.997399528551269,0.43491908237055,0.12822778848421,0.207204771926513,0.942086701720367,0.144568141410357,0.780971970352413,0.178795914658035,0.986625675881145,0.167211643955983
3.4916399672968,0.461613192333785,0.148865596076363,0.102371924331415,0.258208154078156,0.456892888445588,1,0.324258943448107,0.539103062350064,0.473240147344491,0.438056073761994,0.929297251447636,0.27465056162017,0.972351717022567,0.163310662323688,0.931379722541903,0.183238299755642,0.686541719921193,0.214845854033096
3.25650606041981,0.330441142767549,0.0489905842306269,0.0392863037883956,0.210709048945629,0.270387279855572,1,-1.13010289401046,6.53704325963584,1.20077765554838,1.96288648734259,0.535299270378318,0.213598395015534,1.08627960096502,0.159297343253136,0.716852958939269,0.136318929209749,0.990022692489021,0.172511456153584
2.8084740145708,0.300002830672278,0.0391920954138697,0.0513541353914364,0.395649246917077,0.18920406844728,1,-0.14760514552554,0.852347330400607,0.64947404829531,0.501530885325507,0.636196496100161,0.231510942979669,0.646230276618896,0.186153344088985,0.852107507317986,0.135514770827962,0.680111864660806,0.152246518995746
2.88095706169004,0.203538102970922,0.000574231844899381,0.0350661143051637,0.26762339353165,0.234391830958739,3,0.134901329967428,0.477021534462093,0.350134233179118,0.367206395372705,0.898964810628904,0.157385953976072,0.737022796443962,0.150238432330607,0.521034051908078,0.168116862216508,0.754711359125252,0.154965253220886
2.90440425738371,0.289169912960833,0.00840635097236004,0.0262869050354118,0.2588985025945,0.281462308397034,1,0.417851323674974,0.793571906042142,0.585244924172904,0.46299486694724,0.543631364660988,0.287996473847058,0.617482369756841,0.172929747187072,0.740202172249915,0.178321571494894,0.770405080615249,0.155237652733799
2.96973224398061,0.317960627873684,2.13271992726474e-15,9.23627907013302e-05,0.651521889293346,0.122818895732332,1,0.00216171741471629,0.698688583248968,0.422141676013652,0.394140638236143,1.07703021386328,0.198589531608037,0.821290143141185,0.20132848639098,0.435524830176029,0.214490502982895,0.849816642601576,0.17255611508805
3.27923970721103,0.339292766940148,0.176703703288263,0.0749813178929004,-0.288481089462672,0.149254410863661,1,-0.193060889270136,1.00201278077128,0.918254312412601,0.44060427483311,0.612268711280231,0.204841463299456,0.829256602138492,0.145511182810834,0.900699535412505,0.15701196817568,0.919801392371704,0.176576470836814
3.18580481722232,0.348684207402168,0.0247891953448067,0.0636331513942772,0.565701821002232,0.199227667445319,1,-0.548367178133084,1.15479615231287,0.666787515700813,0.539731467375708,1.10026634122816,0.204095882643092,1.01597291734301,0.181281869401452,0.435037475982961,0.216885461581802,0.816540467296972,0.168634827506279
3.00261388666106,0.286013741123931,0.0497215603396675,0.052031403347168,0.411478423296125,0.190668199569544,1,-0.0868287110825574,0.630831836201616,0.701314428561544,0.311678428138055,0.589362848272471,0.217381306874521,0.885062469890708,0.176583230681411,0.81840535865252,0.145129748183295,0.800797771418596,0.164385096794061
3.21531532801159,0.307690230090332,0.0203864778730547,0.0738475841547397,0.62758767161755,0.125740612816708,1,-0.395318856975237,0.466946047458837,1.21412743891361,0.156472145376225,0.57576654062347,0.174951374054724,0.759189269778914,0.185368418629571,0.729236020366647,0.170459422435342,0.783246981998984,0.157758441168026
3.02318971098256,0.327664264691649,0.0718841917340765,0.0495144902443436,0.174185468669325,0.237523787985646,1,0.0218142638165519,0.440883522375767,0.65461297402624,0.291670325704598,0.694136115596252,0.194414222670072,0.853349660771273,0.173196264643268,0.603869823844939,0.168232241862602,0.936491698836622,0.165507427906871
2.90633764465895,0.313341910988686,0.0082729944121815,0.0455830560179688,0.451373258952922,0.230246264512336,1,0.111625315434085,0.485561850229473,0.568351708145245,0.297953869424306,1.00076731816424,0.184548494208836,0.549731520807429,0.181189858914666,0.613283737414347,0.163747988560147,0.815998126888385,0.144733444567414
3.1541287610947,0.366461157853264,0.0789720481542403,0.0649262726981177,0.254759778391755,0.257727382777719,1,0.0979064330996113,0.370608114784876,0.669071825986283,0.26843830190971,1.06111287816932,0.18766232492457,0.710225653587156,0.182976049923793,0.692179106490845,0.16121033233794,0.605250527031519,0.193442860290352
2.51620832064547,0.218523237057814,7.04731913582222e-15,0.000167896984508394,0.242421015901082,0.142471622691916,1,0.0683854536000466,0.440704614521614,0.0955225679429162,0.462404465130604,0.812429415242637,0.23911070752177,0.547916294742629,0.172910485233228,0.698800508441842,0.14996499325215,0.441136664533797,0.173015790836882
3.16462310087306,0.366709006352037,0.139005369962792,0.0981662438215686,0.332937686344693,0.316825977802998,1,0.295109524153736,1.33201875788393,0.623715195718906,0.674303573019879,0.587108261416052,0.256898242923282,0.864858558220352,0.156116056680494,0.967020412047998,0.157574233424578,0.753950963952463,0.17232947897829
2.94537965961581,0.226384083996074,5.52910045813166e-13,0.00148719421130617,0.684574167020756,0.0761073875541445,1,0.463695044401312,0.698053490739932,0.501711816690483,0.423468591383541,0.820878037884222,0.226065913537168,0.420636793807328,0.199062463808506,0.84888157285017,0.120759470343704,0.737616804817809,0.172091628601593
2.87952467988426,0.301660261474479,0.0917347540571804,0.0505912940425827,-0.0126602221145362,0.283971689474461,1,0.414588831913143,0.378518314145623,0.571246436514868,0.287078634392719,0.572247602489486,0.255645743202351,0.66084691940317,0.191612186534065,0.605248859236069,0.172443741562032,0.790235151776844,0.161376899089345
3.16487657344895,0.326070782238297,0.101982461045941,0.0624427706811493,0.117389955295542,0.262824911754835,1,-0.186765361379161,0.849558383610162,1.01676027305415,0.326908907439791,0.493989438911242,0.265468497970138,0.653137295188577,0.185703263024825,0.967096109490997,0.138329195057821,0.515074513733067,0.178784214284246
3.32224091584226,0.363266915235365,0.0289987365996134,0.0566590353848485,0.448621728614493,0.224614762542222,1,0.866955068680592,0.653137694077741,0.333152532180408,0.500541338894649,0.86528534713311,0.176518237243592,1.04156638331856,0.166720391272029,0.697075174933462,0.171363172521999,0.69639940716201,0.174902901850602
3.06287839719503,0.365667174480017,0.0481788795764302,0.0460588267846131,-0.019178111068341,0.264403214719033,1,-0.364400746203061,0.547812998556173,0.952736426153893,0.270442075044272,0.615023971946701,0.217557492194161,0.724261208777248,0.175968772432414,0.93027826507452,0.165344054376866,0.572433321722339,0.206168895878191
3.23742432724516,0.345048263343281,0.0977153202482629,0.0685848283450704,0.294143742356583,0.38962991859104,1,-0.299770794010281,0.586073918678949,0.949391091380183,0.237407477764865,0.879601863096625,0.169599527840233,0.644569813479077,0.177731674228373,0.819311245825033,0.156253912833342,0.621793879534962,0.222074610124786
3.0593443345981,0.255015884512093,0.0713054550224708,0.0455472584708909,0.122196287403725,0.208557466871485,1,-0.592833411808291,0.848281315169551,1.12068652225999,0.284147308024605,0.730595771147455,0.180602477172517,0.598385873648865,0.162574722193355,0.689577875245431,0.142644337920561,0.960396272647999,0.132598257660618
2.89353717758789,0.262449782318389,0.0494488149639297,0.0341566652458329,0.0515876331527366,0.162285689596427,1,0.432478437446627,0.340916125149098,0.531907066661745,0.236617326965502,0.563024625299807,0.211128476066138,0.941367979223785,0.135932874873638,0.47210376918133,0.172223439233574,0.833575090300319,0.144866503187111
3.28537783631692,0.30016974797766,0.14750632809489,0.0787944466497657,0.0471734320526164,0.268538919832599,1,0.37305944454716,0.793786535923656,0.826838826897213,0.395397954599251,0.78487116472277,0.262458585718574,0.661721154652061,0.15776188963447,0.699066888752553,0.190949003554248,0.863324402183719,0.17055374515014
3.20374555465163,0.378483288942193,0.074788945721186,0.0632581687914184,0.285189422052354,0.277392609206038,1,0.768869139522692,0.684494896954035,0.0522068746592927,0.490166110525258,0.725127270490101,0.188791344283516,0.774293566397189,0.167636038326911,0.998632062624362,0.170425360132678,0.818865147187579,0.190340056076235
3.02448369870278,0.28037229350329,0.104510692845495,0.053066875598584,-0.0947952963141053,0.183825042519897,1,0.465161531926996,0.863919849296716,0.562103451035102,0.473695803916919,0.861326247403203,0.17677489425205,0.625640051978144,0.179246376527798,0.629062362190784,0.156969246872144,0.755999753017245,0.16853138713671
2.82120973997535,0.278000080855246,0.0514818982704327,0.06644606772914,0.484064570048251,0.231637747998865,1,0.352910522535509,0.695231230672881,0.678455310090704,0.352344177456971,0.350225754313398,0.239668081613217,0.387844856081162,0.188631957919339,0.778412237598509,0.171549259687587,0.953372901413164,0.141205583608588
3.06295138215818,0.266506315097232,0.0860651250550352,0.0715893382768293,0.301453998745042,0.30032597741745,1,-2.1964034740628,13.8568322887157,1.43538592666522,3.29246644769807,0.73359412402991,0.161665162418699,0.910055494130807,0.145622800895365,0.441045191781947,0.181012391736119,0.762921142980479,0.141541463504081
3.63623565548582,0.49586249751207,0.158569382387899,0.0745965887453049,0.0266252318392592,0.376319302294525,1,0.853182139623566,0.539103535694831,0.743772967010549,0.236748792887752,0.892068964336275,0.176673490821005,0.860732821387146,0.218190132908472,0.80459757454143,0.209062494482667,0.849842677556818,0.192407120596519
3.46658731958009,0.378796501315002,0.0868658743498872,0.0780328956216755,0.472584519141547,0.227059068096875,1,-0.769751799454149,0.828760510821854,1.17722500740345,0.27769581254951,0.602820284271,0.195990935248295,1.16718893314872,0.147003387253345,0.649958248542343,0.195470500653504,0.779440963416222,0.180513114025148
2.832317558379,0.268064260231893,0.0526046047491205,0.0394623814672168,0.10564587943252,0.308049973542456,1,0.275301313930643,0.754912162329451,-0.209898888162272,0.694459258879178,0.975573361531074,0.255788892817131,0.66577875336559,0.164774613269588,0.602141446593269,0.164215251588483,0.89165343644379,0.138944969838997
3.05907564171535,0.316922419425364,0.145433740523702,0.0734234240938551,-0.0566447270538149,0.234082876512897,1,0.719619755106437,0.539708077367509,-0.120320559689046,0.513683455594768,0.952289835619027,0.210973531955692,0.766921062516209,0.154577926215444,0.795420046411274,0.169685592486446,0.547851246394839,0.193560764666514
2.52459915738105,0.265793074704826,0.0509679625302096,0.0425298169632229,0.188022584606687,0.354675855577078,1,0.418016238248284,0.581952372214813,-0.256203311437438,0.653356056723062,0.75674720390526,0.279564396856977,0.749755816037936,0.171796424192567,0.5533379667667,0.180281766365367,0.442203250836585,0.192895737723515
2.92036530662373,0.318509637799885,0.0207533387016744,0.0599674799846805,0.516751072501152,0.187656023901657,1,0.20490190278462,1.0683551064164,0.628151598008281,0.547839829932496,0.667231031125096,0.261047950557056,0.836390404330592,0.153637716662671,0.648990621362095,0.183879980496366,0.679924900733657,0.179627517274516
3.01113670911408,0.276894260875482,0.122285659471902,0.0617953993093356,0.218734059364885,0.239587807413908,1,0.258705197711882,0.4488546589979,0.0615279656171215,0.453051260613586,1.07472289623758,0.187745070815659,0.5942018852474,0.177829134553548,0.749307126818775,0.167513434288763,0.815225712471839,0.149650540762726
2.82330908909934,0.281922335594199,0.0437478096815771,0.0801714797316341,0.472541447929776,0.211851966619874,1,-0.644966623505913,0.692073036203732,1.0955994640467,0.250778745166009,0.152437390535799,0.283448784863223,0.595897628237935,0.161638335085681,0.703049810071611,0.147587676460024,0.772534399833847,0.183406518584152
3.75812928562751,0.429311282090643,0.182242767529986,0.0831384921547089,-0.472891967963802,0.14034255934804,1,0.129998081405153,0.409093505646198,0.91373994465391,0.236670688174028,0.757665324234065,0.213531248216572,1.03582805871514,0.185348544390827,1.0568967473239,0.14942926219105,0.932367427613668,0.184227787477365
3.35894737713412,0.392275354972962,0.202855421119507,0.0961072796900849,0.219348218081781,0.336796855600255,1,-1.01480142499795,3.65110827776407,1.12258641557998,1.16138906720671,0.591606380268182,0.482309617432349,1.06540230464366,0.175282305219173,0.875605224425318,0.201756729661012,0.847414379029931,0.184859909528838
2.97773362254769,0.356512904396739,0.0742811771741315,0.0608631258698428,0.139694851939448,0.227658770080706,1,-0.0731548068878023,0.821726911741103,0.855567223550157,0.368646893422157,0.636409961870966,0.218411296789385,0.695794694846171,0.160571496092357,0.961135479971638,0.19003698014174,0.460823739993809,0.21799715517412
3.14522659240873,0.35777285866292,0.0962630698305502,0.0767200295737425,0.236243590211533,0.417456846047276,1,-1.66250636788051,1.36907382107444,1.2417076792258,0.4612719812583,1.10971230338605,0.259781353793624,0.634417816418914,0.167486349851844,0.572997129224969,0.212947923723894,0.930381220236018,0.154953109053486
3.77590682199209,0.589299894555812,0.177691456886251,0.0962895023542046,-0.0185581679317953,0.336723673775583,1,0.724151112512347,0.964294636046415,1.11818654846457,0.276949896024046,0.360700369003096,0.322149191005891,0.804585372935756,0.227417841928858,0.985959853964399,0.175938468447737,1.09211408956175,0.192841007138265
2.79948777896103,0.280580207283696,0.0797962045513788,0.054429998862814,0.348427336414412,0.227249991586709,1,-0.320782848530173,0.940444837907207,0.847842243886614,0.396824296148404,0.685814308022374,0.184892026383408,0.628813107310268,0.177624215744311,0.663597419116071,0.175792891035468,0.797592934386979,0.152851864237077
2.73141850288617,0.259748676640454,0.100229613647242,0.0709383718240752,0.322479087318949,0.180107470949021,1,0.0924146942895713,0.485492812620761,0.14941669179683,0.379296428659612,0.89056527585007,0.166990126317019,0.638986168872149,0.150733989852394,0.693327649921817,0.15267599425985,0.699795618418247,0.154514124589274
3.49052155160535,0.395684999808922,0.0850446288859206,0.0576009012214235,-0.0909993092181497,0.309327088750273,1,0.423054158891781,0.71982609135194,0.795457982064109,0.356926646742649,0.869303106567038,0.219197807452065,0.809950202204526,0.193284764948193,0.678842553074335,0.211534180478917,1.09197391515619,0.170155668437002
2.81101081662353,0.300508797559737,0.0489551493373247,0.0371102846449782,0.0381605584365769,0.216749171411669,1,-0.536934334506363,0.694498410699487,0.874465767596018,0.33339894526625,0.714112111652314,0.183456026924847,0.634680730536573,0.169862810813978,0.790789646931403,0.155460251843976,0.612439720477135,0.178359613506812
3.30639455450329,0.405995135869589,0.103828061978402,0.0539531902005296,0.139509025791579,0.317783449260928,1,0.329449610462757,1.31529881963143,0.639728378536552,0.583757861652045,0.872621064123492,0.345511771492965,0.691754255232423,0.186675055210794,1.12244994420464,0.142155285521918,0.807205407266429,0.169044260988785
3.48755233907606,0.338660000151339,0.135820917859137,0.0715452619590361,0.131210702090374,0.294643184110028,1,0.466765205225482,0.438760284833585,0.749175993526058,0.241887471788427,0.773162740779966,0.193097210863,0.940067406741994,0.158941799106682,0.828526786176238,0.154830232186267,0.807862911680816,0.155749930307929
3.10690702924103,0.30913566231547,1.14948878581995e-13,0.000678083244925056,0.654898169766093,0.0920827840394209,1,0.175184783954853,0.468423314428499,0.383010594837759,0.368067079240189,0.730565566126184,0.263113507361403,0.950710728695924,0.141717329513163,0.817174126920979,0.141491890005759,0.71630099290114,0.181360807903057
2.99021289890446,0.269055892793251,3.1683321560562e-14,0.000355997174616518,0.61922134100161,0.0986948467358721,1,0.474259953762252,0.494376333834417,0.437901160513147,0.374791394082769,0.799616033419255,0.247466967333726,0.75066600804737,0.143516440957656,0.677583379838411,0.158546472549818,0.673798505664346,0.179414849930982
3.25546709180983,0.257971742432983,0.146111038869755,0.0661774436800703,0.32386027914802,0.313234419564254,1,-0.0349159354975384,0.67367209199419,0.76307461850561,0.310878921890851,0.81279962057347,0.197914551962822,0.7559378141787,0.133219365318141,0.994450208048902,0.127378904631483,0.626814801807308,0.154621327332655
2.55024704110806,0.230773136329869,0.000354970180834879,0.0446981495324504,0.360944514038383,0.300247280468799,1,0.0740359338853335,1.1644072939385,0.341281045246004,0.758817170883497,0.780706826113104,0.187743025685608,0.484404122681838,0.193026962937906,0.597100500611658,0.158656748260613,0.401956885672818,0.179012976547037
2.95409132449669,0.33775129476205,0.0902633295547031,0.0717660047516412,0.162257036459875,0.327875990763064,1,-0.758809033943968,0.666488314005039,1.06128251377263,0.269705724351747,0.34933939793222,0.421869279647031,0.878879400158869,0.187448942578131,0.636114608127566,0.17614887087616,0.636682150613843,0.177254547946936
3.12653990686267,0.349199948472012,0.0937930457002992,0.0696389085942406,0.0333847990585675,0.381839990425414,1,0.718244406362252,0.673478777867181,0.715318600512435,0.33357743531564,0.48304149706982,0.277936287818779,0.733682609439994,0.196162265146026,0.688490991926498,0.191293682767935,0.839533865897889,0.158655842826673
2.71792355017961,0.196523325958414,0.0161175838467914,0.0326303707431719,0.230416773586428,0.265502967728496,1,0.127996565537764,0.65474532351121,0.474202786226037,0.392918275706849,0.792364943323598,0.166496685317157,0.507772986760302,0.175060161386785,0.89718251912095,0.125711428759497,0.384361764110047,0.200297478230519
3.44566950766146,0.437590830710788,0.226895499445462,0.143984803835027,0.32843853312773,0.502925312582985,1,-1.28879240079605,1.51938673234253,1.30783458608543,0.441823445899361,0.895665048837655,0.249888447984336,0.904053868015251,0.176613398767863,0.757976438261474,0.213708309832671,0.731945415860236,0.186088915483234
3.37401380045622,0.404192011229952,0.104831743409505,0.0857760313834261,0.150606150175688,0.384861980510733,1,-5.24767075006177,991.502450502298,2.03100856966503,130.088241446808,0.820715577553499,0.211976195328716,0.814577111792993,0.17141376910639,0.904585580625829,0.214479809783174,0.914830481715704,0.186650102085116
3.02266465387566,0.289180695514196,0.0495723889948808,0.0520269176193759,0.328800946032402,0.288423644020703,1,-1.54130536650373,3.25052754659713,1.20914369745915,0.975356673603579,0.736550930915533,0.282393791936913,0.898399566107683,0.144960479278864,0.542614757666004,0.16216346600654,0.827416159749363,0.151074004430438
2.72536208868803,0.275387881355628,0.0508775904465544,0.0349663258357911,-0.0511400745107877,0.266874781335342,1,0.798735550934968,0.492896877968349,0.199061313067615,0.355705703118863,0.51326906134411,0.220041427644797,0.735672370085668,0.201500463296813,0.717787399845728,0.147880594361333,0.569255531858054,0.179540930927458
2.98971446059134,0.339308454020538,0.104858615930457,0.0786983594428292,0.145544685983444,0.296880986039534,1,0.230447749822716,0.62687719893831,0.525096002107633,0.380379927557063,0.871291878887227,0.236066962294603,0.727068916801886,0.150817869512444,0.703747634016685,0.166041707169635,0.702212245926933,0.18503629958818
3.41340172244336,0.307564219283793,0.151139163518291,0.073144441208177,0.0234251543095153,0.299413576207888,1,-1.19848001732119,1.33092550820684,1.25010528755103,0.420011420583052,0.981545198002278,0.219168628645594,0.935562321537641,0.133093437894704,0.774632526556807,0.206385763001459,0.886988240937925,0.165756420194454
2.75405370843097,0.174452459263483,6.87766879733147e-13,0.00165876982081889,0.551609629427739,0.0882055302775473,1,-0.178223986113206,0.496605928728435,0.464283878021688,0.316814575908741,0.890429420799379,0.162910466012588,0.573330266304838,0.148871120111993,0.656943342781684,0.139220335092153,0.760905386928435,0.128614301511215
2.77038615997144,0.263390869577055,4.30376825050264e-18,4.14910508745765e-06,0.491627161501262,0.135437340258113,1,-0.691892373358814,0.579732891372266,0.795116367596856,0.291043247454062,0.615127919085084,0.241216058232631,0.865463649455555,0.166167103045498,0.756705164715689,0.155963181797336,0.521873805873786,0.151670808486094
2.93734268561506,0.310708245315293,0.121388983963297,0.0735330686660079,0.364215958101814,0.268120573357619,1,0.254791999389578,0.713945071645861,0.697332033001939,0.390977119516308,0.594151426881589,0.197552799878272,0.781309061232103,0.167372964435189,0.494182362218316,0.183705668454178,0.68029702192383,0.16324338748284
3.01842747865676,0.238821734024949,7.71350343662684e-07,0.0381143226705854,0.368042577150796,0.185761040278244,2,-0.0278956385874283,0.417760430151933,0.89153211944776,0.235174339415571,0.504404238022082,0.218234935116236,0.728818870006145,0.169550991062608,0.697999832726435,0.150027547685409,0.884954644589756,0.132705968157923
3.0507017680658,0.399963106778179,0.062854721796966,0.057657781667837,0.182645196866221,0.274595002769484,1,1.02455070154127,0.782927857056225,-0.377482849725513,0.788953108482273,0.816914754487716,0.202375550405795,0.983902746135645,0.177660143817289,0.596675678221858,0.194090666857575,0.85751193344581,0.17789717864117
3.12853316075211,0.290927016398681,2.77496816681599e-15,0.000105355950211039,0.703070882119054,0.0771107547532034,1,-0.409953734975845,0.48040369193345,0.887889660526724,0.291999332195301,0.852906906217952,0.288490810029364,0.988355670526062,0.17500415201891,0.659932297941594,0.169423356666632,0.689471217621893,0.143702241641975
2.86993446911041,0.274743123227873,0.0478182818431107,0.0824578734185408,0.643491769066314,0.134686484993064,1,-0.101697378848352,0.577932664671955,0.741927208503041,0.29934336966804,0.592738310895173,0.219437359614965,0.802759077857948,0.169816519701065,0.67317093430913,0.154305706803035,0.674308798715217,0.147584625655756
3.01903733658459,0.355589515983582,0.107316786691232,0.041809444320633,0.125750909446118,0.186084619237013,1,-0.752020511171603,0.699334285811569,0.987776403092846,0.318907064942566,0.858363166371901,0.177820561278164,0.653386396344265,0.228909367854771,0.755962493446066,0.17762406078825,0.695339349800073,0.177413913256655
3.07426963043552,0.295441670031675,0.0144077074660325,0.0579061317726649,0.392785769445715,0.273611964422176,1,0.215987369928621,0.733130836829814,0.607889757694329,0.43874953481277,0.515459902356902,0.303594059272314,0.920427092425169,0.176292542658633,0.832000524059289,0.13725002662009,0.739341234141595,0.166808606070405
2.39673221546525,0.196358228772326,0.0144397514941038,0.0357576517950288,0.239983386700982,0.204864520368019,1,-0.369014178075347,0.589591719182822,0.726702708923674,0.301421629962202,0.676980137478686,0.144557021932347,0.409704005205853,0.166906169522901,0.490986513334949,0.157948611973704,0.41741305380777,0.17724832413939
3.3418425544595,0.315402259720277,0.101664488408525,0.0713915694124014,0.535415023934983,0.178986976899608,1,0.947971826771864,0.518172884433741,0.534011993874137,0.295041662846014,0.604071946640585,0.240543839505076,0.655500746238437,0.193835085178445,0.986132832061423,0.144042394772578,1.08134638802686,0.136425398731127
2.54674496937715,0.223513345264503,0.0166560292854076,0.0395994927678946,0.327237170900959,0.244155133819748,1,-0.426320430532921,1.83506163279393,0.854694884520739,0.771106426764249,0.586935433300935,0.167510302894576,0.509672532967024,0.15526303069536,0.598739996209184,0.160369977947934,0.467765403523819,0.142849728260016
2.98463114016263,0.34300800058104,0.104167037876926,0.0786555555164776,0.46978669222714,0.24590956775027,1,0.408681216769992,1.16714517669551,0.317091308632103,0.736106126250777,0.900428376131731,0.186800620915756,0.656110514786523,0.205828747277887,0.741008677215811,0.177638581722211,0.671385056101608,0.182212740147505
2.80552621116313,0.403045120773926,0.0535785321491492,0.0548284288885033,-0.0399445434125601,0.251216962838028,1,-0.968336928858387,1.08367951392409,0.924825930417812,0.450828870463674,0.727877967685733,0.248847892987253,0.783762485355158,0.170548978775232,0.741695709355259,0.207739477835429,0.697748140429739,0.204630553283895
2.68428134728715,0.259948369472641,0.0340786136871497,0.0491693860053917,0.379345981018775,0.158634756757725,1,-0.0384859193718878,0.506651402413433,0.514922860167156,0.350202682512447,0.683533807096095,0.258532616229321,0.46622863812954,0.169775029686948,0.816685371127405,0.146663883016134,0.657001558878686,0.163580546907916
2.93932073157148,0.301282008015881,0.0382113667331138,0.0333583109682681,0.0647416205652983,0.235360970258644,1,0.0313281962064075,0.613997159714806,0.658790453933866,0.350502270120274,0.757099589078662,0.246560233425497,0.674104502889872,0.261750307226182,0.984721033044766,0.130115643555477,0.378143986428586,0.185789025989226
3.12115476155668,0.295916586227185,0.0299321374781131,0.0381527326074666,0.0755010452622451,0.271609015156184,1,-0.650531065761929,4.70696807260964,0.717794074567561,2.26144379697674,1.14648351449982,0.145695771961322,0.592074344319564,0.23504819867404,0.834831428171253,0.160948013405957,0.66618717268447,0.150924963721788
2.50785865432405,0.212980486192651,0.0101813916161204,0.0238217733951803,0.197086642215829,0.20607800959309,1,0.14203290622584,0.589385870770742,-0.888951251402109,1.03510410785871,1.15884488613198,0.232666416347412,0.270460802006459,0.17289904507237,0.771199377471088,0.146036426097866,0.468008361614553,0.171681680115235
2.8083924917564,0.304724999221687,0.085217267877653,0.0467437936906635,0.0116078100838996,0.229308385618605,1,0.0341450427663187,0.843461220744245,0.761810654119578,0.403097084455251,0.602394090780891,0.265731420087457,0.430661434756111,0.185201000356063,0.801338106878201,0.154576560935337,0.721379300408368,0.158579892882172
3.20030884905338,0.304822275313878,0.10820716014034,0.060279202924149,0.417354941533819,0.199074464960974,1,-0.233035024305858,0.659414340645595,0.954895114272216,0.28457400949428,0.623321302419107,0.209725861684588,0.785243385293738,0.181785129612503,0.771804709911382,0.157826964441544,0.745406336404374,0.157400418582943
3.07652495434286,0.327506125859661,0.0855431535538842,0.0847619593408938,0.571504129364864,0.164273495619953,2,-0.040998922906797,1.09231296066138,0.895948356456096,0.460032752599593,0.676722664512618,0.230779732751192,0.628754919846202,0.178425963852673,0.860032307066167,0.156406011893678,0.77665458093802,0.173391982283571
3.04857035939389,0.31609448455441,0.0553187237205999,0.0507607841410475,0.0803687842758042,0.245122872450696,1,-0.426612962440252,0.816797326211597,1.06003149269152,0.305473748364385,0.655972008414663,0.22809957594988,0.528530077956886,0.193904840680826,0.776782069889811,0.191286761401519,0.713259835481773,0.168342530031238
2.64421341625371,0.255980095959576,0.051181843253757,0.0737896985040982,0.476100689816934,0.19669502444994,1,-0.244617302193398,0.390203845199845,0.565457604333144,0.281069536065177,0.614389409031557,0.216823049346765,0.802625067619508,0.163553799116368,0.821092256693962,0.171399362676659,0.291966913315429,0.216997245085963
2.76136333162813,0.201539116917106,0.064040554720087,0.0364770195990764,0.261385243549533,0.179317148467157,1,0.430799744919012,0.526102846759462,0.556299445996828,0.299663666672249,0.619014333034644,0.161702390233382,0.550612928725657,0.16626883463149,0.640650826735097,0.152825477025192,0.617400965835118,0.134166630459483
2.84735024983675,0.292360310178403,0.0299911591839425,0.0610694532728313,0.485053940513636,0.147605116808077,1,-0.159679101179092,0.300832518236615,0.741136091361349,0.18569242401052,0.628369640209766,0.180184020554208,0.681581923803634,0.156233641028311,0.857401024166843,0.171279462965433,0.123107080078715,0.250100909488724
2.74911880511977,0.239353054005098,2.49028182738277e-13,0.00099807854741319,0.291366575169898,0.18715987969165,3,0.162274655996771,0.667285310380104,0.592234614045678,0.381407103166693,0.413394206680507,0.233151525144536,0.866497386721417,0.15645520041466,0.635704471651603,0.175886437766719,0.761626705648977,0.147989711859518
2.93855986163871,0.193607168003637,0.019407673881172,0.0306951153408516,0.125974886834059,0.240234640734467,1,0.234034467300486,0.364978545521629,0.608470910317168,0.267796806417358,0.917513720605367,0.180854240848578,0.630921087058063,0.189559899924569,0.578682593680433,0.140677781860066,0.83191185801786,0.150109802680528
3.03670676907494,0.393556961649265,0.0306688966425414,0.0655980968548038,0.344120163290557,0.269248974378392,1,0.0588537428778274,0.787127949257628,0.849971983525208,0.393153204838741,0.851948237195145,0.219078594634901,0.539409542627904,0.249769324814534,0.665967342966092,0.177306336295657,0.829470728017578,0.172703364551462
2.92779576422195,0.314297572681145,0.0430306363078867,0.0377473607393935,0.276815034331691,0.158862975185373,1,0.55238532957557,0.525314356547543,0.586318156156191,0.310647474904848,0.437801714269587,0.248852966032233,0.609751681563255,0.195295039109092,1.0138432758448,0.135771296909545,0.465355350165971,0.19971577564026
2.81729020626429,0.290504300165772,0.0764122238581389,0.0459823623109327,-0.0558233842007297,0.28732250305042,1,-1.25094760990848,6.73824818445854,0.99581908584819,2.43616822401014,0.970944619928077,0.248996369107125,0.469905481211962,0.185545798228152,0.765415065693872,0.151872700983183,0.703280959986073,0.200067098814332
3.28884945897885,0.387745551536001,0.0405687464513765,0.0759666715807514,0.304823506601901,0.361756478213317,1,0.679272484651794,1.02226834626969,0.414777173466856,0.660755292887942,0.92428791577499,0.180337650839087,0.700635093457141,0.185446251315101,0.846305674924134,0.156039945260637,0.777388822516821,0.20783369944921
3.07756927673357,0.263134088868999,0.0485158598043892,0.0438775314391683,0.2521554688699,0.275037396064746,1,0.513733755633132,0.443057091594585,0.621797604489523,0.263479864142585,0.673937078158926,0.177903328062212,0.68931936497945,0.189176581921762,0.772450647965997,0.166118022842342,0.848241580736439,0.144385043081202
3.20045244275747,0.319101739626004,0.0222806773042389,0.0671858822071118,0.565008143495037,0.16788942202299,1,-0.587631595687301,0.758553040684738,0.930857723025876,0.35615569180947,0.782197618441553,0.272895393252366,0.907016650860399,0.152016391687996,0.745347505889306,0.149009233753286,0.722093233617243,0.186372593891747
2.90738530436506,0.363813863053511,0.0996156804000152,0.0750686789535064,-0.0115734088438486,0.300380456724141,1,-0.389178713243598,1.08393996700521,0.757988327634221,0.519549952813728,0.852828609489139,0.195361866374413,0.597282859735994,0.210559359670751,0.843928044396678,0.180284993882728,0.620401412291937,0.196547635817181
2.70662479896023,0.214027503282239,2.2935741989693e-16,3.02891026133946e-05,0.563327342970696,0.113182708909965,1,0.833330014871044,0.55354568602338,0.258691753567226,0.460729552385391,0.276177896107133,0.414033327155536,0.481553627587137,0.219083005562975,0.763424867897892,0.175261037055171,0.723345643858631,0.124980533452526
2.80013980920597,0.283731592212165,0.0691434171530041,0.0386829977036794,0.259228622195342,0.199365999698789,1,-0.117293400567596,0.50311191062966,0.857369848134779,0.24888789713158,0.677216157144162,0.198254167812782,0.596871549010578,0.184514916239098,0.572868587825299,0.167314194253379,0.846681244675577,0.136567491278485
2.88792381891785,0.272242269961033,0.0553428325094204,0.0402668240227609,-0.3077398523526,0.280465719801521,1,0.0607288957830191,0.911295059842085,-0.32901415575899,0.993922909074771,0.907957741646463,0.275940603721972,0.993304089465643,0.167376889834611,0.776976379037184,0.167630517399214,0.647805714991922,0.19508485310554
3.20553587668174,0.395319846802312,0.090509259010492,0.0596395885711674,-0.111606328963814,0.290825719753242,1,0.893993615523566,0.529109972763401,0.177959503350347,0.432305854810264,0.799256311684606,0.241002928564203,0.795372660383932,0.190596316000217,0.932753483242437,0.157126713032874,0.784347627928124,0.198940072797005
2.47538377327552,0.200894667332745,0.000368845890585556,0.0406398850788625,0.346894908235847,0.248103270970925,1,0.191044243475743,0.538693987273119,0.219504769997423,0.384760420435766,0.683211187867586,0.211857190039622,0.595073575315496,0.133207587516692,0.439422640242588,0.164636832166945,0.652313063843864,0.123180283874976
3.02735742213037,0.294827731393707,0.0326653793424253,0.0454708099390348,0.33218758104302,0.178477974268842,1,0.62496676830093,0.62313842900976,0.575064775266861,0.367084829327737,0.793893242219739,0.182791290491642,0.401302406953025,0.179349230273448,0.796291517946906,0.150039218544262,0.711304251071828,0.15268839849616
3.00505519911955,0.254385081654049,0.0391353461436867,0.0597604997085358,0.416647447785815,0.290961954029632,1,-0.295929923979278,0.959601487225282,0.923042595121365,0.393007476911401,0.760836391096808,0.191038807091401,0.713944422033129,0.163457880290081,0.541008263319417,0.164669486180515,0.759170628205493,0.150032346020724
2.7599584730994,0.227656025986194,0.0440193139209916,0.037988792643973,0.298896497457585,0.171166260219176,1,0.00241275036631597,0.380304102778127,0.524375359095452,0.304669436500554,0.465520378492673,0.278621118356234,0.799930562030698,0.163390392102896,0.655499482374992,0.122446013047138,0.715788937421744,0.124196849135379
3.01799613722656,0.278616198412428,0.032135655598364,0.0329451690820187,-0.308309167767328,0.160506408527885,1,0.617755050812386,0.603861703017932,0.384286784434625,0.391581343232817,0.699157234638924,0.182715999186851,0.9236983351799,0.155264675246861,0.67269505658727,0.151650759606965,0.725619669799069,0.158273333565814
2.93077404115608,0.326339582986284,0.104870351255552,0.0713759667863966,0.177336259014181,0.272878627439941,1,-4.49217458352722,990.566723455321,1.97806220992554,137.032093245657,0.599085814708949,0.238726807227427,0.637330561424063,0.199533757278571,0.676832724044587,0.18157783399243,0.730437105284365,0.173792790112961
2.98721311137033,0.302247511450306,0.0921694661329821,0.0577770377325381,0.210932633159866,0.274821200977792,3,0.852574420726688,0.60140300353528,0.433182477598196,0.391216191639579,0.371696606724308,0.255977669311717,0.869273248986014,0.15549421433379,0.791661876724308,0.151116169720547,0.425457641374587,0.210078770053103
3.20434807306808,0.424152544883959,0.146808632778251,0.0720474519470652,0.0677002535063845,0.365014315825181,1,-0.242060100916483,1.15380715982532,0.985998405725867,0.42689517292727,0.558530492300612,0.220575991400791,0.839538934721105,0.183536602293093,0.824618115155688,0.179458630530904,0.839943874557853,0.196296611926941
3.38777578629816,0.334425486296846,0.136779271715432,0.0642654728541607,0.0105009903060896,0.246126234180889,1,0.58717198682142,0.46188823857767,0.671735498406292,0.256089232615679,0.84938495299086,0.211896267012319,1.00308983486046,0.19134769094679,0.653553299248117,0.166123759666293,1.01554935291626,0.131762756750984
2.94223100351325,0.266672648015407,0.0447837528430202,0.051757734968386,0.473733481194094,0.165106588856556,1,-1.25467765437558,0.82200808498751,0.990942405811753,0.303382470585265,0.869546607349283,0.17678350905276,0.786403698626318,0.157336591769481,0.490318880310181,0.159457601633245,1.03654116808972,0.118914025448107
2.75237475883704,0.27054001065275,0.0382286768644224,0.0397770489020187,0.436226100403397,0.220240584639379,1,-0.00810971011375084,0.630500027242919,0.783470612914559,0.316951072013179,0.471226455887142,0.235424450559046,0.590901354316985,0.180699710816018,0.824288866466504,0.162474706454526,0.463600830789444,0.169378420915174
2.71096754005203,0.230248620722898,0.0612171689822012,0.0583747523832902,0.317059979313207,0.298791641689742,1,-0.31306448742914,0.497694499574563,0.524847704335312,0.361734130887073,0.926777758277926,0.196120613985746,0.222988815391249,0.224096573780272,0.646072506511456,0.16720920492558,0.582607776027253,0.173098317106694
2.6832488558007,0.312548602323051,0.0830669116278618,0.0606566201632535,-0.0175552850806544,0.24628862549599,1,0.245225769512587,0.5271543317655,0.383552792294005,0.344547121808814,0.76310993112022,0.178965422655029,0.616039091882068,0.195154454243836,0.626677411319944,0.168529651455958,0.675171095981457,0.207708272036294
2.86365943067155,0.243707254266096,0.0629730673720345,0.0537080910993249,0.172308575490819,0.253519666184671,1,-0.0354157153137952,0.978852088158606,0.519918277935509,0.549778939288528,0.639515812245311,0.276321046061981,0.830382337276253,0.164524083952869,0.702347101953589,0.152039040554276,0.553604164659307,0.167904332975491
3.5063675399659,0.333679082393875,0.0344134470679907,0.0742732140272027,0.678091347067855,0.109911431557086,1,-0.488589223784705,0.525865841276042,1.25438864046838,0.15541258444457,0.775622140489991,0.183597145729914,0.779424315825162,0.154221951035448,0.796131536617988,0.147300314088657,0.702073041641813,0.16836191736253
3.06568500613536,0.392161672729162,0.0929720170842326,0.0854383768439372,0.293099285366186,0.235478340476643,1,-0.743154137107504,0.487633801332479,1.00966366063202,0.255390905997489,0.904151601076873,0.213984024865622,0.477876269610519,0.20902344589131,0.728286294583446,0.197780808208387,0.858253716355642,0.147123813999102
2.75606879222557,0.290960013120907,0.0689653269816245,0.0572022434095257,0.302072282310006,0.313678903463053,1,0.884654402674238,0.555803316480634,0.176078368437102,0.570180797583014,0.625177117062474,0.335734502786881,0.680229341479222,0.164516078367699,0.587620234892531,0.15931808868412,0.775119874631223,0.165300498172281
2.99138672866629,0.288261704777439,0.0919319520609625,0.0681234540986649,0.184919593958018,0.22811664856338,1,0.390310790976283,0.787887234332344,0.410908630046972,0.513603817209895,0.456277046948334,0.251085877922906,0.867649960134944,0.183752747420686,0.75822147877159,0.15937659239108,0.830314884915092,0.164849225969826
2.84212146640988,0.326507348300876,0.0758994881751011,0.0630094287583132,0.155877472967293,0.41563226230434,1,-0.641192595071787,0.678009333809788,1.00533188805596,0.282222258122455,0.71394381972004,0.222861340766768,0.580108314369935,0.24920442575354,0.773826201081267,0.189057502531946,0.431816092435291,0.201335125479364
2.94047854747529,0.224919849525948,2.1851308966829e-12,0.0029577122986261,0.53673114549028,0.0996514586312719,1,-1.31806210954143,0.903722998287361,1.12826893535379,0.32548207520539,0.805566955194413,0.200053250781699,0.812663331939498,0.16996422503083,0.617827073717071,0.198372431473891,0.626388235622551,0.141408899956526
2.53951059830201,0.199118301176802,0.0269555907050677,0.0519302116766714,0.490380063448215,0.149319940585412,1,0.2628355908416,0.440300103261386,0.322031782116158,0.31231803960649,0.553340015221016,0.167903322692563,0.519163919614992,0.160906078796199,0.727127260651983,0.126068918700655,0.680049687496916,0.152462583076945
3.31449301253747,0.370197540364639,0.112187374836876,0.0996933611685445,0.336733138768367,0.375978392288236,1,0.664139244460191,0.55160233364054,0.560605139859777,0.369595735068747,0.762248095265407,0.253168712824313,0.83792314837156,0.183841356106863,0.863807820190409,0.177380864473152,0.805873231530477,0.218650641777416
2.96736636540213,0.385622983557562,0.118870586960271,0.0659531980798589,0.000595728400100259,0.295358959243602,1,-0.840801975478932,0.751366736411928,0.974705721897814,0.324170367531182,0.732812692962536,0.193119950379306,0.689595311741782,0.226436718878933,0.636453069774715,0.185003498859727,0.893364696541588,0.194907814478396
2.79222797221124,0.245261358588477,0.0302543461655314,0.0435847691599316,0.586119919546805,0.120420089008595,1,-0.569205786253102,1.22878163130733,0.920827941960872,0.493013380947368,0.622631307009284,0.187469779122448,0.660799883567805,0.162385362571285,0.706378870490495,0.170763532928951,0.693591658176208,0.151964634064097
3.05051487201541,0.284687502412828,0.0138602331120103,0.0299564557190973,-0.027805730483678,0.257334706560164,1,-0.0740863834806899,0.677290908354007,0.350636854940829,0.491194848190465,1.03020449024381,0.190029894252863,0.797083090602178,0.160824904706056,0.9211323305128,0.151276644940609,0.766852731068108,0.151752813445689
3.0231220845565,0.301968886985355,0.0189311549060182,0.0427485602902655,0.354573047607456,0.20311203797059,1,0.324626746703499,0.588676275880853,0.620725892787339,0.31061882779329,0.720390426964346,0.196865321718247,0.759604526125793,0.197403584193409,0.822774183257364,0.156548007915645,0.606357910758366,0.1913987938958
2.92168349160884,0.29378101723614,0.0309166693661789,0.0639252448697065,0.46693993097071,0.1961451457199,1,0.887419497058595,0.521777878600104,0.248364791157569,0.402734251586138,0.688134876287344,0.19009145182677,0.639659084501017,0.174420134964851,0.655896583019149,0.157373789408658,0.763261542219856,0.133825088862355
2.99396061789587,0.319252319548606,1.85934148563711e-10,0.033338172841375,0.417906511380677,0.18531190251174,3,0.128819867715078,0.456906301873072,0.78158647680909,0.278451143218269,0.378829555127876,0.344390307623391,0.729834036435032,0.262852947217208,0.893957895216431,0.143477311948954,0.745633467005464,0.157514625903521
2.86738603098991,0.254590099339744,0.0535727773170235,0.0524317401708948,0.41008283255462,0.285351409736903,1,0.115513960161457,0.74645685676665,0.379135800848707,0.485891236181074,0.983748213971418,0.170186882963823,0.717602210075151,0.179829370137758,0.428699599721365,0.230674706562992,0.745668598455641,0.130229052915511
3.06387994204308,0.36495175075913,0.0825424087908447,0.0581927733143265,-0.0101584458661318,0.323300893336141,1,-0.718430922068428,0.973606665179702,1.25517054733231,0.316698744730911,0.127286908182605,0.252058542792234,0.678176474685058,0.193737088954736,0.964694949209458,0.162148021555973,0.563077804045795,0.210750235389911
2.88930027092138,0.266776275757213,4.20393322801649e-06,0.043998050707176,0.436590616021617,0.211170873120998,3,-0.215753624182837,0.677318365047001,0.788270562733967,0.296536972045541,0.782757983113237,0.173669944403692,0.738538752259501,0.153223184341517,0.813832714282235,0.139214206664292,0.381791964029782,0.172228702931602
3.42579086262102,0.361872663902154,0.118956609609727,0.122927374264952,0.542615426249667,0.217639296286942,1,0.40240176569356,0.824627664337922,0.719037859440285,0.313886441449734,0.791301690168842,0.234569025898968,0.715295003545662,0.180317440261283,0.960385778567938,0.160282189416725,0.82958983270093,0.180295858474999
3.36840171901127,0.300390394825598,0.0743025046303273,0.0762143140016594,0.515314281886594,0.224482960318496,1,0.0542999166561043,0.787304481896064,0.785713921693458,0.406854564369657,1.01685935058164,0.183592513389156,0.647731156821279,0.177587832209616,0.75146396163525,0.173437584345721,0.951430565878275,0.156847159017913
3.26308529013079,0.271712543432084,0.0470244271357861,0.0519379113372577,0.372600658522241,0.252500217166208,1,0.781819017225314,0.480635924785562,0.642422930646346,0.381395974646792,0.427955107563502,0.388810992772396,0.903172696176965,0.155643011732719,0.784818212834453,0.12838961161226,0.934118421730836,0.127918693862078
3.43596130231535,0.355439972676939,0.0864262215327938,0.0651263072511413,0.214948935163722,0.362120389448084,1,-5.03571446390927,989.917020521301,1.94427173577328,141.648635523265,1.11442869447788,0.231390642094842,0.814804940349258,0.159739143888264,0.810551136527265,0.164519589720373,0.87516259351125,0.157712567489708
3.27082826111475,0.324775544797812,0.137980240593261,0.0849237843775073,0.30661278339452,0.365191246102357,1,0.04462459188502,0.649787289711394,1.06480233283214,0.240482116721306,0.53933076221163,0.257735150297226,0.904672829968224,0.176055967168389,0.620429576316178,0.184662171230504,0.843731981903549,0.151995424962561
2.82531219433932,0.241827997585771,0.040523439501041,0.0411912258303489,0.243627345428106,0.243053625956328,1,0.546821290864602,0.40483035080771,0.751646352631278,0.213339574879231,0.253991777651692,0.225532094648117,0.728331869540237,0.133563034913351,0.692254172739416,0.21019365108465,0.703254293680812,0.197726344095705
3.05273305842926,0.293062949318619,0.0347555801256514,0.0506249695933807,0.363247650611567,0.249412862194457,1,-6.57867781072526,992.278197749435,2.07945400911241,124.033243531186,1.04567839972426,0.204425456727418,0.750680510971779,0.152964593953641,0.671249907912348,0.170477650230499,0.741556775317678,0.153626118507132
3.25138086446902,0.285938637501679,0.0753458488505862,0.0487357791854778,0.208133134411058,0.227597221046493,1,0.248744621523396,1.09008572903561,0.735715649726273,0.523224860801591,0.699426106855514,0.172790866198587,0.734390622637911,0.158014154114265,0.951058764115963,0.158410002689499,0.82072252427327,0.137295341487946
2.65291431704151,0.309584800895218,0.0222219690686585,0.0393177609226681,0.11936507195563,0.277035290289269,1,-0.687110262184327,0.784115629340044,1.03228976578175,0.277037272321791,0.314960757155339,0.251215526785348,0.956778273663324,0.15019758800357,0.43168800822619,0.19907337318106,0.657471187897906,0.186914813321884
3.10318484078737,0.299307117432735,0.0333768874774351,0.0628790364179473,0.364130609461003,0.357820747956319,1,-0.236287361389327,0.645763811509322,0.564983366492424,0.448275434660458,1.02038540283519,0.22226945239317,0.99900587775771,0.155362533662322,0.534218052155474,0.213742800858091,0.716554987862621,0.153082782012582
2.4675031831132,0.22582330456856,0.00293081417356335,0.0297079674722929,0.393599031130003,0.131845384803427,1,0.0283302766654772,1.03727650215393,0.637352514460196,0.535638269669557,0.456659018103779,0.181165124705306,0.454886131304537,0.180905539489848,0.681383997852469,0.164774790933298,0.661673537066641,0.169497511050242
2.88570266126234,0.245335926870738,1.43920953798587e-11,0.00759865625407238,0.48488699673771,0.142859363116393,1,-0.274963796548224,0.562339034232289,0.68949801911133,0.337508345378149,0.879977405856581,0.202616960182497,0.744924034353054,0.16416935279939,0.806698440136956,0.132173628647195,0.677509679489979,0.159126857579206
3.19060027480074,0.361848485003008,0.072926481682601,0.0619645580810671,0.435041442016555,0.201851811675454,1,0.621776762253909,0.573617557606457,0.634404993644694,0.316603217330908,0.530249231601559,0.226296893065992,0.951189023004692,0.20583866531437,0.669964009792507,0.206519994507211,0.958024385264793,0.167555745603014
2.95829907232178,0.232511708194691,1.6905211536278e-13,0.000822338037623651,0.327672000371212,0.168052337163331,1,0.541430630162179,0.517275530998776,0.00850112290288877,0.513923031024417,0.983571003322951,0.21887379935434,0.677102985074802,0.18947449333223,0.578597981027545,0.155490289708923,0.67640806162058,0.158911488112309
2.7817236955305,0.212926025123353,2.26978108508575e-15,9.52844633322166e-05,0.552192761116975,0.10843554832145,1,-0.262395089183973,0.487414320576569,0.580097649867797,0.304571781224294,0.810485010805429,0.205134641523852,0.633861449211011,0.164632999990183,0.647460227323056,0.161087409173508,0.665333545206997,0.13587573313005
2.76762450511291,0.289570454835392,0.115950343141507,0.0622101014891826,0.154493256918724,0.397222865232046,1,-0.259016406471144,0.996618099926992,0.926832037456586,0.402076963574892,0.55127579429672,0.2226315069447,0.751860447934613,0.183430911318616,0.253928235221947,0.192162626639904,0.792559596192171,0.164580190930617
2.81452965013892,0.320160732697863,0.132917715790316,0.0655025528875472,-0.156282760003291,0.21223930875571,1,0.512254294241448,0.688425180142542,0.352855471168436,0.443609734240692,0.597124433826878,0.238637540987708,0.79633468257728,0.147702182778184,0.554638415634103,0.204325179468509,0.663992804987133,0.170179889687647
3.12425485546299,0.384972582010174,0.0116301116758775,0.0595535895000991,0.415912807763076,0.246370406384401,1,-4.5493737490445,990.858053530924,1.99397367796236,134.90864360049,0.471506821783934,0.22975922771924,0.827078090200602,0.177568278833044,0.857643969399149,0.180466937768657,0.538482697607169,0.192943428242942
2.8409056455383,0.226965587703441,0.065838060341932,0.0459037545082672,0.0829177640355894,0.2755522015893,1,-0.324723954549141,0.910568902757446,0.836915658305393,0.429495715664702,0.44036268433312,0.308479331663796,0.822978205218034,0.14612620420881,0.741480445409737,0.137284109709292,0.857736993412943,0.140201097708551
3.04501490124231,0.254993545868574,0.058116970102501,0.0791687954569673,0.409555255772573,0.22585452776181,1,0.145310953913735,0.381750104158277,0.76634088698072,0.226133501811012,0.744659269515502,0.194808387079007,0.706982194811701,0.141273512093425,0.577777975601397,0.176842243943548,0.729157141776495,0.158179138348076
2.78684552909029,0.28667369947891,0.00647903951894007,0.0376282719341917,0.150913294806165,0.251539566327943,1,0.294381060098366,0.975788966842478,0.422701782065185,0.646467473913539,0.746179903818935,0.26610354877427,0.49895252281047,0.184794831232282,0.585761228316958,0.15602526278513,0.75659404438052,0.1546687819635
2.97071686449721,0.30939882845561,0.0366863651022195,0.0849580264978169,0.517383174652208,0.16917818823688,1,-1.41405117132958,0.945330490602843,1.16436482987612,0.338476632845003,0.689960317624924,0.179238999342375,0.779706171158486,0.141859271893194,0.74938639604878,0.164831705347705,0.67407351919623,0.182022279785013
3.00457389221928,0.307462731676181,0.0506146316357669,0.0503169120223185,0.376982080376746,0.220584637604933,1,-0.159600742008264,0.446482734842484,0.876206528567711,0.220221236619147,0.714793894482327,0.180886966711147,0.702141218809692,0.154817703231427,0.735222752830106,0.168337746045941,0.728063454955864,0.153344738760444
2.9146270206784,0.407561179998407,0.0765430393448374,0.0815535931885637,0.118632478748692,0.365410742937326,1,0.620829014030884,0.577073697907967,-0.182929549462653,0.646573491247209,0.920712941398317,0.263766456676742,0.719218161929096,0.267155765502958,0.602404260462863,0.189907777377501,0.772484076236842,0.216327554898986
3.09879852804328,0.262790631238417,0.0969493544773274,0.0703075243372339,0.328094898892043,0.26538206829913,1,0.442314444586938,0.606712089941017,0.544715940503737,0.364016032456564,0.777674703780182,0.188842351545418,0.758214548152025,0.167358232715252,0.533648810466368,0.172774636534764,0.788352488470445,0.13863808269641
2.90906030379408,0.236731825869827,1.7921841405838e-13,0.000846716415813504,0.459590565895271,0.139467103780585,1,-0.258694664278318,0.376455187759238,0.607369410868922,0.271944872764999,0.869829636548674,0.216183790298583,0.763036771166369,0.123138374390494,0.545138625687624,0.184993796680226,0.811975780079787,0.135805896943322
3.35839971979349,0.340194827955267,0.0932297594767265,0.0576981802125962,0.0633203473077137,0.345680874019009,1,-0.250607427309382,0.822897554928977,0.770801315047183,0.411625918917093,1.11814773890733,0.168281228840899,0.625634592731891,0.193802694274177,0.947352662565635,0.150124926841581,0.731909443304696,0.176277586006096
2.78235148400832,0.380186740427108,0.0934986140778687,0.0918020894002313,0.226931932834649,0.272925757862289,1,-0.960801421920361,0.831160116792781,1.15374278161787,0.287998288953048,0.437668221732108,0.243828535373147,0.951553573312259,0.187194368859786,0.292385721905412,0.21143970160918,0.479157854098994,0.208085897765234
3.5260840075998,0.421752176528874,0.0726138731809828,0.0628647350100935,0.105088345379437,0.223090410582526,1,0.0949049154051503,0.710740327833844,0.875332815223685,0.325053471400474,0.727109026853422,0.222455740494872,1.02737796055176,0.16408687121632,0.878531379452346,0.161420259496279,0.860634077934827,0.177371974570615
2.78247800739591,0.252740064731351,0.00552087579373016,0.0290821510142098,0.289582525248625,0.223623054610697,1,-1.19153180216368,2.97548106485631,0.943427079045593,1.1548417478085,1.02685149786204,0.136762737932792,0.641983315039704,0.16559430325075,0.561473769625687,0.171885374641001,0.616264968406873,0.162333635285407
2.72465372202111,0.23534251249238,4.91488445125985e-08,0.0309261524690101,0.208382220679748,0.207189451384714,3,-0.503254927211809,0.790566733540281,0.712956749963764,0.427664418996337,0.946011596512173,0.312337630877529,0.476090379509742,0.184878907553811,0.700139864848464,0.145770105802948,0.524158896977279,0.193458213705167
2.57273946557876,0.276266944007138,0.0834755991450232,0.0555417009158223,0.0458755708853108,0.275005379635375,1,-1.0913413767985,0.689046763329797,1.03883928968646,0.295691115217009,0.513821234686383,0.192713892045202,0.523446162905873,0.170377112008646,0.710978130078146,0.168596590213211,0.582833417576121,0.160911065465625
3.96889925237432,0.49731900411299,0.273872860341369,0.123408179242428,-0.0614701065707792,0.295132801575774,1,0.559610257364938,0.482279850668533,0.908737528670181,0.24838139198042,0.661047576272395,0.262370348177075,1.19162678045223,0.180359365026805,0.917331239367346,0.182590471980404,0.957730116197949,0.163854912113421
3.13213644456865,0.301099139471904,0.0516729618444333,0.0489042123847108,0.415789434678968,0.208300481189786,1,-0.133757186532985,0.66907940355198,0.910251217402121,0.307234089136158,0.501587375289621,0.234965992202581,0.792346271724654,0.17027682077011,1.02947370779805,0.144072778386426,0.537704159602763,0.168735801559931
3.07881510224299,0.38821022402012,0.0758112060842775,0.0741934273482778,0.332341550068827,0.277422687729904,1,0.0538621379350024,0.591618314438605,0.695258229560646,0.36012329917142,0.762578251102759,0.212748916180433,0.717488816617396,0.152710486144805,0.835033375090217,0.174819048675623,0.766422418248894,0.198583497098921
3.52546972082834,0.444377929010279,0.213758678982775,0.113997290129027,-0.0174576896547456,0.283928509856952,1,0.51201715161575,0.675526054253972,0.789245235751671,0.32559268693615,0.27988673534959,0.249371988780148,0.987285262819548,0.185784220949132,1.17342112268423,0.169583098082924,0.783156021161546,0.220298899197496
3.47767731891456,0.440207750844727,0.198925523356839,0.0877434370935438,0.199757671652196,0.325345617266397,1,-1.73622562166968,0.580117644154922,1.23314730669875,0.222592343943528,1.0294404875538,0.219584088557925,1.01849754089545,0.161378011762412,0.750692122242778,0.176089688261152,1.02736920264822,0.185616233948739
2.96402813650429,0.250631834540634,1.27256241718278e-11,0.00713669684658348,0.441349700216146,0.133197480664292,3,-0.170474605889736,0.538388654320606,0.893080948102349,0.261873142652677,0.402925184425218,0.213022143854323,0.920996581693534,0.131525723165437,0.625810351347454,0.149378124752687,0.555646834736059,0.16516873601799
2.82493996669122,0.260827671894678,0.0281097928095781,0.0461502542083587,0.175800793187916,0.277960806442834,1,0.29282559508544,0.422455221109096,0.56603870741895,0.279470156619366,0.641757387254608,0.194100096085941,0.809285255503423,0.15403456566243,0.53576757236719,0.162042411419752,0.721940414815259,0.143447642967986
3.27750407499962,0.381151706599377,0.155812166924698,0.0999685085955559,0.285128753829374,0.490948092187751,1,0.0977851754613057,2.17440932066984,0.57609650910911,1.16778298416174,1.04580479549961,0.222204604108551,0.768384314733552,0.161035513460713,0.744437067621198,0.182323739316756,0.709914414310163,0.16277719976118
2.78340113995277,0.266213987657454,0.0219985581960646,0.0564490155901568,0.422284855199476,0.274513492739721,1,-0.468956721961574,2.13773746215883,0.772153539809604,0.936227124843197,0.733300178403212,0.250473570173593,0.771074731590353,0.164097751230139,0.670528173596401,0.158172487746194,0.552815306638797,0.178235440398706
3.03311706573348,0.290706685191911,0.0566129253024538,0.0585252338174437,0.442394498771707,0.183274146510809,1,-0.726911342229844,0.608256099483483,0.985105399093744,0.266820990970188,1.00005374223783,0.146933837063608,0.567382026540253,0.156832956870354,0.538215842326876,0.182040078017876,0.804490146021945,0.16614126587203
2.74310937824123,0.275743455001665,0.0362451936204451,0.0345841859702887,0.27716877557835,0.269065971376414,1,-7.21740364500297,994.264283828644,2.22962763817653,106.951507311463,0.755819180037601,0.175645784657529,0.530989921838573,0.189275033099559,0.737112581224976,0.167555600513777,0.56394312300023,0.169737459994073
2.83546407421875,0.308958804975606,0.0209279932115437,0.0385298523588007,0.202818935304055,0.223423405323433,1,0.854326085907761,0.685780536740169,0.0715652779123416,0.568554707004146,0.729175248799244,0.204148353251224,0.43908423418637,0.227795732822853,0.746364754195858,0.158747845343213,0.639400074208654,0.153531278185074
2.84083330517067,0.242223679823402,2.6026571364838e-06,0.0305542669606045,0.167572834465587,0.237127987439579,3,0.294434511183566,0.818043135587559,0.281474722681358,0.577509751464495,1.03213801079589,0.150397376397626,0.570830906064949,0.151957566723485,0.57120024853866,0.172203816268537,0.849587817789788,0.156297782135766
2.99705599175369,0.325587625179314,0.0571232198243298,0.0558092072148644,0.0808663200736648,0.213409102331601,1,0.0297739308913715,0.755563120238961,0.677734276214037,0.412560229522753,0.399494816052555,0.354235216908319,1.00821400131437,0.134195802866379,0.567376497420366,0.17339324990395,0.843135570045236,0.180845574301347
2.86142053393239,0.380560594465457,0.0787471587433774,0.0570546627355861,0.140830572751481,0.413119646184794,1,-0.439868236673358,1.42180363793256,0.510705188380957,0.808455111537379,0.990848048629148,0.259358177926995,0.766053765252582,0.183849902208724,0.733849527076271,0.189742190568207,0.766779970789541,0.183523034803645
3.31787921475405,0.324062841654059,0.125318201943874,0.0566865867138083,0.16994069890671,0.241007038804523,1,0.475197051972307,0.385070080801183,0.731975947884301,0.228150578689209,0.736428291946922,0.186999029719602,0.767100963281806,0.158036598754107,0.851526351845721,0.155090468580302,0.892002051800359,0.151871422031766
2.9497360698243,0.310090615380361,0.119359427221108,0.0796235041254534,0.334712058147518,0.296571011803308,1,0.528133436331344,0.543335258713877,0.648128485789985,0.428527149797334,0.367153592539471,0.307791865967302,0.551173325311502,0.249138968155544,0.775934583610586,0.131180642200053,0.739735674500689,0.168285463878766
3.37852910830316,0.29453414682054,0.105981337363215,0.0708780808001216,0.438100249198494,0.16358319060855,1,-0.14650054261399,0.39709188584856,0.924833913774276,0.244064838387304,0.882922777740808,0.16109487406541,0.932882694360009,0.137531499837324,0.80396604201415,0.162078801563871,0.747847537290056,0.166496443681801
3.28763129387384,0.374352388378398,0.123030706489542,0.0756236927353542,0.0492419441019091,0.39717474538532,1,-0.591228471890603,5.09916682865771,0.746181462883379,2.3332671858484,1.02902309359171,0.244187366512977,0.941179245237336,0.168246166744368,0.752061347490694,0.181242327329386,0.750176412091128,0.185591073702977
3.01542316380906,0.299042755795015,0.129793796869687,0.0594081008008823,-0.0567084626367329,0.288760008141453,1,0.609148973045058,0.439461655742289,0.558956173424184,0.300766019403286,0.714321008695502,0.199389204660211,0.782408301797734,0.177089039629777,0.569269917055338,0.174067893186072,0.788842875348914,0.16340886064704
3.05419976354148,0.281572250574728,1.5001603747053e-05,0.0352239012829164,0.21808081683222,0.203008095137255,3,-0.146313336552147,0.99814366355151,0.765745623549314,0.46643932010935,0.895270983502328,0.217312154441769,0.666394307642891,0.169536219107212,0.73579061666166,0.148918732448064,0.611887365389343,0.169193801101941
3.1235811070878,0.28293198485918,9.06308554262899e-11,0.0191421255476139,0.6298973517089,0.0937290617985536,1,-0.0155835838478808,0.610302944562746,0.867101567807935,0.290012140894048,0.625197332925949,0.207567775863842,0.630351977142644,0.146556988284983,0.968320900934737,0.141396118908498,0.728180493855693,0.172531330532679
3.00929780849222,0.279789382088816,0.0595683134665624,0.055854662862377,0.177832493761062,0.358116027550574,1,-0.466699373693077,0.738332283456029,1.0025538269501,0.326161186176243,0.529202505815331,0.281300676812689,0.866993537013176,0.138724148168973,0.618209140342634,0.150405276463692,0.569708538674623,0.175317948679141
2.70426138575239,0.32455921782883,0.0366909318981982,0.055279409479674,0.473918589625713,0.243468214863056,1,-0.524849744471376,0.605604737590496,0.651207399913215,0.349592865157579,0.56702485244197,0.274342063609986,0.967918194486117,0.175012239391598,0.506625835551622,0.171839449654091,0.701506117555352,0.170297833836443
2.81322399168226,0.318215360924204,5.63794506933796e-07,0.0329014783268026,0.364942333762785,0.23084527290816,3,-0.176585297255974,0.629254881927629,0.744858358347028,0.303751147923125,0.607405246009882,0.183353162102437,0.75594521588179,0.203924282496465,0.524651331101408,0.214041855431106,0.772666951318066,0.172264036998557
3.01505091573382,0.283981911824845,0.0829254801404355,0.0590036859323792,0.212442809487993,0.275135173181134,1,-0.177254640369378,0.363347546201516,0.838466786138272,0.222781038137223,0.490771829585628,0.229964298418786,0.913169832565562,0.159156807881329,0.802156416270665,0.158567696820203,0.745108420926884,0.164716269484568
3.28395399687098,0.362092104707945,0.0626538849945167,0.0534432775432779,0.121964299933624,0.344296139943188,1,0.281855420975179,1.07790173049028,0.507104897616054,0.624035558192601,0.963354236711641,0.193510282495728,0.836286950164928,0.185107848973529,0.69870342940039,0.173511233646653,1.06972200876829,0.145715785411325
3.50439471074227,0.323767791683908,0.131696163286051,0.0496501313352083,-0.0560668220690976,0.346173505764905,1,0.805344715765467,0.441805718267927,0.248118444093494,0.336258637847746,0.892460372382874,0.24624981531409,1.00977285082591,0.185224467432808,1.04413211238549,0.145991925998102,0.810409733640854,0.169128397964542
2.59776130020304,0.160280314280606,4.20527961837131e-14,0.000410142507622765,0.181782496952681,0.181483837478745,1,-6.1870735778873,991.964011681684,2.05928075379822,126.520716375786,0.67119336377516,0.153495328212533,0.560500867778761,0.151556697457461,0.439235619532189,0.141246103853203,0.647240386344269,0.14365651892751
2.52489884436906,0.21001180013961,2.74932124672692e-16,3.31621551494373e-05,0.321181790121017,0.177157186955416,1,0.827186723069327,0.48060952327068,-0.0104188039765762,0.438510122956949,0.472792804615448,0.188383378308163,0.699203596148352,0.14491132652286,0.529019889238224,0.165537646102015,0.580411460998664,0.16458169043544
2.76259503753023,0.246393400123474,0.0478090258509326,0.0421138114519105,0.279787123497029,0.224712919274077,1,-0.212776720257856,0.860441436626283,0.828920129662848,0.375531405890838,0.581334199749564,0.189932340179733,0.631841893252746,0.163180431106426,0.583553998894971,0.16333236556117,0.67804301505419,0.126435752012948
3.26571711118893,0.358921177661002,0.0547184207320371,0.0492689723673286,0.152370467816031,0.36001080973757,3,-6.70031059999053,994.186323331267,2.2228166090329,107.674000078894,0.691675327368923,0.225655133690885,0.714894438739268,0.23108891493306,0.837176628463187,0.162449428510627,0.918472527511748,0.149992788346525
2.95520916367743,0.233069027613371,0.0624613023236074,0.0430419339336722,0.330792354200963,0.15251586733626,1,-0.517090545316015,1.94774164370021,0.826710121472225,0.832865490950866,0.956640537637453,0.177864969233646,0.630025125591907,0.1813790847993,0.47159126526306,0.175895329536444,0.926385827828447,0.162324485303615
2.84077631182242,0.267955629952317,0.032221628591775,0.0463276650815192,0.465337403191801,0.186005773256633,1,-0.0206457844859603,0.475926741390657,0.845563929301304,0.243276895461051,0.424018452807041,0.199662050024949,0.742788677859555,0.174726971621692,0.920269203666534,0.132319861803343,0.62639993696448,0.170487356259959
2.81880610759894,0.290478014794091,0.00427768891600915,0.046380269899244,0.584341897430596,0.101369339059234,1,-1.41867141212764,1.50146541660543,1.13771139417112,0.490888831200243,0.704336828071168,0.23374921719183,0.798356411240458,0.153393524074357,0.844653857037973,0.143058325097633,0.504773950261524,0.202039973729245
3.04392007214524,0.291956357348865,0.0388053496603554,0.0425291401983017,0.0155640454760933,0.241775397512612,1,-0.503661804975758,0.739991886594738,0.817568648619847,0.342178640109877,0.795377727162875,0.179727128242045,0.634223766629647,0.174776073960035,0.892803450667136,0.141157929896916,0.873964916279989,0.163071052499958
2.80071863486371,0.300456555229732,0.0488624299399323,0.0345985111875576,-0.162536616145791,0.277490683999593,1,0.313433183574423,0.804785285108664,0.191234063983442,0.624022620157652,0.748591590977693,0.223634222950342,0.436803685964684,0.253184149073556,1.01174206291821,0.157159455698413,0.435924809930444,0.173432776744678
2.95351764707856,0.307548468158618,0.0259380581910133,0.0424006587164963,0.282614744413632,0.242754653108538,1,0.547281917651385,0.387992484753911,-0.0433388920618529,0.509725104184679,0.97280618942177,0.218050395035762,0.533067444742193,0.214292577608535,0.846140525011806,0.143776484840468,0.787395645591841,0.183181858280849
3.65499800273937,0.423459883170334,0.202572468851747,0.087956354127368,-0.0602230106234769,0.321902902372577,1,-0.416708551778374,0.972435158855144,1.13191329202075,0.352149037410784,0.429745054221825,0.361475069789947,1.12517953253833,0.160953330634528,1.05430757545872,0.170511378859429,0.670784942885662,0.146682007963592
3.0532873421463,0.286819869713387,0.0944189072768979,0.0609399893175943,0.277150673653086,0.299138364362083,1,0.363963195280069,0.601020277948487,0.683105211365347,0.297474962582965,0.759661711800337,0.182566683733065,0.646501273402175,0.157897534494788,0.701781437242807,0.18222723082291,0.691640271889427,0.161750940419698
2.88747446182434,0.219449886758825,0.00112416996995698,0.0322573974011608,0.391250938174651,0.141259464213261,3,-1.15673932281445,0.42171802098802,1.08353371679353,0.174375944449494,0.743569397753621,0.160656268419006,0.466932099164115,0.176484585740619,0.770294471406194,0.121080776505667,0.871472905985899,0.15035422142674
3.21597022792725,0.335524123089463,0.0791817189370356,0.0523616364955621,0.20011376066287,0.35175834265856,1,0.606815426041024,0.486006975068045,0.617402954982876,0.320169513814792,0.765363511063702,0.201172710723931,0.896646501112415,0.167139968046824,0.67949894501209,0.148293673753885,0.749159369461931,0.148240930592433
3.16274904922944,0.361052554146933,0.0939656111799607,0.05211161526531,-0.19849334591436,0.236615419197687,1,-0.721034529962079,3.73175849412099,1.03884976693697,1.31605849373894,0.856506132564425,0.172598924196521,0.860548006703561,0.173721869357885,0.678861383892401,0.174823713712402,0.820262641578696,0.168475005490921
3.19267935866404,0.352937039983755,0.149874710338666,0.0579577709996449,-0.210311958119719,0.253873351304076,1,-0.945613055555834,2.85599082773364,1.32235649170467,0.769882457920553,0.496838037387294,0.220493804613524,0.716496613091737,0.18491087049557,0.780783538585454,0.185867791853773,0.979266907215291,0.161162483838323
2.38903316190523,0.203529096021301,0.0341264711727619,0.0407232881142649,0.0956280602054172,0.290047539992441,1,0.658414047839854,0.464524115955998,-0.187554861414262,0.467334586195514,0.515294059200644,0.241736873591155,0.534342720542568,0.149040557973305,0.528346349891762,0.176065227241263,0.701527378811691,0.163361922680848
2.82316802994258,0.276671069049104,0.0444916708827527,0.0434849089611005,0.292059678039186,0.214811912370267,1,0.336595095356271,0.465762267166192,0.751728581313425,0.263348804189219,0.339479320205221,0.229989169346593,0.74526630686755,0.178844840626163,0.684137434516062,0.131561180613875,0.805218127381294,0.12310612370159
2.65625786579255,0.267820308520761,0.02800980687542,0.0511612792058382,0.470257924037294,0.148333414927132,1,0.147339003772008,1.11840596582698,0.54173404512007,0.553837696203952,0.545135113478323,0.230804020321755,0.760865200168103,0.156033328740882,0.740406400428937,0.145431421110738,0.293473989563466,0.200650645311964
2.72329561921632,0.272722213129411,0.0640267419053958,0.0398243605303176,0.163224018474652,0.265792087617688,1,0.631862818999411,0.556691628020065,-0.0667758803905793,0.522281918999325,0.496200199564269,0.260418528422463,0.832389231874712,0.177681434764376,0.726944257413465,0.143024153398279,0.712057634737983,0.168436591346439
3.0686824038782,0.357751869809486,0.0926803692943848,0.105720755032084,0.573969870161058,0.204388941046517,1,-1.0259014676077,1.72123013534386,1.14390166285525,0.549282441915152,0.8659181045706,0.196063402524151,0.593438785071434,0.169306845314845,0.86961422944379,0.160997668172729,0.64305586094022,0.164957919036139
3.20063071020515,0.340940501653507,0.178257245562543,0.0737695007358334,-0.273124765211398,0.212915187655672,1,0.0990557628734216,0.519098095314405,0.691770188825483,0.377184818286306,1.03102439538713,0.269453464813076,0.616269275389337,0.208360495817865,0.768087240945256,0.149862670641942,0.660663925752162,0.183642592106942
2.83075505449325,0.259062605279754,0.0727878781903985,0.0485300191146313,0.311234032720654,0.21022235287678,1,0.514579138285377,0.459229133556076,0.616967680760533,0.246962691038919,0.530362392548667,0.211460751696164,0.560731673920549,0.152926841539453,0.756025098305195,0.137516114191008,0.523563418380798,0.173472864138788
2.70248262890233,0.220798760306346,0.006921988284473,0.0496889423918627,0.539334509737978,0.147989636093212,1,-0.69815479408442,2.29084708437855,0.457155290119353,1.39438991047972,1.02859166636836,0.201817717536104,0.468986869554727,0.211138415571722,0.749856611279514,0.133805126510424,0.735391165072312,0.123197984115213
2.9249358912554,0.244805772458986,0.0415613347114375,0.0482645769669669,0.399018578208241,0.167446643061577,1,-1.15169855264595,0.540150983559995,1.10963866963306,0.216304922488306,0.610441846464282,0.192597842672345,0.733116294478997,0.127784872149626,0.884473707578488,0.139921073321692,0.504819723418657,0.141204229559434
2.86674775035511,0.311438532719907,0.117278762471287,0.0571227111424271,-0.0974015915109057,0.309299155807846,1,-1.05942795437279,2.33576887917535,1.28497659161153,0.662596971515412,0.31645852031624,0.266503469021601,0.623136250157672,0.193492947092097,0.701842795601583,0.175666972152989,0.904447598972891,0.151125019106642
3.16246522788165,0.388513087379831,0.1153898843197,0.0617535784211761,-0.279348349800322,0.215197449639797,1,-0.25963263675674,0.850273697733105,0.833774293256295,0.408865600836743,0.85438572134357,0.233036638939206,0.818763343649747,0.161546430328228,0.770067297180782,0.186291288512885,0.744620266136646,0.188303960372721
3.15391202884989,0.236159552996479,0.0629502652296568,0.0503363282622381,0.322333772397835,0.130930941541011,1,0.450213804895495,0.432823205907655,0.821108268829711,0.20629029383658,0.469717877710022,0.182144823257835,0.81478459677648,0.164375879298394,0.831192158226546,0.147869409305023,0.816878756354677,0.132560077328094
3.40391236317865,0.36830311556968,0.115402915751791,0.0727073374145626,0.384437099947712,0.316619929259399,1,-0.288815369302192,0.795799820890718,0.910700999641102,0.356221439265791,0.841820054086827,0.217487017696272,1.02123829200323,0.148893222600415,0.61159150134814,0.196710378025643,0.905046240319003,0.162680443443388
2.73279753025955,0.234569827305945,1.44179109203563e-14,0.000240150885436079,0.551565940113855,0.0874165641213043,1,-0.0342242983242874,0.376111962535322,0.458590619311281,0.29136298756852,0.657386756975097,0.207922127106637,0.931447653966918,0.153319019109839,0.388527695999916,0.186096283167691,0.729459039947026,0.155563820314566
3.0087948535834,0.265269663478041,0.0394691026497919,0.0471580175428523,0.342632906455366,0.23386019177097,1,0.230381081345132,0.48055855027883,0.605382270867245,0.2508377959162,0.776360320005814,0.18996468398653,0.751164275262185,0.165082900899357,0.726906767213774,0.144419952224982,0.840463074153606,0.148877405476842
3.78947552999284,0.376517193990273,0.105830873236295,0.0686090234215563,0.180788790663555,0.31549198101797,1,0.336501316925331,0.900896021053191,0.95064302690456,0.366502463628266,1.06575301783101,0.183517903029046,0.576026908507812,0.205909976870693,1.02839661508907,0.153344576407121,0.747600314909493,0.203698052954981
3.01117874146133,0.316417233654227,4.00597580391235e-16,4.00298750006086e-05,0.475659986807497,0.184733395238629,1,-0.0273609344025884,0.709669818894981,0.80509705493151,0.340333877449834,0.719551333623117,0.243833921204258,0.702354310692262,0.184762273515972,0.875058135156279,0.174286524217567,0.795253949369492,0.170295337759843
2.78758240327411,0.274601066255829,0.0335730474457504,0.039406622180115,0.1310842403116,0.269726925882376,1,-0.843312201588807,0.793044602434314,0.978570675363295,0.324728496365115,0.47158870948152,0.214597768511748,0.790314338297461,0.185558195979761,0.645209320682082,0.16688843133867,0.660767401863352,0.176564450677239
2.88413307806515,0.305064650027885,0.00216094648208946,0.0803738050915743,0.671496855692742,0.110376325238289,3,-0.358660140010551,2.01194361063403,0.110784598964958,1.43408269110563,1.00082050245207,0.322000657089305,0.996665290563824,0.131462824423418,0.404302547931821,0.164124804882629,0.720528957135062,0.15594112158363
2.57810033339814,0.257536172718519,0.0309584013965694,0.0309304515107744,0.206471190351671,0.297942151802549,1,0.71641418085605,0.795410692936821,0.416884277736668,0.485914642291295,0.491259218779394,0.232407151268886,0.646525480402268,0.167698286915451,0.558951372659454,0.160535033873746,0.464910254863726,0.161394525769754
2.90543060393252,0.250271677205638,0.0642254045664703,0.052818432078654,0.392253720343109,0.18663567330452,1,-0.985102663246997,0.721699227693025,0.980193314306311,0.276266917696579,0.756136069513126,0.179144950873017,0.708571131754751,0.15389103976059,0.82757842206675,0.15509838844495,0.637168224927864,0.159869461291154
3.26795536602339,0.333341042794327,0.105840481858266,0.0555722367419181,0.129496079119889,0.283478648780167,1,0.211029750999594,0.611496642743657,0.951241352619048,0.269925834248998,0.549689421349012,0.236877287585839,0.620288087594613,0.186019517095983,0.884180222309498,0.139484840979258,0.882205270448956,0.173782782349446
2.7081377970046,0.22888403987787,1.64422228724052e-12,0.0025648178336417,0.599692251521912,0.108142498955923,1,-1.24005171358158,0.608904631775527,0.955147967064405,0.293164554049237,0.702587494558381,0.251211599911481,0.789293290870098,0.157414206914005,0.527560197985514,0.149340913171971,0.707216694834132,0.133047544201496
3.09973762664447,0.285590500301654,0.0325571847835741,0.0417266155139753,0.419694075096334,0.267249366142891,1,0.504908896986659,0.531980164445002,0.608389051783138,0.309768578240124,0.645037323985697,0.202744066368913,0.828376705890604,0.198603014275423,0.822761639890829,0.16068640191832,0.522758186459247,0.195186517799594
2.70103189932384,0.269146959522749,0.00992300409981061,0.0437733287007986,0.599497624707549,0.124497113384958,1,-0.55911488231237,0.543274649449466,0.906760678709398,0.235355851458745,0.676027816524066,0.194941835158951,0.537929883659161,0.180272499280928,0.623139106267471,0.187330348363964,0.610668429784932,0.169008714651662
2.79746794842175,0.252077348353781,0.0988704386238694,0.0548876716566116,0.175014674817487,0.209385106658713,1,0.672996188160898,0.377697124144652,0.291438431860473,0.296364284299058,0.484818080017995,0.190379152544052,0.691900360627527,0.141498370202539,0.774969873863508,0.13298730592323,0.604774648456018,0.163665497657598
3.30413023900182,0.312125631080989,0.119532414328548,0.0607139916071702,0.0915257110985644,0.340086674489387,1,0.348643719140371,0.416651636304329,0.566470706055096,0.290055307902054,1.04208489227969,0.204142437991232,0.624344653829561,0.170498513157789,0.793631446616344,0.190145926247123,0.937485186178675,0.143529264803842
3.44485404507127,0.368901453535726,0.0264719563629949,0.0444448508841574,0.0371124849696685,0.337819748749373,1,0.51737465309002,0.403822348250751,0.607436379713849,0.30051424236923,0.897204838840136,0.239979810686999,0.780110892380513,0.182648556844301,1.04544030106778,0.165093680199124,0.913991751800695,0.167706647799078
2.73587241098916,0.27987810052256,0.0125871542201406,0.046528949440789,0.39610243403669,0.206603164599624,1,-0.0886221339671061,0.433951826357178,0.538236568712608,0.340373414465885,0.750246644143682,0.194268691696093,0.707252312785888,0.183107880057295,0.732953777676954,0.168030902755204,0.497034856757226,0.196355181244212
3.28186320695339,0.333212899400312,0.0643270108634464,0.0922990114584651,0.525477546581409,0.28120928027589,1,-2.11033865576208,25.3997368667911,1.28071876053245,7.02813180340607,0.990942088651418,0.242607380701238,1.04987436683103,0.161433236353177,0.985917792340131,0.174695850102857,0.303379323086128,0.205475377577739
2.90662871995713,0.319496871204605,0.13202143457133,0.0704598102902525,-0.106536938566307,0.218888553687269,1,0.174135393890006,0.413023429453749,0.496217108239063,0.230058055120735,0.898284614808962,0.171718029679574,0.777575748473665,0.157210837747835,0.319117474925555,0.189789070919218,0.790908290111166,0.17802674454029
3.14566498154959,0.319764383630542,0.142212158366113,0.0718275025471246,0.313749836192683,0.26777100931561,1,0.924614593370832,0.43929980119861,-0.0732591586576751,0.429925369989942,1.03815866693628,0.206629747443703,0.678172819721561,0.164733135360426,0.784858021744092,0.160868995577362,0.685866237878551,0.192058646456795
2.94365130775182,0.314701118519507,0.0788559457686871,0.0750762841751406,0.147484774276876,0.371313344466427,1,0.196948852782833,0.456411463083524,0.526448755519634,0.282573314537745,0.815034548569791,0.161784890194481,0.79521291870063,0.18353112803634,0.397876356026071,0.240716124831989,0.688941391510039,0.189264215055802
3.38614253819726,0.340387638894316,0.0566722788900689,0.0558826281659402,0.281625818038325,0.307139903063222,1,0.0966476333255786,0.681330184806105,0.996000613646472,0.28206777547896,0.300030962333336,0.305097654637846,1.08838032800922,0.171721569403834,0.860538616749579,0.156967739984508,1.03537523491915,0.143061676427238
2.81416863284863,0.292111228521203,0.0401373795139176,0.0480401740314221,0.265608546364978,0.218534492448768,1,-0.436127567692294,0.421245694512938,0.665121556709757,0.289710434291116,0.898250494581538,0.215427270922671,0.754654755558548,0.153466735711931,0.683746340067007,0.17753271333348,0.586489193284929,0.192937791665781
3.0855139590328,0.406380180975282,0.0642736237081007,0.0642584967322851,0.192619481630139,0.307170343020537,1,0.428691097206011,0.538880772322319,0.367240747564023,0.33719599187028,0.867707182233576,0.204733621748657,0.532606202524888,0.207875371790099,0.925834059517249,0.175137699008454,1.04999150694637,0.161217129153153
3.00621949356578,0.366333299502953,0.0578668086442895,0.0672456358499896,0.444044188199828,0.248575194055886,1,0.0753822589613067,0.604113095762117,0.566348338226096,0.349622113468426,0.755002916982788,0.26729077870318,0.837165101809597,0.253183914693302,0.658112668637841,0.195995357484369,0.623646510231676,0.185360355364107
2.98750265101392,0.128222329776549,0.000549633796796873,0.0279750888228165,0.247980316147088,0.175312248478547,3,-0.0188509182621554,0.695522910078686,0.817276264310876,0.318612077694263,-0.000199696166299391,0.344787827776409,1.01444768078544,0.125794290410185,0.984724182798716,0.118051234346126,0.27761945436163,0.207601045269283
2.89205205933121,0.264870912112776,1.57378732250459e-10,0.0255782957556144,0.388861409773196,0.164377728212903,3,-0.183887343371628,0.443108819235516,1.0372546597204,0.19772268280615,0.646311789395684,0.187210752910976,0.509093939964343,0.19105631830566,0.57723959610459,0.172506787343603,0.672921160270102,0.211988059496353
3.13215883575354,0.379744966869472,0.082440918842674,0.061145090870825,0.0764923277817989,0.355895757555304,1,0.403151716984316,0.555297387657137,0.639960446999746,0.286011545755042,0.554232973631534,0.212924770876949,0.909006770953652,0.16229754445261,0.633389258471838,0.188404642552795,0.852720495977775,0.189467228487243
3.35016918114936,0.331026441837145,0.0396719498104166,0.0829964149792311,0.582395891173313,0.208698214065301,1,-0.00707032122996589,0.395624061584619,0.872012047000023,0.259256099704551,0.800680879093112,0.288476289457068,0.741072700108961,0.219181257348033,1.04135396660793,0.143428997444554,0.719323704202179,0.172472830930594
3.13733732883695,0.287667713897037,0.0213022857434695,0.0859688865994061,0.555689687990041,0.152530328970912,1,0.776336511621627,0.70794846136988,0.631653589962459,0.401156428948658,0.62916541576316,0.238445627008472,0.593764113076173,0.160487086717071,0.717501746419869,0.167439113321719,0.561272860238141,0.174059285986208
3.39311506014937,0.361251056980182,0.0622931518316271,0.078157467176853,0.460527760183757,0.308727940736554,1,-0.715412313158939,0.993850428072958,1.16218074624212,0.390851839369182,0.85420736825473,0.339992307405881,0.479222715768832,0.228595314826795,0.856700249074299,0.184151122835651,0.808441834903947,0.1431245824313
2.25272900637764,0.179448677115254,0.0351338241906824,0.0284347830607923,-0.0310016836864768,0.242708655536856,1,-1.00685711819827,0.720560071959545,0.870864638396382,0.319672775627222,0.497062460486171,0.226210963679981,0.47054296059648,0.194470351017309,0.531906802842629,0.168577988472174,0.183568429626888,0.204103409125926
3.00723963030323,0.333574950817353,0.0270797592829991,0.0436835206940782,-0.0524635037435088,0.318722337935823,1,0.771513555053991,0.642936855869143,0.586148793651645,0.392194278505417,0.73443299167945,0.196901731703664,0.479322421701108,0.186119795085668,0.722483202125053,0.193976001605211,0.678389195249621,0.206462793355157
3.15127141052056,0.301819424167928,0.077454590570223,0.0553897473429476,0.221150334622871,0.263666580092419,1,-0.434336094390254,1.13324733989998,1.34058183000581,0.314023746089261,0.314600519654905,0.224673336953112,0.674820993828153,0.148870910977622,0.726744758172092,0.143842335586441,0.922259938145401,0.141572941448464
2.55720271585938,0.272156177856565,0.0435166655347646,0.0459137851435757,0.207747611741147,0.249431478064389,1,-1.5722133379804,2.41756435527383,1.29523688513932,0.669156102887113,0.365080390369906,0.222509854088585,0.663007763801839,0.155290884524964,0.534769679715917,0.171420852498787,0.584740080803771,0.181748748106077
3.22107809845018,0.37123266930552,0.0229075746952415,0.0367698255647693,-0.176425063484483,0.269773065928238,1,-6.18338716669967,992.671217567956,2.1058748856327,120.846939341183,0.801956461022936,0.28424859166584,0.86148012040836,0.224114484812033,0.782796397448267,0.160426292117468,0.865850486697286,0.157928349923513
2.51870107989576,0.248492744028728,0.0589066861886947,0.040813630057659,0.251912093811836,0.280340050551548,1,-0.489623668422159,0.61138219665087,0.65434379176616,0.34538753602147,0.562023336281271,0.2674994662418,0.522938884958232,0.205617102573942,0.58211582420734,0.166466538210267,0.678308259099052,0.15410979661951
3.20355789256949,0.325925288947325,0.0471587122247847,0.0450683556293015,0.303881136993058,0.319644113557268,1,0.564477730589175,0.626945810614961,0.625403175537671,0.311616123046409,0.289194945407166,0.251687686505534,0.943205723848276,0.172572276201447,0.911591954214012,0.151068742813324,0.561037495660523,0.21717273979827
2.70379550337709,0.256563927215408,0.0356426896727902,0.0356361594312392,0.357641510556198,0.234370111080401,1,0.543311256923626,0.452861584420719,-0.317531339990202,0.451431578624753,0.64181871134283,0.198389288178456,0.858640445898779,0.138696678751252,0.599440034166483,0.153893468083537,0.664021014003289,0.160402340725549
2.68148678059623,0.310481155369958,0.0186914313307632,0.0484181872327243,0.320191427339388,0.196445162111072,1,0.204839261245646,0.744011039517509,0.439218770212926,0.402209100502088,0.604299906946717,0.175063655477246,0.641895007150836,0.197171477265839,0.487111657340981,0.206331125317697,0.618795204102908,0.16287996949568
3.05563334846268,0.320267625106785,0.093221086095539,0.0668188721201311,0.306223987653934,0.226244621102023,1,-0.272849623098127,0.735649483804341,0.801072405632887,0.341921452729207,0.746559109327962,0.16988838568601,0.777374554739918,0.176487563622395,0.6644221964331,0.156571125446865,0.754635669162035,0.153298822390139
