"beta","beta_sd","omega","omega_sd","rho","rho_sd","conv_code","tau1","tau1_sd","tau2","tau2_sd","tau3","tau3_sd","tau4","tau4_sd","tau5","tau5_sd","tau6","tau6_sd"
1.65947264326738,0.327669619571813,0.973240651808851,0.424911315715854,0.181789687072268,0.516616631979838,1,0.13038013268875,0.546471010592342,0.782163802495367,0.21338831114029,0.605682099642023,0.208958822507106,0.869241933495136,0.213360353075476,0.771922279192206,0.290050440581604,0.486579873402978,0.338634372412072
1.81378182091413,0.297909758228613,1.22349128202704,0.452194969261538,-0.218860477542802,0.259992002287917,1,0.505101441696586,0.451126500815177,0.549939921790532,0.240205143386445,0.736614013215681,0.213920427676941,0.61314134533884,0.189170842622855,0.980214639420954,0.235457550193314,0.822339856713556,0.225935483869476
1.88579617859005,0.31300907187466,1.04567262408039,0.364451634827925,-0.292736222813288,0.309790489215671,1,0.480936709483545,0.421759117263544,0.662032381198653,0.222025040972457,0.596674265376529,0.216814127430413,0.788763636537784,0.205726145692069,0.955025866661082,0.22194498360769,0.720908570610306,0.254033721643717
1.69299936888706,0.237408799902654,0.717970679281272,0.232301722176985,0.0948741445581474,0.432054388578676,1,0.284999881218441,0.397706848900802,0.446659643842207,0.244346617228894,0.604565448648931,0.189996081995164,0.0878941525532675,0.224721378739845,0.909455986994479,0.168729152423339,0.725685577615312,0.199387169617669
1.94448472656397,0.392340563724306,2.0993779946403,0.848469460922676,-0.483733713000289,0.215790004429709,1,0.315358641518969,0.750289464259596,0.923759955156758,0.28675502671375,1.12366667733908,0.211698752630342,0.904514658742846,0.268044339248393,0.808855851918081,0.262795521832425,1.04434627149809,0.285578990126904
1.19288490680601,0.174505620973721,0.515576763930008,0.189469698463274,0.459460473615076,0.398472473299181,1,0.140547775194945,0.384382861683966,0.505897283857148,0.184966579197637,0.469271570164221,0.189211776661076,0.572079458657071,0.162248789597209,0.405286742803976,0.263684664178198,0.171042686961587,0.233043295333546
1.81728689839007,0.236019492088043,1.26105811062391,0.46878727525767,0.33364188252636,0.488145074691782,1,0.480231096038336,0.368074504975222,0.425994741804437,0.204399211458467,0.837729146957402,0.167415863235708,0.674281316942564,0.199762352262717,0.770785801981094,0.204277392462704,0.69898222907998,0.243657692477825
1.48066653642952,0.216210788587808,0.599584677157661,0.211211644848646,0.427903469878241,0.510673284360063,1,0.857981558458652,0.443837764218851,0.658224799355529,0.169049130503004,0.684619773348854,0.170987878398549,0.738267723998829,0.161039497314762,0.811682408277412,0.202762952868484,0.689525175608844,0.287291858657669
1.53692256866304,0.287005378994723,0.928742962328293,0.317320882615687,0.644866332183225,0.315735686510981,1,-0.415387978776498,0.433901440374176,1.02322562582692,0.182843582575691,0.546289233037655,0.204238485940823,0.509482049804761,0.226944858428084,1.14730901355504,0.215024950692117,0.888128507608551,0.320385982645387
2.36546290178323,0.578963719444711,2.54955624051332,1.27838480847959,-0.594117502000573,0.2184960050315,1,0.241990252230303,0.572439450290674,0.907502283560233,0.261256960684811,1.33303452773541,0.246509547724285,1.06743526194995,0.247820075192504,0.601783021272066,0.338484760304701,1.22940321566634,0.301776746979864
1.71813787914509,0.254752921027248,1.65547184257535,0.539940460313634,0.439162219787474,0.625582054899444,1,0.0584147733336336,0.463024212005125,0.738353014495757,0.199930696560139,0.655529576378446,0.199472731326981,0.849650239234009,0.172401553673259,0.69142300351079,0.224395389502004,1.03662081074574,0.2096263922678
1.82658481086955,0.315886985550095,1.08723107511534,0.40929154191382,-0.0542839677121314,0.334285296781886,1,0.00998932730394771,0.550441095761573,0.771110868346985,0.172452593674185,0.7498059779616,0.227546911115861,1.0005039973832,0.164690532221258,0.349640960081237,0.287167265404564,1.20441001689447,0.283318463039195
1.61614272760366,0.321124882316173,1.10216513092003,0.425738936249144,-0.0475186771826771,0.406378835505656,1,0.0429329437175302,0.465398187348085,0.523594909808885,0.228690245387158,1.07092367068,0.208032131952429,0.975397207703313,0.231138559420943,0.167046967666216,0.279890014434566,0.988863970815165,0.293215949868634
1.26929021979818,0.203197781617203,0.931426993581927,0.31810507253778,0.528569175811999,0.470258629784614,1,-0.149839910654132,0.368631432468203,0.541373161066801,0.146231871477724,0.478235551334694,0.209140526668469,0.640291620410395,0.177225225623631,0.530618984388376,0.212757990056063,0.749857010295331,0.301176621543818
1.78813933248046,0.312160195969269,1.29121188851075,0.480640774965218,-0.379767926821949,0.25462966095237,1,-0.476720498305987,0.425744466788019,0.897434031320294,0.250742221289675,0.739869533969293,0.214712971168796,0.939076274147556,0.239674356495998,0.676621982723851,0.227202545765171,0.769225983734165,0.221208102106221
1.74613559393065,0.222741407784694,1.19259307462632,0.439268926481817,0.625231220804494,0.416982300638431,1,0.388815514995681,0.388254937264802,0.667313675345068,0.176620919601529,0.650640697813207,0.207793148623448,0.766959395254229,0.177317875458303,0.767608205640516,0.153317050017816,0.458285091743354,0.373694067439647
1.54571453008124,0.305200994992081,1.0418100992549,0.415482815329783,-0.0267980662544447,0.466857570002876,1,-0.112327261631959,0.471392320401949,0.410034625060029,0.312900776047979,0.75497600920689,0.201628045641132,0.698399558184547,0.228103981809834,0.826912754005716,0.259411822564251,0.37194114963748,0.297415390949171
1.43553386570288,0.314983170813312,0.795742688679451,0.384973673102304,0.291309470480629,0.538787242540145,1,0.200285898480688,0.461707742645434,0.185380754710644,0.324426678462217,0.884763420604223,0.213753440421812,0.548284491741769,0.222777213874586,0.762659368743397,0.269656053420542,-0.138351971516822,0.34863178516466
1.83047264790264,0.303315343457793,1.6963145780614,0.643983753940228,0.244517243964553,0.550687808236015,1,-0.288719224728077,0.516601638171791,0.925291780053487,0.201887328759009,0.935413586314045,0.224891450958598,0.525557533966567,0.214301640714343,0.960762574147258,0.231500698259516,0.794563725500852,0.304930973011004
1.62937987675355,0.335863115191175,1.37071019097306,0.663992979021461,-0.378141471263642,0.288956718781311,1,0.112424434579391,0.463208565839893,0.504646128483749,0.335233755093978,0.817496638272547,0.200900051031435,0.790445492068919,0.245593329105865,0.976151202723661,0.284612967768326,0.713174405396425,0.363088169493847
1.81794652377456,0.327439141828942,1.27062024624951,0.481267158928238,0.0918499612301223,0.368488273980361,1,-0.443757507992008,0.45885824260851,0.914335639419588,0.214220173845847,0.551589889986317,0.22741471093774,0.993761542615702,0.193281281832168,0.936813797368364,0.252479564706848,0.609272564909288,0.305316370656692
1.27231300418442,0.183204324068658,0.602009400520139,0.223510275519386,0.608506905203866,0.257059353652557,1,0.577687634468594,0.406383669577794,0.295853560342479,0.159404258811683,0.623803206725718,0.185286321256767,0.496938385916018,0.17176377168495,0.545075604702008,0.198871004022123,0.303875179501074,0.239275904324667
1.59177415575798,0.312832554275152,0.717798570009719,0.301013465840791,-0.176483553241698,0.367834888312699,1,-0.0711194303836521,0.494533348366631,0.846266584381156,0.20030491725921,0.618939466112983,0.19057109596718,0.597556379550485,0.259480521368264,0.783354692805447,0.210909413440288,0.455796590063129,0.279926680873634
1.84781309458511,0.34102798147813,1.46851141219145,0.535914768236155,-0.109632555103942,0.397670999877732,1,-0.272324730848753,0.42732235568583,0.739800442531169,0.198229495661055,0.846227680238764,0.221246074775931,0.846063182816894,0.192517509456614,1.06669577285409,0.205186824899061,1.15972467309906,0.291351537673898
1.40138906422454,0.243262641710761,0.78547319423946,0.296975499780116,-0.166956019072799,0.269548140574492,1,-0.243943399355428,0.392683578855027,0.513112322414737,0.186327314972225,0.685097265664745,0.190762309458644,0.517881709149421,0.228115721493872,0.533644247817106,0.255926241957342,0.683425351972996,0.246516664999686
1.87046308205383,0.259204870192329,0.775828265281233,0.26507646646846,0.0651072084731568,0.343124283858196,1,0.204414106145561,0.740929577834676,0.758102915064348,0.357561564407032,0.602600160881158,0.213095528065068,0.693167804583676,0.209953299847835,0.75274760999335,0.166642100417356,0.590766998976378,0.191379194874315
1.64082940599787,0.317467513192547,1.25623670119965,0.501004475995783,-0.106015769164115,0.414920298874436,1,-0.281018813077608,0.436802957635759,0.658151253762118,0.209058849464115,0.875763346274455,0.200619830690098,0.551083005136615,0.213880215854787,0.66060748544397,0.261464801712482,0.990163028537797,0.277941341704292
1.47721003427654,0.213922610313971,0.864123937759917,0.279500103741959,-0.0262644239759634,0.382058234482231,1,-0.49017694443713,0.529924869366173,0.813019516479352,0.224274842478088,0.694649936772191,0.161942554061469,0.705816362393528,0.165555567929053,0.782365761672295,0.18451566234014,0.940081620928474,0.265413627088052
1.72189504599021,0.307434178811583,1.14019789666246,0.396522624463304,0.10332991186802,0.445358798293386,1,-0.0269491239851951,0.347513100714498,0.778922166010477,0.184473791388996,0.72375583498212,0.160373944372291,0.808619114187114,0.211518158493849,0.67418519835704,0.265573474116648,0.82900816171059,0.202150630685269
1.6060691649673,0.264988067409559,1.05360038063487,0.354821980209065,-0.0256806433768107,0.323411949582103,1,-0.0524460625512499,0.354558330717212,0.693555090971797,0.208617080172629,0.736131200788406,0.226377441102299,0.538679365326049,0.240211632112627,0.639660631894526,0.225738831300312,0.448946505107719,0.221563038706955
1.66870296884971,0.313959982420762,1.4863699179171,0.575191244641993,-0.242364057954962,0.307039433594838,1,-0.620611575022869,0.458010572615383,0.953488800975387,0.204304160053052,1.05411867613491,0.213385351063583,0.744663230854198,0.217708969750646,0.699392386714336,0.304273103929623,1.24632101845038,0.235836180412722
1.3602513095171,0.207291931167232,0.644660420898372,0.206277611706016,0.78831697910146,0.130026007815159,1,-0.427805993142307,0.539193246115185,0.771167943073321,0.147028036960088,0.80297346804347,0.176167996612908,0.342013865111329,0.21637346145543,0.512825879903112,0.229163907524942,0.621511116238552,0.182416164484772
2.4953758572556,0.569491559304456,2.10760289514546,1.05007846845406,-0.539281647173601,0.199559850763368,1,-0.117226806579136,0.48591616712448,1.18260591669696,0.283563260975526,1.1956419739441,0.217589575193916,0.950521895005456,0.285383522435459,0.900317545814208,0.280324208540775,1.08798634109579,0.356336883443645
1.54092322936119,0.330925326547306,1.34447276657699,0.599329249904422,0.217120029010895,0.52803466655368,1,-0.834097035429628,0.524266719804411,0.897530426431935,0.185205930204613,0.590519880836359,0.205879563927734,0.838429926841914,0.247403235799833,0.704057697145913,0.233038705224231,0.814857165187699,0.24371745110282
1.82706717049803,0.327592240284805,1.16774631990055,0.424273000867387,-0.177230380391122,0.246379526060984,1,0.233291441578448,0.447702774796149,0.724027952197775,0.250437721982497,0.776420554933697,0.193974374758167,0.5965641030667,0.194278838081066,0.673429740662753,0.2770406841856,1.3517523006466,0.219639402124269
2.29266529178493,0.406872401944064,1.52493870463022,0.583101358596625,-0.182212935638468,0.352999571107076,1,0.552484266911317,0.377699715102166,0.958771384594836,0.227648742124144,0.895416148453963,0.211502690273619,0.865743041051092,0.234276482978791,1.01730253479935,0.260653095134947,1.03444228336613,0.304175373117489
1.65653896351137,0.343585712517663,1.19545810130669,0.536136029606333,-0.146593788476622,0.428911128334215,1,0.166156415239433,0.459450829293577,0.746490110359477,0.22525179996886,0.46687545041635,0.243486426606923,0.864881835713772,0.205250854753286,0.472536112514286,0.41965053804385,0.568803086425881,0.260066429057026
1.49000096573436,0.273889946803871,0.668902509303566,0.269279716635213,-0.249475543647005,0.289658850648812,1,-0.0567657456897033,0.489843432013453,0.756588072580821,0.19839628580608,0.65223414564952,0.196099667876721,0.77952574788262,0.188949381703374,0.378752358333775,0.381185940554943,0.784181221229682,0.278660105468722
1.66063770141129,0.278422733852533,1.33193163692449,0.450446300134105,-0.350871390246413,0.23832441764662,1,-0.434011453865436,0.520444800023962,0.915813696529756,0.192280185077415,0.74545895448615,0.185733524980719,0.901452503981386,0.223335643720435,0.95616620133896,0.196944347103544,0.969401216831065,0.247559737387388
2.3182289380629,0.390077225865697,1.34387828012324,0.539164856288472,-0.248873061486495,0.306962275369172,1,0.957487032661742,0.654251991898829,0.801512302672344,0.274037581561692,0.777204536736659,0.228475930065814,0.76852316994684,0.200506932258433,1.09123732117642,0.210718787737208,0.661918921420621,0.28076090207788
1.59874462979104,0.231189029574456,0.508111368735375,0.185086066911767,0.778772266220225,0.119130989439113,1,0.151583937583274,0.502847708227834,0.731013718976719,0.198179402813458,0.606882792091818,0.176441962609813,0.784781226145797,0.197882244726579,0.404520593466595,0.272344236258867,0.506470747221316,0.284861781012305
2.33563515745975,0.383950951570508,2.25326249997167,0.881027886090398,-0.171901779584964,0.34400570230202,1,-0.127158212279527,0.686815874778912,1.07011296067096,0.260906292391891,0.960828160983103,0.181715687278162,1.05601225756698,0.18770622403809,1.07712135253269,0.217161473919339,1.15929922400877,0.301561863135375
1.68492430696203,0.262803591966611,0.889386087528517,0.308172004695652,0.254682272566311,0.379608945127036,1,-0.000915280408765301,0.427704324840292,0.718934273241728,0.164675001652633,0.608609582877787,0.201133414810594,0.521980024909887,0.20100303915739,0.831049420279504,0.222154145657264,0.631023495695747,0.239420399423926
1.47214386479205,0.238028566397373,1.14324540804591,0.35529606643217,0.396621738434179,0.487887092270743,1,-0.904392175605764,0.485827129428854,0.948593129075725,0.163159652712763,0.683972282246613,0.15182707391754,0.719276793944161,0.193854031955759,0.573158869433349,0.280742263081954,0.727530766672657,0.198440221004303
1.77638611875184,0.227793437109835,0.850131474729365,0.263774777362696,-0.0200208797512712,0.397372259968985,1,0.373485731962284,0.416138477072625,0.800277649213031,0.212557018207258,0.759871998566126,0.174020499108854,0.89596097713924,0.188450386904382,0.574493605330192,0.226369767857627,0.701188483788104,0.263551091042118
1.43929799529362,0.233689015031391,0.86608159601706,0.335367929809994,-0.0378799714229233,0.379038605744506,1,-0.0818961790004862,0.439715292953466,0.595913901208611,0.204293575364911,0.692979741221846,0.176266111403278,0.276663268024023,0.270831877261008,0.726573158437545,0.334295489814109,0.651067788868319,0.272092495538427
1.91982001752681,0.332626443131077,1.53018637678704,0.575867687486999,-0.0464357648623176,0.488678265669036,1,0.771479544202788,0.467745272819583,0.751663635861062,0.220108742689561,0.882735499374307,0.21506744530598,0.945323975583865,0.189526529277818,0.94727533220538,0.19415151413908,1.01913465621977,0.275049509647621
1.53890357027311,0.215632251024224,0.823563776422813,0.290797398335886,0.227441261305378,0.36793701303393,1,-0.192059808770549,0.448102367451905,0.797883097561363,0.186296262844872,0.516564576985661,0.175085560122006,0.590226968906117,0.202488383333959,0.69539020636849,0.236673192548898,0.562054805312792,0.194304666660144
1.42076020135625,0.254376030181807,0.793560473498745,0.271165453226107,-0.114392968727992,0.282267252644543,1,0.169993500462448,0.432565233593632,0.519456997646366,0.209231979513573,0.79050852457603,0.168972779331152,0.8475140167666,0.200330538252104,0.839906964160923,0.188088893499193,0.218790200970316,0.376877031496104
1.64688437908658,0.240722514378333,1.4719176743072,0.465995113891093,0.333871673812998,0.371419083223367,1,0.148163497047394,0.434144125134539,0.6355696992975,0.197878676677974,0.85811237596242,0.140591308548775,0.665641268624808,0.1635908291295,1.13589128253493,0.199493892933436,0.674383850208792,0.280615716587497
1.63298939861384,0.282433657951651,0.931202028697882,0.367506017909781,-0.33278734090441,0.298992202271647,1,0.0545770838931737,0.432388260121131,0.979338307471436,0.194162693571346,0.6103022898483,0.213993757110341,0.505082125597526,0.224829280871582,1.09135829658502,0.228582609654867,0.243345917323322,0.397174270737542
1.61212196213033,0.241198989083205,0.782989446259446,0.274277615016529,0.474468566114311,0.53350730365818,1,0.350409574199325,0.47690705610523,0.715335857797723,0.161507410684637,0.89104923386164,0.173706770961692,0.556963389348018,0.206412464029396,0.397140886063535,0.243018181372949,0.594271596953763,0.224674463240263
1.48487939828205,0.261857790192871,1.0338384558318,0.391110239713913,0.346500345952773,0.609701922239934,1,-0.0765039418348063,0.414791824807962,0.601254877344362,0.179409901803906,0.865111320820239,0.166338236588941,0.795957817348769,0.209724673191205,0.316939377560862,0.289866871804988,0.549596802494419,0.26082451833812
1.40822485307199,0.205660587515285,0.576519001276409,0.205512313906119,0.232893087427937,0.35880084655046,1,-0.200753884263685,0.482147046105452,0.546604330682861,0.242480748950984,0.624198493563643,0.199788290769404,0.434782183610529,0.167086002463094,0.91103957880326,0.216679590156632,0.670453681091594,0.184998361012819
1.3997457483254,0.258424230309331,0.626058488475198,0.252665915085193,-0.0468289592774039,0.395937378362675,1,-0.526403513740173,0.599856829297963,0.795131479015469,0.25163168316833,0.778161988490634,0.167448798859341,0.545262103288136,0.193261214884963,0.328310800825534,0.266433388201918,0.547060752133521,0.256168607836102
1.56071193380586,0.27717435954116,0.92602895008309,0.371421104288834,0.224768609563833,0.48836293009093,1,-0.158040359866295,0.467057589840366,0.809054873662356,0.18667610104666,0.497963778758993,0.206142155766237,0.827172575732213,0.209379866795647,0.731374966450545,0.233850851385548,0.733282745133417,0.214094432249583
1.89497290214362,0.474665767896406,1.45113856832294,0.756729174557148,-0.454028964569872,0.258021644767049,1,-0.255201598494301,0.503067026879321,1.07135708205545,0.254286164295481,0.837617331225179,0.228237888517472,0.803402238389892,0.298012308977685,0.932981996538002,0.324839250785601,1.00710826395308,0.304283092137774
1.2794894194377,0.223429949798339,0.86454328172304,0.332993068571759,0.254176806982053,0.475422733476172,1,-0.248154869569137,0.358922665222338,0.775647049492409,0.144681742991795,0.518131679947624,0.203833051448396,0.638105772266124,0.290625198054824,0.764015521552407,0.246931073181004,0.873762267482312,0.232442866276483
2.17413501887721,0.315518509732148,1.44738553268126,0.473597845603541,0.0060850430047026,0.434917324173378,1,0.543623671706986,0.414973940972272,0.751380767859131,0.189327810871491,0.946879780532451,0.178323325491886,1.08268071881728,0.251154251808936,0.625661719633397,0.226620125768887,1.02683288268877,0.22185352889617
1.66714069010615,0.346892366758595,0.935629924603155,0.308449838640612,-0.332765274937486,0.243095647092098,1,0.00238687488173496,0.53917631287012,0.7454520888414,0.231304601257648,0.758247379902347,0.196875225376825,0.768242735628043,0.208006069992784,0.866740773196346,0.219992626018864,0.87232198417936,0.24807743274981
1.5713778209633,0.335941129431214,1.04339852644969,0.482933970346342,-0.0754239027114341,0.425136989208603,1,0.174155417302384,0.594298867808942,0.846462601259005,0.265514857626447,0.516688095065478,0.234609957904044,0.844973424107518,0.250904533666426,0.268711827849769,0.33976822704755,0.612268963845359,0.27743678197291
1.64163904379996,0.270234916020811,0.886878617831711,0.313243645568272,-0.19426850144462,0.341753474238812,1,-0.0833584999108444,0.546778079698322,0.745255715392755,0.217402918938194,0.77472272836262,0.209769528768095,0.762315415036648,0.176845013804877,0.71447121585941,0.228959912343615,0.775304441918431,0.290882206167396
1.70380564554812,0.299419863567575,1.03403025173388,0.405966661704152,0.376385743813669,0.438493646630056,1,0.541023308859837,0.499418139710958,0.245623654671339,0.233678350604592,1.04266522034695,0.206227598320975,0.446055253981163,0.184879066575908,0.63901758326463,0.25322859176524,0.683577323377402,0.263304249148247
1.58564188364029,0.307779111954383,0.795476534312184,0.341759726462571,-0.124732219447774,0.377005139869221,1,-0.567371125925903,0.439368031377126,0.899862282474854,0.215931280895886,0.884026152585677,0.191892772721567,0.469197790741984,0.254119479822152,0.700190961051739,0.260919210706297,0.915747449448237,0.250697536903086
1.37001573173895,0.305992142392465,1.195137492382,0.533222255575016,-0.209234239130723,0.41719293168347,1,0.167776821103896,0.457988195384636,0.47233672511264,0.272760713989607,0.685045280840709,0.229264111861733,0.496722295650516,0.274271884297031,0.79301557327878,0.250942772764356,0.503531679444558,0.335252144901536
1.62664706143575,0.310490931250255,1.24023572202048,0.507350566753766,0.118512926125153,0.567322551245847,1,0.0987059877964665,0.391754394468905,0.706326283749408,0.206559697797309,0.662387566818513,0.19225517169755,0.848633061381509,0.264854656453867,0.434507046138025,0.278499628268364,0.747835164485692,0.277714347625752
2.27126733400362,0.443586079401162,2.46277065495188,1.08494566655507,-0.580592214970293,0.201719421088174,1,-0.360602883124586,0.52644919455297,0.902855075979916,0.224733429974301,1.19555755782329,0.227964089232299,0.848417118621783,0.260894805909607,1.24880687914105,0.244395623513882,1.05576622441198,0.364580304340457
1.30316662577618,0.218199942076291,0.869345300024182,0.302350555213276,0.173646209033007,0.377467579240939,1,-0.631968418034526,0.445761210169228,0.679650436360435,0.23643961975091,0.695043811930396,0.201902045889623,0.337294587605227,0.192377887110937,0.66570413280143,0.179635201899137,0.430753056325056,0.245724112245887
1.32930361238117,0.209871413518302,0.713727317887309,0.257268574184871,0.273040381483345,0.420438444600414,1,-0.591197601059774,0.464149268306977,0.744057222074354,0.156775139816738,0.673175071747821,0.162979976047166,0.517055907645651,0.170630037673385,0.349411882804721,0.303925806419366,0.621834313163935,0.233422738415526
1.59212573547837,0.254960550420632,0.748678312697481,0.257582961999591,0.18468324014566,0.365387706774422,1,0.115231612877661,0.407806438463063,0.667001256343266,0.214961794767834,0.440911277595318,0.170897486501349,0.841554704972863,0.180425112921157,0.642564337356113,0.183256097177587,0.437123773506243,0.312297844108185
1.54389958117823,0.300992668069441,0.847882114126622,0.338111522002951,-0.140437713224204,0.345759889521462,1,-0.327659897458294,0.355581689136627,0.796065912129093,0.186608984289033,0.474295064129856,0.209192153398647,0.827349561715102,0.20808111235644,0.628520483079563,0.241657350762107,0.340348654854957,0.372452488408894
1.62198330533295,0.328527009452942,0.736956811546531,0.305427708553978,0.210881703542006,0.467783025370938,1,-0.139874326556312,0.522647503116528,0.821437484093594,0.2185963343636,0.734670409539977,0.179812317440133,0.454224611023707,0.263892395690018,0.676687954526178,0.207643257571297,0.722487213080187,0.288220610473987
1.39410674719539,0.250226674497226,1.02385278166625,0.379670794166787,-0.0655874396677238,0.300657990312752,1,-0.205543177606973,0.375065775694337,0.771714506504074,0.228571350468987,0.711212179788235,0.186652256118284,0.631790471596976,0.217370675543701,0.591885028592098,0.231599581311795,0.467290320983504,0.261301731771328
1.50806004598416,0.286458427517213,0.755090633678059,0.307985905197461,0.209007291831397,0.528195088310372,1,-0.186073071324874,0.518858045366562,0.870125663845747,0.19906364712394,0.478628447921558,0.211575660036092,0.836164693253031,0.193475668949064,0.724058299603831,0.210506000252377,0.299127502733559,0.339783550082235
1.71642210788653,0.3075292978667,1.02266180678277,0.399255461886838,-0.156503994180322,0.332317860136436,1,-0.243737381175698,0.358984962634505,0.936912527897455,0.200609553215061,0.818703408784114,0.180049071478415,0.665293724119836,0.238028665803607,0.803070859153316,0.278897600833672,0.793429102101633,0.247372794592968
1.48922044807052,0.253046329029066,1.08987441986111,0.358075909748959,0.279240116393989,0.662355506975804,1,0.702778326488172,0.53502866424177,0.525997367761778,0.19777737350293,0.522430797463995,0.218433876265508,0.471160485576988,0.254649113456258,0.663762156951235,0.213654283464497,1.00069116059207,0.183180722287348
1.90217136148727,0.404213167597252,1.03612147008757,0.480193738465126,-0.438742428261491,0.302917428145345,1,0.416311562505782,0.456058336528898,0.927432924996049,0.222490833635176,0.799631607244938,0.285229962416265,0.838202256413826,0.248573591355694,1.03844127300936,0.268023313710657,0.881600553244446,0.300428482513595
1.23692053930292,0.248769385453519,0.613563427662025,0.258512835324924,0.149434303676286,0.446491075440962,1,-0.185682871335491,0.47904547187266,0.617650488155416,0.187031800917012,0.406042492172792,0.185184497226424,0.657863015166614,0.245354325543224,0.282509373529833,0.281608280384399,0.728609700668281,0.244918269692777
1.7560917407597,0.235833408045032,1.1105822897564,0.336040873309667,0.722390310212576,0.127311184821406,1,-0.477460626820327,0.624423994020167,0.696965185712314,0.282208694456787,0.882117210088959,0.209745560578948,0.394839616926842,0.194015985984442,0.667628815088958,0.157308895497136,0.722073248380414,0.216993316000172
1.53997097129171,0.220724548476275,0.980355569757916,0.36283201986973,0.489288422651683,0.321401251974799,1,-0.141818765574937,0.488256118909227,0.678865510174629,0.216598991411663,0.542987005806587,0.171304406870836,0.641415136602525,0.171440899734095,0.543769028233637,0.177071953200888,0.485183088745489,0.364296763674893
2.3209997553184,0.57582788039815,2.32357691440562,1.16468053756446,-0.593740431031107,0.213614742227423,1,-0.868352310761917,0.557349461884395,1.27246497955673,0.233039252558927,0.853504558778737,0.268383460641782,1.16178439775215,0.336105142902135,1.10267767754676,0.272442177814419,0.937513681756786,0.307225446078269
1.43330338765478,0.297833218921809,0.903957917755441,0.339862108055509,0.0504113220965278,0.454722469533983,1,-0.865459884110275,0.849059284229483,0.802973361525932,0.244309072403515,0.761097141243113,0.201978544613413,0.613395468082328,0.223368820367855,0.449547884494802,0.293096161112122,0.722142189296419,0.191287157461553
1.3185318046658,0.215357375580667,0.486229844557116,0.165995553166145,0.124684473770933,0.450563374729159,1,-0.441100806734786,0.457735244092156,0.542316030015475,0.229408388333532,0.44017989836336,0.217610107697692,0.392036072195341,0.165680727708901,0.785367219383021,0.214428214747407,0.733414525497752,0.249682187939207
1.56146256778356,0.315725481899278,1.16577849339355,0.508176270046566,-0.242607229801461,0.305663069765066,1,-0.225902995183467,0.462408287787485,0.710215901324229,0.191735682714633,0.780857171348233,0.220355850738842,0.677692280663761,0.295273919613841,0.685785595655323,0.249561503514974,0.532730813464146,0.374552232788758
1.37777070182211,0.233422729039185,1.08264480087927,0.365054557884329,0.466079474498841,0.472333107364871,1,0.405243104476582,0.554081503697167,0.357232184337859,0.277760996299642,0.623970407256088,0.234884213420871,0.554619745131912,0.172794770366683,0.570716308168285,0.215613914946072,0.44355016281028,0.220097056506211
1.65264097736399,0.281005161882042,1.03537086808773,0.381555501107675,-0.261081735768603,0.281737907145474,1,0.130146739262052,0.330135882366429,0.753433051591471,0.208241428224819,0.555825353576943,0.23253751654904,0.517155559322299,0.223034433426757,0.778090155311232,0.261009336782709,0.898892196546039,0.276106728944205
2.07090068897742,0.466502309615082,0.83315242263232,0.423719164625913,-0.437762811953788,0.240197789146436,1,0.291017400936065,0.507961566444409,0.79799751681815,0.212904480804831,0.731625888107914,0.286519938514459,0.844109507799803,0.253074547829292,0.623895487991533,0.268252346543975,0.730301330561517,0.291809930715807
1.72153458700656,0.247652665635521,1.03596357995424,0.333401677655985,-0.0685186257476918,0.319910727346762,1,-0.613085859740487,0.69090543328228,0.798239125848068,0.303069557333639,0.676481346015312,0.174856072858928,0.637252673310922,0.25480036632385,0.597652400996224,0.172415399470201,0.965695566630676,0.214853523684924
1.30162679667713,0.198932447603229,0.632079468948141,0.204006258559565,0.321910914238226,0.477563867958526,1,-0.0661967166773883,0.464909122997235,0.514680444981713,0.225329222190711,0.467240228306873,0.180329340695673,0.695610832759753,0.162961720050294,0.824664214243188,0.223315424923088,0.412238369688336,0.277587472292953
1.72611743375155,0.339795402562335,0.967941394039078,0.378423013514265,-0.173136672644408,0.334182217029292,1,0.143863977992363,0.436823101218215,0.826270282895356,0.209248539620926,0.726001996455584,0.208424036040711,0.786133070134661,0.205039859106718,0.693107695364629,0.229471934284066,0.905789565513673,0.290982625441058
1.78887273117951,0.252617108038546,0.56524622148988,0.201501681733473,-0.040628214675857,0.333810928856836,1,0.831340072654036,0.426063144205925,0.373300131739791,0.227557897560982,0.562823767414583,0.209695097198028,0.680740336569706,0.194831842188209,0.912989260785908,0.18006206738553,0.562853660320456,0.27444751087621
1.91175353198726,0.302407294866699,1.11913927293626,0.411404551506551,-0.352086693086648,0.23606292851055,1,0.658029075128258,0.459617417816122,0.682626693145117,0.198182912722161,0.871159137782674,0.199750202389923,0.717853131800482,0.192500483444687,0.877059432365757,0.233566946490851,0.848758130978169,0.257876424514504
1.26569129046496,0.183676723250381,0.835042425146273,0.248756977796675,0.463628844834104,0.384564284364439,1,-0.180897333154662,0.402370968921435,0.502186165602042,0.177462120031111,0.715677961553578,0.197649886058523,0.601666139027101,0.167626756321896,0.559227003750509,0.20931346735794,0.239963519808282,0.263725627017665
1.43549916585644,0.247043641633913,0.671882222359762,0.313362692258708,-0.0181334675156762,0.383134133516279,1,-0.439781218969528,0.515268370374521,0.832942209639114,0.189409939164494,0.510939775554677,0.218120879241889,0.809174409593695,0.197536838016028,0.746934875024638,0.293873740878715,0.41420974783989,0.294190395704096
1.92130157724113,0.467522217632915,1.30152365598313,0.61076794256939,-0.105007752331222,0.449645320818882,1,0.708982656616067,0.480213768491475,0.763862205045042,0.281413676619887,0.640605670406503,0.267396029136595,1.01186891498932,0.29643404530533,0.645602980978509,0.253080985540227,0.502294274514107,0.332241420880001
1.87124622043635,0.344741670832501,1.48060402737534,0.565750404103441,0.154750231996276,0.435457724400034,1,1.03303549484702,0.548040479419988,0.63895820745829,0.25545757660411,0.632026024628164,0.19754522373343,0.723526096847543,0.193060223491592,1.0276240563771,0.253454007384754,0.88349740733804,0.269334549954599
1.82821538875029,0.415595508608793,1.20231952530356,0.517930492064008,-0.163025271776342,0.367187638903931,1,0.508606398153674,0.483092127283263,0.614128712490491,0.266634442099455,0.741866960761797,0.252023398733348,0.840966852389993,0.229723871632959,0.826494659011541,0.309906623395665,0.793813062789797,0.33283775747216
2.37904556708899,0.649495911916932,1.69500563151996,1.01685618654272,-0.560094951079179,0.264642279948283,1,-0.339376983892467,0.616912743398487,1.25486035790584,0.318156596091967,0.968492494857538,0.299458698675374,1.105168775494,0.30562355661475,0.693331103607338,0.354206005105439,0.904346096669607,0.3341927955764
1.54791956687856,0.294556401501081,0.910511875289808,0.396240866125926,-0.0109009293691348,0.443758356791296,1,0.027869298086008,0.422201813775484,0.55387390854201,0.220312331597806,0.791711696081564,0.211348413921155,0.501709239778706,0.236222182797488,0.568119499001738,0.281462589710745,0.577257408156446,0.313628385156504
1.46771323162312,0.189500528503856,0.761862221616626,0.226483035295828,0.281471003165733,0.449307689281027,1,0.113655184214933,0.333924729602754,0.56190623649063,0.176353104235251,0.606837547885616,0.17462510490595,0.600517622329067,0.168413601899348,0.467335414425941,0.190110571530324,0.710835858817393,0.197958203350948
1.28956648036595,0.169546454547252,0.649235007362334,0.193007241356368,0.121997275805329,0.387764885823953,1,-0.611208938249728,0.44487874432417,0.881320741545848,0.192700611586254,0.805238877550605,0.166110131905859,0.354970008580587,0.24568274261596,0.48792825049337,0.214705062817768,0.606221670905971,0.190017494288563
1.62964970923886,0.231626734427905,0.716237374261786,0.232582952711359,0.318076619914546,0.425790282418421,1,-0.0887718908607133,0.39264495041937,0.622743608111211,0.208425875735972,0.564097856473467,0.182891326340009,0.817733014412679,0.207750225038441,0.774447985433486,0.164524531123583,0.554402942741839,0.193429333600691
1.36452121059454,0.211676319857902,0.75801420450122,0.241210133312209,0.034495528547453,0.472907743301383,1,-0.205589005494261,0.412539956351563,0.549904249649305,0.220920087137129,0.827999912433558,0.201444451380063,0.620320433557601,0.204119177061748,0.596013695143753,0.223493139997856,0.474212430261286,0.280418100143581
1.05380133662209,0.158267969643598,0.514514194276424,0.190041731752612,0.437955730546591,0.348631828862039,1,-0.586943189553365,0.367952733920358,0.625608352088423,0.170586989007852,0.240830530502217,0.204235066033673,0.557904169690936,0.171825650361596,0.330901960089279,0.214164230898718,0.54906327970948,0.194529216620264
1.43776237307461,0.240629286380343,0.69394155401284,0.267659354394826,0.370263050859147,0.430492200688521,1,-0.014402820781483,0.397801712651018,0.470502425334965,0.178086940501353,0.601137738065453,0.161210950106202,0.570584849849882,0.18856789728153,0.577000555212653,0.203450398466298,0.460946527103531,0.278291454503916
1.37827901982541,0.245747240506104,0.763208707539756,0.309135946881161,-0.11438195347388,0.392293333787155,1,0.201025964547125,0.329750194393737,-0.0713194734816242,0.350819695340512,0.767580221805191,0.213408042483501,0.867241303743709,0.219512720960256,0.698820729971197,0.206609039619017,0.457029737891288,0.310920926402092
1.59081784475112,0.202778898865149,0.803077798960366,0.264517329440413,-0.0769380844003529,0.316385962123759,1,0.19569988177332,0.374376517895837,0.364130685795037,0.207048785293249,0.896602604783866,0.158096932676088,0.546930683097128,0.200484901226449,0.503146291087834,0.261896277716168,0.695969971258715,0.242040061458439
2.38957384205981,0.523132265600562,2.00406423193126,0.969009913703624,-0.462278142292769,0.27410956851356,1,0.748344498768418,0.561954297061154,1.24614596027832,0.185797893154685,0.918257449006708,0.300228273265978,1.14058118498151,0.238693822252476,1.16310282076064,0.347307153668163,0.952996736636256,0.370293863831445
1.82750998161679,0.342223359246195,1.48672521931508,0.547854472129181,-0.0218980856274465,0.430274231583486,1,-0.437642182461383,0.450988908952743,0.997710522743835,0.189581642566159,0.622392466697188,0.185768742845085,0.769318879213362,0.190415159998103,1.16817355378506,0.186719964013457,1.1670140331522,0.266881757853063
1.73369619050819,0.308291322950971,0.686066074627012,0.272820392798382,-0.156478589611527,0.321006041576616,1,0.28329331617848,0.373041300074981,0.763092211240124,0.213197984520973,0.540017296317912,0.177796844567671,0.848690775883689,0.189273606975916,0.585003941630934,0.198486131239102,0.808822699173107,0.335811100797567
1.76390913489914,0.280591558072656,1.26154573252942,0.450246694758345,0.713642581926064,0.219174937113364,1,-0.926731727284456,0.745021729708934,1.13933963274734,0.269008368370056,0.664458818674053,0.1662485743149,0.831337358800627,0.168686163403403,0.692159418749746,0.217209339189731,0.905111153541689,0.22475121872714
1.63171209908876,0.292866335360619,1.42075895664952,0.499820734396213,-0.0192155548274526,0.365032342630846,1,-0.377628700914072,0.505793751249439,0.934936576585822,0.221562489955791,0.624626373376619,0.213928405269769,0.650953652558016,0.192309439443398,0.947113909620976,0.229372920204148,0.628660641473367,0.297855510954204
1.59262560457989,0.299737779219829,0.789989196246502,0.358282004273164,-0.124164156627908,0.398383892138927,1,0.269000727299276,0.469165855180126,0.597470259683372,0.221102829453641,0.779679573327611,0.207951163821841,0.828251023756785,0.228789158061989,0.584391692646188,0.265761388608413,0.763780652579303,0.263536010107292
1.4714052595888,0.206772244732958,0.996102989961178,0.350000585549882,0.280931275116524,0.364663345780738,1,0.713426759195303,0.359236389295281,0.633220643389088,0.186505408287985,0.258308190880851,0.236030588426841,0.673006993557498,0.190890500623151,0.431591262527793,0.234942173704227,0.6025417939316,0.243647493783428
1.34531450826535,0.221569868066618,0.785050227399281,0.287206163781286,0.273311954593565,0.52266453193647,1,-0.292804225209053,0.390110221148371,0.611397446660515,0.18922245455129,0.724265782524381,0.144966905409638,0.385400203596637,0.326497516406192,0.57001871404308,0.230137306714227,0.56162243128643,0.251166817945967
1.34420167387282,0.177202577256064,0.515166212049037,0.161297965222953,0.0147069726466709,0.384880491400568,1,0.179910038745285,0.371155097078757,0.284026312467145,0.240675782542889,0.642094373608418,0.164464013912252,0.57722373724048,0.16407998215773,0.622222343909444,0.164352874728747,0.660757453222274,0.234992896027061
1.43169138075275,0.181748817075109,0.859518833717702,0.266548134444502,0.441988535345365,0.49171604466597,1,-0.00421384395414773,0.375807501353817,0.596442297725903,0.183734745025988,0.551802586959653,0.178931893849641,0.500924357370919,0.254787561746391,0.694685845255049,0.186202700796446,0.499461688693982,0.212101053747612
2.14060565468175,0.547916720454096,2.31787624108031,1.11343423040217,-0.331848486201772,0.377794572751907,1,-0.10777124505324,0.522414510869068,0.831341395469684,0.304608573513281,1.07034100647893,0.249049464402505,1.02299954471739,0.275298344540105,0.708106664431677,0.364490426223193,1.5110123462007,0.291261134212797
1.41215928288445,0.247973106222748,0.789023878017989,0.248871996047028,-0.0626577071909207,0.29429392236487,1,0.0610841705582329,0.377583518798098,0.535638938819842,0.24122703736636,0.562875470094714,0.194294847403353,0.721188125718247,0.177154125054098,0.655065614817292,0.183939666358324,0.688393579574335,0.182639098620202
1.08712682178485,0.179723745396901,0.466523961155181,0.177861488343704,0.165206410245667,0.418041727304105,1,0.0256095705370467,0.412090385496323,0.592157871524508,0.184467137762103,0.178886583448532,0.205027176903024,0.550601932772523,0.190459942732646,0.531374381852254,0.274680763076349,-0.434605161642725,0.475736141272672
1.23648674666367,0.233234132498782,0.748776886119077,0.256966153699857,-0.15330928937136,0.404246452116784,1,-0.500690617344308,0.515594963812872,0.778470983470544,0.212088547424962,0.348612869490834,0.193782213483044,0.776987620367762,0.18352897775482,0.433399610428246,0.238347703168982,0.686814915120056,0.275214410219711
1.8126929315741,0.378656152849061,1.31484929668785,0.52711015529756,-0.328373870279152,0.29789841460827,1,-0.0289696844423066,0.6706745869224,0.627841895064367,0.274614826714009,0.88875597603309,0.22311769134836,0.911135189267623,0.229961411079822,0.840820138678207,0.233616119610793,0.759982299866962,0.279500091940045
1.95364056697619,0.464364861558209,0.979284521323765,0.510234322040505,-0.358532541934543,0.363952777816772,1,0.480063122970276,0.442997671958409,0.760680085944593,0.286393307618995,0.831556435379868,0.252655607979381,0.597793155988128,0.299131243376617,0.861166792557804,0.312981712244542,0.659145951104873,0.302696697740482
1.81857171679554,0.411647649830441,1.54144073817855,0.745297512378574,-0.349448582913582,0.343381421751656,1,-0.775694673985599,0.493306703578689,1.05370741814518,0.226636271406778,0.806527357036213,0.233703299426461,0.831183819508191,0.251979288172281,1.20528256453448,0.289001503272312,0.802966974014203,0.310401750688349
1.48124393853534,0.295893901553642,1.08021926820224,0.413896427065465,-0.0169077802336535,0.414931805653206,1,0.101034001508563,0.523197481164646,0.385761924347029,0.251175571119311,0.851516313854447,0.216174356142938,0.665335004413658,0.244500084508957,0.536860432848518,0.264772108540232,0.658344004103024,0.251795069184321
1.52677646660505,0.208451828784922,1.15175352861703,0.346547271356498,0.432311317429424,0.323336006214905,1,-0.0376447972361659,0.378979412589813,0.589759996553109,0.245724546497001,1.0319753596925,0.133160130459667,0.742738459429302,0.181383867315193,0.726627632233928,0.261590670863971,0.745769493827911,0.211582731341426
2.2587367188505,0.429889115432896,1.910283200768,0.692118061215304,-0.21968736006289,0.294064372750279,1,0.14968889477402,0.686377439363525,1.01709449192684,0.261259802753266,0.919951603392488,0.18819468934061,0.928959265298795,0.249732072177402,0.925510267827407,0.237340155955682,0.857625072763077,0.209469460159098
1.80881445643719,0.324615734080177,1.22079081165618,0.49898723314833,0.244559424896871,0.565755592508793,1,-0.6308187646562,0.713163295570665,0.762935363392971,0.224258831531683,0.935967239192852,0.200299066008326,0.617216044935567,0.258399016008823,0.755583895531981,0.221413730659734,-0.0656237076225282,0.401079981224969
1.81264417328654,0.277036930352796,1.79379253511763,0.652669437104666,0.55934585471694,0.421822802233124,1,-0.524586798556908,0.451225522690585,0.837802439441738,0.164850223552064,0.910791186709931,0.109336550520127,1.01018577984054,0.200227085388758,0.60526208152511,0.283030612887158,1.27867848315836,0.261730037140289
1.27327896104118,0.25235423976102,1.031213084272,0.378731106894122,0.0653087098891802,0.408369467319624,1,-0.294628712146208,0.334797611816878,0.782016381731999,0.150191135400418,0.628432113524117,0.215512321968554,0.196020506955063,0.27300391905037,0.922538682781494,0.237399046193448,0.712126845001045,0.261323403689516
1.53565825277061,0.288791513333969,1.03309188849637,0.403212132283806,0.139346342461323,0.488090445689899,1,0.0230442847932591,0.830231300924919,0.831662782843409,0.35849484291128,0.649366227960711,0.184800815234658,0.853718735617221,0.220718944054783,0.478148325927134,0.33116808634407,0.698098753488464,0.308053849973365
1.87422524191332,0.29775837959376,1.26707206572964,0.466313063926392,0.443376448207134,0.438394801906507,1,0.106818580245465,0.462451491321619,0.434960725532997,0.256614435487891,0.995247309026644,0.219590174087332,0.75926843652287,0.234179066663812,0.841313062400249,0.202804786715512,0.643169773780029,0.194903829085936
2.18915032380905,0.449324119196136,1.39204188019158,0.628438717895227,-0.29538003794333,0.338020260157685,1,-0.303224458622222,0.535029907903673,1.20815033264113,0.229196491922162,0.682271159943356,0.256888042430305,1.14347525168897,0.23865956124903,1.31094797952562,0.266810862953761,0.785287836350966,0.297039084216262
1.70425002284904,0.241638199178589,1.17959634326759,0.421387556051935,0.302871517715187,0.612082197054763,1,-0.138575850714821,0.566158551318823,0.724524846211206,0.258085847263861,0.658215330476059,0.161609301553389,0.774909781132344,0.184665923111615,0.840437144624398,0.198148563956537,0.943385898566284,0.228924636686173
1.63306224211676,0.366620226060181,0.871092254502566,0.388049909509989,0.260144397878333,0.477649355926974,1,-0.389872215490563,0.466622194345348,0.829178376694834,0.233114475298081,0.835262374094218,0.181012649021827,0.685438940154572,0.258406313206499,0.751416503746087,0.264318665397333,0.6526173828194,0.303561546938256
1.85060233518713,0.313273273026337,1.12246889749904,0.426662506724738,-0.225130662352866,0.356336548364778,1,-0.282117068069424,0.6798557264503,0.963478113298212,0.268731114837061,0.630827786395953,0.209499216316196,0.846528742971017,0.213121143698059,0.708112919669525,0.226558660897246,1.03074864807988,0.214284012452238
1.41185761365845,0.229150407599884,0.835892379092599,0.306582447956728,0.535377930767128,0.385050318694525,1,-0.0762734019101018,0.546980531376176,0.69920679112516,0.192637370164245,0.490487244943928,0.197575801948866,0.597426952697383,0.214402329767303,0.636156175053408,0.188536351170836,0.737425454488872,0.279333114447607
2.22761082494015,0.402352605356986,1.69924804162327,0.636922032862819,0.151215380441691,0.58244290231664,1,0.748660669609622,0.55373246580273,0.71312654976659,0.263759771121737,0.717734726437713,0.283372351244335,0.970484779451985,0.16800134889091,0.758964766497585,0.244437615592748,1.01688639992226,0.233080512065213
1.70091912704204,0.262711779298975,1.12046113295656,0.360204459557426,0.0499427686279127,0.408019543861814,1,0.178221122929189,0.497049865658265,0.758001910415659,0.201461361313007,0.728220983982817,0.177668395676427,0.714379880356844,0.221535773320798,0.889972685219484,0.157285058006617,0.535523469984068,0.231500160498588
1.79102020387654,0.268083402335463,0.951723793559357,0.294100088966359,0.0834564604968129,0.384507645995998,1,0.563131668707711,0.493292059016592,0.560834885177374,0.21855501755691,0.728733265656445,0.173548851309146,0.757122696301333,0.192746080650889,0.61313607309049,0.219752868776906,0.665236505564942,0.282826062633131
1.94525306989761,0.434404185846351,1.66640671267776,0.735845622170305,-0.486591294505544,0.228355983582744,1,-1.37863529893246,0.919454020590051,1.23683715019146,0.246883255986075,1.09310210179019,0.237423158954958,0.848563545046208,0.265950194175987,0.802080552999408,0.266178155095179,1.25976323244979,0.243813596069502
1.65170854419781,0.246839613297838,0.759709585683897,0.262385580338049,-0.0595540056572256,0.302002884105673,1,0.331999687270785,0.543804345397598,0.733629376801226,0.219742522470228,0.60504061762752,0.163046047002192,0.643733809327982,0.171754557475255,0.791479699288451,0.201857950312728,0.467928128075112,0.303911615033763
1.53437083108217,0.328188783389761,1.05742437958038,0.472555516951414,-0.303411204242947,0.307717530649083,1,0.518696573619117,0.542176922200223,0.565162982964276,0.251075889638165,0.556601858845714,0.246203218604589,0.74611472203594,0.24609337785511,0.756065038350051,0.256724201504924,0.0676878153101643,0.346849060377176
1.7046117040451,0.37423284248377,1.45138172733388,0.648485300634027,-0.175199594517515,0.40410075700061,1,0.150407273496172,0.448474493836054,0.909024422306941,0.199952421212302,1.15854115889078,0.200606887483989,0.28570189255475,0.291321384224737,1.0100606006612,0.337368802412732,1.34529113069418,0.255277203181674
1.534210168225,0.332271348424365,1.17166473662974,0.426439408098259,-0.429008437540213,0.245650701646415,1,-1.38888279847544,0.967874918010312,1.04916785560392,0.275158799993061,0.802304321139316,0.225329563514464,0.945421976035395,0.219067857898315,0.718497307407481,0.224128740692622,1.17905601876985,0.217301553014081
1.36528182317865,0.304680386811189,0.885181838772905,0.382228342054835,-0.128358867751699,0.403877565549262,1,-0.3976047488261,0.507988747302946,0.468207642048433,0.234777324180542,0.81807923533664,0.230980938045807,0.494409355448599,0.255452575905977,0.806484349789796,0.325584443644392,0.912574661598258,0.254243005231566
1.74677802488292,0.264852538113845,0.868265156149893,0.3058992250006,0.223756903230271,0.550529035036509,1,0.173957022695488,0.46316449932447,0.629540395365131,0.224495110430424,0.755497674120178,0.18657275937695,0.496357485334856,0.194621743370769,0.818096415787916,0.187855654766106,0.656675042382694,0.266132800993777
1.56922569842437,0.194492103390814,1.1837154992174,0.313241494487339,0.392562590718045,0.386720621911832,1,-0.229547262999684,0.438353169188377,0.771534600822883,0.17760385583029,0.979666047700835,0.148953377028116,0.764320080831364,0.190455670073201,0.673984117917223,0.192747809293817,0.865319645814546,0.249021501856456
1.96445928964343,0.284052957828588,1.26064506449516,0.394023495491733,0.0717052294572167,0.45798946229755,1,0.521246107915513,0.487653791356748,0.879090529566661,0.237999515575234,0.850078071579389,0.218565651650591,0.989781639406575,0.206395504872185,0.859792056784055,0.214294125956288,0.76797322256738,0.188606796234219
1.98168101983112,0.551024106604326,2.24223565780977,1.19031459023075,-0.321830254626939,0.415765977124264,1,-0.14443930053982,0.664040046742132,0.764360533939278,0.295118214688509,1.10670829625947,0.243485498073057,0.979985730787934,0.3023866734049,0.768143834133458,0.320872418960092,0.972406902557029,0.355471451635568
1.49149029053814,0.212005662956392,0.621939905886174,0.21548849101984,0.467527798996328,0.349393925565536,1,-0.0947393478214864,0.406277069166147,0.624443552438076,0.174894543596183,0.764905841848304,0.165922014371943,0.613065950758053,0.207291413281615,0.593604806335639,0.223029666993492,0.586754787829256,0.203134780513986
1.76746331884585,0.314960524709188,1.52760104170551,0.680166064787151,-0.276567066347123,0.301856988544666,1,-0.164737422344426,0.338735246772776,0.760849461243531,0.181808788743552,0.918912517560763,0.239630687536089,0.869805275695114,0.232007336182373,0.784319783937791,0.263119151693044,0.641369707470007,0.30920025283109
1.33295811694564,0.323908984302312,1.11391711904023,0.4899080298198,-0.417347831952807,0.327861865311822,1,-0.625171412099508,0.512365365423811,0.644394198052098,0.248873521854703,0.885722948160388,0.220738200572548,0.609916327370021,0.290879877603652,0.304436520961905,0.250164358835032,0.585179883937775,0.294263622550655
2.18163427375414,0.46933385006292,2.41650572098422,1.06806121577844,-0.196445414365858,0.320132192944474,1,0.417199039861755,0.515270468426736,0.669811711736507,0.239494039064731,0.976199032630617,0.3261404039863,0.838250329844766,0.248888009580979,1.03630169359599,0.215385448286156,1.02867441677408,0.26929513316021
1.98737437303783,0.281671167207944,1.30112575315478,0.434319301671257,0.416144034367409,0.467530291218075,1,-0.00270900289937723,0.47020323001251,0.907282211904703,0.149867393660221,0.691025617271433,0.227214858289943,0.911250003810403,0.198389979555533,0.89023818201985,0.219749532281838,0.494170248323537,0.204469479798933
2.16075079462584,0.326673425204394,1.06495059238343,0.348821486968386,-0.132594229101732,0.320721967603791,1,0.942133439608714,0.380810070324258,0.668016065675621,0.179017845344968,0.766440622889899,0.209087958140604,0.766817868295735,0.194705430984397,0.82854406989095,0.185384074913368,0.875151996792613,0.289806703432616
1.73940294216654,0.337654293068722,1.26393044980595,0.471533266853118,0.885728584520005,0.0981228644504028,1,-0.175063773122009,0.581514797905862,0.796315181396128,0.215871330354386,1.13261529063018,0.212874837037372,0.785162945941856,0.181655467351668,0.851514341942424,0.246326850346388,1.02301777633122,0.311626325618816
1.40324075853494,0.232677087479493,0.892827778901155,0.350006626109003,0.0277301671863897,0.365859213322828,1,-0.260835231390807,0.332015379999782,0.708320395747415,0.191879338866213,0.725342090175824,0.153699142697585,0.643256046319287,0.211714499950198,0.201619516812303,0.295625309924561,0.573246682496102,0.364210947396376
1.76593794776346,0.271180629795994,0.977892211290756,0.391596528889445,0.204999307551986,0.505536574336595,1,0.00394918870820815,0.401530844602515,0.835755988203108,0.161133102919632,0.566245113091656,0.220560514801319,0.852002533738847,0.204948345236927,0.584206963770104,0.258266154571079,0.634656294242523,0.278321458621432
1.61204354891211,0.219081480173659,0.931559346490909,0.260133583323862,0.759366327808056,0.184167243801656,1,-1.01059237366146,0.725658704258196,0.975739354077587,0.252119767303354,0.884113446042112,0.181685777920345,0.667284633536892,0.143268007691954,0.684340267313573,0.185303127497467,0.77521203535287,0.162882764037552
1.76517851669447,0.312341083600505,1.33552441282577,0.463647576439173,0.16047853113605,0.451890381941624,1,0.682222369178628,0.499779033292315,0.367662580849667,0.21740715664032,0.754941253671734,0.18026033492625,0.780358598444652,0.218090823815271,0.854960592290889,0.246836377873875,0.683888012996448,0.230989055253069
1.40518446993953,0.20116899269765,0.763119646158667,0.233280128920171,0.367109953915253,0.451355152894724,1,-0.361265827634927,0.334716562007872,0.795227896109142,0.149670463589869,0.372753470401805,0.184305409518583,0.413705254429864,0.22563286511708,0.696600666916955,0.283840127118266,0.536286141330998,0.200662890506508
1.38760062602017,0.28096077471249,1.2566687990623,0.502450096218961,0.00654211854091827,0.392686038159858,1,-0.28832042941945,0.462908721677695,0.57714087393396,0.23951709398138,0.767614422511299,0.19088999311358,0.526268879493031,0.204693038684987,0.835573663452095,0.275508902469602,0.279849675912734,0.363085497682628
1.38040678232992,0.179372735862832,0.712992352044748,0.271503303514725,0.587175665127864,0.323671715815217,1,-0.229750081488384,0.480150199431717,0.589494372992478,0.234019723367995,0.615400935567468,0.15004471591613,0.674853400974431,0.150716596338597,0.361473261866463,0.219219119288562,0.248935243156533,0.272757811619272
1.681161654982,0.230962154881864,0.760801708524212,0.249719624533294,0.730426462028447,0.138630092999836,1,-0.697061928395929,0.480774410200651,1.06285213041228,0.176705943363263,0.649183894520872,0.15601719101934,0.719330291483368,0.179564759827761,0.621940276902373,0.198298143840325,0.516943194131196,0.235644109121902
1.40708142362554,0.200030258379028,0.561163363865111,0.220511224156306,0.567447190920557,0.395692182568085,1,0.31544493160192,0.521057956390277,0.428731441227337,0.215790226368368,0.780478564603602,0.165966626449127,0.518931007415198,0.167669898629239,0.616717866245994,0.256893471678561,0.808400633582334,0.195306496323822
1.58623100950623,0.303194643283682,1.02323099447302,0.392854740616713,0.134353140170312,0.396065997914161,1,0.423103113482158,0.555107634964805,0.641309907457812,0.275611288628148,0.525733548822592,0.193516863369878,0.632095331273769,0.231704481616193,0.716758656144412,0.275845434494467,0.806987608269031,0.222666510666588
1.68543463170361,0.301075122056121,1.15072943230163,0.386419282523039,-0.059094488022914,0.426433280483159,1,-0.0893875312349908,0.461883475487212,0.683623055812105,0.243323581473228,0.752977520560571,0.227200226501983,0.476332933838455,0.233162330847031,0.583330912939414,0.221349743308839,0.872335858255055,0.246055621455244
1.33277512955977,0.255812664404035,1.06565607752881,0.394304744254055,-0.082635781583496,0.306533089067287,1,-0.736815885618437,0.56710147783587,0.94339547437682,0.208722291095966,0.622813161519839,0.230590256575848,0.792970435147985,0.22752105286809,0.727300390403703,0.280741561861552,0.607221510070016,0.251967838635749
1.61018815062043,0.285551682119739,0.844666438937803,0.301748903195417,0.0248718515969427,0.39315506812844,1,-0.287683553353097,0.49257544217569,0.630109068508647,0.222865597618558,1.08690310838566,0.188710504200573,0.747274165366935,0.208667721410559,0.598565399533522,0.23180984580431,0.425045892516474,0.354093818696013
1.954657927129,0.324227677361603,1.11390487497452,0.377502042977834,-0.310718567335754,0.32144901148537,1,0.126519198477464,0.44668957658022,0.834324418171971,0.193341638241549,0.836133785113526,0.201147266648927,0.70214209046873,0.249056329703071,0.970191181269455,0.198762240045427,0.485431036763181,0.253172361761444
1.68703470842149,0.269121294232972,0.877049441983817,0.297480977385665,-0.0243372377260704,0.32495280390828,1,0.318333814212879,0.420666035609017,0.793754565108947,0.160170664891894,0.66565024275898,0.206308158005993,0.675509947240177,0.197836170108782,0.938111117322837,0.230208378593219,0.60838328133962,0.296267215040116
1.60642918638714,0.20074699105463,0.858659072886002,0.261777638465831,0.704322411284571,0.286153955044224,1,-0.0320336591899939,0.700694993874319,0.586935600245681,0.372938455455338,0.865453181832677,0.208124843994519,0.718095039512922,0.141959666479999,0.580245398722882,0.214725674340963,0.722147290656508,0.202791861178985
1.42296069214542,0.260114152762411,0.979623308203504,0.334319191582141,0.13362425743176,0.482117119830502,1,0.28379232308892,0.528025426649261,0.322115645329511,0.242307458641135,0.524459999882472,0.191869691201325,0.488646411006759,0.2520201539912,0.89780602294427,0.187587050162958,0.540959253307224,0.304710539740185
1.58773693915246,0.337703636616936,1.07001008670957,0.498841012418645,0.250813591727797,0.546072414750285,1,-0.193169017217714,0.586168492187985,0.776514061855528,0.235050690200219,0.492422916132372,0.221391508081315,0.675168326733861,0.209555168851646,1.00513885153188,0.310108891831819,0.423073833755296,0.313581131041202
1.94577297169145,0.34861259332654,1.2184473196179,0.462427492863205,-0.321668243046969,0.236497988800683,1,0.142177017353499,0.482013693865928,0.887396751148821,0.226633180125617,0.693723424234403,0.225699328743923,0.719993736661279,0.199689249766516,0.988031483670173,0.220956317055477,0.668171326375646,0.31396065163297
1.65031060488946,0.299860680748378,1.12387485085149,0.428876648336764,0.0326524006052469,0.374899226372037,1,-0.555553335562672,0.444049984161313,0.928421776881062,0.157387319570218,0.84585524751757,0.245006938851569,0.636322598449277,0.241669687523073,0.753494626566764,0.243298576900823,0.618192935162746,0.301200137743455
1.13890801059795,0.192180720206669,0.540524954720726,0.229139415704288,0.431372177203826,0.387644622753418,1,-0.148496021612531,0.436791241972155,0.390338672158025,0.171057215197568,0.497174683998623,0.180648724242582,0.427839665125212,0.191029325720373,0.414359336974232,0.300702436261091,0.30710948410378,0.261091739419341
1.7153735130369,0.325255296600993,1.32649630910391,0.440806969177378,-0.168119141436895,0.3935026053455,1,-0.300670989180804,0.50211833780889,0.787407171251605,0.227202778889031,0.766591254756719,0.20459464696437,0.850273809628625,0.22772522994572,0.862967784510595,0.216524677620491,1.06177579103008,0.236731715871921
1.54683025790102,0.231830376928209,0.985818809647937,0.342214807367517,-0.109773693300059,0.30373280091981,1,0.439334149395015,0.349941512719875,0.307433099217235,0.237543660062257,0.677864838653986,0.194161362288238,0.636448929133317,0.213761853669832,0.748503322830417,0.196518777833384,0.586607487432134,0.313593645430697
1.43624612773485,0.232212402633528,0.642627902660837,0.217672489479479,0.352234292213519,0.456322378083054,1,-0.240699398445486,0.548593392677842,0.655117657201961,0.180570344234896,0.684898395946504,0.166164795771672,0.0213050607380744,0.261910884625465,0.988606733324805,0.146689880811076,0.121212005915729,0.295195732783721
1.86027588248066,0.310363291165524,1.1855254830837,0.424688676664976,0.200212655765293,0.505441701634945,1,0.501700345716211,0.536707297546824,0.539786013743362,0.24507940238864,0.982593747749948,0.173145902864783,0.778665343977981,0.196089424524194,0.756683125459123,0.184590387327379,0.642642073643752,0.261959880317712
1.6817438953247,0.256569393587184,1.13200654002674,0.402766659078885,-0.134828592711762,0.346631924623973,1,-0.258365815388236,0.707574444779573,0.985346365909515,0.217217684146217,0.605724462314152,0.221564239216905,0.635398837768476,0.184778042880451,0.505045283777846,0.23679259193993,0.642973727579329,0.28896419265697
1.49979767966448,0.21024481328536,0.721373299966564,0.2584039384867,0.625318956807742,0.269397295587978,1,-0.0698940252685121,0.543902704266261,0.71183186410749,0.242804935941559,0.594459044808163,0.166029305868204,0.669228631293184,0.171866230424201,0.473490016207367,0.271177273230629,0.408297737669951,0.243094786516409
1.39245161297798,0.2179023918752,1.04660486564711,0.350726067558619,0.624908620959236,0.232985961516375,1,-0.691836941506943,0.379515888790758,0.757683103243212,0.145286470397627,0.765201505225351,0.164683815092777,0.862879936548502,0.199411419394639,0.342433900634623,0.261686210401222,0.560408761986244,0.235030047801928
1.80586889946303,0.310436114121822,1.16060136355754,0.40273474742463,0.0781589020444134,0.368997817780443,1,0.102347645851008,0.559258970334588,0.877404945058995,0.220832397866734,0.582358733672934,0.223265127548362,0.762715242917764,0.188713795207794,0.820637560616392,0.196596178350049,0.722198002797152,0.261124452493706
1.4656817744507,0.283226207636486,1.27782277359749,0.485584939765476,-0.307894827022606,0.287569023137459,1,-0.576526969946225,0.576313592833079,0.987472496810696,0.213920840227599,0.645986855152138,0.232227818941457,0.770773092584514,0.231595338295091,0.865962751242257,0.244130751349813,0.58683400386074,0.306428945057973
1.84586431521324,0.313048321554782,1.37793067258796,0.483334167743082,-0.0620901984548859,0.411788205947035,1,0.404441980045538,0.304970296037761,0.694768932784762,0.214410388267999,0.869729442504127,0.167549162890506,0.45143246098687,0.193291956705807,0.773981049802628,0.247877086542001,1.08783618516609,0.242501751858569
1.52582678824607,0.219815098802757,0.834834250156656,0.25929563169063,0.574404199029155,0.296623297396269,1,-0.0340781583891768,0.495455679340045,0.679988663774275,0.211404241045064,0.812686140193821,0.199250978056105,0.464416116416305,0.197434818554563,0.533533120863817,0.214055158876179,0.741866529435431,0.2259223186068
1.95350313549069,0.508649820423469,1.11022282345598,0.644943120260452,-0.218014822232271,0.387055383356185,1,0.253988686127377,0.43442097454068,0.603925643696225,0.282679751976274,0.960066751276233,0.242661378712539,0.863967323578961,0.295773929775745,0.759262577888158,0.347243207051336,1.04265650334108,0.349617246779427
1.6213886112305,0.30391800270589,0.907673407962754,0.358871275180028,-0.258936095609179,0.288998491698388,1,0.158668983209574,0.475645436614536,0.868404672193175,0.171448998403861,0.807069853284564,0.224297415311752,0.751118930935885,0.258785521207684,0.505202090510189,0.239106134726979,0.543512504519421,0.275178341912586
1.28956596556682,0.182678406685525,0.494594455650019,0.17727414862283,0.410510921823813,0.56184948299589,1,-0.289843709389217,0.451365374443984,0.621259374742559,0.185769625947126,0.673728086394008,0.164717816646672,0.124953033251754,0.22433791425903,0.468724923301062,0.195108678307829,0.411291036004617,0.23282505988273
2.24226337198538,0.471276514290015,2.13670599217448,0.936688121094333,0.115919891083169,0.55611016604466,1,0.703404331962283,0.562451695805159,0.783065304635355,0.206992462546908,0.800217789279101,0.190447600568499,1.20045091689151,0.258503064087909,0.823452153141936,0.250030699219907,0.766037082392343,0.343080064369327
1.59338708729305,0.287815070003243,0.912316768919461,0.339339625080889,-0.0151396773059351,0.479679622498606,1,0.147687414521219,0.408292588784874,0.701237129507978,0.246632154164442,0.551179200987601,0.204203181707865,0.66627998489271,0.232155502850349,0.748079740489024,0.264192252611192,0.734637676743092,0.274938848891634
1.38912033170435,0.147424095807066,0.496805318110776,0.186309976112337,0.69303889529789,0.188123224553717,1,-0.0327508507140162,0.423737209418491,0.621678384645152,0.167214925271624,0.649011651906898,0.160244295062117,0.6152029692462,0.218464830105705,0.360572372096103,0.257018934214074,0.694164548063338,0.168313382368706
1.25995762312655,0.178389400919677,0.657775054758073,0.236520627996539,0.59184675407528,0.325749880184025,1,0.324347917455204,0.392649935991164,0.654302715270414,0.157603519587689,0.588867700886965,0.176787264214008,0.486267776587731,0.184555390152797,0.423800839444013,0.24192268574098,0.420611526051716,0.367339500279206
1.34769657068924,0.166513779710937,0.688515538694236,0.24469701475832,0.247172354072688,0.420704054985367,1,0.754611472111312,0.373119813915991,0.186648349458261,0.212443062069115,0.655798356218655,0.161724425636636,0.290494887723998,0.225679508310167,0.84391275915226,0.171538947580074,0.299143950185431,0.325345161222518
1.85190205451872,0.293440435115572,1.5768374126897,0.545418689251351,-0.0124880116829463,0.354322098432773,1,-0.824160863701835,0.385018705819883,1.0504002798335,0.18834846007513,0.853077952192324,0.186771070426287,0.681515344235233,0.206212513737934,0.719339345037038,0.257316880618604,0.858678142105452,0.246998366183047
1.44951429072701,0.244056521550504,0.664924077599371,0.245760665468408,0.209478436171981,0.528863088563286,1,0.00567308673506996,0.438932723322647,0.687278512676094,0.228315908020396,0.81692319387443,0.177975229911417,0.45137519748709,0.2370966089771,0.571270416903933,0.246141729326708,0.832759936547972,0.18804782537278
1.29714540041332,0.186999948270796,0.397410195413919,0.137440770622059,0.315430451608954,0.335043595403763,1,-0.112536969081073,0.306388828563932,0.759124292919007,0.166750965468601,0.393072045516248,0.199322186357013,0.364869290463187,0.19014800418634,0.321055549663959,0.236948789676152,0.474835135047688,0.282746903067232
1.90798951674269,0.26887627249101,1.16715326753046,0.365761513645434,-0.243575544214473,0.308865980996067,1,0.169292490229544,0.355178004022976,0.75831005235208,0.211243783766909,0.944788655462608,0.165144286060105,0.737974413128764,0.192809492429313,0.822462839051356,0.245845705067237,1.00710034679884,0.244799604692573
1.87410696255048,0.372099834717881,1.96156329412111,0.790628051322717,-0.0137181577638719,0.401834612844825,1,-0.705318202502139,0.423231750882235,1.13286846287675,0.193403460163431,0.711646232662872,0.284600872134345,1.0645605791264,0.203598772961245,0.610040995118266,0.256862322709696,1.01466025586079,0.211927337670357
2.13546781811303,0.421327249610904,1.31165673205491,0.537834153617604,-0.292896013263759,0.328930484704676,1,0.188773323638297,0.392710751729486,0.851893489199816,0.248206396083078,0.791940738742708,0.205567537900008,0.947221064900281,0.22701216731957,0.818803627332602,0.234229239449237,0.940771579265178,0.294511207949832
1.46871363974762,0.237279270691501,0.737006305243017,0.287882595680291,0.624561421473041,0.240753375197364,1,-0.156794129167179,0.378940038974887,0.613419319635237,0.151794355753667,0.637619854019006,0.153517737387242,0.627485001008622,0.198723727684782,0.530941789625561,0.188484377621726,0.437128031131075,0.336362941108778
1.56056018561262,0.32476471205343,1.15338293691443,0.466561443557822,-0.155672479725802,0.338559907035677,1,0.126656465476142,0.412294835785545,0.770549704637526,0.235238146874544,0.804960512339238,0.17524672715631,0.757574165119689,0.235735834969448,0.662243671599983,0.24272245177208,0.64045683536066,0.314758889646737
1.61913352762341,0.258614531681126,0.71650149474311,0.270047430094343,0.0405664108428448,0.430479338368561,1,0.017696182854186,0.407268091955545,0.529413048925605,0.225210653471052,0.561552643672041,0.218604692747087,0.867148366007407,0.20552801589926,0.55226916553814,0.207528641965153,0.998506352092028,0.240341405160572
1.17999413006328,0.172021751346092,0.54100622812417,0.183804106387684,0.569481328758557,0.276557736442698,1,-0.531740017307091,0.428288642603393,0.382217762546569,0.185833979861939,0.708258586388277,0.151689238874191,0.206009553872716,0.236428898349734,0.558399863700911,0.179012045376874,0.212408861992173,0.236161928090083
1.42981058130582,0.241332238678192,1.02885826687875,0.364771572612654,-0.0100475035958838,0.382886582184748,1,-0.178594144795042,0.563014897999363,0.440533778962639,0.234860657420255,0.65149798695285,0.231315972773793,0.572896079802938,0.215522047840411,0.886020214718764,0.200902547166812,0.536617364405885,0.254038581075802
1.35452641245871,0.250092476521651,0.691258648115312,0.291418067766125,0.182119564908767,0.474040651919938,1,-0.366025040399809,0.423843593728683,0.57776264598893,0.22824898004959,0.811475549182427,0.225577999785594,0.325281024945594,0.256201344794398,0.589187657503863,0.262165156038338,0.299428045015381,0.244485140009794
1.35450283956787,0.195927237449388,0.76336274776902,0.272469561429551,0.268408754415682,0.386054011208177,1,-0.487187235742984,0.423254631827453,0.655772806961898,0.201617008867806,0.744794192002219,0.175942642985519,0.632428686169265,0.197190404556045,0.6093925644427,0.22363342514448,0.750312085625579,0.194048225545051
1.26170098967611,0.158497592083752,0.420712377701734,0.15500095764077,0.59623991583508,0.263817306708508,1,-0.122925175996369,0.376513559948306,0.56601720887531,0.14547104626862,0.546428172291065,0.163457622477236,0.530499159129221,0.156917616205231,0.583796665289945,0.213117264258558,0.268139957333665,0.241302495537686
1.38554093001759,0.342805334915313,1.18156714192616,0.492543028412165,-0.271179924527865,0.29927993417977,1,-0.645141223353097,0.564708701986972,0.817838940886109,0.208688082447553,0.758539354760377,0.239277906509047,0.81462532014516,0.228337904788216,0.570780275049409,0.311277893623534,0.936768977892164,0.260553768447928
1.48226942160107,0.219870383127345,0.86185277102875,0.297598884191704,0.32001454970919,0.431262151451411,1,-0.0472344025904189,0.442463620552004,0.498201712319799,0.199797083675441,0.960238559921601,0.176526434625616,0.433447463399852,0.198655402809937,0.26534613785793,0.318746115881479,0.732058281190972,0.197590385383099
1.95747661687675,0.32546348753389,1.19462033192282,0.453316132828136,-0.0151311698429054,0.44868856019239,1,0.760932132918135,0.379875724572691,0.326066448901337,0.242835601886791,1.06072022033675,0.207484750464487,0.768196948977397,0.226883207175292,1.11083630369054,0.206240322934802,1.02480125017467,0.258561097441291
1.84274248636712,0.369344466203657,0.970508606529109,0.457425213257426,-0.0412712860167883,0.498000698024913,1,0.0107788460979338,0.651042738559405,0.666065094216031,0.361108341562987,0.888772858345417,0.215681181901799,0.563570254481122,0.243965313180584,0.862356107567195,0.31208566322067,0.493908152706552,0.311579729680846
1.64706613384877,0.257378705040336,1.23827814169506,0.411627926384727,0.0648216097402294,0.461958306319658,1,0.162893576345328,0.388467435272294,0.686399741633812,0.191994405180137,0.628694872470598,0.18410762159445,0.692139801658466,0.252909747848772,0.268144889043511,0.244439131757036,1.12645430315772,0.226206893401359
1.75299731732936,0.226393580215736,0.868235202293036,0.242540245363314,0.60339861809197,0.357963083916071,1,0.502150932372658,0.57340788433493,0.698644597950216,0.259683884788389,0.336756476301463,0.195513417537883,0.787821099338805,0.152178505941382,0.467181379494141,0.19643162265363,0.627531255657226,0.224046729434091
1.58844835222396,0.234058638499152,0.958403183725523,0.326096563067862,0.391690219852206,0.530269833304992,1,-0.0319902204134429,0.473639924996829,0.885566547993273,0.147022637793258,0.202356807018329,0.217727361631131,0.912150550269508,0.175294417052077,0.731064931007911,0.208692650418726,0.801490335845533,0.336481573303401
1.62619786307374,0.265150472462124,1.10566560838101,0.403102204919197,-0.190137088301561,0.300631242474395,1,0.239328118644147,0.441858148471674,0.838810293503645,0.210822999765103,0.662899990293998,0.227397873315974,0.791778755778113,0.226870055154926,0.58011913774794,0.251987279477936,0.711937126709435,0.264867614359057
1.81508012487943,0.324177645984384,1.27440950997738,0.48065342160661,-0.172861057539205,0.297266551117051,1,-0.166322709471939,0.589031144546101,0.775852690012029,0.251730060066844,0.772680794497364,0.199332036568025,0.681522178543252,0.196849857935706,0.571443561465234,0.228692818857085,0.62577708777132,0.287635986070519
1.464790253234,0.232589192848291,0.651854802805221,0.217107221436324,0.213010822041869,0.47498331473511,1,0.244118539570038,0.3635564111068,0.473844505917197,0.169367501449013,0.546422002414662,0.159035453640676,0.738668760481578,0.185105222587911,0.974703703653822,0.214817331576833,0.481000402490906,0.389804219852404
1.90727554664484,0.365283085803619,1.24396964441481,0.457091080235956,-0.279562673202415,0.31953271080781,1,-0.0621062019574711,0.581848393280417,0.593774681855435,0.31299068692685,1.0017327526248,0.164805618750301,0.999282005515718,0.238328442716073,0.888273123736173,0.228563857450337,0.988233707613958,0.250708632220227
1.92399798854163,0.328967228867095,0.974217908502256,0.370023828777029,-0.172331210525067,0.383171079590592,1,-0.286289049877508,0.479010179092839,1.00071703077914,0.233348989225422,0.771450189677277,0.195640397030962,0.768791628665727,0.229145481259738,0.715516557070581,0.21650741215299,0.970044430695328,0.245531798325065
1.66959219581649,0.309053800967309,0.997252858048321,0.419974120841461,-0.12037198113823,0.334698080173455,1,0.212259030010497,0.492762237676545,0.613846501321776,0.226011693132181,0.800000095356043,0.219699019193077,0.648381820363458,0.25435846652833,0.769069935718405,0.221588981045924,0.767383730010912,0.281542474458428
1.6333913507578,0.309280086488758,0.714681563289209,0.334207906807123,0.23633995091035,0.55428312399943,1,0.146204569416895,0.484285764774652,0.494874112634564,0.210387079662504,0.789128986007279,0.182126506606517,0.708981286581407,0.20997071290287,0.684740780617765,0.270807284448294,0.703785104021488,0.290303811115676
1.80838065595009,0.314181157681244,0.981728576030417,0.379539400288611,0.347752943175951,0.677513729742386,1,0.834663329062136,0.665006215817017,0.670656088224676,0.191626861919188,0.695288464491911,0.199648812229116,0.760078163859716,0.228568909584473,0.836168374255087,0.248781226500376,0.502132051852071,0.232470500536952
1.57233740082503,0.281395631996337,0.843660836660369,0.281311110821628,-0.0730905585311927,0.389187802133422,1,0.0795498567574416,0.441024758355612,0.709970651737115,0.205417190454495,0.767042427470115,0.19003842954789,0.757351794366006,0.170577301194138,0.773980750943321,0.26435844988992,0.904326519612895,0.311600794794345
1.50852249033192,0.270015514881373,0.730253384214824,0.28476442139271,0.153014076180891,0.470803037559122,1,-0.0155764687724943,0.387892761827654,0.744568833676156,0.183274844835939,0.810788339721648,0.156084717852294,0.742023103076755,0.223601039509107,0.525671113885246,0.308336506743525,0.532563832717973,0.224630001059322
1.67924127923276,0.292957215054997,1.2075601568453,0.472725860038588,0.064445812304342,0.539164135636114,1,0.190711563434017,0.424341510427981,0.648161820255738,0.230581772440054,0.758297719265961,0.21387621202109,0.475309700993714,0.241247949177559,0.766611003206084,0.220493140367131,0.902682408412235,0.238442784400758
1.55887272772498,0.211863548644082,0.644691981464949,0.223800373995196,0.320033679109598,0.568903224057485,1,0.0558927999671129,0.390195572371866,0.821247907031092,0.187314401400856,0.465431507274149,0.2093933030517,0.673206998696911,0.18983725139072,0.876871092674202,0.187254459159049,0.557803855352027,0.295129731977846
2.21641380178359,0.468199479467167,2.07403711779806,0.896388894000552,-0.603253600953673,0.201459760216956,1,0.129457285360045,0.591408711451362,0.891628752254505,0.282282610309195,0.985931294884093,0.245943788740913,0.987880138729981,0.273290278646726,0.963932921514278,0.265335760307406,1.16842696900293,0.269515310740511
1.26113290848784,0.207837631945007,0.695227855472831,0.235061636292484,0.0115545159720332,0.388746254596976,1,-0.374553690843131,0.412036846529322,0.458145035118685,0.246665979562599,0.368076330088389,0.195807049819893,0.897320462260682,0.16822460113328,0.741661807794477,0.219982890963209,0.771377716461894,0.205480865401326
2.03348198645209,0.32776257637596,1.55574485743364,0.558216316901169,-0.019238918028315,0.46818500912053,1,-0.0366844332662273,0.567607857241168,0.951894560913523,0.22066195122091,0.581693806802267,0.258935542424898,1.10328055233321,0.2029844583835,0.477247541812368,0.292712067278909,1.1059673869032,0.193417280765419
1.22942095260509,0.293429565928886,0.617409873163146,0.276381412272135,0.390789424492379,0.54379478014561,1,-0.266764671488115,0.538509252778501,0.465964936258262,0.196230523290112,0.570055134131339,0.23428529007017,0.525255474382298,0.237373953383166,0.403609591753328,0.269904343008205,0.580180529647376,0.324626566649589
1.36563939074262,0.255328925134227,0.830706504909177,0.363413022656087,0.138787514607659,0.62477349465654,1,-0.187786314245796,0.449449201758635,0.868005989514449,0.180644055205773,0.420372141670774,0.295107259553658,0.415548371953017,0.254290079903934,0.689673966518395,0.256341267968715,0.450075676959231,0.313902101152506
1.91617441041302,0.290574804270339,1.01292535488523,0.33634087816034,0.379867076613816,0.5792501501632,1,-0.547625079680371,0.683796111352996,0.944460013359378,0.237607877851138,1.01817348633913,0.196142821283164,0.536006506585398,0.18010164420679,0.567949495925917,0.224344861806948,0.407145288093416,0.259592395934658
1.48430321736627,0.218569306076552,0.883321683727916,0.319444268889546,0.562321475435286,0.235796328041103,1,0.140523793095256,0.359632603495185,0.631793278073417,0.133700768695299,0.613695686570744,0.180684505516809,0.564031434918957,0.193441134982995,0.765067249318014,0.193874039939381,0.444400548437122,0.245710272498442
2.39912453949086,0.638427457011981,2.211030798847,1.16452907422644,-0.55374053383686,0.255230394649854,1,0.265801043359099,0.631143609919645,1.19652716641632,0.265621820640168,1.11468991775586,0.279509760504187,1.0181792499132,0.298735222109566,0.578696110614464,0.333305045359272,1.33599621302032,0.331855058214003
1.42384483584463,0.177085588635072,0.557764474575044,0.202471266869956,0.699237336396628,0.170617198574952,1,-0.0394995838356101,0.425466763024311,0.257705454899451,0.247507397857635,0.640734756177544,0.149044465424596,0.513768041556175,0.209966661169179,0.697335464601937,0.179470332997519,0.46924663164812,0.20157420983938
1.29625039788209,0.212754966093731,0.684679658139868,0.239155604256226,0.238441538774426,0.442492037841153,1,-0.678490916634521,0.378104307904392,0.859974204094809,0.170025558152398,0.606747021677154,0.160494495546686,0.510959176290731,0.225739800079034,0.47715780264418,0.26574862998765,0.858224053559049,0.187793345390393
1.35163613090806,0.195973922913917,0.586765096210674,0.186734731147468,0.354241426190845,0.293379338688893,1,-0.0877834800859097,0.295802634337542,0.641449625441854,0.180566897461362,0.472535202283214,0.179883141984676,0.525616501897753,0.191904341147936,0.574716321678404,0.190602036190609,0.62568022558673,0.203274009285233
1.73960698576116,0.378369877776141,1.09973019786969,0.457159643778057,-0.0639663277558232,0.404924671987246,1,0.097491517887529,0.482647022972276,0.772043220178019,0.222267301316444,0.742654349057403,0.25669242853868,0.829647430040686,0.25939894569134,1.07010090150691,0.210518480490349,0.926658690618764,0.232698408239098
2.01014367960277,0.290570192900766,1.52340352295295,0.525204154437111,0.215783840803314,0.395420985969889,1,0.900558717791682,0.476757761708707,0.687393105272632,0.210057350087564,0.761148547694114,0.158152012305755,0.973083314476677,0.241072456088264,0.229259713862703,0.285079999874139,0.971277482537513,0.217235341958662
1.68381946060794,0.384658100089978,1.14711694877588,0.471764170182893,-0.0463337091967363,0.455944250775833,1,0.0372419264856777,0.505685085519928,0.938511129874583,0.185393920197134,0.845952459004009,0.211941028686007,0.705319001051129,0.264642921260993,0.64138817203364,0.281604364038803,0.633357324282984,0.32084904202175
1.83519833943509,0.302460190911542,0.893126957454745,0.361822072411929,0.0797125992482163,0.580562851092817,1,-0.102892922650539,0.547393533413144,0.729211647192615,0.221500298436909,0.82397264881011,0.202032566245507,0.696472218304639,0.22152184501179,0.899375702847401,0.223130481675291,0.738825640940295,0.279087167307909
1.69277428600938,0.263147527681965,0.767674408073882,0.26719069010151,-0.124121934841429,0.346922345491484,1,0.740648025880816,0.413540169282862,0.397347346542495,0.197059877033409,0.43301669955936,0.219172089050634,0.676420488850525,0.176620468743072,0.533246687854389,0.276117032874083,0.782397812736848,0.275217404947508
1.46618649000966,0.211839372282814,0.872374147532402,0.281103547661287,0.723962450492893,0.185088967323601,1,-0.034735085122911,0.431265129891149,0.594060349487718,0.212499186009475,0.791141872463715,0.129681128127108,0.352461281328373,0.284332614622617,0.653623047869827,0.245434120170081,0.544200361500771,0.253845455991777
1.72995880666031,0.263521290095545,1.15146280258971,0.382486314578791,-0.0103206256941597,0.324137994487881,1,-0.0449906722040664,0.390951903727599,0.767538901951543,0.203558892027516,0.933906392341958,0.194395765384819,0.461422700798424,0.209614639819821,0.751743087607916,0.198835349729661,0.856506993399062,0.304552521013851
2.03205071867009,0.422328377217972,1.5837134311878,0.66081449081099,-0.171969635761515,0.342302139557383,1,0.111126004925419,0.568667792633078,1.04497308951786,0.226312312321197,0.678467055669693,0.248627826724199,0.89636377285839,0.290350788951702,1.10859662312559,0.232160751557213,0.771537397578337,0.296804283058512
1.29472713834726,0.2012268715308,0.588221387572363,0.226044976951567,0.109608673176116,0.402535406049614,1,-0.225541721978112,0.297820452115419,0.889011606681129,0.164872160615069,0.395743653960056,0.204335644461748,0.478302426074047,0.171189392509104,0.680634281384551,0.198802900543708,0.795569491882915,0.254060896641459
1.58460667324556,0.302971759626997,0.781893727935316,0.28222468320501,-0.111203771893983,0.322362232170853,1,-0.164230839742799,0.477989210051154,0.644119732806743,0.209891492888129,0.720465445788357,0.187001272705626,0.616215411054586,0.200295069525197,0.718870718122402,0.213867838423762,0.501612142820941,0.296953889587219
1.70023794610353,0.254395167948658,0.911492986255074,0.267879011071527,0.39911187403606,0.418039983857661,1,0.208080319411412,0.41255395707023,0.509972278654124,0.229948024404703,0.763922232225447,0.204584060288828,0.853037110904727,0.169284110923004,0.835519338762577,0.161399252921636,0.782974035515282,0.20560810716923
1.78181769217633,0.389147802145008,1.56927559177084,0.687499990029492,-0.485023748537406,0.233998244288282,1,-0.304400325209225,0.404880202925496,1.05857423085312,0.21298999020564,0.820341306716677,0.211013076775431,0.902346578202475,0.225389162466725,1.01330168256037,0.28278863494605,0.875820661363437,0.359264039551374
1.68169476623446,0.218328319681271,1.17634626779018,0.373133840442549,0.528363175256734,0.407812938903376,1,0.189277195025096,0.396821616487975,0.758453833642736,0.205286870047983,0.777328348583283,0.198639244529235,0.787215597136366,0.154513521006567,0.713431734395023,0.219257505957612,0.970737199240632,0.219997073505335
1.69117792070916,0.370628396981544,1.00825301210933,0.534961735354836,0.129806823952364,0.532177368221177,1,0.463501714638013,0.499757749623535,0.548964394250197,0.239196831771171,0.600791606768899,0.259221524879981,0.996711371129896,0.236593852443871,1.013021883909,0.309269382073643,0.277377064177984,0.385905037722494
1.41833863202895,0.208611485598587,0.732277079518884,0.261002283540866,0.534416489892203,0.405073061022577,1,0.306379194996861,0.41855766964826,0.582234754433849,0.152543070528036,0.572833428745205,0.205636892173382,0.547175144826238,0.215854002612512,0.895501376784674,0.2284211847298,0.289431127363415,0.277086137186336
2.24305384186859,0.471047348789214,1.86549031391609,0.803578274198933,-0.349337177355536,0.359448148911158,1,0.507160393089501,0.530011880925141,0.747618064636287,0.271560338310334,1.08234950879523,0.175238529938276,1.00300913476844,0.296944506348538,0.811768103727572,0.287025408652174,0.550953994271474,0.307449496701042
1.89125236616524,0.432567635807613,2.01368089362621,0.879229886384579,-0.335160126709697,0.301290857818174,1,0.00300158669739181,0.514392760747611,0.745942099191674,0.322396269685615,0.946236561833298,0.19200026400464,0.824152026916547,0.263336427888913,0.826512994728758,0.23811592585965,1.14691711335161,0.274501846954547
1.37292174447498,0.240461713114628,0.727453540227002,0.292728256064574,0.727472925943131,0.274845530773024,1,-0.341273272082833,0.50506728461987,0.744092221683708,0.180932133894387,0.514404113940998,0.196624787881991,0.679074143520585,0.155969922068519,0.594806011934359,0.233264097117103,0.445697063261348,0.268065979604846
1.56929633774,0.232506175820809,0.768356336288489,0.283131488451608,0.595280613914407,0.336845573497645,1,0.453394663136837,0.620400082901909,0.721292505067134,0.216787073699166,0.36034050806961,0.216333156003388,0.393454616336824,0.214372345582159,0.826079142589349,0.252247219117565,0.459544774467315,0.29426391622313
1.64248382757191,0.24445511180931,1.02063533940924,0.348924759677068,0.317365929634663,0.478423377928826,1,0.297546177057949,0.385431711181567,0.696978784785681,0.197891870753491,0.820751365380801,0.160981899263903,0.627991909420932,0.209943483350162,0.534145890573178,0.278747312224616,0.265968867297332,0.268928079273805
2.08839325052418,0.396639848876424,0.923463647106188,0.44721353058885,-0.17979519783178,0.341237691203865,1,1.13698062821912,0.587409485954865,0.453204993746267,0.300083682222892,0.674924930042608,0.265204046859726,0.528160602430845,0.232733468647843,0.735264942288619,0.267192457035043,0.926119127130299,0.290959796544188
1.98560452496766,0.329529353754233,1.49636314726402,0.531290500614778,0.238924441061003,0.550226595193615,1,0.429155636091318,0.490621292460203,0.865873053566381,0.190485255844845,0.911711720620187,0.235262903241571,0.911151199528209,0.199391230099724,0.583448876933681,0.261155505261806,1.04913740454069,0.20049657635291
1.68310657180078,0.331500480702733,1.02616230978381,0.433666567501177,-0.465902396209802,0.241111522033678,1,0.0339225957983128,0.49175635894217,0.722840702429106,0.260741264306044,0.715599715258429,0.224407770406974,0.767011045962344,0.207835881550494,0.798530042168899,0.243783984529894,0.739615241873932,0.303448342347754
1.55781774419772,0.230579778864942,1.18381616172366,0.393823194719826,-0.0656747111492754,0.346924996948499,1,0.329481981433581,0.435882865240327,0.666821170534277,0.217335553573686,0.653481731388015,0.195944507493142,0.914019054315657,0.181090699162518,0.664226395321884,0.206251534625286,0.550541183229688,0.256838506902043
2.08627546424871,0.300311039275706,1.274636425859,0.479748265965483,0.253074145204689,0.402202510482873,1,0.639137574325857,0.319329981793022,0.777889263671446,0.191596108473366,0.89559501973658,0.19060114544681,0.746412960177198,0.238540130609673,0.709421620639596,0.246596484129701,0.566771268102301,0.277266242643832
1.5718196121417,0.235166181729002,0.659538859212505,0.247612877298663,0.148807519801003,0.416544006121275,1,0.324576380128135,0.481569101778361,0.760422273964465,0.193615110852481,0.455034586636547,0.202960327031686,0.462384675123714,0.231972080050881,0.721618964704359,0.240935683088848,0.557730083105323,0.228028464277096
1.21526551076086,0.146542698933837,0.443213687501878,0.16793805700973,0.595596595278874,0.245374785017901,1,-0.449155472052168,0.418077751241182,0.588843421700442,0.214871385806343,0.614563546705485,0.160160914750822,0.331349825437747,0.178717601938013,0.165203733180094,0.262238722030972,0.581981743801639,0.207457104532705
2.3076438090095,0.451704778262322,1.52591993157695,0.607267053695198,-0.367593514814175,0.257777172380763,1,0.333884868006409,0.525766296528978,0.709524782968605,0.255786548738619,1.01014809484225,0.260139676265535,1.01655474753391,0.197361072493646,0.96130513176695,0.244180440394325,0.856096057680654,0.261773379365434
1.87196601413345,0.515882043912365,1.24269703003811,0.685454457943481,-0.340599402792781,0.316620787704883,1,-0.370775169277727,0.612392079000813,0.977235872725972,0.226397949558232,0.728277282255738,0.292003136327635,0.492309054255563,0.345095646047383,0.898236660304012,0.315037285345203,0.916741537463059,0.279113688631423
1.78924149204192,0.330699608580688,1.0838120363382,0.40282582346374,-0.0252805172492041,0.440573316796433,1,0.637419349623894,0.543753156250547,0.441448332463235,0.267729995724754,0.792224452479288,0.20890591745677,0.723419355512772,0.176724970244121,0.55624333847262,0.277246389740598,1.05918663181119,0.233731800727973
2.37033272166385,0.498708625941733,1.96865286698642,0.945465361660793,-0.423240075220282,0.281350266197767,1,-0.527510718890235,0.438271935274927,1.16661211658836,0.207238340580551,0.963754580862138,0.25416985510379,0.901996249830372,0.222857881339814,0.945534063842101,0.288168275491747,1.17412463979712,0.305159501740718
1.76107272307457,0.383306602711689,1.02480938891041,0.453286246678696,-0.332944747840142,0.283861186528045,1,-0.108325584459211,0.664215868961586,0.713884704866954,0.273079934310051,0.787476588086331,0.197079835680529,0.793825616891992,0.235771464283269,0.706533390878091,0.204619747974047,0.915071582294727,0.339635451857898
1.31786435540704,0.237726061486616,0.74098667727335,0.306941825312092,-0.168301562602828,0.341436448435834,1,-0.387866210735201,0.435685265184461,0.841115498517982,0.195834958196143,0.670781413706809,0.17644315902205,0.504699333181078,0.226234940004342,0.44470564892099,0.24263897396724,0.749756105596199,0.377306913829976
1.72254284534529,0.28328903911281,0.985468179172297,0.348333215677512,-0.204559901105804,0.335579504186809,1,0.669321188089399,0.377948484680725,0.523933899895239,0.199163578382813,1.0577874587461,0.169953559764005,0.732746732957197,0.249003704625261,0.804312579070402,0.205703606464911,0.641018257790962,0.289624409485505
1.82709638562697,0.239223075230474,0.784263186601094,0.282468685760048,0.475026436571086,0.483252932922252,1,0.576806630481147,0.443365157434932,0.632217965292717,0.219511901739646,0.745327899733827,0.174132264210187,0.835595323399129,0.219260554041965,0.819418950716591,0.169166663285072,0.753493109996677,0.246059454924222
2.75480374759636,0.601466843340385,2.16626152821573,1.01337466835973,-0.38596189420148,0.257279421561112,1,0.115763347432755,0.510789027170619,1.18125624683299,0.254552116042664,1.04975181078574,0.232354446949564,0.907304452444721,0.206539327585051,0.858152367116269,0.330617886547286,1.04185601137938,0.305253914726208
1.77428114394333,0.282836805582362,1.40598787570041,0.526326812686842,0.233286111865401,0.539758925279967,1,0.00494960868434929,0.386420849650885,0.70362814817214,0.215606170601527,1.08270075844587,0.163175848781879,0.637123157897887,0.197416831300983,0.455931500364968,0.250669318850412,0.700423840169999,0.238117852996214
1.56714070424076,0.292268620470891,0.885066057437902,0.325965322648024,0.0631135759752151,0.477378384177823,1,0.0999120100398116,0.430183081151193,0.660917142002718,0.194961943471175,0.738653897790657,0.200564343491541,0.769214470919227,0.193888733398863,0.833608790041103,0.229598334592886,0.606466755943055,0.265223915188306
2.10076787326851,0.40430758738956,1.50711763645424,0.547563365293463,-0.0555973345588684,0.578235683791465,1,-0.164818097752166,0.520591849845613,0.813074484807079,0.237291690911521,1.07254552796635,0.193991250337271,0.663158231998153,0.220610852901005,0.865463843099678,0.194260337892084,1.0491486610644,0.311176117729016
1.89216950657142,0.292056420889192,1.02205048570722,0.418511523260501,0.445778273213567,0.443794918089264,1,-0.314131001585886,0.448389370403512,0.845368825355658,0.165030396012523,0.680334085143366,0.157535842176301,0.64171274479874,0.243894576219144,0.862747636362043,0.199637031126527,0.754118069969006,0.232096738538232
1.67177171036363,0.312517198616311,1.15048555790018,0.459785094175175,0.0717928452171226,0.607216438350523,1,-0.0319207505240678,0.450561849152329,0.808252793960814,0.225129442219088,0.696789892441748,0.184356397348526,0.646286190289511,0.331966097695454,0.74211970606217,0.25518166857068,0.757986050996278,0.305867819651871
1.63525630880587,0.309642394609476,1.18706657926262,0.423914054563551,-0.0944411129643674,0.407054863709604,1,0.120929565175844,0.392491697049879,0.913586639164531,0.183768986029942,0.808610054183423,0.220207124949772,0.840260471491749,0.266757585668555,0.578781634730633,0.371174371435497,1.0041085331124,0.266172434001658
1.87875135270627,0.318228490596991,1.28020763611767,0.467612096591213,0.213444745680811,0.487729513425672,1,0.540716403784807,0.452106194068806,0.782263798140455,0.219621629362458,0.794289671881794,0.202138838748774,1.07019313350801,0.221843032706907,0.6545122316398,0.229141932930768,0.690137955559741,0.285780726113168
1.57088584143696,0.211511029861458,0.580275434908195,0.201552994675458,0.297001797688032,0.494810885275903,1,0.282914831007639,0.558923765752928,0.459752798543854,0.224878207840697,0.583882808158851,0.193167360227948,0.378926037903866,0.202947787553616,0.685553447663089,0.199781068889663,0.32043187211434,0.253419378413878
1.93235721947968,0.367477864080846,1.29501639424297,0.495685210734254,-0.218554948156341,0.357088757264596,1,0.135264951286607,0.537910628187783,0.902495052224855,0.253267416086373,0.42350599285676,0.220238135057806,0.696639315860846,0.249935592603631,1.01522163160657,0.217259512384406,1.01913245200154,0.233950744667681
1.6748627470643,0.254824198049068,0.809135713106517,0.277052827025081,-0.160369753728844,0.314987615485513,1,0.240018537195232,0.468926185545072,0.769453830087385,0.180171200811835,0.466714291854171,0.190584889485857,0.59029421778019,0.225704453295968,0.717579553259004,0.237275239731453,0.791033021764331,0.197818728166657
2.07048014465666,0.489746240884329,1.48517371667233,0.756294226937432,-0.354828017765729,0.263434172244976,1,-0.384327176567026,0.50733370696168,1.09099822348957,0.192615589693596,0.7843807189153,0.273539512663225,1.07837279560881,0.267476158758578,0.992856351123225,0.231688960964169,0.532829645718337,0.303608538235462
1.30091937159304,0.239114540400623,0.883783883589247,0.319813371775301,-0.0773394785648405,0.395343574295249,1,-0.176231919071038,0.48973325155971,0.457719034483414,0.259792319773802,0.732817728990893,0.204778229788436,0.562379665553071,0.194102422237509,0.759078088424608,0.203766235017171,0.62193824648032,0.238804946744705
1.58080711340763,0.232403157398887,0.906401517602103,0.34360581553136,0.222872087062384,0.286301343543437,1,-0.0741052375375395,0.461064321467558,0.471420715642993,0.221136331926994,0.876989421056055,0.192819609674106,0.732447025143907,0.168875680671185,0.533254964479071,0.241661665728823,0.608369071247949,0.183292930873009
1.47114676917,0.267842083487837,0.706782381603144,0.242813351392184,0.0979113534737569,0.45929785530586,1,-0.103956453170774,0.517833759923716,0.383654604872273,0.276882215775288,0.837371594456473,0.200636365527295,0.764296037777285,0.218924308112925,0.551474007309829,0.201341127885865,0.684989722135208,0.211305953113539
1.61731623596781,0.261689742735563,0.930748616407998,0.337624836753713,-0.109547686502679,0.342704920379391,1,0.319992709188894,0.405765432445517,0.659266638436302,0.185011655849496,0.476774247045283,0.186999073593047,0.801403166096097,0.21589466012824,0.511423218211555,0.245097976829829,1.11400995636868,0.220068943658086
1.3063144649303,0.182575776324879,0.677651763667877,0.233652501730882,0.379660368369117,0.469764697882134,1,-0.811814249775521,0.465027748980333,0.767563158315204,0.191401757787109,0.537716171577121,0.159287598313894,0.511438244303722,0.180895349708592,0.654400861309822,0.164197662948402,0.366450882102708,0.245445534045575
1.74103340561817,0.287132314468988,0.980791890298679,0.375297532830343,0.662067108428275,0.240216753991409,1,0.227385476103347,0.59394448438716,0.767781701586355,0.173848142128756,0.892123358200187,0.247899033038588,0.886732821254462,0.169893401363009,0.435789941488166,0.218548021809895,0.989245098287421,0.259801344407957
1.57415954868463,0.232201257856609,1.26720485045949,0.389647377029799,-0.194626411918496,0.296282391504668,1,-0.0799201103003843,0.465411561013118,0.550403910025535,0.195358118895156,0.821383375628634,0.227812123806537,0.7959543360536,0.174225240727417,0.896769873819476,0.203020639212157,0.786675813485138,0.235378723522803
1.58375039710832,0.254249996841843,1.23020583388458,0.449203620113256,0.261928241074035,0.512187122434131,1,-0.255628814895091,0.40422567649123,0.76541557642311,0.184294291155599,0.523513795779946,0.209524803358902,0.773009303641399,0.216326167246926,0.388892078784767,0.255466977516749,0.426522518206686,0.241484180816717
1.49524900634028,0.206450361944263,0.921004793629928,0.29150566232713,0.253050403771964,0.477908460365958,1,-0.254839448062932,0.467406653533767,0.665147853713072,0.199550438207054,0.603627288085414,0.18246595962287,0.680571105638698,0.204692979064838,0.549173177601142,0.194821367704208,0.684223606772396,0.233091958614393
1.79780475523736,0.3395341817498,1.1724631127251,0.44994895712024,-0.376042687091793,0.259460998885964,1,-0.131089538730189,0.513394624498018,0.817600905625666,0.223902239491201,0.857717329791636,0.169722214209001,0.908092541532859,0.249632411190933,0.746498298429343,0.221902541062969,0.81973570948873,0.280304425377647
2.36474016360963,0.577683638606093,2.70202079865575,1.22440210816959,-0.366228617759956,0.31420888535542,1,0.0645244866188488,0.704703297798406,1.06022082622121,0.305065557913851,1.11061234241003,0.232454780754837,0.904112576176485,0.268853478057809,0.923155215508484,0.318480793628335,0.979450096571158,0.288566090707966
1.63029731242868,0.381662574498512,0.962756294005105,0.506645445825747,-0.101756808533849,0.524070315289927,1,-0.505907390397675,0.391718839276057,0.57315654874277,0.248803480623674,0.630769692439909,0.270205304735318,0.802894582777033,0.255376127098644,0.443338051137556,0.274129858204214,0.659464833019368,0.363219521445083
1.87360204128885,0.307627980543942,1.67694235153556,0.602007028205979,0.521227863716596,0.61551408611835,1,-0.440892249433281,0.597352469354558,0.656807556100089,0.175567255624486,1.042827663774,0.207721138485472,0.731725407373467,0.210164097829433,0.82615458147325,0.236950681922291,0.892289224167627,0.259513922909159
2.22225255713279,0.448177028357238,2.15239734468281,0.828519487053864,-0.341885826809816,0.37119261199437,1,0.206952667597505,0.646613327609599,0.923913899769054,0.293258744596071,0.996839677471751,0.194508942041855,0.883577981928244,0.228299160983856,0.848683258044707,0.262392046163044,1.24908558387387,0.222681247371723
1.38727340586969,0.227738844756216,0.60896408139245,0.236307243152335,0.162160282658901,0.497634017424823,1,-0.0490167507690526,0.442341563078617,0.52722002362846,0.206632988067138,0.507864979967063,0.17054786574331,0.503481035829128,0.188019572678259,0.61273757020937,0.24227353408635,0.248900182727206,0.26232391588682
1.50037962974998,0.204115341496461,0.598221208641354,0.258718423144836,0.865208135611399,0.0974824777753098,1,0.255061247962115,0.612294620631448,0.837403458823238,0.159337752414455,0.257509172262671,0.193998156063597,0.687330884473778,0.196924222343399,0.621924202632829,0.163946005332091,0.545537574381887,0.219317755428145
1.92980265967375,0.305073503565811,0.954883195696874,0.373461982371875,0.0770688854689349,0.516935872159574,1,0.639866857931772,0.471996851826702,0.68395482198678,0.236765489594994,0.80716017877386,0.189046272981185,0.673365631458125,0.230691423690959,0.783382336694934,0.199631977361884,0.880197825053874,0.235000831830455
2.26889137990663,0.604938595164449,1.80735621451455,1.10039207576637,0.0264592172014981,0.635296272723238,1,0.423023997002429,0.584226414511718,0.950705824191702,0.325493973979657,0.763256092622571,0.301972926988749,1.02097393470953,0.314902737473176,0.795714681940564,0.256309737812567,0.764041520907297,0.385100549144693
1.75572031187188,0.331527983123418,0.983211872883937,0.381430416207061,-0.176430598540906,0.394756397990811,1,-0.420339879501629,0.422034795773309,1.01841165373915,0.210868146997859,0.565070007030096,0.220048354127395,0.831903243554914,0.224258607854163,0.830949010648061,0.210404829509646,0.841840890693403,0.321047077100284
1.81013397166599,0.373928304167731,1.20048043029367,0.517857836096121,-0.27931318646648,0.338976279117656,1,0.300085380452803,0.465791510896488,0.643363384425843,0.25192094855753,0.904004728494676,0.222918576637152,0.612405353560157,0.252244375120151,0.796327079236896,0.23068164347604,0.880369147714374,0.21679120362436
1.54466069356004,0.266661160278907,0.883822462186361,0.322465199228591,0.513708280991145,0.478796303886957,1,0.184035959168639,0.598962750762504,0.440359132478878,0.231382035554186,0.481596190200193,0.183733373565502,0.5858336617863,0.183491777078687,0.671817648598382,0.198376228959152,0.392993881315484,0.324425227795077
1.73769554121272,0.213201049368941,1.01778577478925,0.35771071494381,0.81891714632022,0.16855023070491,1,0.0231849848853567,0.51522904111165,0.746146933991815,0.183569529179189,0.725354288647393,0.183409310597289,0.675107846621816,0.184069998956123,0.915880626086329,0.194739317134162,0.642754020128476,0.204686290009151
1.71056967039708,0.247348677574751,1.00230771858887,0.338978531938832,0.221542518453744,0.403811264975337,1,0.321594716898489,0.35900690226156,0.457577399215789,0.196299475562059,0.804076061538843,0.148670098965622,0.506332410348646,0.259904268889776,0.882806687946215,0.166295156930686,0.808334269060857,0.234768976475635
1.82792033602041,0.403763240859642,0.973349082091067,0.44250284989547,-0.192733865098975,0.315381140151081,1,0.22606959539536,0.411368814512841,0.851064053085823,0.284627543932801,0.797269284394755,0.204231460152395,0.752914290146028,0.240119316348835,0.953173370420377,0.213953860533196,0.677628663470953,0.314855861786796
1.3440517076965,0.224551982679168,0.748282757065372,0.236904012636656,-0.0418857999529123,0.362475733368535,1,-0.0289861571729089,0.442814040656563,0.577680619722537,0.200319042609651,0.206764107419239,0.20188155288729,0.567188388771166,0.19618873173454,0.75151112855743,0.192180040572888,0.699866441185626,0.209397722663623
2.79659687888629,0.789748173098013,1.73092214064186,1.15209637634407,-0.543219702098586,0.258865553941632,1,1.3871282168154,0.632183398192421,0.939957409803691,0.27189570182154,1.30445317944578,0.2880319717511,0.820905140510505,0.288607025289227,0.841900865012725,0.409577688264327,1.17796576760611,0.374275496402732
1.79818308915746,0.345309162775891,1.07760656866001,0.476488070817392,-0.400202875381911,0.289672684293844,1,0.422848038776351,0.483968623339089,0.633175171038235,0.226345946042096,0.586750389380852,0.238371574963169,1.03201966383312,0.228136390923234,0.668066579920684,0.302774278926171,0.96949249211056,0.25335982254322
1.91361135050357,0.447777549581877,1.59245832932513,0.810990691492073,-0.325101953626272,0.394664161700351,1,-0.806456483094085,0.620490476978087,1.13579937329648,0.254716346251945,0.845451431060645,0.233100775440218,0.86604137086574,0.304779695039231,0.648042646481258,0.314459623361401,0.666723048080801,0.292941879606049
1.45026750596771,0.298973973926827,0.890608185486558,0.342921688428045,0.257882383573088,0.543817672255347,1,0.0175859145733309,0.673322521808244,0.408510706342714,0.244802800976249,0.57613578823886,0.270419213367041,0.43245149768178,0.248940677969092,0.807249238576962,0.271009604416677,0.147319068493533,0.269648798981883
1.74388896752779,0.286178068924511,1.07781600891463,0.417507285786328,0.183980924372882,0.546452254380013,1,-0.0781973061122315,0.617971351821754,1.02143813724858,0.248189419770754,0.48864037972591,0.194315082565845,0.891583836577501,0.194441628948814,0.550026356002999,0.201901173289048,0.787267121567629,0.222016145965916
1.44791574408076,0.218506486596635,0.985783485240045,0.294046648320148,0.0224156108950572,0.315792065657338,1,0.40726032104035,0.338402379012194,0.633573002911434,0.157331527039173,0.670399873931099,0.177890974605502,0.52660691116245,0.219216585845077,1.05216867351447,0.220330335329931,0.224639342704279,0.294645820403574
1.46805802446013,0.200769447837995,0.921322097369418,0.263639541451569,0.203904992378914,0.432067216091899,1,-0.808926209981596,0.445710930204606,0.831362169437983,0.172333305936217,0.7469440424216,0.191290078604729,0.509034575018784,0.188669751408138,0.687625779078844,0.171162329264312,0.643892999541347,0.246103762655323
1.22463473568445,0.280809106126789,0.931406701508225,0.395911374051287,-0.140708411276285,0.35222399968708,1,-0.594467035478985,0.508199251891234,0.566849830413894,0.215145425568529,0.773806644619754,0.256263225434347,0.732276286005047,0.226713944427685,0.730635790895267,0.226188427928131,0.250612656406183,0.384429711761355
1.93615861282324,0.371216873558118,1.77606186664842,0.640172307139078,-0.271941072174088,0.338868476772906,1,0.223936225563142,0.608638089284744,0.869311747632066,0.21457456646707,0.521019574804067,0.240993235251742,0.981586467873512,0.178609794763722,0.804461721507804,0.246793255938156,0.562259101085451,0.28489477536221
2.28662429672011,0.538606021429698,2.16490350280129,0.997650445682256,-0.566036571507995,0.216974797884791,1,0.346494417292326,0.445811886785235,0.980963739283408,0.244807297554223,0.826849358899334,0.272628321385766,1.18891819955207,0.2602982844335,0.979500808974535,0.313060550978095,0.953092982912516,0.307099865888223
1.35276760993472,0.169853541444689,0.686233882904674,0.205897439721673,0.334165051881831,0.363658862411281,1,-0.380504655224591,0.335383837209553,0.90759519940708,0.127256878073416,0.480408176874213,0.171317616410508,0.522055330681038,0.188947602479839,0.527502840287774,0.16801624217392,0.920461766022299,0.233046349519099
1.63235826839202,0.340944191496179,0.91222073801219,0.368163490817045,-0.20559074932568,0.398954260956065,1,0.61330523177461,0.407490354501272,0.769588367268974,0.221782587732262,0.577353526561675,0.235638308318694,0.620451592942683,0.244501778010573,0.652825561945323,0.29410915231635,0.580198314710962,0.26982318867702
1.4797237917365,0.186406235040551,0.600445617401287,0.232786307008256,0.857945046903174,0.0839869782066553,1,-0.214326563162268,0.649858991026725,0.663685045769671,0.220383935101863,0.563721603747786,0.16607809940491,0.69213600917513,0.160208338733701,0.659028364678325,0.166724724986986,0.38060701035694,0.219536809808132
2.01221808637372,0.445959638067087,1.42554898073514,0.572035982851765,-0.0739693711016437,0.506620509267721,1,-0.00725978247230071,0.657800533482576,1.02217496444052,0.29375513253488,1.03047282317906,0.188979579336179,0.565511775052175,0.231709243190815,0.894581117899312,0.208156032269617,1.28682876236554,0.263919030085874
1.6599013428547,0.287238168546379,1.24461797748422,0.400860799996611,-0.161731663731014,0.351108950367625,1,-0.197561947542838,0.614819647702659,0.596449577488313,0.186695048112834,0.716530989363204,0.193868862863736,0.688302989475231,0.198255692648187,0.65490024826769,0.248183382155636,0.591701367649934,0.268058343653285
1.76200152335419,0.320889558096214,1.52333004402525,0.626249119575535,-0.260209247962995,0.279290352453002,1,-0.229943040857303,0.620993364931254,0.651865937659533,0.287006437521519,1.07521851858372,0.201339742164717,0.85065642647759,0.231431101442059,0.838175412398928,0.280733159045262,1.06665494805743,0.248565755001046
1.56439100427256,0.179148232639505,0.554527411822629,0.226330620559442,0.86078225284652,0.0746139314123959,1,0.244717067367277,0.443794337585364,0.594424824009798,0.155191066189489,0.6610038484973,0.127293130424153,0.724700907314939,0.167660223488254,0.63293256240318,0.241551056245152,0.725577945129715,0.192910953561249
1.66487727912592,0.243539044908736,1.21541130641616,0.417069456807548,0.33907523108444,0.695586653136897,1,-0.457839385113141,0.456497814797335,1.01011312605645,0.166129529127662,0.603806627487981,0.184571258443889,0.675561729560304,0.206295935568881,0.906449462655609,0.257012065006975,0.710479526951668,0.277018994337765
1.76160131731334,0.266421949067772,0.592403241398684,0.217056189878785,0.229640543400548,0.426229032702762,1,0.577256574351405,0.365975836673363,0.49404640697987,0.191669588515063,0.359622989090537,0.20375547945561,0.817902913398369,0.162085952650869,0.568222439798219,0.249335582218678,0.209878056918088,0.28588261128393
2.27366833367963,0.422797164215981,1.38542385242322,0.493069543082208,-0.398566268427497,0.250944983741296,1,0.670655862299748,0.63173041545286,1.10154087431627,0.278754728314058,1.10126482020607,0.202182464807719,0.623466045122069,0.268165619599797,1.18317996732033,0.220571473238788,0.732193859316349,0.319284703312249
1.83864810450131,0.344959978332603,1.33934611569827,0.504071076692946,-0.208624572546518,0.325098537922076,1,-0.155040945602654,0.505701874192642,0.855931935815326,0.265441021334899,0.788064666137529,0.235261993110189,0.856520159630382,0.173091667222739,0.632606472961807,0.254439013219125,0.923780333415041,0.294895631311479
1.40866691133765,0.307511319443585,0.828695359959292,0.375423875362985,-0.303135505948436,0.331803224630591,1,-0.466691431552694,0.426622668250586,0.69467647812732,0.231967631913157,0.609269635789379,0.25575643123563,0.91508134131061,0.210163747277261,0.514125689407345,0.288971422551413,0.626218502966627,0.332798446559979
1.34946516271067,0.212391771656215,0.740707674736718,0.306010269291209,0.453629979554427,0.447054302525567,1,-0.322470289059144,0.434610651782675,0.66693999239064,0.144791708240113,0.436385240104153,0.160021659107051,0.557191862134164,0.230871452884265,0.616747137703313,0.220843162362579,1.00424924286825,0.280416629660352
1.74253882553239,0.252678265720285,0.800979991017331,0.269049974057336,0.0863912307724106,0.475013686729107,1,0.613833079596777,0.396461163435715,0.438132918078493,0.231388281016056,0.858846190511037,0.15369978341105,0.503135708345389,0.22073365939648,0.389518842664857,0.228366850280985,0.500531203084238,0.246520935173213
2.15251569231486,0.402182512135633,1.29475507843588,0.530800634799285,-0.159002001799333,0.38625330366944,1,1.30406527186291,0.513660403279492,0.641573675378089,0.234911164717723,0.71002215741193,0.22306958735324,0.492760752844507,0.273077152088956,0.867779107344394,0.203101720939192,0.865354592858443,0.251123015098501
1.94722576715729,0.406808121186551,1.31106094263268,0.650421436730949,-0.449190364663535,0.266141268449918,1,-1.39345499877204,0.746522055150651,1.12395054330243,0.248890924552167,1.06143529735666,0.23729655133252,0.932179461027808,0.223435802022097,1.02801156683149,0.25351109583565,0.996357963810526,0.288200644432743
1.83282882989297,0.345664552719556,1.10541219017431,0.441663531658835,-0.0712003358164488,0.399562818625242,1,0.741594537389425,0.391872835077697,0.639777105845843,0.21653629049214,0.979881192538786,0.212771405615218,0.833243945124687,0.185031565298223,0.518957066136754,0.34271971600658,0.759691262720679,0.256012989574406
1.63548993964981,0.295109230703541,1.06957579572108,0.416128391315984,0.113898072168272,0.527435479288866,1,-0.113263033211189,0.417707395905422,0.525958732162146,0.22188076451889,0.910485128511328,0.202971344318086,0.109140492867264,0.26968934645883,0.868019084074892,0.19441121972239,0.979952049442072,0.219170038708745
1.64713632980135,0.256344621041551,0.581994259021023,0.207760666760195,0.200653946745671,0.405239186318481,1,0.179877748320459,0.456827836114657,0.46428685010967,0.170172616153057,0.639168400405315,0.19306675110733,0.90423801998174,0.169716665159186,0.376055628396575,0.270560344202549,0.464843928567549,0.28306027356835
1.75807221916408,0.346631301617422,1.22720859573301,0.492756318517703,-0.0826789263426339,0.437281027003428,1,0.347263652347506,0.387254558113113,0.766601987823669,0.242739549687787,0.509405590065475,0.2501026874642,0.861236217983304,0.232261113373926,1.18575858348728,0.190073918177085,0.815239621074364,0.250094273618302
1.72839860376614,0.27855660419344,1.24157834114106,0.41598047079271,0.145654022896255,0.512281443950123,1,-0.255578010425994,0.426812229689597,0.929373135738725,0.175640971203381,0.775671074359376,0.180322568960475,0.768814919191059,0.235011940086656,0.779219104170329,0.231764872446402,0.706862862790288,0.266176043261143
2.11979194740603,0.407980172564581,1.64707372675139,0.706410373310653,-0.1291841587446,0.386229366494858,1,0.505428421153088,0.581436906129684,0.886340456777089,0.24058942818665,0.806774147107097,0.217205547022766,0.932239161805463,0.249542699913682,0.919647619473822,0.273065119394556,1.30509987179558,0.301103624328736
1.58866463052992,0.30174294492061,0.643120058559397,0.25313926290146,-0.0491863047793343,0.422471969679578,1,-0.0858816209810711,0.454596002427944,0.721957120796147,0.206293402824837,0.868524850503337,0.181849069582466,0.395535904494216,0.234890472072865,0.540721165115959,0.240519351805132,0.915013657972292,0.231060252703699
1.50644350622119,0.278361577291956,0.983531736478145,0.408610637395206,0.0263279850401572,0.424168352058161,1,0.124658849153174,0.463700208352592,0.538366213014581,0.180912264550313,0.625848239260635,0.21143903945339,0.856981763110835,0.215704599038988,0.606826938191099,0.25096249570465,0.789448595521781,0.247283963479872
1.43623614976529,0.329673882478377,1.4303692012743,0.594215694328631,-0.220876153269941,0.351646702406913,1,-0.496118604731094,0.447738592088694,0.965630109180361,0.211049733788202,0.715100585652683,0.206978303710914,0.710191464614746,0.229630406339365,0.872048700397865,0.338370239871073,0.725217170088608,0.299270737296899
2.19657001841247,0.464041285672625,1.50288810009471,0.711905106474355,-0.368147375561543,0.328060135706988,1,0.840872787452077,0.546519700538228,0.898399614793646,0.209693379490694,0.919365360106697,0.220267588674588,1.12459570154423,0.25110301843979,1.03520342059569,0.292770596200429,0.762895750238999,0.307017552261449
1.53182571117104,0.293632368887905,0.956761892592956,0.429908447211381,-0.281881719888105,0.335143844204426,1,-0.325633397316405,0.421713759227418,0.895438967317052,0.248074926493397,0.90573889509016,0.216080758817464,0.729185591421556,0.249757627127872,0.856277855848211,0.240264104804862,0.856171972303368,0.348357694775239
1.68759047756013,0.250945010549767,0.796599268306442,0.312773124094615,0.535873875621637,0.457787581936754,1,0.0983320694180142,0.508122147484215,0.912735909158193,0.182760786456248,0.696120660894104,0.168669886825958,0.509574105373241,0.196010457335817,0.601123016090694,0.19476532241834,0.843768865877654,0.221949794188249
1.49756226515108,0.215969084507343,0.600418341673576,0.206239855550793,0.366190916911791,0.367741406319809,1,0.180874866328625,0.477105208121037,0.294226317752186,0.249385988027687,0.676159749610532,0.176521584627354,0.534334422433646,0.181897083382614,0.585563671778964,0.202284469052813,0.93781981988479,0.244192824166266
1.81694697510275,0.427594917900784,1.30271289266957,0.647353785921559,0.184100348036222,0.532202965118081,1,0.659131629332505,0.696094232558334,0.519260980394125,0.298263319466466,0.946871244881469,0.214489383514817,0.967666992026901,0.251730077462534,0.423243552470903,0.303857903168498,0.702903752028539,0.287306509410683
1.54980720310306,0.267553472468259,1.02504055672807,0.401378139938118,0.0558723639835872,0.410615347099865,1,-0.590741620619696,0.467399394706338,0.998703036104739,0.192641852749692,0.664381767276452,0.171842204226742,0.882524263974849,0.169158524480485,0.726177115597345,0.266532962823372,0.856061480555937,0.234330741300712
2.09656013081427,0.457061573714589,2.26684849810656,0.929287711977714,-0.37938702262552,0.295283342190703,1,0.354291495117556,0.540154737325561,0.722709108818795,0.260487271594214,0.829534077755411,0.262601134578133,1.21892038135155,0.255848354999655,1.15281371677709,0.245422309351688,0.885278215282547,0.247984856839202
1.51616321684274,0.273072514810357,1.10019103463316,0.399166243042253,-0.236445722046809,0.327864568610234,1,-0.512859994732148,0.503832209555523,0.634687888017396,0.216931773115128,0.854821851008736,0.196122499285299,0.771812728070846,0.243483199079887,0.664637858134859,0.256998064404666,0.846124031290876,0.257554429855413
1.94092062973076,0.386654591877802,1.31891212461949,0.528358425710153,-0.287095228701232,0.358456997156792,1,0.293378745383242,0.409650427935052,0.628918490250395,0.273852876085927,0.881713488228499,0.208240765625691,0.77273124288717,0.267194929016683,0.779087302261961,0.236761600101959,1.29572259500823,0.256915248099179
1.77356332287293,0.236645288318248,0.88365327555915,0.30144050023415,0.164732513844243,0.324249930870023,1,0.140471692536172,0.418188337850921,0.773762263707151,0.187861151001125,0.851335113687762,0.185447971151494,0.555504421900577,0.223985267773933,0.315506562252814,0.249329032418244,0.771527090006392,0.139498869395699
1.5481811429531,0.219816926468372,0.632444969539346,0.222265082157974,0.131881324793737,0.393408853915843,1,0.445768172296579,0.371297526544719,0.466194870837688,0.200362273250408,0.810801024370482,0.155881360395268,0.4804951718926,0.176203099556773,0.85021071794041,0.243310590955226,0.75216268100518,0.270113148379439
1.77454038138923,0.351051795136419,1.08952814485687,0.454074150444928,-0.214191254500007,0.383145152887933,1,0.122341533772856,0.398391587844961,0.896229676880951,0.202881657657297,0.74385733202083,0.228144734296485,0.763911390608773,0.211172082135341,0.945562696725839,0.258781745820375,0.632089991442754,0.31466202462471
1.5984901039039,0.192212056358767,0.80703610738198,0.225083507831875,0.478280687892044,0.366639684559664,1,0.210341453303166,0.380922719143465,0.512097493353882,0.226629423276652,0.87050574643401,0.149564559431025,1.03284510854071,0.155883376218802,0.684960795070283,0.174359278934293,0.740950877027241,0.304539160137515
1.79355521459108,0.270952433918815,1.04498427782082,0.39224499820626,0.211947388280513,0.4561674325919,1,-0.066128866100085,0.499423414578001,0.895039833729155,0.21176017942322,0.386360261323867,0.244421392520091,0.893205579432553,0.206309785738859,0.953867732971979,0.226576180585844,0.849275536932413,0.283163020873257
1.42004107282733,0.267827646255399,0.783639378973623,0.274930817984777,0.0812130739508403,0.520480109428827,1,-0.418456253406313,0.727064631445118,0.604477171180683,0.258590818130051,0.537752932069281,0.211591342606237,0.831995813909438,0.168617587269338,0.57320868859801,0.219413967782981,0.66229597722653,0.265474832338856
1.50680498067756,0.262478794616443,0.724280898574967,0.262337719603307,0.130395836506279,0.501756431980763,1,0.327310293585794,0.422739810939376,0.525103588154591,0.252977332593418,0.751576907794714,0.183147519853302,0.585225734039493,0.209936088622753,0.599278715421668,0.249861301367856,0.502965532025767,0.294611452660488
1.49532933040892,0.317888671032495,1.17834058412629,0.50749526975341,-0.182530086153506,0.330275603174407,1,-0.126544100805132,0.396570055145139,0.685601573859389,0.226873301054874,0.689674350471881,0.301156679951423,0.741359819019068,0.231913220930951,0.737846536051911,0.239685390483846,0.69139311431595,0.319823085059656
1.91909921551589,0.398680969901926,1.25790422127321,0.544273699803245,-0.391187256806024,0.242609334795566,1,0.303605606682831,0.592012488879317,0.919790113728098,0.191560283014555,0.718400229959834,0.250855250905356,0.809698197885744,0.247696005141703,0.60245878109127,0.295017188839125,0.854180292325262,0.27326068150521
1.43239488081713,0.234979798480261,0.853064626599955,0.295016917875104,0.58879055050061,0.286512024519947,1,-0.417441233917759,0.420354118342769,0.890784158375035,0.159215664518039,0.726947216672396,0.216323298249877,0.511395734680062,0.201458706211194,0.724596464121236,0.196743498744164,0.0079789109723578,0.333030403664811
1.55421970840338,0.252706192715976,0.823700349494658,0.307423471275498,-0.0920120166978966,0.355544024250207,1,0.224693181698074,0.403834395202898,0.580637481957843,0.210092198231622,0.843348095517647,0.175555024874951,0.701082661105238,0.209596415812066,0.509085886974271,0.242787987307231,0.224927873352669,0.36252694208515
1.72559719302227,0.25094829185674,1.14951012778215,0.393908943676187,-0.0985788336816437,0.312470553890674,1,0.296948888483909,0.355301085985766,0.901844199578339,0.177472187877587,0.441082360214462,0.248573824274489,0.882226417645405,0.201390274718823,0.805312709064939,0.273844149709847,0.95856980580513,0.307742118261579
1.99402233828768,0.367956470895844,0.955444597182833,0.35928944436675,0.0165875740874609,0.413552903904198,1,0.129762613562954,0.610577927282005,0.974288702923349,0.237516088423697,0.523705958957611,0.21748875303059,0.586097098314871,0.242078119489266,1.01039023092449,0.195636054765143,0.840876987203305,0.237975800230399
1.64682956487579,0.347037156384547,0.989727523431313,0.487077413705254,0.109000513764834,0.523829030184255,1,0.0122025467492385,0.501566981107954,0.751245227634854,0.205209294038629,0.669673361995053,0.191532321646345,0.379699801969602,0.291039546662319,0.778496144616883,0.231868062478304,0.68167729231491,0.312602667386028
1.617406143316,0.190106411435138,0.984558612948856,0.339350307892948,0.328762176981379,0.52307650977102,1,-0.105398043813047,0.398685224371717,0.542531102826513,0.18916091538779,0.553123484900507,0.181493642458675,0.946489709616315,0.138167271818366,0.741087891916843,0.220583131406755,0.810431764563268,0.237498176551863
1.44661984776922,0.245522755281694,0.664341997969488,0.222146031908428,-0.0249192135071838,0.292738430024871,1,-0.296881861464339,0.52879374450721,0.804389895054768,0.22504543400828,0.490252983565524,0.163804448951724,0.728868014826225,0.22056134949965,0.802351743919164,0.194392878947453,0.509857991300251,0.244032521558374
1.93045674684136,0.325303733985518,1.28221857799046,0.488547720244208,-0.189633663008628,0.316848247656983,1,0.299454289093711,0.474814028246494,0.785003848865219,0.171383870875414,0.935019084667317,0.188500613040554,0.780491122921619,0.199163082379714,0.860888096619516,0.307101610929057,0.72046676974506,0.345956824462144
1.34170082961978,0.165856733349684,0.530430519613077,0.178465252881175,0.701510244705578,0.169361398402523,1,-0.0173965758520197,0.405243806378897,0.577289603543638,0.185294665693333,0.661649347969501,0.166834473705272,0.44941786485558,0.172354356268619,0.6340734106934,0.218280859895882,0.305700501467178,0.266780275181738
1.7481244385835,0.279340847482365,0.776252645042033,0.31038786899362,0.42520804507712,0.448543637131819,1,-0.00597740459149756,0.438024744739606,0.494895704882878,0.220571382066418,0.643253561439649,0.182142519699929,0.921479057007786,0.151041423425437,0.736606600669368,0.256613833430757,0.614681746890101,0.224724346693562
1.74147468375374,0.380806454307176,1.03539437960404,0.443581137835351,-0.117299061516843,0.456263815196525,1,0.0210341192113119,0.475742172832155,0.782236273159528,0.24817830692831,0.528437511262117,0.254869075127783,0.946578363437754,0.262675164668057,0.981399699941761,0.2433459659648,0.60545436146828,0.291671529272405
1.49178030984564,0.329823551780703,0.985478360624824,0.412854930666709,0.112492646429104,0.546726559455959,1,0.411846004374431,0.586251677601217,0.362004469818623,0.276650459262725,0.581890278423542,0.254581339873858,0.656324996117242,0.207534546294611,0.765069436252545,0.288343221618327,0.159553649171611,0.325070925697247
1.5564669965047,0.304214534174945,0.835596077314483,0.378440679714091,0.0148137455603703,0.48849774959708,1,0.0149663490640148,0.490980940197221,0.703222717775274,0.219614254968271,0.571625738209318,0.231653123908963,0.655568976078798,0.227005740860226,0.549734129650962,0.305512226385569,0.691794970250284,0.22581882543654
1.5537598647807,0.270655507767533,1.26033892065787,0.434699622687346,0.355617099820552,0.519333162693978,1,0.0694641074813337,0.490839897416949,0.715567926958834,0.194751448967366,0.760992062521643,0.191766907054928,0.658591763791414,0.267260668431888,0.535735083604571,0.274147623952421,0.683213681887002,0.247771207613925
1.68671216800394,0.326803102953184,1.1028286115765,0.470634800617109,0.424008420323029,0.512919837815858,1,-0.537234330251131,0.557260773584086,1.01067231826243,0.210863351689857,0.635485458560951,0.220719460108272,0.870435567308518,0.228655868966091,0.557938115162507,0.260608266436683,0.805491367316367,0.264580960939032
1.85826534502711,0.360987870020596,1.07735421220534,0.434856521514543,-0.0265047870777467,0.542420209495381,1,0.431399637329412,0.636332386306345,0.850477131245264,0.235624474757581,0.742676397747922,0.212746937846852,0.535289468182386,0.259102892179996,0.9879392525176,0.265751522370634,0.0838218055789946,0.429826884323752
1.810147750495,0.178433373887597,1.0970077130434,0.253989510295629,0.534425330871555,0.30561220990696,1,0.524846451760517,0.362978451332142,1.12740286443074,0.111528084211283,0.201760411069191,0.253083140680606,0.846406071698926,0.16233047388006,0.703043885943264,0.215066339088865,0.641489667805739,0.204813835970046
1.5481330316277,0.269167956949393,1.05924827793783,0.380790816511236,-0.144260013594779,0.347477683045469,1,-0.0324505690654801,0.441573647471941,0.29750868877359,0.296126699718529,0.801530020418939,0.156540185318068,0.744476531303156,0.216722932239817,0.44496670708949,0.239245650626342,0.814799371909952,0.263145672686529
1.75571663221489,0.339793874826485,1.31229548958009,0.50779986380182,-0.0993575589200817,0.401810093289227,1,-0.995086271984906,0.439380487160627,1.26002576128027,0.204805015916056,0.608594962963915,0.207831371896565,0.802409226837727,0.228196507860274,0.884811373666317,0.217605379730694,1.04908922931505,0.27933537677859
1.27788620053721,0.202871048547403,0.892928705446505,0.259273566700471,0.0660675704521706,0.375112229361191,1,-0.715314624119315,0.53770322232831,0.517797973270414,0.231263861906184,0.836980156804364,0.141542081932067,0.431738433516657,0.224286861629936,0.496885219100908,0.202486435846173,0.726527531338215,0.237941735622278
1.1484288944184,0.191597122255567,0.454255858374785,0.185867506732734,0.259047210271224,0.36818423481826,1,-0.56911790025568,0.409867705869327,0.652979108801971,0.159615348210087,0.627849736233423,0.160639236962219,0.279336801240783,0.22481866665546,0.0623623186032744,0.235284654012904,0.259454370075792,0.229755295666465
2.02004353224918,0.479518947698836,2.16059156263232,1.00475215929506,-0.434298525559701,0.279350181985251,1,-0.542239808682136,0.46788427446445,1.01390399537501,0.244365877843817,1.08034435825659,0.252117001622437,0.946101349541633,0.281155699199406,0.894152598025366,0.316970051843787,0.869647704399893,0.281265451701861
1.34024146405953,0.184617032498223,1.10714279098794,0.365450214367806,0.13000563073184,0.512095527940463,1,-0.946627906178029,0.743272172800016,0.918510812881565,0.271858077487546,0.733089901307072,0.167044525315803,0.569448904962717,0.195529816607125,0.981975742591756,0.179101144572218,0.530171707820469,0.356855055821401
1.5230064063395,0.221107410137925,0.75457763149971,0.252789189278717,0.499015210863304,0.376644940845778,1,0.0616305601455064,0.579635290359162,0.698072443427246,0.19104869655866,0.739307504860537,0.170972198798803,0.418068514569436,0.258301136627621,0.695038486720717,0.19641996915067,0.780604167140912,0.17473936637719
1.28527385313798,0.259978938908551,0.6939475803832,0.320816978314805,0.32342779074329,0.503056237607649,1,0.0759021524723543,0.451756464706138,0.642042063454014,0.183046780739562,0.673723307588741,0.216378694568924,0.505155934213408,0.28282850207092,0.108141632470353,0.250436509954519,0.664865512173988,0.220401799247751
1.39259106436655,0.290819017518085,1.00467810082091,0.390780310781708,-0.259321901142237,0.297165708864069,1,0.187538429549602,0.46949781285914,0.551107774980153,0.196037739838156,0.56474270898529,0.236815917614645,0.585067545643992,0.232023607222893,0.789737660631791,0.221523330719145,0.849699915395546,0.243601727829732
1.5614697184171,0.24702346703399,0.986889391073879,0.366997460765185,0.0653129570986374,0.370035895996748,1,-0.0064105389731789,0.304067771766623,0.500106580649514,0.213591078213578,0.852089245670324,0.151225433185817,0.668866624139808,0.188938975066938,0.384272065253491,0.235155955997196,0.293565296742858,0.413020691288666
1.59263495075452,0.255248262465469,1.14464578357569,0.407778903393237,0.321825136960975,0.486553361096217,1,-0.437201165807256,0.48615493557427,0.835099613139274,0.182603164631854,0.779998455988929,0.184748040944468,0.741258295788093,0.205846293470583,0.746902115288086,0.186554602684309,0.287504927007766,0.289102611993551
1.32944679209864,0.200387499858243,0.722954851371416,0.233866171994691,0.269741270157118,0.408664564916688,1,-0.103427622407313,0.488805886000538,0.50786080658603,0.257345807664978,0.281311113646379,0.235588375386774,0.532270449328874,0.183769183101292,0.442098815447339,0.197374892605097,0.729208175232528,0.197869766369463
1.33784553138375,0.209355065199608,0.971841463436728,0.303224320375919,0.437334214805501,0.391159899674029,1,-0.347334776194925,0.417025543393901,0.848913840183511,0.143783777579796,0.547668299708082,0.18270859946347,0.922388026889481,0.162722317167439,0.734695958228956,0.309744615848785,0.589589886249473,0.246281046171722
1.65077692921633,0.287551577250903,1.35355828585573,0.480696698647604,0.0371147008068132,0.446426468925903,1,-0.41925983511332,0.610016806040654,0.740080626984796,0.233897398299878,0.873212220533584,0.202797712711003,0.788850605319313,0.188436551861658,0.673395476647414,0.171260488665748,0.788682310739148,0.257595129324995
1.50624663443879,0.270431069036301,0.955969191033809,0.321480692635289,-0.165707816470618,0.326108971257214,1,-0.359498668825093,0.493013321634299,0.603169904292873,0.228278851606566,0.626774679351517,0.21153579727805,0.651558159353295,0.214174181864955,0.428224158775975,0.262922330937538,1.0237810458586,0.2411817289889
1.74792509004105,0.28497011260663,1.33429605064068,0.399908614037714,0.21568612169222,0.545743177174343,1,-0.620361381668009,0.490589777390842,0.899774851382329,0.212180457615174,0.928087495542814,0.191811222499234,1.06545309725086,0.177419740011379,0.734954311491036,0.221733188092201,0.731427600055093,0.32394508061194
1.46624231410834,0.248144085552865,0.874351264137502,0.308752395196668,0.453898248798461,0.502966524742225,1,-0.346940081078344,0.474282482738597,0.582720470243278,0.179036887276166,0.899999878086947,0.144215087727187,0.550493737877723,0.217860411326745,0.676017281061132,0.247376777450998,0.545119790956934,0.301875522940998
2.32849274143482,0.45635435591247,1.85614429461026,0.631399151169389,-0.307877451803051,0.33465255563199,1,1.06825259944498,0.586256516622021,0.913055136266522,0.224655166270835,1.18151734743499,0.250821450324224,0.773232938764482,0.258679519469661,0.956963080200688,0.232391650419377,0.765742896303033,0.269468832311554
1.4027812010586,0.236057115911959,0.826208246162444,0.280894237908263,0.0486123921897649,0.492127763831585,1,0.492656507399541,0.551971159312951,0.488291049741854,0.280253205986352,0.613831809488238,0.183839190285306,0.656681849957037,0.225493886923154,0.675114985399354,0.266717364306403,0.887458295882991,0.232421508974816
1.41823771752992,0.245314912378904,0.978859439978209,0.340136171335402,0.28167003686824,0.451471832692243,1,-0.0181188108671116,0.535218494397649,0.617558457774086,0.230081912345948,0.561108062669714,0.166808005226321,0.790566068997197,0.214653538167776,0.376452125940835,0.235939457703996,0.250923123679402,0.300078527084579
2.17052596709678,0.4467776307457,1.32202269152721,0.605807103172422,-0.0503181440911832,0.413754634807853,1,1.52757713359843,0.774398719538706,0.785978567828558,0.283663324268208,0.611185015241264,0.271040342126487,0.953130036562816,0.208585393181186,0.621764000777476,0.272913563450663,0.948212191498648,0.278629501423369
1.43686610444558,0.19576603707895,0.754034734202811,0.246755426617358,0.649647430288161,0.261828535727891,1,-0.168112516664314,0.553714626700027,0.94495277862857,0.180074971520506,0.439053021583452,0.164540191881592,0.59884289279712,0.195566449846501,0.462983341544717,0.208421336301508,0.411358070641779,0.242432455633359
1.3777727078538,0.243445668315861,1.06294612598899,0.33311709544575,-0.0327878291762828,0.359044967702349,1,-0.532769119634202,0.489434881157828,0.864711753280621,0.169087893661807,0.611369523053298,0.165062805269796,0.627706068802313,0.188411360440121,0.587363117160582,0.180083100242565,0.599927772642512,0.266160233920338
1.92543219159421,0.337986412609875,1.2766634177101,0.492347113787993,-0.0958844097448442,0.355781763972466,1,0.23576594522524,0.398853068579271,0.819827981283259,0.202106885302044,0.733462937374216,0.20379132779121,0.802328939905003,0.199294883237604,0.804799273614923,0.234550769422836,0.484686499607484,0.242551522189672
1.76567196013652,0.292212771801256,1.13102114223506,0.480512546894727,-0.0535523494572249,0.328718766503981,1,0.292857493973803,0.481684243190389,0.771572851713527,0.21382706794221,0.829183953120589,0.191249390249808,0.761925628304586,0.265186463635936,0.649746319997674,0.286320292863692,0.825207262435166,0.303369399278064
1.81515261854823,0.457631447595745,1.68194355651197,0.737080020120335,-0.555136742665327,0.205372405922721,1,-0.295908265334612,0.641735232356409,0.804570447902918,0.263216324489681,0.994782828799429,0.255652701846781,0.833043375029443,0.248903552148974,1.10810755088055,0.242582271653236,0.961450121791538,0.307674648777844
1.33880537527788,0.175799295367314,0.69860648481082,0.209458024836033,0.695502923126355,0.137947019699683,1,-0.233100370147475,0.446025090187787,0.607134684154922,0.190753532064275,0.805921969016154,0.178122204726486,0.339034795177025,0.157096606374921,0.676366633308724,0.20556956591482,0.847529368782278,0.198043694549484
1.62337163327319,0.290431258556702,1.16852983078366,0.468268034537603,-0.0378632249805333,0.465148707085874,1,-0.352287431856384,0.422969592372048,0.733131218128646,0.245249004069698,0.821595498099832,0.16764496296406,0.955011522669753,0.192407671560166,0.587677655023295,0.288218663559847,0.761888632890176,0.27340531661217
1.95815609332359,0.366128198032432,1.87190609383692,0.701433063026545,-0.29176726770473,0.298946992279131,1,-0.930191152056263,0.593640707446525,1.3066827599516,0.22985856168121,0.720652217729677,0.246554181201716,0.907364099363142,0.203652267349489,0.72083834389204,0.296057756983843,1.14319500426937,0.240138941834678
1.88775739627861,0.345543309187042,1.89144172834671,0.677705761864105,0.264355768467687,0.987125605547055,1,-0.331106327280823,0.590061002737004,0.949447949138966,0.19938401749339,0.981990622328555,0.211105496920104,0.682066976914807,0.229041672060822,1.10546606700431,0.195935135269403,0.460741608012846,0.335396476799721
1.55990925842118,0.20053113671441,1.06547395879516,0.309642504299732,0.167626143498946,0.417181342939021,1,0.385641957276203,0.377272635545752,0.538603711299844,0.190875717538874,0.68910026387513,0.176669266941249,0.570963153273641,0.2115273163502,0.473020150071702,0.310317986549884,1.13306485035036,0.213114242700551
1.56455123609953,0.27024274435061,1.04118708772626,0.372581650962773,-0.0851310172459623,0.368926473575329,1,-0.704362504943693,0.540942653106651,0.5485535400904,0.264036989998791,0.74172529248364,0.199637207659723,0.652775940780129,0.229239075899109,0.816086636395387,0.196591220339469,0.746271367136473,0.283803966366916
2.27222806686046,0.56185965132101,1.84732968296635,0.922596825081089,-0.467326984683295,0.278683899835649,1,0.933577936861299,0.522917147042929,0.725571990426883,0.299210789676441,1.15135308957499,0.254316320707958,1.00997124402056,0.273537768159915,1.04668139636959,0.227073096329612,0.951236652041408,0.347564416662939
1.50623852446033,0.24633339112804,0.967868955087451,0.363235811913178,-0.107746272329311,0.319777225871956,1,0.219408421512142,0.409452304160854,0.715114868932999,0.200964528853856,0.452489977388689,0.224637614250045,0.471518595760188,0.262399025006954,0.65882510415146,0.223704449715147,0.548479092508051,0.275592973370122
1.90463575039057,0.328721236915202,1.28954621113183,0.48623003177388,-0.224440045290441,0.317835942134849,1,0.459152102428588,0.423467509065565,0.728602849109965,0.239600708463605,1.02752598154699,0.21042747351083,0.667986647845003,0.252962762391428,1.14446738474472,0.218246243833646,1.00273514795419,0.276717351439886
1.58067635024565,0.27008297047667,1.00036024992817,0.346064206832783,0.433222764442438,0.613556074029932,1,0.229204119421832,0.45299927284244,0.581898894645924,0.186673107725193,0.604166704571107,0.187480195492968,0.775979719488645,0.191599144913275,0.569105311980167,0.280272430130101,0.614565297619183,0.289632212869001
1.60343550686333,0.300218931777691,1.58470162987614,0.619532957664822,0.0643709560079395,0.570431064691484,1,-0.396083268476288,0.512905087749499,0.698480036791086,0.233534456986605,0.945343553578287,0.219897069390795,0.805935081748279,0.171770093549169,1.15610269070253,0.238976961356261,0.52219631685979,0.407063664252414
1.8303576411838,0.398244769146799,1.25052398368765,0.519821089900761,-0.374376488411561,0.333602389940912,1,0.152554014503429,0.416061032264799,0.954078376066419,0.234288639067302,0.809788910031471,0.250985224721323,0.838501688617125,0.237419704127454,0.789004454393823,0.241303482233781,0.854575401212158,0.255652488628936
1.44242469635173,0.174758160654528,0.702025037378353,0.224578380479996,0.0954733096217545,0.380230907967376,1,-0.0266880198043379,0.455447668471623,0.655860746240881,0.233208314516628,0.663031714892319,0.153354797014588,0.320883713626248,0.201812792825266,0.825076894336971,0.22823572723087,0.377568893501291,0.256307662868406
1.38388719645836,0.204240887858847,0.833165420061002,0.269340503397074,0.834031165503129,0.106001047067062,1,-0.240521691494262,0.5181236325608,0.389023324371081,0.197765167108442,0.78827417572439,0.193192688247968,0.791559776772242,0.16716216011426,0.592901493881021,0.178903983780886,0.217472031505093,0.315308930834489
1.49671631546772,0.334435378278176,0.880846057947695,0.381253207691181,0.0708745758720423,0.463246357645189,1,-0.691098889642502,0.451334047611803,0.864081772207597,0.200809596393614,0.513042028831953,0.199134760557331,0.72473916107217,0.234891183686624,0.847143155827185,0.276795521714302,0.608047923263609,0.317347311615196
1.60701325947969,0.347138337840359,1.39453364375537,0.60801084638392,-0.117898873483376,0.380433216710493,1,-0.408976565253687,0.566266392137885,0.836890291953501,0.199282264976021,0.692246501865096,0.23029231807881,0.907083286223632,0.289745389324649,0.193557387690508,0.316364164210138,0.824510036777782,0.259378579339148
1.65172092032655,0.296403361412322,1.0204379470805,0.39294664828466,0.149403651850202,0.59194285798868,1,0.320361717208199,0.438758026412407,0.593398565307122,0.262672360149645,0.83746216314271,0.199304348548493,0.794978069079989,0.175650149264021,0.806074775222133,0.269675945348851,0.592927981039642,0.332547116676501
2.62368501808588,0.548901824466799,2.13455557586332,0.949831453928348,-0.463058867352646,0.29676355112952,1,0.122819351018886,0.681543589923199,0.930469759809576,0.281255407671264,1.11587995816849,0.235869187815591,1.36074227247663,0.243814392126678,1.32729259819575,0.246027640383232,1.34235444784278,0.290900615318281
1.51985915461148,0.256705487226509,0.988037529080407,0.36757937828055,0.173175037185655,0.59948322059842,1,-0.247752246297177,0.574140511404546,0.55418933103077,0.27187521674702,0.824746927899181,0.187624577373109,0.836201162730073,0.169990250241743,0.705346665404286,0.219992872234289,0.666464872361937,0.250321817442959
1.58631447813528,0.285061940877236,1.12042030777249,0.414211173873314,-0.229649638113983,0.384254521735016,1,-0.107241557411249,0.425892820178456,0.827300028283992,0.203814017302037,0.703972765043671,0.192433674505592,0.583343236931778,0.214119977200805,0.902561119464172,0.244981797373637,0.55002566062954,0.314458649558643
1.63586817179088,0.270753618441579,0.73607964043898,0.285241607355373,0.405324785637241,0.600760062438964,1,0.362738026917733,0.538811921829301,0.832785617761612,0.159848735860754,0.353949904079534,0.192402389548713,0.560484181123474,0.20843048266322,0.591901260872134,0.231053194648092,0.282616173780339,0.288532793904422
1.76682318829616,0.38591874303232,1.79012095507199,0.834698761727772,-0.478160299896477,0.27784875266554,1,-0.458766734612601,0.475515296683717,0.853659621347051,0.235960180125035,0.819904754901207,0.243781479103884,0.791636605846075,0.261386618146604,0.966908727753421,0.251578511002709,0.717724497168762,0.373022248462031
1.61998395075557,0.225294267140446,0.784780056417934,0.260386475410553,0.419286687567215,0.487594987364995,1,0.103053731712744,0.404946847505184,0.640412044866383,0.1912941829931,0.752410665338853,0.185505653630588,0.547268493126454,0.180539336698729,0.800493990596246,0.193832012349874,0.657124961969938,0.23518329200913
1.52102832164289,0.215927620399407,0.65454822756337,0.259178533203245,0.320775888919814,0.473134802313108,1,0.0800530637514149,0.463674611429433,0.63677851274942,0.222114036884644,0.510805287103034,0.161338205225028,0.579684502166726,0.183949926954893,0.573687169109847,0.191015650813617,0.714136512082901,0.218185364372429
2.24600030062404,0.597556767804957,2.24648209424427,1.21260033961734,-0.41226086744481,0.305890686542577,1,-0.988472095463397,0.643115784852245,1.20816084754344,0.294675489761638,0.986810301548103,0.359138588921557,1.1291664993143,0.271421887282942,0.85239527582571,0.33286484700069,1.08204869114378,0.296289978635586
1.60774465372993,0.347824499722459,1.08978524627187,0.486361115163122,-0.332936623350039,0.340134289764994,1,-0.218622222066397,0.52177403604833,1.00152888181007,0.249533732656369,0.894523406876067,0.207209258805498,0.816315217802771,0.270780209165476,0.648580552205261,0.346156571354664,0.830652671894081,0.339995319837149
1.80249652975993,0.362090098637186,1.69765750247455,0.700663050733735,-0.287227298502807,0.313424351988265,1,0.191693725291274,0.466044217869029,0.557968104882796,0.24088841943744,1.13227741225013,0.205877373437063,0.546551292758062,0.250328323534976,0.75330896459367,0.241712621975841,0.903711781395137,0.226227778385488
1.71710105836606,0.283249014161935,1.2415378394541,0.469005754684849,0.382785652974188,0.610060921698169,1,0.35872927666907,0.470954712786939,0.740165274636291,0.199538337985875,0.530684455320666,0.198347824424637,0.841935674167874,0.201852835736496,0.697528070890662,0.228004134211274,0.743711876258061,0.240695131516262
1.66826685434423,0.28403501074332,1.02063335822164,0.384647790618581,-0.264884847955097,0.286269556039804,1,-0.0248333403951239,0.345036122114576,0.70093202761775,0.186440610635508,0.629647757108846,0.185900965331477,0.888479772717818,0.177712315328309,0.929853976063348,0.320551808981014,0.999834983346932,0.245902541671128
1.74015727536419,0.366664187896696,1.55045300301556,0.668196871385619,-0.24561994021854,0.422770456214048,1,-0.902283481883074,0.43924863858228,1.05066437222654,0.262444444506047,0.889795425909798,0.229393491433186,0.823222159943735,0.24826220578903,0.871476654259996,0.253456000918362,1.06685868398357,0.327297552120624
1.5440509482659,0.302052459533998,0.789581153177212,0.366081798509578,-0.245733348763307,0.318063185196388,1,0.663827008152172,0.355793196563388,0.489255155114169,0.241851175744844,0.292335883243951,0.272940613851174,0.663685027336862,0.236062794567551,0.743000811094336,0.298175921973884,0.660645681936977,0.237622584227728
1.30459845849723,0.201548031243354,0.843156298088543,0.289132482247404,0.0917099405382763,0.430334178024861,1,-0.201942409081058,0.353502254754636,0.511474644870456,0.190361551920312,0.548991857866763,0.192391597800431,0.600865082307594,0.192565678898588,0.521072943049857,0.231467056976672,0.353943775384608,0.293991552162257
1.75061620576687,0.362653450922015,1.20343171723455,0.46585483195917,-0.227041481296786,0.299619736788632,1,0.0306790474017506,0.49819077982914,0.833177643696278,0.213221347985189,0.64432640322213,0.218399700041672,0.523150332280143,0.272920369166998,0.812691066006231,0.229256149525785,1.13642212780623,0.288884622399481
1.58276527940688,0.326226195537701,1.40212331590833,0.564352917135373,-0.274890800825801,0.280634022253915,1,0.598493715866456,0.440957112004267,0.495180986407901,0.254519991968806,0.685894201455008,0.235214720191493,0.640127423493159,0.234860148221525,0.942583654901523,0.231868143478175,0.697068533876602,0.265797105130608
1.94659435540974,0.393311026783386,1.68383789277708,0.774861075949621,-0.11380227371619,0.50752313255617,1,-0.199048321631839,0.539465249946279,1.02338633112473,0.22342938731113,0.900840538376749,0.226124188067997,0.940137921074041,0.286693988333987,0.893722784332104,0.250199469566706,0.630201214141378,0.305970430394644
1.6456245072735,0.224350327723652,0.992941211101189,0.316639934694904,0.286931757119637,0.413852392998633,1,0.297290751069201,0.393227603210545,0.71473607737863,0.177047141298538,0.650812357928734,0.185977103678287,0.36019235708639,0.183843921845268,0.698207798152784,0.191564068697255,0.488625675724481,0.285738649408945
1.8162021310643,0.295063419555389,1.12169754445098,0.411816312933585,-0.0208940307261547,0.415331426675411,1,0.844021203723372,0.462798050043361,0.494973452840084,0.190966710714876,0.772658647768139,0.220408194173425,0.850067440337988,0.178368425714456,0.64692422110059,0.23029816750675,0.939990336372084,0.208562011062732
1.55624637674512,0.296639819147323,1.3161515792764,0.499213917119152,0.0561825747609322,0.431724354741768,1,-0.0263707449644281,0.524070340818849,0.746941521145262,0.220238612846608,0.442603249938141,0.214261407984296,0.806074792755168,0.193086007559518,0.775572157110317,0.232476827060274,0.955877695090015,0.260457393136767
1.97211660566722,0.400675658513629,1.23872905279096,0.501334965774165,-0.274262424320862,0.288224513216232,1,0.522997410987872,0.353661975581084,0.597201099110508,0.264879105254166,1.0321336973707,0.201640097941584,0.489869078586349,0.322953054929398,0.938739426226143,0.257104829781343,1.24565703330171,0.268236301312916
1.8755307267205,0.404331988021873,1.61942699793844,0.648471642834061,-0.120100435050185,0.43721281404943,1,0.0256524173958775,0.511932401699718,0.681761946793723,0.22973959334433,1.0642835027496,0.183194327493962,1.01995352733472,0.245832705049213,0.762064838030224,0.250927991537458,0.938280362397454,0.282048168365424
1.60849746566051,0.290726611357829,1.10730656601843,0.422053614217509,0.549977078528806,0.469674824178433,1,-0.242458597297385,0.451522585697525,0.853994959378066,0.183394748000829,0.806181696716884,0.180137804682448,0.6560554901346,0.195504542523885,0.50041208121031,0.288401723330427,0.970073267874432,0.292929139410404
1.85971300701247,0.393700223653839,1.39310110016878,0.621384417072362,-0.0214305012770227,0.447922814998518,1,-0.0276787011457796,0.487575294030144,0.816917429581935,0.216833347229023,0.734196898102566,0.255154327987243,0.66085966318268,0.23723187511986,0.835089257244112,0.234160863761593,0.785871329057092,0.309426743389642
1.61789671797689,0.281284024023225,1.02405428760267,0.402084038691712,-0.309500211146319,0.272793125057642,1,0.0186763915005887,0.369902421100463,0.687855130337864,0.21168340023287,0.704087944576591,0.213615419606853,0.793003513693895,0.190111529718868,0.868762295243182,0.274874217632872,0.49746792486356,0.335589695781631
1.39092006231935,0.163470976778918,0.769627978447594,0.233973242419774,0.331023827251031,0.284977294064592,1,0.129598695065477,0.372055145795001,0.486987659291525,0.148233738109823,0.691297344589451,0.16672376727986,0.618732111236012,0.190101764850081,0.100504804301458,0.221943152216847,0.843527860077105,0.21586535418773
1.22553624402059,0.208267834218,0.676718991191154,0.224118652193272,0.227099865622879,0.344760776194642,1,-0.732348499594044,0.402345041115559,0.787416772536914,0.192208036660068,0.502235923949914,0.19390012007594,0.661195779639288,0.155365852571896,0.249093775434092,0.254504772136001,0.360428170917746,0.212947154909867
1.45328369422403,0.205074759245478,0.560302190531462,0.179534591653122,-0.241922865177209,0.242236963732521,1,-0.359861047683625,0.4201529436566,0.709001963558094,0.240845174436144,0.80451564762791,0.165996612213679,0.616832684793696,0.206581698413657,0.512900215540367,0.194547354794539,0.746298250111995,0.195779654368217
1.51190648006626,0.241123248866424,1.05623118839721,0.329966590611643,-0.19494824475096,0.290431572373674,1,-0.839714336393786,0.465538192879403,0.88280214437351,0.172771590636959,0.769389157870889,0.178521621236318,0.798125221188428,0.201660232875857,0.584571700619997,0.223211884298788,0.34336625904737,0.3501469767908
1.60469057564732,0.247829405616598,0.885338144022136,0.30279542790431,0.25037547118667,0.348039060406909,1,-0.130832037220245,0.368709534048753,0.682567189101755,0.158855893606614,0.637327744070877,0.198343408804782,0.547008607241721,0.210064809631487,0.522141932040383,0.194653047587068,0.752277131220526,0.23845896634462
1.76393892960278,0.334762146252629,0.938415416727507,0.407474728345593,-0.145527139456538,0.351567812477836,1,0.296027181220079,0.392553207596385,0.705034579819394,0.22411800072458,0.65997049357767,0.236222944011013,0.824641834551412,0.191874548966607,0.763911434019857,0.237492540460631,0.823332030854049,0.274657963951329
1.74584695260217,0.311114791260092,1.52550300517539,0.680192632698832,0.0770466304058066,0.563088227171053,1,-0.56685650657757,0.359590409767666,0.975480776593493,0.166414194691036,0.725968288209706,0.208533089923551,0.655477076446372,0.261481721211839,0.93681938659938,0.267582160101701,1.04484330735282,0.222146962422436
1.45299237857694,0.264723921276239,1.00152997799003,0.394125836000756,0.392623797062296,0.441275008087198,1,-0.0678250381301918,0.430688507046676,0.584841624755386,0.195930923729784,0.661775331085577,0.229502742734092,0.611238478174601,0.231017268265485,0.892107056951184,0.218719365896317,0.773176949332678,0.266284184674843
1.51863788828593,0.228632486552038,1.21579482071195,0.434733736577194,0.346968586372962,0.663751405142247,1,-0.491064942957272,0.547299750005988,0.96904108831449,0.214704591629608,0.834654487112208,0.149063246692865,0.730892989284187,0.212972826667602,0.459464537518164,0.335786532099997,0.885247836286624,0.237285216842354
1.46432208952316,0.238696853261323,0.847728716648135,0.306432203227947,0.644921184196304,0.321680473124925,1,-0.619522891496643,0.572075281466129,0.827098134278583,0.24196335307297,0.774882199899595,0.14437234836942,0.51969597052315,0.243398568597634,0.460737428108692,0.240565718215169,0.910115155560061,0.323742112955307
2.01056033791027,0.436330719958232,1.24949373712219,0.571039201069971,-0.352760317553083,0.287564203160872,1,-0.0307537116081207,0.377992573395844,1.08020963418821,0.223229947600844,0.754864214912981,0.253775134846983,0.662371354382445,0.240191466879876,0.888271534579392,0.26518157275807,0.941700030266997,0.260005116645908
1.73017662027277,0.339617913486882,1.47724984864543,0.60249596015056,-0.200629464223409,0.420915138414733,1,0.494749025293595,0.565585881088033,0.94747222779157,0.20261518080699,0.549355163434114,0.259596674428808,0.775348720339812,0.203470801524314,0.801354340450286,0.24603818522972,1.10448244287097,0.237311297399846
1.74641140867387,0.275621197832904,0.879269962358241,0.324544316414134,-0.238171653179976,0.267393424618067,1,0.274629755311138,0.395573296353266,0.637591084377449,0.2326905913114,0.604386063423982,0.185272661487193,0.750023706456115,0.20897448360819,0.909658198216987,0.279791197783407,0.588300294887162,0.290734206382076
1.93462735925945,0.312081178384072,1.29276061325634,0.4519053902949,0.000550757155505448,0.310095094402327,1,-0.127560670466595,0.656031682302042,0.933752033367581,0.237772840950103,0.955245646026799,0.247970632856634,0.968714594855029,0.204164204082525,0.356896953485224,0.264315992565367,0.980617513858477,0.243051420717189
1.99303125875314,0.369590330437178,1.02039486793075,0.41990665565037,-0.249396618164131,0.32637752141007,1,1.15636290114115,0.5006035563974,0.724462400944041,0.219675430878542,0.744122366076386,0.210764539548932,0.875104244856075,0.241428077161227,0.507512125451758,0.247946360363958,0.927258499810548,0.250632871399448
1.91192149194312,0.380404834143552,1.42230930308402,0.588790033958817,-0.196776338144604,0.409675627492188,1,0.117323785725525,0.705340249850762,0.927128559999462,0.229009011069456,0.804015258861294,0.235073752706782,1.02326075664645,0.278111081760382,0.765690341997009,0.187776677455437,0.752016059868475,0.230169106167472
1.30290078836448,0.220710385592805,0.614573563506873,0.220152942248149,0.197717746684361,0.293841182082221,1,-0.18338591283922,0.369504603619878,0.726801741347309,0.165579778884782,0.0348172187823987,0.246727155538812,0.627297658987648,0.193710305017231,0.395367311845633,0.223590088500696,0.487982554596962,0.271415071923808
1.31124162399419,0.243703331684138,0.954912986642722,0.35750556556914,0.490228645823311,0.627183447001441,1,-0.728328722113413,0.572490263352081,0.845341522907679,0.153851581896534,0.481089261614071,0.216854220230324,0.874212673721968,0.155435576360952,0.542397411959065,0.203326697626982,1.01388619412567,0.243549954234625
1.39644303503018,0.246558003198978,1.01884670415053,0.415347241335372,0.629404591853722,0.3295884793993,1,-0.894313416204707,0.542444773805958,0.745947398064149,0.181301393130665,0.551904871296205,0.186004197535321,0.417312416596114,0.213568770447156,0.40501875549097,0.207621028403426,0.658182024764123,0.244540704899641
1.87747519980315,0.391180338389207,1.39351723149544,0.574951389767131,-0.346776044909829,0.29464471235817,1,0.0560276558711058,0.472332122337376,0.708929369679002,0.230315785555301,1.05267842112228,0.209540209063204,0.841393116387498,0.195036164050387,1.20218828718903,0.236911669851359,0.54201046826471,0.33096612436134
1.99897314536214,0.341667764056572,1.08880526165289,0.413481786538658,0.13287312124842,0.473165251521248,1,0.804868471197294,0.396929969154092,0.818685365997045,0.215265771694403,0.902519977769332,0.228546254468774,0.700964661534945,0.22069001254521,0.734608040770521,0.233724659237684,0.545248416370014,0.251139340415205
1.69409825724699,0.305715070683239,0.825388222488744,0.367636040699862,0.275372637795366,0.430607546511889,1,0.460294924287104,0.438992637534557,0.422310169636325,0.272255701791068,0.940160597810589,0.243658064220737,0.64067804441295,0.157293557156674,0.785800796317636,0.245582658968987,0.772999979497858,0.291307595383787
2.16099872709957,0.471375369703797,1.45843668976389,0.637979155494152,-0.323693411988887,0.318006361064618,1,0.47362433536539,0.535748968966568,1.05420834574227,0.232450103512564,0.791608310026115,0.227593343310706,0.956499373451267,0.222453800737206,0.880751279782982,0.242872447649766,0.817940880341586,0.254346469839521
1.74533143323807,0.314396471270159,1.24986917362303,0.406799452793023,-0.168497439324014,0.434080669596705,1,0.0704547952645999,0.547623479669675,0.852667267436504,0.217073251702683,0.977500068182719,0.139655257119032,0.587253606047664,0.294434664409123,1.0750726420516,0.208651070374376,0.652134218656669,0.236756640286906
1.62516515618676,0.229021406403635,0.690110375135392,0.236583375605056,0.676361892685463,0.228046578371686,1,0.590624471026,0.490815678906594,0.593743761407263,0.207470637586551,0.28565263160803,0.299388584110181,0.802843455415682,0.244792108676536,0.626075333796562,0.161238334589976,0.474074555117804,0.235397723853475
1.32362078304839,0.208417122292775,0.806851332262625,0.280827326351364,0.690634685273532,0.265580760687756,1,-0.202049434653223,0.412492763955019,0.710965817715175,0.17052438805721,0.541633082491071,0.201940522091593,0.766366936282903,0.172926631578571,0.483140125091207,0.209039769073942,0.639768002306871,0.17494386315254
1.64686256433573,0.258706556158701,1.04906151518648,0.383629627054599,-0.132446334987421,0.304650068852291,1,-0.537439616592989,0.298160128302323,0.722882156791441,0.170127031380688,0.772342025239092,0.202207204208104,0.537735620059333,0.276505878573888,0.782578510573296,0.26607770219534,0.757223945801542,0.236208719852111
1.54953687136154,0.277661020308204,1.27553547541411,0.438462752785601,0.00256925042404797,0.395808550503713,1,0.123949453879512,0.534591282369651,0.618332713034535,0.194869149377401,0.707620321969975,0.152176942129682,0.567446373439137,0.229742425033906,0.989457844514742,0.244859157540637,0.960168392239127,0.260508111916879
1.79366956527556,0.358201367713816,0.888244384048723,0.36280761645264,-0.00147249025668736,0.416658852742237,1,0.650026589789033,0.56280534275738,0.683338092112471,0.231063275697838,0.644185494262423,0.225624667531997,0.64323889996547,0.234837105062785,0.854405131992425,0.29749054032456,0.401934107551411,0.334110268895546
1.35411666789735,0.176128856436299,0.684929385606583,0.205763162589367,0.122435515626846,0.298639227661991,1,0.839349768545356,0.358513278981366,0.219831231769549,0.226289286190519,0.419841904128657,0.168766296951088,0.323184658014347,0.158865756332019,0.737951265857063,0.164553450627028,0.849817327694904,0.235965429424736
1.4240212360401,0.2465920866931,0.824267361968377,0.282369432067977,0.40481098108007,0.351590863737728,1,-0.456931738798615,0.45216118998755,0.907259027298308,0.186827529805077,0.95440534917679,0.190358250225016,0.550182606319401,0.192416852454449,0.30150457706528,0.195732219871173,0.54946392370971,0.238739103907925
1.43598918995786,0.29259488526138,1.47927615596,0.505237245974393,-0.279727951814965,0.294197176708882,1,-0.756598867176762,0.602142554073973,0.904220686411671,0.220187971845454,0.685509373615186,0.205024364101382,0.929966710947901,0.180643260709442,0.585972646236044,0.319422159515458,0.881842383496393,0.219227821150254
2.14283624871315,0.499607357919829,1.82006220003665,0.831511481549797,-0.517010358336532,0.244431199074035,1,-0.148758956382499,0.536848017309302,1.08045371510603,0.280142012240768,1.026068545676,0.2532012235112,1.05511127257952,0.257719918849533,0.918968608299837,0.300419637930659,0.671352920492904,0.366753431886869
1.63006874546327,0.318812740633375,1.4255908727333,0.574921556781685,-0.375468899002603,0.289356440239148,1,-1.07513037467839,0.64157141196222,1.06819834314992,0.260079617148062,0.918178601059502,0.207980191429101,0.487535828496222,0.264228057879225,0.752312658758496,0.204097001579092,0.577551152410002,0.299435833222064
1.50226477934698,0.314819628685091,0.850192049130532,0.406871286492479,-0.0977055227648052,0.410420837230808,1,-0.491490261527153,0.537705214984737,0.900701148339292,0.193760697974512,0.671086114967736,0.236241040354917,0.565980081053394,0.246699678633258,0.926023134214214,0.300723169018327,0.673831421740405,0.335808506646007
1.63073945449339,0.216895250174748,1.20219247954131,0.348623887205562,0.771477419148811,0.138133319114751,1,-0.496080090589401,0.592399244344717,0.927937425031761,0.177516706652812,0.659004908972101,0.165403630964879,0.910012242796147,0.156226254899112,1.03110419598107,0.187459322242784,0.612771132556019,0.227687066349271
1.45819065204733,0.253644895932543,1.01440411301667,0.377373091544647,0.0919086653887651,0.473340486223043,1,-0.0930914177419177,0.423845734163917,0.570957899124799,0.213288295170402,0.664529468399688,0.192894355472755,0.135893039214942,0.309953151101236,0.724095539726429,0.206602951258256,0.967354910466077,0.26170321094198
1.54026742097932,0.289751129677347,0.664641961866571,0.2994468706039,0.225316779349867,0.363810335311487,1,0.649874542089662,0.440353519719398,0.405183945698753,0.19509841298255,0.648717382419039,0.187188374191572,0.373634795846135,0.241877244076412,0.577526372085238,0.254032867931595,0.494606098076345,0.282159559648454
1.99072178390102,0.386050215733802,1.56479522440325,0.621221501323143,-0.315390819733174,0.361955524713081,1,0.209115540546195,0.591672323758209,0.923900286944011,0.278856321308335,0.753821878922168,0.212302054652123,0.987875590094518,0.235284104345402,0.916644979323896,0.252886211851209,1.01260758147511,0.324057450221398
1.58289105199777,0.254143635080975,1.07483609663894,0.438862306685287,0.26652639800356,0.486282012538698,1,-0.0335523107694072,0.442351423138006,0.444619833053216,0.225857130953412,0.718533238414982,0.204685065827154,0.889850898683782,0.223897581944969,0.570090816310521,0.261972933321369,0.438525225159329,0.271377465887358
1.679583328329,0.287792434102226,1.33064750066929,0.493839755194806,0.137920401770581,0.435788860027774,1,-0.493762740148392,0.473599905343315,0.854683548563512,0.184266515290481,0.812670349191736,0.185634992819422,0.729293792777851,0.20129409689174,0.729039347449576,0.1748024024601,0.87846797228176,0.290557413516385
1.82111928155525,0.377421447526412,1.34193587447386,0.532684258084299,-0.483437430948961,0.238848006995452,1,-0.633628083583948,0.467900971167685,1.0443143289299,0.246633108476939,0.912873107478312,0.224715378239342,0.957585877914905,0.198001382726897,0.938361954728678,0.223723692011015,1.32990070221652,0.278134399464713
1.5573093960088,0.189328144596388,0.760394935015945,0.236035982141107,0.442643733714644,0.496960687128453,1,-0.586027755066755,0.46747828716022,0.880010997701978,0.154191225395806,0.563957284731256,0.178165397121705,0.662204553661443,0.168061270949808,0.342426154201453,0.204694460100584,0.864493209637499,0.206884472304737
1.60259819748763,0.21991253348445,0.791550460544858,0.261138962959909,0.0225052839937956,0.422419039882437,1,-0.191593335847438,0.430147074192861,0.886719712551332,0.187899023427379,0.802513565056854,0.152253820353135,0.515238910972253,0.195423551119493,0.718953810081079,0.177733703580564,0.264169683728163,0.274484849156794
1.96298817676239,0.303669464504169,1.07079853324624,0.356881685710474,-0.154014941872509,0.298076421054304,1,0.441129644485666,0.459783893449803,0.431019464754688,0.195687786104792,0.875843668001875,0.148409158927952,0.600372745251096,0.240663741326486,0.788334362361116,0.223563292484868,1.16220963201414,0.254565845608341
1.47240333728585,0.230504596478437,0.751127745299105,0.284230103162276,0.344035868474016,0.473057872770968,1,-0.494276751659722,0.436772704208088,0.844535867105925,0.15550991301082,0.789752075779651,0.175925933586226,0.828648211373249,0.221852948274623,0.733535081574621,0.268557483002675,0.659305495095445,0.280819546753714
1.88046636184661,0.426091230848348,0.999909839939589,0.455329773081055,-0.0807124992517279,0.469506147876753,1,0.762785353852866,0.545272464065997,0.279292666415825,0.273523713741383,0.956972006728502,0.234691780557627,0.978113854614769,0.276880868251574,0.522605773126795,0.283780110818325,0.528637464339834,0.306875841983932
1.62362507748359,0.347822974261675,1.48174687134463,0.613910392991291,-0.0103779667584967,0.453756885531043,1,-0.799425716777962,0.636851174307255,0.985400413951891,0.207080948889272,0.928206023969943,0.192016938216513,0.72635277103152,0.259882152483021,0.613208718950058,0.281969051790782,0.649452984960207,0.245189954989157
