"beta","beta_sd","omega","omega_sd","rho","rho_sd","conv_code","tau1","tau1_sd","tau2","tau2_sd","tau3","tau3_sd","tau4","tau4_sd","tau5","tau5_sd","tau6","tau6_sd"
0.914678190697362,0.189420181298467,0.62313290400156,0.233888669356978,-0.121814849127433,0.324203152741807,1,-0.0321136517091239,0.405573727205993,0.541654914060029,0.20315517083103,0.559927365308118,0.190229721151911,0.572398593723963,0.209906622453581,0.579357468690237,0.359018597479375,0.250601946418054,0.34322906534908
1.25322926036747,0.276838064791844,0.632051346469646,0.274988866697821,-0.38134556002477,0.249975774663294,1,1.01107986392075,0.408493977264473,0.632136019888015,0.240246047396537,0.607307099638438,0.231685977605258,0.654027156621837,0.239251208349352,1.03573264178237,0.276246758128788,0.541227534677778,0.314925759144574
0.735532216903504,0.162196045742886,0.693389503041694,0.225303879169577,-0.118831112244463,0.325403708125395,1,-0.416295648232094,0.437775401240418,0.697561709699424,0.168545792253325,0.465477937154277,0.190599899157998,0.373957304443944,0.267647226036687,0.107442474525318,0.32384533419515,0.819865921699359,0.272693368618655
0.722099493697705,0.15988185638094,0.596838465726423,0.196663994483632,-0.242570415357456,0.239664979137619,1,0.144242015156859,0.347104238641044,0.25245974730333,0.205203196925621,0.337201584445177,0.2198386494603,0.527021994180894,0.177086232273228,0.582520876850295,0.254582526588272,0.675002956801592,0.345406659192303
1.15252747992559,0.271103828301638,1.17798054099692,0.457220707046682,0.315679607711067,0.583024472204069,1,0.594314612119745,0.587677058559035,0.699683277061282,0.240074377856937,0.804621729295617,0.189753195418696,0.766704043376338,0.227725580886165,1.00298261340113,0.318416617136216,0.322103695593182,0.410029520348496
1.16357616550908,0.290989868193512,1.51395764520247,0.662915433410776,-0.478688285802378,0.257180285272007,1,0.25658183797432,0.390991433866744,0.715138080727307,0.232864516177993,0.986417845559461,0.227451359896611,0.735699337700568,0.252477810403534,0.728844483685452,0.293788936679484,0.998599081742247,0.334162905619088
0.977037419923686,0.246721051428104,0.696112264045969,0.317789303338137,-0.290847832626132,0.375811524106739,1,-0.0126699072849385,0.450863577372201,0.657452612713162,0.24124578525216,0.684823359085381,0.22670702313483,0.707808711185392,0.275918268872354,0.577297369985095,0.394054228825881,0.901600403253943,0.308228363875319
1.11679736309348,0.333025222816129,1.16755845026398,0.583261653204045,-0.583253683048851,0.198168063845497,1,0.0905026187940965,0.605011824308995,0.635478936442932,0.258869840601843,0.860162719489447,0.254834726845123,0.583019070190687,0.297202140893454,0.86050010345034,0.352539798621011,0.949887199335019,0.350459653360713
1.29676177379174,0.309930362516225,1.09537332198814,0.517189048193041,-0.422746338049409,0.312173956728723,1,0.847794382595402,0.596043323284326,0.450788167053128,0.302485835947083,0.860371357663872,0.311166027299856,0.499870979308227,0.286736218512902,0.869084874621969,0.271153690083062,0.704587793965266,0.30269917387866
0.913358291077518,0.2742393594815,1.34361405548082,0.741558238399793,-0.55745696931285,0.219030981575409,1,-0.345664116856416,0.355680718036328,0.775595896195628,0.285934689963314,0.841701265781443,0.270712815795329,0.745860983060742,0.29033578526684,0.844349205677003,0.281303264508351,0.71498955864345,0.539021422445196
1.47137469110247,0.311530762528999,0.878373335828152,0.42120496532069,-0.625973848017933,0.187961186394424,1,0.510157401969356,0.532897596620727,1.04722334746342,0.21180238532494,0.679511342836238,0.276587908569411,0.706485011002228,0.27816697908627,1.07370872325324,0.301111061081725,-0.0479512405272235,0.494996364238055
1.14764401506895,0.332169888747685,1.34102671359272,0.616405608798872,-0.541445129102676,0.207257577015023,1,-0.283911706271933,0.565280472543882,0.831778444559064,0.225757110367049,0.822092332780084,0.275325865875122,0.956482277364355,0.247666096575986,1.3029045814077,0.341172242309898,0.700396936155035,0.400776491990355
0.818080153334388,0.191449786600646,0.807044086943341,0.255391133779655,-0.0022916324346577,0.33230812582034,1,-0.608863942231454,0.447660205806839,0.809880468074528,0.194533637680902,0.482325011759411,0.179646339621309,0.611136087896372,0.286584319209899,0.632267403714111,0.261125541466591,0.391601787583188,0.281119553298099
0.682208095048932,0.237253916843442,1.05085232320816,0.457486892986661,-0.362482964299071,0.29881820415934,1,-0.267145448785841,0.671044992305703,0.711807014975309,0.20127309180261,0.646931115394549,0.236423826307805,0.639523050375444,0.257663454484676,0.426102927319785,0.384157960523467,0.586228793225639,0.320078310991329
1.37037634302065,0.317608094350568,1.12924326327486,0.489395104095992,-0.475267106473117,0.242091366313626,1,0.575418087447539,0.743565676308469,1.09243653652051,0.226243242030546,0.577095673558783,0.248875328659909,0.433831117616135,0.284590390742787,0.772543182532044,0.286673951213023,0.680432691314329,0.278174153033379
1.0218707384155,0.260464891116925,0.915218337535807,0.398736388081004,-0.200006624599607,0.338781848641773,1,-0.103898838360289,0.440976861505317,0.625969884930263,0.212684891363811,0.736920734690763,0.242647927244208,0.406585036494659,0.227241043293978,0.826193552303394,0.285397151464971,0.549367055501089,0.500106864979721
1.0482110913833,0.26339085956384,1.30049263914705,0.501467094820503,-0.362569413545871,0.261061889935204,1,0.197252867973291,0.614825516963914,0.689959463798297,0.201591889860763,0.742817843424904,0.23342953335144,0.600170943587002,0.285613504153375,0.994978900392449,0.240697009591409,0.68530375615031,0.323813070502957
1.14158669485008,0.212909486598846,0.676539105392277,0.262781475094028,-0.311185110671219,0.271416403461976,1,0.591984091714398,0.400918939482129,0.658344536149897,0.210881812892732,0.389446768215424,0.184861898997586,0.552200110213318,0.248113233237682,0.987447221016916,0.260296912890488,0.732636131850918,0.244487691635717
1.30795494150892,0.378016248986861,1.31527208129521,0.69526807315626,-0.589670012053033,0.223838868502502,1,0.165879984453074,0.555181652187846,0.756400954163506,0.258838688163696,0.930651865595701,0.266975004698259,0.921317228449322,0.319023652983252,0.70871348301097,0.303286025585715,1.02279793982364,0.351936950150969
0.934277536869727,0.189998389574686,0.749389927835783,0.272345640217305,-0.448648385471574,0.1960982858948,1,-0.255919630881006,0.279273752870241,0.674169717839585,0.179049572164645,0.53014505643297,0.20171443870172,0.659966286687794,0.211258325073855,0.486586488647154,0.248185442141017,0.577532933542203,0.3645469896658
1.02946073281488,0.230589739809248,0.917795688944591,0.335715649715693,-0.229403042388681,0.306870671050998,1,-0.25008615249747,0.510572807490618,0.852789763285295,0.207871399866432,0.506765496360606,0.231045546276002,0.59333852024128,0.212082427219047,0.227546880328121,0.2673325339243,0.533176953814321,0.242499433408408
1.09736077896025,0.330432745802918,1.64513278694719,0.811478923479824,-0.618676193070651,0.187472096512078,1,-0.489070904177542,0.564276683664367,0.931088267577791,0.241572139612128,0.600015049804859,0.265857172862678,1.1874823936856,0.301688045344409,1.02893487366782,0.284869137482974,0.645262134938695,0.324726567450074
0.767208833066313,0.165026052506977,0.694963508265027,0.297774053136205,-0.0165925785454162,0.362099259873646,1,0.228442053219509,0.315991731666029,0.575472130148436,0.190666939940432,0.365843387869125,0.212721203529102,0.472732460261414,0.289568777264218,0.292878700278622,0.437143635134121,0.413510930983336,0.310600906293415
1.4722604389642,0.518320730507144,2.55760263832556,1.45294237816317,-0.724831871981813,0.174896827691836,1,-0.328582956966939,0.815429799613916,1.19867122779385,0.323465321760996,0.965130028983425,0.315409314389848,0.896869096968398,0.398638421776185,0.944306188689515,0.350425416811569,1.03944194939846,0.412500034942449
0.982776787265986,0.245677019730223,1.11856179131327,0.502815409825616,-0.506081260862726,0.244877575818853,1,0.416171907103706,0.379157085473035,0.67751201101424,0.228946434745083,0.636458885161362,0.31292440215274,0.882140249991768,0.255538568887159,1.04794021596977,0.229483841370009,0.816752454825941,0.331120137737548
1.08768446466179,0.280839125659045,0.928909512989391,0.434482428299071,-0.434350459554514,0.269803217947383,1,0.342125904832648,0.404492844532096,0.459427007482736,0.262527436595487,0.992272478112437,0.248042793092853,0.511894257660623,0.35382405258496,0.747629064643715,0.276033192512437,0.744648814764034,0.328386251881935
1.14767710582724,0.279701459288535,1.01010721838614,0.505843026369055,-0.452738415712206,0.214505460170146,1,-0.162981697206568,0.37448764357259,0.594352027603095,0.251535764682946,0.79480754769338,0.220447514525525,0.580457831624304,0.337446171990131,0.65162353691639,0.35792888387584,1.23586933053436,0.327165599635194
0.945033654637551,0.175541327555149,0.517204332076158,0.19430920017175,0.503148234576079,0.361684403069506,1,0.549904991261145,0.417149129259906,0.637051739352471,0.15464064943649,0.417385747848131,0.193829972946871,0.352035826660774,0.195455429250606,0.306783351729525,0.214879485456946,0.886675984003964,0.335159769899338
0.842471414417771,0.235908637066602,0.842527202377442,0.327599313088432,-0.310211092599047,0.24015507105866,1,-0.214931732257485,0.472873139656357,0.804303763071994,0.190134221577813,0.388416169503868,0.198436928556197,0.518895631922486,0.229355820744219,0.88020066616909,0.288818882705753,0.672016017545769,0.259819716890583
0.792114927353503,0.147365359422516,0.489585806457021,0.196489014397495,0.0498606942871225,0.387352469848958,1,-0.275109219233525,0.396733156085565,0.524620532777116,0.210265986350172,0.354646412705462,0.175348425528442,0.731544045421401,0.206231906624163,0.309590928062478,0.242695593081367,0.444468097490821,0.341682893639649
0.859345126773179,0.168071501889341,0.604335671309841,0.212805564394997,-0.283733903255052,0.245034562827696,1,0.0228122858633436,0.407654362950427,0.490528219871154,0.215350943116891,0.529872543475529,0.18938517855827,0.675278687802222,0.218529573385541,0.60724088013775,0.287575388530592,0.574940010527097,0.32228062610121
1.1661437527675,0.277644178878327,0.949742953923856,0.429420784963945,-0.448989926799654,0.242025511628978,1,0.723574125578839,0.574459326531394,0.700996797621086,0.224332971053455,0.658425007925018,0.237019054326569,0.617259813821907,0.291994239997803,0.996044891601182,0.293283913978761,0.362031353042471,0.374806161755627
0.921378695852139,0.223071580233175,0.700365260481036,0.327526744664036,-0.396819888062083,0.248498087030557,1,0.33643513491615,0.41692583883397,0.525501829538486,0.251407128745629,0.714066958984369,0.281896526364715,0.606889035826367,0.263748380224317,0.84994230629786,0.29800611801322,0.542439211310478,0.37096388414815
1.11664131975104,0.271272185501358,0.931873184179463,0.489709344195727,-0.524106881057032,0.266819744107633,1,-0.334986704842231,0.498528818669169,0.897030532363608,0.270065961170444,0.841266473289331,0.246858869673907,0.788591773670657,0.275056581048178,0.301442567412502,0.403323164681347,-0.0334332697394753,0.559461416198656
1.10532566734013,0.350100059616131,2.0022392419631,1.0499368496969,-0.650168931252205,0.172454371973681,1,-0.780374916858685,0.442723776001819,1.18027308634503,0.252837279128189,0.946508946090943,0.265301224169395,0.721486554516744,0.332651530051805,1.11350143675511,0.363833046308224,1.01777982510739,0.428465633082602
0.86564809320375,0.176160060340239,0.709847492806258,0.271922858181713,0.189517137228287,0.584377792337697,1,0.498851687292242,0.459398436040778,0.436799185641937,0.184427980327817,0.506932801710149,0.226075469794027,-0.113604375190911,0.310246710677615,0.671152151171367,0.219368652270016,0.454151635576016,0.303318822433023
0.858554957275169,0.208502964364858,0.736330338115206,0.240015180747563,0.0316960797836643,0.348282365608124,1,-0.344699730317979,0.480578759799794,0.517364091868349,0.174208724653687,0.426882424425988,0.17321406140253,0.500799938586639,0.213781829631979,0.151393240923217,0.349712330831308,0.449491100693886,0.309001488360569
0.891212764966034,0.173710857202359,0.712793699107121,0.247343700589348,-0.168738138276412,0.269853121526805,1,0.102100928963318,0.455806070081885,0.40580010702488,0.183195036137241,0.530035969296339,0.172374495667595,0.480444029095183,0.194469267942458,0.550614106648814,0.257851649085014,0.337134532250427,0.284051360105925
0.766573204034865,0.133309955125724,0.554889014303736,0.172754976696055,0.802007732490711,0.0978048035088792,1,-0.135885331716293,0.359304017309281,0.496907964656162,0.156666511051319,0.349903070762591,0.188576071013801,0.609084839335482,0.183274947424371,0.637706667252976,0.140028270991092,0.349964422600203,0.210602432066547
1.00395710496983,0.291106009666246,0.689718081600661,0.349166551499529,-0.522355894780651,0.23665566732126,1,-0.142903557519266,0.45196952882156,0.698377637337734,0.260407594213842,0.719823959443276,0.243666243694894,0.63656154880371,0.297114593937895,0.94893549904144,0.338446733237161,0.281686226257359,0.312132273331827
0.901009704782472,0.234302923415621,1.15637437365496,0.366700797973257,-0.26137519830716,0.306559017417607,1,-0.350239046482722,0.577952565574702,0.698477557601792,0.222766641416127,0.842176761328218,0.204741104090538,0.293477094252618,0.237040390944577,0.801765105842021,0.240686983734798,0.777478587613065,0.291243186410949
0.667165949721631,0.19742886003524,0.699923707380437,0.320672536582335,-0.256119617120119,0.299748301531623,1,-0.596633586688156,0.411378435801189,0.684055795674927,0.180152985434011,0.409134858435964,0.243773240217561,0.661652551995986,0.298045185684762,0.723165045932277,0.273987267913452,0.663096444710156,0.404505487603457
1.2067558342132,0.316859740785892,1.22984314190348,0.60661196895056,-0.558812803806568,0.191558484931028,1,0.120386982869822,0.441779961577385,0.648136698442294,0.265138135464966,0.796234408532684,0.287217010425399,0.594228532729449,0.286461187286122,0.832395432368137,0.328506172491317,0.840299509614612,0.44730655858286
1.39018405785197,0.339863971323349,1.46917036251021,0.625831396707876,-0.683488359689064,0.134842864625148,1,0.353915688776865,0.488606704220088,1.00740807217519,0.211205041106765,1.11535997368353,0.250509565536824,0.822435700241005,0.311883342430603,0.675481974080681,0.313827228351368,0.545759127977771,0.338713412338515
1.21682734156828,0.363283724122092,1.48318253990623,0.84539576532087,-0.720334554982907,0.154495433178969,1,0.263400450253505,0.65176242632383,0.883454002871012,0.300794084471057,1.07844257648456,0.261716684658941,1.04450909812285,0.303556893323145,0.874972121207062,0.400591643865309,0.968254036755712,0.397536202128881
1.07141521807277,0.228297061952841,0.731495236440532,0.2888562970673,-0.0745765470688797,0.32269897171693,1,-0.0742140344920032,0.480533579321827,0.687843330398899,0.225746563901614,0.556962464173672,0.175044936348312,0.535433743453617,0.221083283296825,0.340322975278986,0.276723527300308,0.271298610950527,0.362565768811645
1.11850742489213,0.380333565396153,1.70742736482899,1.01706792164342,-0.748985336074658,0.153493129714877,1,-0.433720295776766,0.625411532301096,0.889214653060686,0.268306453387303,1.09220360994034,0.305324714073906,0.587843149661055,0.378341478752671,1.08547728052908,0.341658141675891,0.898969463183121,0.395225442827617
1.19092995601896,0.333984982143474,1.20210439985948,0.604271696769381,-0.71300050389166,0.142294291815663,1,-0.693668579592005,0.506935007727465,0.976604507612014,0.230781114797844,0.891098974519277,0.315533277197136,0.830031434342526,0.303840472965346,1.01677691277019,0.29340721041965,1.20586433747689,0.2671065986553
1.13087476982663,0.299131147263579,1.40637264262474,0.692984413643517,-0.492329825718114,0.248251694355872,1,-0.967269020001334,0.459787893343261,1.04923698878046,0.192469734817083,0.76329479311433,0.261237532337045,0.821842446654464,0.247769071417096,1.09074174651709,0.256217977212127,1.00882945844469,0.319172308438957
1.08206371547187,0.204048579098787,1.03869074341147,0.390884018994556,-0.301947688348161,0.236184472664028,1,0.601304677045984,0.453745452650037,0.658199521700014,0.19682994101254,0.536697649122879,0.203751869489477,0.895974726314256,0.19029451181402,0.733850361226751,0.241956714191079,0.612489496315255,0.333987705121019
1.08707305679158,0.251003822917158,1.36800780688358,0.513102363301716,-0.516028450185375,0.173223269835921,1,0.118786924415033,0.436389114573649,0.77402572227331,0.205649348694253,0.613952192560455,0.22350564322774,0.980515760338113,0.225912937638404,1.06332394033061,0.302173655807482,0.538760917017999,0.331105670409449
1.07288639866092,0.251841322539281,1.30180244520001,0.513445516725646,-0.546185685514722,0.1964939222555,1,-0.0528740472352359,0.452569272026836,0.523118887865147,0.199788999358935,0.991232043886212,0.195979717242118,0.850678858180399,0.274500304417604,0.513318717197307,0.268144575907966,0.738307451249062,0.320161067809977
0.913148204499441,0.238273185123678,0.804744942518801,0.368537400521114,-0.133060227863771,0.373528842212737,1,0.147624100460323,0.451951765033377,0.521977176973984,0.286808028400606,0.494176643807241,0.213004092331087,0.467426594678921,0.240486127187496,0.667258413929233,0.301995554027008,0.371969244015652,0.413139724263235
0.877308229083879,0.193652560878387,0.695537592249863,0.239812543430646,-0.264001184089345,0.360216785128891,1,0.167127856953631,0.412977310720895,0.602297214072635,0.198725323260472,0.563738312164356,0.223574224795575,0.584967028466886,0.212252825321161,0.503089896853541,0.256884381131025,0.36530541123583,0.377607642355254
1.21953202852334,0.310383328819688,0.913064584182827,0.474304016757008,-0.552804868108047,0.241141578578512,1,0.671665622873076,0.517839706690701,0.68040670041393,0.306769382462008,0.713499869551411,0.235503047792866,0.85170358265048,0.289173098814779,0.748552126059928,0.30115642800097,1.17011629761051,0.368220177485755
0.990937302961086,0.366992427044254,1.20270376580837,0.778697843297844,-0.549653739247962,0.281490577883045,1,-0.234561254491412,0.516398216168782,0.699232528798555,0.309064884289964,0.941995151621889,0.320095999434049,0.611883097913945,0.395937400325471,1.14857737548162,0.395913109820911,0.620788128425563,0.375851143545114
1.03705433461033,0.239340055627256,0.924984982137592,0.393009593069629,-0.366179430315945,0.271566659458027,1,0.152730650878378,0.383568959846092,0.640812806445307,0.225173900344668,0.577145415826662,0.226952006561564,0.610668208431678,0.27526751908804,1.18190136258464,0.285920978458182,0.7974487583239,0.239439133559989
1.34758225017295,0.374738708847147,1.46266556928129,0.733725069471037,-0.592845277764103,0.239730214676932,1,0.422948948307694,0.509268244764879,0.667458821710275,0.29780356842567,0.897387984777291,0.316496425570601,0.85769517159565,0.300928617084311,0.857304411710539,0.330523124653806,1.02863225084206,0.352634656684335
1.02687335832233,0.236967438000322,1.71252730423337,0.641011067133854,-0.3770078296078,0.315714486695053,1,-0.279545702515279,0.474799524724578,1.06564581005122,0.193898105770778,0.365698856080814,0.234460803817453,1.06015415853755,0.191347059503925,0.654679139358544,0.300391549156938,0.636385776985815,0.39595343804891
1.00099372118045,0.215161960373575,0.869319373469565,0.374072068066016,-0.198179869251454,0.349101548244381,1,-0.217088071387713,0.555766387039641,0.799103959293069,0.209393748965204,0.665650814678083,0.249637516676975,0.567699672259403,0.236082045325395,0.73789275015744,0.201911992324563,0.843816096543341,0.321365826859985
1.1464302145353,0.227452159345817,0.784764459115889,0.291042842485817,-0.331571571940135,0.182231899954894,1,0.513912127327181,0.344334774320174,0.660369490489201,0.209355034506153,0.38556704390635,0.176808617432622,0.893194509047536,0.178742148971911,0.190893318064224,0.397302573998667,0.593013491412522,0.316182636341265
0.994712310899404,0.257671398482807,0.838406042416882,0.365994358652639,-0.22718239410179,0.373855636166628,1,-0.0811525998660379,0.321420151171936,0.534792525353381,0.229260624968794,0.726928660121417,0.196166141112201,0.547357323988689,0.290492929642137,0.650138398961551,0.30536417809255,0.45192835288767,0.40251305963849
0.798064605918696,0.151923136220964,0.710472053583058,0.224113221645404,0.624344259390765,0.371253694623021,1,0.0863729615740052,0.435715708038451,0.785556620345391,0.164903669884852,0.284505361662744,0.217713692575149,0.398083661345505,0.201282083800438,0.541529865580592,0.216778395628003,0.459974523237767,0.311600343444462
0.738957031757034,0.155876160972604,0.499589978079151,0.181641076362808,0.160285508294156,0.404961377863192,1,-0.289712226026701,0.327032463501757,0.564427628737659,0.161381664937201,0.396909421202263,0.198241304241628,0.318899810402035,0.222815775378015,0.497552378595664,0.245122733377679,-0.126864143218992,0.411199687920267
0.794723767097637,0.154902280591294,0.573639644390915,0.205620632240142,-0.0984685171576448,0.400805811375061,1,-0.350230732168282,0.32225320389375,0.365655125373415,0.202121020172825,0.695920576150218,0.183152245991849,0.348150191335556,0.259932679490716,0.412435600362609,0.241741411006351,0.689246097831748,0.288335178180939
1.00369024271778,0.252331978932315,0.937187706824847,0.381104262076162,-0.270051003431577,0.351666867048182,1,-0.45269040978723,0.536100686858202,0.795262942594872,0.229637921559841,0.821382765709283,0.208867983773553,0.793265192839696,0.235925773112939,0.469059150927672,0.301934333083415,0.65645068384525,0.359456932087809
1.04227210820413,0.260919078762652,0.95829648839414,0.454967460505643,-0.184119105730608,0.453705747784702,1,-0.217606163741157,0.482145680280721,1.04552083696046,0.202929652348827,0.45349659018478,0.263797380779627,0.235049893841189,0.323536643870889,0.650614010452591,0.287610564875919,0.625157534474603,0.300926452030269
0.782612627498858,0.27218164396256,1.01023946488913,0.421880740379444,-0.486266916500742,0.275109713215326,1,-0.558926596678269,0.548972524133243,0.772252321815857,0.215606375435334,0.906386671634566,0.263276939948948,0.767621597179583,0.27182863164182,0.884526956509114,0.300490383297451,1.08923958419599,0.232572575696593
1.34206299063657,0.511226118410797,3.64612599718711,2.35660447224895,-0.755866449903755,0.151397198466977,1,-1.44162270598685,0.820711819817219,1.05270512800746,0.331198618399896,1.50796531964554,0.355935327002176,1.31934507108667,0.302977332250089,0.492933140013882,0.434394097911101,1.39580845623244,0.414228360683268
1.04778069766125,0.255839669420326,1.03438100235149,0.457277055639311,-0.365918142269823,0.282647967498923,1,0.48146943069121,0.44975159109986,0.268917939986502,0.285465506256962,0.794073659590479,0.238287434271868,0.828175034663114,0.286238806687982,0.271359497268025,0.346721048647446,0.346659973297865,0.38674176063394
1.10187261353922,0.238045928791175,1.02274955005812,0.520332956407487,-0.310026192257391,0.301169421023056,1,0.202170753252589,0.283736782328116,0.576994677491364,0.207102404870775,0.840096678631146,0.254054935962845,0.743369387408778,0.286102033667864,0.464381630221737,0.33254596285055,0.344764710679545,0.428155003932958
1.16445229731157,0.285626066363201,1.05746496864255,0.449431835477932,-0.617700006155666,0.15775137705161,1,0.0997935366720633,0.517376923439647,0.791451626188741,0.233549321022062,0.813787765635224,0.247927869993191,0.542691203429656,0.304322703764224,0.709810561520274,0.21676862117666,0.835976992870432,0.318477763390805
0.986908707868356,0.251818425743849,0.911004614271013,0.375988498873315,-0.374322390914821,0.235781822162304,1,0.493651407137585,0.451278801356867,0.653666729194972,0.180154536543545,0.553420725588165,0.256820966241548,0.551017460275841,0.250233112029493,0.508170692374211,0.3543029664552,0.579273282750549,0.302449025541131
1.05951882545807,0.238955636485361,0.844576875574621,0.326445930534924,-0.310855574596685,0.29373624484614,1,0.440225392563933,0.696460752786147,0.829773812718674,0.239542814820364,0.519192603063537,0.218283614631159,0.256809268158192,0.266729247823602,1.08154815635838,0.238663841669667,0.543016835888748,0.356088524287301
1.0301301566109,0.240040302637335,1.08788415062501,0.399871005792874,-0.418298129615694,0.268314584745598,1,0.0451440247265541,0.379285718077806,0.5870765110954,0.194158779309797,0.568822346948581,0.237846452929997,0.824715780767602,0.286341724480766,0.693639499558332,0.246594650613291,1.06461096280058,0.264775348210504
1.44327460932869,0.422431419414469,1.80144106538412,1.06025265442588,-0.593914119774374,0.239927759389133,1,0.655876943597061,0.757449613609883,0.969077737356393,0.355104643330397,0.950073049038863,0.335797138854258,1.01811036537694,0.309236490119481,1.01904364774988,0.356235922906233,0.579596607901446,0.417462173455759
0.899013058313475,0.178171331571072,0.69777673949901,0.224326215637336,-0.173907274517132,0.314382750435939,1,-0.540374259118677,0.377322949126405,0.956588806159196,0.165941296697213,0.473986958010355,0.217595089287991,0.503199690930484,0.212972114223802,1.02582159879001,0.308708256508492,-0.391785186418642,0.654812538612308
0.838976844505702,0.194886647721378,0.657639059749695,0.229161819151577,-0.104427316718548,0.236043384811474,1,-0.122750505876514,0.389530417685063,0.757952066441939,0.185051465492465,0.270729524976958,0.20916669296796,0.646894896677113,0.20928078993853,0.597358291283596,0.231006678996775,0.482333705720357,0.326213188342792
0.961466573845789,0.199758946704259,0.86144415625897,0.365297510149256,0.300443368891668,0.490398175360771,1,-0.11698487171037,0.43300480924419,0.605460852784048,0.188232461210187,0.629146389463243,0.206940299302974,0.484485508254336,0.233332984034477,0.736816877174456,0.360910117939429,0.830616209724199,0.439293637690633
1.31980229030447,0.33530922980925,1.46169167769739,0.789176530732079,-0.509417676654266,0.231122894637543,1,-0.0832814183183995,0.426113746413266,0.97247117452723,0.245703059074128,0.626358303374828,0.306471763720921,1.1454809781601,0.283296879043941,0.835358464186348,0.365323232224754,0.444116459221435,0.373573380193847
0.896509707073028,0.26506335146812,1.29387382283944,0.654472513801906,-0.37451801613531,0.321211684522189,1,-0.366338343937022,0.454291886528148,0.889218676477802,0.243828022888748,0.871768599712585,0.301749674536728,0.67360495801407,0.270492634835599,0.793338160499574,0.240111485586404,0.463188815395875,0.314837419025275
1.36243469839543,0.295554177507354,1.00122450691342,0.390360325142288,-0.465230931312481,0.182010665410154,1,0.972917045262013,0.60207290645587,0.775842423843658,0.213449953123963,0.70619705935356,0.229443507701816,0.660432075053951,0.232365623309902,1.05010097898086,0.253497367302049,0.600999061549849,0.289648154221497
0.886980042214925,0.180275200680453,0.510930236703739,0.187857255318821,-0.127795080447841,0.32367569191348,1,-0.118951492655948,0.382786567444234,0.722877990507764,0.183762822474666,0.523472792219945,0.197848503088582,0.319490394917405,0.257949724300147,0.689882288487,0.273436382756708,0.473415729059624,0.327793583816794
1.0616736197613,0.248647395035986,1.07273426129964,0.479626138605614,-0.523322970850342,0.194301613399062,1,0.391588186778675,0.466119550607936,0.565557710167354,0.243870149750354,0.826130563558196,0.225093472281059,0.800380976292586,0.237841038363971,0.750076684286322,0.268619277698679,0.772868921592186,0.315844299578002
0.983536873623416,0.211849602332054,0.716690994431731,0.3040717606565,0.0413377572966253,0.456018242199853,1,0.246387169311233,0.402914240040079,0.567496905380979,0.172672573027382,0.489051573766813,0.254002588125832,0.667502956997397,0.248144667235079,0.536024155646865,0.241413161671687,0.778933948850462,0.210274942867513
0.687559498826528,0.21454144168871,0.759884283928201,0.369602449409433,-0.46611684655205,0.295770034980821,1,-0.550722805140798,0.379739032301074,0.685600694526606,0.246803324576513,0.595753404629799,0.261786014183014,0.856955770586617,0.277836825649305,0.52799715980502,0.333095647017147,0.783734594671983,0.363314454690622
1.04970329292552,0.228462463515626,0.8673176750441,0.365884323667784,-0.194505285859258,0.345381659128642,1,0.398041190153179,0.39535567537752,0.586282642400383,0.221451650970741,0.846852987136611,0.186364222834082,0.330874308224426,0.322687034915809,0.854413766926023,0.244622707943638,0.444240497904627,0.36443255910933
0.877857395485949,0.217516716544304,0.718650709830906,0.281536462277004,-0.219926114548422,0.352116049541092,1,0.240043077439458,0.514127239599173,0.389807916853607,0.234443355867833,0.538526455030746,0.258561263214321,0.618326430966621,0.262887907957074,0.496907111323565,0.315821698148082,0.680473738676419,0.246400579291143
0.693500781746101,0.299826707053571,1.62566093333083,0.81050060138997,-0.536058668262533,0.267970065526103,1,-0.851771194149699,0.800455241802467,0.818163094701688,0.270089849305833,1.03081296164974,0.300249963550276,0.5308044350708,0.326848369992555,0.756599506341474,0.309809962916757,0.854242261933611,0.418702506736359
0.980000337651231,0.210915250172074,0.627335949299322,0.225614446223625,0.0567286787031087,0.42314026166111,1,0.432533657056915,0.448709905504374,0.20951929148958,0.189341469430171,0.423648622100381,0.221194492538043,0.450455228827831,0.243442282631226,0.516434329995887,0.258191468154682,0.0925920720175018,0.243422585583704
1.39038727871296,0.355610647132278,1.36638105029742,0.559989747756168,-0.570567976848347,0.196320870132575,1,0.557044230657459,0.456343215259265,1.04644357353513,0.252652595093997,0.944521825089136,0.220712843984387,0.906646983930762,0.257085397302762,0.924614137634358,0.319715299492669,0.603445100174643,0.355267370425729
1.21952590002921,0.2032904146951,1.14866664186994,0.404670596903351,-0.155835677679901,0.325001079398276,1,0.829034444096743,0.399919637205426,0.549225576805516,0.211220466666005,0.730150404231816,0.22447013997198,0.973563559572211,0.248737428482307,0.842173776411027,0.232949032753772,0.69266388754115,0.27419910660796
0.933922117459472,0.237060979355688,1.14667601564453,0.509444512207537,-0.55724954850044,0.194151892990405,1,-0.789294993501978,0.420643291498773,0.764152417555352,0.209928003527092,0.847515248498742,0.237828106346778,0.661238345397024,0.221928421245449,0.84523861456394,0.258271091615169,0.811875001574087,0.285048312129402
0.972186466065518,0.253652364048504,0.984537688602542,0.441507080707392,-0.351025438304117,0.29745534433055,1,-0.51367842560387,0.621633654904421,0.7720945209477,0.26484136013398,0.791099896917259,0.233850551114273,0.53290211606402,0.271195647214857,0.519685994061062,0.250653810172963,0.817274986099495,0.256136042122476
0.97773502474542,0.206655944124409,0.519092124992819,0.226053666636085,-0.00506574380852643,0.412584633522943,1,-0.0273267354510673,0.419634285880897,0.586538640498779,0.23298553479072,0.603458712068586,0.186544750823415,0.242001004853292,0.276222457835683,0.238693160859402,0.302334579241795,0.690572790628256,0.282391250851257
1.1378547576664,0.26367506427533,1.10404639962833,0.41129126674292,-0.514911863314362,0.183094722995962,1,0.30841347910125,0.383779683541436,0.711215848810663,0.217990797307066,1.00380136096176,0.182872422060502,0.836972645431493,0.239489044965194,0.736325278022674,0.382643673370591,0.729714725975058,0.359467490474826
1.21164185006444,0.256392148331758,0.697615402938262,0.322296435971643,-0.155973809718098,0.373600035621076,1,0.786939441362285,0.417431933757765,0.477316499691442,0.226802279300901,0.646463602779667,0.218793495513759,0.683793123882551,0.223710491733986,0.305391109249836,0.266577909641576,0.535160993586944,0.33573268760596
0.947297633039555,0.187188939870193,1.18765285150941,0.391096920762571,0.0180303838184177,0.45341133118567,1,-0.718101330178056,0.412565660029184,0.952082396340862,0.180643030406185,0.453511226077552,0.181374442513769,0.928331942055921,0.201524188819036,0.715658171412067,0.20793629960306,0.0304960839150918,0.329716306271458
1.25537808977302,0.248305921421937,1.0075082559953,0.438272536072779,-0.454578796257875,0.242722576674707,1,0.539834685111647,0.43546597111958,0.854426100354651,0.225562328398774,0.363548530426783,0.271660244672423,0.950143624815256,0.241511374400925,0.763012287859881,0.24668532498391,0.557348203789262,0.348526575747384
0.828780640493227,0.221219380064625,1.07413464559427,0.419122999158389,-0.346291848745372,0.268523747708127,1,0.0292037776933734,0.439992097841431,0.417373779689482,0.234477399103443,0.73571650675353,0.222580374870683,0.42111963415047,0.254738058372234,0.375040568257445,0.288820308713235,-0.321266227462246,0.356751596560946
1.19783752681102,0.360017526806718,1.38677015424563,0.762816152693715,-0.56860583169819,0.233402205511195,1,0.496867421594045,0.537510637270287,0.905340865283325,0.280483445336492,0.916803439049171,0.296420990795404,0.403502875699038,0.307987682345233,0.964981251298533,0.288192778494832,0.779925864003736,0.303126990120284
0.859764302865157,0.262594639456326,1.7625825283845,0.765688942962399,-0.507950130168922,0.283673934523058,1,-0.308013221105859,0.434562692979417,1.03239755041416,0.200655070055486,0.527313421712725,0.324325106436808,0.863107584420392,0.27862722138444,0.608962966076061,0.366574909151687,0.787939697887522,0.343124810879507
0.964628517237754,0.245476334556089,0.767804211034857,0.364103298891007,-0.537600593988873,0.199329795079918,1,-0.236190878112308,0.514565222496753,0.537209300138369,0.244930787375066,0.778371464518416,0.234004903295871,0.600297772116409,0.235800009072238,0.559069869322675,0.242193428729093,1.06943079426909,0.390298253368822
1.30161503060818,0.280830495758134,1.42760386727766,0.606684153658681,-0.325947687497616,0.301633110932339,1,0.428292418060649,0.487790633250819,0.851374313186364,0.194863948856316,0.92949330363988,0.211505910637066,0.559361311022066,0.321356744213124,0.574414290988474,0.418046392614413,0.613839585881616,0.309916704118006
1.32972222300176,0.37779671752633,0.944919797210647,0.469489104978765,-0.501557575158678,0.235861814539475,1,1.02518464885961,0.697803859120855,0.67992467604438,0.253086827499743,0.935028128924577,0.289047217170599,0.689118041542438,0.259608199638012,0.606894126647687,0.271515803703279,0.895367924144869,0.291445076826307
0.779940850110937,0.188802631957912,0.923209006499891,0.371709159824279,-0.318520778577324,0.281730078539424,1,-0.517402712694444,0.413135133681512,0.806846262182761,0.202416942621499,0.435399598084582,0.221789519893297,0.656989417246789,0.226394519546227,0.210416967115028,0.292860822455767,0.67135842451905,0.332690223665403
1.52228634791729,0.470925884454222,1.85541841634613,1.05117114936455,-0.642154138105479,0.203203660789871,1,-0.360865381064323,0.46222965409346,1.11897096454296,0.296725008542188,0.904101523254243,0.330965244654053,0.946854418811305,0.349724413402028,1.25228236493671,0.390052334594651,0.9962067902597,0.353586850998106
1.19642979106875,0.323707145065291,1.22150933790785,0.557231352911914,-0.692883204429003,0.155862416662907,1,-0.320930100442929,0.532445294765469,0.945789266379561,0.233937421733066,0.83819901531955,0.26437533080853,1.33565573268834,0.260590374195923,0.705100838279078,0.383479614386622,0.779582374294959,0.445860587850339
0.984823736056122,0.246511453672941,0.912791819052193,0.412380581698244,-0.451317967964597,0.204389116952132,1,0.275029640874925,0.441606745038129,0.390014105101897,0.232271895509192,0.716344825994246,0.208598393233377,0.830818109803337,0.244726478942461,0.321746154561825,0.341111787467717,0.490302816237313,0.530456695388368
0.799998373156986,0.170239176058704,0.514057631754751,0.199864276158439,-0.0549820671116434,0.420515243065649,1,0.119114966015767,0.403111002095313,0.549859823866819,0.184772897185285,0.425475749563809,0.187419070152623,0.545929418854234,0.196004609134059,0.689550618069778,0.291422130360173,0.177686440717494,0.409819906073832
1.13168031530595,0.265350660584478,1.01264091430078,0.433565218368806,-0.309189378859598,0.253054445329263,1,0.0671038653735958,0.403533541152616,0.67963687638581,0.223586720381769,0.568025032165471,0.247339304025216,0.72351939875834,0.212232715669961,0.776767541846781,0.262757992487905,0.543223254870577,0.287345178729604
1.45103893169795,0.260854815594812,1.01755221880522,0.366630511029423,-0.655904111823204,0.149234264233272,1,0.887090465007774,0.522168046142234,0.745567014508096,0.238755457364819,0.645212619311283,0.222836316561136,0.917394506916641,0.19933478172193,0.722859993719451,0.237655126402933,0.865430470066739,0.274987833806077
1.20416692900403,0.218400874702235,0.590258382684742,0.272455982681389,-0.0410866904374963,0.491341541212342,1,1.22712941867029,0.387952514363281,0.377064549170045,0.223388491740742,0.329268430258437,0.195440906871946,0.582956785421167,0.267406172194922,0.189389131115997,0.330325769965477,0.193177141341558,0.391158609048496
0.932115550950733,0.206134259662564,0.87649642423762,0.369498237955894,0.0371465036040242,0.447898002071614,1,0.0840630727125307,0.41413001249375,0.68036510625339,0.208211938097087,0.163089295908491,0.229474116826748,0.704156727050032,0.233125279528631,0.792484344349513,0.327574682693307,0.462631913317128,0.309781151219578
0.781916967732394,0.224293830115549,1.05757905906947,0.433717297158485,-0.337907515232301,0.241698692400852,1,-0.261029934096738,0.431711174905176,0.572060520377983,0.223675799561628,0.860192765427798,0.211526372987719,0.581369912184254,0.265006509243258,0.788048755121669,0.271989412503127,0.881533675628449,0.33330921801767
0.986186280115743,0.243405456365956,1.13807836554782,0.468726800133209,-0.183706022040379,0.348653613106685,1,0.0153768336739625,0.539522051656534,0.807490726614675,0.250245254298062,0.467726763674397,0.295430360667197,0.855167652928291,0.241176317952717,0.946401151250805,0.262909634571142,0.65428678048252,0.322858447221258
0.719740310771562,0.270259028582845,2.33619725911047,1.33851581160223,-0.695689231076722,0.166493297337659,1,-1.12060479805918,0.59130424736562,1.0809041037926,0.257900238089418,0.903717688748604,0.284854265914959,1.01975648225665,0.295181892198233,1.14823005021359,0.368871876549554,1.5083759821704,0.488562939292414
1.03272916814563,0.190362791096081,0.906719079197193,0.366202298191356,0.575156909435973,0.419804233250134,1,0.441324778358065,0.37395450040055,0.24950133148667,0.183153104555442,0.992204882959003,0.184538306068132,0.29232141342819,0.328040492368724,0.786543427064507,0.230522919755577,0.920651417751596,0.318125798148375
1.6417483265411,0.484473478161033,1.62018973357517,0.887681957172777,-0.704869707861467,0.130756801000066,1,1.24905988372881,0.78001638439041,0.506834666484718,0.311546053351555,1.05626416097425,0.285764768365707,1.20362817808271,0.249661970026823,0.880721384062903,0.358096387157164,0.906951439110205,0.33954927837917
0.908018780983725,0.265977901626692,1.46517428431867,0.581061634952116,-0.547494363913507,0.192369027456744,1,-0.224627041027464,0.488594895460853,0.977604098274131,0.243467676706634,0.680959718191222,0.272339334666715,0.587628781728459,0.270016167593485,0.68456164950823,0.265196753882411,0.682392375239658,0.320575344853661
0.672957244945418,0.184100897727211,0.851124864726742,0.34525219439462,-0.370163688969875,0.251589188995934,1,-0.441609801132602,0.37200173779845,0.5829263926763,0.216668999241578,0.76682610422056,0.210237365787285,0.984591905053098,0.215069196678284,-0.0459477326611727,0.346309303709391,0.413989602574225,0.371808747346883
1.02431810742742,0.268463653263109,1.32833879240912,0.627934042350616,-0.52159837087243,0.222860416454162,1,-0.13329245612386,0.364050093140468,0.688208245002316,0.263508334933492,0.7850911196683,0.261028458503791,0.709636560776531,0.204523222318206,0.794673142485949,0.270601595783046,0.614290857615821,0.329331980718535
0.624547154172938,0.16192301315486,0.64879463452754,0.23864766906887,-0.145021777672834,0.302045003459182,1,-0.529065365874247,0.425025081206964,0.639967806548072,0.205869548301321,0.607789066587188,0.220607929839817,0.563425261120699,0.217108177860516,0.3886101404101,0.249295007862895,0.764113861456362,0.292247889512225
1.11549182460888,0.24376197385801,1.24584804777954,0.494723635434536,-0.0375836022566448,0.541634967379366,1,0.0722154584527321,0.528929278653485,0.94022285324896,0.203805929225324,0.681696276634541,0.296706006734462,0.837701353416095,0.20408801680783,0.559479188175426,0.290442492451781,1.05373784623957,0.326316108379867
0.6022506004266,0.188508944453644,0.577858674220852,0.243359596508701,-0.318498186278756,0.272092718061699,1,-0.158859646927315,0.493740501901736,0.382520593744021,0.229592902632148,0.654856210822133,0.226061408624856,0.275953442390858,0.281611172668932,0.726115327771349,0.266091020259498,0.816762895465795,0.279726131240415
1.46476729625733,0.460339852078336,1.45776039118434,0.984331224679528,-0.680269402986508,0.209567006312964,1,0.320828776966428,0.476302019716558,0.812507494365636,0.358972693684863,0.814363035990178,0.339151863544019,1.16313196645492,0.352767804806886,0.729028770349499,0.380729401642505,0.85631706647357,0.463379378849796
1.06507808025444,0.342069219822479,1.07868740145242,0.603118046641476,-0.648271308644072,0.212638844059095,1,-0.438932695719531,0.539675785646375,0.851961730338833,0.289010811209768,0.776400380211686,0.264544133227709,0.705677831962264,0.367726041651066,0.876492119872922,0.406930805905871,0.066982123214413,0.515607624168362
0.713372152500294,0.156332524891356,0.519077536881189,0.181454129533837,-0.102316707277218,0.304746405389763,1,-0.373324000631957,0.387702596255129,0.489380240235865,0.180830823732483,0.40442328015872,0.217564772436435,0.443827660505938,0.214719515766531,0.613010973560477,0.185806141583534,0.35969574183852,0.306803377374414
0.933031336293758,0.217188322413556,1.03059248455019,0.44484041374395,-0.320704947982066,0.255637625177618,1,-0.403671405089385,0.483923988698115,0.542521917948314,0.269890977886176,0.779969791081936,0.181672727489,0.743351777904705,0.245687860499372,0.305872378514949,0.348693631423703,0.810696190367167,0.275351774751004
0.977891036383616,0.169241181514589,0.60124195706114,0.196369468808581,0.0597309126762706,0.314140229192826,1,0.363171086719456,0.330774412742714,0.309921895710145,0.189544661227636,0.538922533717457,0.183864474526311,0.695265115506175,0.157381858868936,0.620840983044186,0.235224272049482,0.716594051310628,0.519400185190151
0.80239313949499,0.181422030464949,0.534829074932822,0.216968084127527,0.14450114313488,0.469740971978354,1,-0.107186182457408,0.401726582313878,0.417374838297328,0.184988665991354,0.539505681763205,0.241938461570247,0.582598426827575,0.208146437268931,0.465828867258302,0.269344724406259,0.246287655262461,0.308499526456166
0.773054719055964,0.212418730595575,0.945099187645941,0.364641902188601,-0.405103400887078,0.251843604845056,1,-0.188195295708011,0.485519483144348,0.72000189334411,0.190750622710136,0.666970476561507,0.193914001558085,0.443010302066903,0.259535704395939,0.580364953354133,0.422436972957244,0.474443125117958,0.304562714650052
0.866582172285401,0.301240897370507,1.74548757486713,0.831076137418196,-0.591115297690031,0.195528364484353,1,-0.207729416412752,0.544310649950175,0.861273396323352,0.238686666704351,0.645196530700661,0.295812982700596,1.03757756780897,0.29772498947706,0.526583335836141,0.373421440027626,0.706192491770335,0.446219799291054
0.955397294360053,0.323782191351912,1.30829725797444,0.659540808472415,-0.648075116012153,0.17797737895741,1,-0.310978374391597,0.755288143787101,0.894442473016401,0.242513491540282,0.875846974155723,0.269626657184712,0.668252638488677,0.346331978116586,1.19850111209119,0.305141212508754,0.411001705036218,0.466906447294665
1.08212645504416,0.382256715380327,1.90766927459506,1.02992347541023,-0.59841227929272,0.1994162741508,1,-0.233099868455966,0.598109435686437,1.03602502849219,0.252107434028965,0.812133887172302,0.299311076075532,0.694840375376875,0.321083908269669,0.860949345262737,0.35971857158158,0.920242282363484,0.416975312730182
0.804800824667574,0.242166008161296,0.881547389338443,0.351387065673304,-0.539730198974164,0.205673886643198,1,-0.0362611731506947,0.704530460733915,0.484752704986051,0.232730967114039,0.601044632343855,0.230229086614079,0.728126768707658,0.240273990366896,0.366296538224523,0.322392534818496,0.830668162499091,0.292103342558938
0.96985497692123,0.285751320630011,1.31527220248431,0.649979872947538,-0.237727142564933,0.369368957204143,1,0.0653173360702601,0.530758565032117,0.71239095466703,0.222382075474878,0.733018925473545,0.223178454512156,0.975806730629789,0.272379877932735,0.307811576131042,0.404608771957077,0.502498469705976,0.330966441886316
1.15590192250871,0.27735625181739,0.880263054305343,0.435070751605951,-0.591267883585449,0.189041390612783,1,0.307208682619069,0.420615090500356,0.474756696289743,0.25841213219291,0.678161455163191,0.233778361110129,0.786293498951495,0.306807652738274,0.701512377226245,0.297421508839473,0.811436258279839,0.426080460873566
0.992188857888451,0.179144229160244,0.672473544388159,0.244108020513682,0.102493134983365,0.344699106275647,1,0.608824357820552,0.361224058077802,0.198390276058777,0.227582531268864,0.39794126192933,0.217359272808298,0.774277197450532,0.164892703449436,0.566954798894136,0.171332158952442,0.589185364437536,0.290120731930312
1.20290272766872,0.238060935336423,0.915025707019687,0.323290704712601,0.112287583089453,0.386032596090595,1,0.291025320819353,0.360181256840042,0.643661195510134,0.183731950831498,0.547890867563663,0.23215385479709,0.781454062362522,0.206813049008571,0.99154120711195,0.280038950054117,0.756412416271065,0.364508241952327
0.910593500380411,0.225993231965791,0.936836995811267,0.386176631833254,-0.124500618513843,0.380360321437009,1,0.0414025337897628,0.451337396151414,0.707383370979687,0.218453053336106,0.423936019920601,0.235627337493262,0.431964068081464,0.267118211684213,0.626618371015795,0.252666768775738,0.556822028158671,0.248258514217636
1.53493047819063,0.452382351907254,2.00422006223879,1.15730655229221,-0.701110533030071,0.178473839887923,1,1.17990295143665,0.725738769692742,0.973621205163885,0.281006581906248,0.778395096947537,0.371678255225162,0.820194792887287,0.337341422905529,1.0128876000173,0.313354295302256,0.691808775620552,0.409635763351455
1.02081587320398,0.259093194201093,1.053147421964,0.529415931174074,-0.699997983789045,0.149068890757587,1,-0.355288982609272,0.489232899997,0.510792414607107,0.287084844885544,1.05866909022324,0.236897471489925,0.720881829496843,0.301912751835405,1.19108779875781,0.360607270864183,0.636144079124389,0.456432417715142
1.24450828905231,0.226087811457092,0.886097306233775,0.331884436751908,-0.238530703719474,0.254437571078039,1,0.354027943414781,0.373208179827019,0.598931828786728,0.187439567787423,0.865914412329445,0.17725087279176,0.62993877685106,0.201180369920894,0.75438162537482,0.316130726341101,1.0254028839699,0.281608402409783
1.09105084387935,0.231128646599634,1.21165871665939,0.504178116190895,-0.341337734113107,0.287474972406465,1,0.56054420597051,0.455220003923408,0.622086019404543,0.210201704465875,0.753086257379194,0.200337425514138,0.878477352829414,0.216218896423591,0.390979033239657,0.264193768900852,0.868290482273664,0.352592160302266
1.12418155787346,0.246547765753104,1.01606511075282,0.346106889894905,-0.294870649016612,0.349537179875661,1,-0.0502136629211284,0.460132093115029,0.804686716651938,0.173118660826331,0.749640597443868,0.180156472584135,0.640097274261428,0.214399858713638,0.977662992699062,0.232195837738189,0.662670757224942,0.336902181295108
0.973771541484687,0.208883972770922,0.753536045177131,0.296559136924672,-0.319365870425874,0.268045953842718,1,0.00725691467736152,0.499907754984157,0.759204497150943,0.157565559370536,0.68131538218483,0.222996887541799,0.339217274028603,0.255357235295996,0.288029300415856,0.372124902089719,0.99668288419866,0.322790967333525
0.911336200192416,0.244869689761625,1.0271362274172,0.428011585687286,-0.0251508086438287,0.515543609435228,1,0.144829644282267,0.400182295037089,0.77324661199868,0.244029544773551,0.103939254229027,0.271243067900762,0.67167098140789,0.214856439911951,0.472057022485004,0.410985818491155,0.696720739684253,0.323340350875489
0.766700033329882,0.22063423772634,0.941535983494209,0.422150386629003,-0.596954176294799,0.187770792804178,1,-1.00560227783864,0.450223509560622,0.762360685896843,0.221441596598075,1.0333534552182,0.235557242597268,0.618165902624695,0.260210613967766,0.502727551814277,0.321269439968807,0.68305780550244,0.302336344573567
1.07332349622103,0.358547288648208,1.97861523294236,1.20631869822573,-0.738979219106282,0.146364066617656,1,-0.522744213398983,0.544771009738029,0.98204169378506,0.317464789207881,0.931017702658924,0.31235528959529,0.721002820392603,0.326265460161133,1.20517642573887,0.315084303957067,1.36123803566541,0.408525551179442
1.19671924403748,0.224840323898693,0.947174693308331,0.385273279377687,0.197478798868262,0.563071087261689,1,0.13130306795435,0.3472882305056,0.580506570084364,0.221984768732621,1.01311583611132,0.182991808802019,0.602064022593888,0.204900978894242,0.768352998638009,0.341083953319243,0.722345935849289,0.344947724801647
0.880446168438458,0.186047982709735,0.843393795362993,0.352588258234406,-0.378056611855908,0.294297955176294,1,-0.173876809248616,0.424742210143151,0.640819107838818,0.199182487241717,0.569414968057735,0.240016781819129,0.51516684836003,0.259229904800203,0.64575593712721,0.29625446851438,0.731964966973868,0.389742966890211
1.02545896052444,0.247753876929618,0.858847753031029,0.357571139991527,-0.360050479618905,0.269170991048741,1,0.31668547800613,0.440737571562318,0.529857697428799,0.22200770514889,0.866932698513436,0.212568281379658,0.66160825016019,0.316425185841521,0.170569135995988,0.333824042268739,0.677593056519172,0.263752661797711
1.7180121711562,0.385536542742618,1.05331027106594,0.467409791387678,-0.659475593958769,0.159729151180268,1,0.955685776792275,0.702384353451526,0.798099720486255,0.258217856162765,0.814512387292898,0.289690557192717,1.00549662456775,0.236504222731854,0.756041251979032,0.309462170090696,0.987719893301341,0.2688315945404
1.01227354685139,0.233415675481161,0.946561623055022,0.395217141521282,-0.270325906574103,0.320002585468605,1,0.132834250147614,0.40648320942881,0.758678162577218,0.248759714261931,0.498796844913565,0.23312213756258,0.672541104894333,0.238345710391014,0.337810161957827,0.295847727696129,0.788508433557914,0.3119348137443
0.709003745564436,0.163319789806109,0.571404987468515,0.215058084749309,0.0604225535384308,0.449081123961727,1,-0.0697532671785048,0.40179673979341,0.340965523571502,0.198519459209461,0.487048766345598,0.193243594642337,0.217707019224786,0.28035416471584,0.646575056584648,0.237132796078375,0.409366981848709,0.291617561354871
0.767935729606104,0.217738457171364,1.16982883697684,0.487263895289304,-0.233041675856251,0.354480830852384,1,-0.215237417618375,0.397546784109799,0.485393107880354,0.237511245199213,0.639534179677742,0.243673103315103,0.558193748373502,0.303609914426233,1.00214969170052,0.225468995681533,0.370360009575619,0.326460950252115
1.04971999056388,0.341763382491887,1.18417243252827,0.636162196151418,-0.560720565644859,0.19353409624056,1,0.637699141121722,0.560761384841393,0.470105172671415,0.28826370693398,0.611368344497282,0.280840477670239,0.950431891425006,0.314800741791521,0.718121490334776,0.269689058542845,0.696372895295097,0.387781008651334
0.736431561644012,0.183271330308678,0.917123210871013,0.327198773397506,0.142548418166031,0.401680580701443,1,-0.187700856671746,0.381903476716944,0.43032644475674,0.198604665944801,0.687319395078797,0.149803812152283,0.296323800027962,0.251957900019581,0.379337560692733,0.247777922001292,0.326200715936027,0.295358253079227
1.15191608016885,0.261474877968873,0.947894375298402,0.36460754225941,-0.41674973474733,0.205694089682451,1,-0.405663763938322,0.63757283654633,1.03340873436473,0.23513923528966,0.627285106561949,0.274718077593365,0.416624155000064,0.277109995589787,0.536099254715375,0.272260210133491,0.986190453146598,0.328692956929743
1.04926442446851,0.205428179356943,0.735253092450155,0.281277240766233,0.0536370898939443,0.458975676643982,1,-0.414690418007035,0.410983059165698,0.769845196183338,0.175995117542333,0.555969733719662,0.205858242272788,0.72930126015653,0.267628607064028,0.68591648062049,0.238739398734921,0.547391441187674,0.270588927834178
0.998045276961181,0.267061132666735,0.891608997937396,0.421369432337878,-0.571763785600985,0.212141027241883,1,-0.0797698370313931,0.470918404536936,0.705853068419628,0.218709244957546,0.71351266087481,0.257684698134639,0.764751485028662,0.273725289204263,0.532947198665607,0.371370995460539,0.311856280156672,0.318590841795402
0.745262453062769,0.22821932281053,1.01685798989771,0.362964037444173,-0.418930969397223,0.206724668843707,1,-0.644255722267734,0.45144952638418,0.649048461179842,0.187892094936448,0.821969240695919,0.199662651651222,0.742495488964954,0.256057802149678,0.699658863718211,0.253169331383183,0.696498248049622,0.381561524568298
0.762203507207185,0.200573299582633,0.886899799455175,0.348727510176605,-0.107557183600742,0.367536695929922,1,-0.144864117968325,0.422032707897909,0.369212393009411,0.222313980094711,0.803357830179855,0.215500733987484,0.163407927814705,0.26970481892353,0.451626454459214,0.256114037824614,1.1477059240802,0.30088882825514
1.01306664884254,0.218391862834796,1.00074369046652,0.425254001825582,-0.0383988585203718,0.447344108929219,1,0.271075540353925,0.437791425043128,0.384761910525568,0.212850525437276,0.980011010527503,0.203201634306888,0.203220940063873,0.288568908964603,0.63917334547618,0.386240537381374,1.15604925066731,0.354115123494169
1.1843076988138,0.28658692138233,1.46109240892385,0.63942956354192,-0.447118912112096,0.199940000182707,1,0.283675910144417,0.418867806894553,0.814762153926924,0.206033978450684,0.864709889699037,0.232217016408164,0.679275742987864,0.276663874959242,0.694221296314171,0.3297785089296,0.511807517555868,0.411468335396633
1.03670377194919,0.273574044458378,0.989632433093979,0.417426194481177,-0.461452353608078,0.246814129877455,1,0.107344205487785,0.393051924743666,0.747266233851869,0.195826632314681,0.857698338314264,0.238392398010722,0.621397307955469,0.278504652683703,0.1248454766273,0.357419526980336,0.77823011223129,0.41696848029085
1.37194082776813,0.377046881962129,1.09099121827805,0.587376182437562,-0.538646971663724,0.208180618536724,1,0.510737823782664,0.511643534254734,0.758157373772498,0.278034660052817,0.714663677037724,0.249948282182927,0.861188425857386,0.318614234749482,0.849293148269193,0.352830907048548,0.731456064890048,0.34187982619996
0.905831395165175,0.216727885366253,0.96889105752337,0.38813777451775,0.187257824956894,0.524207536263479,1,-0.14666187132282,0.471880545647599,0.740368459391819,0.184517841010405,0.692704786616196,0.174726795399866,0.46210288204238,0.231866308558086,0.57770417708161,0.383928320551996,0.672472548867959,0.28955691220658
1.01918424422297,0.181161573049475,0.978704142410535,0.329152486701974,0.320833803865836,0.337913768414141,1,0.290018442475248,0.351232947983022,0.676427152031174,0.208098753051592,0.356546491388715,0.190391586951901,0.870293567970632,0.179136116419949,0.801110794901401,0.300476618345191,0.530464493894595,0.302150563018397
1.06104920337114,0.265477791566057,1.13255037994126,0.504441302476247,-0.415132304547972,0.2130139824617,1,0.0305082519782303,0.537557952122961,0.636627634153044,0.256347654344853,0.4384440551384,0.270393719128673,0.626219602500204,0.247827986793957,0.892787566699096,0.316830957814062,0.735676162465204,0.33579187582042
0.730460497401516,0.157621233363177,0.428879257842767,0.167672246120322,-0.195876250413104,0.305777054145951,1,-0.282156514433921,0.412247376573406,0.610184010146785,0.196317591278943,0.479694158490394,0.177167570985794,0.297158078486386,0.254638791358189,0.400104920490136,0.263982669609997,0.468346551456695,0.315101077094355
1.06471724903444,0.239496589088256,0.382713994251643,0.17945025008099,-0.413311581950039,0.253558889908668,1,0.459322639175968,0.40568939938766,0.474924688026451,0.225466728262191,0.484790203240135,0.263659410572707,0.643289389919988,0.268457082321892,0.472177046436641,0.286348937830153,1.08257559043496,0.249009598436762
0.964355217100226,0.227477628408599,0.788916269654516,0.298159213182926,-0.389442669604049,0.275480426665034,1,-0.220981040150253,0.556509227905533,0.631924498929647,0.244234859184107,0.484198786969597,0.234243277252009,0.763538051864752,0.215380564058935,0.473207420017285,0.250520907400365,0.875630613602779,0.286907401978902
0.869109168553681,0.251954643856254,0.719186795031015,0.336312425541909,-0.406401000127809,0.304433861475016,1,-0.187933473809582,0.507728370868162,0.602020014728612,0.267340727305675,0.858172030454715,0.249347247929782,0.733964711110706,0.237876549444748,0.461939129803844,0.359964354958388,0.711161995786749,0.431356968636314
0.890644493109877,0.180230047846894,0.765902549409595,0.272523531317563,0.176247165791253,0.45111703956464,1,-0.0399820992935083,0.467445746987,0.78655500772042,0.203705444942987,0.531639364010052,0.196189923393303,0.302934508948328,0.233942984882608,0.554448961931311,0.195271345849943,0.448430463562136,0.32182189485594
1.31529278814166,0.305961175284021,1.76780947385144,0.734274568497702,-0.620349802332778,0.17742202725103,1,-0.405175028720854,0.536568601043762,1.04169071154358,0.211898152665531,1.03263994297823,0.238586640301646,0.905247126886727,0.246084534214521,1.22016633591688,0.246522985101076,0.534330458520758,0.441375354560189
1.30365849171313,0.341197100364931,1.96404712642984,0.973471341310877,-0.35569013093942,0.296028240814761,1,0.292193633082054,0.468073317677314,0.741540135334735,0.243207287502211,1.00797911866473,0.243640448937897,1.02628738236942,0.309058089764619,0.996986294887441,0.331133565700884,1.10491610582507,0.38530820835654
1.4174666810925,0.253008685381471,0.728460334816002,0.243759889889492,-0.128243742523378,0.373715974705792,1,0.256813134914802,0.538255900949239,0.979987613622054,0.183790742803537,0.605085056379709,0.220225774588884,0.878621690711667,0.176237927616684,0.803676704925858,0.220174259722189,0.818311271564557,0.259802706399328
1.29564543005798,0.40397528560581,1.60939775082611,0.893643473436243,-0.721543468999732,0.147358482848072,1,0.143527867370547,0.577566556121547,0.704450569087595,0.309060332993191,1.04921856569949,0.274297768943836,0.905382037399479,0.27103392952939,1.11201052655069,0.348039187509018,0.91486519314185,0.315367235620994
0.858669308416852,0.195193667363421,1.08413061507379,0.479842650166515,-0.579198383237466,0.172553831993794,1,-0.176335546692458,0.367256420169095,0.776962668804213,0.209450549096966,0.81178775979929,0.259600325394144,0.983832040718741,0.235708867574906,0.724038875847335,0.262445533301814,1.21258024012475,0.289884924842081
1.3801963469864,0.386553389823849,1.70103736746344,0.799543510011859,-0.664912702992335,0.173715023347124,1,0.550215484774902,0.685345422290651,0.870070954635192,0.244850951453302,0.983483868163366,0.282568192787534,0.939503665896225,0.256532476311413,1.08587897022699,0.272099048983317,0.711048274878964,0.341709709001416
0.81680940146406,0.182544539821381,0.505438344979028,0.205923248636715,-0.194948612003385,0.324270951417334,1,0.265152711921708,0.509107097047951,0.590300503280911,0.195446686220277,0.449480077731583,0.213478402552362,0.44500816190219,0.22243269942865,0.340064067094738,0.274525789707623,0.597321152819822,0.31177918891638
1.21720685371481,0.257545045248937,0.840177043236072,0.337450521009098,-0.280570920637132,0.253122886959481,1,0.483629311266724,0.492887042433791,0.666729786493254,0.17449440588774,0.830254922657698,0.201196584088125,0.791806396222175,0.215207699269394,0.703014101377705,0.263567905795825,0.341149312000842,0.471261872604442
1.01313289497366,0.255579219556993,1.13757045778449,0.41065750240818,-0.380419468856431,0.228277987865905,1,-0.226639113113972,0.437150314618809,0.602009884216545,0.201816118326193,0.993264031619836,0.228492030599993,0.997733084964755,0.176984600528787,0.613969534944101,0.317217634269278,0.920088227468999,0.431553425557323
0.935451176765203,0.229997617405565,1.32469142021502,0.47812254419787,-0.171562755723883,0.414870560942254,1,-0.426911578733207,0.459582728715069,1.07095352071851,0.172185841581645,0.603988940667407,0.174060067091521,0.755446328616644,0.240354658230056,0.900794278277168,0.272246759390297,0.757723436052819,0.427938079506917
0.940832531340198,0.238233815776926,0.939783334472897,0.402143265770659,0.0261458317044878,0.532306088127875,1,0.200573433036843,0.37025062677988,0.366884643628536,0.265131560754785,0.601921347816885,0.246182160738775,0.769170479700543,0.235066398893855,0.386976169256943,0.302667478338284,0.353962269997442,0.364014028034749
1.15719269393444,0.256745087434918,1.02510641254273,0.48808444041488,-0.39742097761455,0.304718042758735,1,0.355003812070318,0.423507027440651,0.591174607783277,0.235066847069096,0.860623135859311,0.25687855478072,0.299236122607057,0.379009224267615,0.79453546279239,0.218524188613346,0.396137762087207,0.331487537054936
1.49610026004846,0.452359262152352,2.45457800296397,1.31029450386181,-0.748202133124462,0.142840762741091,1,0.143497993008811,0.657421690660249,1.26626074450999,0.272787445452391,1.03206197516116,0.319887309160791,0.788087794202847,0.349592183890154,1.2361888345328,0.32540542193592,1.14658345315907,0.424707664718123
1.03776337086184,0.301827891591308,1.69532062498368,0.637570769254355,-0.339480107886974,0.287523920296712,1,-0.380569330590671,0.842559101346677,1.0017000709674,0.212712206794366,0.714523846770849,0.20000304546427,0.802532105497476,0.243003724288596,0.820987047224864,0.238610962077314,1.18512191534124,0.308531556510804
1.23333864895567,0.296085627003659,1.15305929658156,0.513145242319081,-0.520922887897616,0.239475420363042,1,0.319512666488342,0.51548971560897,0.754854787777959,0.234587703277847,0.685358916607695,0.215323944496147,0.89098046895482,0.284236229699885,0.645998260614865,0.317894831014825,0.598609748588329,0.411253673275026
1.1789112951954,0.345351531147241,1.02296606885342,0.555919283151723,-0.442123095308003,0.310735916363461,1,0.0321171341520547,0.545141787991379,0.830359442706783,0.290015616226671,0.898904577725172,0.297352013966118,0.811651505378681,0.260671333077218,0.533925088749823,0.325955772876805,0.715582883952235,0.339031427762066
1.09598977067964,0.35512256568063,1.25366969399818,0.729024100554939,-0.564035251277765,0.273800076172252,1,0.141677866632981,0.460810954572174,0.820648182728097,0.252447331653981,0.862095703473588,0.323159847199361,0.883254095321794,0.334472473488215,1.04428160087588,0.350728415533593,0.900161744095466,0.399722564778731
0.556950646289951,0.225631021576739,1.2660693238736,0.617627400801379,-0.216121634846262,0.452904913888289,1,-0.36176227375875,0.452758592049658,0.692579092800612,0.214312179351776,0.661035849933911,0.301508328171368,0.513507836371713,0.339580740270538,0.558307092776168,0.350989750484614,0.851165466120783,0.315846439354636
0.921749593173618,0.125247742998036,0.417136855546093,0.148814073104111,0.319708301145053,0.566155551141432,1,0.344143524974411,0.378252246632178,0.304820378864786,0.182183944785387,0.684252173233915,0.152295177030964,0.350488153730455,0.314157133224785,0.629915911510825,0.227705735756019,0.530972904792876,0.284312573075729
1.12814001330382,0.331867393529926,1.67550977983004,0.813011820726678,-0.643599005834074,0.164600363275944,1,-0.911695705363905,0.707087971027827,0.917068996485437,0.238836506011917,0.87677172498248,0.260550331894224,0.7544738893295,0.28866858849033,1.16656537124909,0.309253774113383,1.05547383755274,0.283335218107216
1.21620133102774,0.273747470274853,0.826196447461023,0.383255576341779,-0.352810756191494,0.300029749039425,1,0.0801384725047976,0.406183272617312,0.691381746843608,0.239777152692051,0.665926035757196,0.240304759966532,0.889631098694851,0.227014099183302,0.879967272740133,0.282743518980573,0.672203988147424,0.427683558615858
1.08960403235942,0.235923891600435,1.21032322297644,0.510248544410852,-0.509325358651457,0.234744846281144,1,0.195672165764109,0.437402290908007,0.652542074910646,0.222150740742741,0.969503763327859,0.195488587562002,0.824172814725466,0.267357202853979,0.402004778288436,0.432908616215377,0.672222748165513,0.350659924735901
0.876914516690243,0.253652955171058,1.39726465526001,0.66670408404971,-0.604119333551232,0.188367041753258,1,-0.12841876525099,0.517043058887789,0.573848982010667,0.266155156545556,0.633920540683173,0.254435326866364,0.76242545769975,0.404691367636373,1.12763745388033,0.262747463873124,0.926409394459688,0.301792208299485
1.25572463496122,0.331796696122713,1.59201385850401,0.790660623410575,-0.547702293792926,0.234262293934056,1,0.0420853703357474,0.54716679798461,0.884969013754605,0.283775167527043,0.883813938019136,0.255434699998227,0.920194453293869,0.268303962534038,0.832541803047786,0.322628224618685,1.17159225139711,0.280543677875173
1.48851577792863,0.520062756496608,1.94051459054178,1.35731768100353,-0.689298474070436,0.236791139505201,1,0.352024845676511,0.554933776333889,0.841774998221632,0.320732530488499,1.02332775888651,0.344034628135491,0.831948244654427,0.355035092476608,0.888174673855436,0.411535738069976,0.852674661443877,0.454897126400876
1.0702770605427,0.343629123624167,1.46337109501328,0.821257095845008,-0.521502270739447,0.241717844664851,1,-0.621928190268379,0.466801597719115,0.692469658416324,0.293301490081856,1.10482700212495,0.249745018798987,0.870226939390284,0.286415945758354,0.926028022293653,0.347185415852543,0.654443252401031,0.350653535838605
1.02479103181618,0.236319774604069,0.911053952396746,0.367471470654886,-0.0421967695985136,0.443306871988786,1,0.618258403156761,0.457521730806835,0.549340954757604,0.198603436117401,0.786826839793687,0.219519218193127,0.830592619656132,0.252985575098646,0.655143356010333,0.299009728810322,0.414053157694681,0.53682821015186
1.14862157567516,0.34789602636186,1.08029952183859,0.633291403057875,-0.649880610701892,0.208436930732857,1,0.350701709280356,0.559415894347939,0.483570430189738,0.269486793456005,0.937076560915075,0.305004065530713,0.939447486144073,0.314356931962742,1.17366451142265,0.4328346225576,0.917222379561638,0.407325480273005
0.864558473733502,0.200173660118407,0.687855000745577,0.269118853632456,-0.346229380161108,0.245749856567284,1,-0.165261485307043,0.432276234461222,0.589058277315581,0.196193021211339,0.699135798408196,0.197460531096635,0.677790150044459,0.252746484488087,0.575902631861379,0.265084485138745,0.794468800359992,0.499256441203093
1.08587050487739,0.260280430261749,0.657834336260505,0.277621626370118,-0.450517992503818,0.225216242789392,1,-0.26572484869253,0.458866675657435,0.75144371072975,0.197945639595352,0.696006132813574,0.259938564637086,0.844566011770678,0.26488817502932,0.914612511566881,0.235058621023075,0.528788395200017,0.355655201111012
0.917060768996328,0.208925535726116,0.870426698332529,0.336856348089113,-0.335788185807166,0.306056608245052,1,-0.229916418841049,0.391862283173112,0.482688608082711,0.213661514583669,0.550327398955432,0.212902484236058,0.902683357025679,0.206191322248199,0.593616223242344,0.338401855646112,0.939448195578892,0.375697757794459
1.01806600558182,0.198051611980615,0.985676894229398,0.325775068812264,-0.0397997362267465,0.379846157856539,1,-0.22105790934019,0.463455638090284,0.584451992950367,0.183574586568707,0.588804322403236,0.199350761061495,0.954597170113667,0.192701792800158,0.965225655420533,0.201283923497585,0.694838209564909,0.285851791854794
1.2056540379157,0.314214168935836,1.15913200076753,0.506102289984953,-0.180265158011671,0.360129679325781,1,0.788703100519023,0.681605469043479,0.528412838862274,0.256997307944626,0.777076499317652,0.213144177661578,0.714946831815303,0.256162136048434,0.743170166272695,0.296830431157757,0.335942248157703,0.385520859568555
1.27234142303766,0.312703856597492,0.958796972751515,0.472900682070364,-0.620408285161756,0.186166445950087,1,0.429214117133703,0.533561926425628,0.790000905807328,0.25469763078335,1.11930015656875,0.239058681442325,0.762364845219314,0.269604269508987,0.89238371116371,0.327033432728072,1.20000111521155,0.317560939048371
1.1105834713573,0.215642282598677,0.862183194857819,0.351670482144573,-0.297159057744326,0.303072942856064,1,0.358631955540987,0.481353195913456,0.547969913531019,0.20792286002162,0.581845362698921,0.248729881359828,0.870215891073645,0.208159045156282,0.363361293602731,0.280105468761072,0.608788842189795,0.293580552670052
0.770021263448497,0.158994587413173,0.642160768010233,0.194016436341459,0.0499507348203207,0.358677189565268,1,-0.146850871806052,0.425456104481687,0.392257664746246,0.183651965184567,0.582664171842342,0.163766722168042,0.362059018041797,0.209548408431815,0.606226610513247,0.22174059542979,0.689955602469182,0.284861008297137
1.06985832801944,0.245962156619774,0.895711983827074,0.396728754671742,-0.222824946977566,0.321849881815411,1,0.565493792736768,0.493149100320566,0.622106100149016,0.204401990184085,0.636078648768984,0.205217036017652,0.794351907318598,0.238132554272825,0.874813669058841,0.26248565047223,0.759037969441266,0.308063019292308
0.879050985788189,0.195413040613802,0.776401854907052,0.353493220148904,-0.561186260692289,0.173788675306239,1,-0.728542238757864,0.426787646344087,0.627944807283551,0.19257473788763,0.658690314525594,0.199607648556582,0.530994575280788,0.292210142380188,0.803380142145913,0.35005791548966,0.477445444747795,0.360642262090144
1.32893150653393,0.368969367933052,1.59805347302066,0.777014727807581,-0.566073361989299,0.218500474511483,1,0.465845499500196,0.466961311319601,0.620941505672393,0.257490723154486,0.813216336020496,0.256789405722993,1.05120409288667,0.24037575776382,0.772295294591996,0.267584160248509,1.00344779139335,0.387169354457424
1.00878029520691,0.196817099514879,0.81925948884893,0.305669285829738,-0.209591423856415,0.249213362599704,1,0.771610227483212,0.347951509332568,0.357845670063444,0.188692405177383,0.695026800933651,0.177136048641972,0.518198422858005,0.223545870955757,0.528831400125695,0.322400841539597,0.683340576502699,0.279071622904529
0.663557498445719,0.168346580033749,0.636904880667068,0.242359649312434,-0.00615888651205162,0.415662662187736,1,0.32969360363495,0.351985536376901,0.324228323269657,0.197330582334686,0.489598780431309,0.231194811637033,0.657208673181042,0.20785282698156,-0.846104940923036,0.538994567668839,0.176318721752528,0.419394742548256
0.669960363159543,0.190987758012515,0.853210882763361,0.38189571220978,-0.163606550714916,0.36360812963053,1,-0.939791346239964,0.392151995413162,0.444945461017741,0.228088484762065,0.83451290123931,0.179818461465291,0.584498579223759,0.315562987657921,1.06325675650642,0.242033273540338,0.72890994775627,0.252726115042063
1.38532469159503,0.330185865056344,1.25991425639319,0.622467868569087,-0.659240466567729,0.184121025510684,1,0.460847412325569,0.455938934460901,0.806427045165066,0.247556131046187,1.01197306016047,0.262371775305602,0.825582350270974,0.296025308374416,0.986070171898052,0.318161196317595,0.896037259920543,0.37612491929315
0.925797947987797,0.274112048275396,0.893550489498083,0.383742581780902,-0.516512192908052,0.212750731301459,1,-0.108880527872645,0.547871349161736,0.786269591780249,0.196548524549445,0.790875911625563,0.253875615447996,0.601935441123757,0.248438049522441,0.526425572112807,0.300692719021521,0.670168779259297,0.510784954632274
1.05117197678856,0.188066640729748,0.720361277223453,0.201829297891585,-0.145972594212158,0.250156812420918,1,0.370384008081956,0.435262881205277,0.475331531812792,0.195399924142146,0.769567493136283,0.176384230115123,0.328893999954703,0.245058184561575,0.713807615296297,0.208898613201867,0.046990897886725,0.311068927529263
0.90218785304347,0.211364869086004,0.925624777913358,0.380690597626656,-0.498985320911972,0.180009954447819,1,-0.0914599793206108,0.608610138536667,0.730852817086845,0.216251849762782,0.732670198242149,0.225351622870043,0.742599483022474,0.234106158179037,0.656781806250483,0.249499477541423,0.993758648352919,0.2613661362298
1.05211419331622,0.253126806399292,0.618546078194585,0.244275780776917,-0.419424727943547,0.228461801682539,1,-0.0573864659564341,0.523725745927893,0.677686053745941,0.24711955909233,0.482919983087113,0.236749133926532,0.813926535415581,0.24726231173603,0.718589664026895,0.256850327537253,0.805240316306412,0.335474007246693
0.939395896604439,0.256549222524822,0.815765847221476,0.323724297528346,-0.430950277454859,0.253240102209348,1,-0.202385881804379,0.558413976279061,0.706667164089747,0.231247098198617,0.900577383681616,0.216788735498869,0.439828182867036,0.305605761480757,0.663235292332764,0.305364431457,0.739097513025089,0.322721458257738
1.33996418622415,0.405098856033371,1.93186458993434,1.112146755498,-0.71292772281604,0.169683919312186,1,0.275516869721655,0.529455793450021,0.964611106733328,0.315773460366981,0.713634477593504,0.300003040902707,1.00808349861672,0.313144949078638,1.05325922221473,0.396442203433855,1.3898119137787,0.312570321300734
0.866377237504917,0.291683743290641,1.42042110803968,0.750030773477334,-0.457611188592667,0.262358267881243,1,-0.672455174263029,0.659323525588467,0.898596933095267,0.272025630918224,0.621174098846448,0.292649247026898,0.792106766921595,0.372949201288021,0.956282472857359,0.280329690218134,0.722351408900549,0.42037369924092
1.56303428857456,0.372668505120719,1.78306381620897,0.728049718991781,-0.585880106949412,0.171666666071334,1,0.626876313162703,0.717497057394856,0.891355252622399,0.219299676234258,0.279586432353389,0.286831608886851,1.20452882332822,0.239014743431699,0.792672611984049,0.298310278562833,0.852146890547036,0.284307218613574
0.902240971627394,0.261221411684861,1.05393052804462,0.535282348105472,-0.375757506167141,0.245638065482816,1,-1.01901487329412,0.711591960215002,0.982951646749757,0.245124521082975,0.572328173836224,0.257690114580242,0.574800914814265,0.285225377189768,0.444287712958631,0.292939720768919,0.612020045868185,0.352227769445341
1.15471779000321,0.171780113183895,0.483775522715488,0.161483577728827,0.209991742425314,0.400587800374775,1,0.799519698692802,0.368183375946258,0.456448822551558,0.149232492891766,0.467871463649741,0.199405909911465,0.357406537776685,0.20503531959265,0.450788331771195,0.236485237303151,0.441459261445912,0.246590130854048
1.27666763392731,0.361420095670203,2.60512951017805,1.20888152727649,-0.580714953856556,0.202766471879641,1,0.257073426856221,0.509977894418363,0.958665814471483,0.210649268598566,0.942324590724205,0.261810515697476,0.987915346639587,0.303505445360107,0.200047186219329,0.641085036990766,1.14710116058452,0.333878310396402
0.923149387561452,0.191595043953921,0.828029248300253,0.341223026812327,-0.474305330198866,0.187034618626171,1,0.245592895128227,0.417686549309587,0.58446699822581,0.246404038918905,0.354380197991428,0.243574170823897,0.451679089648405,0.227887331967854,0.86644813055976,0.271052268274439,0.613486749293898,0.231875083236151
0.892379066900951,0.252151787584989,1.17454157763272,0.589783708054754,-0.399007915947036,0.354080366368182,1,0.0877761228611105,0.498138287145137,0.461176601226855,0.234086790224348,0.555601139098396,0.329160998339198,0.371115629056443,0.322303463289118,1.21663533952538,0.295892251485378,0.0256226219347473,0.563157355626498
1.26944709103972,0.260776938729874,0.714887807812087,0.303728554740382,-0.366387877887053,0.283435323735004,1,0.455376406597428,0.592090332818986,0.756485317254165,0.214374599442489,0.592577403194257,0.256486991557936,0.567705229279519,0.238017239117833,0.936014716155662,0.243410471332117,0.588469543936638,0.266858261805176
1.32373033500114,0.292177881890006,1.28098044507252,0.515571167902798,-0.267439800208881,0.363506307716271,1,0.930037379420865,0.413673676059552,0.822577876421758,0.225628280928782,0.739168917109925,0.207415026407159,0.960750803665182,0.21270681295783,0.944712122098406,0.283060210670004,0.431783422757093,0.38932268356086
0.719474359908493,0.182924313759882,0.926824900246652,0.333555326336573,-0.401873554504364,0.2220787683402,1,-0.879299007286726,0.448305237634651,0.923777385625345,0.188436233214594,0.612271287527929,0.191996943766866,0.653589285391916,0.207182352482836,0.747504375820615,0.296339357202632,1.04235999830388,0.377348898221774
1.6252155278752,0.464266705463993,2.16465355429715,1.15502454003123,-0.660350051304739,0.183314860506852,1,0.193065560478394,0.45839725843064,1.01214664311738,0.260908544318442,0.881908380614866,0.314057945073534,0.798679469775218,0.304009198782667,1.31204988968918,0.329065351722213,1.22699092147298,0.335842191868268
0.559843034108179,0.213252653033654,1.11540576821177,0.563704165305699,-0.436801161443133,0.317017241888088,1,-0.55789391522004,0.390908012841346,0.745487892206976,0.277165656658304,0.272621543520122,0.309804500741974,0.836490517253259,0.26855530687429,0.712453836828653,0.389589903317684,0.395255404335655,0.432778413996073
0.933324410321527,0.322745892245845,2.34563024005911,1.12906178162128,-0.637653959044231,0.165157819446189,1,-0.593055653619194,0.600220557845383,0.962292056826394,0.273699654450317,0.930203764436511,0.2510918763641,0.940643204902035,0.233579655879762,1.04384403732146,0.299711328357761,1.2163492819113,0.410837948510062
0.84162674325482,0.196563807872813,0.895878490315278,0.324177215068594,-0.565479391322917,0.161581331498819,1,0.0226059686653745,0.352242784905118,0.762095489187101,0.196156328653322,0.678439818893502,0.197574580124919,0.337507560979329,0.234034298761371,1.06230984171718,0.237369702053588,0.821928585594395,0.344399860645596
0.990876682362788,0.1809201333699,0.629779190423756,0.216866783945435,0.0757302374650582,0.448494855838893,1,0.414823003938672,0.395501925059554,0.430989043629777,0.205745780097399,0.575183896543481,0.160766458690412,0.617445320652325,0.200519018468862,0.249695839113755,0.26187326390174,0.2620479655219,0.340226856597076
0.997906546932955,0.233687106396094,0.9279959863212,0.40407175738803,-0.526884271069341,0.204115487847907,1,0.0583207297997443,0.376922354533997,0.89474778290475,0.229308680613822,0.665061701254308,0.25946088197987,0.629571811926267,0.234572242750951,0.801291048337464,0.328677422328634,1.03356359720529,0.287236198440922
0.959334619090971,0.261582565698868,1.54815098732033,0.712733018829468,-0.510237491839593,0.206749160493925,1,-0.0900776226298554,0.456995240059871,0.704622109860513,0.210837572327594,0.834565755091277,0.229552446830655,0.818502723005994,0.28504404374348,0.986166135727968,0.338048824517828,0.825622173357914,0.349255905218774
1.1703877999962,0.265448205596427,1.12084536366777,0.502808005537213,-0.505448483290072,0.237168974520386,1,0.0955634621321668,0.504681017869137,0.798409271095705,0.224442458831924,0.929678042343627,0.24257716752842,0.787069217744961,0.27745440636679,0.989595711819815,0.285715975229601,1.15649341832447,0.376228043462202
1.07082828662151,0.301068392456194,1.21070403794279,0.62181632320072,-0.611622472950259,0.179283317264221,1,-0.00527499116774294,0.499494172884033,0.875847028570329,0.272180294596947,0.86304583025729,0.275209062245891,0.929052273062413,0.276109869245349,1.08479750818939,0.355802635710933,0.776270841639656,0.317035521167939
0.842711378984043,0.180130346185447,0.64395357156099,0.271842897841864,-0.324263299594397,0.285316770406378,1,0.136508370988945,0.3268121920916,0.67215981172185,0.213452099564129,0.667297588867063,0.202808210976856,0.294828712464075,0.307340040324071,0.609311611418707,0.263171569041546,0.36204784996798,0.352108169982397
0.898704766107136,0.20707434839837,0.826971894362225,0.333949905745292,-0.250133138498711,0.329069981436034,1,0.465790125763939,0.536159320775683,0.317334128758486,0.200070317761353,0.852407498191157,0.199477953148154,0.343186787370784,0.244071861118148,0.412690511674949,0.292120799117578,0.791013825193677,0.276837083975074
1.07637793244778,0.352817339969875,1.52354096908902,0.844399984222218,-0.591195307894071,0.227562320616068,1,0.284292960629291,0.552483902739392,0.76449899737708,0.291506098788235,1.04267946050449,0.279974620882317,0.783474419938173,0.301754064655737,0.985741043320484,0.356346885296616,1.17686324382284,0.38198985908271
1.40079790207739,0.362043697002831,1.33456355876109,0.650465885780961,-0.515733473186302,0.229869230963992,1,-0.0891807407564898,0.498596023005606,1.03501182696664,0.221944644941939,0.755559932769833,0.281555567666517,0.778269252392505,0.319305482471158,0.558819434904645,0.306325740318384,0.776564382474989,0.310355137004497
0.903147449812533,0.213075854364651,0.72175843041005,0.303943601125921,-0.108506267611963,0.367088586118117,1,-0.266899186798156,0.44798673276236,0.673555649226834,0.240947817724816,0.519667564942026,0.196471009902046,0.65208475381687,0.226678727879457,0.510261316695774,0.238009366217009,0.663580964670332,0.339562672782876
0.690768228386727,0.209261281579061,0.724257524311781,0.347666392247967,-0.260974755001938,0.354177898970865,1,-0.267982117111701,0.459457409784223,0.684921700613977,0.223272275938325,0.564748855918552,0.288538804122073,0.332548667912938,0.323039611854621,0.608269723252879,0.307031933075421,0.472966020088491,0.320185589549517
1.14165683441504,0.332521317481112,1.00643468062282,0.516596463063002,-0.471679835080069,0.280462532693875,1,0.369788246082504,0.56760272490295,0.419172602921461,0.279655932462881,0.853544856912879,0.304186327296524,0.670209798726469,0.286029509341728,0.978035222850055,0.280656145680868,0.739935347167951,0.26889938205978
1.18500728115995,0.333903564236559,1.17550798020196,0.602445184582651,-0.517428592647029,0.247618292546374,1,-0.0607987653351908,0.494945510892768,0.850014391679682,0.252263467685958,0.892573071756514,0.242782627790064,0.9391889701776,0.277100059875421,0.55214000904615,0.372499212684064,0.769486475991781,0.367609496545118
0.874506347111416,0.20156040396818,1.01119403655741,0.373279495995432,-0.276569952642743,0.317441591584829,1,-0.0907641442510986,0.484265050327272,0.643239177901658,0.206065392703362,0.836875390737601,0.187205644711091,0.310427228873907,0.327381882656647,0.542012001633079,0.324631405190302,0.433521815343901,0.300085283315345
1.06680266206605,0.400974329813842,2.21096583288244,1.35061353126941,-0.738946965849866,0.169573095179542,1,-0.0683439050770129,0.842054662548705,0.879617211844535,0.308548066546806,1.19058150976316,0.306755705815407,1.14133259912108,0.333063266806079,1.29742877379846,0.358467521352289,1.94398577622903,0.41921025104655
1.22857297074852,0.318250979843865,0.884756677516778,0.453485802503126,-0.511529333168487,0.187620679844447,1,0.785103389189429,0.627097109788989,0.687116504862053,0.2304568652476,0.817678610434058,0.245923432333789,0.801404617317949,0.243713238671844,0.378722260621864,0.338256413643295,0.737573608121834,0.306993646763403
0.726205248272833,0.174808955295122,0.714692603432599,0.281170853996558,0.00460113239624496,0.463807445637872,1,-0.134828312776817,0.443234430724413,0.249819701088708,0.223051058154941,0.591412356063006,0.211072555117031,0.315712578642574,0.329374031848742,0.438879975571193,0.214795195316588,0.627722899014979,0.222864095115005
1.45195939880504,0.394593252573942,2.04661363522276,1.0633621641256,-0.694936578561619,0.159681400710333,1,0.0276406806004722,0.455899783625218,1.02345298092824,0.261875232437969,0.997448607797037,0.280411055577757,1.10085287474275,0.274915555954832,1.09053470674874,0.317167464450107,0.471336948451284,0.384714613242114
1.14778995861836,0.290708175984355,1.35427617059586,0.598316128787565,-0.586477810380495,0.204353301070247,1,-0.389408605253517,0.50500635283106,0.958557235821322,0.214921259391237,0.573854154562301,0.244134085770054,0.936805011923588,0.256058570987832,0.925838809682927,0.277664722666765,0.819039839638946,0.335362876093716
0.734162080104877,0.136716316573906,0.539201978049263,0.171433746133533,0.667139884443208,0.204403643134134,1,-0.586659052868544,0.402080515906512,0.668912377668845,0.138125806694894,0.506450952378413,0.137507129400421,0.405667687136348,0.201021828035637,0.359765401102949,0.254736139552153,0.190637774790772,0.236114067619599
0.994117781200261,0.216636287122361,0.882307386367885,0.368517475296076,-0.19638359590089,0.330122600090685,1,-0.0519290141469523,0.336029771295219,0.699610126846608,0.189205634277326,0.55083901868387,0.200818558167303,0.767843228814502,0.242729707102447,0.309097510086099,0.298520596371048,0.847478733038217,0.292960578412939
1.25342843615568,0.294737342168633,1.14788735633978,0.41403780840397,-0.473011603037379,0.215767577843166,1,0.191720767416897,0.576364359434897,0.775790065438557,0.21425352149829,1.00099850084946,0.20981367241916,0.645870525737086,0.248415657520484,0.944782188561097,0.223161571387478,0.440470666776007,0.325222362929655
1.2840551806192,0.287563201278497,1.21219346188777,0.534918900248832,-0.590466405649304,0.165504433503731,1,0.197818208449505,0.415806252748866,0.912908536293529,0.21320720642487,0.841310977691632,0.247215969814775,1.04088674787271,0.263686798505718,0.604365878037718,0.287762991934516,1.00494818577348,0.269917050473694
0.665207854330192,0.174749550338282,0.620832282430419,0.307385505415457,-0.369345579850966,0.261316924711037,1,-0.0195040726186457,0.279089647964351,0.396094064669447,0.215272488095964,0.710100452084043,0.245179475985816,0.557842658879539,0.242131085607688,0.479820490758417,0.390265412096891,0.0467291619393225,0.514166210136633
0.793025576470335,0.261344246956719,2.01121588167827,0.892325788892513,-0.586326585474916,0.184842235441268,1,-1.1364345923108,0.696342375364219,0.861723769138358,0.259606681322916,0.918956239419947,0.231431478738344,0.87694921746383,0.294911304221043,1.17805226260703,0.260088006601431,1.15867217990631,0.310278321722139
0.709529719405271,0.195588366952597,0.608814098637248,0.253536032908391,-0.223036528105513,0.33695249359414,1,-0.112452286107158,0.376991655167135,0.457235678865203,0.238801177131617,0.664211223730292,0.207468154034887,0.169522180795925,0.308725495067462,0.223650742580518,0.392995757158356,0.540879897005145,0.315182830246064
0.997214476983884,0.229602076006121,0.908659613288187,0.345712995167134,-0.393676980104537,0.243684223145807,1,-0.638451047518217,0.550772702704572,0.642255119974986,0.198708851269092,0.746902885870859,0.204078899911182,0.890274075456866,0.199304375628021,0.742782722982864,0.238844507756886,0.512765646963928,0.442029837986139
0.929108008352507,0.213403722268017,0.619056479484862,0.226197893135516,-0.372071575263118,0.188532697834947,1,-0.450493885603752,0.545926295848223,0.758375123829924,0.237448955566061,0.583133082625895,0.220200388281223,0.854424288035258,0.199181722550665,0.560742206204791,0.311013228914302,0.346054484650389,0.303640186841436
0.961893539080853,0.243217284725153,1.22509528847954,0.477767274791366,-0.513263204056622,0.206618385515179,1,-0.0707186306028359,0.511448935666983,0.821719976203317,0.19911988776588,0.812129892481216,0.207637381111812,0.526737442117481,0.265342866554498,0.562379217439017,0.262995519383387,1.19584636017671,0.267923860597412
0.954679160609499,0.293944714929426,1.17533632831105,0.58898869223392,-0.576705257866506,0.215617196079814,1,-0.771816201860197,0.535295335226957,0.820748205411807,0.252793898783139,0.902581216109437,0.237566201597195,0.863838962399089,0.317964524876432,0.636919737046358,0.323013550905974,1.1481129922372,0.306984934009246
1.22164823462401,0.228324296748651,0.862165960771968,0.33262689936822,0.022544274307217,0.481946649086428,1,-0.0786931271488732,0.414316565455545,0.710275221020733,0.203831986603553,0.72901336479792,0.187789176215897,0.711092376772829,0.20969475614613,0.366139605620018,0.310546448069832,0.820562072506093,0.327861960470264
1.00987185589948,0.292444159728569,1.31460465003405,0.562465191314285,-0.570311681249223,0.155691015069767,1,0.295696114970682,0.482252200958787,0.809027661374468,0.229494827048993,0.587423710901229,0.271192195895601,1.00239752709086,0.225803270711488,0.430976571553622,0.361937415420462,1.03256982895233,0.390755565021457
1.12905879413484,0.292256929972609,1.29123812808402,0.571627649406456,-0.502653351115519,0.241164963254902,1,0.172944437514175,0.472134871899739,0.727694375955991,0.243622566883637,0.715309720851217,0.243737378830346,0.880353200006598,0.227132606467339,0.566690612018329,0.357154068507672,0.736088276976625,0.306016086488607
0.917553215664866,0.18749426164821,0.622602289440284,0.255944315880404,-0.234004253051534,0.343146360144146,1,-0.386298798173685,0.376633449807349,0.769447774650673,0.186481150335661,0.558321599835497,0.187628091720555,0.520103341321008,0.257176644731284,0.436661592615894,0.425678864020568,0.542842643589513,0.372520136670017
1.24495340817636,0.283375131751192,1.3480829926795,0.672315935350706,-0.542572927568167,0.202853631210218,1,0.521535828189906,0.314961065768006,0.702156809426837,0.250542038292209,0.992183169625274,0.228945734221507,0.563455627023986,0.269526194153301,0.993537032323317,0.329242604202493,0.952870129590196,0.449985452498416
1.12618209641042,0.323077886429349,1.26337048737533,0.659181033578018,-0.6256406525797,0.153518699662434,1,-0.212406038873703,0.412836785627258,0.651363086538974,0.260520018009989,0.727696360638666,0.240500952911179,0.841028553413245,0.23151747992832,1.07362394802149,0.359592161969181,0.0176224893576079,0.427916753274852
1.35065868589358,0.358122740171773,1.2412574700592,0.676425051843432,-0.391855904279881,0.292170623260545,1,0.624734682272123,0.492722258969253,0.64094451142525,0.266671512367004,0.655914745797587,0.276638456556946,0.719572867405044,0.314674363570148,0.778183230841042,0.29629531734079,0.85521551759341,0.369306590536733
1.11369142470491,0.287925712393941,1.19761747831258,0.508719491371519,-0.73808622580039,0.12320843595625,1,-0.272952534355135,0.464629387762224,0.703213806994807,0.226666411109094,0.996013138051731,0.218210113906925,1.01054978764934,0.274670784072374,0.844838478864791,0.29769151047531,0.85454385748031,0.361750452132353
0.975196606980347,0.233168174208444,0.958948042696377,0.433726685139905,-0.271465907084983,0.365729630148447,1,0.17900826177817,0.408623479672498,0.751863564623562,0.200582759717245,0.529092580461418,0.242550538261733,0.481898876999832,0.265022270471366,0.910117392001344,0.295550516929808,0.673106342380717,0.318855138515977
2.09300191516102,0.829219623933438,2.79808161513248,2.07513518294939,-0.808961855653991,0.138850738542871,1,2.38924770105167,1.24736546122711,0.618537802587109,0.414513504455259,1.3294510320091,0.426859016343975,0.996270903111241,0.429979155917635,1.1672929515702,0.411445338622311,1.2318483775864,0.395619328241723
0.920804648485573,0.229998709317655,1.15569427176411,0.52009637541507,-0.326735217277728,0.31960605316128,1,-0.450880864132721,0.444524886493218,0.562865396209504,0.246562759551837,0.736104522438139,0.26106413211173,0.631210286454221,0.263860584729351,0.758505763492023,0.249070412571602,0.888690995878778,0.314071103004796
1.05268236468973,0.249751535600174,1.4269915388843,0.555494034564972,-0.343906370522371,0.288659989765269,1,-0.0905246054247173,0.403795080504496,0.960808145214517,0.209035456633296,0.505713628462074,0.231959441053838,0.848256303144959,0.274979786250744,0.729786284728444,0.263558243062609,0.81563836624526,0.347863893559067
0.882990805775656,0.230956123023913,0.980186492300141,0.427679624366608,-0.318124059438557,0.384957288293352,1,0.0738295667886676,0.488475108647025,0.634221394551424,0.206656806553232,0.622377415340249,0.26722256674726,0.78205169557467,0.211447950201031,0.831628285552802,0.373031047339096,0.697207528648391,0.303663507633279
1.08475470890995,0.254625661298342,1.24690778178265,0.545006121641427,-0.466573336970536,0.222925515175602,1,0.275685923151646,0.425978362454835,0.855656307358512,0.241130530010435,0.824212009143059,0.226893609651581,0.54728252257725,0.274410023294369,0.753049643298983,0.3082709949045,0.94678721395891,0.333337718491345
1.00618198501268,0.270005674848661,2.08562821935471,1.03985633029607,-0.502959247757524,0.287009149964033,1,-1.15565940969783,0.581310090697356,1.17053893015851,0.232135211417057,0.835387873472105,0.303394800976827,1.06551446500468,0.296519424003439,0.799576473961844,0.314381740369793,0.776318651852989,0.31528473788795
1.22944856487535,0.255171987258807,0.898484764527175,0.414975859549678,-0.23833879714511,0.369250760072051,1,-0.0928706239268741,0.609305486969546,0.809669441865502,0.244264104082423,0.6603481925921,0.2347738879163,0.64686116908879,0.254413969983722,0.795221331992326,0.240861888415849,0.611712930839101,0.376386518221252
1.03739375798589,0.239371656785334,1.05683134772036,0.428861203321925,-0.190042598043645,0.329875897253548,1,-0.0964314294356236,0.439023522894697,0.612062995762657,0.209943955287773,0.694358532188502,0.204215193143104,0.884654270461376,0.267879581667508,0.957856559918486,0.26885836037151,0.776186739170997,0.265782934278919
1.02495370237651,0.122801709709038,0.58712536810773,0.171324129851842,0.266532873837135,0.386331097026675,1,0.227462705234407,0.366588816091062,0.637304491072717,0.172918446466514,0.503679918430624,0.152338687850634,0.517337647324143,0.180016851370369,0.725306614635459,0.269341666784503,0.17010596788978,0.362850579624637
1.15213285533415,0.253457343148141,0.860089042626147,0.379841376634335,-0.334226025664393,0.308141090044217,1,0.542847714409524,0.483913456826193,0.533435785649097,0.263526277770799,0.693438677424801,0.214801583913354,0.962909531279192,0.256286540345458,0.641070782621224,0.371718168048295,0.64729537302068,0.310084727342742
0.676414992815011,0.141373572291681,0.492699253421341,0.171718058284904,-0.117333400904319,0.332148261445234,1,0.269831977969402,0.338254627569969,0.371133993682491,0.178519213637722,0.54992104243158,0.192058983423693,0.0638051890989515,0.26604785499535,0.715673115460284,0.217468679085088,0.419514344560534,0.34737595986786
0.931885787747972,0.230687531347193,1.3375484053979,0.511423192992907,-0.166648824874851,0.342528409368623,1,-0.184506981894979,0.351872559147665,0.874949155333194,0.154540530998568,0.673169270445135,0.233894988485777,0.65489195145482,0.202508676005823,0.550218734069189,0.280233248461278,0.536840092054728,0.309373920426686
1.01440767514114,0.244099552226352,1.46785640807657,0.586383082620987,-0.301405577509797,0.333398372568292,1,-0.358592651669652,0.498845748959048,0.737075710267785,0.230101476064596,0.90245035422751,0.227309322890586,0.939450453596983,0.236609479887313,0.760302924648654,0.322176005201452,0.683038355679432,0.346020443060787
1.16795739998849,0.372438562518326,1.30943078237149,0.637068474414846,-0.404471128270749,0.319863389074969,1,0.205483621784481,0.646557970867549,0.867824358566591,0.293435649731036,0.855719813218751,0.282186753160025,0.586993630508717,0.263251841518296,0.80668293405508,0.287761902949236,1.02445746428233,0.283007491027046
0.921247159646693,0.188126303859124,0.79974681036882,0.282957711473121,-0.0204974102874069,0.31772907505817,1,-0.300951269206605,0.310864979873203,0.566355867949161,0.185816616621893,0.745520011352617,0.170916496945508,0.43244839332068,0.259753454336213,0.531896475703069,0.320213432776454,0.782584105594015,0.311423162903759
1.31083025876188,0.391311989330693,1.4175229124684,0.761122077236949,-0.605283873736546,0.232155446400397,1,-0.00346240843235042,0.50152436483228,0.905823798834894,0.294829027894483,1.05309479713044,0.296724277671557,0.799942252796585,0.317837377075054,0.321231293580645,0.421280983509938,1.24670182012062,0.336944848029457
0.835465632314056,0.248020708567015,0.907575462754663,0.442451147744486,-0.673090186469967,0.167514159202503,1,-0.455139406646048,0.456720044431223,0.887194697932602,0.25347490949043,0.77201691190013,0.278103279089988,0.59712456803603,0.313464508702024,0.715360941362505,0.330471657586596,0.752710820946005,0.343286054753515
0.829539679479733,0.169078158835609,0.753529206176734,0.260569734131923,-0.455930561778853,0.226897632984277,1,-0.381397442282508,0.342057449720289,0.578175981794387,0.248916701081446,0.576028195135921,0.199657701505649,0.787062986433866,0.187647270714896,0.705900330921503,0.235186719377946,0.851564719834077,0.326560303172393
0.812406563931847,0.153545575561819,0.411851557326971,0.162886476668723,-0.187564296884453,0.238349328549246,1,-0.00458734779888968,0.325174177835407,0.488419092069429,0.185616421553265,0.380504660585522,0.184965213867969,0.170290267242461,0.233118220693736,0.327172641732422,0.187515937070878,0.550995535539225,0.302433442821995
1.20326886458154,0.280468869130998,1.25530024733351,0.479318881072711,-0.357673914545473,0.272273441770635,1,-0.158581681881275,0.320419621790924,0.562334929913046,0.224928044192128,0.693601745675007,0.237946887907658,0.907691051063552,0.202054213306484,0.713031180093814,0.306248900396,1.22414672931268,0.267429797498159
1.0854932808766,0.249711261632569,0.743443111522757,0.320011827787595,-0.376726516018759,0.267716557647637,1,0.128009194661234,0.502112068869579,0.751010801145939,0.210838923762379,0.566447166751278,0.250564099615086,0.836419172258915,0.227235283306896,0.758479419251152,0.23781295070577,0.501906437684959,0.292242354179233
1.56300721650037,0.373666254088343,2.47381244214018,1.05749067865246,-0.668520640810315,0.163735599965622,1,0.28737425715842,0.54872215177323,1.10387191771179,0.238701285561539,0.858775190645132,0.235717503777099,0.755197802375541,0.287527392278832,0.708567875183156,0.299694004281517,1.27508451041909,0.348649719276852
1.41688232867253,0.303014400372464,1.06929632820841,0.474848084378928,-0.528705939393378,0.18351786708553,1,0.343466537767761,0.538488125630148,0.648171440813393,0.226679753489531,0.772916467407413,0.224253003144387,1.06711892092372,0.233725491555162,0.707701999757201,0.29918794725947,1.01371138584424,0.282032591064433
1.34879706319214,0.397395335899296,2.01652548159864,0.999984651916889,-0.361108037741248,0.348279872441159,1,-0.265205136170359,0.585753648889849,1.26351095368597,0.247701431224257,0.636001434697551,0.247644220389725,1.04524012514654,0.362882734568755,0.886089844118361,0.326641106248307,1.05107730269291,0.420708700160775
0.821537627962666,0.204694601064982,0.808755606381946,0.316565256747861,-0.370910751176142,0.170500433219963,1,0.390762076037235,0.439568696619477,0.729142222256494,0.17496063568332,0.504301713382693,0.200479200309512,0.804594834545182,0.236068195580204,0.559975996095028,0.432976699583987,0.47120961798185,0.477740040767688
1.19931551870233,0.403867593820084,2.63718508864987,1.62293509059489,-0.733470587979346,0.184329778648543,1,-0.483958605115191,0.966864028259033,0.897740235639266,0.339909127900306,1.23971360117146,0.267801334306913,1.21208064815502,0.360848017898217,1.14148462633935,0.408861883550984,0.936654544938071,0.495214185706463
0.719365356231016,0.246530130699802,0.967658379784945,0.470856956728026,-0.319489819279357,0.321430021054129,1,-0.546567675282774,0.413890865490593,0.540192395805838,0.230031074580398,0.753257779740977,0.257777092203792,0.542521194305635,0.265679944592189,0.495893987073057,0.264744515138522,0.557948013279461,0.3730456084768
1.2816721262143,0.264774855966881,1.14349380866825,0.439363697754127,-0.12524364491076,0.398882734370545,1,0.347031626443969,0.508569807652255,0.661964230272983,0.23404725205663,0.644717187920189,0.225920523060548,0.563405590576323,0.281215499793184,0.478075850241461,0.227090666660466,0.925503687770626,0.212640464913938
0.913489776493203,0.169971798618046,0.573751064174595,0.225188708312135,0.0953027409097171,0.448565266980856,1,0.0762169260338379,0.34123661813309,0.472084386948172,0.20415164640929,0.367416306095206,0.172791319814679,0.453633415204416,0.211880928548167,0.52718927558832,0.346211627078471,0.341631904490067,0.33109803277927
1.28876094553591,0.308402792117118,1.19596458839901,0.528322735821441,-0.682573993805219,0.138829519773579,1,0.898862060104287,0.513743650023194,0.92649063450668,0.210825773335745,0.819955825406052,0.247229117300446,0.893901179134811,0.2396450209926,0.781683798310667,0.32294530503649,0.592849606359998,0.436804355790003
1.03106211257738,0.219165240917835,1.26860121794149,0.463517318781912,-0.423003254596157,0.266224588916716,1,-0.530355029050559,0.528289782169383,0.919297292862012,0.219126746723151,0.794967892401003,0.178618925834636,0.856208726036607,0.18701585946611,0.426951477086597,0.300879327198801,0.904442445647805,0.342756734259075
1.18996495866985,0.311461833662555,1.22449405623726,0.581013775553203,-0.641421226297196,0.168257379061482,1,0.199588489513987,0.5447143795496,0.867582499817477,0.298389575910229,0.775624804651797,0.2766060882541,0.748997943021689,0.294813802160995,0.776492841110869,0.308589054988288,0.897183408953308,0.356094264480536
1.55021155251945,0.400878428515154,1.47167048602009,0.702011663427881,-0.541498559452909,0.215530524863797,1,0.687869992451748,0.638174972431267,0.924362794208009,0.255156538342291,0.97161402433018,0.269946482182827,1.0412588263123,0.239318136085341,1.00452338109948,0.328387641170508,0.860092451620734,0.290233417840556
0.72470731701257,0.163553186945967,0.603275010027045,0.225072428895107,-0.000347895034021498,0.444162699234323,1,0.169916318297831,0.380924957410043,0.409213358578629,0.164289654309934,0.289853431141204,0.236204457547171,0.540837767255964,0.239041418243102,0.184102814566083,0.279930267682516,0.43218016317835,0.35526840417946
0.820902746712803,0.264659111421485,1.04411064015191,0.51350026878774,-0.335580903367065,0.377649424689322,1,-0.117185023741797,0.403870832378946,0.551085102658824,0.245514964269646,0.453604721914681,0.315247579229143,0.887523514916855,0.20711420453578,0.258814496573853,0.426579459704563,0.788311812681036,0.408063559779432
1.47113432640595,0.302831906638849,0.798516797040837,0.336534584859412,-0.236036619313815,0.379917011754529,1,0.26855513789104,0.368665767251012,0.775317870043901,0.220619335373041,1.01768236237909,0.199278255848959,0.458800700119957,0.296974912236888,0.898401374384129,0.268839656999195,0.747757866610637,0.290793031094869
1.12002848667321,0.38115028782766,2.05070370741626,1.1113464185423,-0.63980867400964,0.170602463331273,1,-0.328074899956906,0.578984520859248,0.754171138440483,0.286054906959602,0.915581889540234,0.274538824763044,1.06719880126277,0.290920066049376,1.14223603313675,0.356432805733487,0.791572752430607,0.414457733694658
1.31771605574447,0.323943449259607,1.13769618900525,0.494952188050755,-0.56531127562263,0.186412788448287,1,0.561610607594959,0.562442849580366,0.676103621740854,0.244406206447429,0.700463312954121,0.245947882133303,0.799550065821186,0.265285361075695,0.773641959449134,0.301634931982489,0.700997735161184,0.307263031896063
0.870654912774958,0.234734332384611,0.954381196684262,0.435850296900123,-0.445435521279138,0.261708344791275,1,-0.763220236449321,0.610117934715615,0.777164296646039,0.264653483382398,0.644038383427871,0.235476330953634,0.658576064689512,0.304930779237929,0.624805501556693,0.289057965034245,0.452414538878569,0.302531341812531
0.793580517038235,0.237096631646639,0.981876222655567,0.413183841659289,-0.388372932208504,0.275746274253662,1,-0.0924741508316909,0.473827039312387,0.631157238561158,0.239891868187131,0.739447961282824,0.259284585926122,0.434466065945023,0.27758879071229,0.663208117772423,0.308238303147565,0.951768737260308,0.328091354476365
1.18211770629595,0.267473933547873,0.996749345403133,0.40524652132055,-0.550740938862006,0.172795710611483,1,-0.661513424655275,0.444668244607944,1.0317109933898,0.217329737554616,0.601827890360137,0.252971092309468,0.733767794802589,0.229738531669839,0.672954308454566,0.248948288125987,0.797034815056591,0.244106735193518
1.46142880427571,0.276789287702225,0.858096105145854,0.313256711503539,-0.532458073186804,0.200785477130236,1,0.322130564770425,0.369465942957135,0.774998042505693,0.182188308210486,0.906131548962545,0.215231180584658,0.77133279714348,0.278773529416474,1.06127393925029,0.200750400998761,0.660617404414784,0.311533248947867
0.888052533412307,0.211376962950316,0.467036185961334,0.223182486491481,-0.375852447711457,0.318830152968796,1,0.479602493998332,0.463314256289273,0.498226908408006,0.185804227601047,0.509125672431388,0.235260531952192,0.143867988003479,0.33365179170623,0.533662544848462,0.303497219616968,0.284800605903487,0.392230487148882
1.41795390025744,0.340262002583655,1.63359859176718,0.627165817416003,-0.47504479073342,0.234059449362787,1,0.90530904463828,0.581420099098882,0.758287769142523,0.236934774072061,0.96986398807776,0.229916142610677,1.10579492218353,0.305463424478163,0.592347823108108,0.354517289048389,0.731550941843434,0.36051443912753
1.16008911231947,0.247521490500203,0.974969863323215,0.40837421676343,-0.335171077380448,0.254939742319718,1,0.147147191609054,0.474550437149319,0.89632075315686,0.170787931534055,0.549562620302227,0.225283969014012,0.554654168178844,0.268734596721898,0.701776964873259,0.279890238215307,0.707270891216364,0.254544254573673
0.928549727966006,0.276998832562244,1.24606798174767,0.639073666338012,-0.580289252701095,0.212670338986576,1,-0.641929558854044,0.527538147741507,0.675877584727755,0.239540526047404,0.912233267889458,0.260826256290522,0.746692291480394,0.266378917451501,0.940984252880265,0.366765212852749,1.15814198597508,0.318616553548082
1.24541735839689,0.372410386533083,1.48639462320401,0.747179676083975,-0.647378381399978,0.196455251597044,1,0.145848496747606,0.425398053715013,0.636566395469447,0.278844462531944,0.756938131200275,0.306046533708971,0.90194710505125,0.288280545139114,0.775945361468601,0.291736572749882,0.849011420875825,0.319723404308885
1.0949676971044,0.321349337123435,1.52011795283893,0.74580982059509,-0.677510242726125,0.152339744969654,1,0.230625598866767,0.557901557242474,0.575154706370691,0.256138665347154,0.968406724539905,0.248548766471353,0.868580726065359,0.268898456215749,0.424112779552113,0.362580950584077,1.36035979148804,0.314890086819075
0.90216036627622,0.176094823795685,0.580758580175573,0.203666196124849,-0.164004592599191,0.296020692738862,1,0.152519389987782,0.370499961097239,0.709267604992942,0.173998494920344,0.533520338737527,0.222627430874214,0.646973497920276,0.20566765525587,-0.0521402324090456,0.341664698742256,0.57665292372027,0.29651889175998
1.09164428301077,0.23311392852116,0.89021219619849,0.329849401890649,-0.216629192175409,0.336195900593266,1,0.196279568188841,0.42436177101261,0.725191667613232,0.179233153683184,0.797934228172838,0.194269848758831,0.619670866374407,0.218705637619845,0.637000550632551,0.223372482721196,0.592219010810763,0.267543653122242
0.751307523481821,0.159264068491181,0.547056567040601,0.197196791140978,0.102614877311921,0.370934416776113,1,0.130066033396868,0.354098309716879,0.395747464119676,0.171053629766132,0.53129556342459,0.141549224359451,0.267710623633799,0.228444866637134,0.538631166960614,0.279695241933181,-0.696583842761857,0.699980225425274
1.16536938641366,0.286031610225912,0.960996211012397,0.446217042364308,-0.488437959261889,0.22030014894165,1,0.990548981856588,0.582274105659082,0.533032417090783,0.255672919244977,0.744186389321926,0.221959464413579,0.846319365977402,0.253316934669546,1.1427630162955,0.307163391295828,0.575258037586683,0.4351099132864
1.25649834585814,0.308206822498929,1.07886734360236,0.416242341363605,-0.210480785857612,0.349008057159559,1,-0.0431601647186327,0.540641168516971,0.911813605868568,0.241227127096663,0.669573952004635,0.186634263311396,0.626485926526763,0.203933635700186,0.905197701530089,0.291629491148896,0.939465104357328,0.345472418367661
1.06983540990089,0.300561500423953,1.44850970608069,0.548863655851613,-0.381886714480956,0.272643762094608,1,-0.935203164036558,0.642986834641025,1.15131146970999,0.191341606880287,0.67122956727568,0.220938568619642,0.740687380332396,0.264466241296097,0.79466001574395,0.297941707299617,0.933911088418661,0.279274818959518
1.4078751783691,0.330259371313653,1.3236867207449,0.60161725134937,-0.624543506451621,0.184418831933108,1,-0.0562905830528909,0.435645705807519,0.957097696751533,0.196427827019862,0.890994892803748,0.24308684274037,0.938888650373423,0.269168717487772,0.993637417570355,0.284398755382285,0.979101672073927,0.345863814495982
0.774334909723111,0.220209455460522,0.979426828697769,0.363810739951624,-0.269769584760822,0.309584915918422,1,-0.814846792898999,0.447487206293369,0.91189827745408,0.179473932238036,0.590345251965414,0.219679552784508,0.703677466126489,0.233974684841566,0.577558512054576,0.337106256811974,0.42364924264531,0.405721338586291
1.2500208795124,0.284155199143935,1.15886542597781,0.48566750964808,-0.347052203797949,0.237550512735212,1,0.527860820244285,0.426426483647936,0.553595757612019,0.217226604076079,0.964927132637444,0.233435316721712,0.995087650930807,0.203144734618756,0.559466638474799,0.329514432461031,0.494239281531473,0.419228100589256
1.21048960715822,0.243806636552717,1.1635956134467,0.402404257362278,-0.12108932004842,0.428843906168364,1,-0.0134143821806675,0.566778654952846,1.05293470993565,0.183296532197131,0.765152094706471,0.196299403379152,0.794039196907228,0.199136431372995,0.09243609390815,0.35000258485557,0.845436426000551,0.319987022495534
1.13692679126748,0.211552676222605,0.820120855843467,0.277579514640604,-0.0548154735823252,0.381703391719185,1,0.764638748397704,0.452097465543628,0.507273405091999,0.174172854708222,0.195531409205963,0.232138590859812,0.657948679511713,0.179724154299895,0.845730977457929,0.211619093524689,0.704998921949129,0.336100988257419
0.940731630614808,0.220137427138416,0.834581352350099,0.324244582263764,-0.235285641189771,0.262032454365374,1,-0.089689247170672,0.425672289474238,0.738134610707422,0.199003377755206,0.54190243231726,0.197431816228629,0.464848686763549,0.25469745573466,0.638868015801986,0.257942129249704,0.696645738026682,0.253453736001738
0.62171091015643,0.208091633341436,0.694346205489888,0.257759393740216,-0.253056684719389,0.23202317455824,1,-0.646254849149593,0.568916078347112,0.782535829700955,0.223439365417088,0.365301834944233,0.220239891370242,0.536119603476376,0.262091275774592,0.853156523283994,0.208138253615235,1.00197364865421,0.370343516126685
1.06219530053452,0.228791754002886,1.19667202445193,0.477970718925605,-0.429637693801306,0.225406954680179,1,0.0128733244652064,0.494045016273567,0.550657511485497,0.221900803400467,0.739207959262298,0.219422441179543,0.557802332085855,0.253048285861983,1.14503002640348,0.297800033717573,0.774231731065358,0.307963045012987
0.996723488576864,0.315758508159411,1.58506450190867,0.736502484312537,-0.590218294979974,0.174710559212933,1,-0.60419145248049,0.435230827678408,0.902757807877278,0.259152601269424,1.21641691714078,0.251506184819443,0.936650768068905,0.294627322405048,0.348173029553009,0.360803650076065,1.10746062225475,0.33148584326134
1.73332377795348,0.61148412244724,2.95181730970333,1.89000253827467,-0.726070389506352,0.18598430849962,1,0.56350334276445,0.607800595627779,1.07244976722949,0.339793745240243,1.32626608946155,0.325793922866414,1.0721827568831,0.336069948062146,1.29517335039683,0.338913832005572,0.949631747491016,0.453710579827905
1.17958309477201,0.291657662702711,0.991346593742264,0.368414553762304,-0.337049754324859,0.29083218316894,1,0.342385868937214,0.517179007022527,0.63126344542143,0.207607796670729,0.910178064870014,0.220037273069663,1.0699279181086,0.264728831290862,0.483296904624563,0.288426277993004,1.21483317938598,0.305569931352427
1.32210470015483,0.353620766240344,1.39144073186722,0.674205187019063,-0.380913436514478,0.360546467537301,1,0.0257369673055199,0.518576711772937,1.07746602646789,0.236214736882496,0.682710664259603,0.282189967047905,0.964139337467566,0.256011755539416,0.816583363827782,0.287350555678162,0.419461466884168,0.461187398403849
0.937776632526522,0.273346286269358,1.11135528396819,0.553042782524013,-0.503457034150622,0.277238411286978,1,-0.403382347962909,0.526623148191843,0.764799763212337,0.265302713360664,0.775263620135309,0.226801050715004,0.95915991877709,0.287390336331234,0.849893894356423,0.341772655544811,0.646670381120833,0.422016560819028
1.28818189900554,0.307341946589327,1.31215147779504,0.540329827776758,-0.611540487626469,0.161516805898144,1,0.519907839020809,0.472154150449645,0.501802772786383,0.217888609210101,0.752722923161075,0.243357025524998,0.783128220335161,0.238694039439758,1.10882438256719,0.23249658828047,0.891740835211577,0.434410524193994
1.16490383060459,0.317934801110259,1.02978916709649,0.478387959853651,-0.209632379948311,0.405363344209859,1,0.185793583410969,0.519712370105469,0.869935079612023,0.215210547837126,0.798301177290157,0.272894742633955,0.708018792230253,0.285523814604165,0.503137582853405,0.297108132684554,0.562462956421526,0.337535374271547
1.04473942560614,0.268689764076187,0.96391109097415,0.446675237946491,-0.332482649246501,0.362229748359094,1,0.236594242689579,0.462541669841797,0.489528482392347,0.259262794080794,0.747235883180623,0.276042185151597,0.693563253843897,0.256846354397023,0.810302354383459,0.231053592928428,0.695792820691621,0.315563806314889
1.04068440087925,0.221679465076737,0.665457263826981,0.274131078398483,-0.299862518249696,0.356891577611723,1,0.0915537167048032,0.336090877917909,0.603760625417225,0.258491763140467,0.807676404717477,0.225730864772025,0.566223013468973,0.210580790983018,0.887425759297284,0.265052163593245,0.229814069205386,0.349971211727479
1.41808745761507,0.417001833190699,1.85155219006016,1.0024780112029,-0.515009216313057,0.293078646798269,1,0.793452283967704,0.669203514308625,0.76398853515017,0.275974243863519,0.875307676869168,0.292751907377127,0.883741731801223,0.333073027011358,1.03944760510971,0.339201394025388,0.878141472128443,0.3262796532732
0.917026022937793,0.208335266845271,0.879021039529322,0.34795456034394,-0.147585476505204,0.425639592596626,1,0.377952247674824,0.45068621838076,0.564860930318882,0.20277577793488,0.470407055466537,0.243454216234005,0.748586871435725,0.256212848903702,0.667872846868313,0.344052721177536,0.368377384959704,0.358617115858341
1.14601845881315,0.329559481394868,1.7447523640277,0.951546452511261,-0.600631591053348,0.235252432585584,1,-0.225958168949729,0.564794333796224,0.87673466277958,0.29022039747864,0.987143314323886,0.258879927175416,0.846457280530906,0.271733737504877,0.919943273475461,0.345428486678937,0.305229110482953,0.484981662956759
0.809787982225419,0.1511381036816,0.621796374397253,0.219932842671177,-0.316549990321094,0.215230611027919,1,0.00994027518141546,0.337887267202743,0.661717407767098,0.182497050923316,0.560421599157582,0.193972444667791,0.635866407095561,0.242137573896374,0.509087962908873,0.221037295958594,0.434688311661846,0.331094689794509
1.03396553517006,0.260514999353087,0.995789679279837,0.430254053680847,-0.489227338661058,0.207601941778472,1,-0.0849230822454871,0.563554224664496,0.543251222584158,0.23137641950889,0.910426315896531,0.24237293733828,0.873830099084595,0.235770672581667,0.377947219634945,0.31774531362961,0.400046358468796,0.491370602951218
1.32849654386697,0.454552705100891,1.32818709683296,0.78701588915698,-0.728805899709938,0.170887679008655,1,0.632865828420893,0.585192599357718,0.746050859747542,0.325509508817998,0.915981638537202,0.324219219885855,0.798815348131281,0.342909314008094,1.23726725271595,0.358596774482492,0.687168630790001,0.480249826979505
1.27534561400754,0.302788159241859,1.15975074716179,0.490313594244292,-0.221609978975388,0.357134747727951,1,0.734793303474224,0.489478969247434,0.871907100388596,0.239717567739199,0.585877553516711,0.244219684265663,0.342481492116411,0.282755105882064,0.89165237559487,0.286368096199582,0.892158426327381,0.300881645830292
0.723942300748625,0.187792657388223,0.631509072693623,0.274464149564504,-0.256075937996507,0.329565458624426,1,-0.090737427747268,0.355765475177967,0.419565655466406,0.196420871808026,0.369054449486345,0.283221788446343,0.49455703941142,0.235244127882639,0.612963863482909,0.308379590743073,0.653043947160009,0.309818508193902
1.09816834632415,0.295884836325366,1.24006769303948,0.513773824567077,-0.355180753522298,0.287281575366328,1,0.0691691533261469,0.540303749540573,0.757306797735699,0.219186511330359,0.611332858313916,0.230679188095622,0.862170273654948,0.273733062803909,0.9533136667075,0.327235366955192,0.780099728881157,0.360913778242746
0.954759535996139,0.209164801681193,0.837867764714404,0.321322980378106,-0.146518817025856,0.327215785874109,1,0.48806925485385,0.429392987882421,0.313798974469229,0.238560917218136,0.783778176658235,0.207299420769349,0.611679776622115,0.278006595813561,0.498224855464351,0.351780146892177,0.84519031855472,0.297836859138672
0.894508422703016,0.159340349736851,0.491296677897576,0.161196528771131,-0.26018367163428,0.23849548735475,1,0.425213797914889,0.350379329347177,0.2878064383993,0.212835069105582,0.502773539033855,0.175957874733903,0.524188615740417,0.210779365876409,0.60771254254447,0.209190687891397,0.874453285864416,0.325192714268057
1.08883015841416,0.296274876808086,1.82027940885092,0.775400359426781,-0.665815031106824,0.14627238121312,1,-0.689165112885953,0.658953728878073,0.911602687040999,0.265871923249003,0.902878129186067,0.254779526306085,1.08639414654957,0.231231438889755,1.02104062520833,0.370415132725441,1.12733295816776,0.307836208282434
1.61238487665458,0.487001177774767,1.94195238800354,1.26151449934859,-0.643253195448541,0.2169493299735,1,0.233968583924387,0.623521410362082,0.867620635384458,0.356465518890195,1.14178801007312,0.309779689288823,0.692491486890333,0.400126699177946,1.00317345022264,0.360324559970824,0.536701602396103,0.436894579850095
0.999301234673316,0.237203872062659,1.01378523781847,0.505451352679354,-0.383125949352081,0.306754986743999,1,-1.03282490247026,0.607184972697872,1.04413840996158,0.221714503499499,0.557321990475548,0.236565444583693,0.566135884671552,0.301244767647431,0.563054947595557,0.301643045135786,0.334238859807003,0.332001100264798
1.89993150778758,0.613452861477562,2.97807393888585,1.81780527458131,-0.808077467570421,0.121843911847742,1,0.527877545915701,0.533487901470873,1.07010081699139,0.279307894085254,1.37048961278584,0.330391673714294,1.06477930539001,0.356097449928419,0.901632765360209,0.416909419784934,0.950660404823917,0.365022739428448
0.787079543604255,0.17883948335608,0.776342477688787,0.330883910755008,0.0575560023313034,0.452765131568876,1,-0.0753939362730141,0.391656011327239,0.477596419054714,0.206059869215942,0.641870124674641,0.180663066214924,0.570630704806123,0.22970179960412,0.47777795112712,0.326057217133618,0.329324387805257,0.391220518538323
1.2982497316667,0.419023391051818,2.3550430090136,1.33483922040898,-0.734200513291084,0.176417393454785,1,-0.0813548349725635,0.615108427709361,0.951620980177755,0.288124811975759,1.05625040278336,0.318387495408956,1.16229283473536,0.315901809376044,1.04941449514526,0.410261636920359,0.929573347466019,0.452727180882414
0.959059145870841,0.241200471555901,1.39791529927088,0.548451622720232,0.0570295225213204,0.338838442004812,1,0.263065593466437,0.458039717183846,0.740839522729864,0.21830866312234,0.50466669280694,0.260508743317668,0.842847474868544,0.243727790742169,0.723116517877631,0.266328441782415,1.04120891449314,0.220626880255687
0.935011904535455,0.258169741290125,1.09429058757725,0.508064390311353,-0.473075918927978,0.220420344822216,1,-0.374120108675629,0.462127786790535,0.776361662449698,0.202603723901,0.852490871045254,0.249255798872621,0.698340774697605,0.295581966705315,0.434378140005447,0.294715753339317,0.959927872180795,0.411258488296065
1.3226948487861,0.333005794879797,1.08660043033191,0.537244873621679,-0.354784397106502,0.296506548930229,1,0.160805726546625,0.500541071531928,0.749074143370227,0.235593427723091,0.663818822107849,0.248666709825931,0.815964483999071,0.2650715393178,0.671285901373218,0.279081231515933,1.21303576885543,0.285204538042584
1.34052249599453,0.398387427696733,1.72834504612302,0.954708562956499,-0.727639136882037,0.152194099867397,1,0.264810614931797,0.757979833017965,0.994583997204743,0.296186574339841,0.922398051394959,0.254896536688087,0.798682086852612,0.345549007128697,0.781873912634604,0.337502625333664,0.250463340993183,0.467591278756299
0.728276125110335,0.180225238218597,0.773732301998156,0.331992074625982,-0.246798817513227,0.384107438642083,1,-0.254896307858893,0.434208129394726,0.441829535684454,0.250422001912369,0.71936067551765,0.208190766819948,0.629903464061225,0.281227654849532,0.363109140528334,0.341094833115891,0.706038561047314,0.464260104808966
0.813520995164943,0.234192471492651,1.22457409800764,0.511913242962133,-0.426886299168011,0.260358179415097,1,-1.0168164883694,0.652021467469065,0.929936340562178,0.24351917584353,0.760480970555698,0.229002159104951,1.00524184062648,0.246103557760329,0.375934233054672,0.365061657102098,0.486069796301947,0.350624970159768
0.747771622064222,0.14386129541942,0.507086963804397,0.178141891874493,0.36508994833615,0.392700474374171,1,-0.262161697454273,0.381919379066527,0.460142824761812,0.160041453756865,0.444806711519628,0.156564095646354,0.172991632505697,0.20703636800003,0.26690411925143,0.35099355141626,0.134103853925347,0.334771152510436
1.38034355224947,0.405273568454687,0.968145584924214,0.591979598340602,-0.43076238460816,0.309407329017247,1,0.334520652456084,0.413176065542843,0.961288399286405,0.262594939515411,0.549224953810748,0.325814467398385,0.669449674364459,0.287224808950632,0.641591942913515,0.401879173145641,0.444201657845736,0.43222447629266
0.902378278250806,0.222903177780589,0.639547141878424,0.254138107306492,-0.365343776779235,0.364204792525918,1,-0.503595215348881,0.383148138994882,0.657380319325243,0.20971384275119,0.639974209423731,0.217227613258967,0.747680615516586,0.272035605806024,0.513873299446075,0.239832307964034,0.234893104834,0.374491673771098
0.984440689218781,0.244072969147362,1.14218581882986,0.472036436533736,-0.394954345305603,0.247788287788748,1,0.0796748221993261,0.525450599973191,0.519790751242636,0.233712925622979,0.798933736205715,0.252913909862369,0.756990253933129,0.245458569929176,0.889727750056238,0.242929527354667,0.562629392077817,0.351442265905255
1.46724965899012,0.275170234837471,0.81633398647916,0.317034649424754,-0.501774773450955,0.169617351108764,1,0.493575533726642,0.451848457042186,0.544312058440461,0.196556748303031,0.920189044638412,0.196059795273033,0.80690716244298,0.236973105490458,0.619259961251554,0.319256041481666,0.77956510618211,0.407127099336278
0.700075342216594,0.201127595144664,0.888432061634506,0.397589969349409,0.223694454285559,0.66898696569852,1,-0.595934179209805,0.535572490805891,0.950905272508466,0.197899122941075,0.298113396965216,0.22771990475225,0.268616703875874,0.281305266214278,0.590619567836926,0.227454357177907,0.256871208247683,0.380089620809935
0.819024183506341,0.190699913560814,0.723829903338546,0.27331854809541,-0.128154893403293,0.328747218473482,1,-0.284445980972471,0.430932636431697,0.718153004993984,0.169958607679762,0.433649892170704,0.25777258491764,0.70337457515849,0.202313331448244,0.541141732278417,0.295232959094229,0.428801704493391,0.340996279884716
1.59054294008181,0.535587344679265,1.84440384747487,1.28614944460783,-0.81475412257355,0.14049758453336,1,0.303224195991707,0.664668332742482,0.898893626451583,0.345495194643766,1.15117911718004,0.378667611023396,1.26955012331692,0.380634689345123,0.879892405432729,0.485517381897709,0.447479394156554,0.47627779703665
0.788104921510338,0.224660128402309,1.34220407656971,0.515154723459699,-0.465329906051465,0.259295107319857,1,-0.322317127985393,0.467476920057016,0.762917442654522,0.231700761841243,0.818356391554775,0.1731992526651,0.656267435876109,0.268915447638382,0.645180407933031,0.290144286452672,0.930170762345925,0.281782281745977
0.870375013768585,0.192560234806839,0.654405016299981,0.272018643569796,0.0313513792092721,0.436410758190506,1,0.00494764450166499,0.467562286165165,0.653781576782344,0.192945288941834,0.42406176733885,0.232870913055525,0.777719742074033,0.221169368274599,0.107349847791602,0.303744476547433,0.609040982419261,0.230646117069197
0.651980768820201,0.168575582654147,0.55616019618708,0.245342657792791,-0.149950382180834,0.399813368730839,1,-1.00373752319583,0.52021035750969,0.852185874810356,0.217278328262004,0.627807840900364,0.219059346707816,0.614543293878332,0.253423545803904,0.207550417819226,0.332597246641069,0.357067382195746,0.370116673490095
0.90981084669068,0.23860245759323,1.00658954711994,0.483601200003205,-0.289979816686158,0.295269460720634,1,0.614113191505043,0.447388191400977,0.361823212767042,0.294502785776504,0.503986302204652,0.265203604982525,0.58358560066484,0.280467753286866,0.798628200616067,0.298097975825437,0.293760445600633,0.362538362837321
0.891091238621256,0.245990884668172,0.708393541220537,0.348926932217832,-0.550750626870435,0.194510366227755,1,-0.261289300981295,0.380685794772387,0.693468958218857,0.214671661609251,0.518479633018924,0.255593624213834,0.590786375697366,0.294390329540225,0.562492426082813,0.30483677264823,0.508970261465907,0.332505300274309
1.34017915652231,0.359477320967127,2.24021825410291,0.972916803616317,-0.701403972050981,0.122501072875273,1,-0.192215529733179,0.599717406545334,1.04661498756571,0.233957314871112,0.869818225426058,0.267870224819127,1.07557955381211,0.260995171698621,0.840590270658997,0.34478898604385,1.14673608771708,0.5109557260036
0.587722348570031,0.170851026153323,0.6460571473062,0.267434738497244,-0.148872670053142,0.327319654010608,1,-0.743244311790188,0.465096552688489,0.854834957637494,0.17705919420016,0.366142181651265,0.244919695155109,0.667245736293421,0.211972416656299,-0.111232644573424,0.333106724320281,0.691956187128792,0.312836948038065
0.971959957315492,0.277636377093827,1.33046874270174,0.687947650869401,-0.362394892959082,0.305942906560961,1,-0.363422166104838,0.497629599329539,0.394622278512867,0.263204179150867,0.769391808947041,0.243734881990308,0.776601303040466,0.301079143661828,1.06640197244242,0.369632661477818,1.12579813651652,0.294790108774334
1.52625763402823,0.426012359754634,1.8109995491457,0.915918880026744,-0.727975825504192,0.133850834583061,1,-0.184058657590208,0.578666661181358,1.1520632143406,0.271480230383003,1.02626213614444,0.267341214880781,1.21105322785717,0.296453317449101,0.915910394355775,0.300986138499749,1.05618409871335,0.369107137093217
0.967501345086528,0.22311499040711,0.821471830239279,0.324024396755512,-0.0536498199383743,0.409196232753936,1,0.558292243643577,0.517181587200012,0.367854229228399,0.246103611956857,0.659612308267534,0.198755179239251,0.608815796452749,0.244395957164264,0.694544888991661,0.277082130336667,0.879655033767646,0.290525967771142
1.00120922397924,0.175863692565753,1.10248012220858,0.369080908205875,-0.435330600356783,0.204840879184912,1,0.0957913985450586,0.456820386211499,0.641164901036874,0.197241503899939,0.781505566201391,0.201254277781446,0.571687955660776,0.25301024081575,0.65399354289023,0.238725680715441,0.884014991334016,0.242478113324416
1.2972683560835,0.305573436964075,1.19835446165634,0.565031989373363,-0.501911237582431,0.191493356976502,1,0.475603996583664,0.505648961979934,1.0951177674516,0.209279780836049,0.572811212853984,0.282963432291931,0.862054417509263,0.245162054717206,0.613443705988378,0.318037223363324,0.846524411310582,0.310225351455821
0.687507560478697,0.17723738477997,0.629147255310986,0.241649570914222,0.113196701621648,0.407769640619466,1,-0.315430211132409,0.380538654562642,0.487428897493909,0.208918824867125,0.475657044775297,0.223217169931497,0.470334708014107,0.201334171264517,0.493090004823055,0.245335673808035,0.809819290678902,0.32606540947237
1.38156619980489,0.314862303362042,0.978749693054,0.501620728601263,-0.552888226136092,0.209262738363755,1,0.0548990024708913,0.396687305040314,0.84518676317361,0.232578174542231,0.885627566715187,0.260701267507003,1.1037759075923,0.246625096146234,0.623644754995501,0.388774689587706,0.975952032183294,0.270841119529951
0.881185031524155,0.204630677433053,1.06086393334217,0.445406603404419,-0.168290571553779,0.417492774617781,1,-0.0521680285871311,0.380595733867265,0.756542490934785,0.203178350902615,0.569858741649202,0.264143575853393,0.364351442304655,0.345017714104082,0.955675037630866,0.303187882307557,0.883380334660062,0.274414620063173
1.1442833958244,0.213761691031174,0.845183918285816,0.302131173848816,-0.281999984500415,0.240145321860751,1,0.100414489825428,0.373738867118815,0.648408505465087,0.200666757268083,0.527754494471366,0.236266731882487,0.820151233571404,0.301649748303776,0.534182430708101,0.233522465404897,0.619917794561784,0.222966611071541
0.767579463095772,0.199335644242909,0.905357261285047,0.358019099552328,-0.158783988216246,0.249049040942768,1,-0.151658424637753,0.424274948229837,0.705393530177127,0.168114758873038,0.523620379695367,0.200812406982875,0.445813375968186,0.411994816371943,0.597815849871609,0.368033395899075,0.615879846574498,0.291787815694147
1.29360337867822,0.269328121071462,1.58456366251488,0.62057420454835,-0.467680228653339,0.242095718201896,1,0.12632550232894,0.472789854863088,0.933136979508827,0.209059244462322,0.576062824231581,0.255132434398503,0.843943147188108,0.288955628715171,0.854541400093855,0.267293909419727,0.93762623727421,0.287220977938599
0.5520042901947,0.183672361534758,0.857771481418552,0.368789083125095,-0.357227520142251,0.241827332048325,1,-0.826344538365112,0.338744471078729,0.770410604752013,0.181175216313371,0.537630586065613,0.21312612935742,0.491894859135519,0.243530164358255,0.37274482088007,0.302293425937741,0.457048027733089,0.339801193409836
0.887176265442045,0.234862830506915,0.935104638752056,0.449990968488934,-0.578517353528257,0.218341218525401,1,-0.900774400136084,0.519709932816343,0.991434428626941,0.226727425261533,0.58620453521574,0.276955238630187,0.702838898779583,0.277413074341737,0.562997842711692,0.319483729902642,1.16362093404764,0.290196786767691
1.12886522905807,0.22339363051098,0.721599360086754,0.285249286918041,-0.416223674995769,0.230024643041439,1,-0.386295799739975,0.372750728236556,0.761466592107442,0.202501383107504,0.665408367014334,0.197816523270492,0.597452537434816,0.184644036100502,0.859754495097647,0.264731175398992,0.789543845795711,0.357114155638949
1.3894549848804,0.278878930834975,1.13216449542438,0.473036322763301,-0.608945394309723,0.159453604655148,1,-0.0667114955800037,0.458833609620105,0.780058432176615,0.215555450985669,1.0453949193548,0.21826462090297,1.15226122914151,0.227055748248417,0.920764388006365,0.26357616055553,1.01550522304071,0.389114134788767
1.02038445268465,0.224777959741012,1.1288585572697,0.486997184073703,-0.216149068408533,0.300603912819859,1,0.198556650064364,0.450018485401763,0.47538470559416,0.191222565049392,0.356116687221335,0.226370295082788,0.871413846487056,0.237612865297568,0.888455145233385,0.310200527453707,0.787003785107654,0.327567337058875
0.99914655726713,0.220820734379324,0.567110773236515,0.244217753179534,-0.459654617009759,0.191028350451972,1,0.0536439795506431,0.318006162566414,0.646662472566419,0.194786946240267,0.60574749076463,0.240556160547001,0.182938622399356,0.32701899439762,0.563655894261442,0.296199061379776,0.333516519832604,0.371373969689819
0.579973258948468,0.176975543775039,0.823301002198997,0.281761135421729,0.288067328610974,0.487451096211407,1,-0.654473464752486,0.345455384203155,0.474276001886338,0.164784769915076,0.492543816290469,0.170164895487348,0.416283674268541,0.235361711485316,0.754733765974155,0.290354784151303,0.147228501178312,0.591252034350469
0.997052995866018,0.215061040341857,0.685495753181626,0.299486218826129,-0.261224141937323,0.281430358434484,1,-0.0266492704262974,0.397816757036293,0.553726740722023,0.22249453157571,0.761544521029914,0.201152151058183,0.70056785521934,0.218252910092273,0.34295815609713,0.364221905713162,0.707391534566793,0.298402092856429
0.819671359480757,0.241071698887588,1.19928626618091,0.50651600721117,-0.562979473049584,0.16450232036827,1,-0.609734041789346,0.502282291978277,0.862324533532626,0.223378439199733,0.949563926762612,0.226335035625241,0.75295891327583,0.261271141548298,0.621432927110645,0.372199379832406,0.603131148333097,0.373036021988968
1.06145821314016,0.256496742981563,1.01995067876473,0.444894667241857,-0.593994173507878,0.159693361352942,1,-0.200823690502127,0.514233096414451,0.506375696683508,0.231236531042554,0.816755920956677,0.206068859666855,0.687849943024312,0.265322962978898,1.03969622567265,0.299782391309322,0.63600852057053,0.282449668774811
0.906277897241047,0.180906120220194,0.613601621499687,0.189325312714989,-0.410494285644182,0.162658078561146,1,0.102370054685364,0.305110765639296,0.515823427223679,0.180579814265926,0.747020522729111,0.196941036953064,0.574327875168342,0.206483558345098,0.371366829490761,0.219584204115785,0.284713475813946,0.369262677545138
1.03932164702387,0.252661476469611,0.739371227520504,0.314570235810997,-0.328543792745856,0.274184266102323,1,-0.395059002035827,0.432934180359446,0.73301192535343,0.272691491257493,0.87671058505388,0.168535746155581,0.662048306162228,0.327170193244969,0.951195916132517,0.247116548211515,0.585672077900665,0.217015583167324
1.30320072316491,0.392605430695397,1.85320765465891,0.912499775426122,-0.520087236427863,0.225113260197986,1,0.388149406235358,0.490229406215318,0.687810122976861,0.249755794074082,1.04894612155283,0.274562432079884,0.463746788289137,0.366523289221324,1.00648742299568,0.274482012933554,1.34372241254817,0.378112023113882
0.875883878439968,0.214718536528468,0.767651524895875,0.334513770494369,-0.50815441581259,0.239067451323678,1,-0.0663460947531113,0.429799681337981,0.806959603036693,0.22200748339032,0.64408123927682,0.251413669305525,0.262193360834296,0.320387017502749,0.522056065202296,0.311441711504111,1.0156554154777,0.300008887502259
1.05482643450317,0.29896958084072,1.27529681376649,0.660681598251174,-0.58416393131396,0.221697059343108,1,0.0577306171291531,0.450473843861727,0.88430103336229,0.276280649966433,0.797372620867735,0.296784083712627,0.788677888942009,0.317748296091656,0.961285413188805,0.277262511658476,0.78704970656895,0.378993606043388
1.07014324519441,0.225851863974045,0.730459886089684,0.314494738462259,-0.0779037469385921,0.396742067128538,1,0.249531898147468,0.287812925400405,0.658315438565625,0.19141899538602,0.484511148114905,0.248171039959124,0.742589790397883,0.216542112277424,0.109138657887979,0.440526221063316,0.432574603001062,0.304297732842501
1.01956932613211,0.23168469385844,1.1442324652451,0.461257904229793,-0.370446695281707,0.280307155078579,1,0.048029228262975,0.322216528950866,0.561861566239772,0.215793524229786,0.925184497839941,0.222154695405835,0.750482186104582,0.250144173921518,0.545580603988596,0.279281748999473,0.68098078399248,0.299716775853498
1.11188412496906,0.257805915952698,1.2690757809282,0.506699881481205,-0.428567804010184,0.231381425525603,1,0.0897843180482824,0.439689294870374,0.772021171064671,0.212756871454393,0.623170228482682,0.234600030601811,0.533920147606234,0.313671814993875,0.898609302503632,0.335257627345311,1.08191129933326,0.304734118192848
0.91154869655316,0.266204510266687,1.1606536548852,0.528251682037957,-0.439037996774649,0.263090145078088,1,-0.161837680236152,0.459771954877166,0.721793605620279,0.222179390065746,0.743875021932573,0.237634347039732,0.701888307946828,0.282119539752889,0.480584180399468,0.329127036558643,0.813579056508812,0.330275102092551
0.898202352741745,0.17007534949967,0.941512955284117,0.377754328286236,0.238854124063932,0.560786849168564,1,0.2816690512642,0.373482660242905,0.734513698264681,0.196795667996217,0.184628604693767,0.195620605948493,0.602333561108672,0.296308718030816,0.579409570720555,0.313339618927758,0.669351876660413,0.44499886682709
1.01495847051466,0.248046616755389,0.977649413365856,0.400228763323171,-0.273065617348581,0.26990884783169,1,0.553850857586155,0.475986544674398,0.683127672053702,0.227064507628509,0.547939061992036,0.21641171290666,0.903085828366508,0.217368157986467,0.634921430485987,0.315599212138427,0.852888443834914,0.384645792141558
0.968699105521039,0.264019154536596,0.895140401573435,0.41311901966304,-0.546673202048828,0.209817707896212,1,-0.499140823876818,0.51547962614618,0.679742820067796,0.231339787999958,0.839855701670168,0.231292901911527,0.839664542061636,0.302510340355822,0.749540856403615,0.337078433144496,0.936821884989232,0.353111519064265
0.628282078573416,0.210965151665906,1.43666567064727,0.742165588388826,-0.603519409372554,0.217911271047153,1,-0.805698674239555,0.542246460769619,0.786110448930244,0.231681685456566,0.492189487434338,0.297824963347463,0.9042564065356,0.313347303905582,0.21207546879498,0.42469681722192,0.769401507819958,0.489777947517006
1.05206337820248,0.264727380586975,1.30729401124475,0.559977774876969,-0.382652653930962,0.288104299774061,1,-0.0897628071566614,0.332557178739817,0.775839447149898,0.21176719015386,0.826140690032863,0.282365022570466,0.746780843548906,0.238239907298627,0.843780313407179,0.257329189324358,0.938990759886523,0.322532779938042
0.864657696042872,0.206620482231779,0.651370402406645,0.244374293874658,-0.112333626241462,0.374428231918918,1,0.309574990879392,0.373519994553391,0.45861263851711,0.213672393537038,0.540197812588451,0.23502419729666,0.556536848740203,0.267707484825234,0.578965804907858,0.256574990731753,0.64796680560891,0.231748542918686
1.05550742505359,0.220092283593932,1.00517926130421,0.391774941233149,-0.416962342814857,0.240693726659156,1,0.0944243028419112,0.447644291754532,0.698280589582388,0.202378754856165,0.898068217223024,0.205676655738912,0.698646878063776,0.242697578913188,0.702094715077037,0.303217418435241,0.641245268761874,0.292847401454392
0.925690097655146,0.216055532774978,1.24900556505773,0.51339955374982,-0.369895201865461,0.238989313031274,1,-0.307479047697566,0.41334521040248,0.779713865740804,0.1969824613784,0.889937100786757,0.222997286557457,0.724084746550395,0.291959478113159,0.854164551662949,0.232627131605548,0.497379466483582,0.344053176299494
0.940124384609033,0.264074462807382,0.972490669955351,0.446527494848999,-0.249155437143203,0.335117619931126,1,-0.530877677037569,0.444968584281635,0.808836942517554,0.220961120432007,0.571101710555626,0.249905571067429,0.686598308031581,0.248648525564014,0.767474348513712,0.280774766179297,1.03668949170514,0.37481714336792
1.02681275896091,0.265481332462326,1.09785913360052,0.477827284595155,-0.330108354474319,0.248013361285407,1,0.285273357634419,0.526002009321566,0.65434934643185,0.2263088886376,0.865703079229659,0.221533832076069,0.477530205516077,0.272164796749961,0.755922589267186,0.277869063138686,0.342579972278945,0.281353208837339
1.3113138719086,0.309647029572927,1.45419551056864,0.615965319972981,-0.53780031715656,0.225643203502468,1,-0.196781321776606,0.535114854409802,0.88121998414175,0.222598633117031,0.772221071391922,0.215905099592192,0.908785123469142,0.250688439355704,1.05431986829159,0.294698765178091,0.547736851264093,0.383178303316674
1.1612431894903,0.287391063665958,1.16966085628927,0.530169423487537,-0.361724541075369,0.3387370921607,1,-0.574608109795956,0.576429709369101,0.792594281696821,0.233500238140457,0.858819950630219,0.223976516183172,0.71286175802178,0.297796064918971,0.719829149709087,0.260520394068595,0.399562543184402,0.372838117779722
0.991815131597611,0.262155318920931,1.13236350669311,0.554008805408991,-0.489352861186897,0.241548822244873,1,0.343265181355171,0.36361082044148,0.804030089614222,0.23370319039298,0.690717278262922,0.259250007212017,0.925407218404066,0.24823980460031,1.01444545353801,0.270406754774983,0.896551091250055,0.434740160883277
1.25278339169482,0.2921184174274,0.8699150312893,0.367199027244145,-0.567711486383298,0.221198859739271,1,0.111511285395779,0.651236895079242,0.931314089958085,0.223585772065595,0.719245844496114,0.250142110217647,0.40703138123821,0.276454028882772,0.978052298133196,0.255919463857945,0.53460733730424,0.37767884218887
1.0801658494397,0.271631048993696,1.29741504214793,0.564297003186432,-0.512501026018421,0.245158771609777,1,-0.34475249043792,0.521333904761006,0.889391957453574,0.247420142872015,0.778076463392929,0.274676182990726,0.814592294797331,0.239270382138357,0.665363491396592,0.333147825377729,0.429061671330222,0.411046378288558
0.944689543579933,0.261847595608426,1.28361534526603,0.592680006047718,-0.422503559538072,0.265469539148952,1,-0.374124211763436,0.555340569214719,0.858200811986694,0.252149745911589,0.788438047710831,0.252815760379522,0.244431711149144,0.258046126944247,0.56361977213416,0.316494313970287,0.902941114388194,0.263615991304326
0.749298127516078,0.283106995630459,2.37887440237752,1.3386874042025,-0.568099837569925,0.228670849457178,1,-0.795670099935949,0.620443327938148,0.782444231292095,0.268404778240894,0.918434103177568,0.288895194836724,0.850344413604295,0.421599936259871,1.036809979687,0.289864244116744,0.53425685384116,0.435156924313173
0.967103313947344,0.261131863516395,1.19016352215981,0.618278700165527,-0.481923235571198,0.251054853929679,1,-0.148338425621665,0.577057134868666,0.977369862226548,0.245701949608372,0.463292932337646,0.282846544703393,0.575174128851318,0.274177344581095,0.666658902676338,0.344068615769592,0.943032380556404,0.325249017221605
1.3574126254174,0.297987594867729,1.56988192928191,0.632807745883556,-0.327407623329972,0.333564356015797,1,0.822296129553871,0.601907396504141,0.890129367284132,0.210831422078885,0.969445546947514,0.24603023985962,0.542211598143354,0.263530569599856,0.832159169552651,0.341451039237649,0.909563182324847,0.306586017523002
1.35817544819582,0.384632265850907,1.81604411912376,0.949471106161297,-0.406767478118208,0.315668297683023,1,0.0459877410896951,0.667606677296885,0.651944873580445,0.262558101594572,1.09402322560647,0.227494986233192,0.342309182656909,0.368094338622487,0.909257608847087,0.311202213236216,1.222234765369,0.288893517375659
0.80407622085411,0.219559773891345,0.765124127506101,0.326894909724302,-0.169400004746013,0.369462292516867,1,-0.447238504785752,0.469872418647284,0.852854259380333,0.20695004248858,0.422828936377797,0.266819140329942,0.523450848668311,0.252326631523167,0.854981601756387,0.261378801564098,0.191802678223995,0.544205622175545
1.0408336095866,0.239643369161231,0.989273679042294,0.460713062103815,-0.139582238817722,0.372198460714137,1,0.147232965927726,0.346157837472829,0.521582133503396,0.206428728632235,0.509551848654297,0.241131305404718,0.661878131527034,0.268009362475629,0.347664612363877,0.296762860499033,0.497784271603453,0.304453815665293
1.03642050902394,0.266112859608078,0.897079001681013,0.352065859908398,-0.478047776601566,0.254686159730271,1,-0.208232546839565,0.587176663713719,0.875248238727681,0.196838404221505,0.471839024724586,0.253632597740996,0.889772689291847,0.215542390962569,0.828490208016999,0.308822200382645,0.784344957610507,0.339535553914775
1.02705358689051,0.283491741743037,0.811426745507507,0.3941307465359,-0.293946872535825,0.33742356733069,1,0.209111335392046,0.425574371650455,0.313765701122017,0.295094382596877,0.707316982645157,0.239641639729798,0.735817045101266,0.247929979435895,0.496706165617185,0.319240493341711,0.572625112568543,0.346201389493459
0.856719872717773,0.158215182175769,0.552131408542558,0.205813574345139,-0.279559992204189,0.23625496501838,1,0.0263284187354317,0.35695731866023,0.539677352049395,0.177025324287883,0.570227900650418,0.176219946717237,0.771076238168612,0.195394606426563,0.280813773374633,0.262717455930188,0.930925966313027,0.431069329331286
1.02515627730753,0.253569442585704,1.11330615529393,0.5180550320963,-0.373605033574697,0.30518104824703,1,0.157546407816505,0.510717396968912,0.761229581014207,0.206649320694984,0.73149105591504,0.297966502184817,0.82654584835872,0.263583100918638,0.517280623526912,0.326901162476005,0.778293305272232,0.282820065501308
0.921925758861328,0.177440719363278,1.13825277914336,0.332490409419221,-0.0146945792813801,0.379672950935285,1,-0.278690483307536,0.384008142472856,0.723354024779364,0.196458807421946,0.678672833406773,0.156584642929206,0.60612197869521,0.20744354519555,0.444458638791399,0.273109140090098,0.940995697393478,0.306879071668699
1.19796325713829,0.306144128306643,1.38428772598919,0.577570066212945,-0.426679420348983,0.243760021396518,1,0.0627216080206376,0.437881260731596,1.01645981891712,0.219532794254605,0.871078898679212,0.215660290158694,0.870251311661521,0.245156886107963,0.86988448673986,0.332263488402298,1.22682093112319,0.384270128904018
1.23846424281488,0.285240592643934,1.84737086630626,0.766982607708846,-0.417209932001758,0.237123412297771,1,0.372281371902955,0.476449588948419,0.818316439344168,0.215775299805257,0.635123004281431,0.211724818594081,1.00783066308547,0.233516148957587,0.401772135374495,0.355036331454369,1.1769943348279,0.291171124623649
1.2184137730048,0.256015122845462,1.24949120228141,0.473623198287877,-0.447399678131193,0.235633688668089,1,-0.23942119778605,0.442369498366281,0.767819228990421,0.202183188795697,0.926644057118028,0.22270764092644,0.802040678636676,0.274087724212476,0.624907004109752,0.254716288980857,0.901657461298223,0.263366441838188
0.846768486679476,0.160369244800373,0.724993449501816,0.268252066601356,0.654698803452923,0.389128629475182,1,-0.241617670495024,0.482425247743956,0.442185881838017,0.209363574863456,0.419445900701521,0.212784204019581,0.747102497402009,0.209010875261448,0.300028081574054,0.259884056386866,0.0665227780673439,0.380384580092054
1.16868416702755,0.325628033294183,0.988146880834575,0.512701321980776,-0.419286866410082,0.275168059561228,1,-0.182330516790068,0.50530928159959,0.807107514479252,0.274633761652594,0.692162219521253,0.284558387319672,0.717688074249189,0.298043598975057,0.737890833500784,0.334855078543782,0.744392255826175,0.336309884564202
0.770263057578608,0.204405264086205,0.656804524032605,0.2959872645836,-0.104031908670771,0.380453023159547,1,-0.394543236297652,0.34090591842873,0.646648390073006,0.248661123713553,0.432143209066605,0.23283867682926,0.368084774420337,0.301370890309855,0.644623119972021,0.290512772951281,0.453233973145223,0.276425091158388
0.777582382449634,0.160491374292077,0.832437701252123,0.237735734211195,0.387762925117075,0.361363432667963,1,0.0288691156829731,0.389893659779514,0.647122248145664,0.171736086334595,0.706032290551914,0.162326719519104,0.459428580217225,0.181212796485629,0.203307380310524,0.337079775810719,0.694044007783181,0.236144061872271
0.98786175832565,0.26251748687226,1.07974969291027,0.505917155956944,-0.305061950325547,0.350040816110596,1,0.323457391815204,0.45139556118533,0.410082911856632,0.268735122414862,0.753430757436649,0.225212438032916,0.551115166779015,0.278392434766648,0.826307250572836,0.322397708128724,0.95316930967386,0.403945364402064
1.12019056987339,0.265728908141817,1.05507076789216,0.482869853437325,-0.537095165468471,0.206812094766991,1,0.31440751930137,0.468700135848028,0.662202829307968,0.273329398916069,0.468013529894916,0.246462811853304,0.808314859601395,0.228359785189773,0.67530362107973,0.308192380792902,0.522014298450235,0.412312372476367
1.14277848185711,0.349844664394622,1.55050838944909,0.692750621871632,-0.703596593513529,0.148045822401505,1,-0.196860756379444,0.647427824103986,0.756693135004771,0.244494259078815,0.961990862844765,0.240981811735258,1.22822202246392,0.291135143217004,0.916887344018497,0.281243704990781,0.811609878964747,0.325647058770111
1.21696243568281,0.326468355665891,0.962557084394684,0.423121195514526,-0.367191716105396,0.299604143054736,1,0.185470435107858,0.523753721391941,0.616240582061508,0.237364873405644,0.835226724141976,0.267885599353701,0.977991777396206,0.226961064335706,0.885613249719341,0.274226678455753,0.478497426582223,0.396292635971938
1.2881812045612,0.330449069116754,1.23398943221695,0.621922336273068,-0.443806446253823,0.285699306037782,1,0.0874350102309068,0.620887587624279,0.868591445199398,0.276909890110255,0.411100051650502,0.269215306432496,0.75211961001125,0.227856590570716,0.918000102245803,0.314214391782705,0.520769649952659,0.365362300102152
1.04038239093382,0.219519959450448,1.03776676565002,0.381346730605419,-0.508984357877811,0.22808103144441,1,-0.167521212414641,0.40061448835472,0.898231938562441,0.218895473297968,0.797851797182658,0.248259040706893,0.627865233428916,0.248326491336793,0.960716555671944,0.25161378000152,0.288423628942753,0.389810181558474
0.871491502511401,0.190122815875859,0.654307194640188,0.242569864288888,-0.138802027332651,0.292623708142449,1,-0.522233983791757,0.448313027230898,0.599167927806616,0.204621444853041,0.554943017313999,0.164401880174079,0.523093094715097,0.230817863528426,0.401538241897781,0.23642879140774,0.651528085895836,0.437319247169008
0.729025081755018,0.235598109782513,1.22046115074172,0.541885338387145,-0.474568280352793,0.216556450807379,1,-0.713145768935784,0.478225236455919,0.835615554802984,0.231735079213722,0.941515768292615,0.224761518091035,0.474335545787272,0.250855600650689,1.09277095954749,0.419806936307461,0.553840153615537,0.461090105872099
0.764139917785627,0.182374447667372,0.775828243754001,0.295200286028788,-0.2032652189016,0.298784187729724,1,-1.40118879799197,0.413079708071354,0.832762483033893,0.17677896676798,0.678699514368852,0.196168929829017,0.651094792549319,0.27576971293977,0.88489309726434,0.19092337357752,0.59049009049829,0.290795645472591
1.04855162594485,0.225093793893543,0.822524948964636,0.301090807231371,-0.286501161452486,0.298238355336976,1,0.278511368924601,0.370943522112233,0.409305663811005,0.204933007963801,0.889248496493375,0.188949434413789,0.6955577365374,0.291169583321471,0.920588892473043,0.307588816673283,0.707139846069031,0.315812256298308
1.2438451653854,0.219066519338352,0.712961592565548,0.275409308453578,0.0726023637099013,0.584725862310438,1,0.418833638691168,0.347872605679621,0.846748277376539,0.201032307181623,0.504360724903231,0.21763743924088,0.907088167175865,0.215293265065227,0.247013843986846,0.332754222203759,0.51583076493762,0.376891665458031
0.976616833381925,0.181554980660597,0.465951917905866,0.184674261482394,0.19644151678558,0.509726822271424,1,-0.193561768732259,0.419664735051046,0.618249063599159,0.173071962222782,0.441058464636793,0.189281228951305,0.483184421944472,0.215480565975456,0.359053272754128,0.22567566567797,0.79187621694525,0.253263523420374
0.907787551646617,0.149010920352108,0.566642444430472,0.18840311743915,0.822563216858762,0.101744344722857,1,0.488038621635018,0.477777464478965,0.267316544326671,0.219110264364273,0.747938298139361,0.202329323015106,0.429241682049201,0.238545845710246,0.16900497487886,0.203721533901687,0.726953876451719,0.178664239589203
1.12247622518665,0.312058467074007,1.58788709722305,0.786672135906921,-0.496191916987253,0.271851643013128,1,0.201693544644967,0.441764433393455,0.865353397861991,0.241672737992514,0.588151325834744,0.288395910814414,0.987580415837812,0.336877492338676,1.00362675045999,0.268247206211907,0.41592658877732,0.435074273378127
0.73937610232875,0.215624254992965,0.89116175794572,0.409548358108071,-0.298804779709512,0.334139287359335,1,0.00678929957275627,0.420033091447392,0.483737473003427,0.263124733718959,0.59446257637729,0.238519286023418,0.718597153823612,0.255643678046755,0.71385354979086,0.300517331146052,0.695977671228491,0.439243989032596
0.781903528367445,0.172350713196259,0.553195242959729,0.234891110936298,-0.141789237829978,0.282449792817492,1,-0.246925493316176,0.3431735169139,0.695002816018367,0.196446926606898,0.526116877752007,0.227688410925944,0.605788590883159,0.231134643816897,0.726947860352116,0.244266431279691,0.329520426257603,0.318080266164859
1.18221880997756,0.222829181074583,0.628909146751741,0.279449250182082,-0.0699105273740664,0.386421855826078,1,0.641782159555741,0.4268122252455,0.343164021368541,0.231836639156045,0.698124387883706,0.215901369100585,0.543740125214887,0.264645674541803,0.758534903455399,0.21882420065533,0.51624931013917,0.228812748774834
1.57103287692824,0.278808344431066,1.23890417991876,0.523601269814595,-0.625456853258657,0.168750273367483,1,1.44907679869983,0.481171448355884,0.879825001629604,0.262681141257151,0.940670631370085,0.252767921366358,0.642775731459444,0.30990029170962,1.08486093347183,0.213160558789915,0.627819130343569,0.368635479987842
0.783673973804106,0.162539024942781,0.758036989967635,0.35220101430513,-0.248641757221404,0.354068815705656,1,-0.0692975959599443,0.408446571743863,0.63757573273914,0.254179166203283,0.579204310527459,0.219685809592927,0.409925443307444,0.288145488864659,0.697911649948501,0.235435121494555,0.669480089464696,0.395756785307778
0.848088518241819,0.197040694778082,0.785886996358501,0.318356164665594,0.458315520598895,0.480007736701301,1,-0.0151525051144613,0.438239807186161,0.591327194710314,0.161529151106511,0.431848101326109,0.241940812531571,0.534385433985601,0.230023662718517,0.697213992001243,0.2544809837291,0.331627295323036,0.292009120785567
0.656421333886353,0.160871514933355,0.464201848950695,0.178611870497216,0.520815107941333,0.429156470522291,1,-0.164366944843533,0.451823600118758,0.532197632465542,0.173140176126443,0.500440097339791,0.167887434068921,0.143154260338039,0.230555662838928,0.219141176106377,0.327238578992963,0.725140096904167,0.310056413966899
1.03779645905496,0.218644511512731,1.06184528520191,0.42522874528372,-0.519562324215813,0.234662868489937,1,0.0985926982114394,0.378344386395923,0.540956280873546,0.22634343320165,0.576736215357873,0.244062522634089,0.87041235689319,0.244594615213511,0.914998885737201,0.246118291554528,0.445284242310775,0.358109809813119
1.23919345850979,0.324948035120303,1.04978578154053,0.44552087745614,-0.645533302133858,0.184590268498999,1,0.614824953455933,0.572400427717932,0.666826817642225,0.227544550941053,0.923691138663011,0.272284001425059,0.855725819820921,0.271085205042801,1.05039409456869,0.268469681292061,1.04486655250473,0.373021766784542
1.69073771697144,0.492035055822331,1.85684046705606,0.96803585584293,-0.696086465279609,0.166378062896593,1,0.888431038762568,0.664185480516325,1.04124184722987,0.273498779288004,0.937432455402066,0.281734290184367,1.25709855223653,0.316746926702636,1.09590683444375,0.303038322500764,1.10011950944436,0.325140434803056
0.869495495736979,0.236187290001562,0.831687181942018,0.363398303599929,-0.27664923101492,0.278525097762988,1,0.182963123496461,0.46129938395635,0.524208887389664,0.20346802750014,0.633124072664774,0.207767253870077,0.342921784838413,0.245361347096556,0.526539855538409,0.343036186108336,0.54913353658964,0.309153413876689
0.99458417067171,0.215997091098184,0.822339360440013,0.334982378989943,-0.271652305614815,0.325305835580632,1,-0.170283059919176,0.292306425306402,0.779220752029542,0.179643599463051,0.595495402867561,0.257863533263547,0.613129364508182,0.243695388488367,0.274666295330404,0.369101640365725,0.901854981382377,0.269053653916598
0.905903303546315,0.237348165061572,0.793501375764945,0.38305287682669,-0.333270517145729,0.269453026654555,1,-0.208116392232722,0.490214160487892,0.783088772117519,0.243593974272301,0.53529356983757,0.22158588035235,0.433393637768865,0.248904401220417,0.738056980503348,0.332087716384783,0.495666222208925,0.296730701818551
0.905394129015802,0.164825826533454,0.606350278966422,0.205169696187737,-0.175128947074722,0.241607266565854,1,0.194931534515083,0.368818728086875,0.330792695597004,0.211500054622476,0.678027339288102,0.166568388737933,0.4380966153908,0.234307073296843,0.565671691343358,0.243632262305481,1.21310011881515,0.259653463239451
1.15893511292506,0.304816433550729,1.07852307269903,0.514010040760617,-0.608936316085095,0.194876509934939,1,0.157715909605936,0.46647196108888,0.785322791034717,0.232030480116311,0.979007684147141,0.219098875832713,0.786447986249388,0.307943531341269,0.944354776193046,0.313914456342672,0.739063453524006,0.385153083541088
0.723780161570955,0.165565290340158,0.584368196575491,0.205111190881515,-0.236459744170619,0.251819815041592,1,-0.331064917652597,0.311167878895487,0.742000261181142,0.155979203929955,0.534334378082691,0.207476966273758,0.606627126114992,0.221347361681948,0.164679380568359,0.304922144777426,1.02352261260687,0.183916502219262
1.26682793445211,0.273643398472407,1.08431063486349,0.493758273118395,-0.418920559123351,0.206704902434984,1,0.158504988242031,0.504094457104699,0.739259708879949,0.184218917032916,0.80115324360857,0.269511076530244,0.868410012207985,0.241267911228994,0.946032955538717,0.285751184172976,1.0864937888471,0.280142944174974
1.20203925025604,0.275372935964078,1.37984024592492,0.482970749929322,-0.57204869719028,0.165990598597556,1,0.299668252825338,0.525962149151902,0.909160660245106,0.220380757868247,1.02737850423697,0.209165455567572,0.843031544989893,0.259170497420756,1.13661655102673,0.217642124647677,0.583892635359403,0.350222795118249
1.07679903246572,0.243437643984111,0.830471270621352,0.366500817037377,-0.512875966541004,0.200643320718891,1,0.0202251148986583,0.469577815198232,0.551256147863928,0.233336137690772,0.801154650006298,0.192008023834403,0.554535864129143,0.266553271866112,0.713394041069548,0.293248063387573,0.402002733496595,0.371481136644367
1.51376207848077,0.37553003320098,1.40174767035791,0.606691438524895,-0.392980010919084,0.308709591255236,1,0.651513935509447,0.596787343110201,0.816061115283819,0.19771491359403,0.515311352019962,0.32475356182517,0.986162268551202,0.234916027176854,0.901422819262266,0.288053497631761,0.749914269259975,0.288272449933129
0.762422567418124,0.240828062629914,0.963088613565083,0.439241260090602,-0.439330900995351,0.270731592302895,1,-0.706017634063685,0.446488428292207,0.720285196234975,0.239171627370134,0.719817022479678,0.268860725147854,0.691315839694829,0.266072241473532,0.676200690506725,0.277232548593564,0.373120225988861,0.363942285086768
0.942696614401466,0.19604718510856,0.880992161821319,0.322908537831518,0.288349737965568,0.449916808189098,1,0.245797027759296,0.446497239581127,0.649512287508591,0.181084510800315,0.655148393282675,0.196917355656202,0.305095306970672,0.270409058014298,0.739868009746052,0.27532840490745,0.485058781074808,0.266304314672881
1.50042581389726,0.365630422377927,1.33959040085764,0.712949349763797,-0.590137965234728,0.24482066061811,1,0.356196370557329,0.338270241810726,0.785696451811563,0.259926256509111,0.833749097218541,0.298299224028871,0.862549419041249,0.292759144219443,0.919600894685977,0.26625327000177,1.20590193211934,0.344781420416994
1.02007817377993,0.268449883417044,1.04934468045788,0.507750180983114,-0.358100147086731,0.312627185109358,1,-0.662172340730176,0.54170976172886,0.866683068508782,0.248657763946356,0.569277476955134,0.269499602286663,0.60468331909694,0.272603927279361,0.493037553555047,0.298899994019936,0.724738233767327,0.304962455316686
0.555350307229857,0.171528554515315,0.725992409803147,0.269570779193771,-0.198407090995416,0.282845464782536,1,-0.90251094383398,0.533630856382947,0.749846904190978,0.161174781093928,0.535526236904457,0.203375804955992,0.489728245464992,0.294519802960132,0.461619690604863,0.253544797711218,-0.0823334626540195,0.323965332724147
1.12671845184829,0.208823492023146,0.868510263803927,0.335341240764625,-0.0582606120544557,0.378230691259027,1,1.1074041361926,0.379624946184343,0.452704406123528,0.178989795335266,0.739112697691125,0.167401683068425,0.935285251871504,0.259816755262269,0.598545622531191,0.341895317632418,0.589988233001164,0.349260164076312
1.38225667879825,0.249079962407364,1.27401918813506,0.453952757025466,-0.295167752350479,0.246724422741891,1,0.672809097247325,0.490824553797329,0.558433604920201,0.215460182816177,0.922633911381937,0.195749794120441,0.589701345545032,0.2236757800531,0.846671051017128,0.22632771644009,1.15365187319194,0.337632984445514
1.43120064479639,0.353149720451429,1.28454304274612,0.548836796673213,-0.528824837495209,0.176030220005365,1,0.120874506932151,0.410411891807098,0.74065012530577,0.226450032561444,0.819680613156106,0.24005802122226,0.819768830056803,0.274620878709671,0.71200872945641,0.266275054786315,0.949951267279438,0.242198707050954
0.573335394148111,0.209020923466269,1.31948263619428,0.463396399313236,-0.281930720083263,0.300434571579331,1,-0.933128766813843,0.324913115558889,0.791436222004038,0.193287054090239,0.671697392278241,0.197796275959466,0.566000293599741,0.219905526193378,0.870057470184566,0.236971438363809,0.960116977713396,0.274420468111829
0.784160814785432,0.190757693636686,0.482245820596626,0.190883118830459,0.135270977665561,0.571155909322632,1,-0.218831581090362,0.5512620935224,0.513383593194513,0.198939449382238,0.431440210948873,0.187700327249154,0.446051549520227,0.212029734783849,0.253801308485665,0.228470902219627,0.451057046873776,0.358476677927849
0.929775801333972,0.179613486270504,0.683869286201587,0.272008714871725,-0.22015115032713,0.276028685864648,1,-0.0247253753908962,0.322273244759825,0.697380221206882,0.170725563898025,0.361736111125469,0.229241064450134,0.769076233296687,0.190066316129402,0.470237288837384,0.351817672660591,0.081921585255058,0.345836800406842
0.709278621653013,0.191040836947846,0.660810021471128,0.238465680356431,-0.0567818997422506,0.348103631058205,1,-0.00175690100801953,0.406090859891268,0.476820482401837,0.198784450705749,0.45603875273868,0.171421680607087,0.620868043437458,0.228032398504143,0.504300524183513,0.258359670014392,0.649520867718645,0.391316514625938
1.7542845684347,0.372501267513161,1.32865930185857,0.597220615709706,-0.552842739500762,0.189723393141598,1,1.63625942347907,0.570094511083271,0.821882716692018,0.272060267494535,1.0513187587064,0.241946785740297,0.659388558082791,0.31307493529355,0.813736663350559,0.29839667258401,1.00398479711029,0.266943209756207
1.1406411994364,0.302669952133706,1.240056700939,0.551068808595383,-0.596291792020816,0.200148742274965,1,-0.258230644056206,0.424321295190728,0.770704739157631,0.2302585607729,0.75245841544558,0.233166862334872,0.855923670485257,0.248421629559883,0.870599252139099,0.294096818056642,0.517896718272818,0.414277808578558
1.27333271154208,0.252093799651098,0.76803628847202,0.315871159277069,-0.536941676311617,0.198763567860997,1,0.516160558847498,0.438909238552927,0.655031834267856,0.241016638551204,0.549055242293015,0.227453792079344,0.837378012717599,0.245544914294729,0.814741434187296,0.275539745444261,0.191665195072783,0.344272313847342
0.705446290022616,0.18746632209439,0.870529841067518,0.385978899227683,0.052101894937683,0.53014510350245,1,-0.524912685099625,0.411344209223993,0.633702583153332,0.212846639696096,0.59714918216895,0.206113916377075,0.450178080902422,0.247529648117007,0.671281312017827,0.236110208769154,0.673021353635138,0.303962749316284
1.08747040209385,0.349265137418547,1.44355252173696,0.683144516453627,-0.633902706712082,0.18497291226418,1,-0.0221697643228562,0.654907598660894,0.940369895640586,0.248610885820179,0.695965847140794,0.265924732566332,0.985608559610425,0.264012583553891,0.808379288488253,0.340494425388194,0.545110193980287,0.444959568708147
1.06107218826293,0.211726529684941,0.71577005509922,0.248678495129685,-0.214677585864213,0.303362851649919,1,0.455007430698118,0.399441505947341,0.675381691154845,0.198851427702776,0.475773098865011,0.232327854207157,0.536738867179678,0.193069743967203,0.513562592836117,0.243700272775128,0.487723439912477,0.269016590440319
1.31831884554618,0.356227222638123,1.91486799658434,1.14395481479685,-0.550093536641399,0.255902569246499,1,0.0344815348874355,0.552599031645429,0.878290831284757,0.249563983673947,1.11068672674929,0.345874603052863,1.00045015814909,0.34219638462633,0.854101514048381,0.393275284051695,1.00385847710992,0.387416310545349
1.03008692967078,0.27866921777147,1.30586568128145,0.564114286131625,-0.25054068726161,0.311154161565375,1,-0.477433668993906,0.624480318543467,0.460633960475152,0.266634278923159,0.925936853010391,0.254716096145793,0.927717407074395,0.223962579935174,0.624091097532007,0.289477732723556,1.0748411210665,0.291932593712592
0.962290200454045,0.190005121916314,0.545390110202599,0.198979567548998,0.0724475144484712,0.479480939206171,1,0.786725140233374,0.421022790465364,0.0190274417126359,0.255881938235404,0.329680289232893,0.186599201862834,0.608508164517008,0.22064016905168,0.608507853353276,0.244321085277519,0.477948577850875,0.259392274598756
0.878271551488124,0.211915048505659,1.11660490250849,0.350711843364958,0.110752665633305,0.49569346543802,1,0.18176358710192,0.490656321045804,0.703757762839368,0.167941412860591,0.690869881678735,0.177877440085547,0.656721652809751,0.22233745102384,0.792786822247734,0.222221841749917,0.678706170661156,0.302820070170078
0.784614295338425,0.197334582553263,0.757508825448102,0.323701518402605,-0.347769421165279,0.273878113411842,1,-0.226647483748177,0.354369926620734,0.644952689434353,0.209661188258462,0.43912393622369,0.229917688750172,0.486915766267291,0.248265299241845,0.596233758771728,0.256311117178177,1.23580526020519,0.28466640982585
1.14086082827271,0.229310238818193,0.767887581545127,0.294274713927639,0.0918435229884459,0.41201049678609,1,0.149073019997268,0.438316861607583,0.771471808561839,0.180904230927502,0.757546235521323,0.198616475136592,0.594567638230391,0.216742524773813,0.397233809596122,0.300887086559926,0.572414675161739,0.424683311164642
1.4248535514574,0.349452633724598,1.37112883062027,0.686264398815787,-0.523032167968223,0.266801788351957,1,0.733367376070361,0.497328676566476,0.572477138748075,0.242210640030896,0.97894727894032,0.263468901757891,1.16794031519942,0.234109630755223,1.2046121632794,0.321872311527062,0.410284759589548,0.445718100994962
1.00791840166329,0.20483358926249,0.663562760513729,0.295209933243817,-0.0973026607564901,0.435047849497797,1,-0.483626335807205,0.507697513038669,0.656659811385005,0.2113088714525,0.385379876163135,0.228467565628651,0.265969388014328,0.270932778222888,0.514338068065749,0.362521936526698,0.288241892980429,0.311680295946633
0.980613109337937,0.314117966889198,1.82225145641616,0.815792869458558,-0.457654470383641,0.262085199370181,1,-0.554790781873209,0.552113849905665,0.731334890713733,0.232128156027173,0.931978901995424,0.268931338522612,0.537849158611629,0.257825101092293,1.35668874063781,0.29907957999309,0.773570102448555,0.336077375409784
0.717657770964956,0.158506965033793,0.581653839778688,0.219571462605678,-0.00761297871360587,0.369824492012853,1,0.414871171929335,0.44717043708704,0.0995833058407454,0.223853874551752,0.368276981466383,0.202349077298895,0.495829858299682,0.231761909071026,0.544094614419963,0.358851015706796,0.997258819931238,0.290388602236015
1.0840729406836,0.308212963601036,1.33484245419628,0.68861373672943,-0.476787009730358,0.245604121901123,1,0.371022164327597,0.555144043580826,0.861772885358901,0.206510506600008,0.67700059240231,0.283539431947587,1.10051701476096,0.285326119359546,0.782835367360902,0.340567751772288,0.354667747023251,0.476795283619312
0.934437125810541,0.261151399741248,0.849678271556167,0.417578012581834,-0.312284879235442,0.279520260835704,1,0.265102049463066,0.479160928526274,0.815523253670613,0.194748516859767,0.672378147068152,0.378563772029595,0.597231795759705,0.239161679170246,0.188944275597828,0.34445045513326,0.705366848863311,0.333038416411019
0.736488144603123,0.180259359471638,0.528324617629713,0.246273625151068,0.0140776318195924,0.413966504260935,1,-0.222561186953552,0.455866101187962,0.614098640881956,0.176674581329601,0.321059358098835,0.246250208187385,0.23250558546224,0.273650931955447,0.626053587708112,0.350570897090165,0.256831327948958,0.327937392328933
0.785182528208209,0.207265480919671,0.948437027444477,0.384549792070152,-0.261864282459197,0.317945529802944,1,-0.581002660551296,0.447224399306108,0.897759228462193,0.189587288379523,0.453480253000497,0.291398396680552,0.738066512434081,0.245351751659341,0.222998052306776,0.317628114495757,0.988743591128489,0.232286286378173
1.19181634241549,0.347622047314878,1.56221318377506,0.778939656585234,-0.602041868855474,0.221764652512108,1,-0.0827709641162498,0.54018940027665,0.926134187194647,0.252925823405609,0.902408542500354,0.268158338247775,0.809122104431291,0.337680181349923,0.878085257633252,0.343029808478132,0.979788626793582,0.334054765933072
1.28562138918756,0.429759615100218,2.12631228297481,1.29825853451446,-0.740555314602388,0.171421641206963,1,-0.596665595141887,0.640481045834675,1.17322011431546,0.308417868403631,1.08435481856768,0.314090547974089,0.994614149098061,0.345984173950345,1.08585509218634,0.350420826235126,1.39212262845706,0.425984575422086
1.09464135980364,0.231724575166012,1.37144211745676,0.472854013531532,-0.396009950139613,0.238699785765542,1,-0.387653845803145,0.529562947664893,0.971357361673741,0.194376745528322,0.797274182613763,0.187557552602262,0.616581252427182,0.28125294014014,0.688576208156939,0.215601135149317,0.524589566057548,0.264648492778919
1.02001473073675,0.223635280332157,0.93063353696623,0.407193139875835,-0.151412490430345,0.375355549965135,1,-0.395589505284917,0.462538838362535,0.853749363927709,0.166941668104606,0.614245860521609,0.244007979338302,0.532929317320062,0.219278982151162,0.509554552083735,0.32110958844262,0.938230355630101,0.378276771486576
1.24559577971097,0.349365737840941,1.19915767982753,0.615024062583117,-0.496885654001029,0.277965689748224,1,0.171938695292211,0.519128842255764,0.656012166055578,0.272945502251099,1.02045683650781,0.253883004626283,0.517471972544342,0.38545679480524,0.963418009465846,0.264413939969333,0.0676629092732697,0.39995483752813
0.842127730905615,0.213124307032624,0.808960757116754,0.365766904467021,-0.312604904524229,0.272449225419927,1,0.0629927029026148,0.474294679257407,0.714984323635452,0.243356186604102,0.746971428828599,0.203862192820236,0.376857344957518,0.281211802662361,0.261654643692041,0.313948189812552,0.472385662229177,0.550159793285536
1.04189223092355,0.197150469827902,0.938951074341232,0.396755147963167,-0.121476263176542,0.354453807775265,1,0.132426431042271,0.25755280661812,0.539123668880032,0.187305054495756,0.680895990063926,0.221326940388942,0.69832166628746,0.236897438765428,0.705072130164964,0.343861979301195,0.600064183564283,0.314454775014096
0.933205672025515,0.223555029706747,1.04902282595181,0.478106647506358,-0.542731747432582,0.186844928294041,1,0.231349738518893,0.500503362600073,0.688670299719597,0.217754683011932,0.580602215779852,0.238365730420677,0.752456209090264,0.276460429455902,0.940275511431456,0.291562788071618,1.07437165788223,0.333475593515479
0.971113280233542,0.247431674977499,1.50791751775882,0.608459401998189,-0.413730604655407,0.27969058384703,1,0.287189620045713,0.364953666802158,0.701527498321812,0.209858714627541,0.770032096909325,0.23064194394768,0.741698996436981,0.299018668636041,0.632272540451426,0.306309094030177,0.941975358019571,0.329478338470342
1.10235578921353,0.274623931140106,0.857591629877927,0.424171911549149,-0.515866736538718,0.217661563494659,1,0.359601570480964,0.424894850500612,0.520458959202086,0.253157845677398,0.697686002374783,0.235822477571512,0.825249760152668,0.27146500328447,0.3623413276088,0.346932607852696,0.723420373937578,0.238197439749619
1.30447270138569,0.348169316375676,1.54686916187602,0.684076002005263,-0.610900627299545,0.166306701662273,1,0.315474078300845,0.672118194660241,1.05921549245755,0.206728618788285,0.771966595199974,0.289909183959277,0.95997376586572,0.225888354206227,0.547694195088568,0.323322157919559,1.44593396583663,0.275926991371354
1.10770258247188,0.211766652406062,1.15131184425015,0.45053164009618,-0.497855928074886,0.201770041138277,1,0.203567061000157,0.409978901021731,0.693765446345404,0.199776016081778,0.648302257091202,0.225468487785512,1.09307728725684,0.223765819385025,0.71720973129117,0.311391361826346,0.847822365214125,0.344403990475799
1.66241670634651,0.348079750578754,1.25786358353794,0.505021170958769,-0.49182176518543,0.223913027527977,1,0.856712048026479,0.547900565492114,1.15209678313355,0.217464543806893,0.824401539836339,0.221307008986731,0.721361043914657,0.225183261389515,1.00421526956959,0.268996043151995,0.879007569077166,0.298274169082195
1.12541605241674,0.306855188707066,1.24423797585984,0.622635771234079,-0.632390032893306,0.190840095034478,1,-0.264812832664149,0.437816502996137,0.969809725626018,0.279157825883197,0.982173400491371,0.24340563692524,0.94532141887115,0.376431928979481,0.337062048988226,0.362984724650999,1.01204302316561,0.333650952654839
0.648668532321086,0.226318067154614,0.952827380997824,0.445626743941314,-0.213436772460912,0.368726932952466,1,-0.342463768690369,0.454048262177772,0.492082698507746,0.251305534365687,0.485870905775416,0.266201123042156,0.491499852894491,0.260433324448486,0.691411458556497,0.342036646750117,0.124510983518083,0.46985255489457
1.39481562633188,0.345261245456394,1.21973449361138,0.605825183082069,-0.502505460717959,0.252120823258779,1,0.880041688014955,0.531171663445434,0.555333656682254,0.283405603269261,0.747844871170693,0.254526310500875,0.836741231674521,0.248759364682308,0.98855889544513,0.265698724317696,1.35423322547477,0.305736975162488
0.728158297267309,0.247311738959545,0.937156092380579,0.371241147827163,-0.368301294470781,0.296682200598697,1,0.0687892077719097,0.60953616256111,0.751530359937152,0.220504541590133,0.340720304527401,0.239202163016981,0.371214045779997,0.249643117839187,0.883271370992369,0.212211987562641,0.334137844386484,0.309757280681084
0.989896450596537,0.237453068797717,1.37991667052429,0.554986479613582,-0.348628946508075,0.263020437487534,1,-0.393893307864536,0.42403862012989,0.707465199939852,0.188011665950757,0.909909229969626,0.202657174654014,0.787554189762101,0.257998898244061,0.577124731697104,0.285333224074241,1.15839160011788,0.261166140480258
1.71193423646373,0.519041986434166,1.70610248437231,1.05186825524017,-0.746055804026111,0.145940799556015,1,0.752012873377337,0.60599159661348,0.727256397651291,0.292818576350689,1.0593890826002,0.295924304071802,0.993692089097927,0.302413474181493,1.2590577199042,0.39537962855606,0.725053986257408,0.43260492882275
0.975036754978742,0.223774423166181,0.755864763586073,0.341556252331071,0.0222480151304854,0.501938465401144,1,-0.115254574652856,0.379429567636579,0.4445371507798,0.277848246263096,0.302638763254238,0.213575754212357,0.49983012544375,0.268866336332655,0.460210756264076,0.27623814703521,0.585451049185399,0.361485303414768
1.14740078373094,0.22886916926936,0.952203610253505,0.367906869745232,-0.208853282346651,0.313596646816895,1,0.283052049283824,0.361041793211673,0.599991476012793,0.171050322400367,0.675300143708184,0.24969484888118,0.769852979545734,0.209357003984628,0.989045943463257,0.265054973627835,0.573767139526879,0.292622965864101
1.2115707712034,0.298137747186076,1.26547268750856,0.613623569123295,-0.461977909328055,0.271216668140138,1,0.68716813262792,0.424319964878558,0.879409928244461,0.224608584541268,0.860238399847475,0.25307914777457,0.944401563672395,0.257414418266828,0.932657760949141,0.319402218816108,0.914842035529306,0.561869266586697
1.27587909645513,0.227414620535565,0.895124692180622,0.323252760256411,-0.283448470353451,0.262951101608634,1,0.860741293546002,0.426338423762711,0.770533281275969,0.18295697068017,0.561110279050381,0.268588991107517,0.858653324274003,0.162897097286144,0.402951087030133,0.316236513064077,0.818110232158898,0.392149990517054
1.39831411237891,0.331750634891652,0.995044292891095,0.424679120032871,-0.361223869895323,0.257102948275275,1,0.247776689185891,0.599684799535917,1.02325868354013,0.191258289505433,0.929519920897128,0.216285948983702,0.74081295284011,0.227871837542103,0.727965189668699,0.313387549965665,0.985431296893496,0.331975301099517
1.1815355326108,0.256289419353804,1.47555348116469,0.63834818184982,-0.44277327061591,0.225365665099102,1,0.0267832230137659,0.460539472382359,0.757459736228731,0.20282817734863,0.556867172358108,0.267535596206844,0.902314334416467,0.289227300453156,0.301399880383299,0.283382902556774,1.04837851809699,0.238223061649411
1.04251546875319,0.229558416042735,0.826078788263791,0.337675913432063,-0.0185055904530245,0.413032688572024,1,0.245909873210433,0.400660938617587,0.70631703687633,0.208631065020249,0.444509743397525,0.229579523790314,0.877784220052429,0.214638901680588,0.793079246935155,0.22822342618216,0.76873609830217,0.36390083088046
1.39026487182938,0.289362362720823,0.942884125020894,0.384793040540766,-0.302818006113663,0.362344805348007,1,0.576154798401269,0.536018382750913,0.697629178191052,0.255764144203158,0.928811783763662,0.208857960210575,0.660708927140675,0.300598244642996,0.910308192945347,0.245012845356346,0.879833942766414,0.334985802748642
1.21729582061912,0.243357299199427,0.779663286033325,0.32367570114147,-0.612916984246062,0.161141823671958,1,0.301593991650043,0.458712253353062,0.907148670025429,0.210656546676038,0.723271159251197,0.246076030799132,0.764134403874081,0.242742979543863,0.923513320213386,0.23434391370417,0.261154388545895,0.409420516064644
1.38802320858849,0.29923027375878,1.72007950035858,0.716280550632132,-0.414759689570873,0.269919160140872,1,0.164910298433598,0.44955075404409,0.926120028313102,0.206372356156908,0.950154656788642,0.192250276551266,1.32516008725671,0.238307543473486,0.981001690728883,0.28438899147801,0.928157920064072,0.385612834580329
0.99314725255963,0.224467746518578,0.631783578487175,0.247865310937874,-0.0537354754139271,0.389521027744332,1,0.273412134222638,0.491925165013722,0.512024691911337,0.232794946400951,0.751881358490609,0.216523597671993,0.600012919025206,0.232236192199416,0.628761256020569,0.276120204622469,0.135791469943148,0.301398617800539
1.42504673477406,0.367862221190555,1.58981721976625,0.769678588961116,-0.694970105130249,0.174161324455745,1,-0.165529104453982,0.589879553183307,1.14538071779927,0.271256613678694,0.724449441949543,0.245246459470595,0.925614009911909,0.274858953048292,1.05449988256471,0.324751429779645,0.983447982589664,0.36366955030221
0.898821161341795,0.200041901435031,0.735527396173226,0.270339102089361,-0.220441788237194,0.254500320127955,1,0.482184066188088,0.352076699576903,0.226446182356756,0.237016106161817,0.394854848574646,0.203190690255588,0.482990537680757,0.220894388121925,0.603779682142564,0.263661020530937,0.812368662904792,0.246145212510211
1.07663018318655,0.339631850766482,1.36242486309641,0.733789023835572,-0.613225352124963,0.220602023581137,1,0.370534205080888,0.58678396802722,0.440867516831937,0.320468768422858,1.08077666720994,0.273029794783638,1.070853534423,0.341187218898673,0.538185379746028,0.319173259236726,-0.276769872327074,0.626057391931095
1.41286852199331,0.346064641587952,1.74255233256903,0.912732710652559,-0.362247120662522,0.327028718335396,1,0.68975881522976,0.492551632188043,0.872234187781245,0.226768961792061,0.955464454682803,0.304489829132692,0.741381859220573,0.347717616680067,1.04968277448758,0.319408411754398,0.781376977856906,0.384267716587309
0.951752945887916,0.165162424896057,0.513596489886711,0.196821357050821,0.443443525629771,0.439660955366384,1,-0.262134454798082,0.459164972813203,0.689437748628075,0.136335942746414,0.661089485378322,0.191463591641213,0.607709463038328,0.204769813047599,-0.293778961244397,0.301092505622961,0.369459083962102,0.292978092241605
0.854589951887102,0.196103049998412,0.708992599684393,0.286372851603033,-0.0988671858302321,0.411121363033944,1,0.261712820079972,0.453812771848129,0.468360435049158,0.226075354142511,0.525095464872647,0.211957288670564,0.590819876092831,0.246072294116293,1.0036760143395,0.239736766423878,0.794799305911966,0.297795822509774
1.11382684676062,0.224929273465349,0.930302321156521,0.367513205163881,-0.41642585691792,0.257678607691066,1,0.221903293200636,0.483072496619115,0.756035527860504,0.208404023075204,0.525609471004248,0.26358619569844,0.696947342524072,0.237792596226148,0.572094229933971,0.312569701033312,0.596415657799353,0.325425891429835
0.893648698953013,0.247479946223659,0.68569135202135,0.230693654343938,-0.331948577369742,0.246416640013593,1,-0.137617638278381,0.627619738785827,0.58081116622942,0.194817845726713,0.635425503416052,0.214530978573071,0.678909043021299,0.185989346370449,0.576395063977369,0.257781902853706,0.765641892739006,0.339944785576865
1.0237590509081,0.303349857951154,1.07403857391528,0.492367244500921,-0.663032609625827,0.146626032833446,1,-0.343043002716736,0.631055624335924,0.927925631162656,0.260687336650587,0.798792433484611,0.279000273232035,0.75009774163616,0.252672600119414,0.477825082822288,0.345976450887182,0.765300935924066,0.341935836710837
1.12359219324344,0.273421253106228,1.13239970366808,0.508220984352328,-0.622832358811378,0.175420805126503,1,-1.24479380918586,0.877500699375325,0.943632472296197,0.27121051224031,0.742132146527461,0.242383517871079,0.92388336752244,0.253833183597191,1.10903743454199,0.260578671400158,0.543532501957988,0.361053114095673
0.804121049742894,0.191659018287044,0.568404626805978,0.235248743822073,-0.157894872323897,0.367152645333873,1,-0.510579218499008,0.421249448457268,0.779191615405766,0.198335910805659,0.298022251531109,0.208930475042613,0.661045007046413,0.259967065386656,0.632773714024658,0.321168640778129,0.607806132569098,0.412765589637304
1.21481141111645,0.232141154991803,0.83947090811783,0.323690027053682,-0.439947689231479,0.189493930775984,1,0.649198189246678,0.399931024965945,0.477199761356174,0.206119385397854,0.85448529976778,0.213012383856642,0.614870150197652,0.225836442218419,0.42460013651369,0.251537745357437,0.443201704465483,0.36861290422214
0.690438028189416,0.155317513245225,0.680542217545033,0.24147641009416,0.210459106922138,0.307005082656467,1,0.0389802190999973,0.367199946425197,0.503267338090619,0.176481314669282,0.500249714581134,0.193303200728721,0.146612520753653,0.253832430709288,0.420663334903123,0.35001040671284,0.489158286422047,0.282043254405927
1.4197136683375,0.428044759354454,1.90970728198119,1.07869350084775,-0.760049500804269,0.127552223436411,1,1.07820989952511,0.729004462979101,0.876874630814866,0.302971658182972,0.835161153744353,0.283069127542622,0.878717297319888,0.321068073772959,1.04963355669887,0.385690209835786,0.760271427048825,0.404637488634236
1.77520913288079,0.376767521264012,1.85935321581802,0.751029286401294,-0.618427027584242,0.165613196756327,1,1.36306027238327,0.581121695676655,0.772717438296203,0.232748522617206,1.30821151273004,0.244814986956225,1.02845477163226,0.233203909254901,0.821532057419391,0.264280662628596,1.01909769797937,0.258563542961699
0.730087371418677,0.161377140887167,0.674576237567381,0.223312116673503,-0.274121703574065,0.323915021253955,1,-0.436405913615303,0.419516915454956,0.723611177130243,0.168062276364994,0.624619866589915,0.238702800923459,0.42307427560462,0.254075559647241,0.610662724940306,0.249603915987563,0.696384799204029,0.270029480621021
0.910655291082507,0.205936647045915,0.778375642813011,0.357909896198203,-0.157058124251905,0.327486946352404,1,-0.120667720671015,0.427982562398515,0.467618993365941,0.189760535631703,0.577235026677375,0.217149480793644,0.558956809075637,0.250437699663102,0.40799473568125,0.26637275981451,0.928410364130041,0.248199866984813
1.11179821617691,0.252857970146819,0.963054254298505,0.346020859941683,-0.327836828469527,0.180807971486312,1,0.197368599543168,0.521380986957334,0.703067985158278,0.194550864827377,0.756252789676421,0.210805856156114,0.666245074933834,0.23461849775209,0.591136400484098,0.263084540683393,0.667629710289558,0.379279073665558
1.06049047057454,0.265359370462296,0.963935646848498,0.401858895696923,-0.191431168564895,0.379746705039796,1,-0.158388990280131,0.545144408928419,0.844509485895525,0.185237147987091,0.48338701264917,0.244999696549361,0.471789688813179,0.263427615856555,0.868737649142441,0.297914590292282,0.477638121610906,0.32367530802413
0.948367911009967,0.207920521468793,1.05694106966349,0.404596815600628,-0.212623385016018,0.302675444299922,1,-0.156364562864508,0.39398267263753,0.685895904050165,0.20402832022961,0.751155507348331,0.203396855225857,0.702315058016186,0.276052454830246,0.350305537397661,0.239996066976551,0.54463998223701,0.273718857686474
0.871362347933823,0.188064769837135,0.835562030745238,0.314822417736838,0.600091636777411,0.436675297193359,1,-0.432452454738335,0.509940944958004,0.880707588072559,0.164102729051036,0.273771682643236,0.173128415030883,0.491103661633425,0.197827756253133,0.705099292789758,0.259483726130862,0.0147676505497299,0.390467931440915
0.634369414137915,0.243103244497598,1.22341728170381,0.68048052583055,-0.217732974340181,0.373263518995481,1,-0.147831824873298,0.457872470803108,0.489530365258314,0.288730781657394,0.790135601708435,0.235923069287437,0.689931538556107,0.368178707370332,0.597520233729836,0.323371439112982,0.361643548656212,0.378098689201082
1.70016734554571,0.416766701340927,1.19412217312179,0.579871372096707,-0.605267759705428,0.213802708713059,1,0.558368589536498,0.578920555158886,0.975903222312885,0.246964144639583,0.546678540946189,0.325722294714422,0.872331715919959,0.292046665784469,0.886194686666,0.281354647179755,1.05279754909606,0.298334320611374
1.17933961366935,0.29644892154137,0.801423546700781,0.368163618140045,-0.575464251021214,0.204658368791474,1,0.007522175076212,0.477359099154746,0.682547427947985,0.258263644354212,0.94211810306502,0.227522745912472,0.816103944132951,0.330362691222913,0.546785045373326,0.272129115516767,0.854961325053521,0.288403405061392
0.845814462872732,0.145692308149518,0.618112512879224,0.226138717436033,0.43859146110098,0.458350522143174,1,-0.156553682124374,0.413135707253572,0.574469716052922,0.150057369111566,0.540658654592259,0.181978653705973,0.608680589855054,0.168455623402848,0.228374107566298,0.232685215073249,0.587755712960018,0.291027171936603
0.951429795258941,0.252696789642867,0.93599982362269,0.469030613087726,-0.415219136885661,0.248363367077555,1,0.236820497494031,0.45440953493396,0.602366314524974,0.221711152505571,0.485897495220884,0.254121646660916,0.6010573867739,0.302545868767332,0.816992944669703,0.323573648635362,0.55408959364226,0.452389694244203
1.21306710849649,0.22150861074877,0.609665445013503,0.23854950248925,0.108030379147757,0.571741852347088,1,0.417613147608862,0.427922774162793,0.593536124025452,0.19638356380024,0.653210196141165,0.209008942819072,0.55209714630548,0.233028671614731,0.817278975713951,0.22070829253742,0.160449436193354,0.331770507342922
0.873171782584995,0.226738470463864,0.940784033055743,0.4455271320157,-0.423302153679527,0.274304842756371,1,0.0578755915651444,0.516989883099299,0.382984665510353,0.251192266643439,1.01588942028003,0.2210817898239,0.628600949396348,0.333604685409612,0.728677031060095,0.306876359084281,0.55907560197286,0.371994390423775
1.47680969360463,0.334961648273601,0.980193385015685,0.436794294284523,-0.603135316857736,0.163279933283014,1,0.137956046745039,0.557349796840521,1.0276661389428,0.240725499562438,0.878512555571039,0.260368224321494,0.718846064202307,0.284630367228422,0.893142926414326,0.248706159846825,0.548126454667253,0.332387272664621
0.837211635771615,0.237763435414242,1.27627438508231,0.557331980541406,-0.407488715196763,0.288712719979558,1,-0.223510862885548,0.437001330039568,0.715051672348695,0.251810489250835,0.756886141379046,0.229637345481365,0.717294073101896,0.233263004212873,1.04451773508222,0.263308037100154,0.368376514076229,0.298779623523914
1.03050931560496,0.286501550525317,1.24598370939371,0.521626550337205,-0.50711077041953,0.212366891961359,1,0.107910086339503,0.643200840867896,0.857376317586336,0.22414892933372,0.886579275563327,0.22599771465162,1.1030501084067,0.250428709066798,0.65752821555755,0.295283695787046,0.866925887348903,0.305066250509046
1.02197851150772,0.203803119047306,0.715040882349797,0.240522822176183,-0.143536544120814,0.361765399043915,1,0.4674369929781,0.455170396208405,0.678527180276169,0.183999548406028,0.475560314925757,0.203059005328596,0.497567952339229,0.208680600295605,0.999170099654104,0.266337609006676,0.480174266707181,0.334210008571399
1.36387519595548,0.387419831709986,1.64383892910909,0.894793450402432,-0.686383303697587,0.188448912530162,1,-0.0543902606337678,0.596224408407724,1.20876372613174,0.281053340321136,0.971506860432598,0.285980580044146,0.829715160620812,0.304746655880467,0.841911879655642,0.322133898646094,1.00892389548139,0.394115971441732
0.784740522784073,0.161504674755114,0.518677242433548,0.180026181995166,0.0173503888185227,0.323070321179141,1,-0.706652771597627,0.380336209507375,0.818999009179285,0.167647845185835,0.454751420993743,0.189838936381225,0.589311705449729,0.187880465420239,0.380627253144886,0.274049303010551,0.369161158738441,0.27359524832878
0.957937089200979,0.317918641134863,1.34103316405522,0.73727004192786,-0.737980483361216,0.149859535685551,1,-0.970376513989834,0.571846526901425,1.08333252839065,0.244498364854395,0.974940640045423,0.316633843397799,1.27814636417495,0.298828016534429,0.715210965116087,0.399705366909659,0.762001790536898,0.451153557787519
1.20168381956896,0.261385515532065,0.830327913644987,0.338024636819036,-0.203539905833604,0.363948788967403,1,0.321998575639203,0.480165271873535,0.540464788321943,0.25358689603324,0.864771999641305,0.215501120864908,0.354577200183001,0.271289461867984,0.379235854776856,0.28376504784283,0.678257145283217,0.275418831052683
1.34997284982016,0.343377002792335,1.89172057903746,0.910794395174557,-0.689937249581999,0.130879754643967,1,-0.0269444166683299,0.599861066107002,1.03996008520516,0.253700006890021,0.972050202007804,0.260777630757546,1.05431743237717,0.315904090805532,0.996909861434721,0.372294059311508,0.799117322358858,0.277968795809143
1.0046639168127,0.222004573421519,0.56808987773439,0.223733259622102,-0.292810042399568,0.354256169985592,1,0.515143273510725,0.46137258239325,0.390236681807106,0.228620695298608,0.592584583983605,0.242564205047239,0.640205386781294,0.213480322188105,0.353191826895078,0.290657922292834,0.842754991521192,0.29173585090649
0.924583054747776,0.200241885176231,0.826553621093809,0.250967074824364,-0.248732994368936,0.268190754526751,1,-0.47337300528839,0.449854404465814,0.771722405472799,0.192672487270171,0.54437317160651,0.191129811453663,0.260412145458347,0.224565649733003,0.76727021524017,0.195956624849639,0.45845365653903,0.265043589462585
0.781561648098393,0.226390788080268,0.918477231034155,0.4155765193548,-0.0504104636734709,0.438173770266576,1,-0.880275895597317,0.613451223714866,0.895911704239408,0.222834185726323,0.793086401655969,0.23709428176414,0.554643049698526,0.253820834667058,0.670431617573535,0.249187889188019,0.320973308428218,0.521531238839433
0.797443727243449,0.14537567037689,0.587305499138654,0.180769747282542,-0.0750024205176988,0.228938065990042,1,0.300366539062754,0.276654162761382,0.527129581720432,0.189420431858734,0.496403434469394,0.19794235083225,0.52128547734667,0.2465328771282,0.556041261929334,0.243791543026019,0.513042478519977,0.34483984750914
0.980838650678473,0.24170969869211,0.922926612514518,0.424882337236902,-0.46302275787387,0.288049223194434,1,-0.263327180758285,0.429158401043826,0.702485629652273,0.228259144408793,0.738702713127415,0.228519143226352,0.754084208284007,0.261445115178316,0.585605109523378,0.263168696933673,0.736128881392091,0.346864605810284
1.1132857595141,0.22835466119283,0.844133205801711,0.292545114228006,-0.265938839529864,0.355987534008528,1,0.112782559601888,0.386890607723574,0.715095085302966,0.195230501448764,0.782160083415277,0.215046215092492,0.890476930191428,0.214822733093626,0.483956944285995,0.335434270349228,0.597663798776636,0.289116664779169
0.950213240249669,0.276423031925611,1.67005025078435,0.769656041205002,-0.713118666157051,0.104229686447949,1,-1.00887651717783,0.521826091736831,1.02537627109831,0.206690427457505,0.773897738585354,0.242552563025547,1.00553787799074,0.252937997924376,0.826567257036739,0.353909298506155,0.0921976792546633,0.487174169825954
0.81139538798674,0.178149516228435,0.577846752014193,0.211014712757331,-0.00956339197006737,0.343326932764932,1,0.388005339459105,0.379498606494008,0.285687702560555,0.200015496435654,0.537444668963802,0.197611703044487,0.59755267221098,0.20508195936111,0.304472119460816,0.248274808177756,0.366251028488652,0.366273772282567
1.22768818365106,0.237552126898203,0.680299269819446,0.32562496284639,-0.156440220557757,0.383335112578907,1,-0.270435358517249,0.433579673162394,0.769801425068463,0.224403287428294,0.660689062308589,0.220768301339308,0.555909920505444,0.220214410123881,0.568207131246505,0.232183048956268,0.988363714106033,0.388198356953831
1.0470791029209,0.205383385741184,1.05156249321591,0.382063823030933,-0.222395327436645,0.295368866923763,1,0.0588368999996715,0.393149361269357,0.727491796546879,0.196113036168069,0.647597109279889,0.226869249233163,0.483250440447082,0.241839130792514,0.797317259958471,0.206550766252706,0.952564232552674,0.228157395475128
0.832701486461214,0.160106440189885,0.614141942576283,0.179134870987337,-0.0715984984328491,0.293296926269786,1,0.210144902739545,0.375228826534663,0.372288427456534,0.242605163850513,0.448659143595416,0.214923972570228,0.519152462309763,0.237583583385873,0.882406036957591,0.192349987271317,0.230013963366809,0.326014278735097
0.985450483213379,0.337632556598363,1.32879880081516,0.724342949491366,-0.536775151669392,0.270585470379576,1,-0.582551365498764,0.718654415656775,0.712068130967345,0.285808875184983,0.565838924922193,0.262269653979068,0.853893125477926,0.315873551964199,0.86142770467891,0.339418780247501,0.51958582240472,0.427999488616517
0.86340718050707,0.270754471604929,0.966294230433086,0.436140346456583,-0.161187763252155,0.407167947763961,1,-0.194152207670197,0.553823666204903,0.675447758542921,0.225107298825082,0.53709556906282,0.249102185120151,0.545831969322134,0.28322664465394,0.163350147628423,0.316568840249876,0.626645804377253,0.323551672407177
0.823836804616673,0.17235763520833,0.363057123939791,0.14158357309261,-0.201658594828352,0.284778323572807,1,0.0577749846843929,0.339424358285874,0.345745109569256,0.2024100787795,0.574046738179519,0.184099191035507,0.570901858361188,0.229860944501107,0.503545915517151,0.27288396714652,-0.346373531911471,0.488441759185977
1.10118259649593,0.270632630706055,0.753954870037859,0.36020729759119,-0.418392147962512,0.296072569468648,1,0.491106424343938,0.553506919707522,0.64714197037149,0.20815655560064,0.733890273058581,0.229185625517644,0.494075586884016,0.308772645754648,0.864119735882677,0.31506095209048,0.330250894617506,0.335171041651393
1.1789290223707,0.277655099440347,0.995749595393255,0.45096329002365,-0.62888317561944,0.146701719237142,1,0.634121429201857,0.584367679415363,0.589582676809601,0.27353966704389,0.762376961010733,0.230319632031343,0.866572818091058,0.235204729817563,0.676891011410071,0.325158453336432,0.597239471365334,0.281261115801289
1.20324480862307,0.292632302899919,1.34853174391563,0.653290799981515,-0.228519404082872,0.430420305242237,1,0.0496354751755797,0.550630794329821,0.631639557074289,0.275905952951607,0.702374328610433,0.250389165194467,0.716073309444092,0.263741220956468,0.855246425925498,0.269820696589622,0.96177402082986,0.370008979776394
1.16599777885676,0.370792256301422,0.978537682395208,0.520988908340713,-0.454279506692885,0.338572027797078,1,0.295294009296385,0.547764284869888,0.528909861900768,0.319143484876238,0.720474481192161,0.284109320977277,0.686755466239083,0.28534787518022,0.401954238352725,0.378628371103705,0.986749444242565,0.408735321184128
1.05387166542197,0.322077600724081,1.66707874515728,0.789527639550163,-0.689960223713103,0.150963659731398,1,-0.322741272964407,0.544977651715898,0.787248341658412,0.231641539525502,1.08464384517046,0.244590427066927,0.347924609390905,0.357109646380977,1.10088514398411,0.265735543714508,1.0048740490383,0.352268914402514
1.05637536680897,0.245502312018068,1.5779492792605,0.676298084379099,-0.404707153891437,0.277857845036509,1,-0.378669538010892,0.429730865741584,0.822861570273901,0.235853957525815,1.08969125141523,0.219217799184485,0.0951142081981753,0.365446768237779,1.04085702462388,0.249271711531831,0.936552917474745,0.373981844129188
0.957760434134472,0.274668918837177,1.34526346119188,0.64799803999755,-0.540331210861199,0.206059763195353,1,0.144907040631847,0.481087228881512,0.576266952948799,0.219374066426135,0.680550284588287,0.217121609792908,0.818718931194789,0.31410576605226,0.457663171226028,0.321276871492836,1.11501361685985,0.323134186341514
0.677977551205774,0.151871207736346,0.654948003441715,0.250304151900201,-0.0959038766283652,0.393654042219402,1,-0.392347020257296,0.489560431030361,0.614691511122119,0.208207699108346,0.594668805589885,0.189356367574078,0.421072700179338,0.244543451317965,0.464844370443725,0.244517292368396,0.0996739510375074,0.388418407977309
1.1401959748687,0.281795581814443,0.965700614119883,0.41174883314835,-0.430875772819893,0.260375229458776,1,0.556464505982395,0.410960506231408,0.687776159418667,0.188527907379631,0.514212476174043,0.287503600472995,0.666468089562854,0.273478987750117,0.490020799615485,0.303931859159007,1.13287768927547,0.334058969295998
0.810118901129227,0.178060489430223,0.699023072356046,0.264520493163893,-0.219090133523872,0.251136868677732,1,-0.481248904189053,0.358725290642957,0.520006250671958,0.169777445077163,0.737093472837517,0.179598969701789,0.769908433266337,0.21471560435676,0.409492879974628,0.351666466956737,0.210506760164502,0.363042851355284
1.01522440154626,0.184177193665647,0.632761808765697,0.268933539759715,-0.4925674467859,0.16929067250437,1,0.100819112061441,0.351972225419385,0.8163424823653,0.166061423773882,0.502287309062399,0.213355078642466,1.00052706810141,0.209362385259717,0.336150290520222,0.2943156154605,1.02239688956733,0.343400937602626
0.712508887986399,0.195585463456805,0.960380220750843,0.404366665860343,-0.178825307360601,0.302221408405286,1,-0.513174333839228,0.508026153888985,0.801676723709971,0.211822547843792,0.512310972871456,0.215886503599152,0.391372149365719,0.274718000520171,0.60802189042202,0.257053058899889,0.510821057061889,0.377673644118486
0.954254496266344,0.281600180642417,1.09705946215965,0.543956115251266,-0.610050438074314,0.197801196475154,1,0.447921209212168,0.425746783998537,0.765427024141036,0.241730086117305,0.679886804407973,0.229233842954832,0.534585312326355,0.331623106994107,0.89857805138256,0.367848790583399,0.578369867460922,0.387464553219828
0.892081525983681,0.242525275083573,1.33807814469402,0.525371385356232,-0.364400548077315,0.278681569379899,1,-0.156245269375976,0.576122609117399,0.837717621846659,0.192621784034699,0.917834554066703,0.203266187671724,0.727111790281701,0.237273841653211,0.817366897043923,0.24118092627732,0.466759579466122,0.43457989488839
0.951222580100245,0.13575045910316,0.566730181100531,0.182445861402819,0.393105757819214,0.360664198087825,1,0.169051084288742,0.386813775316118,0.713211954688922,0.16517896744359,0.438476704644877,0.176998063692703,0.265245062345916,0.221065979070014,0.443146060129974,0.211074848740771,0.569872484240682,0.290681934263862
1.11446727527786,0.282588177018828,1.11366359081837,0.530566516452832,-0.510428989520729,0.24333182644339,1,0.241624538706862,0.474666468986338,0.740577030362673,0.22933956587005,0.594859147334678,0.261797502129104,0.839607062366089,0.237789934973716,0.639148755713898,0.282985370026985,1.01444944246311,0.240036303627132
0.874473056113391,0.229291110748847,0.747166854694289,0.367405519374759,-0.369265800747357,0.329141060376016,1,-0.0241247298031596,0.375949529289404,0.624053649859434,0.224634329234033,0.756928404704707,0.240509308115549,0.879924010041412,0.279080248191916,0.122273420589524,0.413295833404809,-0.0227075316392994,0.438719454862795
1.0813718896509,0.261551761447415,1.11325734459563,0.575797639841534,-0.444264075542602,0.282599693480784,1,-0.147463929255812,0.629695626756156,0.902980973933983,0.275249056188298,0.440919921413731,0.237726765288384,0.69892481217622,0.312647879679608,0.475902818637037,0.377239204891352,0.522884656371877,0.310637648266502
0.903720194732089,0.195311905485957,0.946169433984565,0.344384384001578,0.230010854210487,0.545359674787892,1,0.239393163755304,0.565207244487607,0.463586918860631,0.223656661922164,0.666866416775155,0.204891219022137,0.504226904067162,0.233188918394457,0.496485916069049,0.249509906608239,0.38329996878217,0.307305943999041
1.25916857716079,0.286134735037463,0.768183743678696,0.300297795518217,-0.323879022556483,0.248534365209684,1,0.664684827479332,0.611627704480823,0.756795951498353,0.21469444312079,0.57160678324746,0.245798316036589,0.664618328000408,0.242582561512041,0.401531932083146,0.274110169210342,1.04198170839106,0.314720987879868
0.88825897793179,0.244448836195119,1.29037018405137,0.527996393848165,-0.343889080317536,0.240778710232343,1,-0.139930548513865,0.503943723719331,0.50448734145731,0.254329329330206,0.530951725690139,0.239322573942366,0.875685303511109,0.232655479093178,0.952246822920892,0.245479868170585,0.622059374578753,0.367617558817845
1.21635880482475,0.299520758592922,1.12024416458784,0.547389353502166,-0.538935815437681,0.2409776216998,1,0.129123805188234,0.672118038635665,1.0464858754137,0.237857231588685,0.701045791401428,0.28418601486545,0.839353883680576,0.255260285783095,0.845255710551156,0.283880828298504,0.326219529637112,0.418781490295461
0.964321154565187,0.203568888468429,0.649063239472315,0.255970554281903,-0.175288279148982,0.234643197501972,1,0.0154448090969612,0.39950773847396,0.61449162063407,0.198578350016894,0.464932752780433,0.236253544873618,0.537337993752284,0.174025602267473,0.733795086994944,0.264954880241219,0.394256142364902,0.275685636714298
1.09714120810115,0.222585778018702,0.769893503144998,0.312943904761877,-0.567567072211321,0.171040997423517,1,0.381179835044752,0.380486117116239,0.534478799921039,0.235366821381008,0.867262449773878,0.251526999351339,0.379327199920221,0.278748505797364,0.518161262139488,0.285067403912679,0.900598846245838,0.276715946162529
0.854896892691254,0.216212672839617,0.801257651743922,0.34488982010905,-0.272771302961775,0.280877375318076,1,-0.0580133596493174,0.436481526458642,0.429951483392578,0.246316585512919,0.568751758139257,0.211665812162437,0.675544315406282,0.235718324400889,0.760338248594452,0.291865423419252,0.378541616633666,0.499298751949239
1.02870473660736,0.193384954575888,0.753774785377116,0.257941369768615,-0.360284073311266,0.279134578317931,1,-0.154421671735882,0.413747551515679,0.732518976731638,0.210327583262058,0.471004767323289,0.20349972653376,0.615140454621016,0.239133032802452,0.415842505526745,0.31887526830103,0.620389135000615,0.283744963399069
1.04931841659194,0.395062585882612,1.30282009404961,0.888641922071782,-0.665112580879509,0.223464863664969,1,0.180785773906257,0.524559939339812,0.960768813873156,0.306929573098462,0.804672535237543,0.352469076191573,0.760649992954701,0.378038407629488,0.847247812495266,0.373018268388283,0.931099777613941,0.460295696063682
0.932177699049961,0.272960327652083,1.3925701141807,0.584274128934001,-0.231577433656685,0.475882400425638,1,-0.344869903255828,0.541997427817731,1.05545473696905,0.213655550171823,0.826460425926329,0.259351453996643,0.610837769910254,0.308762391557089,0.538525833166164,0.310254929877948,0.613969543671606,0.279805105207792
1.45572272698307,0.322677555435154,1.72689686167259,0.770871524308551,-0.546860220582678,0.241753617088989,1,-0.0607770201866943,0.397759802894068,0.910722311353025,0.223317615860108,1.15478010920811,0.233158618468753,1.01928919666858,0.262382552746767,0.851451197040041,0.261817482280959,0.80343754825535,0.424119651428257
0.893545395110832,0.215338025909728,0.918081670615429,0.382735144274357,-0.159052103857238,0.496958896324175,1,-0.117417622539808,0.381474449388473,0.459627115289272,0.266605740913556,0.524429995774354,0.234833880829709,0.594756264078053,0.248110439342453,0.359389001545835,0.313768621866961,0.574959358346071,0.334084116158033
0.928275033873343,0.256619156752012,1.12140800518244,0.521186077071666,-0.407017680469442,0.301669677216672,1,0.0491067555479479,0.530139796554764,0.630274340193482,0.262889858447796,0.697881593665338,0.243458173645762,0.434213842952535,0.265067709944518,0.814201981531916,0.263767016736889,0.799258970546744,0.372826857006949
1.44949073477032,0.368546205638975,1.81950370461838,1.03079574103789,-0.582429455465346,0.19104857553233,1,0.19528380373695,0.631110356423595,1.01472028316665,0.309432075121113,0.824857750657346,0.242030839974139,0.985883275167474,0.320493764261606,0.975831210740921,0.320928742009932,0.913084889088905,0.306911903708903
0.955671448801148,0.329241237403407,1.86624052878913,1.02557878418418,-0.777264646361409,0.135217269629669,1,-0.498548976911062,0.442046697844374,1.14603441381233,0.329137496406617,1.16603569391619,0.265839717622078,1.20282404163513,0.312016993565377,0.678804027390247,0.338428793094838,0.992450478262912,0.395846086240102
0.997468708530388,0.215070155872624,0.866060835215325,0.347306787790905,-0.507597923560899,0.217987985956207,1,-0.238016237612213,0.357224082034628,0.827214975009592,0.201999613744796,0.621328993200325,0.272186363256556,0.46922486639557,0.250369967903586,0.768417229101901,0.218988749749102,0.851707825871139,0.282552569924403
0.867255440262037,0.196869103734509,0.591811917984525,0.222863276656878,-0.112731456572275,0.314922441846893,1,-0.0564896121559559,0.396055615715545,0.435101705152606,0.198256803238073,0.762167167248672,0.19099508773197,0.416338395317426,0.197981232455236,0.847838236070847,0.211262721822024,0.203506845252243,0.307487576715481
0.982770947835312,0.240009187457957,0.88014618493939,0.383733753169751,-0.483386956355417,0.187555515025466,1,0.101993297221745,0.377796975106379,0.873944721186461,0.206648158570665,0.419315229568654,0.261147291328629,1.00368365276483,0.220432044507778,0.891542644076568,0.259268088227115,0.713697509926856,0.312959030154906
0.960085071234874,0.212636482181385,1.02822160209449,0.423478654244641,0.015888870912271,0.433082348759666,1,-0.221601293241381,0.433157650760252,0.653237598508653,0.214370763864461,0.969209052557572,0.199932932997161,0.523511258122211,0.238211439128643,0.637996282132785,0.277293356537525,0.890565551998243,0.251669276526454
1.11322326681419,0.328206403538115,1.00686603481041,0.533969055196881,-0.718341000789788,0.14266326206686,1,0.271551819841126,0.565616319209503,0.864298580584461,0.260249094953926,0.734670419334904,0.311876184955959,0.764096895976188,0.322668411714839,0.81601624552437,0.283679163972947,0.962955176000502,0.302963001741404
1.04507757616317,0.23817321582744,0.615593432174752,0.290776993408466,-0.331754568073688,0.249530378564895,1,-0.052993487510084,0.397962307722024,0.688757859957749,0.195225564408406,0.788270393247593,0.229529784441476,0.598713254713566,0.243076632609244,0.559868124713699,0.261333471182181,0.531902155384976,0.368098875633875
1.63287656848339,0.439618131632859,1.22518161289232,0.651170620664368,-0.707883026332904,0.149759292934347,1,0.970138360633148,0.606134792047078,0.913353427185168,0.297435158924001,1.26136223566729,0.274047623328154,0.698157250599694,0.368074281034035,0.878747377795373,0.337375316007901,1.24553612337561,0.30384595466989
1.49884551610364,0.418774865645909,2.48496141394234,1.29514988056324,-0.455653416788915,0.265285921689191,1,0.656951460443602,0.635810091699184,0.805870810069126,0.26952369377829,0.953578886607214,0.228796994918682,1.08172761857719,0.277475764417796,1.32592644026564,0.349172043025146,0.884378196557697,0.338125621482192
1.14539763460936,0.172987841642163,0.576337480118716,0.187749849431792,0.238105783009013,0.3002539610605,1,0.714689223428203,0.319397515580893,0.523065095273981,0.148175178356133,0.111847247120448,0.204552308822685,0.741142159693007,0.196874861411028,0.544917366353058,0.241202551501169,0.399960579469857,0.339703172922023
1.13254932206215,0.281313304389122,1.62583006155069,0.709981404629311,-0.535795593963616,0.192767420712297,1,-0.0757707364078529,0.535528131683143,0.957806045851609,0.246846275548674,0.795359534761793,0.273017906426528,1.10995523076178,0.25586091342266,0.788102774887772,0.29985666404132,1.46881505974043,0.323692512793362
1.17885308769109,0.260335118971544,0.620234019557537,0.300527640421832,-0.27656267531642,0.233756141265656,1,0.128632373209578,0.315774165397925,0.751419659536163,0.206543543397461,0.584295927518244,0.250095368895299,0.289564731930835,0.313385401543002,0.539630964864622,0.258481800785428,0.844010885132858,0.299050526274156
0.917039523993483,0.212734145032046,1.44315060783842,0.542608554863391,-0.339992249505973,0.281805502636237,1,0.224922480203452,0.500947307766008,0.592032749227443,0.210947867901855,0.838725163095186,0.209862943038548,0.906305055126028,0.231716587312497,0.389060914685383,0.327330049059574,0.975024032842523,0.279307597908725
0.952883392399491,0.267132045424336,1.25700828947408,0.580057121082105,-0.550228285429614,0.242972807626593,1,0.239138492909907,0.408670679313864,0.653112397814556,0.239055038140036,0.689232122137466,0.338069333118664,0.784224584072502,0.260751546657512,0.669285348381036,0.311850688906794,0.748855815736557,0.384742099566472
0.906697168139678,0.272247856844863,0.878716973175859,0.467237325790145,-0.691543473842623,0.155432533105657,1,-0.324201469481169,0.488945445340752,1.04404865775802,0.24017121254554,0.679444189410526,0.281321718607291,0.716342022679085,0.310121484700304,0.918513647732824,0.30758850611517,0.63632348096272,0.391370205371893
1.38631051115969,0.310279508557039,0.98226487447148,0.393357115173976,-0.365779659503888,0.261078696250948,1,1.01587591355824,0.553738658456764,0.727067543423885,0.202314086399214,0.750442441356845,0.222208596448725,0.83825820858819,0.26653906116191,0.719454286668775,0.244446008071709,0.995628112762071,0.256312307104301
0.997468570826011,0.287029485881765,1.33378472612269,0.702606869088104,-0.472973217648757,0.260166293306898,1,-0.262381768826216,0.380307557876234,0.790284709339295,0.240176009785219,0.676614699387994,0.320326305834349,0.888038439157269,0.279535162747219,0.8963794233145,0.291880073620518,1.05720331862155,0.356885449268779
1.32609694084391,0.281563334784758,2.06033899349495,0.874145477035653,-0.304607046144575,0.338958158247261,1,-0.046150571128669,0.466359650512551,0.922888418302437,0.203515248620557,0.751044234612475,0.205767326706775,0.70921409508038,0.370976225550562,1.08939148260028,0.240587585009881,1.36454993429635,0.329428655676999
1.09231076768526,0.289107568433353,1.24970813539065,0.587272806368736,-0.505207940827107,0.218890431546007,1,0.065761628098179,0.317964359080455,0.803789119794146,0.243924768539068,0.8708749765768,0.236437140084676,0.91014497399576,0.289381872698298,0.25575116468523,0.410509106997594,0.912256524417101,0.228951521171843
0.754717990143203,0.191100870369528,0.801885471512169,0.340046454316867,-0.279123901204922,0.33429701104462,1,-0.606203796091379,0.428364374096401,0.749356585980434,0.194906731201287,0.392652829958026,0.243752004327647,0.517180029903473,0.277321874546364,0.555502523610553,0.276329441237056,0.402705910161572,0.364355905106094
1.03237159567871,0.230077247059258,1.02369991873229,0.426302364656408,-0.336606928971559,0.327343122220297,1,-0.0684494611765337,0.466843914729273,0.73329732941067,0.209564037489769,0.78803641477871,0.213565245578933,0.547914171406464,0.229574912765578,0.744776164590465,0.294860621568002,0.903301057202398,0.302447120900588
0.970116897634893,0.305360526239198,1.55248253673957,0.878898917766189,-0.47601796581822,0.321880518395604,1,-0.197831002393465,0.530756361658368,0.739557567256939,0.305667155162474,0.83489308325578,0.266998696479119,0.805711653376578,0.350907922914542,0.806954558652516,0.318095058283715,1.21937542326633,0.279515852132307
0.916670183621111,0.221225374721005,0.752075844983291,0.301935369719584,-0.432110738720454,0.259826730354501,1,-0.395008497885612,0.445491154492381,0.567451175301401,0.219838727645225,0.739261824298223,0.248267471866323,0.414390872305444,0.264428184005276,0.639116248221864,0.242449663319592,0.571421689617004,0.412654089185039
0.794036221694785,0.242927940723513,1.16111799155495,0.505794850543822,-0.167228157871866,0.412552746889254,1,-0.83008019295669,0.642167790776517,0.769589246088068,0.22021500552361,0.699367658721151,0.198485514317773,0.833355619596971,0.244215809078542,0.834136219328568,0.280422766845735,0.779339536420753,0.28235436585975
1.10827528526792,0.267464839143445,1.184490643662,0.493540198509657,-0.265269194010072,0.320568786548818,1,0.0977609705167779,0.478590688949142,0.646148825722109,0.228710796544017,0.56473563805429,0.210167586664164,0.709705700931138,0.262059761886054,0.665311666350943,0.301216225261524,0.812049218458759,0.292668953769915
0.94443391632326,0.212207047023405,0.922024067064038,0.341592694004979,-0.309409746228328,0.299023170131936,1,-0.231693801493875,0.479133287365731,0.58960457079523,0.211328797610068,0.820946970541692,0.206084822668009,0.709190338834902,0.226128268234763,0.212511150770258,0.36684415359795,0.609313317738205,0.35313998289962
1.09828544701784,0.263862693958098,0.894429408749805,0.431067403460845,-0.46717676717621,0.251791823507057,1,0.371425380891161,0.331121063105339,0.705094688826091,0.231563541492779,0.469054176004015,0.267966541009595,0.425622259122399,0.308081564682399,0.954423341921041,0.298860786441213,0.97445038213349,0.354501928383418
1.092600016128,0.298209644228372,1.31594426804575,0.553034417978912,-0.478333586798273,0.25101601168457,1,-0.0080184684304734,0.554381051787759,0.749863855948978,0.276182127262751,0.480507003867787,0.293110456316772,0.773994607035472,0.248322183044523,0.869686336209691,0.234688078765352,0.72123191190928,0.346630414369571
1.04059217800479,0.19817892186768,0.623634821330663,0.215959635257575,-0.221942947389539,0.31075928401328,1,0.16443594628488,0.343654516710204,0.65012769622344,0.186432584378735,0.723319765505149,0.204794827422458,0.446857187282095,0.245860367159026,0.511037165064448,0.253586134092545,0.722592589945788,0.282701554763256
1.00058077336797,0.331919073578418,0.989815295816226,0.509207854737143,-0.337524478344183,0.400079324251963,1,-0.130940440512719,0.496681461763836,0.590106008986461,0.257562288225913,0.748736702011472,0.299396716449927,1.06531156345948,0.267900218133394,0.226664991307663,0.38953879389104,1.19155156049853,0.342928161431388
1.79284896256548,0.646441609965922,3.4114647963788,2.11343019752287,-0.786468109727418,0.13242128496894,1,0.6661986064584,0.799679034391336,1.18128443205485,0.333767048498683,1.17019071661849,0.293634903157854,1.2774893373923,0.3942091251414,1.222779196919,0.403896235272596,1.25303113708781,0.385481796326853
1.43194668344326,0.457290201244461,3.18927037645076,1.80974726066663,-0.711847092292805,0.185353756106999,1,0.19503010336579,0.506886400044789,1.06070934962424,0.304026260885465,1.06880615919997,0.303726141019226,1.31116972982935,0.264577748803359,0.771537223979461,0.421099520396826,1.28314274340674,0.405720611201848
1.04218137560918,0.187419317446888,0.82553393677481,0.304797359600372,-0.232379906136005,0.288329318887337,1,0.467848845298973,0.386291234647176,0.683970411818342,0.218971705444712,0.266466034771632,0.260041008053366,0.63396990958606,0.2532438861863,0.473477594735982,0.264999256702072,0.724310260648651,0.234265332058525
1.07704613679102,0.198395220295929,0.673648918094342,0.270498166737263,-0.190903445063326,0.210023539243318,1,0.152856437928173,0.451446332384158,0.650995044787018,0.235099213525997,0.752231061523085,0.176728915574951,0.606051932240801,0.249598507093476,0.588923534694943,0.240841573740545,0.405267949535447,0.345004524470877
0.943341895801413,0.196715191067386,0.715737321759609,0.244412864852956,-0.373520638285407,0.209575156585075,1,0.121040134018227,0.454556320246183,0.78542234611297,0.195359814270416,0.58456370277629,0.242981096711925,0.579386219932751,0.203515442909856,0.64129808233841,0.26242030217944,0.534411537965512,0.281576780859621
0.957343730386348,0.285776371441155,1.2639158244579,0.606997852692302,-0.394970368477447,0.250100501466281,1,-0.157819725379299,0.470436821623906,0.884724511565599,0.214357271248399,0.699366085647895,0.229547094196379,0.925855366318388,0.23032050701475,0.571039694126794,0.398178016711051,1.19591339274216,0.358938898591066
0.889840925658747,0.212511546408542,0.799179307023277,0.305572694624121,-0.454482894793223,0.240971412075574,1,-0.230531629954127,0.331562711540845,0.680573643764602,0.18671578710206,0.734463698024144,0.206034426398833,0.353588041306092,0.287589146422405,0.722910469142985,0.225975290948145,0.48619360162132,0.32568151746463
0.791894868279158,0.181716499894863,0.642886973602568,0.266393970045416,0.217750884721783,0.553827787132706,1,0.0695030171736855,0.373601557201075,0.199853862619166,0.221733435622317,0.818641270638453,0.203435444673717,0.249209615227498,0.281717431298395,0.46846383191647,0.397606372119896,0.556152716740579,0.30239331406358
0.939125820988572,0.23204615966337,0.804867238079304,0.339827187639828,-0.577528238251749,0.17214656877657,1,0.0626839961650545,0.488835231594259,0.629515754973012,0.226353290181426,0.921779952404536,0.210720787649119,0.579394517597634,0.310838674507162,0.467053643904981,0.278944436601805,0.728402307648681,0.344188026715145
1.10058834382566,0.254933608857873,1.05064226681111,0.457001354761555,-0.498098472777654,0.221890035781407,1,0.0148332984229174,0.513784089746956,0.695873851707595,0.260875011529096,0.554628220009631,0.261205963741086,0.668871554655273,0.231606810674796,0.931058172512029,0.266304853484225,0.683730654026613,0.384705760969008
NA,NA,NA,NA,NA,NA,99,NA,NA,NA,NA,NA,NA,NA,NA,NA,NA,NA,NA
1.05462986101961,0.263537080600174,1.02203935284232,0.456214795587498,-0.504271856224994,0.206508349654378,1,0.389573789028641,0.426898659449379,0.669707029590956,0.242753025218257,0.32904560880401,0.302329413814058,0.815581059793678,0.249278223003455,0.731569092017057,0.311988131201036,0.801242638522816,0.319372179263481
1.27154772777705,0.396024059099904,0.95496041945268,0.493706789175909,-0.634239535202498,0.190216238214721,1,0.260786729720194,0.567469598351878,0.587560735145283,0.298107387680322,0.887455748207479,0.263017564308179,1.00272502272011,0.276245665713949,1.07936451912493,0.315144657286725,0.680057772680977,0.403523192833912
0.662831713176133,0.166227159855667,0.565977362514316,0.194574950374123,0.326242021687019,0.446148367434301,1,-0.388402304820248,0.383397491085134,0.448850955219149,0.178933643051044,0.711011881638752,0.168623860099452,0.247214178465581,0.204879807992275,0.309851093282703,0.311626269028227,0.456071480742592,0.260288703900105
1.11420091082014,0.21806522481224,0.909773182359998,0.335668771636797,-0.226581729331926,0.361523078096068,1,-0.233942809405795,0.550047484692339,0.964394928254253,0.215026920115092,0.800614564189546,0.19559619920041,0.578866526333723,0.247859053633617,0.73938094927789,0.234655412995081,0.361358333750832,0.359686684446821
1.11219137574948,0.228085754922781,0.813626392286805,0.330261954163518,-0.369916719297103,0.289669448054479,1,0.0739052899509441,0.460793836257627,0.700292511488088,0.206157705954495,0.609518810960369,0.246017817336459,0.66252092930076,0.242815772015149,0.912394097023264,0.263236014993034,0.703497816770334,0.286271267698131
0.77910381254352,0.194834526440735,1.01846451507587,0.378051893795657,-0.224701462665835,0.303227510010453,1,-0.0915553361478099,0.44550142471984,0.753206696853462,0.219860197008056,0.624839111566526,0.243174668298977,0.428902558596833,0.233656748429289,0.363366428800277,0.252623204926832,0.606166130555871,0.325401320129762
1.36812438795813,0.393328882731998,2.12938003485778,1.08331037254426,-0.717050102920387,0.142579117950922,1,-0.56989059160521,0.953504573707718,1.11770743851182,0.279384639173901,1.00784566983984,0.284687089353789,0.600406553017155,0.272980184250795,0.937805934263817,0.280050885874945,1.1624168449526,0.319807014749177
0.853952161940832,0.196339775995635,0.642807566595495,0.231452362747045,-0.234736728738854,0.339292556080956,1,0.350516612620446,0.366922287280071,0.108053460792018,0.217600017669163,0.481062021409107,0.218445139300194,0.916367492115148,0.229166130190337,-0.0572128263788852,0.297674950540544,0.728378219250839,0.300734948022076
1.33949219914351,0.317522985452185,1.30103583312135,0.656905825119907,-0.595112268945398,0.202954857385021,1,1.0806987194019,0.545212021887898,0.879187965990194,0.274755066945491,0.713800939247099,0.336812618924451,0.74065425774326,0.297231367185913,1.03891492120256,0.272051934956754,0.757818758975707,0.379157314584056
1.24721385044906,0.285743649312766,1.77946481356921,0.691287776458522,-0.404617412229148,0.197938075919181,1,0.0507356708678083,0.509157819079357,0.830730568953347,0.170903724372498,0.627493802128054,0.213463161184909,1.10230258293385,0.229176728189957,0.392058137354088,0.427498299954083,0.79251977374349,0.425564000976963
0.972448103964948,0.249206983963292,1.31254785449944,0.574850693752101,-0.418157586259534,0.306330097335637,1,-0.320074915721733,0.463766661772987,0.943611794554837,0.212903299860128,0.842693250333148,0.235446063065951,0.962030069660139,0.306447527802753,0.420704633618446,0.314590887875549,1.02532710609474,0.306070594311813
0.945595720780199,0.195266370252467,0.77456882076976,0.304305864958325,-0.1228094958751,0.306062893956376,1,0.742502862697712,0.395781369441518,0.429666807928553,0.192621849388937,0.743363490407115,0.185449829656546,0.406678044821803,0.350942737023025,0.718186629178125,0.253671817798586,0.478325880774256,0.206020565721211
0.984877193520113,0.300374959878438,1.47690429461926,0.630357985076375,-0.408076496711992,0.280018375429069,1,-0.0947293636395406,0.640935886865861,0.733669518451751,0.243026118487199,0.678005976518688,0.24210077476822,0.433173859809565,0.253372563192391,0.7666286915319,0.251092673524155,0.495355805322271,0.449457969150663
1.12109421727393,0.289448923505478,1.4968426488082,0.698863831768514,-0.517853848076365,0.26414309051885,1,0.0505017209381367,0.507515994775345,0.596112915407536,0.301971867759685,1.11216356618045,0.246484670058461,0.888268318946997,0.247729701812208,0.960214678861755,0.303507930081561,0.593039373213942,0.454149080335979
1.13832120485783,0.312207484732703,1.28238945547527,0.609950145233727,-0.400303145331198,0.277026114773139,1,0.0265326939181134,0.550217150067962,0.71271237292737,0.245928076273873,0.996545811170818,0.225653948116986,0.559961007261311,0.361198844676232,0.837364279364598,0.251330721017228,0.511467047066345,0.33007564807636
1.27961925513236,0.266451339400205,1.1089525047987,0.405738313739397,-0.377062903888687,0.238023409339656,1,-0.253628537023648,0.513822148785494,1.09856957758141,0.182717398379769,0.652018573005149,0.210084648029591,0.881494408051725,0.23096671881778,0.368671861646969,0.304572286678059,1.21540673022708,0.285959105153678
1.06189034163609,0.173829299392173,0.778313956747368,0.269640980455239,0.428234823214638,0.622405765163898,1,-0.0454488865876366,0.416825490787266,0.833354440554485,0.134829273783377,0.507112518378614,0.153848795651722,0.760588883855981,0.170438503337118,0.815992664301839,0.238891450244275,0.229330543598848,0.38098908215076
0.935976021272867,0.271391480013623,2.09209260843864,0.971982272926561,-0.64895313713195,0.158606429910856,1,-0.312263453210789,0.594462812237407,1.12870877826447,0.210101229643271,0.91065685874034,0.249983915555874,0.738460450528985,0.322014788126647,1.20504974850768,0.300373093290208,0.455776753095141,0.421752509738063
0.886396495029742,0.15856004564806,0.952397072609591,0.327257605791585,-0.375028958003867,0.2474537349469,1,-0.272403736913028,0.427458380337689,0.783105256508092,0.202422162244179,0.56067396207665,0.232902226549192,0.793759550561436,0.181872403036612,0.802591549612816,0.261686781650959,0.578491694194386,0.382489760465863
0.859100874220195,0.256947835322567,1.36019630801092,0.710097518011546,-0.543969342284502,0.263117229109081,1,0.211618593868131,0.554942844328847,0.801670455433425,0.283145931973316,0.888571919451162,0.261338281876696,0.622797969673002,0.279627848654986,0.998085629214352,0.416442934440549,0.671116202003879,0.395303522350241
0.961289208988375,0.227447238521784,1.12196985931116,0.42499154377252,-0.419002759608414,0.20804753708005,1,0.202581750957876,0.433621637716925,0.601655568278935,0.208470283457114,0.675168084311823,0.218236156197186,0.494253815342065,0.320668637186028,0.903073200483077,0.251487055738094,0.783734245251529,0.343665782530334
1.1676118042122,0.208610189296549,1.06247835184741,0.455088625824871,-0.532037284106708,0.187544002967899,1,0.455968777556898,0.474213380352994,0.54832523580635,0.258897865583643,0.770398696344614,0.225474330160872,0.76762898202868,0.260472295165066,0.986900495188832,0.224189462179249,0.990710087700948,0.245763475391713
0.748660965273336,0.196630743961161,0.707727340801513,0.298644097307214,-0.386260575421669,0.264723933866165,1,-0.765702176462322,0.386584911236149,0.766346354628276,0.228296308072325,0.421875157394631,0.207423524588911,0.794028587245182,0.218749100943132,0.512223222273734,0.340997875559833,0.796263212049809,0.384342537177676
0.949665854450465,0.222727657929173,0.548567734597098,0.272874315925832,-0.261323304250691,0.328785829139296,1,0.506957512657441,0.305677258544763,0.347545599183453,0.223836139927776,0.385633690953379,0.257450164759946,0.712859910116689,0.241619932205269,0.521254317426553,0.324558263931068,0.79741445928707,0.312660859005468
1.42019685674213,0.453553063419996,2.31023983574633,1.42187815902212,-0.752259106877459,0.1565592534046,1,-0.949951589449661,0.858217836952499,1.09990405441345,0.288717624279694,1.20127700292573,0.327204621255211,1.04149184101557,0.302938342594136,1.18561708434074,0.397664176539189,0.972196240194222,0.475617334551139
1.29554521639966,0.331381366378723,1.49151623911545,0.753829961234164,-0.314032294921369,0.269015219252782,1,0.742924671133319,0.637214417853598,0.383072149006269,0.248944162621434,1.09178888875594,0.256983621156835,0.754641467923946,0.282256314468895,0.718657305116089,0.327364824421125,0.404209965675976,0.460442971374076
1.6745032917648,0.470398685714684,2.23668586313309,1.10209364868292,-0.645430735999588,0.149053033515844,1,0.201800373176503,0.588839618883651,1.09654943996585,0.226465207127885,1.08609450671035,0.253286189502955,1.03162494683743,0.293351143751341,0.924635610400487,0.30872770623024,1.20012755456324,0.30464348035998
0.973281928741561,0.178880592786083,0.511206340754524,0.204617620421841,0.0514327252047717,0.393922449369346,1,0.331851886643045,0.351273134742387,0.483845310274093,0.163287495712039,0.420221732580214,0.236227826132117,0.333289428971959,0.221597971087103,0.324866078623375,0.244306745984441,0.101789152235819,0.340501589558361
1.55917965268822,0.556679618947508,1.88148688062582,1.12312564059089,-0.678306687285007,0.185766497455321,1,0.041335252367875,0.50217548640213,0.864213004116984,0.317228812031593,1.05940381319879,0.36037055337463,1.12540956309124,0.337660352295823,0.912881826624998,0.341087636578693,1.46543996004399,0.412813656451854
0.768784103303437,0.249741028535527,1.14531120876183,0.507938667302145,-0.401104090556368,0.319923297609055,1,-0.493187353472458,0.570600781849011,0.819465974888731,0.234499052155669,0.694024661756102,0.196110762671155,0.548757319652856,0.254101484692283,0.683541560271066,0.321184250373784,0.697907431502554,0.329600538017775
1.08602983410013,0.285498556255166,0.967938489306166,0.483133920315068,-0.335746242918219,0.28500670347821,1,0.700154183655853,0.503252079039641,0.651561836558206,0.238983012301787,0.577857217839266,0.277497054241269,0.638707758761502,0.286215054626889,0.596187534420839,0.310978310725057,0.565096951527886,0.341235373433744
0.929840810252975,0.252754119794408,1.01713678052585,0.446934230632454,-0.245982062564307,0.360424513237535,1,0.0818415489198274,0.707078230571533,0.68400984460806,0.229664363368645,0.656760625285476,0.230463957588453,0.65038279718198,0.229887697602272,0.762020876132239,0.359377320186932,0.172955522615634,0.449105019438542
0.920837247817001,0.196228455124694,0.770838629785286,0.264516548598983,-0.147369060711501,0.32404669642214,1,0.162826159482992,0.443825704679629,0.568103866377193,0.220710970045582,0.607214035555364,0.203674283910289,0.557813090334729,0.217254607976453,0.423271901549066,0.253190368506986,0.247489437385554,0.339572689501679
1.18425407857439,0.278188139262024,1.0574095013645,0.506021741210598,-0.48834967098905,0.247805341872312,1,-0.430746458717058,0.455693062674408,0.8796935036928,0.259710864566357,0.654272396041465,0.281129916636305,0.829484874337258,0.249537519124367,0.719455751804138,0.270851927139353,0.996923439946183,0.291175130789482
1.3805086472604,0.422804101837636,2.25124388120878,1.14671711420719,-0.713308892799555,0.156093411535219,1,-0.10458123106513,0.512374915710324,1.11344132122899,0.293081645840994,1.34215698983425,0.253223245020534,0.888952265428241,0.338466349694559,1.18627051509587,0.321580170118906,1.19277527971771,0.520009074494502
1.01908498511753,0.239109289693276,0.824523182348133,0.364061820568665,-0.349725602541691,0.29307859855472,1,0.441957687783845,0.514371045561906,0.480730618742084,0.272083968828233,0.702759416125984,0.238373663662947,0.558647996230992,0.29903724140238,0.66879008291211,0.33952522846541,0.0437400359333297,0.39127347822932
1.05556696270725,0.298715994172721,1.37191595785455,0.590670280181541,-0.568169074824109,0.163615685894452,1,-0.343390419918581,0.485657443388239,0.96451716162222,0.213820650214471,0.626544423346777,0.27255535247252,0.890915438818504,0.242255547347633,0.913435027047896,0.242211256717599,0.508782020770645,0.363251050207411
1.00870339856216,0.297040575355315,1.09564252075157,0.558948806956815,-0.358069942728733,0.333304482402462,1,0.288945723423354,0.562372354023376,0.852718811597815,0.270594790909216,0.670218670895724,0.306144803817439,0.521905626445835,0.313214718347658,0.985214650985322,0.245044986158294,0.649247989706537,0.285800028733523
1.74972993047606,0.624920492218334,2.77808738451299,1.94250879996808,-0.801676006983909,0.15769208639274,1,0.702250118938621,0.714805402150111,0.950564257408653,0.384019398766356,0.908983189021237,0.365013640339739,1.61091125224323,0.372678775048736,0.94925259390361,0.40354627594763,1.32533983442255,0.404840414889357
0.912847076413641,0.206093401385459,0.933585269466943,0.376470144004354,0.669785336381075,0.273506924382681,1,-0.208671206756686,0.503323275876744,0.593759280672553,0.208178023958584,0.720582939256129,0.201261571581626,0.722839975336683,0.185735274138779,0.16696661026911,0.307826634494802,0.086773551710906,0.41246763317563
0.960103332823011,0.250177975650313,0.847090634939423,0.305371117521722,-0.142654349245325,0.32016364335887,1,0.138025462304925,0.443352446977967,0.63480477766576,0.175423904281292,0.440023712370064,0.23342548974551,0.648354629985707,0.205384061222435,0.380625916839093,0.273058449777093,0.887004006945735,0.236257944584043
1.09011554442728,0.238795239294419,0.69930428432724,0.27882554728688,-0.484614432673034,0.190023935291326,1,-0.0204212018125771,0.366747384321648,0.713040805610493,0.213603460234484,0.672422379507296,0.197303128112417,0.630096799361473,0.244508571474535,0.78752807248668,0.305723409948321,0.244939861178767,0.36367708507662
1.10275566236742,0.237688535578335,1.18784634813318,0.382948527644075,-0.433556727270745,0.197290650188009,1,0.100582271157501,0.525161848846635,0.56906831400776,0.222833544314766,0.79549690398475,0.212598210068593,0.83900118838719,0.239090452410929,0.645035377813783,0.277705594670153,0.412244558566757,0.284236706094425
0.809048280350809,0.18582665493701,0.741351882942177,0.278341636353043,-0.201630151767469,0.311361925650785,1,-0.830348992303208,0.334005193465413,0.698631760538472,0.160628186518103,0.755300650175574,0.190762573209908,0.500166345194355,0.183561319987363,0.693152729941907,0.249324953448007,0.45701688845307,0.495551683830968
0.854606327976272,0.211614097217351,0.851797379739148,0.34890698370361,-0.237469908755685,0.309071328922306,1,-0.0196528604889909,0.487368129427222,0.454778669013459,0.210468710028838,0.671118132067535,0.239937146218182,0.489992968339343,0.307507043142141,0.803780964749772,0.256925231041423,0.454886126813112,0.290652997811827
1.07535668180877,0.249510148312457,0.828532531573895,0.350876990533456,-0.316906552093959,0.341150776363569,1,0.355554277871283,0.381146841129306,0.332182623745252,0.265123346822079,0.691074629796103,0.220020813820034,0.558801590533723,0.225909684977128,0.385216741767715,0.303799262720506,0.889503347726353,0.260440858600202
0.682408495730407,0.215441564348175,0.996545780440967,0.523296915540305,-0.306712775766579,0.388971405402367,1,-0.727047111694028,0.346442921432587,0.587046241586011,0.264875910717691,0.348924551122926,0.28594008191463,0.948739562141985,0.24412523554325,0.345152460891544,0.338554151296478,0.557895622390541,0.409525962523773
1.44991508833834,0.300799407900913,1.51201718957844,0.574158394892496,-0.12349862197832,0.296419549202587,1,1.07392830544274,0.497774055231704,0.529057589864468,0.217996605462115,0.788071440195762,0.196470030835501,0.936095416237988,0.218804065790352,1.12436347252523,0.267359179091252,0.0329342672760817,0.504890593742983
0.947883350308599,0.277923289406517,1.25395336082937,0.585757187951291,-0.512583574860689,0.203935365238793,1,-0.12889104658296,0.562530119184293,0.706430009458779,0.240790058049311,0.671216910126681,0.257864739484963,0.973122983442831,0.248002290953969,0.621183404810665,0.359567250118183,0.115362250380707,0.517020809814429
0.680680953109904,0.201930015718708,1.06101795468326,0.476239404256067,-0.407520890306593,0.246890146004136,1,-0.607125101091805,0.509231691907191,0.921918439826373,0.207520949877702,0.664356439707713,0.265358987768581,0.786148980677842,0.225656236028771,0.796395756415279,0.33956594423316,0.123007584147588,0.43770388401587
0.734437756910841,0.175776184135105,0.858854509977208,0.328337830339803,-0.328377841486195,0.250091258145546,1,0.0288225450578668,0.339492886381087,0.648002354227602,0.213084354892115,0.730883340370683,0.204807406067014,0.155907597764566,0.286399951282684,0.60462184858061,0.247830192048202,0.682032611055705,0.267446670457411
1.07240679284936,0.310171966884248,2.27189923947787,1.1278167100937,-0.426770380801252,0.323621736890671,1,-0.921026714700235,0.565222510235395,1.14607962519288,0.204727808000695,0.716858165093785,0.259546300540231,0.961834257749113,0.333032850620978,0.957010419815411,0.395066860845661,1.10698455385411,0.483021528051754
1.16990797066371,0.323452495582492,1.50811304527394,0.701068668770712,-0.52232546390998,0.25174224404201,1,0.155136016115609,0.472289996140621,0.912467960489727,0.294277552695893,0.924623671866556,0.219924848166103,0.529267148277611,0.298001146815205,0.907206294764902,0.310333055722713,0.623007488575726,0.319538774348839
1.55534200393684,0.465430236201117,2.05300996694085,1.07581420566846,-0.670438213536365,0.170243833333218,1,0.418873520390976,0.719180237475262,0.882527861497274,0.253403146445736,1.1107611680266,0.317187107387316,1.12029110970517,0.293102221720185,1.05451650832139,0.291719757751625,1.39786931792445,0.377586898801623
1.00485764393603,0.213337651478194,0.813984798476958,0.283221357679219,-0.37975667229111,0.231828604939613,1,-0.150302490565318,0.404729488086804,0.771193091765398,0.186358444027983,0.563722699985468,0.216510716713476,0.799018983732111,0.199718007718959,0.864732238419007,0.207271942423147,0.433128572156486,0.565593409205465
1.02743912582692,0.261129691198089,0.968768898177131,0.393039210811864,-0.385954296540524,0.223238661430636,1,-0.00755184395654931,0.391983658002824,0.918927981814692,0.190147664330331,0.557320289561608,0.230244977328574,0.767223079871534,0.275847807942664,0.559155627136822,0.355753129411714,0.574044229046289,0.276645488713051
0.86505180877482,0.23337277478719,1.13801554343132,0.520581374010819,-0.74512291658794,0.111412164106747,1,-0.212547041932473,0.392829011871432,0.892654569578494,0.22032287118159,0.764659093494834,0.269701283221314,1.02979174751939,0.288868513212144,0.836040375792339,0.297762676139949,0.292683560452659,0.532998406949902
0.959673631655559,0.257662319066865,1.22689182198142,0.556295419310957,-0.634096917298092,0.183925339663817,1,-0.658066697189182,0.587626516384404,0.770952934750706,0.258534474718787,0.671578395013283,0.225804297083052,0.702913637224994,0.260867298912603,1.12724825238724,0.303681646565472,1.15804622897038,0.302759696600307
1.14886855178867,0.212254282057924,0.728836876400508,0.266499448601463,-0.116724808274504,0.35663496944368,1,0.420883679755289,0.35771526210159,0.415707266742937,0.176988863613348,0.955535455873827,0.187683230455088,0.749080528474313,0.228883444787204,0.625914743682171,0.26601870671133,0.345793617923894,0.32992897566501
0.898023691426965,0.160586038848857,0.464966044932182,0.162795731863009,0.201981522332769,0.312471231818786,1,-0.0965374052382597,0.350489187593959,0.44331598458354,0.189686583195552,0.741321463116557,0.191458410331978,0.477425271961727,0.228955209112478,0.609854939708508,0.199188208185813,0.620472862539779,0.297502259543389
1.08581804038644,0.233161260541261,0.69602773385078,0.273876182593413,-0.204150245210588,0.342954094109695,1,0.342127525807549,0.420564960326436,0.62046356729988,0.219064820301312,0.51902642668719,0.267216345719775,0.555899220744217,0.25971559404482,0.404581194926567,0.269498111553678,0.585935321224236,0.29334309548032
1.36778809225747,0.327274880525032,1.43843850013775,0.667132329645605,-0.326462567008362,0.279628996896626,1,0.179639989880734,0.547013819521245,1.12608588338822,0.225501884956286,0.281573178481652,0.317180178580471,0.987848044862339,0.221931288715198,1.00770461843384,0.315626959578781,0.951171822101827,0.344651028075015
0.849791731193927,0.232496145535966,0.859916813064171,0.391284959153293,-0.57288618504442,0.184663483337156,1,-0.244362884880017,0.375341797434007,0.819641986209228,0.192557005045498,0.760308205794073,0.297116486735823,0.419992695712025,0.285469946884036,1.01250093179567,0.319807743328381,0.386929090020136,0.393197339481316
0.853228219870088,0.204422762080366,0.902177415353196,0.404627705020361,-0.464536971108659,0.276306049284809,1,0.121564000806537,0.312253785094424,0.650782780448923,0.261757122397983,0.802250548676546,0.241594662894276,0.441865867113544,0.302026011323179,0.808371660004526,0.295443249207394,0.211561382286105,0.322479153939456
0.80640529588733,0.12152090298523,0.414963223164002,0.144164426471169,0.412311310411229,0.277536203094016,1,0.411161954731047,0.352670615244325,0.453127163895354,0.14344107359781,0.556382604939176,0.168846654090706,-0.0193053814235853,0.224844821103341,0.292202508522216,0.256947962992557,0.132350588778868,0.305029772624224
0.717819812039888,0.212284346005363,1.01914906963015,0.464973241610108,-0.311902259692411,0.371658909006054,1,-0.205109471621778,0.478456771216164,0.593457789681127,0.225670782528111,0.694843519833836,0.202530602041414,0.325192515773293,0.325035522304358,0.491603684737054,0.366165368686654,0.738559224543078,0.371822336953357
1.13423884558373,0.241369249703985,1.09188938967734,0.505429982451343,-0.421296007174063,0.27167341569007,1,-0.0770842043397675,0.379166752274171,0.823643136968095,0.187263858825534,0.675261601387737,0.292265531735602,0.481919988736232,0.28416719045693,0.615863335765294,0.320798232840173,1.46203915171194,0.286397283442764
1.0482799173735,0.346321210250751,1.74469138446502,0.945778337740944,-0.695150162954531,0.181482191228019,1,-0.308814943545691,0.616788703822002,0.909686242089871,0.27058157328935,0.946075233864053,0.3017792085272,0.678396222311332,0.368125009105541,0.920436099387629,0.340253748474193,1.01810758005397,0.390971482842174
0.952550343397167,0.230477610689648,0.875365167910344,0.343674699985563,-0.29640464360018,0.371698007113607,1,0.652387918010135,0.455404236790531,0.573630125746692,0.261846388693067,0.63937167843434,0.228278321947737,0.570748702580607,0.244079739971113,0.302171336817279,0.322932251907445,0.520349478845078,0.351576115401367
1.14018827874122,0.183810054743237,0.610652533698929,0.21003252148006,0.24488908619772,0.375039571920054,1,0.901004727374815,0.405963562764983,0.486656010166931,0.179853907304538,0.31826322824657,0.213846615426815,0.456423629783607,0.170031238374817,0.615873757222894,0.213676813429962,0.84698101273329,0.223365184313551
0.770516725512616,0.171712058090436,0.577784550826405,0.199715582873897,-0.102777746467431,0.341375011110074,1,-0.2218321885297,0.438378153386809,0.721835278694867,0.163321689722605,0.637298705885038,0.18363729164762,0.695733002904699,0.206007555529098,0.382221828106669,0.266808243402652,1.0147606684497,0.324660775058725
1.28223889950559,0.297473348146268,1.18441338930582,0.51797861816303,-0.369840366943421,0.277727633982688,1,0.521265994549373,0.668655493274382,0.787252394156028,0.235211940455437,0.750725601153978,0.232446733573863,0.794195009174873,0.267907900719436,0.849106032216817,0.311082201290728,0.736158894043805,0.322898630549694
1.15558967958759,0.256248520066455,1.16331109882479,0.567463055861408,-0.47021213131155,0.249252851003143,1,-0.266700131837533,0.56826369070171,0.961156097491487,0.262261190140321,0.751807346850093,0.234655299406887,0.6803030298652,0.274544734215951,1.10724859742092,0.29464222411578,0.274192143635477,0.565681494757029
0.944882459846681,0.182352691731204,0.675695021141463,0.259911044222689,-0.10958756673542,0.392415805501032,1,0.0304177909875392,0.305315102881961,0.704539163270746,0.137508158108519,0.144474121874234,0.239223737138603,0.875422374050474,0.215659439909026,0.515463743752146,0.281672332496939,0.874270751468983,0.332136376254148
1.00992764019584,0.190827833212015,0.751715942487096,0.312610552775835,-0.176232750035816,0.351848826336932,1,0.248805029352254,0.379839981132589,0.746570509591108,0.201525208597972,0.739710789436333,0.194246539913179,0.538652977617802,0.215161952577045,0.388558212883831,0.334382720508831,0.985302395715045,0.287671852523834
NA,NA,NA,NA,NA,NA,99,NA,NA,NA,NA,NA,NA,NA,NA,NA,NA,NA,NA
0.998735380921802,0.240540927968153,1.09994371594696,0.442987511389287,-0.206773002320142,0.293277521501688,1,0.0777655061708171,0.388843206570051,0.573260075387252,0.218399552145528,0.584338095982461,0.228094209959385,0.79394503615027,0.18946415514057,0.710751559469111,0.233078489979297,0.673017168401995,0.302440016507396
0.818672773385321,0.197056855687292,0.736319142315946,0.309323602208129,-0.311494689873817,0.312825932730827,1,0.0963726327607586,0.467854386345749,0.792460082022917,0.217010723446614,0.255230624456367,0.203190653658438,0.683000289806006,0.2450152844102,0.375824078151113,0.262015501400042,0.502320315672871,0.305571024483599
1.24647419161156,0.395972386898558,1.67568218127007,0.83660992241233,-0.573146134000062,0.211894491031577,1,0.175219629370891,0.629325093724683,0.974680245368312,0.303338079808335,0.926127351762093,0.2677037656399,0.503787844241067,0.291622758710285,1.31519411762894,0.24697771419919,1.22070580560925,0.371100697315235
0.992277412665899,0.248425395606487,0.627407709859326,0.271354461847953,-0.262942011910114,0.339081984018917,1,0.122850643120544,0.456364060210331,0.521935307000694,0.216571823892494,0.504646976798382,0.245608911080499,0.707610964576013,0.222501074859282,0.739584297918874,0.232761835156563,0.271087054301493,0.427315999511506
1.19873661744837,0.277037790992986,1.11714478355031,0.445351234264928,-0.173551491264169,0.390995325016125,1,0.271640498715943,0.418247909866421,0.765854044549201,0.200976631230084,0.69231527525129,0.265566340357686,0.793953640770412,0.249109225145131,0.640113927096485,0.237626383026055,0.878444094679234,0.216473578123445
0.794962966532174,0.209725159421645,0.99604568701942,0.445545979192351,-0.370523413886848,0.278754262505589,1,-0.299969866130986,0.447428161076358,0.485952191145733,0.214058113854961,0.768620068561405,0.206543390024683,0.496993773469446,0.290941859901303,1.09661946807647,0.295242271172673,0.492539277560843,0.477179663266977
1.0583552648957,0.244396816489418,0.844506927720381,0.360866227081536,-0.399202940663964,0.223939262308981,1,0.116016657687797,0.530257856524323,0.732030051890024,0.214392181968882,0.370923029024207,0.267199854681516,0.96273507832067,0.252587073975635,0.248710914335798,0.325430205140087,0.618320997770019,0.348507296737638
1.17410521051519,0.293161739636021,0.975489998546565,0.447766037799198,-0.325942139675383,0.301595986036235,1,0.502850189559646,0.490755915639225,0.440941661711135,0.260496936142509,0.391192750899219,0.28271013267954,0.836290606356041,0.237585659309097,0.8104215597652,0.284341788156742,0.352269543075063,0.369383061390239
1.17339328810598,0.363997102476453,1.6075524868884,0.859216055406194,-0.517886959042829,0.263857396282276,1,-0.274336658416797,0.500483616587613,0.758829305314495,0.244361472993282,0.818748043690697,0.310437463090029,0.806468537791915,0.21868860705624,0.888118511836826,0.337918706794497,-0.0363399857076506,0.539691055967104
0.941572484775605,0.233715683812259,0.900237474646371,0.424533799121173,-0.458136359534759,0.217874983578962,1,-0.471738102778771,0.404202357648139,0.789504356019418,0.225521911985489,0.73885686523491,0.217504688664358,0.803364017872779,0.272687875429505,0.583107664166448,0.392706130057242,0.486132118553299,0.350253404640657
1.47235194963792,0.424542986487972,1.69449313297307,0.930031608069305,-0.346222743051694,0.364642559384409,1,0.893244737083676,0.637604451259261,0.792719785729619,0.280140969800826,0.962345010780372,0.281911802718191,0.701845082813658,0.355160879766508,0.908514858623855,0.328011692306646,0.884488902962726,0.311947854336269
0.759833225170007,0.224512618255644,0.928784581552633,0.394383469735318,-0.228843393392619,0.378260431729247,1,-0.420323247919419,0.353841368319893,0.610537365949813,0.242745536077158,0.641716994399024,0.241217497346402,0.793312164007852,0.268223491306482,0.425425917652211,0.297131174843526,0.59594740492706,0.321116736633105
1.06126803823681,0.350440455861245,2.12319176883068,1.23260715334179,-0.606989109869078,0.285564216572249,1,-0.522178659947925,0.463739545037564,1.16984399015787,0.330711350076085,0.782791109785515,0.344582636687066,0.67799628445026,0.317178741244906,1.02918803571146,0.395923392932329,1.19371297848383,0.290850462628839
0.743428595398071,0.213854069441509,1.0230372213075,0.453675649944945,-0.525008601666851,0.191245508449725,1,-0.242303122811107,0.569197904458978,0.800439023938853,0.206267638641637,0.621156518322611,0.227610556905914,0.633399968653995,0.243904642796779,0.889009997923109,0.279612583393474,-0.26401472904756,0.670699205169102
0.760681253401748,0.172579942256084,0.776959343824886,0.262648141631328,-0.148541359226205,0.300619174786171,1,-0.0281607378674767,0.323175597028133,0.586224613809692,0.192762975601688,0.742018480146306,0.184316941573051,0.596443646638346,0.230896045204761,0.7998411032154,0.228858380202008,0.0261609195200182,0.459140070900151
0.966276790058135,0.288553736254689,1.68014496626837,0.690458250761433,-0.522668493609299,0.219282141918611,1,0.0308273432091917,0.442363893013426,0.598344298367593,0.257062871353031,0.89337801882817,0.226717472271567,0.697559895812598,0.242879167854812,0.74558497809351,0.29059540534674,1.04270089154329,0.298298531271347
1.06208898333855,0.319199690585794,1.89078172202507,0.721378327610043,-0.534724704318669,0.197396558846969,1,-1.24633874024784,0.623669374209758,0.97582002462427,0.23964971790089,1.09751264246833,0.223473845983251,0.154066839181505,0.313758457121569,0.911130032406143,0.258725935639847,1.20651840586078,0.304275231246994
1.40663443234564,0.423808678025461,2.00675921225495,1.05225508032707,-0.737446623602924,0.168027125881581,1,-0.283816401687893,0.745741523059948,0.935764927910391,0.288572997456378,0.811187867721595,0.339656573984187,0.987980256668805,0.27546492695388,0.966744127528247,0.335331457653703,1.11375477415632,0.344027673068155
1.56958198505283,0.447448180398989,1.88138012814567,1.01402974716555,-0.741160549452309,0.127933387716805,1,1.42796217854546,0.745760170010225,0.941349130116464,0.289242369641651,0.814706745068293,0.294686024248792,1.08305543671572,0.320546174857589,0.914481971382785,0.440513362206471,1.30959491091314,0.395772836158409
0.893117628757755,0.295679747184946,1.29200369036374,0.592236648506116,-0.522035643440811,0.197245331825154,1,-0.315574796419165,0.707860044886336,0.890387874021844,0.276106066125788,0.793871947653014,0.239104683896622,0.921700133552793,0.296520422046056,0.991839220229212,0.28963994891803,1.22328439594478,0.409620886383078
0.982124398365528,0.21661577376181,0.709287159768586,0.324189319590693,-0.434639328971987,0.225490012603971,1,-0.44132261299711,0.316057995381507,0.785961040697462,0.22353742374462,0.795954228039435,0.228536499196256,0.409173480386837,0.277256254761591,0.53223140773781,0.390754037153245,0.678777236854605,0.326829960575313
0.920839809419314,0.223330391162918,0.795519508958991,0.277885386260285,-0.478327022802321,0.220675838971267,1,0.27835337268508,0.521041848374989,0.491970771565681,0.269925514149235,0.722449313234698,0.179316700428809,0.81270300502128,0.217270458213676,0.636540064082529,0.273375841220118,0.400873800151393,0.509576471903898
1.15555780622949,0.333092961627032,1.73851124901111,0.655534468093317,-0.485685489732388,0.255719723577177,1,-0.253242444366829,0.618232467622155,0.737481908959011,0.25234656703489,1.14653735872628,0.207950919873623,0.636252300084869,0.308552569313025,0.914998761643083,0.261980455282911,1.12772160388862,0.275999216578065
1.03564992719802,0.265308694631229,0.91270770369611,0.423855541905522,-0.436014276854534,0.255381265892073,1,0.00725016144872707,0.431636033264843,0.709625900716635,0.244916899632681,0.400336341584966,0.240413331088397,0.499534792853403,0.311297426598108,0.812554196642804,0.31223038674225,0.220766940355688,0.342429604015691
0.976263233308154,0.191920400633216,1.15636251324448,0.430849767080705,-0.245415444402601,0.25984823574482,1,0.00240422192198226,0.452434097924929,0.567070726065532,0.182540543102152,0.735885044822005,0.214662674127375,0.679726443629725,0.222744478473096,0.964858439100493,0.261395197642551,0.339349500743296,0.396383374445941
1.22002667948808,0.22831319748435,0.662316807547854,0.264388829503351,0.0466414072140053,0.511732955567238,1,0.0190266327164688,0.421500033867558,0.643906803521948,0.202168726482244,0.576887905291474,0.252298185553242,0.568522028527306,0.241135234510697,0.453807230388715,0.275527542531305,0.357928417783929,0.422616595132816
1.16998457893344,0.299473268384004,1.02737267450771,0.453607856224318,-0.327903856257674,0.304880673237399,1,-0.464758289883451,0.318310404095801,0.913501207567273,0.200463455357776,0.694568454335751,0.248487865693642,0.919206108194897,0.247852989824201,0.11917680657209,0.395914065437179,1.04269982467328,0.286365178874597
1.1262597592196,0.317508859616191,1.1474399742695,0.58061605603385,-0.531542217597593,0.205542849712013,1,-0.11873947253899,0.433987584124608,0.903892062433779,0.255622085490235,0.651525819944951,0.254925717462862,0.777877172775585,0.245314590907908,0.980906474100861,0.366324067794434,0.86707731177607,0.41162463331479
0.918580099966468,0.255562906830836,1.06033422474999,0.516047518036412,-0.411129969271616,0.351360703121435,1,-0.0798474761312347,0.433217597576595,0.575191307153549,0.270454750769281,0.644648723526935,0.279157075676652,0.53426618765679,0.304710799216671,0.709747741295569,0.331426999335026,0.262374295165562,0.350835842417096
0.877019780063962,0.2515820053631,0.732612849609095,0.334592999095581,-0.154475318777968,0.427493591267877,1,0.165485915046597,0.45806592081525,0.698762291866259,0.237137132370052,0.254447454774051,0.270555790182727,0.833123363188359,0.250593179013163,0.383301955869464,0.328414288968698,0.744578619664374,0.321841648400197
1.03134963713097,0.247572184133693,1.17174251402012,0.532613541930244,-0.366771187428276,0.238666626902484,1,-0.112824951056322,0.465297453630274,0.877209396785899,0.236587703534832,0.811169888071658,0.232069291376525,0.602079842371472,0.226165810489573,0.8840058295396,0.274945867594812,0.764145164104534,0.378943236123175
0.798388975579908,0.198407652445425,0.882703419493394,0.332285096445672,-0.424486016202702,0.215226016600772,1,-0.559521960871895,0.404680536294245,0.598855323709055,0.229228744271945,0.653446929660316,0.250296027554606,0.554716151393893,0.206914665486297,0.474796869368669,0.306786664859691,0.632600296749884,0.257095750323977
1.87664879547299,0.568832226180151,3.27027019199642,1.71372871736821,-0.746443600362014,0.137260737973547,1,0.372421598364195,0.715428305022663,1.03893633890497,0.274295620102593,1.01499614639369,0.329489365083435,1.23709694236705,0.278201799410517,1.33415643728306,0.32131527509486,0.769532570900698,0.36173987887064
1.11523088729464,0.179642321077904,0.97948750799428,0.322738509263087,-0.292383539677683,0.258068139226268,1,-0.0565408528932257,0.365130141843766,0.787343611151983,0.156550048546474,0.645704770093883,0.17333336928435,0.52478963676276,0.282436953982786,0.596994887781307,0.285208891234768,0.640872148933156,0.256833372813064
1.13745523082309,0.276092338804383,1.51147303909584,0.628664396943076,-0.455527946273055,0.228950731206593,1,-0.438302009551694,0.512504348515425,0.990420494358591,0.214154067407756,0.858918384251463,0.237204060091643,0.988098104039733,0.197806617017945,0.819164307834537,0.312381843981988,1.19371600891046,0.418958940112495
0.905244452431729,0.191708950287095,0.546077333802761,0.194462673212533,0.288660849149983,0.432191441998645,1,0.108866520847508,0.464462679340419,0.268120218167689,0.279265648999803,0.306566869461105,0.214500655681513,0.559585139484561,0.195094094110588,0.385670489302883,0.231434151658725,0.382465168916515,0.251778970038227
1.27073402338419,0.273331115691806,1.40040183824527,0.660757994515452,-0.320190031631995,0.277887239364855,1,0.651217811397302,0.338021927667488,0.708605136922033,0.231615834405984,0.283389368738947,0.378470377334983,0.769532760536506,0.254294912790957,0.89729201791732,0.289252282414566,0.729885206633319,0.245498772463633
1.62150647205459,0.439535207539012,3.18569997647489,1.73611769058171,-0.73639198111003,0.157061493679906,1,-0.892469885834583,0.721086301189562,1.28980047158659,0.251814835655283,1.1766172098035,0.255374031300695,1.23747225392457,0.293571829316576,1.31338929874792,0.335935680455868,0.76421063697423,0.385678243601651
1.38428421959321,0.428159202763073,1.73955217866244,1.03432251573416,-0.653108600944354,0.198829502041863,1,-0.480311447716836,0.5286218652105,1.21033191857973,0.318062757032522,0.654329660279691,0.314869863738582,0.968885425729321,0.292550596719158,0.643155102843741,0.350428662829789,0.957193763853186,0.369804854068922
1.19950515625634,0.393604243890984,2.52222462619484,1.42822194290744,-0.649055978500514,0.196779839233383,1,-0.898976232958463,0.692455945169872,1.35715408807914,0.285483564856509,0.649540848385279,0.277771382673274,1.01767809235582,0.288529723533513,0.999329379104981,0.407407345682794,1.23435164913407,0.38985563101489
1.13430171329115,0.220951836204913,1.08056521295656,0.416102614955635,-0.232833301634362,0.263916105258422,1,-0.0258554931173889,0.341348968830946,0.780088226764262,0.204786024362302,0.705229103022138,0.226933293611507,0.444574089893729,0.247219976055476,0.497487389801233,0.315269891906689,0.867868674230258,0.263258650714772
1.10900419045924,0.322619417978886,1.00996750458129,0.548838396265634,-0.171138086025632,0.429780313051256,1,0.0754043715284547,0.418194491825059,0.716561667054954,0.287156630067667,0.613638943861187,0.264356218869667,0.800630755644925,0.313173155286654,0.233271600473106,0.36717286591149,0.788117819374872,0.343315951429713
0.802458973633417,0.2306668215236,0.716931506359422,0.32374767031007,-0.486688907557482,0.261958484676007,1,-0.620303726916362,0.468732501887411,0.731491753508759,0.241064332062149,0.687116250254317,0.250114685803503,0.783922021876344,0.269668921939886,0.562562884241588,0.35331422825722,-0.227488057601803,0.426511844927628
1.15632736678507,0.227310015472381,0.94712675332946,0.330761565081433,-0.331991020622638,0.294206380526652,1,0.206319926485229,0.385221899716345,0.913152724024118,0.198182309216195,0.327706179584214,0.220916854480358,0.511132705475723,0.234147077133406,0.666624822979522,0.273930178177567,0.770352792062011,0.242970408637355
1.03101573831981,0.249318452768419,1.22177995096127,0.489390447922806,-0.489030333781895,0.200406277959699,1,-0.522716874498575,0.531439846252447,0.757998941830588,0.224691118942786,0.729415463589419,0.211073773169507,0.787615103828266,0.244991388455543,0.945067948153819,0.257270297879987,0.717397619865518,0.377492176857814
0.895063756276015,0.193415927607672,1.1257134050966,0.442913920495308,-0.213110583021207,0.24932239362035,1,0.0881371706742815,0.49697516280483,0.511020192985503,0.213519091494972,0.324163455292841,0.213970185749046,0.67854271015222,0.227623339132864,0.814162603771059,0.258335075815026,0.720463328822799,0.393774515964581
1.14756648199062,0.298925757916854,1.30662611527949,0.562202816898178,-0.565105139736397,0.202198475183783,1,0.0958931266634673,0.45130086233786,1.07630545278479,0.203117778694323,0.646876138724912,0.238083825111858,0.949154402168017,0.263913658454484,0.831293728845349,0.263744342956272,1.03426170363357,0.365195451565699
1.16522437751681,0.286823272290279,1.31421786295853,0.54646272482208,-0.416624289827558,0.226662523529774,1,0.18715958630139,0.493071637755038,0.718112096198588,0.245457971658883,0.922849102485375,0.204752133513245,0.476026979572535,0.293073417311726,0.903624329302383,0.2615417859091,0.529269338886955,0.297822659959532
1.09622756425487,0.243539854672332,0.78532856249148,0.273751614555096,-0.205168172305716,0.279070257456116,1,0.382132837541069,0.537634477753187,0.799090202752635,0.153626096591097,0.354211924046309,0.269887103285964,0.759926896812135,0.170624269883137,0.487082404474406,0.275388432670291,0.73561406015648,0.262472685972272
1.22926688053948,0.222108600455354,1.10331737900828,0.389268102917767,-0.458924410183927,0.21380096542433,1,0.147185000537951,0.595615504883667,0.936135212504951,0.222464834995199,0.729671228364934,0.266665210565401,0.571745653138367,0.27393509790954,0.843493018747232,0.25726123457695,0.823605311106796,0.23041174913299
1.14652229994017,0.276191541203164,1.32670514457539,0.578985908666934,-0.413639973877695,0.260468784192881,1,0.175994098262064,0.394876447076396,0.688401450835648,0.205015131124468,0.818932879525127,0.21492410211198,0.933239890083777,0.311135094972924,1.11577947756312,0.251340028386821,0.667917100550235,0.451235901595925
1.14001187079604,0.266381070711864,0.969572187941787,0.3705393512265,-0.594957496728135,0.194144644287621,1,0.205176878212885,0.445324501559582,0.836781291259014,0.235257150912405,0.986598348029754,0.21774204388982,0.784757945147374,0.288862168149954,0.990624183663457,0.300440116965914,0.739159774727056,0.355399903971558
0.698990940980373,0.205278061307295,0.642849803529803,0.305950677176264,-0.215155575733478,0.37116926310267,1,-0.299014920235067,0.33249247176421,0.522943424790683,0.20617240677558,0.703847122115174,0.236363085563128,0.14414872011305,0.329905074128879,0.478801457470321,0.257635925760979,0.589966492452686,0.282772494890966
0.86792635136464,0.211451996160151,0.816030028586177,0.297240843248177,-0.325224483297443,0.263194418602549,1,0.274766155895898,0.492315534017304,0.382261473850094,0.208699905308892,0.985197384283682,0.198549496928814,0.437475877818109,0.26833538330837,0.874380192144512,0.226363944690853,0.581496339154296,0.273121760482471
1.01669640538126,0.296851574463717,1.31024064523804,0.613138129979613,-0.590380445657097,0.228113986410499,1,0.169433549366942,0.468439755542059,0.669421188283533,0.25126594509251,0.975592906103164,0.269467102810577,0.730267635068088,0.335561791721394,0.423698494548191,0.329323383348755,1.25985732237726,0.292496486431311
1.0302840123189,0.298487936994693,1.38936030722461,0.624882584547552,-0.540968149442278,0.190413875278902,1,-0.0120918393120503,0.61297889606603,0.595847917507608,0.215692180945582,1.0454577292827,0.253630116736502,0.903098677733162,0.280457620401445,0.693259805761704,0.326375606265452,1.36967426764816,0.291263994735653
1.44483473143847,0.345089772102726,0.951795279042126,0.443825106180897,-0.489957431786773,0.24758126308516,1,0.430343856606061,0.506952681817984,0.894149133096618,0.236690660585805,0.738674301564362,0.250233151210072,0.969870160168604,0.233123895562786,0.455179114489029,0.258573629197123,0.780145532192673,0.313956950698514
1.2438192490764,0.403259619457123,1.90992370667916,1.09444855443174,-0.638122619398283,0.191983441813457,1,0.0506806913953349,0.507531863974297,0.737652024678178,0.301760705378301,0.999369495172408,0.272010872787297,0.937053907979659,0.309885785344671,0.610200783538627,0.407440273876996,0.816741593454533,0.312825893750001
0.840064156363304,0.169353466394483,0.762635712795739,0.264751331110661,-0.148786077254435,0.251329599508333,1,-0.00924753313203646,0.300950978566695,0.439939110677684,0.192500004766128,0.693737332303787,0.164644307489451,0.604001530752099,0.242069871839337,0.605380268029534,0.235580870245982,0.907215910296795,0.234044584340583
0.579539901913309,0.184573316712589,0.635871698873952,0.224238129995774,-0.149516185322733,0.311007018489296,1,-0.752961530789523,0.500666213251353,0.426779970015551,0.185979365402013,0.416258012283839,0.173467629765871,0.790719894557885,0.202519415448035,0.264248950307655,0.308912999214591,0.13395512324131,0.327842876727127
1.02627289118833,0.276890196080638,1.27752886734055,0.588412219199089,-0.54965090180968,0.244978447340092,1,-0.276958405348434,0.42236542029011,0.991138590625794,0.216123952736615,0.699379692672365,0.243730412774374,0.963416104766062,0.349346105721902,0.661171552618001,0.343164160384287,0.857641397360528,0.309203893077038
0.780244850242794,0.183663925518801,0.915558563625728,0.346860095679371,-0.193094141914943,0.282513760622493,1,-0.0286702186097254,0.391041735226856,0.534327086326485,0.254360521519122,0.413091506020639,0.171017742570406,0.595968856049418,0.242534719209558,-0.238124729570956,0.416968844724391,0.65938852694974,0.262378337529298
0.627432956921971,0.204252994469725,0.743193427790992,0.278763613626436,-0.0860916413157717,0.425776317373412,1,-0.464682077709644,0.454735387335359,0.59106657473273,0.185865709666869,0.345637001924376,0.230761743337648,0.38069857667767,0.237272580882721,0.61619596345812,0.220819795950579,0.277056589244281,0.274897901248207
0.885654360022704,0.236462603981048,1.48823449356745,0.642213931667522,-0.539997605960064,0.206035579518686,1,0.0937734847719453,0.464845659381896,0.620556140417012,0.234663897484652,0.756146944466808,0.219627991644247,0.811251218247404,0.256352484178814,1.08250056797932,0.332948671600529,0.841641487109472,0.348509883261447
0.905489962098077,0.215783150115707,0.705678226973386,0.269453701926152,-0.219435562992337,0.36472637624705,1,0.276175520626354,0.40487716149325,0.263161458522262,0.253568576871007,0.625543947146377,0.203169416826044,0.645148134983639,0.244092065509252,0.782668573017153,0.203400937555515,0.971052523023346,0.376815762627917
0.842419585878809,0.217552544352697,0.812215808705716,0.311331528425966,-0.368022124129178,0.216633893392403,1,-0.210365277149373,0.549851555756156,0.55871344968219,0.247091793116368,0.740729111748076,0.19365131216673,0.488673995027471,0.276958525459603,1.17500093939297,0.275984048279835,0.369436298618761,0.444964714496074
1.24536338374474,0.311686973115004,0.948874851496718,0.460940597357658,-0.381460858090677,0.302438381765331,1,0.553325737029882,0.462469548270015,0.762121328438215,0.253412177728219,0.727259520260131,0.242242856239515,0.729295004751907,0.251263794842137,0.48190942077908,0.261269971767345,0.646134544119298,0.358772642095071
1.08449672637225,0.265192448512926,1.14798390043006,0.408117030888493,-0.363271367131377,0.235070602386889,1,-0.0905796433058175,0.730498621647287,0.796033310393226,0.220393401893116,0.684343800344853,0.211394408649816,0.587909093999424,0.259271663013986,1.06403075779153,0.235393535313937,0.736175294047083,0.265448161961141
0.868783743157855,0.248144157989022,0.898839041270578,0.361839784775653,-0.346165193802793,0.292122107447472,1,0.308916060546612,0.47983607447973,0.136189144361189,0.246233521910738,0.790743468654153,0.220192457190875,0.42748329908117,0.276870179876637,0.755914445879416,0.285252043032091,0.59141091044567,0.331316543037717
1.02835003617258,0.208069727109325,0.847632204603524,0.315941980651036,-0.378297631755517,0.2301165775287,1,0.202033671562261,0.422603675907466,0.378461566813654,0.259916188182799,0.866923799741221,0.147642411807182,0.695044519153685,0.234350612594675,0.686522932123421,0.286053347875915,1.09488626230887,0.300772470640731
1.01356887316377,0.266955307766694,1.34662807710192,0.601480905155617,-0.64058150745905,0.150484172639528,1,-0.291555523449774,0.552042177045076,0.884287556006494,0.232014760753201,0.864218561736158,0.254501259302128,0.998450631765433,0.240115101668207,1.03990677067922,0.303180289199433,0.672084328877615,0.480379160458313
1.06657450145835,0.315342613502524,1.81060892822661,1.03982486163489,-0.543773669584705,0.304026913322745,1,0.42457699563905,0.52691641072535,0.293405219512416,0.306739295506325,0.9166736149708,0.31599846136982,0.735135343826864,0.279835115828496,0.92340607016549,0.376460274445509,1.18097377770911,0.356554983964519
1.1623447319562,0.281076366020621,1.16317367390569,0.449621538879019,-0.467313201174122,0.238283397331435,1,-0.315136438804351,0.465039944258517,1.08387719627841,0.20354702906149,0.674694373244915,0.24262352758454,0.88937907898672,0.258385750213701,0.69980704963325,0.273171389338574,0.936333519599156,0.289658759437707
0.700034697224711,0.175925753416483,1.20578507964908,0.474895070109789,-0.340508151407464,0.271775044429287,1,-0.35293211948883,0.297825712258471,0.653141671732294,0.182073789712366,0.775539293999485,0.171912469764402,0.532815943687271,0.338351898623905,0.153888791727948,0.465061422762043,0.631015111804964,0.304424219922324
0.940807954302206,0.249353994778899,0.866392948556797,0.344591452737357,-0.43976002709528,0.238668357430585,1,-0.177508242800676,0.470300406659303,0.722193371215835,0.220448836803324,0.71939291896846,0.25417683436083,0.742422357609806,0.234778309748956,0.58209650422792,0.276188542370749,0.563398025609316,0.273691375592688
0.787685055012922,0.170894802280108,0.742056133003862,0.22463937012285,-0.0928921025007938,0.309916236471999,1,-0.299237993803631,0.363102439291878,0.626006033271703,0.192122332614122,0.495009189543677,0.189447090109505,0.738760201808094,0.223181625593941,0.426128412531423,0.24388778021861,0.686894243743532,0.239769994016261
0.771581646354641,0.233523740149212,0.92876345088179,0.435512720790468,-0.130373208168802,0.434355536191674,1,-0.233225093823098,0.560284854553033,0.746518058833995,0.20647138731705,0.433426039061139,0.221069379543833,0.501127087240126,0.305794443398524,0.734671328493699,0.314204120527311,0.975834834939799,0.318149563505535
0.920236484447832,0.205256246187485,0.722639581945732,0.286765735014812,-0.336769804638934,0.293811106331991,1,0.20065576082921,0.487260439438999,0.548336277324909,0.21967078778537,0.439397802711338,0.221986299191193,0.561211501496155,0.271137741176314,0.462095744383681,0.386947261077369,1.19380672380296,0.239954288525354
0.867575509320139,0.230684987456268,0.824440330990716,0.313416637979811,-0.392649333915662,0.227395574396828,1,-0.15331975309504,0.365892531737409,0.716393368605733,0.185985373019129,0.397113855047713,0.228171121392851,0.711832632705331,0.251607466462583,0.50545871368926,0.253607280428428,0.938953335625604,0.288107253103968
1.04478595152563,0.265337060205212,1.27005831790135,0.492449882447976,-0.293113253447553,0.325800254916472,1,-0.814585516491116,0.515874418328279,0.920576477522709,0.220760731141044,0.722236551921014,0.263608518022151,0.734024732285275,0.26641253827597,1.06725719915011,0.210628027090727,0.411849430672296,0.466586956736633
1.81865488501437,0.549211799453038,1.69940822416372,0.948476461932312,-0.653046923563061,0.202880367922566,1,0.0765434917260393,0.678135605648311,0.939135818498677,0.289104244884789,1.20160246397728,0.311013860392342,1.11292595171156,0.269459370187279,1.11990941123658,0.353846189867619,1.04255087456848,0.288475663786433
1.05116484905028,0.284327569030484,1.19331700291077,0.523160275075057,-0.223769644668909,0.382763770684557,1,-0.251473257572572,0.608218249231868,1.05378616850961,0.255891721143612,0.569719327899939,0.256601316333568,0.701453088339872,0.301553063073653,0.633755524691457,0.309427316301736,0.957361758087668,0.29952877680498
1.08997625405847,0.332712340932872,1.75326029582699,0.924964664354721,-0.594592412829937,0.208469788125432,3,-0.510836699021453,0.541515672106331,0.87789954347344,0.257651717221163,0.969282745627332,0.302320812409877,1.05211901121614,0.232915477848846,0.869196459187118,0.33243920493439,1.1012751245717,0.325804928948835
0.905052099407736,0.198938228628318,0.598194950808898,0.241551507145664,-0.123992730985746,0.377341618851461,1,0.0939996153047758,0.390727407814445,0.578816264162681,0.181101737305899,0.399956104069701,0.239979266657101,0.708267065601719,0.278414843641145,0.835673090875162,0.298122408356783,0.765321954328084,0.33703494450618
0.943906768951164,0.18957342710217,0.766256198193975,0.282190983746825,-0.11931644929848,0.325193096663129,1,0.117540169706481,0.382662256547251,0.564007026382637,0.180271080389227,0.544203179113967,0.195008839555337,0.530293565686363,0.233684471221538,0.421926698145401,0.272092019716424,0.367393998855936,0.41017126846279
0.842191656703778,0.231668994936884,1.31313853795326,0.518567017305153,-0.431651455112263,0.19847778123397,1,-0.582129395440826,0.528912509198644,0.767002596720121,0.235058269622693,0.676850309353136,0.254575338294393,0.831936251558922,0.246725003448452,0.612380281829676,0.382490896778875,0.577350846588143,0.373163665821685
0.860202366515652,0.223334002144042,0.913945470423616,0.409403909265658,-0.0175268321334257,0.573248287617462,1,-0.177480679511387,0.444984790222258,0.823758850168007,0.218077281944446,0.411077645829744,0.265873962112562,0.662217340046478,0.254521985398391,0.600162787154368,0.267141911432609,0.512697727592633,0.297369379641914
0.804109507615905,0.22708077003599,0.824195974054375,0.342368425258049,-0.366832094819803,0.297111137134087,1,-0.0838096911870096,0.462482450452245,0.81242237111258,0.185404844344591,0.178682572050408,0.244980239667063,0.690502962843438,0.276896848598552,0.108469201706783,0.383315588496148,0.150942428718794,0.445887493203054
0.897952843929598,0.176294340931515,0.525501356220887,0.183691171140356,-0.153228146166053,0.30427286331599,1,-0.156642256319356,0.399096103978239,0.478699427090341,0.185308076423766,0.617388810319558,0.205173108104782,0.631509120761878,0.201469837720258,0.255781069636009,0.298535925295235,0.632157423261291,0.284851140348481
0.943352438060263,0.235636202953483,0.634960204698828,0.235483981425868,-0.48683285312307,0.19248822296254,1,-1.00198153164278,0.553664700866303,0.846123096043182,0.198543969522179,0.612465835346008,0.186809029363941,0.63131962828058,0.274485147740392,0.934478725939308,0.215058481182004,0.901346794395834,0.3232498742399
0.980072294350956,0.248942826124296,1.18552712496475,0.515458580063445,-0.257549039703721,0.268467535703096,1,0.592302943709062,0.554173060535863,0.600985980878632,0.207445716136152,0.737957133682968,0.266273518232198,0.961357491627831,0.224500195310251,0.744607399859622,0.321213412826066,0.686136708877016,0.413709152267707
1.04508334829182,0.251093758299417,1.13135684795176,0.478124413643701,-0.473931609842322,0.214287357853111,1,-0.0234278763516995,0.448315002988463,0.583878905135078,0.213772395075529,1.01802670061356,0.228917114296135,0.907956577113701,0.296012053940856,0.731880481728531,0.307983278841979,0.827269093936506,0.355088342890396
0.803943180488034,0.189888026244874,0.642649132997326,0.253191757922363,-0.429650319993182,0.211294160865102,1,-0.426491607714011,0.378697913432722,0.845176211203919,0.177778740946967,0.662348619067134,0.211992859333831,0.735744907959621,0.206611488072568,0.517175512395543,0.358969037886992,0.432175522802608,0.391560832395455
0.886577919479279,0.19442151816349,0.772848646599419,0.293721522616293,-0.424959039718513,0.246112902416605,1,-0.520368188583982,0.408509131378287,0.706512883957518,0.202654138156824,0.819775405629833,0.206358499842992,0.720617305332596,0.214796060920368,0.66937463051495,0.219014342556485,0.821462902866534,0.289316970328394
1.18224335917127,0.26616788145331,0.756026795918057,0.314406978362213,-0.410263264309923,0.223552616053806,1,0.607717452918886,0.554350772162036,0.471069423646942,0.276123330703909,0.551459027381231,0.199530710289809,0.712114908479875,0.210646782903039,1.03209427888736,0.219956681641676,1.0921540558892,0.336014433140103
0.833056237831855,0.159127259194009,0.756967368207739,0.26409126255313,0.144120045480648,0.383584267007303,1,0.155471489957697,0.310352157284229,0.749166221359677,0.16241062206037,0.150895179000965,0.211351875428912,0.410758911173414,0.19655677680476,0.712958712400054,0.29134321699284,-0.014064246695367,0.477626827819936
1.07078085485446,0.293477444939414,1.04047601289986,0.401464611409691,-0.405617323291076,0.224243493670306,1,-0.200120873314475,0.535618413130246,0.844246441160457,0.198482262509442,0.724668164105726,0.253819044071376,0.720468239106986,0.244912319351388,0.652735838580213,0.312753072939576,0.523251223682607,0.436466503926989
1.00242441895039,0.200349782340658,0.869176448554368,0.306998033614807,-0.0648116773297343,0.327404946931998,1,0.346999430430239,0.34886737797195,0.547444205168543,0.19628839468776,0.627889571806778,0.188499401105974,0.538087339521273,0.253773109244199,0.482761992549079,0.237360805574342,0.383565205252315,0.3530462189583
0.913914736658606,0.228651514703781,0.89530656915104,0.402869864889714,-0.171364086769079,0.355145824238171,1,0.232026305960453,0.419261782158341,0.302965542117658,0.239768380285311,0.599273757480435,0.271812086083907,0.728676220541443,0.245700265080643,0.891040588548421,0.250180398493263,0.686913732871468,0.292211558189134
0.85199987472155,0.188796160480826,0.874115094105495,0.335811520225819,-0.295413594266877,0.295660431727463,1,-0.00975134832249728,0.379284286972758,0.184706757260349,0.253203766890566,0.635314127187361,0.187314100194448,0.879552420753536,0.186312728668134,0.328606158067954,0.332538208006379,0.951327909317536,0.324682063605047
0.979780306595479,0.243388104268804,0.901965898590361,0.39140372288655,-0.47033194239914,0.223661175400399,1,0.675046340772981,0.545418266801775,0.69496942066249,0.223778868376698,0.787404697798605,0.21121634237136,0.56632339467515,0.262411852519112,1.05105020476265,0.303943696331567,0.714595148094985,0.378281284807464
1.24909804438736,0.261232329269297,1.3318738360009,0.493613836084034,-0.14575718193101,0.43152195292588,1,0.693025011116361,0.50922976602764,0.629347549121721,0.229204562860181,0.858387964515962,0.231528095216798,1.05491715570537,0.213588710990181,0.760665398232302,0.27758295348243,0.945595797777265,0.318294865004061
1.59243051871486,0.302280982139631,0.826476838241532,0.302678327940084,-0.364918539387358,0.171612346556318,1,1.31158873987722,0.595408478503342,0.634681286235921,0.239945757129936,0.630089336912453,0.20958567184756,0.750351593614857,0.216666983093131,0.73726020867295,0.252094677263037,1.18337347724652,0.260398964909216
1.10949032958313,0.307495093240187,1.00549777368839,0.523518258922969,-0.625657978900366,0.191447139315775,1,0.923541673188585,0.557346934161633,0.762912314090824,0.284070120301087,0.299420610725709,0.303511550351567,0.940707439240353,0.318806492967596,0.619553478492927,0.338083093330979,0.364911363363616,0.356416529125268
1.52815707372255,0.479157950096212,2.00550902320612,1.15639991081231,-0.710728281393338,0.181275283241774,1,0.477143929135631,0.527549415240849,0.855471842650942,0.291459983123517,1.04620546772865,0.333127795880616,0.695949770520048,0.33919359671677,1.13544527171257,0.323698566395823,0.944819406626191,0.419374249710214
1.42002282785364,0.442201715909964,1.4335141179972,0.842628273717187,-0.58205966078521,0.263565501475591,1,0.656090354702784,0.665768741568658,0.67291889018607,0.32796440302416,0.924615886046855,0.308246708707006,0.652166361539361,0.38563880477735,0.690572019018446,0.340619939808236,0.808816528909453,0.3396891256479
1.46844920781853,0.378363551125467,1.25161246780946,0.597283513497629,-0.437991331470585,0.24186473532381,1,0.209185029291013,0.574536633808686,1.0140885990495,0.23517209843522,0.784757147828909,0.258443885772223,0.802186660255193,0.359885890591708,0.659005779957011,0.337605341270915,0.877480392919461,0.268651670143672
1.36188411048282,0.333108929203735,2.85118172633938,1.10754292885403,-0.647572109991967,0.160219155992104,1,-0.549786237283921,0.503978054428809,1.02006961622886,0.230663537893149,0.980843561375452,0.228121692131952,1.350152492125,0.268433192299678,1.19837011119429,0.278277496174626,1.34415126504279,0.267639289726243
1.1064316806593,0.23470404299955,1.21344789741786,0.430483393675064,0.0282123715579471,0.470478096827677,1,0.238827965172647,0.541563649552779,0.783427935819608,0.173359308779729,0.528045249261582,0.251907529985184,0.52849752371621,0.265225249322487,0.855071569980467,0.257329223310878,1.07222813777408,0.276474779529862
0.988958825343128,0.173370188956307,0.671404100047235,0.225408684537536,-0.498092868893439,0.177874318030926,1,0.146642783332641,0.342662712588454,0.716889897973015,0.198355328122075,0.660329278020105,0.176088669646076,0.754078588983765,0.215767351189267,0.776593670490882,0.265599016073832,0.896490360148679,0.387021123907611
1.04446110994721,0.313612673199837,1.33371870139589,0.633451574216742,-0.517621207685541,0.215979882829018,1,-0.115980122612533,0.44861772521217,0.678689011835192,0.24237193730272,0.78152719331913,0.238574277873261,0.864696111221636,0.243146336216732,0.710624535696566,0.322221275454325,0.158544345317208,0.490559048071696
0.827736912144453,0.180540679640495,0.683513396892606,0.287175148792745,-0.108546007961474,0.339588214177382,1,0.200493851784318,0.361024049928137,0.4253417184622,0.196189025404323,0.540140238321171,0.258615889590071,0.45158449273731,0.245815207912623,0.162826230502482,0.286742330582495,0.543640630641721,0.276758623400324
0.87730464194665,0.201564491138252,0.563629654279997,0.193556951149223,-0.167747134703427,0.327495075589984,1,-0.519749273240122,0.428195529996264,0.434763007542449,0.219029612975476,0.740771218383023,0.179188250884329,-0.0824436478336019,0.276476140768121,0.767656355015432,0.216250222125077,0.713026707667159,0.308921869911163
0.832356638424099,0.183250554095036,0.912972053423575,0.306964571925249,0.152759418422546,0.574978673926343,1,-0.798835497399374,0.51619218105148,0.829577681850367,0.1668327454679,0.47208207014235,0.216979401013583,0.464983655541922,0.238138535003322,0.491655578873428,0.310092162148063,0.452477473979,0.287534276383381
1.25865755517568,0.450499627513814,2.55922980524795,1.49386970389892,-0.702632824783272,0.184627101633307,1,-0.427044584898958,0.440195405261986,1.24158395567612,0.288304463145542,1.0904612343347,0.282137972608492,1.09608565066566,0.350512099051403,0.994901912637618,0.364477326014129,1.28477148425314,0.376748563528098
0.841101788010949,0.199643083881672,0.636187282279899,0.309094490166547,-0.297389446241512,0.339672066930509,1,0.0593478072150145,0.418714641884455,0.550251180384647,0.253949845486126,0.452866518232945,0.220349732365983,0.813449589385612,0.256355174058892,-0.0762091383762768,0.451870257695914,0.983256001962985,0.232221423708056
1.07562795326041,0.297954310776313,1.37700434383202,0.579442735413309,-0.551670432395613,0.175712097529907,1,-0.334417991678667,0.448373450877067,0.510856933466477,0.239909497297324,0.982996800726428,0.214201607346478,0.659004401634628,0.250704583457327,1.02035538692401,0.310399924724757,0.95594654644209,0.348443088338009
1.37683739820254,0.302444983171941,1.26097811574185,0.575534617464853,-0.415539098719112,0.258292756013472,1,-0.164680303233805,0.576736443097389,0.871283696044442,0.246199400776172,0.92404419017276,0.237815190856712,0.728947711414219,0.266716723834873,0.789610642917519,0.258990177996314,1.0857762036306,0.314315112107406
0.825961739918129,0.196758221438169,0.644216319713902,0.251131036215763,-0.407320052757868,0.241290293040638,1,-0.168114122390265,0.409561560086677,0.947086857419594,0.186780832726927,0.36948837238489,0.21649430428544,0.687926126854172,0.215889980002153,0.344795538603436,0.235034839944664,0.632270072953419,0.345413873861137
1.07377218821532,0.185824498543078,0.801798394932834,0.283636689400444,-0.212674588297821,0.245104434427303,1,0.432470415662364,0.338409742476758,0.673828234993751,0.184698999116218,0.618783454482946,0.192607878699438,0.632679328797164,0.237733362170627,0.730184256779842,0.274331518078607,0.396620326766718,0.396832799105268
1.09899198680144,0.298541969327861,0.736436828842292,0.380891851883716,-0.549394673762841,0.202797540774766,1,-0.378644478587756,0.676343654464657,0.874380675964453,0.273867404616765,0.734341453983843,0.24181824735844,0.595758904879974,0.271359800932811,0.720052160398231,0.278333759227384,0.819880565205273,0.276428578855986
1.36538082598393,0.320928750460624,0.951418320802956,0.437634329232747,-0.108144413119103,0.41858516534044,1,0.65591145209096,0.560959099346716,0.997298362263538,0.193937139050921,0.775108165856992,0.295136577665075,0.968157687308624,0.209956781560643,0.368866175515837,0.328554428293091,0.607608153443001,0.341637480545643
0.860151796095009,0.173934640563551,0.896637770221928,0.377813116089474,0.401642634688593,0.590113654929331,1,0.677381577648881,0.429747997422256,0.384104389604148,0.201351199435176,0.377671803077053,0.198317661939668,0.611836068674833,0.228137349635023,0.580527263013149,0.376367292546628,0.714822389203212,0.344253288283889
0.764995381547417,0.172187015067191,1.16383544302192,0.462125161423591,-0.173616249785613,0.355671209750902,1,-0.347528160373131,0.422567777519904,0.693031815665593,0.168993868826262,0.755746155845635,0.198608068099983,0.927241425793953,0.257294845094315,0.621794300233275,0.334294459089021,0.900538466985008,0.334047160422491
1.25476614381055,0.412453961241243,2.36020730867208,1.36049820470655,-0.745490295757649,0.126747164463451,1,-0.237898536537865,0.558008578293622,1.04222587863855,0.246910549854023,1.07096790050621,0.330038520517258,0.90925496002953,0.316780730362667,1.11315747846349,0.382738618206115,1.27238374884696,0.324466624756092
1.12238473179899,0.262074025627078,0.831887976515613,0.338669018939375,-0.446905552320365,0.272966395148972,1,0.489359447853599,0.437856253484984,0.625731645224674,0.188100078175712,0.548028087352917,0.201989952932071,0.775141003320728,0.26713169699825,0.861429019309465,0.309153812999362,0.6554277586308,0.327318528346061
0.713598892593384,0.19818612615324,0.775423773269534,0.292450190736299,-0.238625511202888,0.373387192290222,1,-0.737363833591742,0.49201786000761,0.77566140616315,0.209161211884198,0.580901067949577,0.225779161877229,0.722544566900408,0.201631519115752,0.488808252783861,0.272585149601582,0.214940241504921,0.513328272375183
1.32317258142618,0.321194049834716,1.20342035290794,0.630389233382894,-0.506781524909395,0.247914487933132,1,0.699865710038176,0.457659254163769,0.929641260677318,0.281356969812354,0.760125594009412,0.27479504555056,0.75158261572835,0.310404618492709,0.812112613489722,0.267713129093235,0.550559125187082,0.486445002494777
1.11855802471652,0.325096364672344,1.11026714754653,0.519733512345854,-0.523252824215703,0.240345355439408,1,0.398514187460128,0.498392816223893,0.667126198714124,0.273365844491826,0.827257945180021,0.22001340976879,0.807075796770016,0.27740902666028,0.712752598780625,0.34680825849098,0.880476433294683,0.355066620638624
1.23675567097123,0.295844084452223,1.44105460338568,0.666834456446513,-0.500239796354526,0.25672386475122,1,0.277654540595399,0.519834902756003,0.546217120991178,0.263381219820497,0.940845256849081,0.246491463446058,0.784731348199977,0.27390885894103,0.763588640689101,0.275692882893875,0.965274623058024,0.227745882277924
1.36320121626558,0.369607970065638,1.69822642032586,0.895957933054684,-0.469121262896743,0.256651699017056,1,-0.472442170866658,0.475167968926128,1.16469099978625,0.229018845749831,0.969450255108461,0.26012687855476,0.872195646681143,0.296612924046769,0.525540566956929,0.404006526109522,1.30493056110173,0.421130280726854
1.35522111976239,0.358582035965641,1.45705733495212,0.658342769443449,-0.555909742506651,0.218143990947264,1,0.162668475739778,0.573558851767076,0.811078882403112,0.284177924261294,1.05630877681433,0.224718229722424,0.583446537840665,0.210211231540339,0.667117079997575,0.32867568662526,0.808456380164371,0.31866194123484
0.900150984328838,0.199332078389465,0.52049744507733,0.180049086180632,0.060518945145703,0.317319974722259,1,0.110830263439773,0.40923962400034,0.326111064797026,0.200710358854484,0.604813028224502,0.217067416536771,0.766217524047856,0.200109537784934,0.67890140555845,0.216505073346598,0.545683468766148,0.248570620564225
1.31857736198038,0.292249825879439,1.25519816239956,0.511637176171752,-0.362928723943729,0.250425818192362,1,0.601734764956976,0.451644068247997,0.519883362446701,0.244559737219588,0.809099113821145,0.211315477335886,0.913921852890649,0.196747642041699,0.726225975040029,0.301970934467801,1.0251687565807,0.269049960978718
1.1309363915625,0.223320079453503,1.19904986699459,0.479451346292409,-0.129557956359914,0.310672525700291,1,0.321927090267992,0.486877946424334,0.602550486770829,0.240429817371573,0.75999861741326,0.196422160835911,0.513558223686124,0.245409270621036,0.982242522481398,0.245101372226794,0.825682951773271,0.310487894890645
1.57667974905146,0.478150412052281,1.83877733757873,1.01283217408502,-0.718712544335419,0.164746071548773,1,-0.0431658888884232,0.560513906124782,0.830874297186377,0.283872352964058,1.21119278209376,0.283285627151535,0.826234406327665,0.316089461620259,1.24121387722903,0.304639132138515,0.883837391798356,0.439066728425958
0.870359562145635,0.165876000589387,0.592088880533923,0.204637197022987,-0.355714903545715,0.195811391103627,1,0.0892979365267647,0.376629237723537,0.493018869540125,0.203439059608404,0.426761821199958,0.202728819469868,0.542578396356245,0.225679661025317,0.459505426377167,0.247468823007954,0.672652376688251,0.316999719776426
0.695376335379279,0.167714950060187,0.607775929765028,0.248268373270676,-0.279908309758619,0.278657303691083,1,-0.580925191593595,0.477239000418146,0.601752122788958,0.201687616274889,0.568911789682251,0.234667602336912,0.557243413298835,0.247653890633291,0.116688787253345,0.301105689578687,0.646888210649159,0.329859924893517
1.7489030902024,0.617620030590818,2.06738960937788,1.39438734292877,-0.727943526181952,0.196858653673454,1,1.11215858523663,0.864066985789795,0.970351402728969,0.33831592465269,1.18074483444468,0.310407143921281,0.841631927914541,0.360953407250391,1.05484693733405,0.382805556134472,1.24999323194509,0.385239339093918
0.804973168184755,0.237129676230732,0.99127760196504,0.37087511963023,-0.398424707091373,0.22014075413083,1,-0.483415545503836,0.578526010695816,0.580801540295208,0.19973567702859,0.906129330471076,0.202707251500523,0.885423942700216,0.24772066194578,0.717537253984551,0.311926525274001,0.321591013675345,0.323429133881242
0.854277448881054,0.211574290592148,0.960578031766925,0.476612415978401,0.199418992157446,0.643560829878961,1,0.266075639044573,0.397184820665994,0.570789550925909,0.202488630122267,0.586274157444805,0.22127403348552,0.823857628735199,0.277772730950762,0.282572042901908,0.399822392472716,0.871602112338957,0.288221977223221
1.65301465604619,0.410189654647199,2.04973928679263,0.900388364102864,-0.57979359420334,0.176500551685458,1,0.780647569018963,0.515688001864688,0.86771036652387,0.262608710851174,0.933676912490079,0.239178709381914,1.28763543241024,0.271567343852861,0.908603220738863,0.234750281360283,1.31944822801156,0.307360582320153
1.00763482158646,0.236118232646104,1.24857282049948,0.524389640565933,-0.565751241993317,0.176515579245876,1,0.116663864379559,0.398455180566501,0.927081821232301,0.194800689141914,0.991979582503013,0.244219336335611,0.736039648697782,0.264766786330164,0.676316606683545,0.340410849837106,1.02174633638658,0.353950030799345
1.37739021976752,0.394602135610877,1.00377653619594,0.46925681911722,-0.631349213718364,0.200706416487941,1,0.496337425806259,0.582550219649783,0.725485475072236,0.270973033742219,0.702308306975728,0.292983567414983,0.756025048827621,0.257042851842085,1.0865833768093,0.273518198002237,0.889091519145257,0.338078039253641
1.11108494363105,0.198360266715699,0.768559060105767,0.269393361997425,-0.264077904600985,0.263153772328702,1,-0.36381164525377,0.43940513296801,0.927133634744235,0.169474627251407,0.369131107603666,0.190484668765233,0.863182092473945,0.191254467035534,0.967583938318554,0.228725744849333,0.348190008222631,0.32175931286249
0.824686851317486,0.212352185002285,1.19516858501,0.530263488789487,-0.162720062131915,0.302902002237107,1,0.681201887921647,0.396020239379935,0.57171890723761,0.255670065455128,0.760948982009169,0.295372200855667,0.490926185262804,0.296036597001775,0.779817025659992,0.23201102446556,0.804892128579187,0.31160381796596
0.96918014223516,0.266472694932849,1.35487914581579,0.636541700330554,-0.426070946194773,0.252437051670901,1,-0.0305283502171884,0.449599980258122,0.857362114488959,0.230774094462715,0.985153536046263,0.274443567404545,0.952142355889384,0.261334968563648,0.838931209332587,0.328841939907311,0.960339798415427,0.358393692481155
1.08938628919782,0.230421290584091,0.688390966510402,0.273072964836835,-0.132533285053368,0.36678071271544,1,0.442261085898425,0.527504172104579,0.366667230625894,0.247176800623285,0.760761229267993,0.200248909091071,0.372102797071308,0.2741741628088,0.778410834277904,0.205572319035884,0.762286394368721,0.350047335147384
1.3050070685465,0.259098364989385,0.916778085973144,0.422788837649339,-0.382834261761963,0.247240191667968,1,0.660298978547362,0.446270755485208,0.620293610126472,0.242798411174475,0.938326022773238,0.218092547576893,0.750681884111004,0.302229498041214,0.84892332625837,0.216215617445209,0.498433336801864,0.526237272164516
1.15624647740433,0.305467864807992,1.22060660708187,0.583268758105631,-0.299261138259455,0.327011500600112,1,0.577410360981945,0.450582226795677,0.704295546520047,0.227797606369756,0.698247892564102,0.300791164729255,0.250116034983595,0.334019667033711,0.727213130037657,0.314509969429429,0.769648921429356,0.352265550473345
1.04640985441623,0.220253483722668,0.790048705037539,0.292776715926951,-0.00822601855688349,0.395932560393212,1,0.423222640483515,0.456324129549927,0.48990969810751,0.203811849709436,0.619438180162255,0.189051252024206,0.396383604579981,0.249962538036777,0.563523317640388,0.266519020236549,0.822302282139185,0.275718771595064
0.85932020547704,0.177133563843435,0.692706377334794,0.272754884882257,-0.365487027675316,0.235662521134225,1,-0.344832568871348,0.463924893508394,0.493804855011185,0.237252621962887,0.67173000720197,0.181688022727306,0.699148007563695,0.202831476428755,0.560477511351677,0.329868704334907,0.287088892905114,0.443654645424573
0.874768943920945,0.236097434285001,1.04978905744775,0.406851604318525,-0.358608998776462,0.276003937169626,1,-0.536259980207314,0.536687566468279,1.07021911675219,0.188507624531437,0.327711905068531,0.238819097380043,0.777066080623047,0.202452037726721,0.858923436601152,0.256182997518495,0.554045438285647,0.357904146302512
1.11827221070492,0.260171094196832,1.05106040487651,0.387233693764481,-0.44611137356503,0.250432830599991,1,-0.00329631335888393,0.526872716398666,0.952207390514358,0.201240973372152,0.813696759698915,0.216364429774026,0.854964516926607,0.221470978238639,1.18605505486287,0.232381339247857,-0.125897014896293,0.523373167091558
0.873342875794153,0.230509327125216,0.91195976592222,0.363046606694093,-0.452748211681234,0.257351247572334,1,0.289212990302445,0.510326982015757,0.649372748894279,0.18346194168337,0.248966273324391,0.251241127733366,0.521858560041937,0.243127859151926,0.875836432157227,0.228143387729956,0.470023692490819,0.29380156322447
1.34591579096413,0.304182743191986,0.737267278324081,0.355938969421303,-0.452955487951018,0.172505247773313,1,0.726649914540462,0.518159842167526,0.672975849119833,0.228867622292675,0.500429475010063,0.259887034862026,0.319242624062578,0.292846161453716,0.808562448459837,0.303415331252011,0.68648333271461,0.293130380231705
1.18789998432381,0.248305510544812,0.732874734338071,0.316840917260351,-0.275349398940385,0.294242478979317,1,0.893198435392404,0.493886991512375,0.364148736332684,0.228228780087399,0.718688575914288,0.18723301110301,0.702873876531518,0.217259872942086,0.458329238430829,0.390282091546706,0.579078099012603,0.391819131853647
0.616060113757671,0.193739431142588,0.943582775009742,0.388908306286054,-0.156183197767902,0.313190443366762,1,-0.742252523629597,0.453953564510739,0.563451792212689,0.185368405617513,0.698001993350396,0.190645033468632,0.390797349642664,0.255883492367426,0.74448152470043,0.304891225868913,0.517603447298496,0.395838792032136
1.04384708961885,0.21423704319149,0.963937882838325,0.383579828421659,-0.308873838488367,0.267280340146346,1,0.336012108892898,0.399357022863637,0.59917379741859,0.206289547093305,0.755458376881722,0.246338325704354,0.53629708419541,0.222425441002268,0.430966906459718,0.272838301573553,0.846580642258287,0.256297735782317
0.667652746998455,0.157622539759189,0.978023397590917,0.370632986608876,-0.271483323786409,0.312632721171628,1,-0.276274110127935,0.397166457193787,0.646471359034432,0.199613590971945,0.582352117317734,0.217014989951353,0.343656744670091,0.273610382374866,0.575933885204739,0.250229858192686,0.700498818930048,0.255403403844106
0.897817166500076,0.194039189342445,0.712537558032552,0.257809981534407,-0.371425121646427,0.295561154309666,1,0.593747211214332,0.328209620654707,0.283369779835131,0.215315282948638,0.649403183252576,0.214717223592329,0.555953359548018,0.277169809254112,0.573461539088371,0.223607734689121,0.649633606769577,0.292513930529821
1.45278336382152,0.370478844956799,1.54193804841084,0.780843817792993,-0.50392273064332,0.307820032125718,1,0.486421829222874,0.465500989281909,0.723069815720737,0.296672975525596,0.768783152222546,0.248751693131572,0.922123697738659,0.283112928051883,0.434415023244086,0.339193591630854,1.60433066878679,0.32175872762911
1.35674214376595,0.334667585265792,1.45571510823643,0.589160511481732,-0.426536083615017,0.299501246518869,1,0.80895526617823,0.65078777373423,0.653416563479485,0.272385042422465,0.758645819004902,0.219698550303286,0.920481466877105,0.298428905101012,0.640413134260483,0.283723344518264,1.12898695782652,0.411794082032216
1.23134391978801,0.286329227146779,0.800457436397346,0.356828579121582,-0.426631129402179,0.251733699780979,1,-0.072260005290235,0.41183962753051,0.735017786676764,0.222213715243402,0.716924811299489,0.254115687105273,0.613244155650975,0.268962866323236,0.86470429585681,0.307511515097879,0.594630931861352,0.291225509078819
1.15079349951026,0.349274547500231,1.76039644261854,0.879931115139351,-0.544148874757349,0.205611657919524,1,-0.120094422242224,0.445592778132703,1.00500008154553,0.238197579536609,0.658321677199551,0.316574537597164,0.798187860648836,0.293289510242946,1.1433191575634,0.32830363260664,0.959101694421308,0.388255932128652
1.16498784509825,0.318951998527103,1.5535185207485,0.648962775537345,-0.65847270042174,0.150646961322647,1,0.113773934863279,0.659983486205914,0.841017584186338,0.263421270448524,1.0060326580351,0.24327297827702,0.991856920940097,0.260578174596239,0.762071277251839,0.464043216559951,0.85898175313957,0.359395456617131
0.748639591080817,0.146546196148452,0.413403063437429,0.132655340727842,-0.00490462700862214,0.277570731179948,1,0.00164990289955732,0.342164576442882,0.50631459066529,0.161819276651432,0.034386134725862,0.214014536737897,0.475793505469022,0.180958152953021,0.295658665682447,0.292997629448769,0.53238558833475,0.181883593895583
0.82343710671783,0.194149168608341,0.60097718343394,0.224548693754826,-0.260688996129854,0.272677730959965,1,-0.135175666582348,0.487543541646976,0.640608261306284,0.176150010475582,0.468582090695608,0.189252994076373,0.373885276479193,0.226457192791351,0.385209984902926,0.25364909774582,0.51761403230952,0.362438808521011
1.02038445057825,0.212970734842411,0.702356130009938,0.310714023760304,-0.548812372167457,0.205232101192261,1,0.466596738339486,0.365133711166259,0.567097207922718,0.255862861934605,0.426014181834975,0.257412774483192,0.699371531526487,0.265588897105128,0.984105036404021,0.259341345396112,0.533290169718195,0.376813550923503
0.964065432317174,0.247191297974507,0.966113326229737,0.380677298168284,-0.173185468639019,0.311839096697792,1,0.242921685456685,0.521020106563125,0.311355310036353,0.233283188909026,0.660131728866853,0.18545200394998,0.508345882226555,0.268601655648389,0.892660238487077,0.298154586189792,0.658460682265805,0.284510249874668
1.02217841884759,0.260446023523199,1.00025450139999,0.426253854003821,-0.090053949413293,0.468981701177875,1,-0.918593531209612,0.574436532550659,1.04438174999197,0.220964664615451,0.27248757163992,0.233707037720196,0.709487852586706,0.26754296914087,0.63488526292985,0.247929498108031,0.430173981309653,0.303157264428482
0.989465938454288,0.20479020811546,0.688047215556075,0.279577505163434,0.286852357871963,0.488373547027424,1,-0.152214812661629,0.525594972136237,0.620697941112045,0.202619553942452,0.657562054340221,0.215082741588933,0.899888280888085,0.260285078053748,0.465328451500612,0.270891978818998,0.502166065629745,0.28495061122072
1.1085508143364,0.203825081574968,0.790654837593689,0.290538969248222,-0.361335518783939,0.298599636570091,1,0.511246284087998,0.384832328170137,0.891250009237276,0.196549339973774,0.414691504853918,0.208523971978049,0.62785580224685,0.180960844468244,0.785129818004795,0.239835408293591,0.893945765105527,0.317549288091708
1.43399168130705,0.28262533416335,1.02101962938604,0.386095391953164,-0.355789318103075,0.280516029230792,1,1.09968513861439,0.503486005828159,0.839853048728652,0.190702381608794,0.811062129435658,0.232925831200292,0.740421451200479,0.224477832577908,0.513845253081011,0.247373292408342,0.479321292730576,0.301504962203183
0.918395916325832,0.220377486189144,0.574195054866256,0.237691453639369,-0.28426430650686,0.342256894881771,1,0.124433135343185,0.509604853329977,0.471199846397978,0.210036989872997,0.535323788548905,0.240326554270601,0.443588434897958,0.22552673506244,0.656698999967068,0.244302998513004,0.722554824996196,0.333125639336602
0.746043587318259,0.185158954547626,0.603450291298856,0.222437240151997,0.241896473324909,0.439943445975888,1,-0.0909467286474181,0.409734428217302,0.633883915148824,0.153866749553544,0.428164673020818,0.179867297519939,0.276219916360009,0.244085611055264,0.239900351063182,0.245584848417533,0.510194349874032,0.294753269077623
0.986459370281922,0.154457358396547,0.575941525934386,0.188846651736464,-0.0906709217353625,0.394586952577098,1,-0.0825846770841583,0.458430796763352,0.518781222002692,0.203026818565023,0.293594684800064,0.189120935423286,0.761223761563741,0.203394618020979,0.721229387739146,0.242592180746007,0.667735914903625,0.21824073250109
0.855694008678374,0.270279160384091,1.2868556783845,0.589597717124031,-0.490963003349969,0.272787301805583,1,-0.823861989155908,0.53936885370717,0.897721701965934,0.222717322999977,0.717385650295879,0.277979487865221,0.495278496402817,0.29632391366716,0.768204635458183,0.272231758097344,0.825823588614343,0.346813981213609
1.32577384506644,0.405000740656823,1.67845071886206,0.84084690602761,-0.586605700741327,0.211164121964666,1,0.0894498907575095,0.525406394387452,0.948824759257398,0.266910112197065,0.650361369860007,0.289302687373285,0.901225937244464,0.27048262648647,1.04949319107238,0.392797492722393,0.631806705873664,0.395828085018745
0.636899519035424,0.218230368145246,0.814413573386836,0.376828909754425,-0.384749710077754,0.262850970213076,1,-0.545618090851372,0.619028012417187,0.47174890973511,0.290502232661435,0.867275693016895,0.256555452288748,0.48664793800094,0.274912144125051,0.597323856476558,0.288944964991199,0.55869536777169,0.262294157494254
1.02074188744032,0.284135129174888,0.942367969877407,0.452880786177803,-0.45276251201892,0.279079246862677,1,0.260384699027235,0.453349169606022,0.540526830729608,0.266699067997662,0.509287609066603,0.262829876464733,0.82217489844784,0.280637877463943,0.398461331918073,0.329977992909178,0.730705394240472,0.277734534746111
0.647168563967629,0.187866435713411,1.00388030253278,0.397885320178818,-0.317183484092044,0.28976198604103,1,-0.798155118516973,0.386599616525926,0.745274546048597,0.203508982900844,0.317467300465675,0.218228438183518,0.498990925629577,0.307074042099428,0.618574952762352,0.231108718372112,0.556618665123029,0.397448834438992
1.08850139353111,0.23132294924518,0.850266987619242,0.35806239823349,-0.448302943939802,0.206397098769617,1,0.48975295963112,0.68209830180187,0.510269703330465,0.273400253987865,0.795096683450214,0.218473761419111,0.869276087584244,0.252745453062623,0.623403438230859,0.23695473370132,0.492175428782981,0.367083592163497
0.969846520557103,0.233679358386473,1.05476756148079,0.437750480667353,-0.463336811067174,0.213952889824406,1,0.139505711601999,0.419308985515417,0.77409457817792,0.230959458957605,0.640410278872021,0.243612570460747,0.779545708807228,0.211540604028313,0.737264557103453,0.2736224748717,0.524335001172027,0.40743429382046
0.958877062173464,0.155977300427165,0.540745190841335,0.173479463615699,0.203373041188932,0.513665875733252,1,-0.158922284697034,0.379354258565619,0.587676521993233,0.16340189443037,0.725776344117602,0.167210569501017,0.642840950900688,0.192386374375247,0.255338823040777,0.218753445487355,0.0625429186698857,0.24764233254835
1.22789753184757,0.27041247688914,1.40133038257172,0.573649809312419,-0.396190024574054,0.27795871747121,1,1.07188785538873,0.594578392654124,0.744535087168609,0.228417292857428,0.612727839732432,0.295513956507766,0.818977458909102,0.217706119579908,0.787816263798308,0.268434588204811,0.622825983617824,0.326744802732212
1.25940253457809,0.327853160261031,1.03174828079822,0.468780695821806,-0.633801101323447,0.147301972777318,1,0.15550782262936,0.591724756080979,0.726286947679319,0.27429970274676,1.13299347576704,0.271890087139972,0.798074556223526,0.318871551844319,1.05087279846182,0.261832846893523,0.777094179200997,0.295281482546523
1.04075829219138,0.248541148057522,0.698922759979241,0.268738184112742,-0.31471517152546,0.259327683478659,1,0.225817886237093,0.516260092557302,0.81525875817431,0.169174303074083,0.707355226630122,0.192768828609124,0.672346389424299,0.267764092347978,0.399803488264533,0.33389009584799,0.619288480999755,0.264612261607095
0.870580927766257,0.181387250859537,0.797818746842031,0.286754456647427,-0.109432268407688,0.304226452473084,1,-0.0410027337537839,0.445330640910673,0.632521195837807,0.193631826823286,0.581177830767474,0.176411943175648,0.669583511764749,0.241176034942041,0.334226878410888,0.327723710657357,0.340890519547697,0.379419028953038
0.987133171964902,0.175130319028418,0.707796939894831,0.232983376952032,-0.448143645664012,0.200349955506909,1,-0.227694635649677,0.337559554549053,0.613612969475797,0.200309879155967,0.78786338648777,0.179741391220921,0.614152560953705,0.227688274750372,0.409778485045938,0.270260965793922,0.949362203373766,0.232205570013253
1.18928364251529,0.343104749998831,0.933958416027405,0.498862141268974,-0.589934860926275,0.233597947635853,1,-0.00884507409518322,0.392495043973662,0.744569622259325,0.30078871795785,0.730385354808623,0.277508989165713,0.97505272370446,0.350249612133725,0.616040026973374,0.330417111599697,0.602709279076158,0.367492772836642
1.36252719764547,0.380132447415638,1.65479786771439,0.995367869247972,-0.453364798025566,0.325749951010346,1,0.0383984895808647,0.440418809914814,0.817125197296488,0.269653610042114,0.89398229361196,0.310887724884427,0.883156975889226,0.281953991788302,0.499902319579522,0.381601820927595,0.737487500969176,0.277869075401505
0.938699876934931,0.179080515583155,0.581606000739267,0.242746924233298,-0.101706371946548,0.312346001903364,1,0.922963629787389,0.457568438069662,0.425101357454684,0.216765596199053,0.263484303607246,0.334929153287939,0.41406747727265,0.249401282277691,0.514538170671198,0.222173065685401,0.776251000332879,0.236017725792038
0.8692735775754,0.238037870241887,0.612211705938647,0.25984116835044,-0.332805810412513,0.280412257858967,1,-0.159701177568311,0.687933080424562,0.75689094827527,0.21622333478162,0.514601774734851,0.306322409592691,0.398453555935567,0.235766127234605,0.642373018059455,0.26027065766596,0.363980522405365,0.303443483414538
0.935733803030483,0.26464670505032,0.99086582905067,0.420755917356956,-0.593036437691038,0.177018842898646,1,-0.53366547327442,0.602324653724603,0.898680143084768,0.242358356332508,0.761147201674796,0.220871172250607,0.551978833125701,0.247314589878387,1.15154305593916,0.256486115161902,0.474500476021616,0.326474561798165
0.968025601635317,0.223378176938387,0.921255578540181,0.416196887564857,-0.258259501672864,0.354771595685138,1,-0.307348195769896,0.540728099294823,0.50554860039577,0.219451471470141,0.806955749940423,0.239896769746963,0.473749114591962,0.226929401545304,1.09941179730261,0.282438243080863,0.249538129382017,0.388001492126983
1.01365452211265,0.244784339574598,0.681325852808732,0.295465590344565,-0.361905652483249,0.305434766419184,1,0.112367883542723,0.389783009502642,0.471460244283869,0.197472401616538,0.471292339311885,0.253238023486246,0.536012971692928,0.306942614829733,0.763674434084194,0.263301627555377,0.726190492956282,0.385477322188391
1.50037090176501,0.363766748700783,1.56791167062409,0.820856265825136,-0.610685670170669,0.204326570637762,1,0.056223614249837,0.558677917088676,0.992891780451266,0.271980564008743,0.841037257360417,0.261977922552863,1.04705211949863,0.267564788174984,0.971360439548619,0.357771276880056,1.20590974352107,0.309589778682982
0.664830068775788,0.170469486829469,0.779353581244806,0.300161077000587,0.321669932587218,0.44097339502809,1,-0.00105794197444433,0.396610118001266,0.46089853906091,0.196259554248096,0.577375857805359,0.175683328404297,0.309197314859987,0.222963622701293,0.35886245803804,0.215165858396581,0.250467487348771,0.292101480184199
1.42837354083714,0.552152489013253,2.11857172879805,1.60885727542229,-0.800290405459052,0.152429268160559,1,-0.47505612009383,0.630690179201109,1.19823850224677,0.404214091248025,1.0869187190197,0.384366273580453,0.996719206589626,0.363026781498561,1.25860748507142,0.404737685985691,1.23673672946151,0.465418673471988
1.34870349865968,0.372542544479312,1.4473706951594,0.718448049554501,-0.495816918542382,0.2270687683162,1,0.424601151121011,0.602971892554116,0.627185767190497,0.291391014882737,0.952682455177905,0.241097537570313,1.2675133880118,0.279917121721596,0.237530156913588,0.383386773134351,0.790197563603513,0.344017885196037
0.795762178617941,0.203908968935567,0.812410270934201,0.311742597759469,-0.193520582587237,0.387982831779468,1,-0.184476275129697,0.457222219982958,0.387442028357538,0.189305482581435,0.652768390195555,0.184151716595129,0.742662855614119,0.201334313257495,0.618188459466858,0.294156089958032,0.418243064211965,0.461655073860012
0.968770337855572,0.203524051954692,0.641126497268082,0.246251489366527,-0.409072445765741,0.248876288177087,1,-0.193032325372466,0.446237228035347,0.941567832593342,0.181685181365262,0.45658425430788,0.229981240550201,0.730471064125856,0.207580354730859,0.753999830571014,0.267936441214738,0.360863562717078,0.26156703007749
0.842728690146774,0.194591252035075,0.668512121674569,0.269045924841256,-0.46560729740197,0.201946032626902,1,0.456556812244572,0.397056080240863,0.303609732707849,0.225117307355791,0.475124129323807,0.207349792423178,0.653699126491658,0.206593021557024,0.510954266030295,0.286793818641441,0.732307960336181,0.348632856777212
1.0186180935941,0.197339059860682,0.881594875938596,0.353502045943819,-0.262941581258921,0.266257703444567,1,0.0938985324651498,0.32229819163505,0.580196611583653,0.179804439136061,0.672297785457619,0.177446585820742,0.648029945552969,0.352617975876898,1.08844273266202,0.237096413180439,0.675378520097246,0.332325406958206
1.24029184520881,0.302975095257181,1.52640460194082,0.702631565807081,-0.577283103598917,0.172165031925625,1,-0.0912325291034858,0.489559889637145,0.759951422574401,0.239770694393558,0.841498129988456,0.251838801428486,0.755776099555531,0.247108395566921,0.749152845169947,0.283033072825205,1.48249362840287,0.326109671306898
1.0465980938658,0.267768258820019,0.915994462419292,0.359527047220125,-0.432466495465086,0.202311417277527,1,-0.0698603607676579,0.516873491516743,0.855228046178817,0.154468550912496,0.707790252581183,0.251719753210631,0.587524225510767,0.27818310427139,0.711757880562834,0.253635423638769,0.769683597956645,0.290405364203006
0.856988752123129,0.166625921788138,0.572400605476494,0.248250469928313,-0.233480339283411,0.293600468415617,1,0.0487508547596536,0.347232200901996,0.472589310690606,0.19053023720169,0.669354475124168,0.187030183522494,0.357037990171708,0.249489389103327,0.558751293335583,0.33009489535674,0.600752070107291,0.281536385798428
1.29788108702035,0.392884525953054,1.61234890721187,0.917885430161893,-0.570110989386652,0.221160425780021,1,-0.22103232685717,0.559190862769013,1.08032279651136,0.27408088071609,0.829479805052161,0.28757327788575,0.774316699731189,0.278219046188227,1.13115355705613,0.348037613560995,1.10606385531021,0.412621909709799
0.913839996170257,0.207980435181793,0.814175378775486,0.300619321869106,-0.0723004192127255,0.328907653883977,1,0.475320977241324,0.376514500714584,0.0752127785725365,0.268193310933049,0.321645343240249,0.285635397849817,0.599447042267845,0.202507323673768,1.01091624533067,0.204091604700891,0.105668357999779,0.322650248886361
1.29212617414041,0.409270481536422,1.44046028515088,0.80912410624261,-0.675994276728825,0.178577190005633,1,-0.34868135982197,0.628453280660493,0.81995135807351,0.305059551855783,1.2650586706771,0.297233793355727,0.678848249315271,0.333013961131451,0.823619182762852,0.312992267657741,1.20673099948813,0.405597655835094
1.26901895582638,0.356504546744651,1.40499652020033,0.602210072926094,-0.691285112942593,0.145208257783946,1,0.578128642760013,0.472389183485825,0.758413980560519,0.232944536870194,0.81456033493226,0.25661082354029,1.02030023466117,0.272329962989567,1.13111285145906,0.285996466861958,1.11037259209833,0.356268821628595
0.587634684915739,0.121587071082409,0.434992778235126,0.160317697459883,0.317538631987257,0.420009242799393,1,-0.578049439307703,0.374862260143671,0.554333764679912,0.163051837876664,0.55299848107307,0.186051851473475,0.113148009055056,0.178791802321885,0.395846515222316,0.278379114138027,0.101379565168927,0.400155013356667
1.4526737876545,0.405417827744532,1.96085394773776,1.05653697316967,-0.734380840883581,0.142245182053479,1,0.66225320715977,0.45576895046193,0.909378793736374,0.285658614984753,1.09823190709575,0.251806227434609,0.721324578867435,0.392804134656344,1.1996025024728,0.285270748491924,0.17066484462577,0.469317912994565
0.526262394227768,0.160274785051298,0.534124770189143,0.251540759616028,-0.244867252803125,0.294118987370777,1,-0.29059447838406,0.316142468576001,0.443177431215022,0.201626153997132,0.496728099337771,0.192158234727223,0.363271232655664,0.239163147090777,0.634076815237301,0.313757782955346,-0.20357914755735,0.505336982014646
1.03431646279558,0.164819227886274,0.891655034399481,0.305610033932508,-0.243931018924107,0.27652429613701,1,0.447249656826372,0.372380497175893,0.646664633283888,0.186078667270813,0.369092041081414,0.222803318527105,0.593956222781253,0.247331649591199,0.23083373582007,0.302268056727512,0.713682780020031,0.22647269785974
0.812583466759093,0.209705714822699,1.07751627496001,0.436019831219771,-0.014456620070521,0.486466988233137,1,-0.926328890897794,0.490801280089559,0.880212456404556,0.198209584895424,0.665957603150807,0.234178623136825,0.596563443740189,0.221348816331907,0.45554917394512,0.293634281788431,0.790892503353943,0.321015612895309
0.906634745318922,0.233662073817335,0.981108209109935,0.39605606430896,-0.349655245716909,0.292314669733376,1,-0.642735180729263,0.630282365016823,0.563756621800779,0.249356505939766,0.506678613629381,0.231226292512913,0.71452627640823,0.249458539552386,0.828518109107103,0.227940102358874,0.644834269454266,0.283087181142673
0.840109702089907,0.17062718204624,0.49856941924208,0.191069328514171,-0.0663312384429817,0.368337599303381,1,-0.0295653083017353,0.491744896681994,0.52228970944903,0.239345198494441,0.507252723717303,0.185313922126992,0.10215710304222,0.218196474717295,0.151930055587289,0.316535657473768,0.640521257339907,0.306228855271137
1.15177018357224,0.278733496879164,1.10963786741859,0.488277963724714,-0.304936172445608,0.268360539283317,1,0.276274079769991,0.430457925292609,0.860757965984189,0.220662367645483,0.434111621830809,0.245869228509121,0.910224908132706,0.291846906594611,0.833709241931969,0.31789316732551,0.654780920071273,0.290890233605365
1.13843681590901,0.299736842189164,1.35510525003472,0.594235655232629,-0.412919018810729,0.244762163727807,1,-0.491236146909848,0.680674243498501,0.920891722155441,0.28315979146413,0.89072112573817,0.253858636664112,0.784580784904317,0.241128988592937,0.669380638289044,0.337183051153785,1.34762754840349,0.33891426979974
0.939616140267745,0.272075231961368,1.0655053541234,0.48933773118244,-0.37127124172831,0.267364976615798,1,0.304797250746611,0.55271709284725,0.566245856071507,0.299484653698702,0.600067453586984,0.259072260310608,0.77626956357596,0.22780142467369,0.731697272725983,0.290860659292017,0.400872295824429,0.449560611148296
1.13121196532464,0.331325804718471,1.45797392475635,0.654518565475421,-0.561362796132185,0.210998730694494,1,-0.305700666256872,0.607177977235886,0.89966102756929,0.245091894104582,0.994390731500697,0.261842776228572,0.859096480279162,0.263820019148175,0.700553216671354,0.306102777589676,0.792747719476233,0.410731736008531
0.935006763736423,0.235516054814415,1.04741265659094,0.470712488709302,-0.345667674466254,0.27761537226026,1,-0.288613757493953,0.43843448748139,0.739943929812469,0.220069564193115,0.757388195800857,0.214058480132134,0.620543373136534,0.265634944629895,0.572798760890615,0.331363048450347,1.15285194870158,0.315632712440469
0.924622369648077,0.216198044443359,1.01874195965797,0.462154938396017,0.00800531365803627,0.390096428605547,1,0.18978594570252,0.40086538548117,0.462852213952984,0.184850162160072,0.733937364547154,0.256476000839389,0.261756218833135,0.300914776361014,0.747605042571857,0.303911183833263,0.142888817434834,0.517725873988598
1.21146674655333,0.289573640585981,1.1966363705974,0.541585487242719,-0.297552083973724,0.352830965906505,1,-0.256579083030091,0.538093999553605,0.936536590637985,0.231076186560456,0.724514145100935,0.245590582410484,0.64976132404321,0.245016255235719,0.88563031202996,0.255377407760558,0.241956708865336,0.372958116149777
0.783441572268865,0.149896065059707,0.511537643020257,0.202868802088341,0.0743706648365223,0.369546373021824,1,0.15154599218331,0.366018978594034,0.453462832133318,0.174613846924846,0.437421760424446,0.190886207028898,0.264754909281216,0.283755869333316,0.520102516250296,0.260949665035672,0.385630235698001,0.334062139738112
1.35508796978025,0.473046448641627,1.43556431087032,0.771792743382857,-0.610974075162969,0.240490612340238,1,0.542556115909983,0.715115908453266,0.979226284831981,0.271111343428031,0.745576367828887,0.310214370359583,0.564209167328017,0.382334735649363,1.0209538538376,0.298323513541186,0.401894703239261,0.43661429099098
0.857734482327991,0.281143511483949,1.29519844335168,0.718910957118072,-0.407300805228396,0.311425072842078,1,-0.230209877048327,0.447993043004416,0.630984655523071,0.271989931818213,0.453380924495398,0.309285299429121,0.78131476041317,0.289336448770943,0.742609686277328,0.309570493459167,0.654757047775332,0.384008583272045
1.13825446772352,0.290381798551043,0.961593697051915,0.412310036861731,-0.575249669295444,0.21750505677564,1,0.154876080402275,0.571363415947379,0.751549233870235,0.238456958935756,0.802248856267392,0.251837470863738,0.985627894134225,0.291569225451396,0.79825377539926,0.288303906171002,0.524255823554572,0.342016836363207
0.717246232846298,0.157450194293793,0.862691450656231,0.2900321466197,-0.0854844240517202,0.332603101193921,1,-0.313450491502688,0.364791261586806,0.50800881198945,0.182362409777019,0.669797735464314,0.168636152743561,0.34945665567413,0.216920132160152,0.309051480751756,0.292758704797262,0.391279726684757,0.400878280663893
0.859955327194575,0.192959388153359,0.484985131466452,0.162224537305684,0.0357768861993297,0.328806483341566,1,0.426118040316444,0.497550845579269,0.143402047662768,0.212588396739326,0.675980688954933,0.187982034591126,0.528728774696001,0.219075488361442,0.327186828374426,0.268062169425892,0.475096641131694,0.217148844266421
1.16155782640525,0.267252982282135,1.0913741310246,0.424858577676495,-0.303192599062379,0.233926922126284,1,0.157687159100624,0.494922377499575,0.911855831677621,0.212976109548433,0.774314893963718,0.237647211469341,0.675891324378227,0.184022722479315,0.692729620048168,0.286027647406393,0.681311171990105,0.356632885090596
0.660184422068839,0.187419277012957,1.02826752482743,0.367773464588474,-0.407108849552678,0.224264583425128,1,-0.470820439874729,0.407503221053613,0.509791566141679,0.205619582814063,0.591195626318689,0.240544669681853,0.857854411462195,0.204530295499243,0.838316194506565,0.195316268723699,0.579651498335743,0.303356926207102
1.57615745952285,0.414297138765088,0.852824232808793,0.441825361874429,-0.485619273181241,0.251554102007498,1,0.767760569824622,0.565342056271021,0.872577349467527,0.251645025441083,0.581488767976181,0.267378896168882,1.06585794085714,0.274907567816715,0.765337345558929,0.231255308513901,0.733778368458362,0.328447957326017
1.15415380056987,0.268790585691618,0.707902610051389,0.289417708786127,-0.218231942425088,0.319947690037083,1,0.321565068064073,0.528275054159754,0.706596556032478,0.224591033119889,0.680015151071834,0.212914723372783,0.378202447646388,0.247151861033733,0.857735267190259,0.239717820525846,0.622596960756155,0.333524560135758
0.95900559918926,0.201535727863949,0.595836920250151,0.234220544661121,0.397565640571605,0.653502693481501,1,0.381439824596754,0.50735551128404,0.340206586646667,0.238114579379995,0.537633773446086,0.182263419421661,0.519064010476791,0.241664283592406,0.281309654862336,0.263116303887736,0.838914471422783,0.208030793900241
1.07804651212857,0.268123898718624,1.19770165814817,0.567250444680324,-0.393911721819805,0.287947126801671,1,0.16476404045489,0.445059432043367,0.724865888476176,0.241484091043133,0.956126812691241,0.282069984065943,0.77342541392257,0.26660232155974,0.861574682940697,0.345077035799842,0.40470154118398,0.353067688543231
0.915872418360055,0.205370434731296,0.798961017852659,0.296759385456488,-0.263396143926498,0.263613397389408,1,0.036612599014502,0.408647502320783,0.4352229262172,0.261345486947158,0.284294700649787,0.205608540142654,0.714231748532034,0.20157976466324,0.611120517731691,0.21540820113175,0.686220401741667,0.247924271403337
1.03564856964177,0.22380237231797,0.670700726103636,0.263319303188724,-0.158218115896323,0.321840414690784,1,-0.226230293667696,0.506638610995882,0.677643655881452,0.192915917870238,0.40291217209603,0.185061483666015,0.688067768189819,0.269288889670612,0.696721553508846,0.255953279283806,-0.215229987389414,0.387244853432386
0.711248521522534,0.246132551903411,1.0767885953529,0.517205526079244,-0.515367038068871,0.218733071603773,1,-0.934306226226017,0.44233933633542,0.707045055324796,0.255936335158375,0.72430786721935,0.274540287947433,0.462150273718787,0.31475418874251,0.787106882448917,0.252945892256031,0.738458369989305,0.335796245733307
1.1166230719265,0.269169880369569,1.10413804176686,0.415408440242051,-0.445757961608909,0.219704271970595,1,0.746771721140777,0.56797654608615,0.583197449092751,0.225524372645616,0.526760060945061,0.256403396283226,0.750741568669362,0.240743807534108,0.687919272073169,0.229928280695568,0.550709213616602,0.332644652145619
1.05117802052088,0.240328927128204,1.0804947528516,0.362946254255678,-0.230396416561992,0.301471746954879,1,-0.322474489194588,0.525640816161781,0.846517777487555,0.206627179161673,0.635813337269274,0.21894344891726,0.152006814935054,0.251833254666335,0.839088371841271,0.253491140411007,0.895740067132465,0.216121920960366
0.746571851718016,0.116458414217754,0.398774956072995,0.128603464466923,0.640741699288959,0.227006809579078,1,0.332094613166871,0.311511762001133,0.465843129483256,0.137658668991551,0.644912591828213,0.146085057568233,0.116043097757799,0.292222984606003,-0.0811091152054126,0.273325922872189,0.247941281950386,0.226432258844738
0.637864198433566,0.210713006151668,0.684705694258437,0.308315277115913,-0.365873785623357,0.245522532725352,1,-0.220480432412318,0.442793788051989,0.383619421854346,0.215714619849068,0.714365024008588,0.25540886413963,0.765900275313349,0.250379283866128,0.675350893507114,0.321153569539699,0.382583915082301,0.333150412720751
1.25776585932781,0.220027237173342,0.61232954133654,0.248544965912197,-0.20180385481557,0.372628655004208,1,0.928390316327893,0.404195600806621,0.571170131004474,0.228140312021942,0.329133985121624,0.237227731004066,0.747168580039674,0.200915526619313,0.826676653242618,0.211359939398762,0.416450555077802,0.374167012422603
0.868389121790034,0.266501265479799,1.22544410817504,0.587404858780262,-0.397546170374131,0.336688958929951,1,-0.11781046590849,0.411487677237941,0.40681333973789,0.265666429795461,1.0762964444226,0.245140235152652,0.842497721779213,0.325500010659354,0.5872005512143,0.349860563441634,1.08495926836222,0.318257597114737
0.690714254324811,0.160470371298411,0.486776979090652,0.213596865320406,-0.247975524316312,0.247840958724135,1,-0.335915044863635,0.364090085617798,0.539317050319655,0.179082119190376,0.542125186722706,0.219285808890756,0.495081901745004,0.243420889311751,0.179425336115867,0.297685094105093,0.287120871354837,0.34204748548609
0.82033970613558,0.196529214732741,1.1026694831758,0.486751512959012,-0.359539515564921,0.328921949504927,1,-0.00998271850007715,0.418897051132603,0.672301952176509,0.268871864392123,0.627508575186352,0.242602962352431,0.715958556909609,0.222433736090353,0.695933000629133,0.247881145677021,0.798936077571118,0.448365692046563
1.15299914912579,0.264009377062193,0.931436630142526,0.422557710604219,-0.48491172634716,0.214602478840628,1,-0.087031430536537,0.460480436788376,1.01902594641343,0.189518875173316,0.531777605268694,0.28715041132341,0.910841103833737,0.245282228792575,0.914744727639173,0.286174050751195,0.921273261825533,0.352088945261362
0.846538654702026,0.203137203939333,0.826410763573702,0.346610808701914,-0.225655347928195,0.336035668921768,1,0.0424221544006815,0.42302717057459,0.610148869318117,0.206155038705291,0.61157328731757,0.227013839204557,0.72289017098957,0.311302012615186,0.670931323259214,0.26811628175769,0.618978622038453,0.413617129925766
0.954316607912167,0.164791426604956,0.734963885907405,0.259124963798823,0.286386581972038,0.444944333045535,1,0.70922914211071,0.353037619752494,0.618742590809473,0.172153437175041,0.51999547101107,0.171390417888216,0.395293404117656,0.218641680859619,0.313270865068119,0.204190490793279,0.707476950808708,0.260219762899372
1.1151385315214,0.256732062245565,0.68101383331597,0.307302859084287,-0.440539977254816,0.291920151106964,1,0.0233967582608717,0.468018958876309,0.735777379915332,0.218147544436483,0.678171678318102,0.283520401663736,0.622724625715432,0.314245801517814,0.455513499013833,0.329910574014838,0.754566880083859,0.265988011710382
