"beta","beta_sd","omega","omega_sd","rho","rho_sd","conv_code","tau1","tau1_sd","tau2","tau2_sd","tau3","tau3_sd","tau4","tau4_sd","tau5","tau5_sd","tau6","tau6_sd"
2.83613460313944,0.217136835609426,0.964103039013757,0.23638611266788,0.718488179162194,0.109500542665815,1,-0.537466895528896,0.399395656707563,0.781235817679578,0.17985687251897,0.802697515960203,0.124445740921703,0.746375118669803,0.109890379902051,0.525318617894716,0.107307778837149,0.557265271883969,0.124186137513262
2.86324054420009,0.213677459137317,0.66378000913869,0.176901674346494,0.757298794449592,0.0839771263652192,1,-0.388306732737327,0.407987984455351,0.84145992192908,0.166987431331229,0.734807527838706,0.132615806119631,0.509304982558454,0.133644005456803,0.607216129194382,0.106023199786574,0.567424229438494,0.125016955494243
3.37775942191128,0.254252821594766,1.23377960394865,0.247147030645466,0.575714277148757,0.211159782409005,1,0.22824414475757,0.345087496879074,0.788518296264507,0.175795532183065,0.777918744503373,0.128408124424504,0.801951032896434,0.117681840235413,0.805628877457749,0.114940886268067,1.02130759999323,0.105664395928348
2.73662598941628,0.185684812895568,0.810283568328647,0.185228059642405,0.629283273618521,0.164377123166469,1,0.28669597341922,0.30431998309992,0.397398774018555,0.184345537344073,0.657676682476875,0.125977857437509,0.656230419156275,0.124343314550664,0.580408994103253,0.10601471011197,0.853897782457422,0.100906391187209
2.911383476186,0.250136652210938,0.939352847512725,0.254299029824366,0.611055904417258,0.177015094196442,1,-0.376287399867826,0.387593294848314,0.984878335249481,0.145815811143593,0.441057761495108,0.13730661920467,0.800098417563747,0.105020345621442,0.587152611384022,0.143345588763737,0.532882459295356,0.151551414338031
2.7602365009177,0.211822966453492,0.655848613998192,0.191685460021027,0.596412162044192,0.212239853995393,1,-0.543741959605914,0.516155697907696,0.82266278022142,0.225831160363748,0.577008593810267,0.156921304607745,0.737064443368646,0.116536017513531,0.662160517838412,0.13383530851064,0.72739565561166,0.110218141549706
3.81865495549323,0.300549005591824,1.7715233825636,0.415684006206856,0.621004499797872,0.229553026376986,1,0.0434723803049849,0.42501597748748,0.957972139608808,0.173976818581861,0.666010713470218,0.157527316155001,0.964620771764172,0.121231038901315,0.83215425555759,0.110785193057486,0.793420298239744,0.122770406688561
2.94422480009942,0.2302627842709,1.05911999601884,0.250742294065869,0.557544764410047,0.202764257538251,1,-0.394535946956905,0.400111351733257,0.657648002254944,0.204905453773814,0.641029880928389,0.138064004342673,0.782048138430312,0.106052929136781,0.635976499504336,0.120368654413053,0.4887909450223,0.129144392402897
3.3317815682961,0.320221536915687,1.62104320484105,0.386337466295552,0.111244733633975,0.249560130350068,1,-0.250257056228629,0.459911393319223,0.945828106158873,0.184531277612546,0.897856685484649,0.142411933864617,0.825117277936744,0.115153755489679,0.654531811044536,0.138863182202554,0.888898752841662,0.128532487660792
2.76372422111502,0.206660883453889,0.823417611925441,0.1828382903327,0.616938876645925,0.180229313563227,1,-0.224237133296134,0.496857980394842,0.640319069510879,0.239129899733289,0.741309324541521,0.136703798262276,0.70150330142015,0.114247224252516,0.764638774469404,0.109363144257969,0.625022705705668,0.12196569165267
2.99884059033669,0.207034451522027,1.12277629341819,0.229964156214076,0.728297012415991,0.0992502353979043,1,-0.505747584110284,0.43272947557977,0.969913180789803,0.178394986861985,0.486737491043174,0.15374817523571,0.66838866550702,0.133474485120937,0.81424180452467,0.0889302803588313,0.655002152225381,0.126385914787526
2.90124347068204,0.219133089983725,1.21270771440766,0.256254896767489,0.530845936786043,0.246201488093486,1,-0.610176226492177,0.340164413097188,0.824897411741648,0.15186179899656,0.680734877994501,0.123355119950025,0.722432012082085,0.123914784920177,0.746114538609265,0.109659566831407,0.679642540841673,0.113846283359543
3.00348485630813,0.238058780125826,1.12858610366954,0.27458987463116,0.565954021153567,0.262832849749885,1,0.0331300765310804,0.46829719780442,0.696572641776348,0.205892349699385,0.69426343322993,0.116557556178818,0.870550487200812,0.111121398032933,0.661028452898548,0.125885812692564,0.701680818359845,0.123197222310415
2.91565157514457,0.21282485484716,1.05244707662679,0.226362352047952,0.529534503047801,0.221223988614271,1,0.126960013394566,0.431390121078162,0.589890242555854,0.22960572059489,0.610992985608201,0.121049931074037,0.788436943065804,0.0961032553178119,0.538312889405547,0.125293994104968,0.653679933854426,0.124030748502339
2.72265138379683,0.220426822301007,0.762254398864366,0.182276338636802,0.185649363127425,0.265133102320921,1,-0.284532288884146,0.370940427732338,0.798592031697539,0.180355673488503,0.754588625952763,0.112113451239606,0.296710405820925,0.142845887546489,0.650640913292561,0.131335851316838,0.495286467713366,0.145458091395956
3.05271627367381,0.242090808118772,0.85750829316146,0.194514757552014,0.297229456711457,0.195143573075137,1,-0.124498293308401,0.33789617683875,0.708183692894543,0.165564948409685,0.623753904542311,0.135941225476503,0.68801809312806,0.121909550493571,0.699362822694842,0.121850956610507,0.590990389554038,0.139185136206565
2.84474726067725,0.184117442721209,0.94086386130676,0.210971640155686,0.452141881993643,0.239389304258819,1,0.312717352933303,0.306006460628645,0.463339852103648,0.184365585776727,0.579161507068139,0.133586085718378,0.711747473462272,0.115996670901499,0.738907650282213,0.0976196088991435,0.640303782598491,0.122661739332217
3.12105172504073,0.232164095371875,1.27067442595172,0.290519976281307,0.706048206014867,0.145927846155418,1,-0.209946206988688,0.387210502023228,0.723993577381255,0.16000961861708,0.876169555684292,0.111952163809908,0.739970888631994,0.111582117899859,0.88092607741108,0.106670284474765,0.783099716438466,0.109235467969883
3.0018664592463,0.242142363204378,0.80173254895808,0.182200219058132,0.661183244157224,0.112466295957025,1,-0.142338305968707,0.351285012969307,0.790345960335767,0.163195936378291,0.790271951987194,0.136893367519154,0.451483551840106,0.131360252821201,0.684392381875089,0.117620337723168,0.596739610771355,0.110858441456934
2.96593475760262,0.217313983845551,1.36992759625277,0.299039027057726,0.658289995865297,0.133349635691196,1,0.346272702540461,0.307669885555762,0.715637972591261,0.14899163983082,0.673938276545132,0.116897849252188,0.746296614210298,0.113889974600353,0.608560010979299,0.114271503306535,0.601512574699471,0.128652093903514
3.16010102753476,0.218047265384085,0.74840974389544,0.206274108514155,0.828258856380723,0.0546021540597438,1,0.0144126886499613,0.454433869070229,0.853454114969907,0.1560139335298,0.9595506653071,0.108841323841826,0.771946565444487,0.107711616032113,0.679319883003206,0.114054906619607,0.721988182869527,0.116716015091757
2.92505102888765,0.221883301417893,0.807229550547911,0.241313135232465,0.779018652570017,0.0689381563629613,1,-0.121809833638908,0.429374585692215,0.529781893536601,0.215398477247671,0.891962651803847,0.123806455620828,0.761983104765317,0.114295404763145,0.589591180336035,0.125203322478714,0.724500179032083,0.113105113067516
2.92467080970803,0.227671170439439,1.09931459671985,0.239492501457719,0.501878985332552,0.261954209505566,1,0.461619237679159,0.354888593900727,0.524026597633456,0.186439434621675,0.549549653465357,0.146789668141224,0.664892304307309,0.137912904833135,0.712981967553487,0.115571792852972,0.49879564912974,0.122688711663036
2.61584228451253,0.188834336912067,0.81830904634186,0.198016473432425,0.656062256816474,0.152904487068575,1,-0.174373123390101,0.399987919272932,0.539683907298815,0.220499750184124,0.667944483111878,0.149160307673327,0.611449639022348,0.107975534847393,0.680802421634413,0.100669382664986,0.561148811057361,0.116228254069233
2.6967176355752,0.210721668893149,0.630156723926664,0.141048371121607,0.695092374630783,0.106324961245938,1,-0.100842162801022,0.39097852487074,0.786603850416968,0.157580471833945,0.48178465008077,0.145441592675685,0.649836864967357,0.11548513378856,0.48748889732177,0.122750946618169,0.431127482257534,0.130118659879357
3.27117808442283,0.249558152861567,1.30836535320364,0.257853813024893,0.519136023229504,0.29481895994356,1,0.242049796706919,0.334681520520744,0.63463547692718,0.176151211466977,0.774093222646627,0.13220891051052,0.785078572466269,0.125795549173358,0.7410021346274,0.133254654098805,0.82777069091533,0.110291677389361
2.82932274597629,0.2081301990312,0.950204839288319,0.204611940802447,0.661108817961326,0.149054392245785,1,-0.62310138762049,0.329184945466981,0.824504164297674,0.162295715355728,0.655580181328176,0.144354732054009,0.829667464888444,0.104711792797913,0.648596982249288,0.103414771661289,0.483628932215777,0.128222418947503
3.04724616667761,0.22402359172547,0.690802888728795,0.180267384491941,0.604113820777964,0.159030796300484,1,0.11311144845354,0.350745011498101,0.463266656453161,0.200781253165372,0.905075952026281,0.127391268832755,0.70289302575328,0.129028524360155,0.658216842739328,0.120921133538564,0.709506748110269,0.117220881400649
2.72200011699223,0.223959218945973,1.05029251023849,0.246437312177124,0.322262455815053,0.310597868083899,1,-0.248669699908059,0.417846568540776,0.592408956204833,0.226998625254746,0.504721299511582,0.134507483311372,0.583742650952221,0.131559203787186,0.59685948330889,0.112180419817742,0.778598906887568,0.11800192045325
2.81363101431702,0.183539755343385,0.84820950572262,0.174274630892174,0.536223244908317,0.167338818674265,1,0.04415398109292,0.360427049337031,0.646004167973782,0.172821686970932,0.805406583569537,0.116087221065523,0.65891483129932,0.10313409397393,0.655639606668593,0.0998658076469044,0.7963364087165,0.108173923338215
2.94321487349009,0.229897879523163,0.892605697279517,0.21406275014772,0.365457226265746,0.34746340357243,1,-0.493796031418746,0.492883216292726,0.929542631607705,0.177771846983394,0.607657764541456,0.141941084043508,0.621675926771953,0.131771418972575,0.609067525732695,0.120542469152656,0.805950242705833,0.113636412073958
2.95847891159434,0.216337036491397,1.27182179509411,0.233814669787272,0.382030446967958,0.343857862587428,1,0.510507456029661,0.371455907884084,0.401025465872937,0.203799772896376,0.693155121153905,0.12522240819417,0.722379299910591,0.126557072269767,0.622577804270152,0.118089048815262,0.918641007139777,0.112214810549534
3.04420608249252,0.268761740180869,0.850322577620709,0.229742467195885,0.691063959148334,0.149090077422082,1,0.324228152757414,0.32152770505786,0.718565988468802,0.163732445420427,0.78795391033501,0.149975776030877,0.834371369529873,0.119947842866074,0.481319052990613,0.151945003827667,0.657814196788193,0.143042773650074
3.03819808481041,0.211334169642536,1.12335646346813,0.251285013405322,0.643650222121994,0.133623243199373,1,0.102245673949797,0.359108358673072,0.818728667649971,0.159458414691383,0.614690361819494,0.122952030342726,0.882900201063953,0.108876516003145,0.606441128698463,0.123633582896715,0.664408207432788,0.133760593944396
2.8612551632854,0.202798995089037,0.749802819186482,0.175328729067876,0.660494031167295,0.147861551837757,1,-0.342995811397664,0.37653559144974,0.77835903483447,0.175766622225236,0.57777877051432,0.138512254333036,0.645150944794895,0.115768988607154,0.489577714506448,0.124699755005201,0.72409129753214,0.107849933148366
3.26384979880502,0.241110746138446,1.3043325489976,0.269074912800742,0.359883576194528,0.183090233895876,1,-0.0295425742625003,0.293799872801006,0.824524801768114,0.144294637896727,0.830070872924081,0.11339752334041,0.702373802862032,0.120523513841009,0.620708095559035,0.133663810416351,0.841428768174706,0.119784225055031
3.31741709625641,0.271043896525162,1.01754149581697,0.253564523962227,0.758720268191054,0.0834496044200036,1,-0.0344175269565984,0.469950378934287,0.594072083215813,0.234850043052314,0.856054228982093,0.116138213359667,0.82573894753827,0.123986628274901,0.792217995849217,0.110241821031325,0.850790327111224,0.117424219216558
2.99454910893255,0.187171370964689,1.06039993338663,0.187329003523534,0.537426196329629,0.14991302775086,1,-0.376911592264287,0.305965978650268,0.574557977580306,0.180976829974439,0.770724140130724,0.112041205527677,0.650739303183712,0.10867802270753,0.83341778564906,0.0997325050248918,0.491246297530321,0.118511171483742
3.08979137002438,0.235200028850418,1.27112986057499,0.266127805557106,0.321941808548805,0.244048646519857,1,0.43852420772092,0.344673293368485,0.624529494027341,0.182601151872897,0.544596588695318,0.123446823679472,0.717711023631565,0.126018846563223,0.73327311938486,0.110674591434521,0.675138014256258,0.120142406851303
2.95386630797203,0.217311864635327,1.09274450184729,0.236027582972934,0.565445930361173,0.184700474991677,1,0.298046327690881,0.320984448929484,0.691544890088768,0.173260236374935,0.529049315980127,0.143926766756874,0.681481050827433,0.118196138249469,0.542271390189172,0.118392889585455,0.717390417365547,0.103075616736743
3.09519375535421,0.250140037943761,0.959277771908759,0.241099121220757,0.674840762784255,0.142930137382174,1,0.310541898229398,0.420170511390344,0.432701592678051,0.217552567480017,0.764965638296034,0.128334877008585,0.742112621723512,0.140754925080249,0.591576636255559,0.127181704452163,0.636584538474682,0.138894287037299
2.47436188043205,0.17967160985686,0.537732293824061,0.139817475877739,0.706273823284215,0.109754618138723,1,-0.37663038961963,0.402943205934425,0.822730279760865,0.172550116925837,0.317816005966108,0.157647420063688,0.715283034542158,0.106352286341106,0.552383071917836,0.112725378951845,0.230284430350217,0.140057136240935
2.99481187769238,0.207136877758351,0.822058652760185,0.162317471872357,0.392268297977986,0.242267358562456,1,0.251136802675041,0.29448262267584,0.64138192728236,0.153819532965732,0.560495592645248,0.133985499596874,0.676455679826998,0.107275998377151,0.637331922754372,0.113222480843363,0.899656922977862,0.098673977848518
3.05912115362144,0.219498037005311,0.840876251505304,0.207944209017484,0.736050480400528,0.0914155336845944,1,-0.328627109504115,0.344400330188615,0.959006684846678,0.143986841606706,0.601373258083839,0.119916119939942,0.686998666028147,0.108604890101462,0.644118475753774,0.11103332855497,0.72095753003467,0.111951064780593
2.86695937174054,0.222232205331761,0.919509263588951,0.257874227189124,0.640041791485933,0.204107157669107,1,-0.00128953970069455,0.449342065595867,0.625259343741697,0.200980498175191,0.808474540871087,0.113800606145257,0.590911054728321,0.11582490850857,0.710317846639173,0.111715363663983,0.76108556416864,0.128876506707422
2.98776762447844,0.227857627302031,1.02186004080591,0.202972802701026,0.679874876267893,0.10905423966489,1,0.153065132640586,0.339165484350918,0.754310101016618,0.163973483755165,0.633879646256553,0.141939037918385,0.817449493791566,0.119968942442548,0.717483525158227,0.111231624082747,0.508204840350596,0.130994218597128
3.14893483752228,0.228612477982739,1.04515863141276,0.248379677984542,0.446493464227603,0.255676014024964,1,-0.129585952815323,0.342778049707739,0.744022841497299,0.161779517127646,0.775464656784201,0.118546690121915,0.534606151832446,0.125850437945747,0.657967700151862,0.116677674212603,0.846504223952817,0.113721962573927
3.07646613844899,0.229736667143338,0.849788385838869,0.191563803731148,0.59772370741399,0.158284338562195,1,0.209155508997634,0.349873058446582,0.72763216746803,0.187110346754759,0.620158664907668,0.145137834270937,0.741019831800524,0.116532670866263,0.580449127694942,0.109741260734407,0.683811303280941,0.116780675757659
2.80267733978044,0.255111481867672,0.982937086715272,0.235780337419554,0.256181046973497,0.287811800769466,1,-0.614870020964706,0.442651644266658,0.878783270794735,0.205803717215409,0.614847852802131,0.154614520269609,0.716858723001666,0.124487643792178,0.783112393249978,0.1069413457667,0.521717158656524,0.131798726783185
3.20348791887733,0.280440682696024,1.11014154836315,0.282347550925634,0.824062838216333,0.084912741243617,1,-0.455205750705771,0.514409409474598,0.886359216335004,0.208079132444172,0.860248531780376,0.133261990212217,0.889711983171463,0.124597577282883,0.688379365833075,0.126856061386676,0.661199479401574,0.121934843565039
3.33309215304981,0.267943679124606,1.17924411798379,0.303691682537807,0.685660577570592,0.172084204398958,1,-0.701031164515391,0.469097799873737,0.877428758432171,0.192028686681063,0.91397477310407,0.132047270946074,0.83165419803906,0.114276667562741,0.639244065538773,0.123302867358167,0.772494281276694,0.136539350502667
2.88734387375821,0.241183170868238,0.737934951349913,0.189123471361603,0.425911447304971,0.274667201616125,1,-0.279947942007316,0.533747599463394,0.783190543514793,0.236010416909308,0.484637482333839,0.157393868284326,0.668377168078131,0.146109229016335,0.697489161647152,0.12946913781575,0.704649899745113,0.12010702145118
3.24503727050359,0.265298510529297,1.31143690733221,0.297110057154729,0.285373430654724,0.288682774284922,1,-0.00534211753413617,0.38613143618544,0.729621701878074,0.169508382648459,0.721780519295313,0.128401262558414,0.814769167326149,0.117459975679332,0.769989425464442,0.12391015658954,0.899812810788228,0.123125703831175
3.03506717692875,0.22919800615495,0.853757557913244,0.200422908350891,0.480500068523849,0.25679813645626,1,0.051955527774483,0.482633627112625,0.691169922399884,0.228566359660516,0.827796818459728,0.109638108266402,0.733508769078182,0.117042887992838,0.816753646378795,0.105958942416975,0.569000083275907,0.120187808565391
2.84369171542071,0.213409905503002,0.78664950543102,0.184528910362399,0.442499176740833,0.20974061054656,1,0.0137417155571647,0.372990317950458,0.742188981392342,0.177921639003049,0.636867992421484,0.127838985755429,0.601256898446405,0.126151104484652,0.540655516272498,0.122126905982399,0.705367658336238,0.111017728175012
2.54806069859001,0.197364742643722,0.79233167037392,0.208566112096406,0.434229482480724,0.27268133257988,1,0.0775100587115321,0.305896444872237,0.371144926220327,0.210180947280299,0.458204785849649,0.139498810227435,0.549765350685715,0.119332297880437,0.499485350737644,0.131553887340989,0.746432653788027,0.111041881450166
3.19360975004369,0.246141031147845,1.00963472718482,0.255121619124116,0.658229916798155,0.147165509287318,1,0.242953986197562,0.402185990236482,0.41258918751293,0.217757588438284,0.736158669264026,0.131400948706756,0.69339493354918,0.130025094549204,0.685943270328145,0.118260050296364,0.832189636935488,0.0987829203937664
3.29151025452025,0.262934761990144,1.17739487676447,0.277950649567614,0.35418991431042,0.362225704461723,1,0.0938551463463554,0.388739274692622,0.770906939033677,0.164619163861566,0.818676080672964,0.132682001058353,0.612813684862437,0.126535948012216,0.817266465328672,0.129020369572498,0.78262581199183,0.125742333718004
2.80193233697826,0.194367546170605,0.809584783788717,0.187724288463253,0.584120947881793,0.185185661868332,1,0.571607633302865,0.295076925664044,0.423788790033401,0.162772596868025,0.577049857227676,0.124714599224245,0.686216818710088,0.116150299201265,0.671957422713288,0.114083030402071,0.613103137863726,0.134580035185267
3.0971482330069,0.231910670611732,1.05848110175015,0.218661028042933,0.568284725872167,0.174647871416471,1,-0.427869716960859,0.340157895035619,0.864346678329761,0.159104037174627,0.66615743813281,0.148436496659443,0.737790564244708,0.110980566171874,0.826263300032279,0.108859513318381,0.764634691340251,0.12307996742794
3.01596604476769,0.22068022333147,0.984017892376828,0.233787278647583,0.720512153349813,0.131700335511011,1,0.0120466321508775,0.404727989740596,0.764619518857629,0.161425233785716,0.54449193995366,0.141002767516548,0.753113501955407,0.1374731939313,0.7177531696828,0.106107915176555,0.614268989962404,0.119263343559684
3.05772451116275,0.237758065621973,1.10196587801243,0.28629924760434,0.726626464781685,0.110692551760874,1,0.197584420618783,0.360646260054813,0.623409688499127,0.160532721944689,0.616781460223178,0.147598168842814,0.699247936100344,0.122552318432612,0.787800783053676,0.110251727330113,0.587545976097449,0.11897966160171
3.70052880794895,0.334932497137858,1.20622499643674,0.334232140316261,0.577258257955359,0.319396435254623,1,0.328383593817747,0.46203876706291,0.797413238568917,0.197791961085695,0.805875654743682,0.146357036479923,0.871788538508348,0.144412337706375,0.908551254215794,0.1339880607449,0.858824626012201,0.114410803563005
2.96870007083334,0.251309942884441,0.975123598980957,0.219544316232588,0.717176810621254,0.122652213405802,1,-0.168607028040955,0.389350046628577,0.840130099420423,0.176673220214614,0.666772810399836,0.138769601198062,0.652511632860583,0.131430051370693,0.744446906508038,0.123229042270798,0.707575468317003,0.135347230863424
2.922811366053,0.226214596828077,0.907833558622753,0.217886486853458,0.494134947221361,0.244178874488167,1,-0.0571958525245986,0.422498858876169,0.737907736153807,0.215044178831063,0.638086253686531,0.126179171359535,0.527122209294208,0.123321610597753,0.700925110729296,0.10512496040896,0.493664913819901,0.127630910278291
3.05712189670318,0.222059624220354,1.01585640239499,0.231341236495139,0.204810118546821,0.234228430377774,1,-0.131342795401405,0.382166230245111,0.735350398001063,0.17369007418891,0.870449204428971,0.108567049227402,0.62333020768874,0.115397269619616,0.817471103035199,0.111317822391702,0.548052416993871,0.140683544559086
2.72947748217413,0.213859566376016,0.758642957711707,0.209606354931995,0.541761566537965,0.246543111708529,1,-0.176412203377973,0.430567481641409,0.609238584758224,0.21160029259801,0.392946024384565,0.176230862076503,0.738634671237984,0.121912707461591,0.558508390928179,0.129230721374162,0.581675878878112,0.128923846434192
3.07371693256684,0.233454062723923,1.18118788419433,0.243437278206692,0.244627835257506,0.223598609675279,1,0.585713936151394,0.366159027970901,0.503700542598126,0.178892951014711,0.626913688706945,0.125655536859725,0.864785178797419,0.099872392250727,0.630501312298111,0.115072595030448,0.686075544346371,0.11596185938555
2.63376838730158,0.185830658785441,0.614147624702699,0.136705314653365,0.618045061087693,0.130137665605777,1,-0.650571548056885,0.398398585425149,0.72209021350997,0.185931575042259,0.654932366044063,0.120489283766493,0.716214497856451,0.0975995723028213,0.629871773770747,0.122746794469799,0.65336926506305,0.108711382090733
3.24302581355281,0.231678012761931,0.95810796644495,0.21332084273893,0.5927307512251,0.149309412420428,1,0.251593284110625,0.369634303735992,0.60419757013218,0.187933259301823,0.798263781161394,0.111453799711029,0.739853477084725,0.114495044464174,0.557730049806778,0.11316896907727,0.752282770668047,0.117275601123202
3.42794756307223,0.200576141663824,1.01477470264926,0.210186577768974,0.602729827259366,0.221410273876605,1,0.365894138789155,0.441985537295102,0.608186378725313,0.228579209280201,0.950642025359567,0.119965754297796,0.911681878105162,0.102877382878846,0.61769601526487,0.117623002130399,0.86483003089924,0.102011760244034
3.98290065536425,0.307405247133681,1.58944035171823,0.367515865506005,0.608986128148953,0.180258717288623,1,0.600361656092224,0.448188005808373,0.900740983030069,0.198350820157722,0.625416965975936,0.145076571028838,0.986402698014318,0.109291259369834,1.03297464433655,0.127849445458181,0.924384908955644,0.121123822697895
3.18876586476741,0.207619062003969,1.00755754095503,0.186242687588041,0.493167920162907,0.196919801419035,1,0.418037034601341,0.374125060336326,0.62200017516475,0.196422511222126,0.614759159963149,0.141715226340189,0.78215759452226,0.0978253562423525,0.727836897514428,0.106834924139883,0.773114346385484,0.111496025197157
3.16166652164604,0.228757012718094,1.23696892063431,0.258627451114343,0.468829620755932,0.289106496468359,1,0.196233933384867,0.301020293978493,0.706013684411033,0.140502592571176,0.637693998140675,0.12392508004582,0.678107591486683,0.118269177811378,0.86724733510704,0.098392457921611,0.588548897059878,0.123293924517422
3.31349098298992,0.25890126389658,1.18980591871229,0.251100331491289,0.334250305048017,0.307012140032946,1,0.719291808385464,0.272519318983014,0.513360637894689,0.181786624364488,0.69813978427404,0.161641002188608,0.780117510895044,0.120542272584966,0.809179671214748,0.113312070644317,0.658000944971097,0.138801482395893
3.04329270798751,0.217937631044068,0.969491935419613,0.23065414386007,0.499567999063961,0.252902942544701,1,0.187739015397457,0.335424353614401,0.627204936778124,0.157074364414459,0.737074405768232,0.111345716579104,0.626540991160904,0.114615894836504,0.640556807966248,0.105571495215798,0.748779911003138,0.113614653864367
3.02532088148622,0.231641917239311,0.840381513061057,0.236084717148484,0.800111853119288,0.0586391028586886,1,-0.0039722669402562,0.400882179173157,0.724865320665759,0.163323207682122,0.556284195809205,0.139860367318076,0.680772193588182,0.122899057309009,0.749117025481084,0.118348095230765,0.550293168387569,0.12233793085393
3.12900212338287,0.241581257731681,0.967376357500472,0.202395256851766,0.654025587109262,0.162544211648993,1,0.630278818962493,0.341767105749281,0.598717537558033,0.183313595433963,0.774447985089862,0.135638930078856,0.434038160086598,0.145210522303482,0.600000307760168,0.12302747195015,0.742940142807926,0.112889270502101
2.90225740887443,0.184427142755019,0.76410583294577,0.188018518168959,0.682478156919819,0.130134920803698,1,-0.2309042283111,0.349911609783914,0.938027003697447,0.147922572686408,0.621522489493522,0.105879364863031,0.799495318453367,0.0899106993308423,0.493882769847701,0.11882118195845,0.670621101230495,0.114757233603575
2.85854387049156,0.222042317676466,0.820929352620898,0.182509013251082,0.348920636767736,0.278042928259616,1,0.0191675607063198,0.297213517422268,0.297146588569395,0.234074235045259,0.830885853279276,0.141699769697162,0.652761454480542,0.117852300907124,0.673999174170597,0.1196017404597,0.738071123136463,0.109906996147521
2.93011743499505,0.206953154460876,1.13252952769637,0.261394542170557,0.771268380726426,0.0622362703156407,1,-0.49478598692967,0.368608941723523,0.836306774380071,0.142807818957404,0.684389213500212,0.147158596090457,0.61066571466996,0.133094453517769,0.652367836655853,0.115735993389167,0.736779413238447,0.0989425424457026
2.95008917681308,0.199289890007797,0.939206135461608,0.199946969804213,0.714372885839408,0.095182363646725,1,-0.0480411301064243,0.400078969370096,0.649810550531305,0.202090572049882,0.75664701414571,0.109305106385877,0.690214001649659,0.101878595106502,0.725242522299563,0.103463650208391,0.697033067657706,0.137592254150184
2.98171219987562,0.260331962228886,1.04573431524935,0.263215341924898,0.694161474454902,0.12985271641936,1,-0.278438301287449,0.384588868497171,0.737337627979117,0.174431557095305,0.67299871074124,0.141221123778323,0.632058033030821,0.12907184247002,0.509078677624735,0.140228979321719,0.698989274698301,0.138615250111539
3.04074626527369,0.244939761222438,0.924473864355761,0.228100917870933,0.569678465940832,0.192004713101704,1,0.339576504727713,0.375048684112192,0.447262379194358,0.187111654468344,0.816095300131976,0.129137672333545,0.735922748016322,0.115739377010047,0.800183322285482,0.117954179885299,0.809391627775745,0.119047693920438
3.15271709324346,0.244634411164546,1.04753467804511,0.233834363723798,0.611167627748637,0.179722612152457,1,0.118041720955008,0.391864005320895,0.710323686749037,0.195740783427241,0.669400986341348,0.14646543782192,0.7358147013824,0.119267440826815,0.714027086274573,0.113819355984165,0.87000971528212,0.12456352473816
3.08797693693,0.228197814765023,1.18164307411486,0.243398322276523,0.207048797184093,0.256583618081965,1,0.331031172380407,0.362433575002032,0.667745736956523,0.175802714888462,0.668810648925948,0.129888826605226,0.723236583789337,0.110938972854884,0.866486828159406,0.0980027209933119,0.792541279204432,0.127169307862762
2.91105472252334,0.211360920061205,0.670134058024973,0.203855331624356,0.800361539634267,0.0600916171249834,1,0.0379701439268546,0.352121960810661,0.653179847986989,0.172951743082667,0.671094418730716,0.115563734449491,0.591395323892806,0.125994962245521,0.601533407418337,0.129374465194943,0.482183539112474,0.137450159997602
2.95950139326134,0.241472002116549,1.28139339975063,0.278511696539024,0.344988633813226,0.28449563686904,1,0.03154659351362,0.282687719779771,0.735790782418731,0.177333718567796,0.7419518690042,0.125830972516825,0.77576691531733,0.10860947261846,0.757510848022148,0.115326764491333,0.841338791134557,0.11166633129724
2.77382701394677,0.237229865892732,1.09753933686404,0.255564918149381,0.497075965878903,0.298365289840173,1,0.421287877522195,0.385143422970946,0.536154427928306,0.181783536658356,0.621340082545749,0.135290743472819,0.60052514797246,0.141971308691011,0.653416618899703,0.127651361963686,0.750658686346235,0.121511020697644
3.04530814100184,0.225911370736658,0.92861443204378,0.218322589022558,0.535156073132977,0.2145355654416,1,0.534108488139394,0.370588356100328,0.517325084349514,0.206136197327046,0.785702223731403,0.134814721494774,0.686483922975802,0.116899847903633,0.620284036793597,0.115385113049078,0.678285793430464,0.11808874192161
2.7960693537064,0.236176204774402,0.941909175672514,0.223700312252244,0.428670351662822,0.262378396889619,1,0.114453754543928,0.292942896394325,0.756085604326992,0.130004810773048,0.587565805617965,0.135338347790893,0.70283093592018,0.125462628167635,0.617705785728252,0.14729191274869,0.559244795976759,0.144809368324531
2.87054882187914,0.220140024695674,1.01677836090775,0.245232561355082,0.422793356824435,0.200204303428478,1,-0.298411819162798,0.505457717039598,0.642115537228207,0.255312213868605,0.626265843607693,0.116457216912016,0.687075968435902,0.11249817312924,0.779086419801562,0.102177515021318,0.768781397797479,0.11458055658138
3.04356200174763,0.223553584329354,1.2276899655603,0.237242705115516,0.636430362442631,0.166815823679045,1,-0.416066993438037,0.46187911095173,0.784101679367986,0.19702568302068,0.770716189167655,0.113119723869248,0.794125285181202,0.117671433363243,0.62362020518471,0.109160315612976,0.786175147954807,0.102353839016806
2.9673651380446,0.18893313606601,0.895528718587242,0.212100048222152,0.617006326225998,0.126487010866743,1,0.184990387778486,0.29745088492122,0.708782197060856,0.129073671330411,0.545187849505917,0.130370896132475,0.60206261797197,0.117633533058361,0.747522030052069,0.0994369033605216,0.596561438914711,0.128050181162397
3.16909429591569,0.216629670427306,1.28685365048201,0.249719935867136,0.41361475083389,0.262634954611134,1,0.0958089943540778,0.359492175083871,0.666074517112322,0.186264194184501,0.658979369530443,0.118709615584291,0.798337287231518,0.0944569691195363,0.716812510171783,0.116740670439425,0.651721334957784,0.122266966018612
2.774712635411,0.194404889737828,1.08209384332864,0.211572377975821,0.43116808623699,0.238424846438756,1,-0.113531185090997,0.301913393105965,0.832452146908572,0.147302730032203,0.543349546484503,0.116399667307823,0.525185608315713,0.122413775672687,0.709113067911973,0.102930379738759,0.731823678894249,0.121281102542435
3.43563319018051,0.232214384042736,0.887140376670131,0.214196436062059,0.847162870685315,0.0519124826262557,1,-0.588549500315137,0.442411707920535,1.07341856107248,0.129564043889749,0.920315621417017,0.12513137860083,0.815660683073513,0.101450848419709,0.934022425900459,0.100165885085067,0.866801720389653,0.105913363315892
2.97809921950381,0.243723947807776,0.909750023278174,0.20301333608402,0.196099682298385,0.277819719025919,1,-0.61462061001912,0.539401203518675,0.88634657114311,0.220989818416146,0.702462956492613,0.141793268605312,0.798046728848165,0.107567411886008,0.726104660387826,0.110747619681007,0.830820084240335,0.11082405875068
2.91917748306922,0.213831284125915,1.25598526784529,0.295244965284723,0.38899221611931,0.23095762861277,1,-0.00585171596203281,0.276812632119848,0.795853240879369,0.13191722919883,0.566138276168205,0.14133529927938,0.649527116102373,0.108538011117534,0.629938145378543,0.116058134141545,0.746680301031481,0.10969850917511
3.40443904838744,0.255029890805715,1.16106158842809,0.253336526503788,0.581311906816288,0.220675108346561,1,-0.142290032686795,0.536906608578018,0.953284395677801,0.181698602497883,0.853844089757544,0.11914000923613,0.737035495937954,0.141735079599277,0.618520669723013,0.127375856434346,0.849151929159864,0.107423400062133
3.43321947571596,0.264393020695556,1.04333922478718,0.251011544767662,0.519942555602581,0.244625295435905,1,0.989229485838904,0.388024405410793,0.536597211795029,0.188542961362182,0.603028698300553,0.13657657993951,0.672357719944168,0.130827683918103,0.835431269130976,0.126185498276176,0.858876261543705,0.127368930926436
3.24115719545006,0.233390213616545,1.0824094244513,0.253315747585019,0.565430269794117,0.213211634580164,1,0.023232644299569,0.430811846696192,0.815363046207886,0.198559803051639,0.739578238769682,0.133554080059104,0.729604963404464,0.13201849391312,0.763727653898368,0.12643248469558,0.646671017371364,0.1174677364388
2.89374283577348,0.206945348357909,0.659627207678718,0.177962089980805,0.792932929995674,0.0646432233113154,1,0.0983549747645971,0.351380661719606,0.714082309068377,0.144144763208846,0.6381175383166,0.117383471066453,0.653987551545321,0.118192996098549,0.652526855374938,0.133437353045314,0.447940736619719,0.145573685473745
3.04742374185938,0.258057774196932,1.36855685793026,0.289719320680962,0.0233667004024171,0.207136487961279,1,-0.00803132887461024,0.299049730976236,0.594608761996007,0.155948007431677,0.7019161822447,0.165260104344767,0.588258341757936,0.135813849435625,1.02607770956898,0.0968766564884451,0.541732714908568,0.140325676955644
3.21101822980972,0.258184873255682,1.55613060058276,0.316520249280759,0.0625011439192682,0.224617031347286,1,-0.224582173935513,0.296207998943374,0.718882243285732,0.160016126889378,0.828224680453503,0.125490221601243,0.78765469944055,0.110955399938072,0.793150047921626,0.119523199903028,0.670826539923532,0.121269277091151
2.93735027560749,0.206345294743137,0.976592393087334,0.232748457636888,0.667267885264506,0.149267045158097,1,-0.453734791694611,0.403199796841193,0.813794090561896,0.178973068054929,0.640448982967592,0.133821701477868,0.864251511900065,0.107204806861964,0.730794345699016,0.103672230292923,0.564196084148472,0.118059239544999
2.77022314813992,0.214750861180412,0.728548158061409,0.170266437427464,0.753790894392827,0.0878137509432629,1,-0.242806877052539,0.371010905593959,0.696708613436987,0.179998497578251,0.634965377366326,0.143378416589739,0.863344772650393,0.115249627240586,0.426250427735254,0.130179716554783,0.650069976491346,0.115701659929391
3.42604178756784,0.285792651559089,1.22972025492003,0.306500143962454,0.775486119223934,0.0946851329204352,1,0.558490711090444,0.509711752659335,0.543901118740877,0.279148504678041,0.67449807568687,0.154150568072679,0.718358363690002,0.119993583465511,0.850488245790835,0.124459049128363,0.829188120230708,0.116109356025754
2.82049753008284,0.206167311726548,1.07083045522826,0.256494360750027,0.687503959672555,0.160862559495497,1,-0.426954713416273,0.398837889795793,0.813862154734068,0.154758103009703,0.772630875428972,0.130048001090955,0.777287925184931,0.122052044215912,0.495424567163248,0.125886127600106,0.615163355186424,0.122957114193536
3.08641259445367,0.212899733672743,1.10530487816344,0.243054618324752,0.630189648922185,0.17581602359868,1,0.294591032031517,0.372334723928692,0.719925908265084,0.178385083154761,0.638992095333619,0.135850560577496,0.632783693655293,0.124288012967298,0.800467668503986,0.100309742420939,0.613912070685677,0.112228410362961
3.2054346492351,0.248318304888298,0.813725430843514,0.19230216141314,0.470759558462622,0.223130938525717,1,0.561332317677863,0.314484400836429,0.595159683982056,0.162708415227108,0.632994868218049,0.137182735983705,0.718344510339432,0.123220969046532,0.661203255920506,0.117464203914264,0.752817712291904,0.124630867478986
2.76073427937882,0.189171631969934,0.977074587987206,0.216695395816896,0.758070131194274,0.102613579050449,1,-0.415254413263356,0.390238928724023,0.856110133315299,0.147131460976614,0.706082879171519,0.130000236184017,0.570460808127281,0.114153376023053,0.738977207311327,0.0975265910501163,0.474837651853997,0.132996390046213
2.90184301992629,0.237610121449142,1.10718065034628,0.238949250936187,0.449919910245266,0.314927067705772,1,-0.240092902237575,0.352902294654385,0.748673448090139,0.167977384785353,0.798364597944339,0.123025451062667,0.709138290767258,0.112739592104177,0.523415213789854,0.124539690023898,0.838062292609418,0.118391258152457
3.21970026183062,0.232847296350795,0.993796926355528,0.244389435894115,0.683716905034509,0.165140047893109,1,-0.29620291849969,0.532471204036449,0.941736632989096,0.174523609130644,0.876896062823829,0.128635681442266,0.78430871484194,0.106956108959477,0.764553397110909,0.119927020193177,0.723542048094412,0.124072580725378
3.62725954960488,0.257472917624072,1.27714654638566,0.301019871770305,0.514013183792291,0.22015787586805,1,0.353807042081962,0.324915052976773,0.661174127296833,0.175162008046344,0.806452913364155,0.11793820986569,0.796036619636283,0.120421955709684,1.03229467381378,0.110732352515862,0.530282540662347,0.150205578281639
2.99647613467101,0.247681662761186,1.06089678190371,0.275632768924899,0.671011934573084,0.144513586883668,1,0.0877147498680124,0.426159935949235,0.613635987466137,0.190330730588303,0.848011980958323,0.134120037496312,0.629193020196086,0.116805347492575,0.548298425032649,0.130847286162623,0.798425955950793,0.103752732317378
2.94353639904558,0.229046116608068,1.05891814771671,0.230334582090291,0.754570406967718,0.0785199377670223,1,-0.0699009418643562,0.378024842654571,0.650375332886993,0.193018190663132,0.722461560764373,0.124012546756613,0.83818263765529,0.109943428416154,0.501842732146738,0.122113918253017,0.848502601941038,0.116311823035629
3.08452011098708,0.221879648286574,0.893134699606735,0.209434598212754,0.4238565573192,0.285500211536984,1,0.0831251268822112,0.390001166463928,0.803648845020948,0.177887789084339,0.709399303597186,0.12004543652433,0.698729575596503,0.112575159838046,0.613032060141591,0.118188931573964,0.763274501508974,0.108007706784418
3.0845224054832,0.233793890657028,1.01605886772639,0.224915351195574,-0.00795055728208454,0.209045348686724,1,-0.152149977734035,0.351162733060406,0.843880426411276,0.166269669626039,0.885257002075789,0.112330229864668,0.712979012853647,0.111045820057613,0.57341435495053,0.137865258290338,0.675693013270124,0.127431456964719
3.37889028390882,0.209779465222777,1.02044511988505,0.239012260477257,0.787415143070189,0.0673663737752195,1,-0.19026248119333,0.439323622531524,0.635441171081954,0.216427427960827,0.998722475699129,0.128050486057423,0.725802191448569,0.106072886237386,0.774060029529393,0.0948479393532021,0.646682822299951,0.113350912417346
2.86240194029119,0.200807352567722,0.686427612681348,0.157070402775204,0.445166998442506,0.235693877030936,1,-0.255332486728639,0.391259469158344,0.783658547726814,0.177543195298924,0.513053182985937,0.140597598823539,0.574840746644214,0.114953134953751,0.730964520296057,0.104948833738372,0.705404374761459,0.118271303690993
3.31471182606035,0.279289749027839,1.00594288069699,0.241702980779963,0.670093520601363,0.129750462500893,1,0.00798191142073823,0.292571333382981,0.98186585294873,0.145971970264117,0.687842479977487,0.132923692931067,0.666249395676794,0.114488557205378,0.628389518375369,0.122621158001262,0.932905491522306,0.125749408060625
2.82291259033094,0.225499481542218,0.940780284853962,0.20889865814591,0.327378544049726,0.267821408392608,1,0.258088572883853,0.284144487644672,0.589903105752302,0.178379690931638,0.742719223737785,0.141081935309963,0.487616895128543,0.140790692184724,0.571176386542976,0.112933332401547,0.748531975114819,0.123405306042289
2.94679511443003,0.263933422101224,1.26319388437264,0.306627523526891,0.395225663593414,0.323691692867701,1,0.146557681531669,0.350316843957672,0.472994427849264,0.211677007970559,0.938573306281286,0.128752510059405,0.55920554347252,0.126738502117702,0.620296078100622,0.128403708358476,0.829226650597507,0.141968280141225
2.82501615623524,0.187921890038296,1.07834983322387,0.225565317927489,0.557559232988156,0.179128139291471,1,0.144335934943162,0.354239668061233,0.432216876280572,0.204815236362441,0.755891399590128,0.11477707899407,0.688987323824613,0.103864764781635,0.738886828977916,0.0939719407874148,0.501844344873077,0.120869467272656
3.30115532041081,0.249212330905727,1.20262684251934,0.247279632278066,0.454346911768074,0.258607648921992,1,-0.0863811060602349,0.284513265303935,0.668984390233344,0.172085134116561,0.73339838915681,0.135165203545644,0.777873204183999,0.119688167600078,0.779287044780973,0.112718340231355,0.766191828640768,0.119478591556714
2.97781924326223,0.223550202850552,0.990376822728699,0.221848162806199,0.523746658690561,0.213504342397522,1,-0.0861152884395426,0.298932181953693,0.557260087922538,0.192066742375302,0.845101990345047,0.118333240206511,0.634140324590276,0.142961437546168,0.712821612840235,0.119914138745229,0.640618419944408,0.131545328150274
3.42955472553789,0.242057548755098,1.33949635578183,0.293168638203864,0.348918007530834,0.233265400018865,1,0.515715726321694,0.323695162436807,0.640286884063435,0.163028113282555,0.722090135160843,0.129963197057794,0.849187313744625,0.11537367353265,0.574685677947179,0.120635368476455,0.950405484348601,0.102236215768357
3.41899044451687,0.268392220217315,0.963234817242175,0.254402858906491,0.69730129969286,0.13263908293378,1,-0.166259898312904,0.456257086142238,0.828689592812889,0.17975779514868,0.824378038089842,0.107447076758133,0.870796174564641,0.128246735560244,0.733488333468026,0.130579979858775,0.829124409499072,0.133687826867531
2.70648431811349,0.167203578433627,0.701681190521215,0.143163774916329,0.516338848356282,0.12222410587497,1,0.129508014963885,0.240290719773426,0.500621200235286,0.175227512331673,0.507576183340611,0.160833557217167,0.601474253610757,0.110423322208537,0.582224527630792,0.101293022468162,0.71360882646747,0.0977191365939963
3.2477623556229,0.287058548742675,1.43890456819509,0.341749280245541,0.276171614598382,0.321536442536882,1,0.701933520336039,0.365844344886002,0.344820326199833,0.218722834222111,0.817502842574869,0.113891029569993,0.710308139352744,0.141394361265335,0.857263510981675,0.130405775578175,0.846156210778997,0.131188518614295
2.72735177728862,0.232275320833641,0.870127614560091,0.198956270838101,0.663497934258964,0.112332814272673,1,-0.380844276063224,0.273143681555303,0.735541317538283,0.133493230407004,0.695772314303996,0.139698389059727,0.525131789752561,0.137434311410624,0.5047408668538,0.128244450239396,0.478915684177622,0.133710157727541
3.13632404590042,0.235854586403188,0.926686342141891,0.218596660079297,0.529409634690156,0.248040045991858,1,0.254641193888763,0.55880548753539,0.784531661241208,0.234857640592094,0.480057361591391,0.162163882364745,0.812855625115359,0.100839978080554,0.765497681336953,0.119595676735256,0.629608764316615,0.133251986985181
2.9067207770604,0.2183366768847,1.05297958316972,0.227667544141862,0.399732611057239,0.179525929475651,1,0.354903447345475,0.25788010305013,0.371280049102527,0.183657434382642,0.616519809039886,0.127819325316103,0.677556016340286,0.114901649698429,0.674647556079712,0.123106913065675,0.781462895094232,0.112147648705522
3.25299631641341,0.247977283172865,1.23004867088843,0.270449748076093,0.661822382565541,0.120810453272135,1,-0.369691873762382,0.473831420887043,0.778321238161625,0.224055834327656,0.825416805457936,0.113167443598926,0.737624517673419,0.115464177365019,0.807632261649422,0.108636143121573,0.913842642577076,0.106912839866541
3.01307792508565,0.255053395955661,1.33817405203618,0.298553205109485,0.16769392920859,0.289620956620005,1,0.203231532297956,0.442141086973488,0.636922834834088,0.196175381842124,0.557774332466454,0.132328918776264,0.74473477263402,0.115769716893916,0.633021404407776,0.12856873199059,0.666294440985628,0.141562308046728
3.10010414781054,0.255880702747581,1.06305985970189,0.262054909718469,0.27992078927706,0.285309694903992,1,0.429797139713462,0.37417561563938,0.560901234878434,0.204274551388269,0.510526497007885,0.156545044258283,0.788623599871266,0.103241850071006,0.856382727951583,0.116795223300772,0.697890893060951,0.130586178992677
2.60001388710885,0.202286378871065,0.533996183493739,0.139718525142799,0.719373016695139,0.0859912600009819,1,-0.417738446245135,0.44478146078987,0.729580951075471,0.183103348542801,0.636364613716035,0.132035253793983,0.419209348405852,0.126528895507245,0.651847995392572,0.113234681333647,0.451483111458708,0.128465011835658
3.16633718414868,0.268366343701328,1.12801814441565,0.258289746636246,0.511113544103602,0.208761856145299,1,-0.41656589656842,0.375196282282284,0.753577226147409,0.183020908678008,0.69681643009445,0.147149275033622,0.745804011380421,0.12203000003548,0.683974411437713,0.127048019256801,0.798909474962196,0.128829853363945
3.02455449496511,0.222618662389099,1.21118406669013,0.262250543999397,0.473357361585097,0.283823801027664,1,0.60799230807199,0.346723142522728,0.388035483041032,0.182327631126626,0.585284340436771,0.148907521663923,0.736112310953768,0.120374591819301,0.790906678432659,0.101835786648011,0.580640976142324,0.126297246290055
2.82369985142015,0.195495349959788,1.12103826230943,0.266943266704231,0.503336654097061,0.240501614450879,1,0.299554111546738,0.330073288742147,0.488773977271461,0.175567187931041,0.463391492281766,0.144649380590541,0.643309441399941,0.106687471207146,0.734257657821355,0.113152385972481,0.625013891714461,0.129365920513647
2.80113659561187,0.162071810217803,0.823013903411242,0.161577514062293,0.488405561863768,0.197663478045502,1,-0.0690696942560142,0.351276882920405,0.533924997373725,0.199346511170093,0.729090216177731,0.11697032237503,0.602970029755781,0.100513817163947,0.723165959039931,0.116455819917579,0.651929099616668,0.112280609029968
2.78031134925328,0.213881996932133,0.887377553042966,0.228411414479136,0.719650456358079,0.121126414043413,1,0.152000714506071,0.38348043983638,0.453599450510051,0.210734613898372,0.643468083776594,0.125546480407226,0.602093636848765,0.107910886343304,0.747168525051616,0.114615106200568,0.347899507844228,0.150032748745593
3.04762742738796,0.238702900860545,1.09027635455826,0.249665227426566,0.296342160131923,0.307489758502787,1,-0.603212119153295,0.405248950817985,0.957307016246466,0.168096763441357,0.693378245198219,0.12454559830408,0.506221080963272,0.132769890958885,0.836927955073552,0.11685965197578,0.761333280828456,0.128105963677458
3.29251503791794,0.252855087850307,1.20577733335138,0.274532790446462,0.535898639819794,0.231630055291517,1,-0.307996263006879,0.409489220895608,0.919554053453591,0.165534294543876,0.634659395262582,0.131411732521175,0.831960447268294,0.108438235222023,0.762566125227222,0.108373336212357,0.811805784462049,0.106545741141816
3.30368440879851,0.260651479304414,1.47115834007748,0.341623875562375,0.629373206802323,0.226719713626594,1,0.530638321169915,0.494775544987541,0.449374654504398,0.257054298876579,0.698187599119573,0.146026702343977,1.00640037924191,0.109805904654632,0.653997630198808,0.1295926313689,0.634369632155227,0.124977734137874
2.99388383536193,0.219072792825722,0.807059036096587,0.193267801977352,0.723825301642251,0.105819444372562,1,-0.302434741210861,0.419708746411868,0.84731904763744,0.177928550622723,0.776377120993467,0.123354171641274,0.435089523845216,0.152060736055829,0.488239472322416,0.132557464480608,0.850350899349166,0.106766765984334
3.04619146251763,0.217651121015681,0.890391896824267,0.190435039031699,0.638526839154471,0.138603172155911,1,0.195327027268606,0.323540835656918,0.672250319646138,0.172685561189035,0.661840810994828,0.131040853843989,0.766220565403763,0.118660117038543,0.877507905622378,0.0953054910806744,0.627456260410318,0.120977669763139
3.247555945716,0.26252281530858,1.06646657298352,0.287832389813841,0.708259407968039,0.116670800760056,1,-0.129055396201128,0.409378116923152,0.712779607246182,0.174030015950038,0.90766463002482,0.120818355891934,0.903082895707851,0.103827578899323,0.704791877183239,0.115390206084523,0.679621923368722,0.131688496042287
3.38741632548861,0.292529674177505,1.54429048258884,0.403269712373969,0.254395325584599,0.372267689786517,1,-0.496781453014605,0.567122641227298,1.07737119983078,0.203230883439096,0.749999979790465,0.136389512604141,0.51131348366033,0.146539033364387,0.899427032575443,0.133262564932147,0.568333428315128,0.136523790172372
2.81801255004619,0.220594063052825,1.06245584739698,0.275785456423241,0.664679895276065,0.159484706433476,1,0.179642101243738,0.414130599037636,0.666609707063595,0.167585357347981,0.647131876234562,0.125256835282161,0.309288091173754,0.147786737070614,0.781194893753265,0.13883100500329,0.59014618040876,0.124849992808182
2.92218021444192,0.208986473017663,0.910872535862197,0.20220454924945,0.670595462174882,0.142957837108632,1,-0.479657466081853,0.384559688942618,0.802852650524583,0.172514769793055,0.58616572279093,0.135465680509401,0.834819666799427,0.102323116978575,0.789470276844368,0.101370348766458,0.775856439628143,0.129555872583666
2.53481892876531,0.161763836588291,0.501141196920576,0.112711520393702,0.380594731987682,0.229478136316437,1,-0.207157095991412,0.407725821598394,0.627228002713373,0.196767783706935,0.441077218868998,0.145700396460199,0.650531094215662,0.105868179702511,0.456940478088414,0.116745971855631,0.554891970705337,0.107344439463864
3.03837474446743,0.212640139646586,0.830292395757423,0.195740420790449,0.411772868401422,0.294598238870704,1,0.0343933409854153,0.37366510280346,0.63750590798648,0.191128392556353,0.602000868739512,0.13379519522522,0.683730188026953,0.124100121079178,0.781619690184919,0.111590105917974,0.660471874879328,0.126070815695219
2.80636937311973,0.217032328727845,1.04143486617385,0.226491983883956,0.7263975305987,0.11586547467843,1,-0.625576433837995,0.527654209164561,0.696697286311504,0.263186619903036,0.799032660631808,0.119477467074255,0.828954310674842,0.101734546615843,0.403551960336908,0.122853905382464,0.629147815274912,0.128102554801104
2.94661692981471,0.209050059679103,0.771250642933321,0.168681665481279,0.651612779104035,0.131869986129219,1,0.0966609275074809,0.350136344231193,0.729909204500742,0.165401274085395,0.686930741364482,0.129669065704212,0.641328443980975,0.10613120544215,0.667059813184265,0.129144905484305,0.598259239849365,0.121931525819393
3.16480764496117,0.28212250156902,1.14808349406565,0.280277808072011,0.499061722590079,0.268879284657496,1,-0.0396023988918768,0.374485767131499,0.847706838044207,0.137078849555921,0.730966627852759,0.148431453696358,0.55742015432008,0.160288207041697,0.614190236393929,0.138978356141683,0.740792842848899,0.123535126829547
2.85443430493788,0.21248512345391,0.902470100199007,0.21115529411493,0.253619495965827,0.305397094874511,1,-0.329096286479977,0.417498714342868,0.791194128744927,0.19149605728421,0.704000464854832,0.128735640219321,0.53118000472511,0.130042220752868,0.666101166901845,0.101316885815008,0.605219307653281,0.127732245433437
3.09415021847313,0.207982076412487,1.18967242278047,0.245166950858722,0.589713950320973,0.193105226816866,1,0.590336620614332,0.290070677715166,0.632148092841032,0.151371028290491,0.51243786577566,0.137230771072274,0.703574496285342,0.114366059307052,0.767567075452323,0.117558792481762,0.709429677437883,0.105507279434258
2.92916580178401,0.216037231818089,1.20027023835924,0.254549981602558,0.506550136482478,0.194398232242356,1,-0.22307755576561,0.287248224837464,0.714849388145079,0.147648570583044,0.759798338171962,0.117303853648254,0.641231984082708,0.112756900977715,0.69974011387907,0.116831594787416,0.67717702876952,0.109253589130505
2.96694578771159,0.191597202681387,1.23974044305422,0.253107416704319,0.650260884237655,0.115685540830906,1,-0.245456471729858,0.364557678265788,0.67337386364851,0.209720388723485,0.736486374220136,0.109040779682776,0.785759191294163,0.0849894378543941,0.53913262744577,0.130453271660978,0.883858400400337,0.0875996528645637
3.36822871624706,0.273646836486329,1.21060257611047,0.290620229472505,0.755068406403025,0.115442167775328,1,-1.01344871921742,0.613964737586657,0.997789113468892,0.212676094225774,0.980146913601534,0.138026097817755,0.650417169927299,0.143075652134853,0.824793225197598,0.114896366088377,0.677233921596501,0.137244284334529
3.72111212109717,0.28182355452924,1.8735868276418,0.38410507937691,0.608482819533823,0.269694955081374,1,0.522044419898972,0.389279986652895,0.828641605709767,0.182964018057946,0.708383141487696,0.141616371812308,0.88137521827687,0.124156677769934,0.937610648013593,0.114537281447462,0.669742552854811,0.137697320229134
3.02843824791869,0.27081143760025,0.774300525540183,0.208328253105303,0.246354900551696,0.291155348564483,1,0.536256442433422,0.313998173128234,0.468130798257682,0.195798013030847,0.664253735514398,0.124551896143706,0.582162825175192,0.13927672416178,0.581391667555336,0.13633455919943,0.815374679166526,0.13931129703346
2.8377177384003,0.198141948189508,0.803002569174892,0.186241516832486,0.604710081706398,0.131026069233681,1,-0.137214810515838,0.323875332710112,0.591020385306443,0.188620440873362,0.720921655295262,0.120306394071424,0.55776898011853,0.120307496800548,0.655199945243307,0.112394747378633,0.685204660673119,0.118989420796151
3.07228662931436,0.241882094525068,1.24898145960322,0.246168494018268,0.458227190057042,0.276889434267498,1,0.106871826237041,0.341887763023446,0.675709147257184,0.171548048464475,0.783495454444195,0.130676800770688,0.686002569739269,0.136727928796149,0.495252748174878,0.138373662885011,0.859958144166738,0.104747771232892
3.06796542198115,0.255353271519192,1.09506587107222,0.268275354332665,0.511177090125845,0.282219556973092,1,-0.0426074116257855,0.436038486972464,0.513942957580134,0.196150368124322,0.67043428190541,0.138646515813696,0.861472773534977,0.0985851318608573,0.661051494297885,0.134919727609648,0.710803874031761,0.131838692396223
2.93337191708831,0.20588781096789,0.946121922254724,0.194542300980718,0.428726424940578,0.238117282094129,1,-0.48257935762985,0.357504360765266,0.973340122722347,0.138487351397694,0.711274913158496,0.118962089091074,0.632944202109913,0.109195213915645,0.682386310647582,0.107080829819631,0.58219974187295,0.121942066194287
3.1250110292467,0.266487735856119,1.11001101049621,0.234096348695227,0.776671466641336,0.0916187130846372,1,-0.0544666343867731,0.341841861400394,0.420368977090253,0.225097546756053,0.964482960415434,0.125203650093063,0.747439286500023,0.136936335672428,0.730125554126559,0.14017465018616,0.739309605866377,0.117964650590945
2.8620811892332,0.20495500202833,0.838465016023999,0.212349752791065,0.65675620366134,0.146905948334627,1,-0.332208504619722,0.367950985735066,0.855767648301271,0.154445770873904,0.768885602918738,0.124813536578158,0.764588315049556,0.104693542525805,0.451925799678703,0.115106350558274,0.847613962821879,0.107821928231982
3.1038867684823,0.233650886172634,0.851693422825718,0.189731994287184,0.452182030824128,0.258887794704115,1,0.545871999725281,0.281509336260783,0.52131803804224,0.163671142219053,0.716735615628493,0.129194065911995,0.663081039825485,0.130533293247279,0.69790204063681,0.11685600323883,0.470064785159358,0.131611579907511
2.83110952560182,0.213276087011488,0.771882158067893,0.184993983498026,0.61744640814717,0.154622835955906,1,-0.114921389314059,0.454324880636773,0.502342528122437,0.257881165629642,0.820549709417706,0.137688125894507,0.68683832031298,0.117439790110148,0.59286841216319,0.125055071134988,0.678411147608574,0.102783234990502
2.88489959812072,0.208811728136791,0.854623255012338,0.153418733531468,0.425117109047868,0.269751827812554,1,-0.565268193486468,0.329409965251398,0.75599767812437,0.181452345852216,0.766324795382582,0.14864561516811,0.827119825023512,0.111944028597158,0.560424165201421,0.120859809584399,0.661048328933731,0.12169082050426
3.07804506086864,0.230208334546878,1.04048144769505,0.261148711935038,0.733279222201591,0.133838670063473,1,-0.196959780993658,0.525067523433053,0.777416441378009,0.205996369809149,0.713929952536819,0.127895263785963,0.877333141138309,0.109462723096362,0.768634288822238,0.101389931979356,0.571168488793447,0.13646765536555
3.18158024329977,0.256069851567216,0.984435276569812,0.229867211480687,0.459096758651001,0.214669041046986,1,-0.0512020614669759,0.332044036845881,0.864982425306189,0.147678213190838,0.59480850493446,0.144310492165402,0.624322218244191,0.128354900495356,0.739835542323145,0.125140569691622,0.775623490032924,0.124672749717666
3.0391942399714,0.241677524756214,0.795824586718876,0.205200289037635,0.730137868993996,0.106560359353007,1,-0.293145135007519,0.373081200738215,0.955984530990762,0.140932615786979,0.692548297217533,0.133708046105883,0.773493856967018,0.114207557609046,0.606063386020048,0.140033274651221,0.637629350034768,0.117094205488497
2.98842297423673,0.219634975089208,1.12387340629328,0.222865993508153,0.49150753904292,0.200391477467824,1,0.0957592803568943,0.343486245667356,0.786075132579484,0.136130953941716,0.250659105574423,0.174190468120205,0.726910763826707,0.111059737099579,0.889280144053433,0.09940933498286,0.695158721356486,0.122024452415861
2.62519318813473,0.225188387912296,0.414114228891954,0.135755790792228,0.770128166330296,0.0727433998381217,1,0.120438166986202,0.423594844148562,0.702215897981463,0.204795970894424,0.629293868230606,0.14939251665322,0.639534050611894,0.140866907855905,0.662461548913177,0.112691854798217,0.516745317702643,0.132877151288389
2.57508133250527,0.155710389228932,0.577833691174071,0.125311056631019,0.652247771592178,0.124225230791788,1,-0.375874403284884,0.369533856387691,0.506884305179958,0.213207103632232,0.701404660236865,0.140970163506402,0.757929336157161,0.0986568644444647,0.627303920743258,0.10152543583346,0.532447180800833,0.115136659262525
3.11221449231672,0.217628206458495,1.26261936746392,0.251484840143732,0.558618610566296,0.175588547565454,1,0.172685404293936,0.317093179963347,0.752590737858884,0.141709380564521,0.59793585580551,0.121777441398693,0.675679646121646,0.125709135017265,0.811060505664381,0.106987822655845,0.628758047384369,0.110918193495093
3.44442016770414,0.234528737606783,1.21006828924601,0.271786642450511,0.675540123157945,0.146167758454271,1,0.258816685548666,0.404504761741677,0.640270604883977,0.203858427678521,0.880381017963383,0.111211146073045,0.712235266213767,0.104464064452652,0.629889086241073,0.132943367710237,0.962601492823314,0.100621042167648
2.69081815046102,0.207308278133377,0.897553489764672,0.214641241019987,0.630271845754333,0.202411297174743,1,-0.112694045380411,0.40117387562708,0.75261194315329,0.190837406588425,0.35965894262801,0.156566815710754,0.918188357230397,0.0977489740888458,0.365622958980506,0.130921488163282,0.682620873627393,0.105622766478972
3.0498232500214,0.237845231700129,1.25961751422582,0.313131889939204,0.685309957440567,0.137606056536384,1,-0.0598382191292134,0.401846448342911,0.571934685935528,0.231373328733723,0.824560626656801,0.127165920581662,0.795912928686022,0.116984495593521,0.590909405441062,0.136635180854415,0.726242325485432,0.125779296304448
3.01300404521524,0.243032916097626,0.881991484772882,0.224747192536842,0.712297055921074,0.11304657160982,1,0.00947832912813965,0.353123945584635,0.603056006365378,0.181620547081935,0.715667936482664,0.133585233413129,0.781050500958339,0.116022888210103,0.656226906774905,0.121803518949562,0.508973938392043,0.131334640050329
3.177622437463,0.228038097720973,1.20304616406988,0.256453150626001,0.689608560865218,0.118227762526942,1,-0.0803898317663155,0.298412150508746,0.823684727585183,0.128301747689032,0.786771775855363,0.125033108946587,0.721252806741263,0.109394400291886,0.747047824270132,0.121544153835976,0.671066780208409,0.126000089357046
2.99961077609128,0.261845708873587,0.894117974776585,0.222390298943711,0.388749610599678,0.271073442222711,1,0.554245244343235,0.419475822966324,0.534206567374083,0.206205488952848,0.579076231354155,0.129557872550549,0.708399008052148,0.102361639873172,0.837199275831682,0.114463805315852,0.881563600271797,0.126339445364946
2.77329282855239,0.206530841285842,0.958254106912146,0.216104886946811,0.62386741788383,0.168884480211261,1,-0.645863369260516,0.614226582481915,1.01466587131351,0.209979140930799,0.404502334290425,0.138823490200798,0.701066191239298,0.104780531550955,0.636974167560833,0.110019680844253,0.729529215458292,0.102605550943534
3.18062864945158,0.246811328429202,1.28906081816665,0.271371696320675,0.504526885336681,0.242739621311936,1,0.0898182111441751,0.451400641995258,0.638501897030896,0.233430471816755,0.860081306977091,0.108590241275585,0.651788625944993,0.104852363180846,0.888072416324946,0.116055800825753,0.386417565458052,0.142202105661868
2.89882743511555,0.209827234499475,0.847295029475971,0.18728896016593,0.380572134038689,0.243172056504303,1,0.115174861621718,0.336270917254312,0.432807062281048,0.194795531717594,0.779796849293704,0.109203009772676,0.635458964090689,0.107573612256219,0.783948603719884,0.120708415185091,0.564373532175009,0.116211912399828
3.35091218287225,0.263482653439587,1.18869658604317,0.267181170814082,0.449272964891147,0.218198883040235,1,-0.583359916647022,0.349841498960935,1.02559584683518,0.154166956289207,0.888433679207961,0.106727444406822,0.696353512949305,0.119616813044588,0.762264880445831,0.101713847854978,0.778363718991598,0.137063205909173
3.39063789795329,0.261747831166782,1.27642703622218,0.273146527740583,0.150013199167295,0.199179999793477,1,0.133855527631422,0.33953389505593,0.755040025157711,0.179419179226514,0.847169615894831,0.111396111139189,0.950152350645229,0.107388767722533,0.396779802154552,0.143061546399714,0.951485189479654,0.106329688356512
2.9978411208636,0.200584289450435,0.804573809223424,0.202781695708003,0.714975428208406,0.132439332092635,1,-0.183891154503329,0.44231075346279,0.584432955122815,0.210924989310073,0.83366171781781,0.116961673168552,0.663187171909424,0.124947446911159,0.751430571928511,0.121955748140071,0.841010123071632,0.100506629715527
3.25358744128831,0.230533665471741,0.965599338776095,0.226444662613154,0.45088834821093,0.266859451054506,1,0.0605985885022862,0.356189627207936,0.880797741109196,0.154668841026893,0.700357995148104,0.122834299279761,0.740815625570858,0.123551416164986,0.767321883987907,0.126277670240527,0.803669250445889,0.12704307761262
3.00989673999385,0.213528342520397,0.972232112303674,0.199960095510541,0.528743344291996,0.233656209143578,1,-0.654867497351357,0.292744230825656,0.938615435742328,0.130606679685555,0.735714571823115,0.139081718443966,0.683704540267554,0.11503847820868,0.871475987534807,0.0919844550714835,0.716855004013333,0.110631085174671
2.95599682193494,0.199788167841876,0.844786391386582,0.213039119938479,0.713940565705293,0.114463636373825,1,-0.571487084107297,0.409658553917796,0.895521728898698,0.166668194516142,0.673609187178703,0.133146096990401,0.702441793063487,0.113907761545152,0.660730329352789,0.101224486570755,0.726521465697342,0.123456062163723
2.89748583172776,0.215284916447116,0.818583764966876,0.20330916178649,0.509414707855625,0.200673872298968,1,0.468279829741204,0.308715885915838,0.188245957802292,0.249522414442678,0.860639411892328,0.112588655376788,0.586971422314259,0.119907611721288,0.659869293225774,0.119532938144961,0.683151322462218,0.12266218988513
3.21903989787594,0.24063297687418,1.09461820315915,0.245476327153003,0.669840836730798,0.150409359270553,1,-0.343524061122211,0.472260493653511,0.748875771896806,0.225668950405144,0.761757090610787,0.145427399486638,0.854522421341254,0.132043336856543,0.697427236975445,0.108866561262992,0.758187874190627,0.111961183400494
3.31669354934263,0.260289383292875,1.23603856288411,0.268680451298726,0.750606762402521,0.0953744756451291,1,0.197960608338048,0.348860896028859,0.784657052590082,0.161664003782014,0.923049340864028,0.122763248196917,0.755397647199522,0.120359379696921,0.753578802092769,0.122277240744682,0.714210174648058,0.124469051403795
2.94126365951768,0.192979239367038,1.1123329095234,0.223613782228106,0.511573178049657,0.307588414656202,1,-1.01616352912749,0.600210927831712,1.10193208314731,0.20901410772567,0.849659736619955,0.104482273158718,0.670327879373828,0.114590085123787,0.662305610030592,0.115394290085467,0.730686885131773,0.111759339048577
3.07596180025795,0.239067423478954,0.953989819701648,0.230653877086118,0.728507803890019,0.125028844334125,1,0.220892600109043,0.408190618076579,0.36430139722204,0.250256849253443,0.710964454093901,0.14906882241142,0.857317331448164,0.109662604793924,0.77457661947853,0.108394020399679,0.663450393866914,0.115704537439214
3.02824815623625,0.190701555734187,1.05915526131458,0.227081226480527,0.494141447953104,0.229935584512289,1,0.339339541194152,0.340476979758678,0.545954104600431,0.200904924899628,0.783168674462565,0.104459175492438,0.707034103775334,0.0929482540208362,0.674570575524155,0.127777587101844,0.685907570806959,0.128380815968709
3.28412831532004,0.242201338071661,1.20513387800718,0.28253395217692,0.62009926773165,0.149717445878284,1,-0.4036639748115,0.349114737948023,1.05113006698916,0.121416064707538,0.568906562495083,0.12439456232467,0.858996557500392,0.100045691698649,0.57622769797588,0.124822831800316,0.73588136317485,0.134263120514166
3.16648784019083,0.218696289706343,1.07962782596429,0.236007068562786,0.585967453511411,0.19098552646365,1,0.294919392681289,0.348200822949471,0.685420903669687,0.171046077151309,0.867295571672846,0.119517799339242,0.737679548291094,0.0993540600915599,0.750327992037182,0.11003290530143,0.4293411439331,0.124793316877991
3.11586567325366,0.240599924592265,0.75997322365261,0.185152846462338,0.637467856214336,0.121062671785329,1,-0.503374692368227,0.383651781540863,1.0048330018676,0.144638584969324,0.605573816413004,0.137655339349782,0.645943258023598,0.124662420005748,0.935903633630056,0.105820989858371,0.649657002017233,0.131916551850677
2.84917999392436,0.211911707314457,0.951665653691317,0.210782492617288,0.785772008812843,0.0798290176749976,1,0.409026695354152,0.346111263599052,0.520510994617434,0.186928742880115,0.70171884905175,0.145758314022335,0.553148241465017,0.100014150406369,0.728170663820791,0.104339455384402,0.557200902253815,0.130821730627554
2.53459760116606,0.172532436538263,0.62384943806401,0.143059331879453,0.455640967052568,0.225607011853059,1,-0.397946247661256,0.346999912706642,0.657810412281936,0.1835569733666,0.480228789779627,0.122626863049457,0.553343125122832,0.108644612240085,0.734104941902619,0.101077255702098,0.567207813375133,0.109409364781503
2.718668943586,0.188505561184256,0.909087339538316,0.182282050869795,0.379035316849998,0.278737865666928,1,-0.380453317565554,0.392593733920629,0.604382871789363,0.207067086751767,0.659378925144527,0.121528350229542,0.666986071623384,0.113087784263208,0.475689811326614,0.114621805885585,0.702644766916793,0.110468293222743
3.15669147990948,0.249689056052362,1.10398471204524,0.254886098074899,0.775401628192269,0.0987697142112436,1,-0.173797565739316,0.469859149904165,0.769952293673335,0.195393336658258,0.795525423030115,0.122465652169594,0.741267239368548,0.101482627384639,0.717216754868013,0.117397153352397,0.81631524616098,0.120815669059086
3.27995012816999,0.220955964878326,1.05318343761129,0.230619322578903,0.746208344695861,0.08186255648809,1,-0.269769205711994,0.395674425409551,0.921686989274255,0.168786044938682,0.752375108386443,0.141686441816257,0.835163361004941,0.119842507065822,0.643361043189645,0.120039447666899,0.710948214603097,0.0979922866518287
3.41579159658535,0.291037245501121,1.54378211009716,0.350474609899612,0.543375433380279,0.30684681727291,1,-0.00917636438189144,0.447659910915313,0.89962072421222,0.171837573268198,0.810496079825436,0.153585155117035,0.457404170445484,0.150764542668975,1.10884621763907,0.12066387824112,0.514152803230901,0.142831251477008
3.13737945949857,0.250419038883307,1.23343311357022,0.274199636477971,0.628050774939801,0.139254092846822,1,0.546628738477605,0.301114791162776,0.544989942155003,0.169141572467493,0.73904224019314,0.129719584015607,0.535246123668995,0.131817632333078,0.682160733462034,0.122654713981501,0.845276303051498,0.119492747552501
2.8791520116925,0.221302231745889,1.03069551916129,0.246670549342752,0.698369539007382,0.117134663066338,1,-0.492529897612698,0.366012243916582,1.01461308407406,0.151607798741943,0.59535398441345,0.124841422120758,0.585057028955486,0.112143215780416,0.715070138592918,0.10249999977185,0.643166340029976,0.136585990010819
3.20926250371219,0.253141194708429,1.2053938126379,0.272452998191722,0.478993338040272,0.314381269774353,1,-0.0671401808841403,0.357432009323815,0.806969080346829,0.166164594156818,0.830294259857472,0.122636052519298,0.70545548346231,0.125179864083664,0.759057611890454,0.12789612491745,0.674946875641277,0.133547853876888
3.16899235121241,0.244554749826721,1.09486262613598,0.24370338971499,0.449682651629932,0.269158287596605,1,0.436222033621484,0.332810016594568,0.594081876972247,0.172997203538777,0.638736129019086,0.139516976750776,0.733488319168901,0.114276570969598,0.646664358284831,0.13544884502495,0.709816591762557,0.136397320451572
3.21531979844528,0.273008257539807,1.16466029143964,0.222268130923389,0.122679248534568,0.185720928828004,1,0.680975561495702,0.438151487506349,0.60163319840161,0.19186061812609,0.664314740912016,0.135203300004031,0.774734086019764,0.112166716317988,0.67154039678137,0.109002606305562,0.857901809050524,0.135968857756992
2.79437667529855,0.225303722166996,1.17333573265345,0.243864491954085,0.590959361013857,0.150408956005355,1,-0.232191910104599,0.36270598297466,0.563133971442562,0.197169912499527,0.658107559014397,0.115545069643153,0.797046607139289,0.116605991524622,0.495488743125424,0.129843559206157,0.581616270816385,0.124577807089573
3.3635229573466,0.236607068965856,1.18573083454531,0.254470905690899,0.478657960498649,0.248094117140919,1,0.51867892212126,0.341239673425774,0.470673439138949,0.200125075643625,0.894519023200687,0.120670560574899,0.897863448949503,0.112505708340119,0.730567459458907,0.111190936461306,1.03839222754518,0.100181782757664
2.82971428166182,0.190324542338418,0.750490751641488,0.17810211687454,0.595790077779811,0.15590550615286,1,-0.0887537432388087,0.305925839315036,0.762957272228909,0.132348035480825,0.62750215928208,0.111316255362003,0.651445483238325,0.10673347070823,0.570207936326692,0.112624237694235,0.809875276685036,0.111435089888636
3.25260578978483,0.253105483275643,1.15145086229223,0.290784422910922,0.336301327262246,0.221724769474067,1,0.129577090715125,0.357852503291347,0.740638704088141,0.167943518640197,0.717721673602489,0.135782306563489,0.756113132932833,0.112127842049365,0.54654463536531,0.139284461747302,0.660079884823816,0.144804338546389
3.17163614716398,0.255636526966597,1.22120638726932,0.256204802288671,-0.040019270179218,0.218163154834985,1,0.520163543584708,0.281411578630596,0.614676865537451,0.168192694051476,0.572089375636163,0.143195206934221,0.844143195874046,0.0983069417647471,0.86066678225178,0.123059855275331,0.802002071049066,0.127354154343735
2.91338674030994,0.202756081564884,0.906822793242299,0.179153775757403,0.49590817693923,0.230086907158028,1,0.0929716890881456,0.490386514156421,0.527010450322646,0.276470208304206,0.577768097743138,0.131974941307349,0.621124292917015,0.106393371201754,0.891701048149296,0.1073150537312,0.667101692021071,0.113113761255353
3.19242788468632,0.212335277826806,1.17870881550896,0.248056072246834,0.430258008865202,0.265896895881363,1,0.236495378087119,0.312930480431589,0.617196926723692,0.164508924769297,0.791392111007771,0.106996303692711,0.632496036665091,0.112959139201656,0.876917388480882,0.110304902036451,0.561428831121203,0.126897018224422
3.07615219272044,0.211919788119105,0.820456041842152,0.17467519936648,0.669753249492775,0.131888434595224,1,0.210107205966958,0.360850328478384,0.556336402793811,0.213977809854817,0.731155753842904,0.151969797736768,0.622094121904613,0.128317721914838,0.855554125649533,0.10242329354807,0.829609573368555,0.101776308015639
2.91366033217389,0.215415390589493,0.825718207651278,0.193547281572593,0.667836027633628,0.137277809863619,1,-0.304503068368159,0.418859306024184,0.747812117620476,0.195566721219291,0.806160012030559,0.129434440024086,0.710490295983919,0.100480124899539,0.597878113234187,0.122306225870608,0.611015148326675,0.124066768363861
3.03172898243622,0.250530607766281,1.03719491940857,0.278681594789201,0.855045415691125,0.0455827118257438,1,-0.171823751146852,0.386329107656239,0.937443603719869,0.127431896086552,0.662405807885656,0.126281346720682,0.764385794632512,0.110530516205561,0.712053245887854,0.123188757292824,0.805464970759115,0.114304118056101
3.30631620309705,0.240308316090328,1.12234303775873,0.25901985141744,0.63957219654859,0.180020754924129,1,0.122943066201401,0.397423454288118,0.588004006682765,0.193710440342872,0.616103422199008,0.154896257998326,0.857533546417208,0.119558991415951,0.747138681255473,0.118319840462537,0.766503318939996,0.12996643348361
3.13698164992825,0.229920315253738,1.33269491134343,0.262521519806111,0.411336430086014,0.229054855191626,1,0.00549097181753479,0.349511307288996,0.62724080601796,0.170472400777228,0.673809887174145,0.116611234782774,0.800891859900365,0.0958664270191367,0.774587164145213,0.101548104042591,0.814008682976973,0.10264995966861
2.99781312420329,0.237243892480654,1.04802567987623,0.217750746997169,0.185658045720761,0.269808571891506,1,0.464255924469565,0.293197278397992,0.424139448682025,0.179656568984268,0.661775865967685,0.126848126356522,0.835713913969495,0.108565673288604,0.662782879134402,0.123786051809932,0.651720831267646,0.12025910201175
2.8950577844631,0.249271404817831,1.10212496122222,0.275035304785509,0.377728545843206,0.323348371688559,1,0.406125637889244,0.320279007788771,0.593561458407394,0.16954459667665,0.486334204758653,0.164305742449631,0.654318385599717,0.112255320288586,0.53284319216823,0.13873883057573,0.680320410590785,0.137260669337622
2.89608670027823,0.242430571976156,1.05862874273781,0.272277762681053,0.511498688250319,0.263966430747255,1,-0.12673329239923,0.396513433859805,0.927328355627064,0.160630101448143,0.634469860762092,0.147159412060108,0.740832750746516,0.113675787888124,0.647564469325262,0.119104320603341,0.658140954703959,0.127765561965615
3.15935693543428,0.21237692609272,1.119046516327,0.232081105265435,0.409218092475583,0.312869388970196,1,-0.0579031795163971,0.353325045728258,0.880508539624426,0.151192295696788,0.562023283934284,0.133347363041011,0.654925999025298,0.11771929084703,0.665480396764349,0.103538700970693,0.771043056721654,0.127925697630201
3.18479214813575,0.237489760745124,0.950555079973252,0.241708648222877,0.369568332810405,0.279547824203903,1,0.549994602619123,0.299834927472633,0.127770993554688,0.286869723602923,0.95332421388787,0.141257817309903,0.801905572881515,0.110438261202025,0.807666433416143,0.126799564401276,0.552793348661121,0.14713559053904
3.07605350755662,0.242558531211923,0.959948391335355,0.219020365106438,0.287947558308731,0.273279168084468,1,0.102187994797484,0.407164513569415,0.716786093276117,0.211173202915955,0.813459382462391,0.126225175890276,0.410963202684636,0.132399876187914,0.72029127461885,0.117447745051841,0.850521372769327,0.11315941203434
2.97509878149992,0.239894812774017,0.845294971786537,0.172398195269433,0.211086821701966,0.314755086748067,1,0.250545013503312,0.32189269838658,0.706736056787687,0.177603240335977,0.725286472342814,0.126939459011002,0.641411143633817,0.122911333038335,0.67431169591327,0.105020559507177,0.314613093505882,0.151944990468896
2.99072530081618,0.221905350695341,0.870012900675105,0.20632780059723,0.748458697092084,0.0856071464197685,1,-0.670024002500756,0.445790234262078,0.933571446746502,0.180021783155906,0.710478263122827,0.12963613747535,0.660532196750988,0.125557572908302,0.641932581764253,0.110505525508325,0.673594220633037,0.115877398688324
3.31846069768243,0.24623612974556,1.35616037657046,0.300988275996199,0.5153859990003,0.160385588279342,1,0.0934292266395822,0.345934674786949,0.834931943007181,0.15204420997123,0.612120709232959,0.104464246274173,0.833001683277271,0.115797401821231,0.852491189908305,0.128109586413574,0.603226085227374,0.144875480863807
3.27679791651449,0.281215411979126,1.23796107133188,0.281364278517537,0.489638805710125,0.328243387902359,1,0.301619580614381,0.495759815027933,0.551897206367137,0.261405010470106,0.660254378571989,0.154349995500939,0.784080625488398,0.120123624634912,0.58578196076867,0.131807011190431,0.812552797663298,0.117876825000887
3.05467338419507,0.265603848268277,0.935392575276195,0.236601009442516,0.661205302616495,0.200139099794951,1,0.185532567080133,0.3823554864327,0.392169556527246,0.199924082059593,0.643357498963746,0.15401721120811,0.835162358210971,0.128319098317053,0.828360895143994,0.117773120228036,0.674456138614814,0.13059982593
3.16279645739745,0.251489934898143,0.981667910966118,0.227407029843227,0.389907377232525,0.271124646082201,1,-0.164238630593259,0.365161545794322,0.934704082297876,0.140504312913209,0.565798269890409,0.136839224898184,0.83373809077659,0.127175159018013,0.548763861682681,0.136330020198157,0.695716197389919,0.135050572149341
3.17513334268918,0.327157839049123,1.18057798454369,0.32287739551943,0.2071474581427,0.280692216095059,1,0.285604373870621,0.492257558659952,0.751108171915821,0.224523802403217,0.708784805908117,0.155902467503453,0.692641391199057,0.136817569902775,0.637706737856651,0.136969125964814,0.740522256241011,0.139606634435318
3.11466114889776,0.243966896446957,0.819581930473613,0.199005256785196,0.698241442467116,0.126707985996169,1,-0.114598712997974,0.416059626721074,0.595590075532195,0.187179813741181,0.859553007592825,0.122986887829498,0.696852132533424,0.102431711960179,0.778365053750498,0.112883331795855,0.503301821649693,0.154977440979938
3.11639874368213,0.217234157741088,1.18976475527163,0.239189659209414,0.364129194644161,0.291781240293107,1,0.0271746397639548,0.338199012104427,0.838575018919904,0.158783064614541,0.710266595853613,0.111408533843125,0.678874669019003,0.112236404276118,0.675651692371537,0.117045756672513,0.657206520938818,0.128129112015529
3.17312297050762,0.226628042298627,1.16420438867262,0.247871926280142,0.236584130307987,0.301803140309389,1,0.512869253029201,0.299203742242849,0.655643594027384,0.14224399943504,0.649062657964002,0.120925824748301,0.74838812123655,0.130389231716065,0.691337770467986,0.11513656404742,0.719405917585394,0.127635858411138
2.93703525979164,0.28534414656192,0.877073490843328,0.225121959359896,0.208913895247448,0.296342510839717,1,0.110271733120191,0.307266801566915,0.688815955924294,0.164607958909737,0.618580667049879,0.133636665314887,0.880882046564967,0.123593616383828,0.579249268286776,0.14059763867917,0.603764008968871,0.132162433017911
3.07774061702325,0.259292097894463,0.920870909949833,0.219519808317129,0.700257741845199,0.0838281315742698,1,0.173810511537091,0.40263629744793,0.314045712564584,0.254790747642326,1.00863516043366,0.127857760978739,0.604299455898247,0.11784263998159,0.442330524765047,0.134420565757857,0.665076221823524,0.127105428133702
3.1321903410501,0.253126086076456,0.7244825482161,0.227848744213739,0.842879870060927,0.0514158911919279,1,0.409259412795204,0.4471235814477,0.571815448280653,0.181690186288138,0.684251291694607,0.138549967921272,0.778103715761969,0.129815164965208,0.87350254808009,0.121178504941307,0.660381220454159,0.140919735159802
3.07625219806132,0.22101578072973,0.766416403873931,0.211827048883262,0.571647472795014,0.215443875325886,1,-0.590112275887951,0.781053333637069,0.877570878585548,0.34051534827042,0.79635898175331,0.145177027753299,0.795572005432357,0.099662963438271,0.805604801219516,0.0923333090351227,0.633467527067082,0.136430533881713
3.02250574555432,0.251420079488617,1.04494044971912,0.235068812920515,0.395651459678932,0.307042881400203,1,0.861342123188208,0.328474033192147,0.278531522908244,0.192478086743058,0.776054807416257,0.112768093443528,0.649700416432574,0.124890838751755,0.631075219826306,0.130915586320268,0.672292951189738,0.137459889853545
2.83264918651394,0.206173173290524,0.90339023942044,0.209045428066208,0.653332982397307,0.156090162620293,1,-0.243600695387698,0.350729294496637,0.77653712411746,0.133743177640386,0.616231396895517,0.113002924677482,0.682975296382269,0.110889636128224,0.375750630961881,0.144222096448027,0.832376836251689,0.0986602106544471
3.17789950733201,0.233670801815515,1.03812358609078,0.210119420270552,0.475220521484982,0.278952176854074,1,0.508976396699435,0.331178969373683,0.746189630957276,0.13956943291998,0.692271519736758,0.125990731236668,0.639586271188828,0.119442518903932,0.64805478662909,0.113972459202939,0.841652924434608,0.117508966760657
3.01905495485292,0.238547760706993,1.1739994551716,0.261512198706301,0.578057438564344,0.179693289099518,1,0.364527289668311,0.310744349677521,0.533557855677557,0.17039412674526,0.701245370089881,0.147721045370281,0.715432429930907,0.110988022965928,0.628678246780057,0.11229393056724,0.755303912654274,0.120534193498349
3.80752368063653,0.298101298889536,1.78438915017455,0.354154614681384,0.527607333168573,0.252525084422352,1,-0.105165485994176,0.398644228710363,1.09229121800963,0.148374515964977,0.593306514263888,0.179050873266516,0.761814281998991,0.128898857109325,0.956944600489793,0.118263925694513,1.00835844765716,0.101167000612268
2.70197809149742,0.195958158202858,0.775440378502635,0.187671990283091,0.599024006650897,0.191532520563975,1,0.32815958622199,0.333873172698528,0.272396272395076,0.223500708650979,0.62300238140933,0.129855649914007,0.60447158617829,0.103027371049427,0.596665738757859,0.111870540119947,0.665990990658537,0.123992628373559
3.1481011850378,0.214564271751106,1.27231675800534,0.281635030991548,0.452821181052146,0.286801430277678,1,0.78648608341401,0.307329930885508,0.499663861183311,0.175157242460709,0.577434621444682,0.140586671982294,0.743775970434108,0.103087084414649,0.737363968038498,0.11038264057862,0.810263452834263,0.115250201587534
3.37089403126827,0.317447426609063,1.42303989195627,0.386062235605953,0.493480999064187,0.250021167865372,1,0.0407248228416188,0.395055239499561,0.710545229226317,0.189212700345748,0.767687217466383,0.154935093266994,0.873809802129536,0.115935053036657,0.728729560486891,0.139129362379679,0.65265301470333,0.15371463687347
3.27966721779071,0.245989798175609,1.25002944898804,0.284032133793101,0.55277011899694,0.24950769204153,1,0.629348795084191,0.323372332016975,0.603142246874741,0.169279222728018,0.627914104973491,0.125782523393065,0.76106739152216,0.120953333696665,0.753159712294132,0.121268674083366,0.899670810627675,0.11913992291477
2.87782964508395,0.213459082453351,0.919689246505038,0.211154464726807,0.619864425972215,0.142905456666995,1,-0.872814649874685,0.378637132879654,0.869823615591987,0.168957853470396,0.725176356432885,0.127636407056017,0.808501413982787,0.0948205824907594,0.698611329222364,0.0970398596101975,0.765544751217488,0.128128305422069
2.96082273206561,0.198427701079332,0.837922824018903,0.209550377060267,0.729491021366438,0.0952213407899652,1,-0.160490312669824,0.382397048651997,0.687255957146885,0.188834044824054,0.646488229813299,0.141608516630871,0.830079832285019,0.105619788964957,0.616410649791573,0.10536395512174,0.803680638762706,0.107989946854594
3.33676915260874,0.23017766437578,1.03548746704049,0.212595593547806,0.526082633508967,0.207241426281226,1,0.39665339713105,0.302609850608832,0.840767919028827,0.142303052763029,0.654875362878781,0.12489478150298,0.972707213774448,0.10082757923797,0.768028776810136,0.108216014177802,0.698079060018542,0.123917614145649
2.87539998697079,0.208116392999089,1.07178458286425,0.247698085567021,0.479462538827415,0.258579484328999,1,-0.479089590101538,0.347142914899382,0.910109210352157,0.160543264184961,0.547269969144778,0.128121402294039,0.621460519856864,0.106957670862464,0.809163646431119,0.101865811933793,0.659579569902398,0.135968610243787
2.76783632374823,0.217677538116615,0.833804279715448,0.18967491137506,0.284139499014214,0.211053896298431,1,-0.112879814011611,0.350697657462096,0.485910630076795,0.212814464188157,0.907583118155343,0.110930953720376,0.682903902683145,0.101199942018583,0.6677518883458,0.110251492132806,0.505677540136131,0.144525436134487
2.56236574719313,0.168227054036986,0.726399405384259,0.160390747399409,0.548191051624792,0.166806003519889,1,0.100410485207575,0.323710969755817,0.43782041130617,0.192315671758227,0.631707311778259,0.137304557046309,0.663372634091838,0.105963322564017,0.579050107350819,0.111501680626295,0.459832608831772,0.127887023661387
3.32508498118635,0.242301333187918,0.942508881727988,0.21808965670049,0.643223884685814,0.13688509656584,1,-0.491851725708911,0.50906544372667,0.895406231845901,0.198201572485142,0.966835730814692,0.117601229098846,0.815637523173926,0.105056767897623,0.658777537698383,0.129633031086487,0.507503033562928,0.12697159989678
2.89928626269632,0.220762837998787,0.977597305787624,0.227786050605416,0.572519497340146,0.196926762086747,1,-0.274328963601121,0.337185181457387,0.861515814252987,0.158027190312831,0.540821804679961,0.146873039656773,0.603495115817231,0.11818800604065,0.647995372264174,0.0976348489303197,0.702647396396105,0.118331060822782
2.73537816726327,0.179348313178435,0.70692916246682,0.167587762958195,0.659103919792276,0.118875317856136,1,-0.486750019343993,0.313395938685209,0.809181600263235,0.145463040804004,0.712837719982636,0.120626352995159,0.538821258998548,0.116453510117379,0.761622502607821,0.0933701312418186,0.641960237153416,0.108707614845611
3.06997218203318,0.184807127265845,1.20175727185984,0.214974709401928,0.527836822742937,0.168746412778325,1,0.229188199931178,0.29437185004786,0.529003727869818,0.165802674938517,0.672080636734575,0.112716736412242,0.708700125771228,0.0966001446017258,0.812818907870054,0.0951203790164334,0.763729366281448,0.120604864920965
3.08441298809757,0.237528224377285,1.14213054723609,0.257050821474044,0.546768693112941,0.195142992407039,1,-0.103070149174654,0.462241294103006,0.695562223396485,0.208764762977286,0.726352080510057,0.123931863666996,0.791234451173251,0.116042252894655,0.734674436520777,0.120565901661338,0.870106459229598,0.105104621848964
3.01351961237359,0.255604563662762,0.956793718116012,0.234144499576627,0.382938425742699,0.310464559125142,1,-0.143038834619122,0.394942647746963,0.413656187003815,0.242185256098307,0.851033168190347,0.125425112608948,0.761135676924422,0.127010126492898,0.795327140465344,0.103318586751017,0.73076427911325,0.115413519685152
3.06285541186635,0.21035924894774,0.793219567810472,0.171882099969906,0.368635422098367,0.258749340091111,1,-0.0309147737056145,0.313428454950525,0.572109059592186,0.190019284418859,0.833808913979261,0.116699686544761,0.719503140657361,0.112532689512829,0.634830017891251,0.112333234000561,0.818979963188745,0.107764355226138
2.78806541992007,0.20073086540604,0.861313674511836,0.180468136076017,0.443533433654291,0.263936011565671,1,-0.0442420588444899,0.350236415464848,0.489500020217878,0.16170500949569,0.733129067755488,0.119846478477229,0.736254003285858,0.101426337316959,0.556318566073059,0.124170204054519,0.69771014459578,0.115820941436726
3.26290789814328,0.280287967641072,1.10653833797086,0.285331273116112,0.601455869797047,0.206363635787839,1,-0.636974898938668,0.539204412695232,1.06619706455322,0.201912672853619,0.590397609044228,0.152111801779694,0.81862287887269,0.118085251890194,0.66867584283923,0.12539139868519,0.660071242320718,0.131671295876596
3.14281015845241,0.222478897183677,0.712716445185555,0.155138401610941,0.512646364805962,0.210894020099311,1,-0.485910139255039,0.324798379425705,0.711968800171124,0.199851527797648,0.873985161541226,0.144530441542447,0.856355592288904,0.112406150277928,0.652534920054012,0.125745907766315,0.58670901650934,0.131676458603923
3.01590054931896,0.206303835879125,0.853485037437071,0.167605844418335,0.723869826414992,0.111816915442709,1,-0.0397574726356295,0.420945965547864,0.71283244764267,0.19068353280822,0.801660414568324,0.129954455354152,0.624613643907874,0.132936072217642,0.69136015304705,0.117441865223646,0.748057011797604,0.100612429726645
3.06759527235384,0.244309631440091,1.13998562757448,0.27044844535409,0.571582914321222,0.171060490573236,1,0.0162206047780788,0.328666348746267,0.646670788920134,0.17077935799511,0.58137382348514,0.14479765412175,0.765915566337489,0.124182838925903,0.69677345205304,0.133137804006815,0.658053509206822,0.124638412238253
3.25772246531889,0.240806601974405,1.11747258967733,0.250689907438847,0.717933011867974,0.0962037933279555,1,-0.236277254285838,0.318121116670608,0.970874442866333,0.135748197002892,0.707566290768563,0.14470998848077,0.6953011321373,0.116542338860698,0.787326242720931,0.115135989898566,0.444383998325343,0.137565657383935
2.98308164610526,0.20090666913282,1.0534924593848,0.246026560608107,0.61559029739379,0.145677556323794,1,-0.472608894823742,0.447829412807407,0.696833448238457,0.221624567805905,0.848165005292086,0.140749605990744,0.829150188213369,0.0807597406653871,0.666741135594298,0.108417774612896,0.655897017106545,0.112452832092758
3.39545887813228,0.267502880391606,1.02723598282936,0.205100743364104,0.210014063547212,0.2190227929145,1,0.801424779164658,0.404561714447812,0.443350732405137,0.234953330386103,0.748722471864852,0.130935181114365,0.908371564597222,0.116623574869378,0.48586168465981,0.144590965569077,0.722564006847299,0.130014903255727
3.02443260934767,0.273651144132385,0.76534541712902,0.193466521802912,0.740529334779777,0.0983917703090178,1,-0.0376464317629287,0.423063100257026,0.827935007738564,0.193554124786043,0.75497053257456,0.127352412363942,0.623902646183389,0.136182122730819,0.708585432830668,0.134364439707688,0.540875051959356,0.136025875980082
3.29971747085709,0.271215387775842,0.92709400181151,0.229118747581609,0.58295706603831,0.2432890881713,1,0.705935150346057,0.374534603970879,0.495276913780715,0.205327956878304,0.777035408470177,0.142547114255448,0.676294544835342,0.134545134777262,0.800365201346184,0.119185623884295,0.641121982846388,0.132166599391055
2.88644081878935,0.197795457550519,0.65735812078255,0.14534976760223,0.562883637012294,0.169150936187498,1,-0.280073561546857,0.370536246408706,0.943730812759161,0.155619663454796,0.52032677607815,0.126846944694262,0.674929724059313,0.108955797732299,0.807977630385133,0.0997014933058447,0.678012308746838,0.138424270241127
2.74955759304533,0.189448283362329,0.884898948602968,0.190692680607448,0.456197918082911,0.260027650768319,1,0.28517195186495,0.348954734726725,0.449382173461501,0.197553195159598,0.718180955044664,0.117086708970946,0.742501786793372,0.114969980264366,0.388137348703013,0.121744982926378,0.618740035365355,0.117484470328389
2.95335800448721,0.250409988641221,1.23836946466748,0.287750288319181,0.33718493068553,0.293958699673822,1,-0.269616936653209,0.436578832678412,0.771642287397757,0.191524654911525,0.710480931474526,0.145338721869878,0.762440630782343,0.104753509089438,0.580503610251673,0.129325184585505,0.780726618649836,0.130527475433636
2.73558310560112,0.174755807067158,0.742770475767418,0.160677037626891,0.551075620205337,0.152826998507414,1,-0.216058252274977,0.380440902979138,0.750975200474211,0.179889305236679,0.640177377492085,0.128115257691941,0.629243730860576,0.115764414092992,0.770199260779902,0.108032851467312,0.820581920018536,0.10236399138134
2.96561162044575,0.260559212761628,1.0850522221893,0.268700937916751,0.753809961419201,0.0926037077607455,1,-0.670950471763554,0.447262113493994,0.766155872649825,0.181116628718982,0.881925291460974,0.108928122594931,0.487299096981024,0.14870459697652,0.707200348276167,0.128204598606355,0.615149038166938,0.143350931712813
3.73216819323136,0.350080042949482,1.85987048345046,0.432816690026456,-0.10253602037615,0.213406144746436,1,0.344787721008073,0.439609914324117,0.619883361657543,0.242092035010998,0.989404282654197,0.149833332135313,0.837378978451818,0.126454150920297,0.951569201492505,0.126965556151955,0.893879030296941,0.122915451018665
2.76331121691596,0.182629059973651,0.779418953388659,0.14827269752058,0.62438893912554,0.136185129746871,1,0.136931274447166,0.312691569022202,0.605804861405747,0.178987130223557,0.567380616375542,0.148983111844084,0.637594276388752,0.117411114620309,0.669434074277626,0.0995823928259175,0.575073436381021,0.119737281741637
2.95584371748322,0.253941596298586,1.13807864984475,0.23582646856333,0.572957923817087,0.190457747236534,1,0.288127188450401,0.339570567273735,0.633735935395819,0.165324843975907,0.736298396225942,0.127123158909853,0.697910222924214,0.128820798823997,0.601733360346798,0.135529415032846,0.649732340302354,0.125270810292394
3.23749833148498,0.250493424325306,0.997019047108894,0.237625057144523,0.508633836925424,0.280996908938745,1,-0.111493600478603,0.370606461440318,0.801100350306747,0.173043334631047,0.699248688187264,0.13376423159194,0.476825664845796,0.139241191838246,0.815892422251455,0.119844124418163,0.70584335090546,0.122120800355203
3.07658787722514,0.214239444094084,1.16144742037514,0.219194075027324,0.567291339129524,0.247461231688362,1,-0.0532336322662695,0.368162862398488,0.810072869093968,0.173700493641863,0.683322237372015,0.132458816986008,0.661715963024273,0.125794765747788,0.660905842433101,0.110448271252892,0.744686361700641,0.113963595764028
3.38458272626364,0.233051567848792,1.30629325317256,0.258375471082623,0.719444477379914,0.117029927062301,1,0.0820935204255888,0.368240921201598,0.623444529536238,0.188550725169066,0.878756448090383,0.12794944454861,0.775822832150713,0.11531546738756,0.890608684981668,0.106158742763618,0.640416125135284,0.133376664051766
2.94992252206411,0.213190592421507,0.970546394640149,0.216754077499656,0.579309311150225,0.15712095641522,1,-0.175579142025726,0.371261989034929,0.711990629091093,0.179343314107032,0.670752412454115,0.15266641680169,0.814992507376712,0.10176445673756,0.644128668095955,0.120833345604181,0.441696176742055,0.131906815053643
2.90500661095748,0.201299999421279,0.972989141034104,0.202987450762909,0.559709383067634,0.183464881754758,1,-0.185791752564222,0.282851218550365,0.731428492759515,0.143837602328107,0.56827117713393,0.12658878334709,0.661118097262801,0.118029183419429,0.574537237208495,0.113580542955929,0.827635370254973,0.102294468345346
2.95240871234028,0.238497329109473,0.921777696890618,0.233689068872716,0.405960634444184,0.267169072912584,1,-0.0297297713511587,0.349197998394809,0.722430928204246,0.157141258649481,0.577778380951475,0.142737224357337,0.745827739806054,0.112920739330479,0.711008801506146,0.114097298520621,0.690842842167948,0.114786110741069
3.52429473482862,0.293760799290397,1.14913039818216,0.313866305579627,0.491071088950442,0.343205167227007,1,0.549319330141249,0.413925493674605,0.589727147815665,0.212685570723267,1.03705157063978,0.122198788871818,0.55701365880011,0.140780953883649,0.680097740607855,0.128156071896815,0.989254956001829,0.120169335384786
2.89302240882317,0.206773205515654,0.853227918677733,0.211273021708419,0.633935439238565,0.149082134617603,1,0.402938272974152,0.368298488559429,0.554432050061113,0.198094046939563,0.585006464556586,0.136569549592324,0.656922866213737,0.120817053349889,0.607187606920773,0.120797931955762,0.558182419365612,0.121996152116173
2.9182426400803,0.200816017495487,0.866490896020016,0.198088577537219,0.67388294800208,0.12563549311459,1,0.0906142259219421,0.442864534286275,0.66857663727652,0.207910977200088,0.550892622232868,0.132848496489686,0.827702654441485,0.115824838741456,0.440613775086232,0.116414628031877,0.723968505878672,0.133031054248379
3.2569257857708,0.24430553858306,1.18443476046053,0.248516284220566,0.58172501669608,0.224613482786619,1,0.385763107941975,0.481740828915131,0.597509609157625,0.251330324082098,0.74583689165077,0.118665169861494,0.755804427441935,0.118150595108909,0.863922057597802,0.101167272679089,0.797800813245383,0.112296757444715
3.43120457247732,0.307709182500643,1.07196976336664,0.282226685407175,0.816815670372773,0.0706488747573339,1,0.703716211191027,0.386215017990283,0.771998389782731,0.14225014038267,0.73090974719878,0.147683920336807,0.898817993658933,0.125193149012998,0.804931887076428,0.120543115408611,0.712744500691911,0.127069604541164
3.34105998187485,0.262424389791362,1.21248289923885,0.262224900899395,0.801550847464315,0.0673013100777973,1,0.132918438202988,0.362903325738537,0.653460836737005,0.181409848853425,0.891034770310774,0.123885435158026,0.609580766250192,0.145819742870069,0.862608128540641,0.12003095535064,0.6432749332328,0.12819419554399
3.07718336646212,0.230636398657312,1.04324431934013,0.237979945272125,0.64240246677234,0.131803832286974,1,0.364478108472163,0.333421166759552,0.621649448419695,0.155945526639964,0.446703722463563,0.158123557956315,0.861430428994045,0.114031267238238,0.573020257251415,0.123031731180187,0.762243695144318,0.116119023200877
2.95814991976099,0.228426865819451,1.01846295811733,0.268260002301907,0.72710329867716,0.106973462240495,1,-0.841250586840715,0.455947985618106,0.886158204474859,0.184546784101726,0.837247035375069,0.126315687889174,0.564435355553755,0.136851311417375,0.720066996651986,0.122648734992813,0.63468089697219,0.122529735836515
2.73777031889554,0.22499426972635,0.960544278704244,0.227873710616118,0.337678513043499,0.276329046237896,1,-0.411701344154925,0.307054320421924,0.791118798784007,0.145469694400539,0.635406840257344,0.124136229870817,0.567115205024705,0.123296691508696,0.601954308738491,0.139525677603572,0.622505550216947,0.111656353890505
2.90830374518561,0.248647495679377,0.926162298837224,0.213943238365381,0.331819660864582,0.212448594431095,1,0.330039495227382,0.286995669798062,0.407645431253562,0.170866534217803,0.641955377620691,0.133386567498969,0.606138457308733,0.120875595517745,0.724959067855874,0.114014861488148,0.69479550756596,0.137244654553055
2.82687577138949,0.223784338685097,0.827468025444578,0.1916187306397,0.351670392270922,0.302872464720623,1,-0.182031841672903,0.335783110925644,0.531139831045496,0.20239908379012,0.773584219285305,0.125754344937652,0.606082065471596,0.132107657222276,0.651119104780975,0.134446260417758,0.772254347844991,0.109885039131991
2.92716132315104,0.235977625527587,0.800764471002349,0.196556026525564,0.392469703698996,0.301144566513855,1,-0.323911930853111,0.328735733460628,0.722234307660664,0.14250677142186,0.684327619348527,0.135169866572249,0.793046107333779,0.112199412455531,0.402564324609599,0.163753915566464,0.638856565319464,0.125728886348246
3.16692944976965,0.253936013604685,1.01684057627997,0.251605038561467,0.643693426726181,0.161854312151828,1,-0.301167962194171,0.527922717246749,0.93375916426171,0.210412330704581,0.727745992330227,0.137575596191032,0.757643391686798,0.131969321402256,0.671315906401435,0.126563936043503,0.820705597076832,0.129701909343785
2.71865746474083,0.190055204504901,0.962852900052109,0.217230096272397,0.561338672929252,0.188294729895413,1,-0.205080971941388,0.346030035436365,0.57655923449916,0.184197898005442,0.70732296988894,0.112278167831519,0.622590678203598,0.107777495069144,0.795015972569221,0.107093036432438,0.556567511449191,0.129073266374858
3.07480926244984,0.212965642683542,0.849096032743143,0.193709842503662,0.621370386035146,0.137497515681221,1,0.229761461278004,0.342327305244829,0.737822342893983,0.180533900898356,0.650100976402231,0.129142750772811,0.682301258094688,0.123881777320382,0.555313646655949,0.114215087806133,0.801807330410208,0.0968410530875783
3.31507770783111,0.254635484616329,1.45602103779782,0.337541444719577,0.407176833915889,0.306915143204731,1,-0.672314917563348,0.456762831983246,1.0005507928613,0.177574864618402,0.802733633152628,0.109394888150397,0.755297975659517,0.118320264570297,0.651405263668196,0.127486743976663,0.828771267727821,0.114409473939523
3.1053330238345,0.237612499548558,0.821558515871675,0.173908233165363,0.753636538279245,0.0898149030293845,1,0.485618300899395,0.327191862138674,0.442048980444182,0.197853909208294,0.8282206819786,0.145970092670418,0.727479679405567,0.12251098888718,0.65939020061807,0.112045560056046,0.703017095812327,0.130404406695075
3.09772007409384,0.211371042628369,0.899530652386191,0.176795717525772,0.272194254799672,0.267081518246946,1,-0.359860151191403,0.349292773486741,0.828759708951008,0.154895469065736,0.662251938794247,0.132548348998457,0.778218324230467,0.115587031022083,0.76191378685753,0.0995110293670442,0.823486783736768,0.105151511618881
2.82610856998632,0.229061967571654,1.00592224742789,0.242746928002841,0.523775550599942,0.19558052550836,1,0.108412379788148,0.370165408487479,0.822688126291779,0.1566489093863,0.546520876779179,0.115662115051021,0.518095070912011,0.124570526537914,0.661962605165797,0.106083032245893,0.318298799744934,0.146434710872841
3.35171834247076,0.240783124843594,0.933921803149865,0.235576987109209,0.810328851460706,0.0763558389042006,1,0.414705166307827,0.391994608641599,0.469644980129069,0.240649446636399,0.834432221088153,0.141365181047711,0.892833265561924,0.124302686067189,0.824140126065181,0.111514260877319,0.492180641473702,0.115213774072316
2.92889021552324,0.20566873968428,1.03470820756048,0.228041784923608,0.672603112178789,0.146025149753794,1,0.217858782070894,0.322612436498451,0.586794338969777,0.155172300449701,0.622069393210351,0.121756715681707,0.727032619288595,0.099136570979448,0.692961052012521,0.104348135987166,0.743430635274408,0.11419539653227
2.80847490303303,0.185442926967187,0.745684569364895,0.173507387838481,0.622660562167144,0.155377550400249,1,-0.174406979766214,0.379275472583156,0.799185831876999,0.163817154244619,0.628383470689392,0.126962230992161,0.534125712676448,0.129037883035595,0.63249180241105,0.112147025085813,0.589976814299631,0.112836683610865
3.44685247171473,0.302410987303672,1.63517447815269,0.440208432878189,0.609969626158977,0.257662599817768,1,0.319809791340238,0.39751171998325,0.649161461566948,0.205093378849744,0.777866262229335,0.122376597882668,0.924452428659804,0.120992905275089,0.566434389374123,0.135949980935544,0.93290156776437,0.123716899165515
3.28284972458213,0.215201374769955,1.20484452591059,0.231978954256131,0.381474613965981,0.227076957551692,1,-0.000608386966225514,0.304486629343997,0.687428522142927,0.165135349589643,0.906471587514331,0.119817734724141,0.846588877781077,0.10821550013028,0.709391941204968,0.110461075035519,0.838118255680186,0.107769128076613
2.80316718104765,0.200774334834504,0.634644899123916,0.183724266798921,0.62313690327059,0.164322463125239,1,-0.15062055265988,0.336358984094229,0.685918985656784,0.169425769769192,0.756465880138381,0.137821210747312,0.461675623266866,0.141383097116047,0.693487026537321,0.112013183395325,0.563284312800902,0.108030052633598
2.82760207366237,0.203430263301629,0.899884436055599,0.191397736402676,0.423885112889193,0.220106666245136,1,-0.414230955665757,0.438247893161873,0.771887877159404,0.206150528508335,0.696963765409738,0.109846525023987,0.614227492428429,0.107315788875514,0.663631766128153,0.104472276351187,0.664464722416112,0.117548994004861
2.75281182888357,0.18643840704233,0.797032340200201,0.172220553113992,0.386636124971737,0.230793753973392,1,0.0237598609509843,0.257666699476569,0.603619101917828,0.14151117461321,0.760474116201053,0.106923117498135,0.789450378606787,0.119053916376821,0.522326600656386,0.137674196106164,0.647116132532965,0.125185978971835
2.84069946856411,0.203320076731915,0.748317487390391,0.17768732909475,0.694124281602919,0.133953904002903,1,-0.14398636449778,0.395330360896461,0.861366411206598,0.18363079625954,0.344135732773048,0.166726713103773,0.929295791962166,0.104512645743647,0.649353336388379,0.116475818348765,0.688001457537041,0.104954700281657
3.27351147754843,0.239483934932689,1.1067918904101,0.236543436499302,0.526811952401073,0.278805317771764,1,0.388357866437851,0.481433039532165,0.634879617524439,0.233879365141605,0.904016191841404,0.134378514806623,0.614338227072009,0.116503472776997,0.817901233445896,0.105878152517256,0.698715017183341,0.144652884929339
2.91469248929648,0.230143102152952,0.764234275213374,0.176707681817059,0.452837614907065,0.229354711566507,1,0.185315991226424,0.422152303648529,0.730493218098377,0.196534874344685,0.569762152944778,0.135690868539541,0.844613398472035,0.108979561687258,0.530194931666851,0.13615174698842,0.709288049942787,0.114872087358001
3.0622760136389,0.198269873823725,0.894627478691545,0.190645105728529,0.576347239405614,0.192664145034368,1,0.393218149284496,0.388809088305147,0.637378733105857,0.175696043394835,0.685110293989715,0.146086642005932,0.541136930254194,0.126539885900272,0.73881944126348,0.101368109010219,0.686092350223805,0.107240902240061
3.0314465183924,0.255164033531733,1.0172262149285,0.235886363080675,0.587647737945995,0.20725924369461,1,-0.773726738841879,0.401160400370946,1.01204315053289,0.16518774827207,0.693618749371567,0.138839389426844,0.671661713212479,0.13783967242584,0.531076717245143,0.144706409731802,0.761413318525863,0.125255505301242
2.85627666974099,0.217677713203474,0.677541399952514,0.168861075756029,0.582465805174999,0.187577013222478,1,0.0795769570055488,0.317856102603738,0.607778242266355,0.167183429710286,0.687177699494082,0.133576257164207,0.512915644246605,0.128543489054114,0.67196252500974,0.114666032316619,0.55366286885343,0.125233190322386
3.00272786126393,0.189384055701717,0.74938101020114,0.170170679541563,0.695083252981304,0.111455657972968,1,0.318012811531244,0.379136630918008,0.573618229302659,0.19049983181185,0.706360016325802,0.117334841502003,0.778044231190178,0.119430645535706,0.612178785952251,0.108733347349924,0.557146173741624,0.112728061838808
3.02092437305712,0.22024569861616,1.09261880569783,0.232636086063969,0.316807735064395,0.314391052510717,1,0.0772588145316318,0.321195050838764,0.728556718162896,0.156913750254998,0.785071016691733,0.115979759916185,0.672576257255562,0.114378343526036,0.826586405716752,0.110477629482043,0.731991869511251,0.106930517540622
3.20102437944256,0.210857147732773,1.33332349919299,0.253809169961086,0.44617523046405,0.23909745329454,1,0.695105547526245,0.324586252317527,0.626960294223165,0.181064261012574,0.629700478593525,0.129192512440008,0.731234923431132,0.109814405317462,0.708070661861582,0.109254706293408,0.802849568733346,0.106649434959614
3.30553223258195,0.233353452095588,1.26170234420476,0.247933133852848,0.630795199416374,0.163183929320223,1,0.572621790332888,0.338355925365055,0.7389860815719,0.175310175763589,0.70700870942926,0.141450086732368,0.823013244070692,0.122020097060854,0.685003236531262,0.115907968815996,0.758256520574616,0.114763954157712
3.02874563735517,0.219151153463236,0.707427259394947,0.179280488780544,0.756548068733511,0.0861273352682731,1,-0.349507030597878,0.404451720109085,0.59979906441169,0.220542936961673,0.834534518937001,0.149998427115517,0.912153277320041,0.102142132520154,0.59514829380297,0.115163919235765,0.660266408355249,0.117986249413748
3.14643833072993,0.254926147045957,1.30141380179262,0.304190266418725,0.495079613748124,0.217335891131349,1,0.287864050421487,0.345918945264324,0.685715085910546,0.164357313257201,0.691237320832711,0.128368356993291,0.667728376318661,0.122147502101226,0.744267862541669,0.111953544454043,0.719973048665523,0.121548594314992
3.26901282204753,0.246850634422928,1.60161761946843,0.305551444611633,0.582931091117934,0.198209098061331,1,0.303122672709703,0.320787353307071,0.679062142574262,0.169100435492468,0.850585372064467,0.125076732728102,0.606066158236951,0.118810060116232,0.770963823142167,0.106964067575745,0.781628506243489,0.126302756420589
3.03477936956297,0.24547290487331,1.05071103205628,0.263409650942085,0.45955067037941,0.27318172415085,1,0.0383411859464489,0.364080165960726,0.726950690650513,0.174118715991278,0.538367548782256,0.148422334672481,0.677415910110998,0.129993288992402,0.661879197533034,0.120085120054975,0.811115813693372,0.12248272517955
3.11015734734938,0.267979252080966,0.762000343763468,0.193711768132615,0.66240604175917,0.162963757207314,1,-0.597124730724853,0.388726500151399,0.928388681611612,0.152560683665722,0.743456208987508,0.153940238596415,0.751320904176061,0.129416200838014,0.649363184363851,0.130743617018427,0.730593587281123,0.12829492289058
2.99814315066659,0.193123253040878,0.854971901171,0.176779536102163,0.564424562865128,0.146796398968708,1,-0.488943798663003,0.380009213174512,1.02406086979766,0.138372265035737,0.618521589856723,0.145389660696575,0.490227244131334,0.126384705149752,0.808124038935536,0.0931083934195446,0.725107209086148,0.113682598339737
2.90541821940155,0.203992469300149,1.16459102901529,0.25560686581145,0.378644947110474,0.280189885443036,1,0.383588657198028,0.310467181660276,0.337831375689364,0.173037390771895,0.861775369946567,0.103864681916419,0.559854230875341,0.115593487367773,0.718389579778713,0.103263435169926,0.652443793664414,0.11202024464661
2.7114309657766,0.200787942090602,0.970210308217916,0.224013516427897,0.674350928456034,0.10118786967909,1,-0.684274362830802,0.459436586356522,1.01682439255794,0.171364409843493,0.502971903988599,0.123516402418702,0.640021253045412,0.111427423914728,0.660318451181311,0.123156968050013,0.67655941737856,0.116489714110437
2.97241681740413,0.205037337779565,0.751157549349194,0.148703669598235,0.692317191246137,0.106246827690262,1,0.182013313051222,0.389242725630968,0.669160876180707,0.218530060226645,0.753150511852711,0.147346267001975,0.764959792029082,0.1185789503512,0.516041051304505,0.117794164844721,0.816566503430437,0.0990916977486659
2.63745993479067,0.19726964629929,0.918513584191354,0.199122006098559,0.598245899831753,0.170392037332004,1,-0.429346496731204,0.299264661932519,0.570803048205297,0.172566920890446,0.665814889379115,0.123422764424535,0.760389824965292,0.102307746811732,0.461247157861593,0.127350304662217,0.572931680086331,0.122034465603255
3.03560554366038,0.249162919250943,0.93954968727652,0.221739188553939,0.727139688720552,0.101833247163502,1,0.425503796227761,0.351930475840334,0.539336879094396,0.165294916486449,0.616502571410789,0.134018009447886,0.875057557052757,0.117952427486765,0.792013849330834,0.124542659878065,0.781335360818911,0.114040275461312
2.96976478184561,0.22687171935136,0.679767469877866,0.166767467365651,0.74730129615596,0.0877184897075375,1,-0.00983917788846546,0.331975584277248,0.396438726306035,0.194842084930287,0.873230925426543,0.136728603802456,0.818471282613606,0.116184625270452,0.683037735030491,0.122527436731568,0.715118457793577,0.115956541083063
2.67800389830769,0.185985799946366,0.786508778825705,0.177501349834379,0.71118293987358,0.090005113690681,1,-0.350673131589673,0.461421518920276,0.84215678932095,0.192167108421501,0.390055195630374,0.139804432629942,0.692923638822184,0.106205296279515,0.666243635528646,0.102031165991145,0.590298401116574,0.113153826006716
2.99320144990708,0.264122700304132,0.930490063970182,0.220193809430658,0.547468067681601,0.200010718782183,1,-0.731514326365111,0.38715765145985,0.899074253467083,0.180993767384693,0.646561088195673,0.145494013793242,0.801816434284233,0.123583614404323,0.567238538866686,0.126990394990187,0.578005129386959,0.12925855175012
2.65702870189931,0.189007329365021,0.729755084586548,0.167575173166643,0.689682115686396,0.0743793778286752,1,-0.40808964801731,0.428145249242232,0.891947033438355,0.173954640870472,0.751474226776562,0.116037606460903,0.494973436511967,0.134164356870362,0.626039980441005,0.112257238140165,0.565506700028678,0.11551674285176
2.78940393947966,0.222671537773412,0.762607509919145,0.180869383718537,0.681410173581859,0.119772100157968,1,0.0373353441398312,0.338136172785392,0.503295163787779,0.214912709601398,0.887014887118883,0.11780480042542,0.635034016681137,0.125016356913199,0.666110945069759,0.114351240915916,0.602916697292615,0.122851336326731
2.86974881317328,0.237872976575396,0.875791147963548,0.215584789527156,0.312147879812789,0.289027040644194,1,0.0548606293173923,0.340645857863084,0.709162044023583,0.147311892074295,0.811082445494045,0.114134979660932,0.264204484091772,0.150991348224248,0.774803379131335,0.11106197361063,0.621014023050916,0.135544117829153
3.78449474098084,0.278874144602585,1.69902832300197,0.347109146784693,0.477255518929361,0.326602389968605,1,0.852405072285157,0.38911237964055,0.810316463291088,0.175477535068868,0.598566331289296,0.119798516842576,1.0573222153035,0.110214255112451,0.721948110140555,0.133054163633144,0.845166354191834,0.131300706277159
2.81662163384129,0.19397226906423,1.04031557769451,0.204867328246667,0.434991361949477,0.238977900389465,1,0.0302637310075051,0.303164623241206,0.700364017395609,0.121013351136452,0.765421409110521,0.104100436375513,0.599958851948594,0.114021117725124,0.75900178641607,0.108105537985441,0.731743241834337,0.108142179819544
2.95770193378372,0.241292913506485,1.1301212146216,0.301194341460808,0.616686271354178,0.212026810537864,1,-0.632540906195573,0.506039738468089,0.85137921268576,0.205635643832422,0.596644983571617,0.126883926256827,0.66958522020231,0.114685338499905,0.677274337611476,0.108458691809395,0.690376204804618,0.13506319007142
2.74059703979658,0.216142646322739,0.97563130694094,0.233916622338062,0.436464315308568,0.280194689678512,1,0.0222811560262161,0.336884885613481,0.5659518713346,0.159737828427,0.572728435542852,0.115855644961801,0.697318516740689,0.105954507577627,0.606548131166893,0.125584351409034,0.549248627291044,0.123433083276596
2.99861944496302,0.246283620068427,0.960498768975686,0.263530133652957,0.745366493396311,0.0902550031584032,1,-0.18356774825268,0.467191056973744,0.854235562285395,0.195981212101489,0.6193803177242,0.125367598629944,0.645911915550748,0.139597185946959,0.661030772136531,0.121989618120561,0.733523323452669,0.13124563496017
2.93243055085747,0.210646971276654,0.901409479546033,0.228659836046277,0.596420538260189,0.188934468513261,1,0.100583472655977,0.344067355347265,0.768880403555527,0.147091086407854,0.588181870013362,0.118867614350627,0.555150535061296,0.119789552381858,0.746799082587315,0.10840354137203,0.797757933383501,0.117831375568932
2.73002407897096,0.218004127268339,0.76943421537819,0.170333216124296,0.639557606045188,0.136408314492819,1,-0.267597046243718,0.347225739722888,0.711841465263962,0.188577821408167,0.717875050362615,0.121853399254086,0.684382581315624,0.11827328128358,0.597628962661324,0.116199586716594,0.647198071445292,0.110584992339445
3.29068071861821,0.264853572285989,1.30584889746278,0.272849364973651,0.252897572540866,0.23895460512914,1,0.122120438489187,0.270043770845067,0.818251356413984,0.12828165924709,0.686248408303723,0.117900052681536,0.909213333383414,0.105744438894498,0.764313041446106,0.127178500557225,0.776198645819034,0.140856385836371
2.96744679061829,0.197198214085269,0.765771296719896,0.169558856400757,0.580654146005812,0.17489547473222,1,0.223486548723609,0.408241485461919,0.6438737399578,0.207976597621725,0.619533386547244,0.121857194682873,0.610282330139706,0.114480672755964,0.743052911993854,0.107302571029015,0.549449098482535,0.118555488216166
2.98297496338506,0.232416344549376,1.0040007572285,0.197788789087149,0.460806621087218,0.252929688649352,1,0.0090696905075513,0.287214315891205,0.687974022980037,0.170498108838806,0.403525732173431,0.179693784078138,0.860702479592412,0.102782945556193,0.670693583416371,0.12100805254051,0.723114413599675,0.10747058615105
2.96011753309224,0.219998407344442,1.08406174663624,0.227314382860334,0.185942661400896,0.21222858460441,1,-1.06833277905082,0.536479893582512,1.03740539014228,0.200348016841614,0.614534518873302,0.127002237737501,0.634168801894197,0.118892888297727,0.626840244630606,0.116692115389197,0.622328918384461,0.134896297074043
3.23134810704814,0.2245296326293,1.13209998118791,0.236204673437945,0.512007920850445,0.265318965860497,1,-0.331349501085591,0.404375942682163,0.939826249978279,0.159204433881173,0.695306785865406,0.118465145076933,0.79873161637542,0.114747186713157,0.739315263864396,0.124448324880517,0.642776614896545,0.128414248983016
3.10018985368572,0.27658946432405,0.950039169328667,0.255515450096907,0.666436996473636,0.147052397750212,1,0.316371894402573,0.442916265919172,0.732789118125432,0.194876855090399,0.695486772164413,0.134123184754127,0.762719460806053,0.108529104691809,0.681585086497852,0.133128495849705,0.707629870476963,0.13554107785757
3.15944275028067,0.205285503811649,1.16925924427208,0.254440062866017,0.49810499622605,0.309580193408176,1,0.383432712464569,0.493236234710404,0.603694457407386,0.253035919760319,0.816401695525069,0.109455863765748,0.708955798861046,0.103122660673086,0.76605231815522,0.115304158467201,0.885810425928205,0.102600031662191
3.01732071553892,0.209017661665169,0.815053414639715,0.195333404475182,0.782912664353985,0.0694987029542234,1,0.0964299520047409,0.327047811542299,0.60563574622402,0.169150258209067,0.821122308655235,0.118961654766931,0.704803257131944,0.119882988964047,0.814181261731446,0.0906609802984081,0.697090163746753,0.119239996420104
3.43808900106909,0.288410528036272,1.5354613045849,0.386755181517489,0.4658623322461,0.328737517316479,1,0.0282256495514848,0.424032346743279,0.849357095670232,0.179344855990133,0.739528986379895,0.135504178873347,0.63789203619095,0.130602071986845,0.743926387580566,0.13270246588586,0.876939898371386,0.117857282373239
3.09061926091452,0.224855998110508,1.08541728573022,0.22309843934289,0.399400883438601,0.280406473855847,1,0.479655459700116,0.330587390691869,0.532438424533366,0.19303081540201,0.77394595575713,0.133660681701471,0.778488722712077,0.106870196408346,0.64559758603461,0.124991370564804,0.669145008047002,0.12380700412001
2.82809388650223,0.188968984007606,0.879582830242336,0.2016940378539,0.569271073319642,0.190719170995767,1,0.074291315135648,0.31889441873975,0.716330557296269,0.140522354785887,0.556489824887911,0.149218821362774,0.600996671391685,0.118711228648251,0.781975436821249,0.105659547229823,0.608653529301606,0.128015379275201
2.87651473462869,0.210134378833978,1.04850637230258,0.213517242890186,0.585895236036938,0.153056099661163,1,-0.200556392463839,0.385135209479782,0.685067477029477,0.193551315416458,0.773309641962861,0.126389939994589,0.773204814389262,0.10762607956747,0.530310036032487,0.126564443752771,0.655464505671296,0.116527784490393
3.20003343518574,0.246831040130047,1.10240602705018,0.25539831754398,0.728241552922123,0.126634733623738,1,0.677952517524171,0.404500202124057,0.750928030327544,0.173638993859585,0.597498437624855,0.13309794715175,0.724597168844945,0.126636517823878,0.666840820510888,0.122128732725418,0.719036401427624,0.120539562107993
3.71090616389791,0.317571523648169,1.89795781873424,0.418360909640132,0.383485375071707,0.279588075042458,1,0.111815438054819,0.461579099255869,0.947345134854591,0.162052597769963,0.894581923988946,0.130395490227607,0.874559653562878,0.115327615998924,0.675475207227744,0.130499662762547,0.887422055599053,0.122348252180402
3.15326326924322,0.19183638451755,1.27759462947741,0.26544968845728,0.557044122866736,0.238469085761289,1,0.133285919459389,0.279008372356419,0.831154475566607,0.11541757157485,0.801861275702576,0.118321306282684,0.598305928597542,0.142590292188866,0.766358610057486,0.107219223946032,0.798178569108381,0.1050933252436
3.23496105609487,0.276099697742092,1.14909911025174,0.293006586293001,0.248872468410709,0.33177631532668,1,0.467248062079627,0.377571405584032,0.666161976572649,0.176279614994893,0.679325453033133,0.12587971647217,0.496318235921616,0.132010162868006,0.78228679215684,0.11628102497445,0.776287438863613,0.128188717535632
2.92901862802518,0.26994809056034,0.862749344741163,0.22918614387538,0.337299353621011,0.345732063782439,1,-0.46566264641808,0.486495669695685,0.905211106704298,0.172250249533662,0.733710757468074,0.133351445181746,0.646480170373632,0.137134744605538,0.849884109800706,0.116051105586143,0.822483396444168,0.134523433458426
2.86961731040986,0.229457883538597,1.10418712265034,0.256096245357398,0.520371451471651,0.27113291889525,1,-0.408974520251781,0.559378066555271,0.620466496032616,0.248965599098453,0.715832072559856,0.140543443726515,0.672148284343884,0.135007648289894,0.669514668698152,0.120154421157147,0.650157296352249,0.124028481921045
2.84156136050083,0.214547208314844,0.83561231206098,0.183276570764782,0.225098658909716,0.234456574889649,1,-0.178776228341927,0.649939609406689,0.642870352699949,0.322510435257027,0.672069100183956,0.127558361717173,0.649015717224683,0.11633073685973,0.69732516565393,0.104939062139206,0.658770508337799,0.115902181333483
3.14647671727296,0.228186390983865,1.07829593503138,0.218137360368359,0.442266185976619,0.24702380029017,1,-0.0321282245680586,0.323740060709546,0.910773029650648,0.143040528837008,0.707314983173331,0.116308038145695,0.860467851947603,0.117905323946602,0.490611093861413,0.134723654434529,0.899437993463601,0.121404498628298
3.21499328642169,0.223095923973937,1.20114196565204,0.251291114608018,0.467153285081444,0.262585027097803,1,0.531183864442166,0.337066168757102,0.646328091462541,0.205134473205414,0.826024037637884,0.13866366934273,0.57864921748857,0.121403177017409,0.798628950664715,0.105229197711489,0.760818736719412,0.121261414218518
3.17095359346287,0.240683976094875,1.04973231611461,0.216695183663624,0.569506751594266,0.163572008346656,1,-0.675354586332936,0.310063121697595,0.887724996315762,0.146353625944237,0.911490164590568,0.110753114615697,0.671071143982483,0.12040517900165,0.722236224553963,0.119268936523779,0.595825982212919,0.112270564863531
2.92040546071259,0.197457037710081,0.972947776638367,0.21988446386427,0.570509657732004,0.149835870816217,1,-0.13705840983041,0.339817998718923,0.741957427450181,0.160467967036753,0.761901286456498,0.103278239802425,0.665288691891695,0.098409411067379,0.687243180987224,0.106915155188988,0.38855671602946,0.164054627801871
2.84192398312942,0.178757844220229,0.862640093962761,0.204873340794801,0.776519437091356,0.0660956466368801,1,-0.320603731907045,0.355519867175998,0.789535278443973,0.167929683955553,0.663188084642986,0.134278389199383,0.749945513840693,0.108981712057045,0.609471341981417,0.107431669589014,0.675502292907962,0.0946793862435779
3.76709909069541,0.273450797586219,1.36126410366348,0.311762117483797,0.741101260424091,0.102186719694571,1,0.0665015445608402,0.568119126604762,0.864634749934141,0.249456057529241,1.0373440624715,0.127470043311659,0.79308338505726,0.120641615848673,0.990629114921045,0.103920904921794,0.719912982616768,0.124509069615331
2.76265510097141,0.213446108903969,0.862311032459385,0.213669290078576,0.578319482496499,0.150371989908051,1,-0.243034864140657,0.25846786432697,0.378889936756525,0.181955165046555,0.757437763772819,0.133754911212623,0.803284196987497,0.0979701881784417,0.455295589890759,0.121007427419748,0.692091580379719,0.113539761456413
3.27298626061307,0.273263881849677,1.13796062459789,0.257894661362716,0.476401419739055,0.251884696891396,1,0.0176996802997803,0.295970297562004,0.645612228221713,0.190226256138368,0.920235106710551,0.118810816898815,0.589704645267878,0.127508911948765,0.715958745782209,0.112391125320143,0.670082415818079,0.133319479659891
3.04163336758908,0.219815279180342,1.00415537218721,0.227281347770774,0.597813658060188,0.172929829373199,1,-0.220870175111718,0.318593644657223,0.905671151984437,0.138675799530484,0.513411453246627,0.152039699085174,0.669528932843159,0.112688407441202,0.690123956183368,0.121441761019333,0.714525896008149,0.100874606349414
2.95764651612107,0.19901879953901,0.846788600145588,0.176112041908975,0.528787936984989,0.168832565312891,1,0.489939419845826,0.298073402881349,0.70978238523688,0.145979532700992,0.468150604121155,0.139908647059394,0.643860466002597,0.122820422004768,0.71572621219744,0.118586766374929,0.709593946002175,0.117180272933546
2.8546731232861,0.215960346725823,0.652032362383984,0.186002542961366,0.783368194230666,0.0689918100887846,1,-0.48608694323326,0.374965822086169,1.01890478005601,0.143657753816934,0.494629361391978,0.130231254685881,0.590393153886095,0.117602200700168,0.740865956400738,0.108719309562787,0.713960129796368,0.119179119205813
2.85798161031226,0.180172231254336,0.9445753177755,0.186921399723409,0.567460394539402,0.153843748880177,1,0.301255219988389,0.324257113866915,0.524205599326212,0.174293186927149,0.617779389888108,0.143494664169924,0.793651417826758,0.103778811397206,0.61455802540767,0.0947235290255677,0.679337867232773,0.112813203688843
3.08801628064926,0.205873605860852,1.28266907740127,0.250536657696719,0.32004036218772,0.259990754504896,1,0.118619700396106,0.385639857440549,0.633615277268588,0.184459556681869,0.593689759425611,0.129045150898592,0.7291299580698,0.115948313537306,0.777224600960109,0.100657579101025,0.706381661187598,0.115627861999186
3.11636582308852,0.213250812228706,1.09290902204711,0.24299190620741,0.552964468050095,0.211224994981995,1,0.21509043743505,0.270599887743351,0.783615528604461,0.139294472575614,0.716216972412592,0.125446986054958,0.55601661556279,0.132842497952346,0.628201774699639,0.11885064510973,0.862079660735939,0.0950606700456886
3.18346357571734,0.226119421066288,1.328860843085,0.27667369110578,0.726814388026897,0.145651967830402,1,0.165289474614335,0.437209505702372,0.583520408207197,0.233269653474313,0.851729351667375,0.132855570764959,0.734269705260652,0.101790529506648,0.758232341278903,0.105575128287779,0.820814670799276,0.108804342131399
2.98480726077878,0.222497898903945,1.15078468374387,0.26454018687387,0.654842461704318,0.179399871087225,1,-0.059568303341393,0.324827400176145,0.828039819407467,0.127670726084879,0.543712383538046,0.153908237428345,0.808912480253409,0.108836686887307,0.392487729522897,0.143080969286893,0.565270410101332,0.142689031442575
3.07522383426263,0.231099619549268,1.0317101554944,0.233434469998692,0.557785196825633,0.216332291014846,1,-0.288945902584783,0.437731376223748,0.84279954326212,0.191325919674945,0.96257511033497,0.0967556219071127,0.478693803298095,0.116618183549044,0.766413689570068,0.111674974165108,0.518637600817595,0.14495283029317
3.43261811036027,0.255875808070467,1.6624094379011,0.346818318051444,0.714087062034185,0.131303891326603,1,-0.0747814665601901,0.41077897062512,0.89732200507027,0.176596643599582,0.650361951972774,0.155079803841048,0.92214792197149,0.0928421775893416,0.620682696877159,0.134439040489829,0.853560424504382,0.119470190405864
2.9389120505074,0.198735984657891,0.730170138687779,0.166049236783476,0.458099484468641,0.224602655660594,1,0.156860418673767,0.411514152315127,0.210826806390403,0.272932393525728,0.798647423577905,0.121620997573223,0.706004626268544,0.118878699128918,0.586780754860525,0.106581613733157,0.616101340270557,0.125979435682962
3.07751852355896,0.208578257945426,0.795903727783292,0.182298583795707,0.678365431862765,0.106072120171438,1,0.21300793169195,0.346562620934024,0.84885569482382,0.144834084067469,0.404920169954372,0.14144785627271,0.872628794167625,0.0934834851900118,0.613261692699482,0.119800697190444,0.560392984882898,0.135755620577758
3.05557295343157,0.224357116606202,0.928907041347464,0.213010849258747,0.752708022771353,0.0843968064247233,1,0.0581189713520935,0.374135803624322,0.470404086080266,0.186584282374772,0.938089965089046,0.110839993576848,0.772714228650886,0.113160107010078,0.63443146541954,0.131344893397932,0.82481749260864,0.112855000444245
3.0632668149742,0.230031593318446,1.368441024886,0.265423411152797,0.255545963545339,0.254455881544492,1,0.157382686423822,0.33369131973378,0.663022922985547,0.166693909755932,0.694160587585188,0.123423285574788,0.686362963255321,0.118001271889743,0.716685417192413,0.114955243139773,0.708888612778382,0.119769240667381
3.28835113827731,0.239834922474206,1.20775496936469,0.261537433610341,0.533142614282646,0.222477398739871,1,0.66701764643991,0.324318953870051,0.618973107869393,0.168852686701183,0.681704343624171,0.113301697039076,0.682861902965822,0.11607912777984,0.663011068971242,0.115222482528196,0.743882865733909,0.122578003001104
2.80023500023769,0.20952251568799,0.824473338795715,0.173188163249434,0.429169750473451,0.234604563015276,1,-0.283715397150664,0.315615759956443,0.75292000953915,0.15807213550409,0.666142659959626,0.1188732781202,0.592994288779483,0.105177760352359,0.568199297085895,0.118980722859591,0.793717375437253,0.108484484774124
3.32982359484663,0.247222943164642,1.12770827418371,0.262390718871391,0.695152359017795,0.126984831111009,1,0.0209660276583784,0.411132883653781,0.909814363989973,0.159867103809915,0.742897998565624,0.130311143071189,0.683804227959374,0.132670847433137,0.778245844585611,0.109445002702309,0.645995373677877,0.116968059388535
3.24293278385258,0.2647413088902,0.81239881556567,0.241533979590201,0.857677253386824,0.0495241165599071,1,-0.231147507189923,0.421423355334384,0.91664035508431,0.129169028144371,0.750108846597108,0.123926804167394,0.795397746405758,0.128907694244405,0.675207755082113,0.129726103177096,0.640531286001155,0.127952080898393
3.02930694091441,0.265774216198782,1.16821699581698,0.299021050029968,0.669218531882378,0.139162958379478,1,-0.286245510258149,0.38176277254736,0.771195097481298,0.192360339039172,0.836877700020018,0.108863957642309,0.783707693098755,0.128566709681045,0.765881934418252,0.143638818594651,0.667206227134665,0.139902361538229
3.14010785931397,0.255842614158927,0.96217855900267,0.221613993323819,0.708289873056388,0.120213342765215,1,0.212486092413299,0.357229545256212,0.494874801474035,0.176064575406987,0.931621685512936,0.13121752440306,0.708890367390286,0.116359254281565,0.622071071384175,0.136144067055693,0.760630433885546,0.125262503867815
2.84577996157632,0.209097137125073,0.683484217276052,0.164139907215862,0.780276829839459,0.0694688073368797,1,-0.999783695687653,0.41679206600819,1.01304546243284,0.16368707425363,0.892736587222605,0.106143806231824,0.489158263756371,0.125834814349325,0.628836384886252,0.106930153065934,0.80545008025317,0.119419698485204
3.36790972576708,0.227380000108331,1.09701188363259,0.224307977827755,0.321189221761022,0.224257799164513,1,0.63596046306733,0.344233028244108,0.473025216635825,0.217097545217367,0.861483303425245,0.0990364739391994,0.837604645015596,0.106844834279089,0.790042935518206,0.112279314372851,0.720437797648983,0.111318586695358
2.98657476665268,0.212193633982525,1.22023280186457,0.257629456754454,0.436586144019503,0.237197448457227,1,-0.0363226196954828,0.450583194339554,0.758207301659232,0.195349413176628,0.668848261268239,0.116935637243124,0.677682683399222,0.104806815935795,0.726947619264319,0.106002314675858,0.623108533323759,0.129718474638947
3.02764178093126,0.216566412382903,1.06202273594512,0.233891420565016,0.764923017476096,0.0802723832792297,1,0.0983524163225919,0.32785989113791,0.476190453451628,0.169662789681878,0.63733570383267,0.147555367276417,0.839458987260775,0.110467652051323,0.700397643890919,0.112338231860484,0.809503004407651,0.104093003483288
3.58702306134822,0.287795332438568,1.63443435643305,0.348617295734748,0.48802591928356,0.313468035331943,1,0.209751933005832,0.311584242979771,0.775576157631675,0.148555879325613,0.786880085895273,0.120591196774138,0.746963986157851,0.127950283060988,0.676179354105003,0.155623767765411,0.836469582833508,0.144694301230262
2.7586610569032,0.21332279792286,0.898706326228524,0.205033470234743,0.52980781146321,0.225918919211242,1,0.0880609958051976,0.433908930318896,0.601745870590475,0.237960791496353,0.653608275184079,0.119607937321099,0.70338936204423,0.125531468846528,0.575566030732054,0.126814480427261,0.645504658931679,0.122251072371162
3.40893742975325,0.250474959660956,1.20449871989328,0.314237701916659,0.619133863860993,0.176792476296491,1,-0.688232146089773,0.540622472158064,1.06036267023508,0.189755358956377,0.930651570211525,0.114822103377609,0.717473782842539,0.120753749705421,0.660481702290667,0.112637331120685,0.941436277356705,0.12945435100009
2.78073557409056,0.20645865910875,0.769842700067399,0.179624055103302,0.280917876456765,0.244602095753714,1,0.174935956243229,0.411710481959901,0.434894028258539,0.261093503400769,0.482004012029892,0.160946217752534,0.920804802028091,0.106989343632678,0.66994781018649,0.114753097283553,0.775402503373611,0.118852994353475
3.06481948348491,0.201351436782372,1.24912811244269,0.216749655250773,0.203351022351822,0.190653752680648,1,0.171443163556391,0.248584151595328,0.586795311238671,0.153687254758791,0.779514604524013,0.119418538204594,0.757892750171692,0.100619432647023,0.576679581987603,0.122114791073416,0.73303933341465,0.118354762528166
3.21784090901724,0.226284981736404,1.07751027285789,0.248239868092035,0.596875362784968,0.156535621593994,1,0.0811165059265184,0.396873369719313,0.713310457549978,0.183635887224821,0.589827890035114,0.145536467210451,0.798382160286031,0.135572356352368,0.798875104867294,0.117517904474044,0.723441979671267,0.114983132573281
3.02367686201857,0.25296645834223,0.834612811827662,0.24218071952491,0.838157614634229,0.0468820671744299,1,-0.40435705390423,0.439375104835641,0.872186557467198,0.184521722025803,0.870590224175359,0.118119752293717,0.358069067012858,0.139531398294946,0.897042715355854,0.10925650859613,0.544114252118443,0.128286400226684
2.96420295246138,0.206045800435028,1.14469083152421,0.219334031416846,0.420609905821076,0.245608224656444,1,0.288801910798441,0.327411521802668,0.487048183935628,0.188995332102339,0.551240936911624,0.13343181024217,0.539496448358697,0.115408387378168,0.837513288967582,0.0962662662558719,0.767839445500935,0.103387738167546
3.20459162411636,0.22173458102735,1.09234810365891,0.223430587036295,0.221038040978778,0.278791859441864,1,-0.566622627744994,0.382273446511861,0.965805609342017,0.15287797408599,0.822444828218075,0.112950283227334,0.716661543747148,0.118112517459424,0.698097980106917,0.115808963454601,0.827545004832053,0.108327605241563
2.78697803357534,0.205911601201309,0.872106578737527,0.178696697672531,0.319130510149639,0.233408190683584,1,-0.140916509218247,0.308358406119857,0.719335042408726,0.167489472602498,0.770416102650911,0.127610401927883,0.681466452843076,0.11532559325949,0.806756332724584,0.11316874082786,0.718428180377951,0.116441769844235
2.98440351550737,0.214456664049886,0.967241034753509,0.231812370879303,0.725421549493586,0.0891247405496421,1,0.0501643975108817,0.351374319596422,0.661552904163193,0.169016081872503,0.730402937723012,0.112833784279419,0.751442109908501,0.0996552541186106,0.500309961317914,0.14903662759946,0.680005346920483,0.125739204445246
3.05633364692502,0.244443114964462,1.14221445172234,0.283968943034742,0.602575652924133,0.252844728327831,1,0.493998088899992,0.516188408464781,0.492724878237063,0.272713177126257,0.87423835495955,0.1233353421162,0.665274016253911,0.112819815331745,0.717690569550498,0.120139172170889,0.59410290790625,0.119340382756153
2.96955815507501,0.180688350432628,0.629621263319739,0.139658353668973,0.528136322535267,0.164072824051201,1,-0.337149261586857,0.477146241069097,0.812470405943866,0.193659187330011,0.787160444174421,0.116053003825734,0.674660946101288,0.122027941756563,0.680112209947569,0.10507148493035,0.69452160986964,0.115046543354355
2.79251863294061,0.22659589070799,0.789301909058225,0.197467657226806,0.551665821102539,0.169801435014093,1,0.104053469849659,0.291516208441087,0.577420906144405,0.16838007741421,0.679549060570741,0.123395470787029,0.580240254767367,0.111850752327993,0.74317314595198,0.113751242226316,0.626022709926142,0.132049515641352
2.85042554479843,0.20101727002425,0.952707781706986,0.216614974373642,0.591342100756047,0.150923756607448,1,-0.260983200205403,0.434852681275858,0.837470686644784,0.179288046643629,0.677056476062747,0.11074796593223,0.748579575071179,0.110355852936276,0.616695499563683,0.123970725563015,0.762566257973951,0.109025506306481
3.06549489537666,0.220535646418684,1.20285343635542,0.270511093379064,0.44412699604932,0.223883706795023,1,0.125125953588343,0.326522430970038,0.785883064113511,0.144802049668287,0.507084642149581,0.124553084311442,0.771527908353308,0.114359655697745,0.753297265255814,0.116338345031354,0.701907262373024,0.120976210120231
3.02673524402791,0.23512304532948,0.924388296812663,0.223249674141195,0.620414373173225,0.173352449348365,1,-0.399483900727261,0.361179943077301,0.830483964252538,0.153255945634689,0.828185011511007,0.121385321079408,0.638322935089438,0.123823045366945,0.717656527608591,0.112086809347616,0.816851941034416,0.119837267530944
2.87717978791489,0.245112109929868,1.06220961739549,0.290081648412274,0.73914701348853,0.110065978741957,1,-0.0367420532007249,0.326623998803205,0.633062168621358,0.173007949392467,0.700142692399112,0.146000796313597,0.60911112139954,0.11236700681806,0.838578536267726,0.136324839790568,0.692600512223148,0.134783763144375
2.92808324537192,0.262463131177391,0.81894507712424,0.179541112536421,0.428316773665168,0.211588255957304,1,0.282610203724851,0.334522940310806,0.363831243383925,0.217806109534874,0.568777508893915,0.152530285731996,0.915433931494534,0.104613551553268,0.783757522941434,0.124946731224004,0.424138464812066,0.142897048810138
3.51163148550988,0.237685234981222,1.07397939940482,0.220179622321358,0.541825675813253,0.199080659900111,1,0.234403413718111,0.362219717905295,0.905407782036431,0.169895981902512,0.639477392594027,0.146948085033201,0.713424168513627,0.130018484889403,0.86037622212753,0.0949029907302824,0.882217741029179,0.101422706752421
2.74890320485272,0.221380095856,0.860667782800305,0.203380485163265,0.569383575161836,0.188381739228888,1,0.155561273343569,0.312914797553468,0.337079756963444,0.184261756875185,0.650100323036003,0.1321206818616,0.681111614222834,0.104565335820322,0.553985107746605,0.126407140017219,0.627281003928498,0.149828567008875
2.57030349462703,0.1854169756702,0.765214482678099,0.181827245780956,0.691805824100159,0.0982558844797231,1,-0.459853357221345,0.34920141161502,0.596703802540578,0.191744650348642,0.753031772829402,0.12006494823522,0.658787685459529,0.117006755086607,0.692003131069257,0.096938091167922,0.553623592750251,0.122107550405182
2.90889601928786,0.214869085076983,1.08136863865989,0.216839741299092,0.394120352499107,0.230264318276263,1,-0.342555277728065,0.339248658855729,0.791992834093153,0.171854462021397,0.567474035010905,0.121219997800877,0.653427377795926,0.118381202502633,0.783404793974813,0.106139023093738,0.551736246825367,0.136056992621712
2.90134845472204,0.247845405774907,0.990062290155919,0.241569579200886,0.645411887894491,0.203050590649366,1,-0.113642671859539,0.393974751282098,0.85943032768907,0.144291244482008,0.712657066970467,0.127248454743816,0.606700100757368,0.124340454100787,0.734991770262226,0.126751965656087,0.435630677880127,0.153529067527929
3.08702283217412,0.237206437236684,1.0081256251381,0.220447237668573,0.620008543615404,0.156770739007979,1,0.617621504840751,0.327462334234625,0.474737621724086,0.213567198688506,0.931951961203726,0.108390695169259,0.629381862183569,0.109522112535875,0.629979848941349,0.122650462374791,0.509435116293849,0.143409589548665
2.75998026897691,0.205632559287989,0.826738251940524,0.193772667341081,0.69343714280338,0.106873716172754,1,0.0202965408544639,0.381884924327276,0.475749577163256,0.193700797270092,0.570801963544573,0.142935746316541,0.784133393961682,0.114017526591861,0.626180508715011,0.109156827723785,0.737401525560327,0.100064196049682
2.58541804300416,0.182579946270583,0.859652521989836,0.190228179856419,0.536420184592408,0.184750156258208,1,-0.456186537260677,0.448801170402698,0.657252336243515,0.231238876619686,0.687154951358351,0.111342211743937,0.661845011260916,0.103992858182299,0.484302524212077,0.118794098598963,0.701011420090246,0.109747924128887
2.97048039391797,0.275589903756808,0.965755820004412,0.241316156435037,0.736664733283484,0.0949810979150438,1,0.250858706170532,0.371792338384724,0.478527327502821,0.220416392475647,0.650243482889933,0.178021133900905,0.692063807515302,0.118662120616125,0.632631126575268,0.11950937794394,0.638927445205451,0.131631415464703
3.39611813352497,0.264212772839761,1.05821268746948,0.256203883033716,0.677022384000049,0.126093158696405,1,0.923848765028284,0.328255690049603,0.292359293775309,0.244795962692808,0.748948251842942,0.166897674597291,0.703597730705001,0.14012608015254,0.914696264366994,0.108216097912831,0.816931880318915,0.100359600149342
3.06555653515106,0.230918403325414,1.17620536515475,0.262111547849563,0.600879328093391,0.170190620466246,1,-0.22580448227051,0.295710406451102,0.782498514227681,0.154719981904097,0.771065697678545,0.118976607903862,0.848620760373504,0.111832318253294,0.674045190490934,0.114474088241523,0.747621318178612,0.108533998596838
3.4266779618033,0.26014453990546,1.02668219289545,0.239733668353756,0.334687218552426,0.344427089655879,1,0.28311062348571,0.340452067641848,0.728002433320738,0.182825128211379,0.725238258014687,0.138202742148798,0.695296149373329,0.13303556653119,0.867673151291913,0.105978940359681,0.780266033591739,0.12568364866753
3.2439831978961,0.25890791936875,1.37244185935792,0.270737431104966,0.268260186517523,0.315591716026427,1,0.141596411062505,0.320990350430596,0.786951427235415,0.163136933240492,0.69865645130489,0.145734881858527,0.692353302600354,0.129135988221682,0.789466575020663,0.107764619520665,0.8135167374787,0.130719717757603
3.01744306933603,0.269771971131897,1.25745472658042,0.313137520235191,0.703270940150164,0.135906481415942,1,0.136770013927981,0.279952639924594,0.697428940731797,0.15398667097762,0.710770544252142,0.142749287738591,0.849302319517673,0.130209232480334,0.650169861930968,0.146057863332618,0.71861069112007,0.129880971838061
3.1878653585461,0.236469332962447,1.22814000203907,0.23679908835849,0.413177102396126,0.289410779277725,1,0.361004453518256,0.34967494684909,0.712897076695298,0.166411266427317,0.440661660888875,0.154492062782868,0.775791690746554,0.113571519566988,0.649593429827307,0.119757305021296,0.814665087057268,0.114832909415423
3.29253071830276,0.224392677969456,1.40170066137665,0.301795381280125,0.465643346707226,0.227960984471135,1,0.276545960766832,0.262911504428049,0.745794853849782,0.129864078467055,0.68921122068,0.120548141174569,0.717015565169746,0.110615654497869,0.742343672509758,0.127112255905339,0.655503431691933,0.137463558356208
3.17740903821402,0.222829631529052,1.13426547628221,0.23784089175448,0.679769994331445,0.123106735754294,1,0.244355532741649,0.306425969719307,0.725979127818606,0.139712388784743,0.69567788814775,0.118562566865992,0.737846588283848,0.118800126877452,0.861805853222455,0.0986012722275956,0.572827839149965,0.115023413847388
2.50513457290941,0.179460924699418,0.938410837559195,0.236175545300848,0.560167730149925,0.179694066272168,1,-0.0848189149508294,0.450300976398381,0.410088279494537,0.26554456246438,0.689017702391795,0.114704046224578,0.490539944785568,0.121164199463391,0.55920854401664,0.106932547516273,0.595904936932847,0.111519371978788
2.76475764684427,0.203998645958312,0.801018864997272,0.179886284691109,0.714912313310328,0.11451843496362,1,0.242266886673796,0.310934750974401,0.635655312531612,0.144828836479162,0.502952358457835,0.147307510458657,0.813879308549854,0.104934029416751,0.498778533295089,0.117620441876786,0.688818746891637,0.111930167717216
3.26279683836215,0.292810488491626,1.09809750731728,0.23460154131567,0.171954761441795,0.306869589749924,1,0.809674660924274,0.342860286809595,0.47214748803293,0.175309222396562,0.719101974177929,0.130129445775126,0.7033594380739,0.118479378115936,0.74462463000411,0.141975886604997,0.719481310181652,0.142033253951369
2.65314285367709,0.188369392851454,0.794143286852325,0.178737636307942,0.443366912687203,0.212322441633292,1,-0.141203263418262,0.28377786606899,0.820857025292456,0.14990188994257,0.618853371650858,0.128821313141151,0.497878556608474,0.115023963107614,0.610196423719457,0.11073490342117,0.622879750383489,0.128698471654728
3.01828797155144,0.212558388552286,1.13132122313557,0.250052933196224,0.407466803908546,0.298919122122116,1,0.325083305004837,0.35116899911971,0.787907069876494,0.162860757225293,0.708215329257509,0.12669202551307,0.690681252337548,0.105906092958576,0.686495840930381,0.110925960430286,0.724462157079947,0.110843278231395
2.69562363171298,0.19599363581307,0.670962501820642,0.150911043937413,0.481954799710733,0.196201234588994,1,-0.0462740776356871,0.332007959450954,0.683663479521825,0.160510555725514,0.643610622322218,0.116485522601842,0.42083368119737,0.125383831869644,0.689740731476944,0.118142764786465,0.535472055498921,0.129115495961817
3.35077602066838,0.261012163124663,1.45198508741556,0.339297204891452,0.341787309574907,0.322054323360135,1,0.461167983446458,0.324280532916201,0.697581875853638,0.162459335517043,0.600376046694504,0.138189395455607,0.830770673499618,0.119528066658665,0.779051629658436,0.121423621824439,0.678992370556266,0.142055284650077
3.43524673482566,0.274149938853121,1.08942752588533,0.273252451420017,0.746327509329953,0.0808701594467443,1,0.188633740984085,0.39410839498013,0.661372699077602,0.197435688230948,0.995902034655465,0.100903588996198,0.83703247812714,0.0947349209650011,0.739227851317927,0.126017878044127,0.774617929190964,0.133055933519069
3.8624237082699,0.343538217755459,1.71068881878571,0.378206700279522,0.34906100224002,0.329600250042541,1,0.373105666982874,0.260267568364479,0.589175380997154,0.185347539876339,1.03078231724377,0.14550248433573,0.803810545548261,0.138558855531522,0.934355175805041,0.123901135738042,1.01210840638048,0.130227903451396
2.96486594721865,0.236184191180098,0.960670043745781,0.233511150502376,0.61559805837822,0.230297682530215,1,0.0199685415413486,0.428585427551433,0.567897494257387,0.196579653813643,0.835809214635972,0.132161924684143,0.676973034174272,0.126287634470714,0.660910224518914,0.119327238211888,0.769383207732986,0.118510831915504
3.03850373135841,0.223822880896264,0.93068579538484,0.228078894457998,0.677610410133609,0.111165603737431,1,-0.143750236328752,0.39311951894558,0.836135603823977,0.170087215078766,0.745966572687441,0.116295836899296,0.6822508354465,0.120117770951354,0.569416308901589,0.132781916162948,0.605198894320479,0.129086892711649
2.99227742600119,0.2172662702483,1.01878014435695,0.250095867194117,0.462847110547109,0.238168386269165,1,0.642672860437524,0.268381120856022,0.449493503142264,0.168245443433334,0.525471975222988,0.129837833531087,0.773480953261857,0.109941823859178,0.686729823090993,0.124518443287542,0.726501225742617,0.132955172309759
2.91886816125749,0.2151838447938,0.790449124579739,0.191982464865324,0.711669241465791,0.128771288101003,1,-0.639214072325139,0.503786280310211,0.823668949764957,0.221522567192524,0.653937030266416,0.149103191378203,0.75707700676872,0.112026850914961,0.659597055963228,0.113351891523876,0.722103139893245,0.115794346171323
2.71131139089884,0.20753576289131,0.793982815984387,0.186152345697161,0.627879298407087,0.176449625594349,1,-0.00128261779112489,0.415708130171625,0.616006345316652,0.189676609651636,0.593422179411516,0.123582380828046,0.692910114278011,0.117277973595625,0.681315528039376,0.112121130244975,0.516603075215609,0.124447359634953
2.99380189647877,0.189072018493647,0.771497902031847,0.159248551678481,0.783176084670386,0.0656941110017632,1,0.0145829439917462,0.360302236612897,0.662419326821983,0.1650034894446,0.986393451152684,0.106614984293626,0.590746508220898,0.121004328363802,0.502243595770676,0.130857848356022,0.793075326501323,0.104246967653942
3.1520583409861,0.234077905681077,1.22469633923517,0.249828150101455,0.253344912448657,0.333164222392833,1,-0.312322482158774,0.395610171563499,0.883464098202334,0.185375824031031,0.763623549044768,0.130769231102095,0.668828965010775,0.110549072804849,0.90215829651753,0.101556579497817,0.678942228534597,0.134934950633224
2.91826465038739,0.234826602689427,0.769281983773325,0.180423759560194,0.545460066967648,0.175803659265186,1,0.611185587478705,0.288599754877115,0.323405492737417,0.204226737937217,0.431476112343351,0.177894041121652,0.729468639769118,0.121000265678445,0.61498609605289,0.125782452709953,0.810435435698492,0.108837715132034
2.87064194786003,0.244201695937012,0.963532872282294,0.247034467621153,0.466466436355216,0.28012447197019,1,-0.2939226761806,0.351772170115073,0.901088990396107,0.153511275389217,0.47969282245709,0.159346952731756,0.830225112957548,0.117105963341461,0.509796843850403,0.135424988646887,0.677637066236323,0.133746902113372
2.871099351593,0.207910445407192,1.0566776195125,0.214886021586949,0.466418247989017,0.304848909749949,1,0.554519543768291,0.349570002544124,0.21004672315734,0.233235090422424,0.74049601660495,0.137927229927356,0.695593063284008,0.117567491651472,0.756160885750982,0.106577407221222,0.597428780629074,0.131144904888382
3.16114895411982,0.240308409787692,0.995698565173185,0.206532808512759,0.433603901125271,0.230956864969482,1,0.266410045448123,0.318916129450987,0.812909896248054,0.14636204751144,0.768238157444563,0.150171444219595,0.685498193256311,0.128454662210637,0.875623346018065,0.119472094594287,0.743730882454117,0.10489687402493
3.17188769590602,0.221835912885058,1.12530061188927,0.255154271047266,0.708788866014765,0.133947760714966,1,0.499480178600838,0.368437265039434,0.688665657507048,0.166031123306341,0.545306430864467,0.152607176494686,0.725999623030112,0.12029195101205,0.739310946048858,0.118414862118951,0.912266820890435,0.101851682932936
3.24284178995252,0.299010283700005,1.30495387644171,0.341260275092079,0.401184646728114,0.281162208906125,1,0.238955702506858,0.341534771632947,0.586880416034417,0.208267843169623,0.673070891335003,0.132319670861032,0.686383202858638,0.126575398515651,0.875696076559723,0.129492980098026,0.741377505534384,0.166489422262943
2.82087668777217,0.226768911686655,0.906310422055735,0.23285571724278,0.647943390413525,0.191442682978574,1,-0.527147891948185,0.382557502965269,0.569046072503079,0.20366556864245,0.730756878562933,0.142370677496496,0.550616514282008,0.144646331572532,0.695889203445055,0.113690429392837,0.751567687009927,0.108894745138235
3.16859248534466,0.252639679216725,1.36874627406749,0.300034882393641,0.335385842380668,0.332736850963425,1,0.139309365984978,0.324074437780991,0.466418400080414,0.175089647759892,0.712748315511199,0.141448092195551,0.74756177252599,0.116716727070782,0.739231410194077,0.109908590955907,0.623535699597709,0.139954510649539
3.10972835167972,0.248043842599761,1.23437271579282,0.284901877638997,0.709988990938467,0.130268159990765,1,0.120247486841571,0.397893396008698,0.596418992357689,0.169441973495352,0.791317870578234,0.117781615992081,0.801559939002255,0.121669869045529,0.834755977600872,0.123618289503073,0.627073775928167,0.131242300887228
2.81527166831762,0.220242110312397,0.790946911712425,0.214113348559121,0.767188512878432,0.0924415717647594,1,-0.114497405149708,0.386882004884479,0.647744532250748,0.164702404334379,0.832878272997678,0.123505278435351,0.539961866558377,0.128108323334886,0.694874598422036,0.116789693728118,0.645081261581819,0.118626973483037
2.94611236806659,0.221160957670166,1.08921561457928,0.228242921208032,0.738674466661581,0.0902302552921674,1,0.222938771640197,0.307626853998629,0.733323681722394,0.12964325227833,0.69977752336076,0.123328585069479,0.737297919404333,0.0922269296839422,0.729808979147475,0.120591283258492,0.468906723009605,0.142906252826438
2.90254428656961,0.228481117917519,0.895824404700447,0.19386209806932,0.283115803740097,0.291383215482262,1,-0.272390029096003,0.389430695708907,0.827484927477052,0.166183735144081,0.683841800614988,0.123813109083489,0.848443131939197,0.109694520545773,0.498937388724549,0.122162693935813,0.650170578134818,0.121069331411107
3.00033288898118,0.199659664620722,0.983315315144913,0.220862477904607,0.534341887183323,0.205567029471166,1,-0.30048188944491,0.340140285077813,0.777162929545793,0.166650296425106,0.866914829725287,0.103721817656413,0.725056979516465,0.103106120660232,0.564735841723018,0.121902404897721,0.706478685007386,0.117317432113362
3.05842205624409,0.223265123826249,0.817378675999212,0.220008243715575,0.760016077277218,0.108558047672134,1,-0.277805172287081,0.376362888537502,0.784030723757416,0.167371237902859,0.811958150917749,0.1447287515665,0.733638443741052,0.113604637185689,0.690403853961886,0.122528945827357,0.750405279474111,0.106932976811554
2.79686972037605,0.192718741395994,1.19855744772481,0.23241042688862,0.556489025785477,0.199355271699618,1,-0.310451360475174,0.351300410799562,0.815695556248083,0.150195782613715,0.676375651066862,0.104506079050534,0.609585600639173,0.116104094071404,0.813828261621294,0.1174410515416,0.501220984872755,0.141626640536834
3.14593373820533,0.213912537319792,1.24967529077781,0.284502279573988,0.671112729590051,0.155211224213873,1,0.30212387221487,0.371340686161961,0.586964374118763,0.153228367595714,0.643709910474121,0.161747458216798,0.655671513131209,0.123406766209113,0.911318005410189,0.0980497834632415,0.702636526249049,0.108892294015959
2.77207089772015,0.22216721449443,0.762588987656107,0.189861720367676,0.553411109287598,0.190562254097539,1,-0.932390865582216,0.490183067172712,0.784202004252715,0.221201271505588,0.704000109782428,0.129537580899725,0.84953267113606,0.100116958872992,0.554876244578836,0.134351217399968,0.623488811454609,0.129921323339637
2.93124450489591,0.222142100707334,0.881407550005268,0.201703877805435,0.501868983924936,0.220741397800092,1,0.110295329849061,0.332836371756784,0.508022881722704,0.193142534911735,0.73014642220883,0.132351896980977,0.582867141531453,0.1207340292195,0.764871924495343,0.109631354525183,0.473552235105069,0.125611700265747
3.25126251925234,0.241355782485485,0.768519907166178,0.206299815233678,0.5750000147752,0.200034579500509,1,0.376931651309749,0.356673993535609,0.709660157852891,0.135083425093339,0.666445959031653,0.151213947040197,0.690521938199219,0.123584421032981,0.750441082948547,0.121237440612204,0.77100280626554,0.116928372063657
3.13033096969207,0.244316553246501,1.07710183363606,0.233752798985864,0.593928265972923,0.206553214814445,1,0.459181996468591,0.392576943103818,0.576504632110226,0.200541245801765,0.63088292882662,0.145770139744846,0.772386938163789,0.121546403005612,0.732084577518008,0.123399957418448,0.691970403220333,0.112760405294601
2.94497006817427,0.242564819813808,0.971636491547185,0.22796463730107,0.540418408038213,0.206548176740805,1,-0.124685503801004,0.28253551854472,0.934321637691755,0.133832747079536,0.525085567081821,0.147960949477177,0.703674971172499,0.120508030936597,0.397259172457887,0.138528945342507,0.717056235828854,0.119180359450388
2.99012194183447,0.211616132241425,0.997091792425907,0.214047223311039,0.589670492444017,0.177634838279932,1,-0.124290479636235,0.350468822908753,0.697831844581644,0.183680833319593,0.83117201123506,0.0952218245838534,0.769358671461272,0.111697315031687,0.544379720806827,0.115545043712999,0.847948682153564,0.109555509078976
2.66024031977525,0.220363652225161,0.866708657318877,0.216102332934509,0.476485409575122,0.239256994009331,1,-0.015677812787741,0.297354578309518,0.646286418436635,0.152594255786983,0.611791896121068,0.126916399376646,0.560723980135216,0.128645227338164,0.553959152447318,0.12831684941376,0.519277552139119,0.126244291259744
3.16711318530851,0.259840380350134,1.17162111025813,0.273928768138463,0.249496341390709,0.284857049988192,1,0.898322014458043,0.304199765246889,0.272813722267325,0.217555780820939,0.604700011130014,0.15646986458933,0.842411912770674,0.113728458301993,0.658363324039895,0.120308238003732,0.819448576100594,0.131872091246321
3.05852042103001,0.229671554353574,0.743075677801065,0.183347119698927,0.537557899412027,0.211984475069626,1,0.126224508869326,0.359402934641999,0.701358793864629,0.186717950775491,0.784626982506668,0.13332218960575,0.708891404486686,0.114811870515749,0.642861831785462,0.121872771663594,0.447586484483411,0.129399437127481
2.99450056265866,0.242727763806336,1.10031418221779,0.264662325325728,0.586605823570239,0.176501385056319,1,-0.15612335646772,0.372265424462191,0.754998560560948,0.144594637725578,0.504519087124338,0.141498884761148,0.625930255015068,0.117059551657046,0.700894862616786,0.11110698726177,0.755457369148823,0.12432308574226
3.62785922098021,0.262338224649417,1.29980687668136,0.277580000071079,0.536165328559149,0.208161186258261,1,0.112254131650056,0.365240919524285,0.765446857704579,0.18546271270608,1.00337899730817,0.11026577749504,0.744514024708111,0.114086385307925,0.599432634520113,0.120765131254116,1.01782302534459,0.106570571293546
3.38615350276066,0.274142451433034,1.20605325622711,0.238193740150284,0.175657203329654,0.208962782630574,1,0.0223386806739441,0.315729157321831,0.86568318120362,0.15929004934147,0.70589971498855,0.121346191418778,0.766745819381474,0.120089393804597,0.803293295719117,0.116642010025862,0.68283267689717,0.125376491313407
3.2647825229732,0.262079242298889,1.30604271004202,0.257989395994871,0.461119889733643,0.303889246582096,1,0.351635134868306,0.485584187955304,0.53018089322822,0.239618296277594,0.724413733927503,0.141952407897451,0.833869950130741,0.106017720490545,0.709605489071142,0.126260541519345,0.951595789579821,0.118138146082233
2.97013859008799,0.218902060605189,1.18145085753178,0.257988131754717,0.533225816246274,0.245740703406251,1,0.473590438570534,0.355540279796125,0.631380876575526,0.169783255952434,0.688147530121865,0.120374932673404,0.570004162754777,0.102754439269492,0.607677580917675,0.123638292930797,0.836724787890646,0.107428071318193
2.95917708494608,0.220203199502351,0.927043653443283,0.1995466120553,0.589919018887259,0.196171940374489,1,-0.21869811454471,0.371529987207791,0.909199385857042,0.168046303955997,0.357808185211762,0.141442133567414,0.783916609407672,0.108359475919278,0.667337150012252,0.11946378965257,0.709561336727042,0.105373124241519
3.36858176108327,0.262430908271379,1.15894979409564,0.251219067683343,0.706552843879599,0.105891118966207,1,0.092992911477666,0.302521272919955,0.845142174493841,0.157680856248984,0.871624852324422,0.139365301358891,0.722188342133426,0.117273326216892,0.709308575776221,0.1233821090379,0.710427866138893,0.121927319399345
3.02270892343169,0.236641328011948,0.981569016006217,0.254434326218268,0.587045316592682,0.18938439241599,1,0.4959688641017,0.317534545418943,0.654297364538602,0.162548156253649,0.556174009324457,0.146235617176681,0.816568974954664,0.119820336285461,0.559466247017068,0.121497310436811,0.698617116058812,0.126475493473306
3.05853629480946,0.216713253918811,0.933459659078504,0.186743321831883,0.417980671704837,0.247238900638754,1,-0.248374379023768,0.320043470814407,0.655135700999503,0.187837274871751,0.760150583424446,0.13842072637976,0.749430782500692,0.115931091602778,0.630554391599988,0.116872218497817,0.925062701533947,0.103969425603627
3.50316912208703,0.290798794240918,1.62806799469783,0.339495060822582,0.726984306545277,0.156669992224046,1,-0.151809901007512,0.503722141231858,1.09960894914068,0.187068082288918,0.505813952258149,0.167765686898438,0.75272008389639,0.138520512473479,0.927604569190292,0.114101746381531,0.692611975868499,0.12654232267604
2.72679401181035,0.183157537148993,0.795905802308415,0.168401910829527,0.329263356625501,0.182545778270355,1,-0.557713091072984,0.237721277286727,0.803717181806406,0.131190408733324,0.607714984191901,0.128335089606327,0.574296906070874,0.1076150993601,0.740282234565963,0.112064886440236,0.552435736204556,0.125690625668019
3.44813411560972,0.26274553287482,1.34788051949189,0.312268477745422,0.586169171660317,0.225922294437179,1,0.844260209416923,0.341137736202879,0.602866017127168,0.167717585767064,0.948640048031995,0.108050302634995,0.737251761914146,0.130284332591597,0.899708325173212,0.1304418899898,0.917998841589422,0.12791661659272
3.07168832406794,0.251810049092675,1.0271684415646,0.230345764881578,0.34128568080939,0.279673226096731,1,0.0773625943224785,0.322879759829971,0.708323704143311,0.170333354513324,0.641838486436526,0.135080857734508,0.791405689884882,0.122172972382495,0.613921125601513,0.12848594277462,0.795522064010897,0.109747512606818
3.56334918377464,0.319251902552051,2.03420116409767,0.452742484842647,0.232668196352272,0.297718612154138,1,-0.0551236589906611,0.284555563038494,0.847277808617736,0.148218311353162,0.547249401154211,0.163498217776842,0.97559235693975,0.125171343031975,0.835611659609106,0.131619880868038,0.921502414076327,0.123880259419091
2.83914008040855,0.231277784986756,1.30784621266983,0.290895446263943,0.448847115800502,0.260978479735084,1,0.250249219590326,0.352924729018161,0.50492164954287,0.181911610833277,0.914409967032064,0.113724720702843,0.486235747234631,0.131892654010073,0.585533023342008,0.121961297336248,0.605442824560923,0.120503227741982
3.1197684233768,0.235600550441655,1.19290059773658,0.262008065333493,0.674936872744547,0.126119419970183,1,0.0572148647625565,0.342299017437891,0.702040371780247,0.158725168717146,0.70350249211082,0.150278829638106,0.668064861470966,0.107666206081954,0.639172017132039,0.124602432563005,0.625433748431162,0.134113806827174
2.57624933672968,0.2031777159361,0.794751062756433,0.174279825081894,0.388302656270812,0.260412147025278,1,-0.118573049577827,0.326598453526436,0.417861196819253,0.199474358946175,0.670239790668392,0.138528338527703,0.675135301721642,0.116145650445677,0.485384526923424,0.120171887302289,0.738282665177433,0.119912026785797
2.91784331570644,0.244818159586794,0.751310356419185,0.242335089423843,0.807580081628074,0.0680274319557282,1,-0.222402401570139,0.463082159817756,0.752691249727585,0.184955846250922,0.765350169937223,0.131366704418259,0.597034540827878,0.127570062626136,0.657120377950588,0.117301906616661,0.493707702488399,0.139047883296591
