"beta","beta_sd","omega","omega_sd","rho","rho_sd","conv_code","tau1","tau1_sd","tau2","tau2_sd","tau3","tau3_sd","tau4","tau4_sd","tau5","tau5_sd","tau6","tau6_sd"
3.42065266299594,0.990807858974148,37.2706187111697,16.8938102279024,-0.254933764890791,0.329783671622051,1,-0.189004495866991,0.694846519797721,0.744758699029262,0.299919412031937,0.979236078686313,0.205356023391141,0.738208501280986,0.271979835379791,1.00374165543398,0.34090616349875,1.05159791688347,0.317816181253718
2.74193181223544,0.738600517027079,24.3259747152446,10.6326777920546,0.225057068531832,0.63373391102004,1,-0.0268948091781541,0.585877140522544,0.591496218407285,0.225783860711767,0.887160313919357,0.263509971047079,0.915613939720374,0.254998898108627,0.627510293283159,0.294537202067223,0.120752474142941,0.364281002085548
3.40091622121277,0.738984007100336,17.8219065267642,7.31521206119319,0.344620558397547,0.654464574282896,1,-0.181727302665482,0.405369004500641,1.01222870940263,0.212370085179533,-0.690261928993839,0.682169036481075,0.687079200655129,0.247544373528808,0.756186726979702,0.235041522667718,0.723713012967562,0.254396274476093
2.32814601221212,0.447546201021878,9.83344233770193,3.05435107980335,0.11881162521735,0.348617720210262,1,-0.102139010972591,0.347703818740611,0.554344771352755,0.229807677843926,0.529000800205927,0.245022765563576,0.494066297423457,0.257638997485174,0.727329759083927,0.195036153077107,0.894457419270652,0.188566963500301
2.28336944263763,0.55665786772443,10.9774454673284,4.33335343952055,-0.00538822325460491,0.414713812566468,1,-0.658392610546356,0.608965059668506,0.745170915297091,0.210954910412741,0.62215922045887,0.229679742475114,0.817651721133244,0.174462076349187,0.15672343514727,0.366604428381082,0.474839206216362,0.402378564934283
2.65024861059518,0.575277904721619,10.1109101333237,4.23627639706345,0.0649856657529233,0.611472442473162,1,0.0272599459915458,0.68439538131066,0.588257630145711,0.292053392824393,0.823400340434559,0.200516161605112,0.635063236238826,0.222928791856377,0.417116455610454,0.303273446375337,0.638796865046719,0.337850648896532
3.48424848545236,0.776042456909357,13.5898926996945,5.65597191653552,0.390899541446713,0.881689925060208,1,-0.513023200642656,0.554564901042568,0.995715996924691,0.22501069803105,0.545344189988188,0.214966702701894,1.12497185753626,0.240456340708413,0.630175048622574,0.320039285679418,0.403234630658313,0.380762876356525
2.31132506469813,0.685565474810633,22.5628472615904,9.60496282008414,0.403050877458858,0.60038563001151,1,-0.542238969762992,0.386853304973262,0.74007246848958,0.205614927988084,0.397779493718402,0.283971442923345,0.820361104021432,0.232841378904717,0.540462726744838,0.369668165646104,-0.131806591722201,0.529314026420097
3.15368932409058,0.695933471027028,15.8827190400258,6.63930431059809,0.622216363363101,0.453123677449861,1,0.505328170484311,0.456034540122123,0.649537923357157,0.207777403733135,0.397472233930922,0.260646974837662,0.884769630507759,0.200186564380252,0.735557320170644,0.298543456825525,0.317917311027812,0.42464008086121
3.85855481826348,1.20923257166404,53.3927079462463,27.0816348305245,-0.438045821170734,0.33416067396567,1,-0.240884342749988,0.60513858349948,1.04350992726777,0.218639012038036,0.932058087719102,0.263758970586284,1.0830922483207,0.36012977827347,1.0284752542372,0.288150485456388,1.22424468932783,0.324240855955383
2.08400279610714,0.493307967185221,13.0757392705339,4.70114598603926,0.135200712236933,0.409677497546319,1,-0.399292105793794,0.489928826089012,0.767873122077632,0.171506000793436,0.559781988812123,0.238365094333809,0.770583953596956,0.281944335451918,0.63096967803566,0.265802025778926,0.0513981312013815,0.346698041799354
2.93317392274407,0.657190875729529,10.4071512831657,4.85613401408142,0.352854148937908,0.885115236082304,1,0.382268982629561,0.511717823697819,0.589135602424883,0.246485137343623,-0.0220949594057306,0.379372770900314,0.955172106828314,0.244868966392842,0.470126389525537,0.350656254822183,0.354787841177283,0.276966232548509
3.27432400220117,0.887998089939991,24.8101491470764,10.8763181625243,-0.628870710783457,0.115842190354611,1,-0.418750211586788,1.08603786562832,0.770902421044681,0.286649922853822,0.780165101554314,0.233533105998306,1.2952633960362,0.253017817257965,0.448155150994612,0.411439757526309,0.933647612252174,0.294739559359239
4.101523971454,1.07520139655297,20.7031592540314,10.2531197373026,0.463914267769225,1.13551927055063,1,-0.72946682209715,0.751507350946996,0.987505790033423,0.323395783503466,0.852426581586607,0.297576589277794,0.744179087159365,0.36454658177616,0.812370148001663,0.249557035022059,0.938173768039195,0.289627921779225
2.92090730201652,0.544844336309552,14.6450774985799,4.62007090533579,0.582061821776248,0.415864884025768,1,-0.342612977143184,0.416295669262093,1.00004924723261,0.196825037517483,0.463812101454249,0.22916179633198,0.699220132408014,0.228280425348843,0.743217941235601,0.180908438039398,0.683569287737934,0.250338229875909
2.46199905610286,0.531727200885664,11.9435653712206,4.39496436459333,0.301877932586295,0.639493898433251,1,0.223982590245003,0.576503555845003,0.585804175913092,0.315576214916429,0.883804689816371,0.19092108334297,1.21222629384945,0.154223424075267,0.791216818171382,0.218102714667809,0.771896842771076,0.298102350468261
3.45115963962108,0.763546389670688,17.2355294515184,6.84732889159582,0.83862539507096,0.190682433743411,1,0.123087383669899,0.720405361398225,0.59978320403877,0.291733816714393,1.07839683114952,0.231880177531185,0.935564563207115,0.259176312669605,0.355504204282005,0.363868200962273,0.838927496794096,0.244548951357351
3.32763099986921,0.549166345982716,9.12961820918039,3.13159166633293,0.304810997116235,0.404252083658784,1,0.473524157821188,0.490277679827449,0.690120952608705,0.218224261914673,0.657857072675024,0.243218469306327,0.585251212495355,0.218116597541023,0.69240247691381,0.221346113625991,0.408307377606983,0.29266683132584
1.91872091015703,0.48991593445138,8.48910252968348,3.50418034423273,0.152372691602416,0.483126131709775,1,0.580615797959319,0.467266450348973,0.642405987616501,0.202605926487731,0.266357435786372,0.229269428643672,0.451703498232124,0.228599824102173,0.474770579829197,0.282650334961948,-0.205853659037722,0.486204642235034
4.36612201354327,0.957569226309501,29.5467302365243,12.3034942860053,0.0488409916335397,0.619678309434851,1,-0.284817904443687,0.79461804650999,1.1925339450514,0.252655726482823,0.655970489066647,0.29720147827976,0.546892627052583,0.31690929467754,1.21909934757662,0.210977277328181,0.843725288295698,0.290726412800441
2.52897499243898,0.720914891252709,23.6791092970305,9.03788700271188,0.635509197155943,0.490522350790517,1,0.127886733428133,0.557830637682288,0.773933128563247,0.224248188405499,0.533897868250187,0.261206174744672,0.881593498069237,0.293923265680302,0.882347754125688,0.299206308829799,0.845234600133198,0.318732838578519
3.26615916061319,0.766844696056039,26.2706763121704,9.90241025227695,-0.304703931430085,0.247775327871789,1,-0.572684000034063,0.542980478857728,0.890100595237029,0.311830742976892,1.25360272307085,0.186205597226927,0.539176064036044,0.262858513865446,0.607970031727441,0.262243775476315,1.25935429671714,0.215226404024178
3.38521523038527,0.814983503135729,18.5389866170083,8.39343196628226,0.287339938592561,0.755199628438626,1,0.104132776397237,0.614615868461209,0.986719702013663,0.249182626230776,0.439060022459814,0.33038004837016,0.768498363741782,0.267831525415839,0.593777411459839,0.313448188218734,0.951493275858381,0.254490706406344
4.57603334427212,1.18055127349637,35.8007291704673,17.1635494159525,-0.119964682807563,0.356802050898051,1,-0.0145499162982544,1.12131207931442,0.548897993208736,0.351242688597419,1.25279300855341,0.259644287876612,1.03241025712734,0.27151797744838,1.22432894928929,0.36284029619803,1.15225924046346,0.236416849767164
3.07497735917573,0.595500344270969,13.02853664344,4.61864294000184,-0.0826799816900231,0.440193957523868,1,-0.302017873901712,0.450833508225159,0.869376415338095,0.171407225789553,0.592419524856588,0.243270582375445,0.563032626192235,0.235976042135185,0.795673675370287,0.226314934114526,0.58205813123454,0.291095649525776
2.2916408989019,0.499671078332374,11.0706468529416,3.74367909535246,0.607029894957829,0.39881121247883,1,0.342001677101229,0.440021652257566,0.612520345327582,0.148320197122075,0.920914938708804,0.167822637184777,0.566446524028835,0.30522588989567,0.874188089559287,0.259194133027098,0.267818685717523,0.342099292016636
3.32530283340197,0.654162535096785,11.8136270796635,4.72477961689488,-0.302666440999635,0.29694290653541,1,-0.505297919653386,0.681452246224868,0.75716551406754,0.281037828963619,0.728484622784449,0.219572808028233,0.841661395165384,0.24070517025752,0.952351936186812,0.227872048514525,0.6011242743221,0.347988635380314
2.65920737099029,0.621564456843159,14.7955740751749,6.1379577054926,0.451959346022461,0.662751493478617,1,-0.881898885130246,0.502691247677219,0.872622293544774,0.162221852850854,0.515475094980666,0.291076144812937,0.920651460563968,0.308067946146901,0.941700435233774,0.233504157214305,0.28925452554732,0.299960714042787
3.32279826401626,0.793823208416142,14.0635828946698,6.73234250200983,0.274576138103162,0.697475690345535,1,-0.165460351388248,0.483494215367889,0.547074347387543,0.237244152639744,0.594133442986358,0.30152390052108,0.881810129376613,0.251335176880317,0.851781424565677,0.273462777333712,0.0157735819628716,0.425143061473724
2.07196589880312,0.457975439890643,11.060035763727,3.61067389411696,-0.0419402403185011,0.350654032882798,1,-0.00325165803823392,0.429919137099214,0.938745095699798,0.135220647671568,0.602073373189593,0.202146340452952,0.606855220734131,0.215754344519007,0.633027026546978,0.265662422175687,0.641658810631646,0.251734642508177
2.10732706680525,0.550418675587638,14.6746854284039,5.54266259753533,0.377163922055612,0.736492212360314,1,0.0658932386916951,0.519810051651597,0.735415641622982,0.227560450757639,0.510746482712177,0.251056162585,0.789991792264704,0.265943967319746,0.730942830229487,0.262214230139163,0.345698154746725,0.269552663034863
2.38755361999573,0.520723039867389,13.7335491630147,4.78617868044513,-0.333595194401784,0.23999452013018,1,0.833511376404484,0.432882463065495,0.431994056746254,0.295401965661242,0.632296232902344,0.206821051164329,0.776410893471289,0.172678959751592,0.336561995026351,0.299237787284492,0.989502209571848,0.223375943960884
2.63902203527374,0.557403009643135,9.44629895178826,3.7927680903662,-0.237729107034596,0.316086510568825,1,-0.118937331196546,0.372926331687197,0.708671282616077,0.210828077933386,0.532387457594073,0.259974144434939,0.625681117831729,0.251831579062769,0.517065696269931,0.281541373450404,0.860223154090997,0.258596290105682
3.53534522852388,0.623999909174881,13.3011245888297,4.59953719681655,-0.212658630227361,0.311536693623451,1,-0.329405378113725,0.395976793483098,0.87324075721048,0.227534570732946,0.836971227830316,0.219214593030987,0.292924086508702,0.232253500076034,0.963012373824609,0.166279767122966,0.733291746943538,0.258299228557715
2.23341728120136,0.587794816620965,12.7495444258962,4.98796511179843,0.179389299702765,0.428299838337812,1,-0.148258928639238,0.506130249533269,0.56515073774076,0.225543510120477,0.266331304637066,0.262589455064392,0.733265573264599,0.210675991719026,0.472549878217663,0.247336663370168,0.165867757828512,0.353096734023998
1.6832119819815,0.489717001447327,13.8792858512423,5.25176671603951,-0.0247057378390811,0.464518778972816,1,-0.392931477804979,0.478326581832339,0.773232621775433,0.188612436904118,0.752299987203434,0.175938909222779,0.717510945000256,0.258409382519601,0.686657604714586,0.273613771909851,0.542483009873522,0.282499101173934
3.5183958548938,0.764614935492384,20.0111840517617,7.99155113101036,0.315333376281784,0.574837347882259,1,-0.154279774455898,0.556932936331794,0.532894039666682,0.246635771878253,1.12297740207905,0.202336118608001,0.490020081331951,0.359559450657603,1.0514623650524,0.259204253292457,0.649658805865365,0.192744049584796
2.00612311285497,0.544156036807388,12.7227995679106,5.57889140346076,0.298976280794775,0.813129747264651,1,-0.279172125208349,0.66737089309959,0.739597383765189,0.215061656122026,0.542674459420036,0.251231443066531,0.6005680812324,0.259599173364601,0.318364335597321,0.347110517450464,0.594425252853398,0.360905040809791
2.56762016052512,0.605299050098443,14.607733935076,5.61331401196548,0.0481850573302181,0.352176861710477,1,-0.315163038886681,0.700400936075118,0.718091810233865,0.294419122128283,0.556049576119413,0.267819208413539,0.740393186432501,0.202884719725157,0.891692892025139,0.285731348900861,0.618194863411237,0.301973108674751
2.75464710967755,0.716419606804033,19.2032752518684,7.65158732267883,-0.280595260960064,0.319395134672632,1,-0.520128016420717,0.815307452115993,0.848546409605511,0.255080482462906,0.744242422830482,0.284187894544354,0.447730369649263,0.292405212410933,0.947869772323134,0.283633689051491,0.56976018430612,0.309437731049375
3.77327330497562,0.833992661645323,16.1532001172701,7.35589672916479,0.405130000081029,1.40288859978534,1,1.0467030214379,0.758076182228023,0.287252528047813,0.424085589444037,0.648658203620978,0.303503960251614,0.56073861053476,0.37129915345812,0.821527275434396,0.251815138858014,0.439821646966454,0.367952643892392
3.09597983796421,0.769395147448761,21.219658906804,9.1797935925348,-0.408806860231345,0.33425845664054,1,-0.480995827343887,0.628323183093219,0.921424243158074,0.328946903581696,0.736977490687542,0.256559197740699,1.02584761074691,0.214710906071703,0.648833755845606,0.278752746577681,0.483284860881325,0.30769807030115
2.42912476703199,0.777685069221759,21.837436443375,10.7907342135125,-0.184369273224804,0.522871325015987,1,0.659340717349158,0.50405292483037,0.291415827904445,0.346035926567464,0.844757426203596,0.324047036625738,0.567325864192656,0.394899033717802,0.631724556309413,0.345396699951049,0.552424570611386,0.346645918720822
2.4820394271339,0.51788220934678,8.45747283970512,3.14473045381489,0.260425162046133,0.517933401353991,1,0.299194223043354,0.565283423791003,0.342256655241952,0.209875844103342,0.743927132029402,0.168426853428973,0.85525981543551,0.21900403505037,0.441957640360281,0.330347421118159,0.0894845311897267,0.368047324433054
2.65697392182431,0.640075876039977,12.8302908170886,5.45492430574475,0.0368571135333643,0.608976709889442,1,-0.226058744281065,0.600949259258704,0.663298675598405,0.237277959442799,0.615654447312481,0.275319832691908,0.462791072329239,0.326640138023598,0.27929059520461,0.299127385023621,0.719678535484181,0.243123550120652
2.25757714499398,0.589032800558791,15.4104453236082,5.66072105816215,0.340997674806893,0.623377704833144,1,0.0322774512635353,0.591941726626687,0.391339955627189,0.357773611542521,0.456779575068813,0.243349448046876,0.974362540757263,0.201578986761164,0.293500454615148,0.24787922109307,0.615011790404073,0.265349262121249
2.47125357680611,0.579048237820867,14.539220094341,5.43993754952868,-0.140781151255198,0.331737181876277,1,0.0657086839037954,0.475029433450504,0.705591699855449,0.229126716883157,0.631215098705837,0.234495371985426,0.54561005625084,0.233925635615427,0.61827082643345,0.24740516123533,1.05822826709694,0.234381734920402
2.67156502451596,0.496691980349156,10.1969422294067,3.53372789154059,0.187682548890621,0.5047394703344,1,0.490525846801979,0.429615963062664,0.863615057339385,0.229699325923312,0.0481588127803558,0.353510010208405,0.719297457522338,0.241337987194182,0.880208629467606,0.183299406074765,0.374694629158308,0.239043961852631
3.0279534916715,0.767219597653668,16.9150349642744,6.8063655138778,0.0867079920350525,0.398450781422938,1,0.458982846981938,0.702726878520831,0.990541070945021,0.284945347311303,0.46929967132982,0.246233855822393,0.647656089324668,0.254401385387682,1.00611851144965,0.296312168119459,0.599150176046695,0.333885834169893
2.01538878260698,0.506912297124657,10.2551717937524,3.90992994812521,0.174001359848373,0.537795252037265,1,-1.09995496544498,0.674782025435342,0.840450588796154,0.194997357583818,-0.0531720072656624,0.332252199432026,0.732834444786471,0.223013912867797,0.902039784607297,0.232689530081076,0.63816467622285,0.271416308831418
5.72555954807888,1.25772682923699,29.2688689687365,13.1582090519349,0.625127804930559,0.676584545813295,1,0.310644162727129,0.583277119816433,1.13249469766231,0.244642629933252,0.435332749712786,0.363842993721954,0.803128336824007,0.345939638936291,0.847721839204151,0.256045271561444,1.00595703180312,0.234697355183164
4.80259115867528,0.974559207851134,24.6379296156914,10.253756766202,-0.202542999038225,0.382785818041377,1,0.68965242272646,0.573558322254961,0.476017576694305,0.383435215906497,0.571875577875961,0.310550774615967,0.727326516785935,0.312370510892101,0.682138694061821,0.216592827024671,0.922163857606987,0.23035164132599
2.93553143299638,0.59673283769268,15.9774663677453,5.78518225481207,0.581722579440444,0.530235388661254,1,1.15926410997042,0.502229503558808,0.198212818041077,0.31673259186654,0.518447608148574,0.209540285532519,0.599669069966438,0.227397620900715,0.711938100940661,0.246997658371332,0.612855996713861,0.284835889052235
3.29882487003899,0.902079006123339,27.0401561231954,12.1135584898127,-0.29695583502046,0.279220123217957,1,-0.583974600409273,0.603203505730217,1.35575895013407,0.202272945329583,0.548223990985459,0.367041024949474,0.645844271481291,0.365867193707191,0.7218514444755,0.374265050334015,1.28289364770762,0.325752892871129
3.68540469306376,0.821251189844206,19.5513992411551,7.92436992512938,0.012892333474392,0.549275628633995,1,-0.719881348487009,0.638350800303038,0.635656718042904,0.259606369115744,0.608262434735128,0.2456246111426,0.999907189378595,0.259847870872011,0.657180498485392,0.290443270312492,0.537227320610089,0.326328419271872
3.67803926181906,0.905802615856237,25.1775641105284,10.4592186342789,0.850300269675009,0.123447572475412,1,0.232101957587823,0.674516268475882,0.729175608788116,0.163123745497984,0.57358990166484,0.30913843365626,0.931944513140446,0.261028645834848,0.704042359654232,0.278585558827885,1.00981939133484,0.247293872174938
2.4322146905467,0.6913249768228,20.3400155612629,9.16345071259146,0.249484104295302,0.66689718941862,1,0.163531043733572,0.485054400521608,0.406397225947448,0.272897373835874,0.652830242895441,0.282685393019263,0.412219666922888,0.268089059609568,0.0819679245472115,0.340376274693712,0.239704877791349,0.28488670972912
2.10633910937771,0.566317987726326,13.5377425963413,5.71760292668551,0.0279404572884485,0.571121402768062,1,0.411103398294484,0.44797315927218,0.412069814938128,0.315081126119538,0.327453962088342,0.298524477201916,0.629495877254604,0.218814214247904,0.36060695470877,0.297808056717103,0.255009430892633,0.290074679273112
5.04140639904724,1.16415852303331,35.7649467184128,15.5760907629915,0.591442684737466,1.02353575921325,1,1.07237607989438,0.787680944552188,0.865070244406121,0.183925937691109,0.921926488836804,0.402698622135633,0.83787186688114,0.36796641532103,0.597810455618946,0.320308014120035,1.12717993560199,0.230814274346033
3.39901495627135,0.920047828906092,19.0076879524007,9.62011671245102,-0.18119900825195,0.384789863962141,1,0.27535559205,0.648623523643642,0.460315059004432,0.299047766215133,1.03518003801789,0.265138341004815,0.365320951950611,0.323613894067303,0.703971997992734,0.314201382444699,0.722139393531583,0.323256966746621
3.266747064454,0.564880418766517,12.311234676818,4.24537724839328,0.524121123268333,0.446836308243003,1,-0.301550493518951,0.533215748690459,0.67794063110248,0.243096390048842,0.727417915702126,0.198943730704642,0.625875319141332,0.214813669423039,0.791130833077148,0.257852321624642,0.578789979688649,0.231945039301714
3.24685361643655,0.658932723572628,18.9683203025725,6.21932944847368,0.260059554144502,0.494625735007612,1,0.762304311468512,0.568105826413588,0.658488536403958,0.246769974553286,0.40098424828165,0.243671615973102,0.813317267966302,0.169741950038014,0.472562645418775,0.27993325167876,0.541946647940694,0.303380308226098
1.78952561742038,0.64676660476705,22.6418711408784,9.58619497581468,0.487651199419731,1.10358596700833,1,-0.161384133431149,0.629104402162447,0.865143797667242,0.241781094975687,0.459001759638303,0.273626567355745,0.98303245369784,0.272796981227845,0.72519874602541,0.31027628222073,0.785489881160859,0.298292633805026
2.41989499579782,0.591880727377364,11.7699960278305,4.38552522070637,-0.0751108345977787,0.353463098581632,1,-0.587646443101834,0.60199549400446,0.485144892770091,0.242051363014148,0.860045198110065,0.2188969827352,0.458808177460964,0.258086014687737,0.57642605248291,0.229382883891171,0.735901141000213,0.249128901068134
2.32693925218707,0.523261632161382,13.1131056139625,4.71024565362758,-0.103375500037518,0.340516870467415,1,-0.203424876461614,0.424716839577689,0.350463380157027,0.251640048474178,0.724292659354855,0.180577056749221,0.634298665172027,0.261866574235922,0.65734793645993,0.274736206251796,0.868212211251277,0.232845550566311
3.60151876276758,0.72051753656696,15.2728572943692,5.94321281452942,0.238199126771237,0.730109525078615,1,0.369029989606625,0.607669785929928,0.765859589508063,0.240228191249406,0.899683914770625,0.233708614179597,0.830533485478201,0.189025440899407,0.990472291298511,0.228934632926368,0.857260921394685,0.320343680658917
1.54064363152544,0.564688943203681,15.1672041348171,6.83702291580193,0.34748616152702,0.665728753007734,1,-0.132153997284633,0.470105171406022,0.656053440338043,0.208176800572915,0.607386563740248,0.254626625537824,0.675597785514383,0.298691061571567,0.649378060153014,0.312087033160451,0.723479353003535,0.32116140180699
4.90904346009418,1.04786714432001,28.2193847422678,12.3043399046171,0.152200089054676,0.733073476164341,1,-0.958688228753963,0.919132908786409,0.852683085978493,0.343377833392018,0.88933748505027,0.258614037816903,1.08714619735472,0.270861874820169,1.00318165296282,0.264193901238556,0.96896653419656,0.274733007483611
3.86346856092155,1.16712668720849,27.2550503437404,14.6241190291512,0.0292476420368498,0.690173960184511,1,0.359922831730461,0.624675736254198,0.212088515269765,0.345601448087495,0.576140624349131,0.348912675824763,0.795075003434162,0.304404303951722,0.745553298041676,0.341728356777709,0.420272557986619,0.325262079240513
3.47344132426648,0.684328917036373,16.4752401049359,5.68717053297311,-0.199516049839389,0.308127464783134,1,0.312240159629873,0.718876745781855,0.777674772910698,0.251571540713571,0.789846695143221,0.201210440299232,0.577976597394919,0.250128695673076,0.889410863296913,0.204570070706476,0.942193453066682,0.215962646006159
3.35685859931949,0.703962426732161,17.1247428067545,6.36752211201605,-0.0745850541716463,0.386037880303943,1,0.423945245267923,0.406705246755864,0.240400257779955,0.278693300585164,0.885396534795731,0.203971079189515,0.733290962597931,0.241203636282718,0.694882975563113,0.337484344770581,0.88364376201028,0.181718712411077
2.53670834037163,0.772347688804819,32.7376249291797,12.1889430474274,-0.0644413182442614,0.410175831481188,1,-0.290000699810573,0.566724124454632,1.02721245559632,0.17535954571648,0.701433995754049,0.28170945864972,0.940716343218025,0.241052785741519,0.634848716894881,0.297996827302558,1.17039130031749,0.221085740689785
3.13460637119928,0.84572009893649,24.2204869086755,10.2458346222748,-0.0966554777349502,0.489218668452273,1,-0.780982267520266,0.455458378263687,0.979713366098758,0.206210067992961,0.663464293153687,0.268050950377523,0.825811497330997,0.251182980559507,0.744661886526404,0.294916658885706,0.774209581497726,0.323030076606942
2.76376095699725,0.637209524661486,13.851450338572,5.54370557129804,-0.294224417282906,0.217817310439185,1,0.0155575925999486,0.752206258748836,0.924918480134453,0.298576178398127,0.568563265870862,0.254317275613879,0.714009340512883,0.186665345152421,0.831473720182334,0.226915608708594,0.692241719463877,0.296084509705729
2.43999335682371,0.623598695718354,16.2776949924014,6.14030365327969,0.313090380103107,0.479449833817508,1,-0.190425876937709,0.63017583938299,0.860627351394556,0.209258906688817,0.779442756280725,0.198845099519564,0.659970971615187,0.248287814515816,0.998861051848783,0.222272925212015,-0.158204257899199,0.414692437571728
3.32112210799591,0.688246405329991,10.2408777701018,4.43423436739005,-0.343939637487189,0.183432068615368,1,0.337897286179939,0.586037490906785,0.623073660742812,0.278837113271235,0.460540889841888,0.35070096024711,0.917482003944053,0.181448642620709,0.738243993564352,0.259506119423795,0.478880677991789,0.28458826548801
3.01993819828347,0.73250654916624,14.2101082873651,6.52383877380185,-0.401922605334517,0.364492347188858,1,-0.251878256091738,0.568074358457371,0.888291322472678,0.240796583331441,0.819332967813551,0.290973552991486,0.461398451666264,0.328654808071135,0.844341280334644,0.276848062040767,0.674464262839032,0.30199394626821
3.5128990485777,0.756532092956482,15.7543148954074,6.57233281913301,0.358918378682758,0.824845946751889,1,0.190642305456774,0.544627621084022,0.164044046328958,0.391012957489165,1.01709203745498,0.315600962771089,0.493692878404757,0.245382768041962,0.607333990042263,0.250806796139747,0.536043346536194,0.272382734880197
2.52160919699481,0.739302799999205,15.7449941954579,7.72267696275624,0.0219183805584019,0.572795570486839,1,-0.148277973811252,0.474012247494948,0.584140736904981,0.269265177756438,0.635705795830223,0.261476435153556,0.723269196628736,0.264387303694835,0.57298640691477,0.30124854253088,0.645380511424271,0.347787967952841
3.12519721175223,0.740874839515759,20.9410075520816,8.92076671342952,-0.340840456334392,0.316268724270159,1,-0.358137855632182,0.490199430975907,1.01961736422534,0.224716331823184,0.831671435746963,0.237597618433276,0.371587903041804,0.325103776642498,0.586636172004723,0.327550790586037,1.05126064083554,0.301714614286186
2.99418620751007,0.683615396478406,17.2085027327964,6.67799230331585,0.680735933694352,0.403956789926732,1,0.0432967456670108,0.538697129813105,0.300887207305672,0.364838414180377,0.992296233615648,0.238773011077245,0.348322156499956,0.226197707937665,0.96088247483695,0.160895775240395,-0.0090529010395497,0.346772233565971
4.28022368017863,1.02459804848911,36.1738669794605,15.3431484681705,0.0316495723565734,0.678929454722358,1,0.273463245821214,0.542153848336723,0.391503214642193,0.246947690411848,1.26696947900412,0.244116844597696,1.23620088949453,0.264569427013748,0.993054172092252,0.216549911933435,1.33726748108684,0.337151729294748
2.77888520842701,0.711117208971472,12.5208327990221,5.54032696309741,0.0748686828578722,0.604313652970992,1,-0.404248850319284,0.762189505808202,0.981944810435556,0.221695134201201,0.942804086279715,0.244486936524881,0.345526817060563,0.344700035543522,0.605868860910582,0.307796055010142,0.468017338157444,0.279664935795098
2.34501688459906,0.794654018306609,20.5971139482609,10.9776361773968,-0.348861915098098,0.330022333354364,1,0.166639947050569,0.750707918814863,0.236942678440494,0.37637132023722,0.885471244177491,0.213304386851563,0.963790895354573,0.262946658475788,0.494079525730409,0.384725978589973,0.373670654003378,0.472855585344577
3.89975706260238,0.947387223781544,24.8057252205216,11.7974625919432,0.221326111376499,0.753629996090047,1,1.18263965196918,0.690155930102772,0.914075531495743,0.263510032582359,0.285024444228592,0.288558031026354,0.724326414917104,0.288784802974463,0.880194909024833,0.346633692830272,0.903418272662914,0.289945643381966
2.82837992688398,0.610174920893949,19.9492463020553,7.10067370500687,-0.418930623787841,0.198371820750934,1,0.193903623218096,0.533051635030439,0.973339280615391,0.225992452495101,0.591968820162277,0.221732551204704,0.976244203824103,0.203271308612805,1.0049682706527,0.225998728722462,0.392088480326338,0.377015120945913
2.22426665986514,0.449846282235349,7.97479795908603,2.61937095163775,0.410132824218345,0.761900373114287,1,-0.280742895930836,0.469039260725717,0.695847229009163,0.189076574109719,0.648064532076996,0.175677484099743,0.635147484565395,0.293385437585635,0.160873489830668,0.300987838212909,0.258839584393147,0.271436590963576
3.65418548357054,0.812652383207044,22.0129420904231,8.33883909913997,-0.429929693721273,0.234505274765759,1,0.918152781355094,0.81225370746678,0.613043711291884,0.319245462366151,0.694161394809958,0.209705257171286,0.860272989037348,0.213090925726889,0.877130123139928,0.260914612551935,1.05624613835928,0.191869632084073
2.6303730021707,0.621178824653274,17.4141552168062,6.30471066755674,-0.349292347164504,0.301350758775181,1,0.478495470513759,0.477592006849216,0.25330391329843,0.276355033361434,0.755967348877402,0.188166200884458,0.622742275118759,0.233677814599069,0.500060828561869,0.337386473862074,0.814647038394097,0.25227576163321
3.16178612337359,0.73569711899064,20.7015355977106,8.22130418584099,0.269164063757373,0.687677731555926,1,-0.0125530863491563,0.574614897284648,0.5009547112879,0.279681739344723,0.307956146135905,0.282675976127924,0.934008697596846,0.209185963612141,0.924482009956491,0.21520189954227,0.495614365065972,0.28708888549359
2.14888856074351,0.569897112506916,15.4108935229813,5.89644621961033,0.0648520091900202,0.523897029970471,1,0.0419265888921243,0.429952705841736,0.467046890184279,0.269663157719558,0.938134536346871,0.181805347217257,0.682283068769384,0.247535146706664,0.276825702355394,0.271496704279762,0.947491907129787,0.22596364315919
3.48628632961109,1.02985714727081,23.5695921481688,11.4417776627515,0.384465157726839,0.915450795957316,1,-0.693986515531825,0.707081703055303,0.786218186606971,0.265821785811014,0.831469609968053,0.298208167214318,0.733743205396798,0.301849645666896,0.778311939112022,0.317878274723516,0.947682272771718,0.352753945325326
2.1080149289067,0.739574374764702,25.7810318173527,12.0629467248192,0.340840615499685,0.908562048690186,1,-0.567903389029577,0.942218107528686,0.921131026732158,0.401547624475926,0.448897245417066,0.288138268345849,0.533420470819559,0.201909327485792,1.20924210646888,0.24085242853247,1.09033861304317,0.337036398166074
4.94624482429757,0.964310027318785,27.7562684330289,10.0182253919577,-0.401085331502403,0.206286459124554,1,0.531510434300692,0.511171555826725,0.811676041843368,0.327847843597298,0.789882548794082,0.221730454798868,1.13024371941165,0.200549951003735,1.13758877317762,0.218996980228418,0.946692422226414,0.256047004808776
3.48056958702717,0.689321212447508,17.3435173478547,6.40730620786547,-0.136315851361023,0.40301131441806,1,0.173082885071128,0.695441337516782,0.976670120000953,0.271150200959493,0.800441785807623,0.22795400565446,1.05467502930379,0.186153311490077,0.794541583186684,0.242739034467791,0.916023563107893,0.196753652436375
3.52448692402699,0.859246278933544,23.6571107281863,11.0287993926395,-0.055792054684296,0.438533973182219,1,0.983675875307609,0.851733003841817,0.693808041281491,0.356769079244821,0.82808195166187,0.340969393485901,0.696582793110314,0.292077029621823,1.0392927919261,0.264385350668892,0.89029665769851,0.235906809231876
3.29078078755911,0.820505027031376,22.3544137235989,9.94968615822622,-0.340089798057636,0.269380864256804,1,0.11183080397634,0.619568484093155,0.818152998740399,0.276584053028196,0.714514690860408,0.300220371642618,0.914254917867436,0.319980603216536,1.03051608509334,0.232040903985907,0.956400721583292,0.231513994275164
3.95130800009006,0.79659625819116,18.717989490716,6.67192650297478,-0.0497374695953292,0.330842153135499,1,0.199875516279092,0.510950171033907,0.731191343282365,0.211481300457394,0.94897770413403,0.221846800095297,0.788767429200107,0.248474313743403,0.973680925174668,0.223915987767217,0.571649971911753,0.283071510360779
3.0980452816726,0.818005737900509,18.2446014360251,8.35396800851189,0.666235704263558,0.375076913181545,1,-0.394520760063993,0.576046371157393,0.892192735992627,0.208373138669664,0.80179515329259,0.249918276211159,1.06888608928469,0.26792564981126,0.0222358647195663,0.532735307622266,0.779571177528342,0.346130586637406
2.92650253948758,0.721363005220252,17.743889539326,7.8946252454088,0.104623811172062,0.547138955429025,1,-0.0468554304840487,0.52684839631715,0.723140330274865,0.295824349481132,0.877630862264091,0.197936043946911,0.597308323839352,0.273075255312697,0.371227486875455,0.364530381212295,1.04145070355509,0.305558317565254
3.74877788973444,0.89609903567286,17.4719459893621,7.94138525751382,-0.0600324135500971,0.466008947765536,1,0.301256811696356,0.634590706074556,0.647501022865725,0.304899389761227,0.627435611755676,0.312816764063977,0.992925324275552,0.29250244260083,0.727686732273009,0.28954911113137,1.00892042903378,0.238096660358949
3.99438512050582,1.15227259206447,37.3802317291353,17.335486589155,-0.586194640867711,0.196472219615662,1,0.108933965465773,0.735754908993234,1.15104603915117,0.246930054769323,0.806377086096666,0.251828246008197,0.881612466847194,0.293279427830488,1.34560369531413,0.278707187147249,1.25892647001555,0.267550312786367
2.87448411352937,0.594603221361665,12.8358720865403,5.02787080192497,0.372993412928689,0.73036277643463,1,0.78943114634244,0.514902556029885,0.0632865185131139,0.321843156948055,0.788677174025597,0.181309425068623,0.739027932556598,0.22898259552417,0.211253062457684,0.340362570792559,0.597171689753781,0.274429907750351
3.66230969247758,0.626591366745304,12.5737587167086,4.42179666447572,0.143836156619383,0.589583285276567,1,0.450042374127923,0.496141983654393,0.594999207611733,0.22802101218632,0.411596759749011,0.250887002684716,0.654895910136034,0.214640929025742,0.791990137208822,0.225816693009518,0.815890923144356,0.227790329959623
3.16099496269249,0.720533472570094,13.9614570662326,5.78374970160518,0.361952168606516,0.967875008693315,1,-0.313242737607074,0.70283994731057,0.546412780574742,0.255613431713226,0.542652247878157,0.305392997496272,0.699070844059685,0.221905845609172,0.955928490049977,0.25752301048953,0.324414157855318,0.344894369148833
2.90277336002311,0.680806581887482,16.5249190518706,6.96323459902589,-0.0167543135962695,0.392796404984386,1,-0.0943276732161801,0.365323630176979,0.774882872520249,0.206582244265559,0.520230076603129,0.249183205964957,0.622895657757646,0.283088673844497,0.739728920148822,0.394975281520223,0.507554619990586,0.294428370988878
3.60042760820024,0.698988556465527,15.5699000782188,5.95513764351524,0.0056779284651802,0.546586717457063,1,-0.532758390987894,0.494641409295685,1.05282914783913,0.259402002516254,0.349223436796092,0.265231542683403,0.950482074246606,0.193006142131396,0.662204708184313,0.295009554908525,0.969316168312088,0.226552026618566
3.38786910128612,0.550155131748999,13.1783725063956,3.9845855235118,-0.0692428396396457,0.371395107532319,1,0.339478991274679,0.446301820073109,0.600525794914382,0.258378970512688,0.808867240818363,0.196658534150074,0.700111293107199,0.230949218495327,0.817994714904428,0.222453994646415,0.49437728281154,0.274449449483586
3.19066787848213,0.759794198272533,22.2494059246218,9.18223095866942,-0.146468780619489,0.436993038027182,1,0.367329881743938,0.494187044712076,0.651519017535318,0.294822445335316,0.452664724600314,0.294409714701049,0.914654276860051,0.246436598143183,0.879096129308354,0.25763795246548,1.05820191332374,0.244408702732187
2.7387464220717,0.687426817390842,19.1058948181811,8.02891883628104,-0.289008318579051,0.354522571808409,1,-0.200023823786736,0.511167302910042,0.635931383185932,0.239166933098023,0.724795482860521,0.240870440676236,0.507633060238008,0.326195669943208,1.01530456618825,0.270645400315067,0.877170246711907,0.270202694557201
3.94141223108615,0.861734718282448,24.6737448606889,9.5063391826371,-0.383885911444891,0.252787862963041,1,-0.452980407187976,0.653341832908986,0.997182202704604,0.210048947328693,0.67894623922545,0.31267271122308,0.338869098155395,0.284228982532738,0.821659872563239,0.236146892672329,0.529561927839626,0.287853222084414
3.48517373918257,0.748925368589418,23.0463817464894,8.4443294230835,-0.253905181851798,0.420472701671325,1,0.135428902052055,0.479110440891222,0.707417586689551,0.248418737782013,0.499183911485466,0.356477864666157,1.27000928699518,0.268680461883969,0.847612667798201,0.240689589154689,1.01850059313952,0.143404884943057
2.37660030828905,0.535204174328951,14.2107059882441,5.00907546202841,0.567158042306751,0.506592363739069,1,-0.10011148403486,0.404624564526057,0.423332907682207,0.207966513347063,0.634906195893359,0.195257977741285,0.680777427331836,0.227541615655261,0.710732293762195,0.270153222822323,0.749556094963908,0.275107846258527
3.97557311212789,0.901685519853835,15.6326075896464,7.50032683202111,0.153909164068277,0.743092453467022,1,0.186820237836472,0.452185886591815,0.566621156313809,0.278760105492308,0.870245151869544,0.246048270334728,0.853534578529907,0.303171471091374,0.968898979916047,0.299964867507852,0.750675916871657,0.401806736233528
2.79621537698233,0.668078530093549,14.0628836163828,6.29276857476858,-0.212837854573437,0.380384942982963,1,0.630428134742256,0.501175158209512,0.106148550129808,0.339639220455915,0.91742954117622,0.264005959196499,0.749775669196712,0.347953602755979,0.491866898501694,0.257348806962848,0.612030783549013,0.224692109319382
4.02554729627951,0.967255182480692,28.1754427740835,13.0873113221173,-0.05996996134806,0.656046175505972,1,0.162246857187797,0.689398650565438,0.769283284415106,0.262983928373392,1.16632871647581,0.257996859030038,0.692042493457706,0.28398431415554,1.12921462457835,0.290916807337621,-0.0853709618744595,0.519596767953447
3.11148445276347,0.721060574249584,16.1485127817247,6.61160849308695,0.456919567794032,0.518310464765173,1,0.0534107430933791,0.429382498504878,0.762911388850106,0.238408114168904,0.738367870905794,0.219453703799536,0.333750664654932,0.288770769733489,0.716937955649316,0.184145936869872,0.0153005892385681,0.352453416603638
3.10330470613782,0.722305173591406,20.3987467717648,7.43281598111083,-0.245852773894877,0.204763292054698,1,-0.686718987973354,0.464052549617192,1.11964569214826,0.192461401262735,0.733199273040117,0.25103995175721,0.391251730372348,0.289613767004277,0.844937026966397,0.199304514796639,0.555052441732478,0.3336870918866
3.37020597242846,0.69507994533973,16.3531857914849,5.87875377761524,0.446692826991357,0.638607317965082,1,0.472049502236972,0.493773086770108,0.428101517673549,0.362377623997475,0.910809760747771,0.229081982912266,0.563433415781983,0.268587998307856,0.694324546093772,0.205740928813291,0.788490704201033,0.226736100786586
3.81594453144466,0.80506635811102,25.82474999637,9.41959583216743,0.352823023567426,0.684676334769134,1,0.439643854030137,0.432601343433089,0.862753534154074,0.249266076937452,0.665944586838019,0.339441743961453,0.159847305298338,0.315540641121842,0.536236102974196,0.240590255772551,1.12057478975153,0.20484013583106
2.74315951576261,0.629857977570731,17.4359595573518,6.26931239212029,0.523313145348495,0.626957791261728,1,-0.625772491839399,0.636361144058267,0.835957581347248,0.299681403898802,0.576243882490912,0.232132240111665,0.884268534857433,0.243566186339107,0.669573025211269,0.250019264207423,0.753085589361981,0.198945921482507
3.10668571271152,0.685102176785452,12.6122124749047,5.2848569147498,0.338197301252656,0.736874457786122,1,-1.32252531348772,0.824166272632386,0.986727630691147,0.30566026870413,0.620411328952633,0.243876309052224,0.418395810898364,0.215742149301772,0.474423451052933,0.288204368151291,0.803314366244163,0.27265678594066
2.84436218682777,0.66548044654745,15.9623205824246,6.3399383543613,-0.315340779011415,0.33196848636049,1,0.127347402079914,0.447878243480261,0.718445995754169,0.244829759450398,0.853678758201303,0.25024515981314,0.691405627053537,0.257608471398402,0.581061567211468,0.285890119584695,0.70453611831208,0.270687140600703
3.00726208229482,0.788549995467338,19.8324575000375,9.37055619503854,0.094277871011172,0.501293537794716,1,0.175977887021367,0.53078621286169,0.576810438654677,0.280728421837909,0.596762310286336,0.372848082285056,0.798352319276905,0.217296833391034,0.997036304169854,0.262819390109627,0.502882757545017,0.335398687833435
3.51461746065254,0.672519034249271,11.0644346762843,4.51914585305768,0.846009991965892,0.125834562144083,1,-0.419834460677261,0.608070081618512,0.835993455191883,0.220499889170043,0.75790356408186,0.261572306477068,0.563666051294388,0.316234849157603,0.795309579884208,0.197567110159573,0.526369466527812,0.262784162210887
4.70084063891895,1.18473788205078,40.927727714701,17.4912795248329,-0.464036455095776,0.253449139978566,1,0.104362965074462,0.761057260592805,0.741092693250264,0.326246339754038,0.729249521551739,0.33171681089434,1.01146281663365,0.214137472536697,0.820323941823572,0.255524609589576,0.909059542955431,0.362499262216739
2.42715542924957,0.63440149932952,19.4143076595291,7.57219477928038,0.580764840332403,0.538439427927027,1,-0.332396833453984,0.556508419589636,0.710244259618344,0.222792225414611,0.687135041632269,0.224242540050161,0.513659927770198,0.264996339225746,1.01784932368912,0.19672567618179,0.427119996651332,0.382971882325729
2.77194543265268,0.629321156609592,15.9246081811529,5.98183276344391,0.605068471362297,0.429217874209138,1,0.592908120953091,0.435343417927181,0.519986623476832,0.170450800295803,0.415778776182102,0.311109354776047,0.905369008184661,0.202191436380111,0.275173805964738,0.30670668599252,0.26387400366222,0.345195938178909
3.13975770806535,0.836945924448464,27.6978312937336,12.1717028812066,0.206483956476962,0.730358331561742,1,0.730997626724942,0.679573948035966,0.651841690978627,0.371355290124703,0.854051659300499,0.265345439893268,0.515452885412202,0.343748031809928,1.002349484091,0.192377619413545,0.585209370582523,0.311643180357767
5.23007084405748,1.32053401579685,28.2670524382556,13.6211469331976,-0.60222470448726,0.199302561830515,1,0.333062006355713,0.85564392434643,1.03829553263029,0.284525583587448,0.636611656171083,0.33244120317819,0.95043368296882,0.281768061531796,0.869400219340714,0.314749483641712,1.38555287135883,0.304377861389848
2.76755438265272,0.630214597309267,13.9620525453923,5.18123225543251,0.201621257098728,0.810580911511357,1,0.82661633838457,0.590433100840619,-0.0713546956204789,0.382135645106266,1.09724333518192,0.183382190648733,0.78653736162733,0.25496330314598,0.917691422031286,0.220835817010473,-0.00411521284138246,0.370195778225614
2.73351884815108,0.51279446417795,9.340638680671,3.3555726403093,-0.0421110089113141,0.370364140964777,1,-0.0449429835127005,0.489961934505274,0.629331768289117,0.203888881938089,0.324497784690749,0.247938905365263,0.821045339759266,0.222479933073204,0.543948354278165,0.276016826384856,0.674833446791516,0.225374643413228
2.61418369737236,0.567333736998788,11.4459425754799,4.62051588875445,-0.0371210157278688,0.363958342100184,1,0.170013101151161,0.418961098745116,0.771690943977353,0.16875235170555,0.461227992000264,0.254752427262014,0.485616011464295,0.259793220339113,0.444726320160805,0.3518561732066,0.761754739178113,0.280509256508711
2.86281650503286,0.561986956671781,12.6595290233403,4.58650034045666,0.783381989713814,0.257702560098932,1,0.0694867280773881,0.787073708307975,0.694464243243473,0.272139036788609,0.467673865896479,0.302808934800682,0.923099990235208,0.21302241801264,0.417045207095742,0.24820824139994,0.809437653117796,0.190891361419829
2.70221324196114,0.520917119901719,11.3158501452033,3.94833045187714,-0.118033583805698,0.36174256219224,1,0.496843083064213,0.539867747906117,0.382639737087856,0.27743421416952,0.642925712004058,0.214125326543337,1.2401871866979,0.202322407936504,0.201712334088885,0.281019954242415,0.597763782984164,0.226320979910179
2.86353622942505,0.701157422331049,18.8811387958838,7.41808856304099,0.296089678114406,0.507004991285573,1,-0.295483693761258,0.809289328198848,0.719693284548502,0.291937926248098,0.978733067491425,0.275923111403587,0.505569029380023,0.224429904718336,0.65194823773312,0.238587813198559,0.910963942238951,0.289017497761224
3.07589233006,0.611310237087162,13.1751071246067,4.6561387228882,0.858304518054303,0.167206413464636,1,-1.5353475722746,0.879025260721261,0.810008418055625,0.255973821173417,1.10812494752695,0.243041241461864,0.764999586152312,0.212285663578256,0.663042934803935,0.2232126850881,0.704574769058854,0.209833070559521
2.41809768326644,0.644122078916232,14.8374233813257,6.40847156173684,-0.2031941221527,0.367092186656317,1,-0.12331103299122,0.623014014587308,0.627124939436822,0.345200766636293,0.790704540795999,0.276027377086123,0.597544292498321,0.294614930605445,0.807237605789868,0.236378941041464,0.876667062853576,0.226874503586166
4.36432742388085,1.04092675576,12.4623549180277,6.23687822818323,-0.524381315296566,0.268995048643917,1,0.044895044580406,0.512934101241676,0.740765378149668,0.327191703484396,1.18808011478458,0.244143213830858,0.574916077517204,0.315534177806827,0.639295542842292,0.285120331409322,0.694420782808475,0.345948142216434
3.76295619239638,0.678149682798397,14.9787593479743,5.32480505383792,-0.12850863005636,0.371760709645306,1,0.135500778352394,0.335020763272184,0.555172671458706,0.251793107521103,0.445295894472989,0.25181538234049,0.790034504608091,0.213728978939091,0.538594307104299,0.244739284132479,0.549470718145793,0.257269095749082
1.99256114368612,0.572781725381986,16.5652571341394,6.19485477114012,-0.215629203073486,0.269454437364054,1,-0.124402165366198,0.489539583408922,0.586948222798374,0.203225704690587,0.600813946629611,0.247166274709242,0.23473122684927,0.317508098573858,1.03048402550227,0.233407904711711,0.856201221464774,0.263966417840025
2.33838121721036,0.541701086911284,12.409455514588,4.89860200716046,-0.200780136328439,0.24650015507884,1,-0.0560193808077642,0.374420677099925,0.742356683614223,0.183033540349005,0.705220410916278,0.201241915489284,0.602877181220377,0.292187502664193,0.221281860262553,0.351848488057687,0.614980195883104,0.31346473962876
4.10260534289668,0.887293843724362,20.6394047221551,8.61505900806857,0.284628030068985,0.726204508443087,1,0.830386848624502,1.2208733437209,0.570201675647665,0.580046107885313,1.09621598044526,0.237230289943854,0.254175570639062,0.308319834908999,0.871571113787418,0.231645500804034,0.588608367045821,0.277092470459343
3.82927280578381,0.702572239759844,17.5408973872322,6.34032384395531,0.256069106603837,0.813775967312522,1,0.337265708434488,0.573138998238335,1.01586241341859,0.23208823216802,0.508559957389359,0.299928362245827,1.11360326437197,0.244161846042264,0.521267644209207,0.325066731123443,1.04929680416551,0.134910702445901
2.79647520517518,0.774210967005361,18.2916146267221,8.34081125877225,0.288283254820231,0.865590639032039,1,0.226754190961971,0.703599256196755,0.201190422729113,0.326838991040499,0.846241348774257,0.231257138378581,0.605238450818644,0.280996495445069,0.732962082694758,0.278548712652454,0.0175714440230174,0.377601339226212
4.02055494484989,0.938365508732742,26.3687044556621,11.2603345306419,0.657656584685853,0.80646107361287,1,-0.518927231610771,0.846020714084743,1.07998462413677,0.289054166179389,0.201226556433989,0.319738318925333,1.15426283544142,0.176682586901882,1.131699880259,0.294027846822567,0.783195264892485,0.278532851507434
3.50724574657931,1.34319317205649,44.6813149929241,30.8888106726951,-0.716477647007921,0.185889806540554,1,0.351117787774907,0.463761995010434,0.97435866995729,0.372139244713013,1.2228930111245,0.447567018908445,1.12866860261641,0.439736887803401,1.07990922027643,0.391099533090054,1.11189412527481,0.441164806047427
4.44556382187642,0.930375984082943,25.6401560542542,10.14207779491,0.055198097485842,0.584627533220074,1,0.987063141084332,0.61742008363634,0.497500382881513,0.277222186382422,0.664583584993056,0.286260997021732,0.544657467873531,0.290859051108912,0.927392155331996,0.181350220344861,1.11623031275632,0.260352631730832
2.4129465407661,0.709467242778919,20.7817469648595,9.0943506329083,0.620646373582957,0.717293561465961,1,0.067196834706618,0.581864807212787,0.839297281427225,0.250377921129547,0.869461067414586,0.261021524628483,0.91631058199303,0.252351883806348,0.528756369435112,0.415064162811494,-0.64306530268119,0.692676742939616
3.83597894107003,0.886965712347861,23.8676931585811,9.65099886780726,-0.235220890311053,0.334119911492728,1,-0.850529668513442,0.713264978996769,0.87791914948197,0.385490102042665,0.902755431230031,0.35953334300823,1.10786926481502,0.180653790486379,0.838313365371562,0.272953009661202,1.17178083722641,0.239272763890381
3.5244553406005,0.76150829838646,15.1252065672228,6.07750382875227,-0.108564839885021,0.476564659639423,1,-0.00942127797969314,0.502037196383975,0.803181852948617,0.193202772896339,0.641448860498963,0.257820911679234,0.774399462945978,0.262139512153185,0.762188841107226,0.292884480216703,0.883258681944532,0.283650244352326
3.17623738618066,0.706646951217143,19.6693419124323,8.34205463018256,0.358692857144409,0.714917305360852,1,-0.0882369400067484,0.523340188537053,0.678551586725172,0.230131861960964,0.603089415504614,0.292186705200998,0.730787251523267,0.290443029873549,0.580014925837118,0.343620601860084,0.697839530952373,0.348839773991899
2.18335614512912,0.623108685348399,16.8678561968893,7.02189420081656,-0.104854584625327,0.355800974238458,1,-0.267141462097358,0.513167335479138,1.02545853531413,0.206843078537182,0.633985223639591,0.241513841010247,0.349832284250824,0.400283223788898,0.69688785391921,0.309534484100556,0.746545718235789,0.247061942933053
2.28811910956803,0.55871411160251,14.9531074831137,5.50284789257994,0.48612013308926,0.635966715509804,1,-0.120542852974695,0.368569872696302,0.63504235670179,0.177638693424755,0.279260617304314,0.307899417983253,0.627617071589555,0.23584404927719,0.951797811617587,0.266775495110576,0.0489861037850103,0.352551625499756
5.31652247423221,1.99235782138208,52.7092712517299,37.3754056452993,-0.334955248335377,0.571923654414072,1,-0.108404609287722,0.742876111719646,0.608930212695987,0.393554213799895,0.750166868547612,0.300880706730827,1.06370636296507,0.38913372870086,0.935744470268569,0.551709775926155,1.20737485109231,0.44988952577661
3.21096897169749,0.72179776573877,20.5767437693078,8.38343548103941,-0.225908910182369,0.431903906996978,1,-0.247953338601346,0.728256716086297,0.57446992094899,0.315749531344749,0.879955075475013,0.237160430628652,1.06557744556452,0.239631366063112,1.1111043423331,0.247302036860636,0.77014201785767,0.284957078226009
3.36478077259596,0.739132934594465,25.7675148770379,9.51925883135276,0.518078176661398,0.622828799714176,1,-0.0141993546445732,0.53499725404505,0.843570641377246,0.212797657002308,1.1602806555287,0.180240456323331,0.661279899602867,0.23956029156933,0.644550780151606,0.260448806243011,1.21731038642935,0.227279514048115
3.6390505272101,0.704265386899795,11.3545214126637,4.49663933774363,-0.208520829427002,0.390205606183297,1,0.525572710032836,0.349192049571541,0.730797791069177,0.254385648122106,0.571445529786963,0.28319091314695,0.888624041799426,0.217879105480148,0.699048387792764,0.270599586444568,0.854637901894353,0.257348615051313
3.19382487457744,0.596565442478754,12.6979161810961,4.3916458346459,-0.172775555350717,0.27738748094286,1,-0.483590546380735,0.624746157586239,0.899930779421803,0.257798854140512,0.542059495081935,0.203749081586623,0.862648911786262,0.18564992642026,0.779353308629306,0.214683455877102,0.973898500287348,0.232414997133028
3.02700987271001,0.629448549632427,11.393656755126,4.33596963735421,-0.175566104813355,0.284327038651263,1,-0.540731674332898,0.680355992608249,0.96850305382368,0.214006998584349,0.630877010892847,0.242211062089616,0.596892292532475,0.252862220030532,0.748143372729842,0.241389934953293,0.673180717888086,0.308257330291479
2.85508508727087,0.63652364400726,15.6860762305063,6.05843136093568,-0.174456449323576,0.397666894672505,1,0.213712804350447,0.51569993735444,0.644800021217952,0.255222636531425,0.673967437981346,0.226145009043916,0.585976923706327,0.245220827698172,1.16272813359473,0.218306097856316,0.871097068145284,0.238671940126323
2.88092428265322,0.574084415275474,17.1669234466292,5.76992653224129,0.181793948493827,0.592690212268328,1,-0.0291121179465226,0.419111077816995,0.809099962406813,0.166076897415482,0.663003695925294,0.234310790129721,0.808499534914992,0.215777022015837,0.756534393937464,0.216490717038769,0.633167071958,0.350781418941186
3.49488738490309,0.885971938230271,21.3542443804742,9.22125189130946,0.0310708168865893,0.386859603998859,1,-0.734274307383692,0.715609889108505,1.20951688857685,0.182302050567731,0.95293078001419,0.215485069739335,0.687097113235334,0.308225655388684,0.924973952793456,0.277090357239537,0.916189029061076,0.298884389534914
2.20965282823757,0.614551074070583,13.8128685967412,6.40787459073561,-0.0875424084302949,0.496003066461667,1,0.0722033320415346,0.499465335989889,0.331237516470135,0.286935597140601,0.828051710970951,0.228757781932795,0.838307786503291,0.272521373855233,-0.00534562157335045,0.39990033177901,0.540765293432271,0.31871659885568
2.88114766219716,0.547024950817986,8.44981188864518,3.06186192632301,0.576561658939983,0.413239778053992,1,0.093242856237545,0.417869637471274,0.461101915878583,0.215848708917317,0.765774483128901,0.215377106904553,0.36549013760014,0.215304073280569,0.834823463573795,0.228101112243746,0.484865391570331,0.278414470615943
3.49914274668421,0.819170236056861,19.5692743581028,8.31583640354473,-0.235918275190595,0.42996286426181,1,0.590191681157858,0.549180589312462,0.571772023519742,0.276333639047709,0.414098756037818,0.329306966505687,0.958905531831557,0.259844004129126,1.04595587877888,0.266051455445934,0.807218350752267,0.305743156474645
3.29730442650925,0.665575038519748,13.2057894289072,5.36620018707827,-0.0154820658180873,0.468049575445079,1,-0.152717703401821,0.57701359205093,0.561659828663158,0.315564809154271,0.566940995300189,0.310532285391091,0.677444513056698,0.242234736230261,0.613808248859203,0.22817346741469,0.745059481616834,0.254259131308533
3.11462896471655,0.707097351956689,18.4228767719277,7.625306822886,-0.360746863470865,0.372693451650191,1,0.489076288947452,0.48373415331084,0.802476127506089,0.235198682664357,0.817510185489826,0.231298766019586,1.06780091619808,0.237840072993056,-0.250651803987804,0.375181812682457,0.548139968725765,0.321170992365807
3.18298293763096,0.627888766596709,15.1253899096371,4.97166241047025,0.71288779374434,0.289414752229853,1,0.224462908744065,0.533402447099749,0.58804122464036,0.265369140415381,0.598999210836106,0.279483641609906,0.69912434512731,0.278132505406564,0.706753060505754,0.247509026476404,0.445010367377674,0.232110467430252
5.12399189531989,1.61824333153711,42.2016379145599,25.8030403627069,-0.540325989203331,0.275390435182193,1,0.330109172259125,0.638306504267789,1.04916250255064,0.33653716068969,1.31544135903612,0.337140200071598,0.871132993524586,0.45810656424457,0.853206736228602,0.290418489401298,1.19755650351759,0.360792954929054
4.06543287408062,0.965690482160724,24.588322931134,10.9445830346664,0.682962863892086,0.322069910603769,1,-0.663660122310772,0.571820646666736,1.06387206948725,0.129842684750099,0.52897164176623,0.350917325406428,0.930318799467316,0.302340061107638,0.530414943440198,0.373590555434698,0.264444935689665,0.37802756938191
3.20236062596127,0.723116411669984,17.1490802106264,6.87141362843645,-0.297839776683527,0.213164613491142,1,-0.707463899886072,0.847659163004162,1.08510548581718,0.292007084034971,0.632521129008601,0.242332149811283,0.521640029080753,0.266167121726357,0.935450215513308,0.154066447393143,0.00216276766981895,0.413194629153476
3.9185734701253,0.902216730427204,20.368249573601,9.2321423307545,0.354326936150865,0.896958341629053,1,0.731424444382615,0.548470472794274,0.103381832706257,0.375905205531532,0.941018052107264,0.269260878865574,0.804005201836907,0.252637030791515,0.771906791772892,0.244963128866273,0.69086346546261,0.306882323073063
3.39845439104437,0.662735442047329,13.0771684862245,5.09589391560504,-0.0986673497224842,0.535465939552364,1,0.00498816258908618,0.486192126717733,0.744943718964748,0.258173831110814,0.387181405203409,0.236907033546911,0.588849556340616,0.303653621045356,0.743953217506061,0.27871174797868,0.766811227236936,0.255652474463539
3.70759387447983,0.70579223505851,9.9085513391514,3.69378585007135,-0.217680773343641,0.381833222527188,1,0.144928555332979,0.577587836325483,0.744426932736181,0.226297281869017,0.589961276398149,0.253288154057084,0.683064292065236,0.21871926122781,0.878227285419859,0.252198742137356,0.821797224522174,0.242831631397459
3.28887998639623,0.729162187295451,19.024688077119,7.2414213222378,-0.500166502814102,0.168010263372473,1,-0.706038580633971,0.652778108954895,0.653594112826432,0.341759335681409,0.865287152581983,0.279162366588654,0.907730066481642,0.190863891728813,0.688497598870746,0.193072263442703,0.517299565864955,0.288602402116405
3.45464169502247,0.715151010945778,17.6172813747856,6.24860047930887,0.438226474332282,0.689371157814624,1,0.158890507658251,0.742490475463807,0.608576907750282,0.287787607133045,0.781117769315352,0.192213824534639,0.816079017453681,0.203713648623037,0.812551335641517,0.18695267603169,0.6788543718384,0.256032877609801
4.58256496490474,1.06128093223567,16.3205570307893,7.83778355542207,0.280540016002023,0.858203255924359,1,1.14898935422808,0.82884607338868,0.602841045658924,0.31320695859083,0.414902698356127,0.396564454157114,0.551910878832419,0.345852124844926,0.862172145661069,0.249601414647593,0.935986207604409,0.260302081496584
2.99121211986488,0.620381288715495,8.69490435508446,3.74381766693599,-0.0406329058231193,0.377427365188158,1,0.552463403094103,0.405695258201938,0.679229296307629,0.235178477584085,0.377184624296519,0.29263090146667,0.501014857266668,0.31000457557368,0.700036650254052,0.23179118119129,0.0992963811383153,0.346004839067194
2.73927424300013,0.496643940213643,8.73480987107884,3.21201916671235,0.454681260116723,0.60476661385057,1,0.0656341990083813,0.533229246011847,0.950074322725551,0.211212061646949,0.443233910821596,0.239383138021037,0.445990463822881,0.286359169976003,0.433144020143615,0.285244401720661,0.548406301098857,0.272621199143666
3.91463929081823,0.779048933295185,15.0615704020161,6.42419704620638,0.150905301858591,0.674325119091223,1,0.0383786108372503,0.603660322324048,0.8319611190225,0.252151298827666,0.848769655554428,0.25506149787914,0.866125109520354,0.238610680466464,0.687191098344391,0.298000133208302,0.759408577235357,0.26027921802885
3.72436648453215,0.894152812639939,30.4496615910909,12.7243100847093,0.742776395553972,0.352056899817641,1,-0.0582385505596929,0.584348786855807,0.930336058233264,0.250137694857583,1.04274602181378,0.184557167416596,0.946551373983258,0.290679001287761,0.755121878657473,0.360306835205725,-0.316783169056343,0.592818812376859
3.35765720570627,0.700836745057877,15.2223954921257,5.73668685771994,0.208488847488473,0.581689806019424,1,-0.553834278442988,0.659070462653713,0.785214571498159,0.218425049292946,0.629348978890391,0.23313459641119,0.68756194043971,0.247521805809865,1.00954604999899,0.266798358362921,0.630134614812932,0.278758256584538
2.40806974651189,0.667891161912803,15.8316959015759,6.91775557673487,0.0992449712616503,0.591394067749248,1,-0.954422331422753,0.703598004535053,0.880529718652854,0.254472922125416,0.470579915540268,0.257792191596029,0.93143824816956,0.199270480591248,-0.0058299808651087,0.493694660546114,0.507974897270075,0.377718752108189
2.34550536760054,0.652526745969194,14.3179314440398,6.5627348401786,0.0635295371049112,0.510803430216315,1,-0.209219634771474,0.412068187138939,0.792910050044355,0.218787460216855,0.279006334710408,0.223934870806413,0.710234890432281,0.252173890375895,0.326973645205671,0.364253808500082,0.597882298004458,0.418618405549545
2.14819157945583,0.526095830845736,13.1079572875776,4.54395498634729,0.194228739561986,0.583717816460891,1,-0.129858391252286,0.505314442489225,0.594342051866218,0.214631068560384,0.738024450740121,0.189050015266917,0.77546988625487,0.202197004325673,0.546988987901765,0.32809324166988,0.578228338696077,0.3069498321191
2.85594466718362,0.764457809078035,13.2770501580609,6.82402803245072,0.0081807957296225,0.483329661252386,1,0.0269177857611765,0.561664075294041,1.06328210071742,0.249518860623614,0.510716784423748,0.310120780677818,0.592206858055404,0.282688364730056,0.554448442053899,0.405696191855754,0.605662154284876,0.4035138680345
1.99861188902502,0.686213079335651,26.0874394472461,10.9017205493694,-0.377206227749944,0.220574497149769,1,-0.466566933264589,0.668556860902915,1.094630689823,0.264348904329673,-0.466695960719267,0.56737717364803,0.918653564736785,0.232818842391758,0.780264847385625,0.211783826217548,1.01111991276204,0.257381135887259
3.54488661789421,0.64218129020487,11.4962937648009,4.18556928380787,-0.268278759959168,0.303499406790423,1,0.655838488986275,0.550659148565674,0.368728026363041,0.438097683706863,0.525205030631074,0.39662134419664,0.925694004527705,0.230710563482614,0.786909607486982,0.239187812951394,1.04950212529605,0.237226975947893
3.76444807077946,0.809747299094036,20.2431637901087,8.3259387085045,0.0147582570716435,0.551086117216419,1,0.71571910682937,0.351327035915843,0.394495630848617,0.276967972888558,0.660174686538528,0.309791451271065,0.721981455922819,0.28790775872835,0.304128133950443,0.355397303354898,1.17388151364535,0.280171984949186
2.9872353413919,0.688832170348112,14.5231545222385,6.54991431693405,0.686709112092963,0.306040719277089,1,0.243603901977352,0.508829556947637,0.262579747983486,0.315587340374554,0.625527276419472,0.34128633700527,0.726135001732213,0.167163284666484,0.596328419017799,0.295242916143777,0.514391514547365,0.330644176640059
4.11588201098187,0.851700061835895,14.0814323550587,5.92367441491911,0.0504428843003484,0.656913256905137,1,1.03918733264265,0.525169967253585,0.193042065427731,0.398965322215731,0.885715602133249,0.25811232195385,0.484401686337211,0.249184900707682,0.730307650538686,0.223554689268703,0.485103447501083,0.330217447856651
3.24180584806275,0.856850585678952,23.6088615336222,10.1824461377248,-0.0667856083495166,0.409405703542623,1,-1.07644435025061,0.713792564976187,0.802980259993088,0.229072965020544,0.649100719373619,0.29554666391093,0.487327471812725,0.308653057170098,0.528997323247914,0.286766807750691,0.800711044263891,0.28488183043341
4.12885721331975,0.846251953663233,17.8065604276585,7.1987948462417,0.453572813619899,1.13122168557257,1,0.716428030682644,0.760653035360027,0.757040404495562,0.300358277816882,0.743727376022438,0.275955851949338,0.241162616004093,0.283183280548851,1.10209492774422,0.232985604588219,0.499514091438152,0.278370943814088
2.04823546683931,0.511379822904274,10.2085101712251,4.13525147063165,0.215257809467502,0.585425851110665,1,-0.737777891445712,0.529933851583854,1.01408498667834,0.1891707532468,0.523700474234355,0.255433202740412,0.599959013513222,0.242271297979835,0.423983021187271,0.281865830473378,0.355897008265617,0.372690290971581
2.31779849025435,0.547621831113132,13.2878220221735,4.53789088476232,-0.101563278280954,0.39151633822692,1,-0.0370907927647326,0.507858873489006,0.785109613130318,0.218776622257334,0.83879582471494,0.224438358217648,0.724068351041786,0.198739084108045,0.529942628113857,0.28222950765923,0.810306369662453,0.21786537902239
3.91387874440243,1.06763830600414,29.8546965836801,14.6580200844355,0.430633483446975,0.816213993475153,1,0.503525998234525,0.583642144157681,0.599337062788379,0.281724671493319,0.854418137933349,0.377843491081926,0.915147476988191,0.296431361258152,0.585052697987947,0.310880602793274,0.846399503731577,0.285135628006804
2.72012369207803,0.551851784855716,10.0982059710034,3.93607659346694,-0.139258752854933,0.315147130055096,1,-0.169812377388058,0.50804733996827,0.677772948637601,0.210117793639526,0.600692485307717,0.285938653655264,0.652649855098765,0.189870057596166,0.687055902935013,0.327506993590416,0.304454432471906,0.327459316450611
2.2401840423032,0.627886584787352,19.8205408311095,7.48467759958938,0.526968707935386,0.581418812299566,1,-0.322272104994239,0.453820555533514,0.854072047108993,0.193278486895567,0.609638148851058,0.256569851576904,0.604236104029762,0.266932457628786,0.903081670184687,0.236053071305374,0.309224071959182,0.362419658199625
3.20835842144629,0.964520973632146,23.6227903548673,11.9537819532256,-0.21156913377157,0.336799922338485,1,-0.190390694483497,0.851760381115,0.387814073691304,0.325310362719543,1.04850946482192,0.345640351368492,0.919908179612538,0.245804354838032,0.308966094002679,0.361985746949052,1.19771659595057,0.287330644598176
2.45491974358834,0.5626313420688,9.05622099534327,3.73965375695783,0.133528103368662,0.556057809719337,1,0.770829255818098,0.457011578593546,0.546012271510735,0.211434881007353,0.357169470811204,0.289866990282939,0.706849548652843,0.22727345134268,0.347988807028109,0.290756503925159,0.832381033791314,0.252518999288845
3.92732651996813,0.815722219168769,19.5870622422269,7.94830114265042,-0.252050573784012,0.324108634482987,1,-0.112149211797815,0.575703462539477,1.03539211047742,0.2317824035541,0.770447881121652,0.28058920908608,0.95834844070976,0.255356715849317,0.96919718964202,0.222839832335195,0.795704807227401,0.290899905117254
2.76243032045518,0.702613045433239,13.908755325765,6.19058475322464,0.296373403025338,0.917541148336823,1,0.156802867933948,0.581432840361678,0.426765902973285,0.239583960066183,0.856386483561533,0.280209412575902,0.765714814841528,0.268780844961892,0.242514228843941,0.309864376048208,0.707528386758235,0.256108857122413
2.94466085372879,0.739704586032565,14.5314573247468,6.13938675015253,0.551615949745664,0.575624430879282,1,-0.44234587503806,0.716318361928529,0.507544264904093,0.294456811839438,0.561618404056091,0.305681780942941,0.568449314674775,0.292198919394836,0.755342414662488,0.245979820030904,0.653576971474249,0.214299019887941
2.63151129257172,0.681627509293498,22.2611962330676,8.12589327771891,-0.125675137236217,0.312193118161254,1,-0.0671285472564832,0.78207777304037,0.400383565503954,0.295096429365444,0.759541863006382,0.226247712470272,0.431026493594492,0.373131287220906,0.776576171197666,0.255288582313417,0.620684764109314,0.228816510773869
2.64014035475955,0.744443687294889,20.9471105179932,9.01606186437646,-0.173506856747518,0.425029071904177,1,0.115291389547666,0.477257856937658,0.73430960865225,0.277269883941283,0.495605603569766,0.302183076401268,0.360280697426599,0.263829370506689,0.747922473742739,0.24916588922619,0.808391382268185,0.231101343530841
2.67581525761808,0.659330833892932,16.3844024018442,7.40329939911542,0.0156978312201274,0.3036961663886,1,-0.0635486901122032,0.984460010559327,0.327687046922998,0.323648612272662,0.849325897659543,0.38207721016129,0.403445608055025,0.329629664143138,0.580280091989893,0.254555609533737,0.692062195074963,0.254006648420071
2.59580601771924,0.579334976484579,15.3569615780858,4.95495430245253,0.321919916104564,0.620092229775696,1,-0.462067692575942,0.452066860748197,0.926390616000387,0.15940071939601,0.656044815725177,0.239514281667233,1.121678811605,0.191461912817886,0.746057353555908,0.263424914760174,0.254470555661524,0.361985169287647
3.15940961120982,0.682515037326331,16.3650869304194,5.39187641005253,0.595183696125023,0.703274066322487,1,0.376232923826545,0.63590719018095,0.60598991638861,0.236758790348604,1.07034413357105,0.235965274793342,0.639115890286855,0.227180473584849,0.898888701477756,0.218773077608408,0.961389592574137,0.278610456330383
2.9920370688111,0.640709801721986,11.9853931634172,5.04551209333428,0.29650792902985,0.439599358740828,1,0.187158954054598,0.433936613736371,0.178534136887925,0.24384107720838,0.442913410884302,0.237433610385334,0.4038214268996,0.238935217711934,0.820824694850667,0.271815914355879,0.577821320642485,0.286666173090385
3.75385518454482,0.817293875441539,21.8423446785304,9.00448069758921,0.213186073049485,0.62505370606939,1,0.169256220975922,0.456298777452941,0.802659759243437,0.25712659711319,0.850408929111266,0.201540850850852,0.701513879584629,0.325987469503762,0.654222504614512,0.225645404809044,1.19163379231229,0.216559841621972
3.20441676501716,0.635945706989224,13.2766478575427,5.00093950131931,0.0461683517449328,0.487893513448534,1,-0.0507425072898994,0.568259888259509,0.453072877927368,0.301914990252357,0.951116314983873,0.182738558518226,0.761458567108926,0.261533127699408,0.955546010184306,0.196888470730104,0.628290050237611,0.283102588671744
3.66013213309768,0.664110805317197,14.2104617158113,4.69945148076406,-0.502634057700902,0.200670079642016,1,-0.557766828670587,0.519817327103727,1.02038187246791,0.181949412313572,0.736934024400908,0.218998791186661,0.993212307465523,0.233225880320878,0.928160244750103,0.258771671717163,0.621470773007416,0.310085326341916
3.82309246850316,0.793031572131893,10.4864309089306,4.07905264300367,0.109349888580219,0.510037504600558,1,1.44674386001949,0.958831529256285,0.618914719964546,0.309837435273292,0.837644158327731,0.217348208651762,0.713961747798419,0.204344912191552,0.884009795956483,0.21832026264112,0.455998329607886,0.292495609726345
3.30163531871635,0.811597968431795,19.7845068384181,8.96758183006589,-0.239465093068258,0.488037159001413,1,0.253731032944238,0.473040870123903,0.763453067045415,0.304976712063028,0.970653940738182,0.174543126860805,-0.100770973246149,0.468924294727504,1.16790176818125,0.260350765874921,0.774509767513366,0.234803295496098
3.1752496346108,0.709630560206698,15.3044965790048,6.17457264852458,-0.210102575169693,0.272753715553004,1,0.209209719601451,0.639231569300428,0.709083148000039,0.27483712287361,0.503106128539167,0.278700081131197,0.898047384800731,0.21329117589462,0.862011797038027,0.257336347819256,0.998572943341234,0.192589581382905
2.87456514433501,0.695452985031055,18.5221436298438,7.19315507299585,0.519000480020481,0.548822398010125,1,0.108997866538203,0.593044217853476,0.709720185104087,0.216812966246895,0.56237114282377,0.214661588631887,0.795789931115525,0.214148967969355,0.856261220847677,0.279448677970596,1.19576295461796,0.269353879618373
4.29283489879575,0.856599960517958,21.3351972588858,8.61331553000869,0.845689061990999,0.122337005962274,1,-0.919217703561212,0.745641447393217,1.10803258411097,0.226910159407129,0.641157100638774,0.297359949496304,0.732410468979057,0.20653741851873,0.512823511608974,0.233462970467372,0.869780575266497,0.225688986617423
2.98243356190469,0.716768150765217,27.6682358996743,10.5684925208542,-0.233613690706586,0.229168910551412,1,-0.420129040493822,0.850272760733394,0.728953379730469,0.40110206677944,0.900540814784109,0.214931110574687,0.816466952132151,0.189976130527834,0.833058477137836,0.214626711448635,0.934166037646258,0.259814733651525
2.38238149603611,0.467855327449402,7.70597332395534,2.58982718212624,0.183924857047254,0.360507199398417,1,0.527760987416622,0.51607113102049,0.398404685774949,0.238413528970799,0.767893972327674,0.15416118964727,0.732629673833571,0.238549554091247,0.422710610080403,0.222030472038949,0.398890943090706,0.291296853439911
3.87249305896316,0.850772550038067,20.201674031071,8.14578666097344,0.092888028397393,0.438043418641931,1,0.333226413902492,0.604440690956203,0.318786447079524,0.344703902362642,0.820281389637413,0.250502389840538,0.834584023003611,0.21716768652261,0.531512975448151,0.315933561937586,0.785956317993052,0.282700496679509
3.1739430398916,0.744621029824484,14.6942313595163,6.38604204361431,0.253144657509479,0.553050787329648,1,0.38372451318395,0.475722890456846,0.540673737772486,0.256345657412128,0.909485573657476,0.220481246097186,0.500209023342924,0.288989078899079,0.855782654322126,0.262771165552698,0.276660479443022,0.285867384505325
3.14193450269932,0.682482651105504,14.0350363234485,5.69001065710352,-0.0519208142399207,0.366875480467548,1,0.37917301254929,0.367759406298068,0.480883446313634,0.221144282174851,0.772987918656953,0.257620146734962,0.102744169900631,0.306634990967928,0.490812985259181,0.280975347787578,0.696559509527244,0.235892849480691
3.97356804020749,0.904114735893694,20.1376235662924,8.71410638758105,-0.280147444449969,0.341705658761621,1,1.3425482358913,0.600946325410821,0.676016242991493,0.307224359563379,0.476946919229176,0.481191850711403,0.786659938424589,0.3559749735024,1.02226564683861,0.284206510730336,0.809183924859061,0.218030236891082
3.66204572437015,0.941867949780293,16.8360413996565,7.80695750051862,-0.302292587965727,0.402920831303805,1,-0.587104020989621,0.414626966993517,0.730975634524821,0.276292887103756,0.991470748213853,0.273772631454227,0.87973587852589,0.251028425989265,0.843341938127535,0.276375986887185,0.270374484864283,0.366336085595529
3.28023546936557,0.737502957673905,16.0060355302127,7.12387823301675,0.256699032086168,0.96762817808734,1,0.0950236478940412,0.514378929832889,0.118957647544294,0.370235520774055,0.735515355565532,0.277152283683637,0.232784953062759,0.452902857437363,0.418291339740981,0.334895478736608,0.413432686548696,0.318763591542338
3.00985263639376,0.789559456052325,31.3889234745651,12.4432059878437,-0.237512588908523,0.345771970799737,1,-0.498303943538836,0.576135636005088,1.07542882836818,0.240456572823116,0.732124654451125,0.278960705784973,0.916258324205881,0.255069193987724,0.628259494854099,0.241779753833347,1.06212065171395,0.244133652683379
2.08452510722194,0.540307711083438,11.1769951744129,4.88731472304734,0.835070451465744,0.158776609577835,1,0.0780340301284065,0.574990899390889,0.842234766060645,0.295657433448875,0.0262264599774462,0.376488361756875,0.957330788342842,0.267117254711399,0.258281347092564,0.274217156106054,0.754246136038291,0.192647478252491
2.73335116390602,0.68533735191938,14.6968899487744,6.44489843727954,0.374551311494432,0.558173872423491,1,0.709534591592412,0.751886531145205,0.209699933557396,0.415740876448717,0.599239707424804,0.301473651747712,0.463417932825611,0.22345722320193,0.50737781372369,0.26058029587614,0.540884843992274,0.2918443861323
2.66693506850079,0.619049992486942,17.5008268778891,6.91445351168474,0.51762131931012,0.751189276388236,1,-0.887747424211699,0.981884360527463,0.9019314365146,0.306287766755481,0.388077324081199,0.283921408380598,0.933068518550295,0.15212506294539,0.503665585468476,0.284449922953969,0.509230124622545,0.348706738484757
2.91013202974624,0.521736081106015,9.96603946388245,3.3588798296006,-0.0967828739235884,0.328159102236837,1,0.0453587180603543,0.496773372731056,0.420114210572953,0.246368703919204,0.858268917210752,0.187492568055319,0.741298033801898,0.239437502714606,0.843958529295603,0.178816686028805,0.504551792653589,0.26980188715448
2.211426552748,0.543964594492671,17.0664749104191,5.36936789472585,0.576388069390035,0.52810826542056,1,-0.615616933508944,0.569835828517496,0.408021361783828,0.257167698192173,0.848367825993257,0.224896579449851,0.579998585001072,0.278524821647802,0.734679742979419,0.178860431179591,-0.27438628962524,0.353332985092351
2.96947477234137,0.606936927555943,11.258086668185,4.52158173344635,0.537569334047812,0.386128674502611,1,-0.74369172968517,0.440254533689363,0.797142571328752,0.188443669880871,0.683374899084233,0.191608703594912,0.771237297162543,0.242055424680781,0.530119481466241,0.284366643242288,0.450335428946954,0.298989465828359
3.62872072077403,0.7900711645744,10.6610246487963,4.75037410491412,0.376063597033967,0.630539860415989,1,0.0830951745332009,0.599264680651582,0.844447230260257,0.217302663661288,0.801500304670593,0.204994694741825,0.420109180351602,0.300807269563035,0.604187367243806,0.307886109623156,0.95548814795167,0.302317115124187
2.92415919289464,0.629552497704493,14.4972592053699,5.41485179753295,0.841101554812415,0.163724747796374,1,-0.116019412939933,0.589243452173769,0.834877491831482,0.235058400498946,0.684933502080758,0.207031743227468,0.432967888008904,0.252106543978316,0.750660143517807,0.249083148757907,0.776819276224987,0.191248121972463
3.32843730302644,0.717991075882241,16.0289138410449,6.71166365180593,0.471730697803509,0.729010546795852,1,0.453848549869286,0.431876818418395,0.433566702881649,0.305459386642746,0.991593986132572,0.251783184259085,0.712574405018688,0.242307882049584,-0.113393826481616,0.390964350081303,0.409946354947947,0.287089483009045
3.65528215734446,0.849780398521512,14.513703526741,6.11127107539515,-0.349453373794796,0.274927350095913,1,0.2664565102804,0.575195424050801,0.168249088694802,0.341097470202465,0.891173006025954,0.255297981986114,0.62333247910462,0.277550548081342,0.890436765223774,0.198871810754503,0.963833421201749,0.268346332527178
2.82784385841408,0.681410135343712,16.8769097074811,7.08927918950209,-0.290785000288917,0.276002348038709,1,0.1475960295195,0.607143907765355,0.436256778410639,0.301977051047013,0.657675001717792,0.226211461474636,0.560334437624298,0.30383269685425,0.718789492454683,0.233316573669502,0.537390149372531,0.279771415749543
3.55082156888103,0.767830482743331,16.1529501152859,6.04386844629791,0.170146705366217,0.826336039147857,1,-0.643437010111892,0.418676445571164,0.947013928969955,0.166298710542841,0.879575227836067,0.26475657917696,1.04463986042767,0.251375428533997,0.737397817903407,0.255950978966774,0.795015564931576,0.276983289142916
3.36144135559544,0.73250929645382,17.3317284387163,6.47730642644935,-0.406806910801778,0.201620078931075,1,-0.910312615245371,0.482526322109565,0.805302533773846,0.272770319132425,0.801917258619039,0.333500261260941,0.574433575936472,0.348274649750174,0.814776233804533,0.183251125423698,0.922165161371742,0.247686467887545
2.80350282544933,0.627227997219198,12.3484765232854,4.80065002882924,0.193662798684415,0.454252762105821,1,0.264194446599193,0.532075320629721,0.670095541502397,0.250971031335043,0.677396639300834,0.186078993719309,0.853074557617051,0.190464066061544,0.271163297576556,0.36522300999806,0.617678802324711,0.287993324730485
2.43314715850501,0.709010996255769,15.0386286096301,7.89795943930743,0.126873763995744,0.547424334614829,1,0.649409771305556,0.524594903409203,0.453091993269435,0.320177022366235,0.265116800789035,0.416700067209527,0.711912467483558,0.27574148018242,0.55633382071175,0.321788070815966,0.368187115738107,0.33980503904476
3.46576066841497,0.702444709401327,17.416152218615,6.71117135309437,-0.0806439761485117,0.349375167959959,1,0.549586280179799,0.415903101824091,0.246780573713376,0.240656351048597,1.01483007085602,0.220682782628056,0.943081749295026,0.254100083915058,0.323738653692645,0.315526788587571,0.513988481903757,0.334432664873305
3.95746615501622,1.02627357675015,31.5705958216246,14.6221456733468,-0.197125985051644,0.460817136276949,1,-0.394644987807876,0.455707191453854,1.03062427261357,0.210829509119964,1.06168553914528,0.349065391404244,0.855756518179363,0.311579867351927,0.469572392478515,0.335464276399688,0.945430538955056,0.258214330663068
2.6531475205777,0.708499046007023,11.2975493771875,5.8778951145949,0.315928571708621,0.400751826903028,1,0.849482535949338,0.404953515076611,0.384342298147369,0.281407802386911,0.0455265321037109,0.27820893993344,0.406297970662841,0.389414474388866,0.642065780274913,0.314567883048242,0.445830813680729,0.343310244329319
2.47162990212491,0.581210639226382,13.1495474440028,5.22206125474851,0.338952018873984,0.754352757630571,1,-0.222675053557641,0.396234913162526,0.690010737306194,0.230171263309235,0.59372489621684,0.245301834455774,0.642407399780034,0.264681108061992,0.771177330902555,0.229279649177897,0.27454961343746,0.324475048603292
2.89075799822361,0.713845477020331,16.046227416046,6.91530357938074,-0.385586437445435,0.244073320108099,1,0.401409478564669,0.622364403218715,0.721300441883111,0.225860603398074,0.729025973158716,0.232984710885701,0.310672170093983,0.354087324270725,0.937319874567936,0.287607295318591,0.0753905686634758,0.348914390875387
3.59500140154679,0.710997216660447,15.6763403660459,6.39715255230544,0.583526615407878,0.716978787551824,1,1.25121763423761,0.58654096112431,0.347108893853689,0.223373711034689,0.847486867926994,0.178072710384385,0.512386199970364,0.371732371733413,0.977156276427513,0.205172609271429,0.695169119813555,0.303406493529465
2.02096603810731,0.470092809921062,11.6057492538781,4.28067254871522,0.350706601926605,0.720559918889071,1,0.692559629379119,0.503819901082206,0.208177978850294,0.308029525401847,0.91099530067992,0.201359292256834,0.575762035829121,0.296664665230983,0.552581451845099,0.246705942036896,0.566386650651311,0.207953884424064
2.34284153685053,0.468543121596813,10.0146914997235,3.27348357751029,0.729908506035151,0.228149475011734,1,0.624854374368457,0.586384591746657,0.475402745384548,0.188069822254487,0.694132485312417,0.219842037661861,0.557328269039314,0.203798700124269,0.81717474704166,0.215353364694386,0.503267953104325,0.282256621594657
3.44920818325214,0.934436349521585,18.5123877317892,8.89004553190259,-0.210524904304063,0.523096111318594,1,-0.945987395763222,0.800553664240522,0.676875662185502,0.364755680015949,0.85048654315545,0.24564913755967,0.566710271907912,0.268434264365725,0.727594288136966,0.296108736403273,0.688218467233759,0.302438785094334
2.46990618515407,0.657943614053405,15.0126019131498,6.45549800719902,0.570777684635161,0.761274375940207,1,-0.228776708812572,0.532684834880763,0.616401868471639,0.219159297086212,0.511662534345505,0.258541792337303,0.635415490411516,0.301902777594671,0.51617121957189,0.303732618321492,0.486455593948973,0.31017937031717
2.5482788459419,0.546741124540371,11.5452143918974,4.15591045622461,0.406451495206365,0.555257869043159,1,-0.270416516784599,0.405651546569707,0.550509618837016,0.174799909431826,0.897705859611885,0.177538736916855,0.879063280291381,0.246985237281627,0.524008244868098,0.259375314556977,0.809278307081783,0.235373477115777
2.99086297431333,0.715412812060671,19.0453945725751,7.34189409525627,-0.112206614101961,0.551051482362931,1,0.16128153167339,0.64920494434628,0.34982272816708,0.296375155718087,0.806645127656464,0.240133017828497,0.963240683748209,0.256745345751962,0.404819137895742,0.257039604745038,0.760298049875972,0.249043552801059
3.16303019674077,0.762933753401795,16.2806167261013,6.74494770827779,0.0775444835196083,0.505877168561885,1,-0.090953344471574,0.513286103973106,0.872483325515794,0.239919249327528,0.677672576174479,0.296837074075123,0.543825362967936,0.272702717477713,0.64430670358836,0.292959191768214,0.658367930674446,0.28532347790059
3.58050074583182,0.999548298337844,25.0991178309644,12.6461273380513,0.0993800493912605,0.479333281038272,1,0.50365950638176,0.896503214248872,-0.0934193758974699,0.503989573612663,1.08558996345641,0.332552995260619,0.688405807337204,0.302996202445339,0.643651748990175,0.235963468222598,0.603290374290713,0.312087844313847
3.75031078727001,1.0411391885735,24.8351301663804,12.9062475123283,-0.0174757383273986,0.482547254083974,1,0.191861223082145,0.565043114926422,0.621368284737639,0.267442167644518,0.621182206831463,0.270526229259792,0.897185838375415,0.233944796556741,0.313203335678118,0.364552207892636,1.09364515238603,0.394532983055707
2.21622065396554,0.642896210931938,19.9588264014314,7.53161370471932,0.315877370907841,0.527968946545795,1,-0.00481017256598199,0.6308926089107,0.523332841677271,0.265052816752553,0.788956308458892,0.253582900884404,0.935433687112433,0.224784565499495,0.473089352430205,0.28893918001594,0.752550229240824,0.208959349076815
4.61078897532814,0.941434089180851,19.1170956251041,7.67622026496118,-0.474032972109364,0.230358981502334,1,0.869837300255335,0.512988647820092,0.869249268546102,0.261516386391103,0.452591376826277,0.293025168942259,0.777940587106347,0.310114079394833,0.89862368651371,0.277511968012228,0.508840023219427,0.298796746193775
3.00975661890216,0.850049436765722,18.1274683628054,8.69408690377009,0.259043395441527,0.778524044126071,1,-0.0874346325317009,0.561611834050878,0.608197814812722,0.210057933308997,0.802783613195813,0.254141509351148,0.753292443550372,0.314706953403518,0.612808424003009,0.367693974860144,0.87424489912319,0.301947280257751
2.38293648704988,0.746337395681366,21.6559006440961,9.82922033456059,-0.179260555927309,0.510229387199747,1,-0.358312167483774,0.396716867125073,1.04420068683383,0.252209586303712,0.773567474030957,0.27600145397676,0.460495787581729,0.344547945840953,1.24302383139717,0.3105419140404,0.63696675821027,0.330961349739769
2.82823200985935,0.673591386075021,21.7878473982864,7.6351559896759,0.17648102355896,0.67676355247085,1,0.903413925976714,0.885955542601984,0.668247382153993,0.277774815120624,0.560538987441218,0.285585022166052,0.555272580752598,0.298265379401796,0.998569501474984,0.223543285545888,0.947494301040623,0.217516199726423
3.54250127393858,0.926803600479533,14.1109291622299,7.07845457536806,0.0335242291903044,0.59073909956388,1,-0.147373824165111,0.515788546353182,0.929401486319219,0.170070869212953,0.44123649771398,0.293915843855752,0.501888215922655,0.416694303435167,0.883139073301102,0.324338954352781,0.537597530568551,0.321173893483525
4.01829968518701,0.723366784605295,12.857421590881,4.79829603096963,0.489199586212697,0.57854573002079,1,0.153017518532082,0.57142274905854,0.573644642083014,0.223431071824894,0.924573040560158,0.236472667503011,0.638782360562667,0.24850586574508,0.823342184686447,0.210654532320746,0.783324401144595,0.243777396911373
3.01607511261937,0.689940279283619,16.481720955673,6.61768330072158,-0.229382041071485,0.413344744074151,1,0.914452811623973,0.511621735187295,0.748459870470426,0.271084059689636,0.570345048012144,0.260371206964689,1.11217544550391,0.223563710638801,0.706471673161672,0.269888869706481,0.761724842446412,0.271922381034551
3.08222672409759,0.657663677616792,13.377533294438,5.30250524353529,0.298454512160587,0.515166490051317,1,-0.274362478628219,0.490078044302603,0.667742852480533,0.209545720097585,0.470589046268946,0.25378482171557,0.696611378797708,0.245448172723674,0.576459517177357,0.252217940633007,0.467383763282087,0.296261839052234
2.65966565972482,0.618124335565374,10.7995218743337,4.25763659379042,0.249279946273184,0.487251226648763,1,0.643591665989202,0.765590839432294,0.585150727121739,0.203629779370526,0.429756568917798,0.325604269567454,0.628190120838963,0.23794166666566,0.432728470124423,0.292101234896073,0.735656439923619,0.267093626094934
2.16725854775761,0.57633432143583,16.4846931979054,6.31570070216272,-0.162174186804134,0.42929085907311,1,0.0478375880379494,0.512580476124448,0.608789426771808,0.222443541066526,0.821401821650704,0.226486813495141,0.746426947308979,0.192870976778901,0.620554884441829,0.342169043804412,0.636214641820523,0.246098069824583
3.16258742547522,0.648764163089775,14.3166959226234,5.89166608369862,0.726760915426048,0.294545685298929,1,-0.00694675815148216,0.485144528376895,0.752414666388999,0.178934613743381,0.738986238823324,0.22450488116172,0.378530594662241,0.303777848290438,0.776958176318521,0.244696707804267,0.962272451056365,0.320232587051037
2.67355969887163,0.55908729505813,10.0476763965583,3.73143507671108,0.392931941523326,0.784626201652446,1,-0.297492835108983,0.577383363578138,0.614767716492475,0.239439515043143,0.448243301468939,0.232023513011307,0.747885461189571,0.184301331997328,0.282177033038225,0.257316684897704,0.41125875858845,0.270518249581082
2.28163729411693,0.545120207922828,9.00982582986813,3.74935535938423,0.806061045168213,0.213047249280912,1,0.0702608542537783,0.547648988475779,0.524902829408913,0.260651646212376,0.479310606509743,0.185629446329987,0.343041202244688,0.232117343142163,0.277819536423918,0.247467991073556,0.156067301246358,0.343018892074623
4.07046517298744,0.809849334177514,20.0044558375041,7.30347036878752,-0.446130441654225,0.246921156968079,1,-0.346532535746601,0.691373132005019,1.13796225244904,0.230167510280018,0.704451050966564,0.288089908005857,0.952750910291437,0.229094886597672,1.05674715611875,0.251542494543808,1.06938226583036,0.251480892647247
2.76919953837282,0.546606557876522,9.21219024661259,3.37877959161788,0.148837301556574,0.409639898238297,1,-0.626501959745135,0.465058612092769,0.779576052128715,0.188041715790082,0.722750686789243,0.200584207072473,0.695200080120499,0.228732354824771,0.465747004641351,0.237916053724148,0.716683446637126,0.252683708649182
3.20530159687407,0.742827300846859,16.3649089560701,6.87726265188689,0.198295188225112,0.746881609900273,1,-0.126992710933296,0.785540539667495,0.535329194949179,0.427218761996432,0.958614267476078,0.22814332069226,0.772128424926733,0.257423946138145,0.68094505186358,0.27077208149945,0.777706139603781,0.281867792792369
3.77214529052977,0.990615403278083,28.6851318346207,14.1364698497825,-0.339463499250347,0.340357959399677,1,0.845889279466741,0.646924609419877,0.650640223052853,0.32038133344961,1.01484598283917,0.31465327821593,1.00954355667829,0.211612650029342,0.73282399741038,0.375577577657893,0.942888373714342,0.320928920532664
2.33648379128829,0.57343615496402,16.2804492507183,5.76789090382704,-0.120158744332228,0.351164778531871,1,0.317337220681838,0.547359087297974,0.370094204223257,0.277293564720394,0.890370533126379,0.200475711068175,0.797784456166036,0.208177392165083,0.898700687532632,0.206940784262025,0.392473431734022,0.328434710477402
4.62384366745183,1.00653174901716,21.4122094438367,8.97920477383685,-0.301783274403141,0.393842824307309,1,0.296545595524133,0.761457959100221,0.770708234158628,0.338320344091465,0.798695438288092,0.237647887613147,0.970882795659839,0.258998219825367,1.14484130120286,0.230612585563834,0.72557758346751,0.260974256173029
2.77677934272756,0.655805430205731,12.9509357811694,5.61024899224405,-0.173207839498579,0.455818051624155,1,0.00289156417244453,0.423415236631407,0.581413963521746,0.225677932160085,0.578954237320694,0.237552357891769,0.45163731574389,0.293568222926167,0.820216101852344,0.294283174095922,0.469339437982018,0.330089711202977
3.74734559202084,0.775938733335122,17.8479349343317,6.70137600790121,-0.0182389147810766,0.454370459018479,1,0.321121431167863,0.561567332311175,0.892073728095887,0.18776436543153,0.541266021719368,0.227575427600798,1.11190149846297,0.241733573046633,0.424738437095547,0.267718177055992,0.814814888733144,0.352421389308858
4.02735739907552,1.10917317638585,17.7837217275526,10.1540761527341,-0.0108788896579705,0.882134025775592,1,0.68191357107098,0.600246140506333,0.595422693681878,0.260054476923734,0.454275738444767,0.378362942394653,0.881318799672148,0.359776409880324,0.385283662888999,0.457946660377015,0.875283312008939,0.345629851490553
3.24004543433179,0.890147288843555,23.0501304395474,10.2172260877319,-0.574635324994833,0.206426815632341,1,0.743289435285524,0.671074772391824,0.838512658423617,0.220528444428552,0.737431075080593,0.265499564895328,0.649976527869946,0.276551414714393,1.21278932870311,0.276068083736801,0.937736261856689,0.281226631582366
3.14827982689521,0.575798961446355,10.8192684053869,3.71700237734106,0.0285352553463902,0.581360735752408,1,0.513101158803837,0.398098096291147,0.662924390747874,0.210373419463169,0.723187959079953,0.270940063818962,0.503901619700001,0.259893019354467,0.804990398387261,0.239077058887649,0.657256293818869,0.231884944738424
2.54321934444526,0.475601970229278,8.94977386993308,3.12184838345721,0.0214986946805478,0.391892279205011,1,-0.38475965507011,0.56424827248115,0.629262010363987,0.238295869695104,0.715049455155171,0.197363782154994,0.825027525007023,0.238520143000658,0.468796391665594,0.22015622318847,1.02831725508476,0.213517094807031
1.84569528744855,0.393671668284096,9.86099673471966,2.78368202936619,0.669575995433162,0.181576545348752,1,-0.605025253371674,0.446310318204888,0.696277017427157,0.187072283840951,0.436303170792711,0.240015969292386,0.584315438274102,0.180098209650338,0.475461642684901,0.223986007746576,0.456522713519036,0.250414027393699
2.96683942331482,0.602777962533093,12.0162154661685,4.59437372473407,0.29510827864176,0.47799040009957,1,-0.625359755383703,0.591890219768317,0.606889340014003,0.196146379379395,0.57269111038426,0.303490364074044,0.428865607911668,0.308922053373426,0.632540139483148,0.196216326913349,0.898082799937911,0.209722401850479
2.62800365777435,0.779075705972025,27.6798263430504,11.1143306467042,0.0215761687854888,0.406166588867237,1,-0.0520436371968222,0.528758585762808,0.929429562965724,0.201457961457894,0.980462135440887,0.214000567909148,0.825872879550177,0.300404818709382,0.59590999866179,0.285740298847723,0.702253933735387,0.306678597793726
3.3054417155931,0.782707127160266,14.0764922247844,6.22125257992555,-0.139862841161783,0.390553443503027,1,-0.524867144413164,0.366447416847029,0.867468331592094,0.242713160743185,0.65510309052608,0.261254701257964,0.788186480564806,0.251793425846916,0.652095599338166,0.319483541823636,0.470508129752676,0.328326667900822
3.32838855513083,0.873916643457222,17.3879450952434,8.38061604726893,-0.32125324783189,0.309827328213744,1,-0.199304088306708,0.675121872390244,0.623749590047942,0.304376749744695,0.640204981417446,0.259818341577334,0.527548469482664,0.32200258682043,0.902458766782691,0.290325975444499,0.604151224732801,0.314998273664071
3.72081010671268,0.698202923258737,14.2852367583074,5.35250911270859,-0.0846606462420196,0.315921376731739,1,0.306755995058542,0.85397187220277,0.829461984560007,0.365167510380436,0.699830251609396,0.194862525816776,0.688320385994288,0.214952199619431,0.744653605952305,0.227366955149386,0.834965312425178,0.237282769730826
3.08536273685253,0.619763586125883,12.5637178881674,4.69922778642532,0.0314518068170823,0.394222335343939,1,0.230550645851956,0.35928200688535,0.524902052910945,0.215513500971615,0.89954206137863,0.185014113658747,0.537174828329201,0.293693357348514,0.712150090576556,0.251312605202074,0.747548837482217,0.230057680131175
2.90923354686499,0.634635878020853,14.2883708788025,5.64857019167907,0.267406186380246,0.975789836838838,1,-0.242710719585993,0.724588624256192,0.874026206954588,0.264457737093477,0.412804974181801,0.377279851204939,0.872947228502647,0.246695481933788,0.758582074225996,0.230195130523487,0.487446830856919,0.281210662980938
1.99003478683377,0.427756100086594,7.59975726168891,2.60438188731749,0.684403505396217,0.305865557911822,1,-0.0846689655921261,0.505281011854439,0.61252329514003,0.237368812318649,0.556753591597087,0.189222642210686,0.435024558620877,0.20677170838486,0.826141299240035,0.204409782319205,0.473790669401755,0.226453127025412
3.02639251707047,0.695339600358328,13.5759761418518,5.27421304270124,0.00596550557597762,0.424514677251864,1,0.319326323111236,0.566263654330476,0.841293470453832,0.244123343105706,0.454292659592146,0.24605567437763,0.738042444813479,0.304722130842666,0.689872376037659,0.252605075499141,0.805596774862955,0.237426137338046
3.31575333734939,0.74305609910329,19.3935326383137,7.47648846958363,-0.279558856926518,0.262919236721852,1,-0.469351064589982,0.357883491662723,0.827108929663481,0.194361643338076,0.672337410227772,0.223410789211104,0.950004363351384,0.255461281763602,1.06804483029161,0.251811016520516,1.0323519043256,0.178604530354558
2.10072255671479,0.603522949741929,13.8203571722163,5.92437805983178,0.0697694941868455,0.633522600421636,1,-0.430377317843692,0.684086861683369,0.958134926433043,0.214680140031532,0.217788046501443,0.319351941006961,0.686074372137478,0.269865711060633,0.344110769351731,0.298231420455399,0.553494231679689,0.297047230571948
3.78427891738286,0.988405905218318,27.5148433771424,12.8527581509276,-0.32287856996078,0.332754914728376,1,0.108317871197727,0.528838676155865,0.689499623789689,0.290582738585882,0.591105204497082,0.286826275658973,0.930013920719764,0.283581717516678,0.632321447994077,0.264484269049044,0.819653459274532,0.303291223793972
2.787255725664,0.732926405590567,23.6473486252588,8.61809363256967,-0.24302932578066,0.281046722951329,1,0.0978225549404215,0.723662873489523,0.46384809551693,0.296546456265737,0.98419844600185,0.222342073789537,0.435153393117908,0.233039705108674,0.867967507638886,0.176466603445643,0.733444085844489,0.257587246601794
3.63540659863115,0.873172088795073,23.6439228690858,10.2032327289411,-0.0875038943432759,0.463000029554159,1,0.300967414428365,0.585514874466149,0.809987921558765,0.213679262461303,0.838081607217681,0.247536941451445,0.684067824823548,0.303004468292079,0.903788383672016,0.283941650511187,0.766250080548665,0.265957358086632
2.46734198706211,0.594130265538879,11.1195142242965,4.49935247526376,0.168377795276591,0.630959304476654,1,0.101393458549764,0.69174476006908,0.804573619347337,0.248062273767553,0.606555429048977,0.250522689451505,0.638935481933333,0.248989967198271,0.689400403834647,0.258418051726597,0.637191695057001,0.297817857891835
3.36560822092533,0.688436208416906,15.8707367638746,5.76816513484339,-0.25449510339661,0.319211522314427,1,-0.355183057250947,0.379423971445319,0.807688846644462,0.21018207362639,0.719134306845757,0.243433245635488,0.761337105441098,0.230011561598035,0.472422728042317,0.261083990237913,0.804168406946477,0.196439254329062
2.76612988570581,0.524481131687612,11.4034631259336,4.12127762079079,-0.0484743663781591,0.299709428308389,1,0.615948509999242,0.483524815356729,0.763280642291627,0.183210447834361,-0.317502156376686,0.381812787777731,0.763956527970926,0.219206637693794,0.921669364172013,0.244042476707761,0.708737974291567,0.293675366576889
2.26528032576968,0.445661713802697,8.68479939000471,2.86741540513017,0.0866478465161874,0.462954641853123,1,0.00317955654631303,0.598531745962047,0.545247239966688,0.280289676439522,0.656799412355076,0.241643905364791,0.777445414346367,0.181939297422023,0.658122124532835,0.216385359832112,0.611720681614149,0.222346506024807
2.88992402148409,0.647700409811508,17.713095293736,6.41692663074871,-0.0832402050104582,0.490044717494524,1,-0.144862413192742,0.637558296925148,0.947678033032727,0.271284562477809,0.440536227333407,0.283914579043309,0.799964349093823,0.242166897264738,0.826672351740843,0.233189057769078,0.867750383923491,0.222971707080232
3.6290615958347,0.791268391453027,18.9879962267584,7.34361249034137,-0.0281340400109721,0.317551039768593,1,0.0801892811433768,0.496965035715253,0.705855262096096,0.259816099139032,0.795835391289943,0.189934413707379,0.913433822435814,0.269802258144583,0.231349445122679,0.418997838844228,0.863123843882379,0.196091309701808
2.70418814535554,0.544043207392049,13.1402897692295,4.45358731584945,0.580435718295837,0.467391441028377,1,0.0518728662267749,0.476540693838181,0.44841392048058,0.23934688800863,0.821660113623214,0.188088174162551,0.750862849122004,0.21702159441698,0.613538752234493,0.22684540461225,0.413829612009168,0.239082907227845
2.61693280628451,0.580139351392888,12.0891899774052,4.68140935542845,0.536985632225022,0.431878238673601,1,-0.129148717494642,0.568046464680186,0.46016855132068,0.212995178562449,0.739443238897814,0.24829464136239,0.57755023668884,0.261751794064087,0.715961924607089,0.281321585142286,0.556053060856275,0.308900068669851
3.53900633245615,0.801119289224507,18.5615521779228,7.96092306213148,-0.183567056558917,0.464920917549782,1,0.0222922044705021,0.401936957864783,0.907528055649006,0.148139015987484,0.672960981423545,0.260837241197473,1.16661918216973,0.26963556270905,0.94830700942712,0.332851212065115,0.438649908784545,0.369413295102713
2.64450538681203,0.567995390751075,12.8986843726951,4.58205823774573,-0.429297781343428,0.20512054994533,1,-0.393309299091133,0.429887707042028,0.835407890633309,0.1737724740199,0.584315018730569,0.222885402379899,0.774988959408421,0.231085373343129,0.647213276404285,0.225020738305144,0.899026466383412,0.275661877799363
5.06587446203658,1.42147443195548,30.4189040789072,17.1271195484542,-0.171265974167365,0.612894107802038,1,0.227252407729014,0.532263747712193,0.626036001654754,0.261087763742159,1.05983661800346,0.29033677538955,0.71543819089854,0.364972468263071,1.02495324623422,0.35282644882577,0.916479722644739,0.352898190528644
4.68063371936928,1.15239998622764,28.1239020169853,13.4674755177298,0.401489420997275,1.13349996156071,1,0.702095542679693,0.592260487788112,0.773323370198831,0.222298080576318,0.996506215520091,0.258664162285711,0.856913635955195,0.275360326286607,0.983339954507366,0.290544156738187,0.688883606000752,0.361308156966419
3.16431324082394,0.595023566073175,12.7437892437415,4.74074324748347,-0.226380839387755,0.272562762247618,1,0.525783284263681,0.454160211392165,0.953366674086817,0.186663632444454,0.544792964654416,0.273474626316692,0.892550164154102,0.175763330596315,0.216166220110133,0.325708727752539,0.760424741904887,0.282293405301354
2.03415115519588,0.451808647360021,10.3502915404581,3.22913613941647,0.190424245926691,0.371276682967284,1,-0.128757049627786,0.395355750526913,0.293885325049565,0.23697127770264,0.868121631633705,0.163035985626936,0.267776469382947,0.247340863302589,0.835346338961286,0.207366255721901,0.324171406092447,0.300268727268254
3.37328471273083,0.981181101162256,27.3637376569162,14.5104698674546,0.260432465323442,0.914583589088094,1,-0.0955737538962152,0.794930569990933,0.752001584644988,0.439477959899033,0.901122274506309,0.300601076435689,1.05733188678364,0.31035854377386,1.01965411469939,0.323015612497957,0.493820329309466,0.3639188018015
1.60942549656048,0.503494145963859,16.0986379137781,5.19477980912305,-0.124720809932969,0.280785784702401,1,-0.321770800289226,0.446157292760934,0.508017004554575,0.19935122560006,0.766455088394042,0.19332832546037,0.645482411283418,0.233922271636259,0.268943476300093,0.227327315530632,0.992782952512561,0.205148967348883
3.54511437078557,0.872547413095141,17.0557955297293,7.7187483727562,0.253942572218169,0.719742230938203,1,0.0823350142755116,0.671508646802743,0.925732804849507,0.244277234149419,0.826754703208749,0.330471470906078,0.803898704964279,0.285409216018098,0.701560337801219,0.237240998138895,0.753360744681018,0.277531512002029
3.39284371499772,0.622720891092934,14.2116931158925,5.19042769175513,-0.324378528269518,0.272444319640798,1,0.242659028802388,0.32836713960223,0.760761925248465,0.245468780134217,0.782635916659992,0.225904204304066,0.857902547166207,0.198698902674579,0.821101177569555,0.237329893404991,0.798400174652122,0.275295823341294
2.49378632163707,0.583759248783575,14.0503871937456,4.98272328122732,0.448552659174766,0.668925396865216,1,-0.555185663776185,0.621098739071601,0.818339375792514,0.258590519906194,0.585710041873204,0.237697441186018,0.616716287817381,0.278371280700003,0.680991251568555,0.201735678199833,0.800437907528334,0.28888412515764
3.32812111239055,0.747511021655531,17.4743644762831,7.25018347715975,0.035761943977454,0.359582022300263,1,-0.47075598807856,0.589252433943021,1.01983230648686,0.240326924072262,0.424641734333039,0.281732059122243,1.02085843736958,0.224322783610281,0.730665713685833,0.244738434700703,0.734845410736601,0.262939063548044
2.04721217084013,0.505902558599931,12.3464430902845,4.44693469923552,-0.0158744739615191,0.268382900968415,1,-0.427835939840945,0.503676392021417,0.839145396047869,0.119385859628409,0.581854272923733,0.338813498181464,0.372001913885154,0.285353520219773,0.845464425252357,0.237598026719932,1.05921747233886,0.252103179945161
2.86231192702687,0.583793854729845,14.8305653971663,5.47122275194848,0.0209021516435757,0.485285826231699,1,1.50801431127665,0.606780340184267,0.385205760579014,0.27885774128467,0.854001238368347,0.209389573271094,0.862517930551847,0.224009987240984,0.818097249220349,0.266713152900498,0.7997656635607,0.263956963070122
3.52413395773948,0.667118636770185,11.8413754423048,4.78943268532573,0.829232446988794,0.212560714346244,1,1.10668588675622,0.66849982928701,0.338752601467707,0.243645259165171,0.47747489554681,0.258443048248981,0.939092313535433,0.222092178546785,0.413741043721967,0.324443499295999,0.547627071197698,0.288848669903605
2.03949215210725,0.548558325918169,13.32990775307,5.31202262892923,0.309698398113854,0.632689186003498,1,-0.104596141925571,0.427238498921229,0.727366902862394,0.200884759904491,0.785683950252821,0.23280772337493,0.65589000383268,0.232194015263213,0.544852891162972,0.303737834754054,0.889163605030059,0.296793062944178
3.0356534897246,0.627843972868711,15.1948570365112,5.19076890946338,-0.132198200240351,0.382656624597625,1,0.107009285462058,0.649410383694938,0.156905711391169,0.330040890668756,0.78868851342868,0.218797810386252,1.00713718607044,0.197668021047439,0.403691371855897,0.271293786579713,0.980573302662238,0.2007054084007
2.21390993775526,0.524836210625279,13.2116728511123,4.74966401384029,0.305854503873097,0.713482023119945,1,0.022305574324075,0.40827930398175,0.637506967826617,0.20415312537878,0.811261933902923,0.206440236900644,0.685834392120806,0.301921756476012,0.791437737627295,0.257731901778121,0.749795312927339,0.229577606449692
3.43411625215604,0.746966106568525,15.1364442722651,6.78085612816861,0.0359434597470934,0.455040706326704,1,-0.151563133085196,0.627678465129028,0.940936069721453,0.185082359168445,0.587780116233349,0.319487797944444,0.868225199008362,0.303801211926309,0.555732594841434,0.288869093851306,0.833516554041184,0.318383599089086
2.10352460134335,0.449068963566544,8.70080043379853,3.07100560980768,0.0363871993488141,0.428048241969555,1,-0.713210937507167,0.545236287467847,0.651330906421504,0.214170474847309,0.727228763104672,0.172169246882565,0.712276087157839,0.250056829200943,0.244481080403976,0.283569343505082,0.664700385436068,0.277831327769866
3.43998576875684,0.623976888440309,9.16178832626423,3.27438004148505,0.645153803594741,0.561773973965364,1,0.385045258527554,0.718087868113854,-0.310526841267814,0.478304628259197,0.871221582550495,0.289066235324412,0.823051613334259,0.229172266557374,0.791435786431028,0.193156135623205,0.528547418369869,0.218697734676916
2.29117345429515,0.6174389014428,15.8773234888226,6.28650515928112,0.142409719588153,0.479616477826268,1,-0.345956128070564,0.671925669221858,0.243576721231693,0.371131667293645,0.943694028796782,0.223138630512792,0.890887474173761,0.247225474687521,0.579099260523782,0.232635303440815,0.661637387869287,0.2367645400941
2.5709224675206,0.676374878811154,14.8006521338772,6.3250301764466,-0.0928480138378757,0.492391990288501,1,-0.240307718452791,0.502185321614789,0.60948254347071,0.323242436784938,0.681883099721922,0.23972882933888,0.601331406634268,0.223683003516468,0.91540105301725,0.270085241768874,0.67134099622048,0.276828671315241
3.54636145585415,0.968666040203123,23.5584008308899,12.6562158305607,0.207598963529884,0.814535138936422,1,0.272885362759679,0.731185855970425,0.409278285925165,0.330079679904297,0.207806972175516,0.422911553056034,0.857959427645689,0.304762282756218,0.993802772640985,0.352584430331547,0.753919077885501,0.316027589865156
3.46879406609866,0.92434219000547,24.5653233782008,12.6834956797842,0.434541838883141,1.22832150180874,1,1.44650652187493,0.866164862366511,0.107194244848198,0.511589403574884,0.676871864855375,0.355184215546721,0.46187499379627,0.363756899515827,0.809804220578501,0.268800655854661,1.12855845980816,0.272246279808326
3.73418957433668,1.1303398499801,33.0576970497011,17.640003492657,-0.512719507579446,0.282268743082815,1,0.244627742735265,1.12998566771933,0.885709457677452,0.310977827312738,0.507679162741206,0.362776493172071,0.878939906107251,0.33462941294469,0.79523900710244,0.269178951088004,1.11364423155979,0.289781937064483
2.98787378937117,0.723572583228507,19.7447479995466,8.29378028988621,0.911212938821157,0.0902138296125695,1,-0.107629500481968,0.92036968912246,0.83960720596686,0.306202593223733,0.572595032407912,0.261255086966532,0.986561895571223,0.241709787084899,0.493505186764224,0.298089533392304,0.711899727135416,0.308097261551714
2.9526389509313,0.553963991597202,10.6305947945641,3.62676425375386,0.69495499925005,0.355789416900504,1,-0.473479753422564,0.633106972576304,0.317868559194885,0.251192675071105,1.02341288002414,0.136681575954761,0.324231474506441,0.267800589721919,0.961824673886073,0.21596645493448,0.648368046210045,0.260203677278515
3.26558382465201,0.66115682105202,13.4447986067762,5.34875708212227,-0.0427690759541683,0.483635314360422,1,0.127421197321801,0.453529155355765,0.919674425743333,0.217396167552267,0.353594843035504,0.294475982221482,-0.0134569590689034,0.404379904069552,0.934347818793214,0.217117203472023,0.555425963333089,0.257824141830229
3.03103438001739,0.559583366782528,12.9783491030721,4.00085826256872,-0.503884409234853,0.156362085001881,1,-0.29399049820992,0.529262891349205,0.922247595405603,0.220273035101169,0.689260768850059,0.248562450726851,0.787458128028049,0.209190925676448,0.817383562441476,0.197889845181074,0.592527156293321,0.205933785755739
4.37483428520569,0.840098730880224,19.2772471342906,6.89859033181686,0.579198398207662,0.743401865801289,1,-0.741837221664049,0.675807951315285,0.700983961386217,0.249650672451896,0.654237573079069,0.278881210299778,0.850366650063141,0.261367470528248,0.753483119188829,0.228136042417747,1.01087333891524,0.244165274721909
3.49340881184411,0.589760672697223,10.7561254258468,3.65815349218123,-0.0123409940840666,0.340644767961823,1,0.304226165481454,0.41181528334891,0.371822842814054,0.253693216901185,0.547120424508421,0.18139562587123,0.89410342268916,0.205174895329043,0.564744311462166,0.28835275119397,0.61164044007368,0.291959359461747
2.33106188699633,0.702226510270367,18.7757589562063,8.80039778212063,0.0445317835224136,0.440634727670391,1,-0.611378516201322,0.713802061424653,0.79956335917005,0.359608701436656,0.525857411802446,0.302295786406231,0.430485102237993,0.298171537615144,0.848712349177966,0.240532578878856,0.425491549353541,0.304494817691047
1.86977857623683,0.509269658146418,12.0656327757068,5.07209492643102,-0.204315268725399,0.299797721502677,1,-0.138264697834366,0.429167887529515,0.467747155014881,0.221977785539237,0.764427491458304,0.229758322832028,0.542108282956968,0.240419584279891,0.791238011156503,0.240535006312813,0.705062215053585,0.297689094137023
3.21045867311922,0.684438736015111,14.9030394232203,5.88992168545337,0.0968461463768909,0.638187776187239,1,0.518094500015214,0.501788857506519,0.883661715179615,0.194057026856079,0.6783490743577,0.260908978606436,0.195336920888439,0.347114270672431,0.849785225914316,0.226142192434836,0.482813189549535,0.275720235085944
4.04568908214716,1.01426048881299,29.5418170688079,12.6444254211634,0.401856229756212,0.971423266537037,1,1.03339437027314,0.642679899118728,0.639958682814614,0.29407101781254,1.10237771665876,0.33101582479239,0.959161430420411,0.232413019122627,1.38441471399264,0.223698622036406,0.77820171344077,0.294228859093623
3.47720578618644,1.08973598572631,33.6430100559586,17.7739558690588,0.398760725296353,1.29058179261485,1,-0.566538768977108,0.504391477350447,1.0640506119985,0.217809193485853,-0.025793837309342,0.547657379419339,1.01926189776221,0.36020730966359,0.0687272327346171,0.405321110690642,1.42599641616113,0.293369812709319
3.47061561826956,0.851477255074874,16.8824021767282,7.92820860050781,-0.198696595673804,0.45670991618894,1,-0.0466077350913924,0.486917519856702,0.716298884368254,0.30171591497528,0.614220974165481,0.255449730689649,0.727609398059116,0.306357952997821,0.415203425878907,0.301471272482327,0.579730303640899,0.297189519592221
3.35519332333045,0.63973876884076,12.5109589857235,4.98400076166621,0.0534645284458505,0.487589322197745,1,0.551333101945777,0.636920135292529,0.757307317886162,0.297027105698658,0.413672174444368,0.260024675795026,0.998401253630724,0.257915485538367,0.545265617630451,0.354577271091409,1.04120685356004,0.213316679934924
2.33153380457988,0.862605554798877,38.573032348986,18.250038995402,0.424088910115982,0.973620131243465,1,-0.38907008567319,0.61161903703217,1.12650291706221,0.244584253530194,1.05788283712611,0.366954387873794,0.351474929658079,0.376587689868672,0.793821248596636,0.277808465738801,1.29862601144031,0.192174622023031
2.70010055735144,0.775246196521397,21.7878734866621,10.1260242010674,-0.40298414676361,0.280841955765727,1,0.196029141670025,0.500582753010118,0.342543879577393,0.298302947680359,0.695726479035252,0.243482842732507,1.13860436159944,0.225355973981016,0.720206247668626,0.272924750570608,0.65514500303303,0.343119181364241
2.10430222659387,0.693340625857129,23.5940794919041,10.2954139225508,0.497146307768367,0.876191621843159,1,-0.446405336939863,0.660551955442111,0.96248657029592,0.206173057762569,0.842525834900762,0.249279458403503,0.334778828609087,0.348053729349898,0.540229385864569,0.380394350286374,0.951854972944506,0.226545851827926
4.14641977265913,1.09084275912154,22.8355643602385,11.82343194877,-0.594470564352537,0.1934383132539,1,0.165526000948058,0.57091306654453,1.06646439927932,0.221864391213328,1.02384160493751,0.329998949877889,0.683436467147097,0.339770878200317,1.03463535098749,0.309509116854202,1.14636371216501,0.222684801900403
4.44824134922778,1.22699681472363,32.788367310515,16.0157572434781,0.702163685076712,0.660285547360678,1,-0.62696612204718,1.05188265852774,1.35652642343087,0.314712723081029,0.778507492628345,0.323153835779222,1.11030118236895,0.322907316195021,0.382865741942355,0.325447992673493,1.3699172401052,0.27171216933955
2.4901224633282,0.416108841507659,7.00136189057348,2.19822682041648,0.0976662455845299,0.383922125378254,1,-0.397245187653412,0.551818905560258,0.757883867165072,0.232380980544307,0.431686219725456,0.212382901131767,0.595893174716365,0.158289181663409,0.201614283244439,0.225430779027074,0.508494401657156,0.194321525298193
2.8391498814509,0.710159655707132,17.6628318057143,7.85991363391242,0.363279277771969,1.08673930393129,1,0.60851012344231,0.612419380546136,0.751693672198974,0.210121539843451,0.914733563434189,0.291904662375327,0.191919808006297,0.361310862461199,0.499860688266983,0.401580077230068,0.339818924202437,0.321891659528072
2.57865648076136,0.740681342265824,24.1427909396339,9.9459773841689,-0.261104423219111,0.317206198386184,1,-1.15822586631572,0.758608661058951,0.78182414684785,0.297610574206112,0.90704433955572,0.180941943901343,0.33729563653644,0.32902937865423,0.432601997899415,0.27195492734174,0.472167560535373,0.355005240345301
3.17794155294568,0.634061293988343,11.0992147043624,4.47200317908576,0.42138928879433,0.959567386373698,1,0.526805826750262,0.550538188843244,0.343903695566018,0.206758282006583,0.543427086833532,0.24506441318416,0.283079383522834,0.315468370408044,0.83157602194539,0.26242664735583,0.775218298434521,0.264280999185183
3.44153878079442,0.68462500389349,22.8881774801813,7.68599265034847,0.108784209117692,0.425292850127661,1,-0.287081841613103,0.845070366798692,0.718741049868356,0.309917520770661,0.555682128106863,0.255584730568292,0.945416590024299,0.17733176298798,0.0529589510043526,0.260565803297892,1.14669145842409,0.222008167904166
3.35988898172111,0.67584538371445,18.1737991562609,6.50045628910703,0.118849320452829,0.582404641033897,1,0.392490886075993,0.620760902614985,0.29943343487728,0.281465831427736,0.915622521143127,0.26793652218085,0.785137396725517,0.242136794601537,0.919437887564814,0.194653755797146,0.938777816564096,0.269441918127988
3.46060045644435,0.677628402709784,17.4936485707965,5.83748815985405,0.159783020171786,0.442202982277175,1,-0.361419588327192,0.523070959364559,0.909644626974172,0.204998256392043,0.904066064132558,0.220530437048097,1.1370275726835,0.24716635157234,0.443313221250245,0.247091415135416,0.711442438136008,0.243309885703231
3.30819250304895,0.83312271173796,32.7253047942131,14.9285060153367,0.0865558204063049,0.476369715780421,1,0.868771726429195,0.622510905367876,0.111506044350321,0.447699186372795,0.116433546365485,0.424159877624075,1.0543037915216,0.182282104007033,1.08608393867097,0.241766563988367,0.893382626803529,0.28632585404717
3.70438879725287,0.842339525064838,26.0495426401281,10.3611364711342,-0.390916968208257,0.221589892017249,1,-0.0668295922734722,0.486373802632464,0.889539597020486,0.309678666835675,0.878299573404551,0.260378739487562,0.786994132026029,0.187201111155594,0.832383577484469,0.261857277461658,0.859522987741854,0.301532535866366
2.28720724609217,0.549186905907117,13.8372046326607,4.38269624728701,0.182646856313587,0.455498738538201,1,-0.461608150806367,0.4371813571612,0.708952736814297,0.201634161279988,0.463677708773645,0.25735226688369,0.677853595087535,0.209744648601432,0.707407778415851,0.200542632770063,0.5099524179186,0.274351203395282
3.00058694492149,0.583291955343457,11.4591384291213,4.52701855402347,0.492076911887257,0.759942428277663,1,0.927472549183329,0.666763269368002,0.531734618744023,0.256797183965068,0.541337650822702,0.236034762734562,0.668443597796744,0.189057554349735,0.587168803353207,0.272171213997275,0.341969720820152,0.374210737444434
2.97684962594089,0.566048929842473,12.4666334481738,4.04013560651457,-0.323735110782208,0.19702172124662,1,0.359915479239852,0.55105159164998,0.704787061979894,0.221194755886427,1.16818258047631,0.147595620574353,0.848010792210481,0.233194373075095,0.826293728889232,0.257890245616522,0.841906357225044,0.242717099300746
2.6518927427565,0.818451358041488,23.2175174390548,10.5660353706304,0.0143790860610427,0.423825382222839,1,1.20925777479128,0.951786783185061,0.243592309779922,0.441968225399308,0.733001018681629,0.20742255778497,0.560535364539505,0.268764303381514,0.502092516187115,0.27596769737684,0.586448028944655,0.273653351181802
2.94053160393762,0.690176647996594,19.0878340009225,8.09558947956321,0.321675476018831,0.865809037994372,1,0.623085133900925,0.527599993038295,0.836599427253907,0.203296297957934,0.238505584722565,0.361115024341339,0.911497373665033,0.298625266990478,0.285861818694341,0.302169228662756,0.881762417337655,0.203369090779327
2.98020988818465,0.822462032195963,28.5822531922087,12.7787856491587,-0.469580625101072,0.27122983391269,1,0.741989952304118,0.576834923642916,0.77227735068639,0.297141484072523,1.00716074492514,0.26247160303934,1.00559572447078,0.241645292147463,0.932887998562891,0.26040424560127,0.945983964875606,0.310924550703167
4.2596135889633,0.794514200618701,22.0157350178728,7.49691560496841,-0.103844045157268,0.499040608939021,1,-0.0327423246705766,0.858989510360242,0.975195049886747,0.266508770832405,0.811935839978057,0.20732542041433,0.862604155992917,0.254062629663569,0.296842362025976,0.384446106983771,0.856571556784688,0.228444447986897
3.806843370323,0.895487698273812,20.8654600823634,9.03788455608381,0.00106921356388946,0.498856850770666,1,0.110675805646792,0.520295307927066,0.673406559823554,0.286658124384728,0.555007396647667,0.301327648377348,0.704075206004846,0.220929821853651,0.697416605180138,0.266018789809524,0.471850520045123,0.412637370719345
2.96713080069165,0.50160454587229,6.13257883188173,1.98430692708025,0.653369172793344,0.249157031070042,1,-0.153129127845583,0.604619514491697,0.519577743638924,0.26712640576102,0.546488755815854,0.260499221492247,0.570210942826082,0.1996158863122,0.473061094509378,0.182327777240357,0.513319463342007,0.186440616132984
4.71269167657046,0.973511853690944,23.1464181620642,9.44870758263281,0.292984234508677,1.04839288905789,1,-0.302318464331791,0.522786696791925,1.08514825894722,0.223311273395653,0.842573618527523,0.261460774011739,1.18452932725341,0.214430073946904,0.773293636552102,0.310272844653161,1.09111440829031,0.237620348562321
3.10543788143478,0.819721557074483,22.2741373574801,10.4063207078941,0.158427335676842,0.834885052944837,1,-0.334079894923114,0.550836453210393,0.745614213516316,0.282489515746547,0.647370844454809,0.235884324391526,0.7525572525419,0.323228352433858,0.891212556646643,0.252996210428762,0.523590059878217,0.303867133921586
3.83028947529771,1.00551408011631,30.3030249791225,14.80127932283,-0.34874102440106,0.336820792085683,1,-0.228188799923174,0.731280602047898,0.838393182046529,0.310396993664286,0.82153282374452,0.25719459727171,0.236516860312499,0.307262110590445,0.945161372071225,0.318133081875491,0.920687687322118,0.332357837575748
3.17856357864475,0.822591399615444,21.0041227547616,10.0467752708233,-0.19547384547404,0.545686113111893,1,-0.459808457814479,0.574460490575011,0.810202906241872,0.254847925065042,0.863687127124331,0.296235194220376,0.465675902343191,0.359686675799727,0.76595579506396,0.244491476524458,0.793395358304877,0.317382910781293
5.05291157032903,1.27652577399407,33.7039298132534,16.2351614935851,0.189594212689062,0.782031580438753,1,0.747019201749428,0.577001226146801,0.635962776092257,0.255171988505947,1.08098267681725,0.265871157675181,1.0336966694794,0.228406447537071,0.923843799223921,0.387676749550253,0.824895954943292,0.310034941099393
2.39507440868065,0.5170497634724,11.7714229137446,4.28056750885984,0.223380616278461,0.589864635015397,1,0.34787174390139,0.402932736001966,0.688368447863699,0.228542089494058,0.340618147377905,0.21371314848721,0.808770447109986,0.217448788909025,0.529851570096619,0.251872519177936,0.75030621473559,0.260964933393062
2.55773801459942,0.631469351993388,14.2977258830302,5.84731223459479,0.314219577064908,0.908084208302924,1,0.310404256110171,0.585032580089285,0.37783817930937,0.305935652596761,0.683955270387622,0.315516624163272,0.94875706408524,0.239301228213765,0.5755371441457,0.239894782619275,0.476599812586766,0.242972542390664
3.19682654553357,0.777069373852015,22.0483752222558,9.04215639753128,0.147149538240178,0.670871442510059,1,0.728828333638267,0.723736058048304,0.563980609277138,0.315729330391273,0.814784040737662,0.208604027822377,0.527946496952372,0.315267180181705,0.907587969265495,0.219065395716444,0.74281513701403,0.272406264141458
4.85708633691924,0.984004135421322,16.5325281326047,6.74829389084901,-0.210407800021579,0.386827423934879,1,0.817448576429263,0.658094668525428,0.868609616564688,0.203736894872078,0.878759175968451,0.227006862266111,0.187445841237177,0.383938951485279,0.877748656900456,0.299876674426271,1.13487928017007,0.241726831361318
3.13466741189914,0.743892877839571,19.7284483677378,8.31258647325762,0.0762352544803703,0.648812155792463,1,0.286019568990666,0.544430164352266,0.657408024335043,0.279201034328789,1.062186564882,0.202592290270983,0.842630680830443,0.286890057022854,0.722255589271861,0.255362035012375,1.21922216935358,0.234341202383647
3.2039186767853,0.632267862605367,12.4357657730921,4.58709982645694,-0.123864655310389,0.382920433557169,1,-0.905224752233046,0.630989564891315,1.20974300331728,0.209368572837469,0.740628722923791,0.254659130418748,0.799602224821119,0.209916740771101,0.737129272928034,0.21861339707585,0.824503123035291,0.265729189495011
4.84666156612107,1.40312236266846,33.6881252104504,18.44164874079,-0.639334562973041,0.243250080880057,1,-1.34955193398029,1.36508425636707,1.55488852743617,0.364365955712764,1.03488108367793,0.29022885233987,0.769981759272945,0.351839258295254,1.23061841496412,0.27942055481262,0.700488133916161,0.422382176946367
2.58015853734774,0.602771519486954,11.9584177283898,4.91402842975673,0.252514344515289,0.629442694444034,1,0.0205024666969691,0.448323949716898,0.872585793028682,0.196386968140353,0.592351797454091,0.209856229195024,0.549520998566836,0.283063043811675,0.799062410519866,0.300809071819398,0.49756460252613,0.317084434554505
3.98609416973913,0.812999900872207,25.4806063490525,8.88608999850655,0.0829782818068757,0.524351622541528,1,0.173715735447875,0.605723934023545,1.04395988217157,0.205166753288036,0.479500876276281,0.272807845350763,0.709703384667507,0.219543246706649,0.94194945976238,0.242250502388411,1.11566220524047,0.21165132598004
3.53156129658272,0.602106558549342,9.66085245591579,3.26462626129722,0.734010337496501,0.228028358915806,1,0.57476459088085,0.543432304519242,0.78188954058366,0.27185334508997,0.64563337981849,0.283106883050443,0.700818318686637,0.232131853758197,0.553060007654222,0.206530070623595,1.02076800076741,0.175359566973043
2.47765775124984,0.674112660371533,13.1245269756276,6.91352620807876,-0.0691565533877618,0.473773427227453,1,0.383708592374098,0.584738565768231,0.477924986112651,0.247287283384964,0.561762849558761,0.258905068616835,0.410083065264637,0.394118289941544,0.591395371228237,0.40491481132104,0.59303401358235,0.318173354240006
3.5079452816284,0.871778975571816,20.0799523913585,8.7449026248036,0.0167514987778326,0.493272315095077,1,-0.378739190234772,0.674375829500159,0.838560088673471,0.220903849780474,0.410973093708383,0.360772573702192,0.542315290600866,0.331179863081192,0.683895409765171,0.292387596912588,0.849892440047736,0.259393879306056
3.05485406624576,0.557518125258813,11.03173465549,4.08817199250291,-0.0607186913712115,0.357298901556721,1,0.73313706203375,0.512484826477116,0.764944402156628,0.203067091326121,0.104977424752963,0.313149989171736,0.899125437936421,0.228308742890574,0.700788652800669,0.222925779158182,0.833338357046224,0.26328064482758
2.37442207101119,0.617674855141521,14.1697236171007,6.02926069477202,-0.0316442640865497,0.359815914627114,1,-1.061891043227,0.674486688133637,0.876058784021966,0.28000845778998,0.696933287630788,0.213552203393255,0.800995284205324,0.217986353573178,0.769613908537914,0.253663506819664,0.620867126696019,0.301766502835624
1.85456149290943,0.474609637769399,11.4346078308874,3.88702266362427,0.276687542876154,0.478418724376908,1,-1.079047736304,0.48139120939246,0.429074826859495,0.289812910040583,0.777751995240177,0.185746277193193,0.678850763703531,0.168304231677483,0.894602774691516,0.187851795266059,0.120787495307256,0.297554654954008
2.43920283393049,0.733642012039104,17.9347623223176,9.10436031033467,-0.153015182739647,0.538959692157025,1,-0.358207477533291,0.601197619850838,0.81976403555309,0.27633431411101,0.751351904833979,0.236116791144104,0.301252373500822,0.411599140224364,0.780944381421858,0.32836958099831,0.590659621639286,0.390671599215831
2.80592810576056,0.623976008354049,17.5058734164004,5.98567202855186,0.575492092217896,0.70533883824259,1,-0.391386178372341,0.660924098732928,0.52363647486973,0.32909975869533,0.725617978631652,0.230897737567777,0.694174722262113,0.248197847664303,0.735244359704638,0.190838982285782,0.797719873872824,0.157146034293207
3.35396372603165,0.756011927224571,18.1954543313223,7.10214322272323,0.151393475943562,0.482635670432422,1,-0.41067346823718,0.583271607672365,0.658668910681488,0.284065175694862,0.615204898984005,0.23648548336433,0.852840252253341,0.201852592355388,0.258014583406131,0.292999692696095,0.698062145219715,0.201524860831871
3.62373995185039,0.77906270489714,18.1352244758858,7.01666156191958,0.358832520190106,0.886351163114374,1,-0.247174050804595,0.436292830112579,1.02964175789176,0.167330866922272,0.916907247760967,0.211615094956339,0.816809821871778,0.23167666505915,0.663366572045975,0.280679010217178,0.90522203141487,0.299785492356378
2.32840258602662,0.566772186276272,14.8358879686762,5.9546560891834,0.165813034895217,0.517829543552606,1,-0.270089235581149,0.63803581484041,0.81033235403805,0.323958702802187,0.385921066964344,0.253121434907464,0.752863948054972,0.226472400836998,0.55195779241902,0.233759030018765,0.748994422988241,0.235377574155777
4.21193102888765,1.0938184693189,23.1035022458628,11.7331197458971,-0.479451384668653,0.273500376133315,1,0.715560543280816,0.596638501082859,0.269754816963436,0.335260076230065,0.946772737014806,0.287140149280429,0.887473101928907,0.364620585711034,0.776322824903169,0.307635381086399,0.768814546557645,0.352917687620889
2.14782381801724,0.474345624748109,11.2142090265027,3.62573729572569,-0.155776725392673,0.393633873235221,1,-0.654905575540886,0.456669528639268,0.758226244067208,0.169611624895054,0.792206288331401,0.165720949961983,0.711375512427453,0.191707571455451,0.248380825190305,0.381776546497515,0.61997529740691,0.220670168119633
2.50154542478281,0.488087551563497,10.3950538205583,3.61312984920425,0.616866135868079,0.543216285836338,1,0.445528849658382,0.532179565507883,0.337217317180935,0.266592483055805,0.704145167941221,0.211339166950741,0.415837167396141,0.226310405724713,0.863241903069274,0.199332924389042,0.827236708953922,0.224168792506981
2.77710619268493,0.656753994449347,16.9063523464511,6.35747968355802,0.286360851409882,0.796976696518106,1,-0.415554082198573,0.477064938859037,0.606283740325935,0.257568997679411,0.747288786571431,0.223570073985827,0.601788402177719,0.269542525688404,0.46027398555175,0.289043912186331,0.93346391367781,0.209495016532684
3.81330479177474,0.662049953972258,9.8261911934248,3.61020410730728,0.258568082448252,0.508194440129107,1,0.499480282336118,0.507990886602859,0.657577670630572,0.206443808845083,0.809282194521014,0.254278020280408,0.428026235955648,0.285469594022429,0.87301190225226,0.193582024794845,0.683422089988941,0.193928174450013
4.44303224345358,1.02474374822329,24.526272107376,11.4707987970243,-0.135914782331395,0.402439958294253,1,0.605526121431234,0.477968882241459,0.958843107107347,0.282356616153428,0.761522670275443,0.222536300660441,0.621318585937381,0.237224691843515,0.774441692428526,0.359352577939118,0.205830511581865,0.514188441537157
2.6964831692204,0.611296005360975,10.4251767630784,4.13935715388361,-0.311046022555648,0.260073277017143,1,-0.228464074477749,0.463456392957595,0.977002998548759,0.215017250937492,0.0438075192629711,0.356421777445303,0.468251135851896,0.294123516811086,0.673358038744072,0.258018293859329,0.613563000151373,0.237732468126278
3.30147706326157,0.731539280514441,22.8620957310098,8.52498866288008,0.380362986990274,0.780117612612874,1,0.146975271008157,0.682941950351393,0.990570483617318,0.217832670058865,0.43685280392058,0.333782223569358,0.948478057153657,0.179730225805022,0.554516973674379,0.300297811409892,0.860850291333482,0.225999594242697
1.77513521903707,0.563552740372846,12.9514593047447,5.57080053821228,-0.045843143012424,0.436221607903174,1,-0.119502932473321,0.536780741507897,0.59466613678125,0.27522390679036,0.428069670404958,0.252231321163291,0.761132834222701,0.339369746574558,0.521022475472263,0.356093668594804,0.859588282816495,0.282989934451942
2.78223619024052,0.695631682861261,16.5161650305066,6.9750538607666,0.53860209283193,0.557628087533614,1,-0.359212104488665,0.492627761024358,0.91980868447143,0.26929432628033,0.358780822566616,0.300546599382825,0.754390054103658,0.296523714312771,0.187596385762834,0.33459993481758,0.717881869975032,0.231766029521759
3.25787515026465,0.784213226843171,16.5433204358032,7.36553636212909,0.389408791305462,0.568688500584599,1,-0.236551724688421,0.514495033234205,1.01587464090582,0.220353855504985,0.729786451125332,0.284802436431585,0.473397361483314,0.272470024621985,1.13623168599614,0.259224219489957,0.534709902727654,0.376359202011168
4.07938031054458,1.02928777305605,17.0150721389512,7.94401489120936,0.102873048019883,0.623461950392056,1,0.258891546823781,0.778002242298422,0.818853275875985,0.267374255443739,1.30451865922337,0.256910182085482,0.218386867458764,0.374173919822236,0.806542917462024,0.283228962975794,1.09075453698494,0.276194979880447
2.90293715030108,0.616002438875245,17.7601428541653,5.96778856978413,-0.406270662824754,0.230211355140659,1,-0.292313679151642,0.497962809477018,0.572779966283089,0.240797377794822,0.944695543217776,0.192563081160511,0.966160616267137,0.218935155008885,1.00986195933395,0.212500123673966,1.0674370624041,0.243861441948327
3.39988829945986,0.771623155032723,7.38281276340029,3.67682275712817,0.26139226131003,0.748463835275822,1,0.53380375934948,0.500614398122346,0.459586939573223,0.252902441290454,0.742884405239845,0.260823751577343,0.598401566285601,0.286804152964656,0.415690685564787,0.316036952716708,0.435069246859809,0.357486356324726
3.04411325085282,0.701019778294495,21.5870206972627,8.52146066625959,0.162683790158707,0.72800982455656,1,-0.260037691458834,0.627631989519421,1.037965870202,0.202276728513926,0.962556578388785,0.274202039953371,0.514497538219467,0.304991279185392,0.3261245125726,0.232631015278437,0.569956096599588,0.330996207749738
2.78222351882659,0.510921217206167,9.9309482793159,3.2266025687577,-0.320671059989759,0.234413329738029,1,-0.0205255577775888,0.45053288331504,0.536592090072032,0.316261831475591,1.00273762437665,0.184302143004825,0.679658914532978,0.216463328071203,0.580793940861303,0.203810109172343,0.876171663100206,0.202941982893806
3.66998764190882,0.775277853927502,18.8785343932053,7.54160673726514,0.716631528186886,0.373185028418302,1,0.277508742149977,0.616229848340941,0.454195835538274,0.237068301308264,0.73038537585652,0.181593814022277,0.647608307937123,0.266716398794444,0.44701165182684,0.257184559334899,0.24009917006807,0.317575600197331
3.16050082173017,0.753714246721046,20.3406403788078,8.43921756053128,0.253764289161824,0.552222059869158,1,-0.0154557085505268,0.406735208984527,0.725753719342513,0.254248042020299,0.465725855093142,0.281578450984762,1.11769214920128,0.222866987430638,0.458051654440673,0.297810702737542,0.620472576596163,0.251375788920932
2.08663568590381,0.547165361520225,13.4675578410199,5.21378701183301,0.508040789266782,0.405947600137802,1,-0.0188473161997456,0.419436387550942,0.560007170939422,0.218353578421654,0.920027114580154,0.196801836391543,0.688943980022417,0.217739254750807,0.80493034065623,0.270176070085557,0.270273492316375,0.386705369866368
2.71570505412567,0.515901133769096,11.6907480572209,3.97254224062599,0.281088231070552,0.585801596464171,1,-0.658395462157189,0.47708030376971,0.778271339898613,0.206577712353341,0.431770630734656,0.250001631146775,0.695048387154554,0.216451817370514,0.701572650063966,0.186319468359342,0.47487153459536,0.268775938796424
3.47861407761922,0.734953429958668,13.5615455507958,5.15936814254254,-0.132565102494836,0.436832751808685,1,0.431991009646764,0.434971097795042,0.784994608985881,0.247656074883446,0.0457545020897985,0.307832536818053,0.724602909241221,0.252259063022526,0.428100949229617,0.273397664261698,1.01164979475217,0.270665838438528
2.77755790914611,0.594590324440834,14.2315646350689,4.99414253019176,0.628971337273458,0.496305981488109,1,-0.204291013442184,0.704025601290214,0.685747973509211,0.275138010626993,0.719675732123215,0.211353433225116,0.682398101616465,0.281290363059015,0.449285904040908,0.237566426448009,0.559463977917152,0.218858672691208
2.4329108697006,0.629612729920846,14.3930315897672,5.58769502218003,0.125437435774685,0.447218228679351,1,0.287032908776487,0.8030208633863,0.998086022418801,0.171105167006051,0.535777604611237,0.241696896125485,1.13009631469838,0.232309883641653,0.229589247332708,0.350936765357105,0.866815923226269,0.327034086173728
3.13973582600332,0.956475519102941,39.3112492688768,17.5452701440774,-0.319450600201124,0.330568653457545,1,-0.109443420386288,0.716372619979376,1.05964064282867,0.270423886553927,0.707584643541148,0.299978337155913,0.819912503453727,0.38982450913342,0.81463683251065,0.286877644934933,0.955445799215396,0.264880742579794
2.76645309614661,0.474536322479434,7.54746356333371,2.55363104215219,0.122942151897672,0.362982379821313,1,-0.072251129010955,0.496326766478739,0.782367100951755,0.174206151681337,0.59371751968358,0.182867295516478,0.380555527753364,0.241130665115791,0.538033598728538,0.22727150141335,0.572699616345149,0.275508641214139
3.1604771427345,0.635360562287119,16.468940765928,6.19681970548586,0.153644053673912,0.697229520669412,1,0.0560027105171875,0.390930130045498,0.530532450984423,0.238823601524506,0.802272541651139,0.216019056224581,0.946819090571763,0.192905669595157,0.607825031244858,0.306524032096403,0.27723110771306,0.299803949067356
3.53213370280894,0.991723035887686,33.7223366116354,15.6736611064751,0.261897654688247,0.989816107489274,1,0.809161055592153,0.628528799531807,0.220226314992916,0.423991632937636,1.18269386262341,0.267344497043554,0.587253231716012,0.294397071430092,1.02123759425304,0.273845716388374,0.934959895021237,0.287768784858068
2.98824610743395,0.76336140490662,24.8276050333244,9.854396256212,0.0317090397660723,0.368193118132182,1,-0.253902988034722,0.320800048943003,0.599711435349674,0.196739125246521,0.939535009618881,0.267395724678018,0.538997188197063,0.271947366237394,0.577547496128809,0.287774718662035,0.772195734455653,0.288857016962887
4.27352128813846,1.11373303591573,30.8617606465311,14.7506086271549,0.310567131949331,1.47265266454567,1,0.0765057517529923,0.530163418297616,1.07632203533685,0.253377999870171,0.917182961239641,0.248748366727307,1.00813175526781,0.342860116170519,0.607177765087464,0.365803525256675,0.876666701273237,0.345929838193694
3.79989478606367,0.77268539680476,14.4405879746634,6.00056356548193,0.149152384089124,0.590749901807347,1,0.55117991542077,0.629903607481375,0.325842190042146,0.327377516274352,0.750068685392121,0.274823860196244,0.246396686477476,0.364169578354338,0.52935616632744,0.255288076329422,0.982322013120758,0.243885363770911
2.50881289547527,0.74703321461787,20.916730998753,8.78535113397715,-0.641545234089123,0.155584728314085,1,0.00977318077640543,1.00068089725031,0.351191831309767,0.388644001399833,1.16050366133974,0.283071119439318,1.07578747573038,0.21202757882678,1.0640953087218,0.236842977699075,1.01325922599824,0.245969687963377
2.87668930027717,0.72833666797785,22.9757154798297,9.22848094935821,-0.130795863798747,0.515744610614042,1,-0.0921114806782612,0.416553698678384,0.702279545483483,0.246281078989403,0.392872660714628,0.37109167725525,0.778794747825984,0.216045191775761,0.708291317461206,0.280482115211626,0.596713169343609,0.324208436026702
3.86351346223434,0.810549666324547,13.2324538767782,5.44155145815074,-0.225944688122658,0.396841399974916,1,0.218774806900565,0.463527880142057,0.803357232960189,0.29194335618574,0.830705074187695,0.250877666144538,0.739103666713509,0.251150051532329,0.820003780189325,0.241276812215354,0.887946257762692,0.257048889667441
2.98581644470731,0.634004050136743,16.041415043278,5.48735573170425,-0.28338005995929,0.223939610805123,1,-0.899324308450594,0.588467505099591,1.09980177878629,0.206398612022888,0.506445195006735,0.23030596052827,0.776276674705221,0.228800634248155,0.365173147509751,0.289642591867466,0.963113594332979,0.178260960713772
3.16807355874458,0.76526535906515,12.6120277152657,5.58448426428713,0.752519179530539,0.286646762790636,1,-0.81773661955431,0.53256615630614,0.669032638903389,0.176196475825263,0.8917058558061,0.234549402178985,0.305868916610796,0.295918907068914,0.607507869112117,0.282934168164281,0.48658180966399,0.241909428008005
1.86247621216829,0.652160450881908,20.0637892336001,9.34669870805183,-0.0735113940635571,0.437130461588017,1,0.182896377505611,0.53913734089695,0.606149768235705,0.253959980577717,0.326333664637636,0.343166833921171,0.683797884060817,0.33054072807837,-0.194846462586237,0.521092927805363,0.896662515469746,0.192798021148993
2.37188761624678,0.665699856236549,19.0160223007365,8.37682150909952,-0.231777168988056,0.422712049889791,1,0.518412735426385,0.560748575241301,0.832033738244247,0.319481190077918,0.67998466870141,0.246060514403698,0.622749138236716,0.314711417485204,1.1022899656151,0.279685640625684,1.01268662885614,0.248380486520359
2.96763350000268,0.796708051744964,19.8940034871023,8.92405262489426,0.41231108409266,0.999106763746939,1,-0.257500444443373,0.453369341940263,0.750591063362796,0.24159942892247,0.933876310476725,0.253756310875182,0.813806247310845,0.285007293102317,0.717393249761722,0.268460541635372,0.820181029476597,0.339830262499948
4.88183999630135,1.03535365614756,29.4617300760833,12.0584356514161,-0.393680471093418,0.213133253983797,1,0.653332761024734,0.939628941369641,1.24703145348269,0.347220542152201,0.438069350150632,0.296364095851977,0.787686500494175,0.239301337293561,1.17625267842588,0.266843245576785,0.939656350361097,0.281596804869069
3.13419664508891,0.732318976758238,14.7913455265798,6.53997567544556,0.0590832088179968,0.623572265333205,1,0.57049396083369,0.579228573704598,0.472209304883948,0.25083451600456,0.820473274834775,0.25147183425839,0.619854228690538,0.240432719790125,0.372907614125833,0.298752657234808,0.607932987387681,0.32799185619352
4.35525370659221,1.05924503390452,33.4409004879401,13.8075433625312,-0.364221374421395,0.349008060924933,1,-0.047215727989522,0.591813337877626,0.819113442536801,0.237791514073073,1.08940529677236,0.30081439193612,0.909496419631432,0.367596867513605,1.09072104272164,0.198431802853772,0.719249019580143,0.271553484165666
2.76573616699164,0.670222625590221,19.4077941392374,7.61104392981008,-0.391367298512651,0.200817333380625,1,0.150960616865372,0.7418993941957,0.586135463207749,0.261058900772926,0.548989357483934,0.315973812493393,0.228766691360048,0.351295482278939,0.713638043847023,0.205253307747523,0.978997431297395,0.232543235354062
3.67112714377985,0.741469002458683,17.0238371535197,6.28804166630442,-0.115098645615837,0.304309275092713,1,0.649116212838294,0.330695402583006,0.678940418182883,0.235403779585774,0.21120116836401,0.350360182568193,0.98797531339817,0.200287609605231,0.776240152170289,0.236187432609611,0.73042301144268,0.243368174601024
2.65631647649375,0.56282948402093,12.5357616102994,4.76085984558822,-0.308499482035491,0.274078473818025,1,0.204213543289113,0.376437110234384,0.863279546379096,0.214333213448506,0.794284362451926,0.209658970196556,0.521556188071118,0.267397861495812,0.830973212807663,0.254560006124326,-0.287594659066541,0.527242670670333
3.33509449058837,0.618476507012546,15.6155856658182,4.93274450420107,-0.0798566795996035,0.383937426296963,1,0.29744313100161,0.416287957554531,0.699280556930028,0.243845522903346,0.640767566759339,0.24023224043449,0.484680689190005,0.303224288104996,1.01317031701816,0.184971983764095,0.78000301825145,0.201163591818357
3.16501762536332,0.777966252418101,17.7915917934268,7.506255029681,-0.190489800175648,0.367431717997505,1,-0.666840548469287,0.626023258034007,0.906931509482942,0.28252678627134,1.04164003832142,0.212690972580587,0.785121635371683,0.259325643082892,0.504303016640937,0.29693694222003,1.08521683903032,0.226748770371618
3.32565461674697,0.625596043103706,12.1770615344158,4.44576710845135,0.764179685682821,0.258063676083168,1,-0.337485041905069,0.734070077891584,0.845858135624413,0.246782350935147,0.75085941479868,0.199297557956111,0.472871465524791,0.226668364948557,0.636027334796992,0.235048856746597,0.90623960847835,0.256110200487534
2.83395900203393,0.585070943721344,16.9578046726496,5.9354591699177,0.546947223914397,0.572761974825517,1,0.364663642623202,0.521073666152514,0.737569896773427,0.223533056032431,0.607659975362668,0.187575134133151,1.01657597158587,0.190962771799755,0.950052527441875,0.226871154514539,1.24199580516613,0.227102127207953
2.52720480468471,0.56354818212836,13.3878256905884,4.74266422509908,0.432668202528253,0.410575641738986,1,-0.0160546899222127,0.43090770169766,0.682120343093188,0.162931458182888,0.0357084444148401,0.373466276491343,0.637456867502072,0.264204017379578,0.565098067794422,0.236893982671965,0.575498631356723,0.244366275567804
2.76179350821352,0.847135855776208,31.5628085350951,13.9681311454188,0.527654568121117,1.14124549104593,1,0.412230936976821,0.623509826174215,1.13564659965549,0.325366283895696,0.853574910917994,0.360123837851356,1.0515127503228,0.295157697586922,0.920152244051758,0.319182754339164,0.93382163626698,0.27869149787773
2.92528218698302,0.654122253211282,8.17041885153463,3.3512713395664,0.162491423974358,0.553086257912993,1,-0.714493453672642,0.515527223900542,0.661672818733279,0.245926871058601,0.808975665149872,0.225450739347282,0.483347378104913,0.240578204971113,0.582335624536725,0.231435842710566,0.853270393504384,0.237229340836848
4.05317773632461,0.842802233185292,22.2616814259324,8.57691440316369,-0.442907318971059,0.258492605121549,1,0.225824223429989,0.608413969699503,1.07472235176133,0.200230306687492,0.898217687031334,0.216413133893709,0.581456651159651,0.252719569189221,0.86071687764004,0.222561211177325,1.06992447811475,0.252443646327668
2.33817907279265,0.614929502198699,15.5493160490904,6.03091655167863,0.173500559752238,0.636760476284597,1,-0.667323269494724,0.752124850016446,0.559211994430753,0.27458590103396,0.645571625385085,0.228555043553038,0.294071725890328,0.270062869073112,0.400091753027208,0.299186316554242,0.992202530958588,0.224487813179553
2.08475932907909,0.628324089215926,23.1615624531808,8.03828195100053,-0.0735592560238048,0.276903614672144,1,-0.756038648631699,0.625492253552907,0.777696579259837,0.321509858942796,0.719900074251821,0.245825251046187,0.628948308543742,0.197759441637141,0.695174645137615,0.19926424190313,0.912319163265186,0.195666755547403
2.84995570777969,0.524301149516786,11.0906526137387,3.92915959295181,0.468658357263434,0.557916967194561,1,-0.523517651466315,0.684411099166902,0.637515726417181,0.343789095536553,0.527508910406675,0.348102713238633,0.807111195422891,0.190968733823281,0.452084814343037,0.245977665022816,0.737262047619599,0.152976813327095
3.26542172366597,0.875424952693189,18.7246875163036,9.45818675377397,-0.312575003532687,0.369465890706374,1,-0.458384430078834,0.674116421833838,0.752627098521696,0.318155533514689,0.587161038238694,0.259059135215463,1.05115087857882,0.30075684977672,0.801724517242228,0.313091671303613,1.12318788411418,0.316601086430932
3.47608565446619,0.804614532290563,15.6895023115539,6.86035184572515,-0.0463927225681794,0.385025194324694,1,-0.192286617479748,0.583157509834468,0.389706088018287,0.347061781626736,0.712538498240603,0.293192102199731,0.569564031495485,0.293732066973524,0.7237577187575,0.244359775332648,0.23461475975378,0.271039484664075
3.20203523377966,0.664643153963809,12.7788904649446,5.04074835893264,0.431893762719277,0.777531077581048,1,0.428356924600105,0.48152363266171,0.456919980923631,0.228932355725398,0.721813331981225,0.237055583436111,0.59262541461508,0.209830329363513,0.712520915738654,0.235010347979654,0.548148120108266,0.246170746025719
3.83194100944322,0.928199970085629,17.9819610731449,8.75817350549411,-0.385576325381011,0.327235889164369,1,-0.068822832440753,0.588783277157923,1.00785316384473,0.23736229714908,0.638648073097799,0.324668725803883,0.641198707638959,0.408054381237916,1.05015994488091,0.255405208467865,0.986510603514306,0.290429246092298
2.96520135432712,0.722859197520579,19.2080077709841,7.52641489179539,0.792398206982766,0.161740351737676,1,0.343718651640685,0.693889343954587,0.643426630489087,0.258085622362576,1.09056509009394,0.229693454772039,0.59189407120305,0.288455137876695,0.918745909645266,0.25671781997741,0.675638692115902,0.270485784654109
3.01229810574065,1.36516047472562,71.3621248411444,46.2526213810379,-0.25740619407209,0.559963082957908,1,-0.742737738414625,0.804611609638752,1.17391223430407,0.282090774849201,1.07090175393781,0.393745346842921,0.638793202583612,0.38969606851768,1.19123264232358,0.438963484497457,0.849130011316034,0.472076564310784
2.30438119017573,0.566137262924904,14.6667606182096,5.51510579303595,0.607470989661854,0.248432003157538,1,-0.106873169437053,0.523412880882421,0.629413439723485,0.239152198017645,0.697693188709183,0.181666047991427,0.749620665038503,0.309305415713045,0.586374870355581,0.237065933143583,0.53977111266606,0.337586448097292
2.84157183962395,0.53016518197362,10.7704327465057,3.76948824751411,0.286668145140193,0.44849483785583,1,0.335973537989347,0.538780506844647,0.639599171697077,0.19980360900053,0.297627530675374,0.241800245719439,0.652644966149536,0.281501428893176,0.705875608685655,0.205446766016126,0.23142314613374,0.277139207860916
1.95275801226066,0.593466514455376,11.7537775588992,5.23424608919165,0.143136258032212,0.664525596564238,1,0.125194471448448,0.566164037672325,0.9121960313452,0.249008214330997,0.349506246009115,0.315549986319563,0.598189746447085,0.289654941386089,0.347268381124805,0.304250023146575,0.796148683277443,0.281429430836416
3.45246938588617,0.937460217975716,21.5375642572959,10.3690247782852,-0.0513075947631213,0.461490016002673,1,0.0935728522069776,0.656050207849602,0.634282785956351,0.304252536676026,1.02565244347651,0.30045235969063,0.750764969819511,0.301898383333624,0.844896571541739,0.302890805496674,0.91982769662431,0.28405516209274
3.54121621196086,1.01982920383144,29.8446076459158,15.3931195373562,0.874910141791669,0.129443953746327,1,0.862600114482465,1.00726418376863,0.51285572511655,0.349750116731373,0.529981481284341,0.472731309640264,0.649567576158838,0.315661678038098,0.958112346770337,0.275988075857495,0.860688632794469,0.368691557110883
2.16634322278187,0.396144644156819,7.33512517230027,2.40832741179982,0.0213400485044072,0.33936302457287,1,-0.593316517295632,0.59006175007551,0.85311126895904,0.188097816358396,0.600040415686506,0.201916093039914,0.651986441870036,0.215085393785107,0.682327547048589,0.204298270292212,0.482460462436896,0.255896417748285
2.81865984268728,0.750508285064778,21.2735796086335,8.76050914970187,0.00297996555552007,0.601099529694365,1,-0.227493176632813,0.723256059367552,0.81579887324552,0.204182759508954,0.971114626723673,0.260137765158291,0.308924322904806,0.376095075383684,0.62234507897363,0.349398069632618,0.623658222328894,0.244522651906755
3.16727548086701,0.723027219777249,15.6935037747264,6.51222297969975,0.04153602720012,0.702405556311928,1,-0.705628101744057,0.615525568294455,0.757864641360097,0.251625479879983,0.457285939452214,0.243287911242521,0.726719123701114,0.231348839792841,0.662923618057197,0.258184858039771,0.741863127450167,0.281382583123912
2.27988124447229,0.616435068934309,13.6612630212145,6.12701374543254,0.496987283104374,0.999411328691137,1,0.640275377810142,0.60407312671634,0.215386427983078,0.275322454081227,0.307268709017667,0.249976623519963,0.666348337653164,0.202127621393157,0.326029504652376,0.318311498547807,0.523171282193712,0.39001592284988
2.18587060126258,0.540653176259971,11.724516382985,4.42836834616516,0.0101282795439941,0.431676054729421,1,-0.0949778669225332,0.517977432724219,0.644860488871819,0.254280065651955,0.525042651861252,0.217070152997412,0.435400480036971,0.250350335427167,0.792185124624719,0.233548173533315,0.831974592081408,0.233434990258807
3.33209394484376,0.923182909967172,33.818361724804,15.2476121371986,0.0318115408321797,0.596853522258815,1,-0.335486527819459,0.586869011029604,0.750905447420694,0.236856842109254,0.766781583209386,0.259622840199837,0.622761886949102,0.339574547289691,1.00276027292013,0.252701551638407,0.376236775213749,0.407094043351626
2.78451269582329,0.688527358079813,12.8339106802537,5.68978251628283,-0.0317262087516088,0.507006202853326,1,-0.418242511000694,0.408669031011474,0.739342879714374,0.260724067173788,0.680997105970887,0.268056095839632,0.451526721403819,0.270985056288334,0.52538044657539,0.24297101179522,0.395893180162028,0.342321369393396
2.46794999745338,0.701139674019416,23.2779714587311,8.96802928970765,0.59872460479273,0.490740345127172,1,0.0402913359288359,0.488405864671263,0.843577589867416,0.251985191698847,0.681003792433698,0.245955779436126,0.7657732819178,0.216217953365778,0.632301032991946,0.251920890481913,0.8746638386363,0.263454287452246
2.33756664246355,0.619916772349899,15.1533943887271,5.93957180712965,0.5384722220723,0.432776921443217,1,-0.88703948042337,0.597087555400258,0.808293299502471,0.217112361825907,0.347385908305025,0.259051168433194,0.674281192734834,0.234907087060597,0.887891395511156,0.288408273073322,0.642612632739521,0.342478003178419
2.60825225336471,0.680643374829671,13.6688848513893,6.02608445558405,-0.0776490304791169,0.236094828413567,1,-0.0606492077616907,0.665371256590772,0.812393111247232,0.29288444827524,0.811603701937767,0.231728170386906,0.475476963764275,0.200657919442249,0.421491999470367,0.401744056881549,-0.138164756210392,0.458565991904945
2.58962220515146,0.608912113487216,11.9743131650196,4.7728716401095,0.371422424934609,0.472968850999653,1,0.010190707346831,0.661920782649858,0.68889774065622,0.256216647367209,0.78731958806842,0.233437019317172,0.710515132468443,0.260542243655211,0.659121324847442,0.309933648678154,0.342459420152526,0.294567724191044
3.11020758844093,0.700214502211623,16.8523611508268,6.75190970632725,-0.134472016510128,0.337289332504571,1,-0.0856345619601719,0.757510490219794,0.807525352061836,0.274623942720594,0.520155732141325,0.255405160440525,0.593063452093348,0.258732140613768,0.847614543758001,0.253074503132148,0.552316897879228,0.248333571049724
4.61819967801045,1.22807505635074,23.7342627502733,11.0397126703624,-0.358762720430465,0.305178369224373,1,-0.864692760813282,0.742864114219029,1.1054226827018,0.310384073373737,0.75513744768718,0.366437470140523,0.973587770181222,0.290679125760194,0.92680358388973,0.274833556575824,1.05196526091457,0.29947763846456
3.11519881023776,0.911420671438373,18.4033292372111,9.52259567740028,-0.470396064058756,0.312966366888169,1,-0.12706593268609,0.63145068250379,0.937177706763751,0.340028335832618,0.58512791831246,0.257954486136211,0.295116836611433,0.394391955035524,0.846559727295477,0.304229152186956,0.955576610265849,0.2863083313787
3.32756581574079,0.83193478905313,21.647555202946,10.0240638129646,-0.164831211572417,0.402127237938106,1,-0.268949990385486,0.479503901129128,0.788155024414512,0.229843411999289,0.949946923508598,0.232173476658666,0.745164625443522,0.332348521479755,0.940520891302422,0.33786959731379,0.690948116890238,0.351716641735977
3.81878387489305,0.99920364069369,18.785252446469,9.63489998236658,0.928049515502512,0.0607895526575265,1,0.174973154171714,0.76292584090018,0.924963671686482,0.350798617113235,0.931336413093627,0.348786519603046,1.05473443074671,0.258108233897606,0.425479637377197,0.310946500011622,0.255436216166909,0.390507609247342
4.60701943028067,1.40773312271721,29.9923447282004,18.2737878768754,-0.43769384061755,0.401117366221345,1,0.353896863450661,0.570456819964846,0.54042033253268,0.317229505803921,1.03927985626501,0.445717783826029,1.31566025780578,0.303361083247961,1.26121929175875,0.346220560328034,0.99383362840912,0.32893570721217
3.10792769235945,0.956918487959456,25.4332533767766,13.4484953706822,0.167768110264677,0.728869894592257,1,-0.265180447576186,0.822673678547721,0.740899214632316,0.330919128099559,0.610970446254176,0.24888131424494,1.21739486313809,0.26705014099151,0.696679558929049,0.36507814640657,0.368871557343466,0.453385706080831
2.3687209111414,0.551171332087861,10.3023124547698,4.06982136774244,0.296279949878943,0.597598322918428,1,0.84295417418657,0.61646355907443,0.639450218312803,0.279012599436813,0.682598507080838,0.248258829638352,0.73891444396505,0.258790508773176,0.614643135533922,0.245404802098866,0.877041298946048,0.222875803040919
3.16012639554187,0.554302944392298,8.07908640169658,2.96941402548769,-0.124941291748665,0.247132840835139,1,0.758149747629365,0.338094693091421,0.571832608959957,0.26946376150875,0.776016077972778,0.236298255416636,0.945202280908054,0.188534321478387,0.45086361995731,0.254436138837542,0.622434310768669,0.262729858661605
2.82946441042997,1.01987356197574,44.1925093657521,20.5541159529189,0.00768276769607045,0.529799341971302,1,0.297691572698148,0.570598356591479,0.8276479624478,0.351524668973114,0.731434575046263,0.317946548332676,1.30970904196293,0.277400959106801,1.00395982416946,0.250264160761385,1.21103359419197,0.290801027990669
2.57230926429733,0.678236878802431,13.3803396919631,7.10208801011724,0.039779225533765,0.61226441191154,1,0.542935086690545,0.50836326224379,0.406393285022154,0.295091803311671,0.82196932176784,0.288354599951135,0.318462534756792,0.328426154493173,0.490257825306884,0.31775837685495,-0.203384409380299,0.463181818121726
2.7435196938324,0.564957920921851,10.0303320324174,3.81091614502955,-0.17932557156641,0.359536265469565,1,-0.337225392997223,0.33702786995187,0.678581302028067,0.21440622855381,0.720961825250431,0.216660302792755,0.807493905995716,0.238546886009523,0.631074198948147,0.290146671605128,0.45569501481946,0.251489259236812
3.51367145191586,0.85075716122244,18.7783518424987,8.73261097390766,0.0486473350687469,0.64619712226235,1,-0.892004007310666,0.947530600905154,1.04119493881817,0.388572573392772,0.411554916256702,0.299438274712362,1.11688161223234,0.217982659906201,0.544489500688584,0.252799428091266,0.243288304952877,0.355834471207509
2.6052083491838,0.532810465021949,11.1927177462803,3.80486243117664,0.146861483212095,0.46282154316861,1,0.137183718191627,0.401537903811915,0.556323542403824,0.211348731009148,0.75955473073836,0.185884447185025,0.442728045157891,0.249665817686034,0.486069191372092,0.231520922995495,0.571168675468707,0.227151588049319
2.78776509679367,0.485398299459236,10.8409037235399,3.41675572121332,0.0718203575552424,0.372182209439215,1,-0.728526072711477,0.490345855949009,0.854629468982775,0.234100018175265,0.924603056629837,0.129566005389464,0.533218840727241,0.198002786045893,0.856347241871709,0.224574194946327,0.416138003706643,0.30000223357144
2.48741357175682,0.630137818931035,15.082025940464,6.10791685160473,0.300143799148361,0.534894247732646,1,-0.503901635429855,0.399875692377505,0.622652481012268,0.205234004803767,0.532379905250724,0.223681400063252,0.539877153601423,0.266489291211827,0.642614624817707,0.275214578724101,0.417770930230988,0.266123244165975
4.30396391039798,0.934755026133981,19.8869955899022,8.82296391690305,-0.374393004517876,0.301631179284148,1,0.354480248858582,0.751824688208885,0.813409005453108,0.369280822363424,0.661314252186906,0.279204625739788,0.926167110806891,0.286538398173514,0.644176817656009,0.282530465605218,0.928255665523135,0.243673874319962
2.6818292027228,0.504619276222591,11.8270196491807,3.8109862127746,-0.0708350046339551,0.39618869403541,1,-0.317769572438913,0.371239724032518,0.58048097992627,0.234008345820842,0.723300117337069,0.188716742672137,0.980929833920216,0.185699164124622,0.675344026002381,0.238589263005185,0.778246580032152,0.223569309176889
2.87524153847426,0.679343425413877,13.3000527001846,5.28680924204445,0.291658734525554,0.961252391389909,1,-0.402590756568077,0.553364365520776,0.655264516006941,0.267589140686422,0.571176420571753,0.281576147743762,0.965461425234699,0.201382761896589,0.511876505762141,0.252147208221926,0.712883574419397,0.244750892295041
3.95641957421882,0.981733258383183,27.0605624234887,11.6888423925499,0.258675326956743,0.717070015210842,1,1.36138285203433,0.719828595897264,0.465764298446168,0.333155577719537,0.555253885024961,0.249749890980869,0.653024991321264,0.292253011434883,1.08255305465898,0.276100330623761,0.964695304820307,0.278821779627435
2.63464894411346,0.690330785214263,20.5095859491824,8.47104156142279,0.219908380414618,0.654613285187474,1,-0.413277532161541,0.69340761187434,0.730351902928866,0.321156082259686,0.75475076740313,0.251477089995129,0.683540402281643,0.193292039952965,0.865664836047497,0.206971663296497,0.526372201014404,0.303943937685197
3.87342220136008,0.871288848511365,17.3125966361512,7.41833859122607,-0.246853858064074,0.300228158968113,1,-0.447268948446941,0.614142725619039,0.964026071803152,0.269906429114995,0.574207154176184,0.276581531812222,0.563984246978465,0.322274589547267,0.70631416198331,0.282510138506651,0.69636109685299,0.222573679926605
3.13031985684066,0.679701903675599,11.2287249608665,4.55529791730255,-0.399491136313465,0.251631431313233,1,-0.0303652137100161,0.514486615276764,0.879749220373292,0.256866876744854,0.66117804881091,0.253366790131644,0.551979655447208,0.245231271688865,0.821412539971939,0.285629514030955,0.86247345849399,0.241012089820221
2.87401764448412,0.566783722729159,13.1165100646497,4.65669982109366,0.171025800352,0.446809702479025,1,-0.501476831688084,0.392692430211449,0.686983359806937,0.169464009877406,1.01161770512666,0.164656302539825,0.4245760274963,0.222978350695358,0.25145206845737,0.314409827985962,0.141668187084238,0.391540197967342
2.35604392330494,0.626621534083149,18.4305126304239,6.95576316930209,0.69461809045659,0.374410152455324,1,-0.116457669464425,0.547626840276442,0.86045249205093,0.277429106224176,0.851285319270128,0.220124556350202,0.533702617069159,0.260551600033662,0.96846557037959,0.192168430311873,0.609937613079153,0.335499259908895
5.92970680396805,1.15478067458293,38.0834708578291,14.9297320152152,0.710724164334948,0.331171294719003,1,0.138179204392313,0.585919966874091,0.95641590082663,0.178070703290769,1.30909920015898,0.239910651336244,0.967425083762581,0.224781091102171,0.891577046416064,0.307979170399708,1.48895111297067,0.268227249566151
3.72170929623323,0.936060584994672,22.3791849424791,9.70972306703213,-0.175338600936701,0.290683313212484,1,-0.748767115944341,0.592901596261174,0.558154733674583,0.250309511011416,0.77189114179308,0.2756679595138,0.90606389248265,0.258966158888356,0.520180037511231,0.380089698503409,0.227149457951303,0.452174198814669
2.59680256231817,0.548347200419256,13.5019306973587,4.6056866220499,0.137557421067288,0.397205786526745,1,0.406572215962918,0.580841869078583,0.490314580798087,0.253229786182137,0.56805844006956,0.231324751433166,0.907608347157957,0.187650170461966,0.656809488299331,0.261663612373357,0.765377413374774,0.229608140771682
5.14321761361849,1.2330676458953,30.0845749482984,14.6487954967358,-0.426422912831578,0.275539439182651,1,0.0335219474390287,0.705361890083571,1.29886115028685,0.296008560058743,0.618199462376561,0.393726881545883,1.30767112074215,0.232514601580202,1.25073145692159,0.280597519938816,1.09548829363046,0.257072518089535
3.72368663160048,0.959335178710297,21.2696181582902,10.380660200631,-0.445588939852464,0.245661362654249,1,0.401024420732162,0.708347357883152,0.664168768616415,0.24777922520736,0.392656271196503,0.334834964507813,0.826543964611127,0.242083493210721,0.498897717280045,0.333566824149058,0.920895162847866,0.345986071412991
2.32180160519888,0.485955449512503,10.3180422392578,3.27393335973436,-0.305398824982338,0.219627721850268,1,-0.246955446855397,0.499966381211897,0.668779305334431,0.209090887359269,0.758793872024542,0.181809670278977,0.521773239992713,0.229184100083775,0.925875299150802,0.210750166505385,0.464906724160659,0.274395042405488
1.97465306217502,0.478211902565156,9.62718386127216,3.75908024606726,0.080477933096624,0.521424700190125,1,-0.45197215387151,0.417784868635966,0.7524078240372,0.195198308711844,0.661192844846149,0.220954560175244,0.501195609562986,0.240526756948646,0.625834657899113,0.275010348222105,0.522635616701872,0.317940306411063
2.52985321661977,0.631411860142086,17.3994897111253,6.27965424387558,-0.279461127483598,0.266671642192218,1,-0.303058073006087,1.03823936998475,0.798458942942416,0.471214184355947,0.740271913124124,0.238499130635103,0.97945702860849,0.225547240292096,0.917580378313359,0.242582077081384,1.11231868109253,0.26971290387992
4.1727514267413,0.877569072737109,20.1793790039025,8.11751073961889,-0.58040591290834,0.16666271971842,1,0.176621003678516,0.650893672256437,0.953120430377368,0.265200589140278,0.877567807412391,0.224586641701026,0.582470614430033,0.287563280071693,0.843537472997295,0.285162547967475,1.48939915121314,0.195631431214803
3.24312651273376,0.65734111390873,11.8160010854182,4.41969720985304,-0.0724887382502897,0.473162010860061,1,-0.971704340355726,0.413063128580094,0.745332372394723,0.229962311129904,0.899815092089769,0.217755681390489,0.432944005398073,0.260898450869463,0.381187232295347,0.285485969245994,0.645511466472922,0.278567433513374
2.05879255294808,0.489519299220801,9.66725026889346,3.8161880746973,-0.380215239405717,0.284767206629957,1,0.357946600370999,0.470288240433891,0.37661013757743,0.221091000474472,0.547715999063731,0.253102113701095,0.589565277343368,0.231665976595507,0.686137147900795,0.2677488935811,0.602873725662118,0.241187647439665
2.94629057310004,0.562884800917079,8.76850126399196,3.38440704363248,-0.330087432977606,0.29353709544068,1,0.677821208502893,0.490635554742129,0.696068778392305,0.252343239293488,0.593780735024151,0.221921916647085,0.120489864571771,0.317076147193113,0.977931639650092,0.240677125321033,0.952851095630287,0.240964756550364
2.69843802278287,0.557255017180349,9.28396670100341,3.22803212418401,0.470747417442303,0.674015004699521,1,-0.8168727514097,0.549671816415052,0.917816139462854,0.185039718413475,0.297374674050121,0.261863167462709,0.388427745811263,0.284114659620312,0.792350053810417,0.227301011794792,0.408300350060868,0.262979013364182
3.5019113614372,0.780983882903322,19.2895737624721,8.04327757632952,-0.419438273726059,0.385589454787676,1,0.123028627048807,0.617366047618543,0.602712822190053,0.303932568834136,0.793461349128029,0.26008394677682,0.141476198827509,0.370640181640178,1.02757421422317,0.234860700678029,0.641523185561875,0.242647034975667
2.43587926086754,0.526705428301133,11.5447545446052,4.31399137634926,0.657206972873633,0.327669556854881,1,0.150838319254212,0.59964973324202,0.896891845803738,0.143308183788514,0.219534157374371,0.249144358935185,0.543268844599542,0.281564702932725,0.551406650730316,0.279820255288495,0.799640764675437,0.197010727866969
3.1821224329914,0.716374948950912,17.8056578577709,6.84254508627413,-0.119669294646954,0.362950751030876,1,0.173089703421852,0.634858156644902,0.86613958747822,0.236639072437187,0.930944503866817,0.211830926611809,0.280900117654492,0.319640385808869,0.968099677649212,0.242878513405873,0.41617509031366,0.358885210102827
2.63970214924494,0.811965032544865,18.3244029043407,9.14385147007399,-0.352140604874973,0.348012350548321,1,-0.85226637610817,0.671451527883504,0.825145074008569,0.257830926979113,0.747907605065271,0.321294608351633,0.65933001418401,0.356697737395048,0.940370510126347,0.278701695733499,0.837757984882056,0.296627473690669
2.57286047957564,0.681809895037871,23.30672704052,9.30275349691117,0.467978688165313,0.952692712236528,1,-0.374402627909696,0.572879467594461,0.656363736965187,0.26346027646337,0.901297601415842,0.336186415778127,0.298985626983666,0.392237887195353,0.709650563993036,0.251170064107677,0.553304487637546,0.266131481776637
3.02033190303401,0.539459299075058,10.1205700609353,3.39503487418017,-0.102104808998787,0.325185859583003,1,-0.296585864685027,0.411280315859564,0.885250139032789,0.180614610426553,0.186163721856506,0.283251579387451,0.76765577002504,0.213031504065099,0.498388786369255,0.220848423137071,0.878319811735338,0.215336748175439
2.34777011934945,0.602579277502325,11.7065794889266,4.82524824799006,-0.128938971564455,0.376797436646004,1,-1.14005782800443,0.641371866823914,0.856713022194128,0.176516244816933,0.712502494999578,0.241377496016861,0.569084970917735,0.323928093485942,0.558811813776718,0.327028730469497,0.183705245997714,0.343078490730052
3.8057363830362,1.03500362307067,28.8784887431255,14.096236740534,0.634983669280881,0.908657529661883,1,1.42913853957163,0.815296488432012,0.221874702812443,0.396816182169779,0.874258355596999,0.329565483724095,0.389430668350818,0.395164110175538,0.692873303574918,0.316623862492453,0.917987946660529,0.251331424530817
3.17961547462335,0.725478753934161,24.9345108420648,9.35090885284714,0.395814313835499,0.754393541059337,1,0.165877937744357,0.547995878908942,0.558160046192442,0.261547467821235,0.856845826964552,0.271342077859611,0.61522151413612,0.244493763768645,0.725713002564356,0.287519855343403,0.83029690038512,0.231624398612338
3.76676763316202,0.839036732269906,24.6100759409477,9.51020476802403,-0.0688631365480726,0.542191850877422,1,0.590946599463556,0.515156353445273,0.594445845328061,0.247776706497679,0.960320621576176,0.204472040862934,1.02025602327957,0.259005352536867,0.712129549737654,0.313122418985927,1.18642485038709,0.285000354184692
3.00924938154142,0.752057380070607,19.1070419985113,8.53407027461882,-0.0285846416477995,0.470278454893284,1,0.149748617667027,0.554684501605301,0.809659545231422,0.241880195808848,0.564401444157801,0.232518470680083,0.838284711075616,0.325562951982571,0.377485664400763,0.303526753545765,0.988556103849704,0.276110415658308
4.23885105054987,0.825048458465765,28.2137068208163,10.4379025067102,-0.26069414975185,0.325196314862827,1,-0.206180582777923,0.498783533405157,0.917939034540155,0.217493491225997,0.365760366206301,0.327177936095253,1.06363746275768,0.240927551776364,0.940649182402335,0.208754148657029,0.797743653614943,0.274646693259385
3.64525003792709,0.885703879543318,23.755336306969,10.5137974016757,-0.163921782659386,0.307266279787561,1,0.0816701447522012,0.728265503931811,0.940584311114933,0.306572785043053,0.607238755512795,0.267055985559889,0.807129288260627,0.27693013186565,0.581967414859479,0.258473964010149,1.17872480315046,0.284697671479262
2.78828984392608,0.629216244196573,16.3960183155545,6.35438077335807,-0.27732223089207,0.324498137912712,1,-0.113779502860945,0.580281676421931,0.60946299288816,0.233409946435054,0.807398151941172,0.240564730761634,0.545389489261232,0.275956013863118,0.678204312934036,0.267124100607135,0.60850755317955,0.282763543290654
2.56996156050339,0.555440816255832,13.7590831248436,4.88215696106007,0.0574250234344425,0.35958720138718,1,0.0845240769691025,0.43873382877899,0.794861210619289,0.186648152135109,0.652526934084922,0.201491204037153,0.698729980758265,0.268726055117662,0.678387025844604,0.258262753719,0.773159961435976,0.293275223571202
4.1951376960794,1.18105973211403,35.0681586735166,16.5634881648696,-0.74616634020754,0.127415332917664,1,0.883064635654749,0.711065878841792,1.15295967051972,0.235571381543154,1.0676378895672,0.295834639825702,1.04193647284362,0.275629111446888,1.28647770024308,0.308035318833804,1.11731993194319,0.344514668953359
2.83648776777419,0.680158787023078,23.545713154087,8.18293157891055,0.485708537906078,0.486496505558025,1,-0.975828093711861,0.392447555375354,1.01363675112074,0.145194649917079,0.552074546569275,0.268125591461888,0.896917520876893,0.241192566901778,0.589363612056436,0.196497311781377,0.633458530916305,0.311245182619347
2.39551495036668,0.470203847906466,10.2028762084404,3.35653350918204,0.12880434908583,0.375013247531082,1,0.700960687129422,0.501105993464658,0.305113126563948,0.223480729766131,0.552273203833331,0.181985723893327,0.608334275348863,0.230441185405668,0.684103179052827,0.246748950951158,0.288788544441043,0.360610670895219
3.85986946287905,0.712553761097658,15.6051937498172,5.40973594254802,-0.000147868714881217,0.426788482279704,1,0.499763565142802,0.501087433178377,0.985656792073055,0.216922206768758,0.661113590938177,0.212717808130631,0.849434235973579,0.208388727543682,0.426622114593902,0.257532335795589,0.911001020786732,0.220131511969877
4.06295752779656,1.05936593771291,31.2519196072583,15.5886166882498,0.343203548293724,1.19192977235522,1,-0.429305330810754,0.841812368277935,0.720588576493842,0.305803787975864,1.04928479653171,0.289142284368555,1.06918271659758,0.374827354731689,1.22866571820332,0.256899349363766,0.872624250676269,0.297116826214882
3.6341540572074,0.738235828187289,14.2038882336845,5.51016141878746,0.1949152403638,0.565178774239984,1,0.463973547725861,0.518121856196109,0.663191219980966,0.276399143501122,0.569543444997108,0.221164558735233,0.632151068912525,0.234684877329269,0.859701219469461,0.231142252837616,1.01787080822925,0.227795251782409
3.4949218297958,0.584405385590195,9.85690646670403,3.2624358805297,-0.346874204293507,0.177548849625584,1,-0.432617658000256,0.517332616814409,0.913157281519833,0.228062746099082,0.693813305724948,0.245426620394545,0.620435117271331,0.205895480038745,0.714935510962203,0.22837122588114,0.827225349709014,0.206946739780365
3.68005022896748,0.879707274555548,22.3912987915687,9.84308968433365,0.346299878224686,1.18246402357627,1,0.477424305984483,0.476689095040754,0.482183761227533,0.267151080336127,0.689491357607778,0.303721445186066,0.865415931668169,0.250531043970951,1.24914135804122,0.276554796330054,-0.0744418202579727,0.545351003434595
2.46775500972399,0.665274198502583,15.9892711918277,6.76820258173776,-0.110207287901485,0.363626342227618,1,-1.30604555379766,0.544266666308844,0.574488640352363,0.230926919495734,0.986153771471703,0.233394158784299,0.606775728959003,0.266057425658298,0.183295966956175,0.340220520719523,0.675014541774826,0.279202755082542
2.34433628138086,0.558053633129859,12.981347648288,4.81127396643675,-0.0109362127384315,0.399212620199183,1,-0.285652720988863,0.680596087344743,0.468281799014125,0.248129653840117,0.795755202345547,0.264515114864194,0.63983414502556,0.312339626415285,0.464537109551677,0.240308215637915,0.696538483616803,0.188769912516488
2.72670405343434,0.654007598994641,18.152885514251,6.1578340205222,-0.0532356476805645,0.457184840903172,1,-0.419629636900968,0.473834858612066,0.910753383029911,0.203055329301949,0.756919953665731,0.22207262405765,0.61812871085827,0.218224604335902,0.837845909868822,0.237308942405428,0.767087822885662,0.310582214127061
3.34731406696138,0.765509121382422,14.6989792003836,6.33487193109337,0.0464838445583006,0.454201693061229,1,0.42055067537038,0.527304197961441,0.653824179689446,0.266253775293865,0.0936408340573782,0.361448171465341,0.997547749232801,0.271578326755616,0.896564705217814,0.281881816639981,0.789033088661173,0.232495381509011
3.33900129955058,0.910976194524733,15.5262423395476,7.92274188391698,-0.0523841695816132,0.639460818067621,1,-0.19239072385254,0.4893106147258,0.767623965537624,0.237177740187803,0.677853437176838,0.294671219317188,0.63155364145271,0.332476839581758,0.974776629950815,0.335186701657604,0.519013481135254,0.375811442024215
2.86038040542404,0.62915618090025,15.5155262054094,5.62425433484913,0.434866243060444,0.758924968363458,1,0.131699072152218,0.555624623519021,0.808064707559537,0.231156775770588,0.857227688931596,0.186516404382043,0.37777494878912,0.369020830392289,0.494918947642671,0.298103249520949,0.671461581722494,0.227493194440788
2.72995477604756,0.639658059275878,13.7620826119219,5.12349351196565,-0.266420371216894,0.293643381053045,1,-0.215998187963862,0.505908560210726,0.997142726288642,0.193359812104983,0.606950263696377,0.2340057735101,0.83635389914536,0.19515329775034,0.504113798018986,0.271459359942223,0.778400536752521,0.286923103032574
3.13451650664943,0.623202440882699,17.8409576513825,6.25222658396348,0.434887327430171,0.468737168481632,1,0.226570962938082,0.493479289663091,0.566701641408943,0.293758387192641,0.787728579211487,0.25363548248187,1.09470869796284,0.166170416502094,0.613538630820333,0.314112918976181,0.881399202576555,0.242566134544244
3.66076019698905,0.789492912488347,16.52229890476,6.71185756970153,-0.17540762539926,0.344126369108563,1,-0.0836270420288622,0.442519131746488,0.419112016484517,0.293986418217157,0.912092346366521,0.221162665065329,0.752775220482161,0.259821988304845,0.814165548921009,0.276867842581316,0.7079445365022,0.252283304571713
1.82476184854014,0.596585575988448,16.8437952024079,7.38862362652043,-0.1272137750113,0.382886913419042,1,-0.261997511807897,0.309510679684902,0.532690475687723,0.246570767914626,0.516290541300166,0.304064367728997,0.773151886772243,0.318530892491583,0.906466114276254,0.272130373534731,0.700680674918481,0.326144947878021
2.14314115798992,0.572525825939386,16.0055778575379,6.55055348392549,0.064156294453358,0.495260719416769,1,-0.431026111859585,0.464654382617042,0.899175611160422,0.189265727869195,0.478258004058305,0.365708461210446,0.962287944513042,0.2784798696034,0.601761225754337,0.21646593200241,0.156368963958182,0.335532092820598
2.03538366638439,0.575569845810386,19.4368262431472,7.16672628979887,-0.0049754070837255,0.434439026207825,1,0.0037135128832825,0.325504569408331,0.532526957867099,0.226888441754655,0.846184461838294,0.2140358195916,0.665985892130741,0.280700529929886,0.815857678343946,0.186569993484143,0.428233437386252,0.296918983762864
1.616342752021,0.428562623159703,7.55457743156787,2.857371283666,0.160429618726192,0.70177304587865,1,-0.479733826743127,0.513813622192288,0.532617958705377,0.222490143059867,0.821117873250643,0.182325764501875,0.382805368008653,0.286127113650092,0.541215075002359,0.267125411063499,0.336612027086151,0.300511934977055
1.58468530478153,0.490432341964335,13.3964683957775,4.4200078210461,-0.169692525378731,0.241631566392854,1,-0.80564006421109,0.41135947746506,0.825928722530567,0.148821153830446,0.555590932500277,0.22662652319768,0.600727471143552,0.27384463201601,0.57540043835383,0.245512844300927,0.69670979216359,0.299986616844663
3.06558124190675,0.634633850315709,15.5072685204188,5.6833242659155,0.362773870448624,0.555964277173538,1,0.392508415754709,0.461071265652841,0.457642231869753,0.288499502195,0.455306302315914,0.2700346706859,0.545283398253131,0.286956558374569,0.835561804622259,0.217894128327518,0.695493626663107,0.276852102370157
3.14303560230665,0.598931498982794,8.99253845451542,3.59171393726816,0.290713109418239,0.592437674044302,1,0.253759995110813,0.438871759350199,0.513647191259078,0.258997801928073,0.447759878324295,0.211786912238539,0.573223621139989,0.318082516316135,0.551134381855411,0.251220650108323,0.398685526413813,0.333793611726747
3.40320937870922,0.605079003132346,10.4715257076376,3.65510902958308,0.692158426956961,0.351253989403328,1,-0.331887007950724,0.658593456013543,0.831742469465995,0.267127309455376,0.375894362824028,0.220707574350332,0.769783612700305,0.201209765676413,0.696001318216419,0.248195036888114,0.516904795045917,0.249294474461
3.20734264538289,0.575334909598698,10.8187241219307,3.79713090358008,-0.131020436387346,0.245363887619294,1,-0.868568870256655,0.484928287065488,0.977849070274565,0.213747831101752,0.801113451843325,0.208439607680992,0.796068946162192,0.224851901062382,0.0956459151196596,0.335910774837667,0.701975329849061,0.242136984925707
2.72212437924131,0.546516931075854,8.54649610071324,3.05994822480513,0.339889027733986,0.532595854123836,1,0.023318049735394,0.435600411540598,0.801952984153673,0.154582701128789,0.360040588224104,0.263074690306719,0.8424228427354,0.201836630861099,0.517152913773734,0.228528273262364,0.69826900155531,0.239436072421794
2.95249506958045,0.523027181672955,7.92283352395377,2.68862817955875,-0.344634726429686,0.229330948164272,1,0.30193183796876,0.566416630824899,0.542401122962504,0.222016035149915,0.769173471070892,0.206693854075978,0.377325619967413,0.337270901410106,0.881211097516246,0.223009991392692,0.477894460994833,0.184453855665821
3.2613257995273,0.777700934825472,17.4963840875744,7.18851179625151,0.456943434899297,0.988132819030645,1,-0.233577523885874,0.919336989903227,0.832533276901804,0.346570027780033,0.484411661672189,0.248825316697184,0.729810888479232,0.226398927200583,0.396505104316673,0.275564656651836,0.685671459520294,0.240424528812956
2.94934460017453,0.783369887039689,16.1853545559068,7.94285374015649,-0.228259200913921,0.43059170313066,1,-0.498795947630534,0.811886217483165,0.803565118351555,0.358612173145925,0.835312480204183,0.311358116872701,0.863726483318787,0.311119196209242,1.02494470690131,0.239989171010508,0.763124950546798,0.353155751942624
2.9614447881162,0.732133740907888,13.8460043183492,6.16372507278446,0.0008251857831061,0.408641179344248,1,0.273707411924059,0.711529524201522,0.682775046297487,0.262080865158025,0.611816892095883,0.221564606001431,0.529536068175538,0.304700238380484,0.313704565060247,0.390444015025093,0.0412091125961437,0.374809213794206
2.61803429477869,0.512529801117145,12.5398401032292,4.4013668061423,0.463447497509509,0.820676730820313,1,0.43652173764664,0.484276207115651,0.815266266610023,0.230871746333153,0.531914355217602,0.222114984927429,0.103290783619802,0.363079453189646,1.05322643165525,0.161988710821114,0.578629448632879,0.281804006611778
5.29776615210767,1.5720795945067,44.273686515981,24.620055530776,-0.424153082769606,0.351914513933474,1,-0.86393611952341,1.05144026394945,1.0151829286966,0.325392784492243,0.892709169146476,0.375058756960361,0.879027631346933,0.431474275092521,1.30282599417694,0.30723866774759,1.1412782611673,0.289745962800354
3.33769701744011,0.767122726257998,14.7584970217544,6.76063175100191,0.245094129724354,0.913994462661844,1,-0.195821996932441,0.538477029956561,0.733020749393034,0.351799786589925,0.419948105799506,0.364934013928089,0.704289374555702,0.26199401681031,0.817876976449023,0.261904659170972,1.24966841006682,0.213263029978376
2.57688309191153,0.517106342727003,13.7478461980879,4.58269626123343,-0.169437927923218,0.380694915467665,1,-0.361391940115753,0.345661060915647,0.504275519361393,0.196581064972,0.873151657293797,0.198508650905632,0.607161646477601,0.224967491658828,0.0975601593817388,0.325859475895653,0.784648149417646,0.251683833847632
4.22261576533835,1.10964085436019,32.3923573219286,15.4992480284194,-0.379686809980263,0.377417044724117,1,-0.12716553786607,0.7085494755198,0.451933489361168,0.314631315304732,0.929937599745133,0.243696894294486,0.637267446760336,0.316743842626978,1.1658310468703,0.316491954628456,0.657261300481035,0.31806463409992
1.63769142101612,0.416192022035917,8.28186841135772,2.72197637344233,0.172924950140618,0.527636592691865,1,-0.174108369637361,0.427152540760866,0.659564330721055,0.216301782144169,0.432045838054102,0.211917842336894,0.830916756465946,0.173591405416886,0.574950542708227,0.21446799021302,0.604581078945027,0.285363767634432
2.59860869184127,0.607349027145543,13.9902134835251,5.23701654867478,0.613622307817982,0.591185688812587,1,0.441957951795684,0.62726729810236,0.225706251378585,0.362406040436355,0.650828461473771,0.265244928411368,0.631247123063162,0.203504210636447,0.656876832963542,0.216240004204866,1.00177057078607,0.180973422739228
3.22961454866217,0.75567079888987,23.6643212831486,9.0434932882884,0.683240197571478,0.324164463749949,1,0.22862045271157,0.583108195023975,1.06371298024674,0.168701452337829,0.101383338807918,0.294952563803223,0.448057870330613,0.368710773441927,1.0086606933802,0.231036799604964,0.570401492239109,0.387210810399946
5.91473117140402,1.33773154847465,52.1634277081621,22.3900132899786,-0.226191508979929,0.351043265846505,1,0.420030240638535,0.782173007265828,1.0462596507455,0.266153577689555,0.883241742366518,0.286538411101121,1.39161944117463,0.257668537590904,1.47063159494889,0.205376466472947,0.68651620702508,0.365636080995793
2.662773104464,0.751893702956217,24.50098213674,10.7189332196862,-0.311285865924308,0.241821897239549,1,0.0149490351162391,0.461569253970039,0.699422143784062,0.251438825973114,0.69943354334269,0.240099388190329,0.695843488472011,0.330233373060113,1.00092316526861,0.243248221641604,0.405886223134405,0.304039562861865
2.73325827600914,0.632855640548217,9.96931110824691,4.47186627908137,-0.197446476294009,0.322712062983946,1,0.0808890481636022,0.595583666407401,0.759055144210851,0.272864734259252,0.440440825456328,0.289701497797585,0.603337614714159,0.325121430278965,0.575230827984642,0.209715916874498,0.459815838747754,0.332208309595676
2.09882244939828,0.380189791371516,6.92618634535319,2.20492955386582,0.66028927029336,0.277260337781637,1,0.124846085656916,0.454609124140741,0.586123191458981,0.261305765085651,-0.0566300948120424,0.302743511270839,0.672599115359391,0.136879166870761,0.656152421800618,0.150899399970205,0.513362109597153,0.227805521379894
2.37244156226388,0.438013420242041,8.63992397010605,2.62704790332942,0.318204283109142,0.46353254140552,1,0.145841413916178,0.390137568299796,0.265374081321732,0.230438934975778,0.725920740581294,0.204117844358607,0.378275253193337,0.176976915066943,0.794933107532879,0.188034624141819,0.436660622081914,0.242815901431583
2.26283001997151,0.82258491486561,22.9993368884908,12.3214601845861,0.370445221810095,0.690146957443542,1,-0.300518818910087,0.410751101590657,0.291845386023518,0.289249738286629,0.756892107443827,0.371109014937644,0.556654603531416,0.3310664608254,0.487335591497779,0.347032822209965,1.13881412335347,0.274217144865425
4.04581684310589,0.994460112605726,24.6044139059882,10.8963365412229,0.250641137964304,0.62061236847436,1,0.259376164107692,0.620042573968923,0.619312534024823,0.301867612646346,0.375688845556522,0.313521945830892,1.01827572474221,0.195764699620184,0.69941311113087,0.423206843549225,0.334786836875054,0.289399730249849
2.04021555496927,0.522996664125094,10.7760727950434,3.51865858899248,0.339035972491166,0.542341557887423,1,-0.279405512384287,0.44835198453166,0.728112434820386,0.193807019753969,0.479684776859638,0.212378273454349,0.473990444175328,0.24698588654636,0.564020803968285,0.234062164325832,0.484021780284066,0.248712138778119
2.62096450655604,0.619247497794632,18.2130019101075,6.35515094641334,-0.103602542399689,0.383631953514302,1,0.259844437016328,0.438235563377015,0.880311117617476,0.238112694878627,0.491154392971023,0.263916965690101,0.945422696817608,0.180463268818706,1.03207907082482,0.203161288901774,0.677789624118996,0.260366782828253
2.33866465583256,0.563064670870052,12.5011889734432,4.92212782227015,0.0627834970102331,0.300233297251159,1,0.294401711832908,0.466205955950857,0.515835486998116,0.232055677425192,0.639937724018909,0.255944191604943,0.397397837747246,0.29298703249317,1.03693922723974,0.227876477933961,0.488424207720434,0.324807550863416
3.45381899057045,0.753502605088396,13.9661888700457,5.59821320469725,0.463199064501631,0.881161294632787,1,-0.0314446889096721,0.515670999444549,0.511472446676238,0.264607547073204,0.704226042444406,0.23855558763478,0.658595168691124,0.223184884436361,0.62898326348523,0.344550515320067,0.793865277808076,0.312430712641343
3.61453957888719,0.632348986104762,8.05096390121639,2.93190297188133,0.564751967314913,0.625070037626003,1,-0.257749306301563,0.522530824052428,0.847414948952363,0.184954404617613,0.69561882708166,0.243511273401468,-0.0682904559616517,0.39035474938328,0.75665609601087,0.267495449110029,0.703190638491055,0.249358104033702
3.57979910012634,0.659519596852534,13.5808387629564,4.89062228740595,-0.362622022027471,0.192917850550579,1,0.642745170351011,0.573310294990819,0.733153945251271,0.255343322785834,0.798640980696557,0.204300580729768,0.895701965694073,0.163569972668211,0.708912501994242,0.281369312539729,0.648800523512462,0.255063018643393
4.82804254079337,1.11905581915387,18.5248739567353,8.72897254136508,-0.114569830327629,0.586319373703505,1,0.413684689696971,0.622819047359482,0.834404684809029,0.21497002001412,0.558376200075778,0.301785813561215,0.677022787610495,0.314568500778773,0.419806365004354,0.38072391160728,1.02464101805523,0.314268702728966
2.42083544568675,0.519315150520442,9.84887137937296,3.57840667346221,0.158414469832408,0.590631688839876,1,0.357356765878051,0.377651240367261,0.656411881871362,0.193334577535068,0.544113630317962,0.17945734354338,0.116402467601758,0.281046403247689,0.555189543946993,0.228121608386343,0.429877036944329,0.285438613589202
4.69664037930984,1.17563793196547,30.9058011292311,14.1280139800644,-0.0926828713456207,0.426177498566229,1,0.106773505508832,0.568405599684027,0.901301890222783,0.267112584487442,0.925488317440533,0.296464208131118,0.520779608784207,0.345510716439941,1.02955945940822,0.255386195860774,1.08703107452453,0.296669772960177
3.30255095981646,0.796199515659291,21.9685614263191,9.26217938542359,0.239445488477256,0.77438321795871,1,0.245036962582249,0.490490766383585,0.801248652073795,0.207899583764389,0.96965511028729,0.322188576912876,0.482828549349524,0.339890040165212,0.52395767478337,0.281078427802231,1.12302865509921,0.29274483086013
2.98061605979524,0.642521170891616,15.2802585100942,5.73823693094534,0.370752259439122,0.734028829947625,1,-0.0506999600167686,0.482289413204871,0.668657874951579,0.264948177497691,0.665234554031366,0.212387112906152,0.672495877103442,0.222593192430904,0.915880548636954,0.282619958912149,0.553775226816393,0.294545739948511
4.67147785310305,1.15880196152901,25.4997173988608,12.2358181745569,-0.351628462261045,0.28530130553902,1,-0.0176410151093812,0.602527297770736,0.813843639115379,0.286450179098569,1.20871195485635,0.290332563735483,0.908374415640033,0.224520400231739,1.08454322319905,0.277084452357073,1.16924403570865,0.287544152800713
3.2410561351158,0.693588388468292,19.051445386442,7.00253382359916,-0.449090621841144,0.23968668420664,1,0.364654133591791,0.470240999642257,0.809046029299471,0.236635978974172,0.996966173890542,0.205606102149244,0.731592972590165,0.247510920154353,0.80397407485914,0.264875948013373,0.614753187384386,0.270336244349667
3.0784304015204,0.625960735171938,9.80510961244025,3.67628713824333,-0.467081776587503,0.240059104867762,1,-0.390756258486798,0.60792303710892,0.607148923066542,0.295099704434439,0.812548311343671,0.182247519755066,0.513539331859669,0.257110162932345,0.654693821709506,0.21262048696412,0.69079621505113,0.270345748821408
2.5942055610935,0.532251370111894,9.95511248465381,3.7651861244135,-0.316231417289335,0.261026213661961,1,0.0422764613019544,0.612665566055255,0.1445158177285,0.405630303642221,0.650070630784138,0.261591967381668,0.531637562109004,0.226927289867888,0.571788098773606,0.227810122202619,0.884766754438644,0.18260750216865
3.04102647357576,0.824284466900937,30.9697809674719,13.5674688873685,0.138347989642492,0.565112808043475,1,-1.53313402312907,1.12841006601768,1.09897545822489,0.354050620863318,1.1574938663042,0.251766851191993,0.576894141331543,0.263421364801124,0.891221837520053,0.282619496538641,0.535285880650651,0.276303028757523
7.24172007383057,2.1819383822935,58.7870744984842,34.7758014845073,0.0302839360202265,0.726186631053724,1,0.548252936003686,0.79407400511791,0.705727079405054,0.470014808420149,0.980654864676765,0.307957061322042,1.60102226396748,0.253240287287045,1.09063179892551,0.368838463214358,1.06582496507945,0.335956951374396
3.55744399864578,0.812804527320489,24.7112325665063,9.50079595049548,0.805366179747082,0.242098720532238,1,1.08904955441816,0.671291157713466,0.472417829818402,0.334820325038199,0.413363008858231,0.249783671323442,0.944876478132045,0.232272022568591,0.514001515603599,0.273215786399838,1.19708487966931,0.230064587808491
3.53177381837263,0.894253346813695,21.827469040052,10.4148694379507,-0.206328269454841,0.400257016898417,1,0.0340718829068959,0.764583211218848,0.761608252721989,0.369291713137887,0.731045319623382,0.315166062891919,0.777749567966587,0.222947580295959,1.05535081263435,0.238962551992109,0.533356822895011,0.334894883276861
1.90650048762183,0.469690964349613,12.6528613629313,4.45171666626287,0.257185055527447,0.485928008717143,1,-0.709137860747639,0.450717231033779,0.954838112573151,0.137850146353686,0.22790095320335,0.264715777390624,0.371661923605469,0.257084678635499,0.566821935341957,0.251114074968259,0.598016699641573,0.253672932834982
3.26914259721825,0.819452943603769,18.3792015527369,7.84139165684908,0.455978983594982,1.05790976475354,1,0.0731130276255655,0.548032699337506,0.881491808335443,0.185239365267081,0.661353231488216,0.257229159102684,0.297046793043229,0.32530976713654,0.791836669942416,0.268601623560815,0.615459648029575,0.294239276289629
2.49624225811988,0.393948416483398,6.93092336917583,2.19586247041769,0.494353859852369,0.475097711391485,1,0.136393715503748,0.425138288076733,0.525689686177556,0.238438207608687,0.686611246442696,0.169486294855758,0.741678752692027,0.179525210891508,0.562478590156468,0.244026519838567,0.360489911629179,0.26035565790248
2.81438561913035,0.717025117757755,18.1605319589692,7.73586555048995,0.695160824978551,0.353225561187465,1,-0.521295358509615,0.590973293961966,0.887047554127186,0.202633733065081,0.707675673800335,0.244651241108389,0.795112274374001,0.218667988109796,0.692780107485012,0.27307589472059,0.904314180232158,0.365707503791338
4.48073945239081,1.10310725032995,26.8485985476466,12.882307191755,-0.626192125987551,0.167495658758483,1,-0.111623244663715,0.663416403801313,0.846669248493348,0.279275436211923,1.15812015255948,0.26875434254659,1.39252626765331,0.240121753365092,1.02218723688574,0.268645189519725,1.16218589513486,0.373858620697566
2.07675003006957,0.624237342496577,16.1027433633384,7.03531440130136,-0.419665902162077,0.311945608702774,1,-0.0335496939194252,0.523746237040607,0.463014699564051,0.256479719310142,0.836477625303219,0.278611161293301,0.328538107015557,0.399910368678571,0.884722727207942,0.22184956615398,0.832469499107874,0.292776678859122
3.79856789217316,0.822154075392015,18.9089281906215,7.64190198790044,0.944291157739812,0.0404338188380081,1,0.438463880336298,0.821734349180501,0.897314059335402,0.229951479989756,0.968821393091132,0.216029965140987,1.01663647293738,0.268804904688149,0.892029532916515,0.278262405822198,0.740007762584338,0.291779312634537
2.72011472409527,0.559189054868221,11.0428665971686,3.7892589214586,-0.318697389957539,0.234028988900915,1,0.0906974205537808,0.464653886996193,0.946532222359289,0.170791532135294,0.735840082159519,0.230355274781584,0.70282051288005,0.237900654663973,0.412091893565676,0.333453315757899,1.0932423472656,0.251504002924158
2.08017674201126,0.519583980662512,12.3456578545028,4.46228251548304,0.289040394547817,0.560408691893277,1,-0.520638078968785,0.612646000641695,0.776308661976435,0.17645924936927,0.720765286577366,0.257371413747357,0.469686617748212,0.249433286032681,0.845836191982823,0.202533435301342,-0.221351752822075,0.342742259833275
3.8327169105526,0.701374380363949,17.9455842673608,6.15387561334913,0.0267336067831124,0.509409104956227,1,0.153962447189936,0.902075865926654,0.485648751389607,0.410988789786166,0.504387289370985,0.295036651324025,0.957271737564538,0.19145040961285,0.584146567256147,0.258384001611844,0.714956444551688,0.24391376250567
2.68344287928763,0.587090907390227,11.7789855651757,4.48627851926578,-0.11245609045548,0.40535907354761,1,-0.110491398747663,0.56819743590232,0.29660155509727,0.408492781509423,0.713757622951957,0.255571039530998,0.437517997228108,0.30354881751205,0.877455449783067,0.202581132308105,0.553515587486093,0.230817750980398
2.83214632322392,0.514032402833875,12.4139167124707,4.05883984737214,-0.000827999016498978,0.431064950443211,1,0.36786133750375,0.43367297911322,0.986542288337068,0.174847679367886,0.309739405436259,0.346518327928226,0.925697614190089,0.182310549116118,0.764414438414391,0.206280052863589,1.08857918916965,0.191738828497907
2.69939499462734,0.6505476800037,12.3068568944671,5.4597971749505,0.212701903029358,0.66407274234255,1,-0.293755649132598,0.543082143871042,0.615633996261171,0.271662283688212,0.42100644283895,0.267843723946644,0.568557657192326,0.234212926663805,0.721216718260018,0.249267028980294,0.442815555094348,0.310900925072696
4.35402204098669,1.0224514094988,40.3127370061933,17.2913183035094,0.43780421542419,0.87151389093058,1,-0.350925135352494,0.650403540615409,1.2188244377612,0.272739892515846,1.39684261432835,0.224451829738052,0.819321886087041,0.297348881057703,0.78770576295434,0.270892775892632,1.1820893075414,0.296096022489891
4.0119578342965,0.914604117533129,16.5487775025922,7.15576006644818,-0.279250692670633,0.378219632660807,1,-0.117849806326337,0.508778181699249,0.882703894776439,0.227377494525884,0.911877104629221,0.261362564289081,0.752701766680413,0.245620040585777,0.568404147619486,0.316746834093786,0.716887031075198,0.277784078824991
3.12926012260195,0.619594446658513,11.6815431954894,4.19098566158782,0.227454801260067,0.726867525396532,1,0.180972452239435,0.536547384160484,0.472614127489271,0.280261492611412,0.561487105938969,0.265732585094406,0.688300927487838,0.25838726427939,0.656139549194764,0.204097554374852,0.374213946926619,0.273287992851911
3.60153980298054,0.773080485809799,19.2522866811599,7.53213588165072,0.400292516999014,0.481754603547887,1,-0.859359204586815,0.466860815191487,1.12065897270882,0.214185154359439,0.771248076617814,0.21151574236741,0.546431606474653,0.297503967792056,0.995484998030849,0.24730440541762,0.59468002110256,0.237145395788819
3.25042315348293,0.66315503807849,14.4785761515972,5.76298159484862,0.046586655452842,0.474916754457627,1,0.971853112303859,0.68253453059276,0.566848882979342,0.308891085816668,0.383672744098193,0.284444799426658,0.733427659676502,0.229215905056339,0.557029051756645,0.225654124164716,0.827415183300814,0.241526870065594
2.95242711210041,0.679953736314982,11.501777586701,4.79923052171635,-0.134057161788488,0.356602729612551,1,-0.527912772163293,0.627220621006154,0.653979967499264,0.197083096599391,0.675630302477003,0.258180484871596,0.765371065967705,0.214122621042598,0.685863262763619,0.246898501913877,0.320531454275365,0.293555546416898
2.50828356890011,0.581480376852873,14.5356015748629,5.19216268007912,-0.124147311876321,0.403480364107683,1,-1.0626342156163,0.436395767080694,1.05441094392815,0.197646941998878,0.76909757055563,0.256200086568083,0.633693279031486,0.22850013589414,0.385487284936925,0.251220569432561,0.805744060073357,0.251250034256527
3.22591904854877,0.801587200329141,20.7525516840517,9.31110125490957,0.295643326582382,0.4374048020308,1,-0.13952845780488,0.584567577474584,0.666765654561044,0.292965627725614,0.600111040294962,0.272967254977875,1.11583420609342,0.273073645731627,0.696023064218045,0.28153327893626,0.925355627694821,0.257529624131624
3.4429154207319,0.684352165943507,11.5542508559287,4.19241139244782,-0.128265505166832,0.379794779681646,1,-0.354953652249461,0.61386917006277,0.73721520929258,0.299892214233463,0.724992325495793,0.248310578243196,0.780808084892034,0.19627336445511,0.620589869961696,0.245115213454885,0.537397449676466,0.273603732788227
2.15187958722558,0.681646177128039,24.0962122939132,9.37403320172238,0.148509199886392,0.429098782761007,1,-0.382132779955907,0.491376384363027,0.959835386704011,0.184981701048471,0.926316632659694,0.32244649835757,0.550903712352185,0.253209663849702,0.575716674850196,0.234148593733829,0.129449003546501,0.375732335001637
4.34432592106927,0.923116919599243,28.9765742559435,11.5437378133838,-0.587155593628629,0.221827194443213,1,0.810732991557925,0.619836190451489,0.878496770313588,0.302321297913557,0.760655852408072,0.274515157205976,0.674141045780895,0.220601259595501,1.31470334296968,0.197826079595961,0.546453885598797,0.315485884718928
3.59077194886924,0.747660846065968,17.9298262210182,6.94585917625815,0.0959499565240742,0.443414456932792,1,0.479466245258548,0.583700521652004,0.460779333810286,0.32815121889591,0.557285933459559,0.229636720535732,0.840873460966531,0.198345011451243,0.625765934153038,0.260249983316281,1.03253867071737,0.285831198679225
3.3436985888439,0.6953617770287,18.0781392139228,6.91581162984036,0.780982898049833,0.250650075304497,1,0.265247487375376,0.697320439774392,0.311968483371626,0.37857847842356,1.16714917336052,0.233750098997332,0.51990447306073,0.300802218566336,0.983803606236485,0.242093942160357,1.13271460335736,0.264315823277412
2.27624496470127,0.536635523647136,11.5839703910123,4.38654815231896,0.357932674411035,0.346955584838638,1,0.0807605900307459,0.508645794007301,0.661601509504563,0.177666438652899,0.490933031882164,0.203655938151203,0.715313075506835,0.197390271502156,0.18780197207905,0.399630884471906,0.394002453862761,0.343054372015278
2.53687251944445,0.615597891932741,16.1054296544005,6.34224647095258,0.698884870251959,0.275164853630907,1,-0.0337792498715088,0.55434815493956,0.258622858622144,0.317336022590532,0.989848051558947,0.249082196931955,0.490932081456557,0.296717860571254,0.672745652408445,0.169780091018227,0.507150845197502,0.309490126958545
2.03920276718532,0.757423674346697,31.0389913230799,12.4135438775412,0.0954439973070265,0.493345442125101,1,0.0648837364902781,0.89770466410509,0.759710027169149,0.269681743153431,0.92081215343453,0.158353775522187,0.977732085384647,0.313991869776626,0.596229666809007,0.304063387217197,1.32689660659058,0.257467455348288
3.066404979379,0.676204242494359,19.896214273923,7.58599729907042,0.301466565726813,0.722788348417102,1,-1.23605381117728,0.64240894903552,1.20546855071868,0.199755912866848,0.950407126669647,0.209027781234689,0.622206578754557,0.255818295993309,0.624595948382934,0.253799631871379,1.09835294941842,0.2853795171022
3.49936609853136,0.79665512553364,17.9337526229276,7.48203569470902,0.849595648692747,0.15374136361159,1,0.517849955006664,0.627650034445543,0.884996698174753,0.24985298212236,0.673759214491814,0.408558291713928,0.670464430191308,0.333495387541773,0.476308903972446,0.314579671574278,1.10510350319267,0.150555845191779
1.54387110983093,0.409199777590032,9.35996935347455,3.14672412214424,0.164411125569822,0.295754240385258,1,-0.296133648484091,0.407018486091114,0.572746081314422,0.206435410002756,0.381804796296149,0.194013741495795,0.558930814819716,0.208733718024832,0.830269809394629,0.222211973016303,0.138850930301652,0.360142894159408
3.05297620712065,0.789053717285671,23.5028004248611,10.2369086033974,-0.0728407742625488,0.580633770528928,1,0.976145799306023,0.518780935557477,0.293245577820156,0.335176217967638,1.11822690329077,0.301613928957568,0.881929571724217,0.251501990599621,0.594170157682313,0.274564234596026,0.265609775206073,0.363076472633409
2.96368312437623,0.600410600386529,9.27421501471408,3.52691315586487,-0.15424430543915,0.218434022632743,1,0.460751976724654,0.551177708520835,0.400938806034221,0.208406759621237,0.484706936265442,0.2210985985196,0.459363619802325,0.264988239692715,0.509427094459108,0.324724148653204,0.659757847377755,0.252067185847841
4.47836132528805,1.0377829135017,26.2246631143582,11.3542819548404,-0.339625629014087,0.315960101576828,1,0.886182202654832,0.892338027380481,-0.178335840795412,0.607186151690342,1.05757656499354,0.231252153741771,0.959926697811827,0.281740836719766,0.317756713621132,0.360755338163035,1.32844196106441,0.250139377924942
4.45349308436925,0.802137341505804,25.2121694943522,8.68187353223185,-0.125708521086959,0.347710096270781,1,0.0220284633641052,0.504448486461789,0.981032429945264,0.213883821624114,0.54439376035056,0.31150011113875,1.03980605731831,0.224640374686477,0.670804903825103,0.257972068362179,0.927522943211156,0.180649781204044
3.5993976766411,0.593842880584574,10.2776044368118,3.63244758064397,-0.131771594721407,0.273877999792793,1,0.607970044821932,0.680167763625263,0.672747725463074,0.256908831004145,0.697995621356629,0.244052226571776,0.788882756817118,0.241455550385243,0.796223206956902,0.21342397275805,0.867332496434648,0.200729319866003
3.60142650398677,0.800737432337217,26.7675059764398,10.0632840267593,0.395622622846255,0.665924289873807,1,0.100014077617904,0.41269974046731,0.720059405714106,0.207676371813308,0.460546050355368,0.25016954304768,1.0187618663662,0.292516959127158,0.81096921295639,0.28652733289854,1.20328657530321,0.251379205399316
3.13424405847343,0.656309389033762,15.1897168574692,6.08341246019901,0.941462948807423,0.0336832048390431,1,0.220474405163273,0.787515847966081,0.621519495774877,0.382061010479837,1.00247410098014,0.158270912776305,0.667553744088626,0.228060016396289,0.908455204271895,0.27947163158155,0.566251166558764,0.279454486855056
3.95798447423024,0.783099386367622,21.2796909152056,7.76157031895015,0.87734415005701,0.0978432033407539,1,0.612841890782247,0.681233366670627,0.668302012128105,0.208864922476648,1.12909228971865,0.230913629099343,0.7852057195804,0.240504394548067,1.04405123568462,0.1931241480016,0.692399308622506,0.210928924838604
2.78473110012242,0.536170109233454,10.6716794747998,3.78888272639247,0.426364310884136,0.595042640675075,1,-0.135629901480902,0.619790973669162,0.522826713538588,0.202537540517414,1.0041238514239,0.169257394342476,0.392139540096961,0.281951496494098,0.237225167366486,0.274319697893453,0.596626888234329,0.229286402507062
4.29383999067023,1.2834379109009,36.0373110267018,20.5884203279583,-0.138605605586605,0.786863590423417,1,-0.449792322826578,0.980930714655634,0.874716737761925,0.368476478396431,1.01945023053072,0.36218314892756,0.853233948614932,0.375482107477705,0.682712479432965,0.331797987534589,0.763382082662474,0.375899226235983
3.49260241300386,0.828523574545705,21.6904704907966,9.47070672347837,-0.145995070245502,0.377598480045421,1,-0.121807348988787,0.810379779591568,0.947344700249696,0.313335615467058,0.411603366888927,0.282940812537991,1.13876763390164,0.217063155824688,0.781367470667934,0.261468025693715,0.663954929007799,0.31027767626345
2.7665432227658,0.626475978268007,16.0911632338988,6.05983278236501,0.728056794872408,0.449224069662418,1,0.0737723931237588,0.987487951394679,0.757841967808995,0.345620931905792,0.610730365887301,0.236227433880795,0.780569710680592,0.205807666837152,0.618293321758662,0.207720696186957,0.283686136428034,0.28874906458015
3.64717229222124,0.651840153894244,14.3250709842515,5.28680456582554,0.676915883376076,0.38524476559722,1,-0.593555280823224,0.70589966585448,0.936580450923749,0.260960504823311,0.290433761209239,0.244628048107972,0.829065033427508,0.187585391098127,0.692304746900359,0.193966774535093,0.875035159367861,0.290532487634662
2.36209128816354,0.488438173213361,10.9086827768054,4.0158332671243,0.641951997741148,0.416910574182995,1,0.516924678294078,0.550989425129842,0.190238179784782,0.329664883249629,0.842218652439649,0.28817167002054,0.609273578430289,0.174821269818571,0.409245262003765,0.252841725998631,0.45810087907641,0.289862872048728
3.28120797030477,0.786666603145491,19.9302561983895,8.47151791898396,-0.0149634593661112,0.567209550761477,1,0.104422514777467,0.698188580021457,1.09434840213622,0.303319682656432,1.07201725124555,0.273476863882911,1.03397933395572,0.209626386762792,0.760004291113754,0.262303437809609,0.853009347951498,0.257672351911782
2.81016896264441,0.566589750225984,8.25476973034974,3.19742074277871,0.0147359344455183,0.527228302576865,1,0.176163293629184,0.523202585879698,0.593940039409059,0.267689863296722,0.71566313404385,0.215000958466355,0.675441882000059,0.191454452567894,0.45007042046323,0.289987608789671,0.418749928142515,0.265568890086434
3.88124068499424,0.820066698540075,16.9452884386853,6.78749565088059,0.0978553160504037,0.463156963347408,1,-0.516412897266416,0.656180136252515,0.938068420628271,0.201848698157787,0.993234744898458,0.203133601743566,0.740196090418378,0.306462672529401,0.686772826432885,0.347099838760514,0.424868064493715,0.342901297769517
3.6369376801505,0.661194195994757,11.3421796642304,4.20875337312078,-0.457807503860618,0.181336159391935,1,-0.290591921087219,0.433273427332969,0.904467382961248,0.149274222527002,0.639592604009208,0.213527162486658,0.679087750194046,0.254098843025238,0.541115948599471,0.285439728119976,0.480933044034169,0.308957769730566
3.25258418573352,0.667309749520792,11.7207754754925,4.74956609667719,0.359197695373627,0.806178584533549,1,-0.0859094384003359,0.451027332173549,0.662748551506797,0.21253864128584,0.729226625727333,0.231658319855916,0.641834908573772,0.254313254695808,0.641813672785545,0.309896718004827,0.76270498771574,0.276978271751578
2.06599951942381,0.654892035695459,20.4148497244339,7.3013636384339,0.479296426044799,0.763543856826712,1,-0.747323246896604,0.687678162230777,0.685407922739246,0.244725985060297,0.790551272775834,0.288582141556769,0.927584315715752,0.194695809773947,0.573792309841601,0.243331054008537,0.400256419669658,0.328466125122747
4.57158131555316,1.48194621003527,35.7076633267511,21.5096613204836,-0.317402506133656,0.58586508604932,1,-0.426897441937889,0.542751238772117,0.929262404980532,0.376779200482685,1.43800252364022,0.271247448686816,1.19917754772135,0.311609147321106,0.984098579761469,0.415219027418649,1.26464502988656,0.399778058690472
3.89369819721198,0.626930915824726,12.5525459442855,4.18418608271322,-0.293808068242543,0.315928728063472,1,0.267195412166804,0.561668557685132,0.855892586896466,0.238622538745161,0.71653632248782,0.25962006488497,0.609125820722561,0.240015069278158,0.766308919039752,0.32828501307338,0.779580369628734,0.206460740593086
3.40854617685426,0.713439095385941,19.5864095135876,7.14219860657877,-0.194508652265382,0.322471700725022,1,-0.234263051111802,0.680555066027788,1.10569959879981,0.244327040530195,1.08348225239655,0.240008394903258,0.838912332617877,0.188110454043074,0.884788388896814,0.271743492151921,0.440257090372497,0.340045472837454
3.50563424907092,1.00640947758709,23.4272588367762,11.6676943772434,0.865990454936295,0.186011026855472,1,-1.00841302509139,0.842621906554682,0.881288721585885,0.288526959123426,0.816748761225501,0.327638060065154,0.726400806192433,0.32036216191781,0.830327463406529,0.338609594553233,0.367240739126791,0.288909840681572
2.03242625492699,0.48729782223467,10.4575939810008,3.72338163800539,0.352424071519186,0.538680173655409,1,-0.741699910744184,0.441326836548034,0.626632993525347,0.221196270755313,0.852012469072253,0.232914522107372,0.689433814386952,0.238045736465559,0.503094909399638,0.217612659655049,0.884006121699495,0.194004425101493
2.08927882727812,0.538500397010619,11.6114215389884,4.53588161536037,-0.00733322187618712,0.320307346703637,1,-0.182764662667768,0.464335314232592,0.538988313073271,0.195654212597229,0.756701275918396,0.198938126617624,0.719450642492105,0.249149575137616,0.737223859862032,0.280431863402931,0.276661908646595,0.33220229886896
3.93267435503539,0.911781988775127,27.2367124758299,12.192467941559,-0.0228295684905042,0.739322867099178,1,0.407039480892527,0.605378790017825,0.849626247603693,0.27591823186259,0.518519969377737,0.35094876231794,1.06152416060305,0.205335515370543,1.08415875221614,0.230871928105531,0.325605912063652,0.379556004693279
3.18175638224662,0.653556985762871,15.3776359668282,5.4382791402301,-0.0229061703160278,0.324574137412528,1,0.703497841323754,0.470765059987405,0.70507967314777,0.190319247430635,0.769343620037015,0.211617114440922,0.659858948945353,0.188747722722976,1.05783650659582,0.234451070031954,-0.380038680754001,0.523222074063156
3.62202258970399,0.89810106375384,21.9421588990107,10.2986205638107,0.127888157479723,0.766955987109193,1,0.259184193635764,0.669024700032272,0.861324343554948,0.254387972113536,1.08580819302559,0.281843194538635,0.698187424346857,0.285137204649717,0.488224454195963,0.329865897881928,1.01837976570121,0.28720526828568
3.22550735479745,0.86069657366391,22.5518726174483,9.9491276181383,0.0388924341637633,0.443337103721485,1,-1.00655475310894,0.712269334900473,1.00846504059794,0.292378028308706,0.746567376263157,0.315268845552986,0.639992434166504,0.270022416554752,1.08831177925316,0.213763310364792,0.00588603107182452,0.378322312630429
2.9151339452317,0.667553819357441,18.0862038130972,6.81328955946428,0.0678559002754336,0.541181540719229,1,0.354907001936658,0.570278079916595,0.624206311778932,0.195734041753136,0.5632356616149,0.281541778892953,0.852327522183284,0.220897487775812,0.25321715486826,0.350933399887653,0.850210080789778,0.262128026556022
2.9571414376387,0.916384123760206,23.5862002809609,12.8560324043896,0.200977185522913,0.975826927842464,1,0.345901981794685,0.691582650207121,0.813876864962704,0.478718557488504,0.111144730817821,0.458150754514402,0.730749882621849,0.358747685205474,0.96306245555457,0.324257125073582,1.07584525486697,0.2535672177412
3.37426905417209,0.740513287396648,20.0585129614361,7.65290150330935,0.406890905287894,0.585127565717181,1,-0.78921381512802,0.478205913468702,0.7049795647735,0.270220195839128,0.63305142019055,0.249742149482633,0.887133587587832,0.314092271457896,0.752599848114519,0.259569414900608,0.914764077602133,0.167918854826313
3.07227372080542,0.566191205854833,9.99359771544967,3.30563060406129,0.480756873327323,0.646246628526846,1,-0.271709636246372,0.50271767117793,0.695067387447974,0.216911929421629,0.790768034311925,0.186469662474714,0.726496530995441,0.201115055015382,0.415145673035383,0.23417003924046,0.514158020351844,0.26515727919595
3.25016008377234,0.74589518989555,21.4805500163856,8.57220486489454,-0.197248335260821,0.228919887195005,1,-0.267654481788702,0.323187155135662,0.974908642481049,0.189057199247722,0.51736853396335,0.26478933412944,0.930239153076042,0.216758141225556,0.903950478466417,0.28903242833939,0.490412347041968,0.339023057193369
3.915270753966,1.03484074712393,20.8950712991847,10.4953925337151,-0.490180740979366,0.265146317855755,1,-0.52435962890102,0.67241356061482,0.936028795980691,0.240788022860754,0.926324496798046,0.228769818933541,1.10995149347174,0.317299849675394,0.776732390734394,0.326579030027696,0.702992875556796,0.343897444032067
2.683349011886,0.685889934940707,26.3551488728455,9.06690767127631,0.429158157288017,0.614108965043535,1,-0.598207000490988,0.493945622445833,0.709183748225082,0.173569558149984,0.762666487426536,0.202111800823966,0.359417723053581,0.311435422004674,0.594256489474782,0.295635005612686,0.893467867328221,0.219694397682999
2.22271138332763,0.549831205239352,16.6430839510249,6.24163577212411,0.752716890803724,0.238730329964085,1,0.205711698533777,0.489647342983175,0.6724282657847,0.205905263543486,0.766905932909294,0.216007082350528,0.336093587239963,0.269323128385131,0.785410008425457,0.243874025465571,0.895034055569032,0.27825746134846
3.05715595633557,0.550558135117843,12.0742798785747,4.00534882760356,0.0154041488258638,0.411133371357612,1,0.11645642716092,0.474241573877581,0.490255639791897,0.262155160231567,0.748010911279784,0.202437031374771,0.603463430642767,0.21494161164712,0.593955883364775,0.227853529425319,0.578196435620239,0.209911663280573
2.74142898234572,0.531067242224513,8.50797181004724,3.18262870778291,0.415540578497991,0.628574837198683,1,0.718047176830541,0.521415979625169,0.450632525618755,0.234854424756297,0.0936700689958526,0.312624021303718,0.405290895437884,0.228389187712492,0.696197576582014,0.195662585476875,0.454537060173899,0.28939909692496
3.00723029485745,0.667740862230398,15.2627219183633,5.34768118138694,-0.375219122307437,0.248754470679162,1,-0.115706669084264,0.402801561648554,0.803918408038476,0.181834459666046,0.953719472105981,0.227436360794292,1.05623480401617,0.232213135927492,0.470701847471551,0.281002477308827,1.18157305394384,0.269709920912153
2.57490542995471,0.613195883470831,14.3217585495727,4.9350227177376,0.173899743862095,0.427746357825805,1,-0.471382820136971,0.426640807530716,0.701885223472417,0.205865765224804,0.625263429121813,0.232779738841732,0.682570702727474,0.244627580970111,0.829847192899192,0.189896797590374,0.721118982799232,0.298580752990533
2.61749755251027,0.672466025854483,15.0606632530585,6.32331013448711,0.0134749661831872,0.500529335052282,1,0.111843489586338,0.474948395868805,0.390599042672553,0.276924429405267,0.655443519666952,0.267195790833765,0.70968102119024,0.240351315361397,0.813252385784792,0.254461689023484,0.793174409322871,0.280645728930587
3.29594106399136,0.863752737608203,22.9965933988109,10.0832293792005,-0.16130452602743,0.402625093841697,1,-0.0782058485917911,0.528060281802817,0.862774579595737,0.3223923453304,0.739236225330619,0.299697839490557,0.336409230207794,0.277233097640109,1.0221686579875,0.2086224345545,1.27008722775796,0.243772184441274
3.25054830562085,0.6171988015443,12.3501353720366,4.21472666266822,0.0926247657336343,0.455282509112777,1,0.169874553047998,0.504666302479473,0.393785319681186,0.285789321438932,0.516294687510437,0.237334951221752,0.931651601138257,0.183357387873567,0.596341496186261,0.25185869635814,0.515055412451141,0.242842449772593
2.71311826479651,0.722564842817338,15.8691872274659,7.38541168126123,0.208705570411424,0.608632512375346,1,0.0361332160332312,0.488239737876688,0.588428197732098,0.2521371034012,0.468147240547325,0.316115026150204,0.754464575417838,0.252535139330244,0.709760445884245,0.321578059939991,0.99776063708561,0.261108775317953
3.47374826660708,0.77895579808417,25.4270842967837,9.8243071290625,0.114350190273221,0.422931592867249,1,0.291137640712655,0.400467989570724,0.673408127851358,0.216938167563751,0.374814881370129,0.295749387908844,0.804904998844151,0.269808600498646,0.667928900619426,0.190608266253182,0.997827083890136,0.242242774100582
4.29884879921616,1.09915401022075,32.3251598272105,15.1047411882908,-0.110753578517062,0.479306918339205,1,0.566667214711032,0.654241354996026,0.762661195284186,0.291017153908913,0.315004995805226,0.408842783688878,0.979844966930722,0.323848326913982,1.15942584453989,0.252124755582674,0.759663904047567,0.259808620539116
3.84124304139417,0.834989029842321,12.6745721081865,5.42574292365738,-0.235323581224819,0.307844094127923,1,0.187929004432532,0.397583220326422,0.811097012328745,0.226179531781282,0.649735319831319,0.26289971896974,0.633014278652856,0.232766811542492,0.627275650902784,0.298305203136318,0.693489620915436,0.3235612405881
3.05738527020048,0.856475830098338,20.3833656392014,9.13444430189252,-0.428397133123228,0.28829400516538,1,-0.249990102498897,0.722298746881928,0.728402439827603,0.328305232197141,1.05188120163248,0.284413305684682,0.504630718161937,0.239196869890177,0.711643820251877,0.283294800949691,0.899683330888081,0.264814519025535
3.35691471741614,0.810950872642939,23.2994845859351,9.46515397561119,-0.0750184359035855,0.515424008381146,1,0.477654344325495,0.774388083873147,0.691834912501757,0.298866725310291,0.54365798473603,0.259357065510324,1.19178572171287,0.218762359077974,0.783518940569,0.28513256960207,0.546988355882544,0.302975007960225
4.4079758311751,1.12052219149707,36.3775918952548,17.4814143936095,0.475461084488535,1.02500923838863,1,0.375384814114256,0.740936477189315,0.728585086636709,0.330573544695188,0.990288122319867,0.279301117634118,0.717471983663946,0.279978033023717,0.688831747646841,0.311321982592096,0.877888775170878,0.29251334754929
3.0011101757661,0.569864368038077,11.2251352278634,4.17617044692463,0.523621523095275,0.549467094825489,1,0.45405278731794,0.478178929680374,0.179848513927144,0.296229751740362,0.751736525771532,0.202305186845772,0.424159747882252,0.228064416300513,0.639784495463409,0.265879417734111,0.211931929712693,0.327539768622457
3.94505027405522,0.888370202623587,34.4592468041536,12.8827655068592,-0.242129083805823,0.366919212878984,1,0.557626216718491,0.947877102904774,0.879173884807664,0.29742878469413,0.75251418670877,0.227996064441719,0.882554536761218,0.243299716439103,0.925141751204526,0.221259766625349,0.685011800542598,0.284545167961691
2.22420743840734,0.513935657301987,10.7660358772247,4.37661540354753,0.623027140343556,0.275450978974681,1,-0.425494964656796,0.403638937039993,0.704410915101963,0.195949140092129,0.738771276918985,0.253524562860312,0.846538463428793,0.206039433792729,0.343722141675666,0.350625316430798,0.631891211923422,0.302444948303972
3.90761436422931,1.12041475599122,30.2608062858119,15.7265911427508,-0.295257166219512,0.404843499618,1,-0.723983827808637,0.619403462088845,0.946587547310216,0.277027823657233,0.871465385762844,0.321258196219162,0.611860446932034,0.377941334410451,0.762748455972414,0.320940160587469,0.864961317028677,0.328088364097168
3.20613495377211,0.901918249695337,29.7031302562217,13.4683516985586,-0.413340195823434,0.309320814579373,1,0.319634894904114,1.01688253572893,0.273104276304328,0.411910419288794,1.11437287897102,0.270728628016987,0.708274514980436,0.332495376946614,0.80409691374054,0.284035537887262,0.88916365697453,0.307623710731964
5.05335666953205,1.17070827625282,32.9518014303543,15.4332336027495,-0.249547465055303,0.420394203246416,1,-0.0640135223905151,0.762066688522956,0.997986296734563,0.268494226951299,0.933606537493015,0.314120427541095,0.768467076160884,0.292313232896613,0.854619551661968,0.306841008161281,1.12010506280874,0.288687379641383
3.49453886370003,0.724693535212776,18.8808887333155,7.24365531662205,-0.323022386388997,0.326627513993565,1,-0.218583176879384,0.762411223387075,0.820283389142875,0.307171137709859,0.836997164997528,0.216211902825582,0.814130971608708,0.223399597763015,0.438045337916429,0.253710205522173,0.570703678942307,0.246203504473678
3.00388313212186,0.620953675016405,11.5120088179642,4.50495760375388,0.923687083395686,0.0590779250360934,1,-0.344837338206319,0.709321570734097,0.818642473605368,0.261377727559636,0.529711552174324,0.180732314849915,0.943988953652638,0.148648391187498,1.17901307590226,0.259186178319342,0.668483281683682,0.318542653125054
3.46110523888187,0.906674796729763,23.0485785954633,10.900968202742,-0.28584461321735,0.412657391704323,1,0.27509390245836,0.510873705087425,0.4136190257156,0.33816957588993,0.912010185393349,0.248036272127996,0.790563319523606,0.271407010365886,0.589482021314631,0.306852650238666,0.696368154914635,0.303095426085622
3.37202665518149,0.74712406516202,19.2261339146323,7.48153769224276,0.150390510382124,0.512391202829019,1,-0.581907303835591,0.560651820390633,0.780010126445249,0.269493836623178,0.615603661737521,0.24428525672173,0.632566736991046,0.229297381310625,0.588984815564228,0.305304998424002,0.727267665716916,0.254193293487319
3.28429529097875,0.70102254461909,19.8890698009903,7.44564322787933,0.237819002816118,0.683070852657779,1,-0.259625794591505,0.654659815627697,0.969561338842249,0.258735022113232,0.943384929837474,0.199571077026813,0.995768454168171,0.24361743145164,0.513595353037176,0.325806970082139,0.781792422696283,0.224532676101702
3.31288150185813,0.822189194671474,14.1974143484624,6.26703751482835,-0.0256087615628471,0.496577533904902,1,-0.411327139482398,0.491902679853166,0.688117074185296,0.239915507136192,0.662244299405655,0.242226717581706,0.149157489269964,0.379108985924844,0.9884326759998,0.229857337899831,0.727675784012627,0.34987662567832
3.56839436137475,0.648457783574428,11.8685744027258,4.08450066546881,-0.0376295603190513,0.429578262265577,1,-0.292547401715375,0.979431976750738,0.938397039413999,0.3554647004188,0.690248262731909,0.251965047193333,1.11251350204793,0.196854225630367,0.550287231957768,0.27731990411315,0.866285963623086,0.209772591851138
3.40528519239956,0.888639939274788,20.5332380220434,10.0678436206402,0.753278689986468,0.288893948469986,1,-0.257679071616432,0.633805079279309,0.816885664303393,0.332372334158868,0.867178546816569,0.306030560530395,1.0759777278259,0.315635811191264,0.768048919116484,0.361120675153218,0.413920619319693,0.40646796048999
2.53068447034353,0.658680862595067,14.8233601179638,6.34956207087829,0.153867438253236,0.957814473408536,1,0.560926142948183,0.720820643403821,0.852482442632944,0.233533991090984,0.891766693561006,0.228273920563104,0.11911435457346,0.339435625372022,0.854505027099463,0.270839428720823,0.638576138674007,0.299847494084112
2.18370385571528,0.594638129271131,12.0542542103039,4.70168161400832,-0.163172124481037,0.316955409981396,1,-0.389248075491415,0.593079419134723,0.548983272134744,0.248696656073648,0.949549359003867,0.219725300587336,0.487887953514382,0.25824317690062,0.787820291888961,0.246550562900024,0.72542591830533,0.250238198913239
3.30000625986621,0.747747262322563,21.727127705121,8.69588768197226,-0.53326467838539,0.199146283447082,1,0.30739324763094,0.55851824211856,0.627209768531306,0.222918483046694,0.595833232621363,0.329189862433419,0.952617929432958,0.243188295630658,1.07095789407122,0.274310429639895,0.64099597211181,0.242506458363745
2.96919864387744,0.715527655540954,14.6323599405929,6.63133845105843,0.0404439346114242,0.437360654930975,1,-0.423260198386844,0.754821376550776,0.710827768547718,0.334471252021452,0.968415878099117,0.294062008949209,0.739839298842519,0.219560890734377,0.581845986740694,0.274944369521975,0.511244888641048,0.287599396126427
3.67464048865419,0.738401888977933,16.7134166221267,6.48198887750343,-0.35302888834939,0.240208913436622,1,-0.280081580926346,0.728380766277916,0.794753098444069,0.329700295301283,0.81488373065217,0.231737813935449,0.30078135604473,0.22747400498717,0.76144114123748,0.240503756150625,0.869070676594537,0.254928051066603
2.09708170104434,0.543035651746079,15.99907064251,5.70516695652015,0.161431187935129,0.699222602024713,1,-0.0907583914879741,0.409891807404714,0.670713958225766,0.236125260581385,0.429172993969489,0.233318953142397,0.996314627737723,0.174495495762878,0.540380015598931,0.250351150162352,0.576924739277762,0.27777860286892
2.56220085570334,0.605121611876441,12.9965969499595,5.19503463123183,0.16408294209274,0.603838159538796,1,0.331828920132304,0.546444207933027,0.635139145385276,0.246353905202611,1.0519128701163,0.20998123315525,0.515138267704771,0.264581198083327,0.929558223875333,0.24952385984978,0.390551158376891,0.353443024463819
2.40135741720679,0.697587709497298,20.2950471023329,8.55275158814021,-0.184788730244277,0.319161946074299,1,-0.549684014159675,0.557053667167527,0.74279126040422,0.214348559662867,0.662943513749331,0.235787016566638,1.22124687888822,0.240417248264354,0.725955513274313,0.37552793860918,0.831966953849738,0.265981051004059
3.41491418368111,0.784788344399961,24.362186762163,10.3230416934572,0.661987270528509,0.439229581448866,1,-0.477599305376487,0.587761803077669,0.744888727479461,0.284624259489674,1.05568311154121,0.18786346322053,0.813851821148231,0.25773257851964,0.466340015587869,0.31873243189558,0.559301594756755,0.36632993786518
4.45035035930421,0.984849573828308,27.7928178850023,11.2309757316523,-0.209585045465492,0.302156063371477,1,-0.559510087443949,0.612245760188054,0.631696321474251,0.279905238099744,1.20874376577699,0.163973492936991,1.1535541964046,0.282074697060209,1.06949469258771,0.250857007518558,0.588236345600901,0.360223322467249
2.68884770420842,0.858386668459531,32.1029720253414,14.7216131759864,-0.259453293644672,0.307414353773562,1,0.102348923051084,0.508633343052238,1.07868712500835,0.174671569014774,0.556790783837311,0.34742124300287,0.993572773485656,0.267890207074199,0.633037339183843,0.337483052005832,0.661550339082499,0.375969182974293
3.47903004101581,0.616343525844474,13.680025300111,4.58276163216324,0.430688882012912,0.574986241406805,1,-0.157052985674874,0.531673061944745,0.709725587084015,0.296216306748199,0.742848048557753,0.224283459390849,0.56544821296722,0.21582749785172,0.570526548690614,0.229686347715776,0.310894422904888,0.274343681919979
3.23816238587229,0.757057259571705,17.0918389384753,7.28702439981305,-0.251637402584149,0.368746735930078,1,0.170113835850342,0.447006991177216,0.747718907824265,0.24969149574301,1.21186799138075,0.242659126140438,0.689546712023678,0.315285555489962,1.01858761569193,0.225197538665708,0.59100488776707,0.307071757240339
2.95271004200004,0.652312461779056,15.3007903065288,6.00313849366845,0.656890395401441,0.493436464696897,1,0.482507219760468,0.562613391568013,0.837461692362972,0.265717044471923,0.593245397297407,0.193308684780048,0.511689199280118,0.296046186053104,0.598741414074058,0.260439760931659,0.543747822416385,0.271784480631448
3.61474109958029,0.68307483491816,15.0304114259594,5.0525371650952,0.0761124631776171,0.43127492182497,1,0.0350460687348021,0.531998922349235,0.174108085117864,0.336534640198709,0.934315765677514,0.192297902714928,1.11283208154439,0.163285120782097,0.898250657596649,0.202010332013043,0.804918191863276,0.290762190316389
2.95696386390037,0.833842486509204,23.8757148762076,10.5035385657464,-0.106857234685183,0.322432427149406,1,0.00242332497388556,0.604252499292485,0.895734276407026,0.141368877013417,0.651281814420686,0.22339039848796,0.739950758059186,0.368302070689853,0.511499754230461,0.416044398342825,0.503741184259894,0.406963471525968
2.96412653275359,0.639438950821357,14.7036764440931,5.46719106814456,-0.0156967486290033,0.444266018345838,1,-0.600416242395189,0.540058868290863,1.07261923698239,0.201248919285011,0.561132731918971,0.217691279224171,0.818709919121967,0.230398608967906,0.711179493081223,0.264101102255278,0.416825328902685,0.326054633839489
2.32509111240989,0.720370092371416,22.8888713201763,9.68506875744047,-0.202865486516256,0.359661286993412,1,-0.7552247666759,0.383042480951613,0.611377759706704,0.254306372021377,0.891286688450495,0.244193956056831,0.803196952641837,0.2488450293523,0.85461470722098,0.261253375821568,0.714627630190286,0.299866066266746
3.89923281327096,0.731887413256113,11.2772323600749,4.30366272735465,0.253178990717542,0.70392697334741,1,0.633100560131913,0.789278970580907,0.855530772951447,0.322289919139056,0.55929494986995,0.232635328399521,1.00628900711057,0.234527689296689,0.924481517407883,0.282633613638301,1.10455046755313,0.196649948284291
3.39782288349815,0.746800231491209,15.9585248962771,6.61504536577398,0.132366183232908,0.561845191744611,1,-0.0628645974037065,0.587807081210444,0.876081198404115,0.200324139873812,0.575517263754849,0.27227368209501,0.951552653010026,0.212560719558749,0.796314267280089,0.239359235816495,0.639802235457422,0.292710264996157
3.79637420356272,0.850340322171552,19.6382311437208,7.85984253022806,0.854568516089342,0.15410883571767,1,0.32176777045247,0.710779165548037,0.752219691542881,0.260995370035199,1.0475623465814,0.294039371766193,0.9636484766338,0.2390065749932,0.761455150588703,0.245166958520269,0.580859086551537,0.307670591785912
3.81920355897836,0.937923511237169,21.545413607657,10.1638818690679,0.108172072946505,0.863953558149806,1,0.829338959241836,0.633996516727904,0.467192919513939,0.260887743527545,0.870406390470927,0.2936162521951,0.481907270662249,0.31506758545425,0.859771231961742,0.305238189907728,0.756570441395539,0.302003614459223
3.57336681247522,0.771919970526372,13.6945314802253,5.65795194542104,-0.183950988873505,0.328027087024234,1,-0.568005245570252,0.733102389548305,0.917244562087873,0.240007690933281,0.660146771378213,0.280498134162822,0.75248063333261,0.23833554255419,0.255527389159198,0.290122389934288,0.635610045717929,0.26713889037385
3.12410000998181,0.644850336607541,15.396775263521,5.38847609292403,0.13608857762767,0.552361024418902,1,-0.286767525861821,0.425310068395704,1.12198863267292,0.209254767024966,0.883540277023327,0.184406033863325,0.813929147353125,0.261321336964524,0.884505664086497,0.24827287005225,0.589730414479557,0.282518903659102
3.08010364063756,0.661349918983672,21.3863853495519,7.65817345422133,0.851839253576116,0.149377186365288,1,-0.325209472208634,0.648217472436633,0.704574847012417,0.246452206607117,0.750060809686454,0.247163800979221,0.49852513019483,0.23616988646463,1.08340014783084,0.205822748125147,0.711062914849192,0.218778109129368
3.06838660261895,0.810909840702821,21.8814604631776,9.57434367820847,0.469261374946084,0.892370892268716,1,-0.486622982433617,0.863718957327504,0.796756606696099,0.224270529072739,0.647617716548367,0.272069624331107,0.771841045051544,0.235742451528953,0.918813542165234,0.344239794399227,0.720139576168478,0.300484033049815
3.05674647401483,0.779628467569379,21.6993708206729,9.75330690487506,0.220707419909969,0.814688601346463,1,-0.521009037742635,0.884094742061752,0.864860657509017,0.311705875806044,0.865898593443227,0.293144116562855,0.703255314823322,0.268355349238286,0.675672856729039,0.303257612487085,0.595285453677781,0.32988113987848
2.63637266267901,0.63199699964976,16.3486088145093,5.9836388259167,0.030103687194948,0.461910913184462,1,-0.631305400697993,0.590855029773899,0.724391749772118,0.26405439871355,0.809038233432461,0.248917204210375,0.34288627618558,0.354570858746927,0.922603788999599,0.253030016524625,0.949791793293681,0.175599361803683
3.02327919002007,0.775351113845813,21.0516914795484,9.42269654351434,0.138777271377337,0.597387090197517,1,0.153355149505713,0.644903898401785,1.0330401665061,0.279787474681612,0.967702513663769,0.254048538427496,0.59461949766098,0.267485891442148,0.478372341086714,0.339144294991095,0.573486997331796,0.35110943387346
3.07655600720208,0.65008987077039,9.07859152572043,3.91611837848881,0.845308411649259,0.18111682261442,1,1.31127411212804,0.713871963357822,0.400718571861023,0.380719089579961,0.324513956010403,0.385333619313163,0.889597336206284,0.241917957214724,0.414132998119152,0.255365384024921,0.963313781704029,0.209459328054196
3.11115798395395,0.669005580869831,17.402939491964,6.1367568917111,0.532974064442279,0.609383983825742,1,-0.91519525944549,0.609090356883664,0.727848570208232,0.283486502410335,0.785246212945004,0.225254467004307,0.966654978642889,0.205736841235856,0.315116959494422,0.306938327486792,0.923267200330646,0.202542717589877
5.6567272130061,1.4967692847326,49.9444645373986,25.5079047753767,0.468181879264305,1.09728878813858,1,0.469803654623462,0.6744192680415,1.16945017154296,0.307951407127485,0.8986346975698,0.339731481702162,-0.203255437421244,0.70655213583979,1.18953760970904,0.356122221343546,1.25729012503016,0.317984058650794
1.94127770151379,0.49314241184773,11.8800827252786,4.34437935516078,-0.0305442594342562,0.431504481186249,1,-0.871535780648064,0.63301694240535,0.566821699323412,0.272519547547554,0.654639862408124,0.26100810784348,0.664121887837829,0.221084946728598,0.619214159913231,0.198015922916178,0.625250459699876,0.24626829207054
3.16966619963168,0.719254800854825,14.4088575376953,5.5564218520467,-0.173160125934248,0.221409735336222,1,-1.19276173623987,0.998523065157985,1.23947845790059,0.300063863563967,0.411352725822554,0.238210188953758,0.827008723796334,0.22719265241382,0.799838835988172,0.19155723244186,0.901013833958408,0.252968459984004
3.68363884939869,0.946015395330572,21.291914274613,10.2589142191866,0.0390648507965999,0.884928979146189,1,-0.688379446112231,0.722278719770375,0.942568661165023,0.34308279979433,0.641205950948314,0.257960283627966,0.764650400694557,0.326469686437319,0.77890753588457,0.331329280756373,0.777473219466699,0.321231012842699
2.27289169777024,0.425972638246206,6.99191389470462,2.30278711575836,0.31215808819356,0.545303408230499,1,0.190622577169119,0.420281660717932,0.371926334726142,0.23205557641531,0.657106835485959,0.175378800483119,0.52997508585027,0.233740291610403,0.681755024358981,0.217907400102693,0.28241007780188,0.249729476056903
4.59067258392416,1.09292104027837,22.8009543998687,10.8600295742434,-0.179500819642654,0.499471524003302,1,-0.0618296083721721,0.672061213733424,1.1327333883769,0.210224751838663,0.545364592478714,0.306300663242809,0.631885896411672,0.348909272040403,0.871956285370242,0.297143835954654,0.826603345694984,0.262051015796382
3.81087337612332,1.01492431599534,24.4481711656435,12.1101196842782,-0.540663502725928,0.257282751411756,1,0.800719579749877,0.792870949896542,0.688335281512283,0.24278604464015,0.815293086208673,0.333140936467034,0.74905047546756,0.378954740418941,0.748527677363748,0.312513857529586,0.714686875513462,0.296387536671137
3.54465112370506,0.622309641342846,11.8346506266444,3.62088613167352,0.00924269567173682,0.299301132783597,1,0.525432813811138,0.563161141173666,0.503828379942583,0.228413434299271,0.751449992323984,0.161544739267359,0.952865795060693,0.240999582395326,0.584018096766262,0.26802662895256,0.7406668187681,0.264984664899988
2.32510415321352,0.525389469050895,11.600764498294,4.05149553447803,0.868659358160144,0.0795508230449797,1,-0.109553995747365,0.558406311908682,0.554768500487688,0.262109156061591,0.709360540957119,0.217554171221442,0.624661034649098,0.245230402436376,0.587077042969383,0.240675984365514,0.741349979407093,0.151983550573257
3.81589762549619,0.733012384193688,15.3070473348842,6.20711096895179,0.869828186461892,0.103116657300787,1,0.747426995777843,0.641902636434437,0.304916201542564,0.359670179258408,1.00269965011102,0.197403709513089,0.365566960258164,0.319516017814585,0.96810152015254,0.184298396950211,0.535055844519768,0.330619417623437
4.22074056859393,1.09246600126948,25.4693490685207,12.5494911693541,-0.162369953463883,0.456493289487403,1,0.0927071955915507,0.507661765466357,1.11879247479541,0.238872227324534,1.05580315109787,0.296278051697201,0.325636722442356,0.404435905841524,0.976410667157322,0.258870705319062,0.656286637873659,0.443870213044832
2.68380671823213,0.817565175014787,19.5560699209646,10.2463467447461,-0.0369298915598092,0.698872084578971,1,-0.363645615583921,0.657522482000576,0.570319723595195,0.362493955515838,0.892676536246417,0.330798981339272,0.4266295174091,0.344096858008786,0.907951773587694,0.233851254606607,0.774202101762827,0.288977143632621
3.4518560656067,0.836272557967813,27.3571348744817,11.614198236509,0.192790907361773,0.967316343365705,1,0.384595147402998,0.456085855032925,0.715327218620545,0.25647991422018,0.795522573735123,0.266388711491995,0.929053922278576,0.231339728710911,0.910947738242395,0.291252851964256,0.652651559509028,0.339858499748226
3.86107003966505,0.995560122400598,27.501262643579,12.2768000488161,-0.0122176665139395,0.512362531786834,1,0.540062356941949,0.761718556685177,0.316175950964831,0.322338274440926,0.89992902866875,0.256040946916253,0.834747428623004,0.325057577949708,0.9775603341789,0.298435106609405,0.983492071794972,0.240080260423418
4.35815820721701,0.907182646615729,24.3602203041549,9.6601421512189,0.0192519743736659,0.361511226101661,1,-0.075508312171879,0.799218123473721,0.953947311098485,0.224051003999423,0.868259053339324,0.269141752751133,1.02235578538265,0.233920710228011,0.777451019269481,0.232289308561307,0.972427296038155,0.219306211700408
2.64257897751325,0.46231025386414,5.37437659541315,1.84751836970422,0.370006783697566,0.494257795394881,1,-0.245856681878463,0.552967241503666,0.68296655822846,0.219385265442038,0.61736993904624,0.185611494306682,-0.0994114421419002,0.258766275032363,0.472648685932954,0.219113963623394,0.350257424882358,0.218936602820361
3.35292094098192,0.807726011866664,17.4598247611428,7.41085256757084,-0.458911051857128,0.190164269746092,1,0.228298421130664,0.950106455854975,0.987081778837937,0.356746977100935,0.509181092038683,0.284480670672598,1.07787921887977,0.235460600883067,0.793618719162186,0.259703251091311,0.533158928661147,0.31003118717079
3.7237126199199,0.70707296553419,11.5552591294067,4.49802804056522,0.0482646555673946,0.492967802963643,1,0.574163210750485,0.446314774210877,0.459261298628368,0.223663168840986,0.834584445360186,0.226359904712322,0.500969740966741,0.284926120088934,0.856670789830054,0.227336148508078,0.679151869844041,0.277796547970794
2.46137853310723,0.59929573594765,9.6906001765177,4.19137172767137,-0.289558800634231,0.254591879252375,1,-0.308142574237318,0.475652189013471,0.619647402566059,0.274415081392305,0.513216064671953,0.245485531212833,0.791500557678822,0.271481114723281,0.654812292675225,0.284355775407919,0.439198917807533,0.228875696133836
3.58426114463318,0.694806284094471,22.3854134646151,7.93811448783777,0.062693568339645,0.521202239770364,1,0.224304476646008,0.756448610859049,0.966242014846673,0.223980619401058,0.805086938416631,0.180427056725829,0.276406688016621,0.261774178339649,1.19163551828915,0.222338769068895,0.722735611765777,0.294389736032933
2.16414048787169,0.583276093499045,13.9166499359359,5.28401684714327,-0.16033279393246,0.391559997414266,1,-0.197156065197748,0.580444906326704,0.642742638464803,0.268108175680279,0.975431646241997,0.204167716431849,0.646094020668412,0.21672707194123,0.566381871872971,0.239080851207488,0.176924220791373,0.307942878698092
3.90156114862672,0.72076193448335,20.8652379022196,7.11756284289092,0.267115112105842,0.742469953143124,1,-0.412888011277822,0.543951640257311,0.815411581064747,0.230057685527899,0.858124913360233,0.238291200157461,1.0215373988512,0.192495173600452,0.838184890015559,0.222760699411493,1.13048159111097,0.236158203031419
3.32044281211552,0.647385074947498,14.0431865222855,4.69995172665944,-0.442738918039705,0.231580453391329,1,0.260602797669763,0.709720648913428,0.836912110807187,0.262283902052529,0.800508861021983,0.182650197301789,0.710978070858874,0.191663552438633,0.773146202140828,0.211801182397328,0.787475630936376,0.249388984729376
4.83429492050621,1.12305446037863,50.9027798638713,21.1346598446302,-0.136116466726105,0.459365217723284,1,1.01256674323517,0.783740990530769,0.909422327326861,0.276428698583787,0.851048287449884,0.278938934006633,1.13367221334,0.335425592984346,0.942193585675045,0.318172652887174,0.742908683541895,0.313972703806402
3.7789325272876,1.00818435591779,34.8568420897586,15.7485500833012,0.145434164585783,0.587496872517257,1,0.551417613040623,0.615745079915544,0.89288375335308,0.278496087996333,0.269137901511979,0.29520828021662,0.654213249798473,0.278255709604148,1.12970186148881,0.220239963334596,0.812805222155448,0.374348373532376
4.0151660429351,0.729210155856289,17.6621121686083,6.47527096189804,0.839817849449994,0.144465179199338,1,0.228115481953881,0.513322031902355,0.796576218669166,0.217914957291737,0.874592516215368,0.248540916569633,0.872615126534805,0.279145833548199,0.731281885783256,0.237220001768728,0.675667925991566,0.288301229444176
2.41306590532332,0.739798995685843,19.0871441069415,9.02128737563216,0.393077663018694,1.1146668229324,1,-0.861008498275514,0.675037752624128,0.32112326640589,0.344900683848715,0.488666121142652,0.29290916250748,0.765493511419546,0.268097100691121,0.536455672235603,0.34526029950559,0.828075428907473,0.325137435062522
3.89086281300036,0.878340357877948,18.1785099622565,7.96945538919845,0.25326346339201,0.95195320888593,1,0.028229324460845,0.838242094426586,0.436821052404479,0.329702634733613,0.903956489596961,0.242762268122169,1.08611410646006,0.177842292771966,0.0953771481109752,0.441989983365095,0.995605001429153,0.323257670214348
2.59180969893328,0.578106563819376,9.7939985690808,3.80961486552404,0.0552868056735608,0.60212304369496,1,-0.356234190457713,0.530295927770648,0.800160251017953,0.245251337208465,0.413213265179536,0.332953205389381,0.467221265546146,0.305210725296043,0.824790340291662,0.255531669017796,0.589429441810453,0.230897669865572
2.52639980825984,0.626959977220439,17.9542774022184,6.37103671084956,0.0870339034808438,0.455442887172018,1,0.187050540111524,0.581497386571409,0.692062958391125,0.190209494674219,0.78321980228564,0.275976163545497,0.759819536849264,0.328412764095979,1.26158853569903,0.167787755480754,0.500611075332523,0.396110534318748
3.98730213207328,0.877064456839531,22.2411652303384,9.4165982025193,0.0761657484224659,0.809463098904817,1,-0.06477069276066,0.384618568781733,0.795340131134573,0.226392706489966,0.543925983717733,0.291316504356484,1.21854775205042,0.234578823096561,0.695203523465424,0.309403651883692,0.350529219571914,0.491860903658565
2.2573632348582,0.511584953313148,12.8742334869238,4.38820726050802,0.182574410875596,0.560701220252074,1,-0.469717929864861,0.444441470806102,0.785937775455813,0.169086472016207,0.49769077687233,0.238622898785215,0.953242332956979,0.200667350031109,0.514591280591008,0.286828459036085,0.87318302487912,0.26462488677088
3.90136859944998,0.85015087410023,14.7732721595231,6.32737027319157,0.717439832483541,0.299736597060696,1,0.992896467140494,0.642664318916831,0.211902124013796,0.323558427549918,0.587245659480027,0.275672309574118,0.592337144236777,0.337806207270709,0.484966618508782,0.320879915131259,0.543070451566014,0.284614753586187
3.84544984170308,0.720188074272612,24.6123479774555,8.23757468183184,-0.224007605032077,0.219932690015792,1,0.78826616016312,0.659002074931356,0.178367680347404,0.361932216883069,0.986620937970664,0.205713447869753,0.702984839461603,0.245745886731756,0.969277191438139,0.207470944415935,0.932427781743965,0.251131774131299
3.57945095103776,0.842372754533364,25.1215197913078,9.97160445516988,0.246363390328983,0.547114209898782,1,0.575811676291987,0.806429744731745,0.616889397672977,0.329752150200659,0.57913201119281,0.249212752623847,0.812996422852077,0.239594437711869,0.992534403847563,0.212691339994238,0.531782231931056,0.26669968220046
2.8978051406111,0.598355855923847,11.7109530757947,4.26279637898629,0.170122788922561,0.638500287326542,1,-0.461960944959011,0.508170469242701,0.872378496144555,0.227702862978848,0.649511172891171,0.229587931251017,0.933324405045317,0.228250814273888,0.352989708406458,0.317748673769407,0.738206188287938,0.275286031532872
3.24720092244589,0.830434565484526,18.6161408643842,8.2701513268293,0.346156933570864,1.04275136840782,1,0.479463630182398,0.702129201098251,0.678533673366934,0.209491465141046,0.659486360679145,0.264839259754944,0.597357316716515,0.30147684682263,0.51970411232918,0.330817597734091,0.655938389763468,0.365183386564623
3.29846389284469,0.770934484412441,22.9154432295262,9.75981463175881,0.290007788672418,0.785452313233389,1,0.171831264343432,0.496109150058177,0.346840468122379,0.249084946158559,0.785704251892628,0.196920808966969,1.03842543774064,0.289939261730104,0.966853958297822,0.226466705746318,0.4304165897013,0.392354938514753
2.12856814018642,0.574265572601755,17.2549430256427,5.71430666123441,0.28688853763651,0.631221710406896,1,0.170177545057942,0.543432246205681,0.699350898019669,0.267021268637119,0.851809453653833,0.212407980894993,0.675631143976676,0.2031613843976,0.681418184857561,0.210738149906682,0.353801426314684,0.301445719577755
3.53776398774237,0.776186199961043,22.2828644818691,8.61731952938785,0.780239566669126,0.262923928032101,1,0.790597018293873,0.504836333832775,0.740114810073293,0.228798786166493,0.838549646545037,0.212867667796471,0.958208995165056,0.22945410707954,0.686699757328061,0.289955199058009,0.671455334352787,0.320550073433037
2.83909231955803,0.935402924840113,32.0563496607309,15.6643853450192,-0.0893250852070494,0.516870972825329,1,-0.532241596249061,0.786307838086208,1.10898010318427,0.295979456573754,0.707283357505208,0.308726335928179,0.703273960803387,0.323905244218591,0.662422048508291,0.25451728016293,0.854771202758997,0.309561550373053
3.14092506012074,0.60480145864485,11.2106882756959,3.8472075870224,0.237690635701372,0.459596889594788,1,0.0315437748551582,0.417333140867796,0.872761001496756,0.226277760017691,0.658240473635496,0.233693683383022,0.646692919222664,0.226615845722137,-0.320152708155138,0.430472594256446,0.821105853357797,0.221324385873524
4.49937334520208,1.25717169080023,26.8820782169707,14.5486973249307,0.00121604983814307,0.714709409260474,1,0.746796907667246,0.995195286753081,1.03770849362033,0.210943678482925,0.773033269358613,0.307227734454149,0.855776597935886,0.420403648823347,1.08865416432017,0.344940732785355,0.599099529765417,0.374776971079471
4.22864542452196,0.875587997539567,22.753619729596,9.40411351428828,0.348508179671047,0.696817974485012,1,-0.72074505104263,1.07249888038734,0.953327762466531,0.377116306159068,0.731739992741832,0.323755186936946,0.808703003721957,0.251352933079567,0.502172997914434,0.240945728679065,0.827496527108373,0.18825877360097
2.59732011280491,0.595255417642296,12.0188108203477,4.70036837030984,0.661563269246682,0.47879151104459,1,0.289912194767835,0.534693824469045,0.836570687373299,0.237180547195063,0.417529930500556,0.21782981091952,0.668073878750852,0.233317899155984,0.453778926160987,0.241107763017269,0.721184532544671,0.281369767167561
3.6396777361911,0.73676036798525,15.1180936144898,5.81157927968122,0.291789398524386,0.584970984314429,1,-0.71993800353208,0.771579169577906,0.798636465930858,0.260320870339149,1.12060288298317,0.178947215541404,0.418906650083316,0.270019380083968,0.702936539431244,0.253758785337187,0.388599878169494,0.316587128010898
3.32525052839454,0.764805460250111,17.5687732893357,7.0369706759757,0.120781549936693,0.477334510731255,1,0.119387987908882,0.584141650347545,0.783663240259785,0.260665130230439,0.610868771228174,0.251078516734486,0.613494462966772,0.203649382515726,0.844354168851163,0.212495839706029,0.601066546435309,0.305733079729294
2.41324456075185,0.614334491788384,13.2981017110228,5.3037079939401,0.224995847346261,0.537093928605938,1,0.53835805273632,0.650300713390076,0.500890299930075,0.267452818065508,0.755952463678114,0.20264288276385,0.607336923822897,0.256057135747428,0.752958083067311,0.242116258867375,0.414860586260154,0.311593922505497
2.34148122642791,0.603409235851328,15.2748762088188,6.09746834265091,0.0484597891104952,0.351329882699872,1,-0.0302563934960581,0.456189681542746,0.610198545551109,0.212829858778255,0.733719218687267,0.192304271832148,0.679133610892836,0.255334003936206,0.430832426905688,0.348476913343592,0.368874413787464,0.3048374961212
2.84554930769198,0.677537156947388,18.7921458074269,7.01670702053152,0.562964892779597,0.342951977929076,1,-0.649127727748082,0.415639134988964,1.13888767612616,0.11076261609887,0.621060618448629,0.273928360568598,0.612053138850813,0.317365693836438,0.709221952555673,0.25478808471154,0.784402604389095,0.244110254218037
5.63687673726579,1.67017964756655,42.0580035680352,24.7349490520394,-0.546560731349578,0.289346992924689,1,1.33971158791947,0.69455606241595,0.53767351138096,0.428886664687196,0.509559113720428,0.418543064962977,1.68828589709401,0.318327726087113,0.773094070859438,0.362961656775798,0.935115897444965,0.349627555605324
2.02651170323793,0.491649719240259,12.6468904342945,3.96559611092454,0.0268277046352788,0.385751416067583,1,0.592230088325246,0.524581650942675,0.387424696269395,0.274093165167343,0.641013201693749,0.215128704846981,0.660030540586553,0.212634731279986,0.704036372974325,0.225957623933745,0.447948456443902,0.241355017091291
2.3731241447401,0.741216537723356,18.7365662611093,8.16069545690206,0.0203440851308338,0.484758917147808,1,-0.360021681382371,0.828460052004862,0.558732978899447,0.28113254134188,0.703522557885804,0.336845352662776,0.616717285597295,0.26880219382616,-0.0892159318014865,0.363137275817915,1.03259593579441,0.262386258595542
3.02147695201323,0.59356604222828,9.98317562797143,3.81515419388803,0.26820932046637,0.818297785858609,1,-0.0684307731972391,0.530772552081259,0.356847428675635,0.379916590405872,0.596921196635524,0.260452033275476,0.835449416223849,0.220801436010783,0.252286659517246,0.304079032076739,0.82969690794303,0.237724297495618
4.04291836727379,1.04895744332662,27.9807142401422,12.9444911141985,-0.117485375624584,0.458757366672655,1,0.360282055563231,0.590627436023722,0.76861101805345,0.225132780480331,0.473959100786311,0.291179722611241,1.13810007873213,0.251233305713769,0.675459060105314,0.278182862245205,0.811724507838383,0.286775222593386
4.22149313282115,1.15085334885823,25.8702379953007,12.8876712221817,-0.287628453182685,0.456460851962726,1,-0.604400028310035,0.765937139795394,1.20214588175737,0.346870619732852,0.672901894182744,0.287645990856482,0.898621375672191,0.284072442604694,1.0387896962212,0.285497148793293,1.0899658962498,0.290027863695138
3.4292587171002,0.840270213883556,19.0085813158097,8.63701001290871,-0.321543878590996,0.39691275294488,1,0.710622130380884,0.754085123618632,0.380070919416795,0.378299858063318,0.736536699756311,0.32258329590264,0.529628454690287,0.24583137271355,0.771937134755127,0.275559979565047,0.82080706330164,0.233410983779035
3.38264038714689,0.845469343473873,31.4627971778479,12.4223021439135,-0.0770233237264375,0.231555972753714,1,0.632749490362154,0.648035569441994,0.41660474231576,0.297499535866426,0.793559298661368,0.183950074044134,1.01829833318211,0.232292698536704,0.796779463532416,0.258799067014054,0.9766011191256,0.351477133335973
3.61455816252782,1.0850157052005,50.3561015033273,23.4821678417026,-0.0777860284680187,0.492057525097803,1,0.371159673276679,0.669809371130581,1.24461817507138,0.19227342581876,0.367481487334986,0.39480795544512,1.10856835928077,0.306737845176888,1.10403358508603,0.380034555315644,0.465467800862349,0.366873808079557
5.72959874760512,1.35415441547363,27.2567537072168,13.161913650431,-0.46408992892128,0.344599098163201,1,1.13082133880939,0.8537971990199,0.367406936322405,0.350784299315716,1.41787347878747,0.220149620427394,0.978117793912316,0.270354020441013,1.42107837594748,0.280093585534591,0.514424805200076,0.416589010751976
3.13717088004832,0.8053656314992,18.3115934925049,7.97189016203813,0.296365542099547,0.796987183214293,1,-0.121782404401847,0.633933975883189,0.90897215293251,0.320600605420342,0.843778206699751,0.241304776022497,0.783687877269822,0.247236292542024,0.615317136855488,0.249923012791969,0.776841602123844,0.311266423626253
2.61364511836915,0.502012213106729,10.9547545647391,3.61052744212221,-0.294519711317667,0.223046074571126,1,-0.142987562323211,0.487739230202979,0.693484206958178,0.227362815342661,1.0274202247419,0.21623816400363,0.502181263510301,0.200539727628005,0.546095233861428,0.220993414314729,0.771027395496004,0.24838554718491
2.51789679425238,0.690733150126973,20.4719239331652,8.46904549800074,-0.233423567802888,0.292151848203573,1,0.212696579351132,0.615257709860344,0.633950504685965,0.235203743020416,0.792642913870193,0.225386582742445,1.02522000565369,0.210388883216791,0.374211898279823,0.310185865871824,0.598747823347791,0.374987124955236
3.2095697378362,0.644991005926426,11.0005755039153,4.29850000406048,0.739819928667243,0.282975145543898,1,-0.0327660270271329,0.504554687643981,0.626743925375828,0.21543999878385,0.542792633332859,0.161230034266223,0.822449881786215,0.204815848215538,0.703315438446216,0.301537772968913,-0.163400965722569,0.435212356853287
3.92220853192052,0.631474119057067,15.2030636855112,5.07219083002058,0.446458284323208,0.933290793684719,1,0.696000161712972,0.584284184175255,0.573611365913417,0.298837282661566,0.971209673251026,0.18348230425485,0.66714018488203,0.223469740441707,1.03064331192986,0.183136214330329,0.639604153494098,0.258775115367825
4.15828360877348,1.15821930199924,31.3360600064427,15.5431297421258,-0.420890286434503,0.249265298853455,1,0.452126938483058,0.673106498315074,0.936596396408018,0.406846554495274,0.782285408077887,0.338995755996266,0.549017636438811,0.382665710681798,1.25424025460583,0.177731157747039,1.01414139180295,0.323811646590513
4.40923270617731,0.904711562513167,26.4479085629662,10.3260772628535,0.120803254297991,0.455299062171589,1,0.36279319158154,0.714601663881675,1.03018294007778,0.255646797427379,0.826347114384519,0.183499000439114,1.16921485273071,0.223192280805492,0.550131744205745,0.306494614299047,0.704394019967031,0.291959682216324
3.04988996694673,0.800223393096114,22.592138245629,9.44291014229887,0.489887630840989,0.767034208111315,1,-0.0083907020525837,0.566631297816134,0.805735242353032,0.222862824718282,0.822457848185898,0.207494226480339,1.03263070576837,0.255302124090612,0.324991342767193,0.437755207559219,0.684202664791548,0.318075806038595
2.67560755071486,0.522409807578329,10.2432371451389,3.57648235748096,0.584049209908831,0.516699787063249,1,0.577631474973091,0.587025564757438,0.213608590915664,0.285830946804489,0.676940579585324,0.185546160252133,0.613133440514179,0.187068134269985,0.764270066129381,0.259288009410486,0.560040012712429,0.279539178526291
2.36781451548016,0.650068839362775,19.2760069979794,7.41130945208902,0.25234522259293,0.722080329678122,1,0.778797482403983,0.605229573152266,0.505844100689063,0.296246640528912,0.570119282987257,0.240889674841733,0.879569113738335,0.214672478680388,0.815128945428662,0.236105210263332,0.899378270403374,0.225620011278869
3.04420166979598,0.656365703928907,7.48917645239119,3.28729450643713,0.330609736757386,0.783283330311258,1,-0.828727785013942,0.588250211408851,0.665138184073809,0.247904204734415,0.965977951797088,0.250250443401675,0.20100715031885,0.308979255828353,0.213142561095784,0.281728075256625,0.441218971242425,0.289873350035892
3.35400641162319,1.00149216922752,29.5884226281926,14.3597375314148,0.371101063916845,0.765121959379794,1,0.945183805159545,0.742818093215596,0.696638066939035,0.290035551003022,1.09795268143337,0.285488046629169,0.936663310505942,0.332850558628842,0.383061714604602,0.29759102522837,0.424310192673243,0.381740552128461
3.8158415632974,0.749371475269434,20.6320213186429,7.22442813557599,0.301119379199382,0.616857484843438,1,0.464442770880384,0.44228019718556,0.642491950861012,0.20373865476403,0.881157903852285,0.227514127143483,0.712145170676139,0.258337883724626,0.6507250215032,0.217600562987592,0.316173631399994,0.279107905471073
3.34628459362211,0.58884093060295,10.0147256153533,3.73768261616897,0.219120664599924,0.526316340798507,1,-0.0324239490242472,0.58894677945292,0.703382065093198,0.261558158384198,0.680705899090324,0.242287342229184,0.507692922438393,0.275624159004742,0.689402916575131,0.189109037389415,0.784246513165938,0.283306045253666
2.28638276103891,0.645432291043299,16.2217779513025,6.60409489914509,-0.303363528333453,0.246453371242138,1,0.259546041284557,1.1728746936324,0.705702718197833,0.366702369593844,0.552016012866038,0.42564316659114,0.830357793687164,0.234215033907517,0.558248215591654,0.213629813545198,0.873491045775332,0.19298927829148
3.04677727150908,0.727187786281198,13.868842941641,5.44608048672442,-0.368627250100692,0.25470766463863,1,-0.261091322417567,0.821789444986603,0.775902055925709,0.231940530401644,0.932627971085296,0.206200098508841,0.823188852926545,0.214986363439735,0.502380530828067,0.300245373166451,0.948684030697001,0.236885690100487
2.91341906291068,0.738622232407141,16.266090074051,7.09595562239123,-0.177877630776036,0.388417879964385,1,-0.421829931212528,0.587853828593373,0.658880389119751,0.224506545375523,0.781968316749964,0.285666552598597,0.578897756713483,0.284666484640499,0.934397704341297,0.226598650473349,1.04307960052079,0.347639526459872
3.98576813963153,0.951635514266585,26.2128758329948,12.1487715632464,-0.426003536859995,0.275435138523754,1,1.02769308653635,0.595546129870875,0.540904204615512,0.234389248335019,1.11348518946888,0.286463115287013,0.502579680613076,0.394105720505437,1.18209826414973,0.306385537326312,0.961867907901663,0.311331254181526
3.12275711609683,0.635165057364649,15.2850858774029,5.7662420584133,0.550713982542557,0.7918601652362,1,0.551163618264717,0.574685025043636,0.695960491669707,0.22858965367526,0.271190237133545,0.280235559478866,1.00198131936461,0.235089197795659,-0.158844554719752,0.430237477719129,0.271453523198174,0.328904999227375
2.86427154361541,0.679116749687364,12.950840314621,5.93490226809473,0.0539705822983602,0.570078624790064,1,-0.601570250573526,0.485564825228951,1.00145821007188,0.185790052450891,0.782719391382426,0.31349926952436,0.760576965473117,0.293959117361433,0.428300735413218,0.329652168432402,0.643216628579844,0.288935490760597
2.78785570296038,0.810705101194606,23.7142668386767,11.2267855547913,0.162707832622943,0.736527612064079,1,0.769559058427656,0.714817248865072,0.357761378925245,0.308474236581025,0.827971134342507,0.21796588382195,0.717499908860255,0.288923020289838,0.00805640892317751,0.578952931644641,0.877126778175146,0.332193973127388
2.34693677239459,0.75258566249012,22.4517915544508,10.673189938383,-0.261588729982124,0.347820105613526,1,-0.0577583884100282,0.560804943123676,0.617855295140385,0.304583806034151,0.76418719074776,0.270590124864319,0.550331208132556,0.362540006708538,0.690624725948263,0.313348276584724,0.927851489432008,0.299531962255449
2.63643570895355,0.636646390989686,13.3108119693779,5.26688108508644,0.0079284718660864,0.348058131942977,1,0.713330687092516,0.65667373224014,0.383144911730611,0.30291854376992,0.514351935139056,0.267171048842592,1.03406179069608,0.210602840983689,0.269727679937889,0.228631932178228,0.570519914281462,0.286276392863944
3.01023933594726,0.635589334099028,11.4827396924265,4.57695805449029,0.420739549696161,0.725661681036906,1,-0.254304566313363,0.467958639700521,0.676251917862977,0.21305353815263,0.732373757336921,0.197095506790325,0.728218566011386,0.223487712019261,0.40511961395479,0.313500845367536,0.626165002849872,0.318820738624598
3.56298579479713,0.728472426205522,18.3938344259136,6.57088807380903,-0.411754748209149,0.245883184330639,1,-0.97285450001475,0.630437829702038,1.04029765594632,0.270333435995704,0.676940169506614,0.249156259309394,0.917367626219923,0.248400758042868,1.01984592356975,0.217200566562789,0.830256674975051,0.233176222686616
2.3543692843586,0.52607382023237,11.0081616627645,4.11693138529379,-0.139368622373369,0.291399493918302,1,-0.0534339685389094,0.549908932360827,0.636119558078919,0.201987960308835,0.523374544190259,0.206102874335609,0.51129365723671,0.309385166838519,0.356102587657634,0.285752549087518,0.866607277064316,0.228503499371111
3.11035358399672,0.735934124103358,21.5244740066072,8.70814306694043,0.204287028811873,0.497794656691535,1,-0.221218912352194,0.545391730698119,0.635575979781651,0.318729940317801,0.970142673609155,0.25748060516838,0.968744174889758,0.227882725234894,0.87751472708395,0.225530457365076,1.13600104022793,0.296135273283343
4.32944724229463,0.87294744811028,20.6166372814708,8.30553740643184,0.344091003765349,1.0886040657433,1,0.887261941985021,0.649102241061281,0.442594440523178,0.354024126778046,0.899335073164701,0.196589988601538,0.81120426467517,0.232340503491696,0.633933845750712,0.22933299006419,1.01837383768038,0.272743451233429
3.55737167173097,0.638481112969245,10.3637528787171,3.79086113756666,0.199125905130462,0.562167083161311,1,0.163460284085719,0.471602598184496,0.358778753707477,0.292937433930889,0.774912570584898,0.226158623507038,0.132317690386891,0.333889071647665,0.586315755702175,0.239733944836266,0.933282472923513,0.191214076739148
4.68216948896959,0.936358865923494,21.7113212232751,8.5414343032251,-0.15208323716823,0.432116677546702,1,-0.274525477339667,0.547294547558586,0.542581373768865,0.340290864901727,1.12356237127611,0.196952984008352,0.960203368776782,0.231251199850086,0.721356020902079,0.257266952244702,0.820926674226418,0.259483314019301
2.05880124366438,0.496822701497211,10.9137385554639,3.80710471835369,0.113093437095199,0.290840562373737,1,0.27663163122568,0.772842052447949,0.564409701365043,0.334520657867058,0.506817028678309,0.24289645199846,0.665705292806396,0.182060959923149,0.680639910518164,0.180310541869175,0.369060155031965,0.270287636434243
3.61523890048269,0.95771283816155,25.9055718554233,12.4550788698267,0.125479458156947,0.850733519346257,1,-0.100078557708809,0.656303120738885,0.728656705326708,0.293513064278235,0.622229620727378,0.331061673579281,1.06612079162709,0.245618179652976,0.437585974400492,0.352625574691995,0.704238301061346,0.316758760341997
3.20470684382557,0.692236242532478,15.4439211282383,6.30977905187961,0.135161647707212,0.66753836681763,1,-0.254023275109261,0.513234432570608,0.799295135633846,0.207296892033149,0.543247981132811,0.261720030210169,0.587940370491144,0.22881756085118,0.671959908471311,0.236796524674466,0.59059687544554,0.269406514549839
3.7664582044722,0.844760887632706,23.3942202735182,9.64978116678169,-0.0254352977310717,0.459237426701193,1,-0.218709628321466,0.596203333646668,0.795101525978654,0.215385317367729,1.12150701957864,0.258514345196793,1.06099502067833,0.306193674089889,0.25913137971956,0.327847052925563,0.717159007789056,0.251830944857017
4.46799840374404,0.837015726692988,20.4230454680352,7.4919169067501,0.00691451820240514,0.251845580068622,1,-0.467080254674114,0.771429173711104,0.526848344389568,0.26242443633374,1.11296740316577,0.217617369411125,1.09898185259838,0.207223944466705,0.991951982282251,0.205193653376858,0.954727859846849,0.240191827521135
4.54245099722784,1.13113449056657,44.5043139570873,19.7517214428153,0.290115864369866,1.00696505767895,1,0.636095051751113,0.836382191835783,0.95436087256047,0.18478936393348,1.17246879867465,0.282490772928653,0.82626147922963,0.434189213426205,1.37283151057737,0.244748243062855,1.41332152302723,0.21383892431684
3.99199561596336,0.93593443813624,26.9616098225611,12.0533985260361,-0.0183768507835494,0.530405422198797,1,0.373827628093456,0.834366755721762,0.557627865698892,0.394127678577614,1.04161074191338,0.169494119423914,1.12143510168794,0.278046500156309,0.63242481455691,0.36443586710895,0.885284478958862,0.248973194588492
3.86763923323506,0.71867558984889,17.1305438224188,6.63732695398909,-0.221815773962791,0.293279110229734,1,0.405922472079269,0.376052908534775,0.78515633566372,0.237814216139688,0.600751783961171,0.241822161283656,1.02342460658894,0.228375257920877,0.574874239850105,0.254352770293751,0.69060715767123,0.228743922115118
4.15063096569184,1.10536502533663,25.9251959766649,12.8735540463206,-0.526229203637341,0.280729996362414,1,0.152457581403545,0.793125547078445,0.847139348810958,0.348211638516322,0.92172700367154,0.243121432573364,0.79159704107387,0.276594662125993,0.751596061433239,0.308487466317659,1.13729185407932,0.308722379611889
2.9832156545596,0.648680900324124,13.487772691854,5.17068074310138,0.355415787310554,0.89851166475051,1,-0.312638747958483,0.566411509304555,0.747870231452727,0.211676977135991,0.760613352115077,0.226122781532804,0.32539340510653,0.305353660346251,0.736586668132333,0.272174460587937,0.807096153212038,0.253811850783599
4.76391214233148,1.28247971636087,49.2485674189101,23.354529714939,0.251825874494998,1.58561900748041,1,-0.73368155181536,1.13968777411397,1.17576805071793,0.287025083220103,0.882285717849423,0.388619452004903,0.929177541004092,0.283415388020525,0.859564716662782,0.333666026166421,1.03975995132032,0.410498027983346
3.95572374955217,0.867576899893032,23.9940003043934,9.14224058044238,0.596323429804249,0.301097030699417,1,-0.495124664014339,0.353621906946741,1.12542082655254,0.218883890857097,0.484836175736721,0.227673729030492,0.788020336314255,0.183708398395602,0.821224996356464,0.225702754029712,0.69502555485709,0.319766833149918
2.01361278910587,0.484997679552825,11.3126668605431,3.84388270009327,0.681812662852996,0.341225590248408,1,-0.459864166652425,0.518514369166544,0.680142622927821,0.196603372433998,0.892049638567555,0.230547063472373,0.370947481172491,0.192191853871986,0.564191968782575,0.237743597781798,0.403209909803375,0.275439119830912
3.74374091608901,0.785099492392091,19.1233697555543,7.46419769661056,-0.244635163652925,0.353276897291678,1,0.330273944558055,0.648653314330125,0.893926520436162,0.280086998981488,0.811483774002537,0.248017523679728,0.980617482659344,0.237337403836001,1.07631884755273,0.246636754881792,0.585673032712235,0.225912355889454
2.50975477317234,0.822932226743595,32.7772151019408,13.4710965127905,0.660678984582527,0.727448714655999,1,-0.549939651031837,0.61238546968702,0.926921039288381,0.248450781838284,0.795177411976902,0.264297077374682,0.621004831934846,0.272509350133781,0.713303946067685,0.26669666516099,0.681887217780119,0.382031592421014
3.43499820391473,1.04841443609022,40.3031803043527,18.9824581350323,-0.571765850951834,0.193620040010007,1,0.741695419780555,0.591646678863012,0.909779272885781,0.309092147887151,1.03215902404429,0.275691824033364,1.00216307274535,0.254396681842568,0.661405051869207,0.320945411951821,1.09787477148674,0.256849397061731
2.70976515638422,0.711347533442696,21.3343954457925,8.54606424383853,0.0818772301641174,0.5888255038127,1,0.656110618129874,0.710221972124923,0.671466190791305,0.28924165927863,0.434728593231824,0.339235777423461,0.863983961516595,0.258745369560025,0.684214202276647,0.21140453051907,0.242382878428046,0.270703604667571
2.79903531864088,0.506611590394462,10.2837167461102,3.26577498908533,0.125741515644797,0.464953830418683,1,-0.0719803563860098,0.444360144020129,0.598504539067655,0.219432764508471,0.738007124280701,0.18326910924035,0.497882911775388,0.251819747957766,0.39802402243183,0.204730399837488,0.625262992241864,0.24309741814436
2.18423480303978,0.543744794100737,13.540612239982,5.4145229064147,0.385121426348386,0.893706412698595,1,-0.0411772028713642,0.482137259732373,0.594585078665299,0.198323519056589,0.687129163925886,0.224104698416848,0.408974026457079,0.325017996338946,0.304627843802478,0.3290449254721,0.63095810493,0.296476906511696
4.71021798841391,1.486257010642,35.7076961668994,21.1576158563322,-0.147797889946582,0.514855167077913,1,-0.058706610102954,0.640642340382944,1.23406261251822,0.320641832623205,0.635070541488924,0.336070205393136,0.991229340256185,0.322019893833707,0.98895283542849,0.291519888066561,0.667290074573186,0.464258747488276
1.99922030712068,0.440677722725124,9.10316627767686,3.32786714345074,0.0418769389427607,0.520457926978115,1,-1.11494108370357,0.52419306918466,0.747970534875496,0.246143370170929,0.387735870554972,0.226465361073766,0.846054495464035,0.19769179307262,0.189220692886965,0.357598464167066,0.741447182608642,0.256581672523288
3.2733390233126,0.825061900189584,16.1327788169594,7.3994746350292,-0.107731092610423,0.495488040257208,1,0.1291826840835,0.691607869892743,0.860815296486056,0.247647523276319,0.790442030405018,0.235926190033655,0.820459334856251,0.290162262078103,0.781246182051906,0.283617794571021,0.518042095473218,0.314366460826987
2.39366442575145,0.546396876215067,12.4074114012845,4.62126716947096,0.136847903307549,0.486730196867512,1,0.136701397559904,0.406899147159207,0.493679831682316,0.23549517155836,0.689910641573435,0.212767982115257,0.597055758942022,0.234960795357391,1.00181949338152,0.209129962467236,0.440343067146716,0.300494552156319
2.80265837299452,0.590294077683853,11.9429046662094,4.05161721600266,0.791407788687692,0.265708604855038,1,-0.206186034550606,0.561215695612828,0.594048735913738,0.258700072435344,0.504670648222428,0.234710973145976,1.06886386945995,0.24100539779272,0.361511071885594,0.278667742565632,0.561720793046875,0.255792838332595
2.65768851549391,0.780394751669712,12.9385111384819,6.6824794942522,0.290723520722965,0.668158535874515,1,0.310299885418485,0.437010328450251,0.765470161036642,0.288239014683113,0.608769299104567,0.263956121107444,0.371853978395713,0.479062680953382,0.784825597324778,0.366171393725896,0.618215691292978,0.360562187183975
2.89699442821971,0.576884635646438,14.6357761178599,4.98575815379108,0.510671627397081,0.758609817241669,1,-0.177739399955537,0.530910443200912,0.602826869131483,0.282007477257987,0.608537414037314,0.198652903780299,0.785052458445829,0.201677698349665,0.757656892857542,0.207326010975701,0.342281768248589,0.276512335004131
2.89561381775884,0.740130807261375,15.6753395976898,7.56385382413041,-0.271531505172369,0.369998721947208,1,0.226770849814759,0.58840646791822,0.43188284280836,0.293503945008419,0.574858202625245,0.313543197003541,0.814491168664944,0.297281183321791,0.844702311535933,0.284773270279943,0.374863018540399,0.38992016468463
3.38833611046166,0.760693973880385,13.8427591795659,5.923347832139,-0.0303471899945869,0.620265603702812,1,0.0966708548886591,0.527573716730757,0.527164292032331,0.290584651683359,0.489229680942429,0.29350428320252,0.57276703203858,0.31584709634559,0.765282991620038,0.252341585020518,0.942651164520092,0.237094066810255
2.96498038006729,0.559224594983233,7.79652036503232,3.02101260227199,0.0020083366061938,0.394827355522631,1,0.179520720464318,0.476231844569199,0.326538721940656,0.223171956354455,0.874003835408334,0.189599212084488,0.806361284364113,0.242841050751085,0.491081590520739,0.321345819146534,-0.00737408124025915,0.391494616288001
2.17306308665856,0.563331098367967,16.8398658885647,5.75569087541075,0.198709164019802,0.401302335659357,1,-0.8910667017343,0.522159968886549,0.72767525808955,0.216370854375093,0.918448587312638,0.205304651981213,0.5250259583134,0.225889479416532,0.926463530526171,0.200106500259316,0.125270946147237,0.338924344605334
3.28590729651729,0.86321833876501,24.1470415321661,10.4435368674732,0.522675718550352,1.01789728712792,1,0.13479270601429,0.655381643100709,0.939078412745714,0.209012061517127,0.806847535847522,0.221655436409272,0.542904405807836,0.365997745559023,1.27066770495941,0.272096150361023,1.12910233042835,0.282827612409929
3.49296249327486,0.734391604218247,18.4214105784134,7.39824073398877,-0.322114669153622,0.209403876695978,1,0.23038024567013,0.588222992221323,0.843125606347077,0.278523717493438,0.589423753316883,0.301284135439209,0.988094281510557,0.136965822515061,0.644123985160175,0.282395994378899,0.650705861334416,0.310727629051291
4.04687618217679,0.809414735038119,10.984684094574,4.25598235190163,-0.211023628148041,0.326273521873794,1,-1.03558479195109,0.615893531280927,0.876672737829185,0.230604905679008,1.06622666727987,0.20692555037071,0.337165281486835,0.224802676331943,0.969408714055676,0.235681646849429,0.780236037098146,0.351027305984001
5.76042175646115,1.97178264260536,81.3670750166785,52.2464607967159,0.425072129464714,1.19488633066807,1,0.368257567195863,0.589972960119375,0.845101590118298,0.334461115235775,0.94320860003815,0.402011816752327,1.01922968626917,0.474076504411038,1.00189287357811,0.398948106646327,1.34063532701876,0.443519314771866
3.39864854472988,0.811437052222692,20.7495437886421,8.9443280447098,-0.312718836833465,0.354753289908842,1,0.271207527002608,0.562091594385619,0.568553715338522,0.306710320821883,0.41303869273212,0.379784098826369,1.01940692212196,0.186325704083805,0.882429948399401,0.248824785313204,0.0888778907993693,0.394018004554435
2.75485681417918,0.780081630434208,15.823157983022,7.7971523039245,-0.237863143770612,0.520571082075111,1,0.606630644592111,0.607907028711225,0.00472216017599129,0.345368875852175,0.769158809501139,0.243130187509648,0.893030411741946,0.32859456358564,0.707740174405911,0.264954718153612,0.820808104549187,0.301145200492274
2.26222499163197,0.608133196140987,12.378986092413,5.63241935529924,-0.138045561762426,0.443481349891661,1,-0.273653631723829,0.605536268978706,0.91191138780661,0.260521275454446,0.468111433868785,0.321733328439885,0.794484759743567,0.299820492068091,0.669954839856716,0.273961776937511,0.767824151812726,0.261035328317019
3.32067492280444,0.878738441338817,20.4214782286686,9.13390777214272,-0.452181506959604,0.298399384591414,1,-0.124580601979372,0.430982860587958,0.89990288768832,0.251070654550531,0.887923422724721,0.246765375727996,0.851111519552101,0.275181650939765,1.2872160503737,0.235294737890549,0.156964961128957,0.442884073689557
3.08198042848271,0.619456833305574,15.8759194628536,5.04308468068982,-0.166549896380784,0.349627582493343,1,0.177617984945013,0.551675825092158,0.704975451677131,0.241436725626059,0.369646840217705,0.255614035639145,0.746151293904882,0.227744975425582,0.889273937559438,0.180477655226969,0.520711822397314,0.268400082045166
2.35266463378085,0.588027120677433,15.0717600503974,5.53224574522808,0.144043902281,0.445465392949051,1,0.93391036729611,0.717571370272543,0.39384508008977,0.320765300555931,0.723486162095744,0.206242126683042,0.507156191339216,0.274526596924741,0.969242886345726,0.208576460006113,0.793972224238428,0.276642808237348
3.14051173582891,0.659135279399299,17.1368481234434,6.81702842047449,0.253432257799585,0.572176220417306,1,0.59955109526795,0.777063321272199,0.303921964207836,0.384076886501687,0.671991612424734,0.204237277381083,0.477576361664183,0.267815089924884,0.688716405549157,0.197228939880317,0.890931763968663,0.289230171558616
2.64490682919704,0.655308216036588,12.6607334153054,5.50022911029788,0.0801017924903391,0.607679245444915,1,-0.4177874638502,0.4657446107569,0.545431117667616,0.237085371665263,0.457049851923305,0.253003482259763,0.5768724072439,0.196226279122162,0.496837277490942,0.292491189488172,0.632398321938604,0.354408749398515
3.43253005201366,0.592069305982105,10.940049700903,3.70201883374517,0.458080728487418,0.359182063341584,1,0.551767582235102,0.601975217111343,0.24566251747809,0.289309557370261,0.867501090448792,0.161435375107493,0.612383963281652,0.260619155878574,0.730630308279795,0.219467079158303,0.935059040941181,0.224044393915036
3.46956125510722,0.684048298064461,10.9601755610286,4.31044293710724,0.463425373695619,0.820005190324443,1,0.948717067415947,0.555232725456032,0.776252183676694,0.19405441530308,0.545568784266498,0.251706160533071,0.952059609415458,0.239006129962307,0.411268688364579,0.285040506736797,0.297768473165193,0.377717410447783
3.48628360522708,0.600606636158137,13.4237681764974,4.5083149249162,-0.289051661459039,0.235694230193867,1,0.133723655076776,0.400793146280888,0.884623613841216,0.16069307148845,1.11430251518858,0.166646403087745,0.759367834455453,0.264426836054914,0.67535065774033,0.277613031414339,0.513703222087741,0.375516994978984
2.90155422157047,0.629358554489373,16.8401199060487,5.43059090765565,-0.326250088623683,0.170230982512206,1,-0.363899966499172,0.616418287746688,1.03920916199046,0.172115524083644,1.12549289699343,0.176970963358327,0.992584341250793,0.220907735366513,0.543942696161799,0.245255692407245,1.02413736445683,0.233929901492272
4.05821802120562,0.823445844891679,18.9171060074571,7.59647076548482,-0.0189358400717024,0.494760858626097,1,0.196502442403762,0.674402395174941,1.11822977156004,0.276306775531859,0.23333298777725,0.292539167779765,0.855878917286779,0.213457395332595,0.938372315563436,0.254648958529829,0.742943939054485,0.275181036853828
5.45904557996538,1.2688830156199,45.5614045214296,20.8217162280127,-0.145462243637378,0.453478953309544,1,-0.415935162912834,0.697689206649505,1.31766233013027,0.274920714776032,0.934572557662109,0.337288554698117,1.09046667496111,0.259089668731116,1.08564338119966,0.249080397266089,1.30149165098347,0.302843067926542
3.17777684652528,0.883395913116396,23.8806063861928,10.9936350137418,-0.201937985815688,0.475997421124194,1,-0.679590349785635,0.967302951121412,1.03658226293118,0.32963919236598,0.346033691038176,0.31943353585341,1.03294231556237,0.247393044114073,0.61078563101965,0.301538351842981,0.933205857278931,0.249758273908461
3.17520069601641,0.691732418404395,15.5007937779498,6.72128698222263,0.137735504171899,0.65784753652394,1,0.544283170579242,0.416693193975866,0.759147743657589,0.22804529284842,0.538817689136431,0.290497122924822,0.424308003189069,0.304586049241889,-0.0020160078154408,0.458726720144064,0.584012886078092,0.247220731925756
2.56025763519473,0.630325982446589,16.400630354711,6.10188235131359,0.770974765665122,0.235078454905003,1,-0.270249445335942,0.641217769525503,1.15446161468872,0.249700763632709,0.487697266585617,0.248133705688288,0.723664595596508,0.231004667441926,0.597648995144644,0.275839162829973,0.709352671734741,0.225801855826802
2.86348480206505,0.650581298562173,13.0715183148608,5.12515372351692,0.395342783371089,0.835385882958399,1,-0.560637471200516,0.630490915195114,0.745286509874611,0.229447679145495,0.593655606859907,0.222567511723333,1.03797744031172,0.258449946686822,0.441865903574916,0.26354512851119,0.626716552409641,0.279005099200822
2.94803851764266,0.567231370145014,19.2386846865125,5.75735335959591,0.201828796582814,0.432283299654046,1,0.0228453272982647,0.358268048197374,0.832686416101324,0.175003391212838,0.412247909331011,0.236452088863271,0.934978379534561,0.184353234529058,0.619726159731478,0.222750015901047,0.588219645633553,0.236153164077682
3.85202668935362,0.865415076128145,26.4569915057751,11.1130340537362,0.702936072713035,0.336284320899322,1,1.25711924304153,0.757813958582436,0.568754120079331,0.299155147117377,0.348125621991617,0.253303673802478,1.23971526555407,0.231545421655676,0.592077476506085,0.299128146345491,0.973938467214615,0.193613889209168
5.2330580491279,1.47425770923211,34.9260827665722,18.9052501266441,-0.355682028062094,0.447249590356057,1,-0.0773017497225354,0.832589120323629,0.870058306439146,0.498771384802506,0.893966107020261,0.257729225204096,1.32038600588867,0.315257180750547,0.081158533959722,0.466604660560268,1.45881672303556,0.258765820716214
3.99886282926952,0.900323856872599,22.2971028454039,9.32678492466554,-0.239057096379152,0.404679733508032,1,0.389480042885939,0.660705638276821,0.983084287872247,0.176624357404965,0.852696448540311,0.261729373795321,0.84015892967298,0.306132461159292,0.586598626695994,0.28459895439627,0.824795087093311,0.313830491822908
2.53303262715072,0.485076264985963,12.185663711033,3.60842908862008,0.560298044562487,0.367477122508684,1,-0.905959480763792,0.578561287931158,0.89733377967024,0.233198320743614,0.392902048738137,0.21519497256723,0.998532283269926,0.154152113468176,0.412160371595577,0.201164257321856,0.99203180499479,0.21504909909712
3.10220377358385,0.799703464408097,16.9660921116311,8.30588487024893,-0.186927124047401,0.446021127204223,1,-0.131518248441907,0.467956840237112,0.859490792309985,0.22127283520211,0.733391373647277,0.257704668726456,0.839910056593353,0.250439179802766,0.915235986241496,0.413550034903909,0.433570924174221,0.429470046816802
3.66952799212713,0.678074482694336,15.5970694817001,5.59943992447795,0.397037943769741,0.588765787335861,1,-0.155854008000679,0.56464760959342,0.606993210627683,0.204251506192047,-0.182845475263166,0.417488438430503,1.07104895300231,0.244530852941648,0.83403056575634,0.207418589555577,0.847329827596306,0.292997638327626
3.58203725585777,0.741615145754512,17.4215578957269,7.19743649760615,0.175253526478548,0.578364242786184,1,-0.0107652601070673,0.640146631463499,0.680890449479051,0.353764914528574,0.691834488034132,0.21911880765456,0.362602123060827,0.294338040051691,0.443187944600753,0.26372005732222,0.658332427109424,0.212702265408585
2.88844825209971,0.762956226897244,17.0788260874538,7.82809042001423,0.255728589318902,0.524954444526696,1,-1.12593653365959,0.943679110202405,0.894296882339439,0.32402913837774,0.496158821716105,0.346351816898182,0.403694679483836,0.229156313289253,0.981522120003248,0.254146386174525,-0.212415243034786,0.418840815305082
3.30196904866438,0.790505608664991,27.2010069939547,10.8264771861705,-0.00279160821028898,0.346793032802922,1,-0.0285464694836371,0.506128671921617,0.694639282270781,0.219679340706336,0.863677808360137,0.334373677015873,0.768556164309001,0.288387164371907,0.64874395341717,0.242577164977207,0.960620941951002,0.224962506590665
4.62316256512875,1.08079588312261,25.2538347826359,11.6562663186259,-0.0920736612215091,0.45769325770035,1,0.0835005061244754,0.811146566976289,0.889826672310699,0.320841058360424,0.984436874066118,0.256666882040924,0.611129349275578,0.345345363158068,1.04634937137129,0.276464559690641,1.06131404965504,0.294212568726773
1.69453569487579,0.702162706248992,26.748869899052,11.4844331771425,-0.160072082391551,0.460934859140724,1,0.08528042533311,0.524563575980612,0.71041362679668,0.274362930592699,0.742319692261492,0.2258851006182,0.732174106715881,0.336248816904633,0.865033058228515,0.252883699692451,0.68159793040089,0.291791222564703
2.72208261421215,0.58049081075686,12.8164046388078,5.04276409874181,-0.228284811103717,0.257441979509116,1,0.302518851807857,0.450261361918106,0.422022223898445,0.244182051531425,1.01044663969264,0.221029408634677,0.426045208307982,0.196823387499199,0.384099165743852,0.360196351362496,1.01181276429989,0.281415696765145
3.56935991033176,1.05761573855418,33.7077289032796,17.1461063946258,0.86757005818287,0.173083071126588,1,0.887738538908487,0.75023013123385,0.851323502292356,0.25732662378513,0.525904811262381,0.284106360464857,0.912659719653342,0.326332404333297,0.706394172198057,0.454648161239363,0.758120323722477,0.403744154453713
3.51423738772359,0.889659862049861,20.9734029570205,9.63991342247344,0.292442937756548,0.473240701661671,1,0.497844390803151,0.675586826051555,0.501099444172131,0.24493966606942,0.959268894250185,0.195374402200825,0.768108718179608,0.291663587075818,1.20669318315488,0.303222986104403,0.605926406351312,0.367803139009758
3.30133445287599,0.706954851706521,18.4316452268835,7.23263075697345,-0.056905530275025,0.479174342724252,1,0.0872154658647914,0.612697829005233,0.71031733039995,0.213719125710704,0.553738783407544,0.318373426146335,1.08388104910689,0.204126157585743,0.1131261495598,0.437896668139444,0.68886353392121,0.275813622078337
2.99904211218542,0.854135493493393,20.3127504066728,10.2319674050422,0.394034195671764,0.654921703006783,1,0.0534735289829674,0.562118663150419,0.34083572097408,0.275454251109161,0.923167347261683,0.2499009425492,0.643882067939257,0.330219546311534,0.223642836044049,0.380128062362382,0.113848604758391,0.456531604819818
3.55540957743208,0.718619117260715,11.3675776609716,4.83866981181307,-0.113751908522313,0.436007247458456,1,-0.275403655052754,0.532014974089249,0.948994751831215,0.224795797436512,0.372617742002707,0.316388235179192,0.775247712162854,0.263367988669069,0.668519904210549,0.233436475950916,0.599438632446403,0.291731930866348
2.66744483650938,0.602394012451131,15.2164243402775,5.55271010358212,0.177091313367452,0.498641127802198,1,-0.610626344568232,0.784860602375635,0.760729487450127,0.252644768794053,0.834219031157847,0.207745188516632,0.669344302054552,0.257218786107886,0.855451197696723,0.202355440548225,0.37713268403216,0.294941762124461
3.31146558291177,0.641621587258377,11.4758789058006,4.70528876512915,0.263402152261069,0.518466350386617,1,0.542844904192956,0.66959496152954,0.082458879153417,0.390510940473927,0.517120455781722,0.328780220664269,1.04253323750676,0.260326902020392,0.430868047955274,0.308347036683909,0.742668384325441,0.207993483922534
3.09449134325587,0.891226007791274,34.5022153671114,14.8312559438536,-0.278666561790216,0.409614842492803,1,0.877660753415379,0.560382896719361,0.96367270528255,0.240556698932376,0.954750040405008,0.284128038236474,0.967936550217739,0.281614472082581,1.05547742307033,0.272363063069102,0.874772868380895,0.325976029572496
2.87447542312918,0.514556776842051,9.63348162784963,3.06829497625473,-0.285091672033719,0.264036546942588,1,-0.808577512986411,0.446838628933368,0.912069071089224,0.179351514733381,0.832083165509114,0.192373648393092,0.484282760522301,0.167819408197421,0.878529692484987,0.244854916713779,0.718394643211015,0.232640944457695
3.37560622793329,0.90514082003491,27.1970932113689,12.9888817584727,-0.387356099509322,0.307526211988414,1,-0.0547424178779461,0.667731918336931,0.988853701736885,0.240258508782254,0.594959265404037,0.392644574057502,0.944689567145972,0.315017662439883,0.891585353318328,0.227673697792375,0.801968709073489,0.293325915484574
3.90006773253959,0.921147609595271,26.696734137987,11.7961315741121,-0.155940055074986,0.461153302340478,1,-0.347047440035119,0.691615601623362,1.00065670363766,0.303333198189036,0.888401436846866,0.218136125782098,0.993834672698787,0.266449678555913,0.916396614682071,0.289206263720668,0.79891384369626,0.249045355520485
2.07725022541662,0.4849173013598,8.80190264981874,3.28793466478879,0.332455838989741,0.570118139203555,1,-0.0305901200848715,0.607531696461425,0.486132711725782,0.243921772294306,0.955490944213705,0.230181505024429,0.0486621700242326,0.306993735508343,0.541997448505687,0.236863845590227,0.662635441164889,0.284574673675855
3.01340193170988,0.717446487224377,23.7109723876173,9.40085601993044,-0.124502516627021,0.39472588521057,1,0.58817551367418,0.626766558349982,0.797060562383589,0.238151449583741,0.794303731708667,0.246878466799313,0.389699886379781,0.294877951207069,1.05084895458564,0.222606867295769,0.824103648286409,0.270016262838246
3.95126663593789,0.837641022224061,18.2448677302428,6.8590100401485,-0.00745300872163135,0.606417430455099,1,-0.490065422922565,0.611824482994598,1.14058891361806,0.20192041801012,0.65572829460963,0.337989654871245,0.739848402108225,0.303464759711548,0.249979375124889,0.350716070342834,1.31504133939579,0.190605408284804
2.76531557032744,0.607003613510021,13.1782788223502,5.22768725652999,0.0111648677047989,0.381093053448464,1,0.118311855412262,0.760390618867321,0.366606573774555,0.405989058990394,0.722842885318639,0.207168462089618,0.974582432502473,0.203012133100497,0.984409639358003,0.234532888725647,0.746667874587676,0.300847281966901
2.67786001201645,0.655259920611973,18.8181371628599,7.06218870757792,0.605191384370655,0.460040678529477,1,-0.0278415020409274,0.488988307996438,0.901087219268799,0.195863292929189,0.724013154694827,0.262068078708401,0.369178225977866,0.330526559862443,0.633721328392925,0.219760634050581,0.745970902846951,0.224280506123581
2.35817314617126,0.746722234781274,26.1589401053348,10.9622060621185,0.24809239841955,0.616722664928043,1,-0.427790266168352,0.492348003936659,0.651504468895566,0.218789490015203,0.386996858951323,0.317402361098879,0.952128164492071,0.254640310035023,0.300135732467943,0.369872181011417,0.443634358804779,0.326483569511219
4.88339914953721,1.3201315283405,27.3632577310733,14.1483248492323,-0.586365819546528,0.235016619774479,1,0.020220128865711,0.691768766725635,0.72557816495324,0.31008433326687,0.832335632903142,0.325705521985046,1.15357428919288,0.301396718850092,1.03189920500555,0.273099721340161,0.634370285322283,0.290923343021917
3.85933645686904,1.16305754287725,21.6298243284739,12.6663472941009,-0.209410429555014,0.450577384455909,1,-0.602375330008276,0.511173516038236,1.03492230644729,0.224591075924627,0.598458915106992,0.361423390611679,0.699948601967913,0.322404186803699,0.569448181998363,0.407832260649953,0.633204733784503,0.422965510602956
3.78757082443633,0.953110845846546,18.9427478507537,8.67286398850758,-0.383889868078771,0.37462465303507,1,0.0677101569629497,0.566795621031769,0.902241533402839,0.307269138093093,0.755533743218715,0.275436365537402,1.08130496064293,0.272222553864781,1.03183902184972,0.27295739009905,0.253941666901802,0.353373691108821
2.75905550295494,0.528591698266504,9.62847645274575,3.53018694491653,-0.0872031489707591,0.326891932829419,1,0.597978179226144,0.505334621881264,0.719959651396579,0.181047213851956,0.727498824366448,0.205387843008726,0.723942451502528,0.248090376550491,0.712972625632713,0.259713745972642,0.410352208707934,0.357878090799503
4.10863000380963,0.963428481702882,23.6424673399058,10.8606928686216,0.568225323041425,0.296876180603482,1,-0.430724193241108,0.457857563952875,0.760164849978791,0.210882947621021,1.03969679845875,0.318836998069665,0.861427588722895,0.256758014026155,0.422655353202058,0.48253913829869,1.07604443343427,0.271042391055452
3.64678230179761,0.781566841703056,13.9216319054238,5.95076898789533,0.133201901452043,0.272832495411142,1,-0.263337784095717,0.441552115341135,0.746607756023452,0.193486800533568,0.603725066308848,0.260813423899393,0.452965658146022,0.305194349702647,0.711336199286375,0.324245615384503,0.525546074051227,0.333159492427873
3.82181285783615,0.976014648200914,33.5600980355776,14.4297307770843,0.689845131480831,0.39566240108177,1,0.663884107749942,0.649665015646821,0.768243451497582,0.243277043067056,0.339142485950474,0.31806696421782,1.33532465413852,0.21978317016796,1.06115417613846,0.281211948584777,0.737460302083042,0.339549642271503
2.70341817839795,0.882298503000641,33.7172523076276,16.51941661307,-0.346299196718604,0.438268054833626,1,0.566615597609193,0.708759433781934,1.27388256191617,0.29028239996724,0.170297367763784,0.447894309552423,0.844711860419314,0.329848389654727,0.937324062413819,0.350413532728074,1.24823330149407,0.199464819127569
3.29119583281192,0.74497288120081,18.4936712497101,7.07555813348101,-0.361173046779848,0.245484072687082,1,-1.05856983419273,0.687260506346978,1.22553166646171,0.205896632275754,0.809003169124629,0.209179192722161,0.843296032345793,0.250628295335059,0.494646849213037,0.24839527340193,0.284123125593911,0.314460027272469
2.29350773679998,0.523561845351556,9.19343909437838,3.36574570789477,-0.260419113510595,0.375563131682911,1,0.120189226401106,0.437092262441431,0.751472403668905,0.21137873696139,0.670154244147059,0.232632190113873,0.653683912598625,0.235616859439913,0.373720053681891,0.326866327285146,0.893560316268396,0.263325663811601
2.93812783015324,0.689036364132252,23.3967277091326,8.74141401867504,0.25270425097192,0.659816325006812,1,0.191033589309897,0.67957219472108,0.65002514237712,0.270679629657039,1.03641814596871,0.214830945753577,1.04040807575724,0.223533897956298,0.68839640260793,0.229629165039106,0.607568982527866,0.310879018425563
3.53441374026312,0.850302304609275,15.3567741943432,6.59959808450143,0.752936884837517,0.41112498775081,1,0.285756785936601,0.704722713109893,0.693343681392437,0.316939895836199,0.760893922767295,0.279704096368985,0.937553004952967,0.242600937058014,0.478015634025846,0.267979340907922,0.511067158441506,0.344160419823398
4.84129466117246,0.824730617711035,22.3929057291529,7.11595449565254,0.106907125151421,0.531878399536469,1,0.0515970405449105,0.793769228899825,0.960613946190845,0.292727483522011,0.850380789576172,0.212193732144155,0.736300875631845,0.223296667089354,0.998970067662391,0.186248137613801,0.956502487440613,0.234768210099751
2.65055747253043,0.636561004869808,14.4870517172874,5.67715506411782,-0.105069939145754,0.294299405914739,1,-0.804942905570288,0.545771493950135,0.713974233271558,0.223801556337509,1.10075246857156,0.251240557456336,0.406253729154745,0.293785897345803,0.631797142007321,0.272473954582588,0.850695759522296,0.246080216192307
3.28401320186982,0.787672283584592,16.0043512724407,6.90216094151681,-0.349162465117019,0.32556167118554,1,-0.729396579041725,0.543243206899652,0.471041998354322,0.409304337814535,0.973348418114385,0.220036874357322,0.769780877355687,0.258815188759862,0.788654509043894,0.214272172270419,0.776265070208164,0.245709953085395
2.9877531917698,0.648920846446618,11.9753419681551,4.82800416969925,-0.209198615523147,0.435841680956055,1,-0.759468241011312,0.475365743073908,0.792899431795527,0.170418945404205,0.75467213024718,0.230932947210989,0.355646514077044,0.329307827521053,0.515342356481606,0.319188750731809,0.569592543707359,0.278289655107471
3.83491853760895,0.781809499455355,25.1493965267187,9.28813849101367,0.552214057391505,1.20222551987954,1,0.530654329535646,0.998451254992239,1.19361540475891,0.315595941880262,0.61726412451102,0.291127225126359,1.12211307291847,0.253420426761589,1.0007883713115,0.251727050173615,0.917604151072263,0.174739967154355
2.11266481340327,0.499756646314179,12.3255125432514,4.33287600876694,0.158947240540731,0.281634138872397,1,0.211778089072893,0.569243210896978,0.52462375583457,0.2090594406243,0.951602376074126,0.177934783431523,0.535363675485402,0.243819406985077,0.501170958121875,0.25013922438364,0.718966147751543,0.315407084314786
3.81514241493198,0.83724312528794,26.3106986103583,10.9059441185108,0.740350553061331,0.281013744130799,1,-0.310254227701582,0.680341373427982,0.743597266269402,0.225953699285714,0.998797675416077,0.248939746302025,0.597366022004803,0.27203136445606,1.11102276085939,0.252791771396804,0.623747268167353,0.308229006112484
3.61816388766048,0.780765512566416,19.0421067579334,7.64363013346424,-0.0575477594782606,0.393688153062581,1,-0.113153917025917,0.395482371442681,0.707361370693178,0.21828131477229,0.651264942478858,0.269306244965954,0.773196562270266,0.300678054950431,0.576846534904454,0.237123768009365,0.677801618330603,0.287508164649318
3.7305918771958,0.827340214752143,20.6940185728494,8.07617916093509,0.242694933989709,0.437285419813897,1,-0.87008171773358,0.785411139156529,1.10319333672571,0.248806168868668,0.721816427308376,0.244636373832504,0.593826566425656,0.322433112168966,0.581909672996327,0.310168838761711,0.191880751718133,0.261107093547754
3.11537498191048,0.654636961561292,10.1874826136628,3.99510719398432,0.011480085742512,0.436347076809546,1,-0.0187747054356323,0.468566436188515,0.435836436788551,0.283127756820226,0.846256663824607,0.210101740022055,0.66405105656607,0.269317756389825,0.404972222331114,0.274178032706323,0.775515093788397,0.207086754428278
2.52657437199231,0.566070668900818,12.909103575592,4.82106434280484,-0.19811202417621,0.446278707749803,1,-0.642021609604311,0.485471494459071,0.791881656739573,0.207549461195546,0.493255332556776,0.244481398093424,0.650078410191246,0.205509450914214,0.665159667848457,0.23183072317306,0.447281955379442,0.312357640263807
2.76903032339601,0.605157476660074,14.3483601407292,5.03898965008274,0.758053787720693,0.342455567053692,1,-0.341968523145193,0.785283257688108,0.797380622070858,0.303416053308192,0.736583318690911,0.1893926219056,0.277668245139775,0.310881318897165,0.722158284336045,0.191358551294651,0.589254558103761,0.236509686614826
3.08071826943916,0.611768847437418,10.9963643440522,4.19742045340682,0.0102874034823304,0.451922061537427,1,0.167520035481135,0.363105779176552,0.872720838256897,0.216519003753799,0.56130710589511,0.242755093726149,0.584022761420851,0.249392965453433,0.552727638699085,0.237855785444346,0.579087177328533,0.30950398650979
2.07618786017713,0.487811728557546,12.8968967196732,4.67414977478953,0.287907904645741,0.65654351561378,1,-0.469716846468098,0.48862086958174,0.778839932763105,0.238257278322899,0.511225435411247,0.201677874803628,0.610256342309544,0.221397542246836,0.543826575357531,0.241439410177837,0.696469387475841,0.21921107449512
3.06539789826639,0.94107966969969,21.1033508403704,10.7099846267791,0.756281010599844,0.260935598780071,1,-0.402058501685679,0.838730513051364,0.577592701585656,0.340711974050649,0.892230838587891,0.159956667930057,0.676328660386332,0.311476571854852,0.411052920766863,0.332525566649252,0.626150301450981,0.355917340248071
2.50896831432285,0.560309001921716,10.4226006120228,4.07007832802774,0.384313002984614,0.823075753863225,1,-0.167499566903503,0.53800110944229,0.563695050359003,0.255250916637891,0.734285219825198,0.203548974309164,0.440897446435375,0.245411377974671,0.624603091502175,0.274929101839481,-0.192912656480722,0.383602959841887
2.44299192430593,0.558293711871814,11.8828130975748,4.47976279301313,-0.088678293551729,0.314732841043424,1,0.381826660946208,0.508156418206684,0.698738648521618,0.187160130818785,0.370010476122834,0.25723282377008,0.542135962156457,0.251578301850834,0.672760856960807,0.221884229005153,0.195621646612922,0.332211697983709
3.32165936618546,0.732438954814997,16.837739341474,6.05596623862645,-0.332938672734051,0.325776795611841,1,0.161773667439861,0.537197977327086,0.787270753534419,0.228741062734252,0.571792314434166,0.279658866029904,0.147459012486752,0.323069927105206,0.844650709865473,0.235618067022674,0.828121514437153,0.234377478726395
3.70399506112964,0.746759594005891,14.6506033369212,5.78315946736042,0.474144685552292,0.500246210849896,1,-0.707630313189031,0.565846776186979,1.02760663314104,0.182689400010305,0.60725023036973,0.269636190882362,0.739631051579615,0.267182716495434,0.717796579408438,0.27106618940657,0.475697355010343,0.285912098454618
2.53014242699174,0.699571028107166,24.9627632896711,10.213385735151,-0.182930353383555,0.398099260079166,1,0.227830171464108,0.695999810989983,0.774120981900039,0.24471789074697,0.938610825880284,0.265253621924268,0.733143587437794,0.224338045573665,1.00798308009477,0.219795853044302,0.567565403505119,0.243782782205798
2.75016878815035,0.651471575618237,18.0960723476512,6.64657038272468,-0.15567102128358,0.36572940534729,1,-0.955007104510325,0.603061501840602,0.716735180498265,0.206093022286233,0.839701223963539,0.216749601780183,0.828938749926737,0.30497989150662,0.169291125411235,0.347012064714999,0.749923512081376,0.242641507651215
3.53500407670635,0.755904464081727,15.4940330635866,6.52820850351527,0.327407161743692,1.06959199783633,1,-0.84293201164809,0.824513894443361,1.0820012224199,0.241319401589995,0.804689617859808,0.239148955707239,0.416863755865216,0.308076566796822,0.34970674556819,0.305470098210215,0.494912846331634,0.396438821490999
4.03969813662787,1.14443556890026,37.0341951440999,17.1359577779191,-0.459416121310898,0.298430529202556,1,-0.55687579763289,0.604829971917752,1.27411380406734,0.224742838718116,0.426356239634025,0.391267225786204,1.12160932407811,0.3199806160412,0.608314665776016,0.320583834118338,0.957354801216462,0.272920892798427
3.65856542987354,0.87283834379546,29.8537634451713,10.9730926183718,-0.314995926048251,0.327786838392309,1,0.579954791847734,0.651500026807806,0.859945101690994,0.296394805637224,0.739309347433176,0.21585703103916,1.18407504608046,0.22296834941046,0.93221086339282,0.211488348765415,1.01103497178345,0.272480576436744
3.08470060109513,0.563509089328141,10.7534620097189,3.77242208037796,0.473633554456545,0.613235147299739,1,-0.235950844368241,0.52690058851512,0.885425767739423,0.196275416770302,0.788678048848229,0.229883321597861,0.428329379241952,0.284992424362569,0.294224281403235,0.271295873873006,0.671568280118289,0.228371722152989
3.35347296618811,0.773184133461551,14.9268619102189,6.58895311253281,-0.212655253987894,0.403643817371486,1,-0.678736913302836,0.591918541391861,1.05040877593371,0.228235511198415,0.57736581047932,0.326615950410507,0.403484451438908,0.303820804835872,0.936698687205078,0.237757819563917,0.807263437408446,0.315381081237002
3.92327936345025,0.770168407567449,17.7428036356729,7.19083302590627,-0.349309447432826,0.156995841619876,1,0.555612119983607,0.448594353236599,0.293557221484767,0.279965882299609,0.911794407818671,0.162296954493789,0.944361310216614,0.280784774440637,0.769182038808199,0.299062735783941,0.130660384507074,0.409755703373541
4.28506662408414,0.962689915393855,23.1639460949532,9.38663786844976,-0.16808932916684,0.492656008094299,1,0.306586680612947,0.801327581288547,1.21166275705185,0.282654319150963,0.907244476445968,0.375241121655477,0.710999711630211,0.273433628175302,0.626623859075751,0.280773028488999,1.050360311169,0.259534899336012
3.02233647719149,0.778385680048002,13.3709758439145,6.13485799688713,-0.134306627512226,0.401519473822729,1,0.246588494121274,1.2369540021343,0.520487448397059,0.339361651431602,0.520512756678582,0.327131739179054,0.625706272920754,0.2484980512889,0.657197267713408,0.309551237184503,0.68762496151746,0.315258814228495
4.2281261175912,0.917589441869794,27.3781669818832,10.5690455859648,-0.0888744407679473,0.471764575649735,1,-0.5079538744037,0.816831404945356,0.990173407952574,0.245591451885552,1.0162784692489,0.206886129090808,0.476150253427279,0.352933288977067,0.83196760691545,0.232263019771703,0.80348967964165,0.224020890586136
3.49947979230503,0.708021722054734,12.2608655157487,4.78293137896948,0.457963454619223,0.608705162525082,1,-1.05824326946354,0.846735517228484,0.849143309161352,0.302011978951174,0.267869455079092,0.272203391103958,0.668602684268485,0.282607321703605,1.00505672935047,0.199857327169376,0.814486025879939,0.229093173446124
2.62951447672173,0.499508194243257,9.61667827185081,3.06296479561684,-0.149507874675031,0.248076190794959,1,-0.750926933477409,0.57502587211043,0.446159956358398,0.240942964329547,0.985028962209682,0.191052524659464,0.956125214763848,0.214487996082349,1.08025549018615,0.181166581095758,0.508225069656968,0.230199140546637
2.82047588784898,0.574871759344945,11.2858326302101,4.23945109923364,0.0159048125847576,0.490940931718465,1,0.280511473107284,0.435579101534893,0.831311021622456,0.226787781961492,0.595345760944454,0.219946779280208,0.829563678831491,0.263170878146202,0.221700383244346,0.357067872419559,0.999201756204727,0.229118669454593
2.54558008244985,0.650961566032313,14.6747055361134,5.89747569115998,0.400082518737756,0.632647576429058,1,-0.761890833962661,0.567906597103191,0.984541713440254,0.1692891450289,0.420288075318115,0.325947739011383,0.604002417181142,0.21594121677254,0.644526769816138,0.241562425720476,0.355100894502064,0.375621231695828
3.76971175236692,0.923975738616418,23.3115122911813,10.1827161194497,-0.234972795157904,0.467421673838792,1,-0.829588006840267,1.03804410266451,1.13942259407108,0.308632740746436,1.02931971266338,0.221200940902253,1.07198181188718,0.267830906396138,0.522672282864639,0.223454565100338,0.978749177050881,0.242392443534808
2.72871809621135,0.574678258230299,13.2137222309614,4.5763752765979,0.141821618491432,0.435354330954607,1,-0.0301967145736166,0.472859202769019,0.570048777526125,0.19611087948543,0.874546674342243,0.213808410862149,0.801479071669962,0.148714431724325,0.599242568988948,0.278692283596077,0.615047503214617,0.358600753750009
3.6748132025976,0.814806376922609,16.4764568108968,6.7829362288163,0.183257926295544,0.782352534239226,1,1.07393434278693,0.547322525812064,0.234456750896806,0.426477831659886,0.431856168389482,0.335992815672042,0.845466356846198,0.215339909005,0.612522179324397,0.296796912755782,1.00392247287119,0.232266016531911
4.39268782663703,1.0862739416989,27.3906525157624,13.2447249338917,0.233831720646694,1.07370929521587,1,-0.339641409198271,0.648931072143765,0.834446692579703,0.358283624571637,1.31444709174845,0.268361467868869,0.161867001593593,0.438668887199959,0.49051075276136,0.319613425838637,0.694405389645424,0.239818780293405
2.67408550116814,0.621947245540951,12.291747765296,4.83029102641476,-0.0865788784983136,0.333144133419715,1,-0.462087434687452,0.534804276211261,0.958164110275357,0.147028300075576,0.665175595527921,0.305438368587542,0.51040171311078,0.274527606673577,0.722893079357222,0.263497101005378,0.384956335327326,0.288722349934723
3.13175491803619,0.599557761120294,12.5350631187066,4.65529082840747,0.238513912915919,0.426600709246725,1,0.282568297580097,0.581260782995254,0.617534911261168,0.244514794625594,0.716876237867215,0.165614436968216,0.83985772674362,0.282222787082444,0.713920426729844,0.239840550002679,0.387477229533548,0.285043754853018
4.33458562580407,0.780859551125012,28.518666947296,8.8791308890458,-0.096277102934677,0.262281881253458,1,0.644791417986835,0.371655701720499,1.03663153210355,0.135691935436747,0.925683133597564,0.191760078700777,0.872439550968869,0.245187921672165,0.800651198848889,0.186860667731894,0.913060199202553,0.280032821348667
4.33139140224489,0.874612607079875,18.9773700377311,7.25245372257181,0.0739616707539063,0.546067573816694,1,-0.488473664534267,0.817144663655041,0.908901652997826,0.302015899167944,0.726777875970276,0.245137977653069,1.26826052577129,0.253886223470853,0.482372849840069,0.302233349152838,0.586761431468996,0.243449740328191
4.60940908050479,0.971867310647475,20.8297025725649,8.29643822441427,0.122264040563418,0.658061248669372,1,-1.73068436341854,1.2223093052424,1.48250626105798,0.269567509276418,1.09282931688647,0.292079560983918,0.350116429860305,0.281726406405919,0.933674062763858,0.209573721892604,0.840884604038818,0.274203090190386
2.31571214525552,0.659209902964824,20.4240848592569,7.4367639050858,-0.13055839281797,0.331790235301698,1,0.154948023095851,0.63563754156581,0.49641752555796,0.32701395911403,0.563253653129023,0.234149590774644,0.74621321612,0.209130638260749,0.859900488593049,0.211458918383496,0.574339672513716,0.289114018781425
2.76318100401114,0.675736060588425,19.5037941515891,7.437696054915,0.269363151103005,0.535666289558163,1,-0.880626038942851,0.595269612095913,1.12033302033887,0.224720691702195,0.77394271790257,0.225371896745309,0.946093595928078,0.189519916355816,0.850333989035172,0.247637589531585,0.67585993436231,0.286608771045451
3.41161241229793,0.591741644740419,12.4330360839809,4.33729694208158,0.210594764421729,0.526921244755712,1,0.733125738180992,0.450989631568108,0.470412657172426,0.26352303574359,0.502520694838872,0.212842726285199,0.437321491888076,0.23521493688519,0.798005334533883,0.212891545195051,0.866343690105208,0.262355367107596
3.55118785791224,1.07532142956311,23.6584619840551,11.8330442445458,-0.0181859186974243,0.401885617468848,1,-0.04875576220268,0.912511638986528,0.66935811687139,0.346592881731834,0.748036621566384,0.275681869129554,1.06135486253787,0.292263396417451,0.324083586687187,0.336233314410787,0.383555850388364,0.320709736964549
2.49645846984368,0.74571007094448,18.563029413553,8.86988898089868,0.123332774364096,0.75848364312649,1,-0.517319261811966,0.542635114501284,0.86958378942529,0.259040086120569,0.648999155789576,0.29939121474234,1.07506177023892,0.338820891558565,0.289000320800596,0.412168260357451,0.867525943985585,0.249464633952837
1.84717158581891,0.453491329987472,9.90317034559422,3.35219492494968,0.411148381394288,0.4722427984634,1,-0.0892495774557865,0.369199495742124,0.408017534368025,0.231211123850653,0.58062001860973,0.225808535732959,0.640863685559438,0.191948770222087,0.5420359822084,0.199028206189029,0.357243393434772,0.237069881301505
2.905031680476,0.584990846067807,12.9297334626429,4.79816426283079,0.33152172652052,0.516179568509595,1,0.30721798755082,0.599003442914188,0.269753661938177,0.326565266195102,0.940959781547474,0.213718961762542,0.369258253238562,0.237263775595419,0.447919632323891,0.225454865709778,0.894387495995636,0.274713674407341
3.92883200415239,0.88763371235597,22.0948514543369,9.56667359010337,0.50574349315844,1.32143325225965,1,0.473719081198421,0.538492461841021,0.732468636517784,0.289589563244465,1.02114797038837,0.304795289110724,0.737416060843268,0.323146648193324,0.382190439865649,0.28278550128624,0.995840468549421,0.220975156913712
3.89670058910357,0.942335389181549,19.4111675840064,8.30125807257799,-0.0549141352601892,0.467164933177756,1,0.543622519166109,0.676614879819784,1.00100053649101,0.278312277892711,0.565347618934141,0.271481194905865,1.10580013487919,0.235124229688177,0.625089091591656,0.345004840488607,1.15626597951642,0.267167140675295
3.01143185158023,0.623663169816415,15.2302444945874,5.80810668076016,0.530701191318224,0.602848363450629,1,0.232880740121229,0.415811167245329,0.447164518698497,0.244552330406829,0.680327834495266,0.198378973798653,0.892767315690992,0.254785027135707,0.469778393430313,0.249235330921314,0.806259000505943,0.287024949462464
3.98460226357379,1.11038711172713,32.3454112025297,16.3388324394797,-0.584036981600587,0.222896921565762,1,-0.0850403011468617,1.03611008645314,0.796285858357364,0.3527512238684,1.27154005869372,0.337246599704549,1.02833615720554,0.405323005695841,1.04570892022947,0.218851994809125,1.14579632922742,0.221568514168567
4.61366110069477,0.865406735690229,24.9815475824247,9.51076652141213,-0.267474394632454,0.261514590523187,1,1.23884653801221,0.492680531232784,0.521795561657469,0.265024983621598,0.648378409794847,0.276238020200562,0.715249783280104,0.261159781062485,0.88247195841154,0.313677699741316,0.961410435781545,0.177954232352593
3.83342061591805,1.04379518188284,25.029694399745,13.1359772756513,-0.614710565034089,0.210395113316665,1,0.376585085147777,0.478460306788715,0.747122833427605,0.31593642402896,0.831803902182095,0.297049750731631,0.901657212455171,0.282302823852133,1.11329100037521,0.268524607455318,0.985144264297041,0.342106734779019
2.43818876077095,0.521374816686925,9.40605149492863,3.52698104106158,0.307624995404669,0.584617917870846,1,-0.952070393624231,0.597226910131116,0.583988749380215,0.262206762399067,0.408578040784356,0.230669892690109,0.205007546007776,0.22338443597699,0.464746989726101,0.26924527889154,0.306932445082928,0.257403133847977
2.87584162469673,0.630683841852703,18.9625729061902,6.34239861697792,-0.356190325093047,0.249570394161542,1,0.202276110877485,0.600097067551423,0.757094471141358,0.239081077743039,0.966996881058636,0.195297450470322,1.0761419412547,0.205366752319235,1.04205158316028,0.220237492249208,0.80818103667437,0.259704025721951
2.80353635342238,0.841981232803438,21.9757893197274,10.4291937828828,-0.319473146887229,0.388383779951151,1,-0.362937772034584,0.529461613224166,0.811244998516487,0.267253978793093,1.03393793344769,0.304770778332062,0.824122702774115,0.250045973165296,0.858806934882457,0.226167531393004,0.55056193596679,0.395575989554489
3.36175912730801,0.719874167619415,18.0226299689887,6.71990609783626,0.0414860365880474,0.444402809067421,1,-0.745164132362152,0.44260807850166,1.04847062627405,0.220367740257571,0.878563784883771,0.250085420703824,1.08168918961096,0.243671023577638,0.484661922740787,0.275167420420975,0.529133933269077,0.295868073848596
3.29936602747414,0.687194778390628,12.0911889442669,4.7105431328789,-0.42031273999148,0.21764515449354,1,0.121377555686228,0.481538704429951,0.525592796050924,0.233052110348292,0.812614847919793,0.191537275137964,0.943436029037821,0.252071144786998,0.331549929534345,0.331824118778932,0.48750158746824,0.280657175509605
3.16656449079074,0.52648966586772,9.73824239397838,2.84648880818974,0.289231170906718,0.527207520662854,1,0.280803437867353,0.394554092643151,1.08067888563543,0.139712521352379,0.288157183194677,0.249698349953325,0.802997653741652,0.170556526998365,0.877582149540215,0.220870608397001,0.708839888844813,0.219661036824504
2.34867893988175,0.550994477078823,12.4039200459584,4.44886867017515,0.563955358366317,0.67842695737714,1,-0.82819639194181,0.575358928427161,0.844410095808405,0.2030718945259,0.957202273174201,0.172050520981527,0.310611920412893,0.29928490889741,0.974651188779414,0.182410516954075,0.20554013916336,0.340525932476037
3.89318255363621,0.947426462909837,29.4283066867104,11.7470158979283,0.610494018346873,0.453704707964081,1,0.732688675444179,1.06541825200288,0.576053928318557,0.374382527079336,0.65248900683962,0.236966227590883,0.561478644676013,0.228321803270735,0.727604962589265,0.226274628632773,1.09541670843234,0.28285175604942
3.35653646877843,0.923529203059011,26.5897936303464,12.358555572509,0.478489749902284,1.14363154216276,1,0.792413658301246,0.83408127139759,0.701179386895988,0.349723075624696,0.606479039027098,0.34618141941767,0.752121596561242,0.280114779536114,0.942829914465088,0.27343912799384,1.04444753960151,0.258325153555511
3.07753333817235,0.762168315585383,18.6994150650514,7.89925045046195,-0.395928559787783,0.262951765255104,1,-0.216987365350125,0.547117039255567,0.694192334770057,0.248645855727656,0.63238090603058,0.264511979424219,0.733527587794464,0.195836759040529,0.611698487918717,0.227528039279468,0.550555305351619,0.31575664790534
2.77354942174571,0.524190584868828,14.2613013574168,4.41739556848568,0.179830427511639,0.145273048459391,1,0.794304660246899,0.518428666479475,0.826847453775202,0.228908566833443,0.263757525146181,0.308243943542076,0.713495017330895,0.2180743896881,0.750620216820653,0.151930725909901,0.292787116394544,0.270056792439104
2.52031296044473,0.527065690021241,9.30117375433418,3.55096286171961,0.243113631351789,0.569295278616641,1,-0.0265464030042893,0.553979141515108,0.669563159398533,0.339898170458778,1.00730513254919,0.176676176522599,0.701692055567739,0.210474303433438,0.758790159157672,0.209460978085254,0.874322053260505,0.257166281308676
4.21085381372661,1.10048146967026,29.3070958237261,13.9505413925807,-0.499525221138906,0.294214640173099,1,0.464097253714617,0.562925732867885,0.75805508771566,0.250408772072543,0.481296565594373,0.307345975353444,0.889660423700566,0.308273910004954,0.90931984575228,0.282450394396219,0.848968419164229,0.324392606729061
3.02234986691772,0.784312737829624,15.8393270042768,7.43530560052212,0.278581723989908,0.806988870965336,1,0.458597908150391,0.578657681036269,0.608262361270647,0.222690825277778,0.815482698862623,0.302855894386302,0.530915734767379,0.296325334811904,0.687812021729854,0.242643343983665,0.750666934701381,0.334900276816408
3.43054333293122,0.683416810272839,12.3530971669258,4.86321169113782,-0.29426014648451,0.319977103898604,1,1.09101796010419,0.499482511383324,0.706736749574401,0.249118269881884,0.823357929061505,0.23612713286152,0.840432667728906,0.273868025919589,1.12812248235823,0.23092184286978,0.486853337896115,0.317978045720323
2.6109117295644,0.636631482781989,12.902945512826,5.38151373396693,0.250316789881059,0.51740040361866,1,-0.161503402372137,0.465762564647279,0.586094697231677,0.221500800974036,0.651566267095007,0.204676461249826,0.746752364027969,0.283862837238215,0.533398545502621,0.298710582016585,0.43587023011197,0.251076800883298
2.51644456295081,0.575222103285433,13.4450646345936,5.07963503330566,-0.00587117214334598,0.37666394112884,1,-0.323754720344949,0.572671604590727,0.753134253340804,0.20088824125952,0.512084254690306,0.240481216969266,0.699583714255047,0.202346548356175,0.463383952447435,0.275711994226627,0.688280116838261,0.299541330855098
2.43574692932836,0.514456406185442,9.07942163041838,3.11008964589663,0.00642008369899899,0.394762444048631,1,-0.00359800904770427,0.463085272773639,0.566364983634434,0.238475170872074,0.845908970292209,0.19904777400543,0.435030733956869,0.218247284798295,0.88659654135619,0.195654729732884,0.309519645318294,0.277986181377919
2.24167181945033,0.438354130317787,8.38826120840776,2.72435462413675,0.677568038091529,0.339863678853046,1,0.408875825765121,0.544233234472291,0.263734391728226,0.289628899735638,0.74362877234654,0.168991642459251,0.520309405525356,0.169750454505047,0.654142667237517,0.223426343680931,0.445380912094977,0.253832231034086
2.98398870621565,0.745241504432081,17.6906271682285,8.06351848655382,0.222621057551532,0.803022477411747,1,-0.546365203617817,0.526453596735548,0.660703523266582,0.26533649509726,0.800919916149112,0.218434665772752,0.787525417635576,0.298120163960463,0.0877276906907492,0.392023351271757,0.820609491738409,0.331508881388057
2.88928615067654,0.612893535205498,12.0223635659776,4.49122195385138,-0.113021816688687,0.383298007785838,1,-0.0483120017448634,0.624500611353716,0.556459291285352,0.265876065144043,0.50609126878724,0.221704887536051,0.793027918646879,0.207976259748939,0.65628290813826,0.212636543069895,0.845115069047732,0.204357217297195
4.66204890644151,1.39779940411722,40.6043913469403,21.8015664687307,-0.428055937452773,0.351226833667994,1,0.313789742590365,0.555279607089587,0.705907036729068,0.413956456329775,0.957691449432548,0.325199184255748,0.816289076575813,0.302404852759009,1.03304791816551,0.322135746793952,0.887204662613838,0.292183096204565
2.91323973190988,0.602243818932658,10.9218264901002,4.42321631379324,0.0650511101704748,0.375515879171103,1,0.205769903327163,0.479318065551403,0.512292005335945,0.221103509159168,0.689588667468604,0.295037867759683,0.735442842111198,0.275730801124712,0.553167949268606,0.275128250849964,0.620233088910643,0.173711110756905
3.17556732621265,1.03909129225338,45.4637322383075,21.767842829254,0.882473955520456,0.11491421420662,1,-0.864042161444471,1.11785284076577,1.21812925615344,0.313747587569626,0.981735978057029,0.327151380434773,1.07621883241156,0.227303523198573,0.47959328490329,0.34322511045605,1.41706117658601,0.269718343695683
2.6981685480837,0.811924028372326,24.7149212065913,12.0354437022632,0.738582709546332,0.350720101076761,1,0.412596452810815,0.457612436638922,0.738326096172575,0.225608896809943,0.412104837412366,0.282343038102893,0.668951729812555,0.33757345264256,0.501196207474378,0.391700821121409,0.966560710908371,0.297232690614252
3.25622431270707,0.723784390069768,16.2888282826482,6.09486673686261,0.177616618268353,0.534947141195245,1,-1.16961006617627,0.6703578545972,1.03054040897442,0.276536844297597,0.877343207533205,0.22158173202044,0.471964408394391,0.267018518129651,0.594639035760402,0.239232126075431,0.646476699008398,0.206509601641321
2.59499268134024,0.772631561203706,20.3341287414287,9.52113859299864,-0.270635451119553,0.386585761919236,1,-0.458500398716996,0.656103259002988,0.632284831398548,0.299632657767031,0.576119329721338,0.27591675392115,1.13592955939626,0.239078664618448,0.734208502694183,0.260523330907394,0.287958107612123,0.322342317698755
2.57708955047974,0.515031495298652,11.3008440218478,3.92637037115226,0.481120270570459,0.719117853936794,1,0.276842959299758,0.565791740558865,0.621692594357949,0.228516922327278,0.838919062637225,0.192668079699677,0.641367123631225,0.251109552829556,0.514338109802779,0.252817194077301,0.914307184109354,0.232781531030789
3.9014082608237,0.875456049091994,16.6232603006832,7.33317454889156,0.203496592406964,0.779016321133992,1,-0.204630262794852,0.611894314000102,1.00531465421116,0.214445778456158,0.29303415614624,0.293476638255437,0.966742504862417,0.22825600705002,0.526293646593701,0.309721319982203,0.834722333907724,0.280385919179482
2.35630712586641,0.684004995906266,17.5558459172987,9.06412750523703,-0.25504457104007,0.305077917382141,1,0.144535042020148,0.575014561851584,0.524375296996277,0.315930037251218,0.439625101759044,0.316394923089887,0.518079148353366,0.320204681967775,0.812183898078478,0.262860843018268,0.555697578017645,0.332217108390358
3.14633264863033,0.662858439419242,19.3040339463147,6.92573798916169,-0.218054587649934,0.289358756470718,1,0.182192024598909,0.43411536945625,0.783761047089161,0.190630221176256,0.882688558611861,0.221269394001796,1.06385024729456,0.227783782071234,0.738187594860903,0.231753840499388,0.725791342886572,0.27482533413243
2.54786814634364,0.55806680426603,13.0101564899899,4.89821262563828,-0.299855680185691,0.325077625356753,1,-0.181654945776003,0.535651191743413,0.593313092675891,0.243458481361057,0.731802690585554,0.260278954945536,0.579738051049748,0.360525234864382,0.617342268474758,0.233650574956055,0.807471855384968,0.211182745724361
1.61786861254784,0.600386752939741,18.644995532145,7.98374852716989,-0.13707014227954,0.401826085181975,1,-0.473699219292554,0.526119484389939,0.919775831110472,0.253218549548297,0.606287208688363,0.251369120046388,0.731269703182365,0.276142626310407,0.699670852676722,0.308256911096635,0.763722484608306,0.255911698764225
2.97793571648273,0.593940610941457,11.5302596545901,4.49553995825304,0.112059140111963,0.504837445984981,1,0.115062518279776,0.568365729482544,0.602060422564611,0.348050812579171,0.49153380028113,0.331200677388117,0.498483164729618,0.241532790453627,0.653149139842599,0.245497106608839,0.473541316185291,0.220280758208442
3.62391674646037,0.807202845711924,25.9094283789265,10.8641965062188,-0.444025451005508,0.241134933197085,1,-0.74753933777874,0.776693608835182,1.02936142905354,0.348294048795527,1.04418276538412,0.231409659745852,0.914256779702361,0.198683518784347,0.786785907171891,0.260955453050458,0.78898877640901,0.283660049598237
3.14950570655882,0.858191426302244,26.8967200031091,12.6941331930932,-0.284878972992123,0.358028843386668,1,0.125974263182222,0.528035040587222,0.930628387191739,0.335099251463008,0.988321272806327,0.21184427556481,0.784842366361404,0.276064986087134,1.16045419419644,0.26992825222836,0.522192622778951,0.342499652290739
2.62961542703724,0.599827139144253,14.3774080739831,5.84972226452446,0.114623528654382,0.6559920560417,1,-0.469862799601077,0.499405025895739,1.14092098436092,0.215664516409402,0.479046073622122,0.236372951601722,0.624199431898614,0.303310870081241,0.590267032059119,0.26776838951235,0.499493073335494,0.309338024328381
2.2481073849237,0.708716947955777,21.1295462097597,8.67292885808215,0.181203508461459,0.638452629971571,1,0.466653685086962,0.740473985182134,-0.27697136286867,0.390080473287879,0.64062550828506,0.231507195677281,0.876807157580778,0.260497387788199,-0.0301618873935043,0.379657793331449,1.06782845789813,0.24167064976845
3.02955030318442,0.893674193382517,30.2148093464281,13.0810369076698,-0.0816077735940429,0.503836049886847,1,-0.266108426795145,0.854159220221731,0.461755878887366,0.284784414459051,1.2215075921782,0.220340833469371,0.758278000229151,0.372551647488332,0.742194738878964,0.304048392548276,0.640983049560174,0.327774494815811
2.49014794906758,0.599591255313243,11.9087312302076,4.88587514742226,-0.114341344054444,0.395860004190987,1,-1.08900320755496,0.591845509207034,1.01429599977019,0.289134637007317,0.919977955667826,0.185807973017744,0.874241523658553,0.271926147869709,0.745542874527258,0.236381422332416,0.733248280020259,0.262853300554102
2.56489342965436,0.524405909302132,14.0020111833333,4.14304362593451,0.1578515738733,0.486571700538794,1,0.18097789318815,0.476322413147742,0.443105215465177,0.273628547753307,0.665370779351954,0.209201170005483,0.471405210226858,0.24613960051718,0.534569974241491,0.184447176758767,0.707730884900459,0.198471001043848
3.39453988532248,0.779756125396563,17.9540729081565,7.62243898646491,-0.0735817903426282,0.324536354233024,1,0.687215381052122,0.421946120273634,0.405126973010763,0.217662344886992,0.950154095891512,0.195273820602383,0.579086915153454,0.351344472716953,1.01308251860455,0.303043574445613,1.00709505484579,0.32737874541199
4.60600736226388,1.00695172201876,26.1810817183334,11.2629392288326,-0.455936577994736,0.275429863913364,1,-0.388516763712905,0.575635478903717,0.89283868657212,0.265767461468046,0.814261622117543,0.291955097048404,0.6362819752427,0.301603979254425,0.932825352172304,0.261952973582844,0.67568726933286,0.280119679146312
3.04496424564436,0.857411487383174,25.6043560766947,13.026051762776,-0.156980396681366,0.556857839526788,1,0.202622129850943,0.600594109686774,0.428731043613153,0.332299417986268,0.958511264425124,0.296307294207033,0.375566322993656,0.341659535200361,0.995734152286537,0.30523064343391,0.62876151096432,0.390765688208194
4.31994625734652,1.00194083669073,31.5683372444149,13.3269599860064,-0.164151770332171,0.354986412622283,1,-0.249964701956052,0.370609674865839,1.03181674195233,0.15311930615995,1.01913172794469,0.284778602026512,0.824188582036744,0.317398407512451,1.0584979948636,0.282734022111165,0.517706233090275,0.346984111691949
3.21070202305179,0.718930153177151,16.3353458193391,6.44455308209332,0.173085902635397,0.544677973503026,1,-1.7708219105802,0.782602812441973,1.23813691029468,0.195382147391152,0.674722116956399,0.279814172444999,0.833105066730326,0.187208138493992,0.848178832626546,0.287132525447117,0.404028562624513,0.339239727127842
2.83194581187926,0.599894849572561,12.5571425792546,4.94087306508547,-0.278097920825365,0.282575417084666,1,0.432820819897967,0.351925488680441,0.240239914695512,0.23890016317335,0.674405710378117,0.204537369401704,0.927809650338632,0.265770207679422,0.590021018113353,0.24694604893901,0.552978401149023,0.295259444092041
4.18559629991461,0.960401562839734,25.0352792558875,10.5992193538635,0.709975949138982,0.433104139399051,1,0.296918943508333,0.507400853174603,1.03923716947945,0.244577142426268,0.725770495468821,0.272553813152052,1.1345606150698,0.292540963836276,0.633625967359353,0.327242377969063,0.895416947953951,0.28060882513143
3.79412749429409,0.646736569668345,14.098857234414,4.98493653969961,0.190253179105372,0.534915689257404,1,0.310741437685734,0.529698187571236,0.624778796517571,0.252902091254257,0.755762064314157,0.208965647041419,0.518999759168506,0.283225493327819,0.820540483216348,0.202974020991658,0.754733158194037,0.200981445295533
3.38647470839602,0.790809233229746,18.451253743676,7.72149899625488,-0.213031231688661,0.356977110511508,1,0.456917323612765,0.544323608573683,0.753390875144633,0.243434405944306,0.773905534775101,0.275919533119094,0.759239483608787,0.280456119070053,1.08710164246826,0.234561908504036,0.738584815962961,0.289323658685394
2.21470056606277,0.493363138584194,10.9644467732919,4.15744768397883,-0.157247217660952,0.303182055852487,1,0.19224228249923,0.505038130871062,0.617139332965961,0.245178608407529,0.827653766017486,0.197455453782819,0.405072456028817,0.272624791404109,0.262652745829048,0.282182974333962,0.402706617731685,0.300144439199263
2.70891680654383,0.630828599774099,13.8062022138798,5.79673323008496,-0.45599818956078,0.257787886926335,1,0.299395378808853,0.428720236909102,0.72822375498889,0.249912815748006,0.476708873548645,0.278285708216192,0.719774187105614,0.241850808287294,0.816566811346765,0.252213803479317,0.91726697384235,0.272565542392099
2.53858385348469,0.612936401322256,12.2798291008056,4.96451927476646,-0.0453886826465712,0.326003040374466,1,0.575144632406644,0.536743420815418,-0.00211146864873195,0.35372103944496,0.682283397769492,0.209268213303901,0.949789650861451,0.33695822700605,0.708631100533286,0.23141775147031,0.566068084821962,0.230912404737793
4.32680215015169,0.884036338657698,21.2866744488332,8.5975189038843,0.826672399914467,0.18110803062291,1,-0.520867042802208,0.932761550663346,1.23106934278737,0.289166229688661,0.64455056432341,0.186478939086766,0.435642726387515,0.293821806157863,0.972997580116704,0.238948804181529,0.794803877263574,0.254989146138245
3.49641018388513,0.704396053212487,16.5664134916624,6.19424765034207,-0.0624509421733878,0.401985371857041,1,-0.31465776132208,0.464422852854082,0.532259433893451,0.217553899550321,0.83708963232156,0.145697388975904,0.651197894957557,0.273387578963325,0.305757474999433,0.327732065461712,0.539466875891942,0.326880533872907
2.28095717036787,0.450261662123379,9.85723929930474,3.16042770645427,0.0153468231370104,0.244760513817352,1,-0.110837954257484,0.432426662017925,0.507811414851545,0.208951531182884,0.592221323087052,0.198346786448201,0.620636381325899,0.212049974465886,0.431631841907046,0.200132391299557,0.535028253671306,0.259554028600794
3.67537632382004,0.802276944268308,17.8327056124166,7.65215534202358,0.862208895110053,0.141821941161263,1,0.269394617288613,0.724357255241461,0.855538817621926,0.195262786986358,0.894324553006418,0.242181016856501,0.847000519419606,0.348887732051119,0.573317073220246,0.365605626664813,0.729843555093903,0.317878072137033
4.33122278591894,0.950555471478222,26.539303415435,10.8756039010187,0.00974387078454815,0.46920916543568,1,0.345104264601752,0.511242057596056,0.930560502493793,0.237055581528131,0.877655425760037,0.263712955268054,0.57835586348611,0.394864575230627,0.98290785375004,0.222864694309022,1.01978522741202,0.254703589901704
3.03296542183095,0.716945849430219,11.081227519205,4.86741348292886,0.42502643883854,0.950647960121996,1,0.409852335538556,0.589635322736036,0.467957646451583,0.285249780972217,0.647609225954958,0.264905351330669,0.205871167640457,0.373413031513245,0.594773640062689,0.223703587414484,0.429244379840744,0.287142785138781
5.09894122684228,0.941758341433843,31.1083745164391,10.6642196529333,-0.441071401093663,0.209792926784973,1,0.134037239632274,0.508515501680514,1.10114222921413,0.167640006066414,0.641122650147761,0.220878533957776,0.909295879027325,0.243434132456761,1.00364290402447,0.231157505449507,0.780030260177203,0.309306463506393
3.20667738864326,0.876493699437768,20.787185031406,10.1160806076113,0.672714698599569,0.316582334609165,1,-0.23988510023445,0.546350903923073,0.564652615991248,0.266654314088593,0.645287305930608,0.243993216195171,0.378791172182964,0.357206126712369,1.01340135906487,0.288708753900223,-0.644229554848504,0.579877627641593
3.41642069502899,1.08367248270831,26.0564656026662,14.1965086475421,-0.432614866351846,0.343595368312709,1,-0.900707619654643,0.718801267191532,1.06459765412149,0.281163282343338,1.17369403334549,0.299435281424791,0.445111723178194,0.442966348420968,1.07008340478473,0.32201323103625,0.758335427136743,0.405198158943221
3.25086838709433,0.587109810644438,9.55690759254359,3.67735933599332,-0.0850546146032723,0.395425509383698,1,0.250868394876458,0.441967078168851,0.503447843718546,0.244439211393222,0.699937499189552,0.235063009828807,0.731878870530673,0.261924983075967,0.277275107468083,0.274795391747355,0.718828859798019,0.244797521524952
2.97577845498496,0.649312258579869,19.5598058911043,7.53153477422371,-0.02026903907881,0.463908439533108,1,0.581659321808341,0.480997488958227,0.271758448783826,0.321739093281021,0.543814826000689,0.296039490177811,0.867057711660221,0.186485411003942,0.661237285068644,0.248499498678134,0.544553743552978,0.307050613267866
2.23718116922258,0.596037437218332,13.0291231722916,5.58180549215652,-0.194743567238989,0.389196251110684,1,0.117549528117917,0.701558480108516,0.357185372951339,0.340175200421016,0.749046914370929,0.262502811997685,0.613866697827129,0.243976849327133,0.95986271082613,0.206873105836105,-0.0512404608670142,0.410411472251587
3.35174717891806,0.719994933173777,11.9867645049573,5.09926015735045,0.12710753286379,0.593842274905442,1,0.518492890959763,0.483255123179713,0.389623743594413,0.293309942098274,0.584694563501581,0.259448383160844,0.789723236696822,0.277600147139768,0.585050207098237,0.226868057854404,0.279315850796365,0.285417933976491
2.92163008697042,0.644860339217281,12.8422664583873,5.20842122753959,0.31824371777694,0.707120285418678,1,-0.102886767133426,0.570710730792222,0.488515649049625,0.225918132064088,0.772396775261684,0.277457316066922,0.642018185628677,0.357102189144611,0.383924094952399,0.310591910278605,0.73098424909281,0.238743444788175
3.15202366706204,0.779463853740514,18.6916534848842,7.60518165014062,0.303872028863077,0.528094125614915,1,0.0954751462103626,0.553720951703652,0.692730459611723,0.267679565548882,0.399812621864746,0.33151234092405,0.983741305203375,0.162633259588649,0.611385663284644,0.296898985061809,0.612023262932662,0.270798142117437
2.77815474276312,0.573721816437327,12.3240333063328,4.83787236334499,-0.0441671594366859,0.435732190071331,1,0.571461886069776,0.493476520576945,0.44553047582948,0.279119714442346,0.797808937889388,0.190495940952157,0.376923083115977,0.244037624821655,0.654919854226574,0.291175403288246,0.925930344454956,0.177522046752954
2.63451490228807,0.72436597799027,24.9756639839173,10.5263703852208,-0.111879044037335,0.455535292154043,1,0.580831619197528,0.760020379037565,1.00271203165842,0.286548628728257,0.535631319779139,0.330441391766963,0.379662487680047,0.350676468426884,0.928280000013387,0.208435307464815,0.816369158216441,0.274813032194806
3.99533516945598,0.852634059160096,15.7551790309035,6.32675764672027,0.079938098771138,0.51135866785194,1,-0.0900733290247885,0.598829042112423,1.12588018883481,0.18846116543328,0.02300030436684,0.282191986886359,0.83195123742424,0.244926080399437,0.96725601717635,0.258736061200503,0.263626658355428,0.364055537641098
3.41453644784384,0.787815554939581,14.4452320474174,6.54754585107475,-0.19556322115439,0.397266218802581,1,0.449410422230186,0.364095444898683,0.642865742960035,0.255711343543992,0.32904325438441,0.379493824463215,0.744311961634377,0.197220219466339,0.541763668027173,0.257266254895195,0.79362270417459,0.252353278536598
3.99607478159826,0.864870780940717,25.8087263836074,10.1803507193107,-0.324399441398166,0.358263456569056,1,0.564346236096771,0.482063140729358,0.911754251270398,0.203987376346179,0.917237301092696,0.247952517803187,1.07563913242569,0.248255440457558,0.823813190554738,0.261998252396143,0.898182091543009,0.285681224422698
2.62182611894405,0.605020506061853,14.7611161702727,5.61780900986885,0.282921520445746,0.408406058959237,1,-0.100750943934173,0.618455702261756,0.418287655653917,0.305657717487724,0.925021582541275,0.263298826552451,0.66263378676941,0.195013401405922,0.267472738757388,0.221546363098188,0.158783727692753,0.387858684478452
4.2474049797335,0.992852645850755,21.3871464440222,9.81836665987636,-0.153920802035529,0.413828762576212,1,0.0458733846408418,0.776664610643146,0.945603498799239,0.196857862963034,0.789557809306366,0.25810805366532,0.934820740110974,0.351850666430778,0.799748487167723,0.365497421056275,0.815396230369633,0.320233986096777
2.62760096472835,0.605479701151671,16.2128378136145,6.58665212307583,0.606637218015579,0.633851135349928,1,-0.629962648047736,0.916644503765708,0.90275414396481,0.335200386709867,0.486800478345633,0.325067008959418,0.855137859683715,0.192576885104763,0.831119461664842,0.175111725962718,0.363419202096949,0.350476552163966
3.15263325363187,0.749148591899007,21.2628168458642,8.23933304337463,-0.375373638478887,0.238949773181333,1,-0.826506573456584,0.524739575241688,1.13013161785926,0.198474149535379,0.595312340508306,0.313380589230449,0.696207497525179,0.216902496739269,0.837007963257587,0.209964349195208,0.252672269270571,0.348118356689201
3.12714037780925,1.05998172042869,31.1684194366364,18.2053255433999,0.131972049046227,1.05939116018476,1,-0.232677801538629,0.762829907619237,0.90210884112751,0.378044636751413,0.898962799735667,0.362107248116699,-0.0142936065158196,0.410746638922639,0.798324655586252,0.339310366645386,0.0912862550480873,0.449984459011561
4.57981507991795,0.914055661183617,24.7980092635981,10.0959508894691,0.331876707269026,0.886807166479028,1,0.855714588713207,0.511035331418097,0.523015893787976,0.259187252771224,0.910604330196457,0.231908368635118,0.982838122798806,0.260296983589466,0.737113420989455,0.25334741330728,0.881907866649421,0.250644795702944
3.48023752226645,0.869287406080788,31.1115773380703,13.4884717442699,0.00472750013677666,0.671858791859957,1,0.785736844768648,0.499992963904033,0.534088190999378,0.359046916110745,0.842619572421164,0.250062718849624,0.994403929847869,0.258650776816632,0.86237766095323,0.311655519481469,0.572987313137498,0.379538755238417
3.08735693203949,0.748379478785284,14.7817684684067,6.9646625031311,0.109330333869976,0.637215934622534,1,0.423326515490407,0.700268537746646,0.58711039238415,0.344518601918737,0.0667007775625818,0.36212349115998,0.705960823183116,0.253727841032578,0.516145449251653,0.284287179027396,0.816956463686214,0.267010285866167
3.30167797388774,0.804992996645348,19.9470078569036,8.59123836681815,-0.192106452117817,0.352905384119823,1,0.319319046289028,0.587294241990241,0.806620317151663,0.221682025373741,0.990361139887768,0.273491460909488,0.638279753769336,0.240308856279204,0.347234928550736,0.32373942354964,0.970756115090779,0.311258079817795
3.68862442967753,0.817231794415875,15.9649166679369,6.57604064798431,-0.434984161957238,0.303568440730348,1,0.725862356096445,0.53836256419445,0.695524786112751,0.293035420801029,0.602646002206568,0.280554400180832,1.00202024142284,0.220910128850301,0.580883166670922,0.287869995215307,0.633047055078597,0.281473465257023
3.23315077938957,0.793709862013382,22.6882630228375,8.86611274461173,-0.420482690493717,0.267729214445044,1,-0.858562388834202,0.554932170748199,1.03965024802697,0.228444799824696,0.997227352093602,0.259163685306254,0.816530153569348,0.229712495627599,0.664728357800143,0.248922706791787,0.821726572969782,0.256152790247617
2.23144580439882,0.507426607811149,10.4518686285258,3.21765077355971,0.220799212040635,0.586081308051731,1,-0.106626954598848,0.528285085305079,0.466257230321153,0.27485418609209,0.531916574827697,0.240903947473592,0.727292339673516,0.214969949473376,0.621733289748161,0.180458957735875,0.509704914728162,0.225833118899218
2.68694094316892,0.534676025189767,10.4590938120218,4.00820904762233,0.0368359041992068,0.451955806670548,1,0.648522095754277,0.470632319386612,0.91079139430658,0.166242188085827,0.473194819894465,0.242589106128869,0.37630137498688,0.253132465977726,0.892126199522207,0.289791987441537,0.312413524796085,0.308466663141344
4.33655035211557,1.24597490626297,25.319866113126,13.6370470454878,0.156382221906461,0.746369459868062,1,-0.145470960996805,0.723194281935602,0.688652078070531,0.283086512149247,0.303994267346507,0.314296213590475,0.978504548830869,0.31759988770191,1.30785387452203,0.383120671482726,0.54621393946832,0.461280348418678
3.29950815465194,0.845529135364904,20.3356686219108,9.67207584734153,-0.0996971983342229,0.378866217183206,1,0.363874873741452,0.445771386703984,0.807799375674191,0.218322332647606,0.894177173134587,0.243308421501086,0.886468299483093,0.312965886720976,0.780645458251077,0.355115464845903,0.336081022240163,0.371727324355521
3.49438099880279,0.708582409932862,13.4715876301868,5.47514178635036,-0.539851432890276,0.213159644150833,1,0.0432238134977178,0.477420035338678,0.669431610389553,0.257154202072615,0.667387219685584,0.305078485300132,0.839608094782372,0.264436940741789,0.859330195228521,0.245611039020898,1.14157626492672,0.216341058756977
3.86315426047376,1.01352956570007,29.7103188355123,13.1440545862744,-0.388799141008501,0.341219716662809,1,0.395141938560046,0.548522297710503,1.25890532529784,0.275257245999837,0.848972574547182,0.276970980128123,0.964644013454133,0.271123027087944,1.08967115555187,0.255916315038566,1.37663577242451,0.28147978333394
4.07093812941289,0.859667886771979,20.9930151534853,8.64996360987439,0.12538544179296,0.540511503233239,1,-0.441854366619907,0.539334722650839,1.09307445601978,0.209518188816358,0.562974401389785,0.205019955938682,0.934853299094782,0.203466397499139,0.663541185205255,0.37647515651119,0.920049563897362,0.380874822223948
2.8419277988857,0.707176260735901,12.195911240367,5.79222677183765,0.410306089737268,0.890771450618531,1,-0.220216306112086,0.661234611818672,0.655059086476063,0.346184563678044,0.761628526027052,0.192326848955976,0.829888337999887,0.230943343209337,0.694253418938643,0.32927632709085,0.0525942468727836,0.369273205862083
2.9954793600185,0.641329983827001,20.3872257062251,7.0181178484357,0.551617970409726,0.664767365470461,1,0.0941203179099741,0.474416829099398,0.5830811116381,0.241272792571588,0.780344611030408,0.218545729666541,0.618007198781638,0.228423900797557,0.689182827155378,0.225134890585655,0.720116045876046,0.233907543281408
1.94747818446428,0.549902411348977,16.5292491783453,6.14964507212835,-0.252842077847536,0.234061968897354,1,-0.704212183399639,0.376678375354415,1.07965563340395,0.174656815466459,0.301192742586055,0.279862195934218,0.5224502263244,0.256437779863368,0.562668795033729,0.278915458855828,0.821038541712749,0.280760482633429
2.9362930273456,0.847325725018037,21.0207239277158,10.1501493213331,-0.431251789318824,0.298575857865431,1,0.493057010884799,0.498366531133053,0.890237968271686,0.242847873832759,0.318347582736558,0.303214831299419,0.637029816073205,0.303288097104675,0.918066251215694,0.355451979544474,-0.129062495969841,0.515887400156914
3.0964262308077,0.703114374822104,17.4454692007644,7.05212597737584,-0.114947867427794,0.390944795785264,1,0.308433858284537,0.445490178757646,0.812009326016842,0.20900990779721,0.537807567155616,0.232355104820006,0.673031223007032,0.298341189088916,0.684263244571722,0.302596850278012,0.516935068350844,0.420783223046318
2.73393363202214,0.896507166161588,20.6779825376379,11.6654111533704,-0.315415382606642,0.408306345608394,1,0.678329628839907,0.628442011420844,0.814165245471705,0.279752745616908,0.545729480593882,0.357779035202488,0.346894036365375,0.448835648928404,0.828502394217364,0.392887913211455,0.510474313649001,0.396661018835724
2.60426512299836,0.605345368221578,14.029926828938,5.37053990093108,0.603425321381826,0.562551778734562,1,-0.359322870552357,0.651353069214208,0.51954993518462,0.256400859659208,0.737910482658373,0.237127783565066,0.71954195424736,0.173064541811018,0.464544871593855,0.324759644652405,0.461769859206556,0.270193217370984
4.92176515549078,1.52982397146625,39.8756254692761,24.1762082321084,0.0300252531479236,0.735187785461324,1,1.84984704778506,0.835381475447979,0.698810854260429,0.388398050776223,1.28207707415608,0.328954232564166,-0.533217053841599,0.676461237886815,1.39863302443542,0.379515339095884,1.07888544574413,0.320774465020492
4.24174598452036,1.05323550050313,16.7443806073562,8.51691375842248,-0.243934282157598,0.458433420771859,1,1.03231086098014,0.71827702861378,0.642635878246921,0.338866290789701,0.557851969621855,0.307613475701214,0.774173968556909,0.306077039969633,0.502961352403683,0.329471468457093,1.01305649864523,0.234477815469677
2.48011222949172,0.611963298672498,14.1080175767897,5.56732406501866,-0.0449063387879994,0.332340038298967,1,-0.152283127736637,0.552365003252183,0.752034888742254,0.237680820518001,0.58205482787056,0.290091474458368,0.577129869344023,0.263907044706339,0.66482844793761,0.222258183127366,0.254114067839896,0.332167334492317
3.58109201802323,0.876597683025426,18.7792774204776,8.52977388347373,0.168227096311367,0.720480613431386,1,0.000718650826701597,0.649590455258653,0.608396799833549,0.328822737401813,0.818569086195523,0.226683278124457,0.726359228301235,0.311370837267134,0.93497486513992,0.265704405428601,0.798220840384865,0.258065067379975
2.78225821634638,0.748511987257279,23.7121707107158,9.33475395243047,-0.0635244671507308,0.544612529120885,1,0.425113919881133,0.544658927916103,0.91426831962096,0.25296945615942,0.455275141103939,0.299754763377882,0.456534658433438,0.340090464647327,1.10397285318008,0.228135310128939,1.12674303908189,0.264135213375301
3.83032133091092,0.826925475127925,11.6787503963083,5.25437848366519,-0.106228434741269,0.327248667888954,1,0.358427582525224,0.698892111766888,0.69904046114203,0.19763923510851,0.610057044623486,0.244991643645929,0.585134509164225,0.321029645097154,0.396408494425926,0.386486071579274,0.878972373564194,0.299687578669175
3.03741224537044,0.701970123865641,19.6108555129155,7.68077683490264,0.0537933668196858,0.535665041501405,1,0.425873035063256,0.453197199013243,0.580866109568803,0.270602172569703,0.663311094282255,0.252293944076685,0.612689316436313,0.268394557145483,0.61925071579643,0.233450541042552,0.879819146177134,0.216419828815962
2.3293565303749,0.552543136645916,10.9839915239652,4.57695226927213,-0.213477094045353,0.336485713103526,1,-0.676773073113353,0.707625766515333,0.907413764407495,0.253896486664878,0.661722079362143,0.319218355989228,0.862623537486169,0.257090888852325,0.399877317778167,0.26477777622734,0.845508472365481,0.225813220235321
3.40075349988793,0.801326425487239,19.2494673026437,7.76798915968143,-0.287644139128792,0.332375134139135,1,0.560489369137221,0.642539778730248,0.197711260518556,0.32389829964336,0.269068628275239,0.307294570014079,0.961519283631377,0.238343718602535,0.940199628691339,0.230635490785371,0.53524052540267,0.312187750518245
2.440584372543,0.477036014875929,6.07374559629971,2.24471918022922,0.607996120977699,0.486582872405604,1,-0.266405118937912,0.641165703353398,0.69252737865304,0.198533237524163,-0.0836015634817321,0.275457899925383,0.649438683685243,0.200798076636385,0.534576587933347,0.224914367505968,0.714569087758242,0.230920366053869
3.14545202560113,0.670447580945142,17.3853691766786,6.1896518794005,-0.0841452700516074,0.247621138679456,1,-0.14727359574859,0.498681670534004,0.774644024270086,0.162202348934376,0.658368666784727,0.177187272678384,0.394098457750306,0.323017913004261,0.796468245275124,0.279621645856344,0.92123461686764,0.242342439265701
3.47176675543833,0.752398213485398,10.8176954372085,4.62744124091811,0.0739522295916195,0.551746178011626,1,-0.209990644531064,0.523181727583691,0.777147112376989,0.298886283276512,0.887824304608799,0.231353223909404,0.484331848958924,0.311737879608997,0.667760307335848,0.254900522097284,0.349840615587535,0.336827963713741
3.37196694949154,0.763677189180108,21.1639811391633,7.80125661099311,-0.405384339092418,0.257363417208724,1,0.0848747343852448,0.701633537844494,1.19619952067937,0.239371878828286,0.801621801598217,0.254304350220381,0.890222073682083,0.260488249195632,1.08434068547604,0.24059998827563,0.925639054409054,0.240378952693705
2.75197463059346,0.89618741252699,30.769700881146,15.2941560526503,-0.282764690573406,0.406227637683192,1,-0.30204579948162,0.893660726693813,0.945453546229274,0.36723214072415,1.0334113409602,0.21226601043174,0.961964312699291,0.254595394094419,1.05243255367318,0.300408664232809,0.734353848931813,0.435593071177754
2.95219602855771,0.748311337114035,15.4043707958733,6.74894521652937,0.726591237363391,0.416893052158436,1,0.164416525583117,0.677950188246296,0.638371045550198,0.21636492264757,0.701368015174199,0.283667117228034,0.82996747187722,0.304529823350581,0.599281101275784,0.268303830547802,0.73133977635029,0.198853109546465
3.3224528202962,0.694642901965411,17.2013573275156,6.31424499384495,0.333771516411676,0.558386703452944,1,0.470229213441868,0.679165412948941,0.68557091335661,0.306414294857145,0.342741878726208,0.29598115263081,0.922129997322436,0.216067114799151,0.869443109816039,0.217340140734264,0.785915508956964,0.176045847146375
3.13788121033431,0.625332294518943,13.7407918151237,5.16143407603565,0.79297710439127,0.214964944379091,1,-0.638807911192254,0.523249361974449,0.898193082941558,0.182147044009474,0.336127498116898,0.240721470587396,0.779266952723333,0.239514608343279,0.814985651479472,0.268887970051621,0.596171681780138,0.269512536651325
3.68745791301252,0.806586168063817,17.9178002444615,7.2616853865287,-0.255421293053539,0.373324791735959,1,-0.0846773119216545,0.484969399286625,0.9019524302409,0.231371622961145,0.639455865915272,0.26911887395605,0.880854263185084,0.248195705726602,0.542671489512398,0.22393555143568,0.598109620726862,0.257996494006439
2.31682991740537,0.678249114251802,14.3729582454923,6.61179913580986,0.879188647269252,0.137324887324021,1,-0.526281072223999,0.747354585815214,0.821963264734144,0.237988081431292,0.396827634900583,0.286920795523822,0.383499826649251,0.316940259296845,0.500867787031333,0.316649785337946,-0.0879574896485343,0.520986827656664
2.23684593523625,0.653909211946084,22.12680936569,9.14105392187681,0.538771929500082,0.55860696300153,1,-1.35069977253636,0.579896972406697,1.26256862251588,0.188595805235199,0.471791713670596,0.314048687734316,0.388499840266845,0.288586544617927,1.04290581489961,0.255347578973817,-0.18934521496485,0.5546208484733
2.57795525281094,0.607480092239484,12.604587336592,5.32106706636853,0.782584826137553,0.216553645308214,1,-0.0558193174813362,0.689212432800953,0.661528815891067,0.178396161712958,0.444968612435772,0.230907261953853,0.740683322424426,0.230598324267114,0.505358511625091,0.309689158889581,0.355020632283861,0.426039064851766
4.03867858947661,0.955686282069835,39.1051879602384,15.2154806655899,-0.482257819523361,0.138630150355135,1,-0.0649289359493889,0.562872592733255,0.943745711093371,0.19996711693335,0.620132734334339,0.270339595141784,1.24652001179317,0.196431376682777,1.08690304745477,0.230333026933377,0.98199493385325,0.294796430013638
3.89819244618393,0.823386216577995,18.229392946833,7.35816665925056,0.212417110467586,0.744093249984646,1,0.443631532368177,0.546657494047345,0.506648388615751,0.234018984168861,0.889985079209911,0.250488412685768,0.777567830201807,0.237008391047743,0.972848724978471,0.227345236286765,0.570368268174545,0.309286371367298
2.06239862194784,0.584898448463636,15.6608344933363,6.40744262081679,0.472225970064301,0.902485505070844,1,-0.981661313770154,0.665200934403047,0.981241148991457,0.258359938124256,0.498317274250081,0.275526870677551,0.24689280079545,0.37921018554378,0.302714554680967,0.294773470546656,1.08550015526596,0.247862094087923
3.83207531072878,0.79804790297653,19.1811056505686,7.78466981921853,0.943358854893285,0.0537893135798151,1,0.699176563327691,0.830340337636522,0.794092946576121,0.214392071891653,0.445087654452404,0.262819729153647,1.08533024279147,0.201859870881481,0.963456143860593,0.251841634674907,0.432789051985712,0.361751073129924
3.32087255246453,0.646000337614457,11.6432251149446,4.74878990857515,-0.154489129577715,0.355034734633517,1,-0.170499679661162,0.491923782538582,0.774841773300924,0.231150645519243,0.751310685178008,0.190764945377002,0.849144621547233,0.260397465944453,0.793954778623616,0.295072721685883,0.607609404313283,0.304020094579866
2.40897412186779,0.598416883717938,14.5605212717859,5.72207819665623,-0.110583342586945,0.348745425103056,1,-0.665298873637263,0.528197867329698,0.896514567470416,0.222173127133167,0.955533008744773,0.171739839346018,0.668344003623118,0.205621440505843,0.236164840599286,0.372858343522196,0.788060911919295,0.330867233977568
3.69906186824211,1.11387752544998,20.5678694426476,10.7792312526606,-0.207522347505681,0.447953665338654,1,-0.393562401611391,0.873825390262095,0.519281216047183,0.34346089510827,0.904784163621138,0.390202575653296,0.84220390701463,0.271732995008811,0.719814775675948,0.278318342597911,0.675147672681869,0.261349799715939
3.73045173048338,1.07257399373992,30.2881328758565,15.348770136274,-0.340299274946257,0.316222535938321,1,-0.30619606820431,0.679447357911137,0.709258536765453,0.366974381082925,0.587328038778557,0.403282828633242,0.816146943859684,0.352754275247859,0.911383394477386,0.219753999946553,0.66198427469019,0.307737717980639
3.4741923980323,0.784373699908143,21.9770713098865,8.13319557693395,-0.160272683349573,0.492231924336584,1,-0.122380799050278,0.645567728875338,0.878071991114171,0.201405941028253,1.00680139163336,0.222736840879957,0.803574901817699,0.252590720799472,1.0183416507657,0.269009630541172,0.609953383095806,0.300259713579609
1.80917258732861,0.783781468845793,34.5306106192618,17.6965342747874,0.563183078708364,0.598256982589838,1,-0.624037307459793,0.534806772576147,1.03248219452629,0.248537965860904,0.911403896271228,0.277323392860235,0.673073153390904,0.264786319663869,0.766653665219122,0.299111599412818,0.638102964591816,0.397224455413684
3.31332490305297,0.768676393171921,12.3133439055341,5.82759608369836,0.898682370702695,0.0920466052011426,1,0.495762249039952,0.749230960132397,0.638152977074817,0.283767771548375,0.850768407523634,0.192548487243541,0.458891947105164,0.267794458680515,0.280969327778193,0.364031403943767,0.626683927233331,0.336911554424826
2.40302375745285,0.65754280889104,12.8066618181604,5.96758722941001,0.217249481166281,0.64065865777462,1,0.040734912887296,0.478664105923298,0.564078538373059,0.199798731744181,0.676331603367239,0.195601754406778,0.632785550094187,0.274677495714958,0.237159796916916,0.406195570546365,-0.310290187728994,0.559945777112214
1.76646963939208,0.37095222286037,5.08459566554034,1.71424010401756,0.0349291728809607,0.432655782637258,1,0.304290799707176,0.443791658925411,0.536221832732806,0.221608556969499,0.418469606335292,0.212727747560689,0.565700834205791,0.17700035504614,0.740966464358813,0.202907082632065,0.548794103618775,0.280367507316809
3.27537942920208,0.878015920266365,16.881065438387,7.98761412140162,0.570206497775038,1.28040652767055,1,0.981957082306959,0.923897106230587,0.846699553237465,0.303406501524056,0.619405646659077,0.266635520069012,0.487537045228732,0.278453241888809,0.629933465037064,0.310374064229745,0.746337837452228,0.289846633739442
2.96677948696157,0.68567125258325,15.7142988041686,5.65050774476491,-0.348255623876699,0.237559147504916,1,-0.108531535346822,0.619305951938703,0.891762621768163,0.217636537287346,0.7478645290876,0.228290178569085,0.721161129025659,0.212849770294646,0.730056284563891,0.213815648142183,0.693241502850713,0.253667656654982
2.45525023905403,0.500631912239258,7.52372151370164,2.73630854407229,0.466521523390605,0.72523564598291,1,-0.0628664166663525,0.533750113204902,0.345198992282307,0.27223707231836,0.790964148451173,0.208366772960395,0.464903825550185,0.231309478180984,0.383256794748433,0.230547899028187,0.503287765296617,0.255222131811201
3.03994681090263,0.83677057237687,25.1673922399121,11.7918279716025,0.0901839880846018,0.461938557258637,1,0.0143626840779247,0.400662910765948,0.869868220063786,0.210998826837692,0.823657521515996,0.273258653103002,0.487989678556949,0.33127101355702,1.12889158496742,0.256792315890194,0.726374463951948,0.312911428599206
3.9221314674058,0.768711265417415,16.4945330284982,6.66053497958661,-0.338862963541978,0.28088044882528,1,0.426776155163486,0.43066336014084,0.62030564364226,0.236719245889026,1.04450522161107,0.218609970321652,0.710926618513529,0.259771456874058,1.06821795236037,0.230334263335585,0.898174143954761,0.254919535651513
3.52094435709842,0.94539537847906,34.8319081822953,15.5237234533374,0.0289499178374791,0.440230514865434,1,-0.60116200868614,0.656847967003741,0.922783674929736,0.240233997403696,0.996036711982793,0.193402666913552,0.887895457134792,0.320905161426161,0.938543603048403,0.298313365065009,0.599292225281992,0.396383054656584
3.08127347758339,0.829132490810941,26.9410348439332,12.2128832846039,0.296245685804861,0.772628308786785,1,0.13374055534123,0.702899274834542,0.586206152517416,0.248096135194884,0.901032813876393,0.311019465830146,0.654385280218291,0.335366084711034,0.500903271638233,0.277641703520439,0.643326887829774,0.294889180452298
2.46548379906395,0.485890222235132,8.70176679685592,3.25916047289354,-0.156115100063203,0.331341563080006,1,0.187498800023585,0.538368843385657,0.48513089218971,0.301812161248307,0.588570801358939,0.235763919937798,0.840142938454096,0.214302082168559,0.454162433411681,0.275226927674354,0.550772259713483,0.227461506239868
3.24052553904979,0.785917450591625,18.6441926818848,8.40204687110531,0.0474753876507493,0.389910420770096,1,1.05574845355043,0.706804934467266,0.2489038445393,0.372124874055262,0.611313076418932,0.349942462047642,0.901439049510387,0.242109313192367,0.601074953182845,0.233127712707309,0.846623216073543,0.266346946491658
3.01486514858879,0.596536368117689,12.4820819860989,4.74481497487324,0.170585945445215,0.469401589061309,1,-0.403453735347415,0.460474239757791,0.857804375138999,0.219451677563851,0.616434108282739,0.241129268609114,0.872392309145989,0.202878050431262,0.90559544489787,0.242624752734579,0.708258561544751,0.316693497311836
3.41077066463288,0.844396020947633,21.7867940183635,10.2301843925842,-0.58568192375639,0.19821959877596,1,0.539155288434233,0.711099317132539,0.714262453665368,0.319704110272092,1.08173249808904,0.245512811881529,0.769140748937014,0.269387967945852,0.531202376612552,0.316014363467536,1.10485441358853,0.286882234165191
3.43998175970773,0.654000668750295,15.0565766228304,4.98024408995214,0.810749824269777,0.189420770189218,1,0.487453424295783,0.621918305509738,0.658218490981492,0.249903683679302,0.483813401370833,0.276592843698012,0.422855286540668,0.289551784398058,0.930229023188868,0.207843711222867,0.897271636523902,0.239610858545181
2.90344875954758,0.617666629132082,12.9276684241255,5.07575073606113,0.335766421176925,0.561788173372907,1,0.57829433512972,0.698598604681282,0.582627289175406,0.317620412517344,0.627511443420586,0.205371518707023,0.447055153124465,0.198181260159711,0.392977320575896,0.240619716881878,0.916769202461536,0.280430062833309
3.08326431126918,0.589084131496677,14.0370719406225,4.78767334639056,0.307786455149107,0.462946588208313,1,-0.201766170811042,0.451466297186246,0.606559260715088,0.230860216702063,0.379588942883319,0.28600412543731,0.640002444844989,0.2736999232613,0.968567669983359,0.195272390562595,0.870620103171712,0.189657439226527
2.931360267102,0.649299586971118,11.8889408695216,5.08033806756852,0.0886618426578547,0.459554770590117,1,0.0270506802138077,0.569801657156783,0.715056633598273,0.305983385561875,0.4088215812532,0.284312526331196,0.741793286999919,0.245757558941504,0.823745210342828,0.220508986856767,0.571647226319903,0.274777163288185
3.57442377495955,0.758975462799561,15.294688777248,6.6726169742741,0.321168511254969,0.7123028393216,1,-0.359835038674588,0.698912790759645,0.953727697556345,0.247163264603343,0.710023818369008,0.317899267476073,0.429429416959036,0.330303020480618,0.789054856577634,0.232786340224953,0.815781409290819,0.268221629331271
2.49262244124648,0.622370810926979,15.3120720137235,6.01546658466084,0.0800207624357179,0.428220595594272,1,-0.183232164566742,0.49826988139124,0.48726962070137,0.304068097762604,0.809080723284611,0.20213715304259,0.623035641984829,0.241362443844771,0.560603633349086,0.303342767124052,0.971084242831155,0.20907075556681
2.911671341654,0.573783635212192,13.607256920738,4.79739197992202,0.522714993631353,0.548831902146062,1,0.0532317301492013,0.389789051145857,0.794567279372839,0.209592757611462,0.606880830259134,0.224395260480107,0.566102020278853,0.190188558055074,0.972474722746995,0.229852678088711,0.938037909278308,0.234718970752698
2.87961246424126,0.796006593882007,18.790049541508,8.16474995006139,-0.00808777670769743,0.468925789946662,1,-0.0534756123069885,0.833273629713898,0.4140968438825,0.267054179541719,0.779440983411429,0.227955115089279,0.886354701425253,0.227413486344895,0.608216029716769,0.286312700061372,0.578277862413581,0.364035006012361
3.05012449114723,0.679147888587037,10.7133511916036,4.47358026554397,-0.182147754116304,0.259927495079957,1,0.0223127612877989,0.484904557451577,0.643729856639522,0.362615922974178,0.791494766296169,0.172398019041203,0.626933537455906,0.253940145869468,0.745133921902492,0.206157011858413,-0.117060369921606,0.362789262560299
3.82540460917103,0.79291920391419,23.3431699195615,8.89493604364904,0.748370683392652,0.405046205891569,1,-0.0379363937099368,0.877783190300289,0.350036835055432,0.362187530917705,1.3379924296018,0.215374507559189,0.901001596630608,0.225445961807686,0.781732863032653,0.222004872167412,1.22724058584669,0.193736762471351
2.82728080043744,0.608610362343254,16.8181793449436,5.7167827435083,0.371771759291993,0.998006014693286,1,-0.99780158694592,0.747002661494796,0.880762016848914,0.353639381978273,0.921102445045109,0.201499257438296,1.04783080390775,0.212715844593579,0.494618084386212,0.237282291799575,0.886178394578447,0.243003036949326
3.04422905859385,0.736665428731519,16.4389229367672,6.95649848266497,-0.113668295864207,0.381049636350357,1,-0.523047737832209,0.415811308360418,0.979937175315173,0.190670881999349,0.859096202562986,0.263905366428436,0.579691450156907,0.310874703989276,0.941552672104612,0.258535433201975,0.595831069838513,0.264969565574465
2.77198885284042,0.616719392199939,14.5361507223783,5.61204134597391,0.143466318479746,0.587956545396391,1,0.515753103892974,0.482621354030272,0.769818409783649,0.267684298079297,0.631051749341394,0.263463670102014,0.49835859113462,0.269955838074437,0.804644433637051,0.205811589604428,0.765365642975601,0.259906374071685
3.30741093888724,0.545007186854209,8.70946386209051,2.72780717725222,0.142680935734085,0.346233660171841,1,-0.298018241198049,0.454888766505252,1.00202720568268,0.15792130968563,0.729490369789072,0.253595394350908,0.605723699647138,0.201209477663513,0.570534174450184,0.234721904112166,0.709076650785087,0.241517735169083
3.50006801341826,0.853572465015445,25.1863629031242,10.4882905684543,0.77488873955944,0.303124297200858,1,0.399197759865067,0.643573879886952,0.417679159034861,0.351113414075671,0.680903550498285,0.287528902059428,0.874304877896166,0.275481588871663,0.656013702035813,0.244495288285435,1.02460552082471,0.263548116382977
2.84736951392367,0.608170100146093,14.0411133598554,5.50927220600834,-0.109734862940181,0.385882236503876,1,0.707409069421655,0.574339853312546,0.769636623036013,0.246465572978589,0.490318142304857,0.30029119576672,0.607075577282669,0.232198185675367,0.722997050921302,0.218435813009324,0.848137420652668,0.290793809818133
3.80035619010886,0.774464566294113,16.285396394288,6.37663605851523,0.34950746297075,0.763616134449409,1,0.534665010498955,0.629449906713619,0.534777857938877,0.292807532777096,1.03910327795422,0.276104835993511,0.462596288313021,0.334516935638462,0.821133902557306,0.242748658774744,0.641332239349935,0.206252529027613
2.5786823862331,0.463392183348043,11.509772955178,3.34694522764134,0.658372118944308,0.366456670220014,1,-0.0455436243300602,0.478125762170241,0.485602936722118,0.234606324698476,0.627949471363998,0.203568095236215,0.858710414639547,0.178434324573943,0.766521853254894,0.219045268799909,0.851236700779787,0.161943396015167
3.24157967066211,0.635898066771031,15.3648056291785,5.39620577533731,0.101459250823843,0.612102994963553,1,-0.25937759747797,0.485809844133962,0.886738994928133,0.218300843621654,0.432023399092773,0.231864883123991,0.677514523698956,0.23270251865919,0.379419312374262,0.277062660372261,0.0205112221825623,0.33584698661405
3.80103922798287,0.863448462860738,18.7777737013862,8.24780434339618,0.0877755726339832,0.556122422769311,1,0.869751846475793,0.661754100291174,0.711000180217093,0.338017747422593,0.601002070936797,0.373745642819044,0.413365037635021,0.358402178695267,0.812215467258833,0.214832406080699,0.936471257223649,0.235418893865114
3.22575585374154,0.703210764949429,13.3260267451749,5.57764001645907,-0.321388252145076,0.268412136150833,1,0.0431938848815223,0.510714168335589,0.73125245985718,0.225511372192592,0.217390292297783,0.298329514213257,0.253437067798523,0.294386290819673,0.860037360673181,0.214330858202722,0.575621232391697,0.308888453797754
3.00967359931005,0.749934813306178,19.9318681877572,7.34347377318602,-0.449677775553209,0.259710061214938,1,-0.331742257796992,0.583195064466709,0.958715792921945,0.229427842773906,0.816920993798877,0.30364715941953,0.859676817006097,0.268916664157212,1.00075381214341,0.223026327466359,0.726111805838185,0.2090257141454
4.22877800459141,0.846431720001164,19.8977211461661,8.0249100643653,-0.256373623707744,0.324326853965517,1,1.9373313860103,0.761553452703297,0.294184112829741,0.429629190187524,0.678515640997577,0.337579092187025,0.448848443073114,0.278564921799461,1.01503158090658,0.22491956428727,1.03361978634556,0.1987512879584
4.00699852846606,0.974090826253218,29.2408981299082,12.7747652671842,-0.57730896868951,0.18959837350813,1,0.288153832700475,0.501498908712283,0.922444196859593,0.260946745733065,0.867682987540843,0.23050613872253,1.22502816786895,0.200114986243505,0.704104550428026,0.325616763585464,0.795538920148026,0.29481688912251
2.34916068186172,0.710646277789947,19.0268279493957,7.96221054714381,0.0868466062235032,0.554483528110806,1,0.693905418479915,0.632569745518183,0.365091094206379,0.312650272524336,0.339801561469121,0.311410556446761,0.939030783451342,0.24594136493688,0.966286155844106,0.25069534768564,0.504223430549218,0.319036907803141
2.28884925709842,0.611691305156834,17.6421324571853,6.7139214599048,0.298327204147858,0.706092851721603,1,-0.292237598686472,0.445716828641216,0.77214589254147,0.224388718070901,1.01452650438657,0.231750783132203,0.5955413120129,0.218390010866828,1.0038219562999,0.285780416655866,0.803003912970596,0.324400714353257
2.89433037115678,0.597765067470103,14.09366655531,5.12450925498656,-0.213856913244626,0.346771282726027,1,-0.221463553395706,0.381970077695653,0.85843824356435,0.188937707720131,0.618744719909799,0.250549734077195,0.53808768299468,0.254608363728663,0.63736793889152,0.205973665361261,0.662824827175884,0.239587131058598
3.29620538372224,0.841068509217583,22.3040364239926,9.31431094191315,0.000128164506964006,0.500911262095794,1,0.412367262175511,0.556653440006233,0.397580066238311,0.313724996625944,0.925327448613152,0.207502090704012,0.501980911048597,0.251332979227203,0.695475544320316,0.237177898116295,0.945320112645087,0.252924470750975
2.83043893509989,0.614423347755954,14.3434157900847,5.34465512120597,-0.227826244636958,0.269718595925835,1,0.237675708199014,0.555775888645518,1.02126360037617,0.247364993748024,0.60935521290261,0.238895674755904,0.770654939474879,0.228524054136996,1.01713839724357,0.267684856146355,0.788008903491492,0.290480150214347
2.35578147275098,0.636687168109517,14.9390839004441,6.4598771826355,0.502919510915391,1.04224476094464,1,-0.463765112777518,0.697848189781095,0.787443807653361,0.249687959086817,0.668125120009323,0.290677322615069,0.709464671200226,0.267981945829088,0.711182296226884,0.283392336980989,0.530738969031148,0.311877188884315
2.9174868271414,0.538366021216516,9.84838299473299,3.37454803182018,-0.0153953788200158,0.377478675216522,1,-0.47879386558813,0.766081933781649,0.574118184569188,0.337206378473566,0.794352314103522,0.17311771356329,0.322311008117625,0.219730032060594,0.598111280501263,0.207438869767042,0.529939036965792,0.273907489143323
2.35525780900684,0.535899719581273,13.8138233640867,4.45549209416809,-0.280668323893578,0.261752880816832,1,0.269589125308979,0.720528824591692,0.63081251527137,0.253204236419077,0.745836577620908,0.229754021752459,0.800304940216818,0.174272584866478,0.540958820517643,0.234380954238424,1.11416958268105,0.21277379299588
2.98469955903616,0.570252366241846,11.5079446847056,4.08187477501758,0.159473705482247,0.42577020466613,1,-0.338463942991054,0.436365259162459,0.832879397894191,0.193944192839597,0.341818846622809,0.275378918839527,0.640704416700911,0.208374333894961,0.822068085391948,0.192438400055543,0.590627178436574,0.292000829301869
3.61229242118969,1.05490872304689,30.4946965644896,15.0889411493177,-0.28291085079795,0.449926215618421,1,-0.142702800538405,0.572091116544638,0.924298354677924,0.298667840424415,1.03732323899922,0.341424242450868,0.53907223256618,0.325812623601552,0.815904133862129,0.343965595646807,0.795906739326218,0.313778901908189
3.0810503752147,0.60717587941826,13.2225508964537,4.93384907318843,0.248542639284547,0.449481153969925,1,0.206932386241545,0.497341434264224,0.671646035442478,0.211744584544889,0.751157231149231,0.278777072937027,0.603895352964129,0.226653594835581,0.60339833528644,0.265282338661684,0.137886306811197,0.274031393454939
3.10517502804017,0.707539463877603,16.4365803092118,6.71513869959125,0.00243125249289105,0.388929962284517,1,-0.240333709677006,0.608303635795902,0.801047664517552,0.232446224066685,0.631935190574205,0.253132425212752,0.560607113416067,0.258124300346957,0.465882724298935,0.280163416679165,0.962244567406181,0.237991531133734
4.19939393758194,0.969178298027953,17.8568870312867,8.34736657700745,0.0529807772176794,0.491990938188114,1,0.0219647283155085,0.516019042430526,0.260795823255142,0.283124033128535,0.792969620107999,0.248316103222141,0.965178214433492,0.405806833707122,0.741655885654058,0.280197314253505,0.509085233831052,0.315651317869326
3.32378223016401,0.747393587469652,20.9815814986371,7.27470892962818,-0.132936747600448,0.35072975735751,1,0.039223720028018,0.874220081980699,0.615681949670795,0.265212715064041,0.536821877163464,0.30424192417924,0.762016857287945,0.27330117624684,0.97840493674102,0.181232133750094,1.00328713309115,0.233284147949092
3.21560124187502,0.64761287145116,16.7689223216727,5.8639661157072,-0.0314505772293734,0.380036810441998,1,0.305880300671424,0.771554716046113,0.829048296355807,0.225010542542953,0.920723668797323,0.204856243780524,0.442011135070143,0.253242895849175,0.624773638284822,0.277264166319615,0.762083971106964,0.253345296475283
2.5016365969483,0.761270988089397,21.0061749077696,10.2122494960001,-0.047668238942989,0.735652971358059,1,-0.235206477502791,0.58421814858871,0.984154079821697,0.207067191630205,0.958195259646662,0.234496881374385,0.766506584194532,0.307000175910408,0.561160896662035,0.409735021658871,0.12031946144226,0.49982631596297
2.181876297197,0.56482888611335,11.9791658306613,4.85105545899736,0.274791834957854,0.736066859845887,1,-0.0218286814996637,0.450981762141509,0.709465772515173,0.198726130104194,0.701096836327045,0.248750583106619,-0.535475541754776,0.530039264591522,0.391891285678426,0.301667320154216,0.638474543792205,0.251793836282036
3.1851334752771,0.667831585028779,18.4165138562741,6.63682783529342,0.412573078149005,0.639828434487784,1,-0.715623885751671,0.774085012565913,0.978625335560035,0.278743445910534,0.805002050670906,0.183935740184884,0.551294331574563,0.228237521933154,1.07570815952755,0.212292557583822,1.05627478982964,0.234844017879477
2.87702606161634,0.767613268728482,19.7555587108083,8.73694416613685,0.133019448550653,0.819509630507685,1,-0.00730591771537179,0.79356011678398,0.492446538323404,0.340568672698548,0.338358287745043,0.294386549654474,0.662644813826576,0.256995679928112,0.499316828217922,0.339360940252345,0.522985015548708,0.280067022880669
3.90378796590618,1.13120120280749,33.4828766582336,17.0511685600176,-0.33436778089337,0.305645478564998,1,-0.761203117643184,0.56226253354432,1.05136041524266,0.269021852280293,1.09864728060795,0.33442374194241,0.873361985697657,0.338748429416367,1.0741774143782,0.2795259210218,0.644702214380513,0.370446569064066
2.74663842998718,0.568750051724297,15.0920308991972,5.27235418861431,0.418585812030828,0.653195959833527,1,-0.359790004005702,0.423233070767246,0.811884126816316,0.209119861317589,0.394358701654007,0.260283881784717,0.763843975302206,0.193752995858438,0.622188380164844,0.228188553140755,0.774008822960047,0.224651676249249
3.68209531610395,0.785179659953835,25.4789587807348,9.76340568628491,-0.490292032548394,0.215709901825851,1,-0.992041098318822,0.594744489041968,0.838738337495914,0.349719460515507,0.993654941778987,0.193666084808778,1.03416210643664,0.180448793084991,0.491993107208401,0.289521896848291,1.00449113555601,0.295436824627966
4.49430428657862,0.9529301670039,30.763834212583,10.7067225708532,-0.138737101285092,0.279599661107566,1,-0.646390215359186,0.464282674973804,0.855708351931381,0.242389842161897,0.813919906590233,0.261981246715456,0.936384155583817,0.218344216262748,1.2724044248483,0.183601546181753,0.896323655863825,0.226420758087235
2.15465567130803,0.543583762134288,11.6154748918042,4.62824366233758,0.79390373948175,0.215028025787419,1,-0.468244707137051,0.644210161183854,0.656766516976009,0.286188524944357,0.72715234136286,0.169201223190849,0.235254598228798,0.25813740806633,0.542839577336711,0.251678539821341,0.663380447670895,0.240096013106426
3.75718430136897,0.70528340102972,14.8670337165398,5.4946002895031,-0.0473040334535494,0.417416501511597,1,0.732460861611113,0.483589996507538,0.588540338244444,0.240736704496982,0.373227867344617,0.270265177611387,1.19398372179624,0.20458947202955,0.764293168539994,0.203962812676442,0.940814445575627,0.250097923057581
2.76139157489426,0.50345787869883,8.91154574707184,3.0830713620913,0.146287827179399,0.439244714263858,1,-0.111638611660383,0.58586297615175,0.734209119494468,0.263476454868008,0.75840970214873,0.198919750640583,0.858734703469171,0.227370639064026,0.286161300837617,0.271456593883026,0.577986983025115,0.251415437813872
2.75905466836195,0.725920204492801,12.8336772308519,6.34747347092303,0.126612720006551,0.585689796472797,1,-1.35079039288224,0.62920085404792,0.847527902707138,0.189284746147465,0.604442035153639,0.282005814222417,0.722668098118579,0.313992595460508,0.0161632398579448,0.427962824914438,0.642761998158517,0.266975407026815
2.55827669482268,0.64478873878506,16.6671465224591,7.01695864559661,0.0307024745912436,0.516788650920441,1,0.0963154396996316,0.513216024882824,0.512135898553571,0.217708444928955,0.879971871857324,0.258517509188345,0.613614549439467,0.301193284613829,0.668719473620715,0.284904069665199,0.80139758514129,0.31704059218884
2.88339128218248,0.909503193936812,31.5726603593549,14.1190963256315,-0.522629569069629,0.210625872099267,1,-0.6552706582137,0.831722743591889,1.2531342221996,0.324347624869473,0.980827561726271,0.281611405050326,1.00878722660838,0.243825885158342,0.77193341399925,0.276954023889499,0.959503436278601,0.265499177577641
2.47410525561602,0.74268546725535,19.8702117420843,8.65961453511861,0.267271037896618,0.607770639124047,1,-0.22877602954966,0.711990064492483,0.680471958005164,0.271485998559782,0.744980285131219,0.207223860805789,0.699222557744249,0.293478208707825,0.359843682371533,0.363539316333328,0.8570410901532,0.31574171371735
3.64455263378425,0.794120292551249,20.5962091838478,7.67325520917426,-0.0727893381306076,0.514373359678853,1,-0.624117848813872,0.488715218108137,0.905783603436743,0.21239997664265,0.643988940036992,0.309950237392399,0.648862061696935,0.238102317359353,0.836993911109883,0.204789809252852,0.621831842010688,0.288773173252747
2.01912707600613,0.519653158252015,9.45944396328302,3.59616163211933,-0.076585625101966,0.351936650379578,1,-1.21040555134281,0.52667344842397,0.379165183268398,0.291316585259166,0.692358124218526,0.254407061848713,0.705115392136285,0.188814896188543,0.564981830975349,0.220208019449269,0.203279646110672,0.274652550779649
2.93193090354219,0.527718481905564,8.04012244608936,2.81538951768149,0.0450670894090371,0.410815078240495,1,-0.634457350648918,0.393991318745763,0.472975625749261,0.218401160923391,0.701142168739227,0.155343882845021,0.550941167971244,0.230400742746719,0.483503023106268,0.258553548342607,0.505470123730579,0.248209106769311
2.22865222244649,0.469036744773139,8.22308758538061,2.84736144930359,0.823716891562054,0.165625790633237,1,-0.360131169986767,0.55618474724377,0.816265675154,0.186554138802909,0.399219460548289,0.18780932244431,0.403290581115024,0.220255218106461,0.658248430965157,0.187702343026841,0.665777336076546,0.276875934088034
3.63702455079443,0.854624739259236,21.055792466186,9.10901630194842,0.471044005710058,0.831931183573027,1,0.243433263782231,0.678338655037414,0.814085632116063,0.250017051365878,0.442308958632038,0.307180670089684,1.15743042077699,0.290116286738777,0.609109658473529,0.314087309361323,0.599051496054737,0.291284704704634
3.55510991850742,0.644784102006978,12.6759670915585,4.73294179491891,0.572327094097042,0.401932661693291,1,0.861646444838815,0.679553376728077,0.0429563671205342,0.321810888276251,0.509526162532282,0.281877299797668,0.472876262879156,0.254197350550304,0.489053242779018,0.23358785672048,0.838856445249148,0.177368722237437
2.45965917203674,0.523615128485177,14.861320681825,5.10657079000382,0.617026050223304,0.658272546053418,1,-0.10901779029392,0.678108631394243,0.592591742318868,0.334873352695713,0.483472524825103,0.225203726960786,0.61440704132106,0.205837368055394,0.753002123356713,0.203582414624174,0.603901276859383,0.293785330852169
3.45615344938672,0.769074279698292,19.3179984970988,7.4804155389226,0.24929333718745,0.640136172932986,1,0.29138118354466,0.466657002110144,0.895940455105448,0.256748932288836,0.260209533662877,0.372290091442889,0.520141112503744,0.282115706428077,0.562239849784681,0.218632519560281,0.542358461569152,0.288910117785944
3.85799083806277,0.89842166761194,23.1844802536357,9.14013485741266,-0.0151937898021766,0.49878142815144,1,0.159125343224846,0.508328590546496,0.612303184222867,0.273571354846542,1.27449480816563,0.262798503749032,0.898367110036544,0.21095873264628,0.505441548434217,0.243105486269779,1.02594877094314,0.327882057346536
2.65352379364297,0.589680950520608,13.2260844169717,4.89466479733126,-0.148955811693676,0.425954070294204,1,-0.103705169706042,0.503097041184103,0.57124417111948,0.231520668377325,0.693983105857908,0.210814516595939,0.572227036061812,0.246748122868412,0.692265228618329,0.218820473451905,0.7217474707796,0.242245220076665
3.00989116007962,0.592835376437062,10.301679597062,4.10339916841709,0.160439111755915,0.610970910629709,1,-0.215814795923439,0.51519594605291,0.566202935833077,0.230445685703437,0.955817581348998,0.175996734937565,0.403905745285585,0.41603561112687,0.484962962751414,0.305122800174452,0.564693572225917,0.310299942993671
3.44578959738096,0.640385741428006,10.2439611655448,3.94446756684843,0.230412770663809,0.728091795533556,1,0.21744538491422,0.661230061886003,0.741276055214227,0.295046040813197,1.05729760053886,0.2263335982971,0.130418424930064,0.281806218493974,0.546246814644751,0.209189248826243,0.379938754577185,0.266657282695976
3.36636856597263,0.591813214693258,13.3504176586666,4.20980185095075,0.0223340510935274,0.325146475068559,1,0.627297076623209,0.609941101767133,0.643745195600418,0.267527371031105,0.650143783867324,0.231160431624423,0.536024493573617,0.200531263344504,0.671919765204341,0.240070792294514,0.87312973095376,0.139287476731204
3.05213383704093,0.632313173394124,14.1584283539215,5.31114704006405,0.532041731810485,0.636950336608727,1,-1.03098352706493,0.639921101806794,0.847346924410914,0.199541245918401,0.718368847811836,0.248589117984636,0.850414967541566,0.187466035441113,0.748922470814698,0.269466241221624,0.839149509061653,0.284951809136409
2.8285986740314,0.730811762858423,16.6452103664848,7.61821980472959,0.00361984599259696,0.619733461574825,1,-0.658785471801058,0.611338674024036,1.00574436326079,0.225850655180911,0.63890725940231,0.279506366225269,0.653456012436819,0.347058538184281,0.786855848146519,0.255073763101381,0.477835565818341,0.275309572255213
3.13983802226136,0.648097187431496,16.2129543921687,5.7535637787966,-0.125446482636052,0.323556745064754,1,0.116335581146085,0.59867143827675,0.708543417936667,0.246981189299344,0.628927974911736,0.189433393009978,0.531963410202268,0.204541035396568,0.760640144927647,0.241027587211235,0.417616294341043,0.336924332394327
3.53544175646104,0.785173246541099,16.5353817877624,6.78619935066914,0.735898373011811,0.280789172314135,1,-0.581930868672254,0.559933310791714,1.11554761108065,0.240169600474313,0.576800685320692,0.339319437670231,0.775059590844323,0.188382108491929,0.96967534736234,0.294379531961235,0.525667961767698,0.324089909156897
2.77586778790248,0.716087602664331,17.5499290161601,7.52226092814343,0.389902521112506,0.844231971872816,1,-0.240643778483637,0.635224069943694,0.281434629322406,0.29128251517523,0.436121907682462,0.305083817933629,0.799387960289213,0.251178027571018,0.604425671352039,0.278957246103433,1.03873293585576,0.257989909915495
3.86511704079394,0.975593473924855,23.6368584979453,11.4574044752856,-0.0022885825883895,0.600373597409578,1,-0.240646173233835,0.486423853867949,1.08922510084178,0.260924204252016,1.07115600400361,0.297144812479119,0.626840987670656,0.255315120264987,0.717786954478734,0.314387235262845,0.529259023097385,0.350499628813341
2.91092730529116,0.628252658317436,11.4622032918863,4.89155266987433,0.235953701995441,0.748028181925017,1,0.196196462341248,0.468364178979272,0.520697977037397,0.241419487628409,0.934313186868761,0.233629838212995,0.668616387277849,0.205328688328328,0.268122843561407,0.318211564669893,0.360292137508303,0.412224932765781
3.29653948858323,0.663820718231657,14.8309501003419,5.40980845551377,0.0843594279736869,0.447576523043357,1,-0.02218680732237,0.575363063464014,0.456739036198037,0.27262327813523,0.725978502593784,0.201203771840694,0.520046038791541,0.231841716418142,0.590819708405713,0.24347168834182,0.930349095760424,0.227403886453196
3.5327815166405,0.711496029060657,11.2739742781658,4.77172855995014,0.0651054171192981,0.437330499187862,1,-0.111438620943566,0.607705560968078,0.520115398639897,0.238886402780893,0.527951178755975,0.252064493511077,0.609366466782843,0.252072076912171,0.671026437004982,0.269328280236798,-0.346637730695242,0.431515573547768
2.6628741166795,0.624914494512815,13.3488747602975,5.30397319342108,0.934697421034177,0.0405797962241138,1,-1.82934876467074,0.836090154675458,0.845348204899109,0.248729583833782,0.706559724766655,0.296909829155701,1.03342869135608,0.277188920165826,0.0368565499243037,0.267954268543041,0.779168921002498,0.188758606426078
5.2121507634538,1.04502889921665,23.7920720060004,9.39512084258917,-0.256843842911718,0.273231417852495,1,0.521799994891108,0.450107158724129,0.52806058537955,0.313765390845703,0.840114010567498,0.233529848648669,1.18452304608909,0.255361292262263,1.10067761656303,0.207050099743714,0.936275861593877,0.339502018386296
4.32851391218203,1.1187688844571,24.9366672044376,12.443815739095,0.877398124345288,0.211247178029429,1,1.95058914835551,1.01463816023208,0.481216836681655,0.283705578983182,0.940912170602015,0.296210746138827,0.388915955109588,0.33887911985593,0.936461053798975,0.370965053892005,0.738967228819969,0.288220588435785
3.36074171653992,0.605188080613507,14.6415314233696,5.00622595048466,0.209213454636477,0.635303389652704,1,0.48441909481049,0.756517575275587,0.661438342992684,0.300056754364387,0.766685186239681,0.234874614094979,1.12352018634946,0.170287154539303,0.675698841276009,0.219656982111823,1.16166749439037,0.188293972548916
3.52282247775339,0.770932388180696,11.9809305578036,4.70209669846047,-0.0171932787175143,0.353058973173168,1,-0.886436185339593,0.583380442768757,0.514824650050522,0.343482694059888,0.977705453834166,0.18208142825654,0.900449481098606,0.228655805630033,0.947547476717653,0.232512940793851,0.470464470710007,0.3497851356446
4.10120609018712,0.819197339823616,23.359884552128,9.6814784490328,0.318579429418249,0.718726267223491,1,0.124202742981595,1.04520974243261,0.701679409002971,0.452279428804649,0.838238336801147,0.229471459726277,0.856573755153161,0.214116471797293,0.755145249712657,0.243027050620523,0.584455360020342,0.397377485942701
3.05650583170964,0.645678355021387,14.334270502852,5.70177724709864,0.527269705657505,0.5909907949797,1,0.192430160527847,0.812970126963004,0.250189568651006,0.48430099600648,0.773168871216365,0.234263719323222,0.855531593520368,0.216662831971692,0.1984294166898,0.263211615520129,0.655334063780938,0.262037423415195
3.46343085267031,0.75944546164087,12.0168731543065,5.15172681495414,0.226508885297308,1.09310057840307,1,-0.46309708888669,0.675490536102166,0.869084312039734,0.257374011676142,0.290840834302805,0.322403211494463,0.592346391330786,0.244598673925605,0.78789942969996,0.267355136245241,0.129866051818953,0.351964936151993
3.80588256308289,0.818513048266189,16.1368585713796,6.69169458088381,0.2077278614978,0.640424120422825,1,-0.0509020309761592,0.650151585115478,0.911174845821718,0.256234036603497,0.635255552030119,0.259634115254164,1.15705197140012,0.235062982176926,-0.152389714854432,0.406352368202177,0.345471086143271,0.28190603942235
3.1008647168271,0.706054417818132,13.9730821547462,5.98747972728939,0.81989274981173,0.137993908141742,1,-0.77491701904817,0.627422121649458,0.872968983292644,0.215684580346252,0.731518086484694,0.231315529629517,0.295240965390425,0.304442552530245,0.841513741068489,0.318031769595143,0.347219117690455,0.370106334443516
3.16576366542891,0.657290155660997,13.7051898278318,5.23675427026195,0.429985446983127,0.744593314667808,1,0.0501657900380662,0.525667569219367,0.899435084030901,0.214014772871446,0.891963164580866,0.202425562533874,0.652394222320096,0.266010523821109,1.04889656099138,0.22441634531072,0.484281107873162,0.275214314460854
2.49960122063867,0.524190996341839,11.2996691094257,4.01006009209013,-0.00672393648321782,0.22447002282181,1,0.468026480210465,0.432382547988794,0.64388237334946,0.249554406118322,0.153866720952438,0.327344395176865,0.342294699537254,0.24496784778953,0.919855949309272,0.166409899459066,0.648900191401727,0.271014551972723
2.29618377398555,0.524818223801743,14.0735152354135,4.9832708002337,-0.337557755897317,0.279873007880602,1,0.0470597083902153,0.593348590382795,0.579279652242375,0.289886492665569,0.749786218833577,0.241336881527826,0.570302240480613,0.252233496984088,0.476184889601283,0.257409238647316,1.23230369527279,0.162654133719984
1.98985543517076,0.553631478504769,13.4809849392054,5.0416321794935,0.288363375006608,0.84030996163457,1,-0.711978540353693,0.583709044664004,0.67660962820339,0.233570564090334,0.951487196075525,0.281925879314514,0.476792022224066,0.281315831550093,0.870170978317847,0.201680607413154,0.421021811455411,0.305241004548742
3.84772921774278,0.808626758956534,17.9185556133542,6.87384192479874,-0.273647352323644,0.359193579871913,1,-0.0271214209296839,0.503217917785109,0.835937973024123,0.181678252885374,1.102641220689,0.242431221000249,0.29579242734926,0.300097048999354,0.714353308193972,0.273927776209718,1.05571358037854,0.277783165385476
2.62545163183337,0.56742210046859,14.1033031115998,5.045856317231,0.688441731266809,0.322368466127286,1,-0.993598844739626,0.546757359517074,0.670207212309427,0.234477146409487,0.866976109791211,0.235070815650515,0.579582933429168,0.201947641634098,0.8182099868742,0.196417641601038,0.484702677855764,0.24387751677946
5.00193666652907,1.21770303629696,39.760984504468,18.2319861176987,-0.0350828261556998,0.550771841991901,1,0.0580833415851042,0.617443935016653,0.910929489261134,0.366309341157213,1.08516010491892,0.137568225383482,0.849700547000599,0.259868792502132,0.93710347003914,0.307481956863243,1.03847706366904,0.335723360220809
2.85400936012469,0.630785164926317,17.3032085746838,6.6771419763614,-0.089306072317777,0.434872383697539,1,0.455095419944416,0.615465743077229,0.775235404991388,0.259127968777503,0.988868611329611,0.195609167958894,0.663202234766458,0.222785183460951,0.967033383617553,0.190230882125656,0.768991612127213,0.347039593465901
3.23893422575556,0.654159398001982,14.4172462880799,5.58925292458501,0.569314242018641,0.467654539472229,1,0.374831681220164,0.566057015950278,0.898896404118352,0.210025593721005,0.164327911278457,0.372019334751842,0.841986974458799,0.244358543997857,0.574325494426411,0.287803623047948,0.530579402082401,0.258900054504473
3.01985342659583,0.660200972407189,17.9553636588203,6.4280998683989,0.224403524841895,0.648513022347877,1,0.131889374433771,0.43050470640157,1.00167068511055,0.181853201819956,0.439747302715541,0.269324611101708,0.485941043451288,0.263735409966934,0.7560028672189,0.199875468568978,0.638888192220609,0.309738256256001
3.45813018088007,0.666190105492159,14.6005031237097,5.0710069852546,-0.46841895586681,0.187614660420449,1,0.478741117162652,0.717666720688402,0.473666466130803,0.318197858395434,0.565807030172879,0.334086474277005,0.575887370076004,0.277188865317147,0.965242450639779,0.179232094985734,0.837102269506113,0.221437577207106
3.14183629434263,0.673490290090897,16.7599031677122,6.21058900303452,0.336435862495988,0.528019905334273,1,-0.542978299912813,0.654718444990457,1.00876028704352,0.255896152140295,0.327172522584463,0.244725234209422,0.401182025695469,0.297374685851959,0.616977445966037,0.254487104904172,1.06611549162574,0.176552360682396
2.75114755007009,0.725806043284726,22.09549998149,9.52026427018392,0.0156699892579911,0.478941288491459,1,-0.331452534124434,0.59582072569333,0.848212260328616,0.216627862286832,1.00685018477876,0.251446871667757,0.597473097467298,0.321384309507771,0.696187838975868,0.29338276257947,0.535976739713841,0.34322989122206
3.41913456236378,0.830595444886968,13.9201451946627,6.51788779018009,-0.353918655294289,0.35726510172643,1,0.0300133373525436,0.578246654286519,0.71864342627895,0.298434109845208,0.579560032134462,0.315585884387616,1.04708768881782,0.205449616588948,0.400584415228417,0.340947180332892,0.510689781428562,0.300725256531462
4.38839549909043,1.32722724898491,29.6757082566359,17.2447391678929,-0.280417842113773,0.503253443575673,1,-0.124475069048179,1.26581525725219,0.842909481650591,0.506302203822698,0.628431461423281,0.344068426326205,1.15576488568944,0.32692234037805,0.566294526310064,0.361538117388276,1.1120502172655,0.328015265914878
2.7422057006018,0.733974005419519,27.6224160671518,10.9453669879786,0.635562448513381,0.449763548878253,1,-0.0363907865460871,0.593934804205325,0.734710668308586,0.259189716522396,0.337391891539128,0.308581258746023,1.14097445334184,0.283516135406056,0.760857938001935,0.232731925927018,0.715893918059705,0.269450926313698
2.77528334219025,0.695622175267108,14.9291168869551,6.34160726901828,0.475509343497297,0.792075585526438,1,0.0892243055197729,0.517722614545274,0.738899481644706,0.273693700972012,0.371801200279809,0.318368447728075,0.540879243185617,0.255340793251115,0.60732506860431,0.314926670447152,0.749879124346191,0.251183493060863
2.96321670594894,0.763153210766096,17.9675111810889,8.55181241887579,0.0453681654717678,0.890040188873424,1,0.789080038056663,0.501803581227741,0.851384174753159,0.221119048580528,0.341834023207312,0.385602676251859,0.536318841416168,0.338794662550446,0.677792124361846,0.328861438563778,0.399182147252237,0.33324512094414
2.65067879896342,0.637681934902768,13.9040761847499,6.16520469660996,0.395789138409006,0.765850025989768,1,0.357005868041113,0.554491337694075,0.716618662086489,0.192868098197203,0.9643517953007,0.248722229719903,0.139545025687664,0.328261453979316,0.645249957873095,0.307247914050432,0.436391048946008,0.278925934591043
2.87317827956425,0.752563340195709,23.104605026453,10.2620982093626,0.197889969432786,0.838200311129336,1,-0.143625359622998,0.637703579221106,0.568315445013746,0.242142034916404,1.09709314606355,0.230283561719515,0.850158939083861,0.344129147504326,0.883493289399046,0.271011380624122,0.840386698777547,0.357751078308872
2.68755781360996,0.58955823883507,12.9767403561151,5.02227129324632,0.563264016146194,0.568758434803651,1,-0.0915762322956676,0.513989620939537,0.334338189099789,0.235077455599056,0.764327002016453,0.224052074517269,0.835825441501057,0.246923496611555,0.622466287607422,0.253341472940888,0.397614627501975,0.258163215768081
2.77473882701366,0.686712110071297,19.780860486145,8.10914493738173,0.40869188758229,0.772138985074149,1,1.02888490948799,0.68075351069642,0.66276776716532,0.282548039387537,0.663605290828878,0.234665003285747,0.710418924684634,0.229289408790903,0.923684697008452,0.269421726889538,0.741508850607467,0.313752712339831
2.72368820951048,0.714062473244885,15.32352116251,6.70297263533261,-0.0738771757707758,0.490954997155215,1,0.196131517259716,0.457889999524823,0.761826593889987,0.233843715509421,0.664853163681673,0.274140289958671,0.699661090072336,0.265174857743734,0.820091929677997,0.269366730021653,0.606199924594233,0.316064838224811
3.20500997590175,0.700534183085929,13.0626688410114,6.15066255292434,0.749671434254513,0.353580106443644,1,0.835920269266093,0.739008422773864,0.206836346491687,0.457881082173518,0.714076527686713,0.32829472593816,0.110881351290635,0.447822965640522,0.784027061917485,0.250097465778605,0.802740613380932,0.210659980008668
2.85895594024362,0.620531500512177,13.0588205444856,5.01885242769748,-0.329215180032672,0.191008920130769,1,-0.79171335581317,0.469741754955693,1.09926198270529,0.192452610931903,0.759424568133523,0.279588727559571,0.739410182427942,0.288575827584144,0.723212723756952,0.22445854669468,0.850596164712444,0.231106673254383
1.5999407537392,0.443518503957757,9.22568493463886,3.33476237026505,0.0970353832950471,0.355323219246955,1,-0.811710721791355,0.559644943976608,0.797918924552614,0.194832173123084,0.446342570041763,0.212887225015944,0.0315543233807669,0.328352265094177,0.323569612626731,0.218905439872079,0.573133918100242,0.293090746262988
2.59024240486306,0.447437514800561,5.11382314054931,1.82989544585146,-0.215473636616672,0.344207709135019,1,0.0547723034538232,0.543799971110706,0.648198640222974,0.200945877714407,0.757225624389858,0.188146758055348,0.75182077916883,0.241662118644786,0.806177704430614,0.212584943953412,0.606275664710075,0.312296228141439
5.09700355133703,1.1619070994793,16.7881581820937,7.74038269313317,0.580888379401488,1.04092276550143,1,0.453063107378598,0.878224262218014,0.804328678119065,0.364398409162197,0.922100473920384,0.346720790993713,0.854672318726038,0.25646244760815,0.537641070241005,0.369272206910195,0.728241077588078,0.318744430117437
3.88598510822154,0.962467218142767,20.1284469246605,9.8757246197427,0.283054030005876,0.616506980753519,1,0.748620327942808,0.674004136221276,0.385156629407824,0.265118447172295,0.625500398413761,0.363480907341998,0.520719133560166,0.27518031378722,0.658020809588263,0.347167002319792,0.659794689428789,0.319876527366011
6.10868483016368,1.65850386177817,61.9602247748487,32.1823150755465,-0.348420978316274,0.468972660445744,1,2.16520980077566,0.956953796356905,0.293568246349961,0.396328620210955,1.10874291838092,0.303845938126751,1.15192093461642,0.307413291623873,1.3878443250591,0.300551748869584,1.37953166792678,0.306552527829194
2.97582321094276,0.537797424255853,11.101628905255,3.90249556009148,-0.116476237394238,0.394638961889578,1,0.897887923520463,0.423214897114424,0.453187918439955,0.222565713553618,0.625737162236414,0.19048026273776,0.810513189147103,0.210332743375278,0.43053103879146,0.234707051371386,0.459474865298507,0.241812322925656
2.60789989248303,0.668039238887512,17.6410263816534,7.83255162979983,-0.46588464833837,0.202525166319543,1,-0.414486127040702,0.450119997390517,0.883424114067272,0.215408053683126,0.73326922241322,0.249336312454138,0.552125642398754,0.351142087712361,1.02286280407085,0.289686381488127,0.501974354610384,0.463099451304859
2.56553705352202,0.531295418317709,13.9966629153346,4.73376255336675,0.102397388499345,0.579650097519588,1,-0.775264694777412,0.523133322070885,0.963804208113268,0.200652385034378,0.616519116641176,0.241053128495831,0.383848230470325,0.267211029924614,0.869752345115733,0.222781411950776,0.718518660613751,0.23037045219249
2.45999609491523,0.586437712698969,14.219720430729,5.42758419488763,0.0815315109275292,0.387440350044834,1,-0.838355662062645,0.830466150971066,0.965863047381642,0.255518921317706,0.82638506163749,0.242256139232878,0.873040971438691,0.238632992854553,0.53638409437761,0.275990131391836,0.343446895477159,0.267847665697421
3.99116370992863,0.863672828418811,14.5171278048169,6.0824203966517,-0.160941803210453,0.375792871261144,1,0.0543716979554599,0.657800800067793,1.03575063810228,0.180639432162054,0.474406777341099,0.31800888229142,0.907624098461907,0.224031279114301,1.01772776137915,0.220657778194014,0.702216972523858,0.285492986000155
2.75567747290446,0.679183227797557,19.8860204766254,7.36431443131708,0.170236667596127,0.419241051214088,1,-0.134059094063656,0.510150682100786,0.110670071314316,0.314585790161266,0.739988150045781,0.203744958582905,0.674794503111316,0.263636809916555,0.771492125230342,0.239037545193237,1.03796501152654,0.165765804083628
2.56140050585061,0.799209996911938,26.445101186088,12.2520518788281,-0.300566255201938,0.386968488543757,1,-0.508398141758304,0.777318715246929,0.903787750595374,0.356561224726639,0.811353122280017,0.263423795375784,0.974313685830498,0.219179498610693,0.961845339335648,0.319830674367413,0.821997988421091,0.294232791826363
2.70595511545529,0.567556103186063,15.3192862406146,5.50640980048626,0.27524585523546,0.514053127964521,1,0.242323662047161,0.437435285972681,0.0771423777249078,0.391245255881689,0.832808061700701,0.20932750370327,0.854728440591476,0.203752492279784,0.766384622384207,0.186262829776028,0.47453350782164,0.230992927158261
3.60545149635729,0.854231162823622,15.4883167721587,7.15639973551356,-0.230358040009131,0.385146271513119,1,0.73726957359068,0.492273315781977,0.552788582073145,0.289162584668316,0.821971804577982,0.261363640725724,0.767730451596226,0.294929668699136,0.405505231535842,0.253976720743306,1.13129280033285,0.285668567605826
2.44704426393102,0.582697498907027,16.3398620220408,6.13818643051575,-0.0497184355166451,0.488671799897008,1,0.553594755342617,0.511878922684554,0.650974766632487,0.214304468043713,0.707495719251554,0.262622075437616,0.588317874522406,0.22195705165598,0.640730006719936,0.218310474507144,0.76915984762682,0.258218477592078
2.73460675119701,0.660178755749284,18.383668506489,7.1140753120373,0.260128723820972,0.727380768006764,1,-1.04557562896362,0.728261458862012,1.03748773369608,0.252745447494133,0.778589061195759,0.269213102460691,0.773187661908263,0.185069318660699,0.64896468734871,0.313195665702652,0.619417713134065,0.245275327353159
2.54112055146193,0.590824458264627,14.5985467071768,6.01134430243691,0.524370186665303,0.8568641317461,1,0.326221341862521,0.504535470582131,0.597126392663699,0.208516540720895,0.239635114498383,0.252930834336821,0.606648588781482,0.240413461325419,0.640774833926044,0.247834473941733,0.358136261112201,0.360766957210113
4.22687962001042,0.965620685055703,26.1953998657442,11.5575833932045,0.244513366575826,0.674407792562002,1,0.479877929535055,0.786484058697536,0.712475669794891,0.289287910625315,1.03620688708538,0.251424329460985,0.745554021959073,0.325626142220828,0.778661115928765,0.275366797902008,0.0666097784336067,0.438926026867001
2.98744987187575,0.609609910452832,13.4185205867766,5.02405753227423,0.163400206971427,0.648920231613221,1,-0.208390350470981,0.51419591482885,0.866317421684349,0.258506056771219,0.724869287771339,0.228049337326599,0.753840714766506,0.269701020178705,0.613566052842243,0.243244866965514,0.862993521372938,0.273209652159426
4.18380408622763,0.931667542170084,19.2266103053144,8.7208845972309,-0.0572040985999935,0.388199383272434,1,0.604153231961253,0.64817742323815,0.343697968936657,0.311847711191682,-0.138969590308831,0.519819001280349,1.22698798809534,0.279290612468323,0.964384568137868,0.240384618324543,0.540338118989034,0.294178451061149
3.05974673415935,0.694666345413358,15.8391581677147,6.41652162499392,-0.0733924806712464,0.399874410154611,1,-0.617900954240645,0.696480585611816,0.998115815588742,0.289162711803955,0.91060779026071,0.229489692241262,0.779520173778052,0.226722196513116,0.206721953473433,0.291397901644729,1.12474989825498,0.21299696184208
2.93599018846241,0.538057493184703,11.208069080038,3.76879434164354,0.585668579070638,0.567885977085562,1,-0.609073655381572,0.547985309811324,0.578135247227676,0.268066368754961,0.513425009725837,0.255862933786326,0.472048459933261,0.263864261124813,0.450687743956908,0.228420059608581,0.689435161901306,0.219364079370954
2.06646301666935,0.458737318721463,9.86484743296189,3.32248014390981,0.0966716841264608,0.483677627980415,1,-0.337165230326511,0.434373797900147,0.636830211299535,0.182412748129068,0.507251682850097,0.230371658668664,0.744939054293967,0.208060067727546,0.510472238019749,0.2595358721918,0.756858706176359,0.236179229980646
3.12313627973729,0.832032865366614,19.3895407772063,9.59844772780215,0.397072837300207,1.18858136726445,1,-0.622354093459101,0.586926624966935,0.837425421141368,0.230803903860486,0.637517518266491,0.371118184972961,0.467873616221849,0.338058260315416,0.7968028341319,0.279141246455291,0.962733119026666,0.305017511573658
2.48946124663133,0.745614200826644,23.1636152165315,11.0353183021623,0.131108375615514,0.551154374892833,1,0.400230046831403,0.690626926320953,0.402158466665809,0.260057307986435,0.557269940897548,0.301215835212501,1.13627726121643,0.302426412717546,0.175764860142315,0.437396487287827,0.59820271659108,0.384082839471386
3.03497129206133,0.973811047636666,29.187667715362,14.8288127675164,-0.574334330310183,0.274526267300811,1,-0.230662426026137,0.46921951021465,0.765012209384904,0.269474705472192,0.737115833516808,0.301811886362391,1.2150445965279,0.343928153145767,1.10393168818017,0.324573202574121,1.00755960730679,0.349157537200651
3.52095704510518,0.778640504062616,17.562032122664,7.28462102127406,-0.215148309113001,0.429588492722404,1,0.231583775585576,0.551677818092234,0.73986849475587,0.254922744196647,0.837351924927485,0.256551042154686,0.808606972323877,0.219902293290452,0.559711811029295,0.282989284119746,0.63763359890827,0.287404910681413
2.32396675114713,0.792554867326315,22.8980451584436,12.331694704266,-0.0659626024733824,0.62979846337684,1,-0.948298810670192,0.648446152944511,0.924859733992386,0.276841552427394,1.006584295817,0.280652317180379,0.702676307566974,0.301923785283074,0.584085103632407,0.425796536820583,0.500525846838785,0.411823487408875
2.73179445798396,0.694918799715667,14.193864431576,6.33717986124511,-0.523028729326796,0.217566674456449,1,-0.892818898034533,0.667732767485887,0.547364227873214,0.338240558610008,0.846470683789445,0.226061212802838,1.11754101868447,0.315154760081405,0.811320439299385,0.199501068747719,0.867028991625778,0.245193035572642
3.68240434209082,0.834639408243723,20.1892916288474,8.1303077439351,0.123351974632329,0.55387335563414,1,-1.02467767582802,0.749186407071053,0.992562979346779,0.266014565730537,0.890971484957318,0.23816303612982,0.936884325915585,0.27294542216349,0.449319805319833,0.328841973064944,0.679984057450516,0.312004794074105
2.79644788746529,0.692560263501164,13.3428699637401,5.86451584758323,-0.311037197319162,0.313621993258423,1,0.470749695906713,0.536980911793806,0.841085635443989,0.298003245633313,0.263889646179671,0.282082028318442,0.753664187405865,0.224772248362317,0.721734985629055,0.252172266575069,0.975124111189489,0.285245575684008
1.84922486568358,0.541484603915023,13.3841361666525,6.18248664164495,0.137754846800853,0.701158174297209,1,-0.373169270120387,0.656034542798569,0.218573131623999,0.387627443265606,0.773682117196278,0.187227683942403,1.09835633972412,0.272481052778082,0.418055788352646,0.341265613466273,0.0569056872975611,0.405913187079093
1.90332883911678,0.545235184794661,12.2864761073694,5.50575259438241,-0.215415431895345,0.498827532007681,1,-0.73505340738123,0.66026278478863,0.935258868585771,0.266980948091462,0.635797264052282,0.336908110685785,0.679312896316939,0.278380746712583,0.637230546351153,0.233095837097845,0.581244598991325,0.315003432217477
3.1423977731463,0.741112926911738,17.3858294696471,7.54397346959237,0.306180349861865,0.612353513641081,1,-0.0122924540491203,0.488707222520271,0.658714204072801,0.27108127600674,0.885020387436227,0.28315124023281,0.653005040015314,0.244690374448472,0.911070978445451,0.276578406633847,0.825126901615572,0.307604271808241
3.75946678964203,0.853534935009751,16.2508336008014,7.39267233673389,0.12835152201552,0.560305910437374,1,0.448187290425945,0.737381009076995,0.544313394347075,0.26184890918794,0.72236809344627,0.250753318835923,0.269188343596352,0.270378413917303,1.04891970954696,0.350175548385099,0.0486030974454056,0.428869844784035
2.57106307139684,0.490384638284619,8.55121484433029,3.2028352208985,0.769821100388545,0.243525324871655,1,0.147791846313197,0.554427915365683,0.613712679829444,0.247644777922998,0.39731312228012,0.196966028850889,0.660218242601527,0.184612901459963,0.344302301881271,0.24763226735128,0.637964799922575,0.283195522985262
2.55771734220608,0.609193400821193,14.1521978298508,5.15656803994615,-0.182598950286088,0.323103415106363,1,-0.691293927945735,0.455751683219366,0.691193579501379,0.209526945254151,0.655755194589987,0.23339684054385,0.469103125200614,0.259078144945047,0.736957383705337,0.247476204042465,0.363537255250703,0.342837895067523
2.8223636301915,0.522744809835891,11.6450120339642,3.92948841395617,0.220551939657579,0.527966564855008,1,0.183475061335476,0.502396003351106,0.830261350807881,0.204005519780957,0.572681209829814,0.233700675124141,0.607636223096579,0.191968844191817,0.647000924003772,0.250508560621743,0.840893765117712,0.248047022861585
3.52629703910807,0.886139408378528,29.17634990576,12.4216926109753,0.344929716332611,1.12556619893321,1,0.201184413314451,0.627824671686075,0.598785234319255,0.321286864701942,0.959287825777354,0.267932159812836,0.168301378604796,0.370528130179822,1.11915262417183,0.250740699948892,0.342183815807245,0.29000888850184
4.16591158387628,1.04548112896734,26.0027862556801,12.0308225643875,-0.304049860021779,0.340342695962468,1,0.222480150742838,0.481759357766871,0.843905905855733,0.292436638503987,0.774245941941166,0.228136300821819,0.944229924266602,0.228279549227547,1.01664220114482,0.297648671006245,0.558145740054477,0.364377245379276
2.69383031499723,0.759697228578821,17.5186019511491,8.31715102507761,0.0227893521435304,0.7927662131431,1,0.00606917443531063,0.351028175291563,0.747251534277473,0.282040318724499,0.367769016150321,0.247008916186101,0.861929750090976,0.297097558252929,0.262313921700332,0.364325259298445,0.664735108534435,0.263753543400756
2.92058032566455,0.92969651527877,20.3662754004032,10.887479977955,0.0166813796841734,0.571125271992321,1,-1.26494403817623,0.858785512581889,1.34283563502253,0.276597532057837,0.256438993574873,0.40355534261498,0.754861679676829,0.285388609120058,0.87447503453301,0.306114807395704,-0.0791736693102321,0.451360157375457
3.08740044603003,0.567342398561061,12.7786614598459,4.28278938059011,0.0784864793454572,0.444532642650024,1,-0.323711100408048,0.413352721591023,1.08594592579889,0.175698247563402,0.588601054309135,0.222077506751145,0.565460079682072,0.234749805410612,0.751231137406017,0.212948336722012,0.840341519687694,0.278846798194727
3.13972715466057,0.744204507119009,16.5555232115858,6.26272195786644,0.0342190296652274,0.530224360017504,1,0.464213559090874,0.687412716596038,0.651965837857338,0.257086992898856,0.5058139457894,0.323523029752974,0.439271607874236,0.223769070419509,0.604888982578303,0.304115788114665,0.550698668810139,0.228837068446385
4.68036608756946,1.19510578443166,32.8743573364717,16.9181712952163,0.923451069609791,0.0962177830554382,1,0.0391466076657563,1.32671215677504,1.20375626061581,0.372863212160138,0.976285026394465,0.267059927659324,0.778157399396403,0.27743124793352,0.631173599430866,0.342534657265814,0.538543022004292,0.403432503502486
1.91011083828022,0.481428120543434,11.6179994840011,4.17418626995277,0.218922028459088,0.529809663999464,1,0.0466896292015012,0.470098238708212,0.341693420718795,0.221524658556761,0.727032620277625,0.167870363408266,0.774849349542628,0.249118862371192,0.36981982636271,0.356766140126245,0.765466130476546,0.312513993065711
3.93619679136014,1.72258781189728,26.5817890850352,22.6806007516487,-0.36763539504495,0.551058222778181,1,0.333700636716785,0.594797911204081,0.6255980024424,0.429117157151786,0.444786385930673,0.470000610347652,0.765797057256074,0.468262609393093,1.34473638641067,0.473337082163849,0.778902124814018,0.421937135165326
4.46373499261249,1.19169097061165,37.6620807077722,18.3703810551348,0.0709433434520831,0.493792601798698,1,0.194553735702858,0.668373513908259,1.02500076367216,0.207851964069451,0.614214832347519,0.287640713702466,0.645909438670059,0.361284115827545,0.818203906207907,0.468900801890734,0.733479970512997,0.298845247476614
3.10083408885993,0.604138887558306,12.4582853276517,4.73179002614166,0.460149226008894,0.834809591667006,1,-0.0279976898416136,0.735482718285743,0.610721419402162,0.258637088996006,0.328791986226392,0.428527080239035,0.894330337844833,0.274727653732072,0.648336550645981,0.247047638278895,0.518483115468216,0.263772533210883
2.71439607951186,0.622648714215396,16.2046794284656,5.8221350254914,0.496534378053026,0.752992227950969,1,-0.303939268837961,0.477404466506042,0.650930243138427,0.253644922308811,0.690211000349109,0.211619604694436,0.915796099078769,0.176801725982296,0.612621001746167,0.251761754910465,0.595957236224964,0.267819274231571
2.26977169236203,0.609104060307686,18.1031497478809,7.05726065018756,0.482223618651063,0.629307815845342,1,0.0101436334730097,0.46340726935265,0.827879548373849,0.189059192394468,0.804467758260648,0.2532551810962,0.851055861691592,0.240960964804094,0.35180172413528,0.323098044868489,0.358837202499263,0.352790997407145
4.00874696833993,1.23506661849246,32.6578673902875,18.707893411861,-0.0065300846316306,0.731513495380192,1,-0.608673801600727,0.521979801149236,0.923417654952138,0.267983300005946,0.690901050243753,0.3310886696628,0.218961867717644,0.506802982653973,0.869915108157531,0.439123294718072,0.430975155310286,0.438613675554691
2.09951468942964,0.499163692184798,10.1115179773401,3.81089610178352,0.809740388324789,0.194236029526798,1,-0.860782226283753,0.578543036563721,0.848844874988031,0.253854052928918,0.616084408994138,0.213251942339118,0.55604445893437,0.184952972631318,0.675628822187318,0.236661031357139,0.212459123557062,0.409888303188314
4.81954138645432,2.00854071257411,67.4238599681112,53.726936841601,-0.128200013723955,0.988238804776503,1,-0.47271020078145,0.958036283547944,1.0001643413977,0.335223350442907,1.31641542557635,0.367989383768249,0.799597354760855,0.4799159025758,0.95794017166566,0.566615472492079,0.110621179272777,0.733284568710098
2.8554751062246,0.589206947588343,15.4418040624119,5.73256867275973,-0.149052580367188,0.349407550284271,1,0.241783293149764,0.476145535297162,0.524367085712704,0.219225335738614,0.586798449214791,0.228555965025835,0.533056727882752,0.232130717290262,0.00710460580093022,0.325491953949438,0.559597011145481,0.296005259593178
2.63465719724377,0.57040660524882,14.1570030396708,5.20938881551233,0.099774667849563,0.388447021931923,1,-0.216708236441973,0.569168326966864,0.787492573780042,0.246273679286678,0.489460696321024,0.242309696360002,0.985107706714344,0.245703547506584,0.515846578097843,0.260123448003596,0.729949419429158,0.296911496396985
2.53405544205187,0.661473029277706,18.3158314100732,7.32452108639803,0.22185820235572,0.822791993444022,1,0.622028813942062,0.48110386887528,0.0638154799165433,0.316176317182287,0.836411273482891,0.19444453340762,0.778382056331218,0.270820887125189,0.867485600964371,0.313885696669638,0.884799149919583,0.273854726335136
3.46839715202228,1.06510950956767,21.0115705277899,11.1236382318582,-0.453447441248,0.308853347149188,1,-0.828878533547092,0.81014200640316,1.230574444317,0.29289820245278,1.04525564194985,0.270430374318217,1.06534746850174,0.291410002333386,0.473391985604936,0.339004157948582,0.900132906734883,0.306361641373596
3.40683424817009,0.806318519924507,14.4825544572091,6.74767708400156,-0.176983883172336,0.435715542551375,1,0.185740287226473,0.490448975971069,0.449158945156181,0.261831049823534,0.723519337226224,0.24759625944966,0.577165744218903,0.299423122833753,0.637064484477511,0.300292460684997,0.842245709007837,0.30479323299792
2.80945649857266,0.446527422029379,9.13804063487197,2.85700623111712,0.314003318918298,0.778179259340531,1,0.172936518228405,0.609767307064466,-0.0240623209874093,0.378230913290702,0.712209505751567,0.216427365108321,0.925621592303366,0.151821812627467,0.869948624769154,0.192438491298112,0.361941163378045,0.257236003746179
2.96763910337337,0.75088162354043,23.3157055627318,9.49132897987452,0.564619238951016,0.463889727417255,1,-0.0571691441116204,0.701126639671365,0.882023283236105,0.29645183423022,0.942411996057571,0.18070014901652,0.77408699794538,0.248307759726247,0.341847154350118,0.326499915309474,0.688507993690458,0.302499176617302
3.9977853626944,0.820520347265034,16.2396522520498,6.33374827449668,0.761719527247957,0.290738614955082,1,0.113717620413591,0.683467063051844,0.719516592729581,0.27831741419489,0.862359590966457,0.213264000123985,0.652536452255768,0.268016931529293,0.639224971179199,0.203499367196618,0.516077522360646,0.276129119784488
4.88670029998378,1.1946104497361,24.1439292979955,11.9023743043779,-0.536733456028651,0.307627193729385,1,-0.00844223017700977,0.412881418276966,0.951065465336305,0.247900312114108,1.07763916843984,0.246052835013511,0.987214036883517,0.30850183596202,0.415176274235412,0.375561916112814,1.14427701405315,0.292607430003163
4.18678768864608,0.992365164143435,18.564693302879,8.12329039234132,-0.275774807535797,0.335830894462433,1,0.158556231368351,0.573844888669816,0.837981272304314,0.334898121818222,0.673198294779438,0.288576838791803,1.2325046244679,0.242413933225453,0.699350720889527,0.271372461304177,0.70411292009677,0.259425145525577
4.12719731481286,1.19705021357328,32.6342290255682,17.4563415161274,-0.368698216585003,0.378455457747242,1,-0.0926773930917783,0.467142204684036,1.00987930834346,0.285719185778682,0.909885211508333,0.257821530937586,1.1320857033949,0.327761910328399,1.12186621263302,0.338982187446165,0.954203312724598,0.348201779841079
2.53878900398702,0.541096094083295,12.7840502893028,4.61363395558029,0.0837571755827709,0.347452778107684,1,0.141971847225257,0.396418717609809,0.639589757030363,0.199322803010986,0.621635605962782,0.214600709926064,0.656558474624681,0.176054492532708,0.645109264027948,0.245337512241504,0.593058955240649,0.337730037018736
3.5417799368394,0.81362282294404,21.001263068217,8.96926182984222,0.26192428199683,0.643275657659434,1,0.084161552524884,0.490649269666251,1.14301230382916,0.255031220504121,0.658095662121711,0.240959674794805,0.502011882269004,0.231972794861986,0.949118681545083,0.296667685557902,1.15887826063026,0.239140383864193
3.64725669820477,0.778430060601576,21.1325683703574,8.04689253756414,0.625788237032578,0.41573870017841,1,0.784391347478788,0.62604904170576,0.366335460553627,0.265459027704821,0.878441982745247,0.190708923659822,0.136201432932176,0.362936212597757,0.971937333012069,0.172747132528024,0.967026039344751,0.230426296390234
2.79383631243965,0.537965296654408,8.65094466951437,3.12670655759586,0.800284801399191,0.247291926398019,1,-0.916036951886146,0.653647159039631,0.846174065491984,0.219778652682092,0.887366581587008,0.218969499792972,0.49506244533331,0.290008967473317,0.503894876432282,0.21027062293203,0.331428503645013,0.238648950277442
3.12269521980394,0.700613933093405,18.6894460959195,7.37487879709292,-0.0252567963422795,0.388753789839026,1,-0.0929840449200149,0.692459803088487,0.38764564068243,0.352195960382023,0.951395127429932,0.234011616588118,0.802222537606635,0.231493782106046,0.857958053203091,0.240279775316528,0.675992121844784,0.260387035463454
3.27526960291039,0.690596213614587,9.85517177671109,4.08286994245577,0.221383601768758,0.749571649403618,1,0.115575186897479,0.589795146589426,0.886809216233763,0.247114747188844,0.164308872913916,0.329737805366342,0.450702065538414,0.323654131817437,0.318049382249883,0.295520324244654,0.872267581687164,0.248122605338632
3.35454785345834,0.753345125854739,17.0642380577462,7.54025757609637,-0.179620200121276,0.31191422791169,1,-0.0351712065268458,0.493363365965476,0.368452733893172,0.280666385863108,1.03051819958087,0.225474446719895,0.717070476799463,0.292009520700386,0.477784616101268,0.310406662818301,0.583673303527505,0.293848782384472
2.97470016910703,0.635120344952748,14.940227749985,5.1765494920423,0.0848601922979562,0.452894112999122,1,0.288330743202368,0.598718379174328,0.7622661940611,0.189905046245182,0.5555053077214,0.252151354495731,0.855675949841107,0.229438254970853,0.580270512451687,0.246599608811956,0.957940742964659,0.215204855388034
4.09683669708646,0.921015212838924,27.6952093138604,11.6779998296985,0.6013483450192,0.568413303900491,1,0.143084144157997,0.595339463275646,0.508417392315586,0.266608124639555,1.19836037875231,0.199736646989641,1.08386172502521,0.293251704049357,0.499816119338659,0.375812475641335,0.734388200886221,0.322566790815131
3.42654047634961,0.711425302846682,15.9618074054572,6.33086151361851,0.171146290963082,0.60816433219319,1,0.30312117863107,0.636650391562038,0.661397519964737,0.313714357638356,0.476790522953416,0.288985281867492,0.583383270542943,0.260456069401662,0.886555119064568,0.260626870802986,0.791851166857583,0.27121705427617
2.59491952472682,0.638414001245042,16.8821335729198,5.8156739709154,-0.0685797847650587,0.397149858623862,1,-0.681254703128479,0.639383036088824,1.11553478669174,0.231383163571834,0.660729782687623,0.202329934485409,0.54115340689714,0.22216638617959,0.95808705406376,0.223239216891084,0.415934202531629,0.305612321185116
3.21776827376714,0.735017844339876,16.1493017698739,6.20807420828119,-0.361329460309857,0.267827287840179,1,0.481893795777763,0.732624733144687,0.34538917249997,0.270721433980899,0.861496081186813,0.18540174699341,0.899776860593383,0.247218783062359,0.449685012487964,0.298696257323255,1.06517548426348,0.249943081717612
2.80338100749281,0.571628640416334,8.27185005381462,3.30867132694408,0.221679662183753,0.508167319232052,1,-0.197772412068442,0.364189062221797,0.522618729788373,0.322434139864101,0.342403944647567,0.230632715838462,0.61845092140819,0.170555406953722,0.275226666757071,0.305773760419534,0.420449022759843,0.251474720325733
3.4853216062939,0.757006601486674,16.0129699780511,5.99784335598671,-0.278582148270942,0.283068567244256,1,0.0966294840200126,0.551041687533281,0.809168099688915,0.205962202002772,1.0134153543536,0.209000753367383,0.868237981591756,0.230277639097833,1.00794314835251,0.201714613831227,0.990857634614283,0.227405358695737
4.3108372012131,0.748503157163594,17.9937178474477,5.69803259253962,-0.315063003022923,0.220022150740066,1,-0.352846412816919,0.63220338987253,0.975747544914422,0.213690525641239,0.864736752879532,0.180042044739696,0.902646034200204,0.219905472582823,0.817098401396462,0.263405289022131,0.860736665181344,0.274193168478864
2.87848728729536,0.582736122985293,15.0440273522123,4.89155818567311,0.363881950550547,0.500448750929132,1,-0.788470828140579,0.623954907229311,0.925388389688153,0.239292616436399,0.642782895158363,0.2439589507169,0.580168757778443,0.266195451954663,0.784320259914844,0.187349252986658,0.646889273444776,0.264488612031336
4.11803763637911,0.819606030570648,11.0112272404665,4.55453181257137,-0.0877265868464509,0.368722494463682,1,1.98574434766558,0.748641015434465,0.442715967088063,0.3100108898339,0.593319130016601,0.312321009348831,1.1401450724342,0.243624480691795,0.752793742001369,0.249088879603811,1.15329134387056,0.209588123557453
2.63396586722688,0.766636813861381,31.66546803305,14.2612334623367,-0.115137843009039,0.505510431202697,1,-0.731545522661213,0.386425376824613,0.980066329565519,0.258815973965999,1.14407652325756,0.201115980326493,0.901191929909798,0.277595393504926,1.11302526125582,0.271357012524301,0.950965330132975,0.270149774247721
3.20796437160812,0.837437186859792,18.7819761895394,8.84189273697322,0.143031979758583,0.730058026469235,1,0.563709465462139,0.500337830552552,0.704991956645265,0.197094106343261,0.628513189041163,0.429287346654415,1.01785479062683,0.238101453983999,0.37506406702205,0.367669599869426,1.02501328900575,0.286449547152791
2.887758242733,0.693740378200922,19.916726886439,7.56007194402393,0.649374141138117,0.368564987765909,1,-0.0465305466650997,0.530128512437472,0.565050171237469,0.264621021216391,0.414257110309959,0.255111685540786,0.96770220230415,0.210679546514153,0.763638962277723,0.253024274217244,0.0619371306470152,0.439937840293534
2.3806399830851,0.606307409591376,14.5645101688406,5.9749887389423,0.308957904973062,0.615079417174616,1,-0.0989806518998166,0.539537533951059,0.547937798716641,0.219103623435044,0.727561042411086,0.213669155842418,0.749951431733313,0.312953091743159,0.703630673360134,0.284623068319627,0.665593216943788,0.253285698609098
1.93678362223026,0.642073203193773,21.5257630984624,7.71373991568992,0.759610803288326,0.180445643934108,1,-0.667240618106006,0.558858860789791,0.530960975137262,0.229794654784792,0.867701469768893,0.184801308536927,0.703311330946857,0.216099306148657,0.853849583182543,0.210366267991314,0.703069019644808,0.358104566879131
3.18838709551993,0.866229373055031,21.1595353087413,10.1484227349735,-0.100278415410301,0.552140129743468,1,-0.404440563080764,0.78397911545562,0.743433638818547,0.357778057814473,0.511117731183847,0.420108012449973,1.08067260320634,0.323754537704049,0.835015863343803,0.245485804753169,0.875038282260709,0.27721524782426
5.00705920098601,1.34937175169337,60.0364186658805,28.0220564834862,0.121804443638122,0.648764873528313,1,0.022580649910859,0.614607482498829,0.680031688715322,0.226919181536303,0.960417081694847,0.24080028529214,0.520637702376298,0.514604528379073,1.57872029826102,0.3043210138343,1.43230030772874,0.292469182650208
2.57015599490285,0.723083177256622,24.626113566789,10.7463099704251,0.305378730513335,0.868214723394432,1,-0.303274551999296,0.489580052297473,0.893557808310197,0.200161408313203,0.928871316282328,0.228796381013859,0.209509857399083,0.388864711199588,1.14169783026794,0.261085884432757,0.0531879397482659,0.417063687846
2.87813208414646,0.773725251601506,21.6466859703088,9.83376795671191,-0.531031239065419,0.228571875661555,1,0.119294944821475,0.442689606633045,0.778374853266863,0.25932021539949,0.759070184556421,0.242852142491214,0.993206513223027,0.257257645990403,0.433292702852779,0.308444830644079,1.0093974457725,0.286537096365239
4.5639513900389,0.947706791382652,11.9543558404609,4.87917777089269,0.134978643343887,0.569487151017198,1,1.80746979538865,0.967453270255128,-0.450257778271462,0.800264076526315,1.13098865517978,0.228992340805936,0.562060788614751,0.250601077958323,0.946988536054902,0.232174659538863,0.268275607828505,0.299889785161964
3.81570200282262,0.956194818968321,30.2232177770626,13.5198079450055,-0.00891411384765907,0.659006377484302,1,0.140152806923792,0.593524868318939,0.724368434265451,0.329064413354132,0.776867385001607,0.279882014055968,0.571654074395222,0.278338184662453,0.771023386705642,0.275024919627934,0.936592258227618,0.226545057839665
2.99067142437651,0.531515819325363,11.737992855935,3.5906208928118,-0.039787509902136,0.316745198365972,1,0.169233929123567,0.358533666861778,0.696414447274844,0.192534950766844,0.411184300669608,0.262913018428694,0.879218779479217,0.166798868117056,0.802354565415524,0.241985985139673,0.754176455900375,0.226197159358178
3.9268153650383,0.808405963960391,26.0103948604565,10.3073946710464,-0.2372031168143,0.238573152576742,1,0.405018021258655,0.837611855478108,0.937169301835865,0.292298072017755,0.791138031508103,0.248461566178029,0.897741988470347,0.207229026634507,0.809637637415024,0.213474075462001,0.920301871133762,0.245796209450185
4.04288492095747,0.772580891695907,18.8519413293557,6.66759129077958,-0.139080425701313,0.393748917750673,1,-0.279245251848929,0.54405345448153,1.05642710466022,0.173351013401627,0.840996493322383,0.240259222457071,0.774887011768632,0.220418430404966,0.998618243733171,0.19806161453853,0.738108730052642,0.295735069930768
3.15140952771901,0.81079915650177,19.587727901955,9.28583603908405,-0.102435115495394,0.550986619579836,1,0.606661409237886,0.541513789251323,1.01959298431007,0.267631517831708,-0.20941312849592,0.621810103709423,0.762034065701796,0.241124165195402,1.07061066011746,0.279480801157706,1.17574191894565,0.232389246723548
2.73485399622217,0.514215554803602,9.40777228130858,3.30424678128652,0.0192971336043128,0.446507351585502,1,0.274921822069309,0.518094223739678,0.512327605733848,0.2494683983073,0.599547605913732,0.234274217904881,0.570797075117185,0.209230973363295,0.780043106394678,0.186204940979957,0.17384569660943,0.292997334602902
3.23071889195228,0.635068088936417,12.1664284596743,4.7689576944581,0.233540685051283,0.514313222551577,1,0.298940499149896,0.545064333296184,0.777144682319774,0.211831841470853,0.601144884625523,0.266565781502521,0.72395463082988,0.213288458123534,0.648227961156335,0.312030210158291,0.707233390408679,0.25539881311479
2.22574754565932,0.586341264739307,13.6725500548087,5.36516129955431,0.132972410691784,0.543848469076494,1,-0.148301058262012,0.67860221827271,0.519433929267333,0.291854630378105,0.56414956216615,0.230023830138575,0.773523296110469,0.220876885496068,0.562089342048135,0.27137120300092,0.449455450709178,0.298242570304029
3.31678395592484,0.603739964486348,10.2047486429275,3.75233877581149,0.641342326666273,0.392139533145973,1,0.254400408302494,0.556353378337738,0.715529349759185,0.181861130018561,0.726822232837216,0.251904495166924,0.793979951977378,0.272529821315588,0.461371534258297,0.251071280941167,0.729909833578069,0.26994140195824
2.05834459168198,0.550442266282678,11.6169901892963,4.74944248692871,0.302793894265341,0.604179860430002,1,-0.425149444706955,0.532997276408677,0.403578216391605,0.206926540422391,0.489834400471236,0.19205457667039,0.768848745714267,0.223977230948365,0.343269874163413,0.30070992427134,0.13162004087184,0.328369481995961
2.73715430707329,0.68102749858656,12.191490579978,5.47579172545656,0.346436722981829,0.928399850939611,1,0.426760893672262,0.64831412470304,0.345600411801813,0.34619252330512,0.453420595389605,0.304011266453119,0.791013540278545,0.258497806559731,0.451228411825469,0.294725854474714,0.6002342634631,0.259253585151787
4.7215541781734,1.60279920791684,50.1754710763343,30.4395835455928,-0.295291032509945,0.522933741688604,1,-0.904437488359927,0.943534583568703,1.29544272851981,0.362828923815984,1.02770678795926,0.403544035148709,0.774249887672051,0.393731449535763,0.681123208022821,0.395687581735393,1.11563808665887,0.325636638598854
1.65962228044326,0.573235617807108,19.0998871752103,6.47524524132102,0.70175944867989,0.371348412953803,1,-0.540689748079747,0.474975424952545,0.944511721201166,0.240186355842713,0.622855210604017,0.188497749115469,0.393260273989834,0.254900852152098,0.377863436789854,0.279603667181801,0.853496362525675,0.198118787979374
3.49666372611238,0.873928483273265,15.572590994445,7.87328671455731,-0.0490563377556368,0.690853432041452,1,-0.135922945378282,0.722524912321374,0.522217052344193,0.358006709808419,1.08730322616208,0.296247168323258,0.928004735426882,0.250240228197277,0.474845684537097,0.322520458719271,1.36995453168522,0.269866907198349
2.55399702039431,0.472686622006995,8.40413501274542,2.88852818864902,-0.0982956761173069,0.334349169274485,1,-0.833930473814826,0.468175780971715,0.85481121277973,0.187914399338457,0.89487675280262,0.171824664421943,0.637062474807104,0.22569007585968,0.404171558297335,0.278166791015773,0.681215784951674,0.243337255875001
3.75642153677321,0.807926203431115,19.3576539401196,8.03961311112721,0.495886300663973,0.651653063096258,1,-0.140450059896526,0.454242433376084,0.642422919284262,0.26383990337871,0.641605227223608,0.229799824158534,0.537716666932318,0.294913811936747,0.737277073115754,0.245494432262945,0.607295383382741,0.369477009342897
2.60605734750573,0.648540581857389,18.5776898600944,7.10199979921691,0.128849215334913,0.464489256431992,1,-0.52788167092183,0.417943517087116,0.719188664594307,0.265961903306909,0.498912772934258,0.260346177040054,0.694564441204848,0.204100906361851,0.452799561937539,0.284022162335917,0.55473458136264,0.254421472829296
3.23337472898773,0.649096571296346,14.0437413234297,4.87972224717708,-0.0978363052475843,0.453197623811753,1,-0.131404033744469,0.448733796760564,0.342419268454242,0.287063480358538,0.209812367040504,0.311159448537425,0.607093499776895,0.17639739743014,0.867454546957093,0.242134806563725,0.724440978959618,0.294283830200781
2.78215910706583,0.737657920234606,25.976301003039,10.0117811731348,0.516319614139141,0.630788075206059,1,0.658322183815241,0.540507003265736,0.694620511672714,0.273267142509512,1.10077690481619,0.179392921484103,0.806722865018689,0.23342504684286,0.842181333258697,0.253555433843563,1.01075180424471,0.211662780604163
3.18710805286116,0.783545727332975,22.3723469638669,8.97266632191305,0.0747211718407595,0.634168054243208,1,0.945236750062056,0.693113756548062,0.549068415035501,0.324494198082907,0.759668121928891,0.276756275336029,0.547856780440245,0.326153318609297,0.761430551516108,0.229049505902933,0.777929516120346,0.283925996184851
4.23840347523693,0.907280846602493,21.5585806047863,7.82054273705519,-0.0347802586528066,0.430727122132958,1,-0.214139632891758,0.582068298298366,0.803255356669639,0.30054702561301,1.00740466612116,0.270866995075091,1.10341757434189,0.211503764258085,0.675456800877937,0.270576609372127,0.892243122567308,0.218899180761595
3.31457882032687,0.546656460375519,10.9802876754484,3.47469996008078,0.279075352580914,0.525380699345776,1,-0.71353420583337,0.608876234323755,0.755165065685397,0.27384618071922,0.674416365397846,0.163121771738449,0.639943254425972,0.17874155369946,0.399960228848588,0.240295273300883,0.331501095212477,0.234952459650511
3.46402993261454,0.918262798905548,24.7091514594183,11.1487521294721,-0.159120243607751,0.590544885562643,1,-0.812923757334996,0.588555708503737,0.752986625251972,0.242006544229431,0.796592630136906,0.268226433920598,0.742529099861054,0.259161983772599,0.966172498192321,0.298388958184248,0.640190127031346,0.314574618169986
3.27622204467863,0.776034946318588,19.4145710876303,7.95030076591931,-0.072764673347236,0.544826205061517,1,-0.541959866955158,0.530638737245129,0.895042330903959,0.169583049022168,0.723872701211635,0.244929284531551,0.239187758824747,0.356149689688552,0.916778711477403,0.251191003281501,0.586323634788109,0.357316833996988
3.40740199224294,0.762160461859896,17.0139933935716,7.34901380395388,-0.180328093148822,0.390096165050137,1,0.263281541036591,0.814103826249045,0.221980753735266,0.352147328955274,0.860994228280351,0.23769346573716,0.425305567639852,0.272147588314759,0.893036098499875,0.249268135417799,0.614179744193343,0.334037242915674
4.3305857561345,1.36304246441001,34.3301249952748,20.4017418170916,-0.393499195706545,0.430388433869813,1,-0.336713870502067,0.566371130728905,0.938596557164541,0.275309299315207,0.839191435752827,0.481609946192634,0.473919575141124,0.467772459383071,0.379252252710642,0.45259939128553,0.757360378299061,0.323463224753123
3.20723453508735,0.716017791039548,17.4190552393959,6.3228232870068,0.199178500765322,0.653252418441305,1,-0.648973459762602,0.529273343298387,1.00043429608302,0.199984688382203,1.01441188265911,0.23522702302628,0.581928831679437,0.219005882125478,0.828246039455597,0.233162117907369,0.697045138818908,0.346406376655723
2.93726320389537,0.860290024914528,33.2505472711128,14.3539328099428,-0.238179732865925,0.358214897330311,1,0.0446293225465292,0.767276594579459,0.932082783065289,0.25499998198605,0.951058438753454,0.28268455869206,0.847328850213428,0.29377843378524,0.916753273547479,0.234567448407466,0.204617002809402,0.403510352219434
3.19138284876172,0.76856855645116,17.5199362320562,7.56708308577588,0.404583057889063,1.01546668702261,1,-0.203503447695151,0.568165945459975,0.834040253738056,0.219916524860481,0.399666749402708,0.219841246121404,1.19752114496835,0.28790407153166,0.0966932083693943,0.395378275936877,0.512746508258531,0.346963745121856
3.03111294331484,0.770949170342125,19.4839216483032,8.29468234130193,-0.262460070544171,0.343605910513237,1,-0.326709189378239,0.492011637603482,0.659112524381132,0.251380522800608,0.799716204276514,0.25084645298506,0.912525864465794,0.236403355363134,0.68499237390221,0.293898388425248,0.245939036641475,0.353179400567475
2.83072761753796,0.659442257243993,14.2001000148012,5.76943634165455,0.354743751733069,0.678536744776975,1,-0.337021685580493,0.453257924056458,0.681471156215679,0.209295743418902,0.584388772392843,0.244991947779908,0.62868682290372,0.267878808991528,0.248669614666601,0.310529853241203,0.959973282063492,0.28637895624637
3.10862644198281,0.657100415940429,15.3627224189453,5.82129985020709,0.0437913444955302,0.369674082574969,1,-0.692447353498944,0.523138998978267,1.02747849617736,0.231821224581105,0.580817143347785,0.292173198219405,0.821186608871194,0.196615089011549,0.257720056771543,0.32629154485432,0.481884365901073,0.298222166237729
3.7356917316923,0.835242381248012,18.5285688613899,8.17630650388701,-0.333320995343812,0.296252333034848,1,0.739482086796168,0.657632965961357,0.817274343822458,0.3146838576363,0.937347249001076,0.220171431759626,0.80402358725638,0.228686610629074,0.860589876212844,0.272118108143195,0.721370264549628,0.295880971548157
3.41940699779875,0.956868463577628,22.6863467507055,11.6314022115525,-0.43692902064122,0.304549593063687,1,0.2475804262304,0.614055209460274,0.952757491039402,0.264954928900344,1.14647088018324,0.294058184956994,0.896320255241929,0.253626406305965,1.15526315806176,0.278931858914468,0.970028269647941,0.347629016366108
2.98258161121214,0.627339991106574,13.975622470562,5.39903618924645,-0.217636221566205,0.331472390732741,1,-0.0421631940956134,0.487438252043992,0.67430851098667,0.19729776803346,0.823339595558892,0.215425894021217,0.876064140774823,0.219541449301127,0.911524248223354,0.241398693656919,0.32938954573094,0.353500382455379
2.97184009281597,0.631927435197638,13.2139794530416,5.12612069609427,-0.0240457859097663,0.434246361433055,1,0.184022898111892,0.719436418791017,0.710107682981756,0.246797864020855,0.846400889735932,0.20608272426756,0.539533563653402,0.280973552064703,0.681091363647024,0.258289561259138,0.556670206519902,0.276663147093424
2.50730304879772,0.570387077256335,13.7427400119645,5.03908003360817,-0.0798556770162262,0.41651460862088,1,-0.124999267477051,0.425451233296564,0.759352890714486,0.227456536370313,0.209921204097399,0.33085890885656,0.82640259560713,0.215969485123861,0.552205510950452,0.241852335440744,0.734702455546464,0.227072451412978
3.42763696192467,0.602993769091241,14.0084319668124,4.6952467385913,0.137798244796633,0.6389284164731,1,-0.172646489569129,0.619509530651567,0.668561237966089,0.278782033675045,0.512477479762332,0.216314358589971,0.832633165107726,0.209124468583034,0.763524303605694,0.239527054330643,0.53661388075476,0.257399500074113
3.20544915475231,0.647545605484153,12.0236376856288,4.73203554312717,0.472893027457992,0.72305203392927,1,1.23320109272655,0.649349459506259,0.168992187077317,0.375692336974921,0.177772626573284,0.304743069407975,0.608965597522976,0.239655853319535,0.660717629688256,0.25202866246026,0.453891554881644,0.275608359443961
3.01559041604605,0.678618734114998,11.5783742229023,4.62715643058391,-0.0598285070717686,0.339680495188622,1,0.465387647501431,0.6463960147246,0.790249969187776,0.171791210717939,0.369495951806151,0.238243712500536,0.878757084833139,0.216219690024256,0.313888287833141,0.302116882667444,0.842262624552776,0.320542190541145
3.94305489080266,1.02903180660928,19.3284683189654,9.58769534708682,-0.411721398993856,0.329652895363585,1,-0.207057294663855,0.51392476826854,0.61585693566276,0.241892970953282,1.06956612084702,0.281998883167806,0.684070930634245,0.348658998791388,0.760333790118932,0.326879006811539,1.080378006746,0.303324208650398
2.96850634725148,0.724340686276933,15.3524099675917,6.19949887034278,-0.453867353596046,0.16930122010408,1,-0.290530519410172,0.567498222886185,0.950109662556952,0.21394935910421,0.670767493899607,0.31847801965519,0.692974230228019,0.273250898451324,0.7788175109035,0.247064062938673,0.653841911917107,0.278560691709764
2.95955435301515,0.655784294325965,17.2699759442107,7.09262341231235,0.310065481757539,0.95446230522256,1,0.973468689498312,0.682941570886064,0.735744427774707,0.27499684847923,0.951252840632662,0.253408493477813,0.718241853529261,0.245155266719036,0.835514980769868,0.267434480254552,0.887253236189439,0.220777596222518
3.04102742181686,0.64298011060944,12.780395187587,4.70310140204619,0.408454436813473,0.804776018468482,1,0.00641259096113028,0.575769011525025,0.678601198169377,0.216926896576297,0.542896421898882,0.328850645538457,0.719141445714509,0.250225762680983,0.72349717737281,0.193127935687242,0.295244382871749,0.310329734747799
2.32311669084754,0.777468594278961,23.6638723723485,10.8501266335053,-0.366255500271933,0.317957190402861,1,-0.0540636002298523,0.7609701871089,0.588842536087018,0.271720631667995,0.961908522175774,0.271324605197906,0.973125979263162,0.260201322739196,1.04149277769471,0.301354404711793,0.972223234996781,0.324864613384735
3.33457712755495,1.09039309570784,24.5770212462013,13.7259040953616,-0.22217436040737,0.319660740948314,1,0.254171633092361,1.04453543941249,0.55695230664278,0.320029744127076,0.643670712968402,0.298188881407781,0.87873349598439,0.331903480630127,0.434048702268642,0.448045869044958,0.185819935389902,0.458670334140512
2.51169377088349,0.544085435459942,9.83118046849267,4.01026398413446,0.00238528632393387,0.39756983524919,1,0.676035212753854,0.53888299305039,0.223237336257389,0.2971816799063,0.464142574245357,0.236701014820607,1.00310936993687,0.26407110229866,0.519968573948095,0.295306974358042,0.617881370841568,0.224398652848818
3.9814251078252,0.845890335215608,15.2280935283647,6.32513855348369,-0.394084681853485,0.368598041874754,1,0.584888838197761,0.479309573638383,0.928119379495067,0.241973911494832,0.903031867054329,0.194353781021693,0.482974402682288,0.268305734609908,0.709485703247826,0.307577889575657,0.787124028164061,0.228415194190024
2.70574392012584,0.651671271269013,22.2225797106965,7.83527100403304,-0.362739075239884,0.271993138503393,1,-0.906346716427453,0.483340430977365,0.923299887879117,0.251116655513184,0.61802904375578,0.225960187901046,0.861866775877545,0.195634181870302,0.876035870447756,0.263235840740509,0.4968151435788,0.285077538575428
1.82767067962529,0.389607382796934,6.7019770147374,2.11912685066641,0.0876398693168051,0.299973344913666,1,0.0473046273184597,0.412007718108324,0.680909589106183,0.171855408614137,0.529959678869887,0.197629059009073,0.271616685242606,0.225425695223123,0.827506118788215,0.170486359475247,0.0730490622802611,0.343810438977948
3.47991100263209,0.721572673771456,19.0063644497593,7.36117333643141,0.536248640985361,0.82564329552795,1,0.782664244570745,0.806054358759835,0.302939568592676,0.412142519613329,0.297945011100439,0.285974134761078,0.946119155775654,0.221168788709684,0.99225109724545,0.166247789074559,0.399886741830077,0.314795244090877
2.04770454794813,0.597132472427583,13.9785421835272,6.05935033961116,-0.274013520934696,0.351836322214903,1,0.39952981919824,0.503758568081156,0.522233466067725,0.21446883258773,0.367823460417074,0.253508843157927,0.667118700185996,0.304519262148474,0.258238325774893,0.345485646052444,0.676852551557748,0.24717047572525
2.82298835116735,0.817499417524004,19.625218929338,9.3517953456601,-0.150137870758899,0.43555391892372,1,-0.261698247002387,0.604500008062672,0.981244665544551,0.214050105074919,0.71953388349879,0.200688846232292,0.627103087850006,0.315364912874639,0.879268033375653,0.339038700094823,0.31141200691328,0.387301225796502
3.077541397536,0.70103270335902,19.8453236852336,7.67102684089674,0.3979768889638,0.630733287946107,1,-0.663776253740279,0.602663517975174,0.864290229672902,0.196979856024592,0.664734598396571,0.269031178056131,0.916920826912405,0.272208182843474,0.259141102129152,0.347124188736698,1.0096701358602,0.254379622988471
2.98876223076989,0.6103298211997,12.4021474367577,4.61911972650859,0.486346356360533,0.7183312277589,1,-0.389861672620106,0.538958584316906,0.857411186906567,0.179018199600655,0.812220921939065,0.268852140790502,0.670282354182011,0.273373325967464,0.718189935925123,0.214903115511692,0.373239960373209,0.275231736352145
2.74814187680199,0.800467549615042,20.9238201071435,9.78912302237175,-0.434220388643252,0.339523028918778,1,0.0533203548085593,0.562968918247229,0.870224912304781,0.241256882031738,0.89114312624897,0.310293441335666,1.13563468530596,0.265632133214089,1.03387544554885,0.271523309680984,1.21227363683122,0.268297171831984
3.04109004608248,0.68455245993539,15.9460938921317,6.17222123992904,-0.500107955086757,0.1949131483686,1,0.0715209443450567,0.630350974115544,0.823522542328742,0.268466515050126,0.919546264370519,0.222563645698396,0.720633566976886,0.181314465538872,0.957043349562702,0.260991978017645,0.673594313094677,0.325086559233301
3.5818106199852,1.00102084554117,26.4683544476869,12.9600830586805,-0.0632736546169099,0.437072099782051,1,-0.197765084613131,0.58228218112815,0.780522151854341,0.278347862695876,0.483233543409293,0.266269582480862,0.832534603029927,0.259720325171246,0.847756561785211,0.343911523063488,0.99076104664494,0.398889563374339
3.89574785188766,0.893153064679404,25.565428188738,10.8541147670747,-0.0369351232487509,0.48116884742619,1,-0.560886908458863,0.711015807953215,0.741939421356186,0.274567903944198,1.0532769402849,0.218290313392576,0.654976491024525,0.283946917247754,1.00670513552347,0.257959679289954,0.492784271496566,0.408915759824225
2.17633319289259,0.567384405323371,15.7414290287787,5.88348812140346,0.204459181438748,0.438282008780661,1,-0.692555085002722,0.691085497250224,0.897334134689679,0.271091453102768,0.714260065930122,0.249319047131782,0.912834639609176,0.163063571654394,0.164775535349031,0.26599670531004,0.815745513253355,0.239825024862511
2.68426542062057,0.564640997350987,12.7163815558098,4.38399582314605,0.513859118529673,0.67263165359002,1,0.523026935575475,0.527129757488787,0.469448941111372,0.241310216051293,0.374743848341481,0.220729280531199,0.396479883186408,0.209919834074914,0.752261167092285,0.197733377783947,0.55662167180729,0.21811487369307
6.83206032135083,2.316135295957,61.0746799080446,41.5399614777892,-0.223455198940542,0.569127731950851,1,0.110664916743657,0.934780367008966,0.952145964583231,0.327523084651146,1.27267703496892,0.389650082757741,1.39015367972117,0.364962502104824,0.978343779019749,0.377420566270904,1.82669460981511,0.366386842924349
3.50039905538006,0.951001477996707,28.6148710750277,13.3072128518534,0.175042591173376,0.759117861885194,1,0.166291780809479,0.701278358728883,0.798591528186659,0.320393007988595,1.2810283360161,0.256311357319555,0.429733330519382,0.277678125927281,0.761128370242976,0.303161413327611,1.25703734422199,0.278946875081503
3.60612312458445,1.01714772639984,20.1798197042023,10.6362954203963,-0.332473554041817,0.384789141998279,1,0.884481126501396,0.512396824437801,1.09778361579053,0.359353069677188,0.354564061164847,0.337925181791708,0.951480776551964,0.290712852803144,0.715385100898796,0.334344848399159,1.21248638126706,0.278915570555784
2.85783424219789,0.626505815324131,14.1297779532802,5.24004099727131,-0.233125596838041,0.372492176225373,1,-0.110341531058221,0.645355513207586,0.587184949151647,0.335009439216032,0.709858299484202,0.276567812238821,0.968333286974494,0.233199467366371,0.778026430967365,0.174307641378708,0.64670687889801,0.207452911616899
2.5201108849388,0.882370512124393,23.8554903927824,12.4065460049565,0.341690868751561,0.93862426934578,1,0.0301577375839932,0.759141658572563,0.953384836473435,0.267212787981282,0.460278258345319,0.284947869112393,0.674907566308254,0.327962570675738,0.750153172939348,0.306993528260621,0.637825198760458,0.429975147405172
3.23074663606446,0.851034113243158,20.6195231542865,8.95902876056755,0.00445592416890949,0.62097050938568,1,0.2029260276027,0.630474518021167,0.874654542821876,0.265072808591393,1.08807420043247,0.247639925435917,0.819556702945599,0.271988525662166,0.92551776496018,0.305833933474928,0.591880596665766,0.311141609133372
3.20939481510979,0.71219139514708,13.2956407893107,5.5332177514889,0.155981557777245,0.654989992841106,1,-0.174327022662368,0.467143910345443,0.947920344887067,0.213250650316958,0.695176719765592,0.265557757137031,0.965274802876868,0.282918690468959,0.00901557748066886,0.376632743087375,1.030862698708,0.22096441422736
2.75465409632658,0.49512103028817,6.9664858872147,2.43825247592935,-0.0478484430218759,0.370035585887609,1,0.236480500683537,0.463753849275827,0.696091060201811,0.199068593439548,0.519847885934063,0.253907024483176,0.535142378373003,0.204610169814715,0.714528351394118,0.218088459404427,0.481199657869717,0.23262838922694
3.10159913538541,0.608178119288296,13.0212808784336,4.38301639875488,0.270637061808933,0.551297409604689,1,0.451341074785439,0.539738466262892,0.160721755262563,0.273311528858465,0.611397661921252,0.202149897131659,0.821009684317242,0.156624084249948,0.832583604095462,0.227421814747683,0.736003344324188,0.249633601657134
3.73412117410034,0.864412312433676,26.449457660245,10.1462951274938,0.647920833828567,0.640391473750991,1,0.885528124600516,0.734482562153432,0.79540864187418,0.238223757753532,1.00900675759547,0.191657321192064,0.524744618235359,0.242883373440571,0.519277938510717,0.420277598022167,0.675494553155579,0.322293214758993
3.05059244192623,0.674022881727496,13.6031847139532,5.66832821451754,-0.258580907854102,0.287020917014505,1,-0.0939848345295535,0.473284178276316,0.918419869256879,0.145575227024064,0.69362377782009,0.254397918385001,0.54628925012547,0.300400920019652,0.816078138427414,0.266187747338798,0.622181645097111,0.349532981082744
3.07206067071949,0.740648615775958,25.9628799411758,9.23890107897321,-0.0426866863669534,0.253785324989271,1,-0.614152849919583,0.678081025774289,1.10550323905985,0.258323889695613,1.13934006906816,0.243140702503705,0.663751691676834,0.217582444695476,0.536442400862988,0.232604249900998,0.818018429740547,0.238007354142201
2.68504783146028,0.727333234746251,24.0390033705809,9.69405358385726,0.0322034129150864,0.611048881950582,1,0.0665448118935829,0.786098678079888,0.810359900892003,0.311057653611776,0.67186112204763,0.327468366821349,0.681574990380372,0.325640651588575,0.940358461132306,0.250727089975642,0.437980852176835,0.281906153558024
2.68148144327844,0.694313580203187,20.1159944765194,7.84944909756115,-0.434924773798898,0.227540332782557,1,-0.741836326490832,0.781230366682476,0.955858527513689,0.207924007325966,1.00331957013712,0.191732558109865,0.585256673593635,0.205226001725157,1.03275504223048,0.28326381607162,0.755719458759305,0.34153131568153
3.19030544099345,0.659306736691999,14.5059664594077,5.49820062061129,0.175369469085172,0.735710743859097,1,0.231968180806125,0.424034052403117,0.729305483600806,0.255896442861972,0.571142794447642,0.196813306199591,0.950100294360518,0.189088810402271,-0.0101513118859318,0.35780513736741,0.838994363947488,0.220671594072485
2.51471450811163,0.481995082448075,10.7069252409251,3.73714219481135,0.184955239519709,0.544861089240214,1,0.072132070413799,0.552405542212308,0.755145864023912,0.267387849294226,0.460796678265752,0.208669344718479,0.821549247599448,0.20078294643821,0.515955231997651,0.239131527320209,0.656655014782254,0.23498519691856
3.43817166983913,1.11699855333097,22.8231510617757,13.4089985748594,-0.517275654371543,0.297257691834263,1,0.352942677257799,0.399943297092453,0.652090076047149,0.294250673117515,0.853055288167558,0.342982190167704,0.96677782637873,0.460145264568694,0.711652080511754,0.360386894844879,1.07788660771182,0.31040151362089
3.60259923571727,0.793652292332762,18.4823620970996,8.08515990133379,-0.262813980650981,0.385812839885003,1,0.558271927310816,0.405336416011324,0.543685152669092,0.287003053699387,0.634970511348517,0.266384381356155,0.775782683214965,0.224252924809085,1.0102647893005,0.288686966406598,0.644652922881255,0.294076043507343
1.83860585488712,0.48262421154004,12.036168896228,3.96804834453396,0.613373230006473,0.490161809969984,1,0.235910399825893,0.555859253024719,0.469064785050235,0.252199060411967,0.572030309204944,0.27153028393586,0.730068499008992,0.226660120177141,0.441723738356925,0.217897054188207,0.406547927317006,0.197959827009018
1.42126798242469,0.532515284642512,15.4011930854794,6.04665319563062,0.355340797980128,0.763227141001892,1,-0.851701499014499,0.565978039308283,0.606863046503906,0.23790700031676,0.585075974632708,0.227589203381721,0.429483827699218,0.257164036950434,1.03284754593869,0.252582321508297,0.246705537524789,0.371684599461983
2.02494745370292,0.518617130340784,12.4342166125629,4.83385342572267,0.187775392498559,0.422562260176025,1,0.299993808150415,0.403901449640568,0.358333707701468,0.232734266773319,0.46748407773848,0.244780603253149,0.536099012377367,0.293067476292716,0.639242971647567,0.256242858715391,0.400688700673942,0.265906451585284
2.92073405591918,0.782802061069993,19.7894314706483,8.80322607767343,-0.421484791008941,0.311864130676851,1,0.473690511718842,0.622046233890256,0.782657218136804,0.320956329096497,0.988242866028925,0.218414430262797,0.457184443469981,0.303482098466228,0.902689360898797,0.305512823063627,0.936265158144354,0.274525615335536
4.34287601167904,0.806188652497604,15.2542037473747,5.30875260729963,0.00194822658213894,0.380126059320639,1,1.10818648005907,0.668803237570152,0.446619908270145,0.318964095048846,1.13122190009941,0.21433656339903,0.677981059520389,0.264778414773704,1.07487251537741,0.210229192608331,0.824724743409207,0.205050553945847
2.24445956327361,0.551675118152325,9.61887426144848,4.06163614515615,-0.101268781777722,0.365563928216828,1,0.354930871717925,0.513018464146349,0.160013101444222,0.271326552117977,0.493213959454146,0.254267501274246,0.115176685880318,0.278427258746215,0.658888152805399,0.220137483568265,0.099689829340682,0.35385168056756
2.10397407784474,0.586667178142159,14.0084433191424,5.73544735674804,0.368987898093525,0.565180578960466,1,-0.805411937526842,0.612169209163609,0.637265401444935,0.259185199688284,0.468686980629259,0.267691897345858,0.523492829343427,0.190289126368693,0.380056177188855,0.297935255728837,0.93440641084427,0.248167304542877
6.9972025072691,1.51436397650963,50.1677063285902,22.1676644716414,-0.641656333644099,0.217882778335631,1,0.74352285122874,0.837139850960945,0.996454994154402,0.339276599850319,1.28123866499537,0.287547228236589,1.19951598189934,0.184930183125824,1.1409257736097,0.332874752900388,0.833464501106533,0.278323034479899
3.01106883688434,0.675809322340971,12.5365152397847,5.45575472330695,0.814690215612203,0.209774210402514,1,1.19924665178037,0.62453902310919,0.757889886353697,0.250599671552555,0.683765202660511,0.235807076043194,0.871831923877874,0.243819864632332,0.283526770518811,0.433980234287152,0.784971341014363,0.319779359921248
3.30543972767222,1.04956637490704,26.8049710293249,14.6141627543221,-0.112538431605909,0.627036776018161,1,-0.470737405738768,0.696404811875176,1.08666627118179,0.348315077172535,0.736479271400319,0.297786653214943,0.634763297555718,0.394247074452929,0.491315788957978,0.36187372485413,1.17602836459264,0.297440281952143
2.74379389864031,0.743205108152597,20.5009926459948,8.86087547058403,-0.236790427967387,0.254137978242663,1,-0.186272859907967,0.486463969102346,0.725837785383232,0.191427532901225,0.875998826062762,0.237482165025963,0.625536699492948,0.241465229086655,0.624993292564106,0.406153688680831,0.884623403779832,0.287425924363675
4.13569859641087,0.901260942590569,27.6815594827239,12.8640759204555,-0.242447046798097,0.208333930611431,1,0.122208589146349,0.948705254558412,0.878817215076877,0.288768907030391,0.928168778066025,0.210380305067395,0.702538730695817,0.219998140952383,1.03457052528126,0.326069226767607,-0.118871138560596,0.582327767571021
2.84836635260019,0.675750912224027,20.4701034225527,7.70904914575016,0.153816072367705,0.709314838723412,1,0.119542059231434,0.552442675964982,0.783807820356701,0.243313444640432,0.834630689294327,0.200491276022674,0.702102048129519,0.288739321430411,0.679559020304575,0.3154674060526,0.510255508225827,0.362868525759604
5.00146435969516,0.945082363404038,19.2898977034215,7.92362977253328,0.0587913268569392,0.437551024089111,1,0.475530805932412,0.595401910901156,1.06256768094124,0.207700092072903,0.751255823529215,0.2424149375944,0.709106252248766,0.247763810822608,0.596255148307414,0.366274324365168,1.16959386425534,0.241598886579973
2.68058348677284,0.606006191641341,12.0538902276493,4.86347656321264,0.20639538574974,0.613944131431284,1,0.275119152953815,0.513953975900544,0.41027911507997,0.249530674776666,0.841151439163092,0.214770010503986,0.545045310396116,0.2413434750263,0.711427864076457,0.286038780373887,0.847747749875894,0.327699801587216
3.31957280786802,0.646354714821887,13.6730834470629,4.94856377161172,-0.10696670113394,0.477512218644966,1,0.129082811351838,0.592238904681703,0.674750223881726,0.248091552181442,0.471404646848737,0.303610328397167,0.869437962676211,0.190920199827538,0.754564377940499,0.248083352704375,0.917237061782124,0.233446881669016
3.87590571144375,0.821936657907089,21.7602052428716,8.3545711870803,0.586477777674618,0.696655586229142,1,0.175687373766933,0.629168089340445,0.746490359702806,0.243242274708541,0.745550209943514,0.229761577478167,0.912284508905473,0.26321551934097,1.0235953319871,0.197918437427137,0.634257812338239,0.319290115501484
2.78005723898458,0.649851121239182,16.5434594008339,6.5512511090471,0.0318594839592382,0.620032668491694,1,-0.37126862096604,0.497929383635159,1.00479414298648,0.208866254203093,0.452466697241584,0.274537780710289,0.668059605988369,0.275566788885998,0.643711665537515,0.303728699942847,0.568741757183165,0.251923252005791
2.95852344163017,0.707341249161527,19.4937263783581,8.55987581996075,0.352186614385643,0.613149593360567,1,0.620334349190535,0.514774883786112,0.892562446241042,0.199139423628803,0.383099883940604,0.220779769947231,0.312794348199684,0.38139601498107,0.645557148201848,0.362047562966253,0.553855262158472,0.308402861433604
2.62389900782592,0.602405862932315,14.1742762981613,5.33321337674799,-0.203692498769172,0.347041719729807,1,-0.800223967248582,0.41355729773905,0.790841799776854,0.187860606430802,0.915938048908964,0.207339660675347,0.513549979052155,0.307691872054228,0.695199543552791,0.292005852677692,0.793730487195092,0.265634532996409
1.8301816459348,0.493666706294863,13.8562598849601,5.28241130246379,0.283859421183133,0.364343814379969,1,-0.209072339534081,0.634819321307247,0.695287108608199,0.217015306221628,0.239769273521197,0.312141790261312,0.403112314864113,0.235992584375263,0.746224861970386,0.208610720119233,0.448253785864323,0.243214800241634
2.85535473541558,0.632539677807952,18.615728917063,6.74735678188406,-0.18108978982129,0.250461401836831,1,-0.191214460748633,0.455546863965607,0.653341636514023,0.232107496486471,0.578941304612201,0.174739533351723,1.04990673548453,0.253137271835448,0.720632895342801,0.197254906157482,0.365486897571413,0.390938163078009
2.09257148941031,0.486960952199614,10.7232412352927,3.70263499800691,0.427888396287572,0.530901146476061,1,-0.581924503939064,0.439786876709586,0.611379885385149,0.201075316217789,0.908462761980404,0.169517646094069,0.289902072303856,0.312329034008049,-0.48587265283007,0.396910548963162,0.515606939583934,0.291039825885297
3.1388182599724,0.757943252207918,20.9138698188123,8.81919236775893,-0.191320957626189,0.401613055502589,1,0.678310012843026,0.530630632676316,0.83937243303369,0.273318274204112,0.622730478957841,0.333013373137251,0.259374680257341,0.325096698841723,0.81314518230839,0.254194356415072,0.612495005392759,0.239731630090773
2.87342470869447,0.65065999433306,16.3751101004189,6.07504677875577,0.102504535937634,0.426324631300045,1,0.463207374209427,0.416239755691589,0.730736485161544,0.191374938763032,0.467290907544947,0.236177599774709,0.914816812094108,0.297722577169493,0.77879720640351,0.226946079935131,0.678432352425837,0.234633115429618
4.21865889199678,0.947498923575146,30.64962089199,12.2470703132127,-0.495965516284054,0.228220745197938,1,-0.590800619150096,0.901563615538141,1.04958162096986,0.286017908148393,1.20248768106401,0.251605409145208,1.06063712517747,0.172413200156879,1.20017160528329,0.250476954384939,0.900759937903686,0.302430285201454
2.64400691542392,0.589444403907722,12.0468967293139,4.58421389856576,0.36525158445335,0.56111852651993,1,-0.0442954222295487,0.493312714271177,0.763730058828552,0.206630955648123,0.423746189176409,0.274667905264235,0.973346016687813,0.225719425042722,0.347989429965786,0.253710831722489,0.631641667797815,0.305305418467368
3.40390450119681,0.583187311595413,10.741329341341,3.98112678680206,0.698774289544716,0.299465241185595,1,0.890541192521165,0.515254353300993,0.498256557052093,0.211891865230223,0.568014241819698,0.190854493696646,0.982455881972099,0.203043347448111,-0.0469203835473158,0.392125855820259,0.524182211942874,0.291975532586922
3.90574699640211,0.846397643200478,27.0220579190251,10.0248152996552,-0.356889630589912,0.257557834565383,1,1.11752842144733,0.683337896631527,0.743857091153933,0.244788065795427,0.692758299442267,0.300167053842219,1.12931455697734,0.278877602633397,1.07648101190283,0.199528351552664,0.799744422974729,0.249747782203919
3.04587717408206,0.581405302343386,12.5102840590346,4.59580351627156,0.499350214248971,0.950672847666692,1,0.365636239377123,0.498175516388054,0.189678002862975,0.273515639612638,0.926170691998765,0.227717842914218,0.443261447680629,0.24045981527965,0.819987709251908,0.22949203774548,0.435591699675538,0.30209747300486
2.89523635600534,0.603406697725214,15.852762165874,5.50554244071028,-0.248085506286296,0.297218264096086,1,-0.473109740896395,0.574899723677468,0.896716300874383,0.240179786128826,0.587175768500212,0.24449723133764,1.03391975132637,0.154997684721517,0.985672298350349,0.224412461245363,0.669660756423535,0.303150934917235
3.04783189003997,0.668295612607567,14.0116121800941,5.53371928521689,0.443917034829871,0.717212433151418,1,-0.501872024191969,0.693590420748439,0.456025985932459,0.332562322369182,0.775755387726024,0.182789801093892,0.530098897553496,0.342119083554596,0.686863329419348,0.269788338164343,0.374519035849875,0.263474752627495
2.54773275426928,0.683783115405423,16.756398612837,7.61834453636608,-0.155878617540106,0.450583401303947,1,-0.137825031241452,0.777391489530201,0.540510175645032,0.339021870075939,0.893923488108273,0.243449829809774,0.722442342876435,0.312386834088616,1.05416159007539,0.220387519871363,0.684179352325308,0.324258903061717
2.64682838812503,0.5916927447086,10.9628452407376,4.31155510997386,0.460119434934959,0.640131343867166,1,-0.358750612944987,0.778612507166493,0.498875776339557,0.329891998067463,0.36058215324303,0.320728706176686,0.223639164928046,0.259586806110658,0.450188913572475,0.259106285378429,0.795521677406649,0.190712524969131
2.70483493798266,0.734257800073995,20.5288554240794,8.17063386767697,0.0880157706687306,0.611203325146441,1,0.0574659730208927,0.512968241002589,0.849280576605506,0.229496684328228,0.826391384806434,0.186789911233269,0.792670372514707,0.270867618251735,0.991355911907742,0.25360561157032,0.693887228548989,0.278901167371826
3.02819484682047,0.669745288755671,11.939442225007,5.16927227997418,0.88699801975092,0.114956294324786,1,0.534073457124692,0.803670010307968,0.319012474496341,0.311753385598641,0.720743436593615,0.288501306124294,0.593588734687086,0.233841036895444,0.402264333113741,0.302836743564311,0.36012363491101,0.266801922046981
3.21007756594676,0.544988542565357,10.0062455156688,3.5230357009429,0.192505152119547,0.544137884672071,1,-0.327154098403182,0.489421841264295,0.776600266080946,0.245262558847305,0.569740202933573,0.221932231028,0.996069229899295,0.168351480408667,0.342348870059786,0.27783329170618,0.921292184496869,0.195092122244812
3.58046328277063,0.732856881467163,10.9472939826962,4.26942103793174,-0.403699070436142,0.270876856917247,1,0.280670596833011,0.821555486369284,0.761883858387805,0.349179383881924,0.824619392940311,0.216661057779722,0.65922547546726,0.271082254546803,0.631385650572968,0.277083859177322,0.757572121847813,0.262270533504333
4.22885007751096,1.09260877947204,28.4083729328106,13.6406718305802,-0.402067428909121,0.25768745456294,1,0.0038244509369867,0.46524326590363,0.984689716527153,0.195266925373263,0.607092267273692,0.269866791101188,1.25867035184278,0.280574837931021,0.968943107400431,0.360761025484175,0.538127599542526,0.379668028482382
4.61943234886233,1.01792397226282,30.52566847856,12.1934683609087,-0.215424204084002,0.368381097894081,1,-1.08852227616843,0.900603017474127,1.18728461684698,0.265167055706879,0.728646296575059,0.270647149988394,0.967994433129459,0.223698656607077,1.06553693440642,0.303792805757397,0.922777983120916,0.283506131409252
3.67601582324048,1.08012209976677,28.6870053166665,14.2162826820713,0.0583746165260733,0.948660606965185,1,0.031860854537275,0.638857032509435,0.535538461129717,0.426218199574831,0.891571662739118,0.285092843374098,0.191180557317272,0.401631468061873,0.748974426510154,0.304779744253703,0.956570960999652,0.3111856662318
2.51394287847804,0.530406163352916,9.91613255618808,3.53784849998309,0.343137937466727,0.527150858413959,1,0.0257238825994429,0.553280987842131,0.546237534655266,0.2393169520018,0.57907735719894,0.23644498286622,0.480840043707739,0.256783987693488,0.807099123606029,0.207130545844544,0.59908599418658,0.207212585495077
2.77990588071698,0.618487400965013,13.6582539568073,5.55031234383102,0.639720591703594,0.341217549764051,1,-0.0147621937082918,0.463791635055445,0.570469243082667,0.216360453168609,0.616782415414083,0.26019819413873,0.665199484640802,0.26010293771975,0.471320037863295,0.300416004760266,-0.0689877761444042,0.376773626584755
2.40221772231822,0.44998957944418,9.90873384095393,3.25965338501042,0.257495646056964,0.549682296502884,1,-0.311652505064139,0.336958416793386,0.700476005541402,0.167207905767261,0.603813578099773,0.176871363152145,0.493093726640009,0.233615262364526,0.786233558992238,0.238630669723675,0.743229345235134,0.294732509198209
2.36568644517726,0.654517999746306,21.6276817263368,8.8193905072744,0.391146085576878,0.521746027278737,1,0.119649919826384,0.425698239460977,0.795708491178524,0.21345923487507,0.683352667419416,0.206583682144156,-0.0835632665018099,0.405908395176307,0.841583816319584,0.232701917596771,0.597435100226573,0.268533197359853
3.9032027541636,1.06092679429695,22.8336201635468,11.5533220503076,-0.490892770883246,0.327115196583969,1,0.914157556847401,0.592972834209581,0.925953761158361,0.268426803284453,0.952102589863753,0.332802626746811,0.708321016342523,0.299769459986524,0.705612674332384,0.317392137105578,1.05574032255697,0.29415315987384
3.04089307969304,0.719667060713206,18.0916756778895,7.75009827074076,-0.411041926448277,0.314483461599313,1,-0.0932327291177507,0.634796604494878,0.988374030443593,0.263916576054631,0.712614016914851,0.277755308506974,0.76224314416244,0.255043580723085,0.585949507975204,0.286734730258238,0.988742698276526,0.240148243058673
2.54272505385172,0.598000167006596,15.351692943958,5.83177267106971,0.156059095013469,0.574116900565044,1,0.416194039278212,0.481075721785741,0.583922314084267,0.244895748029887,1.00810821084472,0.245835556385749,0.71831542935411,0.237929316637039,0.433950922554539,0.289958429561831,0.46087133809677,0.257583422994307
4.18041423345044,0.93316626618419,21.698911829305,9.09808037150405,-0.315265062952788,0.374926795524917,1,0.625274489295039,0.669114700037807,0.645209483565997,0.287256018013249,0.853404646911683,0.260259323266288,1.06205213097408,0.286768614661975,1.2649699140149,0.221533733057264,0.440463228208377,0.323672440357746
3.20835985787273,0.847307557227367,24.7833704956904,11.0343610765289,0.314099610695007,1.01578948655465,1,0.0450158226532896,0.732821440333563,0.795123165504565,0.244197727986454,0.796098492589508,0.307107369097724,0.794064349381112,0.257808084415256,0.774382174863419,0.319263851415699,0.868552434723582,0.325234678408619
2.28801345633781,0.529607464061348,9.47582329982879,3.28835918225566,0.433001296332277,0.617489574583134,1,-1.18708656677931,0.659269139546117,0.974702160981079,0.21539968424435,0.893755298313519,0.161554576552041,0.726321185486761,0.276676975637883,0.648021064930668,0.275824723572831,0.0739001057320044,0.354039965089883
3.68506230832283,1.0320362867216,19.3232182537747,10.4897692694457,-0.42356803588275,0.365881741910808,1,0.804493099942234,1.09881995521587,0.561355424281118,0.510756024290347,0.935810387990502,0.238751597337713,0.848026804231096,0.284721263142583,0.739928416551385,0.290538108422204,0.927859184990016,0.423141009196001
3.53600953987087,0.756951138421792,20.9669809146026,8.75522256273318,-0.303219081565873,0.237194604734131,1,0.136936689110129,0.828546065406857,0.359470268590006,0.467240982868566,0.433950191019003,0.287509327301255,0.689114590488698,0.241962303909172,0.930373373588443,0.2689853696683,0.873072678380177,0.202840244188242
2.47199699173084,0.567499978754384,13.007918034559,4.79029916856143,-0.225321045570417,0.368057330873808,1,-0.0173519031210889,0.475382415336774,0.566860684630329,0.254147827299412,0.687176091787866,0.266430979998212,0.558888408399985,0.221770381438659,0.807898806722378,0.21890685387416,0.851748352494213,0.256981593014312
2.59181519961042,0.720004899234837,20.7782263785942,8.79742006275388,0.129486462048126,0.458404079373845,1,0.193470908310912,0.49092034621292,0.426711587870999,0.31357780895497,0.741670693354944,0.201397554317635,0.639135461681011,0.230421768170527,0.916290873796317,0.291032284568354,0.743175270726583,0.33638056441477
1.94440934532331,0.395483823626135,6.8450173971466,2.33533061698343,0.315140851642678,0.597300970376767,1,-0.140154159332635,0.414785534944459,0.899341593234979,0.171851887243449,-0.249041761903282,0.332189616098495,0.749351761039148,0.193724402793488,0.119423397265467,0.333944289009584,0.259984133074857,0.283664638017625
2.36442260691156,0.565172894669209,11.5536199385836,4.76293725173429,-0.222828690009798,0.354974504940865,1,-0.628680826002497,0.602429071239022,0.615198323187066,0.232910377697446,0.5432136274294,0.204340900410148,0.756302907141139,0.254343832203599,0.637055922288836,0.244666289644484,0.549770354674067,0.295319848780999
2.25841216260189,0.565449755992352,11.9971000697653,4.72333957126782,0.680755462938671,0.533029827136438,1,0.789219864062913,0.540584756713168,0.398477627754201,0.245975751741313,0.474428607788351,0.212168347311317,0.565357381037638,0.215790994206583,0.528894939136602,0.281404574387852,0.313663346891888,0.287551584985054
2.50308211345115,0.650627267067836,19.9346940828933,7.82135993744734,-0.190217588035864,0.3879707714629,1,0.44328901543123,0.519214136239487,0.882591027812084,0.198478710910884,0.489402473173426,0.359078800399687,0.618133737051967,0.271309913705981,0.991844795538303,0.244268549495312,0.730521997567074,0.369995917130783
3.61407125765561,0.885741503622746,33.3246178269307,13.5215289632804,0.42681919987546,0.762100073482352,1,0.461808680336379,0.618807006054304,0.677275943889653,0.232848188173857,0.646815873662459,0.371552240478803,1.12947480026434,0.275181553307209,0.980568793279326,0.246416188262651,0.834578562905227,0.278389537379116
3.16286960912428,0.726600275296486,21.6140702948956,8.49074462314567,-0.102184435205964,0.461532896425549,1,-0.23714348777139,0.467353946204828,1.00861692751639,0.246201008070787,1.01534483478644,0.196003402337213,0.814970190670722,0.26895224097995,0.77295961955245,0.299587124540058,0.985746659532163,0.226303365999146
3.01420734908243,0.574881688415857,12.6617353086014,4.75136029620911,0.571694897979127,0.536109750893225,1,0.43296049033367,0.439745828589584,0.660924272205139,0.202924839140121,0.422382690276887,0.259294473097141,1.11229023311309,0.178567664221573,0.446063333813751,0.271510197021416,0.977685548919441,0.239580288067017
3.81504250276974,1.0412243265918,31.2732835874754,14.9616104295539,-0.0658473740618699,0.641088350908731,1,1.23720023681681,0.746089459950042,0.681082126144253,0.257419281041308,0.6206672662367,0.314170170120355,0.783921903233111,0.293083219849296,1.05067109715669,0.299840281997657,0.442426156520997,0.373556103620603
2.75469900802967,0.475240267165527,9.51192158521158,2.9629483752885,-0.311982952410757,0.226559423997603,1,-0.610025611018398,0.521681301718767,0.938953376121752,0.178909837799008,0.631027826435912,0.181174485146248,0.826009171437749,0.181994223339427,0.676392531765486,0.217010907029418,0.319965731982196,0.355438543539893
2.88036608424411,0.756312705872246,18.3368272629846,7.81833277765995,-0.0524527653719893,0.419273049569816,1,-0.146180503805137,0.414196842964845,0.621993255419354,0.26259185095365,0.841943998241522,0.206239198981184,0.617310295186704,0.311024391140512,0.504147826904809,0.310814113125555,0.902315700575917,0.271656447462839
2.61949527717305,0.628643376686275,12.1232705778674,4.67102210168438,-0.249664878179188,0.246687515284094,1,-0.98098562499833,0.9369039063619,0.742813585557418,0.257757602200778,0.61524641918291,0.304774904075714,0.693264901801224,0.26580394920614,0.727007886772944,0.207698885686866,0.440856966725541,0.292516915437974
4.95462440021623,1.42451209310224,47.2702909154342,26.6611052581731,-0.0057696740269517,0.767355709068303,1,0.190208444440283,0.54989352389099,1.01101574100121,0.270551374979515,1.06478929888024,0.414408667162078,0.555186928017423,0.51900333779899,1.03834754229957,0.341646260798721,1.47016038131654,0.263023429684094
2.34434870707383,0.68116272610717,15.7544669458522,7.1178431052485,-0.0298993756676148,0.546171402268767,1,-0.0547290925758218,0.678528388195847,0.543641168126071,0.299446493873795,0.703945811293674,0.242014671249827,0.516275018414739,0.276393192578252,0.872943060199842,0.281720817681863,0.248411165126142,0.381583214989594
2.91404454497475,0.52798258056452,10.8115927346233,3.90421477270198,0.103316843433967,0.60614990016444,1,0.395381106188414,0.435433967385482,0.760738836047456,0.238536183306511,0.0383652302706825,0.300972323074582,0.201045742494484,0.312337484178987,0.741089872132253,0.226712222754092,0.687528227639832,0.248774943756512
2.59169014591895,0.556727738156193,12.4323112279467,4.56897645607279,0.300420980034975,0.52345015716503,1,-0.0799676394751845,0.470717423638836,0.748985545595035,0.208863717501291,0.714351164584918,0.229383800030206,0.580252871780933,0.234622645665225,0.594918151424828,0.22289257869727,0.515757274948856,0.267818744605221
2.45144941776385,0.620801735301977,16.3214478327279,6.14317397118418,-0.108489764907027,0.314112476509586,1,-0.891756068916945,0.560280321807038,0.859403849461473,0.154820286921003,0.900745621011646,0.244759780628634,0.790768681632941,0.254025187147768,0.412280304644415,0.3084246429581,1.06419577517119,0.241756312107286
2.24748183411423,0.564553001546767,14.2341959952647,5.16759616580689,-0.311098573952728,0.207394574087402,1,-0.180846744375665,0.549752788801368,0.614368940700225,0.208945682666316,0.779264497980747,0.175338241690947,1.05952114750401,0.209079520781577,0.665380626042148,0.275285335988754,0.642335123272581,0.297231087988027
2.61169692640614,0.542838928995936,10.7757375348583,3.87791631388242,0.737908267026196,0.255388762531307,1,-0.892602051446723,0.66391446303789,0.788126876208588,0.151823793588223,0.773788493849663,0.222083560229388,0.444084409282717,0.223178748246547,1.02785187855791,0.204200660359117,0.298350477432427,0.287370046335455
3.28024896063179,0.663040503783627,14.6708737118409,5.27219087040506,0.199200421525436,0.688837746147509,1,0.198184676074243,0.59058631660771,0.856672188141318,0.270170368610378,0.481591475209626,0.350644268591326,0.870227393254589,0.190428645467905,0.960260413111242,0.214277425061572,0.815840136221475,0.220722495253848
2.32201218786025,0.482630161234708,10.257425764801,3.47545672945366,0.502738934844583,0.655997713109313,1,0.722857444709406,0.442432162603009,-0.178467284105925,0.391230713808706,0.582067003860439,0.238854545796681,0.289434417427024,0.236183924381446,0.790591911513644,0.208349443040146,0.70345272790866,0.199390839015473
2.14855444749419,0.562441642351407,17.3771092267487,6.32239774513691,0.0208460164426229,0.391221215403784,1,0.0674361445351525,0.66305864053586,0.58529539695792,0.353029164956113,0.717719739031388,0.186641401661435,0.544353170567492,0.271635629718547,0.573738772723197,0.217896986469983,0.503390619301177,0.337653703453387
3.90761417276222,0.848560376365927,26.8413667802987,10.3017226046793,-0.414530605241483,0.236720392054949,1,-1.23357525403311,1.04209735655629,1.2531459988257,0.27701577862775,0.790342637430347,0.284452069555623,0.804993654318057,0.266293154201404,0.947673178593703,0.271797490789046,1.22154492610067,0.135618050052143
3.56553010422051,0.729272910568007,12.3359953660686,5.1866610116161,-0.0272373450115351,0.595013574662533,1,0.277299401693366,0.40732311313963,0.511151562104836,0.284543579884896,0.870435388805287,0.225917337214148,0.462220171467021,0.265286703063554,0.941638436579234,0.314210165500756,0.284804833348418,0.382787972913164
2.73096072853637,0.651336195592425,17.8469493890317,6.69104490578284,0.561500292947239,0.768134351089134,1,-0.169698067405653,0.542546876828405,0.609971990483851,0.216249230459155,0.637872814025082,0.243654304413221,0.667356439016784,0.248739202649153,0.391954257959921,0.308397178651558,0.57862040379852,0.227835269287125
3.18930176813836,0.827789814074435,16.426197241362,7.7746638830205,-0.274307965690479,0.442698123475032,1,-0.201978502450164,0.558663198234148,0.849848599416219,0.239178773551676,0.601339703588288,0.303283474619548,0.964022390305306,0.30318918402872,0.745769602840608,0.284266921032299,0.739851939607738,0.336982101278703
4.11239669294301,0.807583323173169,14.688791860465,5.52251965939617,0.628932466478258,0.614740604906894,1,0.2586811124037,0.554893185388799,0.419325355389271,0.262993960816527,0.719567250236623,0.238096270378883,0.734184450942459,0.270921533721907,0.528122423130206,0.22357377243212,0.955796159201988,0.232524131956152
3.27244397648102,0.708770798603583,16.0384640078301,6.676930637296,-0.134372358371912,0.369457199613628,1,0.33966846791286,0.542953200607026,0.42724358897027,0.380860981397889,1.04367384868445,0.217157927741922,0.0725844063976062,0.345366358320771,0.877910953240295,0.247431325079232,0.906145810273105,0.213520034171994
2.94078748571241,0.67618261923538,16.5341897474022,6.06035838879427,-0.00506632504344712,0.506592237181739,1,-0.340732304472917,0.533918680594051,0.844937044894444,0.200496765941407,1.03829256897988,0.208916445481964,0.453498145066417,0.260470988210516,0.731633036786194,0.309348344784246,0.453732460302626,0.328650182067658
2.79778719542569,0.623002829200396,13.8555603146063,4.98465289584193,0.667162965394234,0.56345195751697,1,0.224178582671383,0.592583093276596,0.807520243808098,0.302403540863091,0.476986931858809,0.259376403550796,0.602878603727511,0.257845926258456,0.937226326263519,0.192260517839176,0.520859553329573,0.202594901326621
3.75421314100119,0.796041731173963,20.0840243704118,7.88755857581513,-0.285502615998616,0.31195228463507,1,0.505423324048823,0.502522201600773,0.786674539860377,0.229596003704305,0.812004664980786,0.188630642878413,0.620967134158938,0.275865376195456,1.0306794879923,0.240768528009937,0.877584403649185,0.254696028343541
3.19537277877111,0.785058299704809,23.4300650567755,9.65927815387861,0.175067890612148,0.769558353437067,1,-0.214068335460623,0.779498857081709,0.71099702102794,0.326557062926039,0.551886047849377,0.275983946105273,0.847821267609098,0.28886115117416,0.435613420407323,0.288337653595189,0.81099452244562,0.238805832932892
2.94294555545603,0.632848005812564,9.28476911088841,3.68222447423829,0.0547892208445378,0.590136252975637,1,1.26485762638926,0.646398923465887,-0.322391684720518,0.399891680102666,0.246689468295804,0.269564146848162,0.883139288893684,0.248042775720384,0.537041788726556,0.229074341489961,0.475035431402483,0.24537720935669
3.01060020390384,0.715582638008999,23.6692162685853,9.07484330777066,0.405320350629272,0.729903952267477,1,-0.342307842733319,0.706171325570695,1.15851030901178,0.187794187853167,0.7532529189342,0.26885259689612,0.271712773690804,0.482825983781055,0.510804831704954,0.415210335797269,1.00813356429283,0.20103849644842
3.84594641190412,0.95785264271241,23.4798326369796,11.1377692097706,-0.140440713328839,0.517498172239271,1,-0.199660681767846,0.587405666136703,0.840339135994359,0.26716878421698,0.955104095344193,0.285409844794655,0.729205793227003,0.283567930040378,0.839596520340398,0.313864904443099,1.10823104675071,0.208035881508654
2.29752419435408,0.582688336904268,13.831298215161,6.21658698564983,0.381766185786203,0.775422374238997,1,0.162917174995888,0.716925566501698,0.466906103841488,0.327442093301832,0.701946889957678,0.325792887621585,0.758678051691865,0.250028301308461,0.459870946833589,0.235924713182352,0.361019179887071,0.306564231705935
3.47297381923058,0.89324812697946,19.9460543643734,9.6935766421334,0.642925441722056,0.52501086795092,1,-0.490898584642808,0.652385201514141,0.802380112434634,0.297427327459569,0.430885632337634,0.364270611277014,0.59633958545269,0.40118428627995,0.727264618756389,0.329460879608503,0.750814001009163,0.297013740490925
2.81101972058433,0.648587522158554,14.3229351139476,5.44900519204614,0.509068369347423,0.606379405322782,1,-0.892530054268448,0.620624655363036,0.697613027360669,0.209773559597608,0.921073390702713,0.172782890262243,0.550647018746547,0.309806512485579,0.715736151568192,0.305830263796244,0.331126537672587,0.296998565352504
4.00156630738981,0.999212855891051,28.6377065257608,13.5216433036591,-0.308951972372228,0.407623256387875,1,0.490403516628245,0.463999684625003,0.801769422218974,0.328221647446254,1.08389052485856,0.215380364012363,0.767258409257787,0.279971282201492,0.890785426920592,0.344261581267701,0.981821826575854,0.334861741534958
2.48440525188399,0.546260573823058,10.5035986035743,3.72266807941194,0.715730904332418,0.270438317433913,1,-0.158515334452552,0.470132297024778,0.614022780639792,0.240825909037373,0.438176941317524,0.266779252054527,0.660303474569561,0.198375293729687,0.867816727319807,0.239801674707919,0.586890556212189,0.261986751049708
4.46208380135666,0.974705135220945,29.3778582821074,12.8508464107597,-0.209210516035533,0.475284648401872,1,-0.034550374828207,0.810591336036563,0.993777242133134,0.238207365762195,0.788216988167233,0.330955099676134,0.829314146543314,0.274060923304886,0.978434333184016,0.294697960481629,1.0412974273978,0.333566790689565
3.40272730218259,0.771749405815957,15.281009939306,6.58115666882028,-0.15666261279741,0.379272997974295,1,0.310004971764963,0.439243949970091,0.66808676735142,0.318854462511407,0.451596548132893,0.326050430586031,0.606739314260193,0.280743130776987,1.02306651220886,0.23292392288666,0.714263666658247,0.212475165950512
2.10535668388365,0.588087704095414,17.0328647823671,7.32251019976815,0.102348959061769,0.502898763178701,1,-0.346918776828455,0.439518063012786,0.708409279760773,0.223125733185294,0.38369086060272,0.29548692577806,0.315838042302,0.410931352168172,0.529066241680715,0.337291462776979,0.49668755898622,0.256975729037462
2.99682127738081,0.520895307159813,9.03795674206717,3.24450965521123,0.014698399240771,0.51943357723975,1,0.162354079333892,0.507197141493438,0.882195847320955,0.203333504041866,0.71663570197173,0.260741453881096,0.661478960303489,0.219190137576304,1.00659643070158,0.174741050006641,0.58705877277584,0.24755439172253
3.16942299774724,0.551336333980631,8.36837008124223,3.0916970785686,0.470036666103668,0.656647230029379,1,0.0817146838508415,0.582561647764925,0.406344466086926,0.23402734054639,0.507117534752447,0.181232188507989,0.533522222328751,0.267905261052765,0.752969577757752,0.188993194093242,0.557077898262935,0.258418932858312
2.75959094341468,0.629551401750408,15.1233386461916,5.6094181443865,-0.101465162122926,0.17815902308228,1,-0.604097516243928,0.675525287956102,0.943620555358908,0.26730013902149,0.86435845117044,0.171583110995193,0.694641731284343,0.244917425076532,0.574771376960262,0.341590361117247,0.6416655016462,0.319378872362532
3.30233044627911,0.667043965221254,16.9054811446985,6.16885996786521,0.135765779221092,0.445903976573161,1,0.286292202001615,0.524560503352773,0.750865195065457,0.179078333810882,0.788601995613,0.249916339214612,0.704211495030294,0.255534582653941,0.467092068202393,0.241360199243355,0.646023488945405,0.241294619509049
2.2205246154746,0.741238012365091,27.3273654270113,12.0688167484966,-0.238773280046665,0.283573554250541,1,-0.241805640096963,0.633041122555507,0.536925771079664,0.318010211485318,0.776319139391579,0.323837926090941,0.396177665828444,0.27520605533372,0.930278279096609,0.207703288497885,0.547441185706049,0.341335823799303
2.32456507332724,0.540481817461674,10.6731948076495,4.62634015955499,-0.242536863563393,0.389105678176071,1,-0.266717896762716,0.45701986487136,0.650416004785509,0.285978479034923,0.33791535535112,0.276030468018884,0.455737764403788,0.219608494245628,0.95809639131347,0.209308195515536,0.383567068292811,0.322638763692258
3.12427288542158,0.573400276448544,10.419566237687,3.85820991480083,0.210576617099881,0.604845803292324,1,0.017505130454813,0.497597120265947,0.563819664250531,0.242555727407203,0.610014716211416,0.221964845373937,0.623303661803254,0.219140077729859,0.728081958377437,0.234551772237615,0.273870040254377,0.31702982778112
3.9848022806102,1.07683604349794,28.0657029405129,14.2695617565963,-0.103802138683089,0.524878534226119,1,0.656299652678185,0.468127167284677,0.590035063404231,0.224123555574659,0.350579515500868,0.378137342666276,0.972700859249484,0.297340111642513,0.914866127706542,0.344800590758408,0.810146459349454,0.281329999867709
2.06745798943946,0.598246088702569,16.7764858655092,7.64310176949883,0.451895953191605,0.806739851832705,1,0.179839908112229,0.557957456846771,0.471810778331611,0.287752647324947,0.836055848333645,0.262900818238219,0.510895303162736,0.225138970332555,0.506817273231629,0.250117665574313,0.715890636168068,0.36333377075832
3.64230530408906,0.774787403313592,22.0474360875173,7.68812685793715,-0.296938502322818,0.259907752871303,1,0.518987611009334,0.695810877481651,0.614462248199094,0.244785676232126,0.551230910582094,0.239063216004251,1.01768383197124,0.181499023919925,0.661507637024743,0.266991851779487,0.490388387757176,0.320405242684797
3.60238918393648,0.569843779978277,10.370038243285,3.34177161285082,-0.355718810715277,0.160979460874403,1,-0.342305742204588,0.76166104385272,0.859028479232271,0.262159251427528,0.704858636215414,0.172668722484355,0.658316153251775,0.225331264094575,0.644438070955041,0.222348436408299,0.701718110247293,0.214573876802284
2.60229793640678,0.432595193094372,7.72281810298971,2.66150832126464,0.27768401804497,0.516507741296822,1,0.397926036184204,0.693585677633708,0.439106027073451,0.362462312051229,0.333082572799058,0.255940713865863,0.551289244613253,0.231123794621206,0.930898406413747,0.173173436608453,0.555809523376957,0.207933080684824
2.56884278979426,0.70833773700538,15.9203872135945,7.0250357009383,0.155244239429882,0.596608819816186,1,-0.301574665418588,0.664670272101787,0.519709498773565,0.307174370289874,0.523257014082415,0.24612031965657,0.669123498832377,0.256570075180603,0.747801910500327,0.281727863285619,0.317229705273581,0.34823857950198
3.41510425578878,0.87216307974138,18.5801625125967,8.53524497535876,0.144913492281104,0.538632055985321,1,-0.501806668840202,0.712581599950389,1.00039784826804,0.271133235246339,0.607681720211276,0.235039801958896,0.575904945617609,0.264089195805305,0.747727864198713,0.263601810294275,0.502334692203402,0.324155364196551
1.93657616084166,0.400046048631234,7.4851297104559,2.69164386034321,0.134016754656582,0.406382272281621,1,-0.247970049938181,0.395559350887087,0.546929494273768,0.202865824166498,0.676961331105478,0.212551344388212,0.585410075555308,0.260500077664429,0.443355608236335,0.193009462464211,0.62890156440854,0.247480900296563
2.33748096447288,0.586916381717895,11.3599834426237,4.72670356350747,0.371084761082854,0.564505286490237,1,-0.520857252681473,0.510195671687978,0.962643302100368,0.193913652992499,0.665015293041998,0.221732386176814,0.758875189879223,0.231281551452546,0.553222895982152,0.324521876507881,0.375704845036141,0.316238326722252
4.19917363269464,1.14177791245879,35.2413990805492,17.761206085063,-0.434347036417637,0.333234598527379,1,0.300277407866035,0.773328821366645,0.998075328398794,0.319902124058426,0.403628898354719,0.422212435173351,1.44484268562842,0.241289185328087,0.892824312193367,0.319745402011421,0.954781361253786,0.285386326988858
4.85867757408626,1.26304936815172,29.2092376584054,15.2330765084374,0.2451839535946,0.864123054960096,1,-0.201562324618106,0.482208201598999,0.76471044565667,0.34469388919388,0.691913814638475,0.296702023361462,0.396973877874377,0.44259383923271,0.354182819948125,0.328088302785252,1.15717952038092,0.325130332175688
3.6647674550166,0.869202310105966,22.3386913167212,9.68643220709041,0.860816557102536,0.178068243974701,1,-0.43048156059744,0.724006794772573,0.998290999560748,0.246804418738889,0.90939959284174,0.289897446456346,0.640004498891323,0.260382478590874,0.483960528253056,0.328571837885816,0.865677389602118,0.343720284073876
2.81468278718652,0.595151810927376,11.1847946934533,4.29215770653628,0.00847232181701836,0.346642246165724,1,0.680043629719587,0.577583712255858,0.346516777627115,0.285480386646699,0.752778287788673,0.202929532391647,0.923290223266074,0.215977785987796,0.623965002818324,0.298508035919349,0.745998382257453,0.242574712614202
2.35927242750126,0.682418141239488,19.6479722984868,8.73797758258722,-0.18225287571756,0.443766507091875,1,-0.557102638798039,0.888314768884232,0.741821854176777,0.378786613365001,0.668865472566103,0.348875311598561,1.04530670095702,0.232720133198545,0.562228535645951,0.248935973573086,0.80452016124401,0.259520558992008
3.47072524961068,0.718298920075336,16.0233201638775,6.47106009721246,0.331876817632722,1.12694410855952,1,-0.64453298811631,0.91664948169861,0.603870597709464,0.364382745326843,0.790024669279083,0.249250773253035,0.53693759045746,0.322646027285206,1.02089544819129,0.214543836967528,0.360002854377088,0.287181356484484
3.29247786536973,0.709000144706354,17.7601401357275,6.34867221984858,0.036428399070923,0.201655337554386,1,0.141694535660879,0.436854635291196,0.722578201110834,0.240435776226374,0.575761588586721,0.241925041504565,0.642687558748318,0.200062421958217,0.836427861469418,0.196472798695326,0.824260825439004,0.334090684433307
3.35953463812058,0.676606465177501,20.5625579715505,6.92466292411063,-0.0722143925906161,0.26915769880208,1,0.284605103620111,0.539127038649616,0.633193919028262,0.216663697601582,0.775801269397133,0.272137989130653,0.740659447248632,0.236901664199374,0.615201939939962,0.238474381729479,0.969231854609804,0.201871505743215
3.5354628568233,0.834180451332283,19.1201979778915,8.27719688014757,0.12459798339166,0.565178701701205,1,-0.108808625504803,0.817360756911796,0.35256913081168,0.319233013812,1.28441220804716,0.205219887200286,0.2842263972323,0.356682958000842,0.377188081561578,0.287624819548606,0.556467105385411,0.291883590600834
3.78739485894968,0.607354257937073,11.7547077955313,3.99728157247536,0.837790300879569,0.142151811793448,1,0.788639100862386,0.546693154454133,0.224043656246041,0.236932124012542,0.682082199680789,0.275543431708277,0.625984424697928,0.216020091536089,0.64404822355431,0.220577550974812,0.387924163891911,0.31849378329373
2.29415640045315,0.635612092682123,11.6048007919453,4.75892914456045,-0.190726696630394,0.231128225650106,1,-0.415916724302296,0.59159233826136,0.529844685410914,0.257286231670021,0.426535529921275,0.210602094751121,0.328925628527841,0.297065548368653,0.786701571769294,0.20892776217406,0.633319976718772,0.272687800567221
3.07537642633673,0.635866441684342,14.9960934203836,5.78193946767181,0.168670298104261,0.651835202419449,1,0.0869108742053744,0.508323147353969,0.228585262530642,0.3177865819861,0.772284891781464,0.212378536301485,0.825491391428595,0.21144430639312,0.461995472730128,0.256881206569777,0.686138995644232,0.334798936987377
3.39145063119082,0.756591460760119,16.9386947544127,7.04305287015058,0.0623139488554777,0.690317430867911,1,-0.375849208760269,0.561354359749116,0.647785111495877,0.256147197901675,0.933920478096717,0.210273731635719,0.85173632593022,0.264706754762427,1.01722292500418,0.257202830024108,0.789532388629066,0.248130847342335
2.81555566118241,0.586365154071975,15.9713504224289,5.24110223174297,0.640123860219838,0.369791241875524,1,0.823708748407101,0.709532077254116,0.559990260734713,0.328216063477334,0.925674778223111,0.162328027930201,0.697948390681914,0.215014128017228,0.666745713141204,0.28437735369645,0.860381631286062,0.238133771143053
3.98862868559718,1.1171577673245,25.6570309577689,13.4351197002955,-0.308185513620592,0.478928353846627,1,0.067306080610664,0.624149141534299,0.827244103015022,0.281489550640321,1.33109704250331,0.270387888192624,0.991636012521841,0.270748815358585,0.688190898770951,0.422593141638908,-0.00450934996917259,0.500046861986328
4.57036383304515,1.17262049246403,20.984515825505,10.6996992017345,-0.135268994597931,0.581644083872774,1,0.833090565018216,0.929872665473182,0.984682831595305,0.295017874799456,0.912847318901088,0.354743181389939,0.668022715513252,0.309415645420682,0.882195717234358,0.248170149359419,0.168141055006673,0.43576091770633
4.09850085742217,1.23505330366309,54.1436315678926,26.6791209775403,0.173243134185679,0.863247018190466,1,0.690139279121141,0.637003462629479,0.788550498744983,0.310268904561297,1.25722305004093,0.21981401758243,1.12647850760504,0.324453745374021,0.819986578478713,0.338214353875638,0.935884955282151,0.376196129822998
2.59478804330311,0.637194687471533,13.2063904594829,5.51717925647942,0.061004439266917,0.620580773233416,1,0.0553826105824963,0.567874357952437,0.65513730695691,0.259311317047994,1.04605725856477,0.199674002601134,0.352026095487856,0.222598710748042,0.508715289368501,0.316861558418411,0.791573005034396,0.278955068203416
3.64007950225858,0.626345932918139,10.5077064687405,3.40461662209736,-0.13893171122981,0.362398375264182,1,-0.448996401463502,0.67148970800128,0.792995829224698,0.286023432381589,0.816996928084538,0.228705886136243,0.968610189814449,0.157518441169278,0.873423015551108,0.209964594569599,0.699903477919607,0.226841692766341
2.84177874379654,0.67579318670055,15.7996254137435,5.99325620582553,0.172853728172078,0.54238851987203,1,-1.01744481548038,0.792179925750307,1.12657248413957,0.220760294186912,0.642985977504076,0.202249012695948,0.775310710328452,0.263728137164758,0.747395891271231,0.234580747131888,0.477762522107781,0.271029996610619
2.42860592896905,0.743416662922482,26.2119230635429,10.5163686674039,-0.0140166128873659,0.520439265253735,1,0.343339886777296,0.475515133503505,0.512484558444599,0.283654986935468,0.902353049400675,0.263907944918365,0.854876651589536,0.281950212167713,0.667638785934342,0.231493259986864,1.07023065902614,0.230307030845439
3.72003468460574,1.01869657336677,21.6917572359005,10.7295196899139,-0.237343812321572,0.377014832315654,1,0.306642779403515,0.762980896982397,0.541528012330685,0.277725511182192,0.678800538137142,0.307398958750631,0.527276730325369,0.333843152582707,0.626134713176328,0.366069046939923,-0.040337481643691,0.376737759066435
3.40456523711554,0.712175915226286,20.2389633035237,7.2263737626861,0.0397496698851788,0.610518793764729,1,0.588775252513726,0.561742419442852,0.767965176591089,0.242388647192368,0.745066486858179,0.213567802379969,1.0344930281967,0.205905247791195,0.937198366432315,0.249569120500732,0.835032286712336,0.285851498138799
2.5910995896515,0.702580250144166,18.1284169930093,7.65788326615804,-0.343943790723098,0.18292588238141,1,-0.157706712783515,0.584606755366845,0.524701964788831,0.229722539699686,0.928280577534017,0.231706152277715,0.62447978880364,0.201795715595223,0.121438362663252,0.403832146215048,0.559307041865317,0.341880689795084
3.96883891479282,1.29326721468678,39.7390472048268,21.6845405197865,-0.58042568713803,0.282912281846463,1,-0.111985336202035,0.898812649020225,0.562356542426955,0.338608300723241,1.25438187740503,0.260775513716788,1.08786243648897,0.326197410125806,0.697876522504201,0.407824193379512,0.904405050577171,0.363568069683206
2.06259680241042,0.565719705642757,11.5814113203329,5.07105917154491,-0.0807705683896065,0.534517851093449,1,-0.496676004431204,0.399232534091575,0.531716152814494,0.213612720361783,1.05720623422439,0.233276155817006,-0.133564801952145,0.431363177454105,0.849924377661053,0.258348924425403,0.810966038804916,0.325062667380269
2.79557913118904,0.614362328721006,12.4501909947097,5.21706121915028,-0.0293862879643146,0.468305705058236,1,0.118109788166866,0.383602660620182,0.860278136479619,0.194819115286631,0.433637250422236,0.248511526668584,0.750851534963862,0.245117527633444,1.19253898803174,0.250466866984479,0.279133027876328,0.445826246400232
2.51112412372218,0.788235374871522,22.3380564264378,11.0114440336114,-0.166829134633025,0.450982074145723,1,0.621186354104124,0.479790259562477,0.810180488367397,0.228421085619237,0.437440685013344,0.31112875732167,0.64160624634544,0.299349233540561,0.640485308444663,0.377523760716003,0.655308323940697,0.372127615028027
2.9032931797457,0.714249480919656,17.5344348581539,7.28594358313454,-0.212228427627654,0.350914905376621,1,0.468446650759925,0.505465817140024,0.65109600327151,0.240898711007795,1.00506835434811,0.166235408862673,0.60390785032853,0.250229634652287,0.990705549112688,0.293154376442404,0.915175396443987,0.377226478847029
2.12658023974661,0.562322600036528,16.0410963946553,6.17309974870865,0.0824481471307103,0.423314611671043,1,-0.415770375164764,0.467437113984807,0.791170557328049,0.239410021479367,0.618170838858242,0.258429187569055,0.675394377299786,0.222200817215608,1.03152223966869,0.270976014357599,0.773356478090389,0.218607832020004
4.29986543914679,1.44820256810078,40.7621075557433,25.0287631109712,-0.635315632448244,0.26280097819276,1,-0.260418608109454,0.852202530094189,1.23062566189967,0.337015631572056,1.41703626501101,0.404082856113137,1.18084383191641,0.272981058409641,0.565740558983321,0.41079809410588,1.04428866693871,0.301466751032001
3.87893177358913,0.730412390418574,18.4637199235226,6.49325170483466,0.212261649842533,0.711823559983019,1,-0.102189155907336,0.473002689148498,0.763553671779142,0.238160400932997,0.463968918503834,0.245541818947374,0.940616613000916,0.187660715609699,0.629009908686875,0.22731829192899,0.557539779205114,0.236412261712799
3.19603346407404,1.17221389933403,49.7711293508213,29.8835723766379,-0.374126241266032,0.380553917281761,1,-0.530762955275867,0.603690268280714,1.04808729244016,0.26143687397134,1.09574331759934,0.376849779408255,0.611059057671094,0.360051001903675,0.839752221029931,0.384383198034037,0.842864006139766,0.445939643580246
2.80427382163211,0.680468318654895,16.4440789066874,7.19668260075088,-0.0256082109960785,0.539339088257332,1,-0.364228130964397,0.664004108489157,0.658193783171586,0.255626054205369,0.536158063511656,0.302190730680985,0.686590882020049,0.21612988110901,0.31146116367117,0.303885272561828,0.781383877942318,0.330348320743434
2.85989782022336,0.605560414007933,11.6719736581024,4.82941370313709,0.137774898268143,0.510098408053601,1,0.368307286907799,0.530971140144107,0.443750446333329,0.28455858933969,0.448776159115162,0.326803987038647,0.773844191241558,0.289028818661451,0.556580680153177,0.222038213481941,0.653336505462589,0.216337143593688
2.88352159028763,0.617566455115984,15.0051103426003,5.66226899446958,0.406034076883915,1.10123178364679,1,-0.533372413904526,0.638957190008056,0.894562647195439,0.26591039248884,0.855151433778351,0.203045081988155,0.894735142441585,0.250589211513673,0.608946402208321,0.253775349923231,0.945978102153545,0.278470391260501
4.31087418945295,1.01226304962011,37.2996001502923,15.8401428676632,0.0317018938700893,0.465302709102282,1,1.13983124017018,0.659755205813545,0.46940902726026,0.354100524633192,0.721463258644972,0.223750885020069,0.684771035250189,0.321940889113467,0.794173038114869,0.278570548530294,0.998658454056937,0.270346134585965
3.24396690547525,0.86143278734362,19.1517827196497,9.6243954536314,0.0471090010017927,0.746739549873954,1,1.15149323761878,0.774027051835899,0.731538140847358,0.286036989835236,0.21223683267236,0.344790902083368,0.489395200067096,0.356000868038593,0.54293748435701,0.321073307007527,0.699437536403435,0.31077093637365
3.46517801206604,0.770223861194484,19.5248681962357,8.00780536853429,-0.222058921573087,0.252492558303472,1,-0.266447849072275,0.592228321860541,0.896690402273979,0.262606247134703,0.897993321506342,0.291510895116194,0.735980792276198,0.219397204489139,0.845486960361941,0.234356393431209,0.763936351732458,0.28671083563068
2.61968930392926,0.660103069679324,20.3236825030555,8.30670710461083,0.213120024181288,0.519689612252866,1,-0.264024322706753,0.560257053093792,0.926336252546394,0.18977586063391,0.604810978814745,0.253055384822452,0.597691004520832,0.250833448897978,0.587321647467653,0.311002620787121,0.3159121835907,0.311908147191523
2.37358931450686,0.554049606615174,14.958592393173,5.77916527683473,0.242892402511821,0.53502402673425,1,0.205604024387086,0.986461042443791,0.705904746356689,0.306900387304887,0.315379534631439,0.4195080927195,0.587899290489494,0.203321954608162,-0.00779192672669816,0.387798055887851,1.01868060010433,0.134687290832918
2.88707812275284,0.723208229154178,19.1194813868654,8.01479661689546,0.218434160664716,0.749485909969286,1,-0.289025975440805,0.848586498283058,0.99191575182541,0.305059682746254,0.499112116987622,0.311791914150307,0.815775157347427,0.247321501725027,0.599568043550424,0.289853139234958,1.14111147439831,0.238948643712085
2.67544718697746,0.644562607130099,17.4570372077264,6.6616623480404,0.26738809064985,0.608262893919453,1,-0.119955595413014,0.673348210138522,0.851734708655206,0.238482379868947,0.804261990874986,0.228579448714718,0.707638509261448,0.222803250073484,0.817578217520648,0.267342935275111,0.909673564180364,0.251642997668173
2.75288824263882,0.580170900300293,15.3910721440552,5.54129038685583,-0.392406323228224,0.198957043079147,1,-0.187812332070201,0.540646670566685,0.716679204082426,0.257554109477925,0.644776733879334,0.191619692402727,0.850084130978678,0.216158696572655,1.10672253884649,0.225385890094061,0.966525872537582,0.240559218575583
2.71170839828631,0.577717144514366,11.1084213925007,4.20159763755216,-0.266789383044958,0.274119466370945,1,-0.710848035771393,0.711017336509254,0.873160983335874,0.280440770863134,0.799961565124202,0.184133381919114,0.661843749250781,0.26950861030478,0.822850250778942,0.217580243996111,0.506028098690667,0.265407213083271
4.64961615864099,1.13618375606806,43.3967657004683,18.2865256392813,-0.447654555129502,0.209945882720464,1,0.391497444443048,0.751680782530636,0.628919555888583,0.242844950002371,1.11546832074445,0.229462456615448,0.936447292996963,0.295635605304969,0.930140372658723,0.275965678913561,1.09519437830542,0.358061553813054
3.60555090276378,0.877337072222151,16.7174293611602,7.56250493379895,0.279674386986782,0.746901379726771,1,0.130902694821039,0.58594721361933,0.721696851111402,0.259395996035661,0.614607647394207,0.235882773819414,0.821820536393296,0.241330032342147,1.0193620295807,0.299107048608854,0.114598621186218,0.514545529166354
2.51107735979566,0.598169655853929,14.9491449299656,5.706492231636,0.84138944188886,0.202029057219146,1,-0.407346643384435,0.60358872753153,0.884817723365582,0.283473689438506,0.655572725799217,0.203697380799952,0.646938606565013,0.234683683487759,0.879797558031054,0.217311948052358,-0.0236049210563319,0.332584494385733
1.37877774918597,0.494317971816264,12.9261589097309,5.44098132264561,0.385872169430582,0.465896400947081,1,0.150447298481316,0.452268751402832,0.744289989141675,0.246344767185497,-0.0598044843322189,0.427979835971622,0.172378782639737,0.322915434683606,0.69220635996536,0.209179265771573,0.737471931677875,0.247998554041148
2.4387281322879,0.623237596874767,13.1624542438835,5.95681991433885,0.522410830029623,0.545700526200809,1,0.0303763823577173,0.48112840143376,0.808378587857806,0.220408495538552,0.168011658130335,0.341423070993739,0.728287948732399,0.27406696825101,0.274341153578523,0.363019970236407,0.802663322327204,0.313508687263711
2.44550734881777,0.828395082587148,30.7311068579131,14.2953312192609,-0.0689773574234834,0.411563510006448,1,0.107084167578669,0.389954671218833,0.682461856710948,0.244126753899625,0.783903443778768,0.361507523018419,0.759429001026652,0.330777254140706,0.986859112561481,0.249430808973358,0.508951113728442,0.290089060209871
3.46049820110148,0.571951536292381,9.7050703081264,3.18635546012799,-0.278524754636577,0.320157974170497,1,0.308384969691747,0.417880046680248,0.434179231996372,0.241814069694221,0.723342750210463,0.267401791323241,0.795741241221395,0.246699637850712,0.786045387233243,0.206388800834305,0.610205974167747,0.211573239934192
2.29298884844452,0.665560058574688,16.7728469442441,7.15486875402528,-0.0223039853993199,0.365121090943058,1,0.0851942663554802,0.413011880440441,0.615309074437526,0.219648902957187,0.539767081000942,0.246997145343881,0.189730156661707,0.334964568975175,0.85442288063822,0.264557431412983,0.535654087003517,0.274478524890631
2.47940159613385,0.617559346660018,19.4959609474997,7.17476572396847,-0.148129487322325,0.360750774676971,1,0.0335892263533553,0.489334294427797,0.867418303689885,0.222517645279081,0.368178669498957,0.462958097950355,0.766702647671494,0.229233307695776,1.07609862294982,0.172950343792372,0.897363565144691,0.221194517827265
3.52628593798169,0.972709605805675,23.2945504321124,11.0553242380181,-0.364125407367857,0.365355528315788,1,0.151480779305012,0.706526549431848,0.691516955689823,0.320070986619818,0.957222009918914,0.200818183312616,0.611336410087932,0.339120617656894,0.46200736002446,0.354501569819595,1.03225204665013,0.273959788234888
3.0933040583065,0.53190483690693,7.60862006712525,2.67037998209863,0.864726107640212,0.0775657239025841,1,0.435561393821658,0.659849976498492,0.874863621345793,0.206726939049186,0.533216345532743,0.213580742379858,0.917277879075153,0.184281230649882,0.580163884414883,0.23108815311127,0.616694302634141,0.223352308709856
4.17384686895519,0.994535113208772,19.2075566307061,8.49647195803149,-0.509501109370622,0.215329273034245,1,1.04707504168258,0.703038188564459,0.698615339723208,0.300981574808972,0.503445803060777,0.271335684035623,0.716630121856025,0.242863661286353,0.665193819022315,0.331933977918818,1.06645443406843,0.263366924666045
3.23881179541295,0.727618203325973,16.949789176824,6.81823293581369,0.391520955753675,0.913663406655881,1,0.683716289591153,0.627347063001608,0.504251372006659,0.273238514490436,0.709874702992438,0.269942521448193,0.72048828898267,0.266377943769717,0.373252586593087,0.318950815083609,0.90161781739408,0.267999254260929
3.70633682167516,1.09153618211159,27.5578566609277,14.9282389161895,-0.289579517113261,0.528905659145652,1,1.51427699141417,0.681259930954188,0.676028315742369,0.414657101418563,0.267824554200089,0.47255342059727,1.1522050475594,0.308277044640229,0.4644622104562,0.374585097443874,1.37788732535304,0.282954962615668
2.6159129384824,0.607171399931055,16.4117894979749,5.87628892507361,0.141509686374856,0.416350764876679,1,-1.13049473652518,0.805552632996174,1.00993189299274,0.292697508891405,0.910916211723037,0.191394095447977,0.840998692124161,0.209333392675151,0.295267736895851,0.237597747052193,0.870198537167962,0.226462727950247
4.00111613698102,0.93143661797173,33.3829076730604,13.4009915905782,-0.378316761153654,0.330322949220735,1,0.75112285711756,0.701007947771963,0.761541403399505,0.281514593647085,1.16207339529258,0.183896169107796,0.997521962728423,0.228315363542682,0.472952998297974,0.370266570957417,1.13794208396891,0.271107109350487
3.78670143959645,0.792638624163564,20.9797570216511,8.28534317410062,-0.10521042082213,0.350022921947641,1,0.4018970214742,0.662711352423011,0.556921901727118,0.250790817785825,0.667802236659865,0.16439568510745,0.65209515367097,0.281397671554172,0.891590104467123,0.251753446499964,1.0011737780978,0.241257495851444
3.17952172753664,0.797546429539173,26.1060681772019,10.4270526277002,0.156834267154722,0.541586478296299,1,1.30672687994744,0.785293061317472,0.544069198342832,0.38175680981648,0.594645909193907,0.277144451696001,0.673707511834188,0.180268531906318,1.12799176624549,0.229126100440675,0.721976263350973,0.278199856847685
2.89175420252535,0.695238550541073,14.6885176649677,6.02149174569081,0.0253854088151758,0.599525070099895,1,-0.447220038129603,0.604023665141644,0.523957573132711,0.324099942223642,0.496293863498935,0.26004491692172,0.684474248010453,0.242337960787832,0.225436654332386,0.263504914681215,0.761485558034763,0.234807954904559
3.02330737002796,0.635727612094987,12.9384134036225,5.19771316551491,0.238335252623165,0.514727875843103,1,0.139761953897896,0.721569199619283,0.685727533250614,0.332205857499469,0.642955376183122,0.175770502468945,0.77528416587447,0.217156256876557,0.594889821390932,0.328452973403423,0.885194063634523,0.300172113040481
2.61613907386276,0.617921514386343,11.5781303710532,5.06145958240779,0.305652341183134,0.760117960037883,1,-0.347973850841172,0.566479682997182,0.609987889949311,0.324958075359695,0.599016251230557,0.243629566629894,0.719446670933501,0.254361526244006,0.508530815436913,0.299573055084141,0.670437815748125,0.290919533195359
3.21924885648572,0.727789402815226,19.6800658721274,8.16208688324976,0.0696655869107081,0.794685221821034,1,-1.03038224065744,0.805739325479268,0.994426372195996,0.292761701507935,0.988942796804821,0.224773606836362,0.629070116418311,0.29751041034182,0.832220241730003,0.260790718937752,0.820296653601432,0.243379589634632
2.83763579233276,0.666890448319648,15.0169410355563,6.4764237095666,-0.0794332873678043,0.449850585721177,1,0.706288811404104,0.546025274773473,0.880713253316611,0.211484108637106,0.793611018822604,0.272419329684229,0.795404445294126,0.270659547464904,0.659447123528958,0.306073008728114,0.151076325794658,0.358156968275547
5.33590374001635,1.46355643986969,45.5431982754157,22.811218916777,-0.285038121779371,0.536377802301893,1,0.67511322276493,0.549420218553754,1.330080745054,0.291374903957525,0.595037380379452,0.364365241117847,0.704232104039338,0.391227656662609,1.33925973003885,0.290183634747819,1.18705807357166,0.371513208234427
5.12435797630088,1.37772122045854,46.3145546300285,22.3909616989564,0.812060712771916,0.316536162236401,1,0.797690202489536,0.800052817012744,0.70685256075262,0.22914736133146,0.898094186334148,0.287642894452895,0.999938209162031,0.350364807719561,0.922424722855045,0.247943283671689,0.941784410267279,0.317034434236846
2.91626726317981,0.624414728431934,12.3959656125188,4.97654257356465,0.0878612873503967,0.471692753659416,1,0.603795427480519,0.501630534361247,0.753252507418357,0.220368470136675,0.86710656466697,0.231088574898156,0.62041712961827,0.290487169145378,0.589430979932472,0.237698963892982,0.932231879407531,0.27109240689657
4.34503236263064,0.991619192418257,27.4755254440634,11.7729451110778,0.193166040198505,0.891353951282856,1,0.962588192575758,0.545467263010009,1.25987498216423,0.279445532686257,0.882542940311084,0.242669353549202,0.783385578655554,0.313270509311884,1.32512271938971,0.253306699016071,0.930581418503787,0.229796953431458
2.53157803480029,0.591211031147848,15.8924342249095,5.43620713168777,0.790180176331497,0.144763314950729,1,0.0807747927319834,0.579281874349816,0.625867164391561,0.226240800242541,0.680308417567107,0.197070776091525,0.929825695916459,0.217762143096576,0.792584540492521,0.2565328525121,0.467148587236269,0.336904655380282
4.38770538206959,0.719433780435769,21.9035784232637,7.11433721757283,-0.239019167789393,0.296393647827185,1,0.528444136368013,0.503353545480128,0.837858986371396,0.172237188615277,0.779437870550962,0.22577633619288,0.587705582040117,0.273513477430157,0.791614319553716,0.252033857241058,0.754902131795216,0.259851077353994
3.14825312433084,0.798265757037033,18.6975995290032,8.89007582388002,-0.131202801907757,0.2835555654649,1,0.206033750095236,0.806911007595849,0.921376057971744,0.345660793411803,0.676856692153498,0.263363295283208,0.872483134429525,0.175146519579139,0.603543798539476,0.357685984458924,0.39964383889811,0.371364625340727
6.21833770175659,1.87244389840653,57.9235594623968,34.0203240638733,0.153035004013137,1.09791745630751,1,0.156493433787449,0.476279632980032,0.776001368587105,0.330155426326075,1.52554237378874,0.287042801071471,0.761182884131994,0.355936190735502,1.49175096993594,0.305761352687488,0.966557569129253,0.45021734964035
3.62579895240194,0.848931340995477,25.0357570872604,10.5247460420879,0.174284946542886,0.564189587378359,1,-0.0144369845502293,0.550208677632019,0.376084000152959,0.335315884255148,0.72539605732082,0.250021299141008,0.473008336308168,0.283271560313011,0.670084299050677,0.256925520040776,0.902715154977881,0.254946989698138
3.91474318871117,1.17449922779584,44.0667411144102,24.0775111161588,0.143009340048985,0.656991157501531,1,1.37791043875683,0.805664118447014,0.725279971917532,0.405794868589723,0.711280481609382,0.361073933734156,0.654056831704749,0.400944623370827,0.824882435925472,0.260030613550526,1.54004193133298,0.350756918627115
3.02720094362088,0.726874370502719,16.0992455182429,6.77775717420657,0.259428683719005,0.757009148321715,1,0.4358127191291,0.751304343487514,0.911904116090111,0.269079101198482,0.563282111637544,0.311477632684377,1.12862662687786,0.220866601280644,0.618945204634984,0.300434294188168,0.657015346655717,0.281779285315145
3.69844463102356,0.8215823012866,19.3834076581911,7.60087561057779,-0.376294278557567,0.310563220858489,1,-0.553809330291433,0.813014127757429,0.718919983497839,0.250960625588829,0.828100614325925,0.206684163166219,0.22154516211066,0.32581170673216,0.814280177952942,0.28998860117715,0.897921978394608,0.245194806090709
3.00203578337372,0.687089872453831,14.7730478669407,6.15437872611642,-0.325798301252754,0.212542841060699,1,-0.135583629682512,0.493730918478755,0.549657473926078,0.229139127161892,0.815751185952945,0.199629763871932,0.481046618505424,0.299422925299994,1.0828388262111,0.284365578014054,0.633413024002237,0.336447190329975
2.58753004448328,0.703898346199498,18.1887164400578,7.56980585500193,-0.186001689707421,0.307583647098958,1,0.336868922072125,0.436506341352148,0.544765669602161,0.385741065488968,0.117896524914322,0.37820853054823,0.817500879685775,0.264185850131735,0.458371030791274,0.287439617360973,0.761141022656973,0.212104720990107
2.32702652243846,0.679619348587494,16.9088999912382,8.30352422775574,0.260495508480124,0.738958961149405,1,-0.0531551486540404,0.672563560277625,0.490952437284154,0.322389390156939,0.275557514622752,0.335890613394447,0.541633370662667,0.262299291704959,0.571285010534599,0.31312512795762,0.752215107092592,0.318794827074586
2.02931910343508,0.528516059222124,12.1404016526059,4.4352388007475,-0.360369550789977,0.210577858141487,1,-0.314045429747961,0.689963115511662,0.5900314849772,0.325307651639454,0.372412995209946,0.317518154445486,0.802610905678442,0.190031465888181,0.766604629803157,0.189873622402566,0.935138603989459,0.201301426170436
3.77099147014765,0.970683662612828,24.1129792184744,11.182211354588,-0.0356999834745731,0.587009279443842,1,-0.966809515753282,0.627078149232607,1.04605081869892,0.231319151153057,0.591619412648089,0.331599698682015,0.847550515327886,0.296936262690283,0.569546601820204,0.346387414837899,0.453618293235061,0.341886505957449
3.98796049776567,0.865911221032609,17.1576444593208,6.85331516362163,-0.451500631513782,0.217737437535176,1,0.88254060937512,0.648702979405045,0.529582962534901,0.21266534841908,0.894852164012055,0.227175812206491,0.799138549479895,0.293487470022411,0.2796057661515,0.341642658826888,1.04476053764546,0.193736076348579
3.6481417109021,0.975848674435507,14.9898469875142,8.06090120002691,-0.17406993257964,0.574087477642731,1,0.408664042908086,0.644060114683831,0.779779065357324,0.304853829602728,0.490002536428743,0.366789681879605,0.64831052648778,0.362685810125807,0.840961605204658,0.249794929774381,0.400613158848914,0.362937101008886
3.72246417123596,0.960923959705931,15.426617229534,7.62428628562389,-0.131063622479992,0.447629925957447,1,-0.376087797355475,0.755372932076154,1.05739387712488,0.261343612934299,0.728248037625542,0.234590621198778,0.757363904787537,0.310797610417882,0.452450198882923,0.317872079845883,0.360045353490204,0.368169669258591
2.82164068121405,0.59198333913725,11.0659328693003,3.88706692106868,0.175913769754775,0.471046927256778,1,-0.398933605287338,0.585724722287677,0.432813505969054,0.241872502332881,0.998971404592501,0.190685887020103,0.728355125330621,0.244940945354169,0.908394385747891,0.212197976381708,0.747000421592536,0.26836672405393
3.4281978187,0.690918102587256,18.1317910709262,6.94491948757065,-0.421084612059237,0.261054714118143,1,0.7156755187452,0.561667141407409,0.810381421754604,0.254043505698665,0.967058226871178,0.180059226085146,0.914029161791784,0.150828944191631,1.11429888840403,0.263990041519325,0.605995676915015,0.311075241744495
4.60298564512648,0.933109138110237,21.2777682044162,8.36897139548453,0.473155731571329,0.650410239614479,1,0.981942807137905,0.532016547230268,1.0283078207491,0.226787871600678,0.700567574166952,0.231894219732294,1.0656802781657,0.214075422267567,0.399205376639399,0.3157979237545,1.00279972951132,0.266750329313015
2.71846372505288,0.623358070400169,11.2017344403975,4.23769951088536,-0.0315964300160718,0.437406124448142,1,-0.356617975779069,0.606757646664213,0.560225128019227,0.268589812069967,0.886153533713692,0.189863204907472,0.650487620164524,0.273108257802066,0.631116725994089,0.251137421886874,0.632180149289377,0.190514522556916
2.84401461146301,0.666842390325182,14.2590825998782,5.95872930253789,0.0642158044793664,0.615265623613215,1,0.0513037970657438,0.492824178338553,0.468843858734893,0.195730487519005,0.66188164158914,0.237551711914772,0.692714665497729,0.292453847130636,0.757809198881302,0.286177043193942,0.222845089977399,0.341507253519125
2.88393753569948,0.667649276412425,11.9448504542521,4.87507797548871,-0.152654875430413,0.553529937204322,1,0.366671035550487,0.63394386294551,0.394614248737429,0.241180183526213,0.644344062535309,0.20476138331783,0.591189260940372,0.300153613237051,0.772641318061897,0.245725988100133,0.700291723483698,0.25604286507031
4.86788617121828,1.20382294249691,32.1513848516896,15.0957887491283,-0.511623104235574,0.272427877722572,1,0.526418731673434,0.523437916006994,1.12790582091619,0.299863628827711,0.912668309224963,0.321384152779296,1.01252267643212,0.363169032203748,0.941645084571415,0.231630623437185,-0.00884274210834617,0.419132064481252
2.10706436951147,0.501432807687888,11.4135242337836,4.20230083458317,0.0992843807914116,0.453817082353114,1,0.407347662538815,0.659709185468158,0.443375476389046,0.34404089230758,0.410282509021817,0.253525569680142,0.738470151983582,0.190949834794575,0.486129473816545,0.214801038857184,0.550548185350481,0.258849603673021
3.10762100843255,0.549554599796306,12.3952339728357,4.00175324108055,0.0476558594018106,0.367379460162132,1,0.579616929277399,0.437479801436274,0.546795727708535,0.240474210896809,0.532273321261135,0.198017139501849,0.923584061440986,0.181495266832572,0.813784741352369,0.196879397633198,0.883063836772687,0.207065680469419
4.25680187178522,1.13999980954039,36.4177000054878,17.7869821703884,-0.171366867021618,0.488473554153187,1,0.207920326250982,0.903722044232339,0.792530415006283,0.286853087211756,1.15164694678514,0.238303262599906,1.02395650511076,0.241819127622487,0.744864615031168,0.308836553073964,1.26177787696222,0.304934698489871
1.99188537407122,0.453937211145443,9.77650529802883,3.4538256263582,0.432601539246533,0.633741574378628,1,-0.180519666710854,0.362010354510914,0.560354084798453,0.236401698031846,0.743772699723519,0.236385125103128,0.806019124292672,0.165348554097591,0.510381239526857,0.237540134476798,0.722234994470914,0.269131532897942
3.20500441085028,0.785768195077925,16.6534327175877,6.85417397252783,-0.00525639431002895,0.394381978570248,1,0.297775458659225,0.88609837096228,0.74428101200739,0.321228349934824,0.900566958966713,0.207939854806585,0.694768895620112,0.28570546888376,1.02404088282445,0.278405992040519,0.651427137711962,0.25229984111436
2.70331835952246,0.528422925284293,12.0474459019875,4.15160295915289,0.332168631414779,0.362607736217027,1,0.667062174141704,0.459295281338665,0.402807346012092,0.213864871211201,0.701706916259388,0.179068512673989,0.836844922176375,0.187074307902139,0.855577968038946,0.240075783129739,1.0131062801139,0.255224646378269
3.33957523587461,0.765461842926956,20.2218034994507,8.58073640772614,0.402595256399153,0.856549795194539,1,-0.300371238391729,0.584938712285731,1.06273073753143,0.299635236552465,0.567295776404348,0.256156506177507,0.85145676131102,0.255564850309149,0.902575262558422,0.186784191424813,1.18022407464091,0.275240224316014
3.13466435711381,0.678468286332018,17.5013391634945,6.20697353547246,-0.245314093586451,0.219576239448287,1,-0.155700760948779,0.384545639283444,0.708756761261553,0.228588274221217,0.604618794896295,0.216643351079583,0.431593240907322,0.220074297054455,0.860521686247865,0.205258347656842,0.0290193296834082,0.411714246159486
4.47098641469395,1.28726851297914,38.4584474432538,20.1845745308618,-0.60326656926885,0.263838458248756,1,0.0633088207577513,0.601837554204855,1.29271712885259,0.30927051699568,0.917290007160062,0.333727291531302,1.05657084274899,0.286482331342015,1.23705949988658,0.285310779721021,0.830317310686476,0.338438426288035
2.65663009005824,0.553149612031991,10.5434473159008,3.79328430836856,0.437959334334575,0.936938586589255,1,0.237858193714958,0.545030520157003,0.650372848946528,0.197587212745027,0.420912752940892,0.257175159964868,0.509460067496969,0.263725274170749,0.433546720470678,0.276677712382676,0.380295060672373,0.25009498948254
1.45254090100972,0.429124294535194,9.29449277093677,3.42148378035673,0.614217914118059,0.548315017882143,1,0.469242608340112,0.420992252784712,0.561950867145437,0.219394463929999,0.115960396649291,0.266488733894301,0.765812376331539,0.201634821628455,0.79147096194243,0.191321285095984,0.19500665449255,0.304665281948365
2.69892718659412,0.585567530745088,10.671202178282,4.29912545385364,0.589136390593315,0.46752920689332,1,0.0658539058657005,0.684683427116157,0.699990344513937,0.260994266493903,0.502217982825201,0.26835062681992,0.715486061549665,0.197148856342513,0.639169449439287,0.228292360441365,0.137593681999923,0.261932791640463
3.34025486183094,0.662445087575739,14.8218673119423,5.73275785715315,-0.0239685947490444,0.329992604586839,1,0.889834508505888,0.643457573530124,0.737425971945545,0.24727885983357,0.53267575178647,0.309251774274442,0.892990248254873,0.282559005202391,0.591548647887755,0.250820133676064,0.840285436598358,0.207003679589235
3.37079602588204,0.806098523265454,19.7186960306876,8.29894171298268,-0.45232398585331,0.239887640957635,1,-0.0751080535998826,0.705612430795933,1.00281288235901,0.215946932848384,0.924299169991338,0.281829178205903,0.728117388095909,0.261829392388402,0.971673947976253,0.192609129115385,0.76628419644404,0.27423341244636
2.94387991008405,0.812073131808128,32.130288495474,12.223916728599,0.689644185525603,0.443725427511802,1,0.967027679199612,0.521339133325736,0.349725746699284,0.308666520596446,0.792952489351377,0.200074069849242,1.18733868768868,0.175893292501328,0.302214604919534,0.334728836059688,0.719439959798101,0.325089790243021
3.69327113188625,0.966032787097229,21.4410975668743,10.8166012279142,-0.00977776426723962,0.658980239857825,1,-0.744837116156775,1.06898253560963,0.961913213103772,0.41372147037208,0.600431521517484,0.318396645039393,0.921037617534,0.231143398688391,0.658558650493919,0.311674073119116,0.964722527157021,0.322079321917601
4.23471476403596,1.04250646097803,27.6788875798984,12.3014120970257,0.0928229782396054,0.62673331076323,1,-0.40458272751252,0.823924045198079,1.05279337249365,0.326407658013018,0.547500306847397,0.314113659522586,1.0195730330493,0.234985328234424,0.721077841749555,0.29870598207509,0.954525426188385,0.257931235218579
3.27687156821829,0.484382017666511,9.02347924528317,3.13581744854008,0.375307595735666,0.579327530493767,1,0.677191729993758,0.484777432028166,0.421196477356158,0.238091849694123,0.584576493161852,0.195253265258301,0.468111588384339,0.270683383139319,0.226478701715637,0.354584789154769,0.926995089063056,0.221357424609041
3.27518169859279,0.848838289889967,22.4377519335026,10.139808118265,-0.0403557265363175,0.473073215775534,1,-0.40141816209885,0.584806397410292,0.710332911454637,0.217423796192434,1.02741887845105,0.272894972672238,0.498322379251429,0.262061585580957,1.02336229563126,0.290396064084773,0.596671071169116,0.306359385167587
2.73556621474131,0.540179329216083,12.090670892983,4.42246767921626,0.76970033969042,0.218187581203701,1,-0.165311353212454,0.541656519724138,0.720973201101823,0.1907808495245,0.468546042189007,0.199534681664685,0.713310137142233,0.19299467103732,0.386720432829256,0.26831590881753,0.712273151153815,0.248422869778288
2.42514552669189,0.518872708196209,8.90728211130554,3.55496269712191,0.120333203121229,0.381142399158458,1,-0.36104350960469,0.350233904121264,0.277373117827666,0.261848466315492,0.627486999187732,0.179735268215108,0.683037211753501,0.24190607121381,0.365587278850852,0.309133202063233,0.694011931534279,0.284520693851687
3.56931433443141,0.599933504336656,15.2059742070771,4.67069535663598,-0.0327352958478168,0.314529516097417,1,-0.182119755939589,0.67833064032041,0.726596889391151,0.256507407464047,1.13806735917102,0.17885577944282,1.11372129013411,0.176074745619683,0.916336923630457,0.194143219200455,0.362337768920822,0.257750917356236
3.33926540348499,0.805748966592388,18.7404150120293,7.90196503768148,0.439964857125522,0.975682080083862,1,0.570185948687752,0.594130823503575,0.568598916205902,0.246638641326298,0.930718140500425,0.186131405121002,0.30500200994925,0.346513533903106,1.1091636778812,0.303365202864495,0.524436735185644,0.378274096840941
2.66477410471948,0.660551147916911,14.8463938661572,5.86292091776417,-0.371350394384334,0.218239874374721,1,0.261449061946945,0.533115996451988,0.547396814481617,0.249133890729741,0.685948438471328,0.200594705172648,0.792841991282494,0.246744538659273,0.397037808923736,0.337918115697534,1.1230289007593,0.237288270650488
2.71949107371167,0.513933367231104,11.0423332653889,3.71710366455586,0.599976971319907,0.490539520114261,1,0.483226223647658,0.572299873061198,0.648228560397518,0.24354916837568,0.677809018751592,0.16829563331983,0.277423175143518,0.229045735925619,0.617171480646739,0.238201449752453,0.749836449941757,0.217431556490523
2.76000302400349,0.830071584416131,27.593382284822,11.9871118122117,0.344092246956628,1.02621936494473,1,-0.033177037808629,0.593613061434418,0.341771129270112,0.307966275586549,1.13013724123814,0.195396516747846,0.91865208657346,0.231256178770788,0.894402629812879,0.278479020432418,0.66899143022798,0.362484930458545
2.89321988779235,0.70739476657404,16.4529109228474,6.32515367973195,0.586212072522414,0.538123305723415,1,-0.474691027797294,0.421018240067077,1.02869821094982,0.198737739759824,0.550455149094164,0.231224882582365,1.02823061764245,0.251535998342653,0.689925289576037,0.244712682073112,0.431812744617285,0.259353233080343
3.07607636638194,0.675888172459389,9.6217705687355,3.84755865374599,0.201254426132642,0.644530097716122,1,-0.351764992277088,0.572014426750286,0.786144253268143,0.264256597047167,0.437354831152205,0.251993501806529,0.260268982988881,0.264064172323727,0.751650857680247,0.231394097907445,0.600674452875981,0.268518205012161
2.73330612242457,0.626061324706574,13.139163305289,4.82439057407051,-0.163618802143052,0.452937037191356,1,-0.365098496222799,0.497000447196936,0.852334534971268,0.211908085150864,0.364963445376013,0.233191221661275,0.86988210162,0.228204791359675,0.516778921847988,0.287448342195696,0.714900576898504,0.255784351942924
4.88304551294904,1.13268738918831,42.2844041183912,18.0496159826988,0.855221528814272,0.153339784222217,1,-0.0522075564357418,0.780599182364377,1.03181085574411,0.274662051325643,1.0094410904047,0.305325344189457,0.906013870100146,0.300610797649756,1.08852800252556,0.296868083614951,0.664680339402983,0.308589360695578
3.11003799583991,0.666498573231843,17.7635115570351,6.97475856149274,0.399898745065143,0.916098594137498,1,1.04450344654387,0.680837106028438,0.289401822735335,0.328171289657065,0.561338390445511,0.327944185930896,0.724578543627444,0.257278423819085,0.682696728717737,0.286529021659787,1.01706393056369,0.224356776488241
3.70165885158815,0.802803202635452,14.5107192044703,5.98674001367922,-0.27699912730568,0.262990089776289,1,0.895876324835536,0.51443392675428,0.459862253509105,0.255308367447738,0.580854317886728,0.275379932132039,0.790238842190591,0.289526851454525,0.53823315383168,0.280781223879008,0.60296567089028,0.246470841154094
3.7361704257903,0.794956672589423,13.2978632842191,5.81542952365517,0.225580809063171,0.64369429584022,1,0.209356925770386,0.610860381920306,0.976993332134295,0.188507616331107,0.421915149188309,0.326825708598261,0.500235311338352,0.314963877228178,0.62219990609744,0.289521985712591,0.642514024475421,0.370281166234795
2.99233220913158,0.732073843072928,17.265762458967,6.77502351303472,0.0806417789256414,0.483442934314975,1,-0.771039716924505,0.423247610364971,0.921202096304329,0.259609065370106,0.262108559988712,0.245215823116085,0.809861517351439,0.256112291083963,0.594760113561374,0.304259607586598,0.696125993964903,0.259455134399011
2.33424670398027,0.6168327534488,12.6935346132593,5.45214743220032,0.0234836539147601,0.539567547956994,1,-0.794439087893322,0.453611066125792,0.84292071494701,0.203817071678124,0.606047636604272,0.220785004336045,1.03192746863121,0.234863522410905,0.694818569982581,0.366841816138597,-0.194419741040735,0.515681977856551
4.92216545404541,1.00709671343807,28.2205896574859,11.9633929014779,-0.396287263699495,0.260653047505987,1,0.582637684797004,0.886411452080813,0.892403559735283,0.295286763073883,0.896709931938435,0.274067996830603,0.948744574327321,0.239512765425967,0.795450002542759,0.225188581715487,0.371930569363148,0.40565508756674
3.99425052115922,0.855126435538891,17.1094383234955,6.9976013581811,0.223939637137722,0.328607402751836,1,0.193267657506505,0.677406701785392,0.72521419659418,0.234386463792617,0.581311742869224,0.232046735898974,0.261978736599219,0.364807173570833,0.776003306919436,0.254654396788387,0.736837559361271,0.291738222807972
3.66038307263701,0.74535044431105,17.228603482322,6.41163064802497,0.034709776533861,0.352142495213461,1,-0.0690286857164174,0.390397204351371,0.621935715801325,0.250418932200295,1.10938145463036,0.171573771762901,0.683915917317649,0.31001232534572,0.75079105487469,0.266288918718159,0.626340290873045,0.28354463557
2.20605271599764,0.4564893181315,8.74062704780003,3.18660719229293,-0.218276894584295,0.329908765241936,1,-0.795242608839821,0.506572757996847,0.549585831676998,0.29041199683472,0.606175313068532,0.238667768380533,0.668685355519018,0.175286190432785,0.371603623376357,0.239529749363142,0.66845538690558,0.202436136021681
2.52243214683702,0.723082170049471,20.9164930850707,9.21393738162194,-0.315424688296111,0.378363917767498,1,0.343950526061495,0.613928352477316,0.780955024021622,0.310916688025702,0.977441125991181,0.239918793988524,0.835631290213635,0.32193539698756,0.932517361885833,0.253150612964737,0.951295704361641,0.270796853446856
2.72423550105586,0.61201510439181,14.8183170168091,5.95198868534449,0.256310754007355,0.580510870414553,1,0.115112564040733,0.415148136346053,0.76144998664297,0.190590000427781,0.55455512333155,0.21493585071409,0.575856181627151,0.27854805871641,0.354969658825774,0.340163307314916,0.329858802940492,0.307718099117897
2.26621692679451,0.519135363179371,13.5979943957951,4.54495170731885,0.512747803338235,0.647571544672677,1,0.32509510904806,0.487111190495989,0.502035879876821,0.236270675860424,0.0235643677308312,0.298718614657241,0.711879094742196,0.200791631018858,0.429069025204891,0.225883007726771,0.867372952126146,0.18148203189578
3.31180158315567,0.666787947317859,11.4033956310671,4.67215133253017,0.20641738987686,0.601430659348875,1,-0.0887350112973879,0.48298208891738,0.704019239824874,0.205240527338625,0.520090663745991,0.252649549965283,0.571800097235538,0.268709356944849,0.561793556256996,0.193515546595898,0.574151425783685,0.321853178225753
4.06461217248073,1.01308263472274,28.8053075900736,13.1084741395069,-0.5568876994123,0.190698766030526,1,0.524349350364619,0.754897842575126,0.777781216225697,0.26089447392109,0.921680434061803,0.250621583841743,1.01734874338945,0.277647419739869,1.27353761283674,0.248215987560685,0.657438528384169,0.386544935266738
2.49709347704495,0.562546278526921,13.9105232140148,5.41282649735018,0.338853662670605,0.635191233383802,1,-0.123956043942844,0.608387257197616,0.54723680558197,0.289244711182952,0.625984026617061,0.190350354375943,0.49157229252939,0.227289583519294,0.707093672408805,0.224929530743218,0.351289069213414,0.280030844056143
2.7392283889278,0.489747876798787,9.04460593303259,3.18967728504196,-0.346845959686005,0.267863412813301,1,0.450120538420014,0.333169632580222,0.634492257562891,0.188439586659748,0.39415217646583,0.233888950507185,1.02127904144893,0.18679775837449,0.822123166195179,0.271037027349556,0.0735737072652569,0.377042910652229
3.1468093612597,0.692979566755848,21.5217201719963,7.81990496677356,-0.171851870333168,0.367731656274971,1,0.239302322745887,0.443078335064293,1.03637756082492,0.221595555030929,0.642769273793053,0.236794738616935,0.591084382949056,0.253355191667405,0.874982352190505,0.18050332979561,0.684595531948953,0.270318716264889
2.36626267024515,0.621423506323574,15.6768333117419,6.77564014402827,0.840577402959085,0.157299096179716,1,0.0496134582942188,0.642589654144228,0.896418773283521,0.198850063163013,0.950767012700218,0.261945335879034,0.237076693511523,0.473014399229264,0.72540095160822,0.405502067234466,0.891474464778002,0.271176623291612
2.74146099356617,0.573557507300439,11.890398413433,4.35744748696682,0.0920114561459046,0.387790408712236,1,0.547557066620259,0.8065534042678,0.662075192241845,0.283505930111759,0.489443969806176,0.308560038890229,1.03695328589924,0.161779230944143,0.775319817439435,0.173370113853073,0.561990658177519,0.293349219090441
2.83709654690836,0.612800348712009,11.5749073066838,4.15264369931976,0.105535499819309,0.427090628845314,1,-0.313613817816528,0.476070924829115,0.687566924814539,0.256920209876153,0.645768604682762,0.190817973233613,0.453908038089116,0.248592299547885,0.993671574330898,0.184844119279083,0.428112890424648,0.270455294068284
2.5288807499439,0.664598981628446,19.1214423036122,7.44816611793255,0.31460001272399,0.520094046630531,1,-0.0850339471683867,0.516001676642817,0.507228190948293,0.250209050736784,0.85243303401518,0.293197443601043,0.882757663325388,0.256409273041868,0.751079123830552,0.204160173402152,0.0814541043677878,0.366238284853744
2.08094262106653,0.489755391524892,9.43766975623314,3.56672296677132,0.724127750197076,0.319709913461707,1,-0.61447679676882,0.537453992569997,0.386198970434377,0.250018095087711,0.832838255943059,0.252771744652991,0.80595631480688,0.168224505085747,0.129397966184243,0.259712507208554,0.0598059264060968,0.332473549903657
2.37020064012401,0.753116939699881,25.13445282976,10.6053981678373,-0.119630314694444,0.45741979152074,1,-0.230142955122186,0.550794762212416,0.984515045334966,0.145355145619002,0.927798902861599,0.302300059836651,1.05600125334432,0.327239165916839,-0.149475596430593,0.503817108118041,1.07537543140782,0.281697534940975
2.15584126061962,0.557682217452342,13.4052311522029,5.45235861417765,0.162640361886788,0.465770129391007,1,-0.182493317532975,0.447408024250587,0.702882964614014,0.165692531768482,0.659532893010686,0.194190136921087,0.791512269828795,0.306854631303277,0.894721696055689,0.323859983814878,0.596675364285642,0.36078774815257
3.17787554044337,0.772345811736534,16.8570458363842,7.26875814505416,-0.129926236954561,0.419088951057018,1,-0.0622827622264396,0.498616862342669,0.613856550017337,0.262237707404414,1.01993063598662,0.224476417228683,0.520587801514284,0.291874672389637,0.682466697266004,0.345520626077388,0.809555216481724,0.274823199367145
3.40974999670661,0.655692296897238,16.7611766310502,5.66972477897582,-0.25198563060268,0.196304645913306,1,-0.158569290898357,0.565053228828637,0.635758362375676,0.309955704212505,1.0080061641327,0.181209468788146,0.973663386024489,0.195715773956418,0.691162837876301,0.266813709463443,0.546554472792146,0.180304741844656
2.41302739245854,0.536556348029663,9.28065214349352,3.63977296472557,-0.211750249773959,0.304669430772184,1,-0.363421776019489,0.42713386171167,0.369240458863414,0.232782099466447,0.655645891992164,0.212794339035213,0.576776169632557,0.253339476329764,0.653368243606137,0.208717610481441,0.5721880788916,0.256869399623266
2.27817795408945,0.511626323967977,10.985841793519,3.97348918997384,0.351267329519495,0.468888405575201,1,-0.0297898558782098,0.652253519999011,0.654369374602993,0.257026793969156,0.785821730639764,0.163646127349455,0.541698823878655,0.253312023016453,0.536275909156032,0.291994210738176,0.175539301817635,0.349949153421862
2.51254468350033,0.553767277886804,15.6730173585398,5.07797323621707,0.108164002852001,0.449735394668457,1,-0.516866510956417,0.409705997686184,0.777911591827499,0.157428796810754,0.835669126225302,0.200122634349883,0.73157029809022,0.228849386828241,0.662110302459318,0.261560907384864,0.877786093906401,0.224403702028988
3.117118773003,0.770269451472242,19.9235914132385,9.18830699265367,-0.0803795482965331,0.534670521758176,1,0.6098256594522,0.377086030968552,0.445368493936116,0.376817324133192,0.789067698265395,0.261601695921545,1.02379796750862,0.244266156197711,0.409373443569651,0.362090098220027,0.758646766559951,0.298589835562003
3.58353433953502,0.678915692334145,10.4517542708576,3.98092481027338,0.0669508773151144,0.450212116181324,1,-0.476214779159557,0.659023973340343,0.59727418852278,0.247634522670424,0.590440391259959,0.299478048810217,0.6276352951956,0.263258384347846,0.231120491596271,0.282196345112317,0.682136911492911,0.199084606234969
3.29667751796768,0.693032988405267,14.8887529086678,6.0375346129394,-0.0530174691599638,0.427846819795635,1,-0.0770670262308354,0.585389997114681,0.758259733497178,0.223954435369306,0.595394163182173,0.240701396997502,0.824720587315045,0.271002912486498,0.764791839769505,0.258526786000418,0.850117491840339,0.282231820414343
4.09125740414747,0.781649829112961,14.3710045328361,5.6875769103583,0.810246300939151,0.119448379424689,1,0.0809225730710818,0.721908505638115,0.685996002926562,0.259440327477281,1.00393493003777,0.196430359185785,0.327333446751472,0.263179511122064,1.0187006457972,0.234291716419573,0.964369117150259,0.229737514151552
3.18100536997283,0.662664305169286,12.7405904705701,4.69719704567688,0.138528136760618,0.473005277433773,1,0.0308075011311822,0.816929522020504,0.148778850216137,0.370315659583356,0.714432435110374,0.200410705698056,0.326878160478581,0.33730404531226,0.806563974882127,0.216512486836756,0.303529318033874,0.263178624764636
3.23852131132062,0.691807061673373,16.890846757183,6.15214245102891,-0.20717227055482,0.342535027875003,1,-0.580033615981614,0.437934774258833,0.928173371194973,0.163793829321033,0.965347594726864,0.197011810020035,0.786675362912012,0.280664710373097,0.934019148737594,0.315218989428282,0.771759765983436,0.232415546439821
2.91172953212514,0.975362344830707,31.0483935892005,17.3008214292829,0.24298700936779,0.94729881170642,1,0.701223515091139,1.12786667343746,0.975331710409468,0.355956169359416,0.507686472190501,0.356438566408114,0.436795282516435,0.421084210449755,1.17648377871507,0.285930169037551,0.691467836985022,0.349156458270496
2.5840318732542,0.588240724077473,13.4132429273882,4.59159935135287,0.777254857893243,0.332429832796664,1,0.892432373206413,0.631690704945461,0.691701435706475,0.219851172061764,0.669999914085625,0.266424286205138,0.707438224785046,0.258028925870171,0.8439801593927,0.196696770550572,1.06387817992855,0.174097542809805
2.69002972803819,0.772785240619238,15.3513380334392,7.8439892542108,-0.233964556675895,0.536015142619986,1,-0.0211729118996275,0.580047249973034,0.619762947758805,0.336898030784952,0.763063701198964,0.261594406917627,0.34225835488783,0.31114787073753,0.624444536537656,0.335974435945883,0.614534361979278,0.316121221602027
2.65223505985632,0.798313789558451,25.644880376051,9.93765294552984,-0.107354996130125,0.314421998907847,1,0.0332327150138186,0.870908840988852,0.902719644760394,0.251803778953639,0.471637531295119,0.288655181631558,0.593536994666734,0.288189538557196,0.3415219477115,0.276228902637636,0.997409165460226,0.229249525942904
3.51274924662895,0.695648912900849,20.1819426406121,7.07718130839564,-0.428255006806815,0.224858588775983,1,-0.179157138421156,0.553210162366299,0.830289253758022,0.241905154642089,1.00171914503437,0.195358008510865,1.22906373005668,0.198977542321705,0.935842282006165,0.22956300086174,1.06804992385074,0.249513226736196
3.15634480612398,0.908810532901427,34.8098779863879,15.5908962884174,0.741923758190382,0.458070298067035,1,-0.578825545444162,0.70221622299895,1.08301483623826,0.260866533812416,0.459709934343055,0.289885010070059,0.960263389851031,0.264150388619551,0.483865161620102,0.350503710375458,-0.00124335960815977,0.430057269493808
2.63008696543363,0.599052480843537,13.4148198428575,5.59246141025594,0.269098450150569,0.617874393158882,1,0.706112506978774,0.656565007838177,-0.0832792800453577,0.402943138317368,0.283818675508547,0.395537213953129,0.744403391774104,0.213510521974366,0.374802939662418,0.29726880642481,0.552966713939843,0.268940252695628
3.84620233080253,0.665428250690247,15.775827942644,5.36374256684803,0.512698735791538,0.624456896436953,1,0.704703083028104,0.422871242760345,0.516606627070217,0.219791414958317,0.35586630433051,0.225820681347361,1.01414987446607,0.187909158249697,0.790453913880468,0.24684235238507,1.16066549771368,0.193178077033054
3.85668177871258,0.885204145816562,18.1748331328372,7.96254044923574,-0.108977003624084,0.57234054912952,1,0.576057028413239,0.504050977295511,0.811453844147372,0.265356013635322,0.723839140411201,0.288604463009178,0.697733902115779,0.306182547361553,0.855162971933038,0.30247412603496,0.792763127844168,0.2616301685797
3.32674135250013,0.974057563166703,34.867435509488,17.4006762244873,-0.528449972073076,0.255464332977498,1,-0.499106173763304,0.57629670964306,1.05285247757949,0.216976073147507,1.36036902005303,0.288205301620758,1.07658143087527,0.303637811569175,0.672435861177244,0.428548796908476,0.924256924197678,0.375479168931351
1.88040569871711,0.550533022912254,14.0437612470564,5.51895780368464,0.0843399796916626,0.435550161023436,1,0.185950646487443,0.602208983963731,0.5792336480703,0.200299013681354,0.889826944108488,0.240727522024203,0.0140010018533126,0.320267257305436,0.558807025421204,0.285206300043094,0.948639922191285,0.225311512515103
1.97218464276591,0.588458683606195,13.6489735171776,6.01401155020178,0.0374127397430281,0.649857574120723,1,-0.394089549631518,0.47389952306441,0.815416863554062,0.271347368389451,0.613934529965957,0.27262094718348,0.347748724998628,0.302979675259549,0.245863198314429,0.285851407099724,0.549186151052427,0.285805925784774
3.67358961484703,0.700158427713635,15.7501685420723,5.99263476128357,0.651293714122657,0.609896585505729,1,0.357948352097678,0.555689478818734,0.21169407321498,0.363492958534942,0.867614376815289,0.260827471201776,0.641471485553836,0.244544790911173,0.480357006925005,0.271671384320903,0.59461515606567,0.227298601689167
2.66869287248637,0.604042496202037,13.9815005192821,4.82907520912921,0.0249928887297639,0.40252369517403,1,-0.451166793651338,0.50195506065742,0.84450957560215,0.193228813280279,0.488848049984019,0.241436780342224,0.736486273987616,0.24657890221743,0.330826660703811,0.310924091595353,0.616099494624772,0.23870483934967
3.1048272650856,0.722250340835655,13.9991984458167,5.89897055529154,-0.449328454854137,0.239070533076147,1,-0.188492177500301,0.445053985174827,0.807414873752534,0.210596809358627,0.892255471623702,0.252438884731853,0.482721202978156,0.236390704953376,0.955835085843606,0.27517039914786,0.156101239271148,0.366612501331096
2.3374465213807,0.475837289136916,9.8770349966357,3.25685694414921,0.274190370519847,0.510922605718426,1,-0.259773828939978,0.430635527955842,0.528163732927838,0.205126315569707,0.333187899069726,0.284189967600284,0.439290241743065,0.256278774823905,0.792693608140504,0.177788827093497,0.424249476739852,0.234433818172568
5.50329500671269,1.28308572347551,17.5386411503419,8.57141856652024,-0.209711594597212,0.53921095732729,1,-0.170236820081791,0.773977095013709,0.948866775193282,0.300752512679736,1.13541218579703,0.255665994215305,0.713689773677137,0.256911479990703,1.13459879126679,0.270767444219297,1.00392030236101,0.294733099556831
2.92302527669473,0.553216639425167,11.9904838120626,4.26768706148377,-0.178791598797439,0.334162357923063,1,-0.246889316762997,0.51218710650124,0.284898194829178,0.316373939623255,0.799672972697426,0.214198393780332,0.91435917523661,0.184597795865147,-0.043200846167054,0.344032975448235,1.05023440845122,0.1849545317797
5.02193971319662,1.33825032709083,35.3618317622819,17.8454648475133,-0.554410305282151,0.242355047344586,1,-0.965483021580899,0.603365707914889,1.12626021933829,0.276060830609219,0.937279974806003,0.34241858564426,0.720029678430169,0.364448104183727,1.19165899452752,0.261774251762693,1.15506599838743,0.33707641532993
2.68161630318257,0.696119716598678,20.9801616250702,8.25445684365517,0.306094069379983,0.690093282655021,1,-0.603100727041293,0.768640479561986,0.948815902426968,0.297772319041227,0.500385021561952,0.273977604851098,0.737815489368262,0.242826940858556,0.845988544587953,0.246204849587484,0.714395961652744,0.305120239151238
3.7952614866849,0.71346364543448,11.4295573104639,4.3720192999343,-0.226461494547839,0.282548142490861,1,0.832404954275989,0.585681870685584,0.450499404536505,0.268080822361341,0.394645552350244,0.314292116890488,0.914177573910968,0.212230465748972,0.872185767629313,0.211669624582588,0.669963112048073,0.294270707428034
3.58965025416075,0.776446908946775,16.4983243896755,6.96631431345294,0.938465696148679,0.0482381547740088,1,-0.564792758911665,0.978747654199844,0.546102967930241,0.260750412728084,0.888237748402319,0.291671821586341,0.92057370435775,0.204666198659418,0.814798499956397,0.247598093921887,0.457354224775882,0.28174710980353
2.13671489763523,0.554192455424628,18.8143699405454,6.56050476279346,0.273194649198426,0.601271628694741,1,-0.213905384366004,0.643352461825898,0.932712660373246,0.280161475355008,0.650338780371234,0.215914605449464,0.669303212114176,0.239233551999448,0.914424837831694,0.214180750824346,0.837025066363156,0.213873950070936
2.62673369379038,0.603093972438434,8.99118670263763,3.84124277228695,0.020491612561882,0.580700283900721,1,0.20306015423317,0.520419041645119,0.684684704852324,0.24086828610306,0.239207864133706,0.279178563637994,0.294295384443841,0.256695601834214,0.570624653564463,0.250008166364277,0.747679581664521,0.23451100349529
1.9997580423421,0.571568530978265,13.3856152231232,5.65133773365129,-0.389249587260359,0.283832682416883,1,-0.0119634802841228,0.413243135586522,0.242118701682857,0.258284507050822,0.794416282265214,0.203929301953489,0.870659874301342,0.26142706446324,0.846840793025879,0.251370141359446,0.539890550938178,0.31027257548128
3.5544516361394,0.848335429043736,12.3640813522395,5.46432132757103,-0.613219353717279,0.218634924973687,1,-0.852879484273786,0.518872401046139,1.16190079267995,0.232847259201747,0.839028353123675,0.296265587655434,0.876789613754483,0.299445315158318,0.83858501455287,0.278103833694905,0.550226429960186,0.313263307458629
2.65369381806638,0.484786121317066,10.3286343758569,3.67587472029528,0.66041729641524,0.452299325219747,1,-0.0322962612492225,0.465573822890389,0.814490407796421,0.219585458476122,0.580978671818443,0.237313905567566,0.684100831733248,0.198006841644005,0.789345390813654,0.180085078608117,0.376349297113354,0.31872980904725
2.63476432248239,0.637689257380329,12.9101422314594,5.03518347751084,0.620431249118348,0.492815197696334,1,-0.120604912016657,0.555397818729301,0.535914417352804,0.258961017998677,0.660659033916707,0.296157298187037,0.537266378201113,0.225930579722132,0.6859181668469,0.213493136831127,1.01542019219794,0.217264736100455
2.77978860579007,0.976612906417354,41.3238281160043,19.5968940980311,-0.479427597328614,0.327256277890274,1,-0.214255981487362,0.977739874646981,0.428741349298501,0.420676013196219,1.29636523322876,0.270908494103003,0.708807478411353,0.256583059773632,1.11289964305581,0.210129937891388,0.546569193183377,0.267391666524457
4.86826813391926,1.12360390562391,24.8986526706351,10.8655408034797,0.132621273777414,0.501332061615768,1,1.07767986718632,0.66299408320918,0.568101873664089,0.340429597985805,0.820679079144022,0.33069254862839,1.02540689319345,0.253607473693557,0.997840940348584,0.281364077728847,0.888767877992278,0.280934682713246
2.03535526714981,0.483499522249206,9.2708866363328,3.63286790430639,0.163887880151769,0.458338549784715,1,0.0399253054421622,0.504626648730723,0.470695753724763,0.240230861491582,0.857990533483504,0.255272580724181,0.556658966000394,0.239732864762553,0.61631090889928,0.254137613289948,0.542146053490452,0.257371140619038
4.80822069248444,1.33849278563132,33.0615614229455,17.545382493743,-0.361590283385903,0.397077325136008,1,0.235280254823572,0.582598485209842,0.906971809848664,0.239768025477024,0.895910518989481,0.272704676529724,0.8937343360542,0.351782453400664,1.15630224069811,0.382561765046009,1.33063024377184,0.334693085559001
3.21916458418622,1.02454351069555,23.3240035987903,13.6556582275458,0.31023508366795,1.2979471868864,1,0.227862881398413,0.652749451580795,0.30485521417825,0.390319464145354,0.571522379742651,0.344876271254406,0.75905024181729,0.380549331199948,1.00922065268663,0.351665775412725,-0.221641272983248,0.606298999792284
3.94261567764753,0.87967004354452,17.0806163900851,7.59047083076794,-0.43797499244597,0.285368734962411,1,0.138980066054108,0.645555312650639,0.525966682839151,0.377871591396357,0.487663178361042,0.281022767549606,1.24308186825396,0.23349231721579,0.829013428591348,0.287042642634485,0.466849370605813,0.308896320277012
3.14252462327773,0.827822778542945,26.5080340016741,11.3968251783726,-0.466399618811573,0.267217745315104,1,0.172480550577798,0.589863325343343,1.06969057355021,0.269194878104041,1.0334874334385,0.261178102574883,0.323331581558706,0.361060506789922,0.85751304836426,0.267552506323434,1.11883161948771,0.262275244802771
2.84202930402127,0.757869582936332,20.7268333228538,9.7229478694499,0.222656948837613,0.647898010275769,1,-0.343739765369402,0.470090926989268,0.812354476424831,0.200997962767309,0.844037601252039,0.290006911753506,0.960975917796659,0.28955976939922,0.753317294017289,0.309648940962551,0.849739942248717,0.369237619160593
3.78971249422723,0.664533316334522,7.64971550847307,2.86356693720142,0.213089383354915,0.549913750898356,1,1.04755956585582,0.46383152579375,0.537292927285075,0.216600585377198,1.03163131843431,0.221887868601958,0.778428769328717,0.192923150045662,0.509126822222467,0.250696444250616,0.830558070811757,0.269141330650198
3.96464341327174,0.852157550413512,23.8239842977533,9.03644803889221,-0.249962915529115,0.26757086953647,1,-0.138831487449828,0.893190103526495,0.809085715972035,0.379626383578975,0.810242703001436,0.255048263231467,0.431541050073769,0.25776517902321,0.609301688791415,0.19909339744597,0.770453141088669,0.28462539519917
3.38197061017955,0.883371740945812,20.1830211476117,9.59192242745287,-0.259251344210191,0.376059392187747,1,0.420012513392025,0.722966778079336,0.580981323828331,0.267983066298917,0.893875642759551,0.244486908040233,0.628146859210259,0.300864599582983,0.822480472302858,0.342605364831865,0.422387168972575,0.371907485452037
3.6816601357886,0.782864350877381,23.1090796387362,9.42582670523575,0.281340042991195,0.859386640884977,1,0.820868663051415,0.560594819566655,0.801378562105979,0.248261690194425,0.758560715166985,0.227633746424384,0.929148841372273,0.283951202002031,0.884274309529912,0.234231653670624,1.01563012545326,0.267655510120666
2.11135325324323,0.51074516139106,14.3523866778388,4.6731355232012,-0.3272240334106,0.219803887895144,1,-0.428770885147184,0.457567214256106,0.580149265446774,0.258908490366976,0.734725761542891,0.17261939120104,0.598422537945472,0.166424229651535,0.809474424942967,0.242955497706975,0.802341356655227,0.243794654461807
2.69924797080805,0.649666655539395,16.0721260257867,6.76112611287676,-0.0426836828266556,0.425702438272861,1,0.0785823763253889,0.581246565592065,0.720540608558611,0.289780478294929,0.66096481993846,0.279503873965918,0.87148792670369,0.250161662178428,0.676803749274261,0.271982627779828,0.842085759623376,0.267137286646823
3.57902693522573,0.89913949246311,31.2323297740614,13.1512706265148,-0.514271782194863,0.261049282077459,1,-0.989696495839893,0.697269589099713,0.863595902789899,0.273784285823309,0.791586421512448,0.265961917155504,0.637786181478606,0.27801769330121,1.07114918916495,0.245847509820531,0.630806273058838,0.341234286717212
3.38644857985513,0.658148154312912,13.4547735181691,4.89568637351549,-0.380207529873616,0.240705853427262,1,0.496942989361731,0.454408392465238,0.898134510783305,0.186748094671979,0.702647458759124,0.259051847070705,0.458924300672782,0.244933620912459,0.988736297204785,0.206178255252403,0.364585405305967,0.333867932504156
2.85355525918375,0.683431135563199,18.3249993637837,7.50964256824883,0.720024008480374,0.444494294102729,1,0.213472406264959,0.618850084868072,0.702488203414488,0.271200967223244,0.65900141825298,0.268578510566331,0.359422754252279,0.311966112378395,0.785821949790698,0.242765037191141,0.603157761804122,0.300065372390335
4.08922624687365,0.853056858434766,24.6717689986631,9.47501872256309,0.765555816305724,0.286259168035382,1,-0.19466683637763,0.533930365683311,0.909430783679251,0.178854118217549,1.23992913021247,0.247743189442766,0.980502497562967,0.227035511842946,0.454413127023054,0.375141551317847,0.799529019301906,0.361585218782412
2.65617490634942,0.588739864170631,11.0332816310789,4.25536182125554,0.220543291345413,0.597759786134316,1,-0.270060832700733,0.472677186366939,0.615104031218107,0.204630659422844,0.695617486296576,0.231539643704896,0.57438201689529,0.232006341326314,0.266690161701542,0.302616473477793,0.637955095339915,0.260707244355863
3.31559804055311,0.782452178362298,13.8771690997176,6.06881839130118,-0.317590759146389,0.311353186739835,1,-0.0514275010780357,0.472569724429768,0.781968179037238,0.229914020064875,0.617597133325927,0.350175057981237,0.85540225200645,0.227675074711885,0.859383808968824,0.212935546240429,0.760806879943514,0.272169350343199
3.10723618375902,0.606857069333038,11.5553814389321,4.46815779249141,0.429870952671752,0.735479541391122,1,1.27500520419306,0.807200150412265,0.873199128067366,0.277549723632064,0.355462158883609,0.312492026140074,0.175337213891798,0.303124527384989,0.851266127041229,0.230491238213878,0.737187649032157,0.222850896279971
2.73232260743903,0.589737181931682,14.1608044026833,5.08929587702098,0.766246146778803,0.20809306344902,1,0.230502957818904,0.512996919574065,0.811160765113519,0.172824476643411,0.662134316609197,0.21552460898045,0.649991459832921,0.202389279295863,0.407350096200716,0.3054178354014,0.592401385538128,0.306127786392156
2.80027182365979,0.496914032491345,8.31921077867615,2.63472507622059,0.44388399521448,0.474146400847641,1,-0.42269036223287,0.382263021381244,0.506086827585463,0.21830110486712,0.877688261278769,0.128005379802163,0.483858866419932,0.237704902532878,0.368591627646742,0.237685356482595,0.421715560354301,0.248034184886702
3.07485016282574,0.666203474131784,17.3096568063536,6.39682903569281,-0.0609534137756158,0.456878140031042,1,-0.138961772112109,0.560948819740524,0.762615766407407,0.190634716737264,0.782506609121475,0.264214156392679,0.769628307299575,0.226555459228741,0.291078930236604,0.339819213758093,1.03168933331364,0.230480489502638
2.50781579873525,0.593066900669898,11.3824343691082,4.60427914001706,-0.115546280384066,0.376346894392786,1,-0.0635782130602004,0.524069634232704,0.787981220635489,0.201934359685235,0.230036105391582,0.299217365915006,0.77622275709338,0.231513566291644,0.695006969861968,0.255732096258541,0.299849441122021,0.379895042814995
3.71092442753802,0.853198826899334,19.4535997472951,8.18990429202657,-0.137159896456412,0.46465163226351,1,-0.00656903940987632,0.471965068239314,0.936837496435957,0.243290066771519,0.601804613718397,0.252045092794614,0.847548653210614,0.26166740333724,1.02508131539818,0.232047430949829,0.900858357706638,0.298420307300135
2.88791347075059,0.5025153043822,11.8810825542897,2.96551192440613,0.0424759126182546,0.333117515197317,1,-0.0681789377832164,0.657772401107295,0.48039968237193,0.279273224425215,0.490104167999522,0.221130901679958,0.839171632340433,0.159083559545285,0.718590011513625,0.172915376987424,0.665049648449912,0.162665546162678
3.96352724861686,1.00304820887609,41.8037658067812,17.1748797132155,0.451326506336151,1.13418090295353,1,-0.0876609807487044,0.650112234356159,1.12533682075639,0.244897808689984,0.677440581685276,0.345889804386314,0.909297617933533,0.260900727891153,0.923153024683568,0.251647016762677,0.68604038281706,0.315451735537728
3.56189952912354,0.829795356502634,28.6206169279578,10.8317312189947,0.0761871211933255,0.759144524445387,1,0.283400139769475,0.601338522978267,1.03307156654187,0.272826002156985,1.01630114046446,0.25332980941468,0.421128109271555,0.348158340328011,0.957273284974893,0.230835282386852,0.443420335523317,0.301872523386183
2.94492122803808,0.764295898408682,23.5572053389179,10.1952751980325,-0.0127372860375978,0.408523126797622,1,-0.114025620660199,0.594049310262129,0.884073710216998,0.214817890805901,0.640687672912265,0.264383893911331,0.835403596298695,0.229300360179236,0.373651609909299,0.417186274391021,1.17972028499286,0.341770605207354
3.4379566447961,0.779788753167878,22.8301819350449,9.41924976173253,0.219341918619219,0.630446194942254,1,-0.0875692334742792,0.536795311100271,0.980312775882031,0.255620286719171,0.919663338032102,0.205862073151034,0.89855039022715,0.268035687035611,1.0417583379557,0.246187213421875,0.514011206873588,0.386302986938473
2.31596254613262,0.556054409885699,10.5599402204299,4.48774565962227,0.202053477813958,0.623926841623758,1,0.139413392613231,0.396602376380395,0.633525673162919,0.172981019352907,0.300479333124211,0.277182280745374,0.89688567619136,0.239344430879549,0.337209311657494,0.300690256563824,0.684793975952967,0.331092533337112
2.83128641948709,0.79278606230525,21.1757131506942,10.3606201326547,0.195345116628211,0.651665718021983,1,0.357467874742774,0.879761464634389,0.428372506925718,0.353007529713984,0.988037108938302,0.268613908626771,0.798461959689713,0.281764731316808,0.972081950547014,0.306638649703081,0.814043929543626,0.325537483948073
3.23267898515788,0.924244695802622,24.771907661496,12.426293323709,-0.304325795049536,0.26608794065577,1,-0.908046412905565,0.491312359957238,0.971127265406443,0.204796603494705,0.993613595095844,0.251446696051284,0.411337717822575,0.388515976993015,0.817040508616513,0.310056613515802,0.943732348913811,0.315308266227237
3.18440556155785,0.832257326280898,15.4108404838624,7.39906246480616,0.0478417792208707,0.617865844228018,1,-0.513693124690408,0.46744934714871,0.922579925358081,0.24609469949392,0.640454620533068,0.255552018321687,0.371319283486353,0.308407415977282,0.835815927809781,0.348630473789972,0.33884904028689,0.399260240438072
5.06238263699447,1.29384281400661,49.3124341076554,22.1560545009372,0.83597013104745,0.16081177353615,1,-0.135720174299728,0.815937089306104,1.12926763062732,0.307015039759286,1.26451924081491,0.294483020534439,0.510180628762485,0.446455937905935,0.828904126270578,0.267316090260626,1.05960267744937,0.197250438619755
2.09794424683245,0.437754836308203,7.3245758118415,2.54438245302439,-0.145682272253276,0.328945601282297,1,-0.573332291272424,0.579718227147562,0.741065622702814,0.225044531006918,0.450406497391695,0.254805943644248,0.595276300855759,0.241067186846173,0.325222107822375,0.247761118091795,0.729190783323211,0.189445976717907
3.36239781063125,0.671480840026684,16.4307241570784,6.47468939777433,0.304711105720261,1.002022192342,1,-0.393424911770296,0.762543120695211,0.853557946266215,0.267121950634406,0.561012526111924,0.323495972233869,0.758624260461186,0.225950226280409,0.544794599579598,0.292600069740799,0.841709223818066,0.221497330353789
3.84720996878065,1.09890278680355,20.0672971411991,11.5481104285772,-0.642798229216259,0.247143392920423,1,1.4982034402675,0.577978083697298,0.654940424136498,0.34726697666544,0.965244662995102,0.389510310489604,0.763388109897764,0.318529333575271,1.15177430879491,0.278560061785773,0.584426767926282,0.43835915684968
2.77618827227401,0.59184038715236,11.4568304617976,4.38456306633447,0.045571880953657,0.339290462673825,1,0.70840971107415,0.550710177958582,-0.0157167337027012,0.292944185203593,0.779881039372179,0.18354198903057,0.759690683140588,0.274723565976103,0.219173725731779,0.411207255475365,0.840027675430678,0.236763236198153
2.26586508399747,0.504404231490669,8.09939207168093,3.41242212306861,0.464243922899237,0.709774387942344,1,-0.333443967142755,0.538375622816578,0.577133328997468,0.255405585853041,0.583522996422169,0.207107114205348,-0.0472580298879154,0.341457298935647,0.452977205591819,0.254918574986965,-0.335637538875793,0.408752523053133
3.19070976497752,0.934861358954689,31.6859554164625,15.1952470774339,-0.0696614544642017,0.616172386841205,1,0.737462935927144,0.781688769371093,0.90798130591332,0.302176340175528,0.815066777005361,0.299038601768204,0.904976450995455,0.303821384111924,1.04338468450181,0.277132604252448,0.812212197783086,0.343738653537428
3.30398711668635,0.702232162710695,18.4077634468073,7.45372290722792,-0.350969738933658,0.248231173804998,1,-0.274215717860255,0.476409707935605,0.73035409230642,0.178661321363507,0.603238318208172,0.32189920811659,1.12295413329386,0.257516533817265,0.472744278489031,0.287518273948988,0.741165100271213,0.274524584836342
2.35282373074977,0.709794541943583,24.942464860131,10.8769421131606,-0.0320656874898401,0.484938042072901,1,-0.3246655960716,0.505724559658432,1.08953786554516,0.233495051825186,0.332128595244711,0.310523348644929,0.418206988532197,0.347186011883492,0.565072007055262,0.273392390572073,0.652122697839719,0.305197744024264
2.23645720689484,0.48118865038397,11.4119342540451,3.79582672361831,0.630120869248318,0.347592472049575,1,0.27064375362781,0.37532190971583,0.467399234491931,0.171068051701557,0.76868229120463,0.192808160374014,0.727359702196268,0.206209760054697,0.649470467036255,0.249085477829895,0.638096672922248,0.277713617873805
3.88362656231351,0.867965128143691,21.5569153343101,8.72566139688258,-0.0181249289519131,0.403677656660491,1,1.43039538428151,0.863236895507476,0.650007262403881,0.433667474655361,0.811593147542328,0.22471535545966,0.673138816642362,0.294104718986811,0.82453675982968,0.187381719335461,1.28291026926213,0.219507539499728
3.34847015080833,0.914864734442432,28.9382776083657,13.6115026723888,-0.309265733367742,0.324257048231658,1,0.0182412399921381,0.785468933133952,0.763696666070571,0.341627600757394,1.01769395627179,0.286601029741291,0.653139880703938,0.371616493218163,0.663617240319317,0.324309313443685,1.0561504663553,0.24248686861159
3.16484306040648,0.567482592883195,9.98204494485499,3.53077157198822,0.492112414641421,0.693794850012821,1,0.169319513472109,0.541526735245378,0.769907552045255,0.206840267791851,0.701273109589454,0.185028146048449,0.491037154795735,0.284244766516649,0.795537723694442,0.222569238601998,0.577084460205788,0.230181436755387
2.42243133520329,0.458509452262123,9.13140582551191,2.90179527788726,0.368375436326657,0.611657181019539,1,-0.580027733378642,0.522931139256523,0.827267071789984,0.23713317312918,0.499907942643719,0.216908981292602,0.692686157678374,0.173473992847379,0.512460657516211,0.21574541117117,0.885026212273599,0.214002708336908
4.00415544787649,0.810925207937693,12.7706148304645,5.33659995178027,0.20304805457512,0.994083845386884,1,0.847146339175011,0.590367805170779,0.638860212276066,0.226982315797585,0.797893130899355,0.229901995615373,0.632105804517187,0.282693203480432,0.81831100975887,0.267189382397068,0.829919861683298,0.297052362869676
3.26631348581563,0.856737024647224,19.2225136944955,8.73789788621043,-0.387852325822974,0.250646740166323,1,0.0260569729899006,0.604295584439642,0.744731031734973,0.250551307165609,0.992815487905756,0.264997292757089,0.95877851080899,0.277556342665478,0.295593512178546,0.274733782201399,1.03230311787063,0.314623978105466
2.81227688196051,0.732103496575079,18.1145062619744,8.48453958815677,0.152620481914107,0.575734353338989,1,-0.465397349084312,0.684192010559208,0.426791094847875,0.407020768585284,1.27515942977704,0.276071789052662,0.407243006618483,0.319468451108064,0.920832715517922,0.243837022123401,0.381384612592993,0.273653122259684
4.48279213978096,1.08393885903585,33.0925899907695,14.114683864093,-0.531955079463131,0.200741790694464,1,-0.311523052199285,0.606105257262525,0.90154408149936,0.24171733879594,0.7949944706236,0.295072768082266,0.839535677188104,0.303349099867571,1.25199968549462,0.259244758729736,1.11847688946391,0.253149432854213
3.29025160438493,0.59965960809718,11.2561394632998,3.82881803902321,0.638765815911469,0.511172359747274,1,0.430032566979108,0.642004186393198,0.877100699268817,0.230584861047993,0.835453745169951,0.22176024511794,0.669201306528099,0.232505211365957,0.609274523649808,0.234029611369882,0.823314934467156,0.216427920185077
3.87001618003045,1.08160448771822,32.6525080789342,16.7451099910598,-0.111418566219834,0.585180896358042,1,1.13581683484419,0.465434006901827,0.391490136138362,0.345001599230474,0.983730395739138,0.316841535150798,0.565993814426868,0.310486412586552,0.61726061649446,0.335614906228732,1.17448943787026,0.251885328116539
2.68525615434967,0.600295434802092,8.8485349227897,3.447671750617,-0.183893805026036,0.318521417775053,1,-0.194417499281477,0.770398822329007,0.730884122597296,0.263079679723493,0.574882923592701,0.303392816535709,0.483567486346863,0.244710650003352,0.448783730008529,0.239080165691762,0.721274753621827,0.279252014049509
1.90714176806711,0.484777923406,11.0382885306213,4.34122889847056,0.25959816144241,0.484234672831029,1,-0.0592094458694045,0.471472178211385,0.48915278641301,0.239405110844867,0.501770665774165,0.248290853921085,0.827112560308586,0.223967206529628,0.567098608908103,0.278726463848214,0.107944225387323,0.359175152075933
3.58778264421371,1.00277509608638,33.4620026348027,17.1500834588826,0.35370541861082,1.23358579009805,1,-0.138458222586774,1.28210200048795,0.854900926789177,0.486240450988945,0.66581812037164,0.259430393519143,0.747911564676839,0.345732307816362,0.779598702140096,0.307865543759358,0.76014477510843,0.272785781773498
2.50479430683446,0.505722828057264,12.0282716693887,4.06184608884774,0.380224913230209,0.454291572203958,1,0.0568452761480719,0.457601137993944,0.541019634951987,0.253743908439426,0.284034274019302,0.242470674458109,0.946697921476481,0.235656328679662,0.186513343096229,0.277987073715344,0.345157770769822,0.278287764321046
4.08421366028417,1.21862496060918,30.8600076463906,17.4439971015054,0.110161418020945,0.80457921545341,1,0.233354483122353,0.827632620269283,0.884711863117659,0.333293217220493,0.905645805983806,0.430659169221084,0.738084553567169,0.326760885276711,0.948006525734757,0.293653093443895,1.04180745198074,0.292558986192425
3.17168278668404,0.549431795978082,10.9345504599446,3.68342426089066,0.0903746936534507,0.478507075512227,1,-0.349704965009771,0.596544781348185,0.788670037572135,0.267616720523439,0.905797364728721,0.182872683865817,0.636742011633905,0.226593935710299,0.701627141730599,0.241194481230855,0.592594383276031,0.261309399490423
2.11120300378114,0.463474142279528,11.0620435579122,3.65951554200564,0.50202094347099,0.605276990122716,1,0.0440035227532785,0.498286427267156,0.483825450888838,0.238417902330365,0.392455329626622,0.235617270724701,0.550079497634746,0.296187972598973,0.38131109020822,0.337275202407679,1.00022223036268,0.192984813653901
3.34841948894884,0.642263167708474,21.2154086609017,6.59057939774681,-0.0839304726559167,0.19614375309228,1,-0.431466277564745,0.361751419671848,1.01272625508942,0.128573380657513,0.7060145994647,0.179021927346014,0.637169113415306,0.269760066243786,0.401296733912379,0.384372264422023,0.559147332292925,0.261225741524707
2.63215806548887,0.609908325155201,15.1727716946301,6.62285531676803,0.516711821098939,0.876218804149509,1,0.955527698209032,0.712238172845768,0.196602458507025,0.307307739989435,0.776483672018247,0.336423318612931,0.454676050750283,0.239290641790692,0.845322822269212,0.268482580063433,0.393179170358161,0.250258194718511
2.90745885136171,0.678517676058188,12.2153202879171,5.48163259708171,-0.0123478408798446,0.43752615608794,1,-0.0930100323439019,0.44851350625485,0.895305245760602,0.186353348364553,0.610980124482436,0.235654947452944,0.368770588330849,0.283867453925856,0.773135256838061,0.267553724668951,0.956508108722664,0.326797231494815
2.85733997889414,0.720293267868897,13.9799320022698,6.03794313879873,-0.06438125140986,0.502556967234456,1,-0.462898183415249,0.533764267150906,0.81592831042584,0.268048511380908,0.709881824779863,0.217309657700928,0.813365254120892,0.271944790531264,0.226418498942386,0.348057038218286,0.162178403498964,0.386390782112387
2.55623933029777,0.570923650935795,13.0066800602193,5.05357234516058,-0.18209651142024,0.304011926072588,1,0.570221469886577,0.549196418899418,0.77420756181727,0.244961972639215,0.372619204781151,0.405903977201904,0.479389270091027,0.258595057455674,0.670171811170676,0.19116762381221,0.855628750935394,0.268270087140935
3.479819497546,0.749657454137059,16.2407260194974,6.52265984353107,-0.247249490881285,0.31931679654193,1,-0.193441020483197,0.30256394523735,0.507989920668101,0.24438303737734,0.704175588618829,0.232898327479381,0.874208907776347,0.251966899130528,0.812125746024167,0.234262158710122,0.608804144829131,0.283746443758394
2.54038003275348,0.528692530841219,10.856866188059,3.96623763790649,0.171331243028467,0.599693421295901,1,0.335379896617019,0.625319331848803,0.489063513472237,0.429678912000855,0.844595384008819,0.183288960936634,0.453734385703953,0.187053374148696,1.09809780856795,0.187673982146855,0.823659594898643,0.244010768326374
3.49102183760202,0.741418820626177,24.3563024159876,8.90522769968226,0.184316980091415,0.484414285375516,1,-0.317290167228814,0.745495931266702,0.722895018154034,0.287027591657322,0.782988854499001,0.258900694901636,0.852857755116267,0.283459654375057,0.309022170321441,0.372420392278515,0.673895218863554,0.167830154877115
3.31903140443992,1.05756840541871,22.110153784027,12.1606895058812,0.0643860139021707,0.862946919149191,1,0.424479309406232,0.67928038268099,0.815997203626799,0.283673842934652,0.312387434109064,0.373241822223981,0.664880372199931,0.317524226943956,0.531850420189195,0.351644968384738,1.00398904210861,0.320934713083651
2.73418981174627,0.692382385828753,17.3429295011058,7.1522602228336,0.044784039460275,0.514525871191727,1,-0.246021270160526,0.646431985037085,0.800170244397634,0.244571293870923,0.717209337215429,0.339537801667039,0.811025171499376,0.240358393891868,0.731896303207083,0.277269545343118,0.518899478226708,0.274107663452288
3.52454714636217,0.781662217833003,16.1683285973891,7.1896791109198,0.0639669718990449,0.477216808261494,1,0.508971903334962,0.902098073999095,-0.0232141247147028,0.46607398096075,0.849345944629118,0.37919489461202,0.664653165929412,0.228456867926812,0.766227029068062,0.240332699772791,0.703444573980435,0.291684408792416
2.58023886948879,0.69018902459888,17.9990151082665,7.80614610430487,0.258403092247688,0.577902444976316,1,-0.2630550114636,0.551637690538963,0.834361440646983,0.217750586047833,0.534061091975848,0.266190880159832,0.739096294379165,0.215339040821047,0.567395505002791,0.275112043882592,0.261231072188496,0.449830668705512
4.55393478874241,1.16126622893428,32.6067008069645,15.3855807462146,-0.36873143989113,0.352741146719688,1,0.436097256020999,0.570978656808479,0.832147566618776,0.295688721543544,0.524465826608488,0.298248573575716,0.945924986920906,0.291331882161864,0.650678242124652,0.318793165038461,1.28432782687412,0.321739477120361
3.08258159164257,0.756954825209271,25.5633921565843,9.87135602137468,0.0772774232278145,0.347713693616124,1,0.452957341831028,0.712450261522416,0.805545250937836,0.208507147618431,0.810547947649897,0.26548742619327,0.374786638259198,0.367971369543225,0.939061764578505,0.213879659847945,0.787059814120013,0.228588889735436
2.53526290484006,0.460163791457126,6.47270941948286,2.27367975357661,0.231623020875171,0.624657786497709,1,-0.216341364011556,0.449754504337495,0.707197681726722,0.209914822905149,0.417630049434453,0.223393086680933,0.873136162733078,0.168127908260224,0.49205495832472,0.261857882106948,0.632367026440691,0.252586801644284
2.94339356225974,0.531442098837566,10.6651111407551,3.47117571024274,-0.0896685048603346,0.289191679479531,1,-0.554312839235229,0.527357153599481,1.03445701873845,0.211351644321994,0.415057448517178,0.215947081743447,0.345209085176036,0.242464068871038,0.608238023752117,0.21261907536082,0.740090051895192,0.228859986870788
5.04212774141361,1.40375465750923,34.234069485025,17.557301929991,-0.44710218433129,0.37191277010219,1,0.856963667818531,1.01742839879132,0.649273634794775,0.322839547637571,1.02844000026275,0.316484082595184,1.04366479247724,0.327020143082071,0.601650223852107,0.366259206409051,0.811993965813862,0.324926165531795
2.50018281571527,0.75407329480817,24.6225808387993,10.9208378091917,0.366345460333042,1.07227692708024,1,-0.021200092249583,0.55163469684785,0.786424552196355,0.254089392514462,0.581508198245493,0.262662934712867,0.815161910847829,0.348869968141939,0.798995415415273,0.274852810109602,0.26457191490237,0.365642996045447
4.00781780948876,1.02531713844021,24.687054720695,11.9715396570579,-0.370462525956194,0.311141987631634,1,0.469460994049883,0.66297827042052,0.201287751886199,0.303817719017656,0.966036541315627,0.321156305855969,0.965746976844258,0.256183278222241,0.695408141637426,0.35081363788314,0.905285223787947,0.341429364685006
3.1093991405893,0.699455687052268,21.8425155105067,8.48262634403214,0.118278103213221,0.459897913813808,1,-0.0247324667085014,0.449877497292424,0.798750727384985,0.223752352170093,0.709312657538787,0.238800571022692,0.726040087644762,0.230777425632232,0.862261508166928,0.286715965002572,0.964448473865773,0.265326067897728
2.07804467655349,0.568926734811133,17.3450232689697,6.45800886039222,0.782322093341053,0.15308444278718,1,-1.14314535245268,0.442549826334612,1.05657934775881,0.147540579769573,0.836327929807335,0.20547232416181,0.784096859633387,0.270841184783442,0.648663016923824,0.338462199633558,0.347847351248626,0.377607100793343
4.8135516620258,1.19305476670336,39.7899761507411,17.9799300141727,-0.349565299651553,0.344842528643395,1,-0.0665302663894786,0.490360862306762,1.01256730119634,0.224506345795082,1.15209608674427,0.253925718942183,0.57717776826513,0.308776152660623,1.25004279586014,0.328058554163566,0.876963706583215,0.376034947725572
2.74893628299801,0.565573169234023,11.7353461213711,4.25280312474304,0.398149803897909,0.650922953273889,1,-0.210317011157392,0.532594328723978,0.689256535231323,0.219053829510262,0.766066853865551,0.214627497372695,0.561709933623762,0.250988874887804,0.775439400194655,0.224732535144873,0.278677263824215,0.311173112493084
2.00927165387968,0.602754719962636,18.8532153389182,7.94679438370843,0.188932724868786,0.478809336809233,1,0.0473831154222848,0.473300997157187,0.736693463663711,0.240470371767745,0.481524155620872,0.28329929982098,0.552309110935568,0.272525127076313,1.01594862582506,0.270069801070059,0.645885659237198,0.324664203147103
3.32924832395062,0.742536520543616,14.5236943859322,6.19570043418791,-0.249685363897947,0.329217661792251,1,0.0942822279475776,0.639653916312248,0.589356576574164,0.299982621035307,0.72354130314838,0.23003161347138,0.860216258317691,0.275084755240647,0.267945587702966,0.285481545987833,0.832931441151812,0.268842119064985
3.86215693693339,0.760979840319942,13.1316831417612,5.1597223074173,0.85306328856931,0.108906396693791,1,0.384887031385971,0.725307375892923,0.659433735547484,0.319204773250139,0.725337144488002,0.240221461453936,0.740412238361442,0.233502855504094,0.782904426843966,0.231449165478532,1.18920689637086,0.209618342306425
2.61017929259759,0.717132989059561,22.5703262291497,9.37125486351444,-0.323867121361626,0.283348481241516,1,-0.264822999102961,0.616622091914039,0.733461464279113,0.28049866287528,0.698846697467091,0.239971439266405,0.562847748196874,0.273948400008389,0.879377672426291,0.237109875376895,0.686662602221028,0.30175416404479
3.70062629384776,0.688569832231994,13.2414706771424,4.73425490093799,-0.116876346064083,0.343398977724113,1,-0.187511932291952,0.408850148042716,0.917437701173409,0.195718269839157,0.630474833743527,0.190584297760162,1.0510470188909,0.247534281671644,1.00722565745709,0.241693909678892,-0.426631748701264,0.497323364272073
3.17990068544488,0.704440690901153,14.9459532880686,5.87911581885609,-0.0749007905782075,0.27188962877419,1,-0.550827059244454,0.499937950167439,0.766238271611114,0.190499486897047,0.485069805032733,0.226417214267055,0.418128415174853,0.276966808318014,0.82759296386062,0.287091146859299,0.700771988297877,0.276913057623065
2.30343116790709,0.546988995631853,11.6995613952242,4.49080735474037,0.128762747658639,0.34926861418842,1,-0.302251548216338,0.370292408643366,0.351832092898726,0.251440701311046,0.708793482407754,0.213292686524686,0.500329232828383,0.2248419706187,0.658440646329261,0.192328160149414,0.76075461312551,0.232067320186528
2.41386312587938,0.725538649923972,18.7082134893745,8.60444698127584,0.339700030110057,0.611079082238813,1,0.229592566568645,0.848597025220926,0.589873588419438,0.278581123039479,0.570711026746446,0.259430385292665,1.04594373251982,0.315147216338398,0.830556116577909,0.238759536917869,0.183589336658488,0.2935239960616
2.45671336797836,0.592858783411566,14.9569198948548,5.87460525813983,0.508272784654251,0.495338779447318,1,-0.187300230361834,0.574274633480339,0.691552697987838,0.222751127326798,0.53600664738338,0.211384051308445,0.500278111694003,0.247018516118931,0.943477710960222,0.288906683463696,0.230602728450975,0.363776385944034
4.76400663084197,1.38711641276942,38.8008113147677,20.9169312478393,-0.448344672225818,0.3540158167625,1,0.00471372126963665,0.577853262102286,1.07369001246382,0.309006384384584,0.650781904758497,0.380197650800741,0.844349774669584,0.319491635738268,0.796210896643712,0.369312754606594,1.24798954384045,0.338084558774266
2.8303364203554,0.597133867600452,13.7130598423072,4.42911420186253,0.101896715101036,0.402321927135906,1,-0.697285277655611,0.610109699192412,0.500504174254975,0.2717358237765,0.695992028442529,0.238144271162092,0.665697883115084,0.179196794597752,0.604304231910829,0.198952302673773,0.676777561426808,0.257875127175043
3.88699423064922,1.09897684883138,32.2522753186676,17.2155547484427,-0.252048665454802,0.329665993717676,1,0.286131250105769,0.511182191396675,0.812504900121488,0.275335094697532,0.637045851706856,0.33472355036869,1.11915830720024,0.295115641664584,0.40871264991418,0.444420541817941,0.988239994026261,0.331969113809859
3.21301674619294,1.01864599043728,35.8922611291109,20.7873038050384,-0.477194485732768,0.319702866908615,1,0.224589518779203,0.415157669063429,1.09750816144024,0.218933512505813,0.831019288129384,0.361155191571013,0.923548083071973,0.347211601305426,0.956788293509381,0.391564316684814,1.01351799149632,0.374718547911672
2.26933607453764,0.52522028794224,10.7727052701344,3.7587668793923,0.481732655224154,0.69311227408115,1,-0.780232685972747,0.619298222679164,0.666976017877503,0.220591206257205,0.911635597893727,0.151862367644408,0.659769997790486,0.206539858462464,0.399303240394671,0.265814597851287,0.329359798276016,0.286522738911059
3.34105873488044,0.707374043135183,12.9237769537526,5.43915188812288,-0.0811801045519529,0.463020155755197,1,-0.247913976235059,0.414176185515494,0.607566576234471,0.294910757412827,0.963286830166246,0.171399116220845,-0.00241552008258083,0.383819195327381,0.854507593822117,0.257004586927156,0.601533610785717,0.291110259687827
2.65588239766108,0.606592689859226,11.6514036578283,4.69317983281536,0.362336153350415,0.556985617251464,1,0.0547977891766779,0.48811646994586,0.60609524565469,0.241709940576387,0.678681194159965,0.194652514891647,0.367843565180883,0.213813385121982,0.397579004825549,0.244338687924464,0.673371481416227,0.266211858361979
3.20378778783906,0.995026662871184,37.5162867986589,18.6974614457088,-0.612723189151125,0.223245124385102,1,-0.22010529942806,0.81078569623216,0.899303644253035,0.328317940201729,0.848675367106562,0.366689704627274,0.742927685232297,0.336150196772636,1.00196500801376,0.288922698121033,1.26673841213979,0.256655553240822
2.82015697959551,0.754441456421498,15.3049334330089,7.01907441709718,0.120093643361298,0.729550531589184,1,-0.447561064106051,0.484411783489358,0.621760162892572,0.237857883105073,0.814040348843876,0.293852009607434,0.536492764395782,0.292786614834372,0.681550521936926,0.28810347381946,0.349873203331127,0.35573131004197
1.61561693949373,0.399982460285892,5.74981676285928,2.38784561674675,0.363896691598577,0.619910170615656,1,-0.584289553502773,0.443995926729038,0.801104014838767,0.167060512807998,0.854265526488356,0.204033000092871,0.664955031206441,0.269550669534777,0.123769631928644,0.391681718004793,0.0650290642854306,0.400795274704691
3.51583339465578,0.617984635606638,10.3160360440376,3.83077055702359,0.637570557994653,0.379184908190071,1,0.271684348639477,0.43373536899286,0.70810907810756,0.204202103962129,0.75544458269561,0.200374789855158,0.891155332641506,0.246270016612666,0.536921845450303,0.24475730880366,0.160985201044251,0.331800227854381
2.38679488875803,0.567424345669139,10.5659528631514,4.29176423922157,0.151006148999663,0.561134842198921,1,-0.230435508681874,0.628733324516338,0.84253782259127,0.262441194123596,0.32571891228096,0.321447382607663,0.647251853044272,0.260127467657394,1.01031873181551,0.226183857732119,0.330755912205948,0.327263187946887
3.15204256842504,0.883680976485002,28.2832580570647,13.4082531627167,-0.112370820322192,0.5448658267058,1,-0.0659465289095272,0.862472798671348,1.23188672198699,0.262819703846014,0.43596357314294,0.376082296122147,0.590997285638202,0.384296344230683,0.199789198171786,0.500134925468086,1.33662730021883,0.240624009483291
2.61662833109127,0.718653154016778,20.1094631960913,8.6878534004609,0.359163666727954,0.58265109384471,1,-0.439565286502133,0.603874302007601,0.838956933606719,0.298961114099675,0.814492725281066,0.217389692740844,0.504887188800518,0.245680490117384,0.55454851072319,0.275973730258144,0.791339260144988,0.310397858156885
2.02404057064573,0.484885742635161,10.7887747182582,4.24644765287599,0.766434289561822,0.243152604021517,1,-0.381830490389559,0.570475503984563,0.396423193848281,0.223771009907032,0.719081220823037,0.195075221601417,0.562425382866747,0.250217924795138,0.835489189301113,0.262711142340314,0.413521626431848,0.354295884991793
2.9013028336182,0.633012600799843,16.1821806295097,6.00968030269344,0.392980412826918,0.735331160231207,1,-0.0470892544938818,0.53444392258229,0.434899986425901,0.290716168341494,0.65000971904704,0.235074031592798,0.709840581836478,0.188514505622636,0.968634084314404,0.186850961597522,0.603650324573878,0.248543791258848
3.94066429532378,0.963682601898907,23.4229627429176,10.9271355014401,0.43584482470199,1.12136783313458,1,0.533056122122941,0.57084028210916,0.841761911509663,0.248947091607078,0.628897100948662,0.339664385747374,0.754817024484674,0.394500299213886,0.875940712463112,0.299323163850813,0.427782349743397,0.353094889263178
2.94563556311523,0.615978898615738,15.1097239417587,5.36653924836777,-0.212297438629671,0.451204304951887,1,0.0798641763721964,0.428444351932879,0.560757097666163,0.218688124123351,0.315832627201576,0.276114804811759,0.559132531038497,0.259699329289642,0.975364404899573,0.215325966317827,0.712477264529972,0.180635695549136
3.45456631245167,0.775736751313131,18.3012793628353,7.48637652265289,0.192860489230387,0.534660637787703,1,0.672420191911492,0.895187117167243,0.881580373608836,0.339801580261693,0.875295739106313,0.21375915799366,0.408822682312969,0.296892683526933,0.809701103026282,0.225073784016084,0.685927934121325,0.310563881528396
3.12212211755269,0.694675775129294,18.3820735809545,6.94128307685005,0.198988950392529,0.611546338980295,1,-0.0818567188428369,0.433580870331119,1.3714555360107,0.233297311303207,0.436108361276615,0.285864722204332,0.699800497171356,0.283912408316753,0.469242737778994,0.245324481508539,1.06994221731956,0.284058392057606
3.25594198907047,0.788311468327706,18.8778694158403,8.4060113500176,0.107532709643384,0.478621466724923,1,0.0237744468637761,0.820608867310527,0.149056945826054,0.498851648788623,1.05909999795866,0.223075726564844,0.695835461372023,0.205327695223476,0.248317260530962,0.316237464889616,0.878983371315769,0.257144233283739
4.74741006919537,1.20653037042723,33.2876049080582,16.1712898722254,-0.0658324838891343,0.504766993329461,1,0.530875141726826,0.642707198385564,0.58506670691914,0.418179061685093,1.2027893510297,0.252347703702676,1.18666938675262,0.324031935958409,1.13234525709243,0.301414788683412,0.88808446998284,0.34029780504259
2.83850141108148,0.6643875597422,15.541368985783,6.29092667059062,-0.54591889943716,0.209160030593154,1,-0.658648956056231,0.446289978016191,1.1811722163241,0.227374485269624,0.602617119750293,0.243488344903349,0.953003631809814,0.272796024637573,0.998223348153717,0.254147228439965,0.417179840160208,0.351031938079995
1.71503981029804,0.71338179661724,28.5719239477353,12.0554026718668,-0.425324353520878,0.226633451884846,1,-0.549057813612162,0.571604120156771,1.04849850590866,0.243785071535031,0.695642283491245,0.220901042094375,0.783966529367208,0.211800616879195,0.854032562055956,0.262798573349095,0.645999167231845,0.379244710105635
2.64623643772658,0.76441400321389,24.8841616905963,10.6357792885681,-0.113393833201927,0.374750795521146,1,0.0906243012596175,0.74365487719379,0.420899799212137,0.298733325436213,0.974637649906521,0.218488052312424,0.410626167104984,0.249118675352775,0.70809605333958,0.302171766392856,0.39048124663425,0.37126100492824
2.82950976959607,0.783513363173392,25.9575644053245,11.7045655391309,0.441906194710953,0.903494335345045,1,0.36580150089277,0.593655134998869,0.551856316225724,0.293614864592105,0.811110999841104,0.230044592996886,0.836193683610022,0.256685232740018,1.20810788679611,0.213122029619946,0.5507840579103,0.344051790753415
4.36940416653431,1.21766913050863,30.4038981622828,17.1989594216566,0.243037222818916,0.991447887743523,1,0.386886010392292,0.680074340671662,0.398285788665786,0.593529221850054,0.70211590552364,0.368335471777481,0.670557887100651,0.318434780549343,0.688860574017867,0.283265703574941,1.1239250491523,0.308120845855591
3.26707861001395,0.762886360627527,13.60831844986,6.17706357879086,-0.0534320212012161,0.526308872118351,1,-0.311963830395543,0.540102590293567,0.591658331760002,0.302482568464492,0.465708538147161,0.341378901079527,0.957954197354244,0.275407050913404,0.541890528153884,0.301637268112436,0.593449304637557,0.274740837964992
3.00883509150501,0.701657923184798,17.6158653853347,6.71753276895374,0.218750914545742,0.573099356357789,1,0.160388942971428,0.694719297717429,0.867088352327492,0.245443894756937,0.55282052333279,0.262464245374818,0.550960742618562,0.277996471822291,0.720475486859038,0.237532078881599,0.944088992260913,0.286992886060869
3.35996446723241,0.550081143157342,8.89784256635238,2.89932296180661,0.670310894338675,0.293450168502063,1,-0.0916467701263387,0.54800089426118,0.57290929064554,0.30103544456899,0.182282948369562,0.316664925654593,0.894108427345003,0.173892362292209,0.627941538906569,0.184615433446671,0.339649525460085,0.225965226343158
3.08442389716071,0.51443937388456,9.91477526462261,3.09288814983351,0.203850171927262,0.328997759170761,1,0.784934515425361,0.528388320972213,0.478445566205985,0.261678170616388,0.844361244842861,0.160487463195384,0.461852872620425,0.185107679977098,0.535777605811595,0.2209982645147,0.592868852468093,0.235031831070872
2.52660177215267,0.572274644523234,13.9609751766456,4.76112473731197,0.0436626502246076,0.43572341057163,1,-0.563017903778588,0.540900152289601,0.804593484781403,0.210281067522369,0.452987474457701,0.278719811318342,0.610500260419528,0.219142099962673,0.934114989181047,0.210330151893553,0.761686550873655,0.243970018764654
3.4057175729198,0.704454855710111,16.4900991953971,6.54515619965836,-0.325536321626759,0.32508033036581,1,0.527311146123096,0.463834284312915,0.446836588300887,0.253625082729149,0.691069120410008,0.225425552385655,0.731215050190634,0.224929658125264,0.841038689474196,0.277006988263051,0.474004272863693,0.353171910181381
3.08510953687823,0.747906645906276,18.3696218235687,7.77872407516022,0.822389974548655,0.203173531562207,1,0.276908697868686,0.639772614027436,0.985630930057937,0.287499149698233,0.250403751868472,0.408797228299423,0.848131518148759,0.266114721426791,0.974718393144411,0.256018475732956,0.778901999167505,0.267605310373171
2.31888532406036,0.714915838932771,20.2501193879992,9.33436777356317,-0.385288779602878,0.315017669191501,1,-0.756374233719225,0.752670355850685,1.02581800855602,0.292014156388976,0.718629488185277,0.231495665868203,0.749105589012488,0.304002067799768,0.819963939571133,0.275857296050591,0.0741148449232263,0.388014814523816
2.88776783855446,0.475388224727146,8.12679568160129,2.58672472313954,0.463996918025021,0.427937766095429,1,-0.0173051540879352,0.414677883390775,0.731340269755949,0.188998185033498,0.388632860196825,0.203872063904853,0.691628171437564,0.224802770354432,0.506995305364838,0.231634052851627,0.647080280440483,0.246366237005766
3.13912582941616,0.733222600133867,20.1523489893894,8.30132737241305,-0.0826331959031531,0.412119555633106,1,-0.794410748891465,0.838504600817977,0.945532968318907,0.30586087428926,0.770938754894514,0.29119326167593,0.707034656420582,0.222028926386405,0.893768197809688,0.261593437172797,0.912429832690548,0.245913336207446
3.1377309137883,0.679642870109328,18.7675503058688,6.68544807635633,0.28842285198973,0.636052500213505,1,-0.00463212984350836,0.703184799689439,0.976484503684419,0.278472280332889,1.04904853489156,0.196590791379124,0.52930918093185,0.23897220003231,0.126139953729699,0.326372862566387,1.15009369401303,0.165156385560345
2.75968959336464,0.608706047244727,15.9102927383029,5.8551746295229,-0.176560832418518,0.45998128550224,1,-0.129301392290342,0.496331896050559,0.604080362322085,0.270260628799025,0.621453760332928,0.24050273778077,0.812216057518036,0.25522859612808,0.196556301118154,0.356206794913549,0.49937727207577,0.28111699002793
3.09875125005812,0.723364504297902,21.5348527954041,8.6317684013738,-0.0768838991640349,0.350210046839455,1,-0.775927680091645,0.533199800696838,0.742472782946877,0.215934646089999,0.865049537247115,0.273974433080587,0.825087920449469,0.256760041202985,0.779601288193541,0.258285264865222,0.70824133122037,0.292961811593317
3.74051844368705,0.65000411146556,10.5159301368716,3.83531607936451,0.33922197230277,0.473240188185872,1,0.289318359989595,0.670800643224673,0.490130979618804,0.290668526750082,0.466090394779418,0.246274824958939,0.63998463965021,0.194264686510413,0.7777273392816,0.162594837388236,0.0639678612249501,0.302801314328052
2.6025489821108,0.614545886769587,13.8649379465105,5.55424525711786,0.247567870399415,0.586009249430859,1,0.0209998317607631,0.478613653183948,0.65094494488588,0.183950745562511,0.684884652140132,0.260918415148948,0.781011000750866,0.242802596313286,0.40787642349833,0.358969886105756,0.785616637975124,0.261833975068127
2.80573810946549,0.712377732819785,20.1089468052139,8.5533514601161,-0.128282117973957,0.403967823322399,1,0.554393647529361,0.395226519095175,0.670427669653191,0.264432450029311,0.691814791398766,0.291405087695308,0.341763800081283,0.248721892637054,0.84464126933194,0.234574127009826,0.587422828533039,0.324005631713731
3.6544148070017,0.778470823320385,14.1405563469917,5.83063180689583,0.07254072173115,0.644247254238692,1,0.820809227268084,0.549585902092147,0.337147388602497,0.309734962434451,0.525031153824059,0.256203281283652,0.506278059233991,0.277116494783539,0.449987644240172,0.254734810346636,0.747033595551598,0.250991137808343
3.52835883897687,0.632967242446045,13.1916389507428,4.87298297055228,0.0469615182894517,0.304722959670811,1,0.365286686325756,0.425750835721661,0.689803509266764,0.16858498790266,0.792673239296779,0.277114508578242,0.79753258832223,0.259972511724569,0.866770535494025,0.210466165357616,0.820653379929537,0.210917857641105
3.2910694948141,0.794475724122116,18.8776105910744,8.22008494267024,-0.267868337958883,0.278054433469194,1,-0.267672911929562,0.463922230930416,0.811323470938305,0.233867252895824,0.791032348911716,0.17570221169635,0.720291418483861,0.24532181389389,0.371352414169518,0.429744718112996,1.02114325379442,0.294577784031186
2.82432955112886,0.783160749473407,27.8348973908811,12.0859641774372,0.476525072295931,0.608490586125226,1,0.406956091198958,0.597050686207555,0.712629042374705,0.254691708572919,0.212617218857347,0.316164259430219,0.733055084360238,0.322925082257662,0.527138169820992,0.379726012603513,0.808833385494599,0.201597093521304
4.0505064413578,0.951855769377456,20.9391228041807,8.92302155294086,0.241927671340254,0.876529986556756,1,-0.0876783705220578,0.925449896548879,0.758812542718402,0.360016683119299,1.26427748372297,0.208829100728836,0.864037550021415,0.269287006089598,0.783185620547419,0.285912254561277,1.08560301684732,0.25533673489005
3.03909952246006,0.542136539772015,10.7655510025745,3.73712613994231,0.0974738240038373,0.303413287694502,1,-0.186445631231875,0.617521197728201,0.955691054320289,0.174411916037851,0.644408656474851,0.223872267568444,0.644431214288536,0.219447530351208,0.585259845529241,0.269494379296142,0.273783401868172,0.328037056617834
2.85828508990596,0.693543026909007,14.5440988047024,5.76827258139083,-0.0115944461693961,0.485880744482524,1,-0.637261924630771,0.75483870354056,0.992060482853452,0.263396248136048,0.850365434231678,0.264052339246145,0.496823770085336,0.288906681858931,0.407468301910831,0.306803856895542,0.824627196292012,0.239223998877339
2.90210952386794,0.687495498188821,13.0314046130055,5.86128055731119,-0.32722173821953,0.325890684949388,1,0.63565951266944,0.51084150425937,0.626542928971574,0.24978136996308,0.488418682635215,0.297883424591856,0.664721478147247,0.229605864966243,0.452068825407943,0.298227076798,0.46589288131843,0.323944270484204
3.90067258024743,0.835069008671104,21.8066187022939,8.6337541291846,0.0771392549906279,0.561065913979652,1,0.00459614647144474,0.561494651085452,0.772382217169131,0.287383788297077,0.977126653961941,0.273465688234194,0.950107368693218,0.218367485154364,0.699243293536579,0.288905369443548,0.912928572224204,0.246979414765619
4.78607431294909,1.47748905833071,25.9354742964668,15.9028949182079,-0.331267120323489,0.439447807310511,1,0.0961078224393409,0.688615980338932,0.240837572161738,0.354401688006862,1.14717627979584,0.265886672969457,1.02982238072564,0.296548880445659,0.612012630593306,0.414162147551266,1.04971990609071,0.383585798426085
1.97114879698516,0.402249807582295,6.4744084223059,2.13708424221683,-0.136937767642087,0.368023785114899,1,-0.443873233507991,0.420125836028355,0.582941285747768,0.177880945549692,0.54054717798245,0.203168542837531,0.815705315486409,0.209544815900587,0.822328825358671,0.222416487193308,0.217480162012772,0.30303557039833
2.9308973690872,0.56551708621478,13.4754965545544,4.80016114766689,0.164909403743064,0.468484514832709,1,0.552996678536731,0.553800752785896,0.569222085528676,0.242480068133998,0.416221715645464,0.301399219124805,0.933701390056829,0.229435121626178,0.571678063476112,0.266864829326373,0.854825593047294,0.235026758001505
2.58180698190371,0.58420814156373,10.6549560134392,4.49603616866811,0.0638887067236666,0.648149239088052,1,-0.265162704225714,0.556163482716407,0.678748735375661,0.258246405253061,0.843862505401245,0.214921407299982,0.244808381028416,0.281602332380445,0.210890030064078,0.314344264275066,0.735398344006873,0.28732754827056
2.53066007364346,0.4886986888669,7.58700953291944,2.83314099132608,0.286678609177494,0.460188254343073,1,-0.311447089296211,0.411468987765047,0.505971347451061,0.243380920179954,0.70980552239208,0.242394676153239,0.444557139068625,0.212365099816125,0.448847304749396,0.23651493768714,0.555724261617027,0.312728295585088
3.37429748553375,0.824625103592573,18.4323668444471,7.87799569432944,0.275397673030451,0.737972290118941,1,-0.400846376459526,0.581629957146005,1.0935439886038,0.209993471320001,0.193978665588282,0.39059265379667,0.734591675164784,0.263316860654227,0.710653983678763,0.272244051059261,0.456788869978723,0.37745042372193
3.04624006874619,0.789137805124862,26.2548600215391,10.752788736914,-0.27640212154718,0.251313176049436,1,-0.606448054014792,0.424163004901041,1.07315619759783,0.218789477335049,0.858773653317764,0.248269795549446,0.837425171847427,0.249186595816905,1.14823838439178,0.256668287542498,0.701469243957907,0.327480757964421
4.06618228995328,0.711251906126564,19.542706384485,6.41060629259728,-0.181832539093406,0.362258765071027,1,-1.08675434742865,1.11558981122155,1.05492229225918,0.320644232686754,0.831185562224001,0.289349760931732,1.07191304685794,0.262937806624249,0.928700617473559,0.241640713507053,1.11653238547099,0.197069205178694
2.69303801028237,0.483304504880541,9.12974399263446,3.12419205954074,0.52078769304266,0.516028867784023,1,0.508856797592952,0.460503013622073,0.312136845903455,0.204532947790988,0.316655145169373,0.184426937932021,0.736589980280997,0.197849961962493,0.339783238321711,0.275116621811631,0.617625839812253,0.261282216781301
2.79869096953163,0.528911066660466,12.0303705553514,4.26692046701992,0.262875129636863,0.73426044707056,1,-0.17603700673371,0.468022977327788,0.712497103211053,0.216736746268393,0.86076013233829,0.166751369774843,0.840300243471706,0.194351280819836,0.402142413469344,0.272706514538453,0.599027304582503,0.363163055455505
2.41490793808097,0.793434511296225,23.4585200766668,12.1986786622899,0.0547324671377795,1.09058363353253,1,-0.255577227820505,0.544824642752402,0.6688713950101,0.22734838908091,0.596454465490163,0.397543287228611,0.881487709549012,0.336004327132243,0.278390153435682,0.447968621639359,0.488522823924181,0.342904610355248
2.45667216473333,0.610871016051035,13.0935963951806,5.56292851266244,0.214782886494174,0.681270737195438,1,-0.249665850738228,0.585866391498595,0.326398381770588,0.296053733186501,1.01429714401132,0.240132071976836,0.525315366657479,0.246133278676375,0.361210656075364,0.335637172340616,0.44830667504005,0.230972579974975
2.21520185437983,0.601141038154755,17.706623648299,6.55072010363015,0.194452514438815,0.447592711950702,1,-0.10864623726507,0.676316612334857,0.751801529810612,0.312320990582132,0.605767150883425,0.305630119789446,0.730877215755764,0.195437706305554,0.906846618406283,0.193950504079861,0.573973305113612,0.264539273280525
1.8503619937242,0.518601694332997,9.64052735850751,3.98323160465322,0.380012356126271,0.55289155621261,1,-0.0191180912022152,0.556915710817342,0.5075940474669,0.201189420694927,0.53309901652862,0.240993448142799,0.414298138917654,0.26777949925905,0.38108100642741,0.27679669469081,0.922789405078906,0.249686112013705
3.07410034447829,0.744037232388358,13.0714711843099,5.87030487177366,-0.37474817371285,0.331718605327995,1,-0.380723465112221,0.662715599365956,0.224724063336627,0.359315593984072,0.782424977117318,0.256026579614834,0.649301435825132,0.286383112099664,0.470977173664718,0.24214946610423,0.442180654828305,0.364576595194083
4.69551257316317,0.939225382178951,28.040851567146,10.7179172617478,0.183082891187639,0.686931481881608,1,0.0695706064715006,0.652321124856852,0.954242319313175,0.287825099343038,0.955544781714062,0.293566666006846,0.700846842030524,0.263829240860248,0.795420880855338,0.277525414629825,1.07389122464665,0.2436250950222
2.80412075518677,0.599518988912654,13.0615841765406,5.10264002097405,0.124812096942354,0.47699559222782,1,-0.66042296583003,0.734575669310418,1.06227598223751,0.275795294136405,0.737495920585854,0.21334665257719,0.759769759726038,0.232860341826317,0.221661944963974,0.317117705284173,0.589307314929505,0.27955038092157
3.39778689556864,0.874684191086071,22.0592682945233,9.83142999172485,-0.106436339401877,0.465331285372763,1,-0.378754949228988,0.623057172017359,0.80093875669677,0.319262642280251,0.991088196040072,0.230076134662682,0.138189156996816,0.330989389781979,0.996984678525548,0.210321536968489,0.970940195947393,0.300148142040963
3.63097131470302,0.76866405129157,20.264045887633,7.84104026922495,-0.223445498817059,0.311585965061561,1,-1.10382569658216,0.768737549697853,1.15822702894195,0.279101476141059,0.793821014903709,0.248447900344515,0.776358512230003,0.188771283630252,1.00165912347097,0.179360504586726,0.933343004488877,0.279496985304481
3.72441915169363,0.760201568231689,16.5230194511154,6.26742561333242,0.19782186129684,0.65036119888542,1,-0.158629039240197,0.66284920537908,0.889207960022979,0.318322516715413,0.433848512322626,0.289891462222819,0.842105116116463,0.231357393134268,0.554208289766045,0.200566818105231,1.11914870857991,0.247694727484276
2.4826423973585,0.527427297996453,12.0964623510879,4.17758123310274,0.486005944371489,0.837823786864517,1,-0.268412704467232,0.599724607444608,0.728186649758376,0.251734241729481,0.640561450426511,0.268483079000312,0.684117881001495,0.239878891449272,0.512436103423562,0.223946870654401,0.623847717901392,0.264833525376183
2.55696330571789,0.515565621057303,9.47179249078763,3.73592074683163,0.280138867872973,0.494511406304897,1,0.690338087110911,0.70643053974962,0.357676030246358,0.325964453397906,0.601906546873938,0.238030786772816,0.59986547625504,0.273345409385736,0.759673937743298,0.172535793773303,0.628346668693835,0.224392335850987
3.08164347768423,0.608660419150468,12.1264840866257,4.26692688377913,-0.243801272932002,0.252881279955912,1,-0.686124709144,0.559596151790603,1.07454795607529,0.204734756552142,0.374130805563534,0.276999565998416,0.586784009655073,0.230567950923157,0.684676315821308,0.220213298424984,0.69520633236749,0.239378515721687
2.57083392319697,0.690033715833241,15.0711833824132,6.65114275668298,-0.361763843631108,0.254878269715234,1,-0.813970026370281,0.666331866242566,1.06220365159785,0.201366478776798,0.595043517581403,0.263581491001334,0.645315482181106,0.306477334353095,0.187201184364074,0.402651301904703,0.73086745979381,0.354909707666794
4.26506384361329,1.14700912576076,18.859459385699,10.4633685943353,0.151233558552802,0.734491377091951,1,0.0138814016525696,0.646205750278396,0.636512880460246,0.316635350359141,0.625370154969797,0.323970847683909,0.713047067745673,0.331777852676275,0.964971096377369,0.320503435472207,0.534959255977027,0.400772564395182
2.77548125592203,0.488964073970439,9.83386205400766,3.24603039736525,-0.0508206210534215,0.175738739376389,1,-0.295339685126443,0.505556830344385,1.03423771523688,0.166690364075151,0.672483286875443,0.206800454690269,0.221702969299007,0.256487526332222,0.190230023578045,0.257478942267448,0.439095884011739,0.264112358512292
2.75748223593791,0.569584571391036,11.8305550162492,4.16399678704275,0.327689186923763,0.607481947201257,1,0.0722549177164645,0.47236469125778,0.638830543293371,0.228614854378748,0.664477608449915,0.216614136629445,0.935952013167649,0.151064777992638,0.564268206856062,0.30644051953564,0.389047609620174,0.278598360752321
3.98931066665404,0.81585638746133,14.8961286609353,6.3563475517231,0.468151434064776,1.07508395053514,1,0.839073358149259,0.524791885048966,0.425483370690806,0.329836080655749,0.590102499318005,0.24196783373341,0.690617428150153,0.294177636861051,0.600185616943528,0.291397971104608,0.653897496064561,0.207268558077318
3.50260050845315,0.696608911703126,14.5564846229072,5.62165309930457,0.494656264821473,0.707714759097705,1,-0.0909895391485768,0.659663118485765,0.480911219271354,0.340143826092455,0.743714383982302,0.25741437856305,0.86115877822847,0.193387749208323,0.447525792059888,0.239464112656906,0.649259628250651,0.222326250987961
2.97228431574262,0.72653304290014,18.2921323321678,7.98568561212173,0.10268720816123,0.499633024726657,1,0.0310096263708139,0.677584170297984,0.713333832404791,0.216864631516011,0.283056240407351,0.284007365394067,1.06273002300518,0.259134549854202,1.01551312864269,0.303803174564185,0.0393531876518288,0.380338316908233
2.91533917046895,0.654886589119707,12.8046477234114,5.57516111856949,0.109135579077991,0.523999914133354,1,-0.23722600417511,0.59225991475784,0.735077049123122,0.217795102148851,0.71240999754577,0.176719084979621,0.68450440454111,0.327623878063497,0.819690745373589,0.272360917993126,0.257013365965666,0.466127170079059
2.71073460224261,0.79816271768131,20.0396272992828,10.1407004538377,0.338638197439917,0.579478858420454,1,0.298116120670149,0.853449517820995,0.515435008147167,0.275249160314714,0.690567946156197,0.286198772600463,0.14620783915423,0.327970972402443,0.762288320059454,0.345821672209235,0.754385808094428,0.333114225860368
2.59687496000999,0.720252337361705,22.0573514546541,10.3783786678525,-0.491794129806753,0.215753562927325,1,-0.0442238114963226,0.61665227128263,0.862088969645223,0.228291940781506,0.781477468540393,0.367780875151375,0.789329888064183,0.335942395625614,0.820040623558421,0.263086320755312,0.180303681170669,0.420650831863506
2.52297065966476,0.74302267681088,25.6783198063667,10.4583828272186,-0.0534320770010728,0.395067988313988,1,0.614570207188328,0.649038810785189,0.848650569138209,0.32204179122731,0.633712994928036,0.24302408377331,0.973959958472879,0.162478490439449,0.742999881193878,0.307533548870414,0.873913727256218,0.287166457420121
3.58846770946204,0.761626449488068,20.1292683556227,7.75444793338296,0.0337109270692738,0.739540711249869,1,0.100773450922104,0.467418301504344,0.745033572212925,0.242975295231901,1.16980146707736,0.230407540001123,0.83521614666426,0.260421334585789,0.952555730676555,0.238689705851744,0.758504810204498,0.280307546782823
3.78278162959369,0.762749352147885,17.326334701141,6.99465890571531,-0.274266604108156,0.25799580948666,1,0.0400362195549219,0.728187618663119,0.442175031846722,0.322685272219928,0.90824291303057,0.26876656627637,1.16607225217641,0.300752632155853,0.993520823023503,0.189939012308877,0.941714182200509,0.238528784500891
2.75672249991742,0.879617344231453,26.4633933478881,13.6772193699411,0.00875762404983478,0.815165239977978,1,-0.229400916245133,0.643169358667008,0.924587542209086,0.336806098269913,0.419366544598803,0.291733861352117,0.993577635505983,0.287817225802506,1.03100975229612,0.32899992742259,0.12896152290698,0.405965729247172
2.97287012095771,0.632592161032535,17.0596623985652,6.10787649010359,-0.445627116290351,0.214140648926487,1,-0.734070932287651,0.516019403140615,1.0342451808032,0.242910098091488,0.478567093563819,0.253904160067871,1.10435061451638,0.213327847941305,0.720902557219278,0.200066843433548,0.385775261147212,0.275689408240046
2.59920065013661,0.549467454013469,11.7819627822202,4.1429009773139,0.2884881285246,0.566733149917322,1,-0.174302308428284,0.394265924273429,0.8769033730054,0.182310215665759,0.625178850881752,0.209261084043157,0.623913973542433,0.248026712678742,0.625940783009662,0.248849155131531,0.588773888727752,0.239474837250662
3.01004704091689,0.982799219777183,30.5561255782925,17.0564026005841,-0.3353056483882,0.471545497421986,1,0.0100774607305734,0.703280002116292,0.86731938076486,0.405177539255917,0.474490635688946,0.357416848947097,0.757088267734014,0.367158982478808,1.25125779096476,0.253411130463222,1.14363709358016,0.291224509865767
3.06765489650938,0.761656342785942,20.8241976455413,8.38952813759185,-0.333925098162905,0.325571455961473,1,-1.09995458848135,0.549157346248097,0.920399235186866,0.202975263099292,0.812347950241846,0.257558168213978,-0.12859848672192,0.428066413616637,0.962304618987518,0.226111187810899,0.640158348805396,0.324117723385864
2.84991584246264,0.562860495384203,13.0094796592278,4.49464608433217,0.0955707239127477,0.297639603781076,1,-0.223447105208362,0.511967497346672,0.597185229938457,0.233994549061575,0.62558654403706,0.25041760814595,0.731979800062355,0.206631391701024,0.28479170903351,0.290351577961549,0.653148682316851,0.237858628839416
2.87801173887306,0.608607269572595,14.3421682868974,5.29583005865155,0.24451236374664,0.618926052285727,1,-0.417117426619173,0.654216577238774,0.739885106584622,0.289606187468351,0.697579453910158,0.201303951689257,0.695328129819346,0.212917459136986,0.761149431984068,0.217158305719533,1.11335307747188,0.240088306995244
3.23421176053946,0.75523631018811,14.1615033175775,5.9006659763909,-0.301446457425835,0.339574628896161,1,-0.626481182290478,0.506309485383166,0.893205783948317,0.260841121047527,0.397073680959001,0.311357065809191,0.884644242899611,0.193858861493271,0.553874767986792,0.337790835295416,0.854902903589258,0.289907901367242
3.22402529818367,0.78908826255082,21.293208378157,9.12073797510617,0.143629743836329,0.712514159213116,1,0.216021351645896,0.643384973428157,0.58330844528821,0.2848706893224,0.896911740418227,0.207713353164411,0.567295787164735,0.33283342459112,0.738065256797495,0.326514851017737,0.973169849498412,0.231871291420707
4.12254391636732,0.800750056090223,14.2026072798876,5.56690418414119,0.125171124491923,0.58346766404629,1,0.707339023943769,0.594971032375997,0.452266507576926,0.310468323729741,0.544457121658326,0.266817296876639,0.861832635355104,0.281251648213851,0.715290211601862,0.287295795932462,0.325692484561182,0.269084667467445
2.8140063862083,0.59569228462433,13.6802718396303,5.06942288796756,0.293392668748325,0.473317626441362,1,-0.652351469327482,0.717787855736472,0.725588283709579,0.271739927995266,-0.00223702031853168,0.289606158302412,0.860186754651019,0.240166798628089,0.664444977581286,0.239939551526129,0.848112158228909,0.234077250816875
2.62632509043901,0.660408004964369,19.3298102395881,7.4223734979105,0.0222747059162518,0.488295412814464,1,-0.0838223344247051,0.570557509472221,0.447852415813445,0.289734054685916,0.470249647184461,0.254105543573994,1.10941302087582,0.190928585402507,0.734251905994285,0.258554189450253,0.533624293894345,0.301982143565027
2.96439714425451,0.519385683110329,9.33790574865352,3.2942956419714,0.701494560561291,0.417949402337359,1,0.351090496437139,0.532226645016513,0.710129546934722,0.263072827563977,0.499164395438528,0.270044438893864,0.520184822820278,0.19009226151182,0.649273136077883,0.194997504754283,0.734063949059909,0.235423962299932
2.87537668094587,0.798778413959608,22.177662355554,9.21109103681227,0.0178626710576137,0.528031338423951,1,-0.157194424095354,0.733512851812293,0.602743272959505,0.276859349112345,0.914457037682276,0.229379738175335,0.740076882198075,0.244226028691232,0.601906413424231,0.308652027300839,1.12772376791255,0.280975758007465
3.18803148518994,0.641228067572149,13.7701505302063,4.66969823181873,0.0477144645370491,0.424235994886216,1,-0.0367860397844129,0.622576921540686,0.477888152608937,0.313560290629542,0.807121447028344,0.160130139577614,0.711386149044129,0.209892768617106,0.751128508683382,0.232964108022921,0.586167654027677,0.220710996529348
3.36248382053637,0.681636645617802,21.3686249318295,7.5728390663014,-0.0564353116656287,0.354647583441369,1,0.126221828993652,0.664852415338306,0.701229013323034,0.309901984049005,0.976744175418214,0.217985939529582,0.455078500945845,0.255679953136983,0.89897698052665,0.155790094531718,0.729594536295061,0.217260828324557
4.02144529168949,0.926627414181391,31.5354524033942,12.7692677917103,0.565012013371899,0.709716271966192,1,-0.252852905432261,0.505878756959986,0.809855035724326,0.290384699802304,0.992523581481595,0.326662200450801,0.775756428642953,0.231950976715575,0.719241844409521,0.242146123763877,0.869202829699026,0.24696252252191
3.85934822366307,0.730512288275847,17.8695986518043,6.42545661761233,-0.236107180993805,0.261168452998101,1,0.097225448614167,0.511436469328972,0.634136469202287,0.242011046063041,0.781346264454689,0.18106521781397,0.939322382514218,0.254694582362731,1.0315836547545,0.194206648944069,0.812647074615892,0.276787481171372
2.94742041651328,0.721963104560543,16.5337043899847,7.06119359065647,0.224254392578039,0.630407079435851,1,-0.0508962300199028,0.499599058487672,1.04468672973343,0.168735620520927,0.763639797149086,0.345813230512135,0.83523207358648,0.271205084884661,0.723834757274412,0.239773617019995,0.46606426946828,0.354610004090958
3.55556738385862,0.900019195869237,23.539113958354,10.693438564712,0.0343657097370904,0.486539665768324,1,0.167334258786271,0.645276674571113,0.705858725297653,0.341233258684529,0.794715206427098,0.265541456354312,0.909526496101942,0.216845910617471,0.98848621207943,0.227623806313524,0.920756343660975,0.367289952844634
2.63943646027224,0.649348297350231,13.8194097287613,5.98958857226089,0.689060774672435,0.2786750085472,1,1.05414488626176,0.537288629073406,0.59317134955086,0.298570230297433,0.414749636408986,0.27979497565501,0.390824230681219,0.2517566085676,0.863405295978809,0.219318275839013,0.0218894007936486,0.321798856226688
4.41845091886228,1.03026733787055,22.8638375481395,10.4210403939163,-0.179120491242485,0.44485615178341,1,0.75205174608891,0.879101914872609,0.732594637185662,0.260234510741339,1.00381761116231,0.311622459573221,0.37534247274624,0.406462605808451,1.03407751804393,0.202720605207646,0.728626528122584,0.335103543692173
3.55379626055107,0.748776884800053,14.8026868391764,6.11536956008721,-0.097877106058039,0.481135068565275,1,0.192889921760786,0.467228517325642,0.685813023350984,0.184483452771347,0.997652344113193,0.281990037231163,-0.742455856760213,0.620588840408502,0.588027928920688,0.348840308852568,0.741963965670246,0.271149856615514
3.36716713872166,0.867091937670063,22.8606467020461,10.1841877395116,0.100508126094281,0.791939425165983,1,-0.67613355426153,0.675750675152488,1.03201612047966,0.271874762797715,0.647810906676236,0.286166318327963,0.184114611182506,0.382613269726278,0.689976701911943,0.279141397721746,0.9831379329852,0.250089495842859
2.34351258487491,0.57469302277633,12.3663702669097,5.38203588290966,0.128814663965669,0.67036671136619,1,0.190174280571523,0.443137688944538,0.474190953302071,0.256734782067488,0.688860865254023,0.268698921739107,0.567242607838145,0.284557747728239,0.945255553823461,0.269002451369446,0.781721944604952,0.237997110013928
3.08565446409879,0.788834891413348,22.0374269603604,9.57746173770057,-0.587718190342533,0.146630605745009,1,-0.186374743080457,0.789421983943547,1.07005033121629,0.281223410175565,0.927437097597125,0.247165003671451,0.728613910038806,0.278788833604723,0.805393486262176,0.286584695889168,1.11998487107253,0.250412685449143
3.05972730889223,0.681016702415101,20.9793971521115,8.04004920769906,-0.0226344117314398,0.442438213254987,1,-0.671065008911866,0.622413971397669,1.05465274390692,0.230675784048262,0.680622328076348,0.242868728927116,0.78324046494676,0.264242088108247,0.856839585241268,0.23516935807043,0.356440250422377,0.375564899098644
2.56137781437103,0.72479829448487,20.8616384584014,8.74092854286391,-0.204008045511923,0.296349643476898,1,-1.15821854204173,0.637230493321749,0.959928292467136,0.227278899943736,0.828429914106362,0.285453532123711,0.812977082332368,0.275625150293849,0.752145055115685,0.253766699644076,0.0152448018966685,0.402923931185625
3.29797840100549,0.854608788394463,27.7828210407344,12.5437422738138,-0.148262776508386,0.43451284293138,1,0.3604184939594,0.621332151998581,0.475641571156073,0.409641280647051,0.649969672657395,0.407349370970261,0.995856080880073,0.253703196953159,0.541311006253655,0.355412412709241,0.807165875739714,0.201985989720371
3.49387918047948,0.864719921539115,26.1241195623978,11.0617414728148,-0.275823243296961,0.291272439824401,1,-0.896965353359969,1.5195939056024,1.12906001686398,0.44171004704089,0.746893833851043,0.35866191183735,1.09036848417279,0.210533011180899,1.09937125585154,0.219501753358935,0.669723290731289,0.355057571496781
4.42866798107089,0.86051832852811,17.0886178114924,7.02103909756608,0.190448287959908,0.606519995203387,1,0.49725532563763,0.54176651341029,0.672428041752564,0.354569638088234,0.714292417105287,0.245163367596127,0.947417515846161,0.243989166957757,0.854583747189572,0.247677000233451,0.322858519944646,0.296388152684787
3.3112144501662,0.708769980698698,16.9477827062588,6.73037400737408,0.156049900656654,0.459801039824468,1,-0.0784782000298851,0.478512902767931,0.705863095488895,0.249391328260567,1.06118752578864,0.242363798457087,0.941357644220048,0.173299691640473,0.559280928476003,0.303717638702524,0.686173135828129,0.292023847709922
3.76355812664123,0.85965917224044,18.9542485308462,8.14177761419372,-0.175328116803158,0.34938138906031,1,0.202979178946922,0.635043803723011,0.916687976929528,0.261927831984538,0.89309826673988,0.278803789964176,1.05145971628782,0.249505748287772,0.723758538491072,0.337646126476517,0.93157307737981,0.222527950165868
2.21098088520946,0.53843135887201,13.0142581022269,4.495784926406,0.103840605014942,0.460351149237786,1,-1.25465718119068,0.85502958374721,1.08214111273411,0.298107231579289,0.426153412801951,0.31564880847553,0.387286388761432,0.235291194103032,0.980722858712111,0.152120346084835,0.480848267567026,0.19326797360814
2.4998222261091,0.553536732129623,10.7987732021541,4.29162141738197,-0.0406675954789096,0.312009788412051,1,0.367120416629794,0.57365418501644,0.504941253536822,0.298566522730163,0.281531722366989,0.275141912487969,0.576203458719568,0.271810487717994,0.750680687396882,0.185595856607203,0.691075593982604,0.254911184885723
4.46646739412219,1.1096457078186,47.3285011758647,21.5197566235395,0.557141252732119,0.493299285823111,1,0.0966144380006922,0.633467679062678,0.65895011900451,0.44132760407647,1.02737440842523,0.237175274193003,0.964393611997058,0.295857536871582,0.773800148990108,0.309699440598569,0.975962771317008,0.237171682247401
3.61456682076989,1.05940618807533,38.2509276619536,18.9554980302739,-0.243960546256981,0.390018667594613,1,-0.10591235994773,0.569925676135739,1.0387474273178,0.19701050631427,0.726637845553139,0.283633949867899,1.02580139889376,0.338615032592954,0.682649814952385,0.394274417151734,1.15640655091545,0.305742053388499
2.38033092589974,0.468843276774678,8.90880952399962,3.15643985676469,0.255160804584511,0.692249945351967,1,0.315843847287986,0.431922568142853,0.484310756861745,0.207644285412865,0.339898765412341,0.239774260113499,0.414124491365839,0.233988037380161,0.519184458744837,0.259557922847861,0.746701540875519,0.242819724306557
3.3612062477211,0.587436927329873,9.88125426361818,3.41549834999206,0.265147049257273,0.584062471517225,1,0.475176037955705,0.550279784337112,0.360658254977181,0.280097412487746,0.911025409026283,0.228415878558202,0.517924781286701,0.251196067838438,0.982313564374384,0.183876196845168,0.656988787430233,0.219463609594284
3.22873931650002,0.859183972852612,21.9116749880078,10.986331355454,0.133112357844891,0.667719581442291,1,0.856927150511895,0.96555833594857,0.765092249922538,0.434573310516722,0.804428171197205,0.243895824342017,0.354207407585033,0.312422501630819,0.905456020686715,0.241125133595534,0.473560564491356,0.429554798248355
3.15672086084564,0.638373843583632,14.6942311209946,5.71751876946645,-0.242105711565906,0.310269881307478,1,0.618206798816518,0.397793359234398,0.843056365842862,0.202842057435051,0.659442123018926,0.220490810980756,1.03916049354613,0.223656660705211,0.695688707604166,0.29574892859407,0.903829612953342,0.199194522696183
3.71116842731496,0.919831764422466,29.2244912982641,13.1677461586422,0.410609091466468,0.787195275668791,1,0.142663642134275,0.617964602503021,0.994854717805777,0.181498558399855,0.550155825623355,0.345069311660041,0.984931572854301,0.212125198755209,1.24332948000224,0.335013608052489,1.1615584503001,0.386845641083754
1.7815810005411,0.701609584796305,26.6041613856897,10.3234541304881,0.273735316333832,0.677986649828431,1,-0.306662031999353,0.577343768552631,0.690902994008578,0.270934735215956,0.421064475449823,0.242040771890475,0.948737884415356,0.218719885541445,0.687636177040517,0.241931517618542,0.897491326237828,0.256900311789872
2.6508236980645,0.550335336364822,12.060749332858,4.30213750936223,0.231161157661541,0.396869965602327,1,0.478092703053105,0.556940592479585,0.604668195850106,0.287391973765361,0.733870159507337,0.287752884772499,0.617636733764436,0.236146415548628,0.698543825835521,0.185567513230174,0.651614674595181,0.255539257784203
2.86746664356167,0.545684710041007,11.7291654575039,4.06685061655332,-0.10256796347049,0.431451922105257,1,0.0448322430290501,0.577010967528221,0.740272200858414,0.274851781025381,0.81686441671318,0.231308596676713,0.611556980016272,0.207381421267678,0.521203285083582,0.265156972149228,0.672189136550956,0.225326477654464
4.18978934631394,0.961548997567751,22.1802350975272,10.4666409311836,0.35223428601698,1.11614129592267,1,-0.542700980023899,0.600051631258201,0.745791995762647,0.1952140833604,0.894293938103477,0.225196196350161,1.12296979245125,0.303078693701809,0.930265600121473,0.307253492723747,0.113399102722902,0.467578229989104
1.67935954055622,0.402801294954072,6.34161143892831,2.56835414277224,0.85459334997913,0.116583873641038,1,0.301809614960943,0.521734853443095,0.138364017435799,0.287529285261041,0.818160020563195,0.249353751625457,0.180601956602013,0.213032361056548,0.806848282313588,0.206568524539617,0.4261748709009,0.279527448446313
2.17503143560952,0.519249198632888,12.1568831500782,4.32410665946184,-0.109996119440358,0.345944979785896,1,-0.504832311678549,0.516699133186717,0.741554550020648,0.184451941390058,0.409140741304496,0.254093996399241,0.551563202838156,0.24274723379006,0.376935300210722,0.238234732347146,0.492283883803765,0.227699942244455
2.16447773109701,0.475044033181673,7.13958083456449,2.63000557350231,0.335661111297727,0.44790333798681,1,-0.592285868636621,0.596863872813745,0.683793027293273,0.221385598769513,0.758560637249292,0.175189861807716,0.425419281515659,0.196617509322906,0.55357911964759,0.276054563494718,-0.0550092717206584,0.301380177802575
3.14892602488882,0.770363694089394,8.81526435735331,4.010566082038,-0.457561126592515,0.299968844909101,1,-0.0796048285312859,0.493870861064641,0.604574781250018,0.247873781670271,0.734383380645452,0.294052507176117,0.263158657746753,0.336749853232898,0.867934190871236,0.267389786523861,0.52582530205698,0.323523549356052
3.03094699190657,0.630197584465383,17.3722881022841,6.24359303948464,0.749399828510899,0.253711159918705,1,-0.00990462928278085,0.450226394675727,0.584940909509696,0.222714016004933,0.953542918975843,0.197114843576581,0.486031630506402,0.205543935006953,0.685014100572707,0.29328902457133,0.71570176879024,0.229552508330655
3.18188178147712,0.611023770774363,9.43017947242357,3.67533459587293,0.202824295427724,0.429036035396606,1,0.392377609605524,0.443087164114336,0.734821336419223,0.175746889668374,0.338234953952028,0.29694370813236,0.855485278334647,0.230466775670026,0.513778206378176,0.265360257685545,0.654690322087248,0.319413825201402
1.22821580702912,0.435817265322392,11.0019222828377,4.03527900529257,0.395241722197715,0.525741429482999,1,-0.0897850505657991,0.437739562456086,0.843014093623239,0.193846026602741,0.576576136567295,0.246481275796504,0.594023111528381,0.212592221662159,0.641059824874074,0.308815172348705,0.595146750076524,0.287545021936025
3.04752604648028,0.603530922275258,12.1402472121672,4.65997475916804,0.405624987577275,0.654705224350036,1,0.754533381007337,0.615278538813419,0.296009082126383,0.341810327027605,0.670023887316324,0.305395943466074,0.642765244661401,0.248986704096915,0.78884090169814,0.213716653444624,0.661965880628247,0.256852606239359
2.7666707881497,0.661316163789831,17.3729235566859,6.67924116946642,-0.524974600826997,0.214761257673071,1,-0.0972778106822855,0.680211523484715,0.928371512846699,0.249771550188362,0.655017426307583,0.246578943582004,0.968929596802091,0.220436449607904,0.786659953925648,0.234366809612213,0.959207879795134,0.219944121384304
2.90417995342665,0.639375264983835,14.5907876251918,5.51423966138157,-0.408621909779616,0.204637216163611,1,-0.355740711333342,0.454251937896401,0.505827080847092,0.236730942357119,0.984248419202474,0.156832543619064,0.543984956806899,0.291386575044338,1.00533844254808,0.234364316390289,0.468885604286697,0.269959818155391
3.67348528287914,0.880238004156384,22.0164471104838,9.6032633161122,-0.116568933051964,0.491187233307919,1,-0.222714189379872,0.462055104815317,0.870102703920939,0.269499103627262,1.11447162462782,0.247318560415865,1.1198621344452,0.256011497908108,0.882504713178512,0.308111738034666,1.13660889771468,0.225867763513082
2.81724063575241,0.594390942491384,14.8449392311418,5.42799903029646,0.769496577819159,0.228429246926055,1,0.613345042092101,0.514893973670404,0.607098919572776,0.251504440364819,0.884808641660927,0.251553379592875,1.07506994927513,0.213064623893196,0.668009182273551,0.250175951237885,0.974013240892356,0.194096332711781
3.92696990420464,0.897764927346754,21.3605482642535,9.71773076263987,-0.0503890660575195,0.477641006474052,1,0.665746852825595,0.512622641175074,0.683272004255369,0.246374904913143,0.710191931116193,0.243005814134923,0.58488192854227,0.250171284121153,1.22577183495086,0.269322516953353,0.270117903171095,0.405164809862282
1.83498016986851,0.557745674892285,15.8218962788344,6.06988781098435,-0.52327264769745,0.216577225882206,1,0.21458923838662,0.464010774625065,0.713629853555934,0.247172158458239,1.08647526031469,0.165425305828868,0.748436491001155,0.227286251307582,0.2521615526755,0.381903898044973,0.982987448855762,0.301041160819772
3.62463359731192,0.716436897122412,14.2154401160528,5.6569383695838,0.772635829860931,0.286739012413339,1,-0.0281960332139649,0.730679020250858,0.665461590075677,0.289973281664998,0.838964481624056,0.197379450868513,0.802529525442193,0.261090501316646,0.927347777922892,0.219730285268729,0.207708609614507,0.414066736177787
3.54064486178276,1.07122079804157,35.437338849428,18.6138069945998,0.390347259362839,0.792570075575768,1,-0.0792031880959303,0.765347783206178,0.730746171010116,0.518578595503549,0.93700313610054,0.286062886768624,0.735671754639161,0.256586257536615,1.31663372977093,0.24386401331496,0.57306002341708,0.408380556313861
3.51576293619689,0.816180992229933,23.526303742533,9.81920030670605,0.280280973436211,0.85506967082045,1,-0.0894602978470509,0.424855111623656,0.728546956982298,0.199294402998744,0.536302483223432,0.294079062784827,0.967291684648462,0.257722409944728,1.03054194451598,0.249216347899659,0.710857133936516,0.333808666298515
4.05448969708746,0.963934901964727,32.2061811813891,14.0634986374051,0.102210856391142,0.759653956874231,1,0.526614977801528,0.599729187042164,1.10302072825726,0.321909515413046,0.909345051794926,0.248051117858543,0.265493022292062,0.410517298873832,1.2452708998765,0.218176311904309,0.541444402642754,0.276681741852681
3.54604528495111,0.649495101044403,13.2103748362981,4.90546231060396,-0.0665617890013789,0.344289495713107,1,0.226545429095368,0.557474753985146,0.745619302942183,0.240545663615059,0.690578742093948,0.214430981925939,0.825907419084205,0.265312497735259,0.985997173204849,0.20330618432429,0.684886040803032,0.317116563573021
3.03378857861606,0.725389320677949,17.8806005299814,7.35868804943643,0.417247708861523,1.10853131907925,1,-0.942566436331479,0.891739532401883,0.772214377603572,0.349065585402539,0.774194557527787,0.252993997647941,1.05820398948848,0.218611090270482,0.304438495101138,0.331266614634084,0.895501177594047,0.251572064712837
5.02770395163464,1.5219789019639,34.0689189915608,19.7024021826319,-0.472288740191235,0.40569676798259,1,0.279451145108183,0.486154282577004,0.653858801578309,0.377288660758495,1.22540235239778,0.319715114798188,0.823575463190616,0.39643728666771,1.12876093539092,0.349288634159134,0.548530692378655,0.463921552968766
3.4047414101726,0.68083242412347,12.8233833625129,5.167883949618,0.382638645699284,0.661188498577701,1,0.33518734200169,0.656376471068735,0.802597432642762,0.233402582766541,0.430156873185409,0.307588252622805,0.411664955820325,0.251374063160964,0.765233610028708,0.236359529218045,0.733812677669304,0.275829280363793
4.38815602407138,0.887387276844251,17.346415492584,6.62733983850354,-0.231205387782514,0.247913922339656,1,0.0706291840097683,0.74671575320333,1.02786586441203,0.17774913446428,1.00004616960367,0.239902437455748,0.654181349039142,0.206964338639694,1.03513407676796,0.242127651443565,0.972835486624574,0.262554971772476
3.41360032697076,0.717228543815699,14.7924738184443,6.10996305884945,0.400610523409286,0.760287524928111,1,0.622847895066191,0.486019770160289,0.896257644818237,0.261115490112422,0.77425231201101,0.25522329557439,0.416065440099913,0.325822203501664,0.720619006677619,0.204800173701974,1.01103954591552,0.235270987361646
3.67804963325,0.789220904822094,17.9777673890213,7.06330211587606,-0.113619209836179,0.424106661258588,1,-0.459007418868621,0.795728539349548,0.958875060149956,0.255634327066594,0.585443994514424,0.286040411838675,0.873434520688539,0.241175577405401,0.723537388015818,0.263424890090725,0.647088803156232,0.239286951698631
2.28061594373566,0.617644339321421,14.2775678916562,6.73246186199738,-0.066986566823549,0.593435768632768,1,0.704061052420044,0.384550289187023,0.43188785525104,0.310138825165502,0.695417522244981,0.167106380178537,0.280301891231712,0.382890800605584,0.555986745994931,0.322563105034855,-0.0916307053273469,0.464278973791143
3.56483050967928,0.747440687386586,18.1123922135342,7.15405290545096,-0.0909585815548889,0.420398425106225,1,-0.101592556026967,0.692173250651346,0.79689246670414,0.293172966982236,0.704069427209573,0.263365731394843,0.767109979936404,0.24229335944804,0.685066227641803,0.261652369566664,1.11646562913653,0.206655438012961
2.9548335051704,0.573347803772662,10.9131936105873,3.5150725736072,0.420105775491523,0.66684094380873,1,-0.093739903448821,0.470472500726611,0.804999636511315,0.191221885725969,0.779633827086208,0.168618858908124,0.898726364772017,0.184666832327993,0.666764601037244,0.233362466026606,0.282406999332155,0.276659782968367
2.32578779033993,0.659264144493887,19.5874885426544,8.3025264285122,-0.226718054993155,0.322606405573112,1,-0.189329110855887,0.509961047828347,0.700967366405073,0.182952203141967,0.907006894967324,0.205809462774792,0.609501064529029,0.274404749218426,0.97302225281507,0.267328595233651,0.159551703384127,0.4918418131568
3.76168261653842,0.947078338069045,29.4747343284738,13.0007623952451,0.404626672008199,1.30648441607502,1,-1.27715115134307,0.571438718016132,1.13599500573118,0.213708658382445,0.811464010045439,0.240911696856622,1.40051917971633,0.328535885403091,0.569525315454413,0.488287256843259,1.334997086326,0.273380558024827
2.80446264220257,0.502192366225222,10.4130929155035,3.51866742704638,0.0879244775295445,0.42461715655671,1,0.219954486597118,0.544852835995117,0.568381340955396,0.272241251908267,0.42076342240429,0.219427952361497,0.743978083668196,0.212638673535756,0.62692624389848,0.217476665645115,0.605248770156195,0.225193722751064
3.14754710647431,0.693171532745956,15.9334455834944,6.11655748492972,0.576818050158629,0.713848708181792,1,0.172615196838936,0.636285809028558,0.664718835431411,0.195232110377456,0.323351577451177,0.237128017922912,0.586231823522064,0.234175007065255,0.739255861078008,0.241975856521594,0.565806620577825,0.352985574308239
3.61305109770777,1.0354480533369,21.9538052102523,10.7806877273406,-0.380527697164618,0.306811012054069,1,-0.294780367756921,0.94181557962736,0.647593149765968,0.252616943025674,0.970223173229892,0.316121973082207,0.722413376749389,0.300191249627274,1.10598130533528,0.284619509012161,0.681350890980935,0.333698192648192
4.65632968401546,1.00100774438137,22.0069444747709,9.50609914587876,-0.324096090476061,0.233122092708801,1,-0.0940437496585469,0.687745864229388,0.985361312568637,0.251807291269941,0.914156038678802,0.32608512382913,1.01473558614681,0.21067471966202,0.367587497937582,0.370463882574401,0.813904483585103,0.242358569599002
2.95660347149669,0.589996408572295,14.0345747362742,5.15945972169958,0.349788996216257,0.637504251143175,1,-0.127710422527441,0.66781922132185,0.587403612062051,0.269528014738224,0.864899625542316,0.185562756991787,0.51850579077026,0.242232177027864,0.923679430737704,0.204682655230214,0.478361943720044,0.263390959390259
3.30662735140254,0.655393826044762,12.0347355312573,4.86558877966195,-0.209379054175813,0.317592827136338,1,-0.0301037457539341,0.468469108279452,0.928261322086013,0.225800642299661,0.644543332957442,0.236307804025632,0.484879377293304,0.237836140543594,0.613637113672332,0.253511656194893,0.56959873316905,0.300733039634778
3.26265765265153,0.748004660852807,16.9108189587144,7.33455756300202,0.0983398599935793,0.488912354564993,1,0.348644522648819,0.54810822312359,0.514972596773027,0.217831463611374,0.994203741949789,0.188888774993718,0.941983682109602,0.285621162060659,0.637650067944102,0.349317681199378,0.68690446730788,0.348736159112119
3.06199097175714,0.579027378804881,13.3201853432866,4.21319086100946,0.472917847995684,0.585804748964536,1,-0.588416030079967,0.616027049127821,0.966765085725559,0.230468328336351,0.648413953086337,0.228550434161868,0.697676095188936,0.199415720739934,0.788626672829555,0.20724154319345,0.894023770041753,0.17398848958203
3.44065786971392,0.736443345248313,17.9000631973138,7.08846709793904,0.20704569561823,0.600084422466988,1,0.414354685865554,0.393814783987428,0.609076072076665,0.308962223760354,0.631499542205866,0.204375628311505,1.20717193818247,0.203901436130753,0.900444080042104,0.243247645320899,0.561621977529247,0.314419952870971
2.43934048112994,0.578142770408562,13.8837217180538,5.0658336686863,0.393404224790904,0.909556514920295,1,0.444765450816751,0.630019252173355,0.565779348306008,0.279465694344105,0.850147443893302,0.221154046675502,0.605242703109269,0.238855968984506,0.912351644119657,0.217209431462101,0.599219558723561,0.294934768259205
4.30916952153982,0.774964727718817,22.7713249409061,7.83831880269468,-0.406785335699433,0.217513618687564,1,-0.539687754772981,0.497755042941271,1.31091207719755,0.190136886714546,0.927077608300266,0.253390163669922,1.15312613740405,0.240573882575292,0.606909086367294,0.210691303648227,1.11465984160905,0.213156226499516
2.06051583105133,0.67774083683134,22.0720044374054,9.33354161330927,-0.104255673267614,0.406470204224193,1,-0.659334888417848,0.670850214882644,0.939444910168271,0.249557489233809,0.636038771779742,0.23704245700985,0.868458388468265,0.251782013278119,0.614595694829405,0.321183877333669,1.02269366444434,0.293384187715836
1.96875111412924,0.636575069796076,21.6739863506194,8.96249931935033,0.341256362263442,0.728630973563302,1,-0.8223110405127,0.75748083425787,0.773012243971606,0.272577149545074,0.73964725126028,0.20770632679658,0.756957087841392,0.316066825207452,-0.0449414470793857,0.412683699224715,0.872747691468176,0.2412923039862
1.90143255625824,0.56624169007318,14.8253238088237,6.3156856369299,-0.0486937765556317,0.463025115861391,1,-0.62015214435301,0.43383818247528,0.694120812180118,0.212212342457775,0.612238058744668,0.249489086227839,0.579673389747673,0.320974147553535,0.152117806790349,0.286705619980204,0.724507536665167,0.277810543962344
2.49966457218902,0.570638647854156,17.0100521220435,5.91978572230621,0.428815078170668,0.490486325492667,1,-0.125030401943506,0.431475857011099,0.248940172106617,0.264129332516801,0.654538879272662,0.216599466753239,0.467939346391551,0.234948059919318,0.546616722817012,0.23244594759057,0.444640611752088,0.25196610069575
3.5147005348322,0.70893635494687,21.3017757628743,7.84344362213232,-0.395700025980584,0.14051329414866,1,0.936840220560517,0.565182852323261,0.856149011680098,0.176258336724016,0.761742907788739,0.216476535018437,0.720691680521978,0.282536533616702,0.374865618442011,0.312829079840809,1.09419186896023,0.227189750940794
3.10639846868315,0.590534566340134,7.60175600346665,2.68275160359008,0.517929552917139,0.81122622202163,1,-0.319000604774251,0.527041533719491,0.936169061276254,0.185128577869772,-0.185263973534377,0.379488618475001,0.648208650252137,0.215785846660785,0.561680117562818,0.247186730282788,0.578802484683672,0.267472232346939
2.55954252255127,0.554591899604596,10.2327465338228,3.83179905185787,0.458043413987169,0.462164687046338,1,0.306072110596776,0.489703255809075,0.531019147042917,0.191079741557048,0.678847630464094,0.176150691912258,0.616335543135367,0.294963247570378,0.218314872401965,0.311593446884112,0.632315684811013,0.292112109316505
3.21911440406355,0.554420991387819,12.7148447634533,4.19725436317101,0.39009327630785,0.709094702640905,1,0.0947533819031057,0.537956730473608,0.420597473213401,0.252618086222422,0.810963145956368,0.230493790311422,0.883108149036176,0.216762216295226,0.547120393504478,0.281862635658833,0.720744529654016,0.220680662529691
3.13980722971148,0.804832687437373,24.7221807375045,11.391744396455,0.112581515532347,0.520239669745064,1,0.202921485162454,0.612533854841952,0.905742859973673,0.255374263546648,1.07045873396853,0.255783894783509,0.299145776638225,0.358979901279059,0.864163244546098,0.273834011731246,0.441965445769464,0.331008268161401
3.63000043606572,0.784976357787014,25.8873831255266,10.3187167626858,-0.0370653443345845,0.404752613680316,1,-1.10243273329892,0.800458346098738,1.04542708745329,0.284444916400293,0.934262780567771,0.196546150396176,0.667827334342533,0.214921630708637,0.858820223528113,0.279603853750343,0.452882964301709,0.345352175464354
3.29408558808556,0.869801878652827,18.8977706437228,8.65702800354262,-0.236859178753019,0.565392996901748,1,0.394384994353492,0.659399713763713,0.657400121409491,0.289492902705179,0.606192353634407,0.297701741794195,0.972487866862994,0.314509270723594,0.41226586844644,0.369116983235075,0.8139632996743,0.258450291877331
1.99767203850111,0.495269868606082,10.5637880211741,4.30137216157653,0.230372194755653,0.421800797709637,1,-0.239401237376039,0.524418994322245,0.482016844221601,0.296418799733962,0.255435422151302,0.317209326405494,0.545113583794447,0.253608579384903,0.429892992627119,0.288629363563165,0.396003203341789,0.235575828695712
2.919714834887,0.723330952198018,19.0861824057624,7.54127752002186,-0.158948272453662,0.446657306136762,1,1.43574528594453,0.657359536043343,0.606372691716738,0.269302927655862,0.282644488464987,0.288686763431298,0.817154766866189,0.254580055911244,0.501066480127672,0.295140028434784,0.719946263678114,0.248346725733241
3.13058568903454,0.64709672082022,13.2824246875076,5.22517298856536,0.710610258129837,0.293542817565214,1,0.587386417426838,0.486093760843784,0.745409130475412,0.164224480860816,0.366174967010301,0.275480825820566,0.84714531999165,0.2883219560145,0.852771954095558,0.257685590571828,0.43025760297452,0.232467199979036
3.06395123416025,0.644719590737614,14.6498257988339,5.09009897656544,0.50138269010888,0.562954145398205,1,-0.0852250782366245,0.554111802831829,0.505178544447771,0.214128351378337,0.599460749143619,0.239134845985742,0.741354680528171,0.177482215787437,0.770739394847829,0.241538929586147,0.659754961274392,0.235902064918874
2.67857978929022,0.533284156412072,12.5462717288682,4.68190726257707,0.0462512377118703,0.366574150903133,1,-0.0249160752627222,0.461872100450757,0.750268958779141,0.238584137471328,0.809480214700978,0.230894889858342,0.878124821052591,0.207228285200088,0.830127453050777,0.295482141057961,0.718059674171363,0.219453560672191
3.09178796561287,0.647446988688335,13.4462912911023,5.13206328384983,0.150145629031281,0.563421731056117,1,0.334146843055068,0.499941992733111,0.686022736639472,0.253786899269409,0.988547564466594,0.204754510887447,0.462562492055725,0.308893774004281,0.755191155575506,0.255128220478065,0.978897114529505,0.238911341278949
3.91547581439963,0.878393896337443,12.6832630473605,6.05885132561583,0.676635090841218,0.462280315728467,1,0.955858431668152,0.59111451635564,0.560543514259031,0.376993333101644,0.814347259321035,0.226279809829237,0.761164522985244,0.262843070168887,0.81339553231983,0.32497394898445,0.383471403897133,0.374661240349046
4.19193553585665,0.91825113728754,20.2185986118054,8.72278112406375,-0.0389753222067687,0.372384012039696,1,0.580271941489289,0.804173186039954,0.493416674445283,0.435528868237165,0.992597119254852,0.214994870915203,0.539706507304692,0.295049117729951,0.696815342197013,0.267783771594806,0.420889427332871,0.364504243560492
3.63470918977611,0.832197992787464,17.863462770181,7.65989964835197,-0.504773104084894,0.306502620208852,1,-0.332129011537612,0.513577922255093,0.995545526173626,0.287406812930633,0.341987947821469,0.269474944597894,0.828473066308267,0.257294994147018,0.622864984912148,0.274368595221582,0.88889703868897,0.235372371059524
4.17570252864675,0.932072820803914,24.377638296717,9.88768288096685,-0.365683075089318,0.316857438686744,1,0.235214245630887,0.618717557936058,1.01401789989347,0.195236197701039,0.545205119859434,0.313702190487303,0.79791623366165,0.268870963099206,0.597610033807691,0.304645679297267,0.641511559110189,0.281946684848885
4.25423334302081,0.823545013327721,18.3370695217869,7.42561637296463,-0.462232752175912,0.270052174429154,1,0.135626152277801,0.840773816529091,0.842089258498114,0.256993496823818,0.635050814471943,0.302259584899809,0.421012552641159,0.324758856158187,1.00127100834514,0.269162269801431,0.849442948100203,0.269537204370074
3.69837127491671,0.857195573207377,28.1693233036965,10.8409081489991,-0.0912031812755961,0.524999140312158,1,0.664934847672077,0.641693787612641,0.853129052527239,0.205325576606605,0.692355904603795,0.277445586381795,0.883158987553547,0.27815517936819,0.920193111536493,0.343492718826747,0.501456240319051,0.419079057850076
3.31135064003056,0.702236070211733,15.1157686919243,6.69709421263344,0.506537439497242,0.596953510793577,1,0.609892966417227,0.498729528105081,0.566777282801748,0.254805549182696,0.542278923256017,0.214091388299451,0.341722339366227,0.310913924848231,0.290012464424465,0.430144129419869,1.0957228397064,0.254370604902353
2.93769559152941,0.716685289781822,18.7717886179372,7.46253726771192,-0.141461766268796,0.486718487263968,1,-0.443132861313601,0.950994494781228,0.809069180020618,0.358522086080098,0.759850969918976,0.230598384078874,1.18894535161687,0.20717024817589,0.487250651983665,0.293631690732766,1.11007531539581,0.24459981126233
3.20864693752681,0.680277146552098,16.1865525951812,6.15784204603653,-0.255091400294622,0.353508386943772,1,-0.388669116725459,0.529339937433236,0.989943065120458,0.235906722520025,0.731461128140312,0.197548132371567,1.04816847154161,0.219247510798257,0.998440139966064,0.25330273475481,0.705437777623983,0.276902865055411
2.80253151658505,0.473836931111359,5.9143849243288,1.98659648973863,-0.06886858057856,0.302196712129751,1,-0.40554898457472,0.297681224844135,0.542421622055712,0.225944232248877,0.491063010052012,0.222527029738786,0.697308805028139,0.198049890975231,0.834592816744438,0.211104482746269,0.64179870611109,0.206268953910079
3.05308681709602,0.620780557673016,18.8179395406639,6.03329633451535,0.834928807915227,0.133746200257254,1,-0.417942653880376,0.597970478112384,0.947763945529441,0.252741315020213,0.913286389823638,0.211935509060543,0.95992514585966,0.203812730523772,0.590924820540917,0.198009580542463,0.841242204008974,0.214410970606457
1.84444529923864,0.556012040746501,14.8894200225621,5.86791191071454,0.222553887434859,0.587272391166304,1,-0.619916540263457,0.527429636346968,0.712049562006861,0.198957747067093,0.735457521065775,0.186923473177638,0.26269694186634,0.364943325129791,0.606771042358091,0.299655508826061,0.232478380154971,0.34313063193294
3.37418586043396,0.755464335114481,17.9586980007406,7.53763513657477,0.31189221357693,0.831345442568273,1,0.518795734510913,0.587950593700028,0.664094201844481,0.219999687836083,0.497978649124536,0.302090854894456,0.473520387630272,0.28127652973209,0.854649345884118,0.255885683105693,0.757800830389238,0.279578311474901
3.8992525151563,0.876756193492764,20.3948429490997,8.5216729241942,-0.224503811835247,0.42706473983271,1,-0.0993644941819954,0.676856864421864,0.780407582334227,0.288484503756793,1.17132704975496,0.201469455770628,0.568491295145837,0.270675298752769,0.781214176335362,0.297226272259902,1.13348991427827,0.273584533213154
2.89802290691672,0.715111202912546,13.5156561984002,5.83882837259857,0.162956682956862,0.591778477808265,1,-0.240437891016913,0.86579008259205,0.69591038489156,0.307312000749448,0.701062745883831,0.201870704084462,0.0713728049493979,0.367846647060741,0.634230577719971,0.285757374592917,0.645750830368528,0.279782509169199
2.85465029418734,0.792971647875601,20.5981128913306,9.50767404198037,-0.199893352493726,0.31141300656173,1,-0.431436276522336,0.612746058616034,0.851898106893986,0.21286238563555,0.872271587427781,0.267620740037084,0.670316350041279,0.30307444781494,0.625607800359224,0.331779325250493,0.64681575819171,0.3073333272801
2.87434855209059,0.61463960003886,15.372494445384,5.91306949008808,0.161201373606179,0.487612083614633,1,0.827284083859074,0.649035731859699,0.353343634221094,0.369556557613757,0.584676046925149,0.223151252329175,0.221004800780059,0.280749920092813,0.904442623340875,0.229664216256742,0.823410553515678,0.296957900595361
3.0246219734674,0.495275475044053,9.27454113448064,3.12201565060285,-0.25391619959588,0.293481416400425,1,0.109746992416057,0.408581424547712,0.532164124923342,0.203062896729613,0.739187127380136,0.206265421264265,0.694109663462202,0.250158655256508,0.614167862909966,0.236672103555906,0.519556124117417,0.256961083570497
4.31416770499616,0.949865342949497,20.0728075994483,8.0826531466104,0.185500093832141,0.52253710868774,1,0.513331304908377,0.728248220109964,0.979914569182333,0.330157856986276,1.11784218745374,0.255007027108833,0.679133576527235,0.312482616890087,0.836377060368616,0.239781715928686,1.16078634307698,0.209786468272823
2.44118645621923,0.520942163404667,10.696634341679,3.98764131658215,0.0972880424204277,0.38988693900023,1,0.730819559030825,0.613195998350903,0.475706821936712,0.286587917238567,0.728571210006475,0.207995546647591,0.694742286169824,0.261468650455066,0.50074968378084,0.275564761184234,0.851906372736295,0.189883355107587
2.49407134830635,0.496189774692016,10.3663693089641,3.72655903219736,0.629637061198078,0.458707929491222,1,-0.760195050279728,0.829971179946357,0.960414941436107,0.316201035778158,0.633576955698387,0.162145528666835,0.718173286252395,0.168497289398355,0.449223512537909,0.268195642053482,0.513124473164288,0.272690092724247
3.19067706918585,0.58826144284049,18.0123227516316,5.64644831393652,-0.101046547640936,0.324699448957619,1,0.0996466816479627,0.475431479572196,0.548912834262018,0.261901228876481,0.894983853837278,0.215890063991832,0.87210586731856,0.180199811984193,0.748718193961211,0.200822174913741,0.946731977694506,0.166663615844111
2.62941665493873,0.612693025451688,14.775471884615,5.29488376134678,0.261301911758693,0.606139973973599,1,0.207832553895267,0.486806926254181,0.137976408682933,0.283042245722393,0.918580592926331,0.199207017591514,0.293704163138943,0.279459341620193,0.774166413045448,0.189535984535289,0.270701678066514,0.297437057341972
3.13556537299007,0.576527052347978,10.1260902186072,3.43182775138189,-0.221422720250124,0.295387698312465,1,-0.0917708236099547,0.435138932740634,0.411636460130919,0.29839758815155,0.70939848074971,0.244574360022601,0.934776723577159,0.208919572880335,0.804921383630113,0.194138120444692,0.37852048915896,0.24157005748076
4.35430997897388,0.961711116965614,33.0709564359731,13.0668345745254,0.151310500474527,0.706273243049744,1,-1.26494298644874,1.0611828537588,1.00248294432939,0.364149430185001,1.18357503093397,0.270740830137915,0.832830825791203,0.310403971916324,-0.253107835125299,0.468844271772784,1.16829124928879,0.167937658131415
4.07364199172127,0.916293999224542,12.830214937107,5.77016006707208,0.0661026740883378,0.485014173308842,1,-0.0623587610585032,0.702461824523947,0.126049472663729,0.410661338965098,0.90976298018961,0.219260029944259,0.571540883390193,0.233848540289361,0.0906532093095067,0.360285975242368,0.768991317878969,0.302343163687471
3.48963650024862,0.59989230321823,13.7437735460822,4.47189109927385,0.0934337347433059,0.423041125465616,1,0.546296317155359,0.417897010098684,0.399220674240582,0.263221445854108,0.784555388092947,0.199322654743108,0.727766632353074,0.206645276469797,0.684053823233641,0.199797813371601,0.656277806251013,0.242137388086103
2.61749050586895,0.513080156403984,8.40077295917711,2.98984702626193,-0.321809113161213,0.273093117802807,1,0.52344639494843,0.348768562485545,0.453270381147677,0.234142851409919,0.528005513079525,0.260200042338922,0.78681416227456,0.228466609037368,0.724872521658723,0.255971089321873,0.810485057957187,0.214608147038563
2.50892285511132,0.618412973783689,15.136818033727,6.82972636838198,-0.0525105901867696,0.443615757993295,1,0.172011461632883,0.490383661028924,0.517309303395313,0.258054548516432,0.571186387343433,0.230434456163076,0.892857442627838,0.250881847674115,0.346922260667403,0.354741040428003,0.915177148798683,0.270878094425311
2.89066050763092,0.774525934267247,16.3187947571163,7.49870787378068,-0.494335950077769,0.262353762154839,1,0.101864641673744,0.619813409085539,0.83059479302238,0.277391664292932,0.662438294536419,0.323456718717248,0.981521277072766,0.18813229189719,0.956144183360485,0.300935708506069,0.912645616899993,0.287831771274343
3.80582884587384,0.713885420547239,14.0588049842447,5.25771608477263,-0.196860134785106,0.275098846297364,1,0.614865748302164,0.615922781873056,0.673072646639926,0.20555310123749,0.532598839732686,0.312492660657082,0.525190281012661,0.296240208618848,0.935811215862084,0.245590252666675,0.557009681808426,0.209591541234184
3.4173064260417,0.67713881638729,13.4156554891709,5.04009189577065,0.0985230276930961,0.537864416584345,1,0.0833073914093997,0.49934606765321,0.504484376933059,0.287571804733846,0.57871104165849,0.229582715736843,0.651171148644771,0.26826894296611,0.697728156151883,0.252287505430191,0.484169844299653,0.257930916343244
4.02036621758636,0.752260001786572,16.9945181826198,6.44995348488893,0.000318026331915463,0.378125656646889,1,0.747833836429659,0.631705914957624,0.579323690050664,0.382739503364023,0.599065680257108,0.242863029878886,0.797087961838479,0.182774590613662,0.554686892790297,0.296778599753489,0.759865640873214,0.261091869146267
3.43317405782602,0.672239959810839,11.7500262291938,4.42674481001932,0.251712902006081,0.634513299162562,1,0.710377158924722,0.763180686864116,0.613337068670086,0.298715071919634,0.548850666495559,0.266747809292782,0.36603131419902,0.290904695004343,0.659318470594669,0.224468971106743,0.918286367164964,0.195259840213458
2.92086485096128,0.683070913351168,16.1053037101184,6.24386557956363,0.513719011748985,0.844192216687375,1,1.22354873024811,0.687773415196668,0.617475707308672,0.250455978323197,0.557586983233374,0.272723846333171,0.872561792429654,0.204593716322768,0.396279320984553,0.312680973771468,0.560037362216795,0.259109781389909
3.37826198321644,0.709228733580595,13.686735504858,5.79333738898877,0.0457485199698587,0.464766271991334,1,0.213604174598502,0.441958820554274,0.931313481099416,0.237604663735334,0.104948751166446,0.314940960492082,0.495454264461723,0.305274697281048,1.00316470570564,0.216545781748898,0.636608062280535,0.291496832683497
3.97463945083379,0.988839450482599,21.6507822085417,9.85118778293804,-0.272645873333233,0.376223313109567,1,0.468630633750435,0.61171313148979,0.839479366317903,0.274991184316218,0.781565868124158,0.246413503509531,1.08044038481648,0.230740233104879,1.00094281480232,0.307074301992327,0.759746168539885,0.324579655469956
3.13399525923945,0.866870320252025,17.1690469133078,8.35579656154924,-0.629839737051874,0.212148993437459,1,0.211810425553975,0.486336940401599,0.67146005481641,0.251991403647367,1.01361654829231,0.325860713697573,0.358890060613831,0.379303713871492,1.33119366725,0.313265278934522,0.721923473637222,0.340482989519882
2.92275614490951,0.563959058525117,12.4548331303868,4.4081449323296,0.271599237192568,0.401530668848002,1,0.669117139916097,0.388061266553331,0.581710343014904,0.169105854634282,0.869832101052193,0.18583308466146,0.709844187409702,0.218125476365738,0.569365094241821,0.301004991129861,0.274256570762485,0.351233452030223
3.26183702064334,0.697162038111281,18.3226811700887,7.06099067131959,0.617889278242686,0.342899562458475,1,-0.0919177892954549,0.554442145657326,0.907232479625413,0.288558121795738,0.530488812733366,0.246748665394731,0.611322028601801,0.219942546419013,0.931016977521955,0.185811391505789,0.819974345969658,0.295919528543681
3.04574056306131,0.645504791238639,15.4597095423527,5.8943959964154,-0.274022196318749,0.366258018504314,1,-0.726453366267718,0.460395440702166,0.754723660376047,0.196565721336099,0.522126110187043,0.232929784030057,0.776191035368982,0.287863868873232,0.660720445264451,0.261199469968407,0.910304543933325,0.224440317098478
2.72297236951532,0.610890094087444,12.4184473174354,4.66869332788874,-0.133750734088637,0.415034740966725,1,-1.66612844480443,0.703197049398159,1.08446798078279,0.240237833686495,0.642785386869088,0.209402846160647,0.411192291051161,0.260758185745138,0.770473194030079,0.186124053510597,0.611311468570178,0.247130711026077
3.34304092176047,0.802881058095543,24.878562557945,10.1556410664073,0.477076229481098,0.791220570475562,1,0.603130128974011,0.491329497161002,0.856064693377517,0.216715654529445,0.808385046499677,0.303620017812452,0.86410735648083,0.271226544685751,0.4616240975499,0.288098796248276,1.0025963709972,0.238484944530472
2.0942714412284,0.526094011007278,15.3488740302935,5.46402862652634,0.372918641020969,0.488316039737637,1,0.164684760208081,0.534530351592076,0.674950628041193,0.275820475630803,0.517659525421975,0.188829829626289,0.545480765070422,0.263308033480327,0.555177504347885,0.241323939328077,0.65286439646223,0.230319844517954
3.07663382445365,1.02059803905594,39.7343378294281,19.7277012614297,-0.347274914563927,0.296509801964778,1,-0.507334489097045,0.539621325222195,1.05140266423997,0.248769255645161,0.831524357745534,0.341801798797859,0.542728646110415,0.356685273328953,1.06572754735062,0.256742386355701,1.12726774559914,0.280442178891635
3.94981806035618,0.941843918220381,24.0802715904171,10.2815363306789,-0.569382141490322,0.188972167452494,1,-0.161612873588993,0.572815753425978,0.858613387281546,0.30768680066082,0.84033031216628,0.215521995008717,0.399032323553583,0.312615064551845,1.02275075114212,0.223593788196261,1.118756006765,0.24344748385088
3.10513499838609,0.623760429485154,13.2566952562042,4.74957736484503,-0.108794307718661,0.404301200259384,1,0.681552229761622,0.545028707332603,0.8490585245872,0.246873403699097,0.644511065104816,0.214157508289075,0.897106628645826,0.223466516738499,0.770332975614216,0.214187378524284,0.630727235915444,0.271408455038249
3.64107527309849,0.775494594661934,18.1110613986475,6.99347598193812,0.133954617659163,0.594935793989465,1,-0.251715879771513,0.570621477891683,0.452011855472313,0.268907634778028,0.777970537473195,0.214177957900635,0.918945701812796,0.196695539559903,0.558644676809215,0.290770065251326,0.674811406315503,0.287514551020644
4.38353956308158,1.1841687190855,23.7593207583457,11.9934806665548,0.319001076727058,1.09399394191678,1,-0.0827473337151949,0.883458132087506,0.725958417054395,0.286099892478139,0.936345714234665,0.211268004245332,0.948792535331094,0.29037724537354,0.713109782391558,0.363556882959971,0.682012316184143,0.362534816174319
2.45843671541631,0.663720914722587,16.8697764220776,8.13457087221327,-0.325301043318615,0.372837473123662,1,0.188238273959886,0.360743797768426,0.500341975951596,0.298625568563271,0.499266009329757,0.295665540404859,0.910809176689602,0.255766632614892,0.691461482502163,0.262497504479434,0.781713375051406,0.308693336610579
2.54986919909371,0.4776849189129,6.83756370297596,2.57471480517121,0.72738203761796,0.257863439743702,1,0.149208419127281,0.53718511438692,0.599515756123222,0.190117792147667,0.362730679303392,0.208294244890396,0.606165249514203,0.177151424716007,0.484605221466944,0.274241851021026,0.456194146832267,0.298397600678549
4.3467921455896,1.11032250869423,24.3530435656775,11.6057758508995,-0.311079516421977,0.53212397332545,1,-0.172059620550302,0.688881205038297,0.868575561867466,0.291318634958248,0.673128412973356,0.269573124426627,0.761696476570846,0.314621663169447,0.874444042906884,0.361277963192444,0.922132607378984,0.303473073088079
3.27187411888179,0.742724087578461,21.0718136311081,8.46010314466279,0.735125319474863,0.334185797385312,1,-0.120837354743996,0.47382910508088,0.986269692865589,0.19420885750142,0.367391619824117,0.268227823312425,1.02349594527602,0.265582874222345,0.805508500512706,0.252939659321298,1.06286168543888,0.207089045298395
4.14989200917996,1.01396095400491,28.7241263381032,13.3033195598901,-0.343065745923323,0.305590144591471,1,0.911111691629241,0.629105042673289,1.11264834833145,0.18903861992586,0.995013462916542,0.352888946699667,0.579416574734815,0.32860790990515,1.00826764002656,0.283639008893003,0.654514597162387,0.319910576405263
2.73339611570694,0.583895436771127,11.8920474429283,4.77960093972214,0.239831646055284,0.533395673125476,1,-0.260721274039274,0.476931384816998,0.616864206244681,0.183535404412179,0.308884656082307,0.307668094831566,0.728182842652782,0.187680784065544,0.760060196353402,0.26511901855899,0.724725569782848,0.263544510285839
2.87863234992366,0.676801556715202,20.8684082048419,8.21360044818908,-0.158317514702689,0.290379339003662,1,-0.291754557014571,0.480945802505587,0.622734028502734,0.285059154076887,1.07184085056147,0.161386551881516,0.115869212952756,0.370862605123157,0.507147719260273,0.25425990264695,1.02818343467483,0.229245382770377
2.29079683865643,0.710342355356236,18.4918359648476,8.1677433691566,-0.0580185636628663,0.631869088092604,1,-0.519976036349684,0.673513061386281,1.12263866419763,0.238161593312733,0.583154453179939,0.343821316091437,0.406020119930387,0.320750468142374,1.02396800396603,0.24863372031247,0.854997021591519,0.298572308802065
3.07677075803145,0.708963965754526,13.046639113875,5.5329890662502,-0.0378228596056507,0.445801338094472,1,0.290565259199723,0.565013714541537,0.831631223349706,0.192414725506265,0.541773012395712,0.2267556882321,0.585263883133611,0.297991730278915,0.895138645597087,0.26707642572598,0.498068450838724,0.376942237428415
4.34692707290665,1.19257658153522,27.4233674844594,14.6629488927551,-0.147082811171406,0.531163884239927,1,-0.0483092835114475,0.629790163962463,0.959146570309748,0.359907235261026,1.08249169030379,0.250212661600815,1.23718017377418,0.328789482522763,1.18915727816194,0.255863349853236,0.713840232684353,0.380914880763189
4.75456721211197,1.14824926067733,23.9388803174143,11.479838812976,0.322137856120623,1.05274512154673,1,0.991430915490646,0.864375742690889,0.245779882685025,0.476497207628842,0.771887138700499,0.380128213371882,0.809374644274551,0.318473543192984,0.877119523228084,0.23632496805678,0.884630330025024,0.283645968960079
3.44571870732514,0.823293502385355,21.8341811355086,9.45431857972824,-0.0935915193790323,0.474472005029155,1,0.644416652800263,0.606293341322034,0.29409135350347,0.348915480112026,0.84004714114582,0.223094258938403,0.946511741907407,0.260820226102457,0.473024816576143,0.330479256096179,0.815630962643158,0.247488163416076
3.68663464361292,0.767759681670139,23.3007737378754,8.84440824592159,-0.0648058835324126,0.369041131851857,1,0.452610226012341,0.471645287649107,1.00253175162502,0.227716085149472,0.658902330993191,0.22394298820381,0.943920897463144,0.2533702584874,0.771986041670261,0.270739642244339,1.12749062387304,0.246510098536917
3.68038879918807,0.714173953094782,17.7786085877239,7.06715981054153,0.535602467308729,0.63383241762358,1,0.92351747185812,0.454563497071832,0.554626257593318,0.270110712431107,0.382419382163618,0.345457511833213,0.53255406432862,0.265813419512603,0.672390095171059,0.242585953598296,0.787171068316536,0.181303511381464
4.06666472536493,0.848282512638606,22.9971472785524,8.59212737393134,-0.0780285904030977,0.391792594223055,1,0.16038313266696,0.954917080873611,0.947435978301567,0.358211592528092,0.55349505220984,0.256547462147161,1.03439737342933,0.189104155449649,0.838479193452941,0.270482768135149,1.07832501740916,0.205122353389089
3.9644265793087,1.04926489768938,23.9159334352327,11.6944711619524,0.0924868941116059,0.802391296911329,1,0.0421741776562728,0.681927640031134,0.74524396912984,0.272673737241043,0.773157257321081,0.301408296717651,1.01370698049099,0.288215402725034,0.763876772203368,0.332898131329868,0.570183793894046,0.392206440501963
2.84482957343236,0.586305717043686,8.72711500815472,3.55661329945015,0.309876968531623,0.48478555056003,1,-0.990896359635781,0.526915920254114,0.688646252253271,0.173759701617858,0.615139814254427,0.181338497997797,0.611165570385448,0.259396452957707,0.340864616390555,0.311305861482763,0.552606133601328,0.303814061362346
2.34406444205485,0.561620676256422,14.3665621723916,4.98465760320338,0.0617098915873718,0.327249642188225,1,-0.19865016691309,0.526319913312701,0.670456099812281,0.219512743935495,0.58871004650035,0.230712433850177,0.480485527326935,0.24526492836069,0.659551630644222,0.242671591606921,0.403305436156247,0.254137406411455
3.10186454690195,0.667347530475276,12.7022466425881,5.10109013463213,-0.188368292893481,0.410542750346838,1,0.0332083943818114,0.543833778475419,0.516645940629953,0.306927814762107,0.89249457541955,0.215991110334451,0.878645258462529,0.221127007289554,0.555270467081811,0.26120413458096,0.525657683910738,0.247362881637642
3.21000556479699,0.623479819370332,13.4698422542069,4.71268850158551,-0.378408260157688,0.168635048836634,1,0.330459052910886,0.577744275449096,0.599704156211117,0.240524791033812,0.670109584702089,0.188254070351906,0.81523539089006,0.219185509260914,0.520338869644761,0.28465841430526,0.471513217136496,0.328382741413569
3.09556276283389,0.763962019522045,17.9716245182468,7.80178424296133,0.0886400387389586,0.430623074273946,1,0.219855649913701,0.759689313438245,0.498329334050336,0.360181295732723,0.877347764582441,0.225091205640693,0.631759509372646,0.228728028834856,0.677548930097093,0.242891853003531,0.0914434988283542,0.349235484659111
7.23348489474976,2.17791568197228,68.0918010176717,37.7743819008262,-0.863280893881408,0.0942328656360103,1,0.826787483937372,1.19022984636466,1.20567620235899,0.369615546062586,0.985105966526287,0.252728138804618,1.40778546180614,0.366082677219007,1.29099068032002,0.373930009181709,1.50229860624618,0.364182238259514
2.88890060084041,0.603511494524098,10.9976743832467,4.49412370925962,0.757677350673067,0.20071951043656,1,0.548895212833677,0.49908801965369,0.445530281984236,0.320733330242727,0.554966936201044,0.259025478742256,0.598505301191693,0.164445670986317,0.328204626471348,0.284793165606192,0.490209295246245,0.288619029428079
3.31317093731071,0.641143892331446,14.7440441934771,5.44646135170044,-0.226525961307102,0.231959238760668,1,-0.579204358129871,0.593812898790394,0.795320990417798,0.201046679760769,0.686087510905495,0.258887394470114,0.654349487236521,0.244369139920237,1.08500508835629,0.219374466506874,0.701761059686386,0.280296758034937
3.40125214884087,0.841565416372418,19.7016719765521,8.40311934475443,-0.459010882012249,0.309926669294638,1,-1.08402909096621,0.730919320108123,0.825823042029967,0.244169475541585,0.828093581525715,0.231841593933209,0.896091692505585,0.290030250275113,0.0644194253175888,0.456239038475081,0.424637298975544,0.368227024522602
4.62938555358706,1.0696357541046,33.3713318099675,14.5404712611341,0.389010056650183,1.50152807330766,1,-0.181861318076732,0.951951718720864,1.01421028163467,0.370418015006006,1.13271647451783,0.24460652541783,0.643400254445233,0.250535310289509,0.761994455802652,0.293873801288334,0.77049070758784,0.259746783621709
2.96491898564884,0.632767567913533,12.3248883689895,4.95225538917846,0.392440286419927,1.19423155058182,1,0.116713555880789,0.933213080234391,0.678483439527887,0.357002400544144,0.63732656082215,0.268896226322475,0.917249872193957,0.232980835892812,1.14902405894118,0.205519660571561,0.224161467994304,0.330498294168963
3.62158182989203,0.644485908728272,17.6328214320695,6.14228595301536,0.527643539530345,0.458857801465239,1,-0.00562047173811365,0.407305415985558,0.691714173160093,0.185772758098502,0.557385041990187,0.216754515790355,0.758708712845352,0.285103707603982,0.684680622484119,0.248043489550867,0.494773990290525,0.248377873982274
3.10174480714151,0.746364909509536,18.4045011292512,7.3859706347034,-0.513736847113888,0.231797333407893,1,0.316492438481278,0.752600084304084,0.974902901265607,0.20568444269634,0.870573171229697,0.241641576991203,0.706532328877603,0.351635448516204,0.78669922716971,0.266516203370408,0.612030072693276,0.264961769257634
5.51948154532264,1.24309484991676,27.6177356595881,12.2377152792748,0.304747427502476,1.02969464919908,1,1.18545934880046,0.901410034400216,0.532946210510949,0.293145922647847,1.13215349227219,0.273938520078376,0.961416281386998,0.355150691141184,1.26338794731129,0.224306579682875,1.19993716614801,0.234926014157321
2.91498973879308,0.601404248915106,12.1964875226912,4.77508898547418,0.307369307367171,0.82387682139414,1,0.524121510111694,0.456325677926448,0.303888111721812,0.302205873535754,0.806568166100012,0.215550830607719,0.927413148625789,0.227881252397706,0.621954145128541,0.237010406612622,0.830629665643111,0.27172237858608
3.27531940705627,0.758828136062416,25.4002828699823,9.75792907285322,-0.205000901083618,0.41075578099789,1,-0.835675295654505,0.473708437492952,1.04294859601303,0.251682990063702,1.03359685104225,0.268067838161951,0.593583392785582,0.257093726460393,0.870884635550426,0.230410095979214,0.658717256130853,0.265683213174411
3.46133121961046,0.724714373752862,17.0678633895832,6.5620682398748,0.0740994304652708,0.609014863553401,1,1.16859383910067,0.651306211351005,0.249981607130514,0.277407079538889,0.813494164249509,0.227139215244333,0.579777783170741,0.286774259100417,0.82945909363846,0.314235835283178,0.974809132356637,0.217444562736293
2.98827993318329,0.49536319491135,7.38253990306857,2.64799294187962,0.680131823161386,0.544057720072678,1,0.586238123169846,0.490100273721083,0.0723351916411046,0.260509592262561,0.93201414201317,0.170429712525942,0.459523007923319,0.233481634842147,0.707004273576,0.25914840552845,0.832570605415393,0.242860690398947
2.75035040635666,0.52093632047651,9.13790632235374,3.21918898362698,-0.0770360753832341,0.35988652080854,1,-0.12871075575944,0.481150870262352,0.623226886041966,0.20785369579303,0.0131956414841958,0.292951527468635,0.383315003808827,0.243467580941688,0.798549419595592,0.21943205849807,0.4436878792109,0.224617641545988
3.03080245491645,0.564335627863652,11.5696176951133,4.0699660042679,0.540232672043305,0.541745661149652,1,-0.257378661964054,0.537739191750533,0.810558594080106,0.230018015359091,0.729790171248453,0.18657503894704,0.753818363437803,0.21325460521302,0.623486939309349,0.247767635733278,0.40856696556415,0.27548990226949
4.18815390130035,0.979312775615033,33.1013955029965,14.2787348006027,-0.529151816321893,0.217090315588532,1,0.821225300976968,0.67796190396628,0.629337259948572,0.282163581460376,1.08233020749008,0.29136936473569,0.883429938497903,0.261200401173928,0.156982925758513,0.361998640673813,1.052261008004,0.265335558235019
2.7795684629815,0.71205134128408,15.0343727731291,6.66666566358012,0.280555388882721,0.970208016659379,1,0.238697674039925,0.605075934940448,0.685654316643783,0.25849094968965,0.754159004198689,0.248548747623551,0.639100549426224,0.223042357483143,0.533988905845627,0.275308512237582,0.317806055758289,0.422646989485382
2.93112254846986,0.523642839247522,10.5432956975766,3.12234659512725,0.0893733340907404,0.296809891672036,1,0.174862339809129,0.542234447894676,0.551557117816282,0.211395361116027,0.698743749975676,0.248954497099481,0.775154253982031,0.214764240766155,0.761530224149525,0.182616460444504,0.531281651833689,0.19877484764807
3.95460364173766,0.835691212445981,15.8141552947514,6.73989736563941,0.0423400548956296,0.44125731088886,1,0.0225269870967326,0.513946288860969,0.71785143651949,0.239967923470135,0.41274845930514,0.268919129095454,0.52665027672806,0.274089160139739,0.775637454103059,0.271234309837449,0.644438328906295,0.257910689482351
2.95155666290064,0.625050470417677,16.5665707284618,6.26855503202835,0.292508411681592,0.701261381660463,1,0.139549733809747,0.814910735141147,0.584696727638599,0.353868140908079,0.379567917156399,0.264212875704717,0.775696289654485,0.21314812765214,0.822270398834354,0.19308052571128,0.739589454638787,0.223222806724905
4.83895904893969,0.961011580909516,19.2163275911971,7.62650764534926,-0.096907381300099,0.352974031167188,1,0.91564158887318,0.61211116675429,0.338646707120873,0.295208920454458,0.962439294721465,0.199552093232656,0.885288114757451,0.240379102920666,0.653653472792509,0.250108850736031,0.635940034967232,0.360079624186035
3.4271195213964,0.752770952462959,15.2209360124544,6.05379721687752,-0.25093693563133,0.316273038472236,1,-0.262626726043603,0.628362614565496,0.957795933687172,0.279700491149705,0.614351887102582,0.209805109449735,0.952089549606534,0.222405690227209,0.718316117798069,0.22658068296673,0.906128314096662,0.285555903896487
3.71426015863715,0.891815562572981,12.3709773452026,5.99509496771746,0.0730956015302568,0.8110250857663,1,-0.144493056657937,0.529600524440327,0.730215302859244,0.335330704012797,0.524055003879152,0.276961807145225,0.768546126174559,0.280600764589036,0.507988719723985,0.341215058098526,1.13334228517048,0.256141197578491
3.64508242456867,0.824377870127405,17.7328353305552,7.62827389529692,-0.334388714524123,0.378670353012891,1,-0.141945601730432,0.596767416956403,1.04967175930332,0.23337530372768,0.632240074803191,0.329972560542941,0.832434208439451,0.304215043233841,0.294741743214755,0.391102442223692,0.663824898111233,0.267653806624579
3.69014152830708,0.671502569918018,12.2095000302603,4.12118955920632,-0.180497213575106,0.366248477874516,1,-0.991653353147595,0.776547270570447,0.687207938519733,0.297571248491974,1.0851581748263,0.160178610788533,0.59841955760298,0.248621083437338,0.526223264752223,0.265750004446197,1.03132063459193,0.228227941272692
3.0873641001266,0.749523614958209,20.9331734351741,9.01496255343898,-0.178844938345173,0.486735495231316,1,0.221162808750231,0.630419923176926,0.844301862509062,0.262213765666889,0.558884186146905,0.314255397238089,0.511037351131027,0.232491979807383,1.06764743397012,0.232859463524397,0.741738986968,0.291470496611372
3.0621251651278,0.69816048697029,22.1879029475159,8.59519133442858,-0.440672898525889,0.224876808617075,1,0.26462107920989,0.363845306461239,0.533710838227455,0.253628485747079,0.622790229031447,0.261126193817999,0.896334521351386,0.243341347906244,0.717440218970242,0.288170782503813,0.870597255155353,0.229785805415804
3.44059229852967,0.685108487180034,17.5332283727138,6.58904367499857,-0.00163672181575036,0.244648703805966,1,0.627930886824142,0.462736439647816,0.835179115879139,0.22374354920037,0.781196436760629,0.204942266910238,0.215764557656587,0.314234738303216,0.921870399451118,0.23448030884611,0.481019075442636,0.342901075129543
3.62724747046215,0.737608218494052,18.5701458634914,6.73965659272229,-0.381560774235891,0.219323603788647,1,-0.517830457165702,0.529444096661747,0.933364364165069,0.215952422269749,0.523287680757977,0.273593971731685,0.978203187390677,0.217360597071007,0.786885002863738,0.211513607899821,1.10623286179792,0.194582430754357
3.15793643687249,0.673174331650172,16.9215005389295,6.66469082340245,0.219955986969179,0.53392846534794,1,0.320146484414548,0.48627919812515,0.48175839128378,0.304379109774855,0.773831284149935,0.220671752030878,0.17749743991233,0.262062771733554,0.649095472434957,0.272434342901839,0.816036828278317,0.25205540472127
3.58804029449261,1.15340154553167,24.7335939151933,13.6155986707147,-0.521140647050269,0.282151233629183,1,0.0508902397020991,0.616107386687839,1.21062925925239,0.315145498420227,0.794825148640704,0.28111715904456,0.895191027396029,0.326845609733635,1.21344731879316,0.284715830437178,1.15887444368469,0.307051082528185
3.9213512374315,0.816481891785654,12.2248748661274,5.48164001677907,-0.360393010160881,0.296920645762507,1,-0.700268216170095,0.714072379506933,1.01655783917691,0.273924623744946,1.0093749086715,0.221248010911063,0.669877482527448,0.282137789360659,1.20249970312011,0.2662892059139,1.03442286152173,0.248813143750171
3.31649067754877,0.74066765882247,22.3190625940152,7.9001669113168,-0.275021014322121,0.265935958686926,1,0.0301448005365866,0.582254302734381,0.734289903773371,0.205168988982799,0.685520312969152,0.21812323391528,0.523623023207435,0.293674611022149,0.509456940310136,0.309966065853892,0.985871321779472,0.231670659209724
2.51450424338343,0.547071329998505,12.8736559816319,4.58504528952623,0.17214244659788,0.389778398366895,1,-0.452683678238316,0.476842024881295,0.387816902109066,0.23869637675797,0.970465891486438,0.15553860120005,0.53048503958521,0.283387917545433,0.417832421140661,0.324068854657626,0.745168714347054,0.206875670699134
2.22953427936243,0.583828344542075,13.3641479658866,5.4073381371291,-0.0769968926381474,0.381511277374029,1,-0.358653597114353,0.615539692565121,0.761183945212434,0.217215309667862,0.812376934105425,0.265335961984667,0.468285216647077,0.28911525691761,0.532608997058395,0.26927995445441,0.75182902086029,0.316314091388879
3.51607681323876,0.766474398739982,21.1581782539015,8.39136323631596,0.276848117393276,0.654346520042526,1,-0.0886353894267077,0.504266375980623,0.317304764016463,0.262864155449659,0.859206596104258,0.258154054984675,1.05133438818237,0.277273916943526,0.712686448127766,0.183336754898533,0.924128831534405,0.250795338024879
2.23775137972247,0.548148947571978,14.1942120397549,5.47436909926798,0.0686547597036086,0.470363890552956,1,-0.253750721092943,0.490175403991801,0.629233414694929,0.205085104391343,0.867729920453053,0.208434644180257,0.155816628479109,0.372114784101863,0.999769777214027,0.231202303314598,0.495828782853452,0.290898994847442
2.19278970970883,0.553311772794321,11.079954433343,4.61286710941136,0.0162067995835673,0.449249127408826,1,-1.0465827458618,0.639628591331759,0.785298859630344,0.20871938637314,0.776106214438588,0.241234073241592,0.365303835079684,0.268848566993496,0.779649281917348,0.239441936101706,0.524573901732519,0.303184104773403
1.07292933690492,0.585897408583615,21.0518590368999,8.3173625614753,-0.132076921833205,0.322402430589943,1,-0.316481434397375,0.63459204421184,0.837455664120575,0.284359551819593,0.630559716267232,0.241408628799766,0.69727761654134,0.210332546178204,0.620131022815887,0.234251165918069,0.584691976084218,0.330484707963889
3.8851514386625,0.858932738373272,14.8100997159119,6.5717555890747,-0.0289869158585883,0.625351007439362,1,-0.0825389875607454,0.526222359855826,0.88532570593179,0.217647329578421,0.597131457605223,0.305952887976989,0.621928859890154,0.345700094092338,0.883255018827753,0.24965183883916,0.372253002993535,0.372864694987228
2.99169028006397,0.777388167109552,28.8409988582021,11.5858715448611,0.367485689640292,0.653908258261921,1,-0.285093430114965,0.582437276265686,0.659972564150608,0.24025629811756,0.607619332103963,0.281187854960752,1.0835062304406,0.240778876038101,0.90747244737977,0.274624637950821,0.314358082914775,0.412594897024919
3.11581076947046,0.698964991317998,18.0198285258848,7.34796343371857,0.572584377050063,0.654675234396478,1,0.550458433191914,0.539589836879341,0.537837406319242,0.28204795685786,0.171054199362037,0.357632203486928,0.546845451559523,0.212047324538775,0.345189418645201,0.284608646910794,0.928043638841837,0.236244143980114
2.29399095405144,0.576912098761158,14.3248007181073,6.02479447395255,0.0806487023279636,0.477159244068687,1,-0.38001484992622,0.437573389196793,0.414387152274041,0.237303290084111,0.855313912709704,0.231819714486726,0.626857583550148,0.249008656580098,0.433673207111301,0.325578006511712,0.831520997937083,0.288188240846986
3.86690388743256,0.960115175624375,26.7194974042283,11.4599414896939,-0.0811897346290845,0.487185444969823,1,0.0651573489970349,0.554723747333797,0.723974994293791,0.281384977035996,0.692011554901461,0.318732747703758,0.935222329311037,0.286585794198709,1.0483813749074,0.259277441699274,0.517843752588986,0.329363067125091
2.86802726830391,0.726455574205944,15.418945253102,6.70574375873989,0.0716970451582899,0.695815143408749,1,-0.292666576459379,0.420973924876502,0.574364613219218,0.246013068653871,1.03236592447285,0.173033837893022,0.501357602811906,0.279721174819107,1.03223586628807,0.335462528225996,-0.198799538801835,0.552818268433156
4.13765917425062,0.942920699417639,22.7446718613057,9.97774250859883,-0.149831465123634,0.248626611196503,1,0.0220833184017157,0.543283459679524,0.88134576386322,0.18250344173124,0.69487530613471,0.202720921115994,0.60928013075629,0.404198788540097,0.901240510504539,0.314921933541926,0.182940287689108,0.339280585024119
2.49645004186385,0.587434388409281,17.0148454419309,6.07790766774263,0.566668993005781,0.516970551697776,1,-0.0313862463847338,0.550401443505402,0.635347772473834,0.196130194582651,0.887757035321263,0.185351769710131,0.533281515433142,0.293925776519103,0.77230604316996,0.307009150072085,0.965626440016265,0.237221789939758
3.29162201992638,0.676926866329779,17.0200713617724,6.58957872615817,-0.187835991376096,0.293618869703036,1,0.425717808261999,0.4353841106327,0.644016696488274,0.242760873278413,0.915623697055672,0.240829096786003,0.578075098063237,0.202541350557454,0.894321375003997,0.250443997182557,0.423865329056612,0.331184021522031
3.78783001717429,0.778142852703169,17.6638204087222,6.9773250336082,-0.154153220202673,0.263105193138677,1,0.0530929039307787,0.35797186617401,0.706675994687571,0.247875178304205,0.719679775669654,0.210205057097478,0.818329596678608,0.248089373973145,0.604957113613772,0.287132757660978,0.899370216951071,0.314895110671174
4.37489770257643,1.08806697298037,17.2287666791309,8.3624022563222,-0.263658282765409,0.351422004077683,1,-0.291467859213566,0.491890240723722,1.11396288118481,0.291098673134274,0.475710013401792,0.367416584952082,1.01277596916587,0.208813428294764,0.196915098886165,0.355008465409644,1.14489957574339,0.301895420414811
1.9512647551892,0.520763765162212,11.7196035035866,4.63756526338054,-0.0204485304677069,0.31149918487513,1,-0.925537344000191,0.590054772757273,0.853774651616217,0.223271212691799,0.384264008715511,0.266867003251676,0.701105593617563,0.214315316112127,0.622102702393255,0.240307319720903,0.606890691949643,0.261975254013368
2.68447402903193,0.708183813488386,19.0962111198313,7.69240522909781,0.0752053297995221,0.479530678237101,1,-0.701423048728885,0.407838022032772,0.793197422522216,0.232604310683055,0.77286073340097,0.239228312740785,0.633135162841598,0.211705981719858,0.721081818343525,0.273907528324753,0.566117816312654,0.316243309379185
3.14028815127398,0.711080228274707,21.0705432115352,7.60968646144889,-0.186613366512552,0.298195965874254,1,-0.529238046033716,0.609982088282128,1.21136022612392,0.245711512655854,0.695716394292323,0.297767635399358,0.725304373526084,0.226421025151949,0.952336957325342,0.217062146345549,1.14289716377553,0.226882024253762
3.98356731485506,0.848173852151047,18.794414948687,7.82768478989449,-0.147076258906821,0.369504966863134,1,-0.0714172204860518,0.418389993947204,0.816422750546963,0.186930598545768,0.862089660148566,0.271816730963357,0.872723606874593,0.302618248573726,0.738763582213286,0.240601041878633,0.845814967349311,0.333231412963838
4.89445221233373,1.02695042459298,29.7854869180005,12.7517609871319,0.648468525371868,0.786650493105952,1,0.765130359512699,0.967615754350128,0.937689197929813,0.368366370123359,0.484407211517976,0.299430154321532,1.14679112346035,0.305457523530269,1.07122146602149,0.26397436778905,0.643884999548919,0.283040036653699
2.55882006472979,0.637271677101498,13.2689838773037,5.17218152191803,0.720752980207134,0.288069813657283,1,-0.598619226314257,0.622742754076193,0.627758757318287,0.204405504293504,0.779865955252312,0.149804999027421,0.619346519690256,0.233385609304977,0.654934618502711,0.27368136700938,0.407611068104022,0.328499660650535
3.5104554079409,0.631233152427628,17.1608336661803,5.40482186404285,0.157234542950606,0.407051522233221,1,-0.0202064088095665,0.526571810671442,0.75334240670162,0.23947220993203,0.662889249870622,0.226807501571978,0.703609056314991,0.169025396750503,0.724753448142357,0.192760977246941,0.614468540119893,0.297679625523046
3.42218106645735,0.647986977393973,15.4143867475251,5.79385147802854,0.242358472550407,0.448681082240778,1,-0.108579804869126,0.554919102501309,0.756061164209175,0.239301335012924,0.653632271773291,0.287604525323934,0.353418525464432,0.35624853085041,0.556068392626518,0.218138745315169,0.736159834566402,0.258911845532763
3.31904719147311,0.648379464919518,11.3443146288868,4.46675901459635,-0.149032949119276,0.333735627157676,1,0.180540223331818,0.534084532715635,0.845496459676672,0.230850015824176,0.201447085618,0.27892435387511,0.876126440179135,0.234701214035726,1.196605065119,0.212255595009193,0.508414982048692,0.32930345377379
3.13831695076024,0.765072794732818,20.1726650258735,8.88253277432205,-0.228126839905168,0.435422762956148,1,-0.242119279948705,0.542923533613473,0.662730295761139,0.29999883070384,0.592822199607839,0.248675652612872,1.16438439682547,0.284547833005489,0.476716358125792,0.365975541112998,0.825052635161268,0.241223527675741
3.2750584689295,0.755693450272594,16.8490736116323,7.08149829534378,0.0115753063652913,0.524951477533762,1,0.0190333387554369,0.475240486051351,0.806838332254312,0.227872315590094,0.639589220209542,0.305076206272703,0.492889745303041,0.259069955719269,0.82827479923132,0.280816768027467,0.719035484233245,0.277040043713304
2.46151898237059,0.63668606381893,15.3647139167728,6.38440741783667,0.161065517696627,0.460177013785476,1,0.17773877491118,0.542830405558726,0.492595787630731,0.285231051521358,0.946190035259798,0.214434591774104,0.576009116632655,0.274183942855456,0.889121805691513,0.1971637777666,0.898284562441872,0.256555010620852
3.96681469143236,0.94626558893138,23.4576552288419,10.1405421813985,0.351062606056007,0.961768147125477,1,0.710222093682423,0.755522694168141,0.395937381746141,0.30869240763243,0.768442370914477,0.220095614843196,1.21992786858087,0.277972860386159,0.936601113762356,0.258135371677964,0.917740302350214,0.391444450598239
3.70485216220985,0.809594247897183,20.9293368268805,8.50740223357815,0.7160408202458,0.326945717703863,1,-0.343668310761457,0.454922975468603,1.00716563651619,0.235220316752245,0.732978450637929,0.286883595304394,0.512506872329084,0.293916620745278,0.859212756254703,0.242429850911179,0.376821424299923,0.236425848050014
4.56297091447556,1.24275760967683,38.9392738703953,18.8907264171594,-0.017611393896051,0.660856815088689,1,-0.234981957455779,0.679110613413373,1.293016313461,0.235244552736477,0.78715154654424,0.342668765595618,0.497824527025913,0.351831338500684,0.900256800178979,0.278949703585688,1.11393580487227,0.275908732583778
4.07863810267752,0.746540183848118,17.1908581813259,6.46248037845301,-0.262831786814164,0.32818705295974,1,0.727770179299433,0.739829196536077,0.445377384748614,0.352929102836846,0.85466748592177,0.204617753504085,0.618013824552922,0.173161796703465,0.732252433364597,0.290026680325445,0.4060020526404,0.356218541386036
2.65081922073,0.533452597574587,9.11277247510722,3.05377955252773,0.173296626567729,0.436724163571945,1,0.0574896231547904,0.455419649037046,0.579539531149826,0.178462566745063,0.709811215857799,0.202583690322083,0.596560356079913,0.224946318133446,0.469173924716786,0.227959016302742,0.484186380348879,0.229844892548392
2.76705550292402,0.640198574955224,13.7689285961248,5.37603004911572,-0.0403249254759075,0.39770759501996,1,-0.466484120269163,0.499916963324137,0.7820778032215,0.228054928883991,1.1673765539161,0.220061497845358,0.979854932034157,0.256246459334627,0.973257007055192,0.233013807364498,0.442338483139117,0.354039387683554
3.91489674005428,0.989429231986516,19.1882636897313,8.92356125392755,0.83467564646576,0.179380307792198,1,0.917614344782967,0.681944132484993,0.455730558284908,0.413724938176954,0.886760296898903,0.276270843563097,0.126453308353519,0.368027397012567,0.745581329217284,0.255715259024488,1.12377663788502,0.252012693879383
3.34757294607164,0.719557439986035,15.2709941753179,5.95166300361175,-0.0755722832910589,0.47564966794181,1,0.194887198989791,0.494004491025055,0.787201783013177,0.212526729903036,0.731809517107556,0.248550163579614,0.93321496040148,0.226742762075682,0.274561172901183,0.316563983554804,1.05795078172147,0.22380303536049
2.35639169210405,0.672898254402053,17.4098051198726,7.44492608685708,0.135624387611332,0.664874290021673,1,-0.474844142672956,0.459087052966164,0.860539300340914,0.204396611996997,0.887793674237027,0.234950977752239,0.0343841211452997,0.348885006548633,0.97751526394602,0.260617689108213,0.084078905440143,0.389224389241415
3.81163751492571,0.955717941782222,31.0879349825798,14.0014919144078,0.074131540328952,0.733094550703375,1,0.270922452707886,0.539475278022714,0.459864458023864,0.283809507741668,0.925979396295603,0.256427207888291,0.579492610351913,0.312089005128645,0.479429735122073,0.296379982390899,0.473636847409905,0.316185651725758
3.35029983820163,0.756993616656041,20.1701602991207,7.9200204565084,-0.137503060258899,0.436147675670795,1,-0.707600809677873,0.679060817327735,0.89865795150879,0.288205841473775,0.960970627986727,0.170712598060188,0.685205372014208,0.274925186256818,1.00919322369091,0.230251359323898,0.545907503978162,0.301727817769251
2.3905111150242,0.712946875078343,24.5372175679234,9.89007739757791,0.269490906223587,0.660775974778692,1,0.608812697751722,0.586304348641237,0.648961527443004,0.222855827608131,0.887227901891915,0.284369592705577,0.372113100722167,0.328624721567197,1.16399559399613,0.272409488746832,0.444863502869822,0.351865616892219
3.7785067820813,0.854232141292702,24.6796298181544,10.0150076566247,-0.290184186079118,0.300791001251557,1,-0.21153042120929,0.504454593921488,0.965251132830679,0.169584557109368,1.00025855311306,0.203298949953071,0.470852701186829,0.311014546683348,1.18877100586435,0.23990325050522,0.502688390593613,0.336360570683001
3.11212027432453,0.850611741906975,35.8579800925204,14.6938814097405,0.490065177604399,0.972870618967047,1,-0.0936506997474505,1.03673443195635,1.06942686921198,0.297539018129704,0.754578552781024,0.391285304184991,1.03027263902141,0.220630295418247,0.976556938137857,0.205801131475364,0.641114820651604,0.302675051268406
4.61118699667466,0.931995263129379,28.3412519738796,10.4206666366764,0.656034804731931,0.452226987197496,1,-0.489856721634011,0.669248625254802,1.0555522825369,0.240495828338357,0.652366983065914,0.270004881551604,0.931152245694634,0.303372093027287,0.60239650560274,0.274087637302071,0.874654454501505,0.215394936094459
2.3010553290302,0.786016954809938,26.6655604456557,12.3104025137631,-0.123108631500573,0.396668816495292,1,-0.697944302752001,0.677772349406309,0.767606441139587,0.279014359522445,1.10448534076376,0.227925917681044,0.5712402645713,0.31100559558527,0.52960276613573,0.396789533779251,0.747559475713444,0.277247754762042
2.9264810256013,0.595584265918807,16.4861909972893,5.22932925155596,-0.149234843637801,0.324150335759346,1,-1.03231223131487,0.598829741093667,1.07139469315733,0.224902437354453,0.519138544709392,0.272977412633521,0.99124367854284,0.169527784676761,0.217052847550974,0.244894552871885,0.882722179526017,0.193255466003385
4.57868134495103,1.30470753664901,38.5168950415134,19.4695876405518,-0.497689629992429,0.279544154244539,1,-0.142108645103016,0.609517830226856,0.935505560857453,0.238452498846677,1.09312200802592,0.330056777689776,0.855640075978606,0.327382422865548,0.757263022206946,0.33788833527549,1.20422857785093,0.332946507251636
2.87892192460992,0.535449115137802,8.36784579789436,3.09791235531746,0.446801276251828,0.358288137883457,1,0.0118065114576116,0.427615110546989,0.205569137545173,0.19965356118214,0.772413080013427,0.200122424474571,0.630824486033592,0.230666492886739,0.624401098960892,0.314583392138469,0.125830610947298,0.37113847120829
2.50586186800088,0.645797463461852,15.6588396514668,5.73399312159703,-0.226355630840956,0.397451379459046,1,-0.484917208756373,0.349120737929211,0.89632486711699,0.223902666843308,0.46842695750654,0.264392931968664,0.662528195946382,0.20555607934801,1.12069082462268,0.286546703709908,0.383139061814054,0.301385253050192
2.9639076733333,0.765620152221841,14.9639892447369,6.4250420442209,-0.118386871596162,0.44742742212429,1,-0.452148034850759,0.589133754000283,0.607754801335107,0.248014681001856,1.04724227589205,0.237052791416616,0.518181782981244,0.324316864083614,0.600646406575764,0.309798470199344,0.865461773720231,0.299364261610588
3.26841379661136,0.689702019384885,12.1876796313087,5.18201092727765,-0.0786415593663538,0.356175106088451,1,0.257469636816795,0.383756907012913,0.495497532011501,0.194434732864674,0.501811406371076,0.334558761877312,0.852039061360385,0.251604111783688,0.564031401766467,0.264531117857634,0.451277210039104,0.280946288826227
2.61447130940527,0.585794951709222,15.0195147389149,5.61697107261948,-0.0884150167479506,0.286979890977083,1,-0.0216621122948624,0.512240314253108,0.658598893521937,0.294121102696917,0.264142672744944,0.318261378158714,0.66011590826983,0.208274290667432,0.285795698039473,0.2322769735149,0.629077633831352,0.254410187149156
4.80704527663269,1.09666244615693,22.4493185433523,9.95438434195222,0.105190705346507,0.596895791096698,1,0.162718065854081,0.54449825242392,0.85409916528054,0.259792042604903,0.777001357589892,0.281993066866746,0.959121632106467,0.225396825535939,0.981342592407039,0.247234004773761,0.822493243535557,0.351473331344452
4.39628710185931,0.981989313818567,17.5972219934232,7.72774147934475,-0.115571069024431,0.464280295081691,1,0.0283544844049117,0.631176595471295,0.890802970115514,0.322764823750569,0.894163350937246,0.236942816004673,0.875998913675947,0.215411913894195,1.15704473160831,0.288382026797615,0.852371308863643,0.270888962886758
2.63230114095319,0.560111895039245,10.9389713611821,4.22080173322873,0.0518546244002541,0.429707017884777,1,-0.403074660586221,0.459938667214543,0.830593017780098,0.205122057133108,0.283387778904191,0.247492272357083,0.565052917121212,0.239992469150016,1.10241718580394,0.19238057482462,0.129563629703164,0.312498874888244
2.7791808815789,0.715262183894172,14.6943443719059,6.82051258976027,0.910641590331765,0.0773614741973995,1,0.12453834680168,0.70817227267447,0.463778088734056,0.18108511341388,0.932530036742868,0.233654648139483,0.525123452022047,0.303667647440325,0.870323697409288,0.225774802345205,0.629900439962724,0.324510453925049
3.75411452429742,1.06981919855733,35.5425162873314,17.2371434915352,-0.454277923889049,0.269402403929028,1,-0.828821608242094,0.581154248514013,1.26523619181538,0.24505742382607,0.974774492385409,0.316917103790578,0.772085777470625,0.216823510107911,1.24180036777927,0.302207494336013,0.866682748363111,0.375581727778934
3.07714429846132,0.860512847066184,25.9600232867483,12.134226154109,-0.122059330689499,0.496679531180153,1,0.690926801515023,0.467080782479666,0.790190341117184,0.256374958035133,0.944256920500416,0.318370289656224,0.596774719523235,0.300865294330854,1.02150057810746,0.269202917061491,0.781455715089501,0.270750158130416
3.6455774942223,1.1488449605833,49.5538544875451,23.0837903359855,0.0126366401956421,0.529730971471236,1,0.156748067349277,0.399025021987607,0.90496689809198,0.235448317648356,0.759210777988248,0.302122096372952,1.07334352441624,0.29198237643271,0.672074662387357,0.392441572055834,0.691173740171641,0.396666406542901
3.41060990385982,0.76553187282517,17.9175656638533,7.02691383429971,-0.480970335991473,0.156164925020874,1,-0.57679068598238,0.504583436507939,0.853752651344174,0.237248979920955,0.711595798544565,0.323324523833351,0.81959619885752,0.277127092063697,0.569579930884544,0.274768153131091,1.14855223570622,0.205218212483245
3.39136607145695,0.712701843776398,15.1222404883387,5.73842999774816,-0.118362167902204,0.408132264976082,1,-0.036537777728195,0.514749259874176,0.645876009164061,0.262003222346648,0.709501387430257,0.228430067833611,0.727879248513814,0.300114121240147,0.733370462824928,0.217972673223572,0.933347471200455,0.211354156346635
3.2936218195315,0.792005690101272,23.8559273788963,9.80007227944599,0.0687706379525117,0.50566601890323,1,-0.0891612025011097,0.454372964191321,0.801199612754272,0.170611852959917,0.918778355523766,0.253986393539773,0.558704611486386,0.304394901164789,0.625080441833133,0.323329936030934,0.543574049827204,0.28071636174463
2.97304985046345,0.714013458725612,20.616091731356,8.04304159565395,-0.0813403507013612,0.364069854689006,1,0.0585370632256447,0.549847680605935,0.427557702990582,0.411099515516079,0.947315397833609,0.221846103460589,0.394573996307515,0.256102786633105,0.840983617409195,0.214619769747325,0.799221388430525,0.263419593734948
3.53888640238965,0.86369065863495,19.9176682327147,8.71821403804816,-0.596035080619279,0.184489829109741,1,-0.571949443863781,0.927376097238681,1.08054630724573,0.346682747526506,0.926705683335584,0.298491561033778,0.943010624842243,0.255189488760311,1.06843949063731,0.253374837059847,1.35981681099989,0.238783845966158
2.36171857853699,0.593135269481013,16.930392252215,6.26077359921524,-0.113632391925242,0.35776432456106,1,-0.175689655624858,0.469794212341819,0.709022617621356,0.233643819220242,0.715976112775791,0.183472164327758,0.745284162663578,0.241178019694468,0.448503751543851,0.257894715813791,0.584191690385394,0.272270478148559
3.6755375135479,1.08950608331309,20.5886032856739,12.1965132750235,-0.289838207834734,0.490217552187288,1,0.785084605319603,0.384248051854163,0.824462356942532,0.226383769241183,0.553479331400791,0.379474408340729,0.981805248168528,0.275571703352821,0.590652823199392,0.39898241323424,0.657890130710533,0.454118348075204
3.49368667636332,0.947562922309132,20.6082774563956,10.0833043023717,-0.601161612829054,0.186886016973278,1,-0.309311831065666,0.579243117638806,0.89198989916854,0.227029451739449,1.08890703782385,0.27224925982331,0.874865263307057,0.352783305694982,0.82546060388035,0.354770059667933,0.837943527484362,0.375094342688369
3.00621023236789,0.776722722257008,26.423739543513,10.1824776194755,0.578453163881738,0.817337016220226,1,-0.369903963611493,0.447638366042173,0.903533291118987,0.172454550634539,1.01656434732875,0.290490586934646,0.377749963929357,0.357160606899468,0.783900381727607,0.240517253862155,0.713774756486994,0.195144019397782
2.53779943292472,0.789233036414999,20.6199680538454,9.74180864528449,0.0130293945992404,0.418208082230628,1,-0.152548773829093,0.618689326441102,0.255321561655408,0.374369207696126,0.852146774498758,0.230670379706282,0.764861314916853,0.232085368382119,0.624036641909653,0.34136252876328,0.405339259067044,0.320601611108949
1.82042795200504,0.513775794477295,10.6162162702491,4.22729786822283,-0.135916332666066,0.438505201868938,1,-0.45679759455064,0.417796845378863,0.874284539759247,0.185885306705396,0.272132190410005,0.290179443221576,0.45814611043327,0.380089032999271,0.466149294030724,0.257302394968329,0.30933406141356,0.306768566358643
2.27531229638866,0.644864988503426,17.9017119694207,8.02583944510723,0.621838953282006,0.454229514158277,1,-1.20571721092416,0.727681186325415,0.867833403634354,0.300839951791146,0.453783997955447,0.23881770235342,0.484558866048701,0.266307036996888,0.652511661881727,0.329791927876483,-0.0992202047307671,0.429085675886819
4.17598662402827,0.903415643305937,17.0425472961462,7.23593506797432,-0.475912331483345,0.248331853965232,1,-0.436488570652721,0.634879893459824,0.877989875501017,0.276891372503091,0.980459291056777,0.237543584099922,0.573304452950408,0.272606645598339,0.877601394825335,0.280669269119979,0.745942173804388,0.321346390095232
2.45270836993047,0.5408255970228,12.2923629028226,4.41272988844163,0.333215093879538,0.530791245316759,1,0.102933990924602,0.438088025021372,0.720131815458873,0.181590864043587,0.614771634499115,0.228552852002622,0.614031291494827,0.266078827379644,0.0925009608565132,0.329420777571367,0.768526010172955,0.183945856975937
2.63392007928184,0.517794250300211,12.2816472331439,4.4770321642802,-0.280648733435224,0.24031546023753,1,0.180319845307705,0.493278699610872,0.61278934434362,0.247763407752771,0.853361995096026,0.219763102877495,0.749466921769446,0.23581781883779,0.816786096623308,0.274963879020635,0.55633629022368,0.283415884577412
4.11237227381502,1.00936518262102,17.1046607864006,8.31121024651758,0.201420016329872,0.729313400273771,1,0.771908801016002,0.767063010980135,0.583191180030383,0.320395223789421,0.824705273078546,0.35595976653696,0.852192326159275,0.245640493420511,0.650067414688998,0.289715514702795,0.420477034931323,0.336987447776088
2.99617293293289,0.821364986089276,19.9757523878257,9.17582723259257,-0.227033840577965,0.412702295066711,1,-0.0423960721951924,0.512931660511616,0.911356628013931,0.199018381689143,0.831408231111431,0.350883123212215,-0.633659649865379,0.63003761552573,1.10846948409241,0.241395314488699,0.698697748692999,0.300332516635575
2.34801566642206,0.50129333075521,11.0747405726296,3.74373364990817,0.209755278573009,0.519267391624187,1,0.431971591097351,0.59180355387704,0.885447035708733,0.209565739499212,0.747423746530392,0.230501229623009,0.66734644912174,0.191700120285028,0.612260285088323,0.282342082058908,0.721531308834848,0.227470149246872
4.58262675470977,1.89334687174883,53.1442123777371,39.6065035416268,-0.443805198276883,0.461628171084068,1,-0.251047812966799,1.0677938419286,0.907916477202951,0.403728745594043,1.48096401955445,0.468012089685344,0.855547579512594,0.346589236073283,0.863942012752828,0.496470679426214,1.17176125130899,0.445093023943764
2.37214395196547,0.636359717100114,15.22444081077,6.42427758598845,-0.0169653797255823,0.438001844125852,1,0.606647535111705,0.48034460667035,0.610560675165092,0.207028161791173,0.921494249230581,0.233781115057584,0.552666739314305,0.309021768504425,0.462460722004396,0.340198798439191,0.958242523432147,0.261163381996315
2.44415225070955,0.4786409868076,7.10189447533933,2.37117847307032,0.00236820477669114,0.42272539663535,1,0.729621091648621,0.541984083777444,-0.0158074295804681,0.326927639702665,0.758264288204441,0.205405381984998,0.644930034239756,0.214746563701882,0.756142146717698,0.170342365964025,0.712581089682777,0.216745424537258
3.23648546665448,0.801053564884953,15.7936605927931,7.46991036477116,-0.0723453431286115,0.582396742183147,1,0.18696248400493,0.632774817757723,0.75529474339026,0.319563779823263,0.59030487413489,0.302019282007018,0.67232322484931,0.317276476745366,0.681788143104054,0.272412813398444,0.853277248052838,0.297979676785342
2.89400743057173,0.584552663403707,7.73693398108222,3.1437266208504,0.348550959103445,0.434705161442528,1,0.462527937250518,0.641663273468684,0.569796161347824,0.261145671396287,0.834014767347662,0.270924471423764,0.70704967191822,0.18266012103425,0.00889744987200988,0.339182795136498,0.323625756305443,0.274545300522276
2.61051999147883,0.548647765347303,11.3194134523485,4.04362292009177,0.26675002840776,0.560496351497583,1,-0.561599353728952,0.448155704425192,0.580264629143377,0.237759240784009,0.819808037717816,0.182534923802403,0.344249034117943,0.273139875578249,0.6709439596795,0.20525270707188,0.585076191842201,0.244857264708208
2.91329368050503,0.697509293776418,18.0968973079248,7.33620203051892,0.166645293866777,1.0230914823424,1,-0.729911037658145,0.710192458070019,0.99659338131707,0.273061540086257,0.879151405029896,0.267639807798361,0.159163126856111,0.319677571142635,0.733043653932107,0.233713323598709,0.61307552145597,0.239440197097629
3.75315108220896,0.752474490291829,14.8723675874225,6.02157974511971,0.753503204024726,0.314948239922838,1,1.22257656939844,0.61469485174678,0.661400147437538,0.266977005753209,0.487874614344628,0.196138320901537,0.754544776158362,0.266283062543161,0.378432668647556,0.326306023216987,1.002912711172,0.237768856466363
3.39596152075965,0.848619023828711,22.1035837578548,10.1996823192455,-0.480583418564581,0.263236746539485,1,0.987115493538374,0.57521833000034,0.466911314650474,0.301689358646007,0.848622469510812,0.242613511682408,0.56355028888177,0.32652452394415,1.0378852386492,0.266210695101954,0.716870757195221,0.289677165556481
2.86074140666932,0.600543386106399,12.6662696032839,4.44429679163425,0.0794123102169854,0.419997276911416,1,0.550308645228758,0.546775868185287,0.448511022915878,0.222830152465138,0.754139121176852,0.202580999681662,0.622630553021338,0.234244741732598,0.675231143595234,0.288910958487088,0.254187094133991,0.356698610112956
2.43693409877984,0.512861381038389,9.5762181235121,3.49778487982454,-0.0431832341517601,0.388907588241141,1,0.0160492488598462,0.388339039068562,0.54063637784583,0.206901626240694,0.817480699600386,0.220761257344921,0.398918545034748,0.303032612961914,0.266634209164661,0.292041185284799,0.906679187717374,0.180424058693266
3.85297122928128,0.885532713039753,27.0634803493834,11.1586540395934,0.681840665201158,0.5430183771025,1,0.46208798184301,0.59994392278475,0.77875345602761,0.234150460197717,0.84746213017275,0.203213888073715,0.245286365097173,0.354812788100859,0.895473129514729,0.295945953096687,0.646879240796433,0.273992190522115
2.67011216722088,0.524156341022097,8.33351262130164,3.07113304781812,0.498949873046551,0.693740592683024,1,0.368199544710924,0.529546303963391,0.615710567433649,0.239761878929911,0.428026598470535,0.204731031372417,0.286528989173495,0.246805061276641,0.785770145614246,0.20141355692014,0.548602382816933,0.269613288215463
3.29799274532976,0.593770927126251,11.2814104734456,3.9498613405466,0.109922476672472,0.388982752233257,1,-0.403941276305542,0.895480275735177,0.806145250026147,0.338118480026749,0.756153255697092,0.220121921271424,0.787195850096251,0.2314350363942,0.898437150908651,0.204362636287252,0.406238819672138,0.213304458603411
2.14787600890303,0.471105262136712,9.82230612895354,3.19269462493922,0.612407172667411,0.387954146268054,1,-0.559788681134262,0.508354592817247,0.835567070061312,0.232905955508873,0.648367562848843,0.173061073599058,0.902776787985864,0.163821614039054,0.275073434309022,0.297193746558768,0.854423414653351,0.252088974260416
2.21178749333696,0.422125128227766,6.15140839672781,2.20717645493303,0.289577505024484,0.597664239947221,1,-0.489961766328255,0.417534135626102,0.605749737087561,0.208022356521824,0.384271989484893,0.217931154944037,0.0488334631661602,0.261385609016247,0.40589100683156,0.298983276322886,0.555928769823189,0.226915070947487
4.09866064483145,1.16327983300483,31.9584044271583,16.502347573192,0.0681456418165811,0.683537053385328,1,0.415411532246089,1.25279224311709,1.09010018013332,0.359082576180655,0.755556126301731,0.399841492880721,1.14363183690357,0.315520667217105,0.224071848282582,0.442419759754994,0.797815004173958,0.325845544473228
2.54726918154457,0.54616150217189,14.5339113375695,5.22238865776085,0.123481849906797,0.500644115151161,1,0.258328061648807,0.458712395350107,0.227160118762516,0.273426022207621,0.712961700133213,0.191384821051315,0.676924933863274,0.202799544694964,0.325350309610195,0.312440179136884,0.598076760634466,0.27865284762489
2.30281750486004,0.527457258029753,12.5910919543109,4.63065779533434,0.589242719150309,0.717860146522241,1,-0.843758913897262,0.713474548384724,0.732801453366101,0.233800021817782,0.849836612345186,0.228055099423425,0.82259925862999,0.206808375881935,0.658396501053052,0.219990568968581,0.587308520646946,0.296512947491966
2.03445180701417,0.817965270315447,28.3730103621594,15.4537658968732,-0.314244332366936,0.392550916375039,1,-0.217347492695552,0.409756639873308,0.582921831251352,0.397854118895194,1.0443739185868,0.26958117876558,0.318164959205004,0.383824291740487,0.528494507547451,0.333666044941422,0.672230967881409,0.346893959478306
2.79258816072957,0.68021437630664,19.9215970068561,6.89534038420148,0.0270546002734968,0.372272795643446,1,-0.104633703942183,0.550036192715237,0.642611595174751,0.211283175141301,0.732424437434243,0.204619621974905,0.692013694193478,0.273639973285205,0.627371811426482,0.228415515011383,0.361661522295456,0.279240986424734
3.10132727217724,0.701673189557365,18.4341673610489,7.59610982563287,0.0588201248396348,0.648952636386121,1,-0.155441879538369,0.556076387816166,0.412519825528367,0.325549660812314,1.02195371675615,0.22632591314156,0.772879924221444,0.205646278738082,0.7379480864991,0.226836095016055,0.640949434923894,0.348732246053794
2.23668647453356,0.505519553653165,11.286006968524,4.23898971617106,0.433793956984681,0.537227538561908,1,0.582597753628673,0.467899624189641,0.607272397626652,0.197811996248195,0.713003683003792,0.239342717609074,0.0681773051909492,0.385012616027551,0.584619812757651,0.22235464800622,0.668061160541086,0.221121583394643
3.41450398279902,0.693626263258169,14.0244766048885,5.78728121667474,-0.445262198291519,0.20730771274454,1,-0.562789170983003,0.444387868163554,0.894033960530218,0.180672314732161,0.844176381554386,0.200308141128895,0.705358010771451,0.314093581694243,0.716310396250875,0.350467346840199,0.2336306982588,0.393826669292469
3.17114833926368,0.608089033923034,12.5126983992415,4.5295335326639,0.461838256983711,0.522811960894738,1,0.3979439287474,0.394475968471311,0.476850306815237,0.21795167661586,0.703708723919531,0.194474364853672,0.695650851568572,0.204629519602721,0.628892882107245,0.233380637750567,0.370009791939299,0.414925060152909
2.44792215431088,0.70665054229988,20.1798647734977,8.78474583913012,-0.154687626958913,0.409252430823866,1,-0.190369107587694,0.606378295586589,0.900423149710555,0.197076424208986,0.768918843277713,0.379745020878675,0.402658076080064,0.325638069803653,0.780825899674407,0.236088436503444,0.630711211712782,0.258452847187942
3.11374186206295,0.71427157969306,17.7475081115062,7.00498984795992,-0.240434266125788,0.321519326809292,1,0.113686284182807,0.479593830627466,0.708812225840369,0.200019804799845,0.78286711900415,0.255947052467306,0.804197773364211,0.200035387379224,0.712176195500509,0.273093300066867,0.572239384102855,0.340789645783464
2.38388909658556,0.581228358902513,11.8663439195479,4.4169822603971,0.0789125650921311,0.526239056649529,1,-0.220704833511885,0.629411691016566,0.803381142602904,0.259079341110397,0.674659260305156,0.247453664536569,0.425462381274463,0.261650491931348,0.79895878255924,0.201239051339419,0.220622466216325,0.274857291960118
2.18077335141365,0.50813878659353,13.6608624371106,4.34572944696612,0.550203447377833,0.230711033887099,1,-0.296527033563301,0.477534389822725,0.747510150148362,0.203935319776613,0.752654082874106,0.163541152633273,0.834727132410287,0.185406588833111,0.0642848452029395,0.401973201887978,0.743140525513334,0.295073245520216
3.00013218036936,0.757242041803365,22.6416560038982,8.91066129682458,-0.348678762189173,0.241700022692893,1,0.0233811038069433,0.587786958761739,0.567191188101756,0.276410222207588,0.864631168523406,0.247267980407394,0.718838346574157,0.271537269261528,0.516331810829518,0.27177390840493,1.02513149871011,0.279266151794411
2.07898269931395,0.735437537904689,29.8960214063941,12.0068298710514,0.109443718548874,0.698542314846622,1,0.183094313095263,0.434217948523106,0.84119449499457,0.291331726115189,0.835855349200555,0.188313007385732,0.924957521626622,0.245622458743606,1.06648733091399,0.249604320044748,0.607114088415821,0.366220824771538
2.80939858625958,0.594094685582046,12.7987816245655,4.64627976810122,0.0601478739554579,0.325879873367464,1,-0.0456058537157268,0.702471445360691,0.497742271814344,0.331084533154132,0.82849315657378,0.189869632913035,0.407256013402891,0.310692593565123,0.6329952817997,0.187357941869642,0.436576847572648,0.240560200973791
3.46063778472397,0.814010893932167,20.4190785041373,9.13881378438267,-0.267473802842315,0.372213458527331,1,0.246582523126424,0.639351637932259,0.954593636884483,0.227848004505677,0.14755475442987,0.407015474739944,0.822558749313709,0.300560666419499,0.591885391362881,0.250870876212631,0.648191532618787,0.29848792439626
3.00776786818918,0.701253760206431,19.4127689895177,8.50070990729094,0.446790147299953,0.5350103060665,1,0.0534658268128057,0.566567739459285,0.611880455628088,0.26773703847071,0.550173402289834,0.287536856232765,0.911185206323664,0.258241863713952,0.587116375936174,0.28368968142409,0.910884089351626,0.301719347980623
2.74304497721826,0.556577021892467,8.86512960444673,3.50315413619229,0.721098569591767,0.322665213157538,1,0.38975602845466,0.557300912713087,0.598926706878398,0.186410261551036,0.467887642728167,0.235747690886963,0.528671100392919,0.265812481386242,0.469970601461461,0.253856625409794,0.479256126188545,0.220869661450664
3.902911994933,0.99184839586265,32.5707756059967,13.6795351347455,0.0999162676835914,0.799117949668989,1,-0.522945757246826,1.15192604592796,1.02807877398053,0.418929808288649,1.12265165872291,0.179790119678542,0.454027607564561,0.2921395518539,1.28854145858944,0.25036167481388,0.813796165773034,0.306065014954308
3.75697564784056,0.79867336291605,27.7425492507783,10.8091377191554,0.84107535363526,0.144182356287433,1,-0.47471855553835,0.592268932517575,1.05020242153711,0.176120220935492,0.861115911609078,0.276536004315861,0.707444225441171,0.237507677306132,0.840971950219761,0.23123613399952,1.03559400764633,0.215527596036127
3.64652546590441,0.764815083313258,12.5189539121994,5.32022816308652,0.126652401557749,0.602887416833819,1,0.150446164842157,0.530106602269851,0.469518523640598,0.287334754893635,0.475951009237326,0.330150741877839,0.836948464073933,0.254836033009018,0.603714807421775,0.285974171110711,0.615789153493786,0.299548096108935
2.58703989987205,0.482464148736391,8.1381286409576,3.03668223014397,0.686918071554244,0.296516285145035,1,0.310673329646672,0.543094328640105,0.458262768167298,0.253546713879066,0.402433707313813,0.254201830287843,0.719080186274573,0.195533264632453,0.39559681667095,0.231065264354573,0.68379331893404,0.277264493836052
2.40543560967476,0.599442795279412,13.4256426655954,5.44872984607011,0.352514254853449,0.96359935104958,1,-0.353442738959774,0.484295667779146,0.699161344554703,0.181750511799133,0.643391086927741,0.206119771362663,0.77190556411605,0.245418870466816,0.303304085947893,0.427124411783411,0.46401248867819,0.362439136898563
4.68164979668477,1.59659457905901,67.9514341439499,43.1897492402258,0.362331866702038,0.914607971873735,1,0.0263537984952175,0.618495683973724,0.931168860938669,0.372551870166516,0.948012043547602,0.283937720651095,1.05678373955373,0.37949786459206,1.30827396498389,0.268470676670317,0.757606237578133,0.379426201222367
3.89882582299351,0.91601428104475,20.8873074720231,8.59156861676565,-0.198737549187877,0.404963137286947,1,-0.27047865378331,0.483517471528164,0.667060325757549,0.291883513260283,1.03680734055694,0.238254964549515,0.745425983397768,0.232055342643278,0.580995968121994,0.263902437684113,0.833986453068976,0.233297346124096
2.52695990082731,0.669902609555999,16.27183909673,6.77756831628925,0.418782649625405,0.811707424584683,1,-0.611991389072017,0.567702502449825,0.791506827746915,0.190708642184493,0.759793381143034,0.25296566300239,0.548417213936807,0.312273502148464,0.326045960022527,0.32093696348979,0.412855895452835,0.325543977577642
2.72865915280766,0.77005109308843,22.6223209524004,9.50884624577701,-0.149507966200505,0.355009520673162,1,0.0617367495506477,0.524584913307643,0.504924906910908,0.288209547803682,0.787749439123688,0.199652737725883,0.12248428802235,0.346093063463003,0.973032173250368,0.272464731899945,1.14692476484735,0.223791074499499
3.96140460191406,0.921856352424854,27.6573465004792,11.2857011818726,0.599751336370229,0.567879081096043,1,-0.0179312138565438,0.689040506415662,1.05456627294166,0.284850612444171,0.564997479419823,0.335586796752373,0.921758417701851,0.251024508685835,0.851848731928006,0.204757552841553,0.711372905678725,0.302984180293614
3.03376875179408,0.760276130954182,24.6333030362739,9.49977338812415,-0.18778318460591,0.477986249165631,1,-0.637331600933045,0.632383794828047,1.29207531313478,0.210407351832362,0.687830975206035,0.229227921214298,0.156330692677911,0.415332489305268,0.879821538151877,0.268067175712885,0.75869558157143,0.268504485476923
2.8572561666156,0.862698676465815,14.9030708298565,7.75174038504922,-0.0568483644151869,0.441985193654874,1,0.656559459191709,0.826426423872903,0.122128475952924,0.303696315506828,0.731228690226208,0.306541896760103,0.76664019773805,0.32621468790376,0.658678140869815,0.305582971775167,0.527973058033459,0.366786905800319
3.68259185029575,0.899331455873946,15.0360985326311,7.01999467302841,0.028431177099346,0.62141919608218,1,-0.693323437142993,0.72763189179486,0.947713296784516,0.280930543952623,0.774785834451842,0.3017074697463,0.840056339928451,0.283238159874663,-0.0989903719442842,0.403160613827532,0.895766201994896,0.277014321959845
4.08708487162019,0.967668655363082,21.183783902381,9.94654041013911,0.196291831109996,0.777298854749314,1,0.715649717547435,0.602214226900068,0.738135463559814,0.210447419295328,0.890118166954014,0.336936080807238,0.871378418911581,0.269499073971727,0.313758921199897,0.306196895600015,0.587580402894178,0.377693763325878
3.33550459239291,0.79397944684142,12.5538287843946,5.28976359353115,-0.140761208926866,0.590483825987409,1,-0.572354153163738,0.508932179003504,1.0202936134605,0.262835967979265,0.159857655944976,0.360562681217424,0.912878641772841,0.289584648355555,1.03541968437138,0.233731694068814,0.282390394143138,0.390914298421114
2.79695104012545,0.545840291359686,11.0441101543424,4.04239875765369,0.131575246268013,0.39295143276307,1,0.75494774725319,0.436885104697279,0.166221653856432,0.316016898381878,0.642703955773841,0.226014060190283,0.846287804804063,0.230254392030527,0.703973462347192,0.264051398997247,0.631444526771631,0.205300645307939
3.35487278378368,0.686293697499209,14.778598792886,5.70759384103179,0.178730018548969,0.588877107485604,1,0.68583748686473,0.474059594988821,0.539370157568112,0.364559703517721,0.268527149886772,0.264192007785798,0.862359298009547,0.223699561865998,0.483353908620831,0.256157859095721,0.605697987615504,0.256394120640616
3.30150385277812,0.85793269824494,16.8316144329954,8.88470679139317,0.363123784375042,1.14512305449057,1,0.427480476461197,0.652410218757293,0.281443442064412,0.310130208078745,1.08127528946768,0.282197733061923,0.239161489498157,0.50154258552974,0.78883294884065,0.268688820895167,0.45422949513975,0.388159561170258
3.55172358635806,0.884419591317166,26.4432164926193,10.7131215902547,0.399733769280407,0.897387172220028,1,0.099382630053765,0.882922604716438,0.841339790916664,0.303389541880816,0.779555644001269,0.219718797944034,0.819404433210326,0.284805695503383,1.09660151938436,0.233206641143045,0.64043173647484,0.319359165109334
3.00329624376884,0.543999996325278,8.91463866547757,3.09263478230182,0.691648807301773,0.293489586022601,1,-0.541268676670274,0.556232546639217,0.354396663015597,0.286683524594439,1.02625114849116,0.198250257839047,0.498629196424848,0.231334179385793,0.766015859712323,0.234718414749179,0.269369418122995,0.269118366487338
2.62293126348054,0.608349814751522,11.0512538791785,4.76209570333289,0.460770241078116,0.683356173673543,1,0.313057268120299,0.514762865480668,0.139052474819827,0.276490623524367,0.442521989925314,0.210891717216627,0.639316913473125,0.232050097852014,0.398603515967992,0.278697172533134,-0.249604186197353,0.468396076947799
3.91420884994485,0.879344754205376,17.6003045499222,7.81880181671376,0.0847196059227539,0.608508420417596,1,-0.0797514342600997,0.645796855671556,0.945866652192454,0.232857154627487,0.634698930900941,0.295572605083036,0.508696517958703,0.301404787137318,0.585382534664148,0.254553167935148,0.730430396953921,0.298984655200911
2.75035044806685,0.634817405519109,13.3514597145158,5.37091370486735,0.432509568564719,0.621328464668224,1,-0.088622712580063,0.389917217953786,0.70394629409924,0.185031600465782,0.78049279384367,0.222121473879364,0.410491133038935,0.350911520162469,0.970963643182425,0.285907425039792,0.58991605126015,0.207895215062595
3.24270032401506,0.728583255101602,18.7057968047163,7.09104802387308,0.421103412232139,0.715374315874865,1,0.155414967194138,0.546049750717277,0.622538493275391,0.307457637784319,0.902001428742122,0.267261602424846,0.674516184597651,0.238586406546867,1.10500286855308,0.216770348588845,0.535542115139641,0.282061293478553
3.36567943506186,0.732407616667375,20.8577343412864,8.56302951054752,-0.272645482935644,0.273799592847304,1,0.597863580072314,0.573025261737097,0.945789757608107,0.28522374555092,0.950372586186066,0.157436924692746,0.881351865783024,0.242717564464159,0.735654715273061,0.345330982694529,0.745236279621595,0.261819548219847
3.88741828958759,1.06043067883263,40.8624200122287,19.6135287718831,-0.45647053172792,0.396502707272851,1,-0.455559301783449,0.735597575321464,1.08096264865841,0.317270317513285,0.977842632112922,0.276957955953788,1.14437174048571,0.319222199183609,0.521542677150966,0.364177905505565,0.595678888473083,0.27284228123177
2.92691464338437,0.832239444240577,22.0248223357052,10.8998888990123,-0.371423948796786,0.364717700061543,1,-0.993240516505239,1.08905211345261,1.08389825315037,0.371824793522041,0.83955961145373,0.27388824295531,0.866195841922252,0.329500647467541,0.662580122089866,0.288943736791022,0.336722433878546,0.347462355629916
3.43979730664012,0.795948978499943,15.5046859694263,7.07632023972698,-0.188404593457888,0.392924582760602,1,0.759421019023911,0.507416999344002,0.523860739144846,0.361216556947293,0.666133213765646,0.258771684783979,0.859321693022251,0.294088673350016,1.03462690426079,0.208815453614463,0.698858198794244,0.334685102779208
2.49090783050064,0.513243785078367,10.0647486567215,3.81575626093307,-0.210285903801308,0.327398161347375,1,-0.505624439372187,0.557598999081361,0.899495478144924,0.230813708458439,0.741585788350341,0.198926196698342,0.825635292219644,0.206148797019782,-0.113164322436795,0.432728028329429,0.562652474171333,0.260946213762172
2.5558243136205,0.610176513056273,14.6717500303451,5.55602111201656,0.140749836771651,0.426053984301461,1,-0.0810196702361498,0.379875683275508,0.3921402531537,0.207472695603262,0.505975516884179,0.242267362721419,0.548245424317115,0.296497946458855,0.544840601127968,0.275357484076172,0.421941141301586,0.223509862078022
1.78874656100133,0.550525583326015,13.902416406957,5.51009425046767,0.0952732476035343,0.529284835928663,1,-0.373580723002947,0.662717054951599,0.802795442209723,0.276853227982794,0.491430775437524,0.251579138957714,0.430737962284024,0.246021849478873,0.694515548591021,0.257713532770901,0.299133975612548,0.301724519256466
3.01286986391646,0.605640370034422,15.3611015365232,5.75891510467777,0.337962883060234,0.652489771096691,1,-0.154496899298871,0.408761759209728,0.516849259853183,0.19572425492614,0.784945489954281,0.260936691356416,0.587685217316261,0.191371037109049,0.936055284226518,0.250177689930152,0.282695963627301,0.372426785355075
3.78526666269839,0.87623474681426,23.2210334665215,9.20167180282566,-0.546080957398891,0.189622467689199,1,-0.425791780990908,0.673387518059628,1.06074753221922,0.279945485460389,1.01652291138901,0.231705034110569,1.01805690485196,0.248754108043792,1.10540859327404,0.23727673080382,0.874843363803639,0.26352309926127
2.3450263326225,0.652541237928251,19.1434829764925,7.27792057084014,-0.290841597022831,0.261662935124353,1,0.427643491479862,0.450433478294263,0.857803298955855,0.264137428999455,0.589479841823462,0.248528482687938,1.02625905736807,0.214067506383271,0.980784580446178,0.195128620416275,0.687816527728264,0.256095528774652
2.41805455657543,0.634160374443125,18.0631982720228,7.78266085624541,-0.0706482419774826,0.344652288215424,1,-0.913185156096436,0.646011252549973,0.852077440798366,0.316737036799244,0.901278696315945,0.208384296867824,0.8841005244954,0.203640976143963,0.825304666619961,0.286803867632424,0.551199862122368,0.336562809445123
2.350166966961,0.491627975576551,9.74561508439612,3.6776158980187,0.333531248859223,0.519946608793299,1,0.0731460240216987,0.561307189253874,0.526793471908961,0.262694669218515,0.464434565877667,0.250286960468548,0.610353632176923,0.268507274906652,0.738234062094913,0.198384493749717,0.667220747114638,0.284096270605206
3.69622005300314,0.905076718946865,29.9043296138034,12.6184907951361,-0.267136480806894,0.3504265504986,1,-0.0289705448272792,0.516167859042724,0.916128370994987,0.190195670100182,0.294161359167953,0.292840863294209,0.960649042043557,0.267810943871782,0.809780718677949,0.305330375833849,0.831642487042436,0.275449924121973
3.53135947368595,0.664232200528051,17.3010979045359,5.80151968552416,-0.00530670782787098,0.357592320865922,1,0.258222999598371,0.55829899587355,0.845011564113175,0.240631614475405,0.681997666234594,0.217523677883291,0.676586699982899,0.208268663118315,0.828811751350066,0.216554669912443,0.723973648570526,0.237799776366011
2.76490855918156,0.730784840480601,21.144160053137,9.16945936323428,0.63248179524375,0.404097415694057,1,0.0477767459257709,0.510402380610938,0.925704946738614,0.252039208973713,0.817339298358471,0.26577343966334,0.106508750967234,0.273359820332741,0.994816066665605,0.284261371136114,0.925949144655421,0.261940737812197
2.99189037197954,0.751751432719636,14.726699164531,6.79226916680555,0.284957183927095,0.648123324684204,1,-0.374837039758375,0.66005347417598,0.780159887525216,0.220371449381629,0.650044889040326,0.246366290826483,0.577201497207456,0.362476249638849,0.92642616723916,0.352934574123642,0.406996891128904,0.312174625765972
3.55703414725795,0.622279371523796,9.1793961459432,3.4670482131615,0.811588425793891,0.160498558901271,1,-0.030168285212579,0.569055619414434,0.911085752712398,0.247625726198904,0.270592604694995,0.323704777788498,1.13409617834153,0.216334850259116,0.251889052176784,0.2337920545007,0.535021734836136,0.239579963020136
2.9336110228382,0.742732569220831,16.1876624255182,6.99653068194234,-0.326079830235823,0.250520910762439,1,-0.217466525763389,0.651489312860068,0.91227800461216,0.171052179921883,0.820313317831142,0.22682475131777,0.935854712046169,0.25734451218133,0.387675850408059,0.32554199629288,0.877227924017711,0.332034982829164
2.51887958165743,0.539424281181781,9.66336015884693,3.40979515814827,0.558705399267388,0.645052471745302,1,-0.595533206269962,0.706162914042862,0.460306947475571,0.276478060246172,0.54849943763319,0.283690329207781,0.76455281504393,0.287667428390044,0.362898750762531,0.234743286912483,0.634471222166257,0.197213813571301
2.10544302606973,0.555586988920394,14.1390428854771,5.73929920758411,-0.117867885063307,0.169103379938014,1,-0.124039755766951,0.520486089701916,0.70233768211912,0.233339950658988,0.230206301766721,0.31920816062337,0.43683495909983,0.271968177140475,0.954677013694944,0.327108872148153,0.191503913691926,0.298725097212057
2.8763826032744,0.65519342871004,22.1543244810432,6.84289099896193,-0.413723996382541,0.248811998728393,1,-0.56692292861369,0.522571039167682,1.07025501474494,0.18677131609038,0.774922159688079,0.256735848059004,0.821876027060569,0.194965420219775,0.727532295279512,0.188161398310066,0.577300248765199,0.306889824817051
3.16976809763996,0.636089317047447,15.4104534940883,5.80030451758299,0.0679586550343552,0.511811203527409,1,0.956692544524344,0.462945975576734,0.789811753512934,0.218338411875727,0.907117072349351,0.219685261232475,-0.147563195541185,0.371870379902083,0.884439276173106,0.284676179933579,1.06113873893085,0.174886192801996
4.18507941275494,1.01998834847426,23.9815457035645,11.6730352003331,0.163563806152377,0.684729332350084,1,-0.0247094183927952,0.71305809340243,1.00182240634651,0.230881494530443,0.880067675970609,0.335462288695858,0.500705408624009,0.346598347636999,1.25344207604599,0.257261116797333,1.10561406546881,0.349594568999317
3.08575524565621,0.655862897082441,19.9969643741535,7.73964231643486,0.306219064529444,0.765982402018024,1,0.717528826115423,0.51949001496533,0.306545329018457,0.294614269142764,0.75187797221471,0.224005809407576,0.633072630488256,0.290373310151482,0.774815035270112,0.212517844808772,0.876395861118944,0.27859572242608
3.01906330558461,0.996202598696969,36.4812279615221,18.1959443997581,-0.123503403439211,0.4551685277954,1,-0.725297944920921,0.905842119322556,1.06877495367169,0.303832308831988,1.06567555865165,0.259881400464742,0.238287601661271,0.511527820815242,0.687637776952791,0.340188675551937,1.14752122708093,0.36114165293264
2.97512156370525,0.628661676918165,10.9964165129105,4.5658391850863,-0.235016129072485,0.312547913375516,1,-0.307364867572996,0.726435273794662,0.740061271882425,0.32778307557553,0.366921506934341,0.275308805599263,0.717969407229411,0.236247100099889,0.632297768423495,0.256328850574465,0.831365710669943,0.229438495186086
3.96980267129274,0.866958266048459,21.8163818398356,8.93247766761883,-0.11462759450625,0.539061305507764,1,-0.218167842924275,0.95406420996846,0.990066010963416,0.354542415598933,1.08773037176578,0.201197593392253,0.95745984248472,0.195485925293844,0.0573161300827419,0.360901612646231,0.936739368439811,0.29822638000842
5.14897487697306,1.21465121705871,37.7254561296156,16.6105813303718,-0.606325679634058,0.212050823486025,1,0.501849568218778,0.532657587158562,0.933372999660836,0.202774171080086,0.951905801445614,0.264662555699144,1.13397154803326,0.271395750535095,1.35834008308525,0.239497078716171,1.04508109675715,0.33302200947721
3.46297717009398,0.703185355499801,17.1826700729822,6.37085770927357,-0.127844323078445,0.291114108015917,1,0.150434614730552,0.587072773476035,0.501650202556075,0.286486278011478,0.92288729964893,0.315317673714816,1.06388834192244,0.218254957271855,0.825781469115009,0.177905363731216,0.715006970394676,0.265350629993446
2.40171655329289,0.58778841234903,18.8399675983873,6.80677825338606,0.79450378445719,0.223397420102569,1,-0.657821499454927,0.613724324671355,1.05882487841362,0.206897761501747,0.478917989635012,0.29081587522915,-0.181608253117592,0.391128048835309,0.704030673322202,0.217193436370524,0.189220409172638,0.340773959611597
3.74380121250059,1.47419851056448,45.8228314266536,29.7503666534795,-0.351192170635218,0.501283587848277,1,1.03836757041079,1.28143248832424,-0.171799502303965,0.629558245386197,0.835867886162494,0.422538401420907,0.791015435364264,0.35043649022188,0.98086938136406,0.305423545612463,0.968174354159613,0.287530215021446
2.93807254157363,0.633180194220999,14.6849843386281,5.83309996470808,0.535331272873082,0.757586425104869,1,-0.20604158922337,0.60400769702015,0.736806358391239,0.236236822419969,0.843460463664259,0.189910411783539,1.13313727709154,0.24608073981185,0.645146260183897,0.352295542703308,0.757950404091114,0.26983204056094
3.63347137033575,0.749626938275544,12.0850409240765,4.95019563249674,0.71798701285254,0.359370155346617,1,0.0926936797854258,0.622282973847094,0.647891784096965,0.240382195267586,0.683714942349288,0.224770828484835,0.771998121452239,0.201034204412483,0.571034009152225,0.264436708680459,0.77276835322317,0.25376045641205
3.55359445160512,0.858094228382428,25.9983096914486,9.60652856795835,-0.368599272714845,0.315215173421836,1,-1.17123720756383,0.722255579389507,1.10200240301924,0.260405262651415,0.802902768029809,0.248924169345927,1.14840944808676,0.222525645182201,0.930522144325192,0.267871734601003,0.857362500519333,0.274713995704019
1.78425244436452,0.475381512907454,8.72509046826364,3.7171469705496,-0.238913320302841,0.278258714194843,1,0.235615671055876,0.441236942393986,0.647320363160491,0.169466066753153,0.800117137217108,0.228664951935025,0.391827213005607,0.364308954899541,0.373323074148609,0.307236472559706,0.811077417575425,0.248538208057738
3.44589037298194,0.681726288875735,13.0876493506455,4.80688825473516,-0.25470610211155,0.293058898572599,1,0.152046061452048,0.622435634239738,1.07483437634605,0.185590554376932,0.788043931688839,0.237583448105861,0.807755259362306,0.236522438891956,0.94181459665682,0.254476627822443,0.327818719154956,0.352714864167037
2.78400006518838,0.673989046353444,14.8920929682292,6.12626157597694,0.804951224547291,0.205751592864385,1,0.469097224097625,0.859557357408927,0.65939379629559,0.355714819848478,0.374141324637392,0.258663221531991,1.06199585815436,0.284454408576149,0.94342639899969,0.215965488608291,0.873793898526455,0.215725898904906
3.73856759377842,0.695952561825359,23.6631274328942,7.27104127187746,-0.427722130100873,0.143250824182597,1,0.402550438233751,0.684213915831174,0.621709175190768,0.277677139893362,0.697931106041805,0.235550015268148,1.13608383469348,0.168102332514521,0.810451860606758,0.216960989285715,0.480439529354054,0.303580575681027
3.61897023443306,0.880659027666075,24.8105429494145,10.9744289693383,0.0528785968004339,0.486025423985844,1,-0.462678853173677,0.527401927975723,0.885993658140635,0.24090026782047,1.10450737063509,0.177207573874901,0.363610984030752,0.355162858555346,0.899113605511702,0.272008431069247,0.810271765400177,0.318724726297799
3.41686220089794,0.673750545683977,13.9462366189571,5.47189885216658,-0.214879201724568,0.236792885924277,1,0.0244084140483867,0.51661721883266,0.675038863662809,0.216203870848299,0.779223164798492,0.249076400307765,0.516154736983637,0.243952836273648,0.643295720047056,0.224033150168191,0.51406968493559,0.268406153823876
3.43625245427271,0.692877276296494,16.4984556935265,5.89608016907996,0.324314147531591,0.669792098198554,1,-0.215334751443084,0.813426590282095,0.853468009074938,0.300770143099644,0.799978174948608,0.243810131865514,0.676429052945852,0.272902259628682,0.588091553197981,0.203879454826053,0.973246912584496,0.191568227756864
3.52245622469394,0.798795348383296,26.290277619781,9.78249822222165,-0.563359789910407,0.200544687040361,1,-0.0340792786999922,0.468698315979779,0.896371655155474,0.231882994190027,1.21941052999923,0.207061033671205,0.680738667298938,0.338935515555619,1.08832186500501,0.256614930735097,0.990810149362313,0.202489045739
2.82827466132547,0.698047280605793,17.2497301299561,6.94365465528643,-0.103587002040889,0.236913689368513,1,0.523890381023728,0.603914327170712,0.868410288030224,0.18695042555998,0.673480024854225,0.186974314946006,0.746484163973087,0.267013130993646,0.363984974535015,0.431075008881403,0.727641131028328,0.36880176028334
2.95957666740253,0.683438633939586,16.0653781444099,6.33250836497967,0.452030201426898,0.54069668752239,1,0.639363422899327,0.582493321220633,0.514965587495932,0.229840385520619,0.828260544364724,0.222445425780382,0.512912152674701,0.25077197847311,0.560056044125474,0.234164588202647,0.945878656053414,0.296430428199937
2.66268996932201,0.544815908447318,11.2244583375076,3.90958526953536,-0.0889217097548974,0.355292773001512,1,-0.319846521428774,0.363701585279514,0.672370890457046,0.207771533952696,0.504957997889714,0.252113345298376,0.735521675155399,0.212719417587842,0.345123275122229,0.223283725107664,0.879293417839183,0.211904673308859
3.73184476773732,0.931001925101993,18.4080900593021,8.97490859123393,0.0793761637045552,0.649819756608056,1,0.270708761683655,0.69132177353199,0.665695280452469,0.412352206646453,0.690989111405957,0.393543824174493,1.04051061654159,0.271213833805101,0.940579471960687,0.288347487506637,0.913296459770496,0.220374861324497
3.76125176862052,0.849044065668523,18.7523374504756,7.72883202564496,-0.343399816174281,0.250277034420682,1,0.617381110672752,0.757322892174123,0.483452786978287,0.214502077721354,0.926091420844461,0.239171792712755,1.27304442661993,0.270152941427277,0.926750686904572,0.250834529517205,0.788854179096691,0.259224516982295
2.16518633001212,0.49293528812011,8.84282440776843,3.27999741162338,0.647790664888348,0.414990493356819,1,-0.205231643144854,0.549522788147032,0.646157149803689,0.213815824284915,0.560929846084104,0.204011711030322,0.468326177324788,0.254435728632416,0.177962478466153,0.351659755755991,0.899440475965702,0.201423259510208
3.61131473009724,0.654989288621569,13.4379048619109,4.84185540430661,0.585408963337246,0.671818880081019,1,-0.272738147707399,0.537314567035886,0.972023792460756,0.248777886989043,1.12078965076186,0.206874751890395,0.489659374049971,0.342142299817755,0.423576206415973,0.299231865909787,0.970908877886017,0.212208665835525
2.51721805400702,0.658976980413641,17.2287999599692,7.18069393455926,0.110925749010582,0.436197981168535,1,0.42678036098877,0.517475911740355,0.534420133185183,0.235057026170868,0.809669277929336,0.253405875307209,0.506551261653172,0.264200354333542,1.13860121003006,0.251567159068644,0.160325588220736,0.359533708918383
4.22178675747034,1.03708442519503,19.63777999416,9.10621772234811,-0.334626729486928,0.352460841297552,1,0.388333378723259,0.738416663261202,0.945960391253131,0.326108132171342,1.07063338589974,0.242808879671901,0.479514187978584,0.331403374625097,0.811316819229383,0.295808625217003,1.22045975660103,0.306530768259995
3.17808298054463,0.660522999778861,13.5275204891509,5.06516196864915,0.471534999347024,0.672464532666723,1,-0.360788063520661,0.413018107006578,0.752260819017567,0.244003656848955,0.270379627438546,0.289782686644489,0.759158160232402,0.171668747871039,0.689807792432232,0.224445077992456,0.27143980419951,0.374159899728491
2.35576429400652,0.679052285950071,15.5993237941254,7.83292628614286,-0.175436906500157,0.469923956982016,1,0.0287149640892983,0.430147201585466,0.583142061693853,0.281507512365262,0.758597956896077,0.327305382368995,0.489062202549847,0.327354920838739,0.328698978251501,0.354973747838655,0.909350249676093,0.26684153507046
2.74866688974776,0.492839924396595,10.1173037328596,3.21736145527743,0.200057507939515,0.437379415779906,1,0.419303135742248,0.502531551208441,0.91415540797003,0.231663596554166,0.59697878799851,0.188146264147021,0.676927845709006,0.195957330719988,0.65960545533456,0.208172896851081,0.828076910465356,0.187384840202716
2.9383692879962,0.763416217296556,15.8834838748021,7.81078633653759,-0.235095781101962,0.366222312690003,1,0.56830563604166,0.443962676207616,0.794654194783047,0.238064368418813,-0.0335201222446751,0.416818365213863,0.875259741081656,0.291284753829046,0.62099952000216,0.29089131309805,0.691547321058354,0.349122175426461
2.48482858994403,0.598915536428895,12.6933443013546,4.6388141802112,-0.211399343429473,0.274653792903147,1,0.454774428691576,0.648875338717061,0.4205814321572,0.264746387967238,0.891905902192076,0.17120847537539,0.802044904700021,0.262116405007048,0.631237648221325,0.231636066648505,0.827431090300684,0.249422122440173
3.56426684118418,0.807289792930362,21.4716157918001,9.15123145083517,-0.238274089830528,0.345113865759955,1,-0.461347540445237,0.59487973750741,0.968252395518208,0.187355643072193,0.856170774837011,0.324089078178809,0.602628482903107,0.291311876703287,0.925000653074875,0.254660035025133,0.112021684463041,0.346525963425192
2.94230174960076,0.721503319273447,15.0632656890044,5.88209804992675,0.451118690206808,0.555564453893713,1,-0.244115660178558,0.671566154290796,0.951846704221266,0.177730944017057,0.500150888730685,0.268141353641828,0.858143737051111,0.204264858948142,0.473807517143351,0.276058313023829,0.539682033024492,0.348603151028868
3.465524241407,0.601459552997355,13.7890020805024,4.83967218074268,0.0730528389842188,0.359299102103422,1,0.38327786208239,0.557270904519499,0.588718743373984,0.237330165638662,0.999626894185878,0.225831813454431,0.646990070929825,0.210650002470231,0.937884112084644,0.236936466998448,0.603839718929285,0.271628660267832
3.19802342254744,0.773026147964331,15.0678262458004,7.03630611601457,0.134085704869329,0.606659852812498,1,-0.0771001432887552,0.978021293667255,0.757638143124258,0.456240281562309,0.943291483771141,0.267011179221146,0.722046560630902,0.191279403651667,0.566605829212896,0.282782011837886,0.763879833637786,0.298095070702576
3.64906321086472,0.971644747148447,17.3085631706214,8.43464391093615,-0.22092943323639,0.380934075759053,1,0.112976369347212,0.633094915004175,0.577991445687472,0.306076128006578,0.301275694345867,0.355517087500254,1.00172878904721,0.266074026840738,0.285233033170741,0.331423934069297,0.447656315491571,0.334288279047593
3.28593960547552,0.633036334784664,15.0137872890721,5.294896958806,0.25367685730614,0.602580849201311,1,0.20670004314777,0.64727629584023,1.02507980891393,0.230959638654495,0.682205778780783,0.219384351135727,0.467046701384765,0.310482460501164,0.696349825708557,0.204989478143,0.655633608272186,0.216126371425383
2.6650332734739,0.787834621838236,30.8295419674951,12.491974721212,-0.45013534328421,0.248007189049111,1,-0.105854233615376,0.483364132028197,0.923169196696483,0.196077432701003,0.533635849110471,0.270802459073462,0.673095863670898,0.252074075995347,0.88553293340444,0.306126421587086,1.02199813841065,0.28735237637319
4.0948797734205,0.800406905072348,17.4871063177585,6.51050303676602,0.244961771704945,0.556947335286634,1,-0.203502022251961,0.569849808642566,0.246771908855211,0.322614475916744,0.644062874665156,0.254504211500718,0.550399912413274,0.250087980126254,0.932341090960943,0.232168434376025,0.570232380256317,0.33426959448279
1.62430828523931,0.453597777564536,11.135540034298,3.87396894474509,0.125461564922422,0.258429954173808,1,0.152379561660628,0.43485839728317,0.494605797088109,0.182090794244948,0.415901466132804,0.215242746321233,0.358447517431359,0.193695457876545,0.790893190489773,0.241063695456098,0.000385270624113766,0.40217837541108
2.49372020853563,0.518106784967508,7.18649037224263,2.76415316449999,0.512017929264201,0.588653859595211,1,0.0264886751796471,0.562497751969922,0.563042952691703,0.195327741875484,0.576565007872257,0.212709171233117,0.878806647911136,0.212747907819774,0.493531718748188,0.285047325678373,0.16140790738573,0.341501609191899
4.66282787589963,1.18336623337648,25.4284651581593,13.1955649955472,0.896605852180806,0.0944634368495432,1,0.258198634652163,0.672865618474237,0.930545506495965,0.389787261189267,1.11008552608881,0.308029069347074,0.361042404626951,0.438288865838672,0.980141508796839,0.291432012127308,0.602211170712407,0.316942380572157
4.68076599317872,1.06817371380773,16.0622758206169,7.542298353257,-0.292499740194978,0.435737857383643,1,0.615936761541154,0.570465813597475,0.94912070347532,0.277087969524882,-0.279090096545954,0.531310546742097,1.09416443294261,0.235974766532524,0.659636538456074,0.305813593873185,1.00499134409433,0.315087118708008
3.42899841491291,0.65454635792996,16.7414570275809,5.81288517726209,-0.323555103076171,0.242139626779109,1,-0.349046791307837,0.510950024722151,0.796801285278486,0.263573832091698,0.892440705066475,0.138349573496697,0.702990582592914,0.240465214212028,0.63668202837413,0.226847191934333,1.00473859951461,0.246720033104784
2.80090593721117,0.655622990364731,11.013161245017,5.15213940616491,0.135639587341443,0.430877323943438,1,-0.161648040055768,0.436584312801782,0.733716294226471,0.173845797470026,0.698502292014089,0.273847784103189,0.384779131241082,0.334298042851692,0.417042569166928,0.294596759736969,0.0368080803013997,0.379755552202632
3.87470054073067,0.829123043902125,17.0986082052209,7.17308581865859,-0.0655739994921922,0.479742799991635,1,0.168482023361639,0.666357193685847,0.872889045264237,0.247915469687242,0.644387142145201,0.273923764830061,0.929345295192822,0.225091363318271,0.758276455320912,0.28874252227711,0.76579679251208,0.25301429313603
3.06324246696548,0.581722810132286,12.6265410992709,4.52327256404009,0.129305933201318,0.361709709721164,1,0.103528247313363,0.426468924501699,0.161637210536188,0.229078209337202,0.880012977548391,0.169636425742813,0.0356547288209956,0.317454221424112,0.600754524004959,0.272156560977573,0.784329508854912,0.34944588496349
4.22751855061473,1.04408566391225,27.6648891951711,12.4543669423478,-0.510608474090344,0.258797582590924,1,-0.30658355845449,0.461341425653461,1.05204280026014,0.276440350089152,1.09535926457636,0.242650412033751,0.745255818447162,0.278005468670032,0.969673974844253,0.289385584857639,1.13475358797649,0.312764452497888
3.2240089992148,0.638541385546692,13.8228314849961,4.89447433073897,0.714339905521037,0.350342648142923,1,0.0836990478062189,0.626285747202888,0.773219323456591,0.245740411370918,0.635508479830394,0.211794395290717,0.808065133526987,0.170530651879017,0.666512316374134,0.22875404995253,0.830084184110207,0.273540023260214
2.92288229687114,0.566488324735457,12.7383961069359,4.25139893711279,0.0458347645285608,0.475499761483259,1,0.193122053770191,0.45806925469558,0.508502635401707,0.23858526491903,0.848347357342619,0.177632316170548,0.602515380741034,0.209965864421811,0.462699415638864,0.253972920352918,0.841698078113026,0.261556929535134
2.46718183966862,0.780383112658628,15.3308537096176,8.22741478665275,-0.213085488981145,0.585284290306854,1,-1.05525955972453,0.536577006404938,0.620604447607496,0.288440946737963,0.370355972392066,0.365901337744628,0.486177591662315,0.290986076397422,0.477141456445304,0.34511542904028,0.255133622441864,0.425444239100644
2.85141478813866,0.605414277507185,9.722043766848,4.23296957095351,0.58832495720948,0.747660709302696,1,-0.295370946475022,0.583195289545139,0.808423854251005,0.208532197247395,0.546843446233825,0.188520899487346,0.240435829342153,0.327939917348554,0.901656383222898,0.262175126804213,0.13645444945644,0.45162201348932
3.05392277177131,0.712250030782831,19.6921867159298,7.87191675727485,-0.0204478704439779,0.484086796013482,1,0.416524258073048,0.761572911930542,0.77907230722301,0.292865798431745,0.878501354345531,0.247009522626797,0.976262772742726,0.217741587864953,0.998973025474079,0.222664815697312,0.945694626539316,0.28955903178927
4.23800545395233,0.993692116390429,27.8290187066639,12.1647890473747,-0.0427802522399734,0.538715226548538,1,-0.0258889617019774,0.681514228029778,0.748894242901468,0.250141968584791,0.675963856205562,0.240163647080309,0.994424588181437,0.2409275934951,0.908096547155715,0.331819303549072,1.24670069422005,0.275117993038577
3.91491986135122,0.736089096210098,18.4980035956152,7.20519259889839,0.405135278749136,0.741221019500493,1,1.24608823942947,0.53517396217188,0.423890905741315,0.292733886774712,0.849099428023346,0.198596964903336,0.927449261822729,0.279354830088674,0.557826982551793,0.260727214810003,0.545081990054864,0.251932993511951
3.27632184198414,0.78849741389406,20.6624853063021,8.98263302273172,-0.203170907891858,0.360490295313979,1,0.320480174122539,0.482188447924716,0.0691108032048846,0.333354974578368,0.446188263849913,0.295700694855046,0.579001339167577,0.263885923997212,0.338565772603393,0.381099689984625,0.987827598413347,0.246316281176443
3.74729859680855,0.992863834985442,27.1197325631081,13.1442875855311,-0.230190437246728,0.35141367082931,1,-0.672722391163099,0.729128346420071,1.30232302474536,0.332886966026761,0.381203510223654,0.302932498465868,0.875547452036823,0.249118927192745,0.989681058374738,0.316956455667889,0.928902514391868,0.336546888047379
2.88327367504867,0.666498209351114,13.577869049858,5.91896212378765,0.633154620447253,0.351343395516512,1,0.321902949780214,0.44087792797688,0.447602642931299,0.227630081505933,1.00221100186499,0.240695480659572,0.580170757357802,0.346180146305124,0.435210153772376,0.302864513188808,0.606800118216124,0.408973989937331
2.92954159236875,0.502267306641027,9.38059458265557,2.96220127571545,0.0805666696945286,0.393691442884217,1,-0.345849758740819,0.59907692501888,0.94822241272704,0.216438472957897,0.8362542779392,0.159786374973896,0.524320221614749,0.18954678631828,0.58863410968353,0.256314787296196,0.530452736034296,0.275560358109305
3.7022454573518,1.25964520359553,59.9698917514218,34.0153424370428,-0.0824926838387702,0.678592413957157,1,-0.118768533182831,0.695187950861093,0.507414880437631,0.323923847571406,0.9322228073544,0.314671901584394,0.803921426989902,0.29541806095435,0.998886672017359,0.407120208287247,0.855981135180878,0.481512125201778
2.6096902632075,0.670038272451628,22.2881061547722,8.35808031001796,-0.296178510692512,0.289666959636439,1,0.321097049075562,0.569086887896378,0.46964205071968,0.291308805743819,1.09762151377585,0.159198165249705,0.722677394669132,0.295643980871271,0.895643644725702,0.24067294706529,0.433163822141032,0.317958750271695
1.777192839951,0.347685730169332,5.51112830267408,1.83951102677206,0.52375796068297,0.480524646591307,1,0.314955831600233,0.504156795949199,0.42146766026239,0.250186105218228,0.165043342990705,0.230314375976776,0.564207038739081,0.182210420607206,0.4249587400936,0.188427128811728,0.745837295695228,0.172355355557001
3.18665141525351,0.880515701650319,22.7169868031394,11.0401056004617,-0.249397615888329,0.38778581651528,1,-0.0777774302412869,0.62277577946948,0.834333676924804,0.297738255299714,0.692680319502373,0.252867925417345,0.558452953771568,0.314866782954201,0.885374839260623,0.274857600467792,0.613616554048848,0.370051365437712
2.81326522756199,0.684063102642549,20.9035115075239,8.22725898225832,0.229536559584403,0.616918257107757,1,-0.750679207031523,0.618832738152394,0.679194310034011,0.206927507464275,0.721745289082415,0.264686014588237,0.481674246348279,0.29611615740882,0.538687753434412,0.335030419962999,0.605862347400457,0.240498593870741
3.26447131620346,0.834849045446797,23.8078540195305,11.9153406970556,-0.269377136293793,0.406391159954578,1,-0.00382032452195339,0.907907686679954,1.01579693244988,0.335816181609858,0.577830282640043,0.365923366209391,0.419001637373535,0.363708257147707,0.985052107191699,0.206649565009236,0.768664280186587,0.272164466563687
4.43502707410899,0.877797142220159,22.6187719321376,8.24172336159007,0.152304353903341,0.513931409034562,1,0.547771763822536,0.646524294513965,0.64062079789714,0.251552169136142,1.03839431151232,0.200944050385592,0.758497703129169,0.266957981854437,0.658737183345533,0.345633600409818,0.625572288482175,0.294899816777364
3.08863490930951,0.792260324805627,15.1051142813925,7.09131068432003,0.199789326024847,0.846502227929663,1,0.178432404541001,0.470315568801063,0.443676586743297,0.29131743603909,0.832398398742361,0.195780475601762,0.27785819123047,0.36838394316301,0.375384539811011,0.312470053279494,0.701442522343049,0.313650487070759
3.47524724389064,0.949042381042246,38.6675479462568,16.5604931643573,-0.362825245135188,0.234907914380599,1,-0.495963691508293,0.832007291726652,0.872862624006051,0.296713191334786,1.26147763417332,0.275065480777065,0.74892880260886,0.313819586788469,1.07066231013422,0.24376510526481,1.29353686251283,0.21766530837128
3.01178986304415,0.650634556255981,14.5835365957044,5.55009346579799,-0.173636342557787,0.462528128746892,1,0.226682411865391,0.601213370926355,0.491560754964288,0.310373774607378,0.601706739445524,0.295068237671697,0.774647093673761,0.227587657237418,0.833252783794221,0.249839101081201,0.558969596312628,0.229511508048216
2.69761934492814,0.544163307295153,11.6277361834013,4.19896441201152,0.238703373886128,0.509093669103422,1,-0.390654988757362,0.454184275102275,0.789239604765072,0.169191815099685,0.489110611365297,0.239021004345473,0.673075804555196,0.232983551200772,0.441662628221861,0.253616181920382,0.269862454747704,0.309294531410311
3.99435784645657,0.911799854027634,22.0701341829919,9.94797008228646,0.246920315655924,0.701420080512522,1,0.406541339340548,0.807845722844574,0.565147005104077,0.412945932569472,0.482456156173008,0.325968326070133,0.880579824208606,0.23607180757416,0.912179916997841,0.230826829410724,0.846955535686193,0.315408536893977
3.22575000524089,0.653803705878603,11.6771540002592,4.54038622947856,0.42835029660473,0.742264162324247,1,-0.0691704308639733,0.460561734868403,0.728457033863161,0.17880543180216,0.715189221553953,0.241972681703501,1.01655529964911,0.226274700623787,0.480169905724995,0.284097957882479,0.82497132046933,0.246854640964664
2.92654832149174,0.605622037066407,11.5824221329688,4.52192036619274,0.494473882840304,0.847929236721593,1,0.168692789786835,0.549107079381469,0.332657738269888,0.249326830830997,0.489541123996675,0.233585046246059,0.751340112197951,0.215923515312811,0.609157322532193,0.243286113587352,0.230402002210005,0.320313349364994
4.73218872613815,1.21666222326006,33.6095368568078,15.9405794075803,-0.200035800042783,0.513443394851677,1,-0.150667159149749,0.451445925734616,1.27891612573023,0.254832561799945,0.907751463037426,0.266549346423232,0.758815603413604,0.303298026420534,0.5459647303012,0.401513087084832,1.0649741901922,0.361847226627988
2.94200608002782,0.520399851014268,9.77374038924894,3.18249460442862,-0.110473318501646,0.421010942561706,1,0.175330319618523,0.324969176796938,0.677545162461155,0.211846332928812,0.764368387971953,0.195778172934343,0.613531264422545,0.273181642463348,0.955155852881798,0.205733079042933,0.721471198840709,0.214344570294904
2.68337255857992,0.746973640710329,16.1786933155507,7.07768496002266,0.312985125507721,0.95478068775598,1,-0.676801796684069,0.642071691004171,0.732392925470119,0.294698784624753,0.91346492745553,0.23636822568412,0.763090210972478,0.277102586051268,0.428429584572361,0.28557641105922,0.761220139495558,0.233687962447871
3.70969624852286,0.807098593284741,15.8578929275413,6.56453488143862,0.0915111956420276,0.514530952913704,1,-0.102303042777735,0.545831146178738,0.672249216678313,0.194009515542028,0.592436904805953,0.275831384986341,0.76426753497927,0.32432189324602,0.791771632326278,0.325005576411884,0.417782856766473,0.331433002835288
4.53787786558626,1.15735795456032,20.9199082251816,10.7115764381036,-0.461656919892485,0.307007467621287,1,0.906332266875845,0.615161245773287,1.26040222027936,0.248356998718782,0.802199628924719,0.331430075595146,1.17955767551931,0.254297442901308,0.867915769792226,0.356004569292444,0.597272087126499,0.348292998580038
2.80266398622741,0.889094296424862,34.1095230985135,14.9329714225014,0.0525578127547989,0.655779148394832,1,0.168871023637547,0.454855731945082,0.813922728559104,0.217001607933892,1.02905773557856,0.270350358680157,0.750956177365316,0.346146488846429,0.718586687168873,0.308220505437716,1.23450590984072,0.272222328626622
3.09057732592236,0.677065985674557,12.845900782236,5.2645844227984,0.00969802252151072,0.341924495799289,1,0.0922420610570717,0.633608975962995,0.543066405215544,0.221774202031738,0.837224127552509,0.191165999166803,0.622508379522273,0.268173820444994,0.255544222508007,0.394232766255168,0.950514859178118,0.313105440191891
2.54614582404415,0.49475183897258,8.39040436197548,3.00297127816391,0.0843438146084399,0.48768112594051,1,0.430796567368136,0.334174244876508,0.637843791723116,0.185174846590415,0.806868134436306,0.217380810540352,0.818655736952849,0.231894866067739,-0.135109124428866,0.348375914457488,0.510605091834621,0.234096658756408
2.75927630188787,0.465647312941953,7.68352945695582,2.52634797918479,0.690733424548015,0.290331532012298,1,-0.00847987991527242,0.446336976162922,0.751250491466079,0.178219902834206,0.911246209084239,0.203277399102964,0.63886412131087,0.212990345657301,0.335412575153375,0.291098414510848,0.97303254409658,0.185445165641646
2.70141783503837,0.571488376009034,15.0212795960325,5.3756876911298,0.295697912164455,0.465457692522773,1,0.241664703342953,0.536580373258256,0.796566773352873,0.205817580219463,0.648058138199555,0.228910714633286,0.457757513068396,0.304033194883257,0.748124830043254,0.246848808823904,0.712394986880484,0.225585347422908
2.5116525827829,0.496425147213102,11.8519014906897,3.99696980759189,0.211803433762359,0.440977743042972,1,-0.617515972919265,0.515369936603718,0.866216948441447,0.183567140859763,0.383202480020281,0.237513703598495,0.473861872430426,0.236957007047773,0.760771317576734,0.235237933222006,0.587476214876164,0.253142247166009
3.80068881559172,0.980343796237233,22.8037377299025,11.3430522563633,0.287800823179572,0.706300529501878,1,-0.277988057583624,0.661450226260796,0.803250748549062,0.287468813992874,0.827178158795246,0.415702674731053,0.854476489306111,0.287992471170849,0.719622775202606,0.27488516011355,0.680516524797332,0.348003270260286
2.57093475451732,0.642268301703382,17.7944300129631,7.37627002512276,0.459584029609395,0.804829623920855,1,0.867190521160458,0.569001392896877,0.2154887903498,0.40545591690049,0.52603791931301,0.253998821435255,1.11657620575,0.199758905947363,0.0232525020195894,0.371975844410411,0.75619813203419,0.361472430002207
2.40976709550359,0.489961622413673,10.7476330750591,3.73231480258208,0.561778957142216,0.401278564098466,1,0.108971124778167,0.537643541872954,0.51686439388939,0.246638510436737,0.943554183563735,0.217950430999117,0.214109782815183,0.252453684691875,0.784794330285163,0.21076904103536,0.88554909046582,0.1785457122375
2.52369839770385,0.583010497178828,15.2216342167586,5.28148408462742,-0.088743741601005,0.287221398469408,1,0.236534982902024,0.405078973072564,0.653772055312848,0.240680524481526,0.971410196309461,0.24079239184401,0.598343905379091,0.235810964684441,1.02171333578081,0.180995396154979,0.780090071792867,0.222958590323177
3.0768240876171,0.795495852260472,19.5371391803489,8.86485195183787,0.0745100438632667,0.552507637844471,1,0.769016407674466,0.492617464500102,0.596455784500741,0.267012632757281,0.543136124226076,0.284790245346055,0.381542513531994,0.340666988937314,0.910229794112003,0.237850038677205,0.769369281185696,0.215126094372295
4.21260346969457,0.732024397845419,16.872451973473,6.06731596981953,0.503559190886445,0.920337183605272,1,-0.64825983545353,0.641332911957755,0.861910130955345,0.249153161205094,0.822078495649939,0.23621417874109,1.01322982228158,0.22882013914236,0.427967684427877,0.290414013576365,0.288053081364043,0.315971839418363
3.31407431498578,0.624048579784482,13.2925743361985,5.02697692650162,0.465238008267457,0.816316151743224,1,0.285879939768657,0.586319293656341,0.104959006339421,0.353565269693166,0.663118009802507,0.193535952168365,0.727510123691338,0.159397113253645,0.809371085257429,0.267771959166981,0.903407585451149,0.281299416430623
2.95236336089607,0.646449473372274,14.1190813784974,5.6368273956622,0.275044560491507,0.730083133828411,1,-0.0850698868861258,0.460906650060095,0.767870044877615,0.194403403455278,0.673618145234604,0.245837370818674,0.405748737142912,0.277352289255458,0.923783521303451,0.269873598249687,0.633297993289559,0.294932947966565
3.0158192758969,0.855451319653902,28.6771611486499,11.680458503494,-0.425177299495339,0.288678590740572,1,-0.808534477473843,0.702991477465564,0.927996606542969,0.188637423479602,1.1773712351042,0.232436294673628,0.771473438258312,0.28277450119063,0.84665868790575,0.320203360439864,0.957744990960745,0.271493715329626
2.63520226561215,0.673931788278075,11.0724790435383,5.1112461881967,0.0739266263331273,0.646185217996543,1,-0.204767799635496,0.85488902066363,0.507502182822315,0.27711782186614,0.525438168196364,0.251619031642895,0.57835144757811,0.314781432210979,0.348559369304869,0.351053459211582,0.496742161410508,0.283842898644842
5.38566014200171,1.38546270739905,23.9627532773007,12.113843848817,-0.0437471892789601,0.701573537093426,1,0.721673929613442,0.838162261046462,0.916802527849048,0.32308079918972,0.723397265469158,0.320991328086573,0.734173268974284,0.270974651858109,0.273163221079152,0.33190913155772,1.28262819774184,0.317808429162325
3.16877676771201,0.625293047827212,11.7225960113719,4.10069660970554,0.223816181331809,0.457907651597988,1,0.307031983276654,0.61386218938428,0.738988200648345,0.20947920046211,0.375744852006849,0.266968598827383,0.89283810420447,0.184242860693218,0.538102643813787,0.26350006333739,0.72333940454071,0.265782715811448
2.76229819898072,0.654014435884211,16.1460791407075,5.68423955726526,-0.378391711374467,0.242943356013497,1,-1.63226263079512,0.883431592396514,1.01872430105664,0.219390652153278,0.924654393119523,0.205970763079556,0.583849674330847,0.242061192482911,0.528391891409137,0.287260322819805,1.02303310710462,0.217997123661473
1.91418310920864,0.56032316305857,13.7882680720264,5.39494822858273,-0.455486399984615,0.19642029705679,1,-1.07388141841719,0.412233702400929,0.810428477025873,0.225275076406385,0.860020592424199,0.2167725514991,0.637107759462044,0.261717747677988,0.872454849568507,0.245491239889635,0.752275999347288,0.268894316177873
2.64656494239762,0.433649647675138,7.25364010620715,2.19300417227678,0.0207746697870093,0.333695226812872,1,0.346798769679399,0.435737029787358,0.586651972251103,0.191097753234576,0.468609348217965,0.201823212863789,0.248002063049193,0.212531781583663,0.290266363118459,0.233015795051159,0.640801216760305,0.237361620593316
3.21306475249428,0.611280266478097,10.3367441466945,3.71348470621133,-0.0115590026220892,0.448267840607324,1,-0.618240547052479,0.607505985351579,0.763256799937277,0.291073798826873,0.796362869796576,0.215167603738877,0.513556912865251,0.227520595681194,0.541851166814289,0.240346222112233,0.744222133631065,0.212795310110572
2.41887624289381,0.507636858727781,9.41535575225786,3.32543548485831,0.517549135533381,0.573742865574126,1,-0.28489361407183,0.58570370764739,0.387035346379866,0.24224563633434,0.479405779594541,0.219260159857988,0.571298293283115,0.24854333844257,0.414436549268029,0.277659167976695,0.491768934483683,0.239429843844089
1.85320161310291,0.417621938464945,8.35908758975002,2.87828507100118,0.683207703177978,0.347320671838498,1,0.0297215005231235,0.447766491357963,0.535518780570373,0.159706838471714,0.589156247559369,0.199201140275656,0.192619220864518,0.292895151532512,0.758825460768055,0.223267644714127,0.439924605344385,0.272304518574291
3.40787393017971,0.806902217596369,20.7128555574861,8.7838715052357,-0.0182658007310526,0.436722980786004,1,-0.474314566320466,1.13564894311333,0.77423130277444,0.464823034648411,0.875616796928664,0.220215221352363,0.925754258441791,0.250474703531562,0.893000395678567,0.242077204450779,0.635329658880938,0.336510711908674
3.62891287709405,1.18513973252167,42.176158869518,24.2687863862735,-0.480922984860812,0.382266368610621,1,0.142720821185858,0.820582373931757,0.837299945328949,0.390401087806209,0.797856632606803,0.335389118396829,0.885295979036884,0.326594736732006,0.973320411552027,0.309816588196176,0.981270333008854,0.434419021055862
2.93946947037934,0.760789324904686,23.4340073008446,9.73339866552403,0.268081907402313,0.743545785162963,1,0.0484371058955604,0.509240384113328,0.939507245169363,0.204086586237662,0.835035967461466,0.232230531033722,0.86228590667725,0.242492707827227,0.593124100481043,0.295623401311647,1.10142426096642,0.238952462862285
2.77016991324698,0.467660131467533,9.84313750489703,3.1457595154163,0.19477578674835,0.370045621814804,1,0.0526845235324005,0.758184378912682,0.545726250372157,0.310885613966903,0.716750523465028,0.202672643616077,0.674566744880827,0.176236168163089,0.251777440622285,0.250449708313225,0.958727023410427,0.202659580487278
2.70336935837717,0.567461690794018,13.4707213741902,4.90344196611175,-0.0153420288552995,0.413483630005849,1,-0.237289364002222,0.46413523697663,0.715064142010942,0.189630268399727,0.857325551787719,0.165414000122128,0.455109697357153,0.249165518642194,0.726728439258027,0.33833131951019,0.592451431021147,0.322192608243892
3.95556493272597,0.929916261109198,18.4232870719746,8.18007726439739,-0.286616842190306,0.336102206968947,1,0.437664027990751,0.426511116622685,0.585278862059043,0.239463894172085,0.589596646956287,0.288969967504806,0.728295981963538,0.268445954537905,0.709055272924723,0.298130962340494,0.88695771412921,0.281514210464202
3.42475691684345,0.770003815993681,15.5658887052846,6.47919011608479,-0.485893522665924,0.234563394540203,1,0.258561409666412,0.773175238527163,0.776137876308067,0.338474697852152,0.956396766051083,0.211095696283677,0.678338200389642,0.265461104132517,0.769005410650946,0.288192273414582,0.866258139506037,0.320793559845948
3.71114828896135,0.759917783408272,13.8212337648527,5.76195815945842,-0.152663230577419,0.496121547025239,1,-0.257537550502393,0.461617413183796,0.849900469797129,0.189409510046997,0.591303662287283,0.244317133195496,0.145693344609721,0.385311526887986,0.871696958875683,0.264472266574753,0.545187288872305,0.30863685963376
2.7569719014224,0.628976683726504,10.0023329661981,4.27401366991217,-0.290253773441027,0.336318671045139,1,-0.299639114683486,0.702433244918705,0.811015366677944,0.214568385458576,0.734784696459909,0.302595893320748,0.74631327533576,0.291891186809399,0.720199198801146,0.242734130630984,0.599624438694606,0.311303284305873
2.85044142049696,0.560215511295416,11.0165362940707,3.66654557619009,-0.265923428465142,0.209319308397866,1,-0.230703209190519,0.485693036832866,0.690558954303274,0.244355734784182,0.980108232436029,0.187435190257736,0.674130159964471,0.21547452533742,0.644582009459738,0.215338176821068,0.709561349845211,0.233261912570195
2.76678529937677,0.584262455396909,13.0680904142609,4.58884259903541,0.068903559179649,0.401722510130092,1,-0.83043638075561,0.53734279397532,0.80138132921619,0.253780726056634,0.578142883995064,0.196730431335207,0.917297299745393,0.202213522380106,1.1390328703156,0.172732794979191,0.928981803008889,0.215392858116286
3.05083852160055,0.605395061425712,12.1861524526119,4.56278803928908,0.496482802110331,0.801622398457166,1,-0.148094996034734,0.760635689081875,0.992224954229037,0.191752107134364,0.661377887837658,0.221484478709142,0.530987963694736,0.375435641105048,0.518329042646704,0.270146829386676,0.973162504631036,0.23564847625778
2.60379483010233,0.640288249039777,10.5920229779176,4.59561912086638,0.183113566759911,0.555969389648593,1,-0.87004026704945,0.579385123260919,0.95667416769119,0.16133377667375,0.608463513034057,0.236958061389583,0.480266993209685,0.291317588099907,0.647084845583419,0.276865893343638,0.138612878974697,0.330415664281239
2.40727249792463,0.502709436006927,7.67127429067947,2.84073097241005,0.490949666017032,0.581720399963784,1,0.279827978312704,0.508057894868913,0.744102376818268,0.169981769937481,0.912645083271037,0.168833869855772,0.636125450274001,0.206156186562378,0.493478221926518,0.247738592324894,0.160564768499845,0.378325892620197
2.35713639217144,0.74461465976042,25.7999425137066,12.17508543027,-0.111211359153147,0.495957977407687,1,-0.102928166047868,0.486365129018257,0.715449593941196,0.264127478844733,0.874950343105033,0.210278663920198,0.40771464660154,0.335231152340392,0.968390016292205,0.284252817542762,0.859732284105545,0.294604841309665
3.25642903101518,0.685081854659118,14.003868151498,5.73212794751087,0.706803615277823,0.386559377103749,1,-0.148203178649201,0.538581098766971,0.465650647571257,0.284803667173144,0.513637303937942,0.296551656804718,1.00788667365566,0.196552331792233,0.118861134110744,0.307154647816999,0.283314748857408,0.305102876886221
3.0213561708845,0.603644619231172,12.3682655413744,4.5844777771711,0.267784074545222,0.399598173524434,1,0.0693647967785683,0.483787010580134,0.7306745025491,0.186102487207412,0.415449389104583,0.29456122996407,0.735599701089276,0.252629486513129,0.811786612212838,0.215391052304831,0.621836000070562,0.243665539886164
3.08756260950186,0.721757635108704,20.4910020075014,8.08680747889391,0.546687848516795,0.546927859055703,1,-0.141617339303842,0.50943917610486,0.715364949165271,0.196519316603467,0.516059336666357,0.243978716988052,0.535670199649536,0.358214313621432,0.723095791255865,0.237199231200404,0.834740117596409,0.262246503251944
4.23097713346639,0.876526851310254,21.1591011353458,8.53429899496391,0.233831604258995,0.479977898999822,1,0.08872026138847,0.52508813934401,0.132542359961596,0.392295809461383,1.09975128349195,0.299671103268018,0.934911182905834,0.236961617210632,0.625972026445494,0.272748447319089,0.511029556078685,0.285705498856233
4.15906032996754,1.10175389007359,28.3911912858453,14.7009757304675,-0.41592950230241,0.320705381335106,1,0.850640171805478,0.48632540816834,0.650141006298837,0.294421197328632,1.09141913439354,0.264691472882858,1.01322848858076,0.265226398067495,0.755216877337643,0.336742881309235,1.19226424504418,0.380430801659244
3.50784146096439,0.881094278713221,27.1003798268733,11.3224393525093,-0.512012429255101,0.289595745625721,1,-0.894811604363344,0.602574793163759,0.900320780973574,0.323825723482536,0.797969111468475,0.235965445462718,1.0733679109592,0.277496272278894,0.826383760506828,0.218734179109583,0.974032196682514,0.365975040696566
2.7720367804624,0.731759039267252,16.8046790978858,7.34148808256619,-0.552001721828582,0.16517058720101,1,0.245029626777456,0.625455204892538,0.829258627638039,0.205399265209852,0.516830586009307,0.296777580259079,1.10563299316467,0.287519606155356,0.464407130849603,0.274063964439077,0.849822797811221,0.264965434606468
3.33312909422432,0.590790008606108,12.5044387491427,4.256843091608,0.918707777831443,0.0519612166360198,1,0.511642772042998,0.719129433194933,0.645685590478272,0.244458506947944,0.644786239745784,0.256840125496681,1.1670473824258,0.217161102371682,0.872293276008353,0.249194018496017,0.544174218436643,0.18627684958764
2.55008394583905,0.559529533813566,13.1520970264409,4.86280672040709,0.289017821067244,0.447557163795874,1,-0.095897141056038,0.378683839847886,0.850648037369542,0.192021509402364,0.423436990654728,0.203158762929982,0.953101444087399,0.192253993883513,0.435215769669203,0.268877722871105,0.404876286883722,0.314879459426867
3.21182175946734,0.616036180696095,11.4916600466318,4.14671676291009,0.690740282717347,0.477026673000384,1,-0.106408806701216,0.618689166825416,0.894013231696783,0.253825213637838,0.523469318271217,0.288370121663538,0.204703680648937,0.279864632680344,0.857610239213976,0.186947325789248,0.534936794312978,0.267637680947141
3.06266269485048,0.787033406306645,26.0054721057715,10.4952106871039,0.888301781373606,0.0973901470049543,1,0.348289632728032,0.668573947119332,0.750317499945412,0.240672560796236,0.861562237780805,0.270628875016468,0.882591453443823,0.292496706425215,0.604480042642995,0.24921182307831,1.0639688441672,0.191461459144797
3.06210413273168,0.831577041319571,20.1256815012247,9.06109452966403,-0.217919078554087,0.464651414826724,1,-1.17586618540305,0.745164896590249,1.02465362036109,0.207673441919108,0.900302891891682,0.280134479923301,0.995102833177774,0.250970311099318,0.467703571773599,0.30366389353742,0.130599560348402,0.339025835937641
2.88014182710339,0.759577930009038,16.4000425717664,7.3426132804642,-0.000346401227349651,0.483231311393738,1,-0.146488338527271,0.57361605248013,0.592504560950559,0.314987313736812,0.681953341533466,0.280637864689535,0.999977836450525,0.22657478940799,0.971415265257861,0.268810929943129,0.742091465358572,0.325744513539906
4.43635223016596,1.46095110291902,41.5828554185383,25.0975490755898,-0.453833707534573,0.257540272241237,1,-0.337268404889334,0.728152936152328,0.826577610290427,0.210281950496055,0.998305456162037,0.339981996512491,1.1261909022371,0.384014978387947,1.19964672631275,0.36158586414636,0.750120784491792,0.443957690711012
2.7070064921712,0.495992314324787,9.96055876165939,3.33962880247117,-0.0691695446800412,0.345982989622223,1,-0.0785810212919838,0.572780022115356,0.86227322278499,0.206017827280663,0.689998315742133,0.226092165876872,0.5542689123664,0.206513223014727,0.678802438768896,0.236493615611151,0.874134747775333,0.299736347564083
3.7813735018319,0.884938465515216,18.2254522589805,7.84927079977702,-0.45542450111104,0.240468813071383,1,0.118692594309113,0.93186879546969,0.646999321665362,0.337195809892881,1.0736071321079,0.256232260504673,0.62186983671882,0.29576744339699,1.00574278298234,0.233952041354754,1.08463416870293,0.24384133757175
3.2357812799741,0.987957813741842,38.5843230987218,18.6707854315659,-0.0254012778306736,0.628506224370811,1,0.116259553815608,0.505387771335985,1.09691909012882,0.256588524923344,0.63784359866894,0.394151684386289,0.708884248075134,0.301150418520336,0.679649321751912,0.22879251552052,0.994654942254331,0.268584420687263
3.86055562615272,1.00018471008089,21.9001362152973,10.5242883541194,-0.195340356687702,0.418683663318265,1,0.494498741695566,0.644475555563789,0.668498842292274,0.252131683745624,0.807100432209753,0.279836851736502,0.512758730614428,0.330731919983126,0.0106862651475821,0.425969879538175,1.1902845138869,0.299284559810363
1.8225199172469,0.476968921868522,12.2980186466291,4.77001042412235,-0.108616757712154,0.365652762435417,1,-0.567160736199652,0.361476511547159,0.698273107134057,0.194537338290417,0.52633816084156,0.201876650937679,0.83223935898282,0.247679216414023,0.328132081575251,0.287260958068937,0.314848172953843,0.366387895295917
2.4533397118276,0.456707164267851,9.98778456089842,3.1536624587733,0.579469479655185,0.443682986010336,1,-0.238164130995281,0.38569960123742,0.743194805078351,0.189883807675177,0.128192872292325,0.21301510987356,0.703080672135733,0.19074043617791,0.89119658055905,0.200110433298385,0.84750238372437,0.205372064975046
2.43369482246673,0.697356644940952,11.5706604230001,5.54540678879696,0.214388757539329,0.602489960603138,1,0.305923154657679,0.569550821298119,0.463539865398738,0.274482821065352,0.642255443059015,0.266945699935611,0.764910744551382,0.21593401688684,0.315027483540459,0.336721093819855,0.669328706431405,0.341553576660242
2.42505038230602,0.591088453132368,13.5836074626999,5.14828700100941,0.54313670582249,0.531821877886124,1,0.499879127132093,0.529027453440139,0.506230543758339,0.317545910801365,0.525011776342508,0.331658003062709,0.677658339582722,0.289306859817381,0.344855345181395,0.264390047421106,0.965615134408298,0.170186012531
3.28198868863908,0.722310497537403,15.253768754542,6.06101683879927,-0.0228650660715371,0.369111905082433,1,-0.159192060198914,0.386439490472794,0.648556510372879,0.242978155883069,0.747045287568166,0.177699328686149,0.679853529197063,0.238101349378534,0.771559194187311,0.268013598683009,0.899083818550404,0.30406221778172
3.42014579535943,0.831022807320734,13.6879018272019,6.32856993700096,-0.154861000266148,0.480287290411796,1,-0.0907648240644701,0.634761284208988,0.697597644942549,0.285680602811925,0.374690557879988,0.275151285513518,0.757848780632125,0.236877651549041,0.417984881501051,0.278933991791942,0.799872341114645,0.301672814859619
2.15815202606622,0.509433576373667,12.6865264614276,4.40606597604864,0.740291894498266,0.372047679918396,1,-0.481676277073041,0.54655131758699,0.926023085473324,0.229452544321661,0.602423569782566,0.30932342085405,0.634422698637963,0.223537694310321,0.463184884964247,0.249289717773536,0.831217723842274,0.185977661370901
3.74084528148942,0.801543840684393,15.7930260997516,6.47408780173481,-0.17197100162505,0.460685593355668,1,-0.104202361647463,0.652925423414215,0.982324508666262,0.270505015841629,0.956702633288964,0.234055939952823,0.100350614028924,0.368055017910273,1.07627463536974,0.22256938870824,0.621257399303204,0.255829814526727
3.24783384096401,0.667967705516778,14.8525128560726,6.069967124253,-0.149245628539441,0.244016758809423,1,-0.310082094419755,0.601970319446233,0.646584941332187,0.30710624254974,0.870699330587084,0.299530400102431,0.801696182571705,0.30321048326751,0.845497410728256,0.205100454646661,0.333683416569513,0.290340432625321
3.78850067708658,0.890474084333884,28.3878056784777,11.8392340820848,0.134691927395879,0.710391322290499,1,0.91304564328607,0.657489958397589,0.644397636042083,0.382369044159997,0.626025869282107,0.253479522019459,0.411498865012582,0.304770804858448,1.06831822026822,0.260806179131367,1.00936041329789,0.243746171921349
4.40200767064237,0.810378269383592,18.6458259927194,7.09827702861524,0.161600695013474,0.62323549308371,1,-0.515835951635685,0.871700847142572,1.08366395675822,0.296214826921278,1.01196382345003,0.195952215707387,0.76812330650119,0.252514295883034,0.581089428721166,0.263407326936614,0.790068932185384,0.19910990106246
4.27830956938534,1.13205762927984,16.8808869567885,8.76915267454032,0.476335629960636,0.810696381036084,1,0.798309124358525,0.664755240705903,0.706453505636032,0.290525308765236,0.565735111969825,0.328226869715998,0.743210457644037,0.278755472150966,-0.528270002431276,0.577545011684221,1.06044610183428,0.257368988144202
4.32476708865244,1.26315551360407,33.6260097249711,19.0377447800683,-0.511896003765565,0.24799347138415,1,0.36103087479241,0.604279905047566,0.90174905480914,0.27009737927902,0.909509222913432,0.285692380759861,0.421014945364098,0.325901870865844,1.25938130418734,0.366944078118877,0.989948732475973,0.368609014128648
3.27532228005179,0.842112517995315,21.5776814949886,10.9976065959459,-0.201411733847393,0.553056118957237,1,-0.0796710631813011,0.937033239854078,0.433869367070549,0.355585654599062,0.365917271466546,0.419088705017543,0.915015033720272,0.228591374263526,-0.0295821028536214,0.41410270784121,0.581227377885475,0.354348482353738
2.40053138910916,0.607849956167268,11.5022904908998,4.44834156219961,0.332780113141177,0.791998823848739,1,-0.223816764281728,0.517902971556751,0.616791121691693,0.206850755262238,0.697329863629446,0.233701738130729,0.734306662706198,0.230038229906284,0.545492540829,0.27478676016235,0.322478555289931,0.346797011070372
2.94389473253968,0.571330640563539,13.0655583345706,4.73085920373717,-0.34298262562381,0.35290980457527,1,0.233635001167608,0.523407319943675,0.142765598047969,0.359252512174008,0.521565092584658,0.261134858887548,0.846442671441908,0.197649285381755,0.624081173116629,0.21967250145395,0.35418705787262,0.291844907015629
2.91105498138371,0.853122752290682,22.5656143042517,10.761476568075,-0.103022252336999,0.491608923556465,1,-0.00843671216251482,0.462617205131963,0.796331965523362,0.243598341014195,0.71666621178145,0.234818306320463,0.202077677387779,0.495680869435324,0.877779682085004,0.305347169539472,0.789152303247741,0.335338570086467
2.86916671331023,0.684933367504365,18.3015101862207,6.74394751327079,0.0739015244378796,0.419920016592798,1,-0.797102742025686,0.905426460022407,0.386560000808102,0.517620487771719,0.948813919322995,0.186152113161561,0.643129669621126,0.234813910163159,0.91946621147657,0.221061580913148,1.10329295796353,0.178250097674064
4.29991014867298,1.2526574546169,55.9422829289805,26.0664147582144,0.688516810116799,0.597166422480308,1,-0.0315344224410807,1.20087221805075,1.39251395272984,0.306750002120383,1.24569974748265,0.265374126697716,1.19213887368741,0.239429082241331,1.06874866769036,0.301375116101196,0.753399749447429,0.343233683065332
3.40117254406516,0.721639835135398,13.2743106940579,6.25655272520896,0.0489686032354327,0.627943275552653,1,0.642062259862909,0.441287026532645,0.807247155852861,0.274502625773941,0.730752956114452,0.28476400020634,1.37990243251295,0.19896445848149,1.33135916653051,0.225391228869379,0.449041457609974,0.326499995341559
4.93483641881323,1.17722871786041,37.5246007863085,17.0181059447328,0.308539290851848,0.370902196954494,1,0.0549740234590042,0.65348434516338,0.855417719788214,0.366151437911018,0.902469615865639,0.217317683858097,0.572389737204729,0.22909197002904,0.764045407196242,0.415911068563607,0.786516724497604,0.423382344098078
2.17028680593923,0.694367105603883,23.0719762538762,9.79487922102182,0.591454645950175,0.904525648308669,1,-0.167812318915268,0.457106488354283,0.509778712460628,0.23041899060369,0.737924242489634,0.298057665207605,1.09167836422486,0.277783976134995,0.0971779031019897,0.519116671125387,1.11204942261234,0.216984682599698
3.71089156543939,0.940301108482032,31.3101213082675,12.4654365190234,0.268193439899127,0.863289994782455,1,0.246589559502755,0.725368744428673,0.805235220124553,0.288880043528441,0.726338828342652,0.28130071957246,0.93940444994636,0.226660258748007,0.591502932917305,0.286833198759546,1.27862586525717,0.281956505447727
2.93590438835076,0.597572937400488,10.2259565580081,4.05668280141528,-0.522120818666767,0.16932979110107,1,-0.0531898885596737,0.536664989077066,0.613492409758215,0.227191240197496,0.997615960485444,0.211231935103488,0.883682737080006,0.259290539753035,0.445928210831009,0.313399890896047,0.674703267706267,0.30189887710775
2.30975078166355,0.665335825686476,12.1846605915092,6.09061700831589,-0.268918867342554,0.369004188213781,1,0.14173711813454,0.580339991413553,0.781386176909147,0.260416018352957,0.667279338014478,0.289424784816493,0.484339877090496,0.298009599198697,0.425785902959734,0.416676639750238,0.400219558877527,0.377606989078955
3.45950856776449,0.722637623273433,16.5922911085913,6.47336935774058,0.0290018737079341,0.481146179976087,1,1.54309211194342,0.748236522100306,0.265488971446842,0.393255716408158,0.802299751706609,0.280711919892718,0.696829330436127,0.241044830858432,0.966672827818539,0.223887341615212,1.10259294395596,0.22227866226908
3.69704507618667,0.905130186434306,16.0913661259504,7.49730795348083,0.382723362454409,0.478527299011999,1,0.40690454101845,0.639561198154186,0.281880666531061,0.363120159339686,0.812468043546602,0.217405095014839,0.194108436532655,0.333719079472375,0.803549056267612,0.285435596569745,0.505817900821235,0.391623355214198
1.99447259653237,0.571449462794779,17.743101098585,6.56206398947617,0.220991507298826,0.559477088488661,1,-0.56326833076061,0.479035540617899,0.794841517930792,0.197164956187972,0.671954075046629,0.232346983593513,0.685658335106613,0.286823374764178,0.518042945064975,0.31246743577861,0.808940436683193,0.324461544021924
3.02589932093851,0.584360260818816,13.8866239661335,5.44500320906065,0.430343598809089,0.421838650437768,1,-0.23855910888566,0.368643349029446,0.594449126798464,0.188869892404119,0.566549754733838,0.208819632730895,0.564473725124842,0.241127587218917,0.515982366281006,0.252466532005231,0.204686406720854,0.311540710827878
3.23415079122547,0.862201459821683,19.8630456914833,9.12484188290446,-0.309212488629135,0.267009889477801,1,-0.357770694269457,0.614108219187934,0.893265428457597,0.217246225050189,0.621637611444232,0.303445138468146,0.679935812265682,0.31574110035891,0.872258129406923,0.304911313531827,0.869152892849491,0.269329781316221
3.34011038861617,0.673771369395143,18.666534670658,7.0726364006501,0.0705338812532552,0.801405466662689,1,0.44812250494894,0.720986883086577,0.597814812145334,0.328313178811901,0.598833701721604,0.243013595135597,0.715978481926262,0.228067036019374,0.618786989863455,0.308331329722265,0.524518506341128,0.351065109438763
3.53009989853592,1.11706009034737,33.5615080957788,18.3909935316082,-0.196141262523338,0.592311183920152,1,-0.0798451059357788,0.551524715738283,0.876193360149678,0.333893328123108,1.29116388365718,0.332782393979218,0.661984134318096,0.334840496800919,1.15419327280895,0.328495037569037,0.558228613785885,0.221846903034261
2.6928243947641,0.688300535273924,21.1831347707334,8.21780558792623,0.45354564322756,0.759524335841576,1,-0.800181572151265,0.494717214020611,0.959352493790068,0.170027932202995,0.349360734306295,0.303905683501881,0.930568330748518,0.307660048006826,0.791607152038453,0.262736302606446,0.426444929660232,0.298943064223023
3.15733008948933,0.61478714375067,10.6709246474979,3.94340314330452,0.171898768858711,0.49815160938828,1,0.569720855807996,0.522093818386836,0.833935695855345,0.193924730419099,0.614202530996269,0.242374357303448,0.877542814029134,0.243639851592117,0.740925998758796,0.23623131719456,1.0318397194576,0.187546487108298
3.13194675746507,0.725789800997744,13.5003174387931,6.17688283779064,0.229838155517092,0.735240134078676,1,0.294584616254838,0.692608267502835,0.821397988732758,0.272511835717766,0.192786465568863,0.361630831747045,0.803508234820394,0.234620261910079,0.950390713506854,0.238384144804974,0.522773813948319,0.369983782732452
4.15224798784395,0.987704579424898,34.7780329922623,15.177028299148,-0.214202975126862,0.393244604496205,1,-0.00648404576168764,0.455780040682565,1.06318463698468,0.346653592720564,0.962457940295457,0.298223199019882,0.857169247823958,0.277149151326877,1.13598759288317,0.199421877324632,0.851959397010656,0.371812063042402
3.56786607013642,0.896729926876148,25.1278622197904,11.2614466616105,0.34112755184878,0.875117058792647,1,-0.978638493373184,0.964293929619546,1.18833159756314,0.309056661773746,0.6628300888165,0.274960184170371,0.866813297233324,0.276312738277454,0.584409808182235,0.244280853509275,0.289569185611831,0.304127179212575
3.04358399316928,0.897921275602755,25.6726483932053,12.384807416225,0.0196708356612198,0.544313190798168,1,-0.512227853383754,0.508249648007143,1.22338592378454,0.251068766710694,1.02040186707667,0.280557246256679,0.498103669309986,0.461275315159164,0.84193469056561,0.340132886082127,1.35783827689784,0.255086440977784
2.78796695670278,0.703253098147957,19.9565051171177,8.14561672216733,0.683406970627618,0.44921339342185,1,0.550469837841943,0.5778267729007,0.811467778071174,0.223475872788028,-0.118183988456935,0.392942894406939,0.00994197026362799,0.555383830950437,0.742307175428411,0.286704178749421,0.60256185006745,0.239448637020604
3.06713224771341,0.66337159725497,14.7539741987245,5.51827940024763,0.394879823402968,1.05340074612099,1,-1.05185391748905,0.589196688583594,0.819986574255092,0.222443491163986,1.0775022574967,0.192269616781106,0.349190016586512,0.290917722214134,0.380275553634662,0.289250963198644,0.616698703842443,0.329751228499141
3.74794497169222,1.26786933742707,43.2026638268074,24.5129697088029,-0.394556648607779,0.41866197785329,1,-0.532321543060879,0.737837248370854,1.0806223367946,0.278155524711648,0.957757732880392,0.335485033023009,0.34786227494191,0.468113953001293,0.93146590187118,0.323914836527083,1.16394894542265,0.341895373353681
3.21816794705838,0.689424652942935,17.4721981283283,6.69639595230649,0.13065392919711,0.632596525008633,1,0.495810474019269,0.379878619242724,0.699772083611163,0.305310557816001,0.484897560608267,0.287642545940716,1.09401799716176,0.255920888152638,0.881005834186442,0.26286107053755,1.01966902925795,0.226515416846201
3.26286066702715,0.706207994228336,15.0928660854397,6.07098103430672,-0.115362595833261,0.39971587055696,1,0.173785744925253,0.482208752546975,0.795898849712382,0.227955945278236,0.302626543375609,0.328319363673959,0.882809237759716,0.219579230219975,0.790053290707562,0.225105408967147,0.682515498775609,0.254768417667753
3.39325210067001,0.776624501931853,18.4747569621252,7.81720574799045,0.33967214005519,0.91510003377227,1,0.584757267353663,0.855483451608932,0.917031016370345,0.213228915251456,0.918209282691666,0.330860080053369,0.786681502420615,0.259868915760956,0.711214740949778,0.273259725274155,0.966937792523832,0.23333585645135
2.88600969311504,0.84980004912158,26.9016468597202,12.1320744441554,0.3981287512603,0.900746952324728,1,-0.582051255495568,0.551233828082373,0.40367435769815,0.247867547064193,1.21553759322538,0.256415066650913,1.07376999328444,0.320858814237443,0.573478343750201,0.351930187007914,0.727752173709505,0.338687971016631
3.58526475882848,0.733624277562758,21.7841226381123,7.940283777192,0.787699788421837,0.204596823500508,1,-0.0864998689319572,0.560664850651198,0.776225599436716,0.262121456153547,0.617798810018356,0.191448587398957,1.15176505939539,0.202627461443938,0.64580371227029,0.227585110146881,1.18138820240776,0.209897931890718
2.25527012043995,0.531984773928624,11.7144096379942,4.52146393469447,0.385173601686274,0.680300632319245,1,-0.492243326627295,0.551803330424679,0.679539273741647,0.221149392938201,0.460581521377693,0.223578547868658,0.742278431521587,0.190249188547781,0.588122848158786,0.258278757508553,0.572350616117543,0.323992430818915
3.40515801132212,0.739327353755336,19.8212356192957,7.89249859732084,-0.106663064110372,0.407833295351124,1,-0.050142596241827,0.546263183354401,0.742003658416228,0.248273453737267,0.793062977694911,0.22806033003852,0.847813265982763,0.245876899148921,0.802836369156139,0.270458257426053,0.887164049897138,0.31631333591841
2.81688628951225,0.785000364017386,24.5182633501523,10.7540044968741,-0.454944931657999,0.26335581792517,1,-0.431589077260541,0.430462798193948,0.865150756834654,0.219650752864673,0.937298900817929,0.231579886093177,1.2376991381014,0.258648072445709,1.27175870129041,0.312941507221624,0.570865355545238,0.425998339180504
2.80151792196029,0.682037025504395,18.9086184361212,7.35190162946651,-0.520559535633505,0.247810156059038,1,-0.0158506838641399,0.466342457191799,0.808647611244727,0.246492102301069,0.463990310643377,0.241749669318211,1.06869685644255,0.239023365267088,0.547118034906983,0.331218294625958,0.933459960050247,0.281438275448889
3.03818470546993,0.69496980300422,10.2676803094652,4.28759971539424,0.0549669481484824,0.548704799547259,1,-1.34661460093641,0.671976122563733,0.837082648439068,0.218261672826747,0.852260887815619,0.2948823019425,0.240276000579349,0.385732375558755,0.906393291439631,0.184836941344041,0.462548775777323,0.305068918285843
2.72155476066952,0.564205965694115,12.9792255556072,5.03621886679605,0.428087537860222,0.755675624858487,1,0.114933952625141,0.508376027571442,0.69203867932042,0.199923055693273,0.616385642873694,0.215936796653745,0.388666720626462,0.33102208923534,-0.0369787119633827,0.444038416006172,1.0187632826434,0.286307194997431
2.23334087752829,0.458686561335719,6.58974285250753,2.74440041566636,0.0436796763638365,0.283124395415319,1,0.141924175564132,0.544340348879012,0.641347588530189,0.202694722129824,0.699497237794936,0.189500972710032,0.38984551835963,0.269798453117003,0.59085627391062,0.276332376124556,-0.105585629336737,0.416743848542494
3.45716550519759,0.643882677617235,10.5131718707108,4.03576909769743,-0.0140961384613157,0.454896749985855,1,-0.245057797360611,0.714838803776344,0.837122515583451,0.261966158626579,0.692201329905646,0.223082358696385,0.931200729894758,0.20512455422347,0.601265867171179,0.246989437085275,0.289979075583123,0.306477572366978
2.81453030678449,0.556865584236409,13.0721136722062,4.20478635604625,-0.0959843067805459,0.340568449752794,1,-0.319624552233525,0.704441827201126,0.904306830679718,0.196759549555958,0.675727620985152,0.201901095751785,0.733965934208127,0.208749603808489,0.845959110663119,0.168186029228487,0.581959701692513,0.28761488301719
2.79584720079795,0.797660565788863,24.67773366607,10.7779870835147,0.35393331950229,0.730758041249522,1,-0.400519691201605,0.479098547124388,0.641510108851408,0.170881670384647,0.844963338030832,0.257498869276756,0.843359899819364,0.298601871824159,0.102937230606199,0.478712308704173,0.906601131651318,0.28855335921733
2.30341088508011,0.523982825859036,11.960703906829,4.62595027318127,0.384239755986674,0.651213853353033,1,-0.0613541500209402,0.507574224586918,0.529252961898901,0.231960125785515,0.633685201925815,0.248247974203353,0.490345986730989,0.259824015226446,0.458352369067306,0.27599804485562,0.675324576118783,0.242771010079866
2.54680081030102,0.601366613208336,17.1834364924765,6.05211421346375,0.145914787074963,0.314949576444378,1,0.229107663487396,0.504637804120727,0.868603989355376,0.209284307704817,0.636268699094728,0.302389455665375,0.804854499451241,0.285609262014165,0.651822095138662,0.222044890135226,0.834817014067969,0.180279489651827
2.98145334356847,0.683624976815413,14.2074978902164,5.79726021897589,0.169642522664262,0.486999481374655,1,-0.699850539630932,0.411789413786956,0.748528619805943,0.219602285470274,0.829062364912735,0.210685555458053,0.660780118503351,0.26036599266646,0.396197702452767,0.28791698379249,0.389498196676715,0.315462550678078
3.61083077948398,1.16990411953423,24.6166862710905,14.9713258403077,0.951311348810799,0.0615971089792578,1,0.20402118762336,1.39066443932843,0.587988347926877,0.504069301263533,1.31772005657677,0.363049232255075,1.18662207462538,0.343649491640932,0.522782245012488,0.394674650168142,0.747743955681267,0.208075198316598
4.85476156735836,0.99284916957939,28.5130424711239,10.4662174772029,-0.295650311389,0.245441354491198,1,1.63487189335532,0.801664403603265,0.878293077097215,0.210952940130713,0.793584982162844,0.267658295061163,1.26971435454754,0.202344039925433,1.07358041921762,0.189293457196545,0.756407497385266,0.292664024928734
2.13417607963932,0.44661849464596,7.62987331670713,2.78844813249209,0.849055403292097,0.134451455564943,1,0.320134888628266,0.566713458234594,0.859606348167193,0.211777368370305,0.692231274369262,0.22126882246452,0.680707583649675,0.208664744584645,0.189589134926363,0.27404913971024,0.519370932799155,0.265334327757332
2.9184085246982,0.555922424008275,8.83779686230427,3.35297778416759,0.721017974799981,0.388215910244326,1,0.367387677160209,0.506765332564832,0.421429714048356,0.25682757986053,0.751645247845204,0.219084839396926,0.610304357443392,0.225420510688232,0.317118890631439,0.227134059086302,0.148440807445172,0.306518414913732
2.8363814312193,0.648003017445453,15.623544413142,5.82162459404364,-0.195439684395692,0.395851044293658,1,0.454907826560289,0.48886785718276,0.394522430715812,0.342674838965396,0.880242503913963,0.208901863171064,0.836892685960887,0.223696783268549,0.876104262324734,0.287859961077405,0.564661962171853,0.301806985105896
4.6204733037423,1.07735763127957,22.2448226733255,10.1895085809103,0.876048231853571,0.128009837831033,1,0.890350382381141,0.630832849121203,0.706655263098798,0.367676320965876,1.01877292378601,0.238959528912899,0.858719604775521,0.224273326451583,0.677108316436893,0.424320460985185,0.824257446932882,0.311272892691728
2.32187059060261,0.564547104729551,13.7896816627675,4.6571823791341,0.322378590722787,0.518152185551664,1,-0.300187433010025,0.666821607266303,0.964021975903682,0.222212513065938,0.50792454551214,0.261741757461338,0.180964400061262,0.240382324671602,0.961506860629683,0.2459862658286,0.44033279305711,0.297364097848378
2.73127225195364,0.603019366480717,12.4915269125914,4.8133103604188,0.226435604805398,0.591731142717919,1,-0.790069694374106,0.663099640689453,0.7779532868144,0.234530558820258,0.765678116870414,0.222678277090347,0.569490894366374,0.248035427936093,0.906252327608668,0.239436380202802,0.746227996300418,0.232591016810447
3.00087013085103,0.567657806328926,12.9626158492007,4.90474901713249,0.61078918436256,0.384404560917078,1,0.0518705704508197,0.563183071103421,0.539156759532271,0.293617820540855,0.761475861285263,0.168611889155927,0.49727102056991,0.220218109164705,0.729899491765402,0.317514548696108,0.466360367308719,0.2966714648069
3.64515334737675,1.01936626204528,28.8879800504998,13.7718240798696,0.228191216525282,0.986636829742316,1,0.24647657894454,0.565716907282044,0.772840467870569,0.236803004483004,0.490790238366646,0.298614477081206,0.94535923961814,0.282248226990089,0.736106029908956,0.343186997295145,0.992355023446066,0.331469762784541
3.97172442879792,1.0564262957429,23.6538332611539,11.5147495577157,-0.316845392457969,0.443165702382615,1,0.412284105495194,0.540240964829842,0.836872333183112,0.323781255611246,1.03967268846727,0.233466413961406,0.777959719810736,0.285447971721793,1.34642530784955,0.258498767606188,0.620340603755914,0.319839324343339
2.83227416578696,0.723216497631978,18.32338731442,7.27940506749053,0.231446016716095,0.428085924503217,1,-0.0458517272953923,0.630600117777209,1.07380673561341,0.187477426922383,0.409317146670516,0.272924288328452,0.804052125277823,0.267436721041924,0.626853668954618,0.341684227788345,0.266452484392465,0.400740520973699
2.7232750055615,0.537332414664783,9.46259538336589,3.7706370674599,0.755057608175916,0.185315583816638,1,0.16153500263922,0.603737594642458,0.520554347912861,0.323172255538472,0.511897902855515,0.241233210419096,0.351223246551571,0.287757985958074,0.484153630089736,0.158574960945947,0.929193202479763,0.223436547097331
3.92578296449329,0.723822858199173,13.495653130774,4.61663279154171,-0.402013667293288,0.263812895877067,1,-0.560173130827914,0.68804076573404,0.727895709244958,0.261331617983937,0.770966387051972,0.215508922287629,0.645238929739234,0.240997740124749,0.943825736832342,0.243249265386999,0.78474114108508,0.260294389041521
3.05798364951027,0.51414594585896,6.27266199200712,2.11777188753262,-0.134863391722664,0.287639803047727,1,-0.0561544971308298,0.496929801242983,0.675025515409701,0.276752980057304,0.809151062621832,0.18350433682294,0.583194892407944,0.215049428379749,0.729791354549029,0.196890296405072,0.771470311039302,0.257161628309187
2.4894142116917,0.600919728888996,14.6127019465972,5.3124795386155,0.300314995355996,0.439078993956826,1,-0.471842710012493,0.628072710125764,0.947959537809969,0.207405737600952,0.560306662964933,0.301686224065784,0.545780130053434,0.218740842778704,0.962116675221892,0.186989862618274,0.535596717879257,0.300240936591461
3.78046414035861,0.867858292613892,21.6173492410141,9.68576984867889,-0.326714453021174,0.426971088127568,1,0.443988925641817,0.460650409500723,0.60622454427351,0.300174854620628,0.590957819996185,0.341606368124676,0.922652605573228,0.295102744708322,0.821195102136335,0.253913649849332,0.720794713345842,0.353991576819164
3.86848697636197,0.818935183410303,20.2713722180169,8.35329446268566,0.336072886080405,1.10845917316983,1,0.127330679283137,0.59055931382586,0.84931732796949,0.190677738804831,0.308165896578423,0.308230879440379,0.853081973848865,0.290777091393408,0.771944325736684,0.284135911521108,0.98664789326846,0.240700848954975
3.11890936690395,0.715746701212695,19.2836413699402,7.74606496190896,-0.306669741807232,0.311296841621559,1,0.389375642136841,0.394367787932664,0.819532534978459,0.248756766421878,0.503385885500969,0.226582150424153,0.979713180638679,0.213098673967892,0.820762008027166,0.256294657122158,0.213312066127201,0.413200601246356
3.12918578626494,0.696053621748493,17.1692425828126,6.90117065943418,-0.328002263239073,0.274296494899302,1,-0.427950510827241,0.400560100806154,0.932583425351825,0.202717868722214,0.726376772504135,0.235740949242252,0.316148277419564,0.313115894548522,0.977588137594576,0.226439694547981,0.806821215671533,0.28574246465724
2.80580442762992,0.817946573899239,23.9240577728563,10.7217337551751,-0.473560815336409,0.22857110592468,1,-0.329673232214566,0.792745678219456,1.19034784327073,0.252423639770025,0.930411588082355,0.249082115264158,0.901323704831623,0.262512521242215,1.0411164128551,0.245060559686825,0.549332852932207,0.337264448178409
5.28526822057393,1.39714318409914,42.2515157846624,22.4240480008,0.866405437355658,0.115279186569485,1,-1.22325816508156,0.996762366447821,1.19020135707624,0.348742999309107,1.35685717979725,0.249569339852462,0.912041393954772,0.235581856644486,1.18131948282184,0.280607871719481,0.816524292170172,0.458974835882483
2.47416076182006,0.633963544773754,17.4106964174649,7.0065030111283,-0.182889531187366,0.39523971111195,1,-0.010616434134773,0.460504188273851,0.770438817988777,0.215229458654025,0.505429722817679,0.257464663982717,0.786993731529681,0.244361277656669,0.660173790599597,0.273884783659038,1.05730305699094,0.274853111037913
3.34818570540066,0.701708309748962,14.0256760175277,5.40256993838692,0.161164076641019,0.494867423331998,1,0.375825508948811,0.637883265240117,0.75246481580657,0.173532606510866,0.655287983101854,0.249332149433734,0.733277275309431,0.296944191876659,0.59701587676939,0.271875702919782,0.703066288955877,0.225010118753411
3.06191384712217,0.650047096070216,13.288428864892,5.28424781805947,0.109371693776959,0.447148335193567,1,-0.481701585404956,0.762031940205548,0.667607963962769,0.330011551448322,1.01714957405307,0.234755658986127,0.663354155962036,0.232420182189622,0.690780811925397,0.284692094532898,0.663674038881646,0.233244340980743
2.98673206514682,0.705927256566738,18.688885387702,7.71580877208058,-0.019987253069486,0.564619425631436,1,0.799114505316434,0.426097744686922,0.567756918623939,0.272198658399493,0.681725692894629,0.316408510614776,1.03848846268258,0.237892007521432,0.649546852065838,0.232507492725591,1.02367593241551,0.25532612430253
3.73802532768961,0.877878553727217,23.4927622790894,9.82601732433513,-0.314631087369827,0.291250810702695,1,-0.117352382813744,0.424886288336203,0.717032051103678,0.251464349868112,0.935423220650617,0.265904946298453,0.847676864144868,0.234708737517227,0.602987207780333,0.284959239043451,0.728575156691664,0.265221898686866
2.87993306776238,0.706747162973397,21.052128295088,8.03822363527076,0.465433330278489,0.765299152804332,1,-0.387314177224091,0.524355822731843,0.813094775125017,0.230704261860176,0.708159424546059,0.203157769053784,0.686822378806481,0.23708969717633,0.549361682322549,0.264581884355483,0.751525743611572,0.274386474594418
2.46806608995011,0.702143028988963,22.2527593398113,9.12499420886706,-0.392759448595602,0.25143726378029,1,-0.215011548019734,0.331456336451518,0.591465951351689,0.218195644678857,1.03980555643626,0.201608585049844,0.722550260579609,0.331689474909676,0.585286765347087,0.351670083830774,0.647053593081405,0.33607583410889
2.57240700842113,0.574703580087339,11.5270091132665,4.60893964658689,0.328733788354869,0.836405529000061,1,-0.85991065541632,0.616880440886007,1.01235891461264,0.214801438884451,0.456285458450186,0.280809973253232,0.528753627294532,0.216011286080485,0.571692222401638,0.23579827683786,0.223580469303747,0.329567061232959
2.36514275442041,0.597041496709159,12.1420409958619,4.96991575604504,0.637772667532081,0.384068531356998,1,-0.632575063436524,0.586333491780082,0.676299413189097,0.267474891755195,0.697764097603916,0.192915159520938,0.353895427534539,0.268967413003906,0.671589122140332,0.266357882652509,0.461438887964051,0.270350939469428
2.48553760511821,0.512478113491374,9.64905823339898,3.42683216653525,0.43219422822998,0.519542185591518,1,0.0108167389906793,0.456007902039462,0.512233770956685,0.240445931044831,0.605885499221268,0.156277262620416,0.0416356867641358,0.343157205823191,0.896796509758013,0.208808177355544,0.395080729934341,0.339628708742431
2.86451261496657,0.580833875529251,11.6962674612687,4.68145890674365,-0.219596881958172,0.31643860388117,1,0.00637419935808508,0.444664312631332,0.562540222026706,0.263719437699647,0.664577671969935,0.213704374471255,0.933161552280237,0.200592149518132,0.593096960284015,0.250362551899964,0.901850989802767,0.304613692931525
4.531711497238,1.27254943337579,29.9177874544615,15.3264203675938,0.500404978912702,0.678280104674829,1,0.337450326460818,0.781020117228694,1.26589338325563,0.236613948996514,0.431692749153557,0.397349262769237,0.807030636081898,0.324690279891574,1.04665874242846,0.302118885752347,0.576581374553189,0.396413064592988
3.45778933489803,0.776633541321237,23.7677945307594,9.43032209625822,0.0302070391785433,0.570478930674482,1,0.114739267760075,0.63106116433909,0.552288093923799,0.307968898660734,1.19009781897361,0.126541172311006,0.581552212693853,0.346527315840995,0.686245734223455,0.341335557692882,0.129864739739704,0.347630713924812
1.45465314775126,0.48029700438046,13.5736188193488,4.37218857397912,0.465242446925506,0.506352913473102,1,-0.116180824508092,0.355655015237222,0.697310134014662,0.234006890488271,0.389210698189583,0.209313598043111,0.824646123708894,0.208792141397349,0.921579407138728,0.211443799059187,0.769988982089207,0.264101696175014
2.72408253508474,0.480507338681399,10.2715910249101,3.06466753949356,0.144778228496182,0.338336314790325,1,0.0834782183943207,0.49609954469641,0.582857898486363,0.257616541072184,0.895180782571268,0.211604177699778,0.72765223479191,0.174895835395098,0.577286169013617,0.17340318681292,0.996296355185061,0.177344000965569
2.58419952261645,0.711497660810617,20.5200974876661,7.97700289796377,-0.0594283404703956,0.565511320826806,1,0.288709976793515,0.678081689761007,0.702103119380914,0.257810572360454,0.810770031756378,0.286913940620693,0.43510728057558,0.237308297474276,0.941247580180361,0.217267577139754,1.01423474373809,0.266029980825654
2.84185640255683,0.629255508263593,12.9812289233593,5.19969326647654,0.518809379704856,0.938460475464416,1,0.364393976390576,0.561393265107634,0.817133271084179,0.217403804320117,0.253632072423139,0.283464692525018,0.468283534765844,0.385230088701399,0.449961046043688,0.313944967198375,0.770967430429064,0.249525261699354
3.25793758415076,0.755024444090832,12.0825182087997,5.52522578401629,-0.277833575292807,0.337662390697997,1,-0.320714646138086,0.637794183993016,0.972976663660405,0.312898370137435,0.44078071777986,0.271559843971546,0.945716726169276,0.220548117728739,0.878283012805463,0.275861000314457,0.729304871020628,0.327079649053976
2.42119538971403,0.540698548752278,10.7428927888386,4.11914923133703,0.78635934910926,0.195506703513567,1,-0.941696477342202,0.814054827044182,0.654984110809663,0.328720689242741,0.610959450187241,0.315769335428053,0.655686430690834,0.169302165769837,0.391153474726405,0.246100682172353,0.52197552706822,0.205767766579692
3.68675669986516,1.0067714612984,29.8410270316218,15.1417584457013,0.156094604900708,0.941146326684702,1,0.209491262665369,0.615593037255063,0.605074509632076,0.326104107480925,1.02256007418122,0.345857226518629,0.811927278206506,0.386229675144147,-0.518185482776332,0.782012268659404,1.06144325839843,0.330981826977627
2.8661418858175,0.597400558504326,16.0420650788257,6.09165287105111,0.00654910128972995,0.386603756056326,1,-0.199410248046866,0.389772433750219,0.680111558771449,0.20948072413735,0.618531087854689,0.214830727555304,0.384539291218156,0.255364948256396,0.731367078115441,0.232177318207229,0.240078063201396,0.299249612011992
3.44488303929875,0.77511085287931,20.6149041338273,8.41708708207643,0.353316450850038,0.768811883788212,1,-0.0537709717868124,0.692477181575634,0.558177479418452,0.200219558714537,0.797794870254295,0.24677159013754,0.543879830396275,0.292126728565999,1.04715030331068,0.264063304982546,0.637644513583373,0.28358391559831
3.55924293487783,1.00058688431271,23.678747355305,11.3192730787248,-0.366524179023085,0.291342674145476,1,-0.718035360652778,1.11506707501599,0.638160595087423,0.281424880255622,0.718965299302459,0.309258464538699,0.854786032205636,0.279098047399391,0.6836067248634,0.321424635747345,0.650989838351967,0.26289857048388
2.68793935400784,0.624686698719408,15.3914870108574,6.39998047711378,-0.0485067576157434,0.505615412232674,1,-0.469774179007612,0.592953315021251,0.919946811314909,0.246183974411785,0.384297251064029,0.274669787417958,0.66361837648361,0.239962480216359,0.818008161650462,0.268396642302543,0.630176327309925,0.295871445470451
5.17188249523255,1.10994731672861,30.4446804891373,13.3492174484579,0.469433705087263,0.905339566683351,1,1.39559910866001,0.64308136708409,0.670295485019548,0.288763534985756,1.23440143312541,0.254752949598617,0.850144772388758,0.336723987334294,1.25324282373631,0.313316745539618,0.905138425778638,0.313003860472882
2.44454298174768,0.511186208138546,11.5276000406788,4.24982831285505,0.426309136751591,0.706072831689839,1,0.0249178096481177,0.484950472469391,0.951524042858284,0.17059071834647,0.595675925776887,0.206564944645331,0.733065299249257,0.179490131021605,0.192157097058236,0.411147420069817,0.880002849809259,0.323745156823914
4.09901277352672,0.857418505624937,26.6402121772165,10.8657071916818,-0.434357078108359,0.201194285027765,1,-0.0979123751261701,0.996214425157192,0.887446876915463,0.369927828501823,0.443320524053303,0.365535659184849,0.855196162354843,0.210696131493706,0.540209993272218,0.294657883766651,1.03238713746594,0.199482321528132
2.82972233010515,0.570184564295091,12.8679374945009,4.54349490659073,0.76653589030176,0.183095925112172,1,-0.113311188540769,0.503985721800287,0.483189980323866,0.197790758704467,0.61201329261405,0.221661247361422,0.462281942514873,0.260771182886325,0.493098485808734,0.243837776774588,0.628595542875181,0.226659993820819
2.61631631330125,0.585958835934706,14.1978459483773,5.44381726210698,0.444986606748113,0.711211666930976,1,-0.765422841975751,0.692235673442783,0.709134315570007,0.272458255550703,0.631155346906783,0.275602106790006,0.732101655114334,0.185199507830965,0.805996552874841,0.206495241039254,0.650014519094904,0.280514628978326
2.09431224802089,0.531523718157213,12.3399233819575,5.03087615035891,-0.164985333664557,0.356170475726113,1,-0.192905094190995,0.475214933740153,0.900775963029659,0.231098568042044,0.59141056849711,0.208958750555543,0.634666454728351,0.255896998156937,0.780388740257484,0.242391801843941,0.697961071425605,0.324501545060299
3.81979041945412,0.878612244866458,19.3665541473967,8.36252981102941,-0.116773514579782,0.454784488354786,1,0.302351887589198,0.571414849293805,0.412353639424696,0.35568542472917,0.619787042456604,0.260737816654066,1.07576977265543,0.244816709869854,0.575597381479617,0.290444973899233,0.795871473574488,0.248674094568196
3.38792868633007,0.846940272647204,25.9707947804981,11.8633687734664,0.249570723814205,0.64220998789834,1,0.468409471603067,0.48976896497169,0.840427617373257,0.19875472848769,0.211251876239153,0.325397354213488,1.10829902126436,0.218358383531125,1.24414520771379,0.306864088491846,0.465927866707809,0.458124121369135
2.82796965236094,0.826878390289496,28.4261868473299,12.3608388212218,-0.347812406069717,0.219935011799421,1,0.428277826866388,0.58480869170248,0.713341736093505,0.235821549227038,0.453505468297011,0.301356004534838,0.508682815856047,0.301724126137332,0.644226562654987,0.194635448425368,1.10435358268999,0.281885451851411
4.25237775498528,1.22231060540008,27.3268597994669,13.9833135837761,-0.465708594958556,0.356307000668358,1,0.0453760182930948,0.486278618149482,0.768859271185792,0.32533486054897,0.793424784223627,0.337819490742847,1.13506625002083,0.350003992250714,0.872590197242402,0.399489910376119,1.16368472310791,0.314484225410817
1.94429928454615,0.483621897709803,12.7417744539332,4.39318414910998,0.65610878833029,0.287419363645405,1,-0.470541419844815,0.478513295026085,0.878613684418149,0.173768361519063,0.352483015639774,0.203363783994822,0.694453635645204,0.156522043479743,0.517933768741366,0.255486737125999,0.266272469693265,0.33865516162603
3.66229158459523,0.854741624888824,20.4119651996825,9.32038135621165,0.795834601818173,0.237763839274308,1,0.0164246288532854,0.623973646145247,0.825056239484308,0.174762785601537,0.586528148305373,0.368505163054616,0.828383419763621,0.289666133072039,1.09372512428657,0.327169736560292,0.986774547401775,0.277555039386955
2.02670896109865,0.467839626347768,9.39419074895958,3.39892024634774,-0.294205462624218,0.301258701186317,1,-0.774308941095252,0.447650068741431,0.926423626512714,0.191634121234925,0.32295256395726,0.271082267337843,0.6476700954623,0.256032681595431,0.54717194814771,0.333532092361063,0.227294252634695,0.254755310995435
4.46525733254649,0.960543227882025,29.288998053873,11.7065221344095,-0.118623578182116,0.474598090295639,1,0.310211172890039,0.499184904922488,1.09236390360193,0.205871098125911,0.536072479032429,0.356948650450809,1.17586022780646,0.272524772512854,0.767328158843242,0.223620351595898,0.970773142126992,0.289019071109422
3.02312925453753,0.562868533076143,15.3238563481201,4.63726021310457,0.26225281563532,0.548231529392146,1,0.491087436322568,0.658270989071995,0.645397005897895,0.284106760835268,0.984833454335436,0.227549662794291,1.13911485388128,0.171056145862208,0.965489428259198,0.189824689944293,0.941498903903815,0.217634021677465
2.92935676623751,0.76506184902772,20.9270391608422,8.94032323585678,0.416003300996138,0.927645759003339,1,0.139546571059113,0.597817065056828,0.913227910910492,0.237771299881994,0.50880588994679,0.284407887244812,0.832671501853459,0.283770074516461,0.647729791926288,0.271270731092188,0.150619659061972,0.347404960736912
2.19375479390965,0.454794588395745,6.97480741826801,2.66518889219202,0.366043685128859,0.497353476064844,1,0.132922023301552,0.389771812751059,0.601179303935293,0.212906458310927,0.671062221111885,0.178768836516792,0.795388640842097,0.17418338686817,0.284109190285494,0.360897203015217,0.231988585164627,0.393573170070205
3.44583899208648,0.625904654456877,10.2533769773338,3.72703020756946,0.748667230003799,0.268004323492962,1,0.503361205821952,0.447013261127352,0.65600521411728,0.245361334750182,0.17092966225194,0.280836452110948,0.882196876946849,0.273326666496669,0.517664746054206,0.247167610577852,0.572513146917888,0.195041939823176
3.31531110179035,0.780923541703378,16.6590031054789,6.85902088827199,0.0943688957901662,0.6764324760515,1,-0.132411861727039,0.497057560737597,1.11046334985593,0.218622155371274,0.990556036922326,0.232097470285544,0.512095861867168,0.27213079147152,0.87262692776784,0.201651569123759,0.357055404520924,0.351264237576759
4.51207798489827,1.33593576860195,37.6854844384118,21.9710450796138,-0.405903709138918,0.348891105311787,1,1.01077597833573,0.466330293168242,1.04028240947623,0.290502792074157,0.832228523620626,0.307761342042593,0.979841779889849,0.386277798100143,0.908206753332167,0.389205880356948,1.45528827880493,0.34821954637737
2.71618655523571,0.571361326961411,12.4235344963989,4.80248575899197,0.430796126665508,0.672105316266023,1,0.161828990323612,0.537942023128224,0.832300863369957,0.201770776786862,0.724100128814624,0.279484433900468,0.750868929307898,0.233773481993869,0.361189821665929,0.30874741156838,0.937837298098478,0.261288542772887
2.05267063318172,0.459184473035545,9.28077412461548,2.94769509592118,0.46144305152503,0.676289187733011,1,-0.249057535325186,0.518438971206815,0.499605340325688,0.210789097613349,0.516168638451816,0.236958502081614,0.773068897973196,0.207122414517229,0.179083047118058,0.24213896183763,0.376872466003247,0.234770876659359
3.82894076510837,0.911917749523005,16.1654163131044,7.53882750070056,-0.228673530542683,0.292941274134641,1,1.01019038654775,0.875457423956388,0.364406403512042,0.401164123466383,0.80316495385013,0.319673193911576,0.734878506663447,0.329134167274784,0.436052880203146,0.274495278665583,0.719490758724374,0.205986793314502
2.65010314028071,0.893123152168828,37.3836592703934,17.7230040354019,0.865056966065228,0.142248445918261,1,0.0819052062496405,0.73230439699042,0.86257808811338,0.193934828345461,0.565508045690051,0.263565109025754,1.26025390380819,0.255239064828585,0.433685922379246,0.459397488987911,1.04759025054253,0.265335586651869
2.99615468836414,0.774224564337112,22.3274551882437,9.08357216020102,0.682190565033567,0.32464609948936,1,-0.0283367660438859,0.635118310701674,0.660197770991508,0.309568178540303,0.791345875086521,0.208096051392549,0.563440841764191,0.258095208402885,0.456864062214507,0.283637153969803,0.654989350848785,0.297947142133938
2.73616399933505,0.582698414326569,10.9403758191129,4.0656855985328,0.226429698576496,0.47082237447462,1,-0.465591702383444,0.628798997744845,0.680379639686949,0.25890678922405,0.572933546864642,0.24090009046691,0.831607975273523,0.194158117631261,0.593450217234903,0.213166330357506,0.431811132772335,0.263851516954663
2.76816149041853,0.627139059320746,11.8582590601399,4.80459900077398,-0.137718185177004,0.369373528750386,1,-0.343601504432995,0.514440905765807,0.826740488653133,0.171499154637903,0.777842876539085,0.257879096002982,0.717546082387901,0.276843684670657,0.637483998163239,0.255096963839893,0.172354809284104,0.403169612257337
