"beta","beta_sd","omega","omega_sd","rho","rho_sd","conv_code","tau1","tau1_sd","tau2","tau2_sd","tau3","tau3_sd","tau4","tau4_sd","tau5","tau5_sd","tau6","tau6_sd"
0.894140378049647,0.334864325368564,14.8995960422641,3.63596923684472,0.69263932930362,0.227122770115677,1,-0.0393099850609688,0.359940040643677,0.534451043823556,0.149705184258867,0.560279540956978,0.153291171959183,0.52752487427093,0.195312341459475,0.591078979292577,0.163343567194349,0.643731975149672,0.134581687009868
1.01322541758025,0.361789052170411,17.2590184151432,4.76568242187262,0.593423648906016,0.388662072117437,1,0.166397923574181,0.361589706682538,0.671022335703744,0.152816432731326,0.379426369129241,0.184758781011714,0.522797548186873,0.201786921521357,0.63042828685253,0.171611216478577,0.532119488479473,0.206881156463102
1.56784799652364,0.2997100720293,11.5424308131784,2.75596183112604,0.690317687662174,0.205087049047202,1,0.392223281636517,0.298354010075469,0.643116459682294,0.144346917995538,0.695037691850752,0.1656474432141,0.568264609734791,0.145668732261262,0.465361135540857,0.194461621471985,0.893614767514705,0.167617481143344
1.24328300873736,0.292251240835909,11.1151774068708,2.42524609375252,0.621694233939165,0.378241774862776,1,0.270980189637423,0.325798289846341,0.672076168644561,0.116838317432263,0.444007895043529,0.146073729212008,0.963208843925545,0.13764510198074,0.690192754201136,0.168827298176989,0.906516612746465,0.174669780458433
1.79058375398649,0.390250054123512,18.1986590447592,4.70698446260154,0.757238774494894,0.187766701021453,1,0.102957151600206,0.423107997724867,0.839334057812217,0.158825913573069,0.945738698452538,0.156445699614301,0.812399022469877,0.164511372485943,0.563414511653501,0.176751602837004,0.781020100686538,0.169432152502983
0.999017643043886,0.360847735970672,17.0482114133867,4.56226381455277,0.832453824666066,0.0936696791556938,1,0.482629745967451,0.395910675110032,0.641762293717621,0.172666712047215,0.642054346101741,0.150719953689799,0.800441719384,0.146934949802169,0.683385056083432,0.190814988068397,0.774225738206332,0.217353796082492
1.43410422792969,0.294558981586049,11.3532678232952,2.53908947488783,0.618939642014197,0.232086874135495,1,-0.102091261070613,0.287830003039133,0.758615769546845,0.123437238361671,0.512303698581052,0.146907727996593,0.66205595691634,0.129541069666504,0.829806703669305,0.154232277399625,0.357432966574571,0.170052518356872
1.1586354893857,0.324976458308012,14.4997503251682,3.45072045390326,0.3296615965898,0.422020788244943,1,0.308639692544751,0.333830544267865,0.417401985846697,0.16052092604238,0.999624557294207,0.115509289272541,0.514228592125712,0.176161634270578,0.747931331177779,0.157438753540955,0.774935301852025,0.159838469808718
2.0951498960593,0.34089549605792,12.0377252580501,2.96089332166825,0.798221533873943,0.142618198318139,1,0.208524287748934,0.42277999157817,0.715740844264818,0.174017847474376,0.489309255415934,0.163912796235058,0.829231534727634,0.154597192954968,0.674406769154329,0.158210953293142,0.672083534965178,0.153751743497445
1.63967294066463,0.394475458901979,19.8180488953065,5.21337817458593,0.625779016921585,0.27129633735979,1,-0.0152908194135903,0.343001573290398,0.720091406541082,0.143177703662401,0.752372457916499,0.159359365913773,0.794073580108693,0.181310821930207,0.693452178210456,0.192113296081453,0.632369057060433,0.188361784438994
1.48382668683981,0.347763497958,16.2981158384957,4.13217007656816,0.421668679166327,0.284758150560227,1,0.156206340453124,0.307402487478665,0.792160754135661,0.165639956996544,0.523645678588441,0.178173015281988,0.778501581403236,0.124974249340112,0.837234342433703,0.149018661882387,0.65855840085671,0.206965100703298
1.08556502549952,0.379046597257745,18.3137459756558,4.96468074959568,0.770274628411639,0.139168079674765,1,0.0886485126238264,0.388427043685415,0.718461406522902,0.16265221001615,0.614175588561213,0.17307130901422,0.950869963416173,0.155084924200685,0.911435411142275,0.223915918743825,0.680795541092654,0.213264427864859
1.63016008323614,0.382295425855744,17.468933407333,4.61084117724856,0.368359738542351,0.307035275178068,1,0.0186206572140687,0.371123392839602,0.647244051018277,0.197193324109984,0.775213600423741,0.130266686965349,0.747933601755201,0.147537830040715,0.928511407864189,0.152880470373202,0.458583499479328,0.220446922073035
1.5961448374599,0.413922191633576,22.1487058823826,5.57583767896552,0.612948966496791,0.37492136109574,1,0.51009725724683,0.423892897387132,0.529450467215186,0.213339204833416,0.810571970851055,0.159247352312453,0.650729231028454,0.152823001487665,0.508303084995369,0.189944877384636,0.941723713483637,0.153794039686644
1.86158514153609,0.428813339834595,20.6260511992254,5.47956600248429,0.140216342710286,0.324336675674461,1,-0.350171659739957,0.30813228938856,0.907518800984908,0.136506788006818,0.998699529991722,0.145142656996291,0.629289870380786,0.166562932668138,0.593798225034609,0.17659268653911,0.829134167981831,0.214407541194583
0.933456556586136,0.321828552726079,13.8589623710322,3.25194348100876,0.656381447215838,0.269612982252245,1,0.210718917167913,0.299828222820143,0.655720099393317,0.139398803464825,0.647103603388071,0.14703589995986,0.764649612549432,0.16484409961549,0.678933860309603,0.161565046207197,0.463550380904171,0.203173333053463
1.67544278006571,0.357250851976113,15.3025617141119,3.84531794019304,0.495373132063167,0.391264282084667,1,-0.531694212593723,0.323704140043315,0.797753475263413,0.124773191348903,0.68823358260337,0.149527143256487,0.63224133072793,0.167000522517255,0.79511645198006,0.178737889836118,0.830876317220746,0.185702517655533
1.81477543844241,0.472074933327268,27.6900682376412,7.69384211791205,0.473466301984181,0.53441813747966,1,0.20023935992495,0.504345781222837,0.876648347933496,0.16860524267658,0.884001143526119,0.187237581198184,0.868237464135693,0.169416798396057,0.633187399199291,0.177049896444276,0.920422271322055,0.17440738637367
1.25251482295554,0.427384321027623,24.8939733174996,6.50544965593411,0.0822757200542198,0.271874618802915,1,-0.00376010477325954,0.352680119648752,0.631967821377929,0.162993328359358,1.00150934535852,0.146385368678948,0.580835109417955,0.183471323555962,0.80200030771803,0.156038937424007,1.03323985418777,0.180067823981873
1.25709587379999,0.38802747989159,19.8400833597986,5.11280927678319,0.444967456637365,0.543727887163204,1,-0.685117916274452,0.430627774529816,0.931014297579271,0.161822325220512,0.762156444241295,0.185212893181193,0.660076080892814,0.158857612951438,0.703761163412273,0.185553021592466,0.76455234837954,0.163804068491514
1.27508644440171,0.332884551876353,13.9072504291523,3.09590239962083,0.631934191401158,0.174881061349715,1,0.438303357860085,0.340597135057128,0.530230200392662,0.125104127390058,0.673319029609848,0.142668732004062,0.817427022311588,0.148756562418408,0.78080082581212,0.153786030585606,0.671770636545125,0.189119675263087
1.26464596319047,0.43143214611538,23.9661075417559,6.89049676953373,0.781803904754041,0.180075107451708,1,0.237389881410655,0.432740302122806,0.889393239304165,0.18333581204843,0.978084445704565,0.181873695233704,0.740678700936465,0.16684978075752,0.838985456308591,0.185751430128141,0.67672897922474,0.210704340515391
2.01071241137221,0.380046345948545,17.9944000759546,4.484992250123,0.695950417762774,0.223349790465358,1,0.00406224184523932,0.332657786799755,0.805566143678155,0.160140096280094,0.863918895173148,0.164361484131069,0.599736729671383,0.160173645761168,1.14274485563814,0.129309429066612,0.805762100875103,0.152543289588581
1.25542044178545,0.349365328922334,16.0410074477301,3.93707829856883,0.581726652282704,0.378271064801805,1,-0.275396891740465,0.352795411987672,0.843133694637503,0.126666922965779,0.843603879853315,0.126705144194128,0.75454643802314,0.172703528089461,0.544703174522432,0.214745681688937,0.718687991732358,0.243394444948838
1.1718791260939,0.334444901270702,14.677940715328,3.58228039232914,0.750737411027186,0.152661793537973,1,0.555172025984641,0.408154296360279,0.692325829106649,0.141112986855127,0.499411729543976,0.158903129793551,0.810550333035484,0.168399754429821,0.753859093860914,0.144247419383852,0.523469310047928,0.202370970108521
0.928210391681176,0.418934251133656,23.1151062909966,6.92483700333829,0.639246883173267,0.354437384646367,1,-1.18146079528735,0.517419318375086,0.806308609796024,0.174433297864773,1.20043141644302,0.150530350685585,0.746635611832038,0.23043574837609,0.779735426471845,0.230187905671905,0.49975639286507,0.244541408394245
1.26999751222767,0.415855670556746,22.3170669878488,6.05384811788327,0.298570685645265,0.490696532306829,1,0.293823458602586,0.315556667902367,0.758774423869861,0.149705222917787,0.763012491115135,0.174234326019111,0.824325493450836,0.1436861265611,0.931019319917704,0.204306596957259,0.848259885490069,0.20373372983939
1.01070133070124,0.387866651676128,19.5910450912671,4.95967520407037,0.127614861495797,0.312640360302338,1,-0.324833219522627,0.411938253595586,0.692952484979024,0.156242831189595,0.83174022646976,0.135568068711692,0.749393003735721,0.182952744436057,0.646950732348856,0.168331556426454,0.942355965356242,0.168565226471006
1.3415650696913,0.344673254746759,15.5629239914571,3.82998868341247,0.785932627757972,0.165315349178292,1,-0.255283532689284,0.383747878047128,0.663550122118881,0.148040608125549,0.864619410153401,0.129695114953671,0.637384834266447,0.180971950899351,0.301528346885991,0.210845995839923,0.811847643387555,0.152751305291412
1.07879971345039,0.339904653864176,16.000551399534,3.88780891822846,0.454462736623329,0.536725532350043,1,-0.802391582067656,0.364351591374334,0.754785319365848,0.14227119160714,0.792772011184461,0.139785771333252,0.624386500175527,0.182178779290348,0.390234790211461,0.195456410082683,0.564002636718846,0.19097603497409
0.673896278450763,0.271339299508101,10.4492153926323,2.44873142469079,0.577834657384992,0.279521877215402,1,-0.0803821627707944,0.284916883465219,0.740583181533787,0.106933776222957,0.703058773388764,0.130208252033941,0.753905325961942,0.141772954029987,0.363075765288722,0.216085759923343,0.344969801906968,0.227425164602695
0.945096386281629,0.299002841712309,12.0427972759757,2.84289097451191,0.331144920412278,0.407031950719391,1,-0.45490704373822,0.307832524436846,0.878534110185248,0.125677793770928,0.642207636438658,0.139938580076338,0.774958998060309,0.149361122558087,0.414768322951186,0.177886760291578,0.741128220015278,0.166672440023903
1.9308563152996,0.442128807240931,24.1170389291092,6.51278896603757,0.811734000319419,0.115370245006839,1,0.571440913130208,0.370668916398348,0.44152676625303,0.151835690864652,0.889710430594483,0.154731254356689,0.83632579107988,0.16983541799539,0.751964453346899,0.184423776449102,0.694608474261608,0.191939076038314
1.58341161291911,0.40422764579537,22.0869105507083,5.45396394682963,0.639673092921277,0.272125124593635,1,0.0967319569419309,0.357834125063474,0.800490933967645,0.145658741277281,0.762539508752407,0.156900650188518,0.481148936460713,0.201338520933048,0.955747061097991,0.142866951791109,0.721233485154301,0.14276328392531
1.19029990990966,0.355103432590862,16.2665984663092,3.7017769284109,0.622284774980743,0.24905140528722,1,0.0522875301483509,0.312023602747705,0.644471087653456,0.155984910789128,0.656195841677586,0.142178046692419,0.801258350602377,0.133193327753705,0.961059899888743,0.146513179416017,0.799996736030412,0.170819034819407
1.46048480363124,0.303962739736043,11.6300541269851,2.68350257529488,0.693342718006532,0.213322471093916,1,0.203176452529327,0.309217087009364,0.528997467363233,0.15038919029545,0.840340020187311,0.108711278884563,0.636956897908736,0.141570363870098,0.763296499879704,0.172956038425797,0.481802370795576,0.192064331437607
0.498398505874482,0.369295456792711,18.3990194236338,4.63816281897607,0.670544432923351,0.197945623641773,1,-0.14205298918253,0.319423262395033,0.693289947902799,0.134847777023823,0.848235694933028,0.126538269795656,0.510363595722528,0.191039490211382,0.648636925122584,0.167729043144054,0.905785550697587,0.191455588114242
0.405523033290015,0.313237523170488,13.0205015661215,3.5846831858217,0.433917927175665,0.523217839174053,1,-0.0172238628572841,0.362814337415962,0.646616483457002,0.142776798953935,0.278247887839027,0.211397892123662,0.634262786914724,0.188431483430567,0.396667141866708,0.209140010418573,0.788551757284776,0.16626354050685
1.35238619333717,0.328594018955759,13.8255926020268,3.22393670596482,0.499035819315373,0.455729146332965,1,0.540578542390122,0.389405255327216,0.649284002909843,0.140416864636564,0.841829895352232,0.128517231289365,0.962337329959981,0.149364750001473,0.621922710671115,0.209102887662755,0.847636722889446,0.128365514488154
1.34831627208853,0.413963147189992,22.1848448298579,6.52338292106422,0.144946062177965,0.416043726118095,1,0.558477943693382,0.347174574422555,0.689383204847101,0.163508451223949,0.774637489858555,0.20258376445362,0.513126973265556,0.229435185111402,0.609453686457098,0.219424657383438,0.758215740431369,0.181989759726915
1.87668229171111,0.416785874089569,23.5379611580188,4.93059661082586,0.374054618076365,0.447680298647237,1,0.131036766005756,0.386334391500352,0.971799215292664,0.146555751350892,0.869813638918429,0.123739683325459,0.986181789783166,0.11948907201765,0.881806180574912,0.158480575224202,0.743605605367836,0.179028375821073
1.12634184875358,0.307588815814684,13.7172156094922,3.07380380967725,0.392337343508848,0.340412046177129,1,-0.395947752911283,0.291014136984329,0.873947166347375,0.105381024677174,0.516746312228062,0.142803013038107,1.00995728153807,0.127323102696869,0.778019900876527,0.145453005450709,0.443376134822346,0.222627227396358
1.37554714005851,0.381788592996178,18.4723704234378,4.61758879523613,0.407950396254386,0.370104089202568,1,0.0185002893348366,0.382344940160302,0.938461424341222,0.141281265284598,0.649034276353769,0.154523020335389,0.851639477079277,0.161847935558348,0.528621979673462,0.197740390326575,0.566186806473062,0.216712594609283
1.5357460011093,0.450160883454957,27.5610972852975,7.50562647034647,0.733672249843949,0.165346305601653,1,0.527016885688333,0.359107956008977,0.944161968365272,0.15818888733996,0.517904056868195,0.155711504590559,0.827311498785665,0.167891722351326,1.09894665493876,0.184709845614647,0.820092308503576,0.182644724994438
1.26242836517699,0.396078558011815,20.6130972994618,5.40593841576703,0.48175664825241,0.390083031937054,1,0.179956499903955,0.3629950292049,0.568127481635821,0.17434320194929,0.565839527174822,0.154307860276661,0.818629578462468,0.124315473339267,0.281402143996884,0.224949534111106,0.89312461711294,0.197586652012741
1.14500925635761,0.369999904628033,18.927714052625,4.82036170198562,0.420583381269695,0.40797908259073,1,0.180502354567878,0.353557337803939,0.692448397579555,0.15172932232343,0.572322995180688,0.158313285979399,0.646291608525481,0.177351685749914,0.899773103909391,0.1310094154427,0.725390846525069,0.192873677066149
0.668909311211426,0.391923977018464,20.4422925099672,5.65324404791157,0.139428454609286,0.435306085749651,1,0.104682289506485,0.393198293958409,0.606996830188874,0.158427389710176,0.852876802441539,0.174060484516723,0.63953990829448,0.212049658491955,0.734514383853475,0.18210363315172,0.783008361944784,0.174134307684761
1.33433087745919,0.374053108964717,18.437257849019,4.55447050683882,0.699656796998184,0.224888039715976,1,-0.0497505281704134,0.361293002828443,0.796595232565231,0.129862556594728,0.966506183823104,0.150448691968049,0.769574914031796,0.151797433126386,0.486334798789721,0.21390814519203,0.780922272538859,0.174041622957676
1.40825772964915,0.339475190802371,15.6363880997885,3.41905184249506,0.564744696822927,0.399610588565937,1,-0.242884203106394,0.367718233004436,0.939588890683574,0.137078689819791,0.669433571940753,0.167021828202461,0.918323501638859,0.119931518839057,0.410761330812156,0.1685462705805,1.02135846810247,0.134823262529858
1.62994594006607,0.381556887941351,19.1553170791657,4.67726141179156,0.689896344357838,0.310670986554742,1,0.552958193976882,0.36292178835574,0.738110887804277,0.118907196595587,0.314899839999849,0.25259345267143,0.773205649558926,0.171866417042987,0.733701413867081,0.177271126681271,1.25739179291177,0.146174639914277
1.08130266759015,0.323830279772033,13.4354937096805,3.42373403385392,0.769983226041648,0.152817887938171,1,0.29829055481301,0.380403996862797,0.89431688310275,0.142393844078738,0.388382838246384,0.199656333569928,0.695138483000475,0.160120039287049,0.724465149121186,0.169837736927846,0.895496037710146,0.163601564842537
1.13308482439053,0.32570167274175,13.3336040678627,3.25603512581925,0.433437404995471,0.510258621603066,1,0.174872539404911,0.319103905144052,0.50103608491787,0.151103395413986,0.723217784723467,0.136426938274481,0.560829061799444,0.153834718522468,0.981758421135631,0.159237015455346,0.732994546705796,0.194909116399482
0.995865228793086,0.327075480997105,13.471582648676,3.21119208560129,0.640914310189293,0.353772034859515,1,0.286767013839296,0.3472152276758,0.606751016229025,0.149689610402607,0.690974174242083,0.12872900533256,0.527461147489897,0.154840381690257,0.711974160586147,0.175554982527599,0.761709826421852,0.191633491389311
1.76479474255534,0.407424167948418,22.2121668910035,4.74568538373342,0.5880861329105,0.307061747730492,1,0.0624188572192225,0.384763979463779,0.695654724867445,0.1769856651575,0.650039196590159,0.144019147566704,0.854490629269603,0.137829604217147,0.897493432618004,0.144791557038602,0.878265222571545,0.154848569721014
0.897797883199182,0.401824926879005,21.3585509881285,5.17956479057508,0.383256927289995,0.339487228353751,1,-0.0522083214110083,0.402189136598056,0.928129018095569,0.145836114924314,0.428608038693584,0.184817665097837,0.932859580503576,0.147597727373691,0.817538733842225,0.159921055649237,0.703172853291859,0.173111599568923
0.888893519647715,0.349633544295386,17.0306875155981,4.52254923296395,0.590438071351113,0.290604829847925,1,-0.369971267258074,0.36265726807068,0.823916183401278,0.172545881221487,0.734946201203642,0.150743657709848,0.610897122817069,0.17974538384075,0.647104014339377,0.208373268194888,0.791226979587665,0.160906318365348
1.17498189315127,0.374843511001662,17.6007942920757,4.62590294598959,0.0799011085287177,0.343510483827615,1,0.118356363557955,0.418035044315375,0.780895774588457,0.167926818465488,1.01848396492711,0.134392934820866,0.659659576575866,0.16244236356445,0.950335419785575,0.150679281543228,0.605712248969839,0.208116606412747
1.06778666651637,0.388635547082945,19.966035730304,5.39438712697558,0.721251837960307,0.183390092449433,1,0.07111216520182,0.388302556111483,0.724259849617181,0.124669196381429,0.958961530170427,0.164600591573282,0.6733570483702,0.172114858901951,0.504913601864476,0.208752424112458,0.504548485287511,0.247207878661091
0.92489855892219,0.514602931964587,35.7841753038596,11.7113143763142,0.176441634047301,0.411006452331748,1,0.0849408446000171,0.317509118140338,0.824035428197539,0.170784256533098,0.763118003875037,0.185617602695739,0.725216913736792,0.209879347654397,0.758844458129933,0.2354279828873,0.680693011408671,0.262513403790257
1.19480981858424,0.302727721935712,12.0484372459124,2.8291972003449,0.617218586290656,0.345230123138745,1,-0.00602483815558356,0.298557495139782,0.681116670798373,0.130367024520056,0.798865283080523,0.13664330768922,0.670166428036271,0.133659675027268,0.640818262918898,0.132863694219242,0.5777732815201,0.154992720311466
1.01109950090555,0.336758226120998,15.3618159664029,3.64564147782071,0.217719920665089,0.424172933096031,1,0.092928941340136,0.315088597060799,0.750198035267668,0.132696913081477,0.547176259545088,0.151528624509299,0.790992195560031,0.157933367978592,0.617623673299417,0.180026847790663,0.68637174225322,0.182644132627819
1.62499042493126,0.363805168397886,16.3529818073879,4.33089743238179,0.684470519917675,0.205742199071182,1,-0.094854377382767,0.343852660508296,0.466040084928346,0.180564420146651,0.834177550285437,0.126189461054431,0.7587155297477,0.126275458075487,0.862332925869032,0.195593338327804,0.606941058740042,0.222869502483313
1.67385075578511,0.37234191235162,17.4315348206058,4.21229408024778,0.692945612719955,0.286365259429916,1,0.346289095719526,0.368040882393018,0.764824295747509,0.141957678671208,0.827449109865653,0.14338476512266,0.621277509456077,0.201997495234447,0.676750739150297,0.175672637635207,0.756486921291686,0.171340316383567
1.05758744450658,0.34488178154593,16.4630381938721,4.07183837166882,0.579146519338265,0.234050471278557,1,-0.224767676933856,0.30396015402596,0.709854399922666,0.145919610143539,0.59693099684008,0.151572834483301,0.606889646398104,0.177367744122388,0.642163019120002,0.201944548063468,0.530659927716222,0.206329582828265
1.71115470856121,0.390480737869789,19.6955810361363,5.16074563884116,0.689581588618365,0.212413711512625,1,-0.16766121595302,0.359465588927492,0.721231658914689,0.133411723362213,0.774189532864399,0.15224053949239,0.349181893496774,0.191570379832056,0.719022501485281,0.195723147108444,0.725004106562818,0.196933972682536
1.73579256770504,0.354174538725863,14.1258784964177,3.75879092946455,0.747566486145007,0.222768176959325,1,0.241079819725759,0.37445377950378,0.873814920667926,0.14165401895059,0.511020782203617,0.178780899862105,0.970868775839655,0.149463840545175,0.455481233203839,0.202214066318715,0.681263125714207,0.210757451739418
0.951545920874331,0.288354776626923,11.2531591702122,2.85105423330819,0.596184357400939,0.27018260185301,1,-0.101138438220362,0.276583354194477,0.718040649197336,0.136980718594766,0.514629693305901,0.138728580341058,0.902034204040642,0.141391515552999,0.310565160147107,0.207560408825616,0.776951096489317,0.177400679500702
1.41366423209074,0.367624007267413,17.7682749540607,4.95096847487276,0.458271982761847,0.431800607251563,1,0.0917958410171899,0.353035916583138,0.647167383388066,0.180456655494459,0.66400956777508,0.157014345426772,0.639448116470683,0.213099208951346,0.903522127830073,0.172338642735348,0.730179212700961,0.182976753607253
1.57912591331267,0.350042289015131,15.3768841563849,3.32790239363382,0.441954074773755,0.300159192425681,1,-0.312689639357203,0.383570679617943,0.71995308537043,0.141907545376987,0.800762227258022,0.12218808045778,0.566998851230574,0.180336346355069,0.754384776511314,0.138768609764478,0.660376119089386,0.160554771458528
1.66747211853782,0.361738966197606,16.5796964336511,3.90696980573101,0.615526533399583,0.29358652958681,1,-0.210421732673476,0.326412878979694,0.759366306202711,0.17429275795904,0.674884396194936,0.158840876883479,1.04564551336315,0.126570876431772,0.598598641210086,0.158462474352685,0.724520975660661,0.132204006571174
0.972139410262584,0.360283856592196,16.7345093000416,4.4172803032795,0.826803425973128,0.0919247225079995,1,-0.207287976450299,0.354021450377402,0.731022498779442,0.147107018551436,0.695445788609958,0.178738779206173,0.655092164753665,0.169063911684851,0.991788748559765,0.172547585651325,0.486940877898207,0.213773639047544
0.917687162366086,0.373078996852561,18.9968874971988,4.97927365430905,0.844806822701123,0.111546891766697,1,-1.06108479875267,0.552484846374111,0.934752037239176,0.189824447430897,0.83886688771074,0.161458875012319,0.905281485811476,0.127082937674213,0.583139961348208,0.193770871224541,0.707539272538526,0.170405362125115
1.26883805483409,0.340493652662779,14.8012567560637,3.35936755846512,0.160717026162229,0.313588387876587,1,0.390662506254309,0.387205311375009,0.50943154178993,0.149407476938408,0.811764883511705,0.133740609831944,0.809402968462601,0.14797118428229,0.686308952980255,0.169131141967452,0.833470531024226,0.155073664629837
1.22885369100565,0.346224602190572,15.4169374442929,3.59950112159029,0.816728491986991,0.111248526141802,1,0.587678568995239,0.372015767366557,0.643025908301366,0.142904628013745,0.558187744456327,0.15582333371356,0.953400871883671,0.131457993649026,0.798630217161459,0.163071161827708,0.830871360370541,0.188391957797554
1.31716371500229,0.308355571614541,12.4178342288584,3.03677822571502,0.186871201800333,0.369710153538576,1,0.304661611643786,0.318858211502053,0.636744617436505,0.144892356223981,0.810472775451286,0.126712730065932,0.795386312135872,0.142454088468289,0.594908071272425,0.19744467970286,0.860685561369671,0.187453538010468
0.166175933999987,0.371595023351666,18.4519141385531,4.57410744153074,0.726551023177401,0.253935062801666,1,-0.214096928325315,0.385119719226282,0.769397666459991,0.170596238362238,0.923076467881286,0.134432867115644,0.703416814337098,0.178679331984129,0.635695941980715,0.188227255057011,0.750728751734525,0.190712008852619
1.48209364478482,0.351263794268845,15.1408269068747,4.06551218170087,0.752835379285251,0.153045990685772,1,0.248330761837008,0.397346273105569,0.553179379375859,0.152515849817101,0.672602881216271,0.15224612086222,0.490253597054584,0.17176362562595,0.751069967225448,0.184327440749606,0.773651700522868,0.19045385807377
0.862986597649144,0.341959507294928,15.3611143685428,3.58991494412957,0.132086110136622,0.2592264478257,1,-0.191800233561527,0.315813892035772,0.85231643016784,0.149433888191255,0.719709064693176,0.147395277715957,0.657225349155228,0.143403101789617,0.85627785729825,0.157312382656501,0.848038311579169,0.16970377383497
1.47149258509172,0.387085096416442,19.671455689559,4.6575808297345,0.313793504272584,0.420520839530423,1,-0.276966904516123,0.313289478013921,0.631668246687548,0.142014883084791,0.781991773870024,0.150315301261472,0.64715952197078,0.157912896450945,0.640301980874775,0.174457019669653,0.86677972518012,0.163004999955685
1.53541022144099,0.391737990058663,19.3097601497005,5.20208985363745,0.862285352767243,0.0996369520151914,1,0.50632323721192,0.395236427903551,0.843903808493819,0.174021291828276,0.692362770730444,0.200856908845282,0.666494028547551,0.18122133944585,0.716584844438,0.159283534599743,0.637373920325306,0.183077807042242
1.37019226981264,0.360371728598798,16.5870408209036,4.78903175939468,0.0782534331334907,0.318737013152336,1,-0.23629200393212,0.374135208207392,0.745128046033492,0.148502752667705,0.738196334597834,0.231197600271097,0.675325221714387,0.205366815784825,0.638155319013009,0.180929863658788,0.744232646119123,0.168020969338799
0.921442353640919,0.317271376311874,13.4495079707532,3.2091078822099,0.481798098185742,0.285189877561561,1,-0.121593608447164,0.323216179595997,0.552111429982827,0.154475379076247,0.933485446866698,0.12852015740552,0.499601190721795,0.193424179009366,0.669144069426391,0.156065087028426,0.390181850698792,0.208565958266999
2.30714185715807,0.488796118111658,26.9366259425336,7.29380849425634,0.328917443546902,0.452942289061819,1,0.939663949235882,0.386293893971277,0.586974827062337,0.158886603699432,0.939122438406849,0.155664035381153,1.0745241784236,0.160450464081422,1.07300963923695,0.180526276864368,0.982630198595108,0.164029285443325
1.51951566997345,0.391606772389925,19.940382201235,4.75661987576166,0.421969676697626,0.336118063796979,1,-0.273227197508093,0.327080417499976,0.754917446527959,0.127362077353182,0.855214974321844,0.126701554362372,0.895470616654472,0.149756933419948,1.0420738999971,0.153857919704932,0.423099584709955,0.27749861671647
1.4693511804098,0.307731767581405,11.7967312444288,2.82983722671627,0.279358522747965,0.30641388672636,1,0.152661670190941,0.327645636136897,0.720614246562206,0.132857830755537,0.520237778220612,0.158356542636883,0.73966310868969,0.148044221254,0.611748244990596,0.172189080089445,0.933561484738055,0.142026763189998
1.01885652557143,0.297892272335801,12.2179271087271,2.71352631370552,0.585939355954085,0.418387533363594,1,-0.376718811426356,0.335213897837731,0.905607515852354,0.125550401728478,0.576081200224868,0.143830754813922,0.69895642625645,0.156385630920898,0.738887797163728,0.164235494566091,0.581559822037393,0.207819000094333
1.17241797352625,0.361970211070106,18.1410693105382,4.4007100109967,0.127233735093102,0.355880145505719,1,-0.266724621529151,0.357702463196051,0.852354668449465,0.140430969229853,0.922162955081901,0.1384351675425,0.694687891709463,0.156844871877822,0.823857765729824,0.165718170045594,0.868997858571309,0.168289352095978
1.92375607728487,0.409217867096557,18.1337672524575,4.8228603437213,0.886487073711334,0.0584412804930091,1,0.780704022271153,0.499806906906631,0.689696732738035,0.169452814427714,0.910843217153913,0.131627365420867,1.23829087315837,0.147896353391905,0.320417736350152,0.242360399061862,0.737740716475663,0.213580936710363
1.89315373186724,0.332371717367138,13.7226783983327,3.2649820570079,0.534082127928055,0.356281905506031,1,-0.434823009707582,0.337171873217041,0.727458964101382,0.140178391904974,0.738102915820084,0.139526149584734,0.791794934464844,0.134602358571929,0.440029092158259,0.184324203679849,0.765640418304007,0.150053730991391
0.992197485168076,0.374078016560107,18.8241573264354,5.28716435433789,0.654580109464151,0.228909229140009,1,-0.072781186538095,0.380386429201152,0.711546943513051,0.12895205261192,0.70493226111846,0.175775945454132,0.610127931057109,0.174009145145158,0.697343970143798,0.190105171662739,0.772511944320238,0.240976654884484
1.41377961818132,0.339298888890074,14.9091233855074,3.72064615857853,0.726897955457201,0.189356860182134,1,-0.50121540956073,0.342115233251726,0.841099974770897,0.150833308638249,0.666201058365606,0.118044776463685,0.64456129926974,0.162346504845127,0.592684426562563,0.196994749513439,0.376904627959316,0.215072986462058
1.2730170630912,0.363619201204946,17.6279596481148,4.41168291458295,0.753250309287506,0.158617039600338,1,-0.0154654198319498,0.332411782335083,0.767075065371126,0.161827819845694,0.749731707919618,0.147970124090076,0.74688184131393,0.129629672334168,0.949873928328396,0.155894803520334,0.589524103123352,0.219931997016006
1.17281393488644,0.339698257541343,15.7990671381424,3.84141704835006,0.676362467662375,0.293579049320102,1,-0.542157724638077,0.362067990541905,0.809624885327325,0.139579916547265,0.487356722891595,0.147325922987628,0.846761255759722,0.165689525744051,0.521578810853469,0.166289694854121,0.953771478006311,0.15231635117161
1.21196736986063,0.357590022144307,17.3039596440948,4.40837509472786,0.296335036115773,0.424126406241778,1,-0.203100582551709,0.337193651691587,0.727105542437482,0.126423496512534,0.655672418362507,0.150857167051268,0.663163383155914,0.193734485138568,0.609190226006146,0.172972892551996,0.787853993677341,0.170290614450806
1.56828961106527,0.396976895215159,20.2224514104394,5.38309821538489,0.815129620400397,0.0993513425807259,1,-0.0781766668442429,0.368481414848326,0.872336783410968,0.141788340336404,0.721785394817176,0.174353503001367,0.746626814547921,0.146460535388016,0.915887743637768,0.167842407994798,0.496785905848082,0.286599917973424
1.24907115917373,0.374268619619087,18.3684039226209,4.57554480481713,0.47561473039237,0.460827639641711,1,0.234000059928519,0.350417346852186,0.497802486017522,0.1554696006933,0.596493754492929,0.139186681349199,0.567134268645328,0.14515703248397,0.880807961405991,0.188471441051337,0.567440036602822,0.203032240071162
0.95287195768488,0.36868555459934,18.1460472704059,4.32098849277165,0.628400451002925,0.268812406789585,1,0.109184868237532,0.286032030449241,0.89013950880936,0.13168218140389,0.674887206413396,0.146497835759934,0.899144421051602,0.146906933994105,0.937273633321654,0.143820935915844,0.945175037348863,0.209989385879217
1.02164748010367,0.449555849112797,25.9352620214751,6.61944905676676,0.563801490231025,0.327590094826812,1,-0.57150690917432,0.503138882410484,1.15406866548513,0.0965945199328517,0.558965560509692,0.169425256582179,0.654241447148711,0.221815615603824,0.274526126056874,0.23599282658702,1.06453864206403,0.180334763211316
0.870592029025968,0.385536994119745,19.7897883520913,5.00484283214178,0.263068299194436,0.504510103099627,1,-0.618848185973064,0.352026469735031,0.850387077835052,0.128381805434992,0.738119901558611,0.180953734133,0.769971808957278,0.181875471582609,0.873600219816229,0.180094787948477,0.541855364221038,0.222366521790881
0.883051214872931,0.354614108253289,17.2486054366752,4.1553295746674,0.616849402489514,0.408540981234836,1,0.015358683701731,0.338078738612668,0.762783395854646,0.132958503735694,0.819538282296045,0.138942780492081,0.51238565374947,0.175866636637034,0.797640301146449,0.149828480601206,0.794140725482537,0.20005481465797
1.06930281314051,0.313667818128387,13.8305828523542,3.30481388690819,0.833745818367155,0.0809530898068645,1,-0.490770995034732,0.425355617403648,0.614856321845216,0.158587548170536,0.958068074829655,0.132613360900231,0.789484469684321,0.149932957316587,0.887336627496766,0.113803845879547,0.694709157554283,0.184717907308058
1.1788474623903,0.387589026922697,19.4187684801753,5.10945339018197,0.640871042600339,0.400708129488737,1,0.0427050749193059,0.485805687549126,0.596705793300054,0.180617038833119,0.214184465139046,0.190512473374958,0.838418422856445,0.155138869438686,0.303649732478165,0.200142838993803,0.908533067677969,0.159428822980089
1.30425125336987,0.384446504183433,19.6650605935063,4.68777633767811,0.501213257617147,0.339954978212093,1,-0.3168312794076,0.406504238460394,0.754183096227445,0.187280112955766,0.839570963499057,0.124739528143543,0.67454620759494,0.137821208069608,0.699373249491818,0.166380671728311,0.727627364450371,0.15009133026924
1.26883932436473,0.370729914216154,17.9814524427952,4.72353576535704,0.609541362202594,0.450205157837774,1,0.0932151405575314,0.342749140509457,0.530672345992538,0.164339002990777,0.881755529816862,0.171860057171363,0.851441169150946,0.173455313295049,0.710023686565813,0.188644176822346,0.465736354497261,0.215783413320048
1.06881819712135,0.355029605668444,17.0562388779637,4.23098125570828,0.312836969903181,0.435676874671096,1,-0.754101773557738,0.373437999215613,0.737490055548331,0.15906342625802,0.904210530450197,0.128919043509562,0.643278060010402,0.164322459678798,0.523197977167933,0.1860626219946,0.728136526950522,0.213260882219219
1.23773086878195,0.441761004430777,25.2329920246851,6.51845149964452,0.67228938917515,0.338067117280966,1,-0.219068988247765,0.438110474535226,1.11991876871099,0.16166837081633,0.586822071697618,0.154540394845098,1.16307766485118,0.104940545012312,0.762407424843018,0.207425505061544,0.842891113248902,0.235388058291629
0.99675773980713,0.354467891815829,16.7166190621962,4.0296400955407,0.277199693235953,0.376721580082067,1,-0.355853354211784,0.357504321475263,0.866883840141803,0.146329029879651,0.593503765921061,0.172720876583551,0.778324267376272,0.157674913565094,0.900685389665658,0.158687969337936,0.689539635061295,0.159330866544201
0.998504481181139,0.304996227096303,12.3994721952801,3.05328503312079,0.637708662047141,0.361769503970785,1,-0.223595986815607,0.338947017395971,0.568323728198104,0.157634760617579,0.582928256992886,0.152920364534969,0.510691130975695,0.168196926859873,0.310473781035397,0.19801281659765,0.257933652338838,0.21293104982105
1.64553205462319,0.481503537052864,29.5687931563434,8.73524398789846,0.195573884770249,0.422212622376713,1,-0.678891718219439,0.324870798754693,0.956155672781629,0.186613366337924,0.7509497875229,0.150507216156076,0.975514570312563,0.146476740824548,0.47491045191106,0.195352698425382,0.905629173301851,0.201942934263524
1.13188193625203,0.324181352597755,13.0314657345771,3.48682427097405,0.815455988534512,0.122641650332229,1,-0.268382871524225,0.400712093953848,0.976128227628197,0.151370485900725,0.711708916917887,0.16317024204898,0.399492773961648,0.171716158306442,0.735233095385864,0.186195506878789,0.385403945877865,0.224532371550986
1.2025815543259,0.289362694970636,10.2156719772886,2.42675597314501,0.850734488608959,0.0665740896303133,1,0.0139524111105979,0.347825682325509,0.714544940813129,0.122385780050936,0.621950945181531,0.138278833609825,0.637817189863148,0.144200303111366,0.788633724166132,0.153769287402891,0.556699360530808,0.233448917189871
1.26676316331045,0.318178593189755,13.5984596609394,3.05494520718711,0.508730305367147,0.34975319532415,1,-0.199967140881195,0.35988047274886,0.503871700144214,0.174108357812104,0.896518031015671,0.104179648521837,0.725105390619679,0.145175262726415,0.606563912316029,0.150990975449168,0.607603159874761,0.160555602437711
0.815750041303537,0.307265831548473,12.5724098615901,2.95645972137163,0.632509461452605,0.280981194923587,1,0.0234692340189165,0.364514039912985,0.556459197948421,0.175719575889146,0.839339589304524,0.140398812059715,0.555225011272471,0.162492703460602,0.594755516231844,0.150180341728717,0.575324093340462,0.149449988299737
0.997903137630554,0.346791657230578,16.1111786943955,3.8368262825733,0.579434016754757,0.358228229549513,1,0.0509288598563454,0.305022911248522,0.665999417143223,0.124041912472866,0.669348464277692,0.120346706082373,0.631653095540439,0.148186923792086,0.762247698794606,0.205617309952179,0.516682623651567,0.226328287512511
0.966703989862256,0.360450043074699,18.0048802033076,4.78084982039096,0.567514058354481,0.391768849580321,1,0.0693099848715574,0.301249046243993,0.775610643940754,0.136342361930434,0.547351074104152,0.179446636945464,0.780274431479621,0.158127260954714,0.672903477335452,0.164160594675443,0.849965937619435,0.186693938517529
1.45211563409622,0.319595445726137,12.2501985889587,2.87464453872932,0.801980141869501,0.10100865870609,1,0.0202773801953166,0.333266723005192,0.765778917803565,0.149445495828448,0.891555593975347,0.117154449610556,0.71054986611489,0.174045985595785,0.83777333660588,0.170739010513936,0.687242340552655,0.17979354591048
1.35902932773238,0.363766590302757,16.2468945216751,4.05577541309282,0.596656156135285,0.47174501610557,1,0.388936620185386,0.382440333609279,0.737260435506007,0.11989914658336,0.676941185112332,0.149547952220237,0.896505830205699,0.160499356181982,0.759381245391779,0.186508809996395,0.913326539610328,0.172314822041102
1.25237438181731,0.360721068345068,16.9791454908566,4.60068477032991,0.76546811441997,0.158059277225161,1,0.259945135768385,0.331714999630576,0.541354801204589,0.179791056448781,0.726337595831667,0.145224949546803,0.621493650103902,0.172277936416936,0.95310476589018,0.160777567749021,0.993904257492544,0.171306150610864
0.657605119011806,0.342614031428289,15.7689629278371,4.01083499930362,0.458002885415263,0.34092147644146,1,0.000147500724360118,0.328977085191376,0.77225445791713,0.135653798278434,0.781392740599083,0.159675220766692,0.259364536520396,0.222826808353246,0.439649600908055,0.206704609287565,0.727886368021401,0.166225838375615
1.30969498576861,0.40313054564118,21.6601347662478,6.08609149123015,0.892912029606466,0.0547958737865318,1,0.101763310894171,0.458219177542746,0.631964111760241,0.177732756471538,0.846671591016575,0.142788830327429,0.691701140245313,0.202333185736305,0.954792527356365,0.196652666591218,0.610371148954321,0.173858057185426
0.740364939472553,0.316709632892675,14.4095309363459,3.46603798718145,0.272241108383994,0.346580258280263,1,0.00332703723386656,0.314007229809519,0.605326354963137,0.135488151416596,0.530724689695616,0.130539085891809,0.925935104452506,0.132962930787427,0.548410672600874,0.19449930713353,0.609979397817551,0.208328836163272
1.54910593900908,0.32553250021075,13.018068130035,3.47317593040803,0.366909779713368,0.48544496869868,1,-0.38320367666091,0.372041522949256,0.645683278444515,0.16896715441429,0.947615206425654,0.138219393390862,0.690224086954374,0.166068618450321,0.638447954615067,0.176311688780028,0.741086698059194,0.159694670093672
0.765961269589646,0.286371215648425,11.05330460792,2.83272227386425,0.598296471394465,0.456225363115433,1,-0.061102436246876,0.365021692861309,0.684787905433687,0.129964762746251,0.435227641306428,0.161171763956205,0.784227485442886,0.155068301372661,0.884882792533582,0.154808423799932,0.240109343579264,0.224992184866774
1.17708703295623,0.381168117022493,19.6494372121885,5.21436406794897,0.713263244959433,0.200258383346821,1,-0.246560252293443,0.357052950208404,0.932208873322237,0.140569257801363,0.635059655535589,0.180204481282729,0.731352962616513,0.191899673014216,0.89967999421992,0.17557817046968,0.865349625439203,0.181799602045212
0.907266686496712,0.436903866538493,25.7310647605149,7.49005924061511,0.37139777883221,0.579263987196563,1,-0.243368341281295,0.359489595001338,0.777474555533484,0.152582920858819,0.618383106096143,0.168240829708007,0.830929191962586,0.163447952215577,0.741134508097843,0.214710944787381,0.853393359054296,0.223529048427571
1.65596450678249,0.298361175688414,11.1023309259569,2.46411340843565,0.636209458003461,0.259650855699428,1,0.199528578774299,0.383759436858793,0.82273004653403,0.155187823726376,0.54762641317365,0.150751409431514,0.57585819674614,0.140071076697805,0.709611755495368,0.1245793277619,0.464488840377528,0.167120756091848
1.34154880609392,0.346918754989777,14.4543773846596,3.8116575224243,0.440936895028847,0.539752483234327,1,-0.399486587415709,0.410923564674115,0.77219750764144,0.147956141036694,0.67486159009708,0.145672544491341,0.776204375591794,0.17308586698952,0.678737861385476,0.195312440928548,0.399900798973212,0.219561376889208
1.13909415938192,0.299615192611154,12.6544154022226,2.92603926920094,0.595765732170877,0.290469823603844,1,0.452804300370828,0.306573858322419,0.613206034204775,0.13783446920559,0.916494195642148,0.11674804945933,0.705957002714265,0.192680638015815,0.517649117394982,0.159140314541626,0.713348181527753,0.170228770535389
1.32801786629818,0.402671802032183,22.7559249308177,5.32575383074726,0.00998467222335184,0.213645066579701,1,-0.337322979132921,0.355241393630888,0.759066221034202,0.183731726128898,0.675816122116189,0.131032186665456,0.833807481891245,0.140657420543978,0.579735593598205,0.166775854392921,0.668324057660085,0.212357901932632
0.782995360564375,0.452682722136616,28.6209640749614,7.84467989339988,0.365119168138785,0.330757004072896,1,-1.16715748203958,0.446991747936701,0.831992302487331,0.190629305581532,0.982855144578228,0.149104190150567,0.627061827584028,0.163181131387922,0.863838490230772,0.173502026041543,0.998343923865165,0.167382917031028
1.5036804753406,0.340708016772154,14.2905313352466,3.2597887048843,0.423429268694285,0.428009515974623,1,-0.173607848027906,0.349686513038789,0.64634736517248,0.129189459403184,0.813821263771278,0.124372028450056,0.796881401614797,0.143315297169588,0.317939059874451,0.199515757422979,0.676211475618623,0.16021541675317
1.57589714612068,0.322594934243612,12.6569653737905,2.86738609421097,0.674922303358379,0.180622000982582,1,0.00573083027453172,0.3022671346121,0.623875721389313,0.114202464626453,0.612222650352041,0.156268410065217,0.771053383038966,0.13129308505232,0.487130585564016,0.176451053473859,0.761018352159425,0.171117567892206
1.67120911870307,0.407805189474438,23.4161283103217,5.13132113686553,-0.225708495558177,0.203350908736555,1,0.111753528737908,0.293400165656841,1.06203576118797,0.113248501849866,0.98344555087915,0.137207512830066,0.729272217784069,0.167979934246111,1.07201708006969,0.127326039127067,0.823576977814807,0.185427296422198
0.821437300117897,0.318087915156624,13.2587078012746,3.24913488407014,0.436492287584425,0.479314852234539,1,-0.105715333865051,0.339711831284705,0.52462707588905,0.149956651463892,0.780608428589341,0.124449622564483,0.56269587847388,0.17053615022103,0.819239204214411,0.154268298116788,0.637129278461854,0.185068814077236
1.0894795918534,0.331899949728663,14.7015749470907,3.54296110857713,0.831252412087675,0.0904513751750956,1,0.0576953258632545,0.364748433994994,0.870390778655358,0.118148569969246,0.658550593912663,0.134415150088412,0.895095678550878,0.147807358129474,0.894502275874841,0.196318926538089,0.566156340531707,0.21478044166564
0.974820062828535,0.303819214234682,12.6379781922421,2.97739102846438,0.812143640458959,0.11021164569531,1,0.0311654699325765,0.346594586953399,0.763197081041896,0.164242305224034,0.602130461468514,0.151314931795413,0.768259118092778,0.12725196936139,0.56542753852604,0.142238719774263,0.545216833948159,0.212753493538725
0.974495146272765,0.3672276440345,18.1710382898138,4.42014787307774,0.283488573076223,0.264491966293075,1,0.0642994754652105,0.364615415969214,0.768327006254309,0.117723811363181,0.769541932399086,0.170983598227813,0.686941830914195,0.151163676747619,0.829758649237939,0.143912705866613,0.690165083449553,0.183142161429666
1.63448989038159,0.404615197903096,21.1510966279998,5.36635809600806,0.575030681464739,0.379152353459013,1,-0.243574552983326,0.350984521065138,0.837470192674726,0.130585194741493,0.795020194983675,0.180527955880476,0.732038462455106,0.160247534762472,0.881149799438251,0.187188814357957,0.781353780507337,0.2050017455304
1.4511533896422,0.398791443571651,21.8425725144488,5.45981083088118,0.309644686473223,0.349725536275235,1,0.562101349997364,0.319130229462656,0.520006022761693,0.167805562478643,0.777489571462588,0.15754286602647,0.812792346858446,0.173909978012466,0.76086090980835,0.183540871866998,0.812486569288293,0.142585988829092
0.847139887140728,0.32785406295962,14.1835880527287,3.65563578183833,0.6039174135675,0.30912887077881,1,-0.223442532444508,0.310958481512797,0.58556405114721,0.143975647279151,0.492454731907464,0.155725845682759,0.714112917311952,0.152153313148009,0.631477161774537,0.155356739959225,0.443031977323502,0.200762493339387
1.54797379187544,0.344176799591518,14.3879413669933,3.56071092442857,0.388986386890876,0.397013094648093,1,0.190417140296741,0.334585939612298,0.943033193387916,0.121663638312557,0.788395669327111,0.164134985613942,0.775029320721699,0.14909970805534,0.869419177828734,0.16999669370791,0.942246909754418,0.185076373346913
1.17945205907821,0.364802775049747,19.161977707513,5.03106552882517,0.460973092951141,0.273279634450415,1,-0.251820292401736,0.31678384044314,0.682636658498038,0.143415726774209,0.744179266058354,0.162299539482324,0.973064291201218,0.136911299275711,0.665861582941627,0.197753159283581,0.716964498328166,0.203999948186986
1.68289925950994,0.374545691806967,18.941455884026,4.39116689803533,0.305930083553758,0.369646720482723,1,0.0207341942875037,0.323097486981508,0.708298733806055,0.134409560199985,0.780186574585042,0.120052610542401,0.574462567294847,0.155496397063165,0.773161825743817,0.164554464495423,0.909672191108919,0.173304374938478
1.09661006215751,0.302401819774541,12.2963381718784,2.86557897840915,0.452294584014138,0.277834405967416,1,0.0206835009636738,0.317436628073342,0.754110583885807,0.13303671403983,0.554062691391929,0.134669231821765,0.687702258314634,0.146693632041573,0.829048966090281,0.185216516552332,0.517066537238298,0.190135736438529
1.31963661707566,0.3292786841337,13.1501143379246,3.25237106178744,0.720405770771255,0.226230409357679,1,0.0214701250905869,0.369396411300386,0.429658098840186,0.164527114262889,0.695312305358324,0.133080725705985,0.612687422880255,0.163896224603074,0.688019506782826,0.148425434601181,0.703526477907,0.186824418559333
1.31675431178623,0.352809196060783,17.4248273224162,4.38536077153156,0.202838163750738,0.306439493946394,1,0.125072366322283,0.317706171057277,0.712155377270086,0.141252473153299,0.603260946850146,0.151632347558713,0.697232091361948,0.162819222268851,0.893588545175149,0.15195442106884,0.638576532718197,0.184470378784383
1.14769769352983,0.367860353431384,17.6427034343467,4.59206720474305,0.746272629549,0.168407817398849,1,0.119071402275048,0.402434511239803,0.690690878523967,0.173633372069259,0.728701202687447,0.160714174976591,0.887371228163373,0.163936108272981,0.789022980250194,0.168435227924334,0.832048843730985,0.164871366133597
0.813360365410192,0.411136875684587,23.1281002128326,5.50577342172391,0.778846999881338,0.167450071558028,1,-0.479038698809868,0.372616360281275,0.736992931827278,0.139018053523041,0.897938025039774,0.16361275466741,0.680651571335521,0.164814361025971,0.675847920045294,0.210991318224122,0.754658968549559,0.201266710162764
1.58183781684207,0.306664517939492,10.8440234281491,2.52942857876083,0.657082494026144,0.269847019612208,1,0.338126601303964,0.366288581571466,0.280099382129783,0.176846353913324,0.618595585260384,0.131333018690905,0.787226718466736,0.114500832076384,0.695299756026571,0.17798607392842,0.571788210045078,0.168435485809331
1.17591370298298,0.337533558278981,14.3582143372483,3.61526620955441,0.515655946151892,0.517142530582291,1,0.348888969095551,0.387363497452047,0.608118092179072,0.161100995369008,0.73355056049994,0.104590764501302,0.548174014149381,0.189689880013576,0.526472206303446,0.217724115374655,0.757560525952887,0.193512181509545
1.19160685687466,0.402852143535308,22.4430295789348,5.16614435806722,0.555618066420457,0.261100106001886,1,-0.0191521786203803,0.334860336832687,0.733290728960579,0.151848129519776,0.769374358521086,0.15138333781858,0.813611531294686,0.13441565389092,0.881733572317935,0.170248098249792,0.898896517506965,0.149247072852097
1.05125142540099,0.323771438771617,14.3093150214509,3.45554236540368,0.644017612450073,0.310750976380649,1,0.244734442336708,0.35356307467571,0.705489073676357,0.137281313418016,0.717259090010124,0.134579608258922,0.6034371548244,0.174218338342612,0.537451888755679,0.1755848457979,0.676805639233011,0.163279412437818
0.860090227713468,0.319454822613049,13.2903858199071,3.3497922440315,0.773745861445045,0.152270106962295,1,-0.4820071882299,0.376386594047137,0.777746187455702,0.127263951907496,0.666970041816749,0.148903016698412,0.422228813805112,0.159063190173484,0.571581389971446,0.14801362556029,0.590017201939476,0.194375142783831
1.33369464581648,0.279332382198252,9.62650286288616,2.07572926328658,0.686267865655086,0.273351099243894,1,-0.240896495486184,0.351349305041546,0.60887815195864,0.140578158773614,0.684009403975532,0.14986279935088,0.709829045591177,0.135817133643488,0.537852428721559,0.158097241679636,0.736197291479796,0.143415625904671
0.986923277462831,0.335792994603337,15.2614184555537,3.62540074265804,0.444739189341307,0.418675964694688,1,-0.183663090406554,0.289361855071024,0.85844953501808,0.119232744922103,0.599154097689984,0.186525403568117,0.178006548014268,0.191596684613202,0.71515943075017,0.153106679807634,0.675708092077177,0.205884359410076
1.0176704436568,0.312384844587474,12.4132251073686,3.27061271551286,0.534353799866167,0.380029470146789,1,0.818135808369784,0.36817722662824,0.567705782335363,0.136995231523288,0.68920292587857,0.165077927494268,0.372429980850313,0.19258969654658,0.551080045992704,0.176551618841579,0.910949747701599,0.162094627298619
1.7697450755511,0.395711983387502,19.8784973518534,4.35421333100047,0.612310807906048,0.283421651791241,1,-0.0973374080193807,0.353395812752386,0.631590728002574,0.171035089873016,0.848508208538195,0.121853172944131,0.701105953150883,0.145806857236878,0.728291944036069,0.187472702289011,0.553294632175454,0.186675657420214
1.35235624185666,0.387961944302944,20.2012616589262,5.41103512624239,0.82805644156832,0.0946432777948292,1,-0.659641842778772,0.441472632850411,0.987531459381493,0.175332001256002,0.915296444749967,0.154896394880758,0.570538707646273,0.176296235351516,0.849993325450897,0.162832906347878,0.725202699068585,0.184752455050195
1.52277360081418,0.372417810149433,17.054824686527,4.47781341322506,0.675519137303702,0.220784667795451,1,0.0365986147030179,0.413455807849541,0.944185031562762,0.127717041553179,0.930186494968866,0.146547048454104,0.154345736307463,0.199891461003541,0.866829717802726,0.152635967051702,0.967211732445363,0.193760898396981
1.31483799856636,0.323044300009485,14.0946233026938,3.0157686963937,-0.0318774306410637,0.264683613008839,1,0.152676624458532,0.318171358947405,0.737003487585918,0.132378712549224,0.584856992725988,0.140947057099019,0.892419006696303,0.121186360326509,0.697444127695767,0.136767352603686,0.819224643174229,0.182999557109648
0.905536122082569,0.350831547643237,17.7512805916743,4.22798930366317,0.554791108402319,0.281486199812703,1,-0.0120516632606184,0.308278328044147,0.633121788613637,0.164028097441628,0.703461011049855,0.125240163813466,0.68520246408003,0.136512067874956,0.837717068949481,0.143507390683349,0.537458906332948,0.18282878623103
0.94999280574985,0.315101224411479,12.6173485429561,3.2980992494728,0.179129736980996,0.385370769330746,1,0.0655935850634363,0.35907216479224,0.604653337463791,0.167378888996639,0.668979867683151,0.139816852504463,0.732698844339831,0.15644918195318,0.588370353166335,0.16442146534179,0.725086683297087,0.192305918123861
1.02447859195332,0.311605185022538,12.7489988530774,3.45542988150966,0.746393274292689,0.209454581193689,1,-0.0315833850634328,0.37137380182322,0.822344003972138,0.143411758030786,0.490990663033609,0.174488823830421,0.866750760752048,0.15366839874376,0.619136513189491,0.157006047313848,0.654720235895566,0.18721768338668
0.860439992455301,0.441605280956735,25.3793187239146,7.48707599798151,0.308553227128964,0.452041741583575,1,0.310069526272788,0.387356400832125,0.69003242723656,0.185136553131031,0.538332824598351,0.17485979655533,0.971562666846145,0.168820161554466,0.788434987579923,0.166447879717355,0.586339434935395,0.203478277430392
1.51213811984137,0.359351301966035,16.465543676018,4.01616055829546,0.460457623537726,0.44617160081997,1,0.787520778149548,0.345214778258116,0.707104734166191,0.141605384947099,0.706176817309502,0.146053236436781,0.822725055411072,0.15059920653573,0.840048642932365,0.178154516079968,0.783029196117926,0.196546181511314
1.17100358473077,0.368729388318807,18.8383792480178,4.62715265654289,0.167067404622177,0.367970862551428,1,-0.544780901048871,0.35646628026427,0.890184475791833,0.135669675732124,0.750747770718389,0.184145634033761,0.53074012707172,0.189218452830957,0.760416073907815,0.158514594769228,0.367630265382904,0.218487058164811
1.40685693649015,0.313392457463806,12.6577587036886,2.83792301934147,0.717849509561103,0.183687235695223,1,0.624215899399709,0.379574249908908,0.754100794591528,0.17336153311166,0.544833250690786,0.187690016488607,0.609470306377065,0.141757890974975,0.704541480099694,0.144647707548392,0.651353295055661,0.191651374338635
1.37795262381528,0.309038657344864,11.6078722274402,2.51873942518497,0.0650603124737684,0.229047071969873,1,-0.462934608199789,0.304221711322763,0.694397556923342,0.132187359947529,0.541444799306929,0.132171905162172,0.648069171466842,0.13509632044541,0.600843953997549,0.17926670152915,0.65622920034377,0.173921533441958
1.31060348111283,0.347933985567371,16.296657987705,3.8071113601894,0.499116411754254,0.354467377664473,1,0.0855736008682771,0.330091367046265,0.40559085107831,0.160601072459093,0.742668306510559,0.150799985353167,0.64886731403729,0.143869506790443,0.543924862060516,0.157295376258673,0.60928513405633,0.170322807271159
1.32559141670992,0.335173856409358,15.175071378213,3.6101023743078,0.371171848353024,0.324815539851716,1,0.257430596496594,0.397343932468732,0.646394315146067,0.162945643254909,0.347602527662607,0.175415866998359,0.814943898481988,0.127357568987656,0.527768356256437,0.182674872090503,0.555587817348032,0.18295012033441
1.55092803081223,0.379584090889626,19.0342894573024,4.64621573205958,0.0730542924433847,0.278864768913972,1,-0.0354218364693706,0.3844778955809,0.571610941815722,0.181880177196613,0.678112497973656,0.143699598099237,0.774428497378594,0.148378898957628,0.884097219262511,0.142717679117717,0.457908503685412,0.188022207641973
1.31619474888462,0.280214439917495,9.62350800717858,2.27508763160523,0.228189607546999,0.286904488309119,1,-0.043738249684415,0.292586654860624,0.713174089375502,0.137441542298623,0.493513671318322,0.152101285103452,0.690381082428892,0.14295364660913,0.669647032596337,0.152921737261886,0.118306929500216,0.237352591478045
1.3534079339848,0.320016020867014,13.2295361718432,3.51105621257191,0.352358081456732,0.414101917746603,1,0.590528391730142,0.395448378846259,0.541104999327856,0.160986719349196,0.575457205022426,0.168930072242424,0.655912194193748,0.166672796080407,0.783365769841705,0.170058306920589,0.61073558133684,0.191993866215752
1.60258310984305,0.364670023907959,17.5806827079398,4.30135470589319,0.509420512969279,0.402211961157991,1,-0.471930638153184,0.332500771096428,0.643592588970871,0.143554865705106,0.953306106879128,0.142893397782417,0.46421176459297,0.169952972317807,0.8906695636188,0.165867621492258,0.571257296718332,0.151072447810808
1.15405778300136,0.298285062860956,11.6071396723301,2.82954860019569,0.687430472635464,0.202742410317816,1,-0.461234547199344,0.335914506740019,0.827374290179417,0.145836049961346,0.470020442821972,0.176319421445274,0.722256238070189,0.165116418757324,0.610607585455147,0.155014553500979,0.48245875601644,0.158285103058621
1.50684560730692,0.404213747718667,20.4671083751715,5.43820062792379,0.713071519813381,0.224448428485571,1,-0.290008091521502,0.491183220341819,0.909440339776777,0.208177061705836,0.838293274849825,0.12947933253595,0.833971625071648,0.148902321795728,0.700811026379422,0.196639530677769,0.646733479048116,0.196477095637432
0.97928767167168,0.356525980329679,17.6724421694177,4.65655857563693,0.678122876142457,0.236198344723657,1,-0.502174983308735,0.311818017189174,0.909062493131848,0.141618214196116,0.810122951874482,0.136829296745599,0.574907251663742,0.189298551974175,0.973363458152037,0.189337284101188,0.454977075997978,0.253973499781262
1.26258628867089,0.313171078865629,12.8527259913633,3.15770840140418,0.377800677076467,0.46273344053364,1,0.0911714157135567,0.305040745887956,0.638000827267794,0.142426423304033,0.421202963574147,0.164588870575843,0.994483029844924,0.131852875187773,0.635122876958742,0.182267431280984,0.360045653691794,0.200054340946765
0.850245670701439,0.274519721426819,10.62185481057,2.44465333447886,0.544740295906289,0.306182483271459,1,-0.294466863534026,0.288241562335494,0.732611440812484,0.122752646859439,0.574900294302349,0.135243077395397,0.81348695767595,0.12068270107544,0.623182268196619,0.189911491214561,1.07774549511646,0.179885235311121
0.702305685990143,0.40421403026061,21.5236500180997,5.15513123861084,0.547571844924018,0.443465253815881,1,0.10578099744477,0.397878919319894,0.756016150467042,0.183908869669627,0.752901280656038,0.132091068156001,1.07537061114177,0.124088663593613,0.666836066254289,0.194724128177443,0.6263571969969,0.187682382678074
0.155811561724369,0.445382205297157,24.7445379032574,7.66652383198654,0.726499254086763,0.287692446439681,1,-0.159967868821222,0.459415531702261,0.835435342048153,0.163417532428524,0.501223549697952,0.223965550911035,0.759201705305567,0.197408715365739,0.796966107774042,0.208549175994888,0.786123153935698,0.220792696857563
1.20222741438833,0.302744077005189,12.1733557662933,2.82057539348028,0.664069003567474,0.221118379042596,1,0.170286501618415,0.306186872933845,0.491094910994972,0.166471041627479,0.748114595136221,0.110839128627073,0.733437552260851,0.113798126316307,0.575276487816164,0.158634227306265,0.478864051521902,0.214955539214698
1.05607550360554,0.302102162124644,12.5057024238911,2.94086290442046,0.370615664719962,0.321183419660063,1,0.599239998307106,0.269596208578749,0.60973631218859,0.128397387024668,0.607298121887946,0.146477782816173,0.716927999940498,0.157131065530174,0.972644527307158,0.142292570161617,0.469258406267664,0.179907147683745
1.88791017378646,0.415937098239648,21.2263162163084,5.36379198080455,0.669627784603153,0.322431902200119,1,0.0203101778593917,0.344741405194019,0.784242073655226,0.124018146326982,0.780019427062382,0.161484445465861,1.10514687291743,0.135114413494295,0.764843600780325,0.171363908917721,1.12711810924945,0.19247189680814
1.05741894877099,0.315289036240431,13.5104066407459,3.15774207854651,0.627961392787346,0.234854796342432,1,0.0986665375586398,0.315341896275017,0.565308951499496,0.142086112717132,0.753112403271356,0.124044521397397,0.332527842057554,0.164874183090431,0.841601520287003,0.161810746341035,0.535101515193674,0.172612274654059
0.708468777916566,0.375690127931098,18.3894454589853,4.8370931880256,0.19696925953559,0.289329337774005,1,0.0239083803130824,0.326694435123464,0.49221282522731,0.141266934364233,0.72014568452618,0.156067963794248,0.658607902006557,0.198534545123717,0.671466750106527,0.170559761696767,0.675575466870284,0.211195025929313
1.21288592374218,0.354148393629036,16.8606681796326,4.27496485635133,0.808092033047353,0.106972975874707,1,-0.278749510492504,0.374230738361545,0.904301491571958,0.145993656655408,0.685725897256429,0.166404080030457,0.571713997959865,0.161780306675793,0.932185486092522,0.149593708278534,0.737613294525065,0.173238918640347
1.97484609113435,0.402389685329731,18.9289845618028,5.17889267941926,0.495829904047578,0.484919900361681,1,0.765913372809121,0.35489763291095,0.36062014939107,0.233535602445349,0.960691607854956,0.148495994218832,0.659852944559645,0.158776479673083,0.946617148467834,0.164271214119878,0.79676247783636,0.185620911130125
1.58628596805659,0.418748003393363,22.2292849441317,6.24045503634504,0.776039341656709,0.15186572750355,1,0.435779104889691,0.431172581257023,0.799403642396248,0.174799837162594,0.689156718609552,0.173159535866147,0.722510375765349,0.158069267938906,0.60944199272038,0.154816376326954,0.815345420835069,0.178316078706151
0.824305324522991,0.291215591833935,11.2079957366838,2.71762721316569,0.45547410224955,0.424031736147095,1,-0.802603715099345,0.4442261961861,0.860255693721972,0.154357328546178,0.569956759316849,0.144944840282224,0.681063961843769,0.127511349709101,0.456072803382159,0.179749654483694,0.364973551873036,0.228976786925259
1.53513586553437,0.299926382063171,11.0383251809583,2.50391826133731,0.418470849095071,0.387126953392508,1,0.285411494861757,0.31862990301158,0.541535557751232,0.147633419072665,0.551160217107757,0.141239486445072,0.61388445280645,0.137994303260856,0.886131563658364,0.142202041786942,0.603222175605179,0.193692998352098
1.29699034175271,0.368929152264032,16.7620708269098,4.4077416312881,0.805762423864927,0.142294211677117,1,-0.116251672353628,0.400438378201154,0.70594886375291,0.145896014634248,0.844180077962944,0.153876173086662,0.788394728708407,0.148935329390068,0.37959466286395,0.208898066847041,0.0965231306197421,0.272569912626908
0.92480932055596,0.327987690450229,14.5940941355838,3.63068532629466,0.550364307931256,0.470479925444885,1,0.520893046358404,0.347091738221326,0.30352057932116,0.204995804908071,0.553661673055023,0.160714638468182,0.666423558230242,0.147531840703549,0.935287640893345,0.110303697345956,0.880293794865569,0.193963051226108
1.50759083812918,0.429822857047084,23.7482987001317,6.36403104492649,0.181305052190559,0.369762304795409,1,1.04457524280061,0.353467812346525,0.497173281983276,0.160331116260574,0.951955382565243,0.16975863353153,0.935024946803355,0.149811643851251,0.889341885144267,0.173763092508354,0.686971590702216,0.204444524621008
0.989200294318398,0.431352212762047,23.593722846174,6.44395768755498,0.167036771760894,0.435992385289959,1,-0.0262494132218552,0.3402207463567,0.727859622691346,0.168321422297633,0.658163704117166,0.163261694838322,0.988946310794309,0.141154084705527,0.846740998402755,0.216281809931959,0.587697851877736,0.227410405760335
1.30016003253481,0.425809674117397,24.6894381490711,6.49987743437839,0.393786621289879,0.39860034224451,1,0.126642883759755,0.376666219873879,0.835847569769259,0.164007344655207,0.542989862391756,0.182066375093314,0.900429025112429,0.145384095285131,0.643326632216908,0.15345022042651,0.858602746965323,0.169271741544046
1.34412893598971,0.35989072790153,17.0959403989356,4.04751980474209,0.792804166206008,0.116376502370166,1,-0.243163881293299,0.374446249966953,0.714133984574591,0.153901012930986,0.667486890776266,0.139453522502053,0.407045700484563,0.164775049180999,0.864695676830761,0.138473680579079,0.802512781027668,0.15079866952276
1.20038008530729,0.393013868221153,20.7672872933042,5.98549978413151,0.401617404612853,0.482598179163089,1,-0.575273681573385,0.317994426448535,0.839956118912531,0.149231807383683,0.70545167067379,0.147177135813695,0.767955809731096,0.201412590226771,0.838215250972357,0.221037066885512,0.706974977553325,0.181019742824647
1.12581282994796,0.311346154974501,12.3259388630642,3.08067766281546,0.680778796616213,0.228481782628835,1,-0.341804030101034,0.344505854216881,0.706221808023515,0.137407423041735,0.680141112774341,0.149857500783653,0.538483503039658,0.145180699570174,0.568660559494642,0.183725470239447,0.478883300046091,0.194812059229696
1.13619927201524,0.322874972300239,14.2726048968846,3.19094038964531,0.54883177554092,0.320446498716985,1,0.288022329132136,0.266719830200284,0.556635154264248,0.136516700048348,0.35232076204666,0.157585513423622,0.815161181832914,0.140634165938607,0.720721415545355,0.176499121105865,0.92101627137213,0.145662418668867
1.335361913661,0.374167180236085,19.2163591876448,4.86610476499932,0.452365322192637,0.568611293473885,1,-0.303132188380695,0.366069754408352,0.863543375048325,0.153504920222621,0.556364886674889,0.165193074400633,0.527754865468395,0.208581516505783,0.804647057308897,0.178161632609305,1.07427622095237,0.136178940571637
0.352966621664293,0.447068048623042,26.172819907385,7.78488471790603,0.681386103431082,0.214098376937461,1,-0.0705457084466299,0.352148594076746,0.642727924354337,0.166688783253844,0.442474725047159,0.226623829654659,0.336909730967526,0.237004176810255,0.658770492630035,0.185045002054057,0.857201696394686,0.212340809982552
1.81829089133983,0.418552617583003,18.8728808850247,5.15420798703059,0.943256252217871,0.0320921370304964,1,0.560562904181699,0.525400482986717,0.947862232007307,0.137544331768501,0.8117730733059,0.186336564554504,0.780327443509605,0.146085968288567,0.780832286389972,0.22340609155496,0.971270071999144,0.193146139457491
1.72246979187375,0.343286797249897,13.3513477278022,3.18640286887384,-0.0648352549512913,0.186529621049553,1,0.0313073773744295,0.339528115877469,0.718594386789124,0.167519926944106,0.806174128470089,0.138266541004786,0.631821053792684,0.139533475405354,0.777522545825969,0.154886244501685,0.415523898659122,0.208714528083434
0.666628251529982,0.349003809333705,15.663213847187,3.64688931594184,0.721004073627155,0.162167004173108,1,0.248431470508187,0.364766694029677,0.766615043671018,0.125680479229768,0.674293961792104,0.141608513400728,0.755674824534402,0.168819247015412,0.705219217276565,0.136660083628296,0.898661380339304,0.166847313956601
1.16369791278858,0.418497962851923,21.8922224690886,6.46133739447218,0.167083493303987,0.34571657026693,1,-0.226662032342454,0.404784559195109,0.925071889876233,0.144041647731334,0.728409037011922,0.252235499470038,0.658738168167797,0.198440769041024,0.694483372844964,0.190118186956699,0.897626946100445,0.190352239416302
1.00058704764812,0.315705780679533,13.6836233855439,3.42704536709845,0.59913109626595,0.343991013872578,1,-0.428998986256701,0.357883950770739,0.649657140885042,0.152029741673644,0.755781970004109,0.135854731687333,0.601686074084017,0.152186400488849,0.649317684492582,0.162589099910714,0.633402175757528,0.167471246178573
1.12798151595708,0.396709776610603,22.1157143004608,5.34732302424207,0.351611805632645,0.286279683085797,1,0.300219773739106,0.377415422431277,0.940453680800994,0.162020483774407,0.506518757647169,0.200988288296354,0.931451239602963,0.155232915487951,1.06065957712081,0.141458522406975,0.751657891066365,0.168991580077286
0.818780068088091,0.395118908843177,20.5692721639504,6.64753852199636,0.198973459358006,0.474660402087479,1,-0.0101694058052387,0.520591216199003,0.909228495360354,0.216541739216193,0.809220184324166,0.159976240728817,0.874584042666376,0.199239947461451,0.982038726471958,0.1503398821117,0.73120849943406,0.206304932379898
0.569096619756742,0.369850286561356,16.9842950705736,4.42552727473764,0.625504806637998,0.338358516120204,1,-0.349036806476956,0.380609272707997,0.804428230142173,0.133965360914993,0.744303450122532,0.146314573037649,0.511357095092716,0.18316499290992,0.777793636086721,0.207028212652638,0.403097765954143,0.251483717390013
0.765354790640727,0.322184951597323,13.5809213392222,3.03171151852945,0.540582851873567,0.354008890868885,1,-0.413435958973477,0.366391289255612,0.760227529073215,0.106308103198004,0.738005126606374,0.17548070283684,0.619746747869368,0.160022437289343,0.743630975101761,0.162032552958214,0.747658576589657,0.182048445871112
1.11086231362081,0.306146995444834,11.205806438582,2.80762224277446,0.49374215347745,0.473293130283319,1,0.197073685210641,0.372015681987347,0.643357986969856,0.126132176334397,0.648093222684733,0.144916881423403,0.532847512970619,0.162543544778959,0.730379498260987,0.17051931782781,0.481078762320179,0.190529339576426
0.645988259011443,0.360909346056183,18.5147995319189,4.52682454333506,0.511444419886346,0.325296340863981,1,-0.756830773520796,0.319970436846601,0.789286611421318,0.137547857774931,0.683217992147172,0.153212433685847,0.869902838950104,0.152315788968798,0.189962510224458,0.225051868727447,0.939646320282607,0.145839171782783
0.587985669631574,0.328484078961949,14.4353089841238,3.58069229055302,0.362946647989694,0.451602232116466,1,-0.133065978234417,0.320727300828101,0.642513499845407,0.136865910229426,0.690911560577364,0.139382240424877,0.723982655678174,0.161636760261673,0.452772454050966,0.19495279787991,0.743622680569801,0.186676291503926
0.926800252403453,0.320348616204151,14.9704997311791,3.49863008266053,0.596890021230455,0.304084431588925,1,-0.192107500157817,0.305181561230619,0.717195838218982,0.145114227763708,0.728340017025951,0.145699085526901,0.791886912796313,0.148076282418288,0.705336373398498,0.163998350351363,0.557138156493942,0.200508492682045
1.22273225526714,0.354852056330488,16.2830157286522,4.5023956481951,0.0595590261045197,0.299693015910894,1,0.652130923671401,0.326344572247625,0.890549825251233,0.148299387590736,0.733113495243941,0.135669044392521,0.762660530410088,0.169409193581714,0.190465664900236,0.287219904690557,0.970395357635682,0.193995340341357
1.55093727283209,0.394078697834145,19.4370064105976,5.2039124414769,0.367078112142646,0.440152895753938,1,0.0171093548964886,0.379147367829219,1.00477088832516,0.138782628728621,0.66489304426571,0.168025843013021,0.682817799450889,0.180341830452536,0.540477141519757,0.183106426394456,0.851605497531041,0.162490292463922
1.45203100724982,0.334673385756306,14.741607068991,3.65002801852671,0.509369686019415,0.315522449126057,1,-0.566471600306829,0.324566168532064,0.81372349448952,0.124893390583815,0.408577518075407,0.17221596410664,0.521603056286221,0.17622596090024,0.889983138014766,0.156702009319033,0.572974619260957,0.189709309944234
1.01660159388273,0.326303440097102,13.8540409871714,3.51861208674709,0.404534549624826,0.354070647512906,1,-0.161111021242901,0.315848623096258,0.658973166805373,0.129998165778166,0.912215340614035,0.117440766371163,0.424319759400209,0.218748858482035,0.615185318665191,0.188778496769214,0.5926393095975,0.23392136914854
1.17276208150736,0.362509873381956,17.5794761215715,5.21404320526007,0.523912883442417,0.532195728477077,1,0.379782172189569,0.342346732382219,0.715210672793606,0.163701418104216,0.690053536448347,0.162986761624001,0.655466017291605,0.183755276342067,0.804493905737547,0.171608047563876,0.239457510679698,0.263099918812362
1.39512600044358,0.30933966858539,12.6755209506723,3.09868185838855,0.460364807238022,0.33677992018088,1,-0.0608711900391502,0.364819423768979,0.754965063617537,0.159191536390674,0.841924035635643,0.118502472537545,0.514398590987753,0.137375086628924,0.6125910382532,0.177919679310618,0.741017490706012,0.201550823540504
1.25810437803616,0.396192759749455,22.163027500733,6.02354207719601,0.55210018659934,0.397808073463435,1,-0.00760015570289679,0.315176478919643,0.907475000135812,0.16400816261272,0.547929688851781,0.167309875331157,0.897228556613369,0.144144717034077,0.682637980585902,0.183567987353817,1.05168679169539,0.186185522793032
1.62460451996225,0.414847112082838,21.5589826330395,5.82058915507242,0.100657543384446,0.254220732970781,1,-0.139953842210672,0.339025346288948,0.676226398043903,0.14277393836958,0.820574057989271,0.144654307880065,0.768762770328547,0.164059697311819,0.755167740419047,0.175875955757502,0.840537856357584,0.182790699617224
0.786132236919948,0.333137214530932,15.406255091303,3.61138382138404,0.383756916923523,0.291988626844019,1,0.071029595231849,0.313185631749072,0.566572583607513,0.136759213866924,0.640776279445807,0.141957062785604,0.583668631402127,0.148692879743621,0.696384172834107,0.134531891541198,0.688459267084244,0.180590586419571
1.11934472099838,0.32810673966252,13.2483961651622,3.21136424635207,0.116552833893695,0.271653399305298,1,-0.373606463002403,0.315260411299269,0.643902458798534,0.125994606098813,0.672441300787116,0.147483236225382,0.78895440835211,0.131680018944668,0.74257230036427,0.177299570552785,0.77352079766921,0.193378388495561
1.56307101867837,0.324080771823066,13.4881294185139,3.06133758180711,0.286568037228173,0.468237583593916,1,0.175500901398645,0.373949778976306,0.648835300681973,0.155990248936848,0.680744782472875,0.159337953809341,0.754411039002268,0.148129392748256,0.977368329119097,0.129229811815014,1.02234861930555,0.123266229567501
1.28657010166118,0.338779022804176,14.7824622699073,3.88702767799174,0.0212816015727846,0.21970689290697,1,0.240959423857333,0.30097844708889,0.558734049681971,0.132262046796541,0.73263911744294,0.166364983056083,0.73201878667052,0.186170728412846,0.590210579128128,0.191624115980208,0.643861666701821,0.179824949698509
1.65539555259456,0.428548279379815,21.3390398434889,6.07042823526668,0.173018224343449,0.432208113654434,1,0.680674889155616,0.359372534121765,0.517927152033798,0.17839829348795,0.803477582850614,0.151843019143005,0.843035890597307,0.181653296954966,0.583834507501896,0.182592574173831,0.852913002109084,0.194942711672729
1.38456606884697,0.493677727545335,32.3934458034322,8.7444580747637,0.0964860060814606,0.39189709246875,1,0.0681809610239035,0.437818732767326,0.719361238156116,0.146790774708537,0.892267737148073,0.14765048999732,0.567262285893068,0.19489562449967,0.806260972795932,0.196197145567138,0.763720299627667,0.25756471005135
1.6570271599447,0.370180598669265,17.4826768007621,4.32797787542546,-0.0742637030735479,0.267681382634608,1,0.193741606984165,0.333830977246365,0.787559855782632,0.14920126490183,0.724117428689423,0.149789750172527,0.80954399877823,0.149914100771615,0.671898886348744,0.187326876844104,0.914656827671138,0.164996998782917
0.883808340477321,0.48762625159285,31.9554166026445,10.5515851278096,0.826794905766347,0.0969600749138533,1,0.298329963613434,0.449331964610084,0.712420363535774,0.162700057593306,0.831966835811351,0.20134492272303,0.766999905055149,0.255876396661624,0.81206790089756,0.280870893016833,1.19734125864103,0.18112488116719
0.759984278399556,0.364985009418406,16.5246813795569,4.29831579720263,0.710525098586066,0.278050613883007,1,-0.790425363648867,0.415334581180607,0.834919907303988,0.143539770380556,0.71479981607562,0.163112724532141,0.551443887588987,0.205236658458974,0.435068415151988,0.192803351831197,0.415224913302787,0.21374864491852
1.19730006669763,0.351806283971645,16.6719301481451,4.1318183071807,0.377511920614316,0.349293141665444,1,0.426085281411935,0.38304243202576,0.479432278459835,0.169976349785377,0.812693790179938,0.128325774027863,0.624742890677174,0.202177275613176,0.740347490550171,0.14603232005732,0.759624393509068,0.149907488149911
1.20001876703029,0.342068574878447,15.1579813080119,3.69505203974416,0.626446533015457,0.231949577657496,1,0.174787023836627,0.336227057520547,0.342339804247694,0.196541716024265,0.707316712072066,0.141034813627548,0.660038822060817,0.142830466059795,0.488266119208282,0.154660169001857,0.66480468842473,0.148435764400486
1.40209694782781,0.331638464206437,13.3910090932732,3.1161546079661,0.716052505758905,0.203140546562182,1,0.285684091691416,0.389146637356045,0.695737215631887,0.142733661984953,0.841526322074114,0.122556159737258,0.439100505402438,0.149280110333799,0.783418345387032,0.150004676676464,0.947609697287784,0.178123722812089
1.42623768088396,0.357575124132201,16.0994385110241,4.42356171402819,0.698262405851996,0.302973678063767,1,0.470178271597216,0.427945366023005,0.821092735664994,0.187588350460991,0.554345585182293,0.204226882103299,0.988216998204619,0.12243011496619,0.839769187274532,0.157193964607877,0.614449047521927,0.193804984011728
1.96241920898058,0.340914007682058,13.3444439797084,3.26835342283806,0.205873099019138,0.35290953186407,1,0.207630312883911,0.43528350990728,0.6687617563997,0.177737533294669,0.530708277285435,0.146679797158631,0.814799377625897,0.134270573130833,0.729539210421566,0.148639453909844,0.517472349659862,0.198100951386741
1.55692599599312,0.399547195511316,21.8712391110971,5.42826746959178,0.342703949827484,0.379981910675564,1,0.184508156841213,0.325652437009686,0.670709118775699,0.174616393175564,0.750923677965748,0.177803706268757,0.744385078642797,0.153757720220645,0.668849848023127,0.154800142356213,0.945552555208078,0.157529748267441
1.01107563600428,0.328589646219257,14.7286693300377,3.44609458441305,0.0899329939338462,0.240362837444872,1,-0.188832954814316,0.304111108255551,0.913076427970896,0.112974578423836,0.632544473478592,0.148498743341321,0.526381646174286,0.166472763427267,0.891253660446089,0.138360764543882,0.788726622277853,0.194292310603728
1.13824166625392,0.428552806879787,23.4049661855032,6.30550552159121,0.748979213940002,0.236752737909333,1,0.0600234251258224,0.40319736669715,0.789718100212717,0.173635078062932,0.779943249441721,0.142982935340089,0.719499441511265,0.167002630945671,0.53439718615798,0.241474612849838,0.753180014436096,0.203689627821682
1.11179313293914,0.30870508136111,13.0960494459829,3.04691063524838,0.451171889233467,0.2975575845594,1,0.299673068084249,0.271019463294749,0.506658788939615,0.136502104703928,0.580163425056677,0.137280851883624,0.90941594849438,0.124685521488341,0.841461316100376,0.147322703988563,0.50301180476293,0.244947846729216
0.783016481212847,0.403229071796234,22.6589369130457,5.79704059885099,0.530982406564362,0.348318048703324,1,-0.308195826898359,0.344094684713526,0.842303773253637,0.157853583309633,0.701453932978408,0.145585124768371,0.815942380277766,0.154080971919647,0.772772661791745,0.173991718488188,0.78772660075846,0.212239352100989
1.57288871183654,0.353885806882159,16.6513308104129,3.79483787446182,0.223368797966089,0.335478894016825,1,-0.698429872047301,0.377530753114281,0.59307387465546,0.188339623002464,0.825431555693812,0.137046423269582,0.846486807406018,0.125978034217426,0.816736783671482,0.142181936459884,0.712061679169485,0.166662279206989
1.29526563271897,0.3214631280108,12.4079597529218,3.06479118656739,0.669761958561418,0.204508317710308,1,-0.129337836260923,0.314697820728395,0.617705611655265,0.132049833607474,0.605837536006449,0.170541631651271,0.400978541462355,0.147324962954316,0.658318810341314,0.15942536362412,0.611357471385086,0.179243704653904
1.97287853130676,0.369153934888998,17.2124255312592,4.19593361228363,0.664509446202535,0.234903069226902,1,0.451261349592588,0.355784378282425,0.752558907870323,0.156988313325515,0.881462113577987,0.139971119198517,0.623367917943698,0.150255983396616,0.273277290088421,0.230698109971166,0.745955257824879,0.16068503547853
1.16455506190974,0.3823536522265,18.991039823696,5.11847562179524,0.416299271098718,0.494965506083768,1,0.0557130834311037,0.324704759725535,0.577537352323818,0.173995150288798,0.777962942627828,0.149439899180094,0.74166944988969,0.166667807648404,0.56221593778065,0.175963733437331,0.648180858864172,0.159069542723832
0.946445271316799,0.371479913634368,18.9869783377256,4.86178235149888,0.48249142065745,0.323201305025533,1,0.305765781775556,0.318395249005097,0.686261554551395,0.147779269092143,0.675466982657721,0.162049717533141,0.445294675918508,0.186352463083535,0.687226288390803,0.163236867871362,0.677208289769671,0.169584184815884
1.55342885593436,0.382110910435372,17.8241004407278,4.8592620693278,0.194209359342254,0.357820881828963,1,-0.435928780945349,0.376601236786899,0.795693488976843,0.139159398726678,0.802180002504094,0.148413824493535,0.757807164267725,0.170816436836184,0.284973556472879,0.197509078353722,0.845784078947956,0.189303025659847
0.689603838105423,0.439932231899238,25.9742271894078,7.05270863782604,0.655971399949459,0.286083966731803,1,0.142437570413371,0.310377738279016,0.727243061776225,0.137799229817391,0.663465641357208,0.167848486186157,0.853063719571687,0.176477162535907,0.543459582719957,0.216176288814419,0.742203833175847,0.208374319423427
1.38804398922398,0.311479820996409,12.3808498915731,2.89327756460395,0.411954824584583,0.457852339715709,1,-0.145444769740544,0.331208217848986,0.392446041196087,0.158221859175309,0.826613020511901,0.118405648052955,0.899823093657766,0.123759023901258,0.577313621758046,0.170828823140348,0.645754837237963,0.207269851054757
1.08769430550927,0.337685459663282,15.0754684662136,3.32492654335705,0.337925267875308,0.393009575374568,1,-0.494072095629303,0.362779439782834,0.918180519058629,0.141302937723312,0.555974316346977,0.132865278069372,0.494752027865678,0.171574204762865,0.821510071239867,0.131052729771342,0.697597596056964,0.177117564863732
1.1433994859124,0.397522560955082,20.0609029791427,5.18304756886613,0.448218101244701,0.488980855833,1,0.0966620516466551,0.332418901307716,0.832001159707833,0.131940902249312,0.599104883722065,0.192521178799722,0.956131335417839,0.181310178705423,0.558788743817875,0.185244383392364,0.600208545208979,0.179023028592211
1.84755111480248,0.40909916077749,19.5537861492871,5.26902568859721,0.51417777745701,0.322514567864902,1,0.395536071409961,0.364888529149965,0.863759575122198,0.150559475718345,0.497214083798729,0.209511180960168,0.840147192029252,0.169218881017574,0.913948676787196,0.151801597997118,0.578525472962082,0.21982796625984
0.929937206240159,0.443598455053716,26.9676412513484,7.3279700249175,0.73689500782762,0.141890101507623,1,0.128674516225037,0.356154968623866,0.5300654192534,0.17996406829345,0.573885730055734,0.159968989309898,0.796387783634507,0.145962501124471,0.634754909205993,0.18870071258992,1.05518645025412,0.182191757174936
2.15750689103926,0.50210407588938,30.3070406756649,8.71425856873261,0.786928728936083,0.132598764080565,1,-0.451044292744295,0.522747255473862,0.867087046015682,0.206512099059347,0.993608616407843,0.170324810451127,0.878897899289796,0.207845229610257,0.9241054871981,0.209211665394937,1.15652254640321,0.148503957998025
1.06781486419415,0.364249093122365,18.3986542363439,4.8741591071595,0.504657981977045,0.477637879042828,1,-0.335626817117613,0.350387583997075,0.830540896372396,0.122651695937237,0.550611322618806,0.167081992435234,0.720254449152705,0.157258472348636,0.742598358316621,0.236061348800366,0.674861692309201,0.230566132358183
1.09899927483315,0.320230469767236,13.4316658017191,3.11729514851578,0.157292555694071,0.228750021025422,1,-0.0480888753752655,0.31314467680902,0.523830812135595,0.14806846642794,0.597462926962388,0.148157005846713,0.717052462405148,0.134719121313281,0.927043852481873,0.154014263242263,0.465078668184697,0.219367063060964
0.47063355557671,0.369222902756203,17.5833562398096,4.27717995536266,0.70575140507091,0.229372739616519,1,0.198059584615155,0.375029346722479,0.605706848994748,0.157111740403008,0.733030641951329,0.155387102908802,0.72889488915989,0.148871805293942,0.839852461989484,0.15928708445194,0.714835880963324,0.159343402983683
1.53009043030321,0.43106193085864,25.2036103527151,6.89436062362799,0.409209634511126,0.539618714166257,1,-0.169298348289479,0.37450566177607,0.786923338962472,0.1559832764335,0.810416261595456,0.180471583523631,0.858705546446165,0.197481149703771,0.807111679182726,0.196989396152502,0.577554393409646,0.208271327648831
1.15889523710658,0.334939038733535,15.122748623827,3.61942103599809,0.491821012626773,0.383932029466206,1,0.0793085962169173,0.341542027942423,0.838787109701953,0.127440397988622,0.680890648733377,0.162995106209917,0.670167035913354,0.164922893643114,0.879874029350438,0.121163181997203,0.702272115641801,0.168463341271914
1.76524819853663,0.399865558136008,17.766934042593,4.72089785953958,0.261636508848018,0.431410153577528,1,0.340268131962407,0.342897480446015,0.762191253317343,0.149567340059374,0.908625052164622,0.13445863260959,0.782074531262411,0.193261786344668,0.738108546755467,0.205158134582113,0.695799401827978,0.214977840413256
1.0835362227043,0.364128662496858,17.5967667125075,4.72377989003201,0.533695293911533,0.442242225689181,1,-0.520098875926791,0.325385458769577,0.640661911229586,0.141981369500668,0.874177396874555,0.138928860791906,0.445958411470637,0.16696698402628,0.797354108014856,0.192289852471746,0.691661657651826,0.206948789747881
0.857464407265584,0.361404705425601,17.4397267817002,5.18610601196691,0.0960836794758139,0.395424593881531,1,0.173746783229612,0.421166918559614,0.825620221158523,0.168863674401502,0.776788714163893,0.153557251709394,0.5866901541158,0.170952455571828,0.565858867089513,0.200341501479725,0.811941943549959,0.231073741153509
1.21457821952557,0.358479964176657,17.5198858680952,4.05756210453326,0.423141271571549,0.502422089509187,1,0.268105703393364,0.353763243222335,0.712490496218554,0.163230440447259,0.742553418530672,0.156868050115883,0.880807955036859,0.132162305910996,0.807278477360519,0.136826554005268,0.898849338814216,0.161374405206314
0.713703045178789,0.385673153590386,20.1361398398236,5.38603487311263,0.704939263300293,0.196167880645542,1,-0.0101070325700217,0.349568197165493,0.689814999569485,0.142505354943702,0.765567965159231,0.1528395970354,0.622067307391462,0.178232609079286,0.765663222976632,0.180320753781548,0.693369346599089,0.191249149488283
1.00503795447919,0.345281198469541,15.8751683032332,4.22002688282038,0.712567390404088,0.235692539210805,1,-0.0303530260487742,0.335735554385955,0.4353473794649,0.200512713987425,0.677766362882844,0.161022855749226,0.546882094659077,0.161996611762253,0.846590596557465,0.151779281546598,0.42121048929799,0.192942586892061
1.55609409839882,0.323689977773959,12.3197473421003,2.74161002560057,0.852858298971054,0.0871485168567866,1,-0.375946217273822,0.408287704167806,0.85565866052818,0.150621047115839,0.899664161115784,0.141932725643259,0.623557798107186,0.141192637505065,0.808500605133558,0.123120052885952,0.880076090304565,0.155606892643926
0.920233873405935,0.363728936708075,17.6108589592473,4.45770433644231,0.438997601352342,0.37883468633628,1,-0.162973683837601,0.322886156648116,0.805206206393394,0.141280680526771,0.516397916913897,0.156139864265675,0.987154953264822,0.123440235196418,0.770357132059732,0.177116219056388,0.391499148939997,0.254354288534562
1.16033345360204,0.351433127466098,17.3331563771666,4.08934048083909,0.750181215710604,0.107637002838295,1,-0.435877557794489,0.354762979534724,0.811484225789277,0.142596959310898,0.841379362838498,0.162693489508996,0.738553950931414,0.122934727971839,0.774551493005075,0.15085080814707,0.612482043463314,0.195546519187278
1.13800559789154,0.275788265804219,9.89223315390301,2.33112953851372,0.570690073020867,0.305771183673362,1,-0.0691141675197098,0.313209841419849,0.518336984881039,0.133224048583166,0.730175267796407,0.136483401148457,0.538312696852325,0.150283882968747,0.713680045648533,0.1627080975922,0.734865195322885,0.186805436289738
1.06049757981175,0.370042734459565,18.5754156949825,4.32941185297585,0.64319704757013,0.243687462278974,1,-0.602571406750216,0.378736066749447,0.991452454126074,0.116258085239945,0.870972688568073,0.149087576201656,0.919471133297717,0.159606146862308,0.754591596518932,0.156049283477467,0.72202341082932,0.173085834144305
1.3607896505094,0.408921662706122,22.1952516312359,5.25528762660727,0.353800358408836,0.379995284537124,1,0.105898015320422,0.274514165864205,0.625925985843228,0.142585364128032,0.857324388726216,0.16478641000733,0.712857408427607,0.152029001816615,1.04943736637483,0.130179948329904,0.78180730038553,0.183764584249141
1.63771495569467,0.440495229663667,25.0951839494192,7.03737177181289,0.776173730743296,0.13565412392443,1,-0.397835387390125,0.452481455585154,1.06757336875995,0.150011709818196,0.476171961717991,0.272156601143138,1.08229321419449,0.136563413264064,0.714090930694731,0.191862841881542,0.811275420868879,0.179760295032754
2.0902727982429,0.438044450897954,24.1034103784843,5.79155906643209,0.3610771068366,0.323129424740307,1,0.531189415560693,0.362632827368272,0.734153938042357,0.150273158479553,0.621612318161163,0.155504286885495,0.696877794840201,0.179689345892437,0.71109826388334,0.154932538538181,0.835053250665728,0.209775723042841
1.42093832324945,0.352995104712936,14.0986743136404,3.27092212886705,0.72036039186811,0.175567404631407,1,-0.0987780690900491,0.464980836699931,0.599360024938635,0.198293480580171,0.737094696300093,0.153109407436696,0.819042648457136,0.122243556436441,0.819116252779541,0.140494367633211,0.682978218293354,0.165789076624636
2.48318793083475,0.50941392853666,24.1140328334657,7.06187721443724,0.00112821051641467,0.344688634775087,1,0.352706181951764,0.38089415779716,1.0075146007133,0.164671200973252,0.463848225301596,0.168237527692484,1.02992816093927,0.159020008914472,0.761376275656865,0.215922359084311,0.68716050448552,0.253116882020361
1.48266606972116,0.38318360057696,19.6962479039831,4.46072602761961,0.590540498752352,0.235414299107339,1,0.536382754950951,0.375054228152503,0.652472849659597,0.166152765251641,0.902259756933972,0.136899502040853,0.772113087694769,0.16261204207579,0.981463179290379,0.153243729596262,0.927830841912621,0.132716282576723
0.519793536964098,0.331110528032553,14.9213253511864,3.81589225377937,0.634969235845516,0.2677641906577,1,-0.111780156070244,0.358997421415088,0.562141114300268,0.154973567818549,0.79853731291891,0.114889047116524,0.587706560378894,0.195758176856138,0.659143164904445,0.155599562423981,0.738396817237128,0.204677619579269
1.18424337545583,0.328331861535151,14.1946516667901,3.61475286282936,0.79860564705717,0.121343179276504,1,-0.22125612130528,0.371857907300829,0.981213132853201,0.135299159786324,0.653866073405658,0.132529590207724,0.541758921931673,0.172100324187736,0.891611699524586,0.196219464374019,0.918333761543324,0.191127872878693
0.986062845355959,0.325699709477032,14.6393238537092,4.052706567414,0.514979101150363,0.461913776624426,1,-0.362538939450687,0.371410929739345,0.783154076688853,0.159099714554916,0.516062417772906,0.172104925109576,0.587238428219891,0.181233613031967,0.699399329778928,0.174468958389326,0.916945015008844,0.167190285993936
1.11777390265465,0.333506909791873,15.7609477874489,3.43791075955703,0.459646570584627,0.317038647959845,1,0.350231712798369,0.312616719698124,0.474738557429969,0.174296843563961,0.643448607992721,0.162179530827814,0.675159782300226,0.127219154740531,0.508213915425815,0.141381893913861,0.497575797730566,0.177557893987477
0.981386332261224,0.312090281175529,13.035540251574,3.13520557230295,0.541820046152292,0.383221083651726,1,-0.11400272707179,0.297096528789321,0.84181492501858,0.116527434127174,0.911743318150402,0.127099094245605,0.548874512380909,0.183872597415167,0.802741877764562,0.19423805619863,0.633870110706271,0.191094273438452
1.28754875220343,0.358529779627773,15.7588657727881,4.33213851163195,0.253280902267908,0.358923304760214,1,-0.0878655522644584,0.377523186555505,0.464811225340133,0.169806353711462,0.736802483393926,0.162557514828125,0.680515423450249,0.153885122963513,0.484867796126134,0.211353643587124,0.807451407305591,0.155560191570375
1.24308468561905,0.385270711868472,20.1727288974113,4.80142648034642,0.254833519173636,0.265221817771482,1,-0.556183154803798,0.37557009171814,0.900895908219323,0.15431178759482,0.463995150742128,0.175226375221991,0.929334411284049,0.132529126402001,0.698194398786043,0.142053112734678,0.709062414325922,0.165766676568639
1.34185976293375,0.348047944798239,14.9842093305014,3.73485357809182,0.729501778541512,0.223908502102829,1,-0.0386990054955123,0.402946791484924,0.683828905418999,0.170411567923997,0.849654740779412,0.120171856834036,0.676417914915553,0.147642616185871,0.805888859575362,0.168010788473066,0.623856420208864,0.198082936673425
1.40772448696433,0.390180855228923,17.0539275601517,4.51648321275595,0.825891094004671,0.106815247273675,1,0.376899114306459,0.495893832487975,0.610674378167102,0.147631964029461,0.773691772115228,0.161973562733025,0.415284288661933,0.185504221528909,0.638312865839445,0.196705731407515,0.678509372552809,0.187025339458986
1.39366263607676,0.352635576394736,15.7560198956658,3.93069856807583,0.54331889371283,0.395323368935415,1,-0.122981659897488,0.322097670201426,0.718709917660988,0.142471427924237,0.701029517648125,0.140016422287213,0.869705192912955,0.161589391353527,0.635200156496451,0.17093883789347,0.641049452740292,0.173021904025701
0.752599304330503,0.309766276440493,12.6736261653238,3.32294366258213,0.730787030178858,0.200981940203516,1,0.128216730473529,0.352780507410254,0.702473419838692,0.145540024217503,0.454762403166302,0.159812517991329,0.539759051433245,0.211260200102,0.784387277960433,0.162410785372165,0.54808710225328,0.201091805823576
1.61581479379978,0.37425973349839,17.5588274572086,4.8424669608242,0.246981640536343,0.435501847118485,1,-0.0150054111187044,0.356348911289858,0.756778400573234,0.128307487125891,0.402359075590466,0.194139335725539,0.662430472732905,0.188571233014643,0.649179895037947,0.217477882895223,0.906351148164743,0.200135041289826
1.2094999292383,0.306802044283301,11.2541225525399,2.67340883833943,0.713981038571896,0.23224750151787,1,0.118420136160694,0.358781261071438,0.674394996839855,0.13166931831738,0.818549499491577,0.133473278459298,0.51034953272635,0.163785341802678,0.667615223123003,0.163381170429707,0.420602575389835,0.223182113559895
1.08714544988163,0.387323139290419,20.7985348362806,5.51180191333095,0.425375365536475,0.518431182376837,1,0.338552716036533,0.306193999672765,0.80701799899666,0.159939851579117,0.399630980047911,0.19736488745476,0.774121257534123,0.150681444801554,0.671977542019952,0.175217270091375,0.939922232070149,0.163920739210126
1.85637012314084,0.385501509930304,17.339033166613,4.29774685422872,0.402071877164067,0.334472615943682,1,0.0152365962209606,0.331129919702943,0.720322603453403,0.144383860255325,0.942145997500063,0.117076428908884,0.820326005592254,0.160493271181637,0.871717454720792,0.158006046356888,0.804341768543085,0.209047287966532
1.54025054176731,0.406213457147613,20.670790644133,5.00439933088159,0.496205210110392,0.40003527838266,1,-0.67111592318762,0.375634637124193,0.726787053504311,0.16901161475356,0.963032954716683,0.123417813267123,0.645129043716758,0.170614896619265,0.721155026140867,0.165969279941558,0.909437680752274,0.140986719506431
1.01231014526833,0.416608372728134,23.2719072151987,5.5655311287582,0.551215457495082,0.486346625472296,1,0.526924111427528,0.372886740124555,0.875892983353795,0.140309596462824,0.654280206669334,0.193543871505139,0.78586119512286,0.156300345581807,0.756492199599442,0.160444292786576,0.808706296465896,0.161838052962503
1.07519883039417,0.480120074388682,28.4883399376162,9.55135879956372,0.890781638602848,0.0613149150934159,1,-0.16727106882265,0.501080900482289,1.01515633869535,0.186448533379769,0.794930019991881,0.200686279008526,0.934314654190859,0.216671732038471,0.887913395301362,0.209940776065373,0.542208295758185,0.262974530089379
1.42300574976093,0.278875145633849,9.02259200083911,1.99820483017183,0.839219667860215,0.0801222406586356,1,0.104928332022652,0.335259355994225,0.77055143739093,0.116961369291696,0.53829459203136,0.151105456615112,0.787109486529371,0.133370032392833,0.679182189830599,0.151869002205715,0.794039404620428,0.127715019621599
1.18195313978668,0.345365829341116,15.1356958375345,3.81382271914567,0.621223705907907,0.235118444548035,1,0.129497322846988,0.369167887177546,0.701993836755482,0.146277472092702,0.720315993147836,0.142249584161332,0.848448928327241,0.145669251283662,0.417766722289844,0.200871927725585,0.867653262587577,0.174363364111168
0.605756213701226,0.339935010417237,15.6486871108161,3.95409210879539,0.614148177718893,0.371810742910769,1,0.296321852004828,0.38553993634086,0.802144739389643,0.141414003280805,0.909798103735252,0.116427516038724,0.255270803637774,0.235419420179757,0.906355534295131,0.171766840773419,0.661910628481354,0.16763550744532
1.2667853895419,0.344159888431902,14.6296553718392,3.42874084120998,0.0793601530397359,0.331546273345473,1,0.281456232453195,0.346616169859775,0.705748809420356,0.140235794855463,0.608302738557264,0.160827655383825,0.839048463103897,0.133140152338525,0.771705048945173,0.179771268450096,0.867628064191719,0.177937022647606
1.45595875008956,0.414695703109248,20.8599382396571,5.61633326024162,0.25118282366147,0.382571914058188,1,0.718590485596874,0.455746957563273,0.622177181612568,0.154750360308327,0.620147860619083,0.181936095512605,0.988602320260451,0.167842137022099,0.618772627101213,0.196051932092364,0.885406097482067,0.138108953308066
1.64825847604184,0.413866382511765,21.6576174213603,5.49474314819519,0.842308621684356,0.0740118737625407,1,-0.440333793539796,0.464565307575162,0.905072469674582,0.140779130665856,0.825951019607325,0.141573613955601,0.75592969370738,0.174308159314358,0.751072590164851,0.148358106191665,0.632470911111312,0.172941095683475
0.594464364045058,0.330414396950633,13.6180997853312,3.55719590254967,0.587751944109239,0.317632261792993,1,0.289355802160686,0.402018602425436,0.314532381586718,0.215190531669256,0.569152429204749,0.155376092854408,0.52804363379352,0.180836760456937,0.358640528452681,0.181646141392512,0.724290531309616,0.129082047250728
0.484314726604469,0.407713752671035,23.1703537853494,6.03355568936377,0.170608160651943,0.328752861133107,1,-0.469846500753009,0.343741097751473,0.628736102216844,0.138845547174934,0.842245653666711,0.143397184811451,0.921240964869128,0.148781261835823,0.728307018990883,0.181369424280797,0.714834536169676,0.205914526778941
0.973729206834149,0.375719662714303,20.1982891425936,5.00975482423891,0.554906511150263,0.302350328815324,1,-0.0140928849876222,0.326902848331414,0.630146964161848,0.1651754083692,0.884402462658519,0.142147138093908,0.622290557210336,0.16220053324315,0.992941009799913,0.134029968480672,0.795903043724698,0.147086225835261
0.987221576086385,0.318850627934125,12.6092849151216,3.16476854859973,0.712901372194666,0.168984945508368,1,-0.283481049119971,0.337042539699255,0.534158388126132,0.141201653083842,0.582385976725258,0.150845193306307,0.608421183438123,0.184583192796084,0.658677703427485,0.160701188164392,0.651087555672698,0.189983178876748
1.36303854405381,0.339807419581425,15.1602093141841,3.6925421822594,0.664893076228645,0.170263629347921,1,0.132986436384335,0.377586680987487,0.573558303711535,0.166654448743459,0.590110591467307,0.157588889006669,0.853215754188188,0.135688226993562,0.655781200978445,0.145072880465533,0.72917316708409,0.177350420700106
1.37107071521063,0.37596840682954,17.9942065270209,4.48523599787703,0.72256570809431,0.174441536314858,1,0.112189356299919,0.368827804498119,0.738643636823336,0.150241598361931,0.691076618431138,0.157648233740813,0.556500287248984,0.165754463845317,0.484623741208065,0.184262108297533,0.989861241162658,0.179203513292987
1.63916495666415,0.37104774261582,14.7346527286992,3.90131778306099,0.329544806232753,0.45238300743321,1,0.266387301594562,0.407047501232065,0.695370559512329,0.158556395160512,0.783712143994308,0.145859661048916,0.589501251357313,0.169283750004602,0.778158927879069,0.166742829128445,0.662141557127402,0.204601204043288
1.0462412402462,0.40198492500103,22.1862521469088,5.72376073416119,0.691547607917586,0.245106552960515,1,-0.465393683526656,0.375522577459196,1.17868407922884,0.160756859265686,0.436065403766038,0.155585592656676,0.876581303465846,0.137339849448383,0.905474481892896,0.14876708541928,0.846905380379298,0.185230372833972
1.13540651290804,0.378083635482914,18.928101208739,5.18219348337688,0.764291829440599,0.162322535214234,1,-0.182297578869604,0.414751397629923,0.728573346850394,0.134593928674335,0.659272130010238,0.15876842715404,0.80391112004387,0.151523941260312,0.748113274118044,0.169919432678202,0.658462086377682,0.207339869504131
1.63646918240898,0.395401897934504,19.1673398370625,5.38051997250723,0.85661558625238,0.0940446248868066,1,0.771441997849963,0.482917434906364,0.685627358127443,0.206117747411005,0.567944553102704,0.232014290239903,1.12145110697,0.12700045970103,0.577629103108113,0.185705411576425,0.679912555412055,0.148417447708196
1.5882758024661,0.396943721659223,18.893624998934,5.25742650686767,0.810740631976596,0.138022383427582,1,-0.0182294413464653,0.406248236286453,0.713847058667957,0.173833171181335,0.853861694725876,0.1401854078333,0.423426959509579,0.206378973120943,0.850282241014763,0.207409782685879,0.726373030287693,0.170984165702452
1.67326775806012,0.370525598902603,16.8882823016236,4.5264608251322,0.366832081804267,0.472538237599485,1,0.0138433062347829,0.414587231174584,0.852729081814712,0.168285229869601,0.868134022336101,0.130828288927846,0.744493496509283,0.18148164591715,0.562696309638656,0.215560278090017,0.703434594575824,0.197929969041481
1.27302600415095,0.41914332390117,21.5251512859961,5.90056081095471,0.554670070613697,0.480282828970313,1,0.0492362370281731,0.46602249407591,0.642757307467018,0.214926647970131,1.09008612066655,0.129095702007672,0.501491244076877,0.197281478903404,0.571756995288266,0.17558243178517,0.513474428594819,0.21940234732317
1.25951663158996,0.346850664665641,15.9295305063082,3.82857986627369,0.375682333317272,0.359866551675313,1,-0.528469063922055,0.378933775825502,0.806418956598745,0.140782618295205,0.913573397988968,0.163681691542828,0.65871152480124,0.17874987240132,0.414343175860598,0.174953361110836,0.714799652803449,0.148178777820348
1.03910687928433,0.331896574157718,14.5134001215044,3.79905112299694,0.0928753385864376,0.324614092902842,1,-0.219853744839469,0.338346447346902,0.718950087832905,0.149800216943168,0.802945169988334,0.128404550313935,0.809582396762126,0.173022465170374,0.544057276267261,0.208015810385887,0.581001954675877,0.226979172845981
1.01014926578165,0.394291850788531,18.3924969710719,4.57483558553334,0.163248398510024,0.345301732393702,1,0.36964808280714,0.444983838192472,0.504769588280752,0.165000271462868,0.736683832587096,0.146572105923417,0.910421777866851,0.151366048173089,0.72405666952395,0.178579717217923,0.78773218122254,0.194215173476089
1.87301329816078,0.393176649816107,19.6155461853667,4.73523888090246,0.38037218511654,0.442209058368078,1,0.511581381343287,0.378342559775921,0.53534157208906,0.193664654247016,0.748525389468178,0.167539490443483,0.919146184108858,0.124128650996858,0.542633173036713,0.154009910084666,0.93737647904353,0.167649690924213
1.05541934382794,0.31486193039968,14.3096422431164,3.05989400274071,0.467564670799429,0.294380952337979,1,0.601543176833913,0.287167006448392,0.577712330488746,0.119131645382526,0.608937700666823,0.149118901612293,0.747201749962527,0.155719511606968,0.811754992098868,0.131528427947336,0.283633645405249,0.200748575356281
0.562855118340916,0.35812469685506,17.495809816879,4.39934977473507,0.455733803935017,0.424027193543428,1,0.23084773122357,0.316623343563158,0.583372442315618,0.163550357881713,0.729265760227045,0.129812198527948,0.594334532144764,0.165343403835459,0.768710339486998,0.191011261175932,0.630070790234834,0.196914478212457
1.84083998207495,0.456456849511324,27.5692462445103,7.25513566339971,0.793639059079669,0.132655005489833,1,-0.423561682930654,0.393930768134331,0.864241005184887,0.139996206965502,0.838126359804175,0.200243493983051,0.960429405633645,0.157567088402792,0.955466742759148,0.168564277268954,0.779328243474421,0.190118089638754
1.14744722763575,0.394626547593226,19.6767674075886,5.32004311065115,0.710694422976831,0.26282144371692,1,-0.356542804864494,0.410366758387885,0.675984455542211,0.183418657649777,0.932294520486974,0.151675148210195,0.599494851160873,0.178507611386941,0.500004378238685,0.193906646894775,0.792736868602822,0.20780167589684
1.91630904247895,0.34801098488387,13.8509096106956,3.40642427914699,0.80828484343165,0.112732437917911,1,0.425005935275445,0.368321183257897,0.538318769148491,0.162996203065605,1.02963750462591,0.133392161863537,0.654269261794316,0.171760767861598,0.640875008547835,0.16881403458866,0.436044977791831,0.247910484442343
1.36043715347738,0.410411212469441,21.828997379086,5.639993376191,0.723837089539813,0.189303322440561,1,0.558536608596428,0.403266035928937,0.85226432302494,0.161199950173981,0.694489107243904,0.150385177658038,0.741312267122352,0.173823875595513,0.674700724144587,0.196242782235159,0.609095138615641,0.196046737757381
1.35822233723729,0.409524207208755,22.0662501590632,6.2910933508395,0.373250713295424,0.441056863230706,1,0.149622046801575,0.331405320490445,0.996104835178761,0.13402509053171,0.838066299421807,0.175008113813231,0.867727240960079,0.178319050581624,0.877673655013025,0.182166494335445,0.627624646414072,0.251318740573261
1.57015097155725,0.444933598616563,27.0796372267103,7.23655974646999,0.110175804244943,0.333588926621813,1,-0.251378538732554,0.335294718963251,0.848487056907703,0.12571511817039,0.846718417382805,0.198547683051707,0.740936620482363,0.177827042215725,0.872666141131889,0.173711160794397,0.826457989320054,0.176089399818941
1.15716521327501,0.449084274530962,27.3113952896968,7.60487472655232,0.713648150408285,0.314965447301417,1,0.782754007451844,0.394913864072514,0.759897062733155,0.178474910086962,0.568498255446429,0.153083334703417,1.08785074263315,0.130791770150283,0.512875723104369,0.237079517748043,0.954260739111429,0.189452388187314
1.39392001504783,0.39598841377579,20.9724384288743,5.36310959781215,0.413914684011508,0.446338646427275,1,0.253714754777482,0.295574829838704,0.541728068267858,0.163551682396902,0.866239213995007,0.146947831919913,0.643414885487453,0.178319248643439,0.748113569087063,0.16529037325489,0.705957960800745,0.202711917313611
1.17976233946998,0.313275568203018,12.6679858083536,3.05766919759706,0.525147754008533,0.341493087611819,1,-0.551433365104805,0.334512393680548,0.767661284680818,0.132393982657249,0.60988638228544,0.16287837692364,0.614568520448148,0.141269914089243,0.625664616078296,0.137670745844764,0.615597397065621,0.171432034425394
1.51297918384622,0.418170058887512,21.8874528117148,6.2031227081779,0.238260712427006,0.350261485437322,1,-0.0332883714453133,0.315309076997895,0.829290790406551,0.137530067031541,0.569036217006634,0.209434537401202,0.698747983898017,0.219582077932612,0.720846129922278,0.17559634357378,0.801241625672367,0.177531373602932
1.26363194118405,0.425821895037925,24.6072998041376,6.92945758950612,0.546816955081316,0.324473882952509,1,0.390468302663351,0.345816883826622,0.669388913410701,0.155172187619433,0.524654589849225,0.158965650413663,0.912492604818314,0.152261113584007,0.756981335796673,0.171339420378674,0.486455839246962,0.234476858948135
1.40905927152609,0.330344223915065,14.3029420338072,3.11709983637294,0.334391598693877,0.392257755245383,1,-0.142945507985238,0.323444564541604,0.704005250510148,0.130760636237597,0.761463301684286,0.163866252242674,0.724750115540648,0.149978806382748,0.633907624117091,0.140545538653119,0.542347478283408,0.194548803223185
0.740353971690458,0.35195878023556,15.8000809925858,3.8664980240824,0.561947814526974,0.292703620085343,1,0.0885452936445656,0.416120907785869,0.724088750122861,0.137213998695673,0.75553822455549,0.151451693421351,0.399309101187237,0.206885645783694,0.860492216591749,0.189489905800414,0.815076979603635,0.154461740657714
1.58688785082539,0.478650092231015,28.7469175984423,8.82495130796728,-0.0948748531540254,0.341158709076833,1,-0.246881845538532,0.300082916310197,0.622927256528387,0.162345528496789,0.782161264868562,0.198056249029318,1.14162437398165,0.162243347063275,0.842735306965832,0.21075193854537,0.774083716437873,0.241696197655144
0.883323546512702,0.297437970599231,11.3721832900216,3.10949516550597,0.146360640685247,0.470124723197475,1,-0.503719998489061,0.317382447808751,0.584457588336948,0.144012754661933,0.703848577788127,0.140025063545048,0.553330751132758,0.195453327748259,0.342651654190968,0.234512904528708,0.609943574626157,0.170417676949291
1.3991608465084,0.325150083821575,13.6031031581371,3.40825791442475,0.873014605073921,0.045673231341483,1,0.202042225120489,0.369307234348433,0.84114392986586,0.123499860607386,0.654107134094645,0.127180222835945,0.559437404100325,0.176262614232273,0.999812324201069,0.17161195891753,0.676027062601711,0.242537183902554
1.36554963874219,0.338164120913923,14.6291433528871,3.39525811173142,0.835927681270073,0.122344342452485,1,-0.516844344213579,0.376854655210865,0.644256653153435,0.156271907935675,0.602179765332744,0.184410004402042,0.752523463920985,0.136774536900814,0.763404660663302,0.193607036782463,0.774523838332762,0.120644796014555
1.52013445508842,0.383678944452991,19.0492964626766,4.96847183906445,0.629241575764806,0.294420029932825,1,-0.098745119078895,0.377801547220972,0.751640016527109,0.153767563210206,0.779483194772148,0.173153545673593,0.77004318941735,0.144924419521825,0.925713899030482,0.16932358874819,0.712844848508837,0.213787704259697
0.849921815180474,0.342211539304303,16.1092744033094,4.11688796985193,0.661623945034797,0.20562562695383,1,-0.491033171116071,0.355690424925028,0.763730826643033,0.131328088061669,0.60552071018367,0.183625556063923,0.65987862290827,0.177052601485138,0.827954905986803,0.191522298308998,0.879647222220716,0.158378355844456
1.31862816309255,0.302326505157588,12.2625837012936,2.97732144069911,0.655935519733069,0.329077156307698,1,-0.18871183939009,0.32177087755296,0.894314322491641,0.120475836412612,0.204203459662968,0.185847349520366,0.746360783547384,0.132001192640563,0.335887078730912,0.203769795503193,0.733675840620718,0.191360162457621
1.08735483016561,0.329927175097807,13.9132100441626,4.10965737253684,-0.00378713291141792,0.331343993545027,1,0.385466474720439,0.29335934357279,0.607071858810556,0.180991882922947,0.445305397959092,0.18090810871134,0.831904638005964,0.161401119956553,0.558126261160102,0.186310855163861,0.720335875302261,0.167063939007701
1.10974129620213,0.367174542073285,18.779746764032,5.04788347059955,0.332693760597582,0.371434321752391,1,0.279557157878902,0.288177911018461,0.847581940412897,0.13049429266894,0.939425274620503,0.130751168125777,0.517978864737595,0.218230528495382,0.88655895942761,0.202953726032338,0.86043976714169,0.192380719682298
0.70957285321794,0.370119272075806,18.3481954326241,4.30383867882274,0.506421314067976,0.392017931405192,1,-0.169157988837002,0.340083995759394,0.795842029664129,0.157050807300426,0.816981503037591,0.139956439267665,0.616127012055863,0.143997361915738,0.711978221016617,0.157409560287531,0.817739430355532,0.157838703901112
1.37924729491522,0.325003024099686,12.7475022527711,3.068067214956,0.30902748265652,0.378368927950913,1,-0.170707212104987,0.403894752671679,0.775511913738848,0.158923997449353,0.766609218899252,0.130729821361591,0.931636325440034,0.126497725641946,0.876093207490766,0.156332184536508,0.780207746742922,0.181015971158055
1.14455315472925,0.391783389958138,21.8556949121415,5.20122808568233,0.292051163125351,0.370361489691549,1,-0.366496479343743,0.34774391017311,0.925868558374512,0.127669952925667,0.63975164047948,0.173982276712001,0.700831512718778,0.159971638504679,0.892351427768688,0.158191238094793,0.780236723030822,0.171413153483653
1.67339539111329,0.408896523445179,22.0474432597556,5.53352838872805,0.622570290066278,0.428076065958255,1,0.179907759492188,0.379527463694596,0.85660632460991,0.152357497630335,0.907238823342891,0.130831257768769,0.762586348440848,0.167436661861224,0.946106794468057,0.140940719998734,0.706463725814784,0.189261050423774
1.22239541159828,0.411658530386567,22.7212047941508,6.23069512585434,0.236669359367196,0.423037957963083,1,-0.14268523144467,0.362339359313991,0.839341827441802,0.182071023298779,0.991841160050725,0.160986500232807,0.874590781690143,0.178561360432718,0.687987186573325,0.18661111179633,1.05266761010888,0.164315399289374
0.550452455976135,0.360500182243208,17.3653014519763,3.99686423906937,0.494409055922013,0.45257897515256,1,-0.10933172741309,0.325123272541517,0.526270187107983,0.160083110047829,0.638048908917784,0.141339547423604,0.584186948289817,0.149842905519168,0.489821030823401,0.15824629358082,0.863489069041556,0.155383337341873
1.12052413916376,0.338108939297745,15.6603492005725,3.80087289094113,0.4196381632265,0.265602848762606,1,-0.180768183898189,0.33974370667789,0.633503942521508,0.173326823071216,0.892618586914719,0.141317812485733,0.632497157704635,0.140088681715201,0.703838647220227,0.134601721947448,0.764066619357221,0.153359593520657
1.69378878912564,0.359827047558596,15.9278772065546,3.55432965006354,0.827535561206735,0.0964400950861191,1,0.0511417654576153,0.445835697865034,0.861840050802902,0.152345642088305,0.630598318481022,0.153419776884387,0.775421562691694,0.1549840099448,0.85102443512858,0.116702868473328,0.645220791686873,0.159666016032047
1.70890317708886,0.409272026000018,20.0423175863079,5.10755392395386,0.551055114240909,0.300609761718715,1,0.0998443076200777,0.371205249976308,0.621520952902238,0.161545434671057,0.789694276335818,0.140751575916636,0.641446523332747,0.192776817533034,0.844407528932485,0.171621240224983,0.476001241722914,0.206864119926065
1.11367761550735,0.407476886687304,21.6861639213342,6.46393179442626,0.125334301564157,0.437311620596711,1,0.215347581953973,0.347763466000072,0.838833454021165,0.164056619936577,0.761859637375172,0.209829868630654,0.883347721024295,0.169368017825757,0.796078804243659,0.16182815242847,0.883021548769115,0.210157466762137
0.791009231620076,0.281440949296833,10.3572961222914,2.44389576462091,0.796233287745312,0.119087212059732,1,-0.432405734140361,0.352867772202195,0.897775494121041,0.10012944991992,0.763620084536707,0.130809727004517,0.358163025960982,0.2184861538441,0.381462718731004,0.197535232679591,0.659229727332584,0.219318199588707
1.32977697091854,0.260035234955045,8.86419353967555,1.79389180742263,0.41582500697505,0.413230514644842,1,-0.293090691487943,0.280626392108462,0.883204368675027,0.101110545113373,0.606909244254463,0.142774258073066,0.445657538152153,0.165575879218767,0.724567086537236,0.147911762040766,0.628801106256871,0.150903793552296
0.832306788385766,0.379234158130369,18.5060784284107,4.75534718098001,0.535980556357907,0.491253881941023,1,0.398800912448304,0.431521384148207,0.318105662739435,0.190903171448024,0.608696997523932,0.159815065852385,0.609376175174223,0.196282282749794,0.76175314001677,0.167708480922508,0.60846419805143,0.188837338811644
1.20342030255407,0.37672247047941,17.0601270660436,4.49566022081698,0.496491246292808,0.526059288372018,1,-0.132392844342446,0.431669253398424,0.814744291781829,0.139080165880606,0.630960490380669,0.170453952319409,0.556964798654836,0.212084677157181,0.794471897485759,0.164956653652177,0.874747830866816,0.151937730439644
1.53704247387314,0.544815574402353,35.3772470828833,10.7499524705101,0.931387576967913,0.0360977058380879,1,-0.019623975995084,0.530551048069527,0.915241804647226,0.168218893427291,0.858589992211292,0.189138733058328,0.96553295510921,0.181370134688736,0.98380106870893,0.179084891667743,0.707185220833714,0.229527226393686
0.878998037942202,0.282825365787941,10.6598058294236,2.07950433572008,0.502757227536936,0.321781899361563,1,0.0655831539143604,0.310191934187564,0.459420004387149,0.159486278328736,0.513619064641369,0.146906743984475,0.632988514832855,0.142178556991413,0.902666008549839,0.106887599542816,0.505206466238516,0.147814031302985
0.70760198215295,0.352464180088515,16.6526555303076,4.36643908209019,0.382074556105216,0.337100882026125,1,0.0865817459791759,0.36627728963125,0.602511961356027,0.147487589547887,0.719648004471451,0.151798811955906,0.838324749916587,0.163051723497183,0.574120356420452,0.196088638670489,0.706507929023424,0.186735168268117
1.41397338494822,0.370653801179392,17.7930672005498,4.77650663716327,0.235323079177792,0.333858253517796,1,0.152754667597032,0.387326971923986,0.634363102157037,0.175337566566038,0.745777546434884,0.1768424916789,0.780219120698436,0.120665351058826,0.651725466654154,0.188391418584832,0.533004463415901,0.200776470624647
1.72614079110371,0.469327393913809,22.857304986151,6.81738525368774,0.644842472787219,0.301936841977547,1,0.0294689915061504,0.53441895060033,0.874040645755938,0.138285406565046,0.507002018861069,0.22923159474061,0.991804668703616,0.195346598933988,0.612666902874577,0.215525950364547,0.725541425375451,0.230786213383671
1.04695371883088,0.389913418702445,21.0765739341229,5.57058524715733,0.689554596663837,0.164258806263129,1,-0.103402482832812,0.375801470832923,0.830442883556596,0.167975967608866,0.431156477559458,0.151683010540475,1.02313528344867,0.117654398612471,0.734072707524863,0.20380604582334,0.778863869156044,0.211257199548985
1.64626501122417,0.347395777496975,15.680288930461,3.64289889777294,0.171903517899383,0.298473221531579,1,0.489872200791684,0.346732916000629,0.587603216457309,0.154498453104036,0.779639277875414,0.124922630457139,0.79252804365826,0.145952590157105,0.59004971658625,0.167837421324033,0.535484908294539,0.200771736319573
1.17738697424908,0.386172971174731,21.2333707069394,5.03018522560664,0.60108655130116,0.293301280920694,1,-0.552952204357709,0.348945024495585,1.0041617801465,0.143597830231049,0.725433190628491,0.176299921409079,0.727186778843701,0.198071706030673,0.638533496236519,0.168736217007509,0.799719332449129,0.149087106159974
0.327783580203646,0.383771992546152,20.3707180865267,5.30791484567331,0.617585216741099,0.35910823020018,1,-0.131936569692042,0.312891748377429,0.688739021943626,0.171248629023964,0.701741947859976,0.137097983041291,0.641332923251519,0.17446550188223,0.665975232086992,0.194555011116761,0.690952646126511,0.199161816874972
1.70262907712003,0.409365886551525,21.5701222829794,5.5968889212305,0.613102944043384,0.408859103767174,1,-0.171517481655197,0.377876492878758,0.783189475880407,0.137015709620983,0.933334310908396,0.184706342024838,0.734563209477282,0.172168609595522,0.485376436499777,0.187524382627744,0.743792630664561,0.152587495578277
1.36073031741448,0.508523858531523,35.256938569571,10.2384222030976,0.0973232496394213,0.334091239759592,1,0.310176515712199,0.389528613647843,0.811643424210513,0.162476790775493,0.989536338071001,0.177278213790739,0.918671149450141,0.174603959418933,0.984820135319381,0.171149002939602,0.972054454491078,0.189401950238311
0.81840770709913,0.353471710594968,17.0802496979584,4.35444553002529,0.588489231759579,0.380512602826173,1,-0.321777150210395,0.297600184655701,0.734749947486288,0.115995426048269,0.693184730304385,0.129210867370633,0.712015850446514,0.14261039580607,0.611293742096019,0.197009028045773,0.748606053116989,0.228809679290762
1.3385283966465,0.389285790460531,19.4279147598916,4.64794968431479,0.397780652374375,0.484707229318439,1,-0.831223858415213,0.464213358206235,1.04719474036595,0.151093827471019,0.519385581924212,0.159857512131796,0.915026319040123,0.130298997611421,0.727266758873346,0.163384046819276,0.528949561658827,0.186690500509792
1.27422054852393,0.314803536617827,13.057458442222,3.35194593415495,0.207785076764409,0.365715150735339,1,0.120303475515343,0.341610296723804,0.703935567145757,0.165958153468533,0.63662856965388,0.15437366977477,0.906869360133847,0.133027892847828,0.65102694900855,0.182847973304372,0.256116871058652,0.223007317665223
1.77973634539093,0.436228504669609,23.0209040483455,5.85598260413675,0.293494607295817,0.456196552051621,1,0.288624565264019,0.337532249393774,0.643489120260927,0.142019096518941,0.789629267286727,0.151921146131212,0.796803984009538,0.183702394923679,0.591662757761372,0.223800018775493,0.793578189295945,0.215858658196886
1.73858428111,0.371707551411205,18.2778983970706,4.43149485509029,0.0807176881187074,0.273564666072546,1,0.126104925260145,0.274760197105922,0.56347906844645,0.140713414068745,0.656570892038752,0.14051132248086,0.78874272543884,0.154092012295049,0.901794868557334,0.194235692911516,0.690958179058675,0.156378765714106
1.89534603255204,0.37589076961116,16.5797165188983,4.27522510269905,0.434893963031409,0.338318816836214,1,-0.111257379081237,0.276142335431342,0.66514850147269,0.133278234462405,0.949558069983186,0.125413407523994,0.525928786428157,0.192419816750403,0.470231427636543,0.205510692678671,0.822527274127884,0.195869489577422
1.57156858994504,0.347797581063841,15.9482184320086,3.77683714473904,0.617697360103346,0.279160300942187,1,0.260491560597181,0.401281114394661,0.33152105626085,0.225000043867011,0.824916984402067,0.134960294556439,0.719244771192251,0.167293048331732,0.838381965173074,0.140231947046871,0.737795783812458,0.138354752655117
0.756913873860737,0.311782458817727,12.6242845113853,3.01100529559651,0.550473472842408,0.436401030824646,1,0.0029621070093755,0.325644232024563,0.729124081673151,0.126578624582835,0.781398626929478,0.154956955201273,0.600146826541253,0.159816599710603,0.539182569315199,0.187692090020753,0.559069355527665,0.181622036878708
1.55820568793268,0.342118414526066,14.6667668222874,3.63874771810716,0.619810001325057,0.202424053271063,1,0.632245377200069,0.384853084489332,0.54539053779518,0.139844500566456,0.318112504678436,0.187213895701317,0.556948368119504,0.186293289433702,0.598410847496808,0.149747402035298,0.683048133189829,0.137485249966084
1.53969989327384,0.436928795833813,21.8586961389491,6.19484038732635,0.717834747586716,0.241896967204489,1,0.510266109076055,0.451941124552586,0.7565289450666,0.158512001479845,0.743407147863844,0.138999964345513,0.604707802533405,0.213561322890557,0.825923240974971,0.221250145031655,0.954960261670595,0.229106012516607
1.63240241003561,0.363564901226209,17.7515166334694,4.21949526634967,0.769968177066865,0.10205099274068,1,0.597702449200562,0.334443278092106,0.632278617299658,0.161306098647426,0.408006437991656,0.161452388376531,0.91882183204373,0.117203796506981,0.735689363685291,0.152469420001587,0.657336044747402,0.212898748291906
1.13359231560053,0.357727008274746,16.9110545598679,4.09888485343291,0.831613859512107,0.102519724749387,1,0.395664715209907,0.366696710418761,0.601793731292512,0.155559588788158,0.820088101493586,0.14319870339768,0.748256169582198,0.138827688144072,0.85779973842273,0.173692148894518,0.827475358255746,0.18164431917769
1.11366873955938,0.304541115169448,12.2815858190793,2.87949714349434,0.684411748289757,0.213286453318586,1,0.251912619403279,0.305958404242178,0.535380637619535,0.149142681806364,0.737187629209909,0.144373063655619,0.654579565088455,0.129201084642411,0.410306126075283,0.159723993318245,0.793369202813804,0.158325928301773
1.31379660199963,0.382508033435718,19.5477886873544,4.86582000856671,0.51150108642557,0.386264794767877,1,-0.281668485637885,0.329715393887493,0.856723804839035,0.136248137546323,0.882142974363209,0.127185017004737,0.716595039091202,0.124782929020646,0.660042981850308,0.178662634469828,0.787990447189746,0.217319136850574
1.59039012316522,0.462518645337436,29.2648101150316,7.27456172356468,-0.0243968358730373,0.286350309445802,1,-0.0087087060984432,0.371287742425165,0.767090182923411,0.178184018308615,0.857548310623428,0.145457357097296,0.768802085541123,0.207491797801835,0.866109073480474,0.163650172849257,1.11420405877992,0.130038301799928
1.12936124500925,0.322591060075722,14.3407168898273,3.50524346930077,0.937630709914203,0.026697633418445,1,-0.653432367033451,0.495012746659338,0.911422455205212,0.166312990292141,0.916226519754743,0.129875066016806,0.833202046670768,0.141997374568444,0.611835381320369,0.14019634281934,0.609215654208972,0.159923711740008
1.44996771467516,0.300291931734804,11.8152002372819,2.63516547426408,0.460898191434607,0.37217921205041,1,-0.0453575351699213,0.379998891055251,0.711338259206122,0.161917601588779,0.944770470628483,0.139577617461166,0.789783690388261,0.123902572169815,0.537546028076759,0.167715149243814,0.592623772067557,0.191259465509103
1.49310661175563,0.440841304113246,24.3015089327973,6.95136257206476,0.847134520416295,0.0908819842621561,1,-0.249871449405299,0.454009981964355,0.986931715071024,0.13010893225043,0.920006199578709,0.14170015952171,0.955472050048732,0.17844475147784,0.817364602736791,0.21878016760766,0.465853418803201,0.241269860028365
1.2807654813127,0.428769155142755,23.991924325067,7.43953703890164,-0.0558852559210841,0.290577453777878,1,-0.81823117275493,0.411605261354804,1.03151669508276,0.153870914600954,0.698626097545214,0.168144726326613,0.736987019831103,0.178237834716002,0.814415010065058,0.216041484431746,0.732014800503316,0.214323224891253
1.37733574570456,0.397401397293598,20.2082246142937,5.66069758436754,0.505247883859792,0.493380645588266,1,0.386437069229351,0.423935278289762,0.548932735386086,0.192642999188121,0.723450876639494,0.15987051814118,0.680547135773674,0.184930879342327,0.828664260734551,0.157184174205905,0.806390955690453,0.188499950770012
0.643208395825003,0.327956030159007,14.226172446827,3.4672691344535,0.477717019460414,0.364636718127391,1,0.0322237513073953,0.311485926710512,0.733421653817622,0.136770965032731,0.609563618843107,0.160571446346134,0.509845621324935,0.167633501311016,0.842967683396533,0.189512335705637,0.685403373480514,0.233459002996157
1.06341923302229,0.368722685344272,17.8184304805816,4.71114118202604,0.776472931409091,0.177312054323618,1,0.485002910952088,0.430248140955323,0.550977373573475,0.155424833455132,1.02893097119914,0.126848332271958,0.538850020276146,0.166150529600932,0.851546531538875,0.165802481256444,0.789260298545235,0.197602810090701
1.13655457044569,0.32192925622503,13.4200830844855,3.04344746523903,0.740752818975525,0.183170781533671,1,0.175933034084973,0.395220419573242,0.638268013175677,0.176234829813013,0.99318162196564,0.123134431447092,0.586283866897745,0.151624580975048,0.794628767872275,0.13626351845801,0.641783272354388,0.189641242483538
0.823428154632727,0.311039691358791,12.4790977841022,2.89295457258189,0.750592815149635,0.152851886453478,1,-0.160515400108541,0.311882524323171,0.709063953260515,0.11575310794843,0.811363102913018,0.143408339548305,0.556136345157457,0.169154661120625,0.687227174190497,0.157388897101404,0.187661603936868,0.236436141505812
0.736489767253625,0.413095492657657,23.4625635045545,6.75677334435487,-0.102388475396187,0.307809822298,1,0.106947472677863,0.375460315010565,0.73217796264886,0.195302914524479,0.738371916424965,0.179553113199446,0.843712221967431,0.152211982814424,0.853762340150693,0.179933840463892,0.675381542293769,0.167117266764756
1.37823205879464,0.347194606553985,16.2968309666863,4.25129763793174,0.473362292341284,0.405669943879701,1,-0.125797437708377,0.392055858626625,0.643785155753077,0.204566082346107,0.848668862681838,0.160491901866594,0.699671291605062,0.147121396483373,0.636896303452933,0.155362570496326,0.525183166708387,0.184095234108709
1.23629065290685,0.297208897941254,10.5381777656848,2.47498246009275,0.828869923178838,0.123552453885083,1,-0.329944771194886,0.370751698570423,0.99978113561866,0.137404649664382,0.704173264133371,0.164010285406751,0.706478090163116,0.160286083138957,0.487074770811657,0.161147230633391,0.665624165813624,0.128197975388416
0.608521506878963,0.377207622516292,20.2407991643636,5.63551625255902,0.18868607652177,0.293858120341323,1,0.0239308439714089,0.284562342237709,0.621679334554935,0.15690555408669,0.617680936473442,0.147285474654238,0.565434992242389,0.163833898442255,0.733141806003133,0.185420781046555,0.752449889191261,0.18044273172922
0.631857095035005,0.36243491729165,17.6525437763791,4.55446103360514,0.734742705580158,0.168068896484497,1,-0.380947873552425,0.34942654503155,0.584758478425531,0.145586624125949,0.898016737946545,0.111371074296929,0.701971949697419,0.184984273513947,0.526874268900545,0.174755887091775,0.499324297144109,0.218282293876206
0.968459778060361,0.381482219096834,19.1537395859798,4.86790980936727,0.804420967810745,0.116904565865274,1,-0.412672935169079,0.361734937314457,0.832436558555975,0.113181375410803,0.490460895588787,0.176670335909991,0.785507436280673,0.135928894390575,0.502987783754545,0.209724222506866,0.637197541967117,0.231164184060748
1.25767593142122,0.322700146652734,12.9472260434712,3.36117487401356,0.324360686025294,0.416553994045122,1,-0.155792881245816,0.312047096483549,0.588831825089275,0.166220964862214,0.62995908463016,0.161566696968333,0.792843725534588,0.142010588190971,0.564334561141245,0.178058061256273,0.605769994174318,0.190890983721128
1.25379453340766,0.364431038981252,16.8979276539322,4.1208712299736,0.825265772027513,0.0739293503229337,1,0.279987425069155,0.380424029787816,0.959949220302971,0.11948008814168,0.580468390663326,0.176731868699406,0.539544138848795,0.193552564420414,0.935632511559784,0.142340156316067,0.984179863207076,0.173148909599715
0.884608395656899,0.282563533677705,10.6979632519932,2.44878285379445,0.163116288823755,0.29380322584045,1,-0.447442473456358,0.301376948537791,0.643969537349697,0.132928289568702,0.765953095735596,0.127024437603009,0.489270462838839,0.156904190482055,0.710617446502901,0.150002169925964,0.694030218548185,0.177079745675996
1.57472184294424,0.471610981970464,28.5520955020741,8.69934113122251,-0.0611169298013093,0.365533757540733,1,0.0975899906326761,0.342964114895585,0.557046751663749,0.176848643202711,0.779652900341086,0.184918122811711,1.00306503040561,0.168595587016858,0.807248993407408,0.204930738910824,1.03702120470421,0.198461814974507
0.635153580610912,0.36008534222465,17.2300681835988,4.99642225559569,0.200329349295964,0.433198016833252,1,-0.0348691770696421,0.361769836356712,0.780205122600311,0.137691716993137,0.802061941334478,0.172354877190939,1.01729484323591,0.159002972944154,0.860424237404695,0.185115614063289,0.422344596446083,0.290824691245247
1.19875760192771,0.302559998802685,12.6101528677903,3.14356410851385,0.47787800185292,0.379770068091081,1,0.537084949633808,0.332309557767651,0.346326241594772,0.163249270566313,0.546341518564957,0.154437862292306,0.65244064938405,0.136103976105111,0.5034864364396,0.184363664278273,0.729591015763353,0.153106564005889
1.42878434693977,0.356109838269861,16.8275485107264,4.14376917320574,0.747176845623563,0.206183783447221,1,0.741915633458027,0.386941373074791,0.730285629105972,0.133505311302452,0.576627896850463,0.18624399194641,0.637172747864387,0.183768965683308,0.783583937606376,0.126170610335616,0.811519853444457,0.166451514563037
1.24008288459201,0.303133317477943,12.4818695685056,2.80573409349539,0.310396236279545,0.27815487841322,1,-0.293599197144441,0.323753718868136,0.749375041630064,0.122412968140053,0.53470752615459,0.212914173606894,0.513066480433096,0.181231930998067,0.868613753386386,0.144276069255584,0.863193209966819,0.14146852179454
1.29460045648097,0.313601650742069,12.4596807725828,3.26383315851266,0.598260113278836,0.258644394493092,1,-0.034412088909901,0.330178129473509,0.705833320171778,0.14645677065014,0.409770716054046,0.17547724988748,0.75776770706017,0.177718858677137,0.387221496682245,0.215390886064449,0.4601532983038,0.185570579674368
1.65812479091382,0.355456550306411,15.6726288210394,3.51094254213377,0.447344600233742,0.438163016313998,1,0.21092971487233,0.320035728724344,0.79153862927026,0.130682353476304,0.49140365116401,0.166962951175059,0.760041591883709,0.158526274873793,0.575166501019835,0.141382887021523,0.890033942120919,0.156316098753433
1.34579137145767,0.410631627176332,20.116048362444,5.38223024416937,0.825480523072658,0.12097340846009,1,0.0706956363277312,0.457296872426006,0.913498197337189,0.165466438947387,0.745066760966579,0.161704775121817,0.842038745306637,0.156756952971038,0.912632434694136,0.162505250081174,0.716386263967003,0.198176760883702
1.12549195005219,0.318400718644691,13.8328617018898,3.0501092267398,0.52434492689106,0.354985935666236,1,0.00894390207927395,0.341748823713868,0.548886185506708,0.154900399759698,0.745230447727162,0.15293250064988,0.731266537777104,0.149513656843573,0.715087437990847,0.1429565999077,0.383511866796379,0.195969144960384
1.06731732221888,0.336311957597384,15.1204891307819,3.77156024218095,0.31655355004142,0.48732171916454,1,0.149710664619246,0.32814976304684,0.695739179542864,0.151653908434201,1.04372738535807,0.154417230622876,0.604100772934037,0.153310396047063,0.99758890639163,0.134535566666432,0.610269709889181,0.215108008555762
0.744961099586192,0.357500326117742,16.0631203799083,3.9486375334582,0.72197611551057,0.230056397528962,1,0.0011152261994956,0.41174314126526,0.75039063281742,0.136894743738667,0.703030149961974,0.148460729192737,0.713727571759372,0.189672836639427,0.680960500586101,0.172981991668734,0.795441999402412,0.185909317711412
1.38065258863807,0.340537455740322,15.4503017882331,3.88204604730254,0.417610360568567,0.341394949578858,1,0.19213764762194,0.335459883170188,0.757496535058914,0.130226633890494,0.561773157190748,0.149785366938798,0.918619227580968,0.158930949827037,0.35177966290892,0.237464711955639,0.911801867412481,0.162395097548547
1.30962542052371,0.385656910318767,19.8417148839486,5.24111399499805,0.736762098947836,0.200011612272126,1,-0.43286388751198,0.514747014683994,0.71217893766555,0.239012468979317,0.839987438832214,0.153926631989008,0.859286973438341,0.121866971371501,0.657325521533379,0.195195347144333,0.924226318725158,0.172992983069578
0.752635677784319,0.292334768540172,11.4207668375013,2.57440475359548,0.38762781747241,0.292162230760302,1,-0.178532286675298,0.30651399079437,0.504084417277143,0.12062640510374,0.691481839584182,0.117239622196538,0.511242775028692,0.154692744559983,0.724350612795187,0.171284204399515,0.460604511322075,0.223034591537823
0.844558360769677,0.303878212263161,12.3873706767696,2.82075653183543,0.610486809518509,0.307911277896256,1,0.16408915362595,0.328161755724933,0.582098949323912,0.142142038422608,0.70778547144034,0.142244486743163,0.863570630514014,0.140258872574324,0.675908208237075,0.153517086917192,0.596276504536872,0.181007076660694
0.996545368087957,0.404394224655239,23.2360984510225,6.00263132120254,0.060658060535109,0.264545847059121,1,-0.0379365944832429,0.312865100866408,0.774523244499121,0.152982462336411,0.851800061617734,0.129758632903478,0.826458311335515,0.165608917513679,0.673837834219717,0.181717672490295,0.383767085982151,0.260657560192067
1.47645419853322,0.394839436221203,19.4331989249424,5.09676520241948,0.406439132447343,0.40873770035124,1,0.36819844897357,0.402678829602671,0.783024421946631,0.149806971488654,0.696482494849759,0.177421597192262,0.698292965977972,0.149515221860083,0.951402465390968,0.174076356315456,0.642281238237145,0.182198328441012
1.18292474544454,0.425976418878063,22.0866222325384,6.82794534272471,0.512877070654128,0.518469395056295,1,-0.0772225063683575,0.47508505258277,0.468904869217616,0.198209876937092,0.445805987066773,0.173649573861634,0.539396902921969,0.172418326092897,0.305355529203257,0.265805608943539,0.818335527612974,0.227616725934846
1.04391527297998,0.421304445460389,22.402768164408,6.38640529777495,0.798523823870444,0.13252653770668,1,-0.0477502161038302,0.459438349720736,0.686257881351875,0.164510099039202,0.893249843102932,0.174989500791532,0.693887411591554,0.175317806114956,0.717949597735437,0.19849726158462,0.68746634821628,0.256143099205514
1.07442534056101,0.330361461354904,14.3354407184436,3.60577242099919,0.656886549029506,0.268674796140659,1,0.114870115359307,0.342275419698971,0.593346686399808,0.157239579682095,0.932795883762159,0.11051860400003,0.662927608096667,0.162919127247063,0.794615795532639,0.180460959931396,0.604384132355349,0.22671909868194
0.944834769347603,0.351630481036445,17.0925465022501,4.10123434867041,0.51149632236697,0.382776680428093,1,-0.338913723568443,0.3693746005692,0.706894282047994,0.151223091185879,0.686844195968518,0.130151051352575,0.553890914372556,0.189569476268535,0.44881247848494,0.18663007404277,0.855167976927764,0.147187061568582
0.918579819131344,0.358135889218383,15.6078569582864,4.2117583592772,0.892441465782765,0.0751519606605908,1,0.754000628510817,0.473021217533043,0.679535539005507,0.153133530042826,0.81765511924217,0.136819843051063,0.618147055157142,0.184695614558261,0.545766763438946,0.220401017657799,0.811126978340904,0.223798262235511
1.34208602635756,0.352656361891962,15.6563680995415,3.95335783733333,0.205329212201047,0.358316139760147,1,-0.0669091923290734,0.306252771208149,0.835399953335947,0.13573474297319,0.720237252520054,0.168640603100751,0.73404845557948,0.173907635174644,0.827509371877876,0.161683130747825,0.521559138131936,0.189507742838235
0.822264523975727,0.469234339919515,29.5244367819906,8.270229350461,0.616329345004199,0.36274707578726,1,-0.152011240470595,0.334037255822585,0.54825838449681,0.167884800333005,0.984909583960441,0.179271763030019,0.783635578592548,0.215731831721097,0.439554093322193,0.254507035869615,0.904567536564767,0.182518576645532
1.10053748048783,0.384586988331803,19.3024464780742,4.84446212305278,0.822268649050415,0.122643046068386,1,-0.490075948883802,0.418627108378561,0.896160879868697,0.130415405203894,0.771873398659682,0.169097437212188,0.847007422068324,0.156847975782495,0.534816139010908,0.211230211425928,0.758901105387523,0.153088384801719
1.68345239111742,0.508939925957616,30.9075174084151,9.65860446693342,0.331102798085547,0.54676645031668,1,-0.118737538362272,0.409421940588676,0.976505245751089,0.161365016356619,0.720084544956592,0.161324076746516,0.784489484174621,0.234994140604447,0.921766735045904,0.212367031343266,0.830332679003242,0.236266745228797
1.71039182713772,0.369038892662242,16.7577227775968,4.07268443944302,0.339223967202553,0.50064339910533,1,0.357226482615131,0.346409789088981,0.595423729266029,0.155610156386355,0.766158452313666,0.137148031401522,0.862106286308835,0.155067208880498,0.726694587146614,0.156802541341545,0.765021180862445,0.169153947149732
1.77700638887228,0.330907434834866,12.0856313316499,3.04336285870413,0.567142735143541,0.335522990428244,1,0.37052317353517,0.323004058181299,0.722332859543933,0.125760309999503,0.645263502182222,0.169364203710897,0.513611762593106,0.197516276811263,0.682777942013918,0.192593730027835,0.7088153681964,0.169209166231211
1.1390950989246,0.326366015624956,14.5241887627875,3.72326723688563,0.217155112756577,0.385850503915395,1,0.0759256770041552,0.330862312798624,0.627968711306396,0.163339541439963,0.669262542117389,0.143483474803705,0.900652038519,0.146160884602386,0.611079172619751,0.180339546798267,0.710480377090678,0.172817725641853
1.265015951722,0.324471699241158,14.0963214361457,3.58396803580609,0.292898015184282,0.286369225709393,1,0.472848275078376,0.34514906376236,0.59550407352302,0.161869404701382,0.662449718506162,0.154812170783874,0.935035557309656,0.134502309557489,0.861348557397614,0.141523909118866,0.827767275052061,0.1862416752082
0.966723627544172,0.371275740302058,18.3506467136582,4.65266104272056,0.131275857084888,0.282386960558717,1,-0.214207490746934,0.300116820360308,0.879418458593743,0.127744013774968,0.697271354488024,0.145692645190771,0.997659870822193,0.153819637822378,0.327919146954344,0.251096827087512,0.763679512603851,0.210168938289509
1.25223397561122,0.370110149109982,17.8386050551435,4.25229647662188,0.333228726512557,0.326693982855503,1,-0.424013812455345,0.297356008593659,0.819163781965155,0.125910924432164,0.859147575149855,0.165604948516428,0.749898080711402,0.12618979391485,0.880730170852229,0.148333598781217,0.981908832913115,0.184436403910467
1.22231792240921,0.396743900164505,20.3339113999539,4.85409683152146,0.645832738002601,0.212628570410102,1,-0.166941624674788,0.449071265824775,0.760154368914254,0.145873726806698,0.796363221123646,0.14550351356713,0.754206417520716,0.139757158529179,0.813411137092405,0.148017862129115,0.573967571926841,0.226831857318751
1.64086829891661,0.386719477039901,18.8163342449163,4.56092008035399,0.13180767925117,0.313844789150075,1,0.246220514802255,0.310939905108728,0.832045221850937,0.147815796255034,0.659148037380385,0.149756728098303,0.712682346247874,0.173277178853885,0.919078118441721,0.181548385884913,0.711167483625407,0.160174921684038
1.41658932023907,0.364305230330021,17.8423408000056,4.24549201190168,0.684345939066012,0.245638884218128,1,0.452595744784833,0.352136432580816,0.786056628774052,0.157157470713957,0.644850914654803,0.141870867459715,0.962431497824464,0.11857482464273,0.913258419461284,0.158898096806109,0.688501721953974,0.227798992041219
1.27449683261248,0.329173756504392,13.6274243543505,3.0996057838444,0.782898356363324,0.153080486257378,1,0.153746276365177,0.377158122106156,0.677016349883739,0.137314783948253,0.504588140541544,0.15584296147529,0.632694830410757,0.15781142309333,0.731621770455793,0.134187270820163,0.625373088233791,0.184632249585956
1.05791958231048,0.285272029783141,10.1480691191269,2.21082967897812,0.831931166762315,0.0737714423286247,1,-0.0764547850691236,0.361382711929825,0.822476164272346,0.123635968889552,0.636349527860179,0.131175539101506,0.607837055697728,0.143068813128516,0.429834927679912,0.158248742864356,0.596401246269045,0.140409880110012
0.374382743309873,0.339561101930753,15.044813097193,3.43714978826538,0.649228310041163,0.260190562079969,1,-0.377771728535509,0.383153228931208,0.841842206767909,0.13604675473599,0.614040240960134,0.146770280546173,0.527155266844121,0.152377411114951,0.622061862356643,0.15655533393138,0.679659369027416,0.175733712449879
1.84157797198252,0.467584838201325,28.7959336966425,6.82187640421463,0.814362993956331,0.115233689523668,1,0.582470246825818,0.377244243584675,0.864017693715895,0.148969339068146,0.888715302614503,0.138768389482864,0.768352533095561,0.164315167530729,1.13848302135556,0.137336670933028,0.987590360962887,0.162799731042251
0.694269277552095,0.320089717962133,13.8203821596146,3.37257998237848,0.253086148018765,0.312031158453807,1,-0.154211512851567,0.376443932083693,0.496919673056287,0.175871253105153,0.583086886758729,0.162386216739778,0.66868599317762,0.125906269223271,0.495192669267363,0.176236856071147,0.842417121401056,0.153081116533648
0.928541348749478,0.457066999395669,28.4417102083792,8.0768075922775,0.680814492418079,0.301938339192018,1,0.595081703066695,0.365764213150702,0.731911937269379,0.161514019795392,0.5225325082041,0.165475760668606,0.971843927204384,0.154427373388479,0.882386012438937,0.187102359887678,0.968580336301798,0.172761391563917
1.23030073207823,0.372615931369518,18.5578153249578,4.42427799009759,-0.0322503724881396,0.282605862701172,1,-0.155121289376506,0.358980352214806,0.945293260929098,0.137742054577728,0.700548797860109,0.16941075116404,0.778494232497961,0.145524172538582,0.860853500134045,0.155482419305996,1.07825006111673,0.167192688013208
1.47755866041047,0.416855635312891,23.4929607321956,5.56464572908133,0.361497067209598,0.366897391359848,1,0.173199436422577,0.307201452965716,0.705230323842897,0.141123878706497,0.657165181475038,0.159106341333891,0.856274944642021,0.164741573637859,0.915432259790687,0.144241871104885,1.05411272937852,0.155954213771585
1.24792994565909,0.341236210989298,15.976151849032,3.5382093498887,0.665081185521792,0.250695284997532,1,-0.260780178369842,0.335879520553005,0.812570790892544,0.148104499285382,0.565163506175135,0.129832427940346,0.876905688519234,0.143222356217829,0.770403739462419,0.150145540605563,0.697478137908041,0.161550844976329
1.20173397169092,0.30600771404878,11.9036905990757,2.76606746736937,0.467194220399061,0.362131063789331,1,-0.32772158890612,0.374057599531955,0.576140546626703,0.143455034021899,0.659809284718491,0.140528845643129,0.723044758181664,0.151760610543581,0.730387331518288,0.173492088858267,0.710393079607975,0.15894829658674
1.16267767243585,0.382281583806072,18.5825061534188,5.16282167081951,0.737366161107147,0.190562333776693,1,0.166241744102654,0.40504207589054,0.897364357173409,0.148553343002274,0.731882813836447,0.163058743594876,0.914935489134935,0.163020186297777,1.04073657580629,0.167852269981155,0.772508094664734,0.20967882464214
1.09598628366736,0.391803035298228,21.6759317499504,5.68971003579151,-0.265468176805343,0.183536974223367,1,-0.216214180288633,0.276328453123522,0.966057828235304,0.14071177256389,0.965506185882909,0.14327879217363,0.79572742069376,0.176306672561946,0.773905279706432,0.166638173001017,0.880541094598678,0.189884747297283
1.24250691274801,0.346297817122629,16.4694690045114,4.64300018496589,0.648845147573864,0.209638320853292,1,0.0188154882128973,0.34236577614094,0.978461771085432,0.126024245754049,0.489893572350298,0.195530799176634,0.435623073449168,0.171435056029007,0.844784642426195,0.196630989083748,0.742280926280204,0.210475963640797
1.49356123477577,0.320129768168243,13.0155610395475,3.06474877302994,0.612798902794372,0.155556464039646,1,-0.268343288996651,0.340030138623793,0.872710344015528,0.127952637924355,0.668473155926146,0.131899356399321,0.881546092929798,0.168786710685703,0.433642494829595,0.194917349664435,0.626205645821777,0.186457180078203
0.722373310690699,0.298888446066401,12.4492358240189,3.02699321847551,0.375971869790009,0.321093790616271,1,-0.646343269957638,0.396781420181354,0.784212037274025,0.140548379338782,0.630550829425738,0.147065619118486,0.491240902235245,0.169423195460358,0.754293105127108,0.14621687572074,0.657212422152141,0.172504834046891
1.44140706106584,0.344544712031144,15.2541371075186,4.10860157109233,0.739787845959774,0.173846350780406,1,0.365588501352708,0.342214727637409,0.714157676419951,0.151365662465379,0.761956845917126,0.181358838770694,0.680280782921959,0.167898502614125,0.745783116285695,0.17612676204156,0.604748174401086,0.156390327508528
1.08208569841645,0.32067761732854,14.9460764918586,3.55248688816904,0.626998530059652,0.200631766476898,1,-0.252585570787357,0.308389496475894,0.832329070986841,0.140634337613391,0.575117872077972,0.147658224618417,0.713441356583411,0.13229652780425,0.853969174878386,0.136492540705707,0.823477331767137,0.156803933465396
1.56246154364028,0.425762412166507,22.3952749722172,5.48462501558422,0.778688925133288,0.1382424836152,1,-0.442166728522046,0.471442499974406,0.910407459466365,0.18307580927214,0.809154247119877,0.125663936514674,0.903970350447012,0.148808014894889,0.594847716635891,0.186052736799543,0.655432863965,0.195465407362625
1.67743233375588,0.440043843797994,25.1486775497654,7.02337633853895,0.603640045874814,0.368488850648574,1,-0.110591766580982,0.361371446367737,0.921194570804718,0.156538614758736,0.886169986843973,0.167833389595155,0.537352666692837,0.208554627955666,0.637223425699367,0.176788101324114,0.642133500686435,0.204198982039543
1.47026162139904,0.395401698948418,20.1009108415242,4.83138920917693,0.428011370526102,0.434974545349005,1,0.628909875559327,0.446280687144896,0.476608692203483,0.171446967812245,0.77541878011874,0.138920242576439,0.828589537913691,0.157423691812998,0.729374785618385,0.17439937643826,0.870911857807186,0.169015385254121
1.55673917010156,0.359800868804659,16.9315625400191,4.19054500422747,0.295564457453484,0.381249319792186,1,0.398532838596209,0.288943235996146,0.501772649531588,0.146821114797176,0.876600745991889,0.13478663316515,0.553911978120406,0.167220264858259,0.900722469917694,0.156625412409688,0.515366961841583,0.215517573168085
1.19871223979496,0.351800576208492,16.9168791317699,3.88558010179786,0.0994363598390363,0.312520394801918,1,-0.286367039292805,0.300413597708289,0.559382659579577,0.153871157511016,0.789985951735622,0.12210682518201,0.773578341600967,0.130644121935333,0.820235096593179,0.153787926159974,0.717564970427259,0.199998461905263
1.85541848992101,0.351807565927254,14.7008906649748,3.7245611357801,0.799528339412213,0.138437096794764,1,-0.0840258878171356,0.359791452455341,0.592725504791725,0.163207841542389,0.551305641291502,0.152284997209632,0.908151313151956,0.129740781126696,0.751629716037948,0.162749166498903,0.643224247963576,0.205037105142321
1.1099330208257,0.326614296363152,14.8878062288494,3.20225812758083,0.565507514707444,0.307366953547394,1,-0.521840615862377,0.312896690232427,0.620943802629401,0.142588112372602,0.853581435021461,0.113116633893421,0.592492249030093,0.179638840730142,0.770966625689899,0.146062728648823,0.712953413897422,0.165686177282337
0.970227320192897,0.332487209487714,13.9567179818184,3.33434385289334,0.532055706189108,0.325548892614703,1,-0.0891935152077012,0.37532805607162,0.872586114659645,0.151683880836419,0.807664357785518,0.156785392400653,0.728001282460072,0.140558902149906,0.788634069046508,0.149199918057172,0.768592988112831,0.178319307910278
1.24537182643054,0.2934837858672,11.4618776515961,2.42730118301819,0.523641410868393,0.351120961941922,1,-0.0263878892406213,0.293737868748304,0.494592583908753,0.13909939973228,0.615039272779393,0.128598148784419,0.712462249265321,0.129464536649597,0.845459537292013,0.156412751884761,0.399827023780634,0.205170477109798
1.27019749641836,0.384955607043437,20.1201762704485,4.69031674957087,0.632201032944282,0.232017913324718,1,0.169652264400795,0.37157521706522,0.80362725260861,0.15027120279801,0.750178369827224,0.110293537090851,0.545525524823911,0.193811639438332,1.05582843749057,0.159858467755645,0.819958327847383,0.172637000140279
1.3256372155777,0.306577876405884,12.2298727393224,2.84152599410843,0.445015950723147,0.457955571738443,1,-0.080128348033494,0.301590194894265,0.609714367365999,0.145349612778951,0.455867832590842,0.163084595122413,0.662174278361131,0.140167440843882,0.606847367160633,0.164889004428132,0.33192984161922,0.20247928295804
1.20345118554018,0.360964797397855,17.7536133991752,4.33925098688418,0.433663343062761,0.351678035981041,1,-0.6556167074023,0.327762133637564,0.836718200880012,0.124239080995527,0.877381398438708,0.146872494445194,0.708405536104048,0.179599606751731,0.658148311057734,0.170367307875939,0.906702958432931,0.156804257537395
1.10363873715762,0.389302066125132,20.1209496239883,4.61325297367751,0.187060790512134,0.245687811984052,1,0.357597336522106,0.356462186464941,0.628879531706159,0.162403087910317,0.620253719298792,0.174546466745408,0.836729020551337,0.127428956444633,0.894921214470654,0.122745410258663,0.655590501689263,0.18244044671322
0.990207080392155,0.34714967631356,16.663636157019,3.98550799102958,-0.0615671281258164,0.256675613944566,1,-0.0586213651066203,0.263528971986333,0.602237760766966,0.136932538481012,0.588514331659984,0.159763478500955,0.83896116077626,0.143947500784671,0.64991769003369,0.174621583358154,0.814290397537781,0.168618557298194
1.2312163912128,0.329762487850085,15.2817550671014,3.75973340625433,0.44262344099619,0.476353796321667,1,-0.280102873511288,0.335748868314099,0.64117235760121,0.163448916047363,0.764478023250472,0.146973279190252,0.70791769750209,0.150365605192942,0.812298388088742,0.15351587696937,0.638587075562949,0.186616746617878
1.00337418455159,0.416446812618113,24.4875134917226,6.51303973623388,0.841238531788055,0.0853886454188623,1,-0.800938089107612,0.472036489843928,1.07385513336893,0.129647100455512,1.07872315728829,0.117261268321128,0.800317943897018,0.183670302608065,0.867338547777543,0.181954072943866,0.961003582545161,0.164415011300279
1.09907615885547,0.433705537650029,25.5215845620354,6.35538772689459,0.155177366836597,0.254253732653275,1,-0.535280747091447,0.373800334848963,0.886028066996762,0.143215452614724,0.885502767540448,0.131473409980422,0.689417036398957,0.197991027040494,0.797013360785078,0.193258418737287,0.800084964979097,0.189428667775552
1.44776632562969,0.310458667324597,12.7358874712482,3.08368157100377,0.110829557494867,0.314269679917093,1,-0.0597236768633989,0.263344535185559,0.647602441244278,0.127599127902839,0.859218738681024,0.115573662072557,0.788618201112534,0.16390389479389,0.494397651909637,0.195275873066137,0.713918497279553,0.191461554346685
1.75351112047414,0.434592902377415,25.1313500574118,6.54620937773803,0.692503266490475,0.190067920242334,1,-0.0759783770823166,0.384796407004387,0.868969633356602,0.136929150447675,0.788983025418909,0.164599699336609,0.667225502088377,0.157972991540345,0.77939529989446,0.188639367568362,0.900993196380674,0.163139132617771
1.13201251095403,0.396359129008863,20.5706417541508,5.15163906367778,0.76981631739482,0.182972001535292,1,-0.0170031029017221,0.431646084706036,0.758408505334181,0.1523876893723,0.590041465549989,0.147489713904091,0.775144720601104,0.144537382728148,0.622470658387722,0.202445188714954,0.763822295554294,0.16407771276116
1.46562911776145,0.338048989014974,14.7739821036617,3.48809779294052,0.258608024020357,0.354347970560559,1,-0.113743515632417,0.282823009403913,0.847032232071462,0.105444848997578,0.789868130349527,0.140199114925692,0.78654246759348,0.192111950440831,0.611137171541168,0.206191316347725,0.82144654521082,0.167318265777501
1.40415583708078,0.369063135743059,15.5637073470891,4.28937599173401,0.890905168790661,0.056568745502709,1,-0.598901370981234,0.497636338020661,0.715119540445312,0.1936386446947,0.838255131325719,0.157739725374944,0.890977160726589,0.139075230334211,0.780493523364509,0.158721630283785,0.803261219586092,0.196669445452783
1.17644770114657,0.362733338687016,17.427719653492,4.16642486031055,0.75723836756611,0.189878818363534,1,-0.284972893873552,0.392478441828534,1.01671633344342,0.120875032095363,0.640618774406668,0.154884325877472,0.583548525321428,0.174505793526799,0.691187583271824,0.188697442225323,0.61193188478497,0.199594217332943
1.95798386147239,0.414146580797208,22.0497316095589,6.01026958560211,0.370345081528306,0.462064832900602,1,0.25108664156706,0.333114883064091,0.834524075950649,0.134899815497901,0.817853470309786,0.12987863923053,0.83333294030234,0.19223635061458,0.912280357879949,0.169353137874777,0.816162197035483,0.175357744079773
1.01661173155228,0.269993270466502,9.50488131248238,2.11504846882729,0.598315099320066,0.290731279958008,1,-0.310251271586664,0.325745570369958,0.623199081816529,0.159688337828793,0.650631194039866,0.123552620676314,0.708809650541601,0.123134102706859,0.439036871648451,0.16586190113462,0.824294257333559,0.165128211556396
0.971179904405552,0.421151843423454,22.8446784169508,6.68089600840736,0.0699679830394074,0.346646956905511,1,-0.0990305240455286,0.438923575286367,0.783298860946428,0.183911084858987,0.695397589643572,0.180935702999735,1.07948702158125,0.153233667620629,0.901975903960322,0.152276475405374,0.848966034891424,0.196300250123492
1.21429678406051,0.411718166016007,22.5885973906775,5.52556094416342,0.454025415597248,0.426900228197266,1,-0.371363896098863,0.331521139061556,0.893647257706376,0.128105328196678,0.774789000607558,0.163950691281764,0.457455636820573,0.202551525759732,0.87404748879483,0.151270166079648,0.904322281803547,0.182680980316549
0.980101650251702,0.383841935333097,21.3749064408603,5.51735918875896,0.26567563656561,0.319922481639725,1,0.0252409607646537,0.35701134539911,0.527935679499521,0.208776813893108,0.902292550172495,0.131214220114286,0.712914464128512,0.15563349192174,0.7859873041638,0.159527702984565,0.794237378312716,0.173023782859462
1.9030272901014,0.443632257678099,22.2012101577191,6.7331446428942,0.37691342589065,0.392421108850489,1,0.598018849426706,0.449104870185902,0.662786298867562,0.20787408356811,0.597644587617863,0.194336645131672,0.885320388794404,0.16824534190082,1.05491387451029,0.206288819438465,0.709996801082014,0.221017299751007
1.10393384456908,0.323123686039179,13.4572309034334,3.15760964283357,0.740722191584137,0.208610860855921,1,0.533324632867393,0.410014196807457,0.673783371713293,0.124426767047528,0.461765531626164,0.199135649150288,0.663865310819998,0.16841412742614,0.707984829402362,0.173944123798091,0.692061962296959,0.180568644438276
1.36081502739751,0.330218321630064,15.5876355901412,3.3084677427401,0.3116345178968,0.352584842647425,1,-0.451468326155205,0.308854787421444,0.786359714516089,0.13581503413179,0.936460076912195,0.135927398731522,0.766689807560949,0.129233337859955,0.937342541056072,0.130668062191221,0.810019438891669,0.143067333526662
0.897755323144336,0.430969612569804,25.0278273367348,6.67093485657894,0.810195439873948,0.13723764703393,1,-0.477947076111878,0.373204511115054,0.910808566135727,0.152759358410845,0.772728022821964,0.145457353761476,0.866311926076364,0.181003532386468,0.671110401408726,0.174605080891535,1.02741439524282,0.195399413519829
1.41722104785596,0.354858516618548,16.6794871730716,4.50232679153588,0.0165994174050956,0.304563051596208,1,-0.174148311612715,0.35709613958358,0.867974131723297,0.137063225557641,0.68063265331974,0.171688499011697,0.607956635859121,0.172140879760782,0.711097345078121,0.175741638322335,0.469298503528804,0.21502002932344
1.37103138150059,0.288456839254153,11.1430259007536,2.40534821563759,0.351935860762778,0.329114142901371,1,0.44733519589795,0.370932770903461,0.67776633324112,0.153923334320455,0.639012939545795,0.151111135391352,0.751389351318179,0.129195429130289,0.843768651166627,0.115709461227247,0.850288687248452,0.134723753584825
0.846181469504997,0.276906437829694,10.6008679133528,2.35237841957349,0.488877390693886,0.286476544280037,1,0.148763531289706,0.267300679000188,0.72059153920478,0.115604298603531,0.65902123012385,0.123046526938192,0.677905492673125,0.148670055740104,0.604796721739836,0.165093266690127,0.714829116705395,0.176936042377318
0.757004909399185,0.345029488754818,15.9871721414147,4.17543340245969,0.504535485844456,0.572658421461839,1,-0.121103300055702,0.346647547954875,0.674016581142293,0.139694372572495,0.764027493071314,0.142555175631692,0.716992555252404,0.155777168821279,0.874816160425619,0.17186088594442,0.765690931256726,0.218559807668233
1.11113102869241,0.402248004798312,22.140525125066,5.77535151716024,0.339371263484741,0.366054774979761,1,0.042409887207856,0.361800513703877,0.732913451733141,0.155195782241952,0.906027193026037,0.155800929611272,0.77036740093147,0.141180434047129,0.752315649802826,0.199498840325481,0.63092822435847,0.228111831120616
1.15140851989756,0.387538276204467,18.8578069990426,4.98996933002272,0.84456557685514,0.0769688750900785,1,-0.00853796070880954,0.456927389775237,1.01806107894692,0.163031498450751,0.405796519573211,0.18902545703904,0.547028207308843,0.183682219032104,0.983280924032112,0.137181394485197,0.686283940851196,0.146059800498693
1.38693522611204,0.445134825489578,25.6039754179579,7.32907509692739,0.340237813257652,0.642004804354395,1,0.155470489538593,0.45908154538543,0.602631315678266,0.205716171459434,0.747242158468768,0.140963653687621,0.704841354392206,0.195817318670586,1.06610376443003,0.192549909827555,0.851225184142753,0.192448258629962
1.20522703545854,0.332877975344714,14.3639829631539,3.49005322662283,0.469845400548755,0.407416444657965,1,-0.14026382357739,0.314985854144471,0.738614984936347,0.144082066071109,0.482046746410696,0.127510309820008,0.934418575238726,0.149686791005911,0.847143940073888,0.150381187027144,0.573047990646927,0.231980246412112
1.03609522554826,0.383635821106663,19.3412027907751,5.21719509390423,0.840106262988607,0.104995435759713,1,0.316399130851505,0.387713179877132,0.887132057785456,0.154816945833282,0.935943002235428,0.150465428826129,0.726052197639001,0.187350423830175,0.383332858961082,0.25632464881048,0.790823617058156,0.193086140718763
2.43983031144523,0.472473539485041,23.9402354241059,6.29303059633067,0.7505571728024,0.223887520589523,1,0.595987076538784,0.413970801024314,0.63875696414857,0.185924614821436,0.701625653648067,0.202732008229487,1.0171444576398,0.14245793321994,0.845881030042582,0.140321213966661,0.884725312612002,0.18735426247477
1.31578453797656,0.336471119499411,15.2633527444663,3.62134744863595,0.416724506406188,0.403846755453913,1,0.0660277736408409,0.32300064396097,0.580083729083934,0.171703642935282,0.893477795646795,0.149189849190146,0.58654083054431,0.178396784399187,0.842386507000491,0.1300912067443,0.620672463212109,0.179849879163808
1.65945409009552,0.397216768755908,18.4486016145098,4.86068853925666,0.251753331512556,0.350672687067155,1,-0.332031571874942,0.394514159021117,0.834610970366908,0.148928342696809,0.813516953025355,0.154779199748255,0.613785220022324,0.192977305039074,0.8345554491176,0.165160364802092,0.685626724447573,0.189762793847263
1.48209146032505,0.388388375369302,20.7486877075731,4.91490904590146,0.406408415439172,0.319796279187703,1,0.0563695846380148,0.404241431297123,0.710323619538416,0.181278867823305,0.52453454409993,0.146133949633229,0.762121636074916,0.157493743093901,0.5948241184596,0.154322735642518,0.83186830504248,0.138162878887378
1.00151056846214,0.446566783027682,26.8607867259754,7.22112185171911,0.320882615473735,0.474512462338821,1,-0.380857074613461,0.371347490073164,0.954020499445568,0.119142808769749,0.777797261351334,0.185576143887353,0.821404504320456,0.161666660231742,0.75747380068204,0.22811950383488,0.866281133218475,0.211979762963988
0.775266371973166,0.339637332690365,15.5062450979917,4.17184491512825,0.359343665635031,0.387688912555107,1,-0.220167034327103,0.321047108124459,0.962877096580727,0.134225620574992,0.738148055613098,0.170068654755534,0.624604799763665,0.175646376527389,0.397248790584886,0.222664574930817,0.923205927884411,0.17967787617105
1.17465632195298,0.366505940619949,17.9522772379707,4.68128247780374,0.400469142349428,0.39906680798013,1,-0.0121123479868582,0.351440024415931,0.73391392460358,0.166576651478296,0.534058333560335,0.171478556209381,0.599905270285008,0.181072936176008,0.897011716672657,0.167593439804361,0.697023638247303,0.157982088749468
