"beta","beta_sd","omega","omega_sd","rho","rho_sd","conv_code","tau1","tau1_sd","tau2","tau2_sd","tau3","tau3_sd","tau4","tau4_sd","tau5","tau5_sd","tau6","tau6_sd"
3.74264800983083,0.307041814488637,0.0431162045739601,0.0542245443329564,0.0640247717602023,0.337006104065196,1,-0.0578949391421565,0.796650042894347,0.72881729887804,0.404824948399429,0.784175134975145,0.169751543976484,0.465865276201745,0.183184681981548,0.928447924047019,0.148482133091332,0.557080979987679,0.188224309701737
3.84060452453549,0.176589484083153,0.00879164143790338,0.0365150915007175,-0.00105869131966239,0.317115711090112,3,0.0164087269514251,0.495030920000596,0.718622349781292,0.284603322723727,0.708790995177112,0.20178718822236,0.668182610905816,0.176662699799845,0.663370239646388,0.15096625898571,0.709581045372002,0.128909607232915
4.00426197270574,0.47829985779254,0.0826901336073438,0.0976366720824348,0.0998034723694437,0.349077588625599,1,0.344029536184223,0.649657194903329,0.281164236546642,0.61561531832933,0.720538571206496,0.338814037705476,0.993470588010074,0.197331705487334,0.729670430883053,0.149630057025979,0.646810049635846,0.18024595594498
3.88012205828079,0.468692598703461,0.0716571504079201,0.0489867418502273,-0.399959758934457,0.236439132363841,1,-0.824176626046927,0.828401689421676,1.16228171713484,0.28992504662654,0.606197457079641,0.217479994782912,0.586668975714843,0.226201617446764,0.949041110104401,0.134518127026627,0.541252122724285,0.215937204717512
3.77646601052591,0.341011714891243,0.0116157679291292,0.0567168806720381,-0.0446054031578863,0.198319402503585,3,0.0336095488135025,0.412785590127898,0.774440606804565,0.237437452932673,0.660005557425142,0.175741165189932,0.691576332710904,0.18775245154651,0.703283600233734,0.170749113880425,0.647401278647558,0.176895487420811
3.86561266689984,0.296588001801825,0.0112581053326567,0.0539258940687866,0.250248212075347,0.260437904864867,3,-1.21572305704693,1.88198240040099,1.18483565707346,0.580202522445931,0.822505174131609,0.216196557989984,0.681677087257915,0.14140290572649,0.73141156819659,0.153826538670842,0.458321811799905,0.209577410800682
3.48076246321166,0.315038385505059,0.00999008584996167,0.058800680116002,0.271136744370504,0.246276749885717,3,-0.0664896693694524,0.41354320575732,0.321243757696046,0.338762836960563,0.878514250013735,0.160176634146821,0.534764176780154,0.163110338298651,0.715194899143982,0.172934855442796,0.560481474511537,0.146472959146962
3.4735683725519,0.310768326848942,0.0241096346819053,0.0504594025310631,-0.011161540864663,0.260507274428432,1,0.168025845683726,0.670326323852385,0.671357490782634,0.363080510661371,0.526180881370417,0.227968326972754,0.422146862038591,0.170742319728074,0.695268027211428,0.155665077850752,0.642096903681214,0.154480323401024
4.01791226800015,0.676083697502704,0.0741262366740754,0.090594956277172,-0.145427292717053,0.352996430825745,1,-0.0276263239351661,0.517944204423885,0.564566742597465,0.306303380357171,0.890346436890612,0.254392806366824,0.838809121392417,0.235590013277189,0.643818719328441,0.216081409638926,0.676526650189889,0.253440620272497
3.86700416728771,0.379429413395738,0.0135574764503239,0.0367085276674116,0.02173545226035,0.247676215731464,3,-0.0520173300342699,1.4524645080676,0.616793947925353,0.729770790667786,0.752357131076952,0.243482784593372,0.676146910949007,0.204126418360943,0.81022464062927,0.157814996016503,0.705402909992949,0.162135556153406
3.59924973844321,0.362748593404247,0.0122266849803358,0.0502297611957519,0.387253402221088,0.247653044245474,3,0.135096766907285,0.449850648523011,0.852035488786504,0.247063939834176,0.318354392289119,0.22712102620452,0.468118479502197,0.224441960229642,0.707993983207033,0.148688898667184,0.474114079383731,0.168043345516691
3.71657310240747,0.168015055297706,0.00895958918081814,0.0285604736320047,-0.218659597221098,0.161892278240399,3,0.0467880313013658,1.07383839671862,0.81567493024559,0.472205823981612,0.608102596234253,0.202705591373398,0.583315731887685,0.162433539424046,0.58123603680438,0.159933233765266,0.785067980010315,0.123423099530313
3.8438165868854,0.477525504057659,0.0352507618636356,0.0717004502501656,-0.0899435965564911,0.230605470050518,1,0.458947646439922,0.40382436789359,0.351682020269801,0.330547312959628,0.700808032919036,0.213138450111952,0.740720628831595,0.210211011288109,0.737517714861463,0.146859531308815,0.691577791177198,0.172694147496339
4.12747433088913,0.368729254816646,0.0112638657876506,0.0749134372548174,0.462526704717048,0.190508428011577,3,-0.314168806469377,0.820387528211148,0.584356136530804,0.466953923650921,1.07855928784305,0.164560408687371,0.80624831327413,0.19746123162518,0.985119485034166,0.126132519234321,0.352277488237242,0.193037743228376
4.85840917777116,0.552206466805963,0.199032679188315,0.127841187907705,0.0691224034311662,0.395161128182246,1,-0.363120081279913,2.07826693211744,0.992820127487356,0.754525346040803,1.20123950700972,0.202595460731931,0.665960177792445,0.180404285781645,0.929497579172918,0.169785338194083,0.803539623543956,0.179776341869788
3.79080101519077,0.406570981027936,0.00912806429308953,0.0773237408098307,0.363671999884333,0.27136639862563,3,0.266409910514917,0.350921312745669,0.942925117338534,0.217539594501894,0.493675680691164,0.280920907042663,0.465930409176875,0.200139336353945,0.521645899313839,0.22161781861791,0.791974377879359,0.151302293585135
4.84124705685868,0.801153278601683,0.18104095200713,0.112809211989942,-0.480795506975637,0.245439562773287,1,-0.345083742106067,1.01653580771656,1.00556428463755,0.430018914783148,1.12533200556558,0.234249622720204,0.680555096359289,0.293360697621551,0.913128253855805,0.22261385064241,1.06117028356246,0.183343364034083
4.08433227270797,0.425357882858005,0.108544046666966,0.0646861010037652,-0.28741768193255,0.206112884144355,1,0.858821915894295,0.425288636650175,0.499389366543065,0.244355624133397,0.651399543353905,0.21509136293836,0.770728743471104,0.165897050911214,0.710775456997417,0.17050081037197,0.820433919305625,0.170235316023286
4.46904916514795,0.738813598475706,0.158340538978524,0.105003376980185,-0.380200755235895,0.230726758186282,1,0.800665910511195,0.769852203061982,0.715504122358864,0.401168960314243,0.738226779950323,0.299116946372214,0.771393318512349,0.234229686153957,0.940040499164132,0.229736720140057,0.820056079187229,0.212892043753323
4.28462210449565,0.540969516519762,0.130161020825759,0.125830678861256,0.120379497248318,0.40039137146885,1,-0.161853469245424,0.52128248467578,0.840463541100005,0.295019599879277,0.878654270869234,0.196415825882336,0.905010861738274,0.189812188909196,0.64629069112906,0.189186864165846,0.817323590721024,0.204374939819434
3.56130282784084,0.341071975204693,0.0255537367370231,0.0574747226071128,0.00871133750454946,0.310613654757009,1,-0.290340793314333,0.555803284626741,0.816914786198939,0.279448979954213,0.722196263598933,0.219961628499975,0.419823136617015,0.239347318802391,0.748039699939873,0.164035804077285,0.640627985084571,0.177904556199419
3.6805677865288,0.463985896385074,0.0634854379244771,0.0634687022568077,-0.283210314353843,0.237179910780557,1,-0.755615667072346,0.687815779050309,0.863268375943997,0.339280482896465,0.94643319368139,0.226420324610803,0.469624851959079,0.208063067021417,0.705791327496618,0.189375927641549,0.705045935761261,0.162890994220171
4.24536242512362,0.465318040016875,0.218838862457797,0.12418850440247,0.115754374665273,0.506529131661406,1,0.613639959211785,0.674576188144793,0.75152197101568,0.344575708978944,0.561096203918102,0.244649257412227,0.772198512354646,0.198395553117369,0.71565161513932,0.170314144746021,0.903926416003413,0.154896792475453
3.81098221730275,0.312088986049375,0.0113541249253521,0.0543937836913215,-0.0014370124287173,0.307667504857847,3,0.0352983403844128,0.3368033969542,0.665143416435984,0.224774023190695,0.689324168747691,0.207205190343204,0.699604954126805,0.172382827793134,0.801159466849755,0.149259871471189,0.649827935509477,0.171839599102367
4.21770257643103,0.50530087771936,0.0937829535082316,0.071987893586492,-0.121480769817172,0.256911234677837,1,-1.2002813682828,1.69780115965078,1.35957451437301,0.448079153197765,0.612222037480861,0.192874187755012,0.796258171078285,0.170352121801401,0.797215939008958,0.176280763770409,0.700924290737789,0.189653038164546
3.61904581701926,0.286203020478034,0.0139012355175312,0.062125337977463,0.162939119082677,0.277473188974629,3,0.314490195743479,0.513245207290178,0.474328765465011,0.370127779674222,0.533353607481821,0.203970200095649,0.829746860271946,0.125597518762984,0.593035235450806,0.158362077928751,0.633553439336509,0.167638547967224
3.31245234485292,0.287814966978075,0.0230252469728529,0.0483513454673171,0.208661890258633,0.241091310905845,1,-1.25609236442858,2.36723356022788,0.916625772763582,0.943731570218772,0.715478595449832,0.198500397113853,0.555424123367945,0.182677918510295,0.598607621043621,0.168997126100796,0.699561334896159,0.149921454800909
3.7440329260099,0.431421346381721,0.0813684951846261,0.0877852378417061,0.10163255456209,0.415352674710501,1,-0.470212485491028,1.17828579593474,0.895083508415787,0.501092444780729,0.465676324217722,0.305507047843974,0.771138299209274,0.192372413283493,0.703580657642303,0.16138767718436,0.59713297986481,0.187931208215117
4.10104325915649,0.489761116011189,0.126612607524951,0.0779762118884957,-0.0680229458205399,0.341713262471807,1,0.151960406906957,0.600110191189426,0.822680535303384,0.347534800762359,0.768093934048982,0.243617777781509,0.744270835540627,0.225351034098227,0.587887852883286,0.179014280061845,0.804535556048905,0.192228115223751
3.84948466131964,0.421643758312737,0.0454024712290925,0.0687373136993085,0.121557042914252,0.382916610171071,1,-0.12384846047484,0.7923308677581,0.58616244950121,0.45706941367931,0.843133564498419,0.294261133548559,0.783958460503922,0.202943161354861,0.644059734518717,0.206121184447425,0.747574033765008,0.186839070685243
3.84446298647292,0.351837533818466,0.0141884815287688,0.0611929365772342,0.0324872858610297,0.262961132365376,3,0.0743941883824216,0.415195104910113,0.830093991526917,0.231333855045256,0.717261806020831,0.197984290336976,0.600772085878514,0.169039199178857,0.647311715310182,0.177262888563826,0.678380472021861,0.15322222538363
3.83221633864102,0.454006054270935,0.0781789997500356,0.0586346886530422,0.020079457675898,0.370341954141259,1,-0.75093851269182,0.764417069199391,1.27957320708252,0.25213207628851,0.253902347224988,0.267646214201545,0.809018315943558,0.188499741620745,0.456661789313923,0.231964488050485,0.784917715433427,0.191476915147507
3.60692001421549,0.349188466674485,0.0139196617742631,0.0865942222070263,0.371754920655318,0.233756018758951,3,-0.142953162957603,0.8153010967537,0.797227183058597,0.421881531365631,0.554714074263339,0.223046077767358,0.432631350831072,0.215048239225667,0.850028575662554,0.138909930605091,0.473003551245187,0.18534355922218
4.01758033313994,0.383178095074556,0.016591097331695,0.0718206218488269,0.278857559887547,0.28093730775906,3,0.0646547769918217,0.599251818714107,0.64772645833808,0.370535914087507,0.563399044613172,0.29721416384812,1.07867783429647,0.160913907714394,0.620576146367329,0.169951996676687,0.647732455425289,0.187938505953433
4.05812879525053,0.621835667828245,0.079349800870887,0.0703791081255996,-0.386376426626543,0.287206886374432,1,0.758394887515293,0.686138778270663,0.454476145549768,0.41206095284758,0.626373445733836,0.241699305307862,0.917297342540295,0.212204130028973,0.817386863384196,0.182443412412976,0.449902972433205,0.232501428590934
4.22340743079571,0.612707647852403,0.0550418669634006,0.101124859747569,0.38637456407291,0.351436786186269,1,0.587236301638609,0.510432125011302,0.364014116857026,0.444269315252537,1.0251071990691,0.25708257262798,0.551623941596315,0.217558254439371,0.82197335500359,0.207649273653147,0.757614286489964,0.195567768016676
3.91471797109416,0.393050560562552,0.0121314751166633,0.0388359360241338,-0.00120297877898716,0.302680467459083,3,0.0190222339137818,0.538720187838092,0.731720971682562,0.311701116752783,0.62558835755556,0.243595265128075,0.769900959421068,0.193508780046669,0.656848241499252,0.183625818253025,0.72283209058024,0.161741189011998
4.3539627058187,0.484569512547247,0.150226073584209,0.077404553979422,-0.266808662090054,0.294845813351641,1,0.536100222264641,0.754912296611644,0.72677760029399,0.403527661680339,0.711608407243384,0.25027029412529,0.737017649798613,0.182183679423866,0.740594200041923,0.176479313514693,1.05324534100561,0.153079676219405
3.05470643203813,0.27578603193407,0.00405155298835835,0.0613860462890348,0.25592261353886,0.232965960393315,3,-0.0324720932146102,0.546966128563347,0.261495032089811,0.413302671860805,0.617902935654204,0.231976175171254,0.598648270088157,0.138456963288064,0.419748463686145,0.157359624861847,0.572345539535716,0.15945292410463
3.41499118730497,0.260538169701222,0.0250377015654392,0.0553925027073641,0.0554128199740369,0.318939088036606,1,-0.0836233914699861,0.667693067152772,0.533516806356286,0.390715448536807,0.786647204918414,0.188240436430648,0.317332240140321,0.206613903417867,0.699019379699296,0.139916501043715,0.597485645221364,0.144965272028661
4.13007742639213,0.588438940474214,0.0923809841281612,0.0917972380729202,-0.194010889173389,0.331064907000353,1,-0.584038789490898,1.7667847290907,1.1725624875133,0.602229470329839,0.856735033230799,0.235615970879124,0.486241770108934,0.236180677852218,0.697311354362849,0.172158517769465,0.969944183539466,0.214977962669445
3.82960055798307,0.310961578729974,0.0135802412302543,0.0442673364464136,-0.0265784318371823,0.327255332428201,3,0.0307368947508907,0.578199805105276,0.706896815096091,0.335937789396633,0.661745394097989,0.261218136874315,0.697969162879975,0.233563527158499,0.748915590816864,0.164982221266227,0.703742671283286,0.133011942740254
4.73498584303161,0.656069759298953,0.169798906002456,0.0935025625720221,-0.214704902287591,0.364192862467864,1,-0.775812053506205,0.429943316844498,1.03725209185692,0.275859173710588,0.967861868494766,0.266998393360426,1.05603245626281,0.201794310758654,0.995846638288908,0.171840934139396,0.739454497038662,0.239599086379197
4.08844316792096,0.588475032104859,0.0836336878846433,0.0965623453837655,-0.167641524775097,0.288720640823638,3,-0.378701391936322,0.775953685321049,1.26364220291041,0.255881729490356,-0.272016064147616,0.4444182248677,0.856256121446148,0.191140261396631,0.912589177016246,0.190264001569655,0.650417374224399,0.199276459438782
3.40549437743168,0.400159966201826,0.0104856289204709,0.0447913925281554,-0.0606261459650126,0.32904875250969,3,-0.486950112907697,0.498442256234341,0.283919027525177,0.601536132077537,0.920949638808846,0.231768995903539,0.738858302300311,0.236783398555316,0.576119453160637,0.186477832992344,0.587466333656944,0.158742319666553
4.24898726978853,0.526550221691993,0.165223828621838,0.087983587999903,-0.423283926783797,0.184880380032856,1,-0.445239820471298,0.559012289951694,0.92962541737958,0.251854118363586,0.867593298345808,0.254686318705454,0.665184410960687,0.190769965147535,0.979971471480854,0.180951982261874,0.751748092375837,0.183370641522448
3.82886028217582,0.292137847135161,0.0117574024286308,0.0455525935850483,-0.0106726590780671,0.264925141676231,3,-0.100322671159973,0.349110518440649,0.725222101099908,0.258147897396503,0.637831125790189,0.259840631654546,0.752917659595657,0.153074882442401,0.761746041467683,0.158480638961661,0.726806834137917,0.144863002158447
3.55867791300738,0.359367599855275,0.04956073270006,0.0726390597011596,-0.0141373020124645,0.261417124422432,1,-0.756746571809016,0.589256298903578,0.816066889670214,0.333883797469669,0.733776776936053,0.268788708159657,0.570197290211016,0.207259804833376,0.524182303567342,0.189308478785379,0.779127602063633,0.173046141785339
3.8333290463884,0.235211593753446,0.00987996600179606,0.0398189434826757,0.00954842230527509,0.314342796537925,3,0.00636846317681543,0.450312158951208,0.63879039090387,0.283086964658322,0.67681555103946,0.258688703329879,0.80857420370734,0.19724806647788,0.866097313495983,0.129314153895315,0.591829362457826,0.171883043611112
3.86474523369647,0.228466711643113,0.0103293608725188,0.032733523268064,0.00643576159033854,0.235553857290827,3,-0.00625163543233401,1.07745089642965,0.7315515654398,0.501270517421932,0.663157074748879,0.210662792453281,0.64453873558912,0.154116665523971,0.793084128682792,0.131366457867429,0.654637868560808,0.148847685595681
4.17797367753033,0.432919930767403,0.0997636520549373,0.102569903211196,0.24788682639303,0.340339425803932,3,-0.129567752274801,1.39768380892806,0.669867637621994,0.703519611736044,1.1771051302161,0.164095771946363,0.561490049044111,0.181713698776807,0.685937783595766,0.183191963446005,0.76886961368542,0.183431094565614
4.22909481483103,0.51507200893892,0.0764492201925301,0.0901930514915547,0.15669419687193,0.401922285090669,1,0.773901320074252,0.489523027552949,0.532711941811451,0.288813700398814,0.750780757135385,0.225633052864057,0.785839654448532,0.197211041022726,0.66522950928866,0.21938883361591,0.75145257338076,0.206161586027437
3.82743356467624,0.569092998973053,0.101305617741777,0.0756168844326779,-0.347152540242099,0.250773912007413,1,-0.337670469036034,1.6914824287634,0.826010372124845,0.797136579382763,0.79527861914337,0.215681556324303,0.504770654699757,0.201921523714534,0.734177219118421,0.246423662529787,0.682753966808077,0.183429087573637
3.83499891548803,0.38779793260487,0.0140898676787379,0.0543862545146814,0.179532944973066,0.247457488317227,3,0.127996534511152,1.37546742762394,0.80862848171574,0.614997085800416,0.640936452465198,0.247900643196332,0.61359305733568,0.191370597686747,0.707891633918798,0.148553989195402,0.67109966904857,0.176551516127246
4.17685042276588,0.430731006467137,0.0960813622459725,0.0607406012751667,0.0558364511249628,0.443258658498921,1,-0.0353778682554807,0.437003083239358,0.728681642984842,0.269526727125147,0.633971077219445,0.272241192662761,0.75824543510407,0.186141437008578,0.967862878429081,0.177592323558737,0.836844846444575,0.151778063102103
4.04162374054771,0.497366058356771,0.103477546094328,0.0594717289168574,-0.289424223387999,0.313630389894499,1,0.208326751890447,0.620513917085988,0.616885913420589,0.363469491621971,0.700693536219672,0.250014729890487,0.671082123507486,0.252849029586585,0.956505949461849,0.168849685707884,0.699191851931603,0.170721610668486
3.74843430952264,0.394152793883889,0.0276352183755823,0.0633374557662051,0.0547914142424716,0.414617991775499,1,0.457001415360884,0.544517722642235,0.155823254881551,0.439320293491464,0.778687389264182,0.216413247064918,0.702252666536332,0.213518755208481,0.69427381223778,0.156962026893683,0.62945913477002,0.166053620146142
3.86044488995422,0.306045315495312,0.0114731634611681,0.0457767223812373,0.0266034582286519,0.318182972373229,3,0.0432070961651654,0.392940985229797,0.734298072434101,0.248726244526224,0.818795692892269,0.190039418276922,0.722934281777632,0.158887376363818,0.60034058429069,0.16739423338528,0.628573949531715,0.157926885405411
3.85260689470584,0.40147465446656,0.014329428397,0.0626515206872874,-0.0224432179860341,0.300733557640993,3,-0.036535250349127,0.576296620817915,0.696630420024037,0.360386892994332,0.709833526762151,0.268632258119818,0.705282925374863,0.168787605794863,0.731822952398255,0.176029623738358,0.593689935325196,0.219364402832765
4.00697174139952,0.452921198059145,0.0592710082229473,0.096674235341987,0.191397110578811,0.426675182955097,1,0.394467619101866,0.915976993917341,0.728159482034642,0.466345691730698,0.887337110331265,0.316454522258845,0.132334545436536,0.313849403143203,0.804858378435535,0.175644082926651,0.60808058418905,0.168331630813688
4.31789811286029,0.701047447453759,0.173027163725402,0.123882788940081,-0.174301026130475,0.395811128674001,1,0.354606951956121,0.503796947688392,0.72061916856318,0.331364456592886,0.95219324015718,0.231769670016214,0.457247044962994,0.282630977123955,0.783985106878787,0.220323035126337,0.964322733914993,0.211872718880765
3.83449610281899,0.351772409333505,0.0200793256103073,0.0842733992344224,0.167395210038609,0.350915002252705,3,-0.0417567817046829,0.542636155274404,0.816686317609235,0.294502776917179,0.41854227970941,0.289332619388128,0.883210505481555,0.16423223691655,0.707443663387905,0.163906448193439,0.640177537557263,0.1525570681074
3.25884611976426,0.360845173873319,0.0185412178728869,0.0580923568249393,0.0471318139815665,0.253264429921712,1,0.0475107417343067,0.766732021571601,0.698615216352985,0.443068305045396,0.30437825936503,0.374708127722079,0.586176074619383,0.168619694993497,0.530454039575394,0.183672383106665,0.45718109557182,0.187456402199144
4.06342313014868,0.479446662033336,0.0546906325546174,0.0640381910769242,-0.0339631023519901,0.297376842034504,1,-0.408857524629368,0.745983204066785,0.62953613096343,0.443082544261813,1.06483714155049,0.186266840833621,0.920158268947644,0.231485180245841,0.583853731385677,0.229762517951668,0.994731604916502,0.163517823170633
3.92182325069578,0.43850415052328,0.0141697975362445,0.118627723977519,0.425807854916881,0.307295831545698,3,0.190243579139096,0.720124852626569,0.648302128645222,0.396701746418621,0.567864415826809,0.239519239578356,0.851314367568526,0.156813780454391,0.61471289313122,0.226555823922796,0.867939829917986,0.236710410473463
3.93180181250232,0.463536886640267,0.0834224117636329,0.0687867545585438,-0.244651502301661,0.304951974412782,1,0.363651131385283,0.752483573911093,0.505539416628476,0.457572561683108,0.864053398734527,0.235296567717892,0.597574810961135,0.210942481240703,0.833102303173901,0.157135570315191,0.702284741320638,0.181837460407436
3.82107490290132,0.398198800398295,0.0132118226379084,0.04306337222051,-0.0203791691514055,0.324448361032874,3,-0.0071339727397905,0.82515470461752,0.667284415058523,0.444928508092323,0.773710071681974,0.265899359838287,0.695896508741121,0.1735693077299,0.843272801696945,0.168670294811696,0.547755242460873,0.168052211076713
3.853183973654,0.394846359786989,0.00947142734224238,0.0594077104809784,0.00356925941541747,0.548832012656738,3,0.0257665305808514,0.713789349574448,0.711443819665661,0.372602014379339,0.668121981496279,0.272495216579176,0.704554028900694,0.163128066812436,0.69487398284431,0.196030843341725,0.767231302849824,0.220452442619112
3.813467874308,0.461681289806551,0.113728702127213,0.112746477573747,-0.193177175105123,0.32520271500233,1,-0.59638611704632,0.87856445186841,1.07306603333377,0.328039586431265,0.481823048680303,0.296747533901901,0.61645399551711,0.190619847942618,0.69474864721619,0.16950585062572,0.828568147647964,0.192354589128117
3.84907748666012,0.410500812876411,0.00802461470002161,0.0888817653995248,0.449589470162918,0.282584984245331,3,-0.0468910005928771,0.442402755069984,0.812438469266418,0.225872355511875,0.849633434155756,0.188746990477303,0.643649063350861,0.235031976957597,0.444365389525467,0.182616411707108,0.720792529333313,0.171415180569679
3.82729060265517,0.351406082089527,0.0103217980564674,0.0594149760269262,0.222535881696301,0.249069775535925,3,0.0261477676676592,0.696242527865276,0.785575703308587,0.307352697328694,0.444399684601103,0.253938788674226,0.703832659526507,0.206897943200512,0.823659845456806,0.170773926753597,0.78414456036696,0.16898463753883
4.02702993871488,0.611220796525012,0.0742277957138463,0.0986261755964684,-0.000130156918133097,0.37583106639434,3,-0.405738073960587,1.31485310870749,0.975592193147624,0.538944197393775,0.627272807054942,0.294224362066778,0.867825007973975,0.219681813525429,0.730081255918856,0.167067686205762,0.783671177579184,0.22289709089545
3.75730012503709,0.269295265622961,0.00985078656072429,0.0390904836954624,-0.122967027948945,0.226323854037998,3,-0.00894458332162401,1.75881871291167,0.67637120022541,0.875380190533669,0.736826177899061,0.172092075715341,0.762793263528188,0.183595999309793,0.642745945814585,0.176542167824171,0.718216045035147,0.163970583514796
3.56894668482451,0.382143856990002,0.0119211603310583,0.0579994644724979,0.139921587427333,0.297350623388708,3,0.695939739939362,0.566456403154227,-0.306629244489429,0.646585157899028,0.979096417239966,0.192807901284552,0.21859243191319,0.244850024771965,0.757384179496591,0.153247920209889,0.558325733913859,0.188778645651384
3.91350541281363,0.399953207551995,0.124723576420518,0.0765307641883677,-0.0153215817097944,0.302863791688457,1,0.524296675499454,0.355390515932659,0.325503578922759,0.306976554505655,0.793943482054987,0.288174781804254,0.622452495354838,0.236676432736773,0.730461187533964,0.17402549398261,0.831638002749102,0.174486765668647
4.07315475071712,0.422168267644176,0.121806405005557,0.0884702610235062,-0.0607435690060447,0.263940159291131,1,0.118164819952114,0.519862090355256,0.323913433296487,0.440398038488362,1.13636598722604,0.202938671928463,0.537452494244916,0.173810488864938,0.657123865414153,0.197738366706495,0.899103429194321,0.152719084168314
3.6969082394103,0.23124110641086,0.00886087827114392,0.0345056485160739,-0.333158005005266,0.214163970788524,3,0.00268997358993035,0.386650344750708,0.526652740718582,0.289002725677501,0.674331642562979,0.271697312217852,0.925001532780613,0.185718903968386,0.629413050684719,0.161532475513069,0.53371469968595,0.160217303729918
4.33416385357483,0.418770895796877,0.0761298322986892,0.146488197481585,0.410814251188611,0.268126006065217,3,-0.278705781651138,0.906695071777336,1.17795708993407,0.300370212818911,0.638724263002109,0.221748566391729,0.84898668620788,0.169463279913949,0.820649430962125,0.14870367413825,0.587074591410473,0.223140786854869
4.12261705571346,0.515081909417432,0.0830995917460867,0.095538782135852,0.0870224990265521,0.58687776640879,1,0.549835047337769,0.541719766477771,0.756455967979304,0.232742238162383,0.462344492353203,0.266470227255008,0.765549846285474,0.195618094666347,0.784194415205283,0.199647292968314,0.618237600949812,0.208210285412712
4.17323667014005,0.527770905677602,0.103636651342127,0.0868499960475332,-0.193518901807373,0.297657632137276,1,-0.566548962987577,1.17491076579136,0.8012225386969,0.546791477150783,0.96141521507071,0.254182921692321,0.931834954462061,0.240384424497425,0.642590230078467,0.177554457927218,0.731193135628775,0.161040333540863
3.74861376791119,0.396172885631873,0.0672725888661041,0.075927010794935,0.0334672952407944,0.396766818121275,1,0.669079827932973,0.743419027908672,0.180370770672543,0.646266392292018,0.766668513255147,0.265445091340701,0.590395002245265,0.168112981598308,0.630383869001452,0.161334247461852,0.960405651313377,0.154078194610383
4.50185301016786,0.441259832241909,0.112396758246402,0.0755020925554261,0.129921843500671,0.353282307424891,1,0.632769785529728,0.505060860531898,0.556069887189019,0.334773490326857,0.921031110360533,0.234128650834226,0.807316973830662,0.196917359364521,0.859260919897252,0.149049943527944,0.859249107741089,0.166134612489506
4.1424070427576,0.712105490642035,0.107796260637315,0.139956407741194,0.357470773384784,0.367521761321161,1,0.770990142965351,0.744079082830969,0.402893506125843,0.543678692309261,0.79065539030311,0.322610410503182,0.439674171709382,0.261668397429008,1.0644567775284,0.210243101308615,0.806269294005844,0.208842645145931
3.86775826741405,0.335673892320391,0.0164851912047484,0.0589869186549362,0.136308496272168,0.26346556141903,3,0.149396802776923,0.412708293625241,0.76284139444845,0.193194615046012,0.625340827486593,0.1413958978997,0.762810359644174,0.138780721927646,0.685828861041206,0.159965193906611,0.654832336694495,0.182094552506957
3.52086733503485,0.519147199948987,0.0370755060063558,0.079310068454677,-0.236400265799986,0.267051471306638,1,-1.45980519103586,2.65401526776054,1.04995466676949,0.936383999198614,0.830470275675168,0.26498185149063,0.679617791379917,0.171826817634862,0.330265020265487,0.212883318346255,0.805549491780798,0.179253355925623
3.81503886207242,0.361593840526371,0.0111285022818412,0.0576104154098236,0.131965123382226,0.286514385439357,3,0.140271914578913,0.590913640975697,0.797726053911161,0.306699267773445,0.684205467608707,0.288642286672365,0.723044465756585,0.175106707635303,0.393186595510045,0.194263740067662,0.58184220475264,0.171399741594675
3.98549643425007,0.515815877639815,0.0608730614455562,0.0829137817210411,-0.219866977236045,0.281826048454301,1,-0.819374885514359,1.16071765701283,1.24309447473173,0.387245010859034,0.413853062779585,0.243142432410203,0.553745912366132,0.236937833624065,0.68656810093471,0.202477439953727,0.894605721286351,0.184825718578545
3.76670731439741,0.32218317442794,0.0113001430283908,0.0520747991877202,-0.0145110741223311,0.334821321159437,3,-0.0864565898705792,0.652662639732178,0.614493993046797,0.349722624704916,0.724307737715956,0.205926254814314,0.620991183534777,0.191537293242383,0.745602374505687,0.174351275847599,0.833905954029806,0.148683521768907
3.97397676229255,0.490709136926946,0.0649703153979886,0.0939499669311015,0.308062551703697,0.406004586188849,1,0.565373494704517,0.529967694230153,0.280814390328418,0.483908123819141,0.708336089029804,0.311210624344325,0.761644491587427,0.213742730387858,0.866963093406938,0.20702375050178,0.6499124481895,0.20373401912135
4.27161279022161,0.490270618185486,0.0697754178526259,0.0673534081621124,0.0427365980825132,0.336151500807419,1,0.711362848619928,0.639803973997808,0.294987547279161,0.447310324638069,0.75195641921598,0.253362392491438,0.778155196687502,0.183564649686741,0.907069783024344,0.17548356542342,0.852375557823761,0.165196750218274
3.88743583898425,0.481228863985144,0.0763276596425721,0.0925624331114377,0.0112230894086312,0.365577855739251,1,0.148214254657366,0.539016199072569,0.550122873391416,0.311309024354825,0.603475679084591,0.229427888602134,0.924499959167518,0.14579044053419,0.624325141483857,0.184583630917339,0.715887201306007,0.2223715112784
3.7224578863491,0.34675285314078,0.0115154436891623,0.0539178558070351,0.269414317303829,0.311424916042233,3,0.784343599951975,0.422875997327478,0.57428248249235,0.302417085079191,0.655080977500558,0.252526010935319,0.231975548839391,0.28062330983816,0.578140677873906,0.21318498150678,0.878616391304831,0.151040124432785
3.90122077539168,0.562841514352656,0.111920118122514,0.11532718559957,-0.0335962771344138,0.35096768294134,1,0.121097421749557,0.69285333761702,0.470961451048506,0.884570956833552,0.899014812578196,0.640241326818827,0.753607775694718,0.168838374670956,0.591352904107495,0.224417361270943,0.622523040478438,0.177061972777091
3.38059366627263,0.425293313619271,0.0092842343901223,0.0857475470114462,0.203413948393564,0.409150053838786,3,-0.338274415300043,2.79882581279669,0.522875216843351,1.37291996891421,0.848925799200542,0.299537114266056,0.246296367267756,0.279196903277884,0.700284172059592,0.154966806106019,0.594533068945654,0.162600701102076
3.7026745651039,0.394182821269021,0.00942696669616672,0.0636901477842673,0.549904615790537,0.173097827931816,3,-0.139720193139708,1.14179519568316,0.378010067256522,0.73263458072198,0.967128365145636,0.192465389782547,0.628834423816246,0.190719901415406,0.65511169192436,0.191996181114448,0.688308871173863,0.148741810065865
4.03764638492311,0.482455845948003,0.139222682049673,0.101191203489996,-0.10734681315227,0.275421336757281,1,-0.703172848625685,0.753386659830503,1.21667217588207,0.253317290265021,0.43154431639879,0.224737399901329,0.700328717085838,0.175541550508027,0.775202563552214,0.186884044317349,0.788798814404086,0.166791306779705
4.14627823532069,0.511129414992949,0.0445248832279354,0.0836586536973058,0.215960135190836,0.294363286761474,1,-0.436072492095609,0.52045842383912,0.733672012809704,0.364914160455906,0.985881542102694,0.213383657857402,0.743678955793984,0.229483593655319,0.863316498080836,0.15268183386739,0.812314335853996,0.160633132779612
3.77508054649144,0.204951034484249,0.00951578837469074,0.034284838350624,-0.438050007428865,0.148277402499408,3,0.168340542176171,0.407290394216893,0.463556005425893,0.360130258036071,0.84839468409357,0.211535859594103,0.59504480645284,0.175580314027023,0.686432482762461,0.176036759159984,0.599085457367806,0.152584549149376
3.85015590816153,0.506970577101874,0.0936765109612938,0.104675120165771,0.288611367853136,0.423506312715328,1,-1.0000342414524,0.540771095493525,1.19619240947721,0.219955895109978,0.820274016279595,0.235744896177687,0.305387862709174,0.26426776793957,0.791268602627427,0.201025783690461,0.623336825952236,0.204792151030386
5.91558487985494,0.952130507733312,0.416604828503123,0.211629938300016,-0.130987254582086,0.519289404783562,1,0.748063292340252,1.06030527197402,1.03633779578018,0.380218631172956,0.8588538115517,0.408642675791603,1.26705828371861,0.218837981022481,1.09573800004893,0.222705180507011,1.228369955208,0.218539263102291
3.86603851549597,0.303053095729632,0.011709666396137,0.0508259537952234,0.0680824373878603,0.356498964982959,3,0.00487437993847577,0.521546325928177,0.743728577554987,0.295855208948327,0.735345072700166,0.188289924515953,0.684423820644518,0.164604661032248,0.687581127047626,0.172144114653983,0.710132767650545,0.162121619505401
3.99464022840065,0.483084810363857,0.0736186869092703,0.0689614317456926,0.340329498099766,0.28268904178005,1,-0.379614256758135,1.26072812292554,0.847973450378084,0.52535613457274,0.894568304724627,0.197250581815374,0.663576050570248,0.248689630955526,0.626730914471488,0.23612467508912,0.891077962850318,0.173226322356945
3.68701669778086,0.341519208803166,0.00913011773538766,0.10882185975807,0.438216396596561,0.270585357399522,3,0.107763949147748,0.712241388657854,0.564757644429261,0.410155768179071,0.82444709526102,0.21083796043395,0.372271564890307,0.205502528402951,0.754817649289,0.159096098188966,0.690442055328034,0.161148369496009
3.86757792638146,0.272204483178647,0.0117727475747626,0.0473275181662706,2.13664730235536e-05,0.324298683980088,3,-0.0841535958752592,0.535801267026749,0.702288449969345,0.318424376380347,0.792500788902577,0.239757341161046,0.772152191878483,0.161771686599563,0.640970955955961,0.143990460255781,0.627913103744792,0.150751837272611
3.78922087476076,0.411070543238906,0.0136057550018569,0.0798521984708068,0.317818553169923,0.253688292713382,3,0.237317335629503,0.490838199079639,0.751042721014112,0.259628665821364,0.569241846767504,0.249716443228455,0.369898101192491,0.225640357777602,0.910814140043058,0.130209634032715,0.787943769105169,0.156598495705183
4.03743909145169,0.562742231627237,0.0966994394276525,0.109570949224938,0.112831921159145,0.465689894482672,1,0.358311558867717,1.42374058823506,0.801299369574451,0.641241022533968,0.303357315558744,0.358854999887943,0.774533265509034,0.234702586777019,0.924116648349586,0.171272966780239,0.637896576857344,0.181007390077179
4.7886341218606,0.545536236783428,0.0999765130849043,0.0669632870189904,-0.142954487113299,0.42934595816596,1,0.526723180202872,2.60509445727618,0.673990915951412,1.34208653210448,1.05619970745557,0.191829441053338,0.780325873367553,0.173383443707134,1.0211591099841,0.163882098494749,0.767946197958853,0.222359963739136
4.28773401933659,0.435205479629599,0.0853409509410629,0.0829240450051304,0.165991301944821,0.310117421670421,1,0.0742899604475728,0.679472574327319,0.631028836670931,0.448648822092201,1.03373152341276,0.187432398222627,0.666682615906743,0.183826797622704,0.897226509966096,0.150668214852959,0.722663409030596,0.163540554405675
3.606521415606,0.366849102044465,0.0121735401747536,0.0648279594840778,-0.0333829120637461,0.29967284542817,3,0.137463784968369,0.431763857072618,0.759869318329368,0.287484062527763,-0.00601368280191517,0.300977891638331,0.604852902058244,0.245223711436336,0.852288320896914,0.15625161075508,0.775770678245147,0.158860417373961
3.7958986770125,0.326924553117379,0.0122325777881654,0.0500778586038069,0.0728185130556406,0.345737902726311,3,-0.0110008632186498,0.62248992363371,0.643995325537598,0.348694583915405,0.693069255414381,0.229094744834425,0.730567019725784,0.164548219174654,0.783426122710678,0.187655722708507,0.74005393569657,0.15795495954954
4.62554651895348,0.562718687190492,0.149557560485757,0.0779709345462517,-0.456930874219235,0.204011369842053,1,0.413438940699581,0.470441991950507,0.708817099495777,0.309630082363903,0.887775555678642,0.207816213241439,0.866356174126503,0.179610849036394,0.921343823272624,0.200363316803891,0.860685092030189,0.187401286338584
3.69991809674053,0.425382801761106,0.0630873895225175,0.0794015125762225,0.0720026647950458,0.39658740545214,1,-1.08418576435893,1.74651506067297,0.977242158778235,0.673398837327342,0.744029336697998,0.230419774570886,0.778356570909802,0.203202190141899,0.687036903184419,0.189178125142491,0.608084045177313,0.163923859413856
3.75718270500497,0.4925199413449,0.0856789805453037,0.0659623088717746,0.0377995885599838,0.364403352336657,1,-0.906112665510629,0.363519948490961,0.824976425227009,0.296911679195184,0.960790749412694,0.218479589226181,0.652098842672141,0.195236610019229,0.585970783118486,0.262092531153482,0.978557514794772,0.14274629236666
4.02112702250224,0.462554976344758,0.122974427260131,0.0924995691197329,0.0466548736107541,0.348487359968602,1,0.583658769795177,1.03191392152117,0.336410351273105,0.70068205604443,0.951888872111885,0.21232581081337,0.705140353178478,0.163520682856258,0.743987882894227,0.189253719237836,0.746237243554825,0.208449562330326
4.60693005222645,0.606497401214637,0.234465632763456,0.188266748561163,0.183006396556032,0.706360627646416,1,0.79711354608326,0.425994060680634,0.683696666463833,0.334517047511219,0.773293601042725,0.270735842217025,0.809055388178629,0.170827906928938,0.730516259113832,0.186722711200239,1.03085572178883,0.189080308355978
4.01630869911967,0.391147512684789,0.0771804345442812,0.0753665414284172,-0.0310940907021331,0.298754033936957,1,-1.1244975525172,3.97212695289958,1.13264439673638,1.26909221072058,0.675094410399876,0.234875191157381,0.958720994957662,0.16418922463001,0.39650211580367,0.190924478623905,0.91226350732118,0.140490116002164
4.02895168826315,0.57801213511443,0.0679775426213946,0.0647519738633539,-0.275142493152323,0.278498413767577,1,-0.214988425445616,0.661050576894132,1.12631836362997,0.272022285116459,0.131078638031546,0.413441702224815,0.791827669115039,0.222058178041007,0.810894732019145,0.205062295222412,0.765459108105315,0.209059921323443
4.17740280669846,0.61253645478441,0.221137422931199,0.150181833807388,-0.0700184646530024,0.31954623412166,1,-1.24159399036879,0.93364443746606,1.04774181537459,0.381001475339589,1.00431198995502,0.187652412173628,0.631050582818641,0.246042537620282,0.81562017693498,0.191380528199892,0.839637986202382,0.208456846998517
3.81864981558581,0.597285295760267,0.0133179322980181,0.0633825767557314,-0.004055001058823,0.468548519680605,3,0.00437432396555639,0.934807948573191,0.695216805789032,0.470070754378517,0.73635433469726,0.248084715470744,0.751285358646596,0.248215590057474,0.737431637914082,0.255033068811475,0.685929118075431,0.206492524989368
4.36522579590263,0.451260358021311,0.0666948258641518,0.0661042093296564,0.0951244818470525,0.330467844618038,1,0.281360308905339,0.479257764810185,0.623417348858106,0.328465443492205,0.911622601350864,0.201405622165845,0.737871128254477,0.172522826375851,0.85510124035381,0.17427140075182,1.08429647229443,0.1497668743006
4.38327324474704,0.631023524091419,0.1223700037114,0.0889847434394554,-0.170241092185404,0.320189166879192,1,-0.247550521336112,0.774921532629984,1.13696769502795,0.318637445108304,0.681301004254626,0.257840225597619,0.801519734423333,0.162062921072232,0.91251889545853,0.202801005593872,0.791024108216158,0.212689802444324
4.42300182099442,0.577875999353804,0.172397733883366,0.111170219181769,0.079036164789762,0.388982258335638,1,0.0535541053562226,0.420303420579279,0.825107904741117,0.325633837342162,0.864751595466719,0.224183927147655,0.497919555263528,0.247085001996942,0.929933755039283,0.203303354561701,0.994730182862182,0.159408577232989
3.79411075189204,0.519013406171417,0.0360362721855478,0.058931080286997,-0.14489417335083,0.363982429125897,1,-1.37238524816473,2.22299014469028,1.14580095433128,0.735217920833781,0.635234641774311,0.252506234155009,0.858090659117576,0.208166132961038,0.649030356720606,0.201694772217851,0.797557226991281,0.173195053753104
3.46565704989614,0.316363562543664,0.00675298268756894,0.0589884141034789,0.401812599068251,0.177948122323489,3,-0.162077668157613,1.89378354969922,0.461584420122042,1.01816796317895,0.528234669861506,0.367317226859954,0.981479133638854,0.128641264737157,0.468547697896379,0.183561736854417,0.582153568771286,0.169475917036169
3.17732212535459,0.313034309358518,0.0150628090020584,0.049412471982323,0.00820690315755491,0.300774382877341,1,0.253650023836969,0.616157936665678,0.266808509639178,0.433172065604059,0.401453396484671,0.328798704899361,0.723616246493427,0.17092386259678,0.230730833764277,0.222974688390779,0.565708432123142,0.172105315268744
4.03745289434819,0.478537677771727,0.123089380677285,0.0912650293416693,-0.231396611068076,0.344858183060614,1,-0.487740368906992,0.826754929969729,0.981199946013215,0.403885732154772,0.668865517116934,0.343099802473631,0.862409338573674,0.154387670792919,0.711046163730621,0.209049942351279,0.653040628900695,0.163622478650511
4.0327602848527,0.667441996471444,0.161696612193733,0.0905312056218392,-0.326705405818114,0.259083267087466,1,-0.308787719309316,0.614592389870186,0.886994465226332,0.304142517740082,0.692097772609276,0.218256413059599,0.731300146718768,0.210661805047083,0.717792700821043,0.233396774775127,0.969113675579819,0.226712819845816
4.45244530385147,0.629025295351164,0.186746928031143,0.109889308703255,-0.249080035444669,0.372711669750802,1,0.188406887169563,0.55773529659755,0.661712015509665,0.334075071667786,1.22526156382687,0.173284264136639,0.561451231155797,0.264197580577977,0.760547267137948,0.184259191447926,0.295108482221162,0.263508051068702
3.70273007781091,0.38898105032292,0.0402608940827585,0.0725855956527617,-0.0597085120185675,0.283307196188878,1,-0.190667040178313,0.713833996119359,0.758932329572203,0.355989908231397,0.689840006679223,0.203738485382519,0.686318610345983,0.155240455248241,0.503084064335698,0.173222106067099,0.557996232106057,0.190812566784088
3.40437117051583,0.404173047829037,0.0311543594360366,0.0735639844832431,0.173349573846186,0.320795935053974,1,-0.653163217423718,1.54744279277968,0.887439537801012,0.660068530800289,0.469023485065685,0.242578374281435,0.875103368570817,0.173582424065121,0.5249748342421,0.190129393477082,0.293053353544946,0.22679404763093
3.84846181002889,0.323215781776504,0.0129068335627079,0.0614367510298399,-0.00746022474448198,0.388906134806522,3,0.0784829639339152,0.579408998134415,0.825445050663532,0.319650852039908,0.665415906111862,0.240034280575926,0.646616394360388,0.177371833229923,0.62358990390147,0.152248750725372,0.638574067276123,0.168044360626811
3.99074728026586,0.439360424382485,0.0658719423543559,0.058591148378066,-0.197104903365589,0.223435280135369,1,0.216695354821543,0.53234403693639,0.834915939619791,0.314478224945543,0.437312034382963,0.305522634500159,0.893539854804322,0.169410568054391,0.675052090880476,0.164261847193588,0.770706786745402,0.175636774889957
3.75164734978403,0.466703380558684,0.0831897116923857,0.0941918662002605,0.25313193967984,0.35550808808811,1,-0.500529620155546,0.876582042515087,0.776319753999823,0.458750192627126,0.71867101745628,0.212972798183759,0.831739098434936,0.168040066800899,0.644011352046581,0.178888113564295,0.594732620037912,0.171993282933084
3.2298237467344,0.412896354299309,0.00986592101699927,0.049813010556908,-0.0849646064886361,0.29417203435239,3,0.0422706998069484,0.602622159022733,0.633416800314839,0.267254566606833,0.44220658859854,0.23461267391361,0.679168426333713,0.163442152842681,0.458427021462169,0.204679398732577,0.418712548377888,0.196847772507171
3.84728618150272,0.419098720541832,0.011987209441717,0.0618662962771807,0.0362987618003361,0.274278832275784,3,-0.0234112674363853,0.3006977957446,0.76153415636534,0.24331608282453,0.766462704994661,0.211716374892812,0.798085176404109,0.222999923261676,0.694652040061207,0.202273078687631,0.50700953155136,0.213130190437536
4.09987852967852,0.440265343109066,0.0659497622515094,0.0623173253624641,-0.284265672292143,0.204342030441545,1,0.498365592764465,0.504460884976238,0.63507001116233,0.299196072417782,0.474599338255787,0.294618484970626,0.888410177222651,0.1825023187114,0.76251768308985,0.151676847709182,0.726518825977102,0.160401444960214
3.85157316029437,0.278152353170422,0.0111673588590664,0.0397762693935308,-0.00899206377296561,0.25928538499222,3,-0.088662794550083,0.652150015948151,0.716154416572849,0.375789844844426,0.786522281696408,0.195712821100781,0.635043672747846,0.221060948938658,0.730769022920605,0.148578641608457,0.817317143498334,0.124341237238584
3.80999239663486,0.381021648244606,0.0118395770688787,0.0602805331823226,0.0138751179289102,0.310100913790454,3,0.0184909273652734,0.437925421731842,0.692094822281395,0.242567118733911,0.709004779314306,0.2109464587695,0.622676280182288,0.203446138735589,0.712928952741041,0.148666761577141,0.769241205241143,0.170647027603122
3.56138160045214,0.330906185356177,0.0119090754324212,0.0464163882173868,0.0495022841421349,0.264402619519705,3,-0.261632675722896,1.24320303802129,0.523657277954692,0.722755056400771,0.75207657094381,0.214672625361456,0.754992639447843,0.150423942100983,0.631370611756171,0.130306531745326,0.687738221914202,0.161328132546161
4.49007703215574,0.575620680868931,0.108535693113333,0.0910725438534089,-0.122796940846708,0.296346995690617,1,-0.37820659690749,1.56253453441298,1.12442008353624,0.539422540703871,0.779344798385313,0.288794381583448,0.758297835671063,0.223281547685737,0.875168803010724,0.204133013236031,0.853243365917563,0.16543946615503
3.84196457913982,0.483155418749294,0.0126994175227847,0.0591313796071326,-2.35575883252477e-05,0.302097919206379,3,0.00737277973431573,0.640413201943684,0.715325772465788,0.329927684128757,0.652196729090326,0.261559907325308,0.658664480883842,0.253821987246591,0.706510662523089,0.182796900174918,0.750875229904192,0.194373265614205
3.67943397436818,0.307547182052368,0.0294023107896014,0.0518390616605946,0.212594260004744,0.288311117057559,1,0.358093254993899,0.412130659939496,0.732912191556247,0.240676143437608,0.614754825801744,0.21854222614117,0.417288026296236,0.206854152923952,0.73536286715074,0.169897774390144,0.693241670204228,0.171942941777747
4.16536962821684,0.518992413776049,0.0616101549160053,0.0832850884888678,-0.00511183638768742,0.437789928843565,1,0.118456256059201,1.05908974633068,0.773079938078999,0.501023626082227,0.703830687898239,0.324617883904234,0.731647966540971,0.280305828652281,0.93453381196926,0.19151979653823,0.703468722791085,0.200820793680143
4.37210978447206,0.637129385500646,0.0974585819305662,0.0777567637126553,-0.424019336283488,0.241336153658078,1,0.338480329867863,0.830051662687874,0.254100074392916,0.593708866409824,1.14905019876757,0.258089895604007,0.784518329021912,0.230179467612251,0.841992645385709,0.211115400857565,0.714653592794817,0.229098451267257
3.66508051232602,0.505077993972763,0.0458551207801833,0.0851526274248714,-0.0746500611708838,0.260393400207865,1,0.617038574720217,0.580503175398099,0.271598313099845,0.578878637132191,0.814233162836125,0.364619292043985,0.583856279886997,0.349892476360857,0.503353047962603,0.184196054387994,0.777982152975189,0.193122791349712
3.92227168403468,0.427941163547693,0.0371479969910485,0.0706512545837512,0.0174926255246634,0.307256237350926,1,0.323122241954862,0.542328985501072,0.720470354876247,0.288485971433412,0.667481008753685,0.175941513425497,0.635121328436682,0.181230638632925,0.804524442819621,0.140607069608193,0.527035388542811,0.193333148157951
3.79769477626881,0.339402860862998,0.0112780603150433,0.0470444279952671,0.0158792177098494,0.31834059582805,3,0.0202044653714738,0.875793513722926,0.75486972135677,0.447896097977874,0.771138259400465,0.231609952288558,0.697699448877982,0.189459931530726,0.619985922474083,0.182693952358272,0.777690761932548,0.139628785391501
3.7994682709167,0.336821495318728,0.0122403791342197,0.0378467441278614,0.0196142138574478,0.247266078507637,3,0.0596220561682106,1.14846827640831,0.831599586796173,0.49439034289041,0.650818279307574,0.215353592376457,0.740628525799493,0.199274059005456,0.758005613185387,0.156731229165373,0.614146454519761,0.165161175296729
3.38511190563662,0.327987925879952,0.00901249177444966,0.0463395407822276,0.0172414415645174,0.356485022809786,3,-0.104797611992238,0.678919407918704,0.257613554939142,0.448760089717313,0.80790517865769,0.194206903747778,0.615936748416789,0.200811510488142,0.501485951840008,0.173950202624108,0.734485989450488,0.145346586966898
3.98330365704739,0.417083016545976,0.0297402943084994,0.0653444245428773,0.487492628711282,0.220537135104253,1,-0.251710381885402,0.795537210618703,0.723988846387047,0.424546065750985,0.879804181779385,0.25717902921362,0.862139655634908,0.208775196334386,0.684855675787037,0.173981216133141,0.518157589734316,0.180909832744261
3.31206018194528,0.272692769164865,0.00836907588248488,0.0456663308483935,-0.109590471974221,0.197172517028556,3,0.233012046284835,0.52595490293996,0.354378977572736,0.341851758198268,0.515392914140854,0.181816825554792,0.60175861318928,0.193378188607813,0.57028015935825,0.162268756104458,0.618645920754109,0.13765659152582
4.57388631037131,0.564470554019059,0.102086794106159,0.128966739155777,0.281721088209726,0.496727746527072,1,-0.752617149961661,1.19832990246345,1.19540811708812,0.397124698361121,0.901954018246439,0.24576682226906,0.635819871440025,0.287329373937573,0.951913211136634,0.161059802105955,0.938226831393285,0.19329905622028
3.84314697463204,0.349699401350833,0.0158539934997272,0.0375751831009093,-0.0741115108081078,0.299818898225801,3,0.00148884458866405,0.907326342150587,0.745343471304715,0.439379720676929,0.800715500657818,0.225822730324081,0.708380237031255,0.176619403119821,0.635578545631983,0.169635141448587,0.578165812928918,0.155374495376974
3.79679169744294,0.541404441988079,0.119195512959807,0.0857318379720897,-0.243875052191347,0.255208034579273,1,0.520703860065797,0.632124029536585,0.449231799285179,0.449468048203989,0.166216165949457,0.496195911994304,0.84765026891936,0.221520306968236,0.874679678155448,0.154023781968864,0.674818776876813,0.222863477633975
3.47208301096973,0.359051673491952,0.0490107143592775,0.0714678943226977,0.224617604841943,0.376827473872124,1,-1.1147915077785,0.661633028615581,1.19679950846063,0.241263459561589,0.67808544595248,0.212234763403724,0.205135885233781,0.238687292805395,0.643996738108514,0.203112027246447,0.589108513527788,0.157150295432692
4.18257092515001,0.646206704979368,0.105394585301109,0.087449479276103,-0.256835451916595,0.325494621745913,1,-1.50207252688791,0.716583976125883,1.22252319045367,0.278336670597562,0.694449696190023,0.390996788999842,1.06323873128394,0.207558465665469,0.679001178824621,0.259652455144185,0.848069024913592,0.192732897222183
3.55992193045349,0.360500329338979,0.0706894776278572,0.0918977550785121,0.324993924010632,0.332976054395949,1,0.17809932801851,0.65121473620563,0.625877245337707,0.381382775571921,0.455486356110773,0.275861031645287,0.525422800044505,0.174137490404448,0.807259942694344,0.140610454337584,0.537147043650448,0.184790368165517
3.64061603346412,0.584563656549364,0.0972083772655821,0.0900215518811422,-0.19065426280693,0.331945428475412,1,-0.216961268712118,1.61980403925919,0.621691528899955,0.849340470766345,0.819435742733356,0.246038193484643,0.617271397952535,0.207021903302608,0.676377793887258,0.192261653282473,0.475231751586689,0.239836946071241
3.30698355564706,0.352786303213371,0.0763490713398127,0.0695829297871996,-0.0847935640128199,0.350197226483164,1,-5.84965434585113,990.200466887505,1.95874397166287,139.6533995396,0.789517869846695,0.291406627938132,0.621868031809961,0.203992087750097,0.588027654335248,0.183532317075107,0.272572716563979,0.197754365815111
4.86374838381448,0.688785465279866,0.173122185672082,0.0841888161706341,-0.361961399189671,0.239325047364537,1,0.487181139536394,0.401422782036843,0.945037435736569,0.224397856404363,0.601179126350779,0.341712792724608,0.952577714804116,0.190840578140078,0.950591847340492,0.191705280264716,1.02550209999872,0.194963867224602
3.83710415074341,0.377467234124236,0.0819053045355789,0.0781902637211526,0.365735326341978,0.245766557603665,1,0.458795863949511,0.382264894880572,0.435619349020767,0.455531452955301,0.465978097299893,0.417344046686329,0.734832524162933,0.21954477210367,0.827066319493566,0.155874674549881,0.767001661350465,0.144398373012694
3.88288006393977,0.433025041003643,0.0832790116836103,0.0658575741536351,-0.0789225536164589,0.375125016090033,1,-0.123851263876225,2.78596894522204,0.925456091683312,1.10160266577507,-0.0604467976551057,0.407038678102404,0.772128122610319,0.229234470102996,1.1041776635038,0.118545666649413,0.574428365667356,0.196088756562507
3.9287626622695,0.458257386829779,0.107425428970585,0.08165819637455,-0.0510970892411756,0.319983207347154,1,0.191344024577852,0.494973366672007,0.628687510138897,0.294826396211428,0.785319012689512,0.213965668839035,0.729848478300158,0.18587744997691,0.662870871663143,0.19705582955089,0.722793059866617,0.172675296101175
4.36691886042029,0.541244282725525,0.171866553999828,0.119138109954571,0.169280825000149,0.508620958205146,1,-0.470262486286436,0.531646672562033,1.12363049868728,0.207534318081036,0.637133550978422,0.277234438168275,0.743739466242946,0.205085543064851,1.10500925257878,0.192956445122642,0.629001529442536,0.178347032566981
3.98735060512985,0.432948067425277,0.0544186490113099,0.0637576892648288,-0.132924197252211,0.365346894461693,1,0.240955782528093,0.455193098981358,0.721323016296474,0.253345411241668,0.638075397812784,0.222147109129477,0.584964673320976,0.203090986553916,0.858978823744146,0.167758883763119,0.661657287288731,0.199937638135778
3.78030440896296,0.295538369198871,0.00724666279064276,0.0363544361882808,-0.0365323182068763,0.265094152295583,3,0.0356963498621937,0.594583687048589,0.724668470740906,0.321848737590514,0.769681508774331,0.175028813799576,0.629944550518329,0.173490376646516,0.660685978697534,0.14686919366408,0.792662847841676,0.152234868446698
3.38739671870442,0.450614156825276,0.036085725094694,0.0836496803409532,0.0271531386567557,0.392211542152061,1,0.177849839489449,0.496244923403923,0.461174467282447,0.34422795222712,0.793535892707163,0.228958488603891,0.295386683385115,0.2181354609303,0.655443256336278,0.189659280403564,0.372140650922628,0.211623823225262
3.48996925561864,0.351077394607074,0.0389163418799054,0.072849045711872,0.203924176687186,0.288365364462567,1,-0.364397827957763,0.636127207218432,0.696464876158339,0.336815539579544,0.599875085290055,0.229120864457586,0.637535947201002,0.164240852103151,0.683219749736959,0.175214515759572,0.70783706698805,0.139850762826788
3.88230221901337,0.308596297344306,0.0102734593977018,0.0556518706750297,0.161846078520424,0.233397077385576,3,0.0882755512470874,0.502736081478688,0.774826426696982,0.281588084862074,0.698945143766404,0.213793373702256,0.701679427562745,0.175284968073386,0.618208828700528,0.185416658217664,0.774934761073346,0.177438888005457
3.59167530340774,0.536797881679447,0.0659386679816321,0.0650084646989594,-0.0420258903954718,0.357849737447668,1,0.358628787875252,0.666997237889243,0.528892451088643,0.48678526966777,0.624598519264195,0.22793524557007,0.567230976858252,0.222549643996056,0.435203095318126,0.225665696787435,0.720440188048414,0.195604796281665
4.17037312349804,0.477953196177314,0.10851601855784,0.0942323987769695,0.00529219287903203,0.344486328517181,1,-0.159366610785915,0.95187175120841,1.07184360180066,0.401064132187616,0.44735107877338,0.275016393857736,1.0478417783992,0.245143241187265,0.605281189983915,0.182348255622111,0.630349704735947,0.169581237698747
3.34623767243263,0.397105210610436,0.0658097517071126,0.05770328711044,-0.0627596507149286,0.264785268986317,1,-5.28965306924671,989.513748501135,1.92436024423261,144.438456035098,0.284607146171501,0.298059787033686,0.867565340191431,0.147019246604179,0.563050197583865,0.166447519652943,0.632185176523494,0.144130233057372
3.93442200598388,0.427956837363959,0.0327008672390161,0.0478912217347772,0.164616158078787,0.252678644807203,1,0.490921865599273,0.725342120080883,0.313111929929075,0.51825430319912,0.510126980013071,0.261142078162995,1.04614493432959,0.158093599838186,0.72308972348917,0.168953114403298,0.622372906017698,0.205885180458019
3.82304441187944,0.372937414724857,0.0155866302069055,0.0678387879894756,0.142867819211142,0.338207793326022,3,-0.130802212698965,0.597994062663519,0.949379656022545,0.260422055960813,0.208760802367888,0.265959238826309,0.601504218757284,0.184700249810074,0.93345236253194,0.145718398652562,0.613651696040977,0.161373669515332
3.80959560320696,0.371652443177292,0.0122817271010237,0.0521949596683654,0.0383618375852134,0.303921487034766,3,-0.00186249099547835,0.497136433308368,0.734938636864145,0.342964136008824,0.785573985565743,0.24744467942257,0.536032173299079,0.16984193114694,0.710390697545723,0.14561794323004,0.703387068408913,0.158724115540412
3.65059856030154,0.373600118095688,0.0867417728661891,0.0768873822647875,0.0464881031323866,0.313592368299416,1,0.0093824159614326,0.383258845713068,0.732381315193559,0.229643615317182,0.398077774212815,0.288975725640326,0.883215352848026,0.152302424661545,0.657483820046708,0.175896716348423,0.673178172067732,0.175711060708077
3.8189437585964,0.328595849061062,0.029845466181606,0.0565671003557336,0.196797208666303,0.286873596244367,1,-0.183409994656479,0.479544900583802,0.743561536535146,0.257590472663226,0.732999593381116,0.198478635479451,0.639372043736744,0.200416802588927,0.944556720183276,0.174648424798711,0.662193149183378,0.146091074115692
4.39788306607888,0.520320493041856,0.0875018908455497,0.0668932138166658,-0.0564019796123161,0.367478981446592,1,-0.526027525833932,0.643833646331821,1.18068061158437,0.300966058931446,0.690073278861122,0.315747236242033,0.829615358444375,0.202333596947651,0.877316470708915,0.223197694006348,0.840155090230446,0.161874476436604
4.76265941159302,0.899252260288006,0.225878988456352,0.148718518895335,-0.215317101775617,0.446515703257808,1,-0.287239743967313,0.55014998281139,0.90138007342095,0.343156866154609,1.15323951041401,0.207852241969935,0.579079276973806,0.270721224916501,1.03042536995035,0.25429999747551,0.959243208028125,0.243994460349293
3.73435940868979,0.424469730796857,0.0697897726044477,0.0833974591713223,0.193356397466877,0.431687752262492,1,0.892728301459671,0.60186241774904,0.336658094453062,0.373951771866767,0.630579402444453,0.227054569181666,0.604736114745469,0.187886426740655,0.48804023310568,0.188972761189976,0.863453512537163,0.182480450119637
4.02438399660117,0.331739259051822,0.0852307731256114,0.0576775728839815,0.150083458332728,0.28296093077561,1,0.458191593051768,0.452475025537601,0.400236667088066,0.296820614335109,1.05178405321691,0.107887794783393,0.139782549956454,0.238334449814032,0.718849176164461,0.185456484360471,0.883394356732046,0.157604535837806
4.03622725875993,0.511352191778853,0.0795278834390346,0.0859530778210505,-0.0177493817941527,0.350343241958271,3,-5.34701265287748,991.836116514246,2.05129091410296,127.51922886151,0.704664796792263,0.24505052078837,0.678154134989153,0.259138724650944,0.541163207416952,0.219715907135101,0.938954734071292,0.170980254248916
3.42440859192834,0.190605831615245,0.00786566382048653,0.0301171758960837,-0.0237933282053191,0.275741427991209,3,-0.301079741703302,1.79458028218649,0.311004820412323,1.1101282259435,1.13543036764698,0.189521066554344,0.108710037374389,0.209300461361768,0.620586192196563,0.113550830110563,0.849534122395897,0.117836153156358
3.91627577149627,0.411900370008668,0.0372713168137269,0.0657895263956056,0.146748069020119,0.302554650529224,1,0.42320731333506,0.526110409286642,0.489830524936859,0.349368364105458,0.737725448738787,0.2409035003006,0.715264839977005,0.242633316983623,0.61361179054476,0.158874605779993,0.888799039330123,0.147244633040813
3.72173824347337,0.45875089127205,0.0267810696667057,0.0579834512543866,0.0223994361970682,0.379420741373303,1,0.1231563210659,0.576599312095588,0.717912766190838,0.377967334513235,0.477148252448536,0.344206912077121,0.575634824809241,0.212279102508263,0.935788767806446,0.189823671252651,0.637551588368167,0.172172793054176
3.62824707213375,0.43473838205933,0.0372100371142063,0.0720171436548316,-0.365536132269838,0.260453120634695,1,0.0970154692789762,0.610223616024884,0.368456470565518,0.395369626864619,0.682718198148272,0.346871999147972,0.812060811118574,0.198303947372167,0.641700427983743,0.189371953572545,0.67766343655333,0.20177565953542
3.87910344798369,0.30030721557807,0.0123356944039956,0.0299643876930064,-0.0103685347890736,0.325461841437293,3,0.0854663769237268,0.373752936714712,0.747404869580346,0.267838922589249,0.783315094794205,0.26064518076717,0.766570433952597,0.190059420737964,0.581383621988697,0.170451358057458,0.511607973383178,0.179969375300744
3.87158870765834,0.367202770360455,0.0134381561101149,0.0494901918353482,0.106738117014376,0.360458967872361,3,0.0456809323111829,0.798286734176696,0.817807169193406,0.368757231712493,0.664264231151012,0.316928129473767,0.704638588246126,0.191580330404079,0.655787112826263,0.172129660998109,0.794802806943765,0.154677065168123
4.16750665922548,0.47961471409373,0.0935032129404944,0.0950906304376469,0.400581847940219,0.360035117161142,1,0.13920406759557,0.689083411552993,0.881948709509063,0.318611852768078,0.655020804288898,0.33201053749038,0.739268020772128,0.195495709723353,0.56328362667723,0.240693370362081,0.970588639687192,0.154371179524647
3.76990410085458,0.2681868505884,0.0110817177847692,0.0375978454071235,-0.0886855690531128,0.244137777159749,3,0.0652202536568681,0.420673718627487,0.720082280184954,0.250926542910034,0.618222370345576,0.222240125197728,0.644686584614399,0.173046014673573,0.644956271394509,0.142910833190258,0.763507935991055,0.149619483745546
3.68350470254553,0.28356004511946,0.0115991372719294,0.0401004004933823,-0.139679895829599,0.261224342587523,3,-0.0563839952182079,0.410459000233996,0.623450981581808,0.274903820766593,0.755914538746719,0.220945954556814,0.639475219952576,0.224068650846778,0.666296334341494,0.159253459377373,0.736943283204455,0.139177045989497
3.79918498898528,0.342013763730703,0.0121309415913886,0.0471476873135955,0.0169609031103845,0.322981507029348,3,-0.0687794847337829,0.528940338236582,0.718358133315145,0.277420147993433,0.69101095466573,0.2346787945093,0.770321574220194,0.194062981145726,0.481656802471991,0.190589306766356,0.776787812686539,0.138116594187296
4.37626475831645,0.594108388172684,0.0936801955847918,0.0960459099515129,0.355771561373816,0.310052806774633,1,-0.216423494573933,0.377225859887542,1.06472019912774,0.273639498443544,0.826916252922894,0.244377050525185,0.484229516452901,0.22848474861303,0.986925685376706,0.17119036234572,0.92415993991271,0.206851559088426
3.57007157113005,0.372192169170006,0.0108234080331739,0.0525800670275916,0.341490620996387,0.20582743161847,3,-0.0724070046384538,0.810687059206838,0.82337970780863,0.362617392472956,0.466713820478891,0.213337303792584,0.63852966456281,0.178554288787322,0.795019682249361,0.144839435738255,0.48782934955071,0.168898103374374
3.78748135309346,0.434002218069068,0.0172709837815151,0.096123607595564,0.394533457143088,0.293153898851537,3,-0.0149022744242872,0.639498138836129,0.648907058698453,0.397651496091888,0.7829603761289,0.191158972981563,0.76441685794462,0.258669963848757,0.754749450296728,0.13546953515471,0.343051315706613,0.254858919295798
3.31896808139643,0.28972591947955,0.00774200991162106,0.0519280658669582,-0.038384627526718,0.289931588925094,3,-0.758408038396306,1.0063942223896,0.928666253200301,0.431125419000731,0.237008697995005,0.285656913893149,0.836600989970585,0.167195910101106,0.676837796910934,0.152058396330625,0.335578463764322,0.200722424059893
3.68379137922443,0.43281482964051,0.0486869051266037,0.0620408336700493,-0.266599570072829,0.23262403731714,1,-0.342117501076924,0.459374496361121,0.857230578999076,0.233648298832376,0.555369494568792,0.268445382993596,0.611742556719983,0.19453987210649,0.886337914946846,0.145274138275393,0.328439405170636,0.198584735483747
4.65867104684417,0.535298867030033,0.1700367109567,0.0877363638255836,-0.186465482757266,0.292206197902114,1,0.186171618846413,0.470557767807212,1.04109544949091,0.281264508426685,0.333333541852236,0.375297159159065,0.961375547539674,0.178415412788888,1.04313161548435,0.17108765356344,0.878633792575215,0.184822819044091
3.54487371746715,0.280558938127128,0.00493146620542977,0.0457629232390554,0.363502786650831,0.209430546978807,3,0.0629084852015164,0.653354045891981,0.772710649410172,0.325934576474956,0.3047694381088,0.184030838142178,0.626975785158349,0.162975210048601,0.525605811176667,0.165442088011915,0.777116006599821,0.121094643759944
4.68232886006855,0.483476823102723,0.178368455358984,0.095267152774698,0.163020515997577,0.324199154899222,1,1.12200478644049,0.390557535263163,0.401542059689368,0.286033970336311,0.880267065435975,0.248095070532404,0.85935251854562,0.218357830316113,0.999593464628588,0.164193562206543,0.813842682990768,0.170305620230537
3.9559658745209,0.39483478838506,0.0135710879565063,0.0665882749464007,0.264128529892285,0.303887990123819,3,0.0788846458648316,0.771172311567304,0.767688692510293,0.452118320516942,0.782881578525699,0.333507165165537,0.827473377360754,0.156244474371114,0.449494502763682,0.194703079545915,0.780942594017242,0.173689665563807
3.82871753179604,0.353719392983405,0.0272701158554885,0.0557279357577132,-0.196234714944058,0.240186119746726,3,-1.35488983462269,66.5162883519293,1.27256972661746,18.624985325229,0.839394993607944,0.195585879779671,0.490219906545718,0.171518195622771,0.631383624912822,0.196176364264291,0.632571784101131,0.199526942372761
3.81217553100128,0.446738458603063,0.0391316121935733,0.0714281168752325,0.0251238476416368,0.388121705230495,1,0.35804393066353,0.514788611342482,0.666330387995433,0.270565553783869,0.639009283052164,0.223960646225743,0.68601965683703,0.20458412419681,0.635622802317854,0.176518619311454,0.869039103968765,0.162054395726859
3.87708698113592,0.293271825668927,0.0103641566337288,0.0789182919527836,0.408014218455297,0.226280725901144,3,0.078396423158965,0.367066070024636,0.796948398081782,0.23234962787803,0.586301989075777,0.246313579822215,0.892558284911358,0.176063283934176,0.598171179899884,0.159841589471428,0.437909973278034,0.18582911933719
3.9705011453712,0.595118926196098,0.107422427510074,0.092576898773286,-0.299182920457818,0.242447683139499,1,0.552332425029933,0.75559066599081,0.297438275840245,0.535214662446267,1.0293625166066,0.21831426839626,0.601924111492437,0.199621228170975,0.716529956092275,0.201302712935854,0.652357333386238,0.190399593452979
3.8401700504363,0.403284307296531,0.0134999926825252,0.0470751959376793,0.0380183355979516,0.326578501394035,3,-0.0375973333994217,0.612540142272992,0.669913636137399,0.386374817480087,0.735437327239969,0.292580058933213,0.677742200161442,0.217029317282203,0.59890641876062,0.197957591353622,0.769645017397963,0.160199943687794
3.80039303480704,0.278721780532486,0.0141198884361729,0.0542554053139302,-0.0513948624829654,0.313326677745687,3,-0.0197575645634829,0.679410392918589,0.682355284780978,0.394567091724872,0.653978929132449,0.272792977147629,0.707170571343057,0.204925069749708,0.680546229262932,0.179208099088627,0.725470326714819,0.136804934960453
3.82568773286381,0.324941055008478,0.0136169199218317,0.0576602982165204,0.053337833518862,0.36001673310944,3,-0.118153323168143,0.524519869904866,0.749169917943519,0.338767695033623,0.6985059086886,0.251776157204049,0.693385843703626,0.157497990550913,0.654024402963669,0.126178443526867,0.756458593012202,0.135148618004883
3.99904604654986,0.596594090162774,0.0813535454320023,0.0858987098108852,-0.0220482107583685,0.296986088314715,1,-0.283603259519846,0.764970887395202,1.02032952062281,0.353233468232578,0.182430047871709,0.359171911857988,0.936447498908942,0.211774634615207,0.600013447483583,0.184535747693003,0.86922215344968,0.178505988038413
3.3572355413373,0.338700458537143,0.0165915882935636,0.0547429739264457,0.227022946387289,0.254320654445964,3,0.346386063006119,0.575631042890969,0.401297300610353,0.394683892876475,0.459272276748266,0.256254184912553,0.587930258461193,0.217672198848458,0.358947026850923,0.228160285183469,0.68907953334146,0.170026684220099
4.17474749758245,0.47949354066837,0.0546080153851531,0.0920916691473313,0.255565565197127,0.385943567632016,1,-0.641484100592522,0.677710770766964,1.21653497746174,0.238391942831824,0.257245764687673,0.362481643566338,1.05271933522842,0.168111547524609,0.353746203015646,0.202073981375889,0.992453170879524,0.164986827175938
3.11000465427283,0.246356831360042,0.00311499472332404,0.0393375426628948,-0.18253291109886,0.254753243501929,3,-0.296182840946329,0.602683109353668,0.633453999342312,0.327784205156893,0.577096965657297,0.209051625219641,0.392143824590748,0.235173088683857,0.613139758819547,0.163024160302324,0.590109871949892,0.15354346323609
3.84191562961971,0.322527557587492,0.0142115350866193,0.0612186292918917,0.00445250033555058,0.343441779381828,3,0.0585072888834637,0.32602435255848,0.721330348138393,0.26568055182987,0.703622978547249,0.242000351927349,0.601835212871547,0.228833798860122,0.641813808188873,0.188485609088366,0.773227795837899,0.151406321478801
3.91019841075917,0.307265839487368,0.0100779200691728,0.0600832893450588,0.129970638302837,0.326678578564496,3,0.0253205831304245,0.599436924324281,0.707607579609411,0.352047903413041,0.816918668603275,0.235144047686569,0.809470691800532,0.177579624521211,0.56406406589331,0.154806457852376,0.691647892823444,0.170130632019846
4.62645838784005,0.493556452006149,0.0936228960661733,0.0868916257138902,0.200236487291992,0.393077950115739,1,0.478677248482993,0.714850784649201,0.878646888419628,0.37508956846562,0.816608353799776,0.253631604904934,0.924756403020313,0.196926654928207,0.638359251228015,0.17654279929405,0.952248963529355,0.160773274746341
3.69907497790562,0.513901352786208,0.128350366816215,0.071932388997058,-0.149593121832804,0.319969687966833,1,0.0666570650717462,0.492860210234856,0.58602341466827,0.307153277568992,0.733382388348221,0.259409438565993,0.709313947724984,0.175948259835689,0.467932673928867,0.236616667093683,0.776932353658596,0.193847185824873
3.80408266872168,0.312199331501705,0.0115092008332685,0.0529447209801685,0.0314462999768987,0.263240757128197,3,-0.0015286095394093,0.487409145549675,0.775194153423742,0.319079395465069,0.750308172039992,0.256554573492502,0.704947930795969,0.137103745028559,0.775502723878451,0.140947064658043,0.595675031584158,0.173457192143518
3.90543419176384,0.510858981212718,0.0385390839586836,0.050831408646034,-0.0330166303434843,0.249725279370686,1,-0.253186323889765,0.542554609461483,0.938651372870048,0.237872738283165,0.590726335908065,0.289974961606239,0.451139222955136,0.185786233601929,0.779167573481584,0.180976293143144,0.912283644148412,0.19206983241394
4.13450981383769,0.476815072103092,0.143960080457442,0.101051199923176,-0.0372818953868083,0.432513130622413,1,0.224417265468541,0.943562707970738,0.770664895482545,0.431935153053987,0.521882368155998,0.245197862725577,0.878540168518334,0.229476505918851,0.725039526702199,0.188891914178237,0.753010997722205,0.163655676347962
3.90781582398751,0.330283874596171,0.0132579444278124,0.0292249298071305,-0.0469100618381688,0.384788787522719,3,-0.0556570035818917,0.711709491665307,0.634888260659887,0.390643118576001,0.731683799838202,0.23648463017127,0.823669619390826,0.17184984696642,0.674868795707162,0.177879162088242,0.773404574740147,0.154824963642862
4.07053414240214,0.486164268045482,0.0847365074236825,0.0848552045148947,0.0624131638209831,0.321459272462556,1,-5.22984734722532,990.393755202758,1.96885183109565,138.275888263234,1.02971153295718,0.221145423626788,0.667327813127472,0.22554502479782,0.707202574386231,0.202859199286859,0.657515020664259,0.152825401247421
4.02822702683216,0.319319476106455,0.126481129223292,0.0953871509893907,0.136738394351826,0.295368941196969,1,-0.00583697974332931,0.376635603890085,0.576585954168796,0.285587804761309,0.802503610146085,0.221243578072792,0.747900453327358,0.168248341798591,0.901146940637869,0.129391360933665,0.428118833073012,0.189918465652539
4.53584683587402,0.535614974116297,0.183699043164169,0.12017048807492,-0.252605717962422,0.33903234034407,1,0.256477985136751,1.09211843792071,0.403747345213111,0.710576235776351,1.26940030776796,0.161702109771691,0.524636317812306,0.217804098738799,0.888100886077048,0.177273567646487,0.796795422552725,0.192980282003928
3.77131459151271,0.325895805929078,0.0116751122095787,0.0372138107050261,0.134795597050298,0.261318878994104,3,0.146435849873844,0.550042185313043,0.772464319574946,0.260245011629201,0.500017611587315,0.361813487156272,0.622576246168118,0.197788934597971,0.827234936095095,0.128978673464531,0.767202224268009,0.151292868755142
3.86684562324117,0.396364404976301,0.0107584234459198,0.0489675899536736,-0.0730796577074938,0.291383255598571,3,0.01700027071231,1.66962506325508,0.715970951168035,0.842071174232886,0.678004869823626,0.231930982424284,0.869449190976767,0.150755618886524,0.504330315028592,0.232791444442227,0.771748837874465,0.234197461480764
3.19602397269218,0.404955211814968,0.0509490199220944,0.0664532934295789,-0.0704887670766786,0.249617677474073,3,-1.33658831107062,0.84478628062458,1.1256742269085,0.304831398922969,0.322320443494147,0.293520843403135,0.728857608691532,0.198605298370747,0.275046813269599,0.207414022214158,0.716123772898509,0.165288257782699
3.52979631937671,0.392215845157217,0.0715726706955727,0.0840976680268532,0.0136627889141139,0.339249360412922,1,-0.38400768637879,0.958715418167789,0.556360922554787,0.551404842819775,0.870386256530108,0.171321352069759,0.597842857986929,0.217494546809843,0.623995768463283,0.17109434926346,0.361220757893693,0.217746990391241
3.71297665221918,0.448427397483648,0.00430734965890772,0.0762232173264651,0.491794473921613,0.222870885488526,3,0.252893670264542,0.538553572096022,0.511222161662229,0.828555874701906,0.655812957548381,0.663130082221443,0.643096470875578,0.225528881911804,0.869012654967731,0.157434543735693,0.353884170281196,0.224745461892833
3.77500917370066,0.473431162113538,0.0502787910144392,0.0706593296965378,0.0483449346163864,0.403742409956745,1,0.679591521722615,0.528123849053281,0.167217540409575,0.378731001929438,0.692871538712039,0.267802122960346,0.729090849992851,0.198122109434825,0.466948180110953,0.204537439428911,0.756436051795036,0.187179550137524
3.88210773209724,0.340583430889324,0.0824682999665656,0.0958832711941606,0.424958665052759,0.354075224194602,1,-0.479947995420146,0.774951116745171,0.644388738340563,0.461673151596623,1.00166544101597,0.276816561467744,0.618819338853409,0.263921884200598,0.676866025977449,0.20923473397433,0.868996666568239,0.138095126472271
4.15614362918224,0.509377039217082,0.157466470095293,0.106202760014309,0.229286800899703,0.2846983297867,1,0.137116385170475,0.642790529111475,0.610038531100964,0.379396906141663,0.845309548824449,0.206530613194176,0.878741448247198,0.241465277895469,0.540736625695826,0.25126248141457,0.808480895471471,0.18255167355477
3.89244109143753,0.431987431721351,0.108438851078989,0.0742666966268161,-0.16065764725426,0.271418669296301,1,-0.15056387100132,0.723145722526419,0.608884533279457,0.415926091362214,0.851369883979026,0.18458394970628,0.627760389954583,0.215068816595393,0.820595742408678,0.176133561742154,0.838968972401462,0.162087323434613
3.84184331065225,0.353399331582335,0.0134307256484115,0.0357967141419687,-0.0728028555426467,0.265155927033662,3,-0.0154069188997326,2.49801496177682,0.680542884352032,1.18964792901641,0.688061363367364,0.244723891533586,0.771214474287563,0.188218905638716,0.714175740830032,0.1410708021281,0.646258440830144,0.150152012272749
3.27550266398189,0.290547335298936,0.00618004962288201,0.0322972902107226,0.0279890678180397,0.240387202114018,3,-0.810159754226717,2.1380230942674,0.827049457137408,0.927935142989973,0.749982890450945,0.193282732398374,0.460260642604319,0.145472847708189,0.698795719754759,0.17186024232837,0.579736253819862,0.171231683398519
3.70887368519017,0.40308896561234,0.0657941859063588,0.063634030539937,-0.0761364625723471,0.280479345502757,1,0.259914814915802,0.368002535198211,0.341373329381578,0.33865755078672,0.846144731943451,0.216600793985605,0.584589522874476,0.198849609619419,0.676186612846874,0.187354682222802,0.705594705009742,0.15344662939017
3.95263540076096,0.48339863902866,0.0429506747062456,0.0574104706455984,-0.190321920148023,0.234462657788983,1,0.60679901616035,0.591428594996637,0.614993724556356,0.325895887145355,0.546632056799885,0.353366343717555,0.586138895708588,0.262812620747927,0.592022484824704,0.174445115197937,0.983170864145025,0.165280440259916
4.10591390463851,0.603487075030796,0.172883611406699,0.134843031205534,-0.141462381153052,0.307520400000848,1,-0.626511702129137,0.67396386374903,0.990763222311643,0.347523207927495,0.953360594728247,0.20846209774163,0.722109873755618,0.268571656154321,0.665958927715567,0.240439456840474,0.669261162205161,0.23502729949361
3.70556067419791,0.366469596683719,0.137110485300047,0.103852935860422,0.139259888843357,0.357664067993129,1,-0.537514694921319,0.595569218645516,0.717168250140929,0.31066157032663,0.648924388005839,0.236995301096089,0.82242865881668,0.158329072629474,0.800027475597914,0.154213656239279,0.64525876920049,0.166005767076062
3.81606026250676,0.414853574926087,0.011858612963593,0.0492466878705209,-0.0288689794106422,0.315270836097545,3,0.0179735341853456,0.752820488642853,0.759802778675912,0.381723367801397,0.733508157041965,0.242480511734389,0.696337917037091,0.205849786247987,0.693552336954207,0.198701068325268,0.659021527967428,0.215111799394497
4.45096337238713,0.536250873901338,0.112255017073107,0.0880477534523966,-0.117794460041884,0.30503167473511,1,-1.65704287583443,2.42302947896173,1.51415378219994,0.546450446424052,0.603124215693556,0.253680621147126,0.76134009657867,0.162264592343358,0.926576353818564,0.176778561566713,0.620570245627727,0.169015385832716
3.9214834739433,0.408438168831267,0.0813244981210483,0.0617200230352422,-0.147755958036079,0.28853072530285,1,0.056869836868443,0.733671759421259,0.827960009866786,0.335278330725923,0.407059649091936,0.27392906643488,0.662646858218751,0.190081390350213,0.792147519599461,0.184726703318188,0.826524263140616,0.146661817126845
4.09340176042921,0.543492251562505,0.100262519153835,0.0925043425782252,-0.0635094360477726,0.396718422170038,1,-0.154692528382089,0.819829273444022,0.87436439909624,0.388093286436336,0.787678192106806,0.335552653989627,0.656573548043408,0.274832814817357,0.888100792604448,0.16476696096652,0.594177751798063,0.173858320111
5.01441791021978,0.703022123550932,0.1515991647677,0.108258811451852,-0.344666996123068,0.27989352571527,1,0.600599703399005,2.36441834133378,0.769039759813516,1.08587415569448,0.790950373537064,0.27072992023539,1.06642973412841,0.195037969219889,0.870885381489341,0.177872539222307,0.953340936590253,0.182268170989557
4.20235285991597,0.570310051033023,0.1955468877004,0.132982472437123,0.0720449221160454,0.607596199288002,1,0.12490468761508,1.47522667094635,0.64268117664339,0.795168457390173,0.943903954882427,0.213463456337853,0.647948344925434,0.189766794516547,0.66218270932668,0.198432941382799,0.643234374258648,0.219696640473704
3.84148163004334,0.388945387994794,0.0131451625070528,0.0540026965336221,-0.0102550713513856,0.309675270575953,3,0.0350927415204357,0.671643269564047,0.788185672634473,0.34536821880222,0.74135922153614,0.24223052643414,0.649139533820993,0.174074376015046,0.72166389375964,0.166612615832131,0.699168347551797,0.175662833739518
4.15246024132347,0.480543901039673,0.115436209751239,0.0918698589627405,0.326809721834672,0.355763575754514,1,0.299044158847024,0.765588341618881,0.765906316304187,0.396760818906789,0.68005911478784,0.28603255934537,0.58091253874541,0.284760495007252,0.865947416561254,0.148799493895262,0.760717380801704,0.163987249830385
4.24411269880457,0.895542291854845,0.138394615470278,0.142427458326877,-0.289797349517319,0.346053859202973,1,-4.61842515310189,986.419056053932,1.79270301089975,164.248172884596,1.08453386786131,0.252276067223375,0.721404010447465,0.266617000519472,0.933597087552319,0.23043970719397,0.828555075994246,0.276534440248067
3.91770801173637,0.513792153745211,0.0707432187528831,0.060658478919728,-0.206480859020809,0.342118409840194,1,-0.248934259030286,0.685972746236197,0.840130666412653,0.334885285282633,0.564731466906924,0.354691860995926,0.86499912372073,0.181682123628771,0.895654219584344,0.187189371882654,0.652858616042424,0.250259898217108
3.48581762381795,0.39537013269067,0.0212522689824962,0.077934858559615,0.0988575133598435,0.50917876568792,1,0.544314581186007,0.694010325960234,0.433628164117573,0.441736847333613,0.365762541228962,0.264674205953187,0.699711396934143,0.184789165634469,0.493634354138899,0.19193171487066,0.75000567895796,0.188437978048669
3.8933375570133,0.47293965388415,0.143008217824441,0.0853243281641485,-0.209067177616924,0.365628237929443,1,-0.707267807701236,0.497931625547389,1.07898223618681,0.22853375343154,0.623562851585688,0.25914794819128,0.831806135383201,0.175678408208159,0.541263437196603,0.181574689936148,0.729315744110283,0.196089683119948
3.62521308095689,0.478941364424227,0.0110965252596897,0.0922817750579535,0.344302577667344,0.30064038351994,3,-0.0429051488191223,0.690918486976632,0.642807365778452,0.336957539432787,0.522403808696436,0.352071100252081,0.751679321298167,0.163446693428099,0.909505984222206,0.168400664367545,0.2136992265045,0.214395459348094
3.60029840932062,0.380078563337618,0.0541015826632354,0.0603235693593132,0.133202781457698,0.355092907550178,1,0.290989242713596,0.528954090285316,0.679990785505329,0.339056829978327,0.47710162082771,0.315341113495735,0.657812377280401,0.169323183950937,0.582261942145982,0.172375694240725,0.702709923828314,0.15120744558548
3.48208782436082,0.322265513528954,0.0341241432862508,0.0456412382251897,-0.0811380583505005,0.379952439140138,1,-0.70438666916146,0.561053104673704,0.69386552690976,0.42846003739775,0.936527308478723,0.322007099119794,0.294696557211068,0.223630359620311,0.825409148442218,0.152966807062159,0.6582135436029,0.149598967827067
4.04371836022002,0.513722092244351,0.100831962740614,0.0961814021325525,0.12092341450574,0.390687453622053,1,0.929640757320875,0.783027247134734,-0.279968593464303,0.724718864825005,0.978527639646656,0.243822283742413,0.68977409017753,0.285266276992701,0.879992804190218,0.164162148361786,0.620623369703608,0.223622846582914
3.50600069658107,0.397516902073985,0.0122338033623879,0.0882740512735154,0.415467731308039,0.280710741088498,3,-0.125082981664445,0.815784500767284,0.545998128225217,0.494262621093543,0.59204304745211,0.219311713025872,0.66100062236591,0.155057677726188,0.590967747194122,0.202114452423616,0.836724816623944,0.192355426888718
3.72592778486063,0.570243572564198,0.140434633669069,0.100476508222125,-0.296173822669538,0.262662250985678,1,-0.109381616044875,0.450609844331822,0.371508228913297,0.483672535026581,0.844296980884149,0.376274561225272,0.711363699810537,0.19432126015567,0.631202303483247,0.192844526069987,0.887137290220793,0.197074539426319
3.49704399294892,0.302068509494913,0.00911135465838889,0.0576614229526017,0.220385674857912,0.244444914215252,3,0.507617982812568,0.443910553543722,0.314268550598558,0.394096797232187,0.79426806581504,0.227425933055061,0.501211757584978,0.186545129672033,0.563079650904585,0.165854388389564,0.686566447991757,0.150576723238244
3.8834361396132,0.416107990708298,0.0161748173204196,0.0582825075876581,0.0121232609455439,0.326525568813988,3,-0.00765737021866565,0.599236615269437,0.653615482737877,0.378558132844903,0.689329782194581,0.339677164860234,0.737622284734319,0.181631306148611,0.769061591568966,0.15145278600756,0.657361871022305,0.16978721554857
3.74356308402806,0.509445754202354,0.0570308318762746,0.0931758415453046,-0.0167900388825055,0.394966402330407,1,0.252141252294649,0.564679771396688,0.759037376883839,0.340037648911873,0.563497363497284,0.291027153319445,0.526305976727911,0.249989256851327,0.761639120667456,0.195440333350689,0.41618123914167,0.216497695742712
3.76877255957928,0.410560457463878,0.015148551370355,0.0802221037701183,0.216892149289995,0.360044558896959,3,0.07014044533999,0.946354340674174,0.64475992410462,0.552565273360211,0.622383239350489,0.399068359511201,0.749300957600467,0.128312166082933,0.906121789228067,0.184789081781866,0.438629684131623,0.202945715269383
4.18857315085624,0.541574326207136,0.0566984086375978,0.0754026072911555,0.00239102193389326,0.420614339931846,1,-4.37814774495214,985.389790748861,1.7553917693561,170.314320808356,1.05913486123502,0.247997278181824,0.896479231169913,0.206059163471253,0.776170506619692,0.19144208872057,0.680246970423562,0.207183750240216
4.67864881618204,0.626095505275575,0.219695372132996,0.149773222523002,-0.0986851061544437,0.433268252481452,1,0.383604197239246,0.570122742772992,0.81713915201864,0.310372015867905,0.963820550873665,0.292007736030053,0.562521914121802,0.251872492449447,0.812289619170421,0.240424630899333,0.868948787238034,0.165315440674249
3.19652260881389,0.30460324697931,0.00574027605678462,0.0354336250884227,-0.0573719084053514,0.232102185288107,3,-0.378924394261993,0.619430809069491,0.637006450476713,0.3280965936163,0.63060251017382,0.215032927842261,0.667889861165384,0.126357525987072,0.473252660612379,0.167338859107763,0.438168043342581,0.200916720539738
3.61321831445366,0.363085024681669,0.0877428256746232,0.0628746585960991,0.0555402468375125,0.357918634163375,1,-1.02294126591423,0.347139246756958,1.21508202510771,0.181161598845138,0.372521930373852,0.385198586340329,0.644268563902514,0.18498051492203,0.694340610939084,0.151748125840341,0.75887534390733,0.155945946688906
3.76394397377287,0.367299715161146,0.00971443536823909,0.0412845495649485,-0.109387160630064,0.19152689144022,3,0.0615329648400304,0.263835592407239,0.597145797497608,0.346056200413803,0.685725697496011,0.277907812825734,0.702065133174974,0.182720325745555,0.712890395495927,0.173582399089403,0.863097668596674,0.139940581134414
3.6301710230529,0.372213786183513,0.0765394429868726,0.059911464394571,-0.0568866510361487,0.315779912383198,1,0.211467991785105,0.559745707893141,0.314669984715855,0.44669448959481,0.741566622510871,0.266215557263516,0.760129618969911,0.185783016113511,0.498017596772588,0.188737495254831,0.750972675828464,0.178828367352268
3.67012838165846,0.473697973215964,0.0652991219672409,0.0760941229041797,-0.0297648524120634,0.34741285427838,1,-0.568717646023584,1.07824237341379,0.920127738611994,0.498205079037668,0.745433109498519,0.245866030681709,0.549431690260136,0.184420477174695,0.784100962624906,0.186224973698642,0.669232601598251,0.203686620530131
3.85936049298899,0.394229253609122,0.0120120591066132,0.0438782642763878,-0.0569487091324984,0.25273879633821,3,-0.00876032086843034,0.70308027864019,0.717353064410855,0.359346879199276,0.787854347044835,0.222633999629216,0.71669763957469,0.150725815251321,0.739096404330438,0.180871330125382,0.557311933222108,0.17099654790072
4.346073942143,0.540912046964497,0.13317791109664,0.0944212437159661,-0.211590660417922,0.287329947923077,1,0.575279622749906,0.546777605347069,0.515368959460409,0.362469391451669,0.676096861693967,0.222507016111341,0.880346927089058,0.202540361674798,0.893172563000224,0.138702560225583,0.934415179527308,0.182783281536475
4.78728809574197,0.849410289691804,0.0987468613307067,0.0779304382231064,-0.623068969111825,0.180990827236398,1,-0.942708092725474,0.932439741813189,1.37641654589283,0.332186434172166,0.554088163285018,0.256782385495723,1.14587436606666,0.179706195893712,0.786647050857946,0.290569938425446,0.8690242881023,0.23022723866989
3.83507630690642,0.466719046850779,0.0116343326870686,0.0732242955077679,0.307282421980106,0.317213524099022,3,-0.0720169663342202,1.22549436460381,0.814299358073154,0.559860611322997,0.779596033994298,0.198913650035103,0.242737885507716,0.314166659818556,1.02089361505234,0.123120721614024,0.323654024015469,0.227255534773064
3.55886005484693,0.353501639601268,0.0339767754228393,0.0486187292960013,-0.0306977173437299,0.348132724577428,1,1.02036780962894,0.498246495584519,-0.00894236631991893,0.508974566739504,0.321456214350224,0.305095789823172,0.645776352508479,0.169076842768435,0.80022253944028,0.165837712236152,0.768735734965602,0.164322538097584
3.91370365259239,0.483392723471837,0.037257582437699,0.0701100775156679,0.0461036333711725,0.446457092984777,1,0.375173625811028,1.12629505628934,0.67732870188054,0.601617376665459,0.685057610738967,0.251391125544767,0.725786945286334,0.178965530452452,0.632158377183967,0.200493462854453,0.792903436875876,0.169194099979715
3.30951133071712,0.311668345697827,0.0522485441227819,0.0563757744864233,0.0104012577032214,0.335487486960791,1,0.0545425797145155,1.01894576735873,0.513484542785366,0.609173236898646,0.48986324691894,0.248699664165267,0.561736804884773,0.189288041016419,0.603941054769053,0.15775917518316,0.443650873745662,0.178180058538326
3.83584968335414,0.287768783580837,0.00992341654396079,0.0461866400121886,-0.013901515659254,0.362832204151846,3,0.00221304068482239,1.08237311625454,0.713059474018933,0.546444067167806,0.698763045617879,0.250362303841812,0.653367019944137,0.172104910842058,0.737671399397198,0.168671470231053,0.688482957061165,0.178793170652579
4.25516201808688,0.460273219502545,0.129782245203561,0.0803169730659311,-0.571058779497387,0.149355849011984,1,0.692326981690078,0.326448400920336,0.468672504443263,0.266847519084222,0.666473855790643,0.252260419703915,0.806783103507445,0.185332654477411,0.814184667904194,0.185651169863445,0.985813304166178,0.147232284027033
3.77031015525207,0.473913176298252,0.118715332958675,0.101447459217802,0.311017540366183,0.331917759018752,1,-0.185883022725049,0.46618263111325,0.796949015987028,0.312072648573269,0.798473193095761,0.211308764963591,0.281136912507625,0.277205622308368,0.747064625415879,0.18756797125574,0.597329770747677,0.212113417417814
3.99859332400068,0.417933041997016,0.0186589786655995,0.0461027759240856,0.0150121412456453,0.364115704591929,3,0.00375598683464768,1.02163337731951,0.771428393125866,0.487478109613937,0.615845461749632,0.243014488656393,0.639677810031749,0.24546044559506,1.09931411282501,0.145644210743805,0.463835449712938,0.201917936267654
4.02536719379575,0.524624924616923,0.0132861050542843,0.119356654571158,0.63242075896485,0.170423266552262,3,0.1547968226326,0.441331693956422,0.528352171316458,0.360246007232615,0.796711315909906,0.32619846159186,0.826759862359482,0.240104168918946,0.768870377933412,0.166721496429057,0.498402362906605,0.172606400244534
3.87378158967115,0.490348063778591,0.0956410178502444,0.0614218584101948,-0.157624263698495,0.296587603304381,1,-0.333960697795394,0.757189823804287,0.643911392580252,0.398895592476645,0.93433616974869,0.204043885716622,0.658081468806836,0.204227549521214,0.662361770298421,0.186463556815252,0.806610739320987,0.19407246828201
3.84080304041509,0.396208495231835,0.0489261676847033,0.09592163059201,0.310650031472828,0.404169518258723,1,0.0187803529279479,0.844587369467649,0.729859489778956,0.465282092847141,0.777460020088491,0.344157543712898,0.55228320213557,0.241788442052446,0.580166932693249,0.178885427428398,0.707181664303194,0.160810391502319
3.45905530218966,0.327310456509567,0.00809290598690421,0.0570700891834631,0.0966707477512006,0.325658155718472,3,-0.401882549377274,0.388616069023919,0.399645516284877,0.252022506677514,0.846605279186132,0.185933119332565,0.651562965849259,0.178581936310279,0.495618208391748,0.18575684162845,0.810280608686815,0.129106091240398
4.14549861342411,0.717403443699493,0.116542522001807,0.0940703840966626,-0.586105840653984,0.16574098929974,1,0.0493338736896269,0.736944062707501,0.999951702007838,0.304401590988777,0.37430526295985,0.378932917638026,0.741544971757071,0.219304085559439,0.890124987445906,0.234657202097364,0.820345830881994,0.217024738208605
4.02723573091495,0.430678265935056,0.125286012038522,0.0765891082163301,-0.156137726729833,0.247868546884079,1,0.497293648753456,0.542179417649491,0.637690846474255,0.36351265958152,0.685000584527936,0.180743632184518,0.759291278457787,0.173670884440098,0.692372302743911,0.183333269260147,0.774093426770691,0.149101084703774
3.80138317388857,0.321068800387837,0.0106327110732608,0.0538372117617461,0.102079835756373,0.250711964105227,3,0.171609336643083,0.402302733008507,0.66727509307542,0.331779306972275,0.59089976490401,0.364017627818372,0.655716652725992,0.182301317895848,0.917486001435142,0.151500071750074,0.571940202754437,0.167049974429839
3.33394188076643,0.470018516369205,0.0471668649171782,0.102724472901717,0.306605718319731,0.496757973743817,1,-0.696477847138971,0.666784386663513,0.578963056237791,0.386547402709052,0.691142725949931,0.264400400184311,0.667147613834578,0.208096088612065,0.583371282772976,0.229658940033308,0.65868063766058,0.171565238232083
4.00080071294735,0.362987498379675,0.0616847144949973,0.0563268299216275,0.0179988498763887,0.385817546698538,1,0.164823438916922,0.589001463092742,0.624106691885432,0.364233343758038,0.621318885085516,0.216017745963239,0.909348046483113,0.185526010213235,0.68721249449658,0.152146388075942,0.883896955563911,0.139645313087544
3.18911211980209,0.335094414040098,0.00773515166529361,0.0366804983722011,0.049622190098819,0.255476961970859,3,-0.4776480422443,0.517142391752872,0.363751246892872,0.370309027527733,0.782413376461042,0.229390298924638,0.541555305617469,0.201671710319145,0.580236851035794,0.188320150769709,0.503723226422087,0.156346263385214
3.65468767840112,0.44547440706317,0.0598744390243687,0.0458608252042555,-0.270316324734525,0.203209491217802,1,-0.425696164825254,0.36362937589582,0.922175834812323,0.194434371230507,0.69467301660456,0.194337451617299,0.524378415254977,0.205325705669323,0.700554410564596,0.186018709273477,0.617567162055711,0.171777579068974
4.48265487170086,0.501864671440817,0.111501700437127,0.0975555163246154,-0.0268556910120534,0.323779579793034,1,0.0948557172779941,0.604954077747421,0.956101683160538,0.280097711559075,0.79661678799432,0.255247206051624,0.797903689091853,0.170837753391076,0.797914588426568,0.19158229091995,0.731514964689403,0.174918493426857
3.63687428086005,0.391157656292785,0.0616006037608474,0.0543635989979946,-0.217391782234211,0.254955330847363,1,-0.538621200018672,0.492205153247823,0.882691442002337,0.28733602440052,0.647111339643673,0.270422901303281,0.718988758874683,0.169089309152407,0.613996974396387,0.173229619948941,0.534473578172465,0.170505532324344
3.78337154280596,0.414099625443404,0.0775713354469188,0.0910333027733875,0.126755955824594,0.34030565011984,1,-0.261685189283899,0.404400263792034,0.634708030826894,0.274102025669251,0.859228877556906,0.22907807826873,0.776352547901696,0.161792053313872,0.664536989415659,0.182035531042102,0.606412335230486,0.169784604630139
3.94607371381554,0.335843887860898,0.0924740632116472,0.0732075378757376,0.296878533421964,0.274107215553505,1,-0.127778812882708,1.21371488080158,0.534326833150741,0.64075147716855,0.867865881169455,0.365274953789323,0.779381733977214,0.155370494099399,0.947648513462913,0.135068362627562,0.553847782375237,0.158194698132609
3.80533078740326,0.38071143172671,0.0117589672813167,0.0612624764959084,-0.11944959663245,0.280441193782058,3,0.0169874583553257,1.03993443742097,0.794194869560196,0.483522749893475,0.636828986127824,0.386888586382249,0.735782759891581,0.264522851192945,0.56234478221748,0.16694208576908,0.714901271266769,0.183478588544761
3.80449916973539,0.284844840240598,0.0106679177027052,0.0423228777347224,-0.10119514547101,0.317178227955252,3,0.0181746396001405,0.872882139144329,0.732332991950406,0.431963501454461,0.614643573372809,0.282448565211839,0.59331649362139,0.189720600691754,0.829601133548778,0.129050369347382,0.635844747759615,0.153794953352784
3.70398700961359,0.424974867077899,0.053845761902938,0.0616283733766168,0.111101233543241,0.405553010029886,1,0.0445287588430929,0.66808911603801,0.6066902211091,0.373732614332664,0.975294143599197,0.2386290332528,0.396876642567924,0.195454346618164,0.781571144666569,0.166310767589952,0.507041620771747,0.202771427686028
3.72520618649287,0.29914199107444,0.0676459652924443,0.0475114234038721,-0.120803866269776,0.250276389993899,1,0.39099087778112,0.281079412611848,0.565922122520787,0.285515350558302,0.710415095291287,0.253860596173314,0.474680763866789,0.202420292640121,0.708994921730305,0.149348292934593,0.710935890000894,0.158169548540932
3.43653531616297,0.434557432906417,0.00826132124153327,0.0587934133759163,0.0644361127764203,0.364589499431414,3,-0.407445042888388,0.843687448537477,0.869227873871217,0.388832705646489,0.336481541658329,0.254238732226907,0.679112572553904,0.179037418559899,0.760160142241897,0.147771425116555,0.441982765564691,0.21433850731394
3.42261991784116,0.39941762507618,0.0129137213647501,0.0563261794071435,0.0898519228250025,0.306503290393617,3,0.422101535209307,0.376083928369329,0.530034926859176,0.313079818744011,0.348558006953204,0.267122509122267,0.604843921048122,0.208572686691252,0.473542790646745,0.178274788326467,0.60467276572028,0.168501369852165
4.8943147380853,0.837399577037568,0.238676744743796,0.172021777139955,-0.295904482780004,0.352870816371719,1,0.351147192043806,1.57487889141121,0.575054717401623,0.723025017761258,1.35058195427181,0.300839382490701,0.570113095272154,0.252432021502606,0.82132784424647,0.322556407619794,1.06354835347496,0.177031195627029
3.79451249542486,0.261767613782814,0.00992547654368558,0.0453499259188615,-0.00837656371685374,0.263270155071401,3,-0.0826952434669308,0.546758554912471,0.596393131592691,0.331929689367375,0.898988588199528,0.17547850260541,0.547140788595014,0.16953502885442,0.593099307162648,0.202887454481207,0.848862676734568,0.139113130653744
3.71569973910457,0.431202562989664,0.0456686451410862,0.0702994354385086,0.21583216703417,0.344190993172835,1,-0.735521253744251,0.851719516646451,1.07866124702302,0.317956805638317,0.488389162840182,0.252649312232546,0.671169612109865,0.19575730931823,0.84593397221188,0.155695509278861,0.559007148789714,0.231400628371351
3.93321119118704,0.466157846006225,0.0728940490575884,0.0820084160919444,0.166344918820921,0.328153273325929,1,0.275393997217701,0.526014723517428,0.513544998238569,0.378212411412486,0.910285195038675,0.180039722757196,0.637378443890226,0.229072145118114,0.59585329726774,0.213107315457243,0.88708546607326,0.142488615104656
4.37384460288551,0.583860345778669,0.137907286208784,0.116046740142783,-0.202201489707154,0.356256051732359,1,0.0899886228119465,0.486510628689072,0.87528506344526,0.268099004751056,0.653003013152817,0.255802183052856,1.01568400113898,0.210561128526069,0.794924123115242,0.190196191387135,0.721374813047198,0.178736547613403
3.82492372279322,0.222260389215717,0.0106507394522952,0.0327058331145026,-0.0244825989623651,0.238656778770305,3,-0.0498780885938609,0.419674583557014,0.619411731563081,0.290707200008818,0.693286634693886,0.223941473439166,0.798060710034071,0.207990548987415,0.684471199026677,0.157505003517811,0.721666022842008,0.13689258325315
3.99374598339224,0.484647237719976,0.0600549332706226,0.0573674143154074,0.017595631239607,0.361236944952271,1,-0.326394884442981,0.765287788939396,0.936649270306114,0.297162160978083,0.666636514593084,0.226759236831279,0.878033832622761,0.193503214076781,0.630119903226938,0.185917263538145,0.687552131719076,0.212976837346147
3.46586975425658,0.386065990311587,0.0819605963771233,0.0907305850354838,0.109743778704099,0.439959570114649,1,-0.591275449701652,1.65064436767506,0.764266668131522,0.785318657308319,0.548985035282206,0.236129463411619,0.678876333989547,0.188444748747377,0.725933546848752,0.146940508032972,0.627995796309141,0.175007837348341
3.77343921838111,0.543982284169275,0.0515566732588041,0.0702335849414428,-0.128059613367227,0.392506837413413,1,0.455869665359767,0.820163514285387,0.569366662084751,0.4460075037891,0.574864617569559,0.330631459829792,0.765258698775365,0.210381953529886,0.627352640673499,0.165098365143271,0.555570396488757,0.212358607236042
4.1303808480949,0.434635968735081,0.0794334033047193,0.0652493280671451,-0.0391862563315039,0.349736956770879,1,0.707604103037708,0.625832810230659,0.761385844157578,0.317253436352056,0.367167243448861,0.312780794383428,0.78913276915787,0.174395668837789,0.794096721965097,0.148642338569004,0.899027319318842,0.155974782427756
4.69020196040105,0.721490213627,0.152603610117856,0.0946236803266615,-0.539098616124488,0.203940374027314,1,0.285108839386919,0.8372575518978,0.899851324752108,0.337771853540109,0.750641226688899,0.291953902269708,0.756781353939384,0.207763522435152,0.994992266250698,0.196547329902467,0.878037848349325,0.211697787418391
3.83431398658314,0.335542452482242,0.00984657418994331,0.0416418463751674,0.154747683462056,0.367139962449507,3,0.0421433405685327,0.449566672487176,0.867535430048578,0.222917579168497,0.721559237721903,0.226026747441455,0.581197219808763,0.226771210455,0.646282057803989,0.246535422630294,0.660079838370747,0.162463834108977
4.01858526216681,0.463093257464453,0.074696972224588,0.0690368610871937,-0.186690506695922,0.386968541784083,1,-0.364161910796004,0.873807279915508,0.889857573330704,0.403418716012376,0.586246515882155,0.329650483504367,0.837182198594298,0.178495354917826,0.793629717756836,0.16192331724167,0.753683432900156,0.175367888565128
5.20447644622792,0.701191561201412,0.186443556880228,0.125930269664679,0.0932455345010242,0.409060431985512,1,-0.271533227566183,0.603993573558206,1.01830196411472,0.288625087022255,1.13905786424967,0.212301276568414,1.02992365106216,0.205437627514041,0.811104527561995,0.194013565041436,1.17710002175509,0.17922326356755
4.81035385619748,0.82573522625142,0.156139742733439,0.0864113619543473,-0.688068339241233,0.167863113240127,1,-0.308757467070483,0.922104384780234,1.1188024672681,0.384031470211758,0.651935787004511,0.406513387885552,0.954264949376817,0.221587347122239,1.08129498323405,0.238035125327527,0.955703596001539,0.228861496351494
4.78610611142505,0.819433885698828,0.285053953629866,0.138116654982518,-0.488983757503679,0.256956226577451,1,-0.417017717248557,0.599094923712992,1.18013141614671,0.304351915092925,0.663648742118037,0.293936264772025,1.07354372823002,0.269565108797924,0.764691864408897,0.219639608078027,1.05605083774775,0.194999023922713
3.8244347975864,0.400300435940257,0.0112315685730237,0.0543117326536498,-0.0122264521912938,0.253082955749093,3,0.0301139630672495,1.00738801397129,0.778715987291544,0.463724411182226,0.734135591143391,0.195886149816244,0.683315537686523,0.207750020000743,0.686170900446091,0.207304265924467,0.638943539802294,0.180689518655359
4.58889197892973,0.69196152376405,0.133475479847524,0.0923777724334056,-0.206393320226043,0.374519724423914,1,0.97924579942382,0.971697791839249,0.330710401025181,0.645161716337426,0.823900901978463,0.299557738960555,0.980362350963756,0.201716385833517,0.840504340507766,0.245931555091298,0.940557186882946,0.187586478576147
4.31214336036205,0.572498747410465,0.054007999337744,0.0699536269296873,-0.210483884039457,0.323202620743583,1,0.243751194841056,0.564531430190012,0.676802009585252,0.391741121063056,1.17058817169095,0.243871758750659,0.57331921501877,0.188434970602402,0.574885657985845,0.209593628899089,0.671953245406755,0.19784015014319
3.9275243772136,0.443040096406535,0.0605361037201822,0.0696558165822014,-0.0705947933725662,0.25668718835142,1,-1.05656875124174,0.91313917701776,1.04917086475423,0.379291734508604,0.781344799442574,0.255945636575327,0.912854840168456,0.140471431532852,0.473238264845142,0.216679813927761,0.640084842437041,0.188071599179296
3.71115243659402,0.479450112183654,0.0683327396953174,0.072686059546777,-0.00989420204715483,0.297216998429196,1,-0.5275598261139,0.564636813759991,0.774496279415397,0.398678556804262,0.847222151292136,0.283137013837128,0.783945839657864,0.178099518992153,0.571019500438233,0.178143726319924,0.626935198445909,0.19192914896716
3.86766437199035,0.438964013514099,0.0113991802448418,0.0703778982640109,0.0721508366236769,0.362216487987688,3,-0.00737776928770105,0.786187579782707,0.716049564782973,0.390622319440489,0.726923296556581,0.209912708223518,0.761617835339293,0.187979627916951,0.7022276517474,0.176728870972822,0.716161915160065,0.176233714992247
3.82584772708582,0.390942256088223,0.014388508507406,0.0760491935517481,0.0788961005219382,0.290581102315422,3,0.0122370745001781,0.615603919078879,0.642583450528586,0.351198054962146,0.749335343589873,0.234482536753441,0.671992848921319,0.151765829253473,0.705095635538657,0.131561978308966,0.751751843357042,0.166436939307127
4.04242752589454,0.407353225258317,0.139483024123914,0.101710998620329,0.42659820751269,0.243237335846514,1,-0.120765700745551,1.02682379773773,1.06411729037987,0.378657489405024,0.495009621112341,0.227396789003285,0.777177120870128,0.20771866406238,0.668322508661153,0.185301439359621,0.79497417345624,0.159640427313617
4.27823352020798,0.583580731153509,0.137087542678273,0.086258451404749,-0.273481677791229,0.345335830447017,1,-0.664825240312925,0.76489691480217,1.15508957938533,0.282600477283463,0.577399010997798,0.230576277538165,0.838706943962629,0.220525771694642,0.974475077242913,0.190891874329434,0.753989118983772,0.199777254913104
3.7654360723819,0.410424197432348,0.0105543398616614,0.0445278471138368,-0.0954032221711406,0.296436749775163,3,0.0216787695015344,0.513073152067447,0.728452487440938,0.273664909402247,0.599969803124504,0.24376735411721,0.819709243761344,0.248700842362784,0.697584362407438,0.213365559700129,0.694029358793836,0.196189409774622
4.18414705830206,0.615551667285857,0.134841138906534,0.0926418273020834,-0.290337078161458,0.337130991202934,1,0.288308088043171,0.445354661274388,0.652683440344657,0.363271843507719,0.786563759631274,0.271764571346724,0.867626797897404,0.249379804029592,0.792313257893936,0.206285954228673,0.684675574849917,0.246506758757055
4.03350775602988,0.475178421435176,0.0863767401464494,0.0849359662379318,-0.165311047813036,0.324428524401775,1,0.460196348159735,0.453207523816375,0.744788703943483,0.232517134386459,0.35554951091934,0.287344424119203,0.919529220178625,0.1698122670619,0.624003073140956,0.204212778017539,0.665756474716514,0.196755126596003
3.54197926821474,0.426949415989599,0.0463995368959226,0.0781114942032892,-0.0513583741163947,0.325362362428361,1,-0.165794309333068,0.430362053124423,0.333213312637016,0.395617595005614,0.974678011250729,0.171332740630127,0.686907888475865,0.207626310901347,0.27516512533965,0.203988938338938,0.788206498404514,0.198397939954675
4.01580760488277,0.534026313414161,0.0714306498764729,0.056244809874211,-0.179043755501168,0.353295180638948,1,0.587903871721436,0.470655316246481,0.280506038788012,0.380878605547225,0.620293262273861,0.271309752368024,0.935502136359262,0.240365704868227,0.7057685728623,0.185903905133455,0.797067113292679,0.162156395613743
3.86032223999403,0.300600482874344,0.0131836355319809,0.050071608312179,0.0172018529912099,0.333357435523439,3,0.0231524452859672,0.484819596475028,0.659858251651728,0.321580010186039,0.61032318162103,0.228379543372589,0.614903577329258,0.183399065147619,0.770996056474743,0.175086983285029,0.849967419579887,0.131777230765487
3.56029336139677,0.45388330787558,0.0205910848925539,0.0891196329152778,0.190373782258886,0.389804086347308,1,-0.509464420648803,0.862473392756457,0.105795410382761,0.762204416370961,1.10176100554512,0.396174396294451,0.680586242975328,0.172697182850198,0.858501020042486,0.149999457243288,0.276157340292154,0.215329467654392
3.96761949551571,0.478935081615563,0.0978971593027891,0.0992605839276072,0.211625662435975,0.339731642988651,1,-0.331280481500878,0.758883224724374,0.977371742218567,0.310346111993571,0.763895631331631,0.221270979640667,0.539048573001907,0.221593819867826,0.723813582634764,0.199666510368482,0.65644647428418,0.195052094002811
3.81012978534348,0.357382756633529,0.0132411748265784,0.0594020902536652,0.00699034697896253,0.27483824440874,3,-0.0283632871447598,0.876547608052038,0.619411377971045,0.469815315449682,0.705363524864398,0.247160396780191,0.722231855127573,0.172606414029809,0.710635629920577,0.151660522270426,0.83744909920538,0.132538512870978
3.88743175520736,0.527737950607136,0.115831996904003,0.0957947774254471,-0.147738879574079,0.357151672617115,1,-0.264115779994938,0.65804012196539,1.05511977371414,0.270603228229887,0.436696140372273,0.239824455381192,0.572163516373075,0.237140463961615,0.827340022449777,0.200803461965446,0.690805869796311,0.172287634922653
3.63672902059604,0.406189590052621,0.0309052909699817,0.04420315839856,-0.0473407286178867,0.230878273353091,1,-0.51684151039403,0.566528741568679,0.691103591568817,0.290781814847801,0.909443135066424,0.183570249439967,0.530104449509706,0.220945323268515,0.700027302969455,0.162734528363007,0.835281431788775,0.172044693643516
3.32439850728171,0.343828172879729,0.0235247946320172,0.0664807432066872,0.0556680254884432,0.273327441891754,1,-0.426811849274026,0.629493037444845,0.83048547485556,0.360181690548006,0.498454814855503,0.278753187609791,0.635340410950661,0.194399498778399,0.404698949783462,0.195251800213276,0.660285494961332,0.181456417038594
3.55860467732371,0.403931438490064,0.0219970240929219,0.054285890383932,-0.0990243224241277,0.267803105120187,1,0.62763695099079,0.617564379014126,0.268134114587524,0.307514386800737,0.516940988644387,0.231969510021384,0.770613631938979,0.174687369147875,0.568215795134997,0.164870524323013,0.717283936362693,0.195369052469449
3.34449853794374,0.310302833669152,0.00884146910072598,0.0738252376279777,0.113087921430227,0.269891896130407,3,0.344652709113271,0.392634949486899,0.573670035903464,0.303641284742258,0.257113620351107,0.287542809968724,0.489727303867557,0.193490549642596,0.695931317513593,0.135971973377288,0.402903244029945,0.194288071990746
3.55029460864009,0.422765314127154,0.0717381261083989,0.0555667571431226,-0.0566879993577672,0.352817493419654,1,0.0748524618010209,0.767654948608171,0.749811275644108,0.366516335898279,0.356174856420825,0.289586330266379,0.751950946348457,0.200685742011455,0.587103926411887,0.165391753833382,0.602561196865158,0.178704703647955
3.82574517798796,0.497931959190724,0.098487757122113,0.0871575461426767,-0.161000881506698,0.298237454415499,1,-0.682895275982337,1.01089392417248,1.04129167325951,0.373044083587966,0.250087771825697,0.304997877493829,0.903989019208233,0.176670440492987,0.91908991959968,0.186543158154395,0.393709980093046,0.241500110096143
3.82957043745883,0.399141552929044,0.0136456017339579,0.0523364159575981,-0.0412536498591105,0.326042676580704,3,-0.00742052056471201,0.560243926857835,0.636263114178936,0.358392613881137,0.688269211006764,0.273831398629021,0.759370602924623,0.149482087747924,0.712141829274309,0.167373691094198,0.720974683388636,0.191859324251983
3.84220060673794,0.434835937055678,0.0820682065240932,0.0905685489741078,0.142596707912425,0.413371036328028,1,-2.79664955215513,2.80782238895887,1.60347210289309,0.57285018468722,0.729101520070187,0.181724484174978,0.379691072642809,0.245538197964485,1.03267636825338,0.158514211289986,0.483680936955763,0.174521527665949
4.17854194243326,0.504733448696357,0.174408514330697,0.0860515374048311,-0.352150333880426,0.302642252801361,1,0.0740422610574268,0.761974961664427,0.863320452049808,0.395348327204098,0.454719325120792,0.295341971912313,0.727732098582674,0.240512395314657,0.905345536421483,0.158423455031901,0.833124084458151,0.187666258816976
3.23327278464737,0.343308915116569,0.0755593816511562,0.0708374460124288,-0.0102694710681123,0.4551106354637,1,-0.566587814837559,0.384319339757468,0.760425257201984,0.26623352722938,0.156482873235298,0.361928130280983,0.785362835958256,0.193126242710666,0.430590729870799,0.228662262246311,0.667062436264768,0.197866242461008
3.53341617073161,0.358017799827521,0.0657277513340156,0.0712309072115559,0.0582108765993196,0.321117031591882,1,0.119159118299433,0.421054575402934,0.433832669579808,0.295614904295254,0.511838313404361,0.250068571560986,0.708643366611644,0.190679717692989,0.61580220858791,0.189231254361234,0.801550269580867,0.160155296678944
4.0685432755216,0.426016628964013,0.118514796375675,0.10954923307787,0.316702838661333,0.372122135752963,1,0.24324879078865,1.31875164443005,0.690759401343359,0.605407876390621,0.796655704874195,0.269043059386959,0.765462450268997,0.209497327702342,0.713495208346839,0.182132246436631,0.604333173266864,0.17596375094936
3.43083957019522,0.417251829784705,0.00602124849960041,0.0805993290295436,0.423402762650384,0.305541862008565,3,0.349566816555181,0.525923515142641,0.495517587166142,0.41048962568434,-0.00959122093479347,0.424554755572903,0.70669598653595,0.254928644629269,0.773524549249038,0.193988824371267,0.710801308819043,0.168868772267288
3.87807407199551,0.417463231861695,0.0808261539161992,0.0936692732600153,0.0743933022135191,0.408685686275079,3,0.533265314824157,0.887306717457319,0.122934300597907,0.708374798199353,0.884471695302703,0.205461049547473,0.66581920693709,0.167291339433675,0.830629122254671,0.143973089429388,0.704996055083545,0.196461177453813
3.51381724363138,0.303561394473844,0.0456950773726888,0.0438017034154382,-0.0638936553752677,0.262472678584836,1,-1.34425321059856,0.61542560146705,1.12769931358304,0.246855154403567,0.561605377875397,0.190695848358091,0.724066425190686,0.153064013832958,0.742888958608497,0.145081758227115,0.627682506920918,0.173264272485025
4.00679994398092,0.441404397421964,0.0397916110983636,0.0575665393376915,-0.308051526344787,0.240302617249703,1,0.383472712280525,0.506649026819061,0.838310222773396,0.304709353926575,0.686516572320814,0.215800711100945,0.667754548165564,0.195196514777987,0.628713465735578,0.227358318691097,0.716555725821901,0.19925905564108
3.83791892551968,0.191168686529695,0.00917222980251976,0.0421357538871032,-0.0388191290940536,0.26147326476644,3,0.0107416213478024,0.63526134561579,0.755927022177266,0.313919510853378,0.782906436932547,0.219202672686024,0.575181033727335,0.211174780183482,0.652995219477913,0.178800266178164,0.693766459242261,0.144498720366012
3.59821017221003,0.405135484276516,0.0116564664151157,0.0708948352260429,0.338940923747059,0.289560986130666,3,-0.149465547631925,0.311141233255503,0.788254336051936,0.337795177780223,0.440336830355704,0.432775891636527,0.569625100712064,0.39366529312911,0.657699140136651,0.221181902274238,0.823093439887645,0.165473098757392
3.69480031212469,0.499653707607136,0.00636969428997221,0.100844911780281,0.518407092311561,0.221117730092277,3,0.247456009863634,0.522497021328149,0.686226372532465,0.309585893516159,0.507510881241534,0.34646133770085,0.621279355320288,0.195338425873531,0.63164009096042,0.171177002458078,0.73137656984202,0.171029660446062
3.79923640207891,0.321905948914634,0.0101152773449998,0.05610404153706,-0.180454201922834,0.359777170336311,3,0.135692118001241,0.560099391120733,0.846154836728392,0.276847484539534,0.566989849259775,0.236442286221746,0.42405355406584,0.191323347088093,0.755510210290464,0.194421658347825,0.921561828361137,0.148321086091415
3.67646859168506,0.328947248376704,0.00722388646037502,0.0620919813926465,0.380762372934042,0.308745525576827,3,0.289503582739363,0.471028233000757,0.534796789572452,0.335506263555094,0.783397828966584,0.203852949494238,0.519276193174656,0.209158991262727,0.722914690452148,0.159135413083018,0.709036668715386,0.173443790740064
3.49889907587643,0.301170927119297,0.00889235282482871,0.059291871072045,0.385092454410801,0.191449894526854,3,0.289003128419897,0.571240573873322,0.552215503014821,0.327641553952328,0.523681155235714,0.238069261764426,0.391352547434703,0.229906217066975,0.887234607021689,0.131734456992145,0.633022474454167,0.145532292668752
3.39363624647108,0.417529011387808,0.00902909601427071,0.05080234282925,-0.137433297556308,0.307248657351475,3,0.385878230773592,0.607947974333005,0.508416643608006,0.414858266616374,0.308273707715254,0.246373324348609,0.480689934717154,0.248199815656166,0.784196158998582,0.146989433708974,0.517771873738015,0.187854617603748
3.73744963927861,0.469358084537802,0.0515597617714978,0.0763070826898803,-0.0472883513830913,0.318537831306484,1,-0.488325737814299,1.19081372459084,0.837834836711437,0.524857850756955,0.674089440116646,0.254804536796755,0.687667744139781,0.21102027908765,0.709608285139347,0.168432590330648,0.915801527285089,0.162483930282732
4.05950049156272,0.538279005669707,0.0765271778959535,0.0905156586872539,0.0734897728028556,0.381020364367129,1,0.69278394477546,0.61352110623823,-0.106381597134924,0.665693587397982,0.866810663380452,0.255156457862035,0.983298379299119,0.188153152424006,0.651463198159793,0.223987872420927,0.654658524848405,0.169282039857882
3.58658565235977,0.324922447075622,0.064098250345091,0.0685274250151831,0.0449806724708397,0.323459172260902,1,-0.340874722735577,0.545797851446977,0.333359061362587,0.394255198458257,0.841508787910624,0.231438590573327,0.889110803925358,0.140867679123971,0.600907468646225,0.204406221043014,0.648185791295075,0.173291178687276
3.8792632919654,0.424093563755137,0.0119491218040642,0.0613250519062303,0.00353244166514444,0.309918092451568,3,0.0253121547995473,0.524473928047049,0.683096685985243,0.330217588763006,0.714556508741677,0.294821085476046,0.610124782599408,0.169323407167665,0.873139146508103,0.161034222041253,0.657771199430244,0.16106358548148
4.10137572120325,0.49348406749714,0.0609419732350651,0.067764367654584,0.288992053252318,0.344258610870741,1,-0.220565511414314,0.563438121142414,0.960338734172448,0.251214073624431,0.6395583830051,0.303927347661887,0.6921917195284,0.206210253818241,0.84906215824231,0.182296025323416,0.967230049590352,0.166993694530833
3.70172568922461,0.42864741452467,0.0381560438618648,0.0757697419230394,0.0680862495399157,0.303267439949185,1,0.250876742469038,0.483433392954315,0.610972941013082,0.336771242006313,0.680648046877692,0.273083636612145,0.58263790532176,0.17687754158007,0.668738375708466,0.16571235563057,0.608791002243176,0.1582210158915
4.30268802007144,0.586695041148316,0.14843230980304,0.0770825647058202,-0.35557110600691,0.266983754739801,1,0.359036264533692,0.959471547823143,0.849761577379313,0.386428436416821,0.798130523417824,0.215694859493525,0.751514367640762,0.215459964809971,0.777274797119488,0.197284231790511,0.91408697802563,0.178616231765166
3.86840877862368,0.316877224936277,0.0119564812330205,0.0460234807534416,0.0703652910764785,0.334861809868485,3,-0.0319888760781807,0.584305384150585,0.552720125653363,0.3930006655696,0.932021569348003,0.227873266721952,0.657870019809042,0.211820197520196,0.656138167915936,0.17338387629748,0.774124899914645,0.1627786865629
3.76186874794065,0.236665283011177,0.011070232813246,0.0417133563051392,-0.0143575752820553,0.291072447939052,3,0.0920185767338773,0.616915600327997,0.734898361964414,0.31745166011629,0.797802358112424,0.179399975052021,0.497141160787842,0.174246027145685,0.609825550879649,0.152400877607175,0.698040931387873,0.131387400841934
3.96848051005042,0.378438809152093,0.0107857677726993,0.0897226198425709,0.458986538242862,0.284684702989215,3,-0.0221791295287476,0.590547460284352,0.649735923242491,0.342898797520632,0.831042248369936,0.233916552563969,0.62797026519455,0.220501662662552,0.906575744350475,0.152422562395939,0.637051573746799,0.165489892554022
4.71239956600181,0.625785404214769,0.157118976698945,0.092850223744205,-0.375869783697042,0.234774867370474,1,0.0594873050501962,4.05330935827492,0.9667972798657,1.50833292147804,0.813435527974101,0.206987626939578,0.994715664016658,0.168971811882654,1.0087737248628,0.172302083804489,0.863320456861639,0.191065088696294
4.00297688510619,0.445800497733909,0.0398655871313485,0.0629507540198097,0.042821602120082,0.396103610810348,1,0.253140944329868,0.932896817733755,0.552673092979494,0.499536189091931,0.755494501167874,0.26291233167363,0.815126336135637,0.146485670691928,0.938033742511879,0.152635817812347,0.616876367271648,0.194918340274461
3.90759257611025,0.448537964106122,0.0890782883584222,0.091445710566629,0.187275474949488,0.300229821808525,1,0.0384448820728089,0.601700635879062,0.756462389255471,0.409607366990477,0.673154632757207,0.27015142901842,0.714775874366452,0.186283361792239,0.746428047885349,0.198307926187588,0.653579844004701,0.222206916152481
3.6704988532468,0.535807758567161,0.0880569015478837,0.106598217422966,0.0264499868559167,0.478790381875695,3,-0.303471291922808,1.11378189760085,0.921587100054716,0.467049318728428,0.675667040853272,0.202065763657158,0.230118149368225,0.261370012959185,0.744405986847906,0.186058414434728,0.638304353433712,0.174912091413362
4.65466208818156,0.628210738010704,0.222414742659581,0.130411383807475,-0.253886623223713,0.359263112304743,1,1.05059837994553,1.04382338843331,0.652911751614248,0.602740909406459,0.836200473839848,0.277791163420241,0.806628508779399,0.199842669643715,0.721230759539765,0.192160095176067,0.797735917427796,0.197966395504988
3.69545982376803,0.435370942503269,0.0121629481716465,0.0500521021746514,-0.134486755757325,0.271266027011033,3,0.133412751147447,0.659324093319432,0.72586400724463,0.339017665808901,0.537186971996499,0.225661563807555,0.745113735692198,0.200884269341504,0.572226901130451,0.198454940138111,0.771780992415926,0.17068920416705
3.8207175942585,0.39483810124806,0.0505971207796603,0.083908118384202,0.283816449588602,0.308080292659913,1,-0.214664748373763,0.636089878254967,0.832361715404621,0.304402507786541,0.498258616924836,0.268869827380829,0.65604391110407,0.203911667801253,0.874512051302787,0.166625386532651,0.587503238469185,0.2034448107208
3.94138867687389,0.520202108044299,0.0508084701090336,0.0596164241642895,-0.206985374676479,0.359914835357943,1,0.320162018655714,0.78299412154087,0.52263090601802,0.427810825770851,0.734158824046373,0.216415099827305,0.622240784604594,0.207938149074518,0.626311689022324,0.191878416386038,1.04817556281869,0.180445931531814
4.67414582423163,0.625113483798938,0.131101578358539,0.102172964174178,-0.444724406542904,0.245470889416412,1,0.000753954117907466,0.751746067627758,0.78501443840954,0.395757529974653,1.01048966258009,0.196557363352116,0.919091334109504,0.21700895258319,0.612279551086152,0.214664733810683,1.09271525320682,0.214014478098659
3.87319890344208,0.38411816183723,0.0144175334395214,0.0799307371397567,0.290558444002016,0.407909105213707,3,0.128463913046747,0.60945978479327,0.741618262539135,0.329237231230126,0.527089516952376,0.267248626369626,0.769934943042925,0.182952947639051,0.833932404299989,0.138892232895423,0.460647469709795,0.195797919566098
3.889478662033,0.578860482379889,0.122027247622714,0.114408469530883,-0.351487116683895,0.231895004620465,1,0.409886792893257,0.403161135677334,0.463488984909679,0.304496060345792,0.849008307671087,0.238059392842284,0.411679466928137,0.297443826439828,0.739700857472502,0.202595576987098,0.790693424497679,0.200016277763378
3.82196528116549,0.282924141697953,0.0118251077117823,0.0614457464511335,0.0710030446061713,0.329517651172384,3,0.0334794335593243,0.6529328473799,0.755116809100186,0.397329499743641,0.728487378421377,0.328151890674072,0.713910957288261,0.160493135692836,0.730266829380944,0.189712563211073,0.573973533334084,0.167825413644666
3.95086386428658,0.466593766891536,0.0657548641794586,0.0741410015102354,0.0262023214096332,0.393715133531634,1,0.0487197692503575,0.671243023053851,0.430857563987449,0.425616767730608,0.985753264918969,0.235557956833742,0.73964503249329,0.184908845518709,0.71261267000674,0.157514149842917,0.792187613661821,0.200950381199031
3.82359332495703,0.327717526802337,0.0227717371087762,0.0444247383636005,-0.104895789399313,0.35507098327859,3,-0.114462796772604,0.834954094365738,0.74372180890873,0.417478872335914,0.661966288354363,0.340966236893126,0.821860854734854,0.178379615329882,0.414807972027468,0.186848232886279,0.661637570301314,0.145613441911049
3.7758204925348,0.303320398862825,0.0124822139531071,0.0349948763959537,-0.0435445639818824,0.285369261039814,3,0.0553365470805164,0.69931076234545,0.790609356574523,0.340943731278308,0.612117335848518,0.230317066739159,0.651227874339449,0.164984894430915,0.585462154199084,0.227838439523825,0.739174109410838,0.16128070185747
3.86382388633792,0.498239636388198,0.0667124815377356,0.0638835716421969,0.114329348953627,0.371459517223629,1,-0.342387121520017,1.10705338481593,0.710999140808727,0.486054745355472,0.844791853130515,0.283499894769803,0.78759920050769,0.210775453134404,0.53511838368017,0.176138010151781,0.856811206854058,0.174970294618274
4.01172376338836,0.26676804811582,0.0102808036877327,0.0755022445115735,0.428662233536636,0.238880844375836,3,-0.183819439393023,0.802761008097093,0.768218948065229,0.364712601396679,0.784161175317538,0.191376022215392,0.617394225224157,0.16264881487442,0.859319475231047,0.153662025255467,0.797521916660867,0.149427224666569
4.62403810662158,0.6736053884852,0.122527220207474,0.0931633123005759,-0.373914379030814,0.243264391367946,1,0.22791248320181,0.841261325733669,0.918602839975484,0.433968504262833,0.600051922568108,0.29435709509559,0.937699891085384,0.186723106974576,0.90955384687581,0.19201537388323,0.76874559793827,0.225966016607235
3.78367299154108,0.282491498069469,0.00947132661435006,0.0567977084495707,0.0274586954523237,0.344559724624561,3,-0.00128989363716051,0.761126347237151,0.700860692377471,0.393862868371864,0.711674720547034,0.226050329975766,0.676283975261119,0.161258207380782,0.771511449541101,0.179163302921165,0.728858248643615,0.167777571243775
4.45760914367352,0.611548390818931,0.150009635181632,0.101502358055078,-0.0592926344552394,0.454086292850575,1,-0.112088170706321,0.801517883325616,1.06771220002703,0.275482766452789,0.787965729230498,0.283879487787471,0.762075851954073,0.240205491392001,0.830586217009525,0.179701296003057,0.890121835386437,0.20116085215886
3.63469214526995,0.42010853426033,0.0996614697932021,0.0739432330882862,-0.111426500271445,0.290925143301,1,0.000747007185588654,0.542098027900348,0.476012599258004,0.352290744065376,0.780837661824433,0.230196786049195,0.662594934814427,0.169527590116771,0.537311368364739,0.190129123270465,0.793742115616986,0.16461305101384
3.44720039696573,0.321294982357116,0.00679158030790685,0.063975817305443,0.4199811869481,0.238609911381309,3,-0.424086297490193,0.765206280671109,0.633432308255633,0.413959146080146,0.358979884328773,0.303218177207807,0.865893368886575,0.180922502686506,0.705191076845105,0.166255317375375,0.461515486484521,0.17951671579711
3.28876378861329,0.288296525643666,0.00655182350319317,0.0581470149796817,0.00708608783554947,0.311044420124452,3,-0.0130117587066251,0.734823596867716,0.411790203245145,0.487740439317095,0.542669180388404,0.235374817080846,0.574928852210043,0.181665371385973,0.650661452122709,0.150786303811966,0.50809413011239,0.158470787371109
4.32776810468526,0.605002764457137,0.085736311420579,0.0872724596763385,-0.294577543663979,0.3049445135938,1,0.152051554197108,1.06684116843316,0.536477866356717,0.639062018026693,0.706875624486926,0.263491093458131,1.10943518437151,0.195416015581238,0.815997786469288,0.196091014780315,0.733818922563038,0.220942861585971
3.74816716898885,0.36452902332841,0.0360284239811548,0.0824758568530847,0.258331695484631,0.349036924336517,1,0.0980596421551598,0.478269410573316,0.582648928202095,0.358022023336452,0.734461480683891,0.251550712436706,0.690481714062592,0.185297839717127,0.505269729058559,0.198513740745395,0.755620087912158,0.163735096859229
3.58732342898958,0.434630208588107,0.0654919734865369,0.0723581880794638,-0.0232130721984803,0.431723152397707,1,0.149167154983658,0.454074192932305,0.287189054347213,0.396966579869709,0.857707668344817,0.259365859677357,0.522147717429802,0.175604505934735,0.775166160391539,0.162215173226153,0.425811136935522,0.199720135871332
3.39942499598357,0.297386583590738,0.0131786976124942,0.0478355793004819,-0.0486229749203354,0.242582214109241,3,-0.333473031085076,0.412743893857234,0.849212972406466,0.255504907263644,0.480091523744463,0.235206696541168,0.70664417710948,0.15696153824012,0.289361052420481,0.213724354184694,0.583898522753418,0.160751437135871
4.58971040673131,0.772595689475181,0.121939223500111,0.110547511530914,-0.25393587355995,0.298817358391416,1,0.830496318433084,0.484601557650478,0.585666781000398,0.33861290682973,0.830918199277524,0.214116216579561,0.859617321264033,0.302081516626144,0.904254065755942,0.236714934639962,0.681959266840346,0.219768858457837
3.82889231838822,0.380794243355083,0.014015725338489,0.0465263080450531,-0.0359743424769422,0.237339296369513,3,-0.0242641210890515,0.60538785900665,0.666253982144533,0.326830218077255,0.614315058373973,0.210942835230877,0.595509267103449,0.218398800668393,0.807160455584768,0.167160944291164,0.728990256738502,0.152322743667741
3.67369403737279,0.476829669231897,0.0067942644713188,0.0877617989679828,0.528688711389489,0.207898554035025,3,0.228210310027645,0.611764133467619,0.510163507271125,0.351454100358123,0.814803393401098,0.21284170531347,0.59449907769314,0.280924541274944,0.613041640298072,0.260493054039675,0.856581975077668,0.175461694918485
3.84617079733056,0.374841421799484,0.013705248105491,0.0425132185789964,0.0738356611769215,0.341222130214508,3,0.0749557524040529,0.478020967974511,0.677473783259086,0.267042355368763,0.7274758545568,0.205177309804967,0.681241640287022,0.20584930733463,0.564911262075861,0.180576601772401,0.735668501802231,0.175402331317904
3.64837765552623,0.509507289514523,0.0741795807929204,0.0798981279787138,-0.0445501686145808,0.252372001361591,1,-0.268148341386253,0.394470462741715,0.571473343760491,0.257118758149269,1.0044048758121,0.258369198379492,0.599426533618798,0.196839692789695,0.622823669886214,0.229705659080982,0.522634225891102,0.21569903702323
3.16601931010424,0.283687160960028,0.00687594432849387,0.0662335136467473,0.275860201807024,0.215629115297084,3,-0.407082902293876,0.559945192507142,0.391941717872734,0.420160782128207,0.54405036851917,0.223191614606897,0.774740223323126,0.145651740481308,0.417186571031946,0.161814685620765,0.667076218090096,0.150485934698891
3.81761322106721,0.453252873052511,0.0149209680831891,0.0766094771057804,0.0216520122477153,0.304435484462663,3,-0.110308534683039,0.622989638157154,0.535076501956081,0.370937627344098,0.760081294070181,0.220470550449146,0.994965929318196,0.197619818017796,0.59751200673876,0.188647498434803,0.596821783975136,0.192605716763966
3.57208250350692,0.378037752138431,0.0130763007634459,0.0566833630424606,0.218318437464825,0.350083688838533,3,-0.0635362935658966,0.652269588483839,0.271575129829601,0.482495182905566,0.959480424848241,0.203989975763126,0.587709700358511,0.197767556633665,0.525408693772238,0.211477944994631,0.707738109262425,0.157337284679895
4.18494600888593,0.563818825050367,0.0954923590304636,0.0780397570323519,-0.191663377285451,0.250228753225291,1,-0.508335779252424,1.00991707648508,0.923998272353162,0.508864163789993,0.943337739387123,0.287823759322998,0.653189560992225,0.180404123788072,0.875464683691988,0.192339476134068,0.831824666973831,0.144299602722764
3.97099477006694,0.460149971144379,0.0612597011111308,0.0725198425642164,0.486444558761334,0.18042326910656,1,-0.207001851786556,0.617760099502213,0.857798929330222,0.307400263793901,0.463109774763624,0.323106637512973,0.852703442231003,0.197096275825348,0.747476231785181,0.150545872960621,0.974969537399729,0.17938559370527
3.86909481996088,0.466896057563519,0.0130032634078782,0.0438953214378636,0.0389136159536306,0.322777736009831,3,4.04533234312811e-05,0.581017623449565,0.74922257257983,0.313035257490124,0.630235351089735,0.252475457704909,0.589565031973088,0.207835180020839,0.783181861887324,0.160374150593467,0.803137834927051,0.200332533986247
3.49570478279422,0.42888779560232,0.0560673460171642,0.0776773332461806,0.0205276029001623,0.375851600733354,1,-0.234963387293315,0.781639947400243,0.384779336917665,0.542668188437803,0.782978820909725,0.223375958024321,0.583132315958108,0.224538357384994,0.802076056259647,0.1779981508417,0.286281227283996,0.226106225883917
4.97881256089902,0.941810038487225,0.247328951564359,0.181470014792458,-0.481566685603928,0.204538186278789,1,0.0474946130276049,2.5252380159701,0.923092490870749,0.927770149726597,1.16253215499856,0.323305401221983,0.778096634441799,0.242599339281101,0.988495322147141,0.239770920187476,1.07221171687608,0.211307162429051
3.82108277772199,0.246697675176774,0.0115265897027921,0.0384602885019106,0.00771380295926192,0.286578389996158,3,0.0443724156388129,0.818072446361473,0.83897026947773,0.362890041039289,0.672916859193771,0.183257119494384,0.478808706573427,0.185821836352565,0.600985140308951,0.14735398718659,0.651062187172888,0.137026263367472
3.73573941114228,0.417301144865876,0.0786113130072526,0.0857828638589091,0.23847007126651,0.368830880627983,1,-0.539028257014661,0.626762882517857,0.933252975862543,0.316434357527044,0.634567910966368,0.321260697900093,0.682005467821555,0.20693462741743,0.604266913779241,0.206865246590045,0.699447386914324,0.154115606481255
4.92255565911899,0.705454004378708,0.153884233748583,0.153281918956562,0.0781107590703207,0.420283571586305,1,-0.761951075436496,0.801054787827356,1.34476918269107,0.278965580128153,0.789273895592339,0.251270158959344,0.78699663997622,0.191251763257161,1.03363430510671,0.175850169327843,0.753449774028554,0.233823233442499
3.95739603567187,0.491158123795281,0.0839915288961948,0.098364406363278,-0.146845237107271,0.344026934935295,1,-0.265113652324123,0.493350758799267,1.09612319351006,0.219546021122054,0.293318480229455,0.28935262267597,0.832881766731395,0.160800348058462,0.437933793008596,0.218464233290233,0.966552305463005,0.177737465395649
3.77862767077012,0.191457563580086,0.00911657041345168,0.0395202857964704,-0.0167197898557997,0.380327109878916,3,-0.0254871684351563,0.637788129166339,0.623225532511056,0.379666757838736,0.571797318556037,0.259643619101498,0.883202156919762,0.140110518826204,0.8189671279251,0.131382606781324,0.716729377649977,0.130629669840271
3.68388197002948,0.551939637852342,0.0717518013223463,0.0813596798274947,-0.208955239977948,0.371816911792789,1,-1.26953684266358,1.08398262195664,0.964820873625392,0.443599178623668,0.966178144399318,0.250584601662722,0.546198213961856,0.222291506775547,0.625806252621092,0.251448948582648,0.718868679300391,0.190742720626609
3.76287414276966,0.380556705307433,0.105418867547004,0.0704835906062873,0.00177893620685083,0.306583084175917,1,-1.33116383102352,4.74162096778227,1.19735108831017,1.43161446238947,0.676234768461585,0.247211492580927,0.716031118694289,0.190981330570692,0.388216802607032,0.231880693407598,0.74302492445542,0.185068554753716
4.29534085991862,0.469239743400233,0.114870656400125,0.0649159006809632,0.0303099133175526,0.445486091474047,1,-0.153129613684659,0.638216275284597,0.890095112992574,0.302263803482457,0.875878745706091,0.200895595442077,0.768362318218241,0.164875767203882,0.660582048403792,0.184343941049828,1.03590605175716,0.119735683872266
4.17575032913362,0.61166232590195,0.159701630485062,0.128409820993514,-0.108274847667216,0.306139654103011,1,0.479950988852608,0.739985450133992,0.931131636483754,0.325867801896459,0.37497806300446,0.244737861109463,0.611887234935456,0.23161419653223,0.883313834543226,0.192464495018342,0.860399562047375,0.182424522482227
4.10589762129932,0.47903993100107,0.141099531316104,0.0832911502370901,-0.17225652664533,0.461159310711499,1,-0.488729540650714,0.91137139970203,0.870231961664127,0.393266697252428,1.01185077349307,0.189962959961846,0.536731841526584,0.216748236424337,0.663331773090867,0.193176430785643,0.843869489712509,0.18891598904821
3.83932182721035,0.384586580365957,0.0137018127654438,0.0522871915003978,0.0147896744477154,0.304867350625094,3,0.0394019032387895,1.15832121628706,0.783571001138642,0.515055157798469,0.66976795089592,0.215493195536269,0.633209091689009,0.178832207544881,0.644755720824192,0.160828033995668,0.711060984626014,0.161927482795793
5.08618904904263,0.590656524821534,0.128841811915983,0.0882572169097064,-0.410038666737216,0.246271656618036,1,-0.794391638950609,1.16178729962148,1.24372042091001,0.409897451347162,1.0153098949293,0.312089418256707,0.900333062064344,0.167910697829929,1.10537442574564,0.216699576202621,0.774885937090942,0.181063599452554
4.18406542895964,0.591966493341139,0.11792820624768,0.0824175446119335,-0.306293061329606,0.277997675738755,1,0.575676507129092,0.415687385688556,0.841054357298235,0.292245463170063,0.647487096067935,0.258576337594171,0.494381281713475,0.208831988074267,0.905582889854225,0.218346870946643,0.780342197998278,0.208978994855494
3.82511877815201,0.385054816703616,0.0340749868166459,0.0736299969540435,0.284015852228825,0.362615808519237,1,-0.165208689681951,0.553872866436304,0.55147390007916,0.379126610800991,0.810455336471289,0.265359860465565,0.719926949221035,0.16327357717586,1.00350397777386,0.173763603452199,0.424486932269253,0.186929833444072
3.75513125006683,0.363732414974148,0.011614052318456,0.0515757085980408,-0.00731990361983767,0.259852335729223,3,-0.00630667931784836,0.396544347427152,0.64503368527789,0.267275320935593,0.680619889695339,0.24626881908909,0.758665293198705,0.200546189528246,0.76646437254116,0.168081581759913,0.792175946259642,0.177197658667962
3.89063687753278,0.436560289028329,0.0115534110664621,0.0403762771880916,0.0452351346662145,0.29001517972833,3,-0.0110371770675548,0.346469960435478,0.726388967833038,0.241454243602205,0.810846573058986,0.214811489962511,0.743215720025516,0.247470615887091,0.62463522141216,0.172595226472732,0.761317593370304,0.175188008700155
3.89712680737445,0.585757034239962,0.0601403707711781,0.0752653176998811,-0.141851333308027,0.342994820897246,1,0.518014714321685,0.615551657794518,0.297625101442805,0.445072862623185,0.502548293149597,0.28618074362221,0.942571088393391,0.223296487537198,0.903506128855027,0.15245798744802,0.57791173207283,0.258133926001968
3.46664001981164,0.341554076280297,0.0234379151753551,0.0611761156795635,0.0649575860511934,0.263846726508061,1,-0.353244734188574,0.444803860784922,0.722396194330573,0.256676983543348,0.54308627403253,0.167402088829207,0.678084713076424,0.175647591727716,0.605772948328317,0.175001431912105,0.617520782967884,0.172517605355607
4.34735902380854,0.554970965853575,0.107196269712045,0.0707532539648816,-0.0794401933884177,0.480159610338077,1,0.53863818094017,0.697767073421745,0.602656199822975,0.396656461878278,0.705539693507624,0.249947436005031,0.846982502346386,0.225347793001411,0.817735368652358,0.236693627992852,0.838187203938694,0.180391354450337
4.09902132538854,0.582301886425444,0.11332987969752,0.102003119811799,0.0407586949078282,0.350217447289542,1,-0.69318164973161,0.855226959921036,1.05589522658176,0.340351636125311,0.741652436556685,0.283869152837852,0.90527024675035,0.195033086239258,0.423171306640861,0.240504465253688,0.912909102753277,0.201064170205378
4.48146694333013,0.740917366610912,0.147487764178266,0.124370538192123,-0.330264782151413,0.271966147551585,1,-0.245563309764816,1.39166107934622,0.853123984267855,0.605948436325675,0.961331509150067,0.235558452568469,1.01923924282191,0.223995879180912,0.741611049353259,0.217264712079947,0.807480877673364,0.223265487986427
3.95417339333214,0.355637175122862,0.13062459873379,0.0772030703932986,0.0575585804622315,0.364536793613164,1,0.440625446223786,0.46245489689336,0.702851601131858,0.291078559199217,0.502138787201169,0.2853067567656,0.586832013044951,0.250193140409689,0.784333537653269,0.158142760320067,0.791905073994713,0.14121112868219
3.39456120447273,0.313921071935885,0.0211495384858888,0.0431277339102474,-0.0965720266319878,0.239495931970177,1,-0.208960156512919,0.781311745609224,0.844352082602715,0.372465810252048,0.55107813537796,0.180105525471635,0.0996511533177401,0.258078849305723,0.717031482903727,0.159923035143146,0.704355744743509,0.146897388803597
3.71041167308918,0.317338343867668,0.0106501984602371,0.0521935846705991,0.0611145336774457,0.290593293150287,3,0.171296820824987,0.341012797335346,0.737487040164774,0.249360122337409,0.539035917006442,0.285490837324905,0.624247936319647,0.177379562908482,0.684279125044618,0.147621844823877,0.600620637352646,0.154434266859101
4.25868423135981,0.551399729090305,0.0565943325450391,0.0799468292596859,0.176378960368174,0.256489545843359,1,0.297196955929721,0.326937476266182,0.658066593609295,0.254406533944181,0.777864861500961,0.274408905862473,0.971343168295513,0.210969150024628,0.631593186050567,0.196384484722244,0.814051193025643,0.173861658479212
3.83432048766752,0.354146431845269,0.017395996084584,0.0599233028397778,-0.0131174792251457,0.339475748830944,3,-0.00424094940265685,0.396468860276981,0.708172077283232,0.279983851876629,0.708157743259324,0.208254585537735,0.681767932234669,0.157411142628859,0.684231485152966,0.171580475533473,0.757501081875045,0.176591410308985
3.8453439069019,0.279194074614752,0.00879569499130043,0.0461604407549603,0.0187951964452224,0.36224834230834,3,0.0193523159301874,0.927250836374326,0.739986181181829,0.445692693100475,0.745968863683593,0.226509610691431,0.594791392694962,0.179508685303476,0.664420650361872,0.193066810324249,0.715527860512502,0.147767872920022
3.84663604108966,0.367246758855063,0.0139517641464989,0.0455841441566086,-0.0670487341783141,0.266684285763504,3,0.00436059565052414,0.910289292594359,0.784462951322657,0.39699986366228,0.73557443635577,0.254837515832859,0.570270463897699,0.172922820576246,0.774330103017568,0.178082962458698,0.542677534018702,0.176157083946962
3.8569883282027,0.453312958197979,0.0844592958115346,0.0722400080546126,-0.184430895393896,0.265300532436413,1,-0.713677610965623,0.596823444142216,1.11953238159285,0.239567449409219,0.383591724674234,0.237794898141087,0.855685664139243,0.167742348698497,0.660160312452053,0.186936073718086,0.816156357904675,0.163521781161378
3.86195581833363,0.375150778660548,0.0601531063531424,0.0582473808573295,0.121027205139424,0.38151146741972,1,-1.03657062873765,1.09536039874413,1.23492076682874,0.364936811807781,0.335800381513097,0.43709147826313,0.661953425340389,0.193464833488641,0.928933150897278,0.155465053377352,0.783428441576253,0.16970070327202
3.98142310561699,0.483815703102285,0.0857448283670078,0.0804342638437099,0.0623370806512921,0.435531784719323,1,0.186553515841678,0.525006093592898,0.582186393141554,0.285360741815359,0.772718181549552,0.202493579883765,0.819853043843559,0.216737969842475,0.749506919860433,0.183011125335883,0.771114009752247,0.210865129312189
4.26246649555534,0.58494090498263,0.12706241371927,0.0939397926137476,-0.145566357391515,0.339650426429652,1,-0.0898012924457919,0.803840434764093,0.917414893807264,0.347975034463446,0.438164258361053,0.26411707403898,0.872431876237835,0.18354234822344,0.757829556626923,0.211123357444062,0.903338187940704,0.192778575930855
3.77431733692106,0.320667411098582,0.0103849734122703,0.0296857133079387,-0.0875995372735536,0.293331148553146,3,-0.0590101572681953,0.982000862071869,0.621338034200979,0.547720435614126,0.763136882782136,0.221564591898139,0.858248110652758,0.162266789243195,0.647479732804127,0.155274388627386,0.691360394810392,0.176162556795383
3.81858527719872,0.449593130753106,0.0104340094683927,0.0424349355576978,-0.0968422202152607,0.320243034718212,3,0.0605355389806732,0.448583669334411,0.666571568208236,0.277566002399487,0.782691193467999,0.208381115114306,0.815251079727601,0.174660310165386,0.494515492988224,0.194191938351763,0.722063285935852,0.147389229689581
3.95796791094205,0.386669397815108,0.0140446366125516,0.0703982334811671,0.218971364625304,0.324887507465216,3,0.080847561791999,0.512925632517637,0.766333535826247,0.322475518260058,0.551386925512886,0.258015505904307,0.753824076760562,0.185695458726283,0.812934668346859,0.161723502637449,0.614744554994086,0.164102609748532
3.92978293362377,0.401932289510446,0.072798755640227,0.0828091712482781,0.226437059346259,0.248065671951362,1,-0.219662697539513,0.446204753622435,0.807073450726839,0.253753453623732,0.879780212793168,0.221862757498552,0.515488679136799,0.230853425945638,0.684201079730823,0.170791400322009,0.75484488344582,0.17792097500469
3.8013628122463,0.280918443836591,0.0125179075047358,0.0425109119890543,-0.0619722962377585,0.251092198305922,3,0.012230736763443,0.61952759616352,0.745440459797688,0.320144944807408,0.663026276656726,0.155501484673143,0.574931750585552,0.154061944329232,0.723273341083543,0.134302459947183,0.756088068692204,0.139157385306072
3.84243608520475,0.357912229805031,0.0152185037436126,0.0614550173670353,-0.0138748017263106,0.248244675490886,3,-0.0253310877732893,0.344764344704162,0.607860133661683,0.204171370045901,0.703221196475742,0.179577820892588,0.742618085095671,0.161305994076269,0.712724222269872,0.166118015870107,0.678293564768381,0.17411156878313
4.09075049932736,0.394358914930469,0.106115624811526,0.106801669308718,0.294449781865583,0.402129245674888,1,-0.0915521662380541,0.749623864697164,0.80715445646416,0.343690239930015,0.868583409984304,0.194746578008471,0.62112860592686,0.173760716756116,0.525389963540313,0.187146507999442,0.963950778481853,0.148212442046666
3.56843727029146,0.31574201487137,0.0505612845983082,0.0735518975804801,0.266265477699271,0.286250064667965,1,0.0653411162546858,0.705055299043125,-0.075413503414496,0.692010097012449,1.02402746996577,0.168229191771634,0.206738905661899,0.219583788290991,0.871921927920933,0.126922779550004,0.627617219753599,0.19004202459497
3.55708500153246,0.442966397242581,0.0333870223733568,0.067377732798207,-0.0640983072146485,0.32928581514764,1,-0.993769592333026,0.882722718838106,1.156573839245,0.317906496467019,0.268391910188399,0.30725039348636,0.702602384274675,0.176676520568172,0.554798453986232,0.184262332169869,0.572331085275736,0.173239877454236
3.66668384279276,0.336436014843274,0.0537279283700058,0.052436245672925,-0.216109037586463,0.263319991381299,1,-0.277276760522073,1.06948970413093,0.780109260179369,0.533712602191717,0.737919409066606,0.294599945491662,0.560006512623461,0.183452132975743,0.745643675306539,0.152664346560644,0.632347228908777,0.168786894376248
4.02157016691714,0.495781989724986,0.116236122704476,0.0949400366146877,-0.153703645473518,0.298613369339779,1,0.473463168950496,0.407617568599105,0.289443930276105,0.339663508808289,0.79563478563497,0.214121833628826,0.86808110352066,0.169139232535159,0.71383314088564,0.191224020140648,0.634681084960366,0.224124519276278
3.93079792887388,0.504381197346239,0.0315896557536456,0.0576595773895564,-0.416783262601692,0.222258223294547,1,-0.280280256673305,0.590979353487762,0.877368469198513,0.363443182294187,0.604169657436332,0.261438744562302,0.772439788893509,0.185844599458213,0.789933248538044,0.172801700127199,0.820547976240495,0.208943254953787
3.91752706252098,0.384842871621436,0.0271433021027195,0.0638817254636216,0.0240333268572735,0.254138108497534,1,-0.0631220501447113,0.353549357089363,0.563402960412522,0.266486181782533,0.829010451541399,0.189012206743346,0.725011787299733,0.195631901739221,0.77000587479921,0.151829330218156,0.770414628666514,0.16778879875878
3.52421521750646,0.384245610903548,0.0198391466401374,0.0776894957870346,0.137967431050135,0.346120108997109,1,-0.330793176686157,0.581891628683768,0.501441230292015,0.371701636186272,0.709723750715811,0.210554390295234,0.675177739152687,0.214715646112567,0.780338444769916,0.147094542038319,0.429075938216616,0.189151832903333
3.90511806223302,0.23079359264994,0.0121796675828581,0.0391590549300733,0.0397835800589284,0.265859476080645,3,0.0772535246686715,0.635633541529459,0.887004498411914,0.275078965604554,0.325189370101176,0.245513242008549,0.961267812778022,0.108949464329962,0.403343061725895,0.162823078386226,1.08195225167312,0.102131742818757
3.76140744952743,0.38216589050217,0.0772846097351387,0.0705639038120314,-0.143114596744527,0.289420406111307,1,0.082999055190841,0.590492112660148,0.778292336644875,0.293305699749195,0.55966894669947,0.18819880697144,0.676264722424081,0.18822435772946,0.607675798992683,0.175318083389762,0.708413288164397,0.154675995160547
3.83667492830583,0.329543999848411,0.0153757589571573,0.0663400320906878,0.0224253559204296,0.286764478418925,3,0.0271785389078234,0.567835532068791,0.744097020906342,0.298861798941655,0.741654442964166,0.21741888377262,0.632207927215473,0.186438460335351,0.623431701135547,0.172599106304446,0.638372458060176,0.18061068242046
4.55967067205304,0.970905817131181,0.0883524058623705,0.0800893364516168,-0.4058749310502,0.366947509610373,1,-0.103861104270503,1.57507854531642,0.872303300107954,0.647666495420719,0.865496099779774,0.37579293302159,0.706316413738527,0.36105102742598,1.07557396435734,0.256659789228078,0.804706946522883,0.197726912108957
3.59898187913237,0.445350287795431,0.0120732570542362,0.0711255929522646,0.0630600215315127,0.307228001355532,3,0.0587108662101779,0.683315903105894,0.515783089259396,0.43156515896233,0.682567377633375,0.211396591599267,0.770065251143556,0.196078418263153,0.645645644637583,0.215193521597888,0.214086898468348,0.189502227700246
4.27793456636212,0.463871407783197,0.0911519260303408,0.0758874030850822,-0.145401512644336,0.372255742627599,1,0.304175902051541,0.468162984178088,0.680100434576448,0.291043934104519,0.930115338924579,0.204101583893788,0.761587900681882,0.185972206673801,0.915636633821436,0.162087462359922,0.676103844893907,0.179175026766376
3.78605020834696,0.348801187699606,0.0116627525333998,0.0672795619151246,0.0184554755492067,0.416142407681126,3,0.062978276121396,0.589484817110134,0.660793749264287,0.4294187137024,0.649725463105771,0.28038331366318,0.729130379275273,0.172862388195979,0.810667300193094,0.148398872184294,0.291282416200742,0.202974253005628
3.97412141983808,0.534724096298859,0.0822250316479114,0.0774986394489112,-0.511958066146745,0.172026129756649,1,0.451709340876313,1.03278230260522,0.743685526449563,0.517998042383067,0.540316586034183,0.196963863455343,0.641212126345543,0.227267895092343,0.739444300739103,0.186432660734099,0.75672730227615,0.207473365234311
3.00959690362977,0.247604963036438,0.00625627552486713,0.0477289100230408,0.121979476036855,0.310626424230615,3,-0.563080240544034,1.04214576314162,0.160964443095953,0.723653371841034,1.00350188301933,0.132219994996051,0.500153033236053,0.185362839884176,0.492508934831304,0.164310986895396,0.166168768670534,0.176881141683242
3.83767845866446,0.326658785209066,0.0104538122991619,0.0602234592891078,0.0545220095452911,0.302404203540393,3,-0.00903354513717569,0.494941677100417,0.655477031538378,0.262932675630027,0.62836458833488,0.184785538010125,0.772762108760074,0.182405549443656,0.744281764005561,0.180683357810951,0.683492998041508,0.156277408351205
5.72241184272701,0.909918219575143,0.183242024124296,0.11028277483369,-0.202143095532576,0.425660510166184,1,-0.216651725568965,1.24929447951835,1.29113109680255,0.366436697032521,1.05574531778059,0.222005299197396,1.02663353526762,0.227849338117726,1.08110994112137,0.253659076688499,1.19862274888159,0.201135958079343
3.75478140691435,0.339976398057241,0.0136056568066013,0.0700258372134818,0.234193297928996,0.315643719933789,3,0.0597395377021221,0.722390914523067,0.878065498491408,0.325786054255979,0.497090692372876,0.251486180815456,0.645764421046997,0.197951933134573,0.556593095304087,0.174701558515263,0.554736989193056,0.173327138740904
3.43065169671177,0.392239145249402,0.0244390161315235,0.0552241863503625,0.0399888440047348,0.265798489741913,1,0.513079348228235,0.485563868503286,0.317537792532151,0.345123945276321,0.422709632804534,0.253186183149237,0.815061838041123,0.214662101069298,0.374928959728705,0.198272537219286,0.645221620814083,0.205676659307088
4.97265915945265,1.03079546460162,0.230312421776864,0.142527588198608,-0.53474137756104,0.269548667576962,1,0.779250195648329,1.9823201923923,0.89893845232668,0.823160519184909,0.607616576034833,0.351827453283895,1.02747909649483,0.267895832097528,0.858929619706881,0.267843572379592,0.999719304914191,0.216509359043991
3.40846341494036,0.288623454859521,0.0101846936032547,0.0486739223153075,0.00585803993657241,0.304884589528061,3,-0.249396784503445,0.611698339997519,0.774599117075221,0.30973445885531,0.320454899566414,0.208319098965114,0.684273593508228,0.167412956973299,0.640544001265698,0.167057500702568,0.585755243999821,0.151824159597558
4.36379004262919,0.521605291692154,0.09021442326041,0.0657487855658685,-0.237456586506974,0.329281899912749,1,-0.228816968646844,0.724495838386739,0.972804199191694,0.33693683326836,0.890746409838687,0.264112626247403,0.729257292422808,0.198994216626777,0.966946421525371,0.171558025324709,0.728281552002624,0.201577008514652
3.41269942842338,0.327588244248174,0.0111790637460375,0.0677970483501719,0.0971070495705959,0.31197377435728,3,0.0605427154571458,0.343229734995767,0.693049736238812,0.287075210509346,0.481802745472406,0.352353714055253,0.386553136075273,0.181150665500927,0.706372422959137,0.145753131169447,0.590738683733564,0.184162283952187
3.77971258693585,0.399601745430367,0.00775905343539168,0.0720029339325643,0.430164412604139,0.220650239497905,3,-0.0850605332994165,1.23782478730831,0.72999946195532,0.594150044574545,0.811408740860653,0.267535362047699,0.359184321176657,0.210835940846616,0.714925383323513,0.18904423026122,0.893109573862818,0.14052370137743
3.8352739253565,0.358444396223626,0.0173470078330365,0.046895159705852,0.00551204785744314,0.336260029290767,3,-0.0240627376437478,0.365660428029917,0.750313183979766,0.276007529043096,0.76491812812965,0.302352471951055,0.661532502470347,0.190369922027961,0.64274360545524,0.151240299000189,0.629730411811641,0.165234486344844
3.78506023193425,0.466454066370633,0.0453935527065088,0.0608038807957596,0.153160718987325,0.277739399201373,1,0.0425530896211566,0.712450625126949,0.790089801387852,0.325649811114368,0.372521062073888,0.282590010201982,0.7846313494821,0.199499156761285,0.829631156079162,0.15320682267966,0.582519997674117,0.177930553298856
3.77653420084814,0.295551622022478,0.0118859125055238,0.0548906971324173,-0.0321084750352736,0.230014664962277,3,0.124598358110252,0.576728862049961,0.899096715414209,0.269597234276135,0.806099121911698,0.158370290821566,0.503289855426134,0.207917535584645,0.470030279505708,0.192965846286191,0.728643538808533,0.165530626203597
5.07339994366593,0.68459508868707,0.206295169832468,0.170991630382221,0.357324199636453,0.51666072751702,1,-0.0111965252413007,1.56073009613852,0.955885234835881,0.581777397943051,0.93005800788347,0.202819070578109,0.957854910462094,0.235599910084489,0.962878566309852,0.221350254053818,1.10604405177336,0.193176671095008
3.71339529560911,0.382821517534341,0.00879327384126567,0.0610461973901454,0.403766375943765,0.202222745925336,3,0.179683980592388,0.498682819292349,0.724167596709108,0.283368596452456,0.594653667670437,0.208753138411545,0.513609571781303,0.267052580161215,0.531432205579227,0.21632011590484,0.958867167112816,0.152273423960718
3.78851206878469,0.31491300558925,0.0118618779214464,0.06765044852192,0.0506134690967112,0.367794812786794,3,0.000181986953103316,0.407595696766622,0.680563448128987,0.256278777882818,0.702366311251938,0.216546606003198,0.791625746918034,0.151380113169517,0.707322626083651,0.16566542144729,0.690882238749165,0.18815582644114
3.88042278969897,0.534091049245213,0.100314523405396,0.0876656053682787,-0.255550363703816,0.308260753829384,1,-0.195881053820688,0.353098061382543,0.685080115976657,0.254280802188904,0.528658821872302,0.269364198465453,0.89777463419965,0.224117552013554,0.873959266952487,0.168656380923211,0.596155283031635,0.214810037819514
3.85866548566662,0.410657681667489,0.0787056112459945,0.0701190766229418,0.0143122679745413,0.366590833805242,1,0.720425621457112,0.533373552663529,0.348228475338954,0.504507559137282,0.542928356707166,0.406897046045858,0.723576697167896,0.215687678952869,0.711914476017588,0.214519922765885,0.734707097083468,0.183428793038715
3.74475863615861,0.488212264687844,0.116913817419849,0.0793996271484462,-0.317887471096197,0.242339402854818,1,-0.328673832540528,0.824762408267612,0.677328710298261,0.494899989568829,0.856741724793564,0.288174089065819,0.270216869662011,0.247430553294046,0.973956709047818,0.175516626736488,0.672435348296781,0.18189676050018
3.80026743793756,0.260926236063453,0.010768003545968,0.0512031061134208,0.0642010170268606,0.31826578995444,3,-0.0651190992988988,1.00078338923848,0.584225594530464,0.550841487147222,0.699640917367022,0.279879661174123,0.748415414605558,0.199470203774139,0.68082944445255,0.13511218593821,0.793576933718802,0.152545734370024
3.82403284616528,0.307832429871778,0.0122264436159381,0.0448974911229438,-0.00135995316521983,0.2167532552587,3,-0.0374870393507473,0.620126426654531,0.614107239737974,0.3482732185845,0.708702701141105,0.205238201610545,0.73338929969824,0.171005161427822,0.720386562907118,0.154503577203225,0.721120833025528,0.129547560869814
3.83163859230951,0.358282455281139,0.0146018339595908,0.039260648897501,-0.0476580901282564,0.280393382187901,3,-0.000939409037441845,0.425327122731463,0.739569363416784,0.262683754615253,0.784932962423653,0.194058257578153,0.66706279815041,0.189294168117341,0.660957575303178,0.173811495918511,0.712971935419319,0.14464858375817
3.66231398644625,0.544559458274607,0.0654221820709806,0.0763703216484938,0.019505800866686,0.405710808856979,1,0.322523730312917,0.623830293050608,0.71556064085121,0.288922519393341,0.536351866804476,0.292737441424146,0.611345895672972,0.259321647321991,0.739316760780534,0.188308512303864,0.429806038295824,0.213284828352446
3.81760035495376,0.414673372076548,0.0109519599539632,0.0575153588578866,-0.041909914768974,0.29153994887515,3,-0.0161625417101219,0.838952716269817,0.748177886098411,0.391397358641538,0.656000255339938,0.286712705817475,0.739126780045577,0.191180724896444,0.587718164858719,0.168285885404406,0.77108317736952,0.174882177546994
4.06775640106441,0.646794507625072,0.0671280308824175,0.0608873827731137,-0.41231030328975,0.326430861507575,1,-0.280858234082126,0.581896674256127,1.03386159664487,0.315129112963938,0.658125199185919,0.271525547883951,0.72696451932626,0.289119993165707,0.75434052445409,0.229540497612942,0.696501045933666,0.178265873082043
4.06814511759223,0.471345169524378,0.0477348632549234,0.0516438799492495,0.0980554931422651,0.359667213858988,1,-0.236874673524329,0.675639174383652,0.696512211054946,0.378869908082046,0.802008975518256,0.20611232903088,1.05351117113691,0.190448736328378,0.626511893309116,0.227746060423458,0.781199463656699,0.167426135037883
3.81252829768156,0.364146322403908,0.0120578636378708,0.0411014041901468,-0.0372608349025218,0.265044318257304,3,0.0756114421060955,0.416298149660049,0.766994962294619,0.253766743386516,0.706227247653257,0.240270769441774,0.634581619208698,0.186506017098744,0.628906864251375,0.189501180413148,0.663993460528627,0.165403197916369
3.8534218900122,0.316153961075716,0.0548290446580778,0.0880377406690658,0.127253940080747,0.329213792997319,1,-0.23155955434625,0.713117982410513,0.627409174035235,0.394585106984883,0.638768125857848,0.252642075731383,0.910787940490807,0.164173006898535,0.786603209529479,0.139643014944367,0.634057813108733,0.166756687618605
4.74313258285862,0.748543094894525,0.240715246136128,0.124349738424447,-0.361781980563637,0.327886153332714,1,-0.171212721643757,0.756477950489505,1.06130265186844,0.304214683240483,0.842543372495473,0.306037569710108,0.993361175910503,0.209936433387609,0.828207857834719,0.215962077771147,0.726314399097105,0.225998680057635
3.68727484562452,0.285529040901336,0.0390480815339233,0.0423684600284986,0.2074800973487,0.228292983155877,1,-0.0648378905356419,0.373134986594704,0.524080861989911,0.288908218557483,0.756395731122473,0.209218923235202,0.664032764141463,0.158756193316374,0.754870498509227,0.185562862230878,0.437269987431214,0.156165743614903
3.45475285484035,0.421852854993468,0.0452988146848487,0.0960502219962929,0.136208739255158,0.286648885445978,1,-0.429788461116557,0.421830396870233,0.711110389785226,0.287113999057135,0.792782049194613,0.196885879638757,0.67271428570873,0.205818750321251,0.475524864786343,0.182871639026227,0.383381651400203,0.214023622512571
4.43774752785973,0.589778619128985,0.0983768228117037,0.0774227876993282,-0.218396335933714,0.31482412625323,1,0.100168056080808,0.812975602747774,0.838805192496861,0.394648515991969,0.990506541464899,0.199141622902067,0.756566605589956,0.237770867754092,0.793850775921771,0.164151371034189,0.839325420441471,0.197315958971548
4.38878257988507,0.50912894559426,0.0434702351199109,0.131422480092959,0.497195756075065,0.30131163356822,1,0.605977845784402,1.55491334452543,-0.260570555526998,1.5882844533734,1.28691005283469,0.221175201526961,0.933167068114668,0.168867369702304,0.609111109916606,0.172488520597875,0.713173497258023,0.163342578159282
3.73877918433943,0.380078693924936,0.0903083598695649,0.0753918101385473,0.147968628834998,0.294510072560612,1,-0.299393744095677,0.556966372799579,0.966893585597736,0.224129935505803,0.153814140491037,0.298370346039622,0.841155360128477,0.16012475796484,0.809619702307495,0.135077331469366,0.557024531750376,0.17272123003902
4.20389889460793,0.482234802943488,0.0579464237638504,0.0697145226089185,0.0632074671589601,0.320471812355341,1,0.111426416283009,0.412673856800506,0.910056286142745,0.218135551576061,0.721097462835788,0.225101961070392,0.32512947298471,0.282912087844087,0.91230172448582,0.168166259784485,0.842430944342828,0.154030735335921
3.86028086341111,0.45704751537145,0.0968944826744649,0.0767456967381843,0.185180625751422,0.305436859124572,1,-0.226727847104734,0.422897622274893,0.859792331000721,0.277458596892889,0.656583953736952,0.321285408285664,0.796076388012163,0.228574903128285,0.61078848405017,0.172249462465155,0.737716061454593,0.173180517652699
3.81361684832568,0.337775841833997,0.0124883431629937,0.0479666354892362,-0.0559466582126757,0.284910741959334,3,0.0898453278331408,0.449726326606079,0.777725005581378,0.223013463795229,0.75005758398693,0.239501191800027,0.657421154175767,0.209621811276574,0.677381741067244,0.185396164184968,0.66608018494968,0.171903233478866
3.67238079965869,0.428963551235454,0.0662589792942103,0.0839403766309176,0.0262486644989826,0.330391478928035,1,0.603426631483121,0.710202867173037,0.174531921373803,0.52012350058767,0.744784385160521,0.243899427985699,0.328989600348585,0.267651362012391,0.795841155636234,0.158853210092799,0.767996953461993,0.158044450701348
3.89631857494446,0.392249769688752,0.0153127065266925,0.0692832325585172,0.235707591528222,0.3229974538596,3,-0.0479390820917069,0.846028421733837,0.644843996569715,0.453947709816547,0.733697900864403,0.213794958855309,0.864091132972783,0.151453651213267,0.713859890501366,0.159297779844093,0.602815105536861,0.189928196774007
