"beta","beta_sd","omega","omega_sd","rho","rho_sd","conv_code","tau1","tau1_sd","tau2","tau2_sd","tau3","tau3_sd","tau4","tau4_sd","tau5","tau5_sd","tau6","tau6_sd"
1.65195209182886,0.0930119645439497,0.0754529286666056,0.0160860661594314,-0.619748718486266,0.0531645409050829,1,0.338459904023175,0.233448800274094,0.603004602754516,0.127647718781801,0.787847870830773,0.0926968335709441,0.820871613164056,0.0792941770021032,0.678615055449565,0.0886549373121933,0.654557482723723,0.118905573038971
1.50613535013115,0.0884687515216354,0.0644206652654782,0.0140990479652851,-0.61161447337413,0.0511158807400668,1,0.19408089901511,0.186843352785691,0.485434245013192,0.128021156005065,0.83469841840512,0.0817811647143322,0.609752488918792,0.0918105794329574,0.608264595872891,0.0995104627730391,0.704358226868438,0.107471128422407
1.59726615909066,0.0807708902539983,0.0664183592717495,0.0144722257958862,-0.656948805888373,0.0470693670545142,1,0.064808295993741,0.21253937877065,0.803003039356273,0.100827745984428,0.733946187777749,0.084995009649217,0.684950825321905,0.0863848181347879,0.684239960118258,0.0960399683060032,0.811759141667437,0.101312222091256
1.40530080837384,0.0849686948369925,0.0418352354032664,0.0107121242044213,-0.612523550596054,0.0553786278808687,1,0.0968432554566536,0.176517300252344,0.647562297723013,0.101295092151911,0.536361218393502,0.0895193770232248,0.716003561396357,0.0879811665225657,0.491818658295212,0.116074642258266,0.681004294892663,0.106495309150522
1.42687451631545,0.0842049092665253,0.0810274228497305,0.0171342161631785,-0.515315493392585,0.0642266051442527,1,-0.119322915037829,0.222611625114674,0.73105248008929,0.103692339762764,0.508269630131831,0.0978923320686706,0.643491126713509,0.0879361884393381,0.625780870910633,0.0892169935138482,0.82027005864857,0.0898396747056644
1.49641940321778,0.0798401175290571,0.0619174455641242,0.013674800252349,-0.552463558692512,0.0599059615255698,1,-0.121679039486126,0.225960385997844,0.716494248184034,0.120972610537736,0.608434944557997,0.0970629257154904,0.741292821900902,0.0776871527675682,0.748248486245286,0.0923898151397336,0.618254883532578,0.109365403499621
1.47566633879361,0.0803498094289547,0.0492120577592312,0.0112437808096749,-0.551948304306503,0.0560997131317085,1,0.0362320529629871,0.203240750286879,0.716722344432499,0.108969970089903,0.592363579954637,0.0899308088817668,0.622938922096712,0.0831439702223262,0.708577014515031,0.0925440784681761,0.806870557132668,0.0934565487570472
1.69511681256571,0.110394150294438,0.108517179669005,0.0215921831906518,-0.654244234724021,0.0529731452350718,1,0.64497942245518,0.23769457054099,0.496400195439424,0.134220649827268,0.799304307555483,0.0896607803058306,0.859053192036838,0.0867242020890854,0.759598428528003,0.0968988191849595,0.787883736965801,0.108779219760283
1.3724713946467,0.0777583778956977,0.0657733549906346,0.0150001671206888,-0.546392051144332,0.0630003674383929,1,-0.248317700494221,0.208954602577824,0.659051532918222,0.105784502898458,0.743477320009621,0.0773536762627111,0.578945069580748,0.0934613512819538,0.599371437245075,0.0992131062281934,0.588115058567209,0.110612083154861
1.55430528194243,0.0901074126451924,0.0829905906244951,0.0166989232248013,-0.596162896798938,0.058217434671143,1,0.0543445725946908,0.2012734968169,0.749850460577388,0.107776500398744,0.757180198076686,0.0844050246590029,0.686184582978377,0.0885023617691975,0.683670156459724,0.0957425510401273,0.803961104865769,0.0995250013300897
1.38306685266008,0.0786175049108679,0.0521249872523164,0.0112830242736621,-0.61014097154103,0.052358686563705,1,-0.0509542176705989,0.147129245723465,0.612019679819149,0.0980939225810789,0.733030873940821,0.0784967811032279,0.538069654655804,0.0937880945322744,0.737260862177767,0.0946867960677999,0.543355359426665,0.106165379260843
1.61766395638406,0.0866404370647609,0.0788682828676909,0.0153212477113851,-0.681540964910326,0.044066333629418,1,-0.0260982899651824,0.180235457167004,0.688705235356434,0.108626261797801,0.772096337083297,0.0885357764646946,0.862540507370642,0.0768018768004721,0.788233244606319,0.0924485542318934,0.725885009799279,0.0991393917605149
1.65863491553122,0.087786124587206,0.0574843702588934,0.0125807702716322,-0.652777775555045,0.0473109587786611,1,0.0383385220860275,0.215506795206113,0.575133523932351,0.125034337120926,1.0119581667174,0.0704497986635973,0.776425709457922,0.0841273123806296,0.746363960030947,0.0948815023034448,0.621863993520684,0.101565068663558
1.56109061378741,0.0851607735965273,0.0623168073145966,0.0139909195654996,-0.610783310701006,0.0511981005488207,1,0.350568415500902,0.203807445055164,0.570772396143753,0.117261344724053,0.673141988759028,0.0847928527685603,0.738200886328006,0.0801417360291116,0.592705142577735,0.0998829393137193,0.748711430482282,0.100788763934546
1.39739775443832,0.0759423021709065,0.0699311516809412,0.0139346164636424,-0.510660228849605,0.0602134051289762,1,-0.106481287699032,0.18318803724162,0.718185687666476,0.100573265722677,0.548751682038908,0.0823409547927208,0.657754993699442,0.0847823069599155,0.659547427280013,0.090874268301229,0.531969569170401,0.103853248638856
1.60820968348102,0.0883767167558615,0.0713135145560839,0.0142718512049932,-0.551316769743027,0.0695971046726273,1,0.211952608344935,0.244654614032675,0.811464587333812,0.123142657298853,0.552997487066211,0.0993638304850542,0.724188580587883,0.0963710979051874,0.744573836228413,0.0906295949948067,0.807972650670073,0.10307369909109
1.58464956909789,0.0903301054869451,0.0718074351833843,0.015188575578291,-0.556888178835743,0.0575163961650195,1,0.0830745048498182,0.226674019694532,0.709502697096036,0.120075899201096,0.646318681412602,0.0893677531159667,0.75248006913872,0.0826774334392815,0.623964613679208,0.0990572099239438,0.771379296147648,0.096199510937367
1.55347769891287,0.0883137733486399,0.0673828706659353,0.0145110568454033,-0.628254619482982,0.0553735403652922,1,0.133964336477278,0.215874253969915,0.656550056174847,0.120042387101069,0.741257765472655,0.0969096620770698,0.789778049216241,0.0820213775461803,0.635121494024792,0.0941056762556646,0.724185775466407,0.101132862547896
1.384639972847,0.0721567535385638,0.0401588605652225,0.0103255475309695,-0.55019279500713,0.0550350771137089,1,-0.218651580179555,0.184273860256636,0.603978189225007,0.122443149848053,0.734732597097843,0.0752229383423656,0.575058098652468,0.0816046628327816,0.663733322206701,0.0850301335034747,0.636273678263738,0.102944009605453
1.50299091227731,0.0952948513919532,0.0603585965819235,0.0133408017728965,-0.666925829300256,0.0490534918506741,1,-0.0537127081508885,0.257352531734805,0.695501692514492,0.142600637455963,0.829704570207587,0.0880194968978388,0.668134953967006,0.0870689002615071,0.725500262023332,0.0983367515281713,0.646180394120607,0.101082111898008
1.63856820775698,0.099197634629478,0.0813622893771986,0.0177184057025233,-0.600983763894283,0.0593548211662869,1,0.451714896408861,0.177669172995889,0.559098604352754,0.115511805647066,0.766960110178645,0.0891838896019243,0.770322645749468,0.0870285069615258,0.698035678007332,0.0976223172263413,0.839439092607507,0.103351842488941
1.42313642849108,0.0771875019227962,0.0423717279723448,0.00875737860484115,-0.530233065168638,0.0587587683310491,1,0.104784729677528,0.232743921948772,0.674521852086734,0.131081745962625,0.633568057752118,0.0885209736994971,0.543003481738572,0.0840399953171206,0.615497994600651,0.0843347160335808,0.71381675461896,0.099932160765577
1.45473236988969,0.0759423421910545,0.0642551294409889,0.0129671532296063,-0.568205610826145,0.057761875403442,1,-0.139568266846347,0.210247880849979,0.602767710819018,0.128508299366184,0.766546300665552,0.0852477774370858,0.582376022675518,0.089128473181458,0.793079731043168,0.0780096788500822,0.618379986084688,0.106854138466246
1.65800311543273,0.0953675656772101,0.0544724674636128,0.0129762356475576,-0.576435696791285,0.0584635130498966,1,0.274187007871905,0.210181113925819,0.698407707093361,0.108882947253706,0.821646434047315,0.0815986320921034,0.727578507876997,0.0863047071012182,0.778007631334834,0.0839671456724351,0.723445509557085,0.111577516907336
1.45905753694586,0.0791353833429745,0.0472684184251467,0.0105507278975665,-0.650642437613952,0.0436281767622441,1,-0.445925872981761,0.212392844342283,0.835372417998561,0.107933936139764,0.648307279423911,0.0828968576771517,0.701752435468733,0.0809616024522706,0.762986211371108,0.0926341640484052,0.704148410265499,0.0999270938118733
1.52036834058854,0.0778211551012348,0.0592758424081396,0.0117611330192808,-0.573315868373952,0.0555163812963064,1,0.183076404084836,0.181387858993038,0.636444861555747,0.122652274073927,0.629046928634044,0.0923427042929785,0.750139414770027,0.0779922970985526,0.627771830523434,0.0897763235712387,0.749044373900865,0.0919152648280829
1.4682364269297,0.0800449021892521,0.0364010878295677,0.00916654729558161,-0.564498961132097,0.0577460445811366,1,0.307344069038306,0.225756886370564,0.51935014505737,0.128793223535647,0.699838320195086,0.0880826698224093,0.681294870679023,0.0788029085324791,0.668563442488769,0.0934009324787437,0.621649679081238,0.0998203172673382
1.47192687314641,0.082645460266879,0.0640232701731245,0.0133989124852362,-0.661300082527183,0.0435812696719,1,0.130026523737306,0.190052867454377,0.610568633465531,0.109466583585833,0.625249097673969,0.0853357401220337,0.766198633929925,0.0853529102474038,0.616603232306077,0.0966282422808868,0.893535546477234,0.0853479930747056
1.42577157842416,0.081289413672727,0.0483052825248673,0.0102001535549571,-0.52090228055761,0.0642940015301872,1,0.0138616932544206,0.18720361810967,0.741876741809148,0.101915361229688,0.519980571232811,0.0895861237153281,0.553332584818757,0.0831530042979109,0.659789168576141,0.0896898680408522,0.488155690388052,0.116458783203311
1.67989624075825,0.0942582368581162,0.0666623963795712,0.0144994899475032,-0.618922246304054,0.0529865591675699,1,0.458298201593856,0.263417141940259,0.364035489396016,0.173873788154833,0.970999277310954,0.0831728609039445,0.74012631764656,0.0898677284800467,0.805388167031643,0.0867940564701946,0.762863149465812,0.0960402560541222
1.58197106774386,0.0959999762875764,0.0703285449746478,0.0153642927686316,-0.618125038588129,0.0501635215300436,1,-0.0190063520702023,0.202850925416006,0.77170551775926,0.108287990667587,0.709272653970687,0.0872576033421448,0.758276563402776,0.085091276279623,0.664277376244161,0.0940263351764795,0.731983208173675,0.106585861227774
1.46381386855621,0.0818545763361214,0.0641923509335694,0.0130818995653435,-0.635937635283977,0.0463240269730903,1,0.0143505496292628,0.240850095487354,0.64031900131616,0.119215245137541,0.741489384505653,0.0824596279146342,0.570954256464201,0.0932210755546479,0.73418851138845,0.0831241622466288,0.632273591738365,0.103622767075366
1.40404882704104,0.0762392905400887,0.0313341796007987,0.0085573925833941,-0.531373107408948,0.0613514052088085,1,-0.0310807224111764,0.193462763178749,0.679109365798526,0.110683815174031,0.662024828625938,0.0745995511535725,0.647961758116694,0.0836673254431687,0.462933783430906,0.106571427995839,0.651383663681279,0.111447552682298
1.547022330607,0.081207550151505,0.0781154565726203,0.0167976778930096,-0.660418540304424,0.0440521667004203,1,0.110845560339544,0.195115223542904,0.63047091884466,0.112760824909265,0.648955428484091,0.0831526603491749,0.781955691826279,0.0822340480775998,0.736833295942162,0.0943631103367579,0.792454843617904,0.0957373363897135
1.43541541779066,0.0723470698997018,0.0587859409113714,0.012058115354693,-0.585734154830859,0.0511985539339312,1,0.0858518778600777,0.163359071026537,0.668472286605881,0.108401447687604,0.505989587483274,0.0856914560264457,0.758115386835786,0.0748013429636007,0.573760638536119,0.0991538387422617,0.752265131549149,0.096055315766547
1.53500289933461,0.0969344262392559,0.0695022094720737,0.0162311613179917,-0.574608054950565,0.0601050418983991,1,-0.118787530935086,0.185172795017044,0.811756343992134,0.0994681044248805,0.812800623031316,0.0862098712966952,0.737549668591557,0.0865623954244356,0.563196915466683,0.109196857589959,0.807854515887138,0.109814507804208
1.3878097496898,0.0879217235167575,0.0720955279892153,0.0148518717263528,-0.56855836148698,0.0653878856088108,1,-0.124569171067015,0.217643444046512,0.672352252294986,0.129259243858812,0.65723846694282,0.0860194273030842,0.654889375351515,0.0962021284835999,0.464881483962357,0.110226310264111,0.721456562538998,0.09336959841229
1.45396075504801,0.0815353207019358,0.0778307322045558,0.0158905870287355,-0.562812178084779,0.0582408497569952,1,0.139311883146761,0.187511170491259,0.550622200799917,0.11134205517936,0.676796057955625,0.0863758815872373,0.679403765501867,0.0877386522011362,0.69587053215488,0.0905093688995237,0.638568442112707,0.093255158320287
1.44664236552894,0.0860812770490152,0.0781282340600174,0.0167469654314889,-0.596585028841894,0.0544639633671247,1,0.099451307765434,0.184935756362467,0.582498719656442,0.103682498590925,0.637354116378197,0.0899334320420406,0.772751306837596,0.0789166464796337,0.561965305990047,0.101931851533569,0.662234089089794,0.11265964296371
1.52294974744038,0.0821794694453179,0.0460480350201801,0.0110602972657191,-0.507204750109414,0.0645962176715534,1,-0.185561362552382,0.18011977860835,0.761158961006086,0.0985245924875201,0.756104646929707,0.0822048698552458,0.548058110513318,0.0883363970353841,0.740599563105664,0.0825963657404881,0.62764394280505,0.105303318746989
1.48309892848668,0.08018761432952,0.0524129030123588,0.0114894972163014,-0.555164226847842,0.0546154212189212,1,0.0059111448207036,0.201205757856866,0.644198713809869,0.114113546181844,0.691623347374524,0.0842075737378947,0.763918237559965,0.0788798620120668,0.613057704877699,0.0923956042247511,0.576186311452496,0.102253933870544
1.54696392713646,0.0848799975889191,0.0659047673379461,0.0131535204832313,-0.64766941262239,0.0477391685263152,1,-0.218569689766424,0.219566514793793,0.870771894090033,0.0995944188121972,0.647054691393932,0.0823919640333551,0.752952741523425,0.0836008292861559,0.724917665163482,0.0929923445143442,0.773088764081981,0.103543780400077
1.51195728248954,0.0787281151603717,0.0551491379706895,0.0121867016180271,-0.605748999479206,0.0549355279099997,1,-0.00330094172789951,0.19402896247021,0.678317406234536,0.111749889669519,0.719560353766439,0.0882862303490736,0.673316130135479,0.0781738563393368,0.670174927329479,0.0837809718360342,0.713572149445513,0.100022189846544
1.5617973183027,0.101021629039909,0.048734034399884,0.011851893712973,-0.655574416739915,0.0513466655909697,1,0.0587475933870448,0.206162868929411,0.726888857975504,0.122218557597018,0.83294793703586,0.0935607653371426,0.703363742550609,0.0954739866348812,0.595321406507812,0.102210304373919,0.780828068442528,0.106796751873803
1.48468170809543,0.0937512926957985,0.0692092903875622,0.0157510898525649,-0.513548998627595,0.0738026749045154,1,-0.317814578918465,0.275753219177381,0.877772704230798,0.123191837502409,0.6645972740532,0.0821184701170518,0.718326413378777,0.086584094346616,0.749165504197961,0.0988729424701136,0.620611712913857,0.109930612901474
1.43099374278097,0.0757979004398696,0.057163468470006,0.0117873796194949,-0.591009449070837,0.055946845424757,1,-0.0945514241671209,0.225813595523868,0.61760091230711,0.124083416025165,0.721751891018198,0.0830736753281318,0.664764730530447,0.0761691964265164,0.589383510695323,0.0985203968292142,0.833049558458611,0.0879195768108695
1.48018345452954,0.0845709560275438,0.0674932687573574,0.0142933169367832,-0.592497063769483,0.0558956609278716,1,0.0143865620666364,0.174384214075715,0.649778651691346,0.0973358790549491,0.636006731806523,0.0912667463183227,0.626983198426775,0.0911340003511165,0.810184417517842,0.0887923282582325,0.800812009686229,0.101000655434783
1.52898892001882,0.084000022089265,0.0671971267474487,0.0151995408219936,-0.585251144217586,0.0583492205638746,1,-0.208201953894048,0.226030697834816,0.907807852622773,0.0977412725688848,0.707986278743722,0.0839946057439731,0.458838050333141,0.100001635260757,0.716626940769555,0.0948791305271621,0.861306299105661,0.0956350720546952
1.45052752869758,0.0818108749573637,0.061629928981972,0.0138596745543063,-0.547269142964896,0.061670208689165,1,-0.432421075116355,0.204343115055257,0.823733293573843,0.101680196004052,0.745249525784938,0.0810235449414496,0.664272484364539,0.0929744632108576,0.562221024080588,0.0955826929444223,0.730580416402651,0.0951214036410115
1.52153445128437,0.075810677629935,0.0715706309805206,0.0142587202631659,-0.618625250647219,0.0463436793366316,1,-0.299478715101897,0.210044086849058,0.79335842333464,0.108011818610764,0.761709855408764,0.0827298731748698,0.663789515106506,0.0926831822543716,0.632488076945363,0.0950594441471176,0.769847960668479,0.0908128384164287
1.45472813613282,0.0761149739979015,0.0652336099677946,0.0131837484026651,-0.57632326685409,0.0487010493709431,1,-0.0880457802433913,0.192899719771915,0.798504400780958,0.102407043634905,0.558258419808303,0.0923344956587992,0.718530235641024,0.0809388512399583,0.786233894973251,0.0807372855496814,0.614895556574687,0.0984272224313838
1.3397584120131,0.0667008716571497,0.049384454479837,0.0104278708151687,-0.423965905361236,0.0675687293534849,1,-0.0745817483219312,0.197396089361036,0.604462441070787,0.109331177671513,0.604645230241868,0.0839991091304595,0.673814720219527,0.0823808605740157,0.540678625628059,0.0978147186508368,0.721408930514969,0.0847338292793109
1.41229014430783,0.0841953564324274,0.0555739202655272,0.012332248783262,-0.56787838023814,0.0585411734788552,1,0.139545216721427,0.206567749233122,0.604655175724319,0.120177567450277,0.66700179270759,0.0834886681118959,0.681016523435206,0.081449553974945,0.55287071306101,0.105851968508086,0.420743006335017,0.12355070840218
1.50069945885216,0.0859401037578741,0.0795466932875251,0.0152391573263359,-0.624002352451924,0.0483284280171011,1,-0.175233757260086,0.199572670596135,0.711937845170913,0.111987566414753,0.738463836481773,0.0826001486517359,0.723119867512907,0.0879558992780438,0.726921741093349,0.0949414170582938,0.712338956505757,0.105833810723362
1.60851413793112,0.100612863988322,0.0812614165407979,0.0161271390145938,-0.698796841540436,0.043696762681459,1,0.110792064894268,0.221644978459363,0.847891056336528,0.108619687715337,0.524857779742806,0.10055869840676,0.762862317438297,0.0917136539574447,0.759055670106435,0.0968142810515115,0.983786277879366,0.0915851954941021
1.51009934111615,0.093229892808957,0.0571030262648762,0.0139281481144921,-0.576827042363965,0.062908794015708,1,-0.0817352061552167,0.201269953659791,0.754254418996636,0.107121089610118,0.62501100135944,0.0924357987002587,0.615951231970265,0.0974612543670421,0.658992893983416,0.0931673865263594,0.708223346470358,0.102615359436043
1.43119438569041,0.0743254206835327,0.0668196616721554,0.0127522774561227,-0.575691547750617,0.0553451320090148,1,-0.0457580568478655,0.23175997453319,0.685608456408163,0.117621760864879,0.623920604282836,0.0823522849863141,0.768150412333506,0.0762941809122308,0.703552956452868,0.090629025196288,0.583398149053123,0.106994709029295
1.65693924820171,0.0922336358721007,0.0672436866371678,0.0134570636828259,-0.640358007118064,0.0411287688931784,1,0.0731118145195209,0.166995297760842,0.753621166151144,0.101976443956114,0.837927040523096,0.0788773577736504,0.620801032953273,0.0943203931134208,0.849745803054333,0.0892464099547813,0.84197875376477,0.086095932940294
1.51307513644975,0.089757260394028,0.0693842695233203,0.0148883451385274,-0.555430071259767,0.0654609678670966,1,0.196748374565936,0.20207731073341,0.592763903227097,0.117601082253744,0.739560035364595,0.0927702350428638,0.709821073270719,0.0821636664331107,0.671092674810655,0.0980512315520938,0.695087787256558,0.104919104822488
1.49287653290421,0.0787635932025667,0.0459366363849847,0.0100184114317238,-0.527953439240949,0.0544728767261882,1,0.0915164749572158,0.1658061094972,0.654633368188529,0.111425344681638,0.722059070537605,0.082617964514459,0.677645950011853,0.0775951197098409,0.550866214477368,0.102520190331962,0.649280261015409,0.102308903845361
1.42158715532928,0.0806258192439849,0.0612711657237718,0.0121050799145063,-0.586222143919508,0.0590432096750919,1,-0.431072475010495,0.231781750533649,0.790824133131796,0.121200333196543,0.775735981860762,0.0842767778599652,0.628334431710462,0.0847419163672957,0.574050810313892,0.0878955731990452,0.731089836806436,0.0976712151902169
1.44785136002664,0.0829615133376,0.0664566231762415,0.0147582444850702,-0.525681725552084,0.0621143872167643,1,-0.0581719706535244,0.210310354875043,0.578362962002252,0.113300227069972,0.691150986434536,0.0824939139428627,0.736200292299215,0.0814268601302623,0.725694020744949,0.0877918522472899,0.71795874105921,0.109250580340544
1.54772203013771,0.0956527520751096,0.070700087835956,0.0157375548842347,-0.614187584716324,0.0562223200048859,1,0.0995729579013798,0.228312713018079,0.687514344647707,0.123157256703858,0.752013406267787,0.0975934165363744,0.619919104614494,0.0884910900659945,0.707734437259841,0.0908630414437551,0.703239426104571,0.101160362747919
1.52177707418278,0.0800788023913887,0.0700430632702945,0.0138843849968208,-0.593265609799314,0.0519133661510528,1,0.122178371416376,0.197354084965221,0.727551506236614,0.110629264177089,0.714595707449607,0.0819256902620438,0.658322205575323,0.0840020374706894,0.69263363808734,0.100462322738163,0.597307959378152,0.108320939648473
1.4546243938549,0.0775429188011378,0.0584588804162396,0.0122174999949038,-0.54620592013479,0.0642844504553083,1,-0.0172043693384988,0.199578005086529,0.706252252084484,0.107954136824424,0.65986884482313,0.0835030718170227,0.690918520602647,0.0918220347974889,0.583168010555952,0.0941796823750009,0.779932106193335,0.0955688554397228
1.64883413229836,0.10110199206083,0.0940798681654232,0.0204351918658169,-0.610574636876726,0.0595846196627189,1,0.0284420086243152,0.248440673508792,0.874937885170163,0.112736336617539,0.752568906621127,0.0825240187529663,0.763365490547574,0.0902958178984055,0.561891615954758,0.111204256732713,0.834121738321009,0.0985436136132151
1.5618894760601,0.0849034163281539,0.0412401252296447,0.00905863614203318,-0.582042140644301,0.0586120537322728,1,0.0964089636712911,0.184313645620071,0.805270868737463,0.0974385105840244,0.642970513482412,0.0832772980169869,0.709930059570684,0.0960089122960179,0.618061966979104,0.0881835407365563,0.856123422925784,0.0923950235348092
1.54474648180585,0.0938545110036898,0.0590662165644964,0.014055224887633,-0.637943669888289,0.0536750752036059,1,0.159241079920616,0.170830684478963,0.655327917748252,0.111580007771377,0.705585428629586,0.0885804673449254,0.693741737933846,0.0956029797285524,0.724416558744232,0.0939391806196036,0.62897375902814,0.115431005538735
1.58307548970713,0.0870022053097988,0.0666385849672064,0.0143399307967407,-0.656080999774766,0.0484715726060639,1,0.141265777279132,0.194956609159997,0.586369790292961,0.121877033611165,0.745091422172266,0.0793468473510665,0.778373481323,0.0789771903765791,0.828529577764155,0.0929213311030139,0.722473947074895,0.102218244257613
1.50217715419683,0.0762929844494446,0.0461432989622614,0.0100965401363271,-0.597326702675277,0.051793929312741,1,-0.14501795221717,0.207371099010532,0.731149183865352,0.110905527933856,0.673300800638068,0.0846567427990192,0.74251020824086,0.0804868794057571,0.678812745391301,0.0947894331220204,0.590504105441271,0.10758925214441
1.66986070270952,0.0887843966329452,0.0592940277139335,0.0119537937906657,-0.649433884577408,0.0470303608561964,1,0.0235804912721362,0.23064992964986,0.795847758338729,0.130553062905423,0.67974952704397,0.0918834847361701,0.758736898647639,0.0810223316954837,0.725834450285941,0.0863672864392374,0.994048392189638,0.0915064200087202
1.53326362729941,0.0860872911915541,0.0788268449460535,0.0158628838149081,-0.509531321285259,0.0623261259183521,1,0.126732717835098,0.196194924033347,0.640988768800036,0.116737449568631,0.672487242742744,0.092399662551339,0.656410758084914,0.0876402106702635,0.65906174518395,0.0995521570669805,0.729745374954189,0.0914080809657355
1.51215673726943,0.0823379100961962,0.0545921098120748,0.0120413366077724,-0.556876188475653,0.0552033648107624,1,0.132893312267564,0.183202741529685,0.642703180905141,0.111572611709001,0.677572245811826,0.0857325850140935,0.687473923242279,0.0828073004594066,0.540241440802141,0.105623427209701,0.77740918564325,0.0992381467419021
1.45044552132978,0.079113466316525,0.0630429726157534,0.0136708938428411,-0.626181093627103,0.0502102632077097,1,-0.0179900224648988,0.209579798524558,0.714648295992401,0.103425161821697,0.69799373022963,0.0795450858309466,0.724357048891482,0.0787770140825389,0.607443913525372,0.101592276785346,0.507033388549605,0.126887844557881
1.41670669786934,0.0792077820915252,0.0499041516657767,0.0109836171697208,-0.598034378302749,0.0572350092737414,1,-0.21608285801174,0.258209510520886,0.814124201618954,0.11728451231428,0.612478418227876,0.085642076176711,0.659483879521621,0.0812671196771103,0.572970752850451,0.0919686476165521,0.675253690324538,0.0972124022712227
1.28510027753539,0.0742708669053666,0.0241424349549745,0.00688792894979951,-0.553263258250372,0.0609810994034489,1,-0.2638663567127,0.179004939522175,0.700870198121764,0.0982163682473047,0.551905569087974,0.0953518247215129,0.658261376100732,0.0878949301318954,0.507025264210784,0.0868754793821053,0.376749922832738,0.111013888724073
1.42249336487075,0.0814841688469037,0.0407208514055492,0.00978297753646924,-0.580446914494557,0.0558714593282468,1,0.392175884002049,0.187962409825226,0.260678284286685,0.142769678753313,0.812959721013359,0.0781344312174621,0.711517793516672,0.0836327124498484,0.453538816481801,0.101250150463687,0.59157922329574,0.114947429664896
1.4689396719894,0.0794439670162147,0.0659939546776379,0.0145523478461019,-0.475946599180573,0.0650651416240016,1,0.0502886947731211,0.176922550419841,0.647363106491036,0.104643312990175,0.690997206440678,0.0797210895008574,0.651504222781765,0.0828765401553906,0.604010955585796,0.094361667380219,0.44697587212329,0.115089688826164
1.47877667869329,0.0843961647484677,0.0739722940457448,0.0162734392970935,-0.577667937661323,0.0605277200299987,1,-0.0152415358922055,0.25433830910307,0.676281172037645,0.130778439432454,0.746144604743169,0.078901124083152,0.491239351092172,0.0955696673225413,0.737727016041339,0.0904424875636091,0.657974846360917,0.106018401029624
1.64939213881822,0.0973025436562147,0.0810192765395775,0.017235494813504,-0.628245149107928,0.0513412747602871,1,0.0410651703722215,0.23543916662085,0.82968014535678,0.11418016425972,0.804775856944647,0.0862538812901785,0.727611144091962,0.0853676037833216,0.681158571675071,0.0976198598053554,0.822934964333724,0.0959133772361939
1.62404212597739,0.0882244662952215,0.0918957271646089,0.018224447412479,-0.631968432825604,0.0447780511825956,1,-0.500700094849,0.271763013749615,0.949613132010507,0.11796344285071,0.781708622565673,0.0802301599938656,0.827245926280724,0.0751145930199845,0.688779216428377,0.0927582235558763,0.821100757159895,0.10603866765434
1.52606985957133,0.0862938305982411,0.0756215277578235,0.015571303085148,-0.545048010727903,0.0597140151005863,1,-0.0339193283864257,0.213012282895761,0.69455464407344,0.114343526179298,0.722996635922574,0.0903525304557323,0.745601541056278,0.0804083275516122,0.767541345295269,0.091650708110797,0.64511985379347,0.104878820872423
1.55911715149327,0.0922107441987671,0.0509619227743821,0.0126692615856768,-0.626736457104997,0.0555859981154034,1,-0.27330792913406,0.226165079636699,0.845201320076714,0.103698891803512,0.801423943326561,0.0886181501188081,0.668618329049557,0.0904801099299136,0.701740279221696,0.0941697463000886,0.688748224514788,0.106763791221164
1.51553757092419,0.0813879561285906,0.041677970162461,0.0101193098416667,-0.580246498713388,0.0565259559843203,1,-0.162696030814857,0.225169736345954,0.85293899135699,0.110943968043621,0.683242016993619,0.0805544345458574,0.578484968745164,0.0882840884290208,0.787556657300307,0.0842708126171361,0.665478478331077,0.103950435234624
1.61796621805994,0.0924697285952822,0.0792229468348424,0.0173583513644694,-0.616656039969956,0.0573444521231743,1,0.140165133005059,0.241962347649718,0.777026606102105,0.127123125121971,0.63898729271639,0.0908196886562784,0.687729396021601,0.0917974147912634,0.797869770819848,0.0972447804636753,0.724486003630022,0.109445449613902
1.59290565709676,0.0837533414050756,0.07281765777591,0.0162453284952783,-0.642108122287696,0.0463210340610602,1,0.139613339641612,0.203087590874204,0.709672319489844,0.107840187525953,0.749750350043526,0.0795701290644742,0.673805153104288,0.0877965965936453,0.753951251575693,0.0926547301470637,0.646293870448305,0.116297496210827
1.60423276261025,0.0938767174956274,0.0856335423781196,0.0172640079226288,-0.583925983319384,0.0629259399931766,1,0.216165522583213,0.231220391791722,0.673182361824772,0.120359988969609,0.741911257859893,0.0899046861528693,0.738811180343807,0.0890135233245287,0.68977318991638,0.102403735411791,0.638827590287115,0.112024018768874
1.5234094268191,0.0891097225300467,0.0704578964375817,0.0154289131582927,-0.622189271336985,0.0485544603997082,1,-0.0839128644608474,0.218130663126401,0.766683281688186,0.110915334840488,0.727261338675028,0.0830406271540859,0.55570484752374,0.098753509285598,0.83092038189167,0.099583002829006,0.615950443036728,0.109606562706306
1.36603306960273,0.0686646915179363,0.039882876822368,0.00953341199394728,-0.62973565150423,0.0488209967501644,1,0.0681631278076768,0.192710805147593,0.511588727798634,0.121072301220637,0.633377668590614,0.0830227533125353,0.619950378313653,0.0833451381880248,0.653110297526949,0.0849419688843274,0.480584566221375,0.105805361960213
1.48060590033114,0.0826216721147382,0.0548169298251056,0.0123273694669998,-0.425674178165734,0.0838233110330491,1,0.35222886921148,0.192979330523398,0.622958025812382,0.104539265224003,0.528076841639375,0.0941592001305142,0.699825732102516,0.0848282178753181,0.663316668292512,0.0906543025632442,0.650292988925368,0.107642238468116
1.35643078810414,0.07602529345528,0.0598832593061395,0.0120511125653951,-0.468094767183262,0.0657112374656391,1,-0.384711619799202,0.251622814144099,0.784017763543798,0.127059841196151,0.594301860749906,0.0843314923548341,0.635162236007046,0.082063332283231,0.656416345163514,0.0940461394303789,0.587774838364459,0.109215588589197
1.41999005612193,0.0710327810308567,0.0575078576034919,0.0114176377725814,-0.479449670856055,0.0634981060542061,1,0.102419582826752,0.197680390153013,0.566584777271819,0.10777265970032,0.746418533609586,0.0848417536217116,0.567525881093308,0.0875776741855096,0.592030166661567,0.0939524359965119,0.67881373220171,0.0886395222082765
NA,NA,NA,NA,NA,NA,99,NA,NA,NA,NA,NA,NA,NA,NA,NA,NA,NA,NA
1.29184257021744,0.0674017726021354,0.0417918244575066,0.00960968578610607,-0.519651594862535,0.058048582700035,1,-0.0636156655379868,0.174087825437012,0.473685326974965,0.109507444234359,0.673435200255369,0.0804652086062014,0.619036729064316,0.0857920256765154,0.584799667943049,0.0887549165932448,0.428513349920845,0.107823240776506
1.47016887061893,0.0819802103507652,0.0502598552434129,0.0115325501461766,-0.610564010534761,0.0541789759979625,1,-0.226017522724792,0.208584602612878,0.677609993803392,0.127006829688875,0.784503687011753,0.0892066209329431,0.670810472300235,0.0880662639109868,0.684767858921894,0.0918576604142411,0.707696299010561,0.0965320096113967
1.58631942208809,0.0916284067565804,0.07138757946426,0.0146734338509579,-0.558293198575323,0.0638491784594975,1,0.131742213685349,0.245433842630493,0.744821451863989,0.1269336104058,0.673421497131209,0.097194592848497,0.697383857049399,0.0878335465423605,0.800545404538475,0.0810394256124762,0.807306328237262,0.0988307473562751
1.49730118056928,0.0855010883944964,0.0580965347372202,0.0124727382567923,-0.590058038847441,0.0581809970589927,1,-0.120261510686551,0.187141208168736,0.748402660992889,0.0925020549624783,0.730304862796168,0.0874969295705587,0.535087497521728,0.101992487114945,0.730595385698628,0.0831399640624873,0.660029088022938,0.110035618244292
1.61584269982622,0.0862148729831537,0.0680584652704219,0.0147377982214441,-0.565759821671644,0.0621993347743742,1,0.15618925244742,0.237868004128707,0.899798304751353,0.106934349420148,0.526714361103744,0.0971079260504558,0.706984952350179,0.0816172061654419,0.827141261496277,0.0812698431137115,0.763014017342477,0.107392572205951
1.56332808172409,0.0850626909745873,0.0697725366925758,0.0153508834647885,-0.642562554927728,0.0467201922774075,1,0.172260594687241,0.193435479928939,0.63295596442459,0.116779013844118,0.817170548912345,0.0756702976967454,0.741233331945166,0.0806223595398977,0.665824304011237,0.0991094209600919,0.65617202849712,0.113028919800172
1.42875237113853,0.0810816724583485,0.0572407947900745,0.0127220840183046,-0.563831723622692,0.0588388163579657,1,-0.112078717469025,0.212502096623481,0.723760365600155,0.1166101692536,0.68417120139268,0.0857217138827103,0.624613297524242,0.0849566680010364,0.539429317976575,0.094748494279021,0.587871684587658,0.106067209148561
1.46376343398086,0.0897868451855459,0.060763008260981,0.0130516986776051,-0.621814578270214,0.0525334667687342,1,-0.00107551217501302,0.246184957103699,0.705666698267708,0.119110380056791,0.56692362814807,0.0955186832707307,0.712849728235703,0.0867062070823102,0.643353735869646,0.0920176571229887,0.738558988737336,0.104801904106376
1.53892617975538,0.0788412839682496,0.0674616293679161,0.013994318554056,-0.623035963960902,0.046677833231032,1,-0.0530463380659578,0.24064045296348,0.790954323839716,0.115779669898557,0.693307070076885,0.0833499939832227,0.738328395656407,0.0811611504623061,0.685432527076864,0.0878270474595816,0.723408119111351,0.098741365749848
1.46789873144199,0.0743503762770283,0.0656363008915247,0.0130076018406313,-0.593487886045847,0.0498007173844961,1,0.00146326484408427,0.197230269871169,0.576304687396129,0.114722866687255,0.776772319964887,0.0808312016695076,0.655693735136223,0.0817168959930114,0.766268670596552,0.0806589716101846,0.75032687345091,0.0919823705775164
1.45644361799824,0.0828145088408331,0.0496366071273548,0.0119119231460619,-0.582718384359186,0.0619119516561586,1,0.219359167169723,0.213161884787632,0.607084177734784,0.123080479398218,0.64393539854229,0.0873898255119555,0.528219405087829,0.0841099056631452,0.62612758496296,0.0919854417299559,0.623845127720495,0.104538453598908
1.62851896457833,0.0995671823464714,0.0746792083747961,0.0161145916828677,-0.684476668373501,0.0425200801675387,1,0.167422706030505,0.225153306128923,0.695034527465771,0.128238422225936,0.687224301082809,0.0903799602368578,0.721921501933514,0.0875478040040514,0.788014147542948,0.103168285910217,0.885107029720864,0.105640174334558
1.63551041962947,0.0899071329092961,0.0847042019824721,0.0169205643493188,-0.731912995564088,0.036183753581656,1,-0.393941351359403,0.246726055945216,0.985751455134037,0.0952153090594647,0.735523481859162,0.0831408000613632,0.765665001520997,0.0858724146822779,0.924774552405062,0.0889009088501298,0.761755400594405,0.0907693157405876
1.54795901105641,0.0893447067701652,0.0748477098937278,0.0166427878547997,-0.653420657604417,0.0468557998721061,1,0.279088825793679,0.202708584160593,0.590160630910954,0.121842466579198,0.716035954526139,0.092674117159047,0.740571207929167,0.0821713482737483,0.977613307384512,0.0901146219237293,0.548123873023916,0.121305327878138
1.54824613357513,0.0895943640122624,0.0671320574833995,0.0143441141027655,-0.649987042504335,0.0470838364761062,1,-0.0276596483129608,0.179698806805071,0.842808204280706,0.0968337732036512,0.672840936002864,0.0868687140648676,0.620667994367964,0.0918966418438299,0.746217666269233,0.0935102992370252,0.733508888294901,0.100698391997363
1.50878799058869,0.0849729754723098,0.0656364700499242,0.0152051271773489,-0.555315237616404,0.0647786169791713,1,0.156481521331575,0.190566762393449,0.664693744508091,0.109910714010195,0.609143087664441,0.0952985844312742,0.745848728975773,0.0868239230948514,0.639602648457284,0.0966723337820621,0.730631834778596,0.101249226443324
1.50767252753196,0.0807489691808657,0.0635078542292069,0.0130809312929055,-0.535591233525993,0.0554341483225212,1,0.368640672782874,0.181695816033589,0.481057186068514,0.117946461753909,0.691651730067196,0.076816375953132,0.698695231632793,0.0842733599916802,0.606769445751291,0.0901043175349493,0.752694328354258,0.0866711368508736
1.53300162293381,0.0875266877623493,0.0555444122130254,0.0126955188926785,-0.620101782104182,0.0521264738112823,1,0.378980863303737,0.18199331760814,0.573051039443468,0.118666926561699,0.751787177715835,0.0854052760706906,0.50672337324834,0.0994318911795267,0.735810225515021,0.0865466950161693,0.800503949091108,0.0972842723859804
1.55208562366861,0.087256831672707,0.0578211035457286,0.0116661666095827,-0.618254921191097,0.0511800774107302,1,0.0122571459817468,0.206363300698044,0.713438291869962,0.111500813978203,0.783770749071424,0.0862234157251789,0.648828059048317,0.0842362653025713,0.762035440796278,0.0921395654563933,0.730237840494853,0.105465955595881
1.54102749361566,0.0982969582067769,0.0627917732306344,0.0132333708101538,-0.65257435069849,0.0500249972835586,1,-0.781867305024029,0.293366521958204,0.991798362558035,0.112267387981923,0.715057034563126,0.0853704434824597,0.793314152644072,0.0800400478747818,0.657452128773825,0.0953070226603705,0.68611410274828,0.100725336632676
1.59925319286244,0.0893136951501362,0.0605201358057261,0.0123414232844463,-0.654171856684169,0.0485763684265352,1,-0.313385221263927,0.186496063433121,0.827249568521218,0.103667207897594,0.810410652920394,0.089086770099488,0.83324845870069,0.0901996449150745,0.68617871107166,0.0898196796413355,0.631170917381372,0.10197815184852
1.46411499515575,0.0836219083594038,0.0474256800752247,0.0102211192232876,-0.567806856961653,0.0632559379713171,1,0.0971993528836687,0.205543253751331,0.612082384035023,0.117663810431943,0.673625884054045,0.0782769474532302,0.646211742095202,0.0879252887672065,0.63957571296573,0.0883701986902181,0.583628514590877,0.0978066803118927
1.57958579693404,0.0911825943347205,0.053589584444808,0.0123477870077938,-0.506397515141918,0.061652640562944,1,0.0291779142980753,0.21361404043082,0.781217596345239,0.104907309591845,0.683353460659766,0.0766282161231312,0.697097046606139,0.0850772523074551,0.752520279182464,0.0936986203711404,0.634074695447054,0.105138302881079
1.56625215885939,0.0883227909620225,0.0658218768976369,0.0132081235266273,-0.645775573177814,0.0440232965871946,1,0.047757994149913,0.222879400945585,0.709913972723201,0.110016572691334,0.755272409234049,0.0878148016202744,0.667432544882108,0.0915650039128408,0.759346342261247,0.0945010627918963,0.742514130089464,0.109917911472169
1.64335406324469,0.0952179558281522,0.0874861052691967,0.0179706362081042,-0.624472118169741,0.0522153973602783,1,0.267523478053335,0.202592132226016,0.734131197738373,0.108316459354089,0.679548777627212,0.0893504210482449,0.832629611374746,0.0807573655323378,0.879179862075085,0.0856056437332883,0.687730868526347,0.111488483040664
1.49080566928761,0.0892382974548857,0.0584029316962355,0.013013037471047,-0.57744741477136,0.0578423355573248,1,0.153934054097835,0.210661051633952,0.614083147805541,0.118830025632914,0.60368907741039,0.101222562278353,0.778369660845136,0.0819384536962693,0.704488665237015,0.0878327916342195,0.547832270331652,0.107055868695425
1.35317045257681,0.0730550009303584,0.0496192139168236,0.0115542381212642,-0.543597535221067,0.0616031145518837,1,0.082088710947134,0.214488381824805,0.57885798028051,0.1151850692207,0.666426736408461,0.0772618797444416,0.455506307033899,0.0908982592645196,0.62593810137029,0.095298594362123,0.630874612343163,0.106541661869853
1.54776955453478,0.0839287046098556,0.055523200709867,0.0114352617712376,-0.549695880397637,0.0589592153805506,1,0.0841851486796767,0.211814561274752,0.583073748209666,0.123932292635629,0.785481621254958,0.081846851946555,0.727684787707058,0.0813353465638492,0.677922742381038,0.0913687525864703,0.783007459281167,0.0921677350755521
1.54441396341575,0.0873794624180921,0.0860041910364806,0.0154857530923481,-0.625073739333692,0.0531642036595953,1,-0.0675545005911144,0.216200648721171,0.819652321082868,0.101972308593262,0.556657111730605,0.0916805576268335,0.708202376201434,0.0887574115301751,0.79380507350085,0.0913799949924814,0.907010633821845,0.0951733452429298
1.47357834841464,0.0862292148754558,0.0737863878042697,0.0146431971336558,-0.568962301594675,0.0599086357359407,1,0.194844115254714,0.206106388229109,0.512630157525713,0.13205333061518,0.619166698110446,0.0844006005457141,0.764035415679651,0.0889390737916387,0.531277458254968,0.102485656020827,0.810119690766155,0.0936767412332889
1.5466412195432,0.0844539477036192,0.0537110583551641,0.0124611853846637,-0.572178297162502,0.0648638717685176,1,0.268501223798504,0.19462541501132,0.687288024952335,0.108484184276149,0.686662305632842,0.0815882246136831,0.559462850484561,0.0923493303430559,0.779374360325,0.0933733070955416,0.702189255016666,0.106676564232046
1.62353099783762,0.0911320390882082,0.0552362897230874,0.0123839956233066,-0.624251907827327,0.0475542010232097,1,0.587285335234927,0.20955367132742,0.52136527625819,0.121626570528806,0.684417438857974,0.0903679864082443,0.732221084435828,0.0907597991423238,0.724552886430589,0.0956012826486131,0.779217521373563,0.102492859787914
1.46660821604924,0.0913825810650149,0.0514022854159308,0.011939279298909,-0.55204022750598,0.062876728701596,1,0.0374059744394242,0.206969593853143,0.691378811752155,0.114334275787622,0.622675225491207,0.0990587404688534,0.59639833612011,0.0933023771962957,0.588276725536346,0.0977714297027632,0.675336625248926,0.100157626846577
1.58642044264923,0.0899010663198435,0.071627396097001,0.015551829721275,-0.571383433608399,0.0603674287458983,1,0.280607473440779,0.189270988635357,0.606698800034398,0.106626983862012,0.763525828496527,0.0831387632030314,0.804950548858503,0.0873528451394757,0.733709646962662,0.0998720485736578,0.748322928905701,0.10080300929294
1.46513338662861,0.0817475874133409,0.0535408579648604,0.0123907714377611,-0.602799432222289,0.0552506418428156,1,0.0287771588486544,0.182476387742816,0.654522688833791,0.109697625569691,0.66993397272977,0.0846975497751926,0.749889925148178,0.0898021109911491,0.614078714774671,0.103375126725657,0.603860335235154,0.108809134535589
1.47077786321472,0.0746775618501733,0.079280839113445,0.0148456086728011,-0.535364857143862,0.054778614705597,1,0.105224468684825,0.228202911216565,0.607368162333876,0.132145110444783,0.760801687756484,0.07329044118346,0.612662954570136,0.0859047446533014,0.638655061657644,0.0947334258740185,0.587932944221119,0.099048005152205
1.5623514277266,0.0993424521693641,0.0637361100178742,0.0141300333516875,-0.619025893028544,0.0572189219721496,1,0.296789995695381,0.218734899705371,0.784993149327626,0.103544810274588,0.684255168471543,0.0916468793578019,0.591765854018979,0.0971242634334561,0.78557423717304,0.094280697108886,0.762312508977705,0.108561953739571
1.41261203389532,0.0764670286772904,0.0640779093750106,0.0129372521407856,-0.588931820011576,0.0498012397147968,1,-0.216805567406177,0.210973556934113,0.679201878367258,0.107932218298106,0.756970636724991,0.077094719771831,0.527860701137178,0.098927881702544,0.791183611384022,0.0894681334238975,0.670024266802293,0.0902388883379826
1.4080221168482,0.083575426971763,0.0511006167577275,0.0121917570553378,-0.503914359501688,0.0658747914845704,1,0.0580396648764219,0.209644772488384,0.52540306961654,0.127861747111248,0.712201545701748,0.0784668375176124,0.601541917267676,0.089899284862406,0.698254443259409,0.0935627981160658,0.664678214413177,0.101841504510418
1.52988262407009,0.0965770112640563,0.0550862391163377,0.0137297866564026,-0.554674137483392,0.0710885100801541,1,0.161799146557246,0.231000966610572,0.597177038545738,0.127791585016449,0.870356738196046,0.0797793701814549,0.642793511466219,0.0999628747231608,0.790662608189429,0.091321415673391,0.592024957230461,0.109061985239977
1.54094037920561,0.0819161494663997,0.0571212451813947,0.0126640033172513,-0.552037335906948,0.0582748053675647,1,-0.186696282319804,0.192391100893868,0.749576034342614,0.101809484590746,0.770391479928831,0.081795925293183,0.699977825280719,0.0879462291481551,0.666635962483945,0.0930035439896701,0.792457157511371,0.106900163975451
NA,NA,NA,NA,NA,NA,99,NA,NA,NA,NA,NA,NA,NA,NA,NA,NA,NA,NA
1.45651630655307,0.0753307802873114,0.0627389104147125,0.0131799082664757,-0.653904021144611,0.0460122396492212,1,-0.0870989400142705,0.208844788948977,0.680291991934932,0.112612226365502,0.640231786067024,0.0909390687847438,0.764239489459861,0.0744702104419609,0.718487508290895,0.0822340410760369,0.530172533691012,0.116740259960269
1.68654853729473,0.105825819195886,0.0910461205314143,0.0174456019032355,-0.634763205476748,0.0461179596075287,1,-0.151933135486391,0.29379257039866,0.949500919710494,0.125559207098196,0.834032715197148,0.087414497641135,0.820417963348661,0.0831421677376385,0.610443594866852,0.109100690948834,0.816010356327344,0.101261230860144
1.63971867870479,0.0933333976375162,0.0933636311994126,0.0180763285995611,-0.632374920153694,0.0506837832873954,1,0.0224622613802407,0.271324455989595,0.72346544403404,0.144240500662806,0.766607014999609,0.086839946854292,0.811605534024637,0.0847791167367554,0.639328596300015,0.0882570751585184,0.910117116766945,0.097868013565885
1.63548823980983,0.0904712981453548,0.0819950987111324,0.0175876615921401,-0.635953883633464,0.0486261390648017,1,-0.0343312612717987,0.214464858294073,0.864348297105198,0.106430011767698,0.696996620145174,0.0864446116584478,0.706736412704888,0.0848042143482059,0.836933424897417,0.0840279490470041,0.75571337853251,0.104772863300375
1.52679465650813,0.0862908636206716,0.0499069596872354,0.0110690855154171,-0.601468799213905,0.0523314109955535,1,-0.211676460431452,0.252562579911991,0.879612577428074,0.11139837130426,0.611464394203842,0.0893904438948499,0.742222423562609,0.0816464681777242,0.683995177035231,0.0911634122996519,0.62906170904152,0.112900461201899
1.42063802952471,0.07697727268195,0.0494992715999682,0.010777397408118,-0.506600053509031,0.0700070828433803,1,0.0694651001556368,0.203193411025438,0.575645128046964,0.122598078969386,0.636995962689726,0.0845755397455919,0.775910466187431,0.076277764900865,0.551243193245747,0.0910087678605934,0.523164860483923,0.104435911522536
1.57823749670617,0.085790388943364,0.0606821076641689,0.012738834268936,-0.714155039568412,0.0371276571343966,1,-0.138372529210166,0.267062166366619,0.815196233449917,0.130755152464737,0.781438826591351,0.0828487342453991,0.729494261228783,0.0822542870206255,0.729836073582679,0.0863085121391841,0.834907682219587,0.0903889541967164
1.60666756007828,0.0878025291149825,0.0863024942286714,0.0157072225189269,-0.636439825264312,0.0530810338094684,1,0.0404152400663113,0.224685251430751,0.749356329128302,0.115331974645261,0.79478701323786,0.0768937310551956,0.716121425181161,0.0859005298111537,0.670171805536048,0.103089928929217,0.974065500864098,0.0917558365983589
1.53805336108615,0.0860061279599639,0.0564855660494935,0.0123035277171581,-0.634227667354324,0.0502426210002379,1,-0.113187871440785,0.184262063704857,0.758852088955166,0.0988919805328014,0.796864668741181,0.0812897346103593,0.639410868988542,0.0823617837421703,0.665584767287305,0.095429810703803,0.836972752430997,0.100633851246784
1.42522523639476,0.0851683727547507,0.0668219742535966,0.0137071805974918,-0.506685216370623,0.0728857746605404,1,0.403431305004019,0.193264426163822,0.345499110785013,0.14381325263382,0.665084033844261,0.102252234981579,0.689179405657601,0.0882417463064628,0.685765692566201,0.0903427969639131,0.748035924484815,0.0964616248330925
1.40382665992284,0.0734848609347791,0.059719506314578,0.0120318162566229,-0.572290760768098,0.0546538278229568,1,-0.632671949203869,0.23251848226977,0.92008879469623,0.0975750520671421,0.659070677788034,0.0862598007472733,0.66126200220827,0.0834128487077926,0.585542054408682,0.0904881496160571,0.689712495254377,0.0949918239189088
1.62254327141117,0.0959468970814618,0.0658374678853951,0.0150997926534135,-0.515668675063713,0.0630484255836831,1,0.164409634360685,0.212883378063918,0.6516904270519,0.119118801951683,0.743506370173889,0.0904424499128234,0.774378023440422,0.08106552261388,0.729581644481735,0.0934067779771647,0.809740892492638,0.105864691305237
1.59707866079753,0.0999742289114158,0.0759804519444175,0.0176111874091941,-0.645937769692395,0.0502984340445884,1,0.0293435998367565,0.217031848399179,0.739213954236884,0.112725175354676,0.718669947025208,0.0910003891671646,0.838235883876566,0.0846385031562225,0.726900398753385,0.0977861087762185,0.819020067522126,0.10906659384323
1.48073656872616,0.0819840887114538,0.0529880393103241,0.0118745886249276,-0.583960874789978,0.0546006645516895,1,-0.0150301777020822,0.188945823571815,0.678284118669791,0.105257486340422,0.717996429866913,0.0805370221798656,0.713809169202415,0.0891116307658586,0.649760148306049,0.0969841797326999,0.728865053989735,0.0983141501825523
1.57356573674229,0.0920543067657255,0.0699449152001579,0.0149758494915169,-0.523789088644754,0.0652244503848945,1,0.172062097278394,0.204113603121218,0.755236380102728,0.0970871194399187,0.705373994640031,0.0913718136833964,0.757305426511394,0.0900359142471022,0.738529169082765,0.0972704514858489,0.676854623432012,0.106155834600198
1.48199121451854,0.0840064360634134,0.0487203911948636,0.0102943005000407,-0.583394639870302,0.0618621951045486,1,-0.164902071565532,0.202824015406415,0.751106218395346,0.105562802311031,0.666646794981926,0.0943833902142602,0.828006748653018,0.0838485660748409,0.617030800769808,0.0990966015884406,0.641281561655433,0.0936327967447629
1.55837106630193,0.105934970638908,0.0784617367228713,0.017760572951239,-0.556559855592888,0.0738594884474616,1,0.220469288516452,0.210125665586507,0.620359600891329,0.116478092231333,0.771097917404371,0.0899116830636536,0.762979640315218,0.0907608662368232,0.779279208058267,0.102502183938274,0.613314132892834,0.110715907402455
1.40340287255547,0.0849544130217886,0.0454576390595453,0.0105788942731225,-0.607281657955807,0.0521451578123699,1,0.0362495521653897,0.171107749785512,0.602769737133699,0.110891303737233,0.622480357611917,0.0924808573527119,0.585673236377088,0.0854279107426074,0.65419912706481,0.0896878113703924,0.610544984876132,0.110829272891153
1.55066623747769,0.0919759938107116,0.0362866767635241,0.00930887571623035,-0.640621296288328,0.0524352058617395,1,0.0309182252149658,0.209248474476893,0.640156750228092,0.114273326190316,0.78900205664,0.0886474308992423,0.585973299037782,0.0892886360666326,0.880586276742239,0.0917428439591051,0.64602325619392,0.109848718562069
1.56318615444697,0.0794793762248973,0.0501739953646571,0.0119275677265518,-0.618091225372771,0.047952582616665,1,0.0949426453845991,0.180028999182189,0.684431954602046,0.105268678588489,0.779181528260975,0.0807343399095923,0.652356308413212,0.0833660133954446,0.750085335973121,0.0885678399849734,0.685320893762147,0.106238392963618
1.59054408028075,0.0868681620825936,0.0581579937402705,0.0122113474923397,-0.640753382414514,0.0460690037125077,1,0.227843696725903,0.196697588088476,0.683324045240144,0.115380069612722,0.806749314098323,0.0817852296785294,0.752867693414727,0.0853177170666057,0.585609850682785,0.105439953186767,0.774115276205393,0.0892049398701031
1.37044087886382,0.0765430691653088,0.0349737206910498,0.00829924831182853,-0.570363069926296,0.0576428484935145,1,-0.255416789672922,0.259295892475806,0.728579318547004,0.126450928812162,0.560597059342724,0.0926659272351732,0.608309237964643,0.0844119489820264,0.648604062882559,0.0862627623447505,0.541963761766139,0.107964463482914
1.46588286559543,0.0803419794039824,0.0684979397744526,0.0146367540502965,-0.529197991731868,0.0617034647695977,1,-0.116595117257856,0.198059956972353,0.688868196988873,0.115889813792375,0.724606705321958,0.0811872673977922,0.577383988085719,0.0879078039896187,0.726930841050447,0.091942259185966,0.654311063403001,0.104200350509708
1.53986834365324,0.0878885309195114,0.0681676559947134,0.0143979059752451,-0.542328925256798,0.0661624379679351,1,0.000705659077363382,0.203744898689868,0.724115691101208,0.104697841039981,0.705476385502981,0.0901668081092358,0.703597096422001,0.0879615024398218,0.67953754146549,0.0905019881566083,0.79253674946279,0.0945008924212433
1.59188187630098,0.089438384014062,0.0502834730823165,0.0103966065091528,-0.586733813403558,0.0552759537810102,1,0.165513763224032,0.204208074737007,0.724075284618751,0.112566252393232,0.747953065749955,0.0886092820382025,0.708972989586068,0.0945485608416993,0.784580684894096,0.0951015865748642,0.708479340334721,0.0975143470583422
1.46064002718858,0.0729902169227046,0.0544142033423836,0.0103545633504428,-0.584668340694443,0.0575336012365206,1,0.0551009105557802,0.227199557430597,0.657985499882291,0.12528922294209,0.616564946963977,0.0886694520823759,0.665026506963266,0.0798895003302404,0.670569616380526,0.0866563653446827,0.591570463362853,0.107369043273623
1.61084377683656,0.0936228282841964,0.0561284988302409,0.0129938148638861,-0.602978343734251,0.058185204692768,1,-0.0205494029045952,0.207861786572391,0.763495783654301,0.113740259834282,0.853491381781989,0.0792588390428994,0.646032484846925,0.0881523549083579,0.695405938960684,0.101393382371693,0.729951479374964,0.107999600359689
1.40023920686474,0.0803021496666979,0.0535050011851479,0.012287769974805,-0.628724451560289,0.0486227649628869,1,0.0669216409765734,0.236172967162827,0.596952276911666,0.127357650136858,0.655069095326193,0.0879380364985356,0.681678104880879,0.0811319113161422,0.696536482343285,0.0969758400095525,0.590358003667383,0.108762947746808
1.48921655190174,0.0788597196490395,0.0559073818843642,0.0138104677342926,-0.634299209130269,0.0517290233059677,1,-0.0166375039386247,0.197799231826581,0.710333783491001,0.113120198199674,0.784297369060984,0.0796614403563233,0.675696271686772,0.0798597175056518,0.648168509431596,0.110055757266111,0.691484317022653,0.109825809238634
1.39242969824653,0.0857988215937122,0.0587145953540867,0.0134311408787602,-0.575044531453792,0.0591093438326424,1,-0.129246023923688,0.27048487509887,0.563273169336383,0.158037673599031,0.624825274509301,0.0902951635742386,0.796175184405067,0.0823027289224022,0.51240813541421,0.0983769418651839,0.862070185230366,0.095336317362634
1.62758892810284,0.084141489608764,0.0654951467973366,0.0137512968532873,-0.604000907641559,0.0491082124094259,1,-0.296503492974851,0.284464344001107,0.971926874572173,0.121007495670862,0.693582164796832,0.087859009808053,0.588724140622769,0.0869477217286836,0.824881986172774,0.0828799060079813,0.632338549061389,0.10534964781849
1.55157288895389,0.088070616639005,0.0611429774290966,0.0128868987241394,-0.708639883455108,0.0391349315697413,1,-0.320837547448746,0.237547770678023,0.830356619525088,0.126269321829121,0.81262337001243,0.0904500094858721,0.715969738233368,0.0901730795862061,0.657329371501178,0.0994589441093281,0.938502241225894,0.0891473839410304
1.45370783962695,0.0827401691216857,0.0609138859637198,0.0145362553423713,-0.55450249886832,0.0614149883006011,1,0.304384826526403,0.162636971982894,0.472265639463519,0.110118607400542,0.705496729434719,0.0792765931329469,0.620311635611238,0.0885969457953189,0.706931496898909,0.0984633956874954,0.631172290846932,0.114208346173319
1.5207611192237,0.0880432782807142,0.0761207911501375,0.0160804978088874,-0.523834594583604,0.075671672295112,1,0.281027484351756,0.206274275345614,0.612265056103203,0.11514278461325,0.744221128252703,0.0894162318134008,0.584676320683464,0.0958159190685636,0.880026236951572,0.0905982572303019,0.77504858364518,0.0946421857882963
1.61551568632753,0.0898169653964399,0.0723086477045012,0.015167401030504,-0.511636615158327,0.0697242372130161,1,-0.0587298498619194,0.243366375664727,0.714593481580412,0.133311676685974,0.867541333925636,0.0798138496126152,0.745733889749788,0.0786683150800594,0.605792741200098,0.0945051295008362,0.643312360334823,0.106451962700091
1.41452820412102,0.0815260030721068,0.0489163775358007,0.0105482994688473,-0.557707057107671,0.0611712344964397,1,0.0338468306283951,0.231185998699492,0.698768441692412,0.112950618167912,0.516579198776056,0.0924846173720195,0.739906393206211,0.0793154418347867,0.602907582598616,0.0988641397136001,0.693631214519867,0.100926802636091
1.62638505175238,0.104028650427952,0.0996355745968161,0.0220683177459519,-0.577282802851328,0.0664568760075644,1,0.299167046988939,0.217183586273067,0.610876565248117,0.139879667703895,0.780256017459916,0.0979851310291481,0.695349546050127,0.0968659098155336,0.780494418391963,0.0962296564426163,0.904901720994466,0.0935261485388973
1.74641219979326,0.11677978880351,0.0839115184321159,0.0196480304562208,-0.691561622068067,0.0490704674516999,1,-0.230747042452879,0.251876080885042,0.907494010800521,0.107309928574889,0.884553538182819,0.0901194091560142,0.819712255441664,0.0996356634855824,0.883809032099812,0.0918197657672871,0.658607076300802,0.117250439486597
1.48270917685343,0.0849030254454306,0.0640169680053373,0.0147889866810424,-0.499000362359822,0.0724194746395323,1,-0.171514074557852,0.234095615270469,0.831737248700677,0.109011792388168,0.558187438038123,0.091108606515635,0.649651672343487,0.0937607949635251,0.760803236173066,0.0918308998160836,0.634652356940032,0.0996163876563868
1.47088506863765,0.0852283982296503,0.0619284014229347,0.0134792719771102,-0.577798852964397,0.0611022488254061,1,0.122780260778148,0.177376442238655,0.553621051974953,0.101465234934504,0.667354641632606,0.09092742352822,0.692122961515923,0.0887014361766365,0.679257083414976,0.0919906544357098,0.76015388057473,0.0951851989734444
1.5376134758912,0.088792069985988,0.0642778638687371,0.0148771452384326,-0.544030909384646,0.062440489667884,1,-0.38975270819775,0.167567570555476,0.971431177615551,0.0763936192225735,0.647409730256636,0.0877763061777802,0.751719132459975,0.0894771850382805,0.63028439562204,0.108062216117024,0.649775775704969,0.106341278368497
1.4297064156494,0.0757788799333628,0.0451449053882165,0.0096006818612256,-0.592885318108822,0.0514971056591636,1,0.187838338445144,0.179647960224911,0.583733331472431,0.103937710190128,0.65457579316536,0.0846904520068712,0.682753440535886,0.082410331150945,0.653050427623627,0.0898178740730698,0.566801297027338,0.119735116016252
1.5652026678888,0.0861647033414639,0.0541076994049466,0.0116846610361347,-0.633469192309212,0.053168084566682,1,-0.0945385993649914,0.232430851180536,0.875695228970276,0.0957237149744135,0.565088978614332,0.0885552082926544,0.887965030667263,0.0888339387649441,0.632083381296784,0.104804765261718,0.707813613535184,0.10062939389189
1.55339015968029,0.0854329361983778,0.064986462257211,0.0140144573519113,-0.530312961578484,0.0623041577009159,1,-0.330902264642649,0.241148365338053,0.884785777884646,0.112508517663159,0.722160728956647,0.081440006244052,0.547222724938786,0.0968734640599634,0.785905067659321,0.0841446488997369,0.652274087153291,0.0976435732431471
1.55767360248384,0.0812561101193703,0.0469253060387519,0.0103885221533351,-0.612696877432417,0.048007743455861,1,0.287259368203358,0.162405867252177,0.621894236208925,0.105455203844836,0.727139658824596,0.0887376075876435,0.776508411520802,0.0716672545038997,0.633978906779652,0.0973523576846653,0.624045133714372,0.101702110786746
1.49972068298967,0.0848331846648914,0.0490132379101995,0.0110674863000194,-0.523582588290519,0.061990965512324,1,0.0256591440054699,0.196190720192864,0.760159255180863,0.104524101642605,0.577072213832489,0.0966106185515245,0.648400002587053,0.0834875425156797,0.631758301706799,0.092658131123066,0.722332253437248,0.0966123515786767
1.50438105426568,0.0833905135939039,0.0443639270398775,0.0104516111510151,-0.611712245732855,0.0477911661097538,1,-0.166182050434011,0.168978121109698,0.74869753889679,0.0934986122081771,0.746698157856995,0.0766265532632716,0.725947608493493,0.081462853776146,0.74395548452057,0.0946213926783669,0.424374350556495,0.121889733077285
1.47237682221803,0.0968860035619995,0.0691241776475348,0.0162288313846614,-0.578623318632652,0.0631564883876537,1,0.291678153551845,0.228131244424793,0.606356998677411,0.128688395896423,0.732824156415266,0.0853615317530061,0.637871586681332,0.0936740674645333,0.607395598460079,0.096784910610364,0.517646931805869,0.113394726646766
1.38266442459561,0.0856073764545439,0.0544894098256048,0.0123096589824484,-0.550160450430957,0.0580961766873847,1,-0.0798103828635007,0.19849865717431,0.588244677869965,0.114041105442862,0.701454040327335,0.085702705429598,0.624209731533357,0.0867864127723323,0.62883333566048,0.0922184107085344,0.660281956698879,0.103219421476607
1.58618134352595,0.0907825257000714,0.0694481771385569,0.0148937042955412,-0.605014755078247,0.0494776419779272,1,0.304809863434115,0.210818098518922,0.626680346962094,0.112394490263743,0.755663997212993,0.0784913459561952,0.744698664238732,0.0832648186076873,0.733646799366508,0.0982539911555744,0.520673919937466,0.115632202481109
1.64135556283733,0.0927351076149373,0.0870813976002455,0.0163883733170437,-0.678468603556868,0.0439299272219401,1,0.035613746907068,0.237772788553851,0.739600186796227,0.121342865920575,0.879339407487956,0.0849941013530924,0.779992339685407,0.0832030011916659,0.799966617501721,0.0915155127957406,0.865688557909919,0.104732906278284
1.56125949327273,0.089591488808254,0.0814809808104668,0.0160112166519741,-0.626577810875801,0.0504833037803029,1,0.0742083054369992,0.180600369636166,0.720645603075938,0.0990431101283682,0.638842416032745,0.0925141370170284,0.757415565278553,0.0854708110943979,0.72508989787188,0.0899964216222356,0.760682750899508,0.0995933311337499
1.37882005184914,0.0803995834963956,0.0621977669093505,0.0135343374538807,-0.463233622544115,0.0688832399259685,1,-0.0226921048276043,0.15979555060695,0.573582416035624,0.0993397063530342,0.766493175585669,0.078371637510213,0.581023600767433,0.080759976918123,0.55427506563335,0.105656524429612,0.659348878028953,0.112931081535389
1.46332643431506,0.0871257783853106,0.0650778008392382,0.0143778950142013,-0.529539419927908,0.0629088938688686,1,-0.534994574845577,0.274768517729004,0.86595371588958,0.119874149515956,0.670520754101753,0.0875748643084947,0.733343624419835,0.0832649148883111,0.556493713650582,0.0976716079450307,0.63078551279488,0.110113509365769
1.54165536081549,0.0930715059480814,0.0554264392417559,0.0143641113210423,-0.594587566136747,0.0635981425387946,1,0.156951330948306,0.242627508133529,0.682382138985207,0.136766849529675,0.679267737592698,0.0839086593005935,0.611313825164926,0.0902147282409497,0.763517252926906,0.0964539635259732,0.494942044715969,0.120985634538312
1.37259672810143,0.0830114169554315,0.0440677682766291,0.0111207328874443,-0.630884564772178,0.0549246904350116,1,0.0456379238698338,0.184930071388646,0.608777877371256,0.107540667638026,0.632285792370292,0.0822807183392344,0.718206232606453,0.0874338539205685,0.550727522471758,0.106036419731553,0.493728670289528,0.117126550361571
1.59569993335572,0.0766118045050473,0.0579346594105427,0.0117614602615792,-0.608727144661596,0.0484764862173842,1,0.254664560612284,0.209114398507716,0.678342410778065,0.114330374777915,0.709743406107679,0.0843785750002944,0.711565888517023,0.0790679915411447,0.854843670479039,0.0830856443888302,0.719554588479749,0.096365981969467
1.5303666410794,0.0881370782740238,0.0832669567487684,0.0179771448674169,-0.62008414785094,0.0521389273627541,1,-0.274444848495601,0.213833141196178,0.788105583872339,0.105290146844596,0.840175649076841,0.0729410075313866,0.686358853329811,0.0924401181167452,0.712061579029404,0.107249007696947,0.621649411381156,0.121039066556278
1.59005416760567,0.0825444179575783,0.0530401545938298,0.01161984655853,-0.617067261257177,0.0465549025047094,1,0.631855317608,0.17647071328466,0.439785171713503,0.108981945560252,0.658106559881982,0.0840032915000161,0.732438038113855,0.0861557230207078,0.653521499057529,0.0997596925635919,0.721192872631876,0.0893042768886703
1.56199917606915,0.0739564688573422,0.0791980279265592,0.0151887536408085,-0.572496111434369,0.0536380418737641,1,-0.0303578265324888,0.229893585356928,0.522448844806425,0.151669390715621,0.899338493373465,0.0819933517302302,0.724781864605767,0.0752503583994518,0.7135277636802,0.0835970796606999,0.70385551582118,0.0994060889759407
1.48915455338193,0.0779025241034799,0.0475006255205736,0.00996288901056458,-0.64634167495737,0.0465098583402333,1,0.102202518253641,0.200562735313177,0.611512236357248,0.122617404382062,0.623396015816631,0.0933396570681372,0.766040066496089,0.0728164830766872,0.568104940791699,0.104108036985503,0.648908860483886,0.0966542477178936
1.63395408812896,0.111096828329365,0.0694977228634522,0.0180337349311527,-0.598612922571817,0.06334026192296,1,0.0977380304714618,0.262082487344654,0.620047473467456,0.141060422991878,0.840733226623663,0.0847578301486629,0.801273178816728,0.0934820294505211,0.735059044933749,0.102037299023727,0.700395448790922,0.11656511826501
1.48130538292686,0.0906109126414198,0.0731547753601401,0.0160737139553564,-0.650474168339127,0.049555315219034,1,-0.0707294481706567,0.216676048511214,0.65695374545348,0.112345311611071,0.64390777283853,0.0927146082108808,0.709956560421275,0.0845012611745081,0.671089321636422,0.0963329437432201,0.569171037689742,0.107713454538346
1.5286005364048,0.0829532579391196,0.0496429644715687,0.0115754798404072,-0.665755236491927,0.0461772290569988,1,-0.36106050943581,0.237022134294578,0.795292966186294,0.11459462674871,0.799698405150312,0.0838082966450061,0.746637758126443,0.0868754118999838,0.625688733281685,0.0963724524245974,0.783722969654595,0.0999592908066533
1.7722683139632,0.101128033767658,0.08241739471007,0.0174083414049994,-0.676508899327024,0.0461390650841849,1,0.0927394817389083,0.219483930012858,0.758944059768895,0.120905313935544,0.845712089500612,0.0902260594423797,0.786098611631696,0.0887682050477324,0.816286222169914,0.0989239185744621,0.933210921012932,0.10150820237867
1.49956610932304,0.0948295615849871,0.0602836696551308,0.0141354826778891,-0.612723730553284,0.060804671210801,1,0.052177647143797,0.220968201277717,0.677887284953068,0.126461699253034,0.719046800251612,0.0933232142183123,0.672266705467654,0.0893734946451809,0.610524389902541,0.109697127195178,0.538122084720762,0.11580943937684
1.54888615432935,0.0921818439352059,0.0720883770122159,0.0151525272356526,-0.646515930932494,0.0482915826165479,1,-0.232295818062069,0.209701091257477,0.764562920729629,0.110705648227881,0.717422738480506,0.085866048502601,0.846920421705157,0.0822137061042422,0.685775844266307,0.0939734117517773,0.536681217731224,0.119451039443359
1.46644662407691,0.0751808539485218,0.0661821511282029,0.0140929916100726,-0.598615269616319,0.0554819604078955,1,-0.346274864701646,0.255792104833214,0.882701494261528,0.124669850518748,0.638400732585346,0.0853314016114325,0.728987657113587,0.0774457243675466,0.636352488362341,0.0871604960642776,0.657294082426986,0.113594881923519
1.60730570710579,0.0853725275129333,0.0510824585137295,0.0122831515873976,-0.545365143259579,0.0621623779786251,1,0.331655334822184,0.189419266947828,0.741816061850527,0.0930342101187241,0.540871132310766,0.0848765265169276,0.685820213072633,0.0809701763205206,0.777784495063336,0.093033856746199,0.726632762774736,0.117290194912471
1.74101363129661,0.105455978802571,0.0760590511689768,0.0171209650537725,-0.668018197375684,0.0484449244469967,1,0.00115481423920005,0.236594586840079,0.846298788444468,0.122747002825311,0.977212440134385,0.0799981138532544,0.627230768181301,0.0938731171414555,0.838804465094719,0.0980396064660902,0.679846786753875,0.120512202789043
1.5011845832948,0.083735678288963,0.054325274573697,0.0117318934359461,-0.603675544033005,0.0499184561724327,1,0.354630302940332,0.168688466219396,0.632019679672953,0.112815861873726,0.726736198591141,0.087748567810349,0.607062122646722,0.0856943814530883,0.588032253917237,0.106326673037158,0.85671870937401,0.093750911398303
1.58400658529172,0.0914904177982034,0.0630443430095514,0.0136797767488478,-0.619782326630718,0.0530010445626699,1,-0.265698579958359,0.178994534966295,0.913596337690875,0.0946055302473771,0.687076732576197,0.0945116832224988,0.657708731766866,0.0977576870330815,0.853954374199696,0.0911595905259356,0.655297165514745,0.108263896964705
1.49221957879878,0.0878539566577017,0.0528556615084311,0.0124760360130574,-0.615021883439081,0.054727616448323,1,-0.0510544692054844,0.214525293265895,0.56977441016562,0.126921173073446,0.720574190209922,0.0794404385126767,0.744720524278398,0.0842142033857047,0.730467447463654,0.0930962603018069,0.740159561471301,0.104294928843407
1.53381680146061,0.0849191897134358,0.0633520815324925,0.0139825405198676,-0.656329834555883,0.0492314815764084,1,0.217692252494496,0.186964801765199,0.610216177519379,0.111832920968186,0.791481023784792,0.0900368967313827,0.671961760465201,0.0839008077040056,0.721145599095576,0.0998197974724439,0.721663347690819,0.100971243584504
1.45901232003071,0.0818629942198646,0.0610590897491482,0.0135803170864077,-0.528623252679034,0.0591122415884212,1,0.169392629608668,0.196573635565971,0.725217408437759,0.0958649293965338,0.445322769528056,0.0977811360405084,0.613951805502751,0.0874190687735746,0.625182915372146,0.0940497022323551,0.753728265126863,0.0965695038982193
1.58268006454905,0.093470478970594,0.0632652451536922,0.0143996926832012,-0.611153380835646,0.0535718547974289,1,-0.143597746772628,0.233406893917303,0.884930789673543,0.109690880602362,0.643356071830772,0.0923854594797122,0.659629718336262,0.0972573726509551,0.758347267336474,0.0907905994634823,0.737781629773927,0.0987101963017215
1.68540848513541,0.0901929879613939,0.0581809166605476,0.0132684557330777,-0.623417151493645,0.0474299062679913,1,0.152219205902518,0.185826363891611,0.779853847616761,0.0921935249370803,0.754452531611297,0.0825745207583261,0.853460881007181,0.0761036461465426,0.510954581114906,0.10872499263547,0.808154051280295,0.10287738595762
1.51624070001823,0.0880769787120681,0.0571725135701015,0.0126559967149981,-0.592881277718794,0.0575264391697266,1,0.0966888564644304,0.201822211585756,0.673714273059708,0.124526191661167,0.749291773932982,0.0874243715435468,0.678623532896401,0.0901137044093205,0.574292337130423,0.101770634422638,0.607842073598244,0.100520465238035
1.54300996646011,0.0846116747987803,0.0602831571920131,0.0140370048588613,-0.486358398514401,0.0723828465966199,1,0.509769526823394,0.190243776649555,0.531628263141054,0.11638757776741,0.678901226281553,0.084884667452426,0.607322496843015,0.0944574924180135,0.770405983115665,0.0865568041233169,0.717227960598331,0.101242147410483
1.41398941537822,0.0700558149687546,0.0512323998404286,0.010333481300429,-0.627918809480364,0.0491236440633125,1,-0.140679785858377,0.182172752214679,0.664835134345737,0.117337606345422,0.759336309518809,0.0836165379124744,0.592839904918688,0.0860583707472378,0.655792179540439,0.0910171705609944,0.803074603006693,0.0851525261322595
1.56707595525628,0.0844166753334897,0.0611711059115784,0.0132061466554981,-0.637190943974945,0.0511193241548842,1,0.0891684754977707,0.184555720934967,0.673758619433994,0.111444440191415,0.743883818757955,0.0854921233950871,0.619519867548154,0.0873690699994074,0.832063116295031,0.0893745902057804,0.658762950359912,0.105547338038199
1.39897990440558,0.0793111518985283,0.0355398272281711,0.00943987308341523,-0.517501772974469,0.0674570214698197,1,-0.077790434477201,0.206798410955279,0.690880091404333,0.108181849562213,0.527327517119703,0.0881292025575075,0.662148410487141,0.0872789862549056,0.670744679489896,0.0897977050891201,0.827496449395228,0.100045629108876
1.50276044629605,0.0823896459355023,0.0559130349616559,0.0123081832763255,-0.576872752909239,0.055980121988525,1,-0.013076434446698,0.181818637079336,0.807233713215486,0.103999359260171,0.728854758158646,0.0806406164538501,0.53563740490513,0.0962587866411089,0.64642996730636,0.0955245984527622,0.499227633893816,0.102518669918638
1.55516738314096,0.0823324994618998,0.0735735497196909,0.0159145437346905,-0.561503694106474,0.0627022383913787,1,-0.0341307166036431,0.21517048934777,0.72505739520171,0.115876787963576,0.682873900013599,0.0871114002462787,0.736054040196302,0.0863628379032034,0.569813126612052,0.0936621510763845,0.645130855811259,0.106671158308258
1.53846965111329,0.0887484690192671,0.0732471816924496,0.0145449983276956,-0.587436740711493,0.0548036702351086,1,-0.123970924705956,0.199153984566025,0.822994744758022,0.0942109493346967,0.69395029506408,0.0864269992367398,0.603218162366106,0.0877341943360215,0.713748154057326,0.0943373718301672,0.767575935458506,0.101642220911415
1.50390622658054,0.0899378691407619,0.0664266450263354,0.0149620825370611,-0.587397087973896,0.0638964958575352,1,0.309000703649756,0.202906148273306,0.637422183692169,0.114882323479907,0.679951987204868,0.0858469832825061,0.496038448224241,0.0923741713896572,0.776169261492477,0.0945876105264614,0.709314782428286,0.105555128839009
1.49141957444277,0.0833971005795126,0.0446655478604991,0.0102579481535373,-0.604532126660445,0.0537050467285718,1,-0.0628278057657703,0.229126507085799,0.726403663871665,0.121503929385706,0.771059342299153,0.0868696304717087,0.761958586332134,0.0863214520773746,0.496532180232889,0.0964089592501944,0.735680900507889,0.10280374091938
1.60017593537343,0.0904462098948812,0.078193755060225,0.0159116472023402,-0.6646878876898,0.0497815136114915,1,0.176489613553136,0.207274432004285,0.796107356939322,0.100892392816901,0.594683128296094,0.0976059620885877,0.754923992211629,0.0838758874634718,0.688491043320829,0.0967210544591952,0.789052472988794,0.0988505605217905
1.54314056652157,0.0857091206712901,0.0824503621835198,0.0167025614999478,-0.596344840473862,0.0489983431237252,1,-0.119616123265772,0.194349780019324,0.751461790571486,0.0960061482756994,0.7549599284378,0.0831145249155757,0.756031735600324,0.0773964174209235,0.686677347638764,0.100651970127587,0.649363513178246,0.108676410581388
1.47446082910071,0.083420768836423,0.0679693478510424,0.0149856823062406,-0.527799925332028,0.0704950907745054,1,-0.373906907161352,0.212582730624543,0.85364100511107,0.108252057410285,0.667317372217734,0.0937432436871679,0.632627170931984,0.0933129339780181,0.592670660161627,0.101398689038131,0.771686540343075,0.08372232652356
1.50119638665395,0.0869959895267332,0.066514927873714,0.0138359076585986,-0.563738903251209,0.0635388714642012,1,0.525140492754598,0.199552951687775,0.415709046222121,0.134340759994491,0.604859738641722,0.0945384032551061,0.787065605351458,0.0857745083337015,0.762314112815768,0.0914766034565984,0.724494705814203,0.0976888220978584
1.53812543991305,0.087012955675908,0.0700389748403545,0.0147057331800345,-0.491594493971713,0.0656938626546751,1,0.294779425072021,0.21128306622994,0.6502157386276,0.113435877368004,0.691179008937512,0.0849620689824154,0.699331604133855,0.0902002318898011,0.66572605833997,0.0968168234023395,0.653077381205591,0.101246401634842
1.43051766220553,0.0836260684727392,0.0510902707297931,0.0110719436343496,-0.534348878128024,0.0660337490573499,1,-0.0830019312549982,0.205408555577565,0.74718646221798,0.100867534694859,0.611560259606552,0.0810524497926312,0.596828632772771,0.091238707267695,0.664010393638104,0.097480166442951,0.699031717988341,0.0976450888315618
1.43522190157913,0.0727201814078355,0.044603485674459,0.0107786775058081,-0.442637625590526,0.073337258146239,1,0.0354920703144605,0.221586521477844,0.597184538528308,0.128310417090036,0.688680015377998,0.0831735589800418,0.587943614648297,0.0881082298082835,0.547920933479477,0.0966378922297162,0.667308478116871,0.0950004057338185
1.43205483581783,0.0774934018644799,0.0448381566700307,0.0106458720052403,-0.588901075989948,0.0569582091426145,1,0.22262149485624,0.189810560424939,0.648863098391699,0.110592861133041,0.457087799718403,0.0961750941496787,0.697924993670597,0.0812032156456644,0.55115769206868,0.104565417221614,0.672034350273796,0.0963968981782287
1.42846158387661,0.0720758794212243,0.0364123277374245,0.00862229293740521,-0.497932294296741,0.0578094012250341,1,0.0745947667302858,0.164498313875982,0.639319791782317,0.0894383220577582,0.633852467629808,0.0813148908944415,0.694531467197476,0.081040879669197,0.705497009824301,0.0923923762857713,0.461092036759173,0.11606290611549
1.48253415442131,0.0763669282364173,0.0399185192229901,0.00934178749429756,-0.436736401719954,0.0725939877523913,1,-0.269553833459757,0.247830643400544,0.886249456078594,0.101546187893537,0.645769350955201,0.0908267245728316,0.559002711209557,0.0817038438394697,0.693591076129621,0.0894065113061239,0.653068702808083,0.10435810169272
1.40994107809216,0.0744309679333919,0.0520132035514442,0.0107861712115931,-0.604612371723957,0.051716940097608,1,-0.329932931310291,0.205825557123669,0.700278697648612,0.123986212627235,0.773733650587221,0.0854491926863696,0.6132552819614,0.0800269110790224,0.684735976317548,0.0871769708404595,0.726816359976328,0.0996595115708285
1.46870925947605,0.0768677078012567,0.0578184836081241,0.012586281153005,-0.555611605450733,0.0593135009790376,1,-0.355512806072415,0.193969009008168,0.79751497662137,0.0992849991555556,0.640463148429254,0.0935366433223525,0.67595209353098,0.0841874794582175,0.782944397252734,0.0811177195101687,0.522692645136485,0.116264506805755
1.63406558433785,0.100139659229035,0.0766679510982197,0.01490108739127,-0.595700804408756,0.057013083306414,1,0.3917728936301,0.226285648858448,0.64510645357981,0.133309121025332,0.639884709399874,0.0912964737709657,0.84956846193765,0.0910950416689841,0.838572858359034,0.0974148518740677,0.677538380160372,0.109412913176968
1.47626056833113,0.0793374105385876,0.0680558411377525,0.0135324650432055,-0.501128986075868,0.0680111329024446,1,-0.0214845720622939,0.233536924270432,0.718351272864653,0.122253152254144,0.622738398222235,0.0850906863696146,0.76732264074422,0.0807699309695786,0.729111075866066,0.0841422477115922,0.799497735761793,0.104075093051434
1.56133818245678,0.0771233917098142,0.0668110355823773,0.0122535414704336,-0.571250183154978,0.0518890565387582,1,0.302863325827369,0.202324952254087,0.588884413140975,0.124604834307447,0.749603092097146,0.0825072946883292,0.771283719803917,0.0808559872399782,0.753750382596226,0.0882237644318959,0.65551602482591,0.0932688353888638
1.43491928822302,0.0864274191327306,0.0654470523707278,0.0139381410351089,-0.618441005822203,0.0573346499886179,1,-0.333145639346931,0.267376382986047,0.722091177885172,0.131407227368655,0.762804809777419,0.0910487321182435,0.609544277169944,0.0835102620115147,0.59932488980953,0.0969342195870282,0.781359250362109,0.0983736297209877
1.53169264680834,0.0850465153612245,0.0603272247878335,0.0119800984053943,-0.647157941122939,0.049747534717417,1,0.100833532168613,0.240576834906386,0.65757676573858,0.12919203092323,0.642365324521822,0.0893959446441799,0.782140693409794,0.0876535150005939,0.649479540891654,0.08649873273559,0.656951359168335,0.100849740235542
1.45820212882719,0.07979893677407,0.055501475340856,0.0111351782754134,-0.572889158941591,0.0566321746733562,1,0.09597275501115,0.21976126205828,0.606859422980839,0.121642979947841,0.566896603260963,0.0906438651853039,0.766388657202048,0.0734366192741216,0.516445721038028,0.0965298302146141,0.830095175069773,0.0992038823571063
1.3843353160798,0.0763074319457878,0.0411896452157752,0.00876669789489418,-0.596588152874027,0.047159856535241,1,-0.230934115401679,0.173470188192908,0.7114169103881,0.100602056318315,0.617339290692621,0.083159500357353,0.727871883195851,0.0790496984269919,0.639948404118656,0.0932305269886829,0.638312603373459,0.0993365622478769
1.59238869080429,0.0903772105330316,0.0771669286914978,0.0148547322847288,-0.590997585354573,0.051194753972277,1,0.0911312011890403,0.191360920947065,0.705527501908053,0.0980268247408473,0.796945312114541,0.0806536557632208,0.589316740601023,0.0867617615353473,0.74974391276879,0.0900468101075696,0.934534227865189,0.10122465353042
1.62706343725328,0.0937746954234951,0.0752619839280674,0.0174881277812284,-0.652386132934078,0.0492729407019238,1,0.0937278848574495,0.209712100205714,0.600734949658241,0.119789292420047,0.89045415357553,0.0831090599998678,0.711447193901714,0.0911460513434245,0.923865783251203,0.0867824365840929,0.655544770590707,0.108989022334923
1.52164813577315,0.0868662268334471,0.0693382147646439,0.0162866387140772,-0.691040116134324,0.0441945741001468,1,-0.032636185745989,0.199101762955748,0.744421102328379,0.105557799183826,0.741018990651316,0.0819529656891488,0.891381587813481,0.0855912140785938,0.507684264987355,0.101655419938528,0.778131961127915,0.101334601574003
1.34627772407694,0.0767474634814444,0.0385636137873821,0.00955319742907257,-0.537854757322219,0.0577110393814795,1,0.0817829022398601,0.173677549897806,0.552806135863344,0.105900991133862,0.685242773864411,0.0769790155476117,0.58120431740616,0.0903792942543905,0.522199309957408,0.0905436474977254,0.641290294568267,0.111237558529492
1.58560211893124,0.0973127147825067,0.0747594910191266,0.0163428851805417,-0.64009964669405,0.0520743051933906,1,-0.00404823186811867,0.236188110428637,0.704768610134448,0.131254495402073,0.731087446614474,0.0960582507757068,0.921310427859367,0.0823406007005902,0.631521392485444,0.096664845243668,0.760927665749671,0.105538734645426
1.57828743737191,0.0946058638932585,0.0661244077095958,0.0150184781594974,-0.657294345302576,0.0494682568667864,1,-0.0790877188717264,0.199989785054366,0.796700259588134,0.105420346044224,0.783300954585302,0.101523065540269,0.836402224860982,0.0807155467003225,0.697652273732828,0.100507251334074,0.793922439046448,0.107613109040628
1.48921856866806,0.093479795338851,0.0701944703972802,0.0146483012572155,-0.610022290101962,0.0582100102063558,1,-0.191630007396198,0.213946624251925,0.749378395013269,0.117395688998052,0.706423853183625,0.0917427514917985,0.738520591492524,0.0834162166570658,0.521244301971724,0.10540136140083,0.770729688567511,0.107838170626968
1.3687484508772,0.0764090028403818,0.0374005115112342,0.00879665105426444,-0.583722754902132,0.0566741411737228,1,-0.213816136357497,0.19251285807656,0.686863100113191,0.102887288397777,0.752341499662171,0.0822168542104349,0.521614205949845,0.0925142885618915,0.618813233614769,0.0884140407036475,0.65620736923063,0.0978247270003303
1.5205656983081,0.0867730275402467,0.0655964102224008,0.0137061061663548,-0.653218355767246,0.0473652814926412,1,-0.383600812759129,0.287512731886348,0.702959554342278,0.151242023720365,0.831325599612012,0.0861785866186724,0.751161785122227,0.0795535238927684,0.743016319503343,0.0889248431675168,0.822105129033704,0.0968111349023189
1.62454687418857,0.101401777313445,0.0795087848648535,0.0178624249406753,-0.571515174848006,0.0675121726241407,1,0.553150070079931,0.220656016368144,0.448141033170196,0.136363333628534,0.795802160769598,0.094048991568946,0.722858798781607,0.0848983381657502,0.814287662043616,0.09407400632207,0.579031988759563,0.122572120902345
1.59998224453222,0.0967251824235262,0.0649067359499538,0.0148805470645314,-0.670669554606154,0.0495124848607919,1,0.240061090987625,0.217872398280055,0.811810823620349,0.105650048731894,0.646362680771344,0.0921812435596858,0.720398023575704,0.0896408368097888,0.6457048857257,0.0964406695809457,0.760066677075046,0.108694227655403
1.51751670743461,0.0814462941934235,0.0525832518765526,0.010670425449778,-0.62978437237524,0.0563618903421303,1,-0.205849080644739,0.246484859372183,0.720545359849069,0.141815763072531,0.70183966822361,0.0876011498878154,0.84313305405129,0.0825944996822539,0.773867868216491,0.0828396384293058,0.705384480411858,0.111900667546574
1.53187894612179,0.0907819942990847,0.049803920152564,0.0107005296431543,-0.587089103873085,0.0581138878220945,1,0.243867251256544,0.204168357760095,0.622485047433424,0.115904917229177,0.716651953996002,0.0956923642064453,0.548415940608494,0.0940758857986778,0.794007537298737,0.0834653892880408,0.719591985817604,0.106351442288942
1.56044515335331,0.089749963673249,0.0496501175420964,0.0115740166623633,-0.575540533610221,0.0578629619995566,1,0.139036567830814,0.206569944983331,0.656966925643202,0.107592429349366,0.779460063406596,0.0801642223336044,0.704435400685411,0.0912285705204901,0.778590143294913,0.0869683579954701,0.764685260265463,0.108104957766793
1.62002335284743,0.0914751527405552,0.0546097383091441,0.0128881342027055,-0.655154965103124,0.0542581687923733,1,0.102116259666382,0.244835623133739,0.788925830868497,0.117149995183377,0.762052500360912,0.0904603544574688,0.7245568965415,0.0867238022360513,0.817216955803895,0.0939516288457833,0.756086123562202,0.106850022745242
1.54093299901435,0.0882666872244386,0.052685956463673,0.0112521592756222,-0.583679450725367,0.0554086017240693,1,-0.293615816250534,0.27735338340957,0.850599100669358,0.127847815918767,0.792891882005738,0.0851390619493868,0.697738800845839,0.0967291223958047,0.667362224411774,0.101195153831377,0.712206647585235,0.088135707388953
1.45272357277971,0.078358412578604,0.0453463986947925,0.0110549619610352,-0.538885850839958,0.0586439695848,1,-0.00481729465735275,0.210103482856751,0.722835645491973,0.11489015981421,0.644670454407637,0.082499878094882,0.583878403530904,0.0864467840460209,0.557200385745721,0.0992081590874739,0.611443549333659,0.0991187221860094
1.42730354856377,0.0806842584088014,0.0530145846394246,0.012406006672913,-0.480870843896339,0.0727147597163923,1,-0.138797394753697,0.17188639896675,0.783710901374262,0.102769217308793,0.613859376143036,0.0841381071825303,0.539161204919459,0.0884877068630713,0.717348865055344,0.0924077217602746,0.63193264155624,0.113961873525478
1.4814966614289,0.0777222654914202,0.0605933178489137,0.0120181905982154,-0.619971912247901,0.0501657579259931,1,0.0691125925841927,0.231233695646865,0.631591094913249,0.127863414808768,0.760072626550517,0.0842101096847627,0.55843078332257,0.0908372567598541,0.837723695760819,0.0852207977325341,0.608745643468961,0.0923927014467347
1.55341381474053,0.0882017704524865,0.0709388536003004,0.0141086029369756,-0.521848509016029,0.0650712418580791,1,0.183830463633596,0.166711470791853,0.644271325060034,0.0983355366932772,0.654577741702208,0.0851186827362507,0.824619022761813,0.078135425227058,0.610599031148441,0.0991660557501899,0.89999401300176,0.0973205219561298
1.37751953677326,0.0812707359178025,0.0572561021288235,0.012643382883457,-0.529074765432879,0.0598499998650832,1,-0.0370121055913357,0.188711128456133,0.576013862265613,0.116528144442147,0.686063947624941,0.0833004438593185,0.574845021553545,0.0880005336309227,0.542994838993803,0.0996683089624213,0.644370455700786,0.0909736283542018
1.46349595018147,0.0800415091206149,0.0830596241428173,0.0159704496503484,-0.618858354577896,0.0464217528441089,1,-0.161163338929452,0.200110897373906,0.837661250748996,0.107075927128399,0.628681381231623,0.091929519791515,0.446043689044691,0.0914906257021437,0.852647532932999,0.080187701909939,0.735849269445209,0.10150643587425
1.63422279324571,0.103707228704313,0.0850342459828384,0.0187276763545381,-0.599331278510633,0.0586078459676536,1,0.147466395113238,0.23830470808518,0.638278962782328,0.131069537155105,0.850260843818088,0.088603859778486,0.736633290813759,0.0859395920080407,0.676615647604814,0.103172183911629,0.873111974855368,0.0951194404568518
1.4819991721717,0.0925631303700318,0.0639813737621758,0.0152014961945768,-0.559896276998822,0.0678571485991839,1,0.026059416445011,0.179673062676495,0.644101464704918,0.102606153811153,0.624121494404139,0.0933182792692656,0.666590856174016,0.0861694720484181,0.620285930119512,0.0942238440399607,0.88453638632576,0.0974507012594085
1.63176195626129,0.0887546926976825,0.0408489371661588,0.0107001198194781,-0.620025814913108,0.0506334565366278,1,0.143725899945047,0.261142210138734,0.848310325799669,0.114146440918358,0.783251760096127,0.0914469489326684,0.690397496729337,0.0875996043828338,0.679923982429887,0.0935092542395157,0.704638497240505,0.0981600845171605
1.56134673147062,0.083851476562602,0.0540094414851698,0.0126506893754609,-0.616680268931269,0.0540548938957306,1,-0.0756816718443127,0.198495291949276,0.764065784517884,0.106276703683145,0.704192112802501,0.0866116369489597,0.780640121897252,0.0774975337000139,0.773565585912872,0.0960619735773114,0.64383055204162,0.112836206930479
1.41838188071399,0.0833567479238099,0.0493509636031508,0.0107026717736658,-0.651731754747773,0.0490163100938976,1,-0.347042338951378,0.261894534966705,0.800235453471397,0.127232110969601,0.669657441173289,0.08269972549051,0.547661712237503,0.0910722106947687,0.614618516974767,0.0918248340145823,0.785646351286531,0.0963871958689893
1.38070123814184,0.0749013660563927,0.0547079295068333,0.0124850623879442,-0.620939074714038,0.055237432498661,1,0.176967655177032,0.158854331307596,0.467522113010001,0.110199586089351,0.617799344225256,0.0841941342929338,0.615241546521043,0.0921592565606673,0.594856812984994,0.0940991678528701,0.715653452341863,0.0988699449471575
1.40027567713687,0.077164409389907,0.0516511458776072,0.0120124722182928,-0.487747120296461,0.0733852157770168,1,-0.156513884865444,0.219449230747718,0.745552662018453,0.10674060375142,0.551060857972154,0.0834265659699843,0.741850139773373,0.08053191758826,0.374876409900725,0.110277084094899,0.742882832986294,0.111577800467188
1.48285929475669,0.0819473976613654,0.0631289428773979,0.0137760150341705,-0.542146190965622,0.0567567633405062,1,-0.211395590178376,0.197475858844176,0.890536600016938,0.0898659098215796,0.618905585362261,0.0854876550169171,0.602600431838514,0.0905414578104489,0.551608692095789,0.0965949685345614,0.813355558978698,0.0956477808663602
1.35923545044152,0.0781609167555224,0.0459448468762206,0.0110708120418078,-0.490090511047629,0.0696914752110785,1,0.130116697930143,0.202870176452722,0.46936669891706,0.126079281324591,0.599245145513892,0.0877877087014895,0.71061034012953,0.0854736747084676,0.567670634088448,0.0995289528912154,0.490542603509048,0.110621767954628
1.54242731155147,0.0790030722262196,0.0761376594862337,0.0153164358864346,-0.663452521716285,0.0455516790199216,1,0.293086506199977,0.195436004005962,0.687968971896571,0.102828257750696,0.704251075693941,0.0778073387720525,0.647428262923458,0.0903097395176461,0.735183329687023,0.089000045536463,0.759601234733656,0.117001510858892
1.43523226432889,0.0799798124177285,0.0511162642524376,0.0109108951090509,-0.539264187128679,0.0579532734888588,1,-0.0455292847876748,0.191902520560708,0.649266411282279,0.116147132308717,0.626693274216083,0.0856660055888703,0.694339331817971,0.0827867419608279,0.641119071982156,0.0902184962249314,0.542050641867664,0.110900138284913
1.48431256186902,0.0839783236511652,0.077032883695988,0.0165723123239571,-0.572740353779184,0.0609419365434108,1,-0.219797071687301,0.226461217523085,0.875053224095179,0.111009225603505,0.63936984950464,0.0857661345490141,0.612691941592043,0.0851612425376141,0.779739199470956,0.0845261653748947,0.708669515866218,0.111119029690202
1.68069711719071,0.0922953266398532,0.0837284654990187,0.0165088564882817,-0.612626631079444,0.058157796934419,1,-0.136847603543158,0.214709317337647,0.767991753099432,0.121011870302396,0.707082702558449,0.10680101533557,0.791063582425157,0.0844937098269461,0.864776645538448,0.0789969469489115,0.782449137792573,0.102254375280005
1.35431225182047,0.0814158628387733,0.0432656636928777,0.0113923492286764,-0.510012350050193,0.0621834643090289,1,0.0218798913995512,0.197906024446352,0.559174151195804,0.121180949991207,0.605285533220755,0.0951081245017463,0.628635644249606,0.0807661769797653,0.65465823842779,0.100197554221835,0.39737575577919,0.114653293511585
1.57770490534377,0.0884824915718663,0.0660249921705935,0.0159127746314854,-0.620491865592919,0.0503895148226177,1,0.0284833609278678,0.206803591193618,0.768017145514797,0.12043544655271,0.773067200040253,0.0900806711141707,0.709801756005221,0.0843812818231812,0.488129320341265,0.1116150177731,0.760225561782191,0.103243980108018
1.67772984433607,0.10299580659052,0.0991771498526443,0.0206651403228685,-0.686774170867219,0.0473328695526329,1,0.17824973513059,0.224773885962638,0.724055178695696,0.122093524244634,0.813943821969665,0.094385379563512,0.568324412587558,0.0879935012532391,0.822206680075717,0.0992351545838319,0.909509575262011,0.0992303571611313
1.40347237966702,0.0779457772098947,0.0543766327540394,0.0119250473756717,-0.476679301229722,0.0651249733369366,1,0.0258277015839358,0.229786827382934,0.725670206603826,0.112744871690821,0.522829980543979,0.0899994501707696,0.736276436565282,0.0741582244803499,0.501788513602367,0.0984291651505255,0.538294076036798,0.113183827182536
1.4520831147673,0.0793167082637539,0.0480263785012588,0.0108369438033011,-0.637940785357363,0.0478965648116039,1,0.0683091605366321,0.179975154615923,0.610009461206808,0.10642157386751,0.703674070778198,0.0845266319441185,0.563117082669599,0.0917934811002178,0.725522730664806,0.0933164856486037,0.7763429485721,0.0917512275348572
1.46860609089263,0.0798253045177194,0.0447358849924149,0.00979245698994255,-0.633905100625044,0.0460990115943797,1,0.0859017664986915,0.205330842184789,0.683353860840394,0.111722763896803,0.723537160618562,0.0768390044675349,0.641245465859628,0.0856626303551456,0.573320565544405,0.105803067488035,0.634991352831804,0.109139607211869
1.42795549350617,0.07632302749789,0.0573837670979167,0.0120611239752638,-0.597156576911412,0.0509845401212202,1,-0.338109346247555,0.194991894394381,0.740501548391867,0.110019493082064,0.686926622966379,0.0844445352376107,0.687933371157296,0.0857805283095123,0.659036814993563,0.0951388663176205,0.713644854265972,0.0919784646350982
1.34037973680965,0.068280510847607,0.0523528329392888,0.0103967477214565,-0.6114953416768,0.047693231868232,1,-0.446564355800173,0.206135928216178,0.794823731278238,0.105186718147517,0.507535489220625,0.0908789527126745,0.672358528222152,0.0794179414456949,0.541701790786024,0.0913451646120065,0.681335960303356,0.0944926497668486
1.40548432444286,0.0777459523680812,0.0511309385480316,0.010691466820126,-0.57061877888776,0.0544545955413921,1,-0.0571550463703583,0.213401150919492,0.715116064824301,0.11100308061874,0.556495719386426,0.0849985804580312,0.702383368434811,0.0803850089070283,0.733140872292528,0.0845293019270201,0.562540153960978,0.109347911066331
1.51595716112828,0.0931916227996501,0.0666264230622644,0.0154713912164312,-0.651959454749748,0.0538910497146145,1,-0.00482817754794648,0.223696769467999,0.609040702381942,0.121395458515133,0.766423414023312,0.0889017087169481,0.75931346589296,0.0878771875820464,0.759653393375098,0.0963137080306585,0.799466471004766,0.10135607010101
1.62754944905685,0.078169141934422,0.0691050934022562,0.013154988392998,-0.630288276199629,0.0472103732666908,1,0.384952782815335,0.212273224606684,0.632596095418781,0.124196341539886,0.7030238072148,0.0880884053374201,0.813679962270018,0.0792429562922427,0.728404750822915,0.0910350876201261,0.791840813042506,0.0928118703587507
1.44938283817747,0.0861995913128263,0.045418383273407,0.00913579707668932,-0.590298647664482,0.0546362004828998,1,0.233793228139796,0.24393071382369,0.527585411609549,0.134417716628694,0.675906801280745,0.0909960116194618,0.603602894298352,0.0878062896798,0.633369051390164,0.0903105405184897,0.731930624210666,0.0956817289069513
1.44069189924118,0.0829680603945562,0.0593260153829196,0.0124219017945121,-0.610177037942147,0.0594776854036447,1,-0.0803686087288389,0.249490066787814,0.560382627296573,0.145258939806784,0.838403304278376,0.0953389654498021,0.621157268872682,0.0911859181735635,0.610403089823651,0.0899014517283939,0.788096982796036,0.0948269675983982
1.55194018425767,0.0924162671512924,0.0691521257232151,0.0132292358844698,-0.565931073429678,0.0561546357208392,1,-0.112077291161657,0.194750275081404,0.786792414901342,0.101604922478458,0.652077711058516,0.0969271997355549,0.789580843533414,0.0810713609450979,0.757446923628598,0.0902315581909512,0.665982442872767,0.110031792452918
1.57289090869124,0.0865894428589528,0.0570101835060555,0.0125330419191711,-0.614067527997383,0.056108040967684,1,0.10502882728631,0.19848993256909,0.764111857460086,0.116984978012942,0.67723936988359,0.0872161486213791,0.716793374174103,0.0843518242505018,0.88255465038423,0.0910461972031747,0.646171106801683,0.099330608948692
1.49072251055402,0.0921304053509623,0.0519660681718711,0.0120340490519823,-0.64377880191516,0.0549207161662202,1,0.336402653959331,0.248835504162407,0.632638850185216,0.142426648043179,0.633780565668314,0.0931366179280917,0.652729348053161,0.0911375362720463,0.649051891034743,0.0963976648992467,0.581195528585284,0.106098740636786
1.47751702896665,0.0946012876759972,0.0609119834447946,0.012850614012567,-0.609171527013632,0.0561582332077871,1,-0.141126742925341,0.218770701899834,0.544513386736241,0.131500231524407,0.914016161794963,0.0744535105292173,0.810640440296819,0.0842857339046258,0.369120158874129,0.113475117957456,0.72025742219068,0.110303680929846
1.52465793253757,0.0918896436895772,0.0660319791231913,0.013937854936081,-0.604124798617932,0.0529951518107047,1,-0.369648881613616,0.200570196033435,0.830565005470669,0.0952037226811862,0.793953560342073,0.0877710230009798,0.662309046896798,0.091105454457579,0.749780643432356,0.0867529626666866,0.672277332507226,0.108504264799483
1.5803930245863,0.0797533549573431,0.0581536917328396,0.0112937985838905,-0.675926658697367,0.0409009545611026,1,-0.0720979739270009,0.226171736328209,0.855172689393117,0.103775442089187,0.687335907643595,0.0830006124603554,0.646610998260951,0.0868725772986683,0.740522759297604,0.0864679535926134,0.814864356666045,0.0966452762428734
1.53412619064652,0.0868720306347184,0.0674677017494893,0.0151818144252302,-0.591373195067739,0.052555879601586,1,0.274861560568896,0.193870388708048,0.590392986852972,0.114355415404982,0.667726743158535,0.0858358236581055,0.674963292576495,0.0856416055979258,0.599719966310336,0.0965347005944204,0.807267050982217,0.0981718846055386
1.52745841538876,0.0819953531055187,0.0683744757772962,0.0137248945314672,-0.60659092502825,0.0538629292217573,1,-0.142148903055455,0.183169588573604,0.773129259364072,0.105395592014693,0.722243532377036,0.0840856511933174,0.708955190687343,0.0830444190503122,0.692454498551432,0.0969718208012796,0.753504186408949,0.106140550464282
1.59328236736468,0.0861524821616989,0.0585058632499909,0.012657122243548,-0.560749337742288,0.0543940266767304,1,0.0917268551329989,0.231708471794133,0.663855229142643,0.123390273357624,0.811909799366153,0.0786422107089171,0.7160859408997,0.0856411580257689,0.664498002863669,0.0921353429214605,0.727368215705199,0.103300362169393
1.54170733564934,0.0837409897577873,0.0571791654384295,0.0125809404018029,-0.510107461731502,0.0678189186823269,1,-0.0459421344156733,0.220576927508439,0.79835002976593,0.101876085587936,0.676169277646472,0.0846780295972853,0.713781460630229,0.0825517701575549,0.647442254706656,0.095283147477675,0.750881265186336,0.101794804331265
1.52187145719517,0.0971314106226452,0.0732735025109585,0.0161303104679227,-0.517504610888048,0.0720300561194875,1,0.482597070322946,0.208078991543132,0.503754108577914,0.120483395909854,0.623694498012764,0.100490007017443,0.770443017075991,0.0908979187068109,0.72560878142034,0.0916466316928541,0.709848372776063,0.107388080542526
1.58739671214829,0.0842063147535253,0.0525650948350692,0.011743381934667,-0.631079064326462,0.0505873440700964,1,-0.176261892080121,0.267434056851621,0.846325307680178,0.125909237440113,0.620088974376278,0.0902048681052602,0.722664008555713,0.0859437666801258,0.781769547019927,0.079142684893927,0.766946838924905,0.104421223094537
1.5963495785684,0.0840399624077642,0.0642323910444414,0.0140826833167919,-0.594238405389168,0.0553026329875764,1,0.086837693912827,0.212992633306288,0.73817977516298,0.118146089090314,0.662629990398982,0.0821534099419409,0.812678583312475,0.0724847749766338,0.697624391205296,0.0954396391128976,0.548958932185087,0.120596035632757
1.42548894413337,0.0807584799258345,0.0627307467177273,0.0132567269451478,-0.538785851480429,0.0651495789570016,1,-0.268490680345655,0.198744117021757,0.781866741962666,0.104490800318239,0.67795366232263,0.0972820918447248,0.503172757410116,0.0955146327373814,0.75205950555205,0.0899074081488882,0.735297557515095,0.100636062870796
1.53172704980156,0.104152646983678,0.0521485784067706,0.0130377774848426,-0.635823750913295,0.0580666022395598,1,0.332052465742499,0.221609468906805,0.487977276706838,0.131269177835273,0.855164659658338,0.086738586035495,0.718228986671108,0.0919473659878504,0.567185597359422,0.106306008434334,0.675252129356849,0.124998154806412
1.38476134397962,0.0756463016630826,0.0469890145221833,0.0106933835330594,-0.474309470499467,0.0698361629751082,1,-0.143224917776034,0.186922483405536,0.669571296960084,0.101446785692147,0.657293790115391,0.0818803618723128,0.630674746747525,0.0880658089363542,0.592930784396997,0.0944813236801111,0.467404115259961,0.112357164884932
1.45137550414717,0.0768326210957935,0.0605947922116179,0.011991626531697,-0.487100450414575,0.0644373298325111,1,0.0153246201974338,0.228278595048681,0.688660632905113,0.123383079081792,0.660301149416118,0.0895451405745734,0.552653148980533,0.0878672311598816,0.708304233323652,0.0832402308858587,0.723982055792388,0.104995256634278
1.50457138011287,0.0839031876683757,0.0555710751705284,0.0133904016097333,-0.574673904475183,0.0604370657280256,1,0.0588934353174845,0.209362558790781,0.578453961585355,0.121856732863428,0.7498567831381,0.0809228076547183,0.623846728444212,0.0863734469526253,0.829369992333525,0.0875860155369283,0.730458402489218,0.106572912436452
1.42545396218606,0.0787811129708777,0.0628551509320415,0.0131917954534245,-0.571911153363215,0.0545210004193023,1,-0.208439945066337,0.211520721006825,0.73248022916405,0.10606135689478,0.640939509380893,0.0791035875015837,0.64020628650378,0.086845077482121,0.702974553489367,0.0874575194652416,0.690596542748199,0.107592183683584
1.45175186960055,0.088812813142417,0.0505216659099347,0.0120334762521319,-0.485007131851447,0.0691878205808394,1,0.0364036349310504,0.185670638280073,0.772967454113124,0.0891714399056989,0.52359955236103,0.0952705646788672,0.669565606707527,0.0903099202077007,0.782674785694197,0.0851564908710532,0.607174184683383,0.110420368027728
1.56669600657318,0.0938530880351868,0.0523257510236832,0.0128393850061929,-0.717404361554896,0.0445556409611852,1,0.016734245008029,0.199932623518043,0.749155831387231,0.10805245916518,0.798860581854623,0.0898982700742594,0.650241545919647,0.0982683273982349,0.599597292369979,0.104489415336114,0.773508894528821,0.103879414982252
1.64319450436401,0.088380806465906,0.0614512960033135,0.012846059639223,-0.668609912214693,0.0442881077471425,1,0.121779634826753,0.164957616349607,0.810742884180737,0.0947853871547975,0.690229224612663,0.0819945224833383,0.838515230980942,0.0869208518063056,0.811544494582336,0.0973746613464288,0.824466972502281,0.0897730674219134
1.43401273063483,0.072655115657292,0.0351559368671567,0.00884939794786037,-0.588593585224759,0.0512762839919602,1,-0.388694318007358,0.209835814958576,0.824189641704309,0.107908322278602,0.650907352426808,0.0839786618821408,0.795283261204704,0.0769844961963046,0.728335328800543,0.093240279731813,0.547991171988996,0.114281423010934
1.46707593496376,0.0811573468426089,0.0536043140545418,0.0124718916794598,-0.655713486803451,0.0496421214432632,1,-0.0305220583842136,0.22789954561494,0.599749461173022,0.131225833159561,0.739888726687332,0.095299822404101,0.688314622195562,0.0870083205175243,0.532219660884308,0.0987060490609046,0.776846174564244,0.0946742976249044
1.42677253155609,0.0735246806441099,0.0554257693217746,0.011742019890127,-0.477223758563956,0.0584578232499008,1,-0.157020475021505,0.246510102679348,0.623411872855035,0.128805652837667,0.644163936593509,0.0819581321595404,0.708031544012015,0.0766814533389816,0.645979022321787,0.0883250813522179,0.67677261155466,0.0999491964602945
1.44943334713311,0.0842156821805665,0.0599198491163809,0.0129169658471048,-0.583291601313956,0.0620641773908562,1,0.202444143656704,0.254100303386791,0.492184704681004,0.13747331053697,0.696716051699936,0.08539572672208,0.580247809656543,0.0925704274230927,0.772306811771876,0.0888281976289455,0.448488230156288,0.114045122503116
1.57626589175837,0.0916577159533206,0.0549429878364163,0.0123838192369445,-0.605955714678985,0.0560982647827747,1,-0.233071468399225,0.223288222012233,0.778580465897801,0.127006876914741,0.764383748951924,0.0914225797123791,0.777023536333899,0.0841341276943497,0.614857247943772,0.0915516780617437,0.680502406495116,0.10988332398519
1.51299898478802,0.0807978192427724,0.0506252179701352,0.0106975620971627,-0.591786455469341,0.051637373710003,1,0.169358116036411,0.192500495713806,0.599776468037677,0.118188141890985,0.640125567644193,0.0908476518555964,0.747118025178039,0.0817212677353172,0.735485881394358,0.0825518260989438,0.578159240037272,0.105127107938835
1.44878294474604,0.0700772761170915,0.0715719234468786,0.0115346566337875,-0.541520871934375,0.0554455926942633,1,-0.45598796264082,0.246655676077221,0.92309619132626,0.103311613280368,0.553590252888779,0.0901809539134377,0.655052784630602,0.079923813779269,0.669382713237828,0.088119694475386,0.558893737535196,0.101524422682542
1.50697577582027,0.0736056240086329,0.0589637844132401,0.0121926542577641,-0.590811570881588,0.047470527781993,1,0.057007816544602,0.207456265942465,0.70837601535669,0.109176124543588,0.599861737293858,0.0984462551470947,0.764419916478944,0.0770107311666329,0.653405641189961,0.082310053384307,0.860695849150626,0.0830032507400308
1.42306978794173,0.079023482280014,0.0748127508276812,0.0167611397564167,-0.617380458598842,0.0522352192895331,1,0.0366174555137731,0.209383887260276,0.626593784786648,0.124053859591142,0.696149964280488,0.0852559894916101,0.506501822513767,0.0956737123656333,0.485668497899442,0.09123615250302,0.922431938403898,0.0874097989030165
1.41984347650321,0.0708447984762655,0.0583822688609633,0.0114134848928151,-0.648118505644347,0.044551649324382,1,-0.0829447632614625,0.179550683131576,0.644371194031391,0.114820625211612,0.583587790001265,0.0902814767555147,0.811664811669611,0.0730970506695368,0.639835318809806,0.0902931388756152,0.718199549157471,0.0955480355275916
1.41997397994733,0.0882353536133336,0.0485661038575768,0.0111830026425729,-0.596270053096269,0.0544867167564319,1,0.08299636172813,0.211224676538119,0.533367676095635,0.122803721415164,0.703772525292125,0.0844536038153165,0.637296882917736,0.0864471777218635,0.59005455336991,0.110643610046314,0.599249492284755,0.116575984461476
1.56230301103811,0.082293751816068,0.0561666469324131,0.0123053846415722,-0.618479971722622,0.0493174613568639,1,0.0632226956532312,0.202990031583377,0.679442944552876,0.114858831064916,0.74258510794848,0.0828931439922551,0.621612100233978,0.0857569918803028,0.840697996116481,0.083284982858755,0.760805179559594,0.0963122768277663
1.50393785659186,0.0902795693030158,0.0657863613136251,0.0135336570582647,-0.569819512883977,0.0617304173194415,1,0.061122827354554,0.203374415703213,0.6648089229549,0.110978041279916,0.727652899344139,0.0880150246751068,0.629246341134191,0.0932884778435128,0.841465218152158,0.0920931397526629,0.541841833717854,0.102982318597086
1.43639846268876,0.0763853418788412,0.0798192369215484,0.0159025983494498,-0.604699689520567,0.0533554993077499,1,-0.107143726939904,0.202929998306781,0.565905004368466,0.120418225985654,0.709025475176815,0.0881125733496589,0.647481395996547,0.0848584292335964,0.671783129106441,0.097964188351703,0.631453313065154,0.092788069657492
1.39178288946684,0.074963051758718,0.0545498312399963,0.0120301939136743,-0.472392206423454,0.0678449872968051,1,-0.116676986877098,0.21402993158205,0.584605620613064,0.125918810977805,0.590673809977623,0.0941820900763921,0.743162910261324,0.0761837645966013,0.586146525769121,0.0894725911573343,0.534408723591526,0.103365150806023
1.69511963789765,0.0984700946467183,0.0780198305694524,0.0178162150099752,-0.647616232887321,0.0473290939060142,1,0.0437875533594446,0.194177231329069,0.835747039055372,0.0909272058994687,0.698603210290135,0.0903350370841371,0.822590188299277,0.0878488382393817,0.872510897388854,0.084821485695081,0.66273747175255,0.133236866664762
1.52377681212282,0.0860330602948381,0.0708610209346341,0.0137817317989846,-0.671814485636374,0.0474032931277806,1,-0.0713212601451721,0.209598705815505,0.80054543675184,0.104160676080335,0.660610514632382,0.0892610680654485,0.834812228572069,0.0845155088418847,0.697824784836669,0.107153664018385,0.945886099136857,0.0914606041725951
1.57427390370691,0.0921633698651956,0.082557915019567,0.0176916643650137,-0.640061899863258,0.0516811669423671,1,0.0663847442960241,0.190060346007628,0.734114117784906,0.11303418753487,0.66798156684733,0.0961368836895371,0.858666134309186,0.0790035983973384,0.717356492508303,0.0961778595371917,0.720098825649575,0.104979825662306
1.49395351821648,0.0827692560528306,0.0798335878774804,0.0153021152466985,-0.672519902190928,0.0448167306960887,1,-0.265215219701558,0.21849354425921,0.832727218898892,0.10454285645386,0.645852047210926,0.0838668084561932,0.741768191336321,0.0812085829051749,0.657709783487138,0.098848161191272,0.777245672965307,0.110475581964256
1.5826014235323,0.0977336335441528,0.0601691438013874,0.0149098865707704,-0.657186672680213,0.0510715509676001,1,0.107895174533533,0.227561449052024,0.568100851294451,0.142136871929439,0.944785583914802,0.0735365268367224,0.663740856220645,0.0938677950599773,0.853043366110788,0.092585584968822,0.498737893641013,0.125611827998581
1.39902024710194,0.0726380689113853,0.0483324789761012,0.00981995968471223,-0.512945138800375,0.0581921065384289,1,-0.0198394519923948,0.19054704302965,0.570035911188534,0.11450896688001,0.673540815672801,0.0830142847095471,0.737210643896865,0.0796883667614237,0.665445200613821,0.0878829282207342,0.575041069703131,0.0982655504682206
1.67048500362646,0.0994512753877321,0.074810020627862,0.0155873253323067,-0.662831931416744,0.0505501691320926,1,0.176623044717462,0.205458719630945,0.724609700488399,0.120332052107456,0.773569821141632,0.0929173463879466,0.68103637128854,0.0936455722734423,0.830798001736012,0.0917202933839596,0.827806546044377,0.0968707436679804
1.56538467346718,0.084160985329293,0.0715663144227507,0.0145061918957001,-0.592931004412738,0.0558225305573332,1,0.281376667739238,0.228328977127085,0.665096782123095,0.122542263095198,0.705164290126748,0.0847122936246148,0.700048268388549,0.0788309283321161,0.781017693043849,0.0906480828555546,0.649833073254708,0.103661885892884
1.3623711388349,0.0761517720345918,0.0297926070401,0.00794267231876073,-0.406989547728452,0.0804292459916344,1,0.0753551343918953,0.216690974750648,0.519378964320265,0.13961216557536,0.59877968997552,0.0882565939385075,0.608919923793672,0.0903699010376716,0.605730884662669,0.0920704057523443,0.52063444137396,0.101318151607892
1.34468229779166,0.0682318063818465,0.0396387685660404,0.00904918908146475,-0.508718295088067,0.0651592641185774,1,-0.113451684811687,0.223723048687645,0.625245496140995,0.127826182658918,0.621330993698649,0.09115257733092,0.595688383189109,0.0830991491894057,0.631310492993373,0.089075116449193,0.63048585479143,0.0881674589639324
1.58029525130453,0.0908376580882619,0.0564233977846547,0.0131782363826943,-0.605866571427688,0.0573367180194121,1,0.377906968732743,0.197237784926292,0.537056162331446,0.128464254332356,0.721022502319056,0.090204539678657,0.678909774013306,0.0793733554321857,0.864607460130151,0.0805360258426781,0.779551856514685,0.101704762380973
1.51076692508145,0.0890537416880431,0.0838544266075791,0.0156986862214164,-0.642748061358596,0.0482424989653183,1,-0.350168866512822,0.230304134100591,0.717771586227338,0.122147096305769,0.815443892174345,0.0837977253976802,0.768834562179498,0.0860268271529364,0.667168877148299,0.0942894487377524,0.714811195068534,0.0986401927728589
1.47495938351788,0.0925508817592072,0.0527418895601245,0.012312761307651,-0.607419090734116,0.0575635918905834,1,-0.579199000577809,0.278082283417768,0.923894279532246,0.117016751513916,0.697316574651334,0.0903827426718236,0.757991445821971,0.0835816477082895,0.572459653368849,0.110474899179093,0.663923823435955,0.105756929089839
1.51662886150697,0.0865497413218049,0.0638402012922263,0.0141558190022533,-0.618173255569341,0.0571644583246979,1,-0.181601351021149,0.209146025864905,0.786071599311741,0.111250268830911,0.672650526545221,0.0835254184043478,0.683254015895391,0.0869686885124867,0.679720972132178,0.0860782565553865,0.744845443542632,0.11042392579642
1.45820081132082,0.0835168307672839,0.0712089759176876,0.0143890516057959,-0.627358149983092,0.0498886796606941,1,-0.150278629323404,0.21688735076114,0.61363498462987,0.129443388056238,0.769377948555528,0.0809824766083475,0.696259812432974,0.0854112953415126,0.696468661626937,0.0821547869312965,0.580946678712501,0.104094988498304
1.3502965567304,0.0820358305093306,0.0562209037792604,0.0120276533689555,-0.635870041453206,0.05206872789532,1,-0.188126640567235,0.222361897306447,0.753359710449018,0.108817279536747,0.590622805485796,0.0940950618316518,0.607762363858201,0.0897008617094958,0.498310530440236,0.0952190645545264,0.725619644771081,0.0920233354806941
1.42350661486458,0.0730446557221831,0.0436819151380208,0.0106300685279844,-0.573796694375171,0.0550308707906463,1,0.0655314963816959,0.171940281915361,0.582916193839248,0.103226284035563,0.691785560572055,0.0824449937767462,0.650734646699502,0.0868375679357807,0.630536311131593,0.0911981959715042,0.681836440295393,0.0996037509592424
1.67437649164216,0.0869167012258482,0.0895974865716233,0.0181418300725049,-0.611424357087672,0.04984299601011,1,0.343442503735523,0.204020838093984,0.690383051483366,0.102968685588546,0.809946804025301,0.0807113878725192,0.698534885886183,0.095339327382256,0.891075715253559,0.08610136462781,0.83847270915271,0.0985319641593313
1.56210466792739,0.0954860593421413,0.0656546964087212,0.0139210328742002,-0.614572717804102,0.0563340612296196,1,-0.0316930096199187,0.23911221212456,0.754084638501679,0.124646161429073,0.633573795558946,0.0910801621177651,0.865719609140401,0.0840607368975566,0.736038325912733,0.0926649003617924,0.779489964511451,0.0956165850976528
1.63453527936636,0.0798930182312309,0.0523637296524661,0.0112404071693246,-0.597104273020626,0.0559733510238787,1,-0.0162656178808433,0.221793395962501,0.790811110553442,0.121740351197789,0.738948513594667,0.0842157272874945,0.912083768214581,0.0793955276842845,0.577042895935316,0.0957054288083801,0.676856481464784,0.0974014762471157
1.55976268301642,0.085026910968451,0.0658362047530867,0.0131730873015041,-0.551728566537825,0.0627757844308239,1,-0.0817915899486648,0.203111366787788,0.753239300902046,0.108214896901577,0.75354572230443,0.0849934238991472,0.604918184097027,0.0873688399620966,0.780321271622333,0.0954289449880146,0.791293905215481,0.0952397979407477
1.49676392097997,0.0891037165824368,0.0674848879800986,0.0137893424920691,-0.633712439103944,0.0461185757641915,1,-0.209347493105385,0.206637431948231,0.757097069245094,0.11825210052699,0.73276753830645,0.0853020250216853,0.716198487490786,0.0871962264561097,0.744826102596096,0.0857055694133217,0.700157415599364,0.113346429600466
1.66205076724236,0.090137472491522,0.0871236729043849,0.0188273593642544,-0.654650275360468,0.0454569200768293,1,0.477634626443036,0.20371470019957,0.584520280108111,0.109435621250176,0.871317255292249,0.0828936592288923,0.707051742772571,0.0894928040221754,0.794436870136721,0.0869786266073377,0.749729331640697,0.108476800293493
1.5060602984911,0.0755424706632474,0.076326212278247,0.0147899324023034,-0.610259428290721,0.045725664835764,1,0.158386532783537,0.19323101478464,0.593169981202967,0.120812454092306,0.704125934491197,0.086817445168193,0.781914316128639,0.0826986832753707,0.638566218750928,0.0898473943505191,0.708360880234974,0.0938527278450277
1.53973348318679,0.0968269226776004,0.0726775395371396,0.0168132023829655,-0.610856012290334,0.0565858556083721,1,-0.0440787957681381,0.230443082113151,0.83911785840549,0.104790843441551,0.649208495821416,0.0913720130502212,0.77187588282637,0.0851222553728331,0.495622281233174,0.112475934634121,0.646123410790003,0.108441702614733
1.49053397645627,0.0799589803336454,0.0483289992827146,0.0111034104403944,-0.592301916789698,0.056544641169973,1,0.35846723527762,0.223861397505149,0.521227160123967,0.13144643897204,0.850809309580284,0.0837510855899435,0.500621436633051,0.0937417238479582,0.770641181151098,0.0818822695994471,0.541700182879221,0.117891294860117
1.5852938278748,0.0942125077869838,0.0737886568844338,0.0159522940790053,-0.572326181185544,0.0614524611337802,1,0.126086134211411,0.207473115628123,0.714045090702701,0.121709496492681,0.78136563766939,0.0866240763193738,0.52973183669824,0.0880859112491626,0.833229036419679,0.096263257387153,0.797738920271983,0.0893682354258588
NA,NA,NA,NA,NA,NA,99,NA,NA,NA,NA,NA,NA,NA,NA,NA,NA,NA,NA
1.60494530873936,0.0945978281706396,0.0783288605712733,0.0150416801802583,-0.589856923030647,0.0582859920724655,1,0.00396022903888496,0.242714732411071,0.775694464694011,0.121811321538823,0.758335373894261,0.0832091442017077,0.774945984115342,0.0778203341615855,0.569936796586247,0.095201036978625,0.871919288090094,0.109162275542295
1.61758690682252,0.0994243118160637,0.0661637775164496,0.0144405717687201,-0.640576820024475,0.0526043120712985,1,-0.262953563243042,0.237352565442844,0.75111900427522,0.135560826136987,0.857748065866371,0.0864557497920007,0.815236990717199,0.089353496820791,0.768296480762539,0.089498778353033,0.811280051058403,0.0896926082745722
1.61424977312884,0.0963739020757286,0.0650127610554654,0.0143421468977835,-0.71483589680819,0.0400577785719859,1,-0.090558460244516,0.242324831564673,0.780855218910065,0.126683158026669,0.780194550903026,0.0926710935060365,0.73482322219392,0.087485016892403,0.731992108653792,0.0935659182978342,0.863289628632463,0.0984071569333811
1.30322233514279,0.0797935734134687,0.049522220646231,0.0116142357195805,-0.539001855787481,0.0637517476233823,1,-0.11506201613351,0.18080841599141,0.493800134929286,0.123291666202801,0.622678367846518,0.0868364707313347,0.72867033108797,0.0890916660513459,0.437424264371224,0.102517443518977,0.536820674556961,0.106279536667211
1.611614300457,0.0925177822985507,0.064107145280587,0.0128684088209295,-0.63870005556983,0.0504749611767333,1,0.139122497006356,0.216393664890504,0.762064670235478,0.123114344661378,0.680512434186149,0.0921278150373517,0.713140724339049,0.087025656535745,0.771041317041446,0.088139965445249,0.708578780983553,0.104195877707007
1.44857696336785,0.072056297434199,0.0491383023181326,0.011249598487603,-0.578038579614365,0.0552513179791643,1,-0.0821514322787674,0.226537757314335,0.7084163418367,0.113215903645483,0.683260506489081,0.082813802787285,0.681205360181296,0.0855745999160488,0.566592923089525,0.0942491288553714,0.727680778774949,0.098390882115288
1.36993395265855,0.0723558277864935,0.0412041544989745,0.00949832993640147,-0.518797552010109,0.0628549675623148,1,-0.112031836635901,0.194779624515581,0.764210635853768,0.102138582183563,0.485276122487884,0.0878790704320145,0.618126950778214,0.0811539516838191,0.582878814421194,0.0991839717143601,0.681995946298516,0.104112629437507
1.33375228301647,0.0677170145783387,0.0687975367883546,0.0134072466417292,-0.573899858308669,0.051969855407103,1,-0.0240952242451979,0.168576366615546,0.474675786199115,0.116891345147515,0.701806519925487,0.0821363770092853,0.545760516563538,0.0837480419931347,0.667724282833718,0.0761473862948007,0.669260399171901,0.087915182186915
1.46831575189557,0.0822796446355891,0.0556079790966374,0.0123336050859673,-0.546583357032335,0.0641604058202179,1,-0.196781285767154,0.234485289435322,0.829237519198196,0.117946075854684,0.560191048776592,0.0936720919235241,0.712653611282182,0.0913705296204648,0.802777618757732,0.0933431415693649,0.733388277385026,0.0924190271325251
NA,NA,NA,NA,NA,NA,99,NA,NA,NA,NA,NA,NA,NA,NA,NA,NA,NA,NA
1.45699050590198,0.0858051061055353,0.0739536253423575,0.0153134055178624,-0.62186850143588,0.0524645931624475,1,-0.0944135845224931,0.215017754155433,0.674141698094897,0.117154259312211,0.707975666125155,0.0869233513397058,0.662703992353065,0.0774212190494314,0.73276356545629,0.0828074754600476,0.730362823734058,0.100612722930853
1.49228280252988,0.0740689282743226,0.0422183745994887,0.00946661330398243,-0.607470590550388,0.05019185986004,1,0.204519278218579,0.193573253496585,0.657385461070878,0.099659006872007,0.651749922918135,0.0801298658703227,0.64577885379258,0.0866169085976944,0.816888201601894,0.0831459638825455,0.57424477632529,0.102435876334333
1.42849388776133,0.0836820354000711,0.0726053488878022,0.0143328494035129,-0.58857913033954,0.0553862204542618,1,-0.309898479137999,0.240319355552303,0.76261898199762,0.106712895935477,0.695178805293121,0.0887473812120793,0.726675095672678,0.0800592113397751,0.765770326790059,0.0947480429945561,0.469200914515763,0.123389929888663
1.48186233290322,0.0764601924130575,0.0635807762585382,0.0116727144695376,-0.64381817261928,0.0430606469934734,1,-0.114608900554951,0.205838853411809,0.700549978485894,0.109143211521243,0.67464291324341,0.0872166289259541,0.724425766952206,0.0785502135691932,0.721821539786698,0.089950853382479,0.826419403466523,0.0885964972542928
1.57942153042803,0.0928126325336976,0.0878259962138027,0.0180865280039106,-0.631684556315768,0.0474501414069173,1,-0.107225701229029,0.21941738299237,0.779736867969129,0.11824802235113,0.730288360012677,0.0870117432653146,0.882901646764413,0.0768075721394842,0.697579097486574,0.0911185577448297,0.704768682565357,0.10497534204347
1.37331641393633,0.0720014377641272,0.0424147771944903,0.00975862023050224,-0.614871771829373,0.0493779185213121,1,0.0339326951024435,0.201143620190814,0.569860122837228,0.13126487330078,0.618794832013058,0.0903271286694427,0.671493586577545,0.0813359368897529,0.523190110530286,0.0972900544789856,0.754499990248729,0.094411632122163
1.44682395470026,0.0942637937926881,0.074771766913279,0.0170407167025793,-0.647445649535662,0.0542368704986368,1,-0.758780863657124,0.261737804943627,0.985521743650786,0.114559728787544,0.748297740998487,0.0889095819809956,0.660551560662332,0.0940203215697263,0.644425683798724,0.108986285452831,0.765131180282239,0.102942472002526
1.52992751404166,0.0856994082069974,0.065338319442792,0.0126507951686331,-0.612737467199682,0.0477450530290634,1,0.388948457653572,0.196194887641083,0.656651025613142,0.10232762190501,0.672791334772074,0.0850531349757143,0.644093010716256,0.0851505191364484,0.715405777765225,0.087688884273401,0.662979618410302,0.102044241290936
1.43200591373952,0.087209014491927,0.0567661199864101,0.0136062467244032,-0.534827612123515,0.0685082986236758,1,0.226297200883477,0.199651742360902,0.47361626365633,0.118763765132667,0.723994157636684,0.0951364689720957,0.666729721264645,0.084982366102451,0.625353192710817,0.0947042031747808,0.516679655421014,0.110102855693827
1.43420958087603,0.0805623891078916,0.0449478616699141,0.0107303945635523,-0.564098569345713,0.0573206216241789,1,-0.292986903129789,0.197213642057789,0.706105250765491,0.100021446055192,0.759521051711197,0.0811859025492019,0.630175287384897,0.0862047634590177,0.587435451436057,0.0994845347730837,0.709117754894069,0.0945760380310636
1.5849590663951,0.0844232221542424,0.0586156264312138,0.0120573934443127,-0.674579052874405,0.0404650735581528,1,0.436266779172847,0.202064297125248,0.552116290453685,0.118149848006679,0.711657001169156,0.0882051364363834,0.872438762171556,0.0839494691982726,0.743402309900917,0.0901485485227014,0.739851300315812,0.0939285060645102
1.40152295649429,0.0824731530820748,0.065523653009746,0.0135930107178685,-0.616130708529056,0.0481504284900149,1,-0.0786890643442578,0.232517751778894,0.642554388355874,0.132059076225725,0.639454397340846,0.0851157154354086,0.735971728555343,0.0882761859369331,0.589298335061554,0.0926597909036727,0.680895651358921,0.0981286892849794
1.43465966474746,0.0741066280300174,0.0558283500417177,0.0115948690044063,-0.55548449434925,0.057376996434951,1,-0.148506618241834,0.209791691737896,0.746972584333516,0.105847101470324,0.562098873678948,0.0868704397499415,0.65468876800932,0.0813810473333111,0.674635265863017,0.0864050210542962,0.753392906528257,0.102933282629363
1.60181704558884,0.0862924346685933,0.0726390110452264,0.0156309334311445,-0.637042072946935,0.0482077031957516,1,-0.132524214693865,0.189345460476955,0.757902682541073,0.102047756511341,0.691513989884223,0.0820005236524694,0.860557249754296,0.0785412159499756,0.703305645316451,0.108564467423339,0.797231326391332,0.107116913697615
1.49290876353737,0.0819011891975178,0.0451131228175531,0.0107509773128873,-0.645029170494108,0.0492212560967437,1,-0.316023802092791,0.198059653258169,0.778836051008826,0.102710423105707,0.83047030975193,0.0788544817390754,0.514704037258205,0.0917679448522704,0.637548729261982,0.100993381452131,0.760848755917822,0.099873916564307
1.53134285874505,0.0857076885503398,0.0677301988867914,0.0147614554266864,-0.671193472413993,0.0476241153683371,1,-0.0569850576144821,0.206248689188915,0.774152971075953,0.112183468086569,0.776588665652179,0.0792245781094492,0.654409795588012,0.0940271489440826,0.651487834787493,0.101293643720753,0.776948349432307,0.108796041759014
1.50187893534494,0.0923059763804336,0.0554926504443808,0.0112285629610198,-0.587402441450132,0.0604523320441502,1,-0.232557362712687,0.197637972255919,0.940055879847622,0.103540613466827,0.655945986150142,0.0883109656848888,0.665319502309821,0.08309193567861,0.531164439424492,0.095970115629784,0.744476239168937,0.106804594252079
1.48350242122236,0.0834602942862763,0.0571335197572049,0.0122811272034118,-0.550834998712543,0.0568255235392385,1,0.0445504241438232,0.182355566765506,0.675304404860252,0.0948471664396944,0.731091491751796,0.0846607227639587,0.620100525050795,0.0881186817214441,0.676161719120423,0.0924642106439173,0.672738475443797,0.102544797830418
1.28013436502966,0.0703912186250903,0.0386643929165477,0.00930231504330652,-0.424687040070662,0.0708748061726021,1,-0.278215573887606,0.254301208822862,0.704556914161186,0.131782814887038,0.59297770651343,0.0846877298543825,0.384768344276948,0.0912467054272911,0.68343548541906,0.0839528380633831,0.57647106311992,0.0959651603523428
1.52514020549841,0.0851276772867713,0.058464998776064,0.0131831240770458,-0.587537519902125,0.0529416098837298,1,0.0787556213195578,0.20878434614382,0.746377893653843,0.102147334532477,0.66728948833159,0.0862833903656392,0.60700081202096,0.0827237047632797,0.727768586989432,0.0895055055636438,0.638444304948396,0.112112462427905
1.41585665457532,0.0677514940504224,0.048250985457662,0.0101724859309282,-0.539922360710147,0.0576261096482498,1,0.0907754199505932,0.187454413238511,0.538165092697837,0.125703211641879,0.626680506621706,0.0815616006926624,0.776868733919282,0.0742090003631952,0.612664768268709,0.0924536867031449,0.722341737709627,0.098220761746358
1.60045798892526,0.0916919997966427,0.0710914468612059,0.0150368408172539,-0.54990236786889,0.0591659106608242,1,0.077650256105557,0.196338983062091,0.810710335328332,0.0953390411087323,0.745533460407175,0.0842660434720456,0.641059514850141,0.0939733878691679,0.786441994326553,0.0966866695653576,0.75740248223308,0.100396788722175
1.49984362043855,0.0851372529913716,0.0725773008505535,0.0137597106601373,-0.55288589567354,0.0639571674068279,1,0.0303965587714469,0.22400974939865,0.638233599504462,0.12832419312507,0.706560114733909,0.0832281336571719,0.770949779254787,0.0857001751654254,0.642067107269227,0.0938740178158064,0.770212429097325,0.104503307791412
1.42178991342447,0.0842127654952431,0.0619634894036398,0.0134419717421973,-0.601342098219579,0.049755586769846,1,0.240743641562149,0.206064732036053,0.567861978741079,0.115302078820801,0.582738149920538,0.0857199445681778,0.639240559706615,0.0878855748510485,0.625057926766511,0.0875259197723424,0.691859882146879,0.108320825955051
1.48981118417252,0.0825249655979362,0.0727459530917467,0.0160271930504512,-0.542947334815365,0.0621599529880193,1,-0.294833065336334,0.231066418015066,0.823571953306098,0.12276711869169,0.641710858957179,0.0965755487596725,0.818569191091958,0.0805944377425289,0.536484228016063,0.100279090592602,0.637427186426273,0.105404072970677
1.42782841808625,0.0762616991278785,0.0495132045781347,0.011750515126593,-0.625378818261511,0.0482007301881355,1,-0.219495862950475,0.211828490349592,0.708394179391028,0.112967422757119,0.58516951918439,0.0882643216254417,0.729171024069716,0.0776277049224448,0.730187108173381,0.0910994167690632,0.549222951124782,0.104944714343104
1.52081920787063,0.0838392545041964,0.0535644886786144,0.0130804403616542,-0.531013016613751,0.0599107440550539,1,-0.0777993074799474,0.192690847374102,0.753073405944125,0.0980830495787767,0.693060579006757,0.0801028757600214,0.72442448383313,0.0882658214889107,0.461613184996201,0.106931010020853,0.604920927608778,0.107795683681818
1.44658971557585,0.0670755389358319,0.0447118858578828,0.00972267743712377,-0.555994233828628,0.0470763520935708,1,0.1832812618942,0.180598498349532,0.67843723105842,0.103874504121383,0.486881807920319,0.0870833244933169,0.654193423281658,0.0798145149392311,0.71813840449796,0.0810830249880159,0.468636415606424,0.109884248849051
1.47022910198315,0.0815390288438326,0.0600035258601853,0.0123427287313262,-0.52578925922691,0.0669487529736086,1,0.0594678132149869,0.179505446843462,0.66702334241874,0.113627185397745,0.683085562003306,0.091128763269198,0.69031719049587,0.0860867067047997,0.671676268704643,0.0899362298385488,0.577547619170822,0.107219274282444
1.42432510271563,0.0806252756379128,0.051603329097992,0.0111374813737685,-0.56470965410617,0.0635532619060401,1,0.0580819316596771,0.191139406977234,0.594255024546801,0.118073861903361,0.628545158046272,0.0936215618071809,0.655448273711094,0.0950028222063608,0.585252002711754,0.0934899661979278,0.724813637176778,0.10001958222431
1.55504501925971,0.0896180619667804,0.0604771390507648,0.012294827074552,-0.598897149952539,0.0527516903500679,1,0.255695713909269,0.213846954486632,0.534271289292788,0.139604512585698,0.802618071806757,0.0736370479326446,0.722701014987833,0.0802059816561852,0.675704867191205,0.0916883365932097,0.782533803159681,0.0944594987220768
1.45593162194758,0.0818244429063215,0.0461140279370655,0.0106098587443263,-0.539352575041108,0.0616198506274393,1,0.121808689303012,0.183554753554039,0.601330235934712,0.106923995434859,0.676927407146099,0.0901990043641237,0.554888122579924,0.0968743395982938,0.720195771309647,0.0900781652713858,0.694595058554708,0.0962315617596969
1.51062159864302,0.08907859800388,0.07224972664339,0.0158001113387849,-0.495224162327258,0.0725711983486555,1,0.300898016101405,0.197062309411587,0.538348648880325,0.127599800043807,0.468145874440003,0.10435955824453,0.875628877595985,0.0790265119769529,0.702422510437245,0.0860465603712755,0.559079947910743,0.101765487992211
1.5456471835775,0.085382426696123,0.0790380456217385,0.0184765131685633,-0.633022875373573,0.0483587822552349,1,-0.0946096244152032,0.210056832027302,0.792386656308464,0.110883558378588,0.684459487924937,0.0758150999629091,0.768920224761363,0.0803337621045997,0.681435571562886,0.0975509785901381,0.787188809382468,0.1141500597771
1.36306571217559,0.0821905207417042,0.0609049368208141,0.0136136895014868,-0.544791065611277,0.0645420327276721,1,0.220486105330908,0.196706062161429,0.439240759509759,0.115839112101637,0.629346901133945,0.0848038557773149,0.691221571053233,0.0874206717639703,0.574437694235712,0.09876940993929,0.539404066971344,0.105029233710074
1.37188736142822,0.0832927805703256,0.0487950828654913,0.0122209217811663,-0.488678501600626,0.0738987509181545,1,0.0135133770732236,0.205623982770996,0.589408843350487,0.125143980036714,0.612404859037722,0.0920702284197901,0.652281034234721,0.0909579478645001,0.646479777514721,0.0938745433274305,0.6234711373947,0.109270741840015
1.49872267244195,0.0824183414653162,0.0677019255230182,0.0132527084979668,-0.615584202721009,0.049723123494783,1,-0.0547564002063801,0.216459858100139,0.494147572556491,0.136199302339804,0.884415266867412,0.0764589130962901,0.555652083279727,0.0929696657829752,0.797933247986631,0.0894872580623799,0.68385697473842,0.101292119824593
1.64928332652915,0.0942495723407584,0.06212686687176,0.0135878426752116,-0.618376213092887,0.0569689906979638,1,-0.0620917641732056,0.188593876873911,0.793818000109943,0.109684058369282,0.769140006366583,0.0876012588784145,0.816473590069738,0.0861085897698131,0.808298052451108,0.100365037117163,0.786216401816393,0.0962162458795606
1.3984989453583,0.0750629981153315,0.0531198299152437,0.0120564585835779,-0.595122596982601,0.0537081687753455,1,-0.10409306226564,0.177219638843326,0.61565499737485,0.111219833108076,0.725842235066697,0.0822051725358587,0.604762607321563,0.0840475826872233,0.723608668852115,0.0956038686034444,0.469129112512945,0.11184372752574
1.48262743671468,0.0786651538103373,0.0505499097646543,0.011736300322734,-0.514085758757729,0.0634328698837179,1,-0.0279270181701399,0.20926624066065,0.728844579270669,0.121692955408213,0.494716650994282,0.0946168422004103,0.734190720012834,0.0869434009152538,0.66598084252065,0.0871971436915692,0.847969423048396,0.0892549847195548
1.61941728482113,0.0850674291399625,0.0637248099786044,0.0147293409811849,-0.67331598258158,0.0418809370395447,1,-0.00375648799524729,0.172130745279643,0.871484561915208,0.0897639668269176,0.7364078222829,0.0873808366615017,0.694997536219687,0.0903864768061881,0.557929355305271,0.097669020477186,0.782302069358534,0.100195882950756
1.48772806987422,0.085367120284278,0.0563954279122036,0.0133893220091218,-0.523839509340498,0.0642999905655575,1,-0.0070689555329972,0.211285327328857,0.660022393789282,0.124154114986029,0.751967818344793,0.0888955123084893,0.663832665710458,0.0794684564894494,0.627836714621516,0.0955479819810805,0.741013307368003,0.0959595931139995
1.64144023090886,0.0902510805000652,0.0689512496407027,0.0141550389765403,-0.574820918528427,0.0613733631406101,1,0.476976497823963,0.217661413508645,0.583601405188547,0.12695890108383,0.642160891643646,0.089919212276361,0.74578198754527,0.0825642709480177,0.835694156975334,0.0844110203599664,0.703940372018511,0.110989211201482
1.42529738702665,0.0840274465707856,0.0583344700352822,0.0139683815081149,-0.595930327433957,0.0553935321805639,1,-0.203888912665655,0.201016307489539,0.776154497593071,0.0976828372045385,0.654444980416377,0.0885937574423939,0.60504762312755,0.0894994891055348,0.697241269683264,0.100892833854013,0.564072963615537,0.106676614145906
1.36263557489365,0.0785123690915236,0.0516568072332559,0.0116256152335915,-0.438268673481465,0.0751680028776973,1,-0.0821040181679084,0.198726835034194,0.573190369786901,0.106383494095569,0.730864171652179,0.0757341452504719,0.585064639540785,0.0865244796860268,0.68497356077482,0.093032164820025,0.634949947978506,0.10230259635101
1.40716567389462,0.0736869721590122,0.0388912737964129,0.00993855053892323,-0.579448595233936,0.0532552339793137,1,0.0517516065892037,0.176177044406516,0.634870654712455,0.101047176975491,0.598980007409903,0.0827157182795971,0.628021918884318,0.0846736185328261,0.645240100462554,0.0917449776819163,0.759915649254264,0.101703091830292
1.59990970215381,0.102127032377947,0.0817697471357209,0.0185830860261353,-0.63614635503201,0.0515556454826869,1,0.0311825177646332,0.220066257267077,0.700698129567844,0.115217037621445,0.822112614911078,0.0810728346737376,0.776342914084679,0.0937544919817113,0.728698698872348,0.101717211136712,0.454181912758214,0.11999176241518
1.4558382902718,0.0864755878583347,0.0734482913855178,0.0156358773035335,-0.584865128970581,0.0586516228943147,1,0.138467740641736,0.203348867945279,0.542210785637018,0.121782026542043,0.631702915806044,0.0963729174739119,0.815275290601649,0.0835384543154559,0.734813405291604,0.088474682282377,0.763789374640571,0.102383921890885
1.36127485164871,0.0755678429722252,0.0434842168216419,0.0107237158887543,-0.520992735501873,0.0643780338606071,1,-0.382289404384659,0.196478783558472,0.799172735862434,0.0943953765789348,0.522035048900258,0.0902135670962837,0.675476205888516,0.0780191522727838,0.580482977225248,0.100330453934722,0.56892144115113,0.105218466591047
1.32926054827088,0.0808815920693603,0.0557461244663818,0.0125403893594678,-0.6154461350769,0.0484386029994577,1,-0.142377367987475,0.186489887104531,0.66644154581577,0.108797119692486,0.590893207006074,0.0867325565501466,0.588227533612114,0.0877606757981045,0.719537775471226,0.0839018778356646,0.527419695427423,0.105458979420752
1.47143096161393,0.0887220528768853,0.0771876335448321,0.0158783298545115,-0.599524470054541,0.0590102822031696,1,0.146319208686328,0.210641695806961,0.646556946992694,0.126423029712383,0.619779910995254,0.0914423160478469,0.716112413584894,0.0909959795968397,0.568828320570316,0.109465116002518,0.742953183669413,0.106049185555745
1.51669114062574,0.0820298502793544,0.062470861644614,0.0128335451706329,-0.621006091368997,0.0464722443324964,1,-0.292742004854221,0.205695239748295,0.824625323694141,0.10453631416241,0.672061053476463,0.0914429645471765,0.728524590520715,0.0879459264498061,0.677808036192818,0.0841969236325133,0.690878650873012,0.0981265515943185
1.53652728974973,0.0905156462914916,0.0637002997731687,0.0143404954687163,-0.647934556919107,0.0506333369639777,1,-0.178392412027912,0.261319754611793,0.695512620297043,0.132205552503379,0.798644284991023,0.0893830623392331,0.727906505265551,0.0867848795130529,0.85096605177059,0.0945606767116856,0.581942192753465,0.108967551905809
1.45115621867998,0.0839486092096386,0.0603364493989863,0.0129429449086226,-0.557048001248907,0.0583866424966621,1,-0.401621373773557,0.222009132794009,0.89576000827688,0.0963073722590495,0.664322211452617,0.0800627210994655,0.685095566686112,0.0840740247109511,0.716024009169226,0.0882500934544833,0.665141910828226,0.118715188684444
1.33333862738182,0.0723061272889103,0.0456275416600952,0.010707665972062,-0.510110878515347,0.0594154759518202,1,0.0134188103401566,0.160253737299399,0.555457408534131,0.115382229422451,0.614351612856645,0.0883284107408328,0.642207015621958,0.0849666949400342,0.654401640341891,0.0864896363173606,0.624609370002723,0.100423131288084
1.48773839371074,0.0838586182651069,0.076416279855859,0.0149981482595833,-0.57832995159071,0.0564041769587519,1,-0.102869203447946,0.18827066717743,0.760014050721859,0.0925346565192017,0.681643654494104,0.0897891725438211,0.791423958798893,0.0805199433256788,0.587373021797685,0.0988252516484994,0.747258483117981,0.0907510527582692
1.47676007601981,0.0873888699973725,0.0526611343638514,0.0114914986780807,-0.649674970297071,0.0491228054068214,1,0.201353995437514,0.214401734878805,0.549238569378426,0.123439431359943,0.625368775866558,0.0943709949606996,0.702268356857809,0.0873699817253771,0.894026697607602,0.0868941114550316,0.562499851754609,0.111483320562892
1.54262305254149,0.0888918159547046,0.0546550138146024,0.0118802061318813,-0.655274532279095,0.0434616613359422,1,-0.163787568586421,0.200066441685782,0.80980348820024,0.103905432561698,0.737498160557654,0.0791918948106,0.650114658303138,0.0815912659383176,0.772860033643535,0.102273288120351,0.788023759901835,0.100050036278967
1.52403156312859,0.0800479851357311,0.0557268090292283,0.0124404249108952,-0.545646452778501,0.0613274941219476,1,-0.0252839961654484,0.215137653886047,0.815227077882475,0.109329892876875,0.703812026808953,0.0833005713370917,0.641370875475934,0.0915782597933851,0.733645108227591,0.0928275928271793,0.591032065484445,0.105451767974608
1.48933560414819,0.0807304681307775,0.0509499764355915,0.0121270903542454,-0.607709414936092,0.0482309165068407,1,0.364562109763916,0.194797537454188,0.430776611967009,0.132971818935451,0.784889170745044,0.0771882744723763,0.499579726029836,0.0933175442720485,0.621658658411368,0.0985090355862701,0.749411672681311,0.102469596031264
1.49090646452483,0.0772885819265954,0.0464936917880665,0.0100271131092171,-0.499871961223351,0.0623678650807454,1,0.145745305633057,0.198930141249949,0.600509502897585,0.112032488025406,0.670749942104365,0.0868810787359908,0.651719454824102,0.0762086327859443,0.777590030178951,0.080028875306019,0.383113716163179,0.125906531191577
1.62539473774168,0.0811736421168382,0.0731423450988288,0.0141168602112855,-0.631225799242549,0.0490099291402663,1,0.0608727568491844,0.189864071378125,0.836031741125191,0.102654004615419,0.669032353545478,0.0919155351015043,0.697155345582014,0.0879013939695368,0.675128229906186,0.0983900820934062,0.718716017874111,0.102416056694705
1.37808839819347,0.0841789996754147,0.049261343721388,0.0113513211129909,-0.509146525022523,0.0682801731120945,1,-0.131675142942246,0.233048030717542,0.600109427420378,0.134777333846779,0.700825588754113,0.0914952927816528,0.622482223989707,0.0864850808849247,0.702018700872357,0.0911744389731386,0.531640798223157,0.112945139142674
NA,NA,NA,NA,NA,NA,99,NA,NA,NA,NA,NA,NA,NA,NA,NA,NA,NA,NA
1.55361946821292,0.0817122548554419,0.066905099178477,0.0141711351834619,-0.600067450939833,0.0492226208034873,1,0.134206574786399,0.262756078648493,0.628197781472336,0.141598925080543,0.781993279843833,0.0843888437353739,0.655442450907473,0.0882405636781012,0.820019574861704,0.0835715634687945,0.872460992290767,0.0858816508194808
1.51053677310107,0.0864648509757748,0.0542634930865463,0.0110610159452898,-0.648476192011905,0.0442515627594469,1,-0.217371286893961,0.207692837171446,0.689975441085663,0.117545481596268,0.819779059895824,0.0761789074463605,0.763085500099339,0.0808946406953949,0.559081476955523,0.102227430071555,0.668421046155862,0.105730210018847
1.57936400047933,0.0898567997235985,0.0650364112484656,0.0139573397424573,-0.557982298596916,0.0561883968907288,1,0.209491215302376,0.182226298277172,0.681166257617515,0.116793780863118,0.532225032050799,0.0962038234583063,0.823602457174387,0.0842782082472371,0.812442017440619,0.0860963922062703,0.746793412779456,0.10824671836991
1.44594877589564,0.0825785272837218,0.058764369517563,0.0129150970300817,-0.643123918011618,0.0442037320085764,1,-0.293425042245433,0.242992252752586,0.739127107234228,0.122787659848382,0.707085880941913,0.0821108519236593,0.629281127411183,0.0859238880931588,0.722279217883198,0.0934155082937531,0.692352991068111,0.104351089249996
1.52923336221703,0.0811827807931577,0.0514408855383654,0.0124689246061905,-0.543261471787296,0.0577997665758345,1,0.143162187981946,0.197272048461731,0.512987123405414,0.118833589624875,0.83193937861832,0.0747685318919774,0.640035549717778,0.0934409010697646,0.733509639754646,0.0869990854544127,0.436735588320548,0.108577887493058
1.49578946442828,0.077899023280582,0.0862318289381936,0.0167651239679495,-0.659305581554741,0.0452181117465829,1,-0.000820402369992804,0.224236027388831,0.734874099516106,0.111825169523411,0.692450371850815,0.0907052134122378,0.658178940968961,0.0901381880665816,0.559152809460967,0.097554889078079,0.780454883562515,0.0893577808500216
1.47403432388236,0.0801633787193447,0.0423291220662137,0.00957963417072409,-0.511326692225387,0.0661939113970026,1,-0.137397816641344,0.179419114381264,0.814429786874211,0.100407218684054,0.762268843839079,0.0880623931722607,0.583658255046804,0.0829714977404768,0.642734176856768,0.0929916650292013,0.860392065692402,0.0933935021532807
1.5467151440037,0.0903827725338584,0.066019868552163,0.0148746768916377,-0.623674279096183,0.0554181074686035,1,-0.19880358598906,0.249231737890982,0.755711762733719,0.127502524899813,0.804822451334134,0.0821924320201695,0.73928249105257,0.097065916317725,0.686269611777697,0.0858919719584726,0.569847204685703,0.117618681699671
1.49367548191688,0.0786786450513788,0.0497504909986067,0.0112952688036017,-0.568178767908506,0.0589230292068216,1,0.14730240058535,0.1970143724771,0.553275478962224,0.112036386273854,0.730763430267264,0.0810241560188568,0.633971939367207,0.086199841638861,0.877957513260978,0.0889951959264306,0.682274830976876,0.100596594148536
1.53501552178893,0.0905596386062996,0.0485713699220694,0.0109750435693416,-0.601693583145384,0.0588461138518739,1,0.0161487268397981,0.215278276592295,0.627134765764812,0.124473986325069,0.796199229194648,0.0959950234582488,0.648062118202213,0.0872836028696358,0.756466531859235,0.089952801837454,0.636173537342305,0.100283738973108
1.47238579972929,0.07929488352817,0.0600824767260146,0.0133058249472469,-0.647585593154547,0.042048666334022,1,-0.118062818743851,0.169745442185456,0.682739860324895,0.114503455832787,0.721973858772149,0.083931394611905,0.731154217520162,0.0771044871518635,0.696372991884301,0.0909474505174423,0.828556571072324,0.0959331596610585
1.5532021221045,0.0908464091340161,0.0911834313637505,0.0175967365387705,-0.687709428391273,0.0440715185035252,1,0.0701106858280565,0.215964248761505,0.701126149795714,0.131742732287262,0.685743827664126,0.0870277797398816,0.804971378743431,0.0854178054052315,0.710345509847158,0.0835829690213303,0.825185517369388,0.097147911781916
1.47333101972976,0.0791835656320056,0.0451634272074489,0.00925244103690153,-0.550192331505321,0.0576250540330712,1,-0.108267524980117,0.204131199067071,0.709481900333042,0.118481268805269,0.61987879553057,0.0977958929833621,0.720281556464908,0.078985044480133,0.677541431668161,0.0924008292649902,0.676824014147416,0.0955141450751597
1.61331531858192,0.0917052231635576,0.0398256903191889,0.00987276128210316,-0.647746127743723,0.0512148736026809,1,0.276676502275415,0.185122898071315,0.571192326776966,0.114872904726441,0.759712030428992,0.0838600074384551,0.755907415961575,0.0935583714009312,0.712661952786589,0.0944520230922765,0.676647457473351,0.109090945325653
1.29348107191612,0.0694476007296203,0.0450300092816837,0.0102204478610752,-0.473986948735366,0.0636346483625943,1,-0.353291309869646,0.202365585522914,0.708271314401775,0.110099866237267,0.553854568544776,0.0853394930472178,0.700206707777142,0.0800191517622004,0.464437102817211,0.0937944796191629,0.502536705773784,0.104469498160414
1.49651154624539,0.0904604967486525,0.0531508598042448,0.0118280964696906,-0.625602881848677,0.0571071985151639,1,-0.108458474140126,0.267020010543636,0.545155186287705,0.16013534088621,0.839925268104856,0.087569441977756,0.602904473217773,0.0913812123034271,0.767262321513467,0.0924398564304781,0.698724502996374,0.0953615570249113
1.56223625935211,0.0747916649983307,0.0565622528892135,0.0115475957135715,-0.648677806023258,0.0448901886654023,1,0.22219562319764,0.191255382008476,0.622678152417419,0.120620849561248,0.818853625718253,0.0801160304070386,0.541043415062344,0.0877801608243813,0.714556314982324,0.0826838838503191,0.706646314514003,0.0931355522546335
1.59394912849474,0.0947121350887316,0.0667845684425126,0.0136632990291834,-0.595280242316639,0.0613633404679663,1,-0.156260297814009,0.23348314254225,0.793949359609538,0.115792374988606,0.708130648068299,0.0893453723876337,0.764922181919549,0.092777329674298,0.772111769275028,0.0887259218370408,0.815963534941563,0.0944286073333135
1.42261391045592,0.0748721123111249,0.0460982974966733,0.0107276007944247,-0.596048061375827,0.0506886046620425,1,-0.133427638364837,0.198468899174597,0.699509839959243,0.106405717181769,0.62407263506882,0.0829661802111069,0.719288834882435,0.0811718920061713,0.729782285612791,0.0963307643909359,0.677362109994396,0.101582052657545
1.56481915513312,0.0790143881444011,0.0552970209284501,0.0117427347577303,-0.613626845676775,0.047423897655829,1,0.432684705842054,0.185183823121686,0.37994127444893,0.130751226104147,0.805285493505711,0.0836121074945263,0.762200641567434,0.0736875857124381,0.628607292210287,0.0955700345008084,0.826006825134749,0.0970941260100132
1.44392212733069,0.0887989985836294,0.0560702919091226,0.0125135943080118,-0.54374916339045,0.0589828574995502,1,0.152567233096926,0.191632472125388,0.57620663169252,0.11324190667176,0.56463041346331,0.0859792392687211,0.955300176619975,0.0850326216167529,0.422423383156283,0.110140925266665,0.664489630883888,0.106628745029922
1.59142213673089,0.0825017043200616,0.0628869041592003,0.013840232781912,-0.692956448737338,0.039548000105403,1,-0.341014344530778,0.209530033990809,0.986356953800913,0.0991761876742676,0.687004726207967,0.0926178215619493,0.623675743608032,0.0900109455200139,0.805570623378736,0.0871616596266612,0.677267652317868,0.110514948489467
1.63977628574564,0.091175886506958,0.0693832021904506,0.0143017588719394,-0.623332200481248,0.0556268940390021,1,-0.316740387081657,0.207691277526566,0.912811121898872,0.0956675571501277,0.720214055248919,0.0892713161336749,0.672280123769091,0.0891870313924098,0.84903115282255,0.0961671979804089,0.756954050674,0.0952237617521621
1.50922204278344,0.0868033084065028,0.060778508678515,0.0129642861520836,-0.623848667410912,0.055933918647408,1,-0.18139184952164,0.197801867843501,0.883738324111974,0.103809459719495,0.603276301731409,0.0911023197121718,0.712712208252438,0.0871195542471864,0.659845768997465,0.0954527261043166,0.570239319208768,0.0998416119265954
1.43654530143712,0.0717086816468384,0.037504087223856,0.00851145514294033,-0.568287972673248,0.0554961415010239,1,-0.142851010568048,0.231085332305711,0.772014723106706,0.110547916017323,0.744798487875245,0.0836857245753002,0.705348785892004,0.0815023409497943,0.392314836725067,0.105695577689302,0.815331840549618,0.0922632731911152
1.47454315013134,0.0889595265689904,0.0527694475361337,0.0124110318880784,-0.659426229303883,0.0483665838671891,1,0.0268984447207085,0.200130527359056,0.773239216959237,0.103868221794631,0.707340365614733,0.0933988322831561,0.464153226894407,0.103206113194473,0.769544632854758,0.0936774532625516,0.713577167661109,0.10156681342197
1.60650200378816,0.0925235172979548,0.070056426692304,0.0147708093831742,-0.559484449730207,0.0633502393658876,1,0.097827354883813,0.212404034900283,0.690726575367853,0.112017842559498,0.763021951960958,0.0859453036114105,0.69560138269408,0.083821341234433,0.748955237312113,0.086995334998856,0.777166731027075,0.101779274570548
1.47282141738658,0.0768905447148532,0.0392489732279678,0.00918847541326779,-0.632818320028802,0.0455102627455697,1,-0.348830802105323,0.214813729578295,0.903916426760692,0.098606973579988,0.677651909568724,0.0820474536300779,0.609189582501782,0.0877320166965319,0.599220106291135,0.0991386573155945,0.751607239679018,0.100814045699383
1.74166296096438,0.103885273005354,0.124629619676982,0.0245258822130552,-0.621659749449486,0.05817788506279,1,0.276521893239804,0.290815361332744,0.695069165706713,0.150124733607047,0.705715082441204,0.0954414386663207,0.887466080789672,0.0892484378060678,0.970113275757004,0.0822063755414522,0.754929565570036,0.0990285746269116
1.55924372613106,0.0994871097925428,0.0871535439774742,0.0185047137683022,-0.693413180538167,0.0437350176861257,1,0.0242853855783062,0.262189622325034,0.794387789536608,0.118978180863162,0.684153776342559,0.0960558523763265,0.703903068903512,0.089441688011312,0.794909250281363,0.0868190289130109,0.896018523255046,0.0957295251960064
1.37895842155701,0.0793563731492185,0.0406057201696013,0.0101225314463089,-0.558029385523025,0.0611492733673126,1,-0.00493417168286138,0.18886088312295,0.684406246271446,0.103681337803528,0.526939866674465,0.091202493074479,0.603218493376933,0.0904896243526847,0.693961966936439,0.0904458538319072,0.622192473266159,0.100534299406771
1.38917954501272,0.0799446976280556,0.0592016861988484,0.0126509446773357,-0.530146080334687,0.0666674363139276,1,-0.121162440956501,0.222922243341887,0.739981339989965,0.107929459229807,0.661285819541285,0.084900733451703,0.579904662823102,0.0908386990870355,0.556081856283272,0.100673951444137,0.525569657363891,0.110926952534949
1.47426598642219,0.0826472670984736,0.0776816635572124,0.0151764986423244,-0.593339045920283,0.0532354406752347,1,0.0842760742974945,0.236237700892113,0.615063882579228,0.129410986513067,0.742253555547222,0.0831595319620896,0.6856630686288,0.0853425058132999,0.726531605297335,0.0883243932666018,0.705708939672145,0.0990149657932257
1.47431853496427,0.0931126381958394,0.0883221272841331,0.0189771010234975,-0.611224078280925,0.0572283156711016,1,-0.0193223199462267,0.186740835106037,0.68390093746279,0.109072181355546,0.660445793466219,0.0879652329848183,0.725185658786858,0.0869827080590782,0.734201424178001,0.101636196785624,0.756210688917814,0.119078220002667
1.39458339884395,0.0719807887979017,0.0288434210054524,0.00774000616891348,-0.504567612872439,0.0634283540775743,1,0.0166871647657058,0.184449340370935,0.678790035497528,0.0988311383901416,0.577896548001852,0.0887669621602505,0.534751992582934,0.086421695931759,0.523468109198081,0.0940255602642506,0.787215529908815,0.0910200703547241
1.35878792859828,0.0763053265651521,0.0502054462344331,0.0117374255924779,-0.53389354012729,0.060927722727976,1,-0.0906580861880306,0.193478846098448,0.533071980701168,0.121981520481978,0.652052517375584,0.0833068722390533,0.716688930021983,0.0826031998168887,0.669591151414672,0.0876227622985201,0.50144976050753,0.108767233376785
1.435734080141,0.0794784299799703,0.0490851019048753,0.0110160385181374,-0.586064202287386,0.0554982843172459,1,-0.0237281376944374,0.186334712988839,0.653080903535183,0.113718318981502,0.71335191279645,0.0840171613109268,0.562442264313171,0.0907139391992852,0.633646826471244,0.0940596997952207,0.681810612952748,0.111797784331359
1.54069163410657,0.0922319458701487,0.0783269935301817,0.0175373605217098,-0.608272184900358,0.054763224085832,1,-0.206402914434512,0.232296001857015,0.778200142529494,0.107626114623569,0.711833689907707,0.0836251374998174,0.753798094175086,0.0939082725422282,0.691345266199999,0.0958650755006913,0.832538095075913,0.0924888574496953
1.5241301454413,0.0905198498766049,0.0829760881960428,0.0168975610448906,-0.621450239853137,0.0506860302951095,1,-0.0759033921834745,0.205749159255084,0.72851217321638,0.107686946242945,0.67039849241958,0.0828933813477388,0.702899792523711,0.0770622529144588,0.779113667840444,0.0913517594701858,0.631107923641059,0.11360925905386
1.57229565913967,0.0933826259605851,0.0659870265790978,0.013834554543757,-0.581465499086427,0.0614190215460351,1,0.0152730923292925,0.226913023890203,0.70846340026837,0.125812109512377,0.738674077161247,0.0934163294677593,0.71232718987219,0.0920582670522874,0.68420269342651,0.0949251476273754,0.759825398356359,0.0896586125664157
1.44987614327984,0.075856268456139,0.0555873075985805,0.0121104984763484,-0.5917931814525,0.0531302121393294,1,-0.0722264542078326,0.194676767550022,0.610849125981699,0.104493087377309,0.820549935696864,0.0737233886842873,0.567041785211697,0.0904024831969904,0.522731573287707,0.0958043449005509,0.869607614373271,0.0946990550166446
1.54141874815601,0.098921957800641,0.0704205125650223,0.0158536834688974,-0.620697087232907,0.0518214169567674,1,0.0752853478309573,0.197916850513209,0.575298054131344,0.113530197756187,0.809237409188411,0.084535713227735,0.640263041005346,0.0951748454458006,0.760930183051063,0.0901605035113447,0.826514046769352,0.117632821487363
1.3748283369104,0.078180286623876,0.0540197265457566,0.0120998875689731,-0.466056252959353,0.069003402451892,1,-0.499799264364817,0.235299053990617,0.736315715655364,0.120106162847399,0.814228010400905,0.0752752849440501,0.544924215854469,0.0902388240577406,0.507259016653083,0.103333055135886,0.64683536347253,0.107915919286041
1.51504366207834,0.0953503291369646,0.077258014088241,0.0168186381832239,-0.597794112018056,0.0603247331154754,1,-0.215770045293758,0.221603006612169,0.779197840834556,0.119740140281288,0.564412894607035,0.0963212816012244,0.827142502448696,0.0896484800403273,0.599057689943983,0.0936041624912175,0.591409647524136,0.105536071549204
1.46533705600586,0.0789661268721683,0.0593381845335487,0.0132365180030211,-0.465670139055877,0.0739790945146992,1,-0.0171561742968845,0.195458918580511,0.751103441956327,0.102652761281871,0.750540240162991,0.0838913391289651,0.463925634674431,0.0882959345536471,0.659826539711072,0.0965584451743772,0.714078149323215,0.101474533557198
1.50757969684178,0.0876994072120555,0.068060706216246,0.013997112267711,-0.551221152419885,0.0596142413930642,1,0.0149139563063338,0.21821690066462,0.700426659395342,0.122117041741355,0.651415153004511,0.0946706504322175,0.706425113791318,0.0868826293572213,0.804510080709147,0.0882811688874587,0.600247647834709,0.0937912445052778
1.47887217858514,0.0941589577470272,0.054418349805593,0.0138819360629107,-0.592294846490791,0.0572298300921625,1,-0.163003160324156,0.229475291554665,0.714476871254581,0.114727709165122,0.751941172237515,0.0780572870647483,0.623487384693669,0.0982961123487592,0.573385836593578,0.101409076408198,0.789089537104769,0.102887243968354
1.51789717831236,0.0906691641422471,0.0670340818038605,0.0151503124962709,-0.617106832235956,0.0552308303790485,1,-0.594551257698147,0.255836767777686,0.973987229681134,0.106777483225007,0.642616536980142,0.0886350579291675,0.691538653540791,0.0935136294163832,0.802773207879709,0.0936619091166763,0.710308128735834,0.095660522889889
1.51442437230545,0.07935578951677,0.0706642250073723,0.0142394332009265,-0.592585865544227,0.0539556216931408,1,0.166537516580812,0.19470857851625,0.609945483177778,0.124195464695312,0.713876699735965,0.0861950120349971,0.743916510546912,0.081323041305964,0.565848830398319,0.0950990181098273,0.740452438569857,0.0893933886934306
1.63551101977811,0.0938344540322833,0.0553159289054616,0.0125452799841824,-0.657805938510442,0.0505929924189925,1,0.153601019341196,0.205955111106464,0.722170802506857,0.117515785560592,0.723856837835036,0.0842211258923193,0.832789683089255,0.084618398593849,0.662998080246276,0.0962405095047542,0.691473408216874,0.112195941770024
1.61399921177831,0.0953245934552977,0.0621378853513432,0.0141569007416134,-0.608848928057602,0.0588256518583457,1,0.257289643926657,0.209189002228327,0.645714053330837,0.119182393722266,0.659318960852586,0.103026051911747,0.778048108546732,0.0907234011313681,0.691065228839362,0.0920589078341109,0.842920549196329,0.095025532110014
1.5768708227443,0.0890741929020707,0.0751210665155612,0.0145741270895228,-0.702879599159359,0.0435672958051992,1,-0.163644638231087,0.222830999574438,0.912615075697151,0.11208820728779,0.678522404021092,0.0916672766039631,0.659601665122745,0.0937071696306831,0.706205083655464,0.0894035216438805,0.798467747891665,0.0918062085528148
1.55939098311109,0.0910511128856099,0.061391927045133,0.0142630274520242,-0.652989720266658,0.0457527717725167,1,-0.160447384896545,0.270999250448359,0.849825507820616,0.125889540742443,0.678283147803417,0.0955921193303336,0.817203416227927,0.0868599452847133,0.70479885419636,0.0945182151829474,0.689394852618489,0.102893182326775
1.33897887678053,0.0630341795875085,0.0258254535523215,0.00685304904000176,-0.567703771219845,0.0459408728126125,1,-0.146293151179607,0.182370938155575,0.613217052627361,0.102792966369544,0.677715038021504,0.0742485191216766,0.558230673188577,0.0813242068408641,0.709551452138999,0.0816045493119928,0.569617011246174,0.110391083327085
1.42089246570208,0.0815934450504226,0.063494453918222,0.0141336389052684,-0.582890298804482,0.0577471356646156,1,-0.0676113976938417,0.195479202618385,0.580531132585641,0.110659633499357,0.637425478758681,0.0921820346515932,0.719318592315734,0.0866480381191234,0.645673943212875,0.0914040162901557,0.733909767671238,0.100777252082674
1.53216014154866,0.0802694914261565,0.0466760592169199,0.0118283705860542,-0.637256098999305,0.0508573981085495,1,-0.22507542170527,0.193237069602066,0.893526724998159,0.0938803751550294,0.557067521443133,0.0937364291412944,0.73778907211014,0.080108550723106,0.660225329630271,0.0953953156192832,0.607160835627244,0.109282176243116
1.41380123024794,0.0758085302959332,0.0560815132663021,0.012210921013343,-0.572435999113205,0.053090147915495,1,-0.112056369264726,0.190643032412045,0.657338766318483,0.10481322391024,0.671249547244441,0.0808027193973165,0.608562340364413,0.0842807476889025,0.680960111671969,0.0951079303847929,0.634110310290248,0.101744649030545
1.41870612411859,0.0805872601166608,0.0495955399120703,0.0108189223037248,-0.569646499127916,0.0587116787040016,1,-0.193197699154217,0.233910953922099,0.80439255564709,0.114057346351979,0.637615170568407,0.0861592259546892,0.662526498847949,0.0837628052729665,0.585969864279891,0.100908973791578,0.637406483533063,0.106210698438335
1.58459716379123,0.0928352637811167,0.0726507305500735,0.0161472688911028,-0.570253947602907,0.0625315085382858,1,0.145807963544591,0.22957283396373,0.614093372649033,0.135604446968992,0.850835507628889,0.0832428966932501,0.742453212896482,0.0874435073172772,0.637025988649672,0.102911641331878,0.715065188335269,0.110481141739677
1.54284645134461,0.0952936646788744,0.0687624097163838,0.0141094665369822,-0.598460353631922,0.0606727300465755,1,-0.325061778885382,0.260438396578815,0.853794075669983,0.116827310430123,0.732609002289274,0.0924723453217951,0.688460481261223,0.0908403712832584,0.691569233672846,0.095815228621725,0.703118693159704,0.105906717195265
1.44288922352142,0.0831321644663828,0.048987569692234,0.0126054585070836,-0.520888959971284,0.0651056930294111,1,-0.00359313111753563,0.187202004906618,0.764687760868674,0.092185922501017,0.559143435051158,0.0937541868557354,0.630028533324208,0.0877590626598723,0.684687676857495,0.094093231265042,0.708860701991101,0.100369979406942
1.43591791531795,0.0703074574293921,0.0488523018959559,0.0107773112424125,-0.537724011098448,0.0536494704089311,1,0.0910213246143291,0.154922089475297,0.598180791573758,0.106723177167413,0.681495383219646,0.0816550462325245,0.750041892214122,0.0769705819660675,0.634803208345969,0.0928316923561982,0.439807653713505,0.110122752388709
1.47086139278285,0.0899100911986081,0.0772234002293426,0.016582673312399,-0.639408506037019,0.0490113216123065,1,0.00822652189886516,0.175446765598201,0.602650028715957,0.108054940759931,0.792049604433196,0.0864308618671107,0.654684723123916,0.0924886441366927,0.586143981579799,0.0978647418816153,0.726703351503191,0.103969683726624
1.39775758109942,0.0859132619910012,0.0853050404864631,0.0177330518566096,-0.528764460085708,0.0682325896568133,1,-0.282790959408417,0.179617589763577,0.744018307073738,0.0971958866716044,0.694399586784557,0.0876612556199012,0.686033561687112,0.0802339568068328,0.514930230301712,0.112905713804979,0.67033457276142,0.107311642426779
1.50459332347633,0.089677619147286,0.0463453800302097,0.0108670800512672,-0.586455094102144,0.0576500880130212,1,0.191246891574564,0.164223787381946,0.531100592979719,0.113702163788182,0.736880402402066,0.091391831193661,0.707409646129913,0.0864719051517919,0.680409435083679,0.0906022525453731,0.758571627158848,0.0992195104828988
1.49545539874212,0.0828634760581994,0.0725951448856821,0.0170695444739979,-0.603576378172359,0.0548988060400983,1,-0.287106827463156,0.312037948707977,0.733025572231027,0.153622980649041,0.759501022275496,0.0783768153311114,0.737637341394438,0.0866587540437994,0.775651561830841,0.0918281391191572,0.614918240554947,0.108807340712492
1.50980887543975,0.0935298592295225,0.0704703465299362,0.0152947532998596,-0.604947565925156,0.0572815065650727,1,-0.159958303144998,0.235356728681935,0.710870202774976,0.111923064883525,0.718945840288835,0.0945142106929394,0.754960953876385,0.0819513916299576,0.596733982787471,0.100369619482405,0.658099505714992,0.109302794007065
1.5977798901538,0.0984364575791536,0.0850110112234555,0.0178184674442222,-0.637672220728659,0.052595423863958,1,0.615722858807415,0.24177823933966,0.227251940997195,0.164301088537252,0.823596028638559,0.0979549366993583,0.812945862885567,0.0906635655305525,0.828763097647652,0.0914877658512906,0.84225695361709,0.100406434612358
1.48132981146237,0.0864884202207924,0.071646153707349,0.0145595296385494,-0.527104515349846,0.0642818633269626,1,4.40093597997721e-05,0.1820769722011,0.690437132385244,0.104919140238242,0.678168705071293,0.0772625183358898,0.592040730088619,0.0897886618204097,0.739183489833152,0.0955236580829846,0.622027200120148,0.114840928035424
1.56349599317777,0.0880118740805971,0.0791800086506421,0.0167511962304994,-0.446528791994492,0.0750406441720552,1,0.277888096413285,0.210869766202015,0.684414992617604,0.108712262287098,0.648324613777429,0.0869866749516374,0.759641777303495,0.0712370877291013,0.745420376532422,0.100291624873231,0.735072122953013,0.10684771583846
1.54976503831848,0.0804862001089448,0.0729401111731801,0.0138837985779626,-0.662998405065024,0.0435503617639803,1,0.46007193134848,0.236434119381713,0.467682990684967,0.150274356316382,0.714151459543409,0.0824930597646248,0.640560242357305,0.089404941217685,0.855949500432633,0.078447601679439,0.809986874099431,0.102146564556257
1.55583839279763,0.0938600565736638,0.0643942661920035,0.0140180113618932,-0.676656826035268,0.0447009386493063,1,-0.346534616233601,0.221124165492187,0.861833182570796,0.114406030051431,0.726045671430158,0.0967516476704545,0.967567700308779,0.08378342039408,0.698047000319517,0.0923537820797961,0.555734229845057,0.115583154926729
