"beta","beta_sd","omega","omega_sd","rho","rho_sd","conv_code","tau1","tau1_sd","tau2","tau2_sd","tau3","tau3_sd","tau4","tau4_sd","tau5","tau5_sd","tau6","tau6_sd"
0.908409582539708,0.0485672395724164,0.00310963003343803,0.00301216593167922,0.0641186349083404,0.0772814197845453,1,-0.170150641486707,0.177065635076231,0.569112639799053,0.101671136111077,0.731884583607778,0.0807781627188389,0.616020252978881,0.0961389772428065,0.582194435440506,0.0893982465548352,0.576680806117908,0.142001339015307
0.98761714754002,0.0608442909579679,0.0126448911151963,0.00480826303614069,-0.0701656976516703,0.107253438355152,1,-0.205877502025185,0.230082252034429,0.736104216024994,0.100276253172665,0.762822721941621,0.0768739020926491,0.702867528842846,0.0945120073305616,0.719014735399192,0.110718238803837,0.647726208603515,0.164625357663844
0.884237283629321,0.0523828900625668,0.00740501484650097,0.00422496941192689,0.0125757796169112,0.108742041672429,1,0.0175626913416703,0.168781864657186,0.526928856114493,0.103226271713074,0.674538085447172,0.0795191982801682,0.682078698061018,0.0875768084213954,0.539687810326445,0.125358510346435,0.486228742613193,0.17877924964554
1.05943249694838,0.0662549607725125,0.0287397512199404,0.00920393939541379,-0.203787054145004,0.093025468524581,1,0.0163634873867557,0.203057421928581,0.705345914884481,0.111026238298994,0.819389131945513,0.076278806375917,0.691004269943434,0.0950006755021532,0.801817089299828,0.120586648728331,1.09352092396215,0.169581646594672
0.997867125831102,0.0590112879574688,0.0149353278666348,0.00573702006273915,-0.0856198707541054,0.117469010637266,1,-0.0418120342224365,0.204578663979128,0.729672530058357,0.101453425615282,0.740485023370045,0.0805840028561786,0.564582515295362,0.0983425887683582,0.698892994695705,0.100074519512296,0.689935650553844,0.146599568331563
0.971267601864498,0.051266906882759,0.00574162474293017,0.00331242493146433,0.0107839950683334,0.0991629464088385,1,0.270603491469352,0.169287775807743,0.557209123213105,0.103675966839498,0.623522756224484,0.0841670449879876,0.64664001727786,0.0823974836085047,0.729616073719252,0.106654844494229,0.507875840222249,0.153049924646189
1.13490358444959,0.0670907205152728,0.018356063942345,0.00588909076218012,-0.169707874280928,0.113927418737671,1,0.0656921916760641,0.199948387691928,0.738869349585296,0.116756582681634,0.882670032774101,0.085561137030677,0.714974275069834,0.0917763634764777,0.919725412680501,0.102365820138015,0.795576516715746,0.148017623451761
0.932331701219565,0.0456341285737093,0.00337025801924146,0.00453781867645796,0.280286194225585,0.0881737552748568,1,-0.181569342699861,0.184821058650433,0.766958798152995,0.0877561970216429,0.591592262549163,0.0808642278488079,0.606102833338471,0.0817818322875272,0.603433853823446,0.102179575620137,0.683408421455488,0.135666704910674
0.972033544504393,0.0709633893218639,0.0240799900164289,0.00867653090460017,-0.181626160576096,0.124941712616845,1,-0.153437641020686,0.200032417049215,0.715995247679971,0.0966673383918899,0.711060088180993,0.0804375172348953,0.6527725832964,0.103388643716177,0.723939900822908,0.123801590436846,1.05804744278747,0.218317907054625
1.0371557650221,0.0581776404347613,0.0165059256540495,0.00590140194096418,-0.0960551136938205,0.119382277878779,1,0.0869649542622503,0.223385735274129,0.729663167130162,0.105553673496624,0.672170233174229,0.0899805407452342,0.60926892641918,0.0900795880906298,0.975673299809332,0.0861897080222631,0.421686003875485,0.20327582129839
0.98002310403112,0.0581331300142709,0.0112671211551993,0.00617498976380854,-0.0484832300003858,0.130028950288354,1,-0.234800276004141,0.197926679087715,0.780134002331938,0.0952326335766341,0.619299294333228,0.0874522234787198,0.6719263367189,0.0885189097522074,0.689928069213691,0.119672853373547,0.775086619163132,0.175337147972318
1.00341621179972,0.0529172205758071,0.00429110888784683,0.00346690764166394,-0.222367735469121,0.0857735171366229,1,-0.266823112260518,0.221894190373574,0.774634302799637,0.109986664143899,0.759412324372213,0.0791225783507342,0.808859998124694,0.0749249761705119,0.576562747633631,0.12231956618966,0.847747389253072,0.190519732985381
0.959360961220561,0.0581992980351916,0.000985934059503765,0.00473325405826312,0.211334944887296,0.123930945235347,1,-0.162533155042644,0.230619943938944,0.738443992293556,0.107248268783095,0.684757182729084,0.0768494800243346,0.695138919742768,0.0882347117250912,0.47311800899604,0.111508809522504,0.618963535482962,0.167552329480385
1.01462633712073,0.0595916158401918,0.007248196721372,0.00453838228973451,-0.0298352466312122,0.114935825876414,1,-0.23889977407939,0.189182021563987,0.839352482050131,0.0880263652257442,0.664088825616013,0.0809237793300151,0.755502957624513,0.0969627103767258,0.629738949585107,0.10689533005754,0.809371658331713,0.171450245834436
0.950583995670589,0.0555873600683087,0.0056173370165951,0.00382201793193731,-0.0676892047298833,0.104238231506307,1,-0.416887779043517,0.210060987247426,0.773758062623893,0.105090596976774,0.642961673267456,0.0951005625394336,0.752259791069992,0.0766760692204056,0.704730292833818,0.0991723790669203,0.595105376658838,0.192630386511425
0.976108809846273,0.0564526943970089,0.00880358100784422,0.00470254051441861,-0.102594959352444,0.114453747738704,1,0.237173113133474,0.194383228642293,0.649639493848541,0.104904810477436,0.488426905740499,0.0966630958852182,0.718743063820994,0.0845232999094123,0.795064716382228,0.103784067175754,0.440756435789946,0.215673213178881
1.06441749647016,0.0586291874114389,0.0112259553591869,0.00468057992794259,-0.139740387754161,0.104307400096446,1,0.348812357827478,0.171434361191821,0.632825838352208,0.101564605179464,0.74000742518622,0.0814143413623923,0.673233987617346,0.0888092613095839,0.747344717650296,0.113619446925721,0.949776889779481,0.188596571719089
1.00832412773601,0.0576981726912991,0.00666408619901572,0.00428268718139923,0.000908263779685292,0.138916002823474,1,-0.149019796712516,0.228488069685045,0.863339343286905,0.101352624801241,0.631446542157692,0.0798876517051045,0.713848117230894,0.0936959350186231,0.744516552433583,0.110119198700762,0.75287078889687,0.26069845819661
0.987561349515673,0.0553507760354017,0.0124412574713919,0.00548536101710217,-0.0465938186725387,0.110441985113823,1,0.0723269390000634,0.191100315968213,0.594615027239453,0.105087682648878,0.689136854619761,0.0836294643775302,0.771901610405159,0.0838076235234813,0.669119297021375,0.102345875763714,0.892150345835738,0.174390974443143
1.03948574733433,0.0574779897752064,0.010772022628194,0.00584574389283967,-0.0521087722471245,0.14967508138135,1,0.117647111538321,0.195110900032274,0.672456416136179,0.095396650456393,0.673123535528812,0.080610433055873,0.700571631181199,0.100853403310114,0.775790290872253,0.105312405492284,0.816396292494427,0.181482340972028
0.963021647239424,0.0520863944706198,0.00382122811404976,0.00385486722938725,0.18133759541983,0.108766299157887,1,-0.0538698416682333,0.21957960718472,0.71084991261004,0.117904604454076,0.507118160855053,0.0825335198160276,0.776778248080091,0.0819710461621256,0.65811614284856,0.100975480900886,0.686275157466668,0.14290649172575
0.957236229264284,0.0641777559314465,0.0176437560297722,0.00896173560805179,0.190644039247258,0.129834460703812,1,-0.00548419721544082,0.232963857376814,0.579163698300941,0.120217596078642,0.698877761630401,0.0874470807570291,0.738527851824955,0.0855816192539222,0.644794389707875,0.120546006784333,0.182667273371182,0.206313331542784
1.0651066504456,0.0561556464318799,0.00895507195164071,0.00444900310040874,-0.0565269836660903,0.130122276252338,1,0.124869448188285,0.20312114561039,0.82473404144942,0.0880866253537634,0.641505652759122,0.086251066614387,0.809864965018001,0.0912082910628798,0.791781531854218,0.100711369716497,0.60653512614947,0.190653125960371
1.09406838949369,0.0640827805615396,0.0107063899933009,0.00422975749537957,-0.106636640280201,0.114188574308503,1,-0.0683229885873361,0.318148093953122,0.943938656657251,0.127829750477341,0.655500847603256,0.0812230833895992,0.834299548738902,0.0891447617486522,0.652619859759313,0.105757321087388,0.584673055890506,0.15685925961493
1.09794787272495,0.0659367621205481,0.0237450161157519,0.00825416735161618,-0.161000275845936,0.127296957593942,1,-0.0154571487444947,0.230192970282445,0.92310524751195,0.101754341756438,0.62253152147804,0.0888668434875368,0.785921647604119,0.101959777621373,0.79636195796983,0.107018405266575,0.787856197699619,0.21591641464994
1.00002417539723,0.0616537998825509,0.0104487316265208,0.00604940644042573,0.0108882755928818,0.150844859354166,1,0.00188699922180736,0.197322285486358,0.698191576185418,0.105387711625962,0.688993067611173,0.0829154195130287,0.762481722619328,0.0948918955172945,0.613421797726236,0.111137471659765,0.92400366711566,0.167428180525006
0.975763973373383,0.0659958806865951,0.0110240402747929,0.00591150068150604,0.016185717228643,0.128478793240728,1,0.0817563012402889,0.190962888148602,0.58419233606644,0.103480203425595,0.672799190614682,0.0855678133480912,0.836367421954546,0.0857933424428495,0.389500651036999,0.121863567497343,0.784358155917872,0.171033492428067
1.02855516624631,0.0653068091699068,0.00797175808532024,0.00426649901160143,-0.00779923600017481,0.117150176591468,1,0.208269297375857,0.195828981622728,0.612261890238999,0.103112034422489,0.695041759581225,0.0886962766350878,0.596532915002396,0.0965157549045621,0.907206008744907,0.0972923190078777,0.574782292773074,0.159812070422186
0.925774921166216,0.0528782894940131,0.00688675998683867,0.00482600855511814,-0.0220867541737604,0.10629599252834,1,-0.560519696678784,0.21177323756921,0.809791228158802,0.102440900011014,0.622660694796763,0.0882132508531147,0.645676416334686,0.0961279281410607,0.627548566710145,0.0952869494565594,0.737553583751726,0.16109033207396
1.00918566844176,0.0639410719971933,0.0188117708302986,0.00706589167602042,-0.0813710973907903,0.11953869438359,1,-0.445231329676053,0.218788689759162,0.900205851825221,0.09394133715216,0.738628182833636,0.0816851324767868,0.605517658362,0.0965778676252076,0.632178055060056,0.108238893860783,0.992132208428046,0.165417701475944
1.06172220764904,0.0593229403427823,0.0151010449963076,0.00475572280142235,-0.110621252939721,0.114193513653309,1,-0.167994504889255,0.180110849687048,0.887419247995953,0.0940912314394291,0.748089491543852,0.0836235799337753,0.655857410970047,0.087687880985232,0.843633231101168,0.0946628673607262,0.649919703286156,0.162688328555483
0.995714391817415,0.0568066658757239,0.00745693463626869,0.0043144722594546,-0.104989965977945,0.138010568219254,1,-0.0160977013471549,0.199557634541998,0.757430096190525,0.105733439620049,0.784773426996327,0.0795560010445448,0.505761951837906,0.0952125658038023,0.817833113924772,0.0983121425718807,0.571422063717704,0.167408414680614
1.0030792776683,0.0586031684997937,0.0108369705561521,0.00496322126093519,0.014063896829762,0.127815791149704,1,-0.0748538629673573,0.204260308720894,0.772509031765652,0.0958347327811803,0.73253012883134,0.0796408081616955,0.627146450783475,0.0972886707480776,0.863427487609715,0.0993737909399378,0.653254681281364,0.194451038387899
0.929122780938351,0.0553787929366896,0.00885416168874193,0.00496061146266639,-0.125552066800572,0.110385741803564,1,-0.104063369048527,0.181652743616928,0.523701877350516,0.111941270692368,0.833252279828434,0.0753101285788847,0.661080189957315,0.0968934380757859,0.743907487779115,0.118351481520706,1.14329304316043,0.223275070760622
0.980611669308269,0.0458831851119888,0.00812864586206618,0.00401142216098961,-0.125825652188517,0.106299161538843,1,-0.0969630042632795,0.204484003099827,0.648989230097188,0.116542348537459,0.743568511168943,0.080303303520149,0.601124969437651,0.0837892956072688,0.815993554246456,0.103195026327169,0.708437333577698,0.155807551990449
0.915517929891826,0.0553127766126389,0.00291553674633053,0.00462637533479022,0.172101177881842,0.123067468760719,1,-0.266645254452168,0.236708997007707,0.75271180402887,0.112524883306041,0.580792109405302,0.0810133292781209,0.679177441615155,0.0872250245827056,0.672200839768944,0.102277304125986,0.504241645349869,0.183814618646293
1.01504485866476,0.0675615048021849,0.0134756494751921,0.00639750256848645,-0.0135568664849208,0.152956055554935,1,-0.0133698472799776,0.175484201984768,0.750729438867584,0.0961415929156996,0.617974337922053,0.099985740388539,0.759731279055223,0.0835783305320895,0.796400511616861,0.124201952009342,0.780892795632834,0.184611760998874
0.924362930532472,0.0427342360527014,9.22364959782423e-16,6.07409732791694e-05,0.0380530739152963,0.10430732895676,1,0.018994526683655,0.180443464440331,0.633249204690113,0.102951911968997,0.679451725635574,0.081890471502893,0.542399100108311,0.0858880284390478,0.628985898316683,0.0946278452252898,0.562547936020596,0.144099372449996
0.89718374793902,0.0536945288613605,0.00911954436395663,0.00420663390017138,-0.0969288431143594,0.0970856920463177,1,-0.490601768983202,0.206290796347255,0.775673855403093,0.101671014983728,0.680121052678393,0.0774372155339243,0.593418687380631,0.0883633381193993,0.802066741274236,0.0945281275537015,0.676255008911721,0.193106456645175
1.02915418092399,0.0604627455455155,0.0107755234602489,0.00490736686643435,-0.0180859583273963,0.137271228119573,1,0.258868065407784,0.233769990469093,0.737250540076309,0.110009910020938,0.558858900359764,0.0905613113770085,0.691335361265179,0.0910034564492162,0.633237801878885,0.107092631287885,0.801747819340573,0.180057511036107
0.98003119656139,0.0539519228130563,0.00666946589379674,0.00424080592536177,0.0455439060022469,0.130602864983755,1,-0.0726473082011966,0.225205340134347,0.708564601650246,0.109721652035495,0.723224117663639,0.0783536066926008,0.680108930399961,0.0991472159275823,0.664480960527555,0.0961912842977413,0.904654498050392,0.155534327127519
1.03694274789809,0.0610384043403708,0.011855933858928,0.00666395329485878,0.0857111805649035,0.128201632423787,1,0.250542419827308,0.220008613839806,0.60011210672564,0.116654331663204,0.729653893982131,0.0771729377359406,0.625424375380956,0.100648349077531,0.957570155208257,0.0965194878247893,0.708733339249641,0.172982859331455
1.04340605030867,0.0667149463932362,0.017863755142143,0.00659665162429349,-0.0611361399820458,0.117573539259923,1,0.204693135569531,0.203019234887058,0.578520540510073,0.119081962207251,0.776243912955232,0.0896673137082351,0.748129692762715,0.0924481233388512,0.568012763261433,0.11077016194279,1.0527334397454,0.168264078439497
1.0112150520536,0.0586039770925856,0.000115951503558108,0.00480699171915859,0.185899920220266,0.10095782516656,1,0.305967590120202,0.16733988227699,0.607377958884648,0.0948562524959407,0.646266740240686,0.0817794879891944,0.795659715245112,0.0877196131169127,0.68692952973598,0.104977958498832,0.659822378434275,0.233127760951561
1.11175362992061,0.0654710739102222,0.0173240158639557,0.00694492626865123,-0.0887375704384614,0.117550300770145,1,0.27644255745665,0.199595439098852,0.72636384855148,0.0978863688241303,0.676311528294579,0.0789552944372509,0.918406332038122,0.090325942989235,0.754711712968333,0.119572293220243,1.12187305561785,0.173368747909831
0.970546319172388,0.0552230296390391,0.00733935196187546,0.00557075200426766,0.203226929077654,0.126984338689756,1,-0.533156844402166,0.227014119727117,0.951529329883657,0.0940250724019897,0.614121532494807,0.0897161084263382,0.62017545111705,0.0996835193173705,0.707959452857685,0.0821383760094946,0.832717674897941,0.159396107663156
0.927365806611426,0.0526366716987632,0.0112671586155012,0.00488309696706647,0.0245867990735963,0.0981037447232349,1,-0.296090899787321,0.206883074408076,0.72152147127716,0.100851651434736,0.752480302257851,0.0776604965560396,0.652874682131744,0.0828609319448643,0.544032573919099,0.113066289609529,0.707480190377511,0.147999996286368
1.01353864891039,0.0497283912967115,0.00526316775932102,0.00448925725854077,0.179067452381019,0.11086902700097,1,0.192629271582708,0.168390442881954,0.534447343474615,0.102840355160063,0.658993671133614,0.0759858062867183,0.817412413745351,0.0950333770061478,0.766398017077055,0.101872328840179,0.609778287630559,0.219908132779869
0.996215776435926,0.060060409135439,0.012395936512758,0.00585348756084514,0.0324833251895215,0.110962989665689,1,-0.104478160337439,0.217235566769019,0.669524659819319,0.10875292763473,0.761555415410677,0.0831994914898553,0.708871256739595,0.0899386285975583,0.717725654378333,0.105718028528422,0.793663571165644,0.153902538247311
1.04724806222958,0.0628204132224575,0.00974071009777219,0.00413276832917753,-0.0559737760580323,0.105529282322487,1,0.154216525866031,0.213061267236319,0.509908587954076,0.123752734188335,0.887869996644017,0.0861205883583252,0.623014844977863,0.0928256635390349,0.81594555095584,0.0881565998126288,0.689069047821391,0.149443352216606
0.980429087143887,0.0517247544410769,0.00917291364135683,0.00521484801490476,-0.0461436331385297,0.104663736143865,1,0.11654630848506,0.192025622602899,0.690237011715627,0.0949523959978776,0.562407860996287,0.0809797616378472,0.672631121729599,0.0874679656963873,0.671810290204526,0.116996825679596,0.698305463983252,0.138859739397407
1.02463668722478,0.0658499394604455,0.0135514219909354,0.00651426223879719,0.0374658032502289,0.115252500037535,1,0.203248562094078,0.195548568756172,0.627017178151917,0.092811390266067,0.674865807311931,0.0863979486225641,0.708896871121367,0.0940736382791363,0.884653766981698,0.0977770620687028,0.289633479402766,0.233252569056083
0.971379301387821,0.0566851409811287,0.00726475591279272,0.00396057565565919,-0.0209913276868524,0.122642910349029,1,-0.488082707709299,0.256801235338502,0.920865849041026,0.105501041790993,0.585059468091674,0.0864368218425702,0.672528921471334,0.087781525190363,0.696248039082984,0.107633102209206,0.793444120447058,0.158646271374072
1.06476478963784,0.0659134676100256,0.0130976329930504,0.00544531757168492,-0.0808082442735952,0.126237285187175,1,-0.54375545260267,0.267790983751948,1.11839765581759,0.0992707215026418,0.585362089556494,0.0849693315485458,0.664305197851028,0.104581248972468,0.648216587933099,0.111737646207891,0.676696791655006,0.127637720436265
0.983834227254628,0.0585589375795928,0.0124164801089231,0.00612155539315318,0.188665339296409,0.141738851222175,1,0.191347220134701,0.206162989385431,0.492296304057218,0.121917885371484,0.84383604769568,0.0773853871102562,0.593898835168051,0.101554593835777,0.725997432866057,0.0989487875713273,0.969125317682693,0.173000313786934
1.01377393614623,0.0630127902125944,0.0125610867111205,0.004860604555551,-0.119564901194855,0.11687409027244,1,-0.0889477585865246,0.236294231949031,0.763612620504812,0.108695725312214,0.661776014636992,0.0904854561294389,0.737432852746894,0.089835317864723,0.8337657159221,0.100933627551897,0.993136892029071,0.178165432647814
0.921056073959111,0.0523697205019296,0.00258725398722001,0.00302551670278593,-0.187409689306251,0.116943050391774,1,-0.487729656732681,0.221817738062114,0.793775540457367,0.100930336677955,0.64366913468425,0.0813742223458647,0.615203265198832,0.092003144932068,0.792979659327183,0.0946221391316965,0.815241516100832,0.232932788457982
1.04801509757923,0.0581512721160449,0.00846590177790355,0.00529967813686466,0.103600245539076,0.107908601534517,1,0.216282587182264,0.198364761875347,0.605784664256471,0.108466555038607,0.682745409234225,0.074588894819686,0.743997467100745,0.0905148277027096,0.717479859744314,0.104963608150848,0.456732155899901,0.171852878362695
0.969876988138072,0.05209345106118,0.00688080274316896,0.00406208858270772,0.0906085740835645,0.108010967444724,1,0.0912461772165582,0.222109693797609,0.512644570966946,0.122326306913272,0.775299739203256,0.0778398074208428,0.482144054259406,0.0937864563949,0.767524410048151,0.0935784817701065,0.789924307415385,0.141377555636461
1.04401318871119,0.0715571727925814,0.015866917530006,0.00640008553600898,-0.0458150161636782,0.129525638231088,1,0.0112216862457156,0.185277882659376,0.723208642046951,0.106581742458216,0.763839519369144,0.0862927294651093,0.700249649091579,0.109781820109374,0.76871781527857,0.102005898183836,0.781375119356714,0.148815611588101
1.03187988044723,0.0581916208976931,0.0218095991625224,0.00811573980050838,-0.159410048222689,0.118363465875428,1,0.0510147688584029,0.190041698937174,0.604118871567029,0.109779662278845,0.782446997728839,0.0751977739245124,0.78904019432918,0.0827009406105756,0.604876348588075,0.119688772278319,0.890591720447615,0.178482033012755
0.945494852799412,0.0519272577054772,0.00396705092643823,0.00358310471569653,-0.0303279435167188,0.122901547005243,1,0.23291460212213,0.226355011258228,0.500525881422106,0.13064425335413,0.675231735928648,0.078419442717292,0.647888425941909,0.0925105266674845,0.442437551927065,0.105648608538721,0.753964358383423,0.125727418104657
1.02565372405,0.054869393625249,0.0116860276060315,0.00609902027060216,0.0684123228737505,0.121702385415603,1,0.255260106905941,0.205494681345811,0.615732262128667,0.10311192681581,0.722561491368521,0.0767630429338801,0.745660217588555,0.0942996019500598,0.866670542425736,0.108837731357348,0.792234610818919,0.213321610533061
1.03068379497828,0.0533945570716913,0.00668647331992324,0.0041879013485035,0.114006294753559,0.112005817338219,1,0.330874048604646,0.212655096267958,0.60088663961104,0.112723775797243,0.714888568002718,0.0770313285032894,0.629005124309587,0.0876590921026179,0.747424898072537,0.109367280843779,0.845446978841554,0.145489100761676
0.979900515024458,0.0551832958718451,0.00368923462513206,0.00470957161801221,0.19225795353294,0.0984093105175107,1,0.200326204123335,0.192632139818482,0.699201568803599,0.0922966609612147,0.583513509472749,0.0778745912265095,0.599963964073606,0.102329312811039,0.644367295676039,0.111937956564417,0.726105894609493,0.156088000909341
1.06572505784944,0.0697906561249626,0.0150865246606899,0.00643652791643345,-0.064385760749507,0.121703993990256,1,-0.0833903681379317,0.21374694803282,0.799183135080493,0.0984752580537983,0.733933841477443,0.0769581309695546,0.801187626862635,0.0951700175877034,0.671682077664661,0.115291212031943,0.794585260831899,0.20391506923021
1.05007544576182,0.0573925941297104,0.0107034103581194,0.00429563416127826,0.00323436595053084,0.113740578034763,1,-0.125062163209566,0.188443591644478,0.762645706912694,0.0964250425074115,0.781391501873899,0.0830328633723476,0.859201645358202,0.0877058858484062,0.57546729797175,0.110753875373762,0.822332561239963,0.156725876890074
0.993889987415905,0.0548650626529355,0.00555907734128923,0.0037068718111993,-0.0293838700716016,0.110846194647635,1,-0.0722134336318331,0.215958805427499,0.689916686243698,0.109141945254784,0.754528143568845,0.0756990797952402,0.67424176656311,0.0921778899722977,0.670793597848126,0.113106902731187,0.473971050503031,0.164435318953311
0.894171086339041,0.0531584793457728,0.00888628478445399,0.00451022455334842,-0.0921557836174999,0.125239823701639,1,-0.107204647868165,0.151453480274962,0.603724089405845,0.09380473425515,0.604949070487028,0.0840522464552202,0.605688649705469,0.0895141026118082,0.695476810225186,0.115087544838125,0.448810730056758,0.210340983148286
1.01789447282909,0.0587356257612601,0.0104866872233985,0.00594990505695238,0.0351195610400666,0.123232567628524,1,-0.167214227261176,0.221469931487237,0.660720509615289,0.117583834894634,0.835929582971939,0.0711967613431873,0.67813324223814,0.0974653177223473,0.736449805775608,0.116662944104909,0.543677780758616,0.1695453752365
1.13342662349618,0.0743152768000917,0.018055469865377,0.00747921691776094,0.0139998093102761,0.118566515159093,1,0.266019764178722,0.202975901374668,0.604021423967139,0.112917135171847,0.877137659067594,0.078859317215008,0.880676711868348,0.0976613887432637,0.851131488224562,0.108862813502886,0.43443338810783,0.182204881473075
0.909193997736673,0.0489733029935121,0.0102151555561951,0.00342269496532276,-0.0768123740415088,0.107793845547537,1,0.0173431487684692,0.193744185167213,0.552215081961958,0.113106530663772,0.584941635762363,0.0852982448334285,0.66373168067726,0.0829451896894811,0.65294960472548,0.105659890871907,0.711377374579912,0.162217030193913
0.98724764646828,0.0597725917810677,0.00555208390989327,0.00465990640441697,0.0157549231201764,0.126078369598981,1,0.0378879517153337,0.224156174185382,0.675667955582,0.114164294377713,0.737037686126635,0.0764275160029155,0.552594062374684,0.0993875825178395,0.746461363283737,0.0962287596483164,0.520991699639963,0.191328362606363
1.02135773005741,0.0577286346931369,0.00853911023944521,0.00517448541038117,0.0665051956620837,0.131773197090898,1,-0.229074567682208,0.224703625415138,0.748859463207246,0.114706400639703,0.736638216796417,0.073935536156013,0.72706317799268,0.0982716568848072,0.768056333804494,0.10649737300248,0.733562039343995,0.166776523934461
1.06084954935516,0.0624259602345657,0.0157690870580293,0.0055424332563365,-0.214441208297438,0.0868069253061635,1,0.00615684009531025,0.182888990277944,0.710615279316655,0.101295255873658,0.77903587849307,0.0803652756626156,0.71774722249532,0.0942098271649359,0.763662241689255,0.101118124325856,0.662173747639824,0.172263719783707
1.083120708441,0.0603812049774111,0.0104154072836008,0.00526264035509379,0.0639386291450991,0.103047925421839,1,-0.0559235982209627,0.242891148180122,0.732219936901275,0.112912575829726,0.777135634194186,0.0855605953716198,0.764414266333991,0.0801020524424008,0.746165080455698,0.101742521587487,0.597446229351196,0.135856139422909
1.02143490463431,0.0577568582466298,0.00686107589266369,0.00419858537828506,0.0327977637296328,0.108393888764496,1,0.118020277401982,0.251092805752835,0.701698180973049,0.132037395308,0.683448229991484,0.0833596811572478,0.698611300490313,0.0946489840170508,0.778570197160285,0.0978099725134937,0.520782727050382,0.166019448045693
1.05867676773822,0.0603893866620719,0.0150943580853439,0.00643079336777456,0.0122270856023119,0.112275899225358,1,0.107958287471442,0.162223084551958,0.688952249818921,0.0860175644327199,0.731146205371312,0.0783340350637682,0.735478716699442,0.0927761110635691,0.733678964826898,0.114955733452176,0.948049240558621,0.190671062178211
1.04967765172208,0.0647575446826282,0.0183357673602195,0.00888396631893244,0.0780049163299931,0.135421366985351,1,0.245614710602783,0.207102987655781,0.747467810137253,0.0850418267007524,0.600688881715657,0.0935932444276016,0.753409503843014,0.0955343689633014,0.765559117563705,0.121344305764618,0.848226017345592,0.170500603157142
0.932538571086562,0.0477056675642651,0.00558426096492565,0.00414019271307516,0.0812152127482696,0.140128822692348,1,-0.075935873053713,0.204907695756851,0.713724586928268,0.102870846902843,0.648911838292156,0.0834382840632542,0.486474983820692,0.0916154030082998,0.663947715772673,0.100936386571268,0.664901469260444,0.152079346609809
0.984675169969314,0.0580007873798657,0.00871396682577615,0.0048125740067462,-0.100071448587959,0.115693479982812,1,0.118810492408502,0.204349564813612,0.603893380797046,0.109039967573567,0.708578940212981,0.0881950185644636,0.651223509249136,0.102241165999327,0.771530539919343,0.0955106199110584,0.471239035107299,0.175984561759744
0.986334951052311,0.0508114007578995,0.00320227809511244,0.00402100727848761,0.0740260341903305,0.107521771115017,1,0.196933805823356,0.199569040226245,0.615900973645866,0.111158448414032,0.691764496372422,0.0787002761864475,0.571862476360885,0.0971848274193224,0.837024915181293,0.0952625292231399,0.621632242309351,0.168437143498467
0.967625208839334,0.0524091348216743,0.00417544248835778,0.00365786988900555,0.126351411149601,0.126675545602817,1,0.146080794712574,0.174369082224234,0.532373300966713,0.111276972722213,0.61675751304412,0.0872787208373002,0.754123257141173,0.0825632452878162,0.602919052907649,0.0980114834855133,0.530413914987422,0.154011010720795
1.028267016491,0.058728109293712,0.0162013045993101,0.00595343683836523,-7.46175216311652e-05,0.127888922465174,1,-0.121975488543394,0.21932856572004,0.728659799251742,0.103054043844649,0.765141421745655,0.0786980206306573,0.681186803008991,0.0912949450176037,0.660825473419137,0.106419745558468,0.780568784486846,0.132520972231387
1.04667356169132,0.0532383734842638,0.00978829883493302,0.0055778135983181,0.00449670081843017,0.119200132082191,1,-0.0964524941026048,0.199221373018203,0.779909330852557,0.0952087237847201,0.772597967349314,0.0770272599810333,0.805309347400868,0.0864721064208914,0.754956462954557,0.116920917551357,0.712690564016402,0.167275356499374
1.04471083510166,0.0622635611015633,0.0155950289746867,0.00558957384649739,-0.113788352776053,0.119933587216634,1,-0.0383707284105928,0.188258199000352,0.695716503545865,0.0963484501834728,0.80899665814652,0.0862850470591081,0.710607162658336,0.0919434271574184,0.742293491445199,0.100697784872422,1.02143784960706,0.131587890051119
1.01602369516435,0.0581598542464797,0.00940354438908162,0.00507764451092754,0.0646950249115445,0.109104235247092,1,0.143521800678188,0.2036487056704,0.663896560999462,0.109900381449859,0.674502707595582,0.0872134210360743,0.652840071749211,0.093443574752735,0.508192909427975,0.105885006263248,0.675586710692959,0.129921227085246
0.985790786451634,0.0505554729808354,0.00797344303416935,0.00490540151610903,0.07408605127189,0.112035805951683,1,0.022921791164092,0.195919412398308,0.712986500035447,0.103057234658474,0.705976228699907,0.0774186609439752,0.704175286031072,0.0831147173760097,0.671504007584371,0.111695555081927,0.97693127700722,0.256676444154688
0.996121452113371,0.0592315794393818,0.00454607362959531,0.00493792139767564,0.183760344547147,0.0926890769407276,1,-0.0957939980830511,0.225568806843319,0.611058860562936,0.113252432700878,0.755951986569997,0.0779991515080985,0.654888602737497,0.106835576750291,0.760748723723028,0.0977671129537805,0.564932578532654,0.175739488752701
1.05698390833014,0.0696608805691332,0.0255577386226815,0.00747208168572581,-0.0877179726100318,0.10107492746503,1,0.18644567596532,0.206058686188069,0.730803908858672,0.110996887343189,0.608070108058183,0.0910006821044954,0.701035749711346,0.0918376161795595,0.82743878019439,0.113811202883081,0.818433822601303,0.141083270104229
1.00293442414897,0.0631487164762128,0.00939033164886235,0.00453915878237964,0.0513482595605787,0.115552657220609,1,0.271531531769782,0.178738897393895,0.596683880213336,0.0977930396244465,0.686889041962241,0.0866690534072623,0.751756371413997,0.0884863626001345,0.7000505653564,0.103542636224812,0.325921864098881,0.201507217512314
1.05773431539532,0.0605820751544752,0.0126597574978402,0.00611217953826439,0.0867174080036994,0.146915429460941,1,0.102462460263338,0.17544330321836,0.730637881435272,0.10032527592589,0.686594149449792,0.0897319336006614,0.770211020485802,0.0903802117983853,0.856453782627656,0.0970214994245943,0.690201991058097,0.195659993174991
0.994791947469456,0.0628987635474364,0.0073103597293769,0.00483390744441608,0.0792638219368413,0.114082098449521,1,-5.24937753557077e-05,0.230907540403275,0.58840071168814,0.12861474754002,0.737626782498938,0.0825480599011908,0.729541739641969,0.0970397970916597,0.698251403090519,0.0992231052033199,0.54287706014879,0.157934190934594
1.02757193491551,0.0637459012715305,0.0115309083770619,0.00519974003370511,-0.194423586994843,0.119265063702911,1,0.0825692805443315,0.215728433391791,0.69527567796958,0.111781434030959,0.648965360786863,0.0854342822526235,0.690060920749399,0.096413968775815,0.775586517907995,0.103160863270625,0.82735006022245,0.155131976148596
0.959888605835922,0.0582361519385693,0.0105836720495187,0.00540306259917646,0.0327863787682326,0.132466866884947,1,-0.0914856847198847,0.19669174055485,0.798461826368307,0.0981642900450927,0.61880880743317,0.0818346218112127,0.634195848090332,0.0931464849360155,0.780931836718415,0.0995803390476583,0.559205215817511,0.219368398136769
1.03313009300389,0.0594684796214803,0.0137579363752691,0.00665779343675064,0.0783949341353804,0.151230045684739,1,0.139183683073935,0.206226660613245,0.632490591046124,0.10083234172156,0.700498935236121,0.0818551234617524,0.728510273841446,0.0990462903714936,0.568396134777067,0.114043746246843,0.745965580829196,0.162254560243558
0.990633418647968,0.0559495730276612,0.00905364515243627,0.00517270609397778,0.0100365197504213,0.127248228721833,1,-0.0343521572059919,0.190481177704842,0.674741849342618,0.0972909931199503,0.668913290178093,0.0881876280830659,0.675479865061345,0.0854618818897478,0.676489463557085,0.105870232579508,0.940566021564598,0.187019702852713
1.01170435874812,0.0625971387653566,0.00617316228879461,0.00402434743080802,-0.205980940133386,0.115032545740657,1,-0.0516092843967354,0.200652507272137,0.718085035797815,0.106789678848018,0.684900481333083,0.0879234425625058,0.781690168623544,0.100068315201335,0.642063297422173,0.116528473975863,0.624103962541109,0.173069403871216
0.981678608416976,0.0632656748831145,0.0175358317125819,0.00688361331897825,-0.05576174355001,0.116556952405414,1,-0.212112536868053,0.182659222283213,0.71993814433771,0.0959638592707173,0.796497819003462,0.0818920055203663,0.425389187110249,0.107835041363477,0.752298481145128,0.110789612260608,0.928554804243612,0.172299655994877
1.01435965505141,0.0558310194310404,0.00249751479497042,0.00496603581236606,0.250227608206199,0.113228605311843,1,0.0773368363457254,0.20437587193078,0.71930769975889,0.100529189424542,0.605702844183526,0.0831179512193438,0.75057585725264,0.0863312280668224,0.644495501912199,0.103587505822881,0.963119875780736,0.153229330184874
0.959292668794115,0.0567589792571995,0.00622511638643922,0.00393741570101658,0.100663413434679,0.128598570135284,1,0.390795178386293,0.208589888571662,0.3780997378487,0.121737177010394,0.700974158264958,0.0822963676594917,0.662388577050598,0.0922910841566004,0.801259526195036,0.0844774578839928,0.551867744092649,0.166884979079133
0.984228189282032,0.0547936554296426,0.00352623884237008,0.00368842930552294,0.124280646306258,0.123310312082125,1,-0.156108481647728,0.23112809483676,0.791414799348123,0.100006937393891,0.752293700331104,0.0761304304776304,0.63729583176544,0.0907807616982428,0.609762277739984,0.113102344523111,0.452496244303593,0.147635958439884
1.1206142229558,0.0582608646714548,0.0132243197329748,0.00635614457113794,0.0781806816338769,0.143081740704858,1,0.259470179904533,0.233380799886467,0.693060038182777,0.11672310568308,0.77411496505802,0.0842010685834772,0.807034613640673,0.0883380038961469,0.824708350536786,0.0937730455826892,0.851104210458855,0.182019680149612
0.941207385462251,0.0566857502525565,0.00728102005950963,0.00393290790255701,-0.0724540405657047,0.0936311678065721,1,-0.0195447596446657,0.170453384599956,0.536396358564436,0.108594030056458,0.776748727294104,0.0879539706012568,0.512415581688079,0.0986063425447806,0.796918908939153,0.0874933382210579,0.708226856604689,0.162030257902281
0.954656426537193,0.0492854939612306,0.00483175285765638,0.00493762098592468,0.159327315643265,0.117894323669626,1,0.126430089801749,0.199108102906345,0.589068207243902,0.109938369383627,0.726099325375999,0.0757118103376349,0.699239747667853,0.0802831238487237,0.626456759052038,0.114171256790808,0.339169468830197,0.198877505687444
0.987259468571973,0.0650277985409631,0.00894171043313654,0.00480919720963096,-0.0462108734772119,0.118044900927763,1,0.0425962179679407,0.192557058240067,0.57801143663299,0.106415003975827,0.677856962949163,0.0842445600329409,0.699552583232921,0.0984680420682813,0.708852851824891,0.107204328602254,0.902105389593967,0.169071685525071
1.07427024463827,0.0611768233049889,0.0126296786606874,0.00586101867311787,-0.219250338408802,0.11668772384406,1,0.180958294790244,0.178327489261341,0.66550748731439,0.0998309165810095,0.773781706483142,0.0814669820291429,0.821678984816314,0.0964323310133955,0.626323241058674,0.124881702835928,0.515329291368281,0.212340175900903
0.979387412980285,0.0572686044041653,0.00767625010219935,0.00642539927424089,0.111286345482271,0.112849237679028,1,-0.290956243240552,0.183277040940663,0.79963712465167,0.0844491444642162,0.606904470963726,0.0776237026496554,0.691408220593798,0.0925393214401304,0.796201433261821,0.12392934036663,0.550319218825549,0.208505992632838
0.910181205111608,0.0562327266906886,0.00750368089184318,0.00484021584342994,0.0389649741647557,0.121430724675617,1,-0.194652166936027,0.16942629901659,0.649470579793693,0.0920154977371388,0.646735705948461,0.0862346172151894,0.74198255105487,0.0866633715147154,0.721313142995735,0.108204196569488,0.6473045675627,0.190900863787368
0.891493494154268,0.0492346630186984,0.000862359538057225,0.00481037396770712,0.254411472588462,0.0997288502408727,1,-0.322609556105258,0.181882275561988,0.670631663118334,0.0895123762358209,0.718804107607215,0.0761400147791894,0.635951869454616,0.0808238058857483,0.627643174924425,0.124877263713662,0.370179350634823,0.213240291811044
1.08038408968604,0.0651381005876964,0.0148810358954124,0.00568672319016961,-0.0265902602810038,0.136252778432018,1,-0.0851758257696277,0.236811973330715,0.81422908299448,0.102402485492121,0.705355100116244,0.0890665623135557,0.844024659253374,0.09059035740497,0.794440780612661,0.0984686152908469,0.674636818246879,0.229211931611868
0.898049540176874,0.0541441383415882,0.00191793262204407,0.00300284304770961,-0.0986085651808989,0.0995019305736384,1,-0.129956204186279,0.206115530223837,0.567961716971073,0.123487647333877,0.667523908950785,0.0781966397285486,0.542390016194709,0.0885178238027796,0.608245264569632,0.107061795277914,0.632778369506621,0.13570868896553
0.963611810291951,0.0519969164686324,0.00840450412924169,0.00405909742324836,-0.0362921287450381,0.100605478509785,1,-0.0263456745591718,0.177298747716356,0.74191252341822,0.09766517825521,0.652234978677428,0.0830891119942058,0.615218022063846,0.0991757106998357,0.69666770294581,0.0985049526593853,0.801854198530405,0.177706665905134
1.02835968276297,0.0617574834260846,0.00758299184269388,0.00484815416319014,0.0520308696168866,0.109506001554752,1,0.0208469931919595,0.22788816870261,0.758561232788922,0.116308067907623,0.700509413626661,0.082595898995483,0.730030002965765,0.0913124251073077,0.675198872558098,0.107946153965256,0.694413842970274,0.160348996084151
1.01387172889874,0.0595889259779002,0.00724290473937153,0.00435500485301132,0.000364595339475783,0.141225077274955,1,0.0613816718517402,0.22189492349352,0.641229284886807,0.116346448776386,0.8259590737277,0.085712534283624,0.664359985743561,0.0909457206254427,0.687376546684469,0.0985797534729268,0.569990098573461,0.154809803508117
1.04933865153805,0.0536476120939495,0.0139084405154637,0.00492641764552918,-0.252752796082805,0.104081185722182,1,-0.0876612740511613,0.22192841722679,0.82175679772259,0.11041213228279,0.652235339173869,0.0827072878528058,0.750450344684241,0.0925782924273793,0.751281487779473,0.0957550140706983,0.69081974080449,0.191549531872097
1.10625272444566,0.0677209858697703,0.0204721137330924,0.00784325505541938,-0.161506683966377,0.121147595887705,1,0.0941681769426978,0.202963991873218,0.775962851172601,0.0985067153289895,0.750809254604058,0.0777254828577226,0.767016413341461,0.101472710579292,0.746311766873469,0.113285502512472,0.818297763335973,0.161213115998847
0.95035589352441,0.0544026427299394,0.00301654795179841,0.0030355230769117,-0.0516024649034557,0.101934716080129,1,0.0498095028464269,0.203950482634112,0.583907346036545,0.111729948861503,0.625956980299861,0.0762626060084163,0.772226813963475,0.0918749502008398,0.576970029565343,0.113520127737006,0.697020064771435,0.151653859199168
1.02884442109916,0.05620590057256,0.00740100681534201,0.0040008096538043,0.0266002309836548,0.123590091823385,1,0.258081731929349,0.19355014568598,0.652416150050428,0.107007299885094,0.684302091340262,0.092220854340764,0.724827986559956,0.0868388072325077,0.654711988923928,0.0939656306190705,0.743601129632934,0.135538560994451
0.935105759927541,0.0553127125973824,0.00697527333993237,0.00415044254070992,-0.0728006448859691,0.0942386388731395,1,0.233229957589165,0.189550344965526,0.576174917119851,0.110692876425522,0.578274097568937,0.0868403784750513,0.615667612829354,0.0918914538758835,0.733554544995409,0.105226793733509,0.77305001739505,0.21340136053748
1.13011024634551,0.0672036912849814,0.0115976372123044,0.00496009515333191,0.0159161730421755,0.142993528195137,1,0.386503528626993,0.210986201795331,0.624837905381104,0.11122986869315,0.722912360032973,0.0878545469977929,0.821616207089492,0.0928427951014734,0.6951922252357,0.10630624623891,0.716743822438408,0.150363626463971
1.07806724227622,0.0676922171350574,0.0144919055615138,0.00533560148112962,-0.203142095388274,0.103924105641976,1,-0.0465041619546897,0.202072538729028,0.830070207677176,0.0947159183253825,0.742883722824803,0.0873314783730368,0.686221112799894,0.10765504765803,0.945683608872941,0.104148231392154,0.698295884627186,0.154273974789934
1.02577718203577,0.043845626747318,0.00279886864938756,0.00429589346253481,0.292145654041351,0.0913394352798866,1,-0.0454763264934932,0.20700434451148,0.754316115018958,0.0979144485455749,0.692700599287976,0.0816255790494351,0.72163759073707,0.0738827222046446,0.7111357639473,0.0964463122692553,0.687625411481631,0.147683515915999
1.00607320124744,0.061802759129644,0.0112121882019377,0.00619630637041991,0.140361943761402,0.118781031595386,1,0.14253447169128,0.185696470612989,0.669147050154563,0.0945018914877615,0.674887882398963,0.0844533574074391,0.729412184594299,0.0906946989968473,0.683930825884481,0.115704130972839,1.17036015637005,0.243013313270494
1.05541030660895,0.0616159608989972,0.0132439786362842,0.00529424113407353,-0.12764058788182,0.121922962050207,1,0.114015528425116,0.202011846777235,0.748241693255369,0.0997408407000418,0.716884488592998,0.0889564733473318,0.820181508055891,0.0869767653103663,0.624748600375123,0.111124253890917,0.791799233365174,0.15006247000707
0.894928953588628,0.051750194504171,0.00883277365921923,0.00445950996871401,-0.000828557250862733,0.101574590968997,1,-0.571305542082251,0.196239573685281,0.866888247480777,0.0894460495412576,0.56599404737206,0.0815186586489079,0.686564205856878,0.0837962355043254,0.578241132282313,0.109025900578683,0.738631160431958,0.174792676787714
1.00345599587017,0.0546463949120494,0.00816927087166162,0.00377697386803258,-0.159642649270517,0.0946098963675973,1,0.0804027955769555,0.184794627021433,0.58255643733475,0.103151414849285,0.620342846326094,0.0821567337641565,0.769774810018413,0.0880873949808247,0.683100055009128,0.115295897591676,0.7082566632796,0.153920138494781
1.10083626725216,0.0618129399336739,0.00976556314960827,0.00497344956955738,-0.0156374110490205,0.121805573286751,1,-0.0437722518378919,0.213851391051209,0.905034252170144,0.0868381631151807,0.750168643635146,0.0840392631057825,0.706551168579432,0.0945710327555151,0.665480438772739,0.0954468089727108,0.596190909328993,0.175329334633353
0.984125138966476,0.059998067522424,0.0158218072317341,0.00734236173718198,-0.0805303239894938,0.10907178211619,1,0.118720595627766,0.208901454602702,0.628965088740135,0.109928533730362,0.702101939748515,0.0802315770519107,0.623217263465711,0.100231121902803,0.668514646797313,0.113005984945139,0.753728277568268,0.177781059738723
0.999134239112661,0.0602084431753173,0.0110476731480759,0.00519878559335523,-0.0424449798535862,0.118952391885242,1,0.232277827879205,0.175853341566269,0.632385347411987,0.0991484775501506,0.566267517041567,0.0878341228224118,0.654892059744989,0.0927515443733828,0.752207485002558,0.094529352651487,0.84907242199639,0.175285922195603
1.08055366087797,0.0698987153674385,0.016329086367563,0.00781578501829083,0.0678994770087589,0.135647465609096,1,-0.130517880787778,0.228515422189088,0.826729827063415,0.0985197028956799,0.778451532572583,0.0810081651187986,0.851633436331062,0.0858702851645205,0.718166977451312,0.115387940655842,0.692459462200609,0.151314428015328
1.03221394953749,0.0631532365260863,0.0141832361052921,0.00467650253581312,-0.0554689474457689,0.115586102209044,1,-0.346286777269045,0.184903703381034,0.784458802403678,0.0981406497676885,0.756439134871403,0.0884137257654213,0.79025390809978,0.0879655874276375,0.683528384532872,0.106462294373949,0.634927923049785,0.153938830427953
1.00369273242563,0.0627904894465371,0.0121102120973804,0.00572306105015491,-0.0642691107553145,0.130837659846938,1,0.0310020116458346,0.258221175865955,0.684401906402094,0.116227662330552,0.683296122100881,0.0817712890617809,0.706534512066681,0.0944032607735446,0.661222267516019,0.110542721999016,0.718817699549626,0.166834040642067
0.980589295967759,0.0530452866493499,0.00405703270660275,0.00402286658688931,0.0321304641274726,0.113168603093632,1,0.140143034327789,0.180207265014397,0.613669013354105,0.0898706349419637,0.781656007106895,0.0747673790430674,0.493853847370739,0.106659956117669,0.767510685003591,0.105812301577487,0.553081216977858,0.236796747375323
0.986936369623644,0.0649484308627012,0.0196458368651557,0.00874268619542083,0.0300250795971731,0.144412580117765,1,-0.0421249251659124,0.1965620070927,0.718523821019302,0.0980499538153475,0.589729380693496,0.0860100166964766,0.785807359586131,0.0931783523524683,0.80983005402981,0.121405269468657,1.01382724616176,0.27813011362465
0.906159399422474,0.0577801695867145,0.0114467715173056,0.00522935707040573,-0.0541545539478977,0.12609561724147,1,-0.374905271231295,0.242182056008611,0.710378774314473,0.120698125200005,0.598198066195908,0.0962488972495569,0.734105230777934,0.0848561772608937,0.571022511755176,0.107037494213596,0.660812242660529,0.155283505348992
0.929172841948866,0.050009261779161,0.00560174348410953,0.00458410154837676,0.0985020353043044,0.107594685689939,1,-0.227596473129677,0.169559093331935,0.728161742848291,0.0935589941394555,0.658731792626629,0.0796612536517523,0.608902028651886,0.099630355226417,0.654188824198434,0.110226388201317,0.508954214785487,0.208829856179624
0.885835469803716,0.0517469049255824,0.00336887096252459,0.00471650251262252,0.136005866403082,0.129988888281764,1,-0.22576993704537,0.216536877460107,0.580492465313108,0.117710461308993,0.718256583925354,0.0741872926003496,0.548934583828416,0.0898525884951685,0.725424607801724,0.10406185725167,0.536290756213942,0.247528034013172
1.03452935094444,0.0596235084577781,0.0118941156400548,0.00646595548299175,0.200498314019348,0.119952107319425,1,0.0317689655617519,0.207166315931283,0.763847855236729,0.0995358780368982,0.741674772535812,0.0811743183085047,0.574841657697108,0.102754133983799,0.846185799846257,0.10380223948705,0.779875074060312,0.168229435626509
1.01646971105976,0.0490781105308102,0.00508227738553007,0.00356210390811339,0.0872145407746433,0.119100255875995,1,-0.120455568416684,0.232780090940471,0.79417503557752,0.110368226239136,0.720793059192979,0.0753335684541464,0.734258382957953,0.0808868309851529,0.689248274751961,0.0986592080831458,0.56872536114468,0.162990529356887
0.990406198832811,0.0666002369034771,0.0267613296297259,0.00843017429799641,-0.177117537060894,0.118229390879274,1,-0.175699065879223,0.211729359214582,0.770846624612082,0.110998959180506,0.685642328378225,0.0838001162891178,0.698521607868833,0.0927551884781225,0.747689878136393,0.12068670810813,0.834021108209118,0.170996099766428
0.94713456987649,0.0536039251318423,0.00656938582417345,0.00383829434988341,0.0767562069368808,0.128982534772462,1,-0.233850121014484,0.224786143544606,0.785973300882822,0.109268350315286,0.543234879779773,0.0893808713763621,0.59862913477415,0.0877456895209709,0.595136776424934,0.100491878854303,0.609489353085437,0.167060953388894
1.05173630569514,0.0602516672007438,0.0107389419230314,0.00472631920919191,-0.034293094714774,0.13082142714614,1,0.0553091858763749,0.215470806777113,0.829290310841154,0.0984541254035532,0.600137159566834,0.0914444689006185,0.738926447337146,0.0918151315058096,0.683038345415066,0.104248031225929,0.746781244462511,0.151133511094333
0.909523765799572,0.0518448816979134,0.00245135623544675,0.0042718821741226,0.145395618280772,0.103333060986448,1,-0.39190506306706,0.211079624243981,0.787834140231583,0.0986382304443835,0.60581105435544,0.0763737499219972,0.648288781309918,0.0863248950232927,0.576797334635925,0.117799275410587,0.609149920229119,0.146480074031469
0.95132083377839,0.0574772701650825,0.00937910719886747,0.004759442579174,-0.0382888005843952,0.100657256917622,1,-0.109493636719967,0.187408049325968,0.72850070283591,0.0983051105774174,0.634095866913242,0.0832708739635391,0.686481355818834,0.101195082287313,0.590481406530148,0.114846630640734,0.543615413101328,0.148878013541706
1.000316479367,0.0600430797179002,0.0134870296176504,0.00554686877436264,-0.0532461222440461,0.104188657408023,1,0.269225090465767,0.190621778345234,0.548805788481153,0.11399594469921,0.733385336576976,0.0804765023157517,0.698577646602158,0.0853767226626107,0.644818225079236,0.101745655282781,0.774276001309655,0.167068953723376
0.999389170685262,0.0720580576160287,0.0187513208870851,0.0070606874733952,-0.1553411922912,0.112546859397056,1,-0.101910224886498,0.223033608620943,0.700519694435749,0.106132265295787,0.789719423536612,0.081328882915931,0.743903171058032,0.0965451699775786,0.846386203356168,0.107416493520909,0.81772048354416,0.208879301562359
1.15014428097809,0.0805814938726521,0.0173316720795576,0.00677252511920785,-0.0933855475305384,0.128198521660536,1,0.0583270055750458,0.247389693963875,0.873872789140483,0.114797806927846,0.811787594481048,0.0891375338179284,0.719172519061397,0.0948046603911012,0.770897180738079,0.115426099549882,1.05483234126202,0.156382118589871
1.0274243883829,0.0578976591674241,0.0125601743492125,0.00605679349324109,0.0302705278428024,0.119671547453607,1,-0.033197411552622,0.220433061453841,0.70969061695039,0.112409850667284,0.684314116013426,0.0826295869851029,0.780840222420857,0.085460381447885,0.5965810967075,0.109736510875518,0.82582301101612,0.165409574848832
1.02756854670422,0.0504961238092618,0.00888040115186628,0.00415416477936354,-0.0111279944377933,0.099176011283633,1,-0.0810410329255019,0.197072898488649,0.731900631051572,0.0987645760827503,0.719156214312305,0.080374824904218,0.719743607538861,0.0806444274332399,0.69121981841655,0.101032425627578,0.668758721047054,0.164076095507514
0.971377236272176,0.0600368312513771,0.00784440633559017,0.00472531324030385,0.000309777920522801,0.0989843776366805,1,-0.0472645513239586,0.207041353427923,0.552277021758061,0.1140610488665,0.795203713339386,0.0781419428386748,0.556181927069972,0.0944365104678305,0.684719953143534,0.103745649651697,0.804384380860355,0.167067453051723
1.07862122913547,0.0690916530608671,0.0238647614471162,0.00788564205135002,-0.103513256222917,0.119620713131507,1,-0.161216653638754,0.206825789527815,0.783372319595566,0.104499698886474,0.727374096025433,0.0853651844524658,0.748393400158998,0.0892975191175895,0.786683844913252,0.124546024968788,1.0057847800136,0.156204949875094
NA,NA,NA,NA,NA,NA,99,NA,NA,NA,NA,NA,NA,NA,NA,NA,NA,NA,NA
1.10930363414168,0.0649100966454919,0.00898382552095531,0.00469775075553337,-0.0390183668518009,0.126033813171976,1,0.137215235218623,0.190582932820785,0.798885138496867,0.092878867983517,0.669478271278284,0.0881136446031542,0.732501892717959,0.0864632317022761,0.858741346911495,0.105542949966864,0.493658797295882,0.159664515192566
1.00654372332564,0.0608166329289101,0.016305524257601,0.00714354841678289,-0.047811961542023,0.12141353761978,1,-0.0808096863439497,0.189127416900769,0.748496278060961,0.0889615877203243,0.70102744775344,0.0802939213757031,0.78697658894588,0.0981490096982955,0.616017984865795,0.131872778981766,0.65920736200919,0.152598871046061
1.03575411345683,0.0519534057911178,1.03356648025857e-13,0.000643633673190061,0.198930491022435,0.112763604496563,1,-0.103692502601009,0.206943069203792,0.695727266179787,0.103578359963362,0.807730843956922,0.0777673541434905,0.74721272439725,0.0899510771915151,0.754511801346619,0.097018990577867,0.471723823465692,0.177630385069842
1.04270791241169,0.0528163006562527,0.0102416655810324,0.00473291832305837,-0.0746131182359316,0.0985836696130352,1,-0.146555702779478,0.187193260092688,0.780170759348553,0.0963018660249455,0.709417380679204,0.0833578669368447,0.842762407909744,0.0916954020450993,0.645551412881391,0.108811315280253,0.72285241728983,0.190156992428408
0.905787134088972,0.0585544588306464,0.016245362278304,0.00663854196904147,-0.0558516448342781,0.109700908939768,1,-0.10463383514298,0.187426825220288,0.514213550831426,0.113941490011432,0.796671172244638,0.0802575032852883,0.700414194400229,0.0906163911610131,0.651956688149928,0.115478508547925,0.728712433358452,0.192283241991878
1.00379211224247,0.060150488073729,0.00571795456408238,0.00362508325224222,0.0283130857704929,0.106957337758156,1,-0.252370242961598,0.22319272126617,0.719169298749764,0.106173432575894,0.786788288989784,0.0752022154945221,0.790958616337977,0.0908615118943466,0.518282457253062,0.12666846953257,0.951302935005998,0.16812295058565
0.985698759610477,0.0617410568291612,0.00647011019796343,0.00416424021772316,0.0633060219405926,0.165711356002172,1,-0.397101510540262,0.328953555186763,0.870866049968423,0.140419414623599,0.689555802359809,0.101479318070381,0.663646011683448,0.0936742392160199,0.665341776542986,0.0918246727594963,0.864178546432915,0.138095109269097
0.971414452486204,0.0511147674363381,0.0117689408294706,0.00478935621842329,-0.0931658515295583,0.118004191786773,1,-0.332166380989152,0.195354934853899,0.857263637617932,0.0925485527820122,0.681330123010909,0.0817418444010989,0.60055009039849,0.0907241063045825,0.754098499855688,0.0945912195326465,0.480500087485818,0.19158627748955
1.02592375478229,0.0661349298515974,0.0174062993011747,0.00715533345250942,-0.0455182604065094,0.113717595810769,1,-0.150033102216247,0.207534253789719,0.785464779646648,0.101676188925076,0.660713681355948,0.0857582110030031,0.845686313820985,0.0865904661303155,0.616056141909538,0.128439368694722,0.847121761001897,0.165053071665722
1.00834180982202,0.0498051253965433,0.00239623588406568,0.00376603954960009,0.188636920437449,0.082471927262138,1,0.156968255399084,0.192015264585816,0.66031207178063,0.0889075057991272,0.685012056699096,0.0715774643527474,0.771017908217101,0.091948375581315,0.515327814758267,0.112800776461223,0.71368362729877,0.154950650736843
0.955070542768661,0.0574790983012479,0.00991325206177051,0.00499324472336206,0.0191947811911872,0.126018501739573,1,-0.0871601834172541,0.200556231047813,0.757183079873101,0.0966568642658409,0.640720699342883,0.0829888753467383,0.641160822439994,0.0912503866568667,0.532926040284408,0.126026953935054,1.03603736390288,0.1491984115216
1.00070915209802,0.0602481227826837,0.0111545952501517,0.00667644071681313,0.133670436102503,0.138383901000635,1,0.203091566140814,0.217999965489418,0.560291002708837,0.118567863985579,0.819907083977521,0.0679089444769901,0.610212956017896,0.0971473013662661,0.68291894703721,0.116892989363949,0.761435586269689,0.16290882309359
1.01528624333388,0.0608765486790752,0.0130584369009923,0.00573808125340194,-0.0476615439489386,0.128731439149238,1,-0.0709814600528941,0.235053752093338,0.789706073066318,0.10936563577551,0.672980822602132,0.0810645875048067,0.65394011751689,0.10156880176457,0.70075901892727,0.107544364778195,0.872685131135768,0.160004180047703
0.891162728170737,0.0424988334944122,2.52560043037427e-15,0.000100514683787906,0.161769054108564,0.0771862037108924,1,-0.145387209481902,0.192081686908262,0.690849848514658,0.0943690262621912,0.622315816576066,0.0787063044680051,0.604879767833577,0.0791080132329639,0.422741350361406,0.126451823385484,0.3106846456982,0.156986196539336
1.0271073395705,0.0573197227506149,0.00430456523101023,0.00452784270279422,0.171724094025008,0.117427665364371,1,0.0942618779099681,0.203968438241402,0.613819483005994,0.110019891746063,0.774090984332934,0.0752176831332888,0.684268927206475,0.0908683670359536,0.57501412539537,0.11157185365525,0.58431991305832,0.168308600422301
0.984603137228581,0.0583400731266019,0.012098570707349,0.00607121049736719,-0.050629779549604,0.0951550973828591,1,0.129708954935133,0.182651921738324,0.666162384978155,0.092551777443553,0.552981851636815,0.0875637205611217,0.705146760066163,0.0903968680186413,0.801510953553028,0.111597263828546,0.704244192663194,0.176812910816235
0.980871026613732,0.0554239455440428,0.0103163448141288,0.00425060396354647,-0.090356512284016,0.130955774278133,1,-0.0620558492902771,0.194574852956454,0.701071033352808,0.0993147117197311,0.792090041144455,0.0801885789054149,0.632512991977064,0.0942454834518483,0.724984081191928,0.106238954218445,0.53470314590524,0.191330941922368
1.07665972139203,0.0609461723804663,0.00993843075209739,0.0058351510904892,0.0396304222769714,0.113393663029375,1,-0.0456428490056751,0.222538153022155,0.785747570456789,0.102244450980971,0.828676287165782,0.0722623204284082,0.663278665197076,0.0928387024732719,0.818801369282782,0.119675656135691,0.799730833894291,0.165583310353868
0.947245591249873,0.0547284388708428,0.00821062849681635,0.00467917058011606,0.133900209799908,0.10778825290369,1,-0.222065817904624,0.233967871963025,0.703567373379014,0.115318465541439,0.742967890504413,0.0784124956872044,0.608451267072467,0.0887692556635145,0.718466735857435,0.0981788132188059,0.699362723132349,0.140688936629729
1.13334346096076,0.058359635796869,0.00674371139777537,0.00419649605439931,0.160465268642193,0.100568452030433,1,0.0726366831741926,0.210427191155407,0.901362665958279,0.0940144442776303,0.625615257743539,0.0820214186337937,0.752854401647012,0.0969559720304993,0.869791618860579,0.0888682717011486,0.58243584747779,0.140815656162357
1.04123807063236,0.0540975440822427,0.00624418953137098,0.00346515281524731,0.0881084673467545,0.140022512662414,1,0.0347146124664494,0.243296193650408,0.789977373592356,0.115397312564243,0.6214496059769,0.0924454655738007,0.801925728572625,0.0879321988360755,0.642715565893268,0.0846994761008268,0.749429442119488,0.158685274428799
1.09970516337515,0.0570763821668201,0.00812179314962885,0.00518382500951874,0.0546473604064488,0.127176530431215,1,0.252108134671094,0.198638940084424,0.763183633769085,0.10233907822072,0.704607446519806,0.0778562092118562,0.806984870381695,0.0809649232207145,0.689892693109305,0.114172537345458,0.87620620029514,0.162356329840142
0.939054800112905,0.0423499543065097,0.00188698739541446,0.00324990841933647,0.198098196478623,0.0935291074778312,1,0.106654473709184,0.178000294782077,0.555720476737965,0.0990690091459359,0.553305566599572,0.0806604848242812,0.788593994287747,0.0795388283633862,0.576375343126191,0.0988607824993178,0.427829766996556,0.168727950690913
1.09718404419196,0.0564193549096711,0.00867068473974456,0.00448534217080191,0.168007394661496,0.111127246369688,1,0.239103135322582,0.236410030723688,0.683038300755354,0.113138430680135,0.746836447970035,0.0725265650758018,0.75616818042064,0.0925018238721241,0.839750199025506,0.100598938400375,0.577109814497608,0.147932252867062
1.08649494331612,0.0637903703032773,0.0132200831094245,0.0061215268738962,0.0518142728454598,0.150739178310591,1,0.171484835366075,0.206156695773943,0.650466405460064,0.0991118022393997,0.860745263029501,0.084514555023197,0.668512792797865,0.102026462088739,0.747934316549873,0.113159738283092,0.634975792784144,0.145364329115657
0.972005869335173,0.0572442823451179,0.014051745649336,0.00462323769981679,0.0189668733999839,0.112861581962091,1,-0.152023769355066,0.188651952346756,0.647820173446614,0.108186337695428,0.734106470273157,0.0821612904288084,0.663485644247824,0.0949326727366287,0.728850652624072,0.0942796610735098,0.583096396133875,0.140686417444248
1.03099030734339,0.0602740457072158,0.00991228621320859,0.00435987675514757,-0.124977402119877,0.103248560491972,1,-0.19260972932719,0.199736822281106,0.811225043755928,0.0952790002352702,0.76242854172446,0.0811099820769543,0.748657090704557,0.0908279592418175,0.704891947871064,0.121138808420346,0.473644586428022,0.175984995514526
1.00849473140167,0.0600439488163921,0.00725525459428882,0.00448674741985138,-0.0156343864504305,0.114905553691648,1,-0.277115105443369,0.264844902036138,0.792268037087584,0.12696988525675,0.77751554771517,0.0792385610058465,0.673698347081111,0.0955270179638572,0.593876104980958,0.114312501711332,0.787573045848153,0.173420800022927
0.999473294752738,0.0661654123481705,0.0135247142572037,0.00630476879553861,0.000875481182216968,0.126554579395312,1,-0.0976523292467117,0.196422369028125,0.760342632819647,0.0978558966279851,0.737761161714204,0.0833387882651483,0.635994400475583,0.092280704606812,0.789132545044375,0.114141676615112,0.659053858186045,0.179139354940665
1.08341052101992,0.0625574606369693,0.0146111465956581,0.00520576794003093,-0.0642241598342387,0.120735262293247,1,0.231581441319625,0.206718844214809,0.72335186486766,0.10326444377297,0.763217102352586,0.0906195016202381,0.709926569592021,0.0919173526960026,0.736446761339733,0.106768757929601,0.791926751348247,0.159945579219734
1.02028166952872,0.0583202376966347,0.00783226679540866,0.00565113227135641,0.125022336629032,0.0983986313791725,1,-0.278896019751755,0.185735594202058,0.753618647865378,0.0971951187300437,0.905648913957476,0.0747888836835285,0.597137968618332,0.0978778868385874,0.798911234559471,0.0958444144722815,0.945972150488776,0.211307341733084
0.955346498237705,0.0610548149754501,0.0166955616734416,0.00679001459142686,-0.0178761045787524,0.127742720173468,1,0.0393900516322443,0.187514398637381,0.641149196707339,0.100352288547391,0.678621744189949,0.0860909354926306,0.734111249451884,0.107284693858723,0.584061180049586,0.12386574472242,0.790074286499111,0.16497547084287
1.01228496068542,0.0559041329173223,0.00639185832732426,0.00422799493271916,-0.0665431327230208,0.1235697988861,1,0.0540281148626045,0.19601442469703,0.711537826341914,0.0982586494715197,0.719826128130981,0.0784744441343329,0.638258293928326,0.104444600028028,0.754931531553905,0.0968227910622273,0.64403982891335,0.159813528426226
0.988934393825523,0.0585508750444551,0.0112875018430836,0.00479384291088658,-0.103745301200809,0.0897920849131522,2,0.0546614210657042,0.215156478320489,0.641376312480881,0.105090398552372,0.775348029931232,0.0781425824543533,0.68407200241445,0.0941854055464632,0.754813305460278,0.0976960475605404,0.498322930348421,0.173054471090735
0.971421413875832,0.0571562108629667,0.00530074925118557,0.00441138043770258,0.0167217718348671,0.118132165055097,1,-0.0844011687822117,0.197487569358829,0.77132537890181,0.0926819710324313,0.558330558292955,0.0875116718577091,0.622552345663828,0.0913140786518607,0.617794799148673,0.114515564118188,0.998565342103874,0.145018461840675
1.03502506079059,0.0648593000151481,0.01072763384498,0.0049351181543793,-0.117134509400907,0.117460247906137,1,-0.120660941306229,0.208854138141664,0.864888170464713,0.0874230349469808,0.612986719956173,0.0903776866086004,0.841728673680759,0.094254222902139,0.669444245937306,0.109912080279144,0.641167420241054,0.157688850561419
1.01139114607645,0.0594391484563727,0.00720331447197995,0.00543272901407776,0.0188593159541749,0.102672374296533,1,0.12377724999053,0.174847675329319,0.649887103687914,0.0964356562845578,0.77823209183191,0.0736350458458396,0.50647058940041,0.101487873051195,0.543415547665194,0.138082870047745,0.805879647912009,0.16129628438173
0.965986423357159,0.0540306936648932,0.0190975452929773,0.00564356078424252,-0.114975511137326,0.100186059719443,1,0.016546482750837,0.182808440848795,0.654813118042619,0.102588988312074,0.613316587056399,0.0861304326429625,0.738714417394467,0.0851209260963451,0.656253175186659,0.103115505546177,0.794985121050659,0.157901877412945
1.04132305185881,0.0581941815411487,0.00885631360712828,0.00591433141308226,0.0873000136182807,0.113059350863318,1,0.237164185597802,0.200364294326233,0.615996653329821,0.105660307470637,0.581313880316948,0.0905527602642462,0.781638519621637,0.0909439857090453,0.722541548450041,0.0993652512593673,0.972345427844119,0.151103520477719
1.01940726699748,0.0630094987864018,0.0158922626015177,0.00568345334981401,-0.155373361139926,0.121220276278882,1,-0.0565021406817201,0.214556807803908,0.691358903191698,0.107758152240181,0.738724850794092,0.0860598451336023,0.795523291828573,0.0830749620947548,0.681097806236522,0.117833714100428,0.510699872830094,0.165595898772179
1.03100979535973,0.0602817111063763,0.0177776657928027,0.0069367110628099,-0.0732794109217633,0.112202009645783,1,0.33165629805278,0.200647880744149,0.53091308851105,0.119418958306774,0.752011281433194,0.0800360360339532,0.737253613119937,0.0894207780069859,0.578439863136094,0.105771374643468,1.12647614313861,0.169739787871259
1.08306053527058,0.0664760512095601,0.00889654932388198,0.00487712412544322,-0.0347091767520254,0.115948129258333,1,0.273615228138044,0.19538303880444,0.784613502839604,0.0908506397823085,0.656260205933306,0.0838825900400174,0.747712706180104,0.0957009958823767,0.548404836469226,0.129173920474239,0.698231948148383,0.185100485017142
1.02507899543845,0.0597101672298649,0.011061582443577,0.00556649695087987,-0.0453715259914722,0.0940609076025806,1,-0.0632430786553643,0.19628376173922,0.806323301692503,0.0934741941739787,0.54228053239678,0.0947618228475527,0.836330726436898,0.0812300875711511,0.773310920392938,0.105961606944605,0.747602332315123,0.166665254740359
0.99926083761705,0.0509940509046796,0.00791130905601426,0.00457591636084314,0.0964407371827037,0.132247624311233,1,0.0749888584824147,0.220447824735543,0.678024126488064,0.112312974570739,0.648317628415353,0.0853740143766444,0.771855210340154,0.0828635135085635,0.627794268564866,0.1032916919814,0.813599398842957,0.12754658564307
1.03142368207714,0.0593152652456402,0.010224006873291,0.00414757778887005,-0.145461093891825,0.0919605292515611,1,0.139170993683243,0.186354736923574,0.733129299969668,0.102563817374936,0.569855307814525,0.0863003454667414,0.795295565051531,0.0853583284937468,0.862933221913749,0.0890739388275445,0.640497289609073,0.185365365030444
0.929912702044922,0.050163597516439,0.012630472690853,0.00556566014168415,-0.101737514188071,0.133110533112053,1,-0.0591224035784754,0.19468283772765,0.626435209379092,0.119516824374535,0.654646249816931,0.084179370120583,0.71130298833714,0.0798715387581035,0.547695433040709,0.125417888717589,0.602099419347212,0.156979350043742
0.984794997479751,0.0596749514172084,0.0171914023955249,0.0060378470246706,-0.0606517086104487,0.119096945155507,1,-0.173216601307591,0.222686679668278,0.839931757786854,0.103650064124609,0.610202688220345,0.0876575329140446,0.754049021182213,0.0867987925625695,0.719081197820483,0.100361412263449,0.678925984671371,0.185046571381047
1.01064369146892,0.0498845666593909,0.00536788141230022,0.00284570441580656,-0.0384307109094636,0.115814227945955,1,0.11303436448338,0.18814511803375,0.686568675249444,0.106058993280566,0.723194214785094,0.0825986922345898,0.604360473636684,0.0843993305900994,0.752105879132955,0.0947337953840529,0.561800736139718,0.169306358728127
1.15444986937449,0.0644864492191409,0.0196578743823933,0.00803225872998225,-0.021489839622052,0.124596399496374,1,0.0773777125697784,0.195459198413293,0.772362012607078,0.0986936510315116,0.894598796542843,0.0783088786554381,0.818763401611171,0.0896612924041034,0.721080659931865,0.113595805465982,0.865976426436527,0.175555862702935
0.916583321608234,0.0459246880426438,0.00399033521887897,0.00485847809854881,0.125275572440831,0.105042436681096,1,0.10921942657749,0.174059094275889,0.533949491667506,0.0924696081239522,0.599852085320623,0.0772678580275499,0.765313189044887,0.0839626311502195,0.61964291981873,0.136232836775277,0.682245530233176,0.225845689449108
1.14872507936549,0.0731541890578735,0.0113915291235637,0.00622204719596099,0.0690659191367974,0.146293192586674,1,0.0343080088480513,0.213215719846283,0.848930323329939,0.100464286266638,0.863047678375052,0.0812035927324148,0.753058787686744,0.0926233176632856,0.722350847268323,0.105608169934715,0.711278388997719,0.157261507674785
0.944134940403295,0.0456979529417202,0.00327636417204381,0.00348519319891915,0.0107737527481352,0.0944381525986516,1,-0.0466338226879677,0.169045399688735,0.69039393116308,0.0898998052458196,0.639910883136576,0.0775127927177955,0.647149149334746,0.0870122965596436,0.690921449994791,0.110143191986696,0.408245173302128,0.19850894257822
1.05826721828334,0.0545047675214008,0.00810056618294377,0.00373230386964357,0.0143988300288423,0.110182177263529,1,-0.0750297555739888,0.212160223150903,0.789831091216868,0.0952620281045642,0.795915957491737,0.082726530784741,0.790460571374093,0.088636292295445,0.561987076833236,0.0978598064284442,0.720938979797811,0.144596038824973
1.01486645357724,0.049967092601068,0.00457907576480108,0.00345153800748515,-0.0737509463062149,0.101228326952168,1,0.125035300878656,0.213589043185499,0.675389667571335,0.110722807586249,0.648183884037366,0.0790542050211255,0.731189665802849,0.0885504263228835,0.6029442022437,0.0970861927639957,0.628282362709464,0.151288301661752
0.98986340918059,0.0585720213164477,0.0119604266282602,0.00697201195932979,0.0694884209972506,0.11744069847744,1,-0.0747861688364757,0.202119398690055,0.728908802761267,0.0945002529945447,0.735690664849654,0.0765232937610014,0.655256862341658,0.0910757112059473,0.739490915878748,0.119740408683106,0.248220669645393,0.235378501557402
1.03604397110181,0.0604056351529307,0.00873839572557188,0.0053049915430004,-0.0388465422875283,0.133316601771364,1,0.0699159824234483,0.158744442087246,0.695808941817994,0.0924902128114545,0.700956241622466,0.0836316622354091,0.675441187493582,0.10856147476371,0.583674111060968,0.110445344668066,0.83434287209402,0.140669821578598
1.11169753389985,0.0642711709595299,0.0130146882515583,0.00631783497116959,-0.0898599151126035,0.116831951503949,1,-0.147349045091604,0.244644147324616,0.871717515055564,0.103498759817416,0.789617870510083,0.0745819619980877,0.725812978767706,0.0934005217500054,0.757320373385931,0.115856256830998,0.844003542841025,0.17640132441104
0.990061231308847,0.0538893188339072,0.00308073716296057,0.00526606883789185,0.0375052012452652,0.109680242595087,1,0.300501604213188,0.166523764251935,0.517213740117844,0.107050870897203,0.688795554700419,0.0758266270693431,0.612341357761974,0.0862052526047078,0.619051589246855,0.143844910827741,0.425334575251394,0.214112359583744
0.993690680043068,0.0611615263304568,0.00734952814701659,0.00478767591423524,0.0364107028617778,0.140342570162119,1,0.0693201564742767,0.213230483384284,0.566276963181549,0.109686436765846,0.787380741901191,0.0827034754572633,0.703503888951377,0.0972842433436379,0.555430949478764,0.114274286889415,0.537887120234687,0.169394317535749
1.04230420016556,0.0655669081129675,0.015170399429483,0.00623800368271663,-0.0645387765637474,0.132682507785327,1,-0.0396786484585224,0.203218410252766,0.666823067954287,0.102202008506051,0.763424561678973,0.0767775032905566,0.707526665911933,0.0990376739689494,0.776397535881183,0.109666670394026,0.8581121806083,0.174559213178639
0.965004063153493,0.0527572080299297,0.00504169566175246,0.00421938173877296,0.160183488957491,0.107928739117851,1,-0.0793830746151774,0.218167702739806,0.589443511291609,0.123403567027257,0.742928035300381,0.0729857532132076,0.685470356872415,0.0962020657191241,0.626762847637933,0.106034225819729,0.77753068402202,0.133542059006386
1.05549743893217,0.0621340493924153,0.00701013760681633,0.00621673508818518,0.168781729101364,0.113353115156192,1,0.0534145303468738,0.198089294648347,0.605807665104101,0.103387244521557,0.776706724147077,0.0755992109204045,0.727125375156855,0.0958821245637993,0.674831704806987,0.101979922009949,0.893341615726922,0.174342782665164
1.00288763702451,0.0565101325290486,0.0108231646832529,0.00636939404491723,0.116896978225892,0.138169478467688,1,-0.132049744934449,0.262953853398662,0.766808892155362,0.115472713267495,0.707220213885311,0.0790857675174859,0.742867792415126,0.0846838673422612,0.766845427550382,0.101777764041043,0.505993349862572,0.177704078743317
1.03953564276226,0.0593497558531983,0.0185237897670733,0.00719668670664552,-0.130641982788998,0.122402074871954,1,-0.0252867201378196,0.179597874651416,0.750317119097035,0.0920908374645118,0.728954452489963,0.0871701343123928,0.706556570068843,0.0941689357710511,0.647553788319158,0.108296650855222,0.570490161251942,0.170728340677656
0.998872294826989,0.0529480386865597,0.00347222598866138,0.0047191823066534,0.236772643868563,0.111739192338576,1,0.00548304272583353,0.189493054138691,0.708923762242836,0.0960551216470936,0.700533117334883,0.0886540949700955,0.744883900765131,0.0900285670885367,0.68215893853684,0.0954539297069448,0.806956673483373,0.166427222318212
1.0381293533728,0.0614957876684578,0.00927725619595966,0.00429237454686136,-0.164330914349754,0.0992757659641109,1,0.0950999791622095,0.220361744128032,0.673532499670742,0.110844940362204,0.73932879086978,0.082069414792907,0.780643092887252,0.0797056561790586,0.648977119154113,0.114018661994272,0.917104900965119,0.171587760705093
1.09644745126058,0.0699916799417256,0.0141715426512987,0.00751839517730722,0.0698857407388776,0.145608261948337,3,0.352996724992663,0.205636675047378,0.665668226984494,0.103051609082718,0.738639018817966,0.0890122574344109,0.630235147435412,0.0971092244837754,0.726134732859384,0.104008393046138,2.68558489541398,1000.00010711331
1.05137999395401,0.0645721666408003,0.0128781335655862,0.00600466620658595,0.00775643861992799,0.131037592878358,1,0.274634534796339,0.205488025262643,0.548325768612974,0.112407356458829,0.705107761801289,0.0881707271516073,0.850795196670073,0.089408147079737,0.636996147121086,0.104234258151224,0.769748913778109,0.159762041095283
1.02096153029011,0.0616664764521414,0.0102911400977007,0.00363704307997374,-0.241407732735778,0.127495118713698,1,-0.111027498519994,0.186713927184834,0.651951055288555,0.105605289728599,0.841944758744417,0.0834275537484241,0.77402960298277,0.0924690763264497,0.587577169782925,0.116595797885084,0.755289773766626,0.177532012796585
0.95269707273826,0.0554556256842601,0.0069682104835329,0.00546010527860172,0.0926679666423594,0.113936909053525,1,0.040492119438694,0.201358669589634,0.580350008023449,0.106840811815011,0.657761548766094,0.0825026086411805,0.722809628805553,0.0780683949071944,0.792129856575169,0.098387627003029,0.591982365712833,0.20021775075653
0.935561913042451,0.0541663845286701,0.0065170417608306,0.00379958495201958,0.00652367399787266,0.104529041625449,1,0.0946261496963573,0.209632065693922,0.58068716131738,0.1097044268527,0.575755029101719,0.0883332053053833,0.687825384311723,0.0818897362471124,0.737077072402171,0.10230852141575,0.578006224897674,0.161447036364584
0.997437244809909,0.0559028035940085,0.00984292269780059,0.00457810665359971,-0.0639606883454358,0.124534773163605,1,0.0217739254869518,0.217158489581247,0.723036638816189,0.107019415786767,0.606013446067364,0.0866728992911509,0.821363218639994,0.0829138178632086,0.559438718112529,0.115102102881348,0.552496549271147,0.170915533200341
0.912137717824609,0.0577528917430179,0.0139937279058465,0.00560784065945898,-0.12260670991432,0.111168253380852,1,-0.395448469851157,0.224304327076739,0.694888081259168,0.108324473514513,0.763777148771024,0.0781233316907033,0.664051612088718,0.0939847896976281,0.660464965449368,0.114283196367145,0.743042388452081,0.19901039453165
1.02719575522885,0.0563004399257854,0.00861713828788163,0.00463046330865055,-0.0355800621782347,0.0946615582351523,1,-0.0308832506989099,0.216324457450291,0.754749000034419,0.103742974488576,0.688220965964127,0.0801823232942584,0.76830122158192,0.0825448993889686,0.630787739628539,0.11489542004913,0.965623890450731,0.158612160595313
0.886929203856524,0.0532054937678847,0.0090710088434855,0.00584762086877282,0.0133077034916818,0.103605644668165,1,-0.116085169154354,0.2012571683254,0.676127077177455,0.101031564061965,0.470772920550598,0.0864946195618654,0.647781458781222,0.0947093231421652,0.481788700196182,0.112321260003728,0.83246078998519,0.16529018638972
1.07854159780669,0.0594922795883863,0.0200086662803312,0.00709098151998509,-0.166839523174324,0.112830416249499,1,-0.0239184770939588,0.192557388950391,0.703127304059393,0.0954401129660252,0.81121070952678,0.0841571205397527,0.700987586427841,0.0881832415761582,0.846591095273494,0.102859158005517,0.664712441169993,0.175210387334833
1.01715034320194,0.0535816352751003,0.0115971297734185,0.00487755291505926,-0.138440282292114,0.104374939250885,1,-0.0413126080363927,0.18291326640011,0.674046225941628,0.0969605514389923,0.698583372280071,0.0802445220073387,0.728504570763414,0.0922871081308313,0.531544105303245,0.117169507963462,0.851428431875399,0.139835353085254
1.073119296403,0.0627759050037615,0.0100028585165095,0.00495832090710326,-0.177514602736718,0.105642817834308,1,-0.103294893627538,0.218421008659258,0.776823616436217,0.0985143759428439,0.818137513907393,0.082645526255216,0.821239882440556,0.0955517783042806,0.727196763503938,0.102866210008129,0.539733689525311,0.177681096160456
0.967835316181222,0.0523019016040632,0.00483804753705014,0.0047376152270123,0.10977739154663,0.119036418626091,1,0.0821568054470341,0.208718495649354,0.573518552829291,0.113291420892184,0.602562730539387,0.0856701634527825,0.711515972819735,0.0820525616606886,0.588712022423375,0.114933286120411,0.619443490526808,0.144275912525966
0.958313368552303,0.0578904732135759,0.00934597232949537,0.00438667212152,-0.0913694204151392,0.108798261414856,1,-0.0689626060952299,0.202541592558794,0.636304753536528,0.102940208326153,0.686408701346035,0.0815453926249524,0.72530890675043,0.0917358267139387,0.565637909735009,0.112160860770618,0.603864205786967,0.144917750822126
1.03786594204913,0.0584271723565996,0.011402432835718,0.00633868235560929,0.0971512705798875,0.128494138585921,1,0.107341327105627,0.260451443675705,0.721594450320167,0.122203576035266,0.80012276702012,0.0807246181743736,0.585804871797107,0.0981945854124924,0.800633051676457,0.0860091348757049,0.643093673805042,0.160420738170913
0.963730876707108,0.0548277608995178,0.00810789486657398,0.00570191981058532,0.134655900503013,0.130695246461263,1,0.122523739352171,0.168153856541943,0.597356623749269,0.0916869439601029,0.688847827729279,0.0762392734438299,0.636547842489113,0.088675272621533,0.752185541842527,0.126738280766989,0.389843530015843,0.221192685400143
0.884400203657477,0.0510888050481686,0.00437955422742916,0.00352802102854785,0.0954430579575383,0.0931486927840774,1,-0.27058198294065,0.201491498477336,0.711502449480774,0.0933536596464979,0.612127527160963,0.0845605682437133,0.67253894813101,0.0838259937515554,0.466941752860326,0.110361560242676,0.738294240422416,0.159687282561845
1.08827960466315,0.0581806033782786,0.00966504778980702,0.00449744565117522,-0.0373158787935292,0.109999887920907,1,0.286062379555857,0.185198200014485,0.641848846533781,0.103627212474115,0.734288297431753,0.0839847884904342,0.92255194588928,0.0817829948969047,0.642931079707765,0.111225959604641,0.840306895875342,0.146771568445588
0.937270748593689,0.0588869080804355,0.00983367033286425,0.00528283231496697,0.0364101224769658,0.123477145427203,1,0.0900425175603138,0.201835043554622,0.629304870505285,0.101999958421667,0.673965370416875,0.0773992859619488,0.65106019655776,0.0933753742664563,0.637627279578676,0.106118767594963,0.571081050694552,0.179257997173499
0.935457162698627,0.0568707744767357,0.00245512918516113,0.00330596268073745,0.0928178951615776,0.12886543592461,1,-0.161656768460398,0.24417040935382,0.666734063141618,0.127359874729997,0.70223568220994,0.0828753950532685,0.718725591804655,0.0874177037863612,0.747401139903182,0.0945821397872978,0.201617603521757,0.229815885045078
0.94986965847558,0.0531077341166565,0.0077377329224455,0.00494650963605196,0.062803617570768,0.125337699057127,1,-0.217591277912686,0.227834548499046,0.75223619078539,0.106312697096243,0.733657400030897,0.0723320562129186,0.761038288667147,0.0851698925784265,0.421511765948838,0.133992676751408,0.754031303559381,0.164207711801327
1.02313408887096,0.0610072524198114,0.00930732550675197,0.0049593387992528,0.0252916703865697,0.129003341454158,1,-0.196545529045773,0.219280801543538,0.838271943531326,0.104240185271293,0.714205095012713,0.0865427848337209,0.692736573601516,0.0976693175668654,0.763819429388021,0.0928721107496291,0.76504466900282,0.167348441056217
1.0641549679614,0.0667178806250918,0.0150779820850257,0.00541765326468347,-0.142271452082449,0.117947877838145,1,-0.193963562690801,0.223369729151328,0.71182808489767,0.117648011288469,0.893897714032439,0.0768706832857435,0.705359636199207,0.0991093680669099,0.601610438487279,0.104424252547046,0.712295838754567,0.137883523719309
0.960445740773131,0.0647360604536192,0.0157816152476582,0.00738704097093609,-0.0882322977651723,0.110598958219539,1,-0.223643783266404,0.18652547845705,0.796072647171074,0.0895506026306894,0.625021695477425,0.0874647588866788,0.707381733632142,0.0967404245386235,0.688680653785547,0.124198660188765,0.919527383966475,0.144112687660548
1.02814255714945,0.0572734977540594,0.0119651926303824,0.00529607683116832,0.0203922233023037,0.0969577245420097,1,0.00118795746705754,0.251799316240606,0.671085345189703,0.133620008853878,0.810411127408282,0.0743355387079365,0.69289587262269,0.0886710461591536,0.491423596594219,0.120261926051317,0.833300049773027,0.13773020231945
0.932709546972878,0.0543667986857027,0.00470643729975106,0.00412811830041394,0.0527800989874141,0.124318563256623,1,0.123309597126832,0.209985805220471,0.593719888133311,0.11309112581403,0.607869537730858,0.0849843599283097,0.717988491475292,0.0930594206443637,0.620633158375537,0.10218289155105,0.659907176288869,0.168952578160269
0.972258240777067,0.0606378256905963,0.0102122223375184,0.0050220570990446,0.00733446811570323,0.124053842069782,1,-0.217597710089407,0.22889102438197,0.737446974303213,0.109313184611286,0.692875068849944,0.0858955150083914,0.573694334294123,0.0909051914033064,0.739651487438682,0.100314673653951,0.690759284253305,0.143775530771123
1.09252092790796,0.0735487349895926,0.0204427897481558,0.00686713892580665,-0.11576425578023,0.131092159125429,1,-0.165543139833731,0.272818788302115,0.951950076194351,0.114497168778987,0.578416518801215,0.0927047356982095,0.944050779782666,0.0944150105948026,0.781347420440676,0.10963697155397,0.78601372692073,0.16636846500373
1.00051178139039,0.0641618238798493,0.021693150961994,0.00754231592792696,-0.0922145534065215,0.132667850200067,1,-0.0683909979072102,0.20405321101322,0.669623071721884,0.109319964768702,0.729529479490355,0.0807893783107491,0.691639116986618,0.098571723093135,0.786869521393388,0.114156518164638,0.777805890945637,0.190271292129843
0.982304475814715,0.0513795452155816,0.00817844957894989,0.00502824654459346,0.0883664867579652,0.111830679002741,1,-0.227895531009049,0.199893797066711,0.785751119352651,0.0944800054586534,0.701178016940042,0.0711286594818397,0.741722081453793,0.0909205629220008,0.733942204650877,0.11622132228713,0.417471673922146,0.193372863451847
0.99020181168456,0.0583652067300911,0.0048718110493821,0.00523274605036449,0.19938844749722,0.118531056053553,1,0.0337128869507136,0.269417772356133,0.705334740809343,0.124752185371481,0.633706718224121,0.0813831227813714,0.67312515885423,0.0872013651286505,0.800451838607593,0.0998217024903889,0.676657960269938,0.189964506954782
1.04776023451027,0.052156536786018,0.00434208056977797,0.00404774910442974,0.105730631745048,0.121568238203055,1,0.0328385533446796,0.218300345541059,0.769548741291828,0.104021226013056,0.666179266255103,0.0798969440789796,0.685113683913425,0.0871670422708958,0.833197293677454,0.10064177991165,0.567273403436483,0.154555713114368
1.04742006695041,0.0588099299379364,0.00918840133772957,0.00475890207593014,0.0703376843184257,0.118976887950909,1,0.246895256878284,0.21467277168179,0.60715294103278,0.109239804632308,0.764749182487841,0.0798938663995347,0.754091406343416,0.088045394601613,0.639605362512885,0.107090656997813,0.757814806142228,0.134773552183719
0.91401668075927,0.0415361040125028,2.86490468415491e-14,0.000338594213312904,0.0738655095462204,0.098392467191138,1,-0.315650518511417,0.179371044744707,0.881548147585229,0.0868915175907897,0.598878429533034,0.0730647792554061,0.484861445646228,0.0916835106503577,0.632338321725292,0.103509252957561,0.587009957377103,0.154492536701835
1.03984102826266,0.0573022794468437,0.00936215667063431,0.00525429493592379,0.0523792592081605,0.103884031005633,1,0.0543054702969362,0.196682493477666,0.616605741830414,0.100266341905508,0.806540795619842,0.075956226649753,0.617627929089932,0.103789275275395,0.715998775527171,0.117231457477324,0.74105521461968,0.150394344419464
0.963288764023725,0.0650775612663427,0.00527266933829659,0.00558963173090574,0.0424273900297367,0.118528988623345,1,0.0454449005700285,0.173393862750168,0.602418428124373,0.102741570654144,0.625083125881157,0.0916903042852289,0.796726258665366,0.0867415801457047,0.636774104712971,0.127377252387273,0.68002560709933,0.19919994414628
0.988802914678297,0.05875653499893,0.00751269772612547,0.00434588151052731,-0.0359014802051204,0.127595902298305,1,-0.177206716334847,0.207192248765836,0.769046759783778,0.103804140480485,0.74586329905681,0.0775547798323948,0.744734594099515,0.0864548949519866,0.464003778073443,0.131030699920515,0.580428164192808,0.171040065171679
1.02396518085142,0.0617838002000828,0.0109882858638518,0.00442735583175547,-0.260651209388582,0.0861596429324615,1,0.166860239397108,0.18522443418174,0.511704072057205,0.105553456308168,0.79816674725779,0.0857212764018529,0.813676584394327,0.0863612437341409,0.804914849957935,0.101253737314335,0.916703853742093,0.184377786435852
0.976137898686761,0.0618233475682992,0.0215601155406787,0.00732040077987699,-0.0893095807651009,0.123124411275852,1,0.0251446950125243,0.199817102386586,0.520756755733798,0.118366194149995,0.787093842560624,0.0790002666403549,0.666041083683331,0.0944452601191207,0.761105420442464,0.105768195966993,0.769982948180766,0.192506940133409
0.96142384060859,0.0543272915192643,0.0115217640792316,0.00509808918205303,-0.0261463683355989,0.0931346825350537,1,0.037885598677798,0.178282978470281,0.603683982559764,0.103750539412116,0.773302702635315,0.0831956864767435,0.506795575277943,0.0986882831801717,0.721428204398083,0.104702252185466,0.890810107484698,0.118179843303113
0.898139833792001,0.0513019105027466,0.0055334504101875,0.00318147268722743,-0.194031054663352,0.0939239065983843,1,-0.415728539497637,0.195272064600398,0.733893724949727,0.0970967626675408,0.593966493173586,0.0907216363351063,0.669594312616128,0.094408337429436,0.673773239448792,0.0905376304998284,0.748966900205842,0.178509345356702
0.981637207512576,0.0624024388568355,0.0158771425358668,0.0068477084571396,-0.0348922311062452,0.110596027362787,1,-0.38989369379412,0.228338639659103,0.833645437245947,0.09967964348487,0.735359553870387,0.0780352292751412,0.590432424752435,0.102237314736556,0.863485141158804,0.105565854112714,0.83639097069937,0.232422643309769
0.954997479662324,0.0541107590525435,0.0107198115009771,0.00463569449871162,-0.0809655222053454,0.118487518951278,1,-0.0804756224155007,0.197975589450851,0.591784841961429,0.11822923681594,0.811070667635991,0.0823392478454289,0.71116188212778,0.0800468335608568,0.591277527589386,0.112997228739225,1.08177933922735,0.185793197528961
0.943533585909443,0.055984135569315,0.0111540828598829,0.00471274619664379,-0.0572331775617696,0.114292536380103,1,-0.317432407222346,0.23278432717259,0.731951504881153,0.12600233874455,0.74743865258947,0.080124678345071,0.601084623839259,0.0929772597958218,0.732933263913166,0.0948156643067126,0.841377485531498,0.186533623147222
1.06114221710836,0.0595213888820098,0.00840440960971667,0.00652758235396171,0.170442294505875,0.108939626226618,1,0.161274393956862,0.208730533741193,0.625992043469364,0.108978777270069,0.796099236136666,0.0763536810726658,0.814561109754017,0.0835610977483176,0.787132305666569,0.119464135534817,0.564147224214479,0.185379441586143
1.02181994889314,0.0599422303209977,0.0159820661479051,0.00568569955867987,-0.0664781651871726,0.105415078856795,1,0.00896907776087946,0.207401392422236,0.772239618176919,0.103562675451744,0.731906436506181,0.0844966630654589,0.53438665021409,0.0944753819582185,0.737630645757105,0.0976210439246479,0.864470738098948,0.133938650137215
0.989172188098333,0.0574496754075136,0.0013693080933021,0.00382616500486267,0.16262503416097,0.106601015198147,2,-0.24294218934545,0.246688884485928,0.813858033470415,0.113046266446747,0.633129513268158,0.0843743441129563,0.70417211837897,0.0830644388706163,0.607838885678568,0.0926515193974213,0.804010958242267,0.148170383007253
0.988704949030025,0.064765219337506,0.0210238230383855,0.007501279653457,0.0691303147039431,0.128478041869635,1,-0.142609281661975,0.227928948707864,0.740589996227043,0.106356987579752,0.760642402721362,0.0823736712899913,0.7396936129857,0.0919781640840909,0.725109135525625,0.112209283735231,0.770358879609982,0.173957783186678
1.08371945909874,0.0633612977968477,0.0115404089893167,0.00554533757716122,0.0288308784083997,0.106069394100806,1,-0.0925797376125352,0.166535481741944,0.789020073298622,0.0844946711079734,0.745220115455991,0.0840508555166353,0.799930958458119,0.100097166125386,0.645247297089943,0.107449447694361,1.01953787102787,0.191037214704738
0.957508791406029,0.0556480676820051,0.00423464180195944,0.00375215558811623,0.00549283817614139,0.111473137369902,1,0.137320681662234,0.184767829635532,0.580620598019852,0.096618944099454,0.692420326146209,0.0823534482749319,0.647938509678089,0.0934838387142822,0.631029791268551,0.102454699904227,0.512949182109468,0.192005980051181
0.993926385258867,0.0588359073922694,0.00571006857066056,0.00459551944062851,0.0871311993295488,0.142508465224645,1,-0.160172778618048,0.222081002758965,0.811679816268477,0.0975779380123848,0.656132562012781,0.0779598121783114,0.639909937324125,0.102712931795796,0.635345656391455,0.112524430698022,0.575579012694174,0.15167675037802
0.9142621115636,0.0486966171359806,0.0083976748385125,0.00449114225659111,-0.0350446826519416,0.11911268665715,1,-0.405942656217661,0.186819170528736,0.860244890046962,0.0874903033763036,0.539853027647306,0.0866164199871257,0.693319047516205,0.0892903189562846,0.708290311855173,0.101902315266144,0.812352711124135,0.176408151994632
1.00010710936393,0.0549631501559435,0.00424098921322957,0.00361706034354154,0.010669017482842,0.0918035883919499,2,0.23523840619298,0.181051954568275,0.522076286536487,0.0979497458818104,0.788309778354603,0.0782952582405732,0.659903368036221,0.0940662534573668,0.574033762536222,0.107846427192587,0.781245821546191,0.183488370321595
0.978160456841605,0.0552425064743759,0.0103498311513451,0.00695762037587742,0.244789702837944,0.134605659416934,1,-0.229648707568667,0.237467061034047,0.809214050772332,0.10654964625421,0.70417024686599,0.0803414300503788,0.585857634311311,0.0997790643832134,0.547787749959616,0.107903650442772,0.627031318317995,0.147859366443344
1.011120885738,0.0498518262852443,0.010512807545278,0.00475722543446425,-0.0806414016103567,0.106856339876164,1,-0.138126356005305,0.209029346123371,0.841972684658462,0.0972011143928898,0.621865354669617,0.0882397064304827,0.721040003419535,0.079455597398713,0.751887577996175,0.107481939021293,0.679046641209512,0.189215343123508
1.03342949883531,0.0576755656800339,0.0047596044960188,0.00372686360788847,-0.0685781362463385,0.0901756181944983,1,-0.0667394229417843,0.197016307587685,0.759020944604882,0.0965025262124711,0.737114013272658,0.0723920331642801,0.833763123572178,0.0862063934084357,0.415225831102613,0.131457669999201,0.702406560300661,0.156350049009462
1.0083396746964,0.0575430564101673,0.0136323570708068,0.0068029660790496,0.192671566646536,0.138440981023734,1,-0.00560955761737066,0.202171636822589,0.604261415261597,0.106469493239361,0.760683368619064,0.0817148491255474,0.684150478899473,0.0914430455000866,0.848273171502608,0.105571830052408,0.6782157006343,0.194344194614571
0.912720513902522,0.0502972387015837,0.00963417204864482,0.00438317110398183,-0.0599133157307468,0.0965436568130273,1,-0.0144550290505019,0.206541902933267,0.609605097816909,0.111417744695184,0.608797132103271,0.0850973046530286,0.662774463092101,0.0842610294083625,0.653404731443695,0.104964568840363,0.191130599677038,0.188412026553362
1.13286194000776,0.0568515005385229,0.00191054201907772,0.00363479656072446,0.025137439034149,0.103949509382581,1,0.401732262344008,0.210562900402048,0.573870211785046,0.114476229938735,0.695436995222313,0.0780841403854082,0.956478650629015,0.0880525140560582,0.675055700836445,0.102559483239054,0.690598886059364,0.157908104109017
1.05326911446312,0.0653083416972751,0.0147908458016306,0.00626391926608476,-0.0717371864976128,0.124113726236187,1,0.0378935257858937,0.190455613492007,0.785324026511424,0.110169648981813,0.671857495631305,0.084499866149282,0.736220685270881,0.0885544821859319,0.801945262694839,0.119714897608889,1.04929375449126,0.169931685649231
0.959900714746244,0.0573533467408534,0.00858938224067131,0.00532847738291952,0.120723348943547,0.119992945729256,1,0.0254267436675453,0.20800888225339,0.737455782477271,0.102281491411563,0.644533875109349,0.0820814320113554,0.565265533083557,0.0986764020385381,0.61875271855767,0.11080745914717,0.462643682702945,0.180271710808737
0.94828042540323,0.0521256094710388,0.00789635339291904,0.00474287288456922,0.0470902318262665,0.137353312617264,1,-0.256692827122737,0.221475270855191,0.763262487480584,0.105877169992049,0.708970411370262,0.077232960045678,0.664191940213763,0.0870151135419274,0.611103151544775,0.110068126657269,0.574756157619955,0.181824541873411
0.977400303687892,0.060129004094771,0.00992314238121513,0.00490565490545726,0.10196987683777,0.124005775269507,1,-0.00179963956309135,0.196401725398135,0.575690709127454,0.105537748756439,0.748805659751105,0.0743892909918774,0.895704303531414,0.093142912143036,0.277419425140979,0.150263011129412,0.902500020710138,0.15389561220268
1.09882416232018,0.0640818204617653,0.0103175617676788,0.0059620804269962,0.00451308502646253,0.11645745288145,1,0.361997645973336,0.168350306764518,0.626162967285701,0.0965558267147363,0.82518322052601,0.078176400661098,0.655341728669288,0.0899680270969482,0.851721144160771,0.101520563471729,0.766073558196015,0.19140211305194
1.01149838561757,0.0597153577578149,0.00984711004340821,0.00643668568638195,0.174890960878628,0.152216557240794,1,0.238546576452027,0.19902618134779,0.509523085473303,0.111932838360792,0.83387997943399,0.0775808478811566,0.671359313275434,0.104726218421806,0.710482203454792,0.11696065351423,0.622596455622925,0.156953707274003
0.962533748388633,0.0535232292482399,0.00470428420656148,0.00456144207079364,0.152755170201919,0.111389824118434,1,-0.0397440026103641,0.22296668282331,0.719347411089164,0.0989402032767857,0.713502456141541,0.0780392231234851,0.472405910528729,0.103935549391616,0.749450661799196,0.0989209790978719,0.550652303436258,0.167936715514868
1.01002934298347,0.0552272018105822,0.00570160943926881,0.00453259751626441,0.0481828662387462,0.129070958744235,1,0.0380544999595991,0.219746962730397,0.654252664866616,0.113252661879093,0.755830181590636,0.085906934121211,0.691533363887425,0.0872692177762293,0.699390868650241,0.110423852208169,0.815957440247343,0.143821042744607
0.989217589370152,0.058145971937881,0.00810585032456092,0.00441038429478166,-0.0424284765392596,0.109686946525776,1,0.389319671979726,0.171596386137153,0.511254618134135,0.0993552459533577,0.526004909820201,0.0945567945447141,0.708938263574865,0.0945971191323111,0.806717845239293,0.103082972062591,0.706566693329829,0.156872413315788
1.08861079302998,0.0610923816652839,0.0137621723623303,0.00539485525845775,-0.0990518253858519,0.12349694381125,1,-0.0615390643538075,0.199615096767239,0.796762818233864,0.0984087982812885,0.699625875611636,0.0907848925068917,0.711439968831969,0.0925028756229065,0.838891194956058,0.11753130657714,0.665411142448015,0.154982423013215
1.01792975862854,0.0522789287839477,0.00833992420264221,0.00477329015865293,0.0297023727833667,0.112296231461581,1,0.102191093627879,0.20884345954067,0.632101094697055,0.107899418084574,0.810224371742393,0.0763009327232639,0.611025016426728,0.0966099985709715,0.735743345649608,0.0868160857885778,0.602406826626345,0.145884230042881
1.12627864540615,0.0673000457530891,0.00967389511526624,0.0042142428221712,-0.253636039054429,0.109141685894316,1,0.0715672196096142,0.237955554669186,0.870465491124131,0.103098300614927,0.729647415062516,0.0870876431173634,0.702147406390377,0.100520745816264,0.793074433963139,0.100485812828519,0.464314228887,0.151211152187854
1.11959639965532,0.0660452129457488,0.0128917211489031,0.00579386971111979,-0.219858837320773,0.111026705383492,1,0.15028104142963,0.24150939015804,0.83809295588021,0.114399983452718,0.641571437192443,0.0827480410273543,0.916134748073729,0.0928045642094431,0.704480894892775,0.109974819581028,0.700332687600398,0.165158309970629
1.00347147237439,0.0620456766708657,0.0049767686865128,0.00365410303947527,-0.0115794286587018,0.114284512675072,1,0.0326004610089171,0.209891485168972,0.596372022722166,0.118941182270782,0.831141496449681,0.0838984113144874,0.599936069348388,0.0887068033853438,0.762225049298825,0.0937768652260218,0.499174276658587,0.187138779116906
1.05395077093334,0.0603008711522141,0.0131582462178155,0.00579349166033681,0.0355322965634514,0.12861933851908,1,0.0186201619740589,0.180379526792509,0.652069958444761,0.0986149543884075,0.771714793893616,0.0841915967209784,0.815299429532171,0.096354716114764,0.718025586834071,0.103146442750961,0.546652476924999,0.178311509947633
1.01226779233722,0.0551838451903642,0.00797583064911018,0.00410731174179571,-0.0422694215848493,0.110711495763015,1,-0.16649547198107,0.208500908479591,0.84725437522988,0.0933456785259007,0.583508791065155,0.0823613702394422,0.670756869746914,0.0963898989862078,0.614040063733926,0.107295303900577,0.576280032375401,0.15173282987565
0.997237664627702,0.0553159198890324,0.00676491550663098,0.00513783839105941,0.185670250632035,0.105786823691554,1,-0.12592364153845,0.240637797893752,0.810884694669211,0.106976726096339,0.68813374407367,0.0774436031441654,0.563829786387061,0.0969891361689273,0.755573917495342,0.0971174699575929,0.450063336924456,0.185245164911103
0.841016449185765,0.0497478280743549,0.00261747684966419,0.00362895702769165,0.155261896322105,0.107870275414214,1,-0.304157299726317,0.188777699493753,0.640655729456562,0.101530935424424,0.606166218670063,0.0864137117003751,0.520385741607301,0.087846744498321,0.761131660624887,0.0916973946047493,0.433924600097708,0.178676554547092
0.993621637552006,0.0575391519252639,0.00438212843789891,0.00467296847306577,0.117011392521876,0.126986836265228,1,-0.213974168868534,0.231061740208421,0.849495634380075,0.0962525198882394,0.663877650786138,0.0751292383890095,0.590615077276645,0.103583404908061,0.767946523332905,0.113868000847234,0.315483274143638,0.1709704681059
1.05623829341472,0.053262535068998,0.00958264638461147,0.00371722884937309,-0.185694348390394,0.0954799818070019,1,0.250524038180279,0.19528712250171,0.751290129954501,0.0964515968399047,0.58017710826119,0.0953834605415966,0.733276992618549,0.0879467213994949,0.719056770874929,0.097560853361693,0.563471350862704,0.148716469900851
1.03880645175147,0.0549153344336223,0.00660153869341578,0.00456455875693381,0.0728208832021139,0.118362108460863,1,-0.024340822996312,0.262429271802967,0.726086621274029,0.125718106097052,0.717736199919587,0.0757005167164649,0.750604689763463,0.0833200277241654,0.699694517102125,0.0982949419996906,0.68115234897823,0.163545809360664
1.03319438147287,0.0545540687415964,0.00642144358595717,0.00455107634297119,0.180290808398577,0.104819193780626,1,0.0579699224638766,0.204005642079059,0.772584758323834,0.104807543061259,0.653210058187259,0.092343539471619,0.776386804168874,0.0891307922603693,0.766397410492451,0.0863286011709778,0.669976214441006,0.13689279986549
0.964216650348204,0.0541661626898601,0.00602177911960747,0.00390833148281152,0.0142273306260743,0.0991537292636545,1,-0.0644772550488626,0.185316117316976,0.80476742178121,0.094235287362112,0.624888081107568,0.0815516066413742,0.645694005451934,0.0891208540025222,0.322415476685349,0.146734776616953,0.699335988724885,0.121548891793113
1.01936359380559,0.0587179792438248,0.0124704431175857,0.00591103679821948,-0.114082458339207,0.0953698466122768,1,-0.123903467725293,0.218685372467731,0.722208938311709,0.0977651752881554,0.728933281374733,0.0795401260511192,0.759105782554283,0.0987509328557242,0.686889381858334,0.10604554523857,0.818344585105143,0.16965725705553
1.09782847261203,0.0757860192406222,0.0132729519220816,0.00556755091476647,-0.158905114196905,0.127012254194135,1,0.464446396020865,0.187367810504423,0.64383237414894,0.100839090685089,0.701395345688473,0.0944024106533626,0.707804358276801,0.100512677366718,0.815645461298421,0.10317234997327,0.723099686606868,0.152063879548594
1.11781189183426,0.0631671551263243,0.0124638172101162,0.00612259398984992,0.0502739767358456,0.131214096796985,1,0.282650861782729,0.208371922378283,0.700246352767675,0.111874578110584,0.681075238718869,0.0868936233900472,0.841378144762295,0.0886477703688161,0.734266040435367,0.102276803129965,0.622313578341361,0.152212201559283
1.01991355243675,0.0596079473232726,0.00902834017712948,0.00429650649027943,-0.0604275431250595,0.106717764072865,1,-0.252836946039661,0.219697974622874,0.925458090017452,0.0954647376860743,0.654710779352316,0.0849841920523537,0.644867271982995,0.0947821131753599,0.659540554545959,0.104121706645577,0.707475716420096,0.163964202440446
1.00129724797906,0.0646519345512057,0.0130688086783667,0.0063384215735877,-0.0601590371392889,0.157031522034574,1,-0.114702555824755,0.22117693353418,0.758342425620974,0.0990490097317945,0.550072873463535,0.0939260994711077,0.785972002447752,0.099803247912304,0.695397792631031,0.112772838747831,0.525548538523949,0.167425347217485
1.03999395658121,0.0613050273469674,0.00240635445190574,0.00354311561010928,0.0556505681413689,0.134709909168771,1,0.0886521283808948,0.200844040436385,0.753918479476296,0.0918957170301429,0.579460656788025,0.0929608250737023,0.746853626403701,0.096674756420832,0.63724259049212,0.111164391598257,0.82570034608612,0.130611950402675
0.88697912570035,0.0512075277166105,0.00805120765339866,0.00558262440874082,0.194713804591718,0.0998918385487957,1,-0.0359687519241635,0.184608446234097,0.45345075695321,0.113835322612567,0.730175828720139,0.0781393701534224,0.584623442282055,0.0915775840288538,0.631116870193432,0.0981240589787252,0.506218529028825,0.187539673552297
1.01356430865897,0.0602198119116347,0.00919713757838341,0.00519385089644336,0.00536241395871581,0.128821256423533,1,0.414078941965962,0.199797847105206,0.488344204694904,0.109921072921593,0.740457368549407,0.0913304233966629,0.693782561705343,0.102625638398855,0.651543061084311,0.0982412175490292,0.988049246596324,0.147333326060413
1.00164732534101,0.064430003580966,0.0102438305272784,0.00527901108457747,0.022672649076418,0.143997968594914,1,-0.0638893092332796,0.228065745089808,0.512370947020355,0.132870161896912,0.813232421353972,0.0915301215665741,0.723667277252622,0.0886036200429644,0.667955769291006,0.098124184410707,0.620909292127875,0.143282202951376
0.970498367691694,0.0528785271018381,0.00431210865116451,0.0036882178122273,-0.163614459301291,0.108601681516441,1,-0.384894209486971,0.251974695326087,0.77556509363484,0.124535482954016,0.657371138517433,0.0767338895048767,0.799712927446244,0.0810187444461032,0.831910138969941,0.105985415601826,0.304053522082575,0.261376549682154
0.953589377393678,0.0578545688782141,0.005455396521732,0.003482051779255,-0.135842623113053,0.118826692641711,1,-0.126693504061284,0.212490461975977,0.719359334258701,0.106068700832007,0.652204539479833,0.0847157571987883,0.755706075024722,0.092302463460518,0.575059765170974,0.108970156937529,0.565661132155902,0.200439490964739
1.05193757201027,0.0583644842826341,0.0113296926425719,0.00502631439590413,-0.0497459144801118,0.114639727381539,1,0.521150750177168,0.189696080798684,0.51184717925499,0.109891484704598,0.699089279669156,0.0851710930550178,0.78874086571412,0.0931907138176372,0.688944201066002,0.107588280681383,0.631650358461197,0.146730800924634
1.05869687935983,0.056698326770446,0.011367876545274,0.00454913431184863,-0.100034005785069,0.110415946855067,1,0.455636506610446,0.169982797714524,0.550578228439105,0.105937457532851,0.775625415368625,0.0732574650502591,0.593111853994091,0.102329915370274,0.80530564657962,0.104909945283974,0.848383475296928,0.178541349076893
0.939314492606968,0.0500425760379239,0.00688416864608126,0.00406044872104992,-0.02748124635955,0.114702493410239,1,-0.131667590808777,0.199821082544484,0.725295900949,0.101558977044772,0.686417652015731,0.0766723693038289,0.505106904303042,0.106023225893609,0.511082490088684,0.108808974877822,0.529158650762244,0.138971679068656
1.05146136641281,0.0614351555025233,0.0179716530434429,0.00715386029721856,0.00277998675029021,0.139033305488339,1,0.116652706580198,0.220290137087941,0.727839602902885,0.107619080384161,0.60921961524815,0.0878868998599956,0.824397072803193,0.0871091347665828,0.837198837665177,0.108058326231686,0.679968432781919,0.163103759629539
1.0042921359601,0.0535949313593677,0.00470992741166459,0.00382826858803323,0.0415676435862708,0.123665425180938,1,-0.279089417749539,0.189850532475881,0.845060460408629,0.0940757145343166,0.682849409548213,0.0758408848085957,0.556877173212135,0.0947483937471238,0.727983429338762,0.0996077479118584,1.10423762573231,0.208632392437841
0.89632121386474,0.0487821747935319,0.00807863179977997,0.00339946130601121,-0.0555196504920122,0.0993550484142503,1,0.0268682504227776,0.210202982763075,0.615597286853657,0.113052540075527,0.563008790030622,0.0936421496977592,0.601939714904383,0.0873359186904264,0.661280495988604,0.0964207870469476,0.413790818660753,0.154500193275665
0.869927655897877,0.048779200285777,0.00295275084333151,0.00339757923274785,-0.0583772679637618,0.105349302405607,1,-0.259857747431307,0.189163661760005,0.604227943459101,0.0961181102382383,0.585591653057613,0.0797128411107145,0.754154035397613,0.082381061705764,0.514466724380047,0.119233017555614,0.345088094869218,0.227157495954036
1.08172064516992,0.0600298663209873,0.00690952400677238,0.00436098912527223,-0.0562557281976981,0.101502488444958,1,0.286460275526947,0.206570629653458,0.669088083699364,0.111305304829246,0.731477204274344,0.0782760542336643,0.747408231336696,0.0875247555359916,0.757303975224552,0.0960655818143831,0.934681420453459,0.152755177707136
1.02473462246514,0.0534178729124289,0.0107693804373271,0.00490455934602455,-0.0479231134455269,0.102273582381998,1,0.07894458907229,0.175488743373506,0.682090073682376,0.0968283009252637,0.645483765654082,0.0749409137394169,0.864167506602541,0.0983315900867068,0.495325260398471,0.140099414689387,0.748580468033424,0.15768950615143
1.07836591603389,0.0754912764615025,0.011986624190046,0.00552072194876841,-0.19077336446247,0.11549530502485,1,-0.0280415548049558,0.173228252596351,0.778751052688854,0.0978545763177031,0.816205245324872,0.0850501311780306,0.769731201036946,0.0953233242731091,0.854606781354244,0.112025411612795,0.577923133722149,0.207975053177128
0.926447569594596,0.0473497574541715,0.00676996431245598,0.00397394058315918,-0.0151709471162857,0.0993286228100378,1,0.0164833875474456,0.186016837667527,0.587003067930383,0.109302761094048,0.635274046314739,0.0819743086422284,0.666177122748934,0.081473463898518,0.584254266056088,0.114482074070949,0.736300192031193,0.148387717539987
1.05742407448407,0.0634528446189991,0.00629248887819114,0.00568286392502087,0.159877472886767,0.128809527640379,1,0.382178347530682,0.180859405841926,0.655974234788333,0.0851349454656297,0.652032490490366,0.0899426448576672,0.745555951052976,0.097988608407273,0.67106526334913,0.111107971434518,0.767455904236322,0.165049784350777
1.12657517520942,0.0604779898708632,0.00992824482810734,0.0040114251351692,-0.253627154190279,0.0979277276271453,1,0.122643286163629,0.205075792460341,0.749630487696122,0.0975236948960786,0.80403031135015,0.0741401246807626,0.854603407424007,0.0927793168149523,0.820874197969674,0.103361023808291,0.640462732164464,0.179167418742492
1.07966610104174,0.0693012607691286,0.0231609566111471,0.00749944126024881,-0.214700933627141,0.114118316129191,1,0.117496174544445,0.212776765873275,0.634179002073869,0.113141785114908,0.860372258952751,0.0824092552321715,0.697948359861709,0.090108568409178,0.762338851839554,0.112334733348269,0.88313347177915,0.169469421640379
0.974850487617277,0.057481830297924,0.0100946844659341,0.0046978397917326,-0.0411222230776337,0.112947251142383,1,-0.0829854652656325,0.197250863488792,0.747706680760679,0.0913300488313024,0.694296770829346,0.0845044626165709,0.639399168240498,0.104734694754717,0.617295231741681,0.101605269934807,0.692613677943308,0.148529202872484
0.973454593752654,0.0569714972155289,0.0019425117407142,0.00413460864025715,0.107232823542052,0.128805956834414,1,0.0120701414711832,0.23836890033032,0.755315793373031,0.112886235366157,0.561521537243626,0.0879856545734844,0.643189721381515,0.0877513232312976,0.727265047864904,0.101433555491139,0.564912972867912,0.153908898806056
1.03837171345917,0.0599438103734861,0.0100299325416152,0.00511495399369033,0.135416250880071,0.135411227195379,1,-0.127267383944416,0.250134576491653,0.864691148109674,0.117032848809116,0.691247789648319,0.0863964893287098,0.657663697668078,0.0908644701765014,0.787654301032107,0.0988711711310903,0.572733724239537,0.18106550913911
1.00427629441185,0.0621954007968304,0.017863041124497,0.00704363912275291,-0.0260387019405588,0.120136101478282,1,0.102899086605572,0.1739934634311,0.6037155949675,0.0983960155193902,0.754283673564485,0.0806559259030872,0.621262023361113,0.108618857143964,0.73423035588762,0.112701314015877,0.573457849124933,0.149909010016446
0.905514066741361,0.0538613553156031,0.00589634175563404,0.00461670840676278,0.132332973487382,0.103588562303733,1,-0.327926176911023,0.193823805760935,0.650580890139709,0.0980039742114979,0.646742164789339,0.0786162849986851,0.635103791791308,0.0952680468704015,0.689655200074893,0.109004122897734,0.66058659740785,0.194644515452628
0.961479220686862,0.0593599650872793,0.0077108141878663,0.00425978720219994,0.0154521451861561,0.12111189602946,1,-0.0773162507019195,0.211671176969507,0.66841507686026,0.11574486384621,0.686662437891983,0.0833261282115718,0.665960625512136,0.0866300624756509,0.722690157258777,0.110471697064472,0.558539925477095,0.177502394547169
0.910941752501968,0.0421690460497203,3.12401798497952e-13,0.00113163097882168,0.162741224676268,0.0937725651026101,1,-0.475407749073183,0.214964726156362,0.785347193278955,0.104631381455902,0.712162918473626,0.0739088345236624,0.474248902830315,0.0942708198085974,0.746513161227109,0.0823401839637963,0.758146896275004,0.200923344538153
0.958117423786647,0.0576629063443775,0.00436947492517767,0.00375137627922514,0.00846869214545319,0.106429335705193,1,-0.203426349775824,0.2153293101967,0.828524194538902,0.0949835287914796,0.608424164121598,0.0887677000152147,0.573956545565432,0.0938545194329551,0.680467335307659,0.11214365302492,0.430760223840448,0.153857892721867
0.990253266306912,0.0553358449860805,0.00416931344905262,0.00482025495728435,0.143577628191474,0.119807073057292,1,-0.0785997640916844,0.20855588518634,0.647544251490025,0.104463710727321,0.851361369597957,0.0624235888908444,0.440088960022604,0.113517193770034,0.713824686056853,0.113122831953363,0.783186279372564,0.152661972746514
1.02559835604685,0.0618934361884855,0.0106974736339568,0.0052073096619996,0.0658435263101915,0.123376595681806,1,0.0483886220874282,0.179249812953471,0.733743040154509,0.0995637010087442,0.643934437147375,0.0895121321760042,0.814245104009048,0.0887338708987692,0.642696084113213,0.105407302470063,0.92709571162256,0.17566167549655
1.02307468697118,0.0647637149461973,0.0142110788234677,0.00552876545610982,-0.0672732770437348,0.121997341357939,1,0.125716828631414,0.232993990014189,0.527467414694956,0.141235777661793,0.755629177877857,0.0857289711250053,0.796003835267457,0.0798831774241347,0.577381255418451,0.113205390996754,0.692188825173888,0.135821317494864
1.01107514042327,0.0581486578418976,0.00737548241720258,0.00416738788585862,-0.157350209912322,0.132967938393134,1,-0.282087038894804,0.315545850960223,0.852504143036176,0.142211208851013,0.719133360305349,0.0799206054929517,0.689971773665029,0.0925420237542028,0.865392952012766,0.105222679548834,0.576444040138053,0.179502894783638
1.00342747563834,0.0591881173928285,0.00627223312614812,0.00418803149743217,0.0937401560674088,0.0977463619740379,1,0.0989784026113574,0.226985680313746,0.73574920397088,0.109233937947315,0.674595542482355,0.0861390631719954,0.669749849388231,0.0965672186237929,0.589628576704017,0.113998181973346,0.663179225978746,0.121421561156807
1.00745951570238,0.0569182966165795,0.0129943741192547,0.00467685422927169,-0.011715496195613,0.113020636790139,1,-0.19220668166694,0.250074857713879,0.849328534519147,0.114610443930829,0.617821786583393,0.0909232492888182,0.813781927510369,0.0772424527472272,0.704487387805925,0.10640736402719,0.693936796690101,0.126796310256198
1.02831035406833,0.0623823566781099,0.0107115340533299,0.00404208082914117,-0.183339523883069,0.117772860985412,1,0.195418746996995,0.242241099599163,0.585569746328475,0.136498150986251,0.642224389493999,0.0921418224458202,0.791930300217563,0.0824602067274487,0.777186712013486,0.100418174894942,0.432661723844796,0.161036527109569
1.02744075056178,0.0674530453105766,0.0115185204583968,0.00491717406809286,-0.207527771938324,0.114880607037035,1,0.152181328700321,0.21737516088008,0.657318365112831,0.118061811418552,0.766757076086822,0.0806489176304932,0.528070428436765,0.114041878779106,0.727913689306426,0.110433339968797,0.817694545248462,0.139736128289055
1.02130991183325,0.0515884670571332,3.68514413302356e-13,0.00121689208751637,0.240588094548414,0.0931414931777773,1,0.29188966041377,0.190704190658439,0.608014416688097,0.100075929961132,0.692804936372349,0.0807866433400913,0.724379330791932,0.0828903372963123,0.682993005507279,0.0986535555500053,0.173649035871773,0.204952029424474
0.923904562914497,0.0620750324937971,0.00754212868407875,0.00606362513538935,-0.0296167510406056,0.122123679552744,1,-0.365006409080852,0.218940718771662,0.73438480247985,0.105992219230926,0.674653332869817,0.0809346169720419,0.6555673121878,0.0946122212243273,0.690736793895449,0.115933109930748,0.802386344805854,0.172550931867911
1.09796927870902,0.063639906860655,0.00970303830070429,0.00552600276496012,0.0544409926837428,0.112871086812849,1,0.138482881976458,0.20997271351097,0.747280737621777,0.10190336989869,0.738983823545035,0.0831170348454376,0.703741137443354,0.0921586888009422,0.706184971980134,0.116989356507213,0.740015543482948,0.158265159690048
0.975340364214219,0.0472478883008663,0.00596752950191884,0.00445638235634384,0.131077226167515,0.112890910232057,1,-0.0421702527967501,0.232887908495461,0.709842285879898,0.115645421610408,0.532493423642028,0.0890527443324545,0.758526483290281,0.0745212599467962,0.637987250909883,0.105555291434118,0.552688451790216,0.14418155897145
0.982204575378366,0.0507492154816625,0.00789652048841859,0.00446628256582245,0.0986020642165241,0.116476070184869,1,-0.310643972549276,0.271201117643682,0.855231754111495,0.117777579754223,0.720604649888822,0.077227367323408,0.536861322638144,0.0973587372435422,0.699804778228957,0.100526081822486,0.715266050590231,0.134475337824492
1.00861141654981,0.0623049212421682,0.00886820368107253,0.00453433052462877,-0.0744158141219596,0.107756416756717,1,0.0929793641453034,0.183666371147468,0.624493773147031,0.0964317221553338,0.751087934542506,0.0809477268183359,0.725470015042538,0.0943388072078571,0.527066727978018,0.119113225300863,0.583546919582154,0.161477562463408
0.947684032377571,0.0547096643624385,0.00910542185033815,0.00570227088372432,0.15114809111438,0.113269523800221,1,-0.499290993704924,0.227721306983046,0.792026798715595,0.104625824660014,0.710133536730601,0.0795936808488997,0.726997298714262,0.0811891487613182,0.713790653303253,0.0990663657444334,0.37943270230123,0.186239891879305
1.01837909787675,0.0586484918071449,0.015084285760302,0.00629973864517052,-0.00363281344396622,0.111019674391057,1,-0.0196065527866072,0.192347112902127,0.754124302708951,0.0941845595426606,0.784030472221054,0.0762308765562431,0.643321912540558,0.100118928428666,0.727298795389655,0.115155084254541,0.944214504862813,0.153482590220984
0.897876523604814,0.0585576041026271,0.00956286420110437,0.00537062952940735,-0.0133582825978606,0.117986403682572,1,-0.543018911102123,0.217960005142854,0.806919001019641,0.110747266701252,0.723243310946826,0.0775070167709398,0.557082651634259,0.092596581877645,0.526869545859076,0.126249122369544,0.752460046989472,0.176775731154626
0.984970624614838,0.055124874649135,0.0136821087933619,0.00561279160872916,-0.0446650697298338,0.106289669167338,1,0.106571540527514,0.216712499825852,0.526351584663959,0.135745894087911,0.750070592515657,0.0772281404236252,0.702617389256354,0.0893288027474611,0.5812314659826,0.106486080164549,0.650286299832281,0.147364976358306
0.981303098332001,0.0471295982502383,3.36123341123054e-13,0.00116253509723713,0.149246990392111,0.0967071886946729,1,-0.230990547284149,0.229353315768138,0.723739801375666,0.114159122351152,0.725723276437077,0.0742800126407441,0.706521581966256,0.0835944527027493,0.681468117154585,0.0968183516849382,0.649945417822039,0.173858995839479
1.05052804748108,0.0564350674798303,0.0121104855303955,0.00485586567570515,-0.220337499360732,0.110764018004653,1,0.221682066246883,0.17328252392862,0.634651274345568,0.0991246936556089,0.738575851875967,0.084269261410654,0.647993374614906,0.0983673137816654,0.683697713876921,0.100012368569429,0.659679045591684,0.152784460980403
0.797354753187188,0.0443015375989174,3.67346989458245e-14,0.000383414307375964,0.245337968059129,0.080575459362275,1,-0.319686994903563,0.199580616979679,0.653163492003352,0.0953917167383889,0.571506845852867,0.0742629797927167,0.460018966191309,0.0825003959202974,0.642723863186822,0.121202492513794,0.727987319470494,0.239235429993342
0.969210607196243,0.0531125680975153,0.00936119780988081,0.00451681752513708,-0.00387438039652986,0.132654086828375,1,-0.130232731265828,0.211435012385039,0.833372036047089,0.102521824463924,0.60846143916895,0.0850115954308307,0.562471018710615,0.0941289862958701,0.585071298262964,0.100444229065347,0.818567095120184,0.148144101676894
0.968425246461342,0.0555899706059545,0.00308614362131235,0.00461092191115249,0.231374789588308,0.102684613671906,1,-0.36340283557807,0.221177500437152,0.781865173714883,0.101115446652403,0.713088120366813,0.0780076766970615,0.72780609888142,0.0915468812839739,0.495630166660589,0.118166467056485,0.695873111714593,0.139486970766842
0.974891804724032,0.0550955866732367,0.0130632622368731,0.0068333714444832,-0.0120974267451078,0.127979620831058,1,-0.213080333479584,0.23089012941726,0.647392562320189,0.118488351814842,0.719649358824148,0.0818365439783748,0.663846381422735,0.0885270116185319,0.729331852380221,0.127234262124137,0.771592326072361,0.1783177745046
1.05465102982019,0.0535723925305431,0.00340957839415098,0.00389945438179152,0.110899562830989,0.122296107448544,1,0.253897282596462,0.219840756818508,0.607828023585563,0.112395021869004,0.793448442887754,0.0835461919927026,0.67667992547908,0.0909059347501442,0.785075238453991,0.0935026472578445,0.785257821556474,0.142416563607066
1.11066736876439,0.0741265254636144,0.0128898923485975,0.00608126305044829,-0.127862472132508,0.134107204636552,1,-0.134197614849547,0.212888176731109,0.866903390084435,0.0960490270642715,0.697815782610103,0.0933646805275286,0.913061935717502,0.0974103240092011,0.733650295008889,0.114931501794055,0.646998029838915,0.154368107331491
1.10703721737694,0.0665134899740167,0.0143114719848617,0.00577660525004543,-0.0845158801905035,0.122136656999972,1,-0.113763942774791,0.241288609657311,0.88057226280581,0.10090160195974,0.76947194812254,0.0817673868642781,0.766044177678544,0.0875573375910695,0.779465467944948,0.115344469892638,0.740311287958971,0.176731978491007
1.02094762831646,0.0624951762758974,0.0152923204897342,0.00640713369274333,-0.155857974320162,0.113559276477368,1,0.214948222987441,0.211782908921277,0.572114840133324,0.118386342001834,0.742096113013041,0.0862635261302813,0.646343496134882,0.0862785314990956,0.80402973325892,0.113147811853442,0.630341659174015,0.151913433512734
0.917324453737957,0.0549900754984939,0.00890704833343531,0.00394108559456392,-0.0852762298262082,0.106157972125144,1,0.127627289498401,0.180007849527894,0.504827180858963,0.10567366085795,0.686444067877592,0.0845441782739773,0.50498231617561,0.101616082147331,0.57813850707361,0.104347194237897,0.620362922086805,0.142356513989498
0.998303049137041,0.0594848612780366,0.00708512469891506,0.0047394262521182,0.0557066040099846,0.132939921110202,1,-0.112678052076339,0.224843189462169,0.783092660130781,0.110074698754938,0.640426920328277,0.0909592879673283,0.761682071362874,0.0815949704801353,0.834530820432805,0.104410160181065,0.355563526117076,0.188572597434018
1.12971783613308,0.0722057605907978,0.0191558859861376,0.00789463983740473,-0.00470559626035967,0.130859418456778,1,0.0754691958883063,0.254088307514841,0.73922755733837,0.11707215162178,0.825528038652981,0.0780851838135377,0.716723422803787,0.100905625389244,0.689569817559986,0.103348317672705,0.947150091096828,0.1375692121806
1.02307332962859,0.0543848718394077,0.00407313878604778,0.00357827247655527,0.0172877108973035,0.0967015976806858,1,0.267642715023437,0.184243093611393,0.490383873254239,0.115307037780701,0.845883849343677,0.0709225635740978,0.579098653622209,0.0928581779458059,0.65409629576933,0.109756924560524,0.64350385919791,0.154921615866175
1.00107800552608,0.0614421607826858,0.0128167055692965,0.00540776948404498,-0.086575904406635,0.133392907959455,1,-0.0342090092661586,0.228679133155577,0.733612106097437,0.104227535765801,0.712106805788659,0.090569951115716,0.709513299193965,0.101373048791031,0.57556418439237,0.109872324165767,0.735121248940061,0.159663886484709
1.05551464045701,0.0689695590191745,0.00899150347757497,0.00542576743713226,-0.0761929327152943,0.132214015261503,1,0.236751454314333,0.189141917232725,0.526244326585916,0.107532062685486,0.891727008066971,0.0775187270307537,0.782841147017324,0.097835519224393,0.786179018857747,0.100133612999678,0.640768987082545,0.221185452757486
1.04485531596439,0.0588608551453102,0.00351965627531579,0.00585963829678856,0.242302437043684,0.130913452462721,1,0.4882138292718,0.213738013694767,0.551410474059927,0.117529050331834,0.622871737315936,0.0818061675497576,0.730516695971734,0.0875926374876734,0.819692284231978,0.111012387712802,0.5456699569065,0.217688142291732
1.04879546882841,0.0617272012001014,0.00661683893723501,0.00464849459344597,-0.0234498230166929,0.126093596211293,1,-0.0631713302438316,0.248961646895842,0.710339020621584,0.122777359075396,0.772751152243607,0.0787592628189504,0.708592279451567,0.0912199008101009,0.705335687282075,0.111639822648954,0.829370439272481,0.156937383510199
1.03176047332722,0.0557289113737671,0.0125668389902849,0.00696955038276286,0.121255972062991,0.120337410628697,1,-0.145932826460048,0.23662826066543,0.790883302506527,0.10250529906228,0.736933725282351,0.0725864210057113,0.67570061920259,0.0965855834650725,0.864388840526605,0.120520791470033,0.852091219668891,0.207287382258465
0.97998029905668,0.061451965711154,0.0109253425250123,0.00423379157012914,-0.121606596176033,0.129132569325513,1,0.114713526479238,0.183294291460878,0.6392317496943,0.0953249581684203,0.606434007354804,0.0923126412731153,0.721452735878316,0.0950584789595029,0.703614266444669,0.097107392021498,0.701789269561681,0.166869830443703
1.04053403921504,0.0571096336457408,0.00783660440448107,0.00568556841113142,0.122313875943128,0.13222115301629,1,0.10301474239311,0.189615044713391,0.708695154682948,0.0882208499444831,0.630418769120176,0.0843978656720417,0.854223680202072,0.0909873230487626,0.679245581165079,0.110784401484742,0.898343470681619,0.190726481365449
0.995718129368484,0.0570079342702594,0.0114692424923938,0.00482021123053458,0.00681314669278225,0.108131632472519,1,-0.208710409663743,0.181295714539984,0.632298548246781,0.108389340682584,0.845134080120355,0.0800297891552473,0.640798056944666,0.0944652132265358,0.862464728118065,0.0996843890530807,0.576943124757324,0.187234439019229
0.890191557935584,0.0480778644101133,0.0051461546959027,0.00399409118421502,0.114653719485835,0.140989309922141,2,-0.0347245093816617,0.205631449707825,0.614103215970485,0.108115140033413,0.642583997311964,0.0789830853308121,0.546849092820944,0.0919144085746663,0.722405610539757,0.106894863432206,0.383111067337727,0.200886659540178
1.07197633545863,0.0723039593746858,0.0171667244087489,0.00724678020206281,0.0081049231956185,0.134745677880147,1,0.0657167661033433,0.264691866090096,0.771952121884662,0.127408763741716,0.692878268515453,0.0875164474838471,0.779492645207082,0.0913596868660317,0.762062213978364,0.105889014961628,0.79451446968371,0.143352949435121
0.979739366120692,0.0547426190018047,0.01269659326884,0.00602538136880712,0.0840591368109574,0.143832229263123,1,-0.359212547110072,0.274432397007838,0.861583484763954,0.112277320653726,0.589186330074245,0.0893006631765081,0.703198725437295,0.0794413283941601,0.694318572919341,0.109442148642398,0.837327977451354,0.150752019927998
0.947559908003043,0.0576780956114781,0.0144194156992188,0.00599010515773924,-0.00592316869869629,0.107330841332546,1,-0.107052696729574,0.192835033198547,0.677756296886315,0.104908050343237,0.636762856983564,0.0825184192857761,0.695159577639436,0.0855599359925462,0.719148006654479,0.0992794460105637,0.802780950177863,0.181759115897161
1.0301134322886,0.0655316613984568,0.00591775320790659,0.00507609448864651,0.00915854561149396,0.117734386323827,1,-0.108424373379976,0.224140216889786,0.777825923476328,0.108384739802964,0.750780391235852,0.0746067719050786,0.73701013471768,0.0992765235378203,0.686309160493412,0.111923820050746,0.473077070859887,0.202300300367191
1.09666390260129,0.0676862678495426,0.0179188754716967,0.00636396980468885,-0.220694024014889,0.0995603290926988,1,0.146037144819063,0.169377304966532,0.788716196045979,0.0822046743399613,0.811021344675627,0.0853740018684626,0.65913238834123,0.103803638213598,0.868821136354128,0.108382167586934,0.998993053992727,0.18334322296312
0.954411841757287,0.05231061630953,0.00356940060989367,0.00402313254069976,0.0708027926774515,0.118320676928754,1,-0.0460227514229728,0.184234430493956,0.79498764942826,0.0862847295788936,0.484310761425204,0.0948662569822614,0.746476020492919,0.0817175753969218,0.799568204299971,0.102038414839741,0.534023503603046,0.178372685150443
0.996590975515891,0.0515048684786532,0.00999759619478731,0.00492288546762537,-0.0790347889283439,0.095688549035126,1,0.00365935914139186,0.194273538675084,0.761301509535509,0.0918630065576001,0.675815115244475,0.0795901856308068,0.653616032987375,0.0961948857488328,0.683379335920286,0.10014401007519,0.577013122198892,0.142730617219398
0.933722383530924,0.0521755274755776,0.0123600747372285,0.00481030587222237,-0.223903171253092,0.112652719321256,1,-0.0706019330930859,0.199933313488905,0.51588664200663,0.128084468203351,0.72667332441022,0.0859034165247047,0.745179709646157,0.0860524837420763,0.613905253997618,0.103525681076595,0.801715667585182,0.167583759154524
0.957204210802139,0.0515292412690131,0.0100581528410715,0.00559650426870067,0.144267815656918,0.0961944081039741,1,0.0146511167784943,0.197927199965591,0.686697763756228,0.0988309928607765,0.655326593990005,0.0757922339577792,0.852256046007017,0.090375083462976,0.445303251774541,0.121652047983009,0.532973042623235,0.191667603164714
1.01605060247425,0.0588669553969979,0.00434367564306759,0.00386156878378858,0.0759567252246307,0.117967365260323,1,0.267040676595006,0.173845944147482,0.560576743661806,0.110199538748037,0.76072199233774,0.0812050793847402,0.635622732118029,0.101681673697233,0.749810478420929,0.0921398417637339,0.724214619216952,0.149391753362914
1.08136156373882,0.0605335606582891,0.0139981883367829,0.0060684510574055,-0.017454959990652,0.123825718936783,1,-0.11480112630569,0.227012031264242,0.858237130870297,0.101750792234727,0.675928913487641,0.0894218100275042,0.739217618503532,0.086171449657455,0.750751006656256,0.119521773342464,0.793410940747616,0.171572096029943
1.04881993420765,0.0639978024462047,0.01706929960988,0.00745295543320869,0.10752692310266,0.120143024087508,1,0.170038009208311,0.192153379071943,0.701070793523777,0.0965301261608573,0.731970346702884,0.0852909106296224,0.550636885724869,0.103229492488479,0.778124583062077,0.100902267273805,0.72318177142304,0.129802226995987
1.10723453277598,0.0754541093853463,0.0174530106343962,0.00657070442991065,-0.139930779661104,0.12576102190762,1,0.299302928506875,0.211140727029215,0.650073245635394,0.114737560695733,0.753312552139163,0.0867130237070718,0.933349398828501,0.104346108623927,0.717386271058812,0.112564499258504,0.7623751940911,0.151757587900292
0.949668905860235,0.0593839727163999,0.0139044579648485,0.00605146526392729,0.00484308447459937,0.108205502496138,1,0.126753594950099,0.20494047637958,0.589773368556413,0.105850661297479,0.609254794375131,0.0815553741052649,0.721032884190869,0.0964679388573724,0.637954435862677,0.103526247689383,1.00642878260696,0.154121194605356
1.06697475534933,0.0560670696971057,0.00491807752147761,0.00378166386104259,0.0855452667317519,0.1099441377276,1,0.394635161228652,0.186183812413895,0.589773041790241,0.1007412897167,0.69958526391165,0.082029407359039,0.743003815863258,0.0930771532280578,0.575995828748508,0.123572745512137,0.668719486849,0.138772307144584
0.95873680739852,0.0561497417232299,0.0100380484733354,0.00552541526250113,0.0870536068724659,0.113137562365364,1,0.101946489086867,0.178973232284675,0.556725677071077,0.100570931301346,0.709792415014315,0.0770574764045767,0.654336963274045,0.0988022316048696,0.595040135902945,0.116971612284314,0.802193021036606,0.163358617186688
0.986266426233313,0.0582573288737129,0.0117088581317015,0.00526621531838226,0.0428664758217812,0.104663035420591,1,0.0310367600264978,0.235322627250226,0.677293891507859,0.112861453283768,0.654048924313981,0.0833926658025611,0.583066527318213,0.0939842365676326,0.772602382994256,0.0948408422152033,0.809374541648552,0.15682225946055
1.0000963277824,0.0590356072257546,0.00736477611292648,0.00521389534880815,-0.0941185731073514,0.0983643040528553,1,0.227210824969553,0.157990095715775,0.706546560816458,0.0812451751788807,0.559963641231544,0.088392798924768,0.772147498561374,0.0965875202743099,0.641164519754859,0.123882182856672,0.751097706508989,0.158930489396446
0.968997196237804,0.0530132963780024,0.0105405599843304,0.00503861395747345,-0.100078047280339,0.122830834630422,1,0.165948837338543,0.164600821469752,0.601735231930347,0.0979056379848756,0.589413324479822,0.0883323839258883,0.707395807211,0.0985274697232867,0.639307062418974,0.10803835651487,0.586917410520722,0.129001275487604
1.13578761439641,0.0695275290526842,0.0140140915056228,0.00765246874963938,0.127637070982046,0.151928166970888,1,0.0907523182905971,0.21186455594476,0.711753803485725,0.105003394287173,0.911448561899569,0.0775595958447482,0.700200339474068,0.0972335514527661,0.800813101175592,0.100586004710381,0.452606917170908,0.167551183186921
1.03963491002269,0.0534648611113988,0.00861548028800286,0.00512904022240574,0.0517713600176052,0.114160598649315,1,0.0918845372221394,0.208071732007351,0.73755003085921,0.100267081215789,0.708021579448098,0.0747739278580131,0.624140350523229,0.0916725961774914,0.653723346310923,0.119616453041016,0.611866662279262,0.157565796705872
1.00432763952663,0.0613301626613612,0.0168748857140418,0.00708957178754836,-0.147246446763779,0.130578471472694,1,0.122032737507429,0.168608172124419,0.652180202489456,0.101277624791651,0.70833267987516,0.0833106964429094,0.69297704058891,0.0994464269553554,0.835837375766345,0.114807959162705,0.77880443913702,0.182359493222772
1.0815614884566,0.0642243136288275,0.0126934346508648,0.00650516456875271,0.0763035339050622,0.16822525455143,1,0.339667789087151,0.21835880015975,0.72374409570064,0.0929894180462983,0.782714815361669,0.0861662586459528,0.622289728615255,0.107220122932774,0.890224037153948,0.10359042651622,0.914332741888992,0.171605828938176
0.995606530803128,0.0548028651869698,8.64298176877091e-11,0.00364359288018576,0.175988209644343,0.111990496415852,1,-0.221964820198478,0.265761713977634,0.862883210172,0.117945336885931,0.627733309690844,0.0820202858752991,0.742947416179492,0.0879936071819192,0.631684982811954,0.10388370986486,0.399011566177397,0.148454167849032
1.09708606454133,0.0686060064468758,0.017604361240931,0.00644330922676298,-0.0923297015493595,0.123273298129109,1,0.34855871826279,0.217157406984829,0.664959305828805,0.102589730605087,0.61960101794345,0.094672316545944,0.872774576633345,0.0861734583337068,0.780404057394154,0.10587400978542,0.693551316926291,0.185899977610279
1.12003883797855,0.063834540713425,0.0148293297532461,0.00583825137482835,-0.318820473482695,0.0906271408224697,1,0.212966361217218,0.187723303985139,0.782240642929789,0.0928499814174084,0.773524232243545,0.0837392069780651,0.753412124051818,0.0856466127999842,0.820966428109787,0.113222914503857,0.472629327713884,0.209105963513827
1.06710797551524,0.0673270993800227,0.0100857764378661,0.00472424963871807,-0.21494055316805,0.116940435936748,1,-0.0532356385190786,0.235367811740781,0.776705236705921,0.111007304709588,0.747738483621262,0.08861820529141,0.765758490234728,0.0869973956299708,0.854978282583919,0.102583836553185,0.724200535850023,0.190149121952319
1.05143776746849,0.0669244050710697,0.0124233042078694,0.00489490765026791,-0.189462738650723,0.123724172987206,1,0.167570901758478,0.195053641114663,0.684139528864577,0.10601499240469,0.7973893571854,0.0772230525623462,0.663359078592118,0.10914948268794,0.59508297217495,0.116074252111657,0.740532033581873,0.174941446888879
1.0361030434521,0.0691147211021844,0.00988935581934488,0.00598519688652792,-0.038065484426308,0.13874553740454,1,-0.259387802947675,0.213360191094323,0.884411592071253,0.0948161403457185,0.595535624811884,0.0903610626022986,0.760703890349526,0.0889415594897468,0.759832373061672,0.122254923753627,0.804433919394057,0.170243114536215
0.978314530500783,0.0590590938180323,0.00823051100569258,0.0056206024698275,0.0382785975166045,0.102937762898554,1,-0.0787997958180353,0.20981619034615,0.660358382446806,0.103419721728968,0.612189285923785,0.0819892486397718,0.70067683747632,0.0834866804383494,0.705821491190809,0.112541425358167,0.880185988593445,0.210321082192769
0.926724733270725,0.0482381886171879,8.34278492289002e-13,0.00198688699501853,0.0463171343659487,0.104841273523926,1,-0.21536334062866,0.221592497180626,0.705531254312647,0.115742446373223,0.67341983129348,0.0853253057766414,0.544774617816716,0.0819702752636514,0.648126008064182,0.0981568818473098,0.474975904723322,0.148271341029076
0.918245172360637,0.0524463337946272,0.00703815300060486,0.00432271313072335,-0.0295499055777617,0.111646993090443,1,0.0347106313233356,0.169581298959404,0.531213512432521,0.0996833480950255,0.699556678134798,0.0797546919272547,0.627086361326031,0.0983640102784644,0.527047014682459,0.110723120254803,0.652224541453303,0.157763799684394
1.00936376743894,0.0584481273427326,0.00457966830075326,0.00428019990198932,-0.0461047169743919,0.109479141452797,1,0.112179932754027,0.209935446581411,0.749396059562952,0.0997800714970305,0.628701716072915,0.085229302463737,0.726410078482408,0.0897720400234576,0.665508312789738,0.11038734632927,0.952746869047984,0.171692564248803
1.03587003657771,0.0563441253971572,0.00807835313476469,0.00469684570758671,-0.0429766844738306,0.126802884407065,1,0.245553569896127,0.200730561866757,0.565997934537269,0.110759965566216,0.750887730090838,0.0769408814549154,0.779177385484428,0.0950918490345752,0.571798324925366,0.102008719928505,0.760755433177657,0.174511166270913
0.967233308024147,0.0550911086778523,0.00748482223307877,0.00481772521615746,0.0581583656414816,0.113483897502055,1,-0.055148971336582,0.203905915565048,0.715325363482252,0.0975413166049542,0.639167742705434,0.0826431260815812,0.554135932077131,0.0954801039189976,0.746388435975334,0.100266505108921,0.760719496534721,0.162703590226077
0.966174820023264,0.0520651138708684,0.00587798397135791,0.00407080650847447,0.0177424053326718,0.101929233219803,1,-0.10332497370116,0.210505925376817,0.683950195244984,0.108256079558408,0.788118350540306,0.0807708167512466,0.642622372517196,0.0842963514331063,0.659293107842978,0.0974371907301582,0.568507816700213,0.163962828594103
1.01388815042208,0.0562582131409952,0.0175534520751472,0.00565089419960789,0.0610907722893568,0.110216610617979,1,-0.477479652407491,0.229587040225807,0.927497132279504,0.105415171950687,0.71155203353111,0.0850560905089209,0.772978087490144,0.0843114275577361,0.750762377579583,0.0970973526059054,0.611834655714942,0.15657382005675
0.997677192895928,0.0532382615351104,0.00845615872969318,0.00476863262337711,0.174605108090018,0.113994828645618,1,-0.0456827048430028,0.206479569870657,0.79985227517323,0.0986297446720535,0.606253894583209,0.0830585233425861,0.638477900373001,0.0872314107407267,0.688739281757952,0.0943528796726351,0.887402518604902,0.158090022338296
1.01987856459556,0.0586781161066462,0.0156588517743943,0.00522045085965264,-0.0531443496078012,0.138632292647193,1,0.234870112764066,0.180109371036347,0.615808202811819,0.106642651323592,0.606588371596622,0.085168324810022,0.638828006763475,0.0912437811086258,0.659516347874561,0.106307898246671,0.659376671356775,0.147309321347524
0.915500577717441,0.0482265104734605,0.00207229778079974,0.00452723374777369,0.12322605700551,0.106018136328969,1,0.0584267101737183,0.189563889576314,0.527560137177918,0.10302905846804,0.689807073778595,0.073075051605457,0.736763995604099,0.0831073436678328,0.527201834943676,0.124353645711094,0.546356697424317,0.218907612522384
1.08343699917268,0.0677327146672319,0.00628570301303983,0.00409002517088914,-0.139267904422438,0.117465291670499,1,0.460063299643988,0.20508162368367,0.494503727869103,0.118857642823056,0.806202666153671,0.0830123491962315,0.773099665272318,0.0887325353314293,0.588487218249742,0.118429435607429,1.0017552732918,0.124527912054752
1.10408068453129,0.0601074135592245,0.00610688975868537,0.00333655909819328,-0.0661568122899211,0.0933946188571932,1,0.0369067148452951,0.232537961817025,0.694533361503965,0.12368824730116,0.85458089258951,0.0755833103410268,0.806961947513337,0.0846636199556318,0.739999390262093,0.0992192003536229,0.681134283686377,0.183210445177844
0.983221275654438,0.0535720257596008,0.00283697777999447,0.00394452508967322,0.0441904105023995,0.126675081526957,1,0.212995197890844,0.183191676561659,0.616445711898064,0.0935273720975186,0.688423106891539,0.0787137201533217,0.595778700822369,0.0963641552337109,0.805949560176744,0.0915581262847386,0.395631196878002,0.190367448383763
1.0244460204759,0.0672890782000224,0.0134028691591067,0.00633272725969729,-0.0333455730574807,0.116210750842624,1,-0.0815308834933576,0.214826647500527,0.71802338722125,0.110997107733878,0.747934756220754,0.0818342049536039,0.648790487845062,0.0983377644090653,0.694800397870169,0.115532524619174,0.775207503827385,0.157985694975245
0.996164882787597,0.0585815775820923,0.00641806012058083,0.00380999545057541,0.0274277167869897,0.108933960588655,1,0.117706496350695,0.178602957831096,0.679195961697992,0.0947710357667718,0.670430197079312,0.0877919976035638,0.614042087919311,0.09036912841299,0.691055000947211,0.109695768897225,0.600620477736827,0.167361093367561
1.02345433388535,0.0706454667711688,0.0101981135249197,0.00564080936511834,-0.101711782852678,0.104170910633244,1,0.105736408626233,0.218046202670066,0.748417479072854,0.0908927126718739,0.60452135575555,0.0870050934191331,0.78152523286415,0.108756522183595,0.557676689052479,0.115377344179183,0.672897781371713,0.158150461382328
0.963449494564944,0.0561470822966444,0.00351326281509406,0.0037351923298972,0.0979759186602047,0.126303941633983,1,0.126665176334927,0.200005995679256,0.572657614761969,0.103798390156315,0.676491929262113,0.0898575040893454,0.680810688112381,0.0916078652747316,0.594796592954557,0.104332935257951,0.615096398933199,0.145598901373913
1.11726526524339,0.0698674387036395,0.0105559109464708,0.00592287717951917,-0.074609438766385,0.140291787000443,1,0.285642588519788,0.208593962300515,0.741387490159699,0.0988810010281331,0.767513824490722,0.0816320915568682,0.799757069329716,0.0877429643117952,0.635565078634229,0.124306419885638,1.18163476174539,0.212494768938018
1.08689500311042,0.0643762069842704,0.0183905261210979,0.00592141938137427,-0.2342184823481,0.110126649861782,1,0.244018700252923,0.204701758362546,0.675073353862958,0.110073756677687,0.772511464945413,0.0846203817448011,0.70004721506044,0.0931186269121382,0.913458914675398,0.0979392522560393,0.697477068471303,0.165639023728556
1.06330304358293,0.0590908238706094,0.0170794343828825,0.00656333311960247,-0.140309435666262,0.141646816500575,1,0.00407787708016711,0.248452812003796,0.744881697878186,0.116028785489811,0.93907480046368,0.0729032971651951,0.510510104902233,0.0962316622453424,0.865663744555923,0.104341412572555,0.852764034913816,0.172468690811378
0.991333537553484,0.0574874253182962,0.0109601727456929,0.0053181224913279,0.026944447348759,0.12854912986259,1,-0.463209334979023,0.236188248112881,0.972942539099981,0.0987534288822561,0.63064016652726,0.0850030287134867,0.602839441732851,0.0944629434257691,0.652595963709414,0.107042745272446,0.707392364597227,0.168858060864409
0.98151795480728,0.0487374641002182,0.00448743818229218,0.00329560842259977,0.031681632034479,0.11736784629037,1,-0.319228269253384,0.200894819876482,0.890840128211434,0.0895969032492103,0.663169661256015,0.0830467946871973,0.685679521758498,0.0885260594424538,0.516041544217979,0.110154285305853,0.585300555962375,0.138965302588861
0.952375771350465,0.0578811460072747,0.00765277178659608,0.00551782461310514,0.0991255224552163,0.158694345770196,1,-0.21758295643913,0.228975978519643,0.70818006449253,0.104298059427003,0.645363816383777,0.0845739107726512,0.678639831274477,0.0832097951097456,0.729894038374081,0.108896806449538,0.914259488634324,0.15506620871107
0.932516069374075,0.0458177320623402,0.00142946954356944,0.0032319224673794,0.0998785658972653,0.118401166928108,1,0.130249564601502,0.178621830734106,0.672625198247371,0.0931199065997024,0.605105758367373,0.0789349435563928,0.550988291651884,0.093919951802958,0.636285857228473,0.105122500097957,0.755099282581797,0.153988913625494
0.998134136519518,0.0491293595953595,0.00310375414535894,0.00361646917950175,0.112003128924654,0.0843376215245842,1,0.17968242089997,0.192298696354243,0.681445990272393,0.10488697829642,0.770987907728243,0.077506836543451,0.603828971404615,0.0768484030036329,0.694892228258499,0.109308028522579,0.311801256869775,0.165211158910706
0.980868009638151,0.0540343447900114,0.0105874526045446,0.00504933716852007,-0.0678699671574085,0.120938646135679,1,0.0972105589034748,0.17707654450438,0.66165758724767,0.0987420728164289,0.697851884515876,0.0859039854589895,0.610117646632588,0.0969959965408026,0.57403832618952,0.108806054405223,0.890290695868605,0.172534286751346
0.95658215711769,0.0653576020226655,0.0156691613499056,0.0064908012081718,-0.0643736084960372,0.126585278309601,1,-0.244861667333941,0.245734666823713,0.634621567406035,0.117213569302165,0.787186300885366,0.0768108883118573,0.652010260232008,0.100709005709087,0.649085540004682,0.114554965675476,0.770857633027843,0.17904819963963
0.874080386705129,0.0477084255724966,0.00138362571419938,0.00382734765492892,0.121000320969036,0.111734934431443,1,-0.226320904876438,0.221948001768252,0.573092928014597,0.120768077327922,0.691541101510393,0.0784232022379012,0.568592485669247,0.0873459240582222,0.647539875885777,0.0990166614565893,0.610681710401658,0.195730662498195
1.02845639089114,0.0599275090822532,0.00989865171387296,0.00479503798365467,-0.15085510441523,0.110616464835812,1,0.132945878313572,0.18638527298731,0.62957899413009,0.102454820661944,0.784665026323238,0.0803486538625715,0.725684047761778,0.0939721653980894,0.671223333551326,0.100615979326303,0.915829314293296,0.176304875313665
1.05457240544387,0.058281930992621,0.00832259179448159,0.00494755321324732,0.209059989190772,0.0894817994595212,1,-0.21407283565922,0.183991308433701,0.759820498122315,0.0993439352563715,0.783438818171891,0.0809833614557145,0.71731375890372,0.0833741954160421,0.708566662619813,0.109606556963963,0.734204160681418,0.138556288666536
0.974172184188913,0.0571273655166075,0.0060263521692196,0.00368753395830988,0.0442164700443056,0.120016569539741,1,-0.247835649661885,0.259033050256089,0.772898570746084,0.127301305554899,0.767149703202766,0.0892240420802717,0.768171627921678,0.0827751050529324,0.527291196505129,0.103176908204052,0.476430199359002,0.160461384456986
1.05576500198733,0.0537671758114076,0.00485566001646843,0.00316759568859187,-0.0457046938268115,0.100112730390571,1,-0.0437566961249946,0.224581910344082,0.727879740122942,0.11247754751664,0.81267015651962,0.0788111178509004,0.692482655519779,0.0918078589635591,0.612121440020011,0.104084600199615,0.73060694183357,0.17284475278922
1.12503101829609,0.0680067121683709,0.0162724449056518,0.00660801731134479,-0.0710882884400908,0.130076844338773,1,0.169383111266017,0.196900455953143,0.747849170759608,0.0999329795980956,0.788237148729989,0.0830788571613847,0.850720023453615,0.0927704938652596,0.848115817171823,0.101079858966548,0.634412435473575,0.173398662790186
1.06150817116231,0.0655544557795016,0.0143982461241143,0.00588635883997616,-0.0195320821201464,0.14938171272627,1,-0.10968792399901,0.273142815983203,0.838146629310107,0.111966479632065,0.733161182530015,0.090925385479745,0.716858794701767,0.0871529713423979,0.612751574193132,0.104149328804216,1.04783445685706,0.177560159165883
1.06044347883457,0.0615264708030516,0.0199480084859171,0.0070043829692973,0.0360915105441201,0.120728997395131,1,0.163872717670999,0.178918912632173,0.684478890820329,0.0948183544059872,0.690542537485489,0.0874446498418596,0.768315274638719,0.0922907015298668,0.83328372604441,0.100950856589964,0.796873415028131,0.178200424015767
0.928152652272742,0.0548686522600992,0.0129795948465887,0.00622103309034422,0.00791053980255885,0.120968415765668,1,-0.317420775291877,0.204002756392188,0.698893756147012,0.103653386586954,0.76870190527375,0.0756799387532181,0.541363752774335,0.0952799096107243,0.801868676073799,0.0938586905863303,0.503017679325858,0.173146833664112
1.00172018912646,0.0580860790095886,0.00723229696565694,0.00512572115484775,0.154385648165536,0.129528256298106,1,-0.234667241602415,0.244396567583309,0.848172936999595,0.0993225338448287,0.615627183325642,0.0872034172854191,0.714089416762818,0.0923191671104155,0.609742001398993,0.103558209352042,0.903111531064122,0.17030751662177
1.0316052238912,0.0583886067939309,0.00558086000705952,0.0049739298017601,-0.0264687141891957,0.11161048516192,1,0.182590183084396,0.194731465999004,0.564416913613642,0.104794918533748,0.812817804614022,0.077060965200098,0.742386401341448,0.0858281279788363,0.570284791395795,0.111405798763828,0.637955591623256,0.177818098280462
1.03025927552695,0.067656908647224,0.0152230133322939,0.00610274206987807,-0.102510521480254,0.123468854979422,1,-0.192905596464381,0.199970436352016,0.752256065003454,0.101526254646131,0.815601964133477,0.0812053647157769,0.652697994764934,0.102086212478747,0.744853330257809,0.10325854782097,0.35923358037592,0.188983923382021
0.896852724300966,0.0484472678032518,0.00943023390347785,0.00463113157967805,-0.00200661502421318,0.101344687344801,1,0.0327606258556017,0.207290616928511,0.507733461249039,0.115960018781216,0.717089119799629,0.0797968222980842,0.538335106725583,0.0992801657986369,0.437143869840737,0.12058742139466,0.762842861872251,0.126702562209649
1.01322847538768,0.0543905711706075,0.0144046320137809,0.00697538745342275,-0.0461655453234666,0.0923407247170296,1,0.193175782586842,0.194970356091046,0.583321945745114,0.103964267411306,0.74960252324012,0.0818720580726649,0.643444688302721,0.0904785542284312,0.607677646695783,0.118773985898882,0.833602487045358,0.156778696830272
1.11351533470469,0.0804405580598335,0.024466263762533,0.00874681236744809,-0.151767883281124,0.128917614853085,1,0.204931163871773,0.220434547880305,0.595269571469732,0.113286825304706,0.869932199533067,0.0883321126088927,0.784442336577401,0.0950030159207032,0.824189255406646,0.111039905107992,1.01627917455462,0.150075785050762
1.14751432422605,0.0759509313293406,0.0196436566409805,0.00667327378865215,-0.167204607368616,0.10016002288511,1,0.117443136656693,0.196699760608534,0.836894181090225,0.0998479208948413,0.781057025554407,0.0924156797499708,0.804588704505195,0.0853939488626231,0.771975059784791,0.111501595020375,0.819573931075825,0.172138073127614
0.924990919202169,0.0566676009759231,0.00642911546808186,0.00571071364590418,0.118875842329139,0.136790457220003,1,-0.364499210956383,0.2235215452185,0.746743648996787,0.107247288850068,0.745057963732027,0.0739338816847431,0.510895103114952,0.0965189777828131,0.734067959243284,0.102326198191306,0.571918136296011,0.196849416477168
1.03675583281362,0.0643019648080455,0.0141899297691971,0.00523826969170953,-0.191074472111845,0.131735510036877,1,-0.0999554838996329,0.221309928879967,0.775566181938768,0.102742668512962,0.72154793038466,0.0782156785424076,0.745512070464781,0.0992644157083624,0.823405607829977,0.118239952708287,0.623396088434609,0.164127977828196
1.01815622382103,0.0587074365393501,0.0112910075824668,0.00511117777257939,-0.0616280622241559,0.129001281910793,2,0.0333552961051556,0.224478867515743,0.707108396455479,0.113700431756169,0.72149099311322,0.0798164911016326,0.795121470411233,0.086895824951051,0.637968739136337,0.1140935594248,2.26187897798806,1000.15833572041
1.02868144538509,0.0565435423054852,0.0119936821173507,0.00572931737796295,-0.0419882927026513,0.114713227926057,1,0.0387263083850912,0.191643334510452,0.683353471496605,0.097522901341093,0.814350870204927,0.0808632582639657,0.542098569598832,0.0976555376708677,0.6545249646256,0.116135547967307,0.670823202350863,0.180706163484604
1.01011728634681,0.0584286062822661,0.00604871155755508,0.00455132576547386,0.00281291119338978,0.125781364699188,1,0.336263133283376,0.204773582715882,0.480526380748102,0.125047720285052,0.664896761169046,0.077936756257724,0.668022396648548,0.101252200690795,0.714616001020473,0.105296736682243,0.727550138653128,0.154976526434537
0.985618153152549,0.0587304352904733,0.0139743253765886,0.00627824444109086,-0.0920265818946977,0.130392844494835,1,0.0161741452028363,0.241635838724531,0.679833907409828,0.12207863443229,0.593576337895805,0.0855132026666419,0.807603435621556,0.0853316769718355,0.535422836161633,0.120031100530595,0.612819743585099,0.185131263149096
0.949573054266831,0.0596693857515781,0.0135464430270231,0.00749557496171786,0.056771089531568,0.145285924253775,1,-0.255678623622072,0.212073921340686,0.754629500518491,0.0953266957630304,0.602218963596446,0.0907533356701562,0.631086179949278,0.0887281537022731,0.679422488409325,0.114293870228318,0.77034116904191,0.166169622641309
1.02817099385701,0.0576225358403382,0.00840518451322877,0.00535539393436928,0.150820755691405,0.10891858154903,1,0.121264300931875,0.19759991019307,0.746806072347634,0.0960384003452053,0.581675541602726,0.0861496698276486,0.771191030937394,0.0860478229833322,0.554828670161742,0.112305929280261,0.813545632206976,0.149632504831977
0.99614529279161,0.0521303899123324,0.0107048814992179,0.00554814181469577,0.0789755316716618,0.135488981300945,1,-0.207185743325055,0.21205187330406,0.740814290121063,0.103647103924173,0.732676881060988,0.078470442106345,0.672353281440231,0.0856784902141403,0.760839055950317,0.112000034989999,0.472723305091184,0.158783845331621
1.01653086218182,0.0563371128196957,0.00291581937362326,0.00332583949919788,0.0508336309053711,0.133807823880924,1,0.0147323544325796,0.188657361326357,0.811445456208368,0.099506598635584,0.592008642839433,0.0904604939683801,0.790406005592598,0.0839587028351836,0.542252679798471,0.107735813878921,0.927322339892893,0.136740198515143
1.04817607322091,0.0600945329478789,0.00572986984724192,0.00411184338868271,0.0287528319816456,0.11886806906655,1,-0.174083217821068,0.264736783857756,0.810946625332321,0.122603594950703,0.816383550504007,0.0817148033880032,0.637557873168375,0.0863644892354522,0.666114195806788,0.102249163567472,0.745389445723658,0.133001749499607
1.09429020402039,0.063300231255233,0.0114424106480561,0.0053308198368122,-0.0114045792059187,0.116272261520501,2,-0.0341314400514165,0.212468272031395,0.757923874109576,0.109377451260725,0.801857060650951,0.0771873762197077,0.803552915591376,0.0810713267777722,0.700568963907162,0.102176478227788,0.76173002720913,0.196364259126734
1.01831649093479,0.0554920875079621,0.0162864463979419,0.00536236520023308,-0.107707945258946,0.0876596092058279,1,-0.037258154761187,0.218665497121547,0.697652555014576,0.112091493079677,0.748564814378875,0.0772803840348538,0.733031808770805,0.0803228795806544,0.751967590483368,0.112077092082675,0.819179410826915,0.154832493583508
0.987667333733573,0.051011881134697,0.00790383186081598,0.00633423735488877,0.128284596480202,0.123235460421577,1,-0.0362634096428811,0.19198403383885,0.719625197095363,0.0936252674514576,0.608312424866253,0.0797082422165794,0.720484555383358,0.0898365136307678,0.701915022762794,0.116010877416584,0.89042020946582,0.193791004962606
1.0445846896017,0.0573142679005128,0.0153323162790472,0.00598435307201701,-0.0547713986699345,0.103693470159268,1,0.189146681920811,0.167938030928973,0.609239196911518,0.092190579944758,0.708477462935974,0.0763765863975602,0.742025136722831,0.102238173790015,0.780689092165825,0.106172351444986,0.96290185227868,0.169291652025234
1.00337850536904,0.0507534641226003,0.0043348876955777,0.00552713211843411,0.28998035394093,0.10423611003776,1,0.217514389719895,0.208502462447352,0.517779788878189,0.111491982753516,0.7597150591765,0.0703282703686538,0.62141547391922,0.0890235800220463,0.732518517700829,0.100511343495439,0.574986435449963,0.132888041382697
1.00692971657475,0.0680705563078885,0.00713085246968905,0.00557151022301757,0.0537081015887408,0.165451508184713,1,-0.116557423602004,0.207403166286405,0.766458082960798,0.101052067818603,0.763910747703233,0.0865856477040775,0.701432927822878,0.0942690523893848,0.76520639694526,0.102409335655485,0.426899156243552,0.234187762730957
1.03867725053353,0.0637852388579732,0.0197900214979593,0.00812239809847546,0.0349850113521963,0.145662515252065,1,0.0777707417628659,0.233500357050293,0.750323667062868,0.101741553529386,0.781012804252436,0.0771415003970136,0.63190971758531,0.108325533328784,0.762010223435048,0.112337939025807,0.880463095204157,0.157041556535847
0.955666315121961,0.0638228448966691,0.0106868294253868,0.00584264658111501,-0.002949143133266,0.0995919002727101,1,0.157561338318819,0.175307926079287,0.603090730065868,0.101841331399076,0.733119632113525,0.0849404197556694,0.577289159167034,0.0976392249175299,0.549722897167763,0.117811075722438,0.64431374389706,0.200188884962295
0.947000085632618,0.0508440846919681,0.00574022825470231,0.00377058365111563,-0.103828247892142,0.0979685669182454,1,-0.395335559124206,0.184607995421844,0.809912994303536,0.0955631840405095,0.681614681556909,0.0830869819540514,0.680426648557895,0.0841075999486935,0.628951819612257,0.0996594544412565,0.592042811401249,0.178865410845404
1.07447576724225,0.0614984887380354,0.0218849295915019,0.00699134774899894,-0.135501277531434,0.124635752274681,1,0.375257002257127,0.187233309304498,0.725612552634735,0.0985219479209223,0.667531331709918,0.0857697702607776,0.742808819721936,0.0946062119037605,0.635714009517132,0.109454314253645,0.913821508487803,0.13844328826189
1.04963404640293,0.058314185351728,0.0108849903983995,0.0054540504988708,-0.0652054421681572,0.139267496204299,1,-0.188377868534116,0.207762460876221,0.858356597744429,0.103650731727758,0.56844741646423,0.0889269885063958,0.865989007368547,0.0890401044059637,0.636952817684718,0.114390959095354,0.672553635836695,0.171460306455919
0.958520248612616,0.0635662424057819,0.00997695885550873,0.0040488300108589,-0.121732927705735,0.103478363581312,1,-0.0280881543953125,0.203324683364719,0.659483096572235,0.104549073255838,0.688185200456635,0.0887796403719972,0.602285382793678,0.0926728067379816,0.701071073693565,0.0974746358452988,0.75169407801414,0.146216826354122
1.00795733295531,0.0643049698085254,0.00861361372021166,0.00499833524545328,-0.0752863015419555,0.127482933198623,1,-0.223832607272786,0.206088227353742,0.781656300821674,0.105319490832341,0.783710827119134,0.0792108057079317,0.791627524791989,0.0941048645992857,0.637095735284864,0.110519563041743,0.783841656463661,0.171027532768904
1.00832042511114,0.0614016464287382,0.0171282969994642,0.00710066233216127,0.134879030737649,0.107627787762747,1,-0.0515513352999925,0.245105114508419,0.706904203630056,0.118659372677079,0.738606045235359,0.076262481970969,0.700898170132786,0.0922766338378188,0.651001259827885,0.113120814667302,0.871143540044071,0.139852238790058
0.980875429155571,0.0559205585134893,0.0047021480815823,0.00447495266346743,0.0854151155519321,0.123740065779971,1,-0.195661874214368,0.228185889914751,0.733613981491027,0.114664615495638,0.733386090298461,0.0816901136131316,0.700765821984554,0.0849582788340063,0.579815907589635,0.10277533786549,0.67240709629137,0.146116988503708
1.00899149549167,0.055243790747806,0.0106847624279764,0.00551835527158839,0.121385516195242,0.113874364805997,1,0.13553243750307,0.199825404019833,0.630472175620414,0.103232362376761,0.67733962469358,0.0797295070973147,0.706158161796216,0.0868920172230782,0.663757774681178,0.104768154937919,0.564657397017113,0.13392545398825
1.0178185550197,0.058497958925496,0.011076384013062,0.00517827357245556,0.0891002071385273,0.132563763890804,1,-0.210771810482316,0.207653913704461,0.729049982444098,0.106208304914074,0.752582889922136,0.0914532793407775,0.826861280724111,0.0743020570285122,0.543243535041009,0.107965425618029,0.930877290337303,0.135646576700419
1.00415445396226,0.0622605386639158,0.0141160202034386,0.00543326119400732,-0.0449458840307315,0.107165748403704,1,0.0428568593616174,0.197824580971162,0.661099637287903,0.100255547458577,0.697378869202531,0.0852719895784489,0.58802732426502,0.0950558400059037,0.868797261205004,0.11132487296107,0.670950780670195,0.167801878163947
1.07111262487262,0.0614705080293664,0.00811222421781335,0.00451030468908779,-0.0782820477756052,0.12730318447555,1,0.110198933229353,0.214919406283012,0.746721684192165,0.103703486881439,0.712299077106895,0.0816557614255399,0.742657857011334,0.085096665923586,0.743233555413036,0.119623200118039,0.472069333398392,0.177130076423394
0.889390116818085,0.050767128244004,0.00227391224933988,0.0031263162981836,-0.0941060865088045,0.0971726063592203,1,-0.164760735561805,0.176674939166507,0.539080611710724,0.109571379699601,0.757107245848309,0.0800629507891343,0.462279940221355,0.10671624892475,0.654045638272101,0.101261871017064,0.652783407071983,0.169535904347983
1.0774383184516,0.0588669205374929,0.0110080163030458,0.00473811594504669,0.00448779736402563,0.123759048672594,1,0.0533910597384116,0.208266027529478,0.797829548558146,0.0984743739305437,0.701166094755169,0.0804820868771757,0.640637010016245,0.093734467175841,0.849401520149894,0.102315005180372,0.660911515605242,0.178838869726131
1.06150339711026,0.063996938599626,0.00505568559881349,0.0047360570260195,-0.124818118902612,0.111866824979139,1,0.218148168131512,0.183095435750669,0.596093239439191,0.110177563797845,0.783625880365701,0.0759439567190712,0.722781144404569,0.0881369165765584,0.856198782918741,0.107092189880866,0.37717242503796,0.212325483305411
0.934647811906119,0.0545797077226018,0.00334236240186471,0.00366149995121862,0.104956806902104,0.107387914282515,1,-0.0993245369721053,0.227978330790682,0.702823588592743,0.104830317526003,0.548415853433995,0.0867269939874237,0.635776948787645,0.0923902021198691,0.641570719954051,0.0996022258135627,0.569439920284792,0.180475204705353
0.955028579223286,0.060267410835072,0.0166407489621255,0.0063145214966339,-0.091525297226425,0.121051800255559,1,0.0494202742991029,0.180795140273481,0.645647592702566,0.0928685119487572,0.667038560566616,0.0789899459788049,0.716015571896723,0.101051913424575,0.670292589155273,0.116773461218611,0.541702702244388,0.21068709627827
1.06249930189176,0.062551080662527,0.0108533458610822,0.00583044217787474,0.000193232941365627,0.13888365138381,1,0.0628675654405368,0.216789352700444,0.821784616816584,0.099977234708014,0.600295754494186,0.0867892202954219,0.727705939361149,0.086716953814796,0.760025580528999,0.110153869493339,0.796247625776366,0.172557706161204
1.14682988983907,0.0775149316587798,0.0126410324774022,0.00502535072372651,-0.125078342866641,0.121742654171463,1,0.0854951183369582,0.271310801915272,0.838562561444997,0.124193532102058,0.841411349951826,0.0864904937122449,0.743799161794375,0.102303207932061,0.926999122505854,0.0927016946982628,0.977708856992267,0.152073749777274
0.97460749318627,0.0554930960076878,0.00826690547715103,0.00416301942967454,-0.00551906857204437,0.121051208712912,1,-0.0309297135644555,0.208156875894817,0.531087683523442,0.113407821114152,0.864085825579268,0.0746532937057882,0.715376303298005,0.0895031246086542,0.558406932673291,0.117154080692782,0.788364235926696,0.134800947811814
1.07051560397795,0.0621552038628669,0.00489776231521939,0.00353475448066045,-0.260379614282888,0.0948601113788902,1,0.100958619562022,0.192147102831873,0.702010189661754,0.100398811611706,0.795787463317195,0.0806949750470773,0.63074041975375,0.0987240350910161,0.775907962192247,0.105425398981945,0.624138203348638,0.174178881703055
0.908561210691747,0.0466847646245005,0.00676200426606572,0.00458909090174637,0.0796520256812185,0.129127251592841,1,-0.3679565229847,0.198072880537732,0.745346468520065,0.101104003167053,0.580072458641564,0.0873199315539257,0.772650322986232,0.0822804819571874,0.717848363082012,0.0994433297928671,0.44756220975059,0.199723683960067
1.08606011624507,0.060800916785249,0.0112518566476659,0.00368929855824033,-0.174212244586946,0.0912711196341898,1,-0.0289289464179195,0.195051513619692,0.762044486805482,0.0976142061112633,0.829414216963724,0.0788216767002423,0.764731384956296,0.0922485108775019,0.777632224045593,0.106388738300661,0.762928535753195,0.141362420306756
0.994388548876731,0.0598789476645086,0.0108780910059346,0.00596787718416811,-0.0751258686357955,0.129741540906081,1,-0.164833594804024,0.210949354356087,0.838183652536363,0.0949918167478337,0.687441958447673,0.0891983165032982,0.727608364721206,0.0896620542501008,0.531381444520134,0.138610567917906,0.7347697759151,0.156635697110312
1.01164333303473,0.056709369676673,0.0127457815140241,0.00575347936624721,-0.0257597011908086,0.12189915121076,1,-0.0945928161457656,0.229492032835905,0.66011302281929,0.120313000538482,0.89785875471128,0.0766784106309955,0.584515717610417,0.104548139112073,0.677104710253717,0.110934093669074,0.752534362876208,0.14278866427029
0.95982331720766,0.0516064377389693,0.00542493090886919,0.00389263222677463,-0.0160077976546505,0.0859527868847184,1,0.00703400442399564,0.178857085132581,0.665545078439481,0.0958019771715521,0.666828777945923,0.0727619988091755,0.590674305161779,0.0955870615182732,0.62293981504897,0.108416516215965,0.584227456736087,0.15603648284387
1.02046739781394,0.0639826458155386,0.009845694814953,0.00576121496734719,-0.0967834057126235,0.124866238724134,1,-0.181897180564172,0.197752012362684,0.820059187013969,0.0964603084507144,0.660859815654042,0.0816388829510312,0.685821224404062,0.0999424656775351,0.704775334436419,0.121906294802027,0.66675065573326,0.179293616030901
0.957093097384783,0.0540055579562961,0.0101965578002598,0.00594364722095961,-0.0181836374789722,0.119187793654146,1,-0.0923263300085658,0.184068553502765,0.735369474752813,0.094436439370844,0.633190962624504,0.0809943601213189,0.625343698895717,0.0834662965814443,0.723063041191874,0.121861063097787,0.731226671333376,0.166344858303709
0.97922121612735,0.0516066014804011,0.00595979415218291,0.00446189732481933,0.162781797589171,0.136651529961788,3,-0.186441086578721,0.219048979947517,0.783709154441121,0.105558629185685,0.699829583441412,0.0810980097340948,0.612419370395057,0.0865900266776642,0.651864376464647,0.0965003000714176,2.22184732427023,1000.00027252429
1.09669057490926,0.0661355870721944,0.0177428847009459,0.00682434348839311,-0.182322668211113,0.128287125843985,1,0.300687061859057,0.190273183397844,0.681896973566856,0.0990604441894949,0.697477773311864,0.0860855126394513,0.899712413932445,0.0883120916731665,0.7538020939811,0.115549477288795,0.563662847973679,0.179347137707966
0.994875171793972,0.0560918204892683,0.00696561981478387,0.00478488789687263,0.047716373266354,0.116551440798735,1,0.199745921462221,0.206552284899196,0.559424846985108,0.111998370162562,0.702509185786628,0.0781229719998386,0.590786301557551,0.0980866897400504,0.66465814201011,0.0997358630653252,0.536140209006361,0.146293953367917
0.989248399209137,0.0587476508934223,0.0123594374921237,0.0048766828857564,-0.152332144627306,0.100001555587496,1,-0.327597298045555,0.215850315564474,0.820685356914544,0.0957278352250627,0.603440625900992,0.086832321780864,0.7032863804143,0.0873234013428285,0.641746089124877,0.116252151565448,0.865654727680776,0.143517863108229
0.935567717476593,0.0531462184841905,0.00789528490227742,0.00429994570281014,0.0941336537592323,0.104234054136662,1,-0.24942864772191,0.207854698470962,0.757210865266696,0.0851955908670509,0.613258684198957,0.0799964781604641,0.615236783793033,0.100276201351577,0.72391199225874,0.107506369946825,0.481700874054782,0.159598521336781
1.07487915654483,0.062698176563061,0.0104743680703117,0.00494945252162538,-0.189855058677094,0.109713028343202,1,0.163506864441624,0.169232989058551,0.699813866745137,0.100839895226226,0.800766734282803,0.0846641215570276,0.750416392107161,0.0925594418283056,0.725847881852434,0.105444942146192,0.685570373943791,0.19962638214763
