"beta","beta_sd","omega","omega_sd","rho","rho_sd","conv_code","tau1","tau1_sd","tau2","tau2_sd","tau3","tau3_sd","tau4","tau4_sd","tau5","tau5_sd","tau6","tau6_sd"
3.45243513508067,0.225432378691597,1.07566612580566,0.16917863919936,-0.65155204438095,0.0501702930228947,1,0.1798619849098,0.217218713675867,0.649332579198788,0.132917225570633,0.80620716942319,0.0909466185458907,0.623637506898781,0.0924905962793935,0.849994908935332,0.0908809152351156,0.694927386613877,0.0986438839623423
2.85922256547395,0.160990581102725,0.862295948387577,0.119037233380069,-0.429823998069368,0.0803993770855813,1,-0.241031932416868,0.202810745706784,0.726501953885755,0.109737560667827,0.530689554669703,0.0962390801231524,0.673977377644365,0.0785815805363422,0.639878901004364,0.0793949454434204,0.677494753577229,0.0837915817370666
3.17338505369125,0.174248913666428,0.924746197494315,0.13307388995137,-0.543833512075287,0.0622050148362189,1,0.194578959404303,0.20777157450069,0.651802273532188,0.117205580630927,0.714214993134424,0.0916433859692873,0.632086285461999,0.0873571247022605,0.691728211004254,0.0815866490564593,0.62811853698712,0.0851466524297564
2.99868349414045,0.168415588181165,0.960626083375989,0.136415546118678,-0.639056973308415,0.0467469119542167,1,-0.31408453490974,0.237558050261744,0.779585311552022,0.11021973335768,0.63598827067127,0.0945062345587554,0.664819565171887,0.0813104750370428,0.685016551220658,0.0760952329788483,0.671718385230378,0.082628957037159
3.16980037321867,0.182193258921379,0.953073947986764,0.13732583611788,-0.592684769879114,0.0613695411398997,1,-0.132331079933959,0.262406699614625,0.796280295623107,0.135436389120161,0.602563668325488,0.0968421787573883,0.700114277448251,0.0874638369925985,0.628685745531631,0.0913273901021256,0.768056743479245,0.0816894371948143
3.40137688728637,0.189721570323212,1.06769211723103,0.155088685431353,-0.608503583430208,0.0586564519353704,1,0.0835899727850385,0.230042122502451,0.661504790262705,0.122058914567967,0.789221567955044,0.0880438531733887,0.592123433586651,0.0930569684631464,0.715353406055518,0.0828143401833738,0.776859597510128,0.0887687293953753
2.99473967842986,0.172325749553361,0.953536998145235,0.131988836126297,-0.55424470721096,0.0692216387090802,1,-0.261300747700005,0.221187005614307,0.628629840236593,0.126007696311516,0.648450101071089,0.0936703093328951,0.661832260144682,0.0845761400005689,0.582939573538373,0.0808527742250057,0.633164535312467,0.0870092161193898
3.46995603092919,0.206380908079897,1.28101883419756,0.182693069428028,-0.579630342385573,0.0601328465174156,1,0.34482468948153,0.216171963780195,0.64322603103081,0.138131561995141,0.824337714973564,0.0903135367398247,0.760570708102481,0.0873812786474115,0.7756458930139,0.0797510818673801,0.790672617520925,0.0845440273350544
2.96451692102929,0.171340615507214,0.963314213215046,0.1401322857668,-0.523547083943024,0.0674550498584691,1,-0.084807292601497,0.220992573703982,0.641879992087223,0.123975065211956,0.627843318167459,0.0982121819816856,0.667810989234918,0.0874987722971607,0.639251625026202,0.0827595951085462,0.776355724990304,0.0807709584033775
3.26604005395079,0.183717345147194,0.961280566182546,0.143993451041803,-0.41094326925746,0.0930139347304306,1,-0.147237200342889,0.21334157923162,0.931988966783665,0.104041672503374,0.583053128193462,0.0913766358300993,0.665390727846747,0.0892319043113444,0.616450064259019,0.0868375674645194,0.661653684287756,0.0857754660166396
3.26457406235897,0.201177316911165,1.10296282047895,0.16498031165671,-0.594124302218756,0.0587352823026883,1,-0.0580766164032343,0.237019446441275,0.829516233177844,0.117345576452776,0.582237753513466,0.111176597928125,0.762028980193365,0.0942938287355904,0.779644907339719,0.0777719056738767,0.732764966763392,0.0931395147548094
3.69922635435376,0.203482444609964,1.27773666081134,0.178875634089793,-0.71409465051264,0.041520622192463,1,-0.349446365657164,0.247320894595534,0.850058129573516,0.12292382586112,0.886377779938017,0.0782954741864635,0.786297069278057,0.0885556617486753,0.787712469061026,0.0791107772917473,0.80626984814408,0.0877931331981699
3.31190211033711,0.208079820544807,1.12342029527016,0.167352527675903,-0.610120989947821,0.0572384695422491,1,-0.434198453141081,0.214347517707855,0.781672530647245,0.119027159907043,0.916100370455714,0.0996318578015859,0.663027730689201,0.0824301083009066,0.748230171487263,0.0840363912615655,0.714610713856929,0.0910297808059785
3.35371863566056,0.225911980172378,1.21709594322171,0.192849022225566,-0.629378781348075,0.0555230718124738,1,0.172209175140572,0.273719955425117,0.625586753317904,0.14828452171233,0.761536591123277,0.093960137742173,0.729290117490371,0.093081538266955,0.680365919502635,0.0932590645611392,0.796040247112045,0.0930174020488341
3.18863862199265,0.161432290490558,1.02407205492697,0.136352434938993,-0.612647347012143,0.0561047192212267,1,-0.0564951820075559,0.26160219164632,0.612747406532623,0.146394022409834,0.742108846886445,0.0875416399885175,0.686673734495809,0.0815856561901446,0.66694428669718,0.079161785482271,0.713279158450388,0.0832605635437879
3.30369788408158,0.199210811658109,0.922603422124412,0.139588723349152,-0.583528138958465,0.0601639536937863,1,0.228481065913765,0.243250226150026,0.607601297570042,0.127596908488271,0.531553544682788,0.0980379867056748,0.792019523472166,0.0947237956759739,0.725603301706412,0.0847275924367824,0.803229195202061,0.0869094061051269
3.64364142289707,0.2347261491496,1.2929884878959,0.200462061481948,-0.753300409179838,0.0386484604456985,1,0.0533817496123313,0.255313496731417,0.777352270715473,0.134904765192259,0.707296641251319,0.106997089358072,0.785279465868583,0.0896293765754006,0.93565302674685,0.0889659069253505,0.917197570191603,0.0863416075363753
2.9052715414751,0.154289713699951,0.794253972179501,0.111804757479704,-0.556360460352209,0.0591969654352587,1,0.289046361700583,0.228317099603248,0.431349608926715,0.145473667917673,0.65126778239121,0.0909810188063457,0.740215720805674,0.0744552077683831,0.608672607987338,0.0786309353568175,0.709476769928247,0.0828129112769967
3.29547635584314,0.209238342386391,1.15099640434514,0.173944430420366,-0.634760824496097,0.0554195935547447,1,-0.130929515434944,0.192844234754926,0.847769886731257,0.0996320237721862,0.646231313480935,0.0986188649567049,0.648671095561882,0.0995400629092582,0.756533913583191,0.0847059315428521,0.695844537379701,0.088409621556332
3.14262907779804,0.151120194729044,1.02408563870528,0.125654756764439,-0.663885658526017,0.0439011109984633,1,-0.346794161160252,0.205702731697577,0.848858292561552,0.105303550059559,0.75653842432976,0.0933056316397737,0.783787487091852,0.0709181422139936,0.610228031652313,0.0770755016003681,0.774491318411001,0.0757717135149309
3.05443254192162,0.168236634991488,0.713939446091646,0.0977563662662423,-0.640621337903616,0.0460896480836093,1,0.570781696344728,0.191540779286962,0.376582896188493,0.131593277808658,0.616811670595876,0.100982564474755,0.645622830719034,0.0869943523253167,0.777973765964851,0.0808109978805293,0.64300705392338,0.0774151119361214
3.12452611785291,0.174046600578015,1.01204982467611,0.142963857491512,-0.566091679950953,0.0588135329698884,1,-0.345077713448958,0.245287869693424,0.867014276387494,0.120370839942018,0.5840445756528,0.0944753841146321,0.678936389112524,0.0775814498087616,0.66225668825741,0.0829482512479555,0.723342761921036,0.0830212229041393
3.22368019590337,0.186905280312363,1.00594142576595,0.139631719736936,-0.514222258858897,0.0696726626920117,1,-0.0506200111885705,0.211960463246527,0.752259228090811,0.114955295751755,0.643372587850421,0.0888526679170473,0.691176829186755,0.0918139938005608,0.657847510863495,0.0894519907440292,0.674664967776255,0.0869651967669926
3.50656605135188,0.234177455978269,1.06150792879216,0.172650109156755,-0.622166546699956,0.0614091469593455,1,0.0270665828097325,0.250451908298378,0.813512902787108,0.125406691432269,0.706208657620453,0.103465594629001,0.813629574836156,0.0911581852873504,0.659354929458288,0.0944204228413598,0.899979913373707,0.0831356871112355
3.2126240199151,0.160884572032659,1.01905975129943,0.138535927362905,-0.547545592818389,0.0621290904938083,1,-0.235466628632748,0.226285062026262,0.735327892862047,0.114691406452903,0.692419135033533,0.0902833998025821,0.639662489498299,0.0818842354923352,0.665079339481875,0.0802834317185769,0.61308310083149,0.0858579383715487
3.12105067831611,0.158430236023628,0.802196421804253,0.112225326839092,-0.520949776464539,0.0584768705551584,1,0.265537230353158,0.196001241525191,0.560703847244361,0.127656096903179,0.477123894027858,0.102477019281209,0.783987060968025,0.0752655559326023,0.626347677526198,0.0773314415912239,0.696114311101275,0.0802612047877519
3.10704618090625,0.169469263396797,1.04275123866755,0.143538682057327,-0.563404363292443,0.0610008415857174,1,0.130981891409381,0.243861150123788,0.440024524596244,0.156351773058653,0.736023725033217,0.087355199541807,0.670197443205087,0.0799240695553067,0.623244316316322,0.0781827969162445,0.62659096711812,0.0860656032855226
3.29890562028888,0.206184134284848,1.09109904731914,0.164955938560491,-0.633668110671733,0.0564261402615357,1,-0.250498033167875,0.217901303776544,0.868456730398044,0.113087654722748,0.723482530163799,0.0899332052890947,0.719444348622621,0.0926293568319965,0.643464763757756,0.0929573078269239,0.817233875510971,0.0860296983144187
3.13389416928642,0.158830014826488,0.889221283032612,0.119432062241022,-0.556656841784222,0.0623623751447459,1,-0.104705420338544,0.226267439073135,0.692436408646326,0.11458773123171,0.644727737161809,0.0934461702553346,0.756824151349561,0.0825373209384406,0.786862542201222,0.0776672779644748,0.527239730653719,0.0872980021632847
3.076941426234,0.191417078716796,0.982798703043156,0.149332250618653,-0.574298817912916,0.0623695932293806,1,0.293913750867509,0.212434453609078,0.488408319563203,0.135228988660709,0.584356042178212,0.0953149716974194,0.706354584987206,0.0835801770578945,0.743221331275061,0.090019463452524,0.620836572863237,0.0911797348531555
3.22744435936322,0.208583420237769,1.13251688064806,0.180265401636494,-0.6247268286017,0.0554378964296443,1,-0.105447220857376,0.249844491253765,0.807971275605878,0.126211973828894,0.784370645797981,0.0914478115497316,0.555836295700418,0.0930968172658691,0.842104328709663,0.0849673281488277,0.600546579162867,0.100719249379197
3.15427204105103,0.194598873676162,1.08138372848696,0.159134158528361,-0.590509973944622,0.0576753701588684,1,0.0870129060116025,0.238687914737136,0.627469647850186,0.126945221965198,0.693873544770787,0.095410298740672,0.653186306532908,0.0824838443618576,0.645163568485813,0.0840831477646326,0.694244017821432,0.0885033685988494
2.97597077010266,0.171275349283109,0.821099908726982,0.11548216135792,-0.554229814020986,0.0590352711460988,1,-0.238683669923076,0.22245056161599,0.656294215137123,0.115426421239297,0.655058833385746,0.0950143009089961,0.669023715062358,0.0818989183928677,0.661391282557243,0.0813850161948306,0.698759705364526,0.0821179054926161
3.17492124474996,0.174035779617422,0.884026704831057,0.130238506602882,-0.575352004074333,0.0560288520026481,1,-0.189435825052808,0.231911833915372,0.764861705815225,0.122050133796869,0.632708060136336,0.0919824428542674,0.697714270054568,0.0779872945525008,0.817981157396333,0.0738142646386582,0.611425762246067,0.091650353753885
3.45387859106456,0.210188539551056,1.11188582043581,0.163645651851197,-0.668898713198757,0.0507818367827578,1,-0.520781212093523,0.352445089674656,0.941094696782442,0.148015596723266,0.989525349023906,0.0943883835576281,0.647675837816943,0.0873049535318256,0.790733334576814,0.0926913047238379,0.633396828153531,0.0964257889735067
3.09604811250492,0.178933757748318,0.925803057904988,0.12803909946838,-0.534295350917327,0.0690713616138751,1,-0.0292392706284842,0.194600624671722,0.764214963937447,0.111760147434339,0.576988765732,0.105274975608613,0.688076206743443,0.0795802509670025,0.592988162651578,0.0869087473768774,0.706832248000351,0.0825879557837967
3.16682572324837,0.163896098100829,0.92402055367534,0.131644544095719,-0.608500723293641,0.0555064903788868,1,0.0941200646709182,0.231888443793145,0.69084433322783,0.120176142071063,0.598958198170837,0.0973836444495065,0.851404802099615,0.0749478242981902,0.619470439739498,0.0877058581935269,0.612700964271374,0.0775710272129446
3.05687143828153,0.17877099133142,0.949710438731429,0.139386729516094,-0.514967263600964,0.0711656259530214,1,-0.304406891229458,0.239582451001005,0.675462076396694,0.133092330645734,0.742511121464204,0.0966131467771454,0.648866476709581,0.0891500678522569,0.612425918998302,0.0819515347827809,0.652710700544743,0.0804268183971898
3.19352299258347,0.182375889721516,1.01202394600139,0.148694126306741,-0.606214661901579,0.0594381383991418,1,0.0101728920693155,0.233056268179022,0.651791372219238,0.126111805894105,0.739552961699506,0.0962364419051847,0.52228370390674,0.092851581418977,0.688638211054241,0.0845453882024769,0.792680396772814,0.0797363695432649
3.21028698433111,0.180764116374927,1.00022918582885,0.146392643515488,-0.660778667406658,0.0454368944875974,1,-0.459684361584723,0.236408926958325,0.893588485669022,0.119690109922331,0.673058198927179,0.0891768775593206,0.76609059990083,0.08009031126493,0.66503916893221,0.0843140811423257,0.702942973005989,0.090842977398253
3.15413444001185,0.203266477632145,1.04649377982837,0.157909832512311,-0.571883142092847,0.0649374115159648,1,0.0717453454374592,0.196481633938623,0.532543841820121,0.128164753603657,0.822117849874191,0.0908389217582017,0.693633929225672,0.0841471489937072,0.593159865159137,0.0913732242496654,0.633031230913731,0.0896315824296478
2.92077623751877,0.151914507595194,0.769265573150753,0.103789030248361,-0.532901554932458,0.0603500884100483,1,-0.189743537006553,0.189049713562399,0.681094727127791,0.111243087450553,0.564623801898619,0.0945374710902896,0.664647157377183,0.0757898741079761,0.518767233049739,0.0766699515923662,0.690640842721412,0.0845315819230364
3.23787996482877,0.176837485276469,1.13320536442332,0.154476772682813,-0.638087069300837,0.049878616179696,1,0.00487532546711768,0.206424386820777,0.664021013630748,0.121146834678934,0.71804364752541,0.0985911853349904,0.759900419878333,0.0770182839626888,0.778512246392341,0.0834512905588098,0.812221388090545,0.0770841185311108
3.10131918485639,0.175239896591314,1.01075086044918,0.14516224855794,-0.42831880351487,0.0844943572095188,1,-0.00320430934214172,0.232367520972552,0.563829401198036,0.143206012561902,0.774528884572847,0.0907857333119307,0.731941092142517,0.0856369351624553,0.584203969953835,0.0868244525335331,0.755940108836832,0.0838130891742668
3.36732560031776,0.216455008888752,1.04034946499428,0.15822780083152,-0.575422141603551,0.0610561906417609,1,0.0813921343186539,0.232037155375665,0.772099130840785,0.124557189206337,0.691584575178095,0.100262851417578,0.69923350554094,0.0924742672271207,0.723428547118087,0.0882703318613362,0.617816284409554,0.0921503326065676
2.91871846103616,0.144422390650384,0.846054068817957,0.117138862895399,-0.536553781325215,0.0604496608702464,1,-0.249704433869366,0.211850516489443,0.679929846006723,0.119561993159533,0.563797366581031,0.0966451352522611,0.688773097940607,0.0819402400594492,0.597288117441399,0.0765911973898014,0.680229370443925,0.0773604168843292
3.22729722618274,0.186606007523435,0.959728912725179,0.141336776978239,-0.663841068194596,0.0457574489967263,1,-0.0991042908672424,0.248958663233881,0.667266070416277,0.133373641005303,0.692486844701226,0.0945047923935366,0.691264006481414,0.0884802584330768,0.702561969414726,0.0830599724935132,0.786063933129181,0.0791588868737325
3.33215212443938,0.218536315219911,1.17207262227574,0.185749562285921,-0.640529665722968,0.0517613984757747,1,-0.0640598373849399,0.208007069825922,0.797268712627146,0.116488211668371,0.76328362894218,0.0921438884140024,0.746462744715183,0.0890585348909662,0.637890021009441,0.0931932539346215,0.753665404566234,0.0878459140618213
3.28301729115108,0.177271645478122,1.00820031778784,0.133866254787944,-0.611037110513628,0.0513584586305557,1,-0.308783066986963,0.24760556019412,0.827367931679131,0.128514341998174,0.67324531354508,0.0959855724048095,0.721192363083147,0.0838431220542531,0.710689164775365,0.0816453354249752,0.733629875657439,0.0869335376674647
2.98636245061412,0.162110427207859,0.740974751229129,0.105150684870676,-0.423601886884326,0.0856299291697235,1,0.0238458020670678,0.221013169619653,0.771028065203329,0.110426331142549,0.535222156781221,0.107404305332434,0.56687579982936,0.082401828059766,0.557567187373612,0.0912685457363774,0.609008608511739,0.0871675686415234
2.73678904340226,0.173789819587829,0.811711102839377,0.132759843670573,-0.447082265332523,0.0851665598024235,1,-0.350177618895618,0.260048720796592,0.561241616513048,0.146436184960483,0.572549536458917,0.109779987141382,0.603927531679545,0.0898597623481917,0.641519446473222,0.0832894151914905,0.574343975298005,0.0863689442330595
3.15013103630728,0.184764848266608,1.11620256822419,0.15992139658233,-0.59719121593631,0.0538999319546739,1,-0.419008861245543,0.215535836703231,0.830693673910932,0.108632795258524,0.747131486319034,0.0929303828583478,0.684476953184549,0.0888135585928356,0.767969183409885,0.0807587448891367,0.627404998291252,0.0859159928969025
3.0877448199768,0.196098930388679,0.92833088937008,0.145676288776461,-0.587290226074292,0.0640725013994767,1,-0.207524523455487,0.25986488229652,0.693237024614362,0.133521867153731,0.723173670897348,0.0928036272023326,0.600153133060586,0.0891595542513184,0.673664431134559,0.0865484654726016,0.553126231680509,0.098922699916303
3.36420230643953,0.227709718092893,1.27822475100999,0.211246332359277,-0.586436313512885,0.0678575231888589,1,-0.00798146466868013,0.21787917698868,0.763823170902184,0.114668307470129,0.837492296922243,0.0957241369949081,0.705518372620411,0.0900622104149848,0.728570085589444,0.0934949468407195,0.700249048098879,0.0982406855141997
3.25911494237678,0.208098844326937,1.09258719417547,0.170743489721042,-0.653342635066379,0.0556524310248702,1,-0.059010266392418,0.268480306819937,0.554928227579276,0.161200907886109,0.806613178458774,0.094685322060825,0.814765961564391,0.0834624483234011,0.833965359911342,0.0871116438037689,0.497958756045625,0.099885895325051
2.9158881420134,0.154264329377979,0.898816858876032,0.117190131837425,-0.626534524641666,0.0497049791096594,1,-0.0771598165189274,0.208823387424402,0.521172380156836,0.131239672959262,0.695090698644444,0.101710000511134,0.614162816708741,0.0765201046112379,0.749709684207331,0.0681604223839105,0.632873791987441,0.0828254064857455
3.31013209316089,0.22307096094444,0.936577906683809,0.150993858851665,-0.642743223046315,0.0590644646032015,1,0.405837519927947,0.228564297314896,0.748629562749493,0.123585690633418,0.480206611195075,0.115339212478309,0.895988295194518,0.0891040404496143,0.689305245097558,0.0937195144669582,0.674443761587049,0.0979911594706988
3.1701793588509,0.179859136140683,1.01818806340792,0.140375023586202,-0.515754342330155,0.0761853110523218,1,-0.10975873567199,0.200160938153852,0.72225736484644,0.108788861105756,0.736675139111012,0.0898860507069548,0.521094839588186,0.0981788221838388,0.720317130146196,0.0828897320339155,0.56528367467412,0.093017267545321
3.26499852068805,0.180518231272777,1.0469727666938,0.140356518819927,-0.54866066069136,0.0673250311060704,1,0.258259772834005,0.182271752518397,0.676167692912934,0.103602958986098,0.712042559161534,0.0920476305196559,0.690155356088613,0.0880846686417529,0.746149956508117,0.0854140541965975,0.74442073404542,0.0844577356995327
3.09024779796245,0.174640790630211,0.830258054615988,0.123557837602672,-0.605455327090954,0.0564239411588561,1,0.0730254151512368,0.188936283645493,0.580403915427727,0.123917238764684,0.801764023910233,0.0915448063605567,0.691696552089661,0.0843633186874974,0.633290589090735,0.0875491957995919,0.558738573598467,0.0937993894218546
3.04091546120941,0.188601755217547,0.832181516666799,0.13275883015075,-0.493604656550086,0.0821706940612157,1,-0.204380045786358,0.230483011017441,0.825709058151308,0.112509329674289,0.470366412054498,0.111371012424237,0.655050768941637,0.0841083855800196,0.583377581207527,0.0868007897182782,0.698080510355963,0.0872181111241472
3.13713700813378,0.179521096986405,0.970349512522397,0.142697384431646,-0.578660456950485,0.0605994901675712,1,0.024422409618524,0.264501121025494,0.769173562449069,0.131113719382195,0.535796130348798,0.103029948091304,0.729269786378725,0.0814292086700387,0.653810074983466,0.0846239351997556,0.585447189786392,0.0867186736086807
3.35031284919187,0.218983263742837,1.18966446748697,0.189781787982397,-0.567511891716244,0.0714445577364146,1,0.0504159333641203,0.205612487341287,0.766749682966283,0.113164695073618,0.726165743805505,0.0952477866411754,0.719645764863835,0.09755708695416,0.760678090803006,0.0880872270914737,0.581755881913255,0.0951532175557604
2.85057616180342,0.168552912877405,0.904807966705146,0.132290686523481,-0.569032916268973,0.0657015803132124,1,-0.339860091516893,0.203535981570191,0.675258580898393,0.11676142058569,0.671706361598994,0.0827980645427544,0.55457156482022,0.0853423017419765,0.644537119585448,0.0895492735343252,0.497858086703715,0.0892426348724031
3.27418131358061,0.196925525121961,1.0483610172328,0.150374921626643,-0.561695288639236,0.07075909857983,1,0.148712444492977,0.24227414135593,0.683893500704201,0.127001220208405,0.659404303050153,0.0981364334771381,0.795693215665795,0.0865775216312054,0.683225699524428,0.0829421950488282,0.732168465414125,0.0862532976727438
2.8662234937935,0.15761179275237,0.766510423990512,0.103957763879572,-0.514675784760956,0.0647890478281303,1,0.317238529357603,0.199810894432429,0.456228958796437,0.124755448959687,0.577295382974298,0.0896659497744744,0.518750195367213,0.0931387644469641,0.57820262552836,0.0787609068373992,0.748707326099248,0.0715430678583061
3.12373110190923,0.190464958893373,0.908249623623402,0.127072124992591,-0.570421345479603,0.0654617046161708,1,0.254844935247649,0.210682701038599,0.668288314961205,0.118615236748914,0.72481057159345,0.0918824804734658,0.66530592262004,0.0914696626138544,0.625240977255737,0.0888765873250748,0.637523595593862,0.0853625365263543
3.49297688263609,0.229951116154879,1.03401046775176,0.165308821961787,-0.647771510726837,0.0567426590119247,1,0.18998329683795,0.19500945131221,0.780066708114202,0.1132604371727,0.477404865767897,0.116894609725537,0.891792138266128,0.0854286179619777,0.798983569790214,0.0934818952738197,0.735551520486749,0.09404840158277
NA,NA,NA,NA,NA,NA,99,NA,NA,NA,NA,NA,NA,NA,NA,NA,NA,NA,NA
3.14015633949206,0.173295734204703,0.897967249834987,0.127571629578223,-0.619375875222742,0.0526577104868145,1,0.102180856474772,0.214157158470824,0.564387953006457,0.128501481243832,0.69300920794841,0.101152160809054,0.607747172592305,0.081604487825018,0.794689558333651,0.0792911582409525,0.607110042602693,0.0831899677311521
3.09547756208563,0.191226979952014,0.939866702019185,0.146295860128098,-0.578402655952598,0.0695706536749808,1,0.168918281174232,0.209103764303374,0.39342466226439,0.140722043672747,0.819503427275809,0.0926297366254795,0.555683581621513,0.100276584238223,0.695015713498508,0.0854596425765932,0.689426579434089,0.0832573137304717
3.07977905114688,0.182997568016692,0.915307146403286,0.130752660157245,-0.604504258220444,0.0593889185091492,1,0.114365016621782,0.252811788094617,0.730312233212179,0.12491051083493,0.624295101241878,0.0980675467422344,0.692068625000241,0.0904690865572025,0.644092192433511,0.0859917267356058,0.562010769766974,0.0874496227607314
3.41418436833476,0.211593505701127,1.29073246543274,0.192517812198011,-0.615369759829587,0.0585136816989463,1,0.087496815474565,0.207593110307828,0.680590632739037,0.114989443211385,0.706268746155169,0.0968631446893735,0.803667471835397,0.0843561697509178,0.837555756786357,0.0857631367207598,0.71917262273267,0.0912105554069501
2.88690062519901,0.167509135694796,0.706121932460634,0.10235838087382,-0.510736386586761,0.0661888591016077,1,-0.0577219581897234,0.240702155969772,0.433915677407382,0.160109920343483,0.761412295773969,0.087665540862519,0.571016474956307,0.0899731511447637,0.625842437406549,0.0854331825109551,0.522540418469702,0.0846827831305094
3.45300024726963,0.204037333243752,1.16146918037675,0.168906908899178,-0.646419107574021,0.0530460089731421,1,-0.192349847466479,0.290520902360182,0.804941067910407,0.136955475738046,0.735948738292421,0.0968580255881924,0.66183365344933,0.0903908248295064,0.771575357549977,0.0834835889571715,0.811353643466551,0.080156116112143
3.56934453678724,0.191284482106996,1.11085851537829,0.164481981950155,-0.672768548749427,0.0447230010898905,1,0.131897059198966,0.234330918916095,0.72989118845244,0.128058533054471,0.90172063108232,0.0916218519915729,0.697195097305809,0.0916856011816501,0.720629329767241,0.0760697163209197,0.769115203762042,0.0875983699218132
3.48833709384061,0.208281385764865,1.22282037792521,0.176099032748073,-0.683983835212437,0.0444603823563062,1,-0.238632052296344,0.221996161484778,0.884051123778442,0.116699106221792,0.743469434511288,0.100053009625589,0.796583829335936,0.0871213956199628,0.781259232746219,0.0777947852464657,0.912260582434642,0.078043997722466
3.12391445953371,0.194577588466465,1.01979436535446,0.158175539541719,-0.553274368911824,0.072529771177207,1,0.099904647893886,0.23277369739485,0.578042110557157,0.135329615179924,0.669612712569736,0.0927547843054794,0.578888804694304,0.0937286566613812,0.62934974159338,0.0909327404506608,0.668359706571894,0.0927312931911076
3.49246984375913,0.196758667057763,1.32224172341819,0.185867689304669,-0.501344961967636,0.0781103576469974,1,0.228613539923066,0.187241537737242,0.696383611857058,0.107436899221355,0.703237781732247,0.0862443008135373,0.74634182122079,0.0873017955951388,0.751272374682779,0.0832171882156551,0.722370639352606,0.0856014662506795
3.08086264072683,0.15655687141581,0.926275382016186,0.121612505635064,-0.486698679181359,0.066019640268186,1,-0.212201919307401,0.219301255847072,0.700172607740405,0.116517443351274,0.706791264025551,0.0870122713482951,0.702206581044573,0.0772494866710382,0.737199205956392,0.0759807030254681,0.625520751318328,0.0865676835321486
3.16756030943985,0.179852216308398,0.944305495064526,0.133773415401461,-0.622161355787984,0.0528500613208843,1,-0.236816419589657,0.207251250836031,0.835729002569686,0.106880787189486,0.658350467130088,0.0919111431257129,0.616343386792691,0.0894564101664554,0.709038408742355,0.0833330641798229,0.729161013076053,0.0867242985203498
3.30720772875062,0.200401818042635,1.07406313022681,0.168623134162344,-0.598682459104532,0.0603966329163234,1,-0.216717140803477,0.232802471894744,0.715633951156761,0.132292318918982,0.877772607656907,0.0867655721421933,0.755608600145739,0.0846456345612535,0.597985836448766,0.0925949817370183,0.614470283779423,0.0946766690181166
2.88219244903933,0.157153929292447,0.803353518550252,0.114879524348779,-0.507437395904545,0.0702807802342343,1,-0.402619761188183,0.228008959824247,0.75169863983495,0.117085945643884,0.680415830725649,0.0895241051638255,0.55750061827362,0.0828032979994807,0.634767833601606,0.0826953029212747,0.566752815165795,0.086728484587565
3.41518708059396,0.183651513255597,1.06085943097055,0.140487441843561,-0.647820255685009,0.0484355158699493,1,0.150380846237845,0.250132849769774,0.66809461897228,0.130727004457064,0.777566813562115,0.0904211351886032,0.773774296887253,0.0823533621455181,0.663065545925744,0.0805172973405889,0.790882202232689,0.0768970303696692
3.44545361536466,0.215265114566829,1.1354888508199,0.162259323749694,-0.672598774288761,0.0502968232849571,1,0.279250494090651,0.208968109652361,0.755234483813702,0.121089160448882,0.666702749414166,0.103731946096535,0.824580841298774,0.0865572506155531,0.886588935991839,0.0781443660115438,0.65367212505132,0.0864892313565474
3.45144158691408,0.198188339897951,1.32739223286655,0.191700659983366,-0.635601405776857,0.0535523139471866,1,-0.200025496666344,0.274232568464568,0.855714237969452,0.124177230858842,0.779127604195835,0.0936180616189563,0.810444347948554,0.0826042585818774,0.84860283748462,0.0811973037735344,0.670556461602376,0.0850638163530378
3.1549317921507,0.182708926871576,1.10682594625371,0.152790867252974,-0.562235374257802,0.0613686538639454,1,-0.300264913559832,0.213650802975581,0.717886202268632,0.122923011792726,0.820368422327625,0.0814781313371206,0.648562723762565,0.0871430229345581,0.646810347783244,0.0862394839984145,0.642994003880903,0.0873950096434968
3.08209990269521,0.183412167210359,1.14714660469228,0.163497256904641,-0.632422387916029,0.0542794773207232,1,-0.364846295583088,0.19775381394802,0.791573940175992,0.112680354626884,0.724701649436968,0.0899629077732247,0.771600741791831,0.0846918522630177,0.548138063076795,0.0868061396406668,0.78603596444208,0.0838361583472924
3.21742964733112,0.177486107439597,1.02844985930546,0.138460249754956,-0.614090179488001,0.0575205953059567,1,0.080854871029214,0.228259301653291,0.678045703389567,0.127965510913814,0.770891260377588,0.081891417971976,0.701580880414185,0.0869504166746193,0.668586608424604,0.0861038214838648,0.773277110839126,0.0833664315970132
3.00068653619582,0.17932991035039,0.992053958913609,0.144367204820781,-0.550668490239407,0.0678946433667065,1,-0.263126708994476,0.230326364558642,0.709537028998985,0.131055537376562,0.5303201230621,0.104899071543583,0.716131680150662,0.0799387183647122,0.743754793084287,0.084238955058737,0.613188439942251,0.092981614195162
3.44610040900183,0.229778169849472,1.09717334693637,0.179282631301075,-0.653529931169237,0.0568042050004267,1,0.216370729592158,0.229803176258264,0.661864101840864,0.131154040935455,0.703182959056819,0.116239082047937,0.640061555630222,0.0981500938669788,0.857595726881709,0.0799183009536227,0.78201411837673,0.094101028366827
3.12980381748066,0.182231041483913,0.818908811244944,0.120781633165307,-0.637324223338776,0.0445320607260397,1,-0.0914160751107256,0.246237502731491,0.67060283397396,0.132414143871122,0.732413134824184,0.0975892396766928,0.638106198010631,0.085235245277542,0.758543830136495,0.0747873024853501,0.681577496920121,0.0843583889940482
3.18599941346575,0.174866660659681,0.855912824606375,0.117804010349013,-0.536684902677645,0.0625635550147881,1,0.35544468753487,0.206045285033593,0.558355836493681,0.123517120959387,0.670416576616837,0.0944221139120355,0.59994746441834,0.0918993486184658,0.594485064146906,0.0832801012351708,0.779186282882961,0.0778683246195825
3.13652300871818,0.171644136215814,0.849678512725815,0.117471705836589,-0.562332498408343,0.0642140036941549,1,0.0564041922078486,0.217427723721301,0.631924657048872,0.122557849457965,0.726401160538773,0.0868919907897359,0.603930552306361,0.0930003398779966,0.614112154491019,0.0816842448958732,0.684725651136738,0.0888928224219857
3.28707659513973,0.169085151524079,1.09480181743102,0.147454753543836,-0.624262217844544,0.0473265710487506,1,-0.022384578548192,0.175591947053214,0.677291207787652,0.11040912741599,0.637609580445298,0.103049169863804,0.67755656346209,0.0778162795524832,0.751405658068396,0.0769906285322213,0.684413375200567,0.0813169434873369
3.09619961268437,0.190330213739555,0.989579228208877,0.152822663742909,-0.604523528856146,0.0552817015992271,1,-0.473576775282827,0.248387064042042,0.941514964214052,0.118279790231008,0.641582804249999,0.095392617527317,0.509027234175087,0.0960694644731278,0.807677134488536,0.0789697291618737,0.750095027826382,0.0897742128256885
3.52804514342841,0.18421682987938,1.15227162235065,0.153753497583786,-0.625513047906823,0.0523233373354654,1,0.427304805486864,0.174640688351193,0.724233287245492,0.11090180856966,0.654368435237208,0.0945127044779486,0.741127820981238,0.084345769421767,0.729676248868669,0.0830428518931231,0.866424145315382,0.083136793448197
3.18971395659207,0.167846659014751,1.02831194350205,0.135201579885303,-0.511487279715217,0.0729104411967969,1,0.318769971785151,0.217883345378584,0.526127300438609,0.131078884364695,0.648278582476554,0.0928823812146048,0.629101776785171,0.0849884401561314,0.802778996302277,0.0788758192342443,0.663321619238906,0.0882452593939087
3.02845555401166,0.177899567936225,0.985471792857198,0.154429214280603,-0.459505380412253,0.0744399813627114,1,0.299978297465093,0.203396433435767,0.643347393689849,0.116786391877377,0.512178175953374,0.0967196796970462,0.665682554190777,0.085444862058862,0.468276487032037,0.0899272630347373,0.686718065837659,0.0796025578726329
3.08497723764913,0.172715455397874,0.93168662321054,0.133070602763823,-0.586218012027505,0.0561135992900926,1,-0.0522604252912211,0.201482581648653,0.838791329711317,0.105868888860635,0.546951700509018,0.100571711989346,0.519254125041191,0.093043841954848,0.656582558318339,0.0817151039365307,0.746648708362695,0.0816172810304308
3.09862238354823,0.196936313627513,0.968400181481241,0.154189087604487,-0.587069904036491,0.0637553252304192,1,-0.438384605752005,0.276559675521183,0.9011232746304,0.127968593474813,0.613857245382383,0.10282387207747,0.752442615286754,0.0857442541317553,0.724965331639147,0.0887021800667494,0.530176967749986,0.0954405246322729
3.18477547401919,0.162311319221992,0.897363325822432,0.123642513601576,-0.632404842821225,0.050223592048385,1,-0.0846287426932622,0.196639297208616,0.751365910108697,0.12025799893602,0.73250117918068,0.090863742315085,0.710407363669791,0.07379052827969,0.670652385229538,0.0841753704474361,0.752817408987815,0.0849322887045394
3.3796040984959,0.220300274742133,1.03798578175054,0.165643250566429,-0.61864195953715,0.0620521988062222,1,-0.0352494035021437,0.244841849490428,0.792894656854076,0.118550374695893,0.763333598676462,0.097296500561185,0.741479258028,0.0926159329552398,0.7755510097619,0.091862972429159,0.686052639687992,0.0933156888174045
3.404518028983,0.188306358176356,1.09626955950947,0.157646110710429,-0.62755254018622,0.0550842789264245,1,0.374443734934919,0.237396794744793,0.656023828008293,0.127439828655215,0.571308204301262,0.104324550226214,0.794957070471785,0.0779762943776264,0.864956571715746,0.0772072550156276,0.681516675832874,0.0841084410784073
3.55134503508142,0.191280696561494,1.25260048409105,0.181572317946623,-0.636368692839061,0.050485991540661,1,0.381622360347479,0.211105074569426,0.726261368425213,0.11813931804579,0.606319392676412,0.0985922320773494,0.821190910747414,0.0835783858552426,0.877947758114233,0.074704823384051,0.846791728470319,0.0799278481657831
3.14533207422307,0.183569730816245,1.05690518299327,0.158698853781075,-0.48844831645702,0.0728436675441007,1,0.0332462443516821,0.183993705275672,0.615799444146249,0.116384337137235,0.706174552829975,0.0934294925984109,0.632951679730345,0.0893749046002816,0.686185542993008,0.0856858341021512,0.709553758702391,0.0853537706691004
3.2131910250498,0.187799627280944,1.04969243553776,0.148494379928,-0.599435843666739,0.0527915318784448,1,0.0456739152522285,0.257174190332752,0.722353162380492,0.126313843098163,0.771385207163241,0.0973855711257721,0.646166869430218,0.0889139849413904,0.677135956719259,0.0853427502960789,0.718883386906678,0.0811418013240708
3.33475039886105,0.195683997585754,1.01634250454261,0.14820811382046,-0.649681880120909,0.0527695405103129,1,-0.549035315107112,0.271742286257245,0.962943413947374,0.121721516032165,0.681306064755562,0.100250203580589,0.734916191496786,0.0916637045860021,0.676579144449486,0.0864011647033453,0.840259239196266,0.0790994840230172
3.21358539054113,0.214621111798745,1.00458481897874,0.15834181508013,-0.630798739482758,0.0599555948451516,1,0.359756879096991,0.218107505869892,0.580868323878147,0.130901413275066,0.652426624632491,0.110051848752501,0.711903200545615,0.0969813958147783,0.571646446665389,0.0982943023607064,0.69956890545964,0.0858531120420003
3.14026253944697,0.172565607551259,1.17775754300981,0.159586086093514,-0.602717418503986,0.0560445343671516,1,-0.171150319185949,0.229561175422883,0.682614079665025,0.121922372226272,0.74188263485797,0.0918760807924765,0.715524312006522,0.0782640553712372,0.643150185763667,0.0823805700709047,0.602084600743603,0.0851043383429765
3.16144070155886,0.192907637365867,0.943538923602587,0.142997654344091,-0.535245742061046,0.0736790549762603,1,0.45159843764193,0.212955285733672,0.511600003622599,0.134934150582666,0.617427495153057,0.105357181217644,0.828877129186613,0.0827443938621461,0.631076853358876,0.0833723647419581,0.528581792714887,0.0909565233626514
2.80423015175599,0.147524802715653,0.729029698911658,0.0962766476978892,-0.447972909121181,0.0671678641999441,1,-0.277288246898493,0.219934533741317,0.563561383093307,0.12250940925999,0.622648108001591,0.0912609804144487,0.560338526645511,0.084591360859637,0.605297741374535,0.0794235048554261,0.639041128552389,0.0760842324838765
3.16115022165464,0.169777214456415,0.967920551816712,0.13864516994849,-0.58628580248762,0.0572055022207834,1,-0.0581643407704349,0.209637733197724,0.825737916022104,0.10831291424875,0.527443515706336,0.0944161981097825,0.602798796368402,0.0830933420932236,0.737913842929925,0.0835327880070103,0.718374804006445,0.0827796046397306
3.29447574722204,0.201167690547624,1.10679964352578,0.166683492311929,-0.656076432416745,0.0512264570070072,1,0.0239224565267214,0.2343710977882,0.77751647427461,0.118710113583245,0.79122909821785,0.0895051023777066,0.674652509478879,0.0908949667339069,0.705841749473802,0.0889617423930182,0.66621973592438,0.0907522030508881
3.81791197524847,0.217678336450755,1.22871261155176,0.162251491186802,-0.663928075430706,0.0424977660462333,1,0.46705968685609,0.247338896409919,0.688623366685922,0.120591909725155,0.912128531543741,0.0952035550457266,0.850183391636678,0.082393052532192,0.798744328333677,0.084670241154439,0.874320325126397,0.0777926549610474
3.50154490976382,0.192400714053282,1.11134610428416,0.159576332462586,-0.624103889396442,0.0503705354955726,1,0.249773816059504,0.241275300851766,0.785302461402657,0.115404808287121,0.672437621422064,0.0972968475494566,0.765451112023457,0.0843760880906837,0.895476199885539,0.0737523824908275,0.634797890929358,0.0804193407838618
3.02124805466664,0.17949823874236,0.808101117475323,0.120013072586069,-0.623659759568449,0.0556847854701512,1,0.073324931222797,0.231211911336351,0.475827888718285,0.146653487584564,0.661213493290687,0.0948244601841212,0.713537636214401,0.0870182567448846,0.596948899811012,0.088267446839149,0.569309827751486,0.0902543743336478
3.66974413928455,0.227034765685872,1.20843670708815,0.183433409348074,-0.640976049454704,0.0508141777396525,1,0.646725684428101,0.220180102886138,0.674614506626059,0.127155655102379,0.832818878943107,0.0887094936760221,0.719132267658735,0.0915701013741186,0.868123639206089,0.0830234351803253,0.776737738436809,0.0874701308147948
3.21306562276773,0.18952853238711,1.11502954404713,0.159393787009739,-0.663822481599923,0.0489439942053504,1,0.0586264958306151,0.230611596729404,0.758073181530363,0.120965514283086,0.596491179290056,0.100449185624084,0.669742965394986,0.0853792514184265,0.79991051012547,0.085317823898206,0.689907282907062,0.0876654238934812
3.00269110198807,0.154446942356685,0.756745088284217,0.105168964490324,-0.483959742896414,0.0670401451238167,1,-0.0350180233624358,0.20918009454691,0.648563135163692,0.128458746363621,0.705611861670005,0.0838769833107767,0.524807980275589,0.0845749047042224,0.467594503187199,0.0907037365937767,0.749691322370991,0.0746908935789336
3.46555404681564,0.204350390660214,1.14623823152939,0.163889193379499,-0.665566091048566,0.0480809677413527,1,0.22752662352667,0.221225543151749,0.750883374972684,0.104858969202684,0.690321344446223,0.0926366247459187,0.803372368077432,0.0862174335531307,0.768262322752671,0.0818004124674983,0.716067535741741,0.0880754219844032
3.07209305268383,0.172688097599128,0.944092272049339,0.132949389025453,-0.603541763590172,0.0502559399685383,1,-0.180558012338375,0.213654430825969,0.687850240246992,0.121020537679002,0.651561831300509,0.0935015463372984,0.681919946809199,0.0794363374812986,0.643449477434523,0.0843793660552656,0.707323303231957,0.075140314548893
3.18300694230737,0.166272913152362,0.997054280951087,0.128994725862166,-0.611757862436294,0.0521572495675631,1,-0.00585774413471567,0.262094028041736,0.677996154096011,0.132785316065507,0.677365882224425,0.0982637404731565,0.707289950229505,0.0770267852349774,0.663885462426927,0.0763055096365233,0.600539672412383,0.0852787066274793
2.91458163047857,0.166666646101757,0.919003717689819,0.135967130082367,-0.5036117252476,0.0671130727217305,1,0.0667201660382653,0.184366252209063,0.417922941850506,0.132866889278709,0.74683560347983,0.0834515828660473,0.612815586046236,0.0839190036944939,0.647133871266366,0.0815103456552463,0.5090643918852,0.0977052172368916
3.53234767340193,0.201117988677263,1.17427893100072,0.168710743177252,-0.617931915337439,0.055988155633412,1,-0.0255836759879192,0.241294330367716,0.794868889451628,0.131449626768622,0.825283918226033,0.0923731686134505,0.762974605861719,0.0842278220163444,0.789799914786161,0.0773824684943676,0.899516411341675,0.0850896365622286
3.21257042343276,0.180449341521569,1.11698747832064,0.159791906977165,-0.628949575524558,0.0516969933960504,1,0.0953345118295412,0.214895128566158,0.642860090420877,0.131302789770695,0.594526089877155,0.0956286314431042,0.74272242177402,0.0853138023668738,0.688664103144018,0.0809789554324355,0.670065490921875,0.0868879781104093
3.27186156023879,0.179959513485991,0.950124414296382,0.135349932346677,-0.641434961548824,0.0492762047955527,1,0.0310599598185227,0.223049719265086,0.687445019396204,0.122728948848029,0.838406859609021,0.0878909291726483,0.657059668602083,0.0834584536087639,0.782577981006183,0.0801392563893984,0.724533986753893,0.0794670090696559
3.06790935727531,0.192921440623757,0.929224434908718,0.141473289409421,-0.568093180176548,0.0672782812949447,1,-0.137522327405446,0.236111602717188,0.682358047391474,0.129905731778072,0.708232742203694,0.0940331649214369,0.661170595812445,0.0886912017438501,0.657052777442797,0.0862996833331873,0.674819896328864,0.0883952729261591
3.37013165927548,0.208832314889924,0.965101216066744,0.157813386174962,-0.664942696806233,0.051159075997821,1,-0.325657018330764,0.265300852329253,0.745050892103314,0.143449612292416,0.818164048625212,0.108405448468133,0.592197152634579,0.103900348040061,0.715991602009204,0.0849838751213843,0.881454092210789,0.0814389499525226
3.2051372470048,0.18399953921215,1.01109344175395,0.146786220430124,-0.636978503686503,0.0553365235023468,1,0.227554669029979,0.207843735689729,0.689416482604598,0.108985942808528,0.642322734891453,0.0996815173934015,0.728547655029193,0.0822730289851534,0.677040526214139,0.0857267094872959,0.759158861064855,0.0849163714731611
3.11795052567317,0.172299564889386,0.923122864052959,0.129909138518746,-0.487427848785415,0.0730824800431167,1,-0.0140719205927949,0.279983290750326,0.679200164224426,0.138158625410337,0.754509273673946,0.0917560438712081,0.562033444958282,0.0841508960636392,0.603338280853961,0.0907924812069897,0.668504762120668,0.0842292235217985
3.13179512521907,0.167528260283272,0.889899162157166,0.121321878597803,-0.58172281748589,0.0580160336992527,1,0.349005594162553,0.210260067188393,0.511969264935674,0.129035013177697,0.665718623228038,0.0904838912386707,0.581624747107728,0.0872179948888426,0.890258593522469,0.0748017347592139,0.724393176447073,0.080499290255152
2.94745138401552,0.14849616794134,0.851474714184338,0.1147396217801,-0.455507956797793,0.0719912297335398,1,-0.0555183710881785,0.233696159786644,0.688375114208275,0.116727420559191,0.660053430425226,0.0941331263380173,0.473347265809964,0.0897831653263355,0.703246792351346,0.0752431197479293,0.661583101530022,0.0770591447710265
3.27891894488448,0.203001713906592,1.1533737517767,0.168774316438146,-0.614783799233889,0.0568381645072051,1,0.157596946589044,0.224890688535864,0.570904864713498,0.116482345503911,0.612456507782761,0.100320596721044,0.841394648066855,0.0867155217149214,0.730114247300624,0.0858323544846806,0.763831866396067,0.0830578286779572
3.34557040486118,0.20600976367365,0.993860549777984,0.140895175521113,-0.633301201920215,0.0552098655016924,1,0.428869633797636,0.254616785420121,0.498801673155812,0.152625973765428,0.712759439550452,0.101772943516863,0.800191102526629,0.0893647466030539,0.699100940444802,0.0874146795792876,0.749708677721192,0.0858810631685214
3.09076956991164,0.19076314892142,0.850670229190669,0.133427664027347,-0.570485278767913,0.062908498448506,1,0.234378391289492,0.213471832229887,0.561264057370775,0.129423547974298,0.780269220815127,0.0877702946018277,0.562092396860255,0.0982105583261836,0.673107513959343,0.0832051459790173,0.709702491326944,0.0803291173937087
3.3846727948563,0.181316108895467,0.911921605750734,0.129102434599417,-0.583927115106634,0.0545890991533008,1,0.120222494428928,0.19198063323178,0.78860043196499,0.104094591936065,0.680364521275461,0.101422125202521,0.705567520632689,0.0852982020723283,0.773918317330157,0.0765880091054534,0.768632834656846,0.0828257102380494
3.13526720572107,0.182419941601738,0.92403069892431,0.143886965774995,-0.64957509876222,0.0557301956480844,1,-0.0738045323744463,0.227844952465246,0.773342106443379,0.116015006637239,0.595753747654517,0.0959545210043,0.656552648208889,0.0883622714330631,0.612158296829068,0.0874687583723255,0.694500058612377,0.0832125669934006
3.00422367081807,0.182034744793345,0.777533248154813,0.122500753995602,-0.585328863351007,0.0592663789751615,1,-0.0976863444544193,0.242938419036136,0.56490686160021,0.14063823778586,0.84881271931499,0.0881460699734775,0.646906568170573,0.0827787003909185,0.586238762136454,0.0883884850767389,0.597508038366205,0.085093136401931
3.24154735249499,0.179805946970917,1.02034359150782,0.142494825434955,-0.667766997035041,0.0449757944770581,1,0.130040512222392,0.238923291596324,0.70773642964011,0.124367591280301,0.628217744209203,0.0899299620856693,0.845788043679372,0.0756530651361693,0.666327439649709,0.0792181221586312,0.700153720184016,0.0839080635903854
3.20702340793136,0.188532677387795,0.973069156231106,0.141575137839719,-0.593947987811328,0.0559353100802874,1,0.122078088110693,0.209726989496533,0.597659406709694,0.127775168492149,0.585348712476314,0.0972060714829242,0.830945960456709,0.0846125664686351,0.727090809481165,0.0766650476117029,0.747352057207992,0.0819520674904048
2.79451569408483,0.175820265979655,0.851377511266107,0.137520013467857,-0.48779063677133,0.0766176449478724,1,0.223382587738518,0.186151254170995,0.381088277353836,0.139958987742056,0.599328939390569,0.100180956785925,0.656339225515882,0.0860887757244837,0.633186806064636,0.0872447096859466,0.449113628786918,0.0977214125095388
3.30152238512703,0.174039677705085,0.876382122674134,0.120301894189516,-0.607109231991739,0.0540500308454294,1,0.0177180238052204,0.235808022241211,0.670804220260936,0.12946648869316,0.738559905324217,0.0859078250103167,0.75484192152574,0.0828283753585161,0.662148064666166,0.0797725282997093,0.687328594446922,0.0816192330279234
3.11974312807074,0.189307904096955,0.890667189427381,0.135568591047408,-0.540907066545352,0.0697584149881972,1,-0.049878969756575,0.238791226978586,0.790127446778018,0.116076418094523,0.777837629265846,0.095431292553989,0.438858473886024,0.0972795044886501,0.662975074105548,0.083161157172711,0.620650745941732,0.0868903696412943
3.46809347537525,0.22684335682521,1.15131923153396,0.180288863693587,-0.653032836696345,0.0492798024113362,1,0.107341968658443,0.215023995422522,0.780636932582938,0.120170742521989,0.635129177473999,0.105419252055049,0.777962879188033,0.0886400850297131,0.72234835912955,0.0948691530020523,0.671639349688376,0.0945524328100027
3.4715886256992,0.189625463156739,1.14126232449684,0.164253712623941,-0.458551236461507,0.0866476268330247,1,0.319883918454168,0.211318480523553,0.745512424185133,0.109385890438232,0.625098551270826,0.0956126546783512,0.699105051851438,0.0863979616833113,0.799995708455241,0.0867061220475514,0.79844061657199,0.0861441587782099
3.12598531145406,0.173060633544805,0.97350356279316,0.143679897544263,-0.495249301739098,0.0688338822365873,1,-0.123675841229316,0.198977476932424,0.737265530702494,0.109407958023371,0.778617960836888,0.0808328505302248,0.470141179983997,0.0855525568874648,0.664918109147823,0.0848327487161767,0.73143253565895,0.0861766942346995
3.54296734662982,0.235607609655112,1.14541266414082,0.184767851765293,-0.734085911946007,0.0418503166605809,1,0.216146886587688,0.30213718311838,0.615172722129553,0.167597592188552,0.791569074803389,0.104236599889295,0.777490245701044,0.0888645001976782,0.701386287666271,0.0932756230831761,0.843906573549222,0.0872505975957777
3.28211047508458,0.18358887115076,0.985754655555848,0.13686661559733,-0.638835882713721,0.0519834961666854,1,0.250986869291801,0.213798004721328,0.667804262543383,0.115414217137689,0.659429333805107,0.0999304841277873,0.748519038402372,0.0852852465529193,0.779202919544715,0.0833784928264413,0.690763053078031,0.0833401278749644
3.22119014857751,0.165007289132648,1.13593518952573,0.155869353123599,-0.610419836726398,0.0545575181411583,1,-0.00352722046646272,0.194188661742089,0.730894767022356,0.106542581518717,0.805125114235777,0.083212265991124,0.629514916467184,0.0841347903595083,0.661777837041354,0.0766592311532418,0.752165349006084,0.0822528180853854
3.19576503712864,0.165333530031768,0.877952603433838,0.12107840078471,-0.665803292801238,0.0457424940963347,1,0.0605190438971336,0.228184710054043,0.552764620518818,0.128878597260542,0.777015617062837,0.0878762247335548,0.686070604673019,0.08554966672105,0.731737007483087,0.0801956192334867,0.778992572253522,0.0816805917472284
3.53681928177135,0.192641785542301,1.09805027980848,0.150608289216862,-0.635732606235526,0.0536678860729502,1,-0.0152759919957802,0.280848306622862,0.963983169155585,0.117792424494351,0.723288707887848,0.0942761757019904,0.656111453397992,0.090472939119919,0.710038728593083,0.0864947891349167,0.752897234876523,0.0811309373112164
3.22999777757132,0.206848892669133,0.995154316732349,0.158885430199666,-0.577264348542851,0.0636841291240289,1,0.0271895148278728,0.219187241515678,0.756398429806046,0.11308515349353,0.662077597390361,0.0926447260018354,0.798289517029813,0.0845864425517301,0.657350496120951,0.0966348089865419,0.66380840464485,0.0888670759002554
3.63520127199896,0.219806269929221,1.44537112284383,0.209729868536969,-0.693395783704855,0.0456538818185129,1,0.258359953371901,0.267378164006188,0.774550708966035,0.126450934572858,0.769926972208371,0.0953096743086182,0.581805926325499,0.101981924031285,0.925802512795193,0.0779469941008775,0.842006567616829,0.0856155310214329
3.4161299961736,0.233895749270397,1.13794356044392,0.18678200458731,-0.656310825283147,0.0569685880899545,1,-0.36548297792466,0.313813964796751,0.845466418028886,0.133468545222363,0.826917523980052,0.0972769168980837,0.682036741692516,0.0951063408810577,0.811172691473536,0.0928371342826654,0.767395176457651,0.0912870002485279
3.34416615598433,0.156440163816211,1.03290845872072,0.134435507444186,-0.62246297366341,0.0505013216738332,1,-0.0630646774757522,0.235519608313052,0.886309172390793,0.110054504569376,0.593484705475507,0.0953066822026702,0.809231285696257,0.0696117057442711,0.574542821035047,0.0839509163002407,0.747100939143471,0.0847736451979554
2.99585026688996,0.158933045591159,0.786039131592321,0.109557449341443,-0.56443232615967,0.0578635237343908,1,0.168954198746101,0.18147821039148,0.663425021672046,0.105305685799592,0.540848109348563,0.0950249433208564,0.613404926551784,0.0864332678221113,0.590095253567583,0.0852141967560622,0.613326689596598,0.0874630707802158
3.09868294467979,0.162573788532289,0.949686079022518,0.130129735846052,-0.550629286915559,0.0550321858101601,1,0.130966607638031,0.207733800185936,0.582114809615677,0.120851324977904,0.726959210526113,0.0867992095951601,0.637438049311329,0.0740966978760819,0.748420945653368,0.0739622152513426,0.676831867814404,0.0823869242777464
3.16476158777096,0.197054352875056,0.941396921462014,0.138891776542246,-0.61827114713601,0.0540098205377929,1,-0.221947829562756,0.227669579956685,0.734443074653701,0.123655258011305,0.811605635746209,0.0903393745298743,0.602350456910958,0.0943743989943695,0.594482187517614,0.0822943638654554,0.747788726349631,0.0939590972482254
3.02849510033494,0.175627112004958,0.939426892468958,0.134564744339586,-0.574465446718535,0.0578971965717344,1,-0.0599000597361681,0.215845845273236,0.635426082630553,0.125621804235394,0.685472989370728,0.0893894362549169,0.662357811652535,0.0847586962426178,0.69390364439551,0.0813070380750709,0.5863084851078,0.0876608110489798
3.23855080533622,0.180208285901173,0.973084631233288,0.13290006811197,-0.608017388786175,0.0522872013209782,1,0.16763695609757,0.202887202827583,0.683260992331057,0.110592911675841,0.699690341690083,0.0890979026524247,0.541885928722433,0.0893971346774054,0.674942439782365,0.0827369445055652,0.778564698435905,0.0841781687218105
3.19315137990692,0.172516783368936,1.04559565498505,0.139080977671835,-0.612496462914911,0.0532982254750884,1,0.160771563477641,0.229080788582755,0.72528541073118,0.116411416947434,0.603537281214217,0.101303901855097,0.756008984492066,0.0795938774515898,0.696405705510221,0.080703848833335,0.742469549091166,0.0776601397922771
3.34636823466423,0.175659516465772,0.91839554901348,0.129304025171277,-0.676203987740179,0.042026274756666,1,-0.0387748403508146,0.180920389600819,0.733416221513435,0.113829594539785,0.866482064840215,0.089307995194427,0.782954728750699,0.0808107735109437,0.64567009655274,0.0813809517287979,0.750564953472547,0.0787791879868757
3.06525595407531,0.175263024099642,0.940032698032425,0.136695202404928,-0.549469615660546,0.0644503510214621,1,0.287257366234122,0.213700240701417,0.419548016643599,0.141924969724337,0.678921516677542,0.0965738570569067,0.729095675820731,0.0801973314188855,0.654555509102931,0.0851939011941571,0.752899745720077,0.0833631332755355
3.15843665254431,0.192616060226338,1.02457747323621,0.15523670656892,-0.630395955640479,0.0576979973930794,1,0.0474469876320967,0.249089334371091,0.580056238719833,0.147099730996664,0.764849696604825,0.0980021455112218,0.695450341878574,0.086684349621628,0.663427549650099,0.0872497687944293,0.770642846863789,0.0817540901788774
3.29073855266852,0.185661077084357,0.978819464074463,0.13605556884058,-0.648126867024823,0.0478268561460431,1,-0.201155539145176,0.220112863725713,0.762591632259018,0.122656027054188,0.818830046335817,0.0843817934018284,0.725761615006886,0.0820081638895175,0.688031767524093,0.0836717594309642,0.769765685207333,0.0832146097262052
3.0449616191474,0.148822458450509,0.867206692487743,0.107480834909124,-0.532770310338408,0.0555932036901125,1,0.0122410603543722,0.21720899220093,0.672041021377597,0.106920850080285,0.664318575121577,0.0928140804297636,0.586744047123732,0.079965908183289,0.730760190125292,0.0697058658897541,0.719165785024844,0.0815027381087684
2.8538563803079,0.164332226288859,0.776358658374598,0.115652815819758,-0.603507490547236,0.0561906448018765,1,-0.0700374017036654,0.218043937765047,0.501380822993637,0.143540413211949,0.675276984942828,0.0940586847703865,0.659660581693106,0.0799074602876132,0.608341046844253,0.0857125428618472,0.624505060673115,0.0835214082596665
3.59464956718107,0.224273745339547,1.40772636359554,0.207779596436445,-0.71302085760314,0.0426156390119839,1,-0.172396334499486,0.304290111337123,0.949760311926968,0.128983524239287,0.697418103437699,0.100131507998972,0.790116802740221,0.0841548962682139,0.919835111984131,0.0833333955735896,0.806492028121881,0.0887811452603744
3.04300321312268,0.17462540325571,0.812957876129911,0.119829475029634,-0.58682681326628,0.0614994452815437,1,-0.118643269919627,0.206608929661748,0.706503668033657,0.115440907248866,0.599783968346892,0.0975436200680863,0.709936632355683,0.0834611419532079,0.722029915210779,0.0890961567470959,0.582725372294326,0.0935057060778135
2.99537215819666,0.171614437684286,0.847860022418709,0.127622945019942,-0.616505403511315,0.0564680265192958,1,-0.222689376390617,0.223120503565788,0.745843767809786,0.113591129190974,0.57032759222086,0.0986451686388412,0.743120506049154,0.0836348112848804,0.749660802055956,0.0814275262544094,0.537711862748584,0.0912847941045561
3.06333722085559,0.170265269245953,0.923872702328635,0.127755976388703,-0.627973002764471,0.0525167326897236,1,-0.00361109788432769,0.217930807109378,0.621100507211248,0.126273131539484,0.637260079458347,0.0919450137944255,0.597354963094542,0.084846596540728,0.815525953947918,0.0739633041801685,0.713514945577772,0.0845934550937755
2.84530010790987,0.174768175947069,0.812638410937202,0.121928989465153,-0.464442781277272,0.0828334483989918,1,-0.010041294298366,0.229728120110925,0.661558384461568,0.130446801269116,0.471783034914423,0.108492902173351,0.699677990029867,0.0833062691735731,0.458077919023954,0.0891250642852926,0.668502021301377,0.0857053641530863
3.16560105608791,0.197844214071729,1.1495293010089,0.178374295671779,-0.614567657019037,0.0551308179088144,1,0.187088416034958,0.191440885856753,0.625931014915973,0.118773654247278,0.719808518493462,0.0940292414978471,0.505251201537527,0.0885142772695472,0.755247955152529,0.0867974381719619,0.66220628010948,0.095489064686993
3.06000805885424,0.210442889670455,0.943867570708122,0.148824173890435,-0.62533572833398,0.063554383615194,1,-0.268815937082116,0.256511323618427,0.773901909474567,0.143709687979683,0.638344368356673,0.10047410531956,0.687048384820994,0.0947192806314046,0.718114358650889,0.090025643496621,0.647333984206244,0.0939323277529196
3.28661109423592,0.186931273678363,1.0766665352839,0.15449303870588,-0.643141302328086,0.0498518437099655,1,-0.144095417187142,0.231034625101439,0.77737115641928,0.117533306241618,0.711830842687251,0.0989863315877638,0.702407359266394,0.0894134688753951,0.788277335876148,0.0752168862347323,0.804340209596155,0.0850400301273592
3.38739095738987,0.18279206071115,1.08390828419344,0.150277579882538,-0.476415440650255,0.074670960521566,1,0.2155316831552,0.201741913162394,0.536697047888915,0.133619764608309,0.614569507310172,0.100522484853805,0.867563152981942,0.0814337436556467,0.75156418753138,0.0808768847345867,0.795878365533149,0.0799467101102599
3.25770661684428,0.216559699191127,0.924240455232023,0.156878470322417,-0.621141981333071,0.0573611681720075,1,0.203916088520061,0.232925819638283,0.533263278961126,0.151394034722855,0.749422965007987,0.100708321026638,0.724115725241737,0.0962264696636732,0.632290493541855,0.0840635741666785,0.601654402458775,0.0970864292204421
2.96931712402841,0.172395157442533,0.738378410127241,0.118249579762241,-0.549188652927909,0.0647402455417473,1,-0.133532225791951,0.227305828753543,0.597277518595627,0.136897088903482,0.607134557370427,0.0951969539363143,0.661501178415699,0.086430462969041,0.70993179626722,0.0848004228746043,0.581242730161289,0.0863727979357453
3.70899135548947,0.214204729681402,1.19946007428471,0.178378099221743,-0.514802874313614,0.0749798098732967,1,0.132614417745052,0.24417209137277,0.958625932828154,0.109448351359421,0.610717528021625,0.108988070309863,0.796379219932035,0.0843730213546796,0.777886294665301,0.0828056942192385,0.782790710662169,0.0888221274316324
3.39999103434754,0.21230564069736,1.27352522454144,0.196082355163044,-0.668889482097804,0.0468952663683975,1,0.191292758136219,0.185881140940625,0.610601755584053,0.12145645076877,0.848545181438303,0.0867534770644486,0.669741629389779,0.0888242395835325,0.793587433668915,0.0799815902719056,0.60395277058546,0.0944620059856294
3.17752383164929,0.180482533162376,0.811689439169425,0.119828978757248,-0.600865718977295,0.0578467014886441,1,0.175237096317849,0.26046079492113,0.503070709518803,0.154483670337751,0.871222668805918,0.0876367251400593,0.578630148671654,0.0863014007623713,0.573623399488484,0.0799632693587965,0.633593555185028,0.090345947339072
3.24398681965256,0.175938438867022,0.980331062957567,0.139476385048613,-0.61899343496028,0.0512817802069175,1,0.289244256229684,0.23165307361725,0.64359581563085,0.115063114543618,0.663551749092822,0.0827522813208884,0.646865022613071,0.0862141349174751,0.653875735604048,0.0834605545457204,0.829118403378886,0.0825282482880035
3.54975765767424,0.22475259567755,1.27773990311259,0.199882603852235,-0.55638739568765,0.0755777015528688,1,0.325912075858807,0.252992189584505,0.516420748003296,0.14562094318202,0.845538473920378,0.091363092403725,0.825474120481387,0.0884376794918926,0.70651936525073,0.0880147457485193,0.747290080719312,0.102974677717665
3.27218740324607,0.19881549095066,1.09300691497385,0.1739341183369,-0.593019204920378,0.0618640053648233,1,0.018075127749115,0.242428785421217,0.608008301777697,0.127749382762232,0.797819353730792,0.0894703728083384,0.744975488507831,0.0907391681463717,0.602951801017998,0.093388399721984,0.663903284546208,0.0923501158872396
3.02462477019941,0.177068717821749,0.78564202893136,0.117257155549075,-0.565367434850002,0.0659918594947202,1,0.0155417362979557,0.247396241965343,0.656446193915687,0.127805888294128,0.695738793411566,0.0920911569251588,0.629288484505005,0.0934163225549029,0.644654323985959,0.0864401133126452,0.57147167023916,0.0940429904188524
2.89839512294794,0.152035752836266,0.659244980702402,0.0929893850232996,-0.553663006774191,0.0559117214744606,1,0.167655830291096,0.196559288481719,0.576051755761716,0.12486555217813,0.570319380223487,0.0914148694586866,0.645310242605598,0.0741382640422216,0.515478945928715,0.0808490351065075,0.619331973707319,0.0842033824457883
3.12503871822483,0.193888358680962,0.975783864002094,0.151102687231304,-0.586168977215262,0.0606645551325271,1,0.402295596140683,0.23114955166072,0.407388056273034,0.149146393197752,0.583584795619098,0.104037995541171,0.601924683155467,0.0918303784861179,0.749772359563437,0.0813762544213519,0.714915622609421,0.0835015835611814
3.0469337951801,0.14441377279991,0.832742843498958,0.10211977718809,-0.511826599737356,0.0644685250203728,1,0.279847341811689,0.199845375635375,0.666603086055986,0.106049108522908,0.460719795600572,0.0975460478242564,0.619886249735405,0.0790259852205083,0.733353925887141,0.0780361563178334,0.616084320724008,0.0776178126612763
3.25387576499589,0.187170304097744,0.997445667070023,0.146362872718645,-0.483426540944145,0.0731253077387229,1,0.271771722596486,0.227460148671818,0.550279142588272,0.140609090104159,0.755481131610397,0.0983085360807296,0.580894336653163,0.094358290183561,0.727482193963184,0.0808993992735906,0.629368261075354,0.0860706763708684
3.19537358716236,0.188344775180031,0.872238390440774,0.128359614148213,-0.615541732012067,0.0496602332746746,1,0.065346706033049,0.261498257396953,0.640982959439593,0.136966293308177,0.558828221634633,0.111354842505101,0.885342449095489,0.0770681621853098,0.63858864319151,0.084915945242207,0.668852378073609,0.0887750966783379
3.30884436379774,0.185124078622499,1.11414158670478,0.16213225377922,-0.528810331823929,0.0672531875448487,1,-0.229247068960702,0.206608922020355,0.903213041111411,0.108382408558632,0.699976008024378,0.0949693514105255,0.634284510276692,0.0880404395285259,0.666220496923774,0.0866459402263072,0.649718343104838,0.0864309009727071
3.17767880323418,0.20037271151931,1.00262139036166,0.155281048863927,-0.612223046349368,0.0576310731605828,1,0.0464138733600018,0.210077370325465,0.686016193521652,0.113223775464316,0.741504191118196,0.093575143409016,0.642724967583684,0.0872767105103366,0.73392652088764,0.0885571996696948,0.764819713997606,0.0864231154253834
3.05400699784994,0.156549915978749,0.925356754196067,0.119090309119236,-0.563721397823267,0.0561319435497588,1,-0.255864242760266,0.235084361006002,0.782140340303358,0.120932004910725,0.653126645300268,0.0848107722557796,0.720774445612967,0.0778787628752113,0.599169547468161,0.0811771701654958,0.818925174319458,0.0741377143927852
3.16689762059371,0.188866545727425,0.99477308039351,0.14678796946964,-0.575080941122713,0.0648720495909731,1,0.125034834094135,0.243214417776463,0.575934513348926,0.13510502466306,0.716528592626845,0.0900855333294977,0.668040800671027,0.088844390110402,0.655915787978058,0.0857224430969716,0.696754732926907,0.0860860111657428
2.86394288253417,0.155757924678818,0.724939596456708,0.100644088823564,-0.500699595910416,0.0711641879055303,1,0.00105905716200811,0.224075036407063,0.519397040058924,0.137016772964067,0.589639727138594,0.100416520385018,0.637503041317398,0.0832823562728412,0.625841170377145,0.0769014527590031,0.653462634135392,0.0780614985347755
2.88295444970946,0.168812002170092,0.798084636755872,0.114752936268645,-0.600877911212294,0.0533523846061069,1,-0.248559790677726,0.177678053441793,0.577376578294149,0.117209726732029,0.746589954561392,0.0914589676248969,0.358828201693542,0.0970286778939824,0.683673203992229,0.0771666962554355,0.822752534544839,0.0784836032998031
3.17618686269754,0.192995019359076,0.968964310727765,0.149759481553252,-0.571870293230477,0.0676223187093186,1,-0.122106385389584,0.226764911728606,0.820949474863242,0.114575362568224,0.64087017136737,0.0906080800405367,0.727038383332962,0.0919807881549594,0.594734669153139,0.0955754953816485,0.579074284826076,0.0947813274839819
3.74370139543013,0.225598877494553,1.45340444990669,0.212222728354168,-0.698610733623552,0.0437454172402998,1,0.201597781573604,0.235214227355864,0.751235988257365,0.116745827933058,0.877998871339893,0.0900450439986843,0.823578148838324,0.0874748388656539,0.808639091491738,0.0891427923166504,0.81357568167565,0.0891127199839426
3.1338419436686,0.190262848711605,0.89058337201645,0.138133571637308,-0.542278187220884,0.0661623060903901,1,-0.146444957850799,0.252343214275491,0.643728357146575,0.144725744117684,0.660634707851985,0.0974187456010498,0.767294876836129,0.0848985280114139,0.627454915688122,0.0898633857608641,0.730603219125846,0.0797573013908651
3.4817417944676,0.201383334291933,1.19167124756671,0.177602137937569,-0.705535177393118,0.0402773666564533,1,0.396803534276465,0.206214969573978,0.736370529274068,0.112036748937562,0.688251125429894,0.0949298204126488,0.676606186029928,0.0868591676645022,0.776157589046531,0.0889486982099869,0.783424784332508,0.090797813096329
3.21500935674193,0.190440609590543,0.901402030945324,0.132669598682955,-0.428406490056064,0.0792675793086614,1,-0.173738638221872,0.226326215426858,0.896182408736216,0.0972874901456571,0.520646200087867,0.104646369809552,0.664618942573558,0.0912825239355488,0.774786958724874,0.0836528336083776,0.645511753875202,0.0905856668134499
3.51173578980715,0.218343515910063,1.04545534938782,0.151927180454289,-0.637180395875233,0.0540506106554425,1,0.245745970959849,0.224013293435476,0.57761840955395,0.135491334941552,0.81453663291532,0.0995152871786645,0.734667757286768,0.0870375536306621,0.681958616910919,0.090660493243546,0.80119948056723,0.086905790002988
3.09989452908594,0.179057330470908,0.958582394086435,0.137571796718288,-0.657494970133698,0.045310284307327,1,0.150523868367454,0.191779376170873,0.545475369804266,0.122493293853406,0.660316651300707,0.0922451667377478,0.692159092330969,0.0826889022071961,0.720853279295413,0.0811327547772349,0.708270784810491,0.0789063390176557
3.17297725397152,0.174061357657309,1.02847351039855,0.143576216170032,-0.65154137493406,0.0476719111537954,1,-0.275967102819001,0.272697173888869,0.841075329259088,0.124325730961996,0.725294248974425,0.0924390348381395,0.691033843443494,0.0869251497769458,0.639575491614871,0.0857056743681396,0.726680685927062,0.0784809301976247
3.02463012681575,0.187851079611678,0.899603043448752,0.136505686003641,-0.556607466037746,0.0684704289385856,1,0.308983144328488,0.242129700588902,0.60245515581465,0.128015453972957,0.652788043106796,0.0990540503179837,0.597876352482321,0.0838905371253997,0.620303400196826,0.0825998953109393,0.480320398904322,0.0925368376814969
3.47481710903008,0.198198323190356,1.12862073961688,0.161670308623285,-0.680966622276031,0.0440222825501892,1,-0.18077606940748,0.255183564181951,0.890046044043494,0.122857211581809,0.780719784707493,0.0975468079028294,0.763765648368234,0.0764868973270797,0.77500171278826,0.0803450536162037,0.739460296506931,0.0885420134223309
2.8447511080411,0.160680342627336,0.80997638134589,0.113786996445012,-0.361371578224716,0.0937971742949451,1,-0.0404584864122845,0.222201379770388,0.664217799262947,0.121705913125068,0.437283760009957,0.095849168308301,0.531502598330156,0.0904952074167124,0.563840854809427,0.0834969421305192,0.606211465727383,0.0814811351537279
3.1763527363678,0.16566988641579,1.02118687445874,0.137563611093188,-0.602451726785535,0.0558945720452128,1,-0.106379896269891,0.225890337389903,0.61722600091078,0.122393064701274,0.87772227453558,0.0825737962246973,0.541052569046646,0.0831677501119603,0.709138869851143,0.0788766231683176,0.658457733175138,0.0794292267433059
3.240854749482,0.225788938066789,1.0014775884078,0.164663892786883,-0.592581858598881,0.0671570318695558,1,0.245116842919224,0.226022536994288,0.655099405510781,0.128312955537495,0.742571980206104,0.100180648912638,0.638889790000827,0.0956388684067989,0.711133307526066,0.0958156501884919,0.605953979976514,0.101533412381594
3.39008004560952,0.219107600367145,1.05335532061983,0.177480868670653,-0.622908856389257,0.0626243326053547,1,-0.098049928848426,0.227435031986336,0.962574448239873,0.10236347617798,0.525321115898495,0.110097318543581,0.71981712542329,0.0995177925496695,0.756040421191289,0.091972874911012,0.716081537317901,0.0928648685093311
3.18195180814235,0.177545510153157,0.987238153371403,0.141123148495461,-0.607414558246776,0.0528954547947766,1,-0.0568843574939432,0.228305760697739,0.681688998166353,0.134042611533995,0.563007348388906,0.100577806057151,0.770829002798759,0.0861100540322484,0.680886636565898,0.0810476673193404,0.698017828133633,0.0797208658288715
3.51927820598776,0.198608849495927,1.12821414261264,0.163261650906871,-0.673686378846307,0.0487640535333684,1,0.258150271620241,0.246970200567721,0.824615010433968,0.117911837403606,0.702322124051492,0.100402031677522,0.800104512743795,0.0847015799079384,0.637590178537303,0.0856111611372352,0.862034581528698,0.0811581687236959
3.06868293966868,0.193213136344976,0.9287711780966,0.143671716829736,-0.620775421926502,0.0569560266687041,1,0.0739124380425433,0.246157747037976,0.634383127522472,0.137808807497895,0.653570597262341,0.0902394916482119,0.6545720902262,0.0936685384085841,0.626692009198169,0.0921532839935724,0.614046113955732,0.0890329961122389
3.32099363850281,0.197634024946926,0.996576488801147,0.148196730460327,-0.625942417476116,0.053297423999391,1,0.419489941438494,0.211900208688427,0.555568026857009,0.127483431948147,0.821111679393685,0.0900083962078816,0.535775701110755,0.0909991211437496,0.745529084964122,0.0829129324338706,0.762914689079446,0.0844810638456195
3.3219913283202,0.207756423455779,1.00409937174676,0.159600199181152,-0.593501340955837,0.0620129449481438,1,-0.0163108074867321,0.210869585628623,0.777477229884271,0.116238593532632,0.678260184368526,0.102659219628021,0.759235021106473,0.0870098687878532,0.673094923245863,0.0913631012945902,0.778223112182845,0.0841484111827165
3.28965801725906,0.207346322499674,1.24799313084388,0.186781695632058,-0.598309420551943,0.0660223526618527,1,0.237472194990951,0.208824390594271,0.697631676591845,0.123905561830605,0.705858505871839,0.103475028756688,0.656290558652123,0.0888212921456542,0.733762784130591,0.0899956624826215,0.754804456295016,0.0847454567381389
3.47902408930503,0.230942273900534,1.06808131373046,0.178467647299961,-0.703421833727453,0.0489547987677455,1,0.0684640323921648,0.234450844315823,0.691140709539988,0.129708899418369,0.795639516738978,0.0973908136073394,0.806017870131566,0.0898347060375817,0.840518142434353,0.0867248477879985,0.650853436779331,0.100186014202488
3.72353574240812,0.200203436252568,1.15471564343717,0.163559201848807,-0.695212409089818,0.0443344771157337,1,0.185967621754895,0.225161217921075,0.781272793737136,0.12728880355775,0.948338483583499,0.0963701726077807,0.843563750012938,0.0885694651250927,0.711023099711284,0.0877900541320723,0.838051824417987,0.0839343818026408
3.20436446658412,0.173256238851224,1.08370174136407,0.139253335724966,-0.692683310963936,0.0448096300796041,1,-0.102653082187426,0.17673136957326,0.703239426265693,0.116327419117311,0.697283446470714,0.0916926627428473,0.830158454978427,0.0771580993566589,0.699864623472202,0.0818729761460641,0.699928290763043,0.0803532027675694
3.16999251196746,0.189228067439138,0.758615494494212,0.12076175719149,-0.629058187120413,0.0549320171896815,1,0.0644774989918711,0.214205653738379,0.783203703909472,0.111722434077461,0.603130550687903,0.0997408595574766,0.654192758017171,0.0921123497502617,0.720443718721572,0.0843495164048447,0.676762040588178,0.085799495115102
3.01795435769316,0.185152204976132,0.909433463053899,0.13972540355208,-0.442499229171854,0.083467609763567,1,-0.309887981487979,0.23835544677327,0.763454027033375,0.127737877248306,0.610684529195718,0.096565157132181,0.65191459791076,0.0875430502748599,0.503266457817404,0.0926175036335854,0.689543338712619,0.0849077719017121
3.3773385953117,0.185397565722897,1.17086913063958,0.162206135102582,-0.681515112727653,0.0415312654433955,1,-0.639530785153906,0.282603958419103,0.990527767209008,0.119886784605371,0.907005264069927,0.0892546811511459,0.708585167077555,0.0803838775837878,0.713585021656526,0.0837809585111513,0.647165273140448,0.0916583899628065
3.3628644650448,0.19078280353746,1.00444977423929,0.15076030341519,-0.585715962237309,0.059175634312811,1,0.0395138212092888,0.200215400331433,0.777867041009769,0.112504267114859,0.704749986096588,0.0844717655202541,0.66337016836758,0.088133000647598,0.688076035547086,0.0869410176440936,0.634416526643696,0.089164939093664
3.30770120160733,0.208854769776385,1.23787026935697,0.192568705627962,-0.616372933508211,0.054673405127805,1,-0.207463277944836,0.235135410581204,0.768315354106413,0.123485641635303,0.829398931453253,0.0897010964025213,0.692512340225755,0.0839652360950866,0.753209211415933,0.0905994966999707,0.596478138707258,0.101569980347706
3.56291845754814,0.205954949945584,1.17632568915047,0.174145321573277,-0.630589392077591,0.0520686274623166,1,0.28743265693586,0.234112380613165,0.691060943106265,0.127211475476446,0.864664612365444,0.0921368762211742,0.788251453583976,0.0800394020061942,0.779962723092871,0.0841667221700643,0.776175087285043,0.0836506233975883
3.35361689154834,0.19658867532875,1.06493075203566,0.157738936411411,-0.516334034617589,0.0677635294154212,1,-0.154932752818793,0.264755064948969,0.81920851423705,0.125908995612852,0.606471453261971,0.104408810337148,0.80340989786883,0.0804827493908516,0.785707946122367,0.084818565975793,0.688833557927364,0.0993566748800361
3.3273721547201,0.207188244617796,1.01679914650122,0.159174944951957,-0.663672299435407,0.0548118411880564,1,-0.0419467169271526,0.235200866166675,0.669018741091054,0.131937564603163,0.809857054006287,0.0865286264526095,0.735931487012156,0.086654911557026,0.71638444890008,0.0899566658796449,0.656960437019217,0.0933205716160752
3.33377170819429,0.226025979654202,0.980500051861455,0.16142113329898,-0.69504392051836,0.0503137385004402,1,0.368510634095887,0.207971131773815,0.65207003430868,0.124242977111286,0.737511623883755,0.098358471058666,0.738072896998971,0.0984073792415109,0.633206239022442,0.0957841259907063,0.85257923568068,0.0933458486196777
3.30411910613309,0.195042875401732,0.949799927205132,0.139854938138252,-0.592029168933923,0.0617006457404995,1,-0.0283904698244217,0.227849362936904,0.692717901529124,0.125430861955787,0.759022694211947,0.0962064387116529,0.777127445921013,0.0852876295677772,0.669663697107707,0.0917730031171416,0.782561372384615,0.0880408182117658
2.96074854521918,0.18143155326215,0.930857092610301,0.139405595046975,-0.565489420591602,0.0656991781200173,1,-0.473342891160071,0.241691392225119,0.778104987358957,0.128146545049289,0.631378615180536,0.0900261172065932,0.737293208055695,0.0861706418947412,0.666954015191986,0.084687839690798,0.44879315905252,0.0973463849245057
2.91322162543259,0.171724646982766,0.86420291378284,0.12803924289156,-0.590310566661425,0.0587392472159666,1,-0.289807490659046,0.216720449777553,0.65076432793895,0.124256331734854,0.650216941079985,0.0992184620225853,0.684267197638367,0.0832801479235326,0.638241211870486,0.0833233779406068,0.584867845768109,0.0932980783560568
3.3217773019012,0.215791684929954,1.12777311181959,0.164052054113721,-0.574645282716282,0.0699458212074549,1,0.313193469016023,0.269603107834139,0.663636794794644,0.135198197962011,0.744958431542369,0.0941732329984244,0.678680889562613,0.0886556086625034,0.725429788807049,0.0913754841448287,0.619123973628313,0.0970760870893842
3.12445348159218,0.185275189466125,1.07376260002047,0.152415319731016,-0.625924933382586,0.056682848825955,1,-0.203042515833195,0.276075092387315,0.56587336053941,0.150934791969298,0.791480802147241,0.0872463716612713,0.719219696456848,0.0826018889406414,0.732602127149827,0.0846069609993624,0.560512748214579,0.0914745183197275
3.18959698741135,0.176256009896425,0.937383441357073,0.133624111162642,-0.565799968855936,0.0626492603934073,1,0.0512542066998513,0.228794653099783,0.656651318473512,0.127404906858034,0.796212416913395,0.0866221719549193,0.751230096126779,0.0822209236586833,0.654432206109254,0.0831337041327092,0.706633299923758,0.0848693843623878
3.27478140498244,0.212729201610486,0.853563419016573,0.13636785630863,-0.647989943806459,0.0521506565136861,1,-0.476308601883018,0.258486672663101,0.912793846573394,0.116848789446908,0.694195232564102,0.101730786684856,0.773972895231013,0.0776764815626481,0.581625798042111,0.0937107269173065,0.692241763389215,0.0911692628248994
3.2608547676758,0.169163165138379,1.09119291975552,0.151663306523455,-0.641411473465935,0.0495402702712724,1,-0.0124687226122096,0.234225710427509,0.583149679998738,0.136295179956091,0.782632880928128,0.084996064119428,0.696776306121772,0.0887917171206896,0.81150979278138,0.0814173100404296,0.681275050950789,0.0833707025378309
3.26453294751643,0.189180648580794,1.08247099861243,0.156741414279017,-0.673093140080091,0.0490407199069812,1,0.222495576935662,0.211929622887347,0.650703139538905,0.12406496442582,0.546716284532662,0.10158710057086,0.746466683957968,0.081698908664873,0.744106608570084,0.087070101075024,0.669725816889371,0.092558720941042
3.02754510631098,0.148963376241502,0.707517134875252,0.0953836619023424,-0.52415294561678,0.0571266967874406,1,-0.117769478732429,0.174356802023435,0.638312220763365,0.111063061462237,0.596314677338354,0.0936826689525918,0.672119487577888,0.0788590173446194,0.715932969693678,0.0724864811059212,0.738654402675794,0.0858077104412088
2.83399328313543,0.172001889140896,0.84055514647557,0.129328408760547,-0.571478372124487,0.059688105632384,1,-0.0939791853091349,0.20306689840684,0.600724455383837,0.123810204320954,0.475348143138044,0.104233917697738,0.714229657348983,0.0834177470292097,0.534745925092437,0.0893747667254169,0.563188445200033,0.0828787600184731
2.98488404607928,0.175545178904147,0.726008147032062,0.115925780000337,-0.513102270120976,0.070738721860404,1,-0.113968044817006,0.233674068192999,0.687788429343683,0.120579848681558,0.547249477292794,0.100824153915356,0.791678050369862,0.0844367527008952,0.591062989276335,0.089022375239728,0.664783301363113,0.084381859914735
3.23295053824587,0.19096137100105,1.15259717771175,0.16934433642999,-0.587508003334698,0.0596180172258168,1,0.102427858388989,0.249362951342607,0.761821500257491,0.126639104864693,0.672702822072689,0.0989498263645481,0.736777882394261,0.0840465119539163,0.758791609304835,0.0837577300226363,0.662491722571103,0.0888301205703264
3.107190180147,0.162529672503887,0.832317845904975,0.114306419390654,-0.579414348506007,0.0628166484154489,1,0.142105080994163,0.215536060748456,0.587858286664499,0.13130938038546,0.699034933269544,0.0922894693538391,0.714838037620465,0.0782495919634723,0.750883975523582,0.076514005611183,0.704639559499817,0.0827547542702436
3.03593007571805,0.180795421759628,0.875799178040443,0.131504336834151,-0.527207003746685,0.0678322773029477,1,0.278445472934484,0.205242041797939,0.550722929740823,0.121571129361378,0.611930535368221,0.0919057896319627,0.561428559234921,0.090040405292809,0.580066618062732,0.0871843432031674,0.727055405176647,0.0868275772129663
3.40921531475024,0.212508610265787,1.07790488096564,0.165504799231795,-0.647235634742118,0.0529798129677018,1,0.398621285190417,0.22238170784056,0.661278793967283,0.125389528417251,0.735670986382267,0.0966073572552349,0.666062511123017,0.0890922050166594,0.805243297270957,0.0838162308415924,0.741609256229547,0.0963654992811104
3.33245024434349,0.170707860673238,1.03172574279434,0.137788946074529,-0.62418013069338,0.0557164854201889,1,-0.0417181470920972,0.233334427294113,0.801221597578942,0.112625064676085,0.713939635229009,0.0933242347949783,0.653819236288727,0.080363702377151,0.744834597140276,0.0825380524658031,0.744765361173221,0.0814037752642335
3.12736552252267,0.170410984500889,0.913069932390769,0.124596143169052,-0.608865853004071,0.0570404580279957,1,0.217875997860848,0.247439192675157,0.596951023441194,0.144257922268501,0.733747721066641,0.0855428682446721,0.588829915535959,0.0880515534585564,0.727043432731023,0.0793573705333763,0.687420323817094,0.0829328388323865
3.06259824346722,0.19011056001829,0.778571134619932,0.130296699259615,-0.615404121279065,0.0537829008102215,1,-0.171732006837069,0.215979094966489,0.718898817560391,0.119473869114196,0.737016192995482,0.0916819670340657,0.726317263422086,0.0864752280218833,0.666910831905455,0.0867830459854536,0.456664553836971,0.0972645340772018
2.9658714477599,0.16667776979424,0.694244021107784,0.0972689972332461,-0.520175644290014,0.0686482468893172,1,-0.0237392056845102,0.198245261542074,0.627922738797455,0.120873519666758,0.691994701525824,0.0918648104782513,0.596772514532441,0.0873749566805701,0.498127663918295,0.0867426868587303,0.615281056834618,0.0867663339891277
3.20873444870199,0.182639666374697,1.00668322677408,0.148573826104104,-0.645380738378875,0.0521332518723444,1,-0.0812797962888488,0.229419057221803,0.646371982261586,0.129806914073866,0.703686475953257,0.095832299928924,0.762210269539769,0.081385040507663,0.70172007198966,0.0850164573861786,0.695922604654063,0.0857682331169191
3.14317839019467,0.194432080294616,0.881241225930169,0.139007536030491,-0.566065675764283,0.0639876563073443,1,0.460562164857401,0.219639061501164,0.480392106283041,0.119135581767713,0.692461203565507,0.0980072284785432,0.7146690104664,0.0892320452720803,0.508859397329683,0.0918681760164856,0.647106360143484,0.0933666242941702
3.04021821523595,0.177946680547349,0.980747368733263,0.13531177906944,-0.544130471436699,0.060294387681413,1,-0.562445592829027,0.241794977346864,0.733773214445843,0.120732614565663,0.712328602409105,0.0926869511046387,0.722386792146155,0.0811465410546221,0.618534480549743,0.0827595088828836,0.567700819672775,0.0860724259891812
3.33525558787634,0.163643777912272,1.00639996269819,0.132528921525817,-0.631323461444584,0.0459195597758309,1,-0.429094265402258,0.242950206033396,0.783307546044193,0.124586388512087,0.793811409543943,0.0856968425780802,0.806524962806215,0.0731315177172664,0.807507499454729,0.0706927705573785,0.714645207016024,0.0803676473948667
3.24522918118576,0.188064655617773,0.984817532461352,0.15239718914316,-0.548109318755708,0.0660331696024379,1,0.266105613533745,0.225679944810855,0.787777377622465,0.116714937480206,0.491502951484753,0.10513390168105,0.800871267171052,0.0783619859095146,0.599035205296832,0.0900432868484766,0.736839342565729,0.0853999444674051
2.8343573094555,0.160155922083612,0.806331402193741,0.118001251532093,-0.573611082361668,0.0574337671548254,1,-0.258206655385045,0.221803015753093,0.759979660043556,0.112521652762002,0.581779176214667,0.0879620989042505,0.608855879108525,0.0857847792452449,0.641040692269184,0.0782217356987879,0.601601235088893,0.0862781308767642
2.88595956713285,0.177139152401915,0.96126238002993,0.147896647839734,-0.544925060698838,0.0666153626944403,1,-0.231512112412889,0.233389263994067,0.719035186929728,0.117193806913459,0.537791118854907,0.0967502354463971,0.662133804523445,0.0874373336829802,0.673689916694041,0.0849075190051093,0.522174738094377,0.085907468703333
3.17577043408685,0.190136899904197,1.045366395228,0.158388139622669,-0.502497354786341,0.074666919927902,1,-0.0379610660345336,0.227898129057076,0.573818163814929,0.133141997131143,0.726372001971659,0.0971869494702214,0.772809124609481,0.0862648410840926,0.65725256447414,0.0876591468179058,0.792913742145925,0.0848111951524792
3.08348150150354,0.180336537331535,0.885176447344148,0.123622758741419,-0.64651052825496,0.050175162861304,1,-0.0758196710137936,0.214395635015836,0.6427152835944,0.136848612876604,0.653248438350075,0.0998344911081135,0.683639232782019,0.0854584982079057,0.693555933001456,0.0855639925079899,0.616884189086921,0.0880570779269541
3.14858120148293,0.174638408393159,1.04846394147869,0.153648583315252,-0.544873491860127,0.062793571643992,1,0.144521554175348,0.202119412675368,0.698845212753623,0.103178772740905,0.563945355413706,0.105109338267197,0.74157920475753,0.0836584157779242,0.73851546116509,0.0809673220530089,0.733123376703726,0.0818939298341688
3.04355351192364,0.185241192149374,0.973300282005429,0.144832125092792,-0.635732135699264,0.0552389512675371,1,0.0639597244357906,0.213269789205748,0.558939472216549,0.129831135600625,0.668246674698707,0.0991430834756077,0.709769312301318,0.0854662203436345,0.633385369533008,0.0856665931227783,0.75559135023257,0.0869586072502884
3.32820224854081,0.191151101493531,1.02115872280904,0.14571193936764,-0.569348880429091,0.058993582059755,1,-0.0609159928942098,0.234719620096326,0.872868026698285,0.110715044875603,0.53859034945407,0.106691815198945,0.75673907847166,0.0873455190018016,0.716004028619375,0.0806651158771896,0.813825762569147,0.0821258571561568
3.29260286875566,0.19917963385649,0.974447765234258,0.148708446655808,-0.616142377505628,0.056976777722943,1,0.0701425063889328,0.218877689452444,0.613543775768369,0.129109684645067,0.901966872169866,0.0889614364051382,0.655278798022396,0.0957651377988787,0.723125501505618,0.0868606062452037,0.700581587608344,0.087203472588467
3.19161176629674,0.163962254813862,0.990780426099969,0.131283673925929,-0.590969533000224,0.0525832270148541,1,-0.184044682678416,0.253192616419743,0.798057956550494,0.115439876818247,0.638263885830592,0.0989742623019674,0.583454640864704,0.0868339369474501,0.728863664061324,0.0822756040301916,0.726184802987162,0.0775911990309576
3.02492201198704,0.166391833881971,0.936278067876395,0.130451208481526,-0.634453954944511,0.05448212122845,1,-0.282427060643449,0.195775563944203,0.74551480456297,0.115080588786347,0.605691730357313,0.0988725478095192,0.69140629765502,0.0771068744417091,0.672521777255548,0.0789684223632771,0.683518652596347,0.0818218346801505
3.38262464039364,0.196117213401876,1.14005696640614,0.170706544800658,-0.687917789970718,0.0445863670730986,1,-0.315982745985303,0.230436438863767,0.957676518260087,0.110063122886841,0.714253554285084,0.1013805922864,0.664441586406776,0.0896870992820727,0.758669192865816,0.0844430506684717,0.709157996345273,0.0881177045783601
3.09535661974647,0.178301122284356,1.06296661147999,0.156000371917669,-0.586097340264882,0.0590436022891337,1,0.157384978093663,0.227069548162479,0.654504366286755,0.116858440410105,0.665917163967679,0.0915801818992131,0.650656532264951,0.0855429251774146,0.603884135902165,0.0866196776080365,0.675593419740853,0.0864988951632264
3.05357598144649,0.178619855059797,0.84733860089487,0.128539490617494,-0.514067939373769,0.0744066679310106,1,-0.00222653471157894,0.233048938564897,0.674867697866021,0.12713238802872,0.61588318482255,0.0900850767541528,0.671773170474566,0.0804829695134881,0.707172946187463,0.0798817042091098,0.547479515969121,0.093891485984596
3.0910033572324,0.175514281596335,0.933656274957207,0.140444100140095,-0.601406999088428,0.0560139868855973,1,0.137112748791988,0.210788133148486,0.640808216722713,0.121381599973418,0.682897913057361,0.0956344627558494,0.626846217748366,0.08483645081245,0.768605015870753,0.0780971495535999,0.605595382155171,0.0912038276732948
2.9510451125376,0.174649981056431,0.825473925603557,0.120244028156834,-0.515389301346625,0.0656523260310093,1,-0.420598845001236,0.243572354213666,0.725711689208998,0.130419610823832,0.696930468720989,0.083635489464298,0.589797272961059,0.0878352172377752,0.71764537613221,0.0775097919825871,0.670862055829172,0.0850455515426694
3.2412957582518,0.179639788361329,1.07634611950177,0.150661188275691,-0.639009024622223,0.0548112370316098,1,-0.348396843034115,0.223394633893766,0.785859865034432,0.122384310996616,0.725392220676257,0.0957456464097201,0.749479438567636,0.0843680195612853,0.708895468006702,0.082160900100558,0.749616908849343,0.0821251696875307
3.17747567755268,0.189354121636827,0.905940126709121,0.141319860558098,-0.577283025414177,0.0638930540003723,1,0.196775355979591,0.254075220778355,0.496611626355215,0.151108950340943,0.991921808298402,0.0869187859603596,0.457451726046001,0.0933574742417645,0.808689905490183,0.0829467075679311,0.630261735680371,0.097741909553208
3.03836342693117,0.182981551172045,0.777282911505371,0.116794557292672,-0.54919780696214,0.0657438040179079,1,-0.0145213833622933,0.240874027352384,0.616422359318489,0.135576726730495,0.712857757014812,0.0920538784812774,0.66353335347508,0.0832780534536592,0.657031367508127,0.0872537478997406,0.610049632348948,0.0891532175502293
3.04474799212704,0.155120612816812,1.00906148554142,0.131191581196587,-0.557816866494578,0.0571684238653697,1,-0.270767400650813,0.261577194515004,0.770001233337998,0.111587255030402,0.671436192554702,0.0797782341941796,0.659244355858219,0.0742336622215006,0.677820455707879,0.0837317524481023,0.631545135266024,0.0828060274520878
3.56579315347844,0.195499795678801,1.09067257938922,0.155881134557795,-0.696700973119006,0.0408407850280492,1,0.139029687218926,0.210557793038769,0.85164824068892,0.116657327791359,0.703572119339138,0.0948791838651959,0.80816145559952,0.0813449424862101,0.837243350161205,0.0832414673821334,0.716383307468945,0.0887961258120637
3.2763148128541,0.180871545673443,0.976628529875696,0.148671735765737,-0.643810610090072,0.0502517251194709,1,0.205363176295549,0.198066879647592,0.552023091926142,0.123985754546581,0.829757185615736,0.0834237602513091,0.677708367367572,0.0842810455938389,0.634962563413318,0.0837623130530123,0.712369957504862,0.0850861045735286
3.01781094742414,0.19560503000206,0.861594955996394,0.137953944423117,-0.502545450402203,0.0721000553585993,1,-0.520820808920947,0.252809173630666,0.897237826762558,0.126332905433171,0.678474451489001,0.098959121601,0.504903007892075,0.0968335929156851,0.570227239691036,0.0860073630373223,0.691643637109467,0.0891384485095914
3.14896561142746,0.193245259526208,1.00850175477741,0.153618405962649,-0.52279974146042,0.0661267128738996,1,0.122816123151526,0.207714141908522,0.559572554528831,0.123768637648725,0.647178534137657,0.0969955014876574,0.706582128096498,0.0865649205369489,0.728520859645069,0.0893407935633451,0.636491597840436,0.0912398739533872
2.75970775330526,0.153707475494084,0.776021735231089,0.108591177647557,-0.546978280297364,0.0621191754682445,1,-0.399093377337224,0.22833181356871,0.734999237967121,0.119467396651001,0.619523670440605,0.0886656564030159,0.579787791719203,0.0801676405952874,0.569600653918409,0.0788029292050687,0.58828426272325,0.0803206696489137
3.16231024817318,0.174547643025024,0.881908133566722,0.128874124754811,-0.505703255408221,0.0672972172090759,1,0.132319970946511,0.233303937343846,0.602477092661721,0.133335110185104,0.759983757570621,0.0883149039192798,0.630055749469283,0.0805096190068002,0.660464854819609,0.084597831419227,0.672824944539749,0.0859306218457714
3.09738392234012,0.177682818037087,1.06051039953262,0.148686559235297,-0.588883962648475,0.0597293986929938,1,-0.494095376562921,0.226549238709298,0.851697201540617,0.105586282261108,0.708188983717824,0.0923819891746279,0.646547734013647,0.0904284294512796,0.655903561866628,0.0889175281655614,0.696813908337198,0.0894706506162771
3.44225383590751,0.187565299389322,1.07232037056799,0.146416102850701,-0.638569723077999,0.0493766386368791,1,-0.00849297833628837,0.225926358612381,0.715113425584888,0.127547840736104,0.791956841321352,0.0906825906692573,0.836420046680929,0.0770929233661732,0.739162159931575,0.0786609642146752,0.668090069589364,0.0885845969678102
2.88672181283718,0.162112603595282,0.781375649574278,0.110614031159106,-0.556719518935628,0.0649598137715721,1,-0.0195342925190823,0.204230344408534,0.514237109828924,0.127557803178256,0.562229298705428,0.0942539427595723,0.554008835678799,0.0808977843617677,0.658578403935816,0.0855704170507647,0.631538643769173,0.0843640278672389
3.75590807080685,0.268389761277116,1.41740018952515,0.245100720771298,-0.687283501710664,0.0573662320688382,1,0.040470638318853,0.246614895759889,0.82540637581927,0.130131568362006,0.73918938946099,0.0993701369420127,0.803519094738919,0.0983921214809916,0.819947144126721,0.0985145070289316,0.907893460436333,0.089751647247662
3.27601429246577,0.194650415239626,0.932361870996355,0.134081451800412,-0.604496754082106,0.0611194462940189,1,0.00610489152669515,0.226885467723616,0.74455305374676,0.123812223830975,0.797092813773226,0.0959449713275605,0.596583763357818,0.0957316547381198,0.769607567723889,0.0820672158676957,0.743793155537979,0.0837466573843872
3.35282692127265,0.210995842333195,1.00947713530234,0.154929087965472,-0.548482187444862,0.0770989258945227,1,0.416993570414864,0.235413986415194,0.583235268444263,0.142220276341467,0.70811093560608,0.0986704072735654,0.742847684438543,0.0862148565375744,0.759696811086558,0.0855073181564047,0.784834525141592,0.0877357594677108
3.05221156986425,0.179690505960364,0.811577516867238,0.112911906042968,-0.598155652376393,0.0632901838286745,1,-0.0926424755978826,0.23743864042971,0.678958495893352,0.130483842142383,0.751486958948741,0.0912289124281913,0.561793096960257,0.0895067785613913,0.658969434343131,0.0826978276025482,0.470156723453124,0.0984386282234374
3.20345783110615,0.18005244225108,1.17296609176159,0.170679217238471,-0.596234501122359,0.0521865618431202,1,-0.176145965353075,0.227926143860313,0.789264117100996,0.11638742986137,0.53647367318123,0.100911837472071,0.758666083107346,0.0761377871528985,0.700068394037906,0.0838653644385189,0.758777151051476,0.0840297800439529
3.40871886774978,0.204762431772209,1.17673344967052,0.183109230033546,-0.685508918967992,0.048693170314269,1,-0.00178035047130294,0.238270382138917,0.722625958125746,0.13352495086294,0.824599645696114,0.0944125660171074,0.555753386585913,0.0943655459734861,0.803256746155061,0.080826557974922,0.645335805242311,0.0947393891140644
3.31517609487587,0.198835754574091,1.0324789054708,0.150434388243117,-0.571138441670929,0.0718820538920426,1,0.141699519369331,0.222751521226971,0.829977173409262,0.112060702469673,0.585571715463923,0.111921910171863,0.750761101328666,0.0910097019063654,0.680432413186574,0.0847895757691381,0.632456508102902,0.0941552264094211
3.2045648426974,0.19340869813873,1.05554882186051,0.15197553283407,-0.59188198675208,0.0557429952169182,1,0.0448342436236639,0.279805216460844,0.672036113525499,0.137643340515003,0.738420997385381,0.0934506017993511,0.708390000859405,0.0836271765050857,0.682587370955233,0.0881120366278346,0.641956098768969,0.0888058318086898
3.36582036046899,0.204866160225248,0.951862870416915,0.149603948170537,-0.677103816495644,0.0486490451089029,1,0.156761201748968,0.240739486044706,0.670105060057782,0.130234455075868,0.813030465188832,0.0894284659714046,0.653559555025626,0.093689014275984,0.69498160864077,0.0927198473621304,0.720430461085481,0.0902736457754573
3.21080905936221,0.152278256207714,0.989906311945691,0.129857031760737,-0.608106648870586,0.0499303370412484,1,-0.180056967000599,0.206344683004619,0.809829002909887,0.110244549692067,0.749729476702161,0.095786219860561,0.605396479689234,0.080691706872292,0.74153261328707,0.0796200084535655,0.82330794124942,0.0783686187173875
3.35495130048188,0.203293512572939,1.20577264230903,0.178521012671379,-0.634725366756378,0.050634990583181,1,0.268675951227916,0.239427565884749,0.695999223713454,0.124682022650722,0.638242583960652,0.103363183324665,0.728412664391679,0.0838398697170218,0.817538039878381,0.084674738333455,0.587253416297235,0.085707251659322
3.13658903188332,0.177948394388368,0.965893407212318,0.131643237806643,-0.558180731325928,0.0597340536372443,1,0.250834232519368,0.20915034978443,0.727266004153084,0.102832327154916,0.628159644589184,0.0954512910313608,0.611804041218384,0.088113213513316,0.663812584933888,0.0798243015845853,0.703807884173961,0.0864252765920404
3.13049780399215,0.175128066551225,0.94437368803724,0.141496520006254,-0.585953217539252,0.0588231238722895,1,-0.383091651073142,0.233899038425919,0.833600317435994,0.125973191326659,0.752445305444597,0.086551558403931,0.642513899922732,0.0840247092030195,0.787115481802708,0.0799546158559636,0.585198829038502,0.083159409347346
3.4286474176366,0.202934137485832,1.0951927178535,0.165937815698972,-0.685858076377399,0.0480997430887221,1,-0.000113674495393238,0.207883244696233,0.600661021769098,0.137449270511791,0.860774648621431,0.0957644142424971,0.663794274573439,0.0935087295959777,0.748698489069826,0.0873934865535647,0.861470183327534,0.0837769380536292
3.2626395844643,0.16539496959074,1.01032812104772,0.145672461603766,-0.6358075229447,0.0474284852670963,1,0.153970770990545,0.21623561518396,0.629960044759018,0.122845566841232,0.691702310889901,0.0849678518221931,0.836596543936803,0.0795664300188496,0.593010539918801,0.0846935151624571,0.737926112382684,0.0837784813578053
3.3206061490202,0.192391284779348,1.04783600551986,0.151665615252904,-0.560992766843439,0.0657889380413199,1,0.364375393972463,0.19826924801775,0.425624225739417,0.139085397448404,0.785076961353592,0.0889326260309077,0.753649922581814,0.0908146939685587,0.677706782262793,0.0822513804774715,0.752220885190831,0.0913802776671717
3.19155040927508,0.195772794407366,0.91399714343175,0.138076055306362,-0.580732349653947,0.0655279146284609,1,0.367168430445746,0.219486293331287,0.410196851027257,0.132413891424038,0.60995861567334,0.103037980259748,0.752223680733682,0.0927641955420253,0.770015595237319,0.0867880161511147,0.708581256150266,0.0897714425817393
3.31291162231764,0.194914615000827,1.21317023245475,0.178653085050731,-0.557068393173432,0.0673768635443558,1,-0.521874774339639,0.223032817471436,0.94822347710925,0.110905445296207,0.775875146209482,0.0875922012989571,0.709087915596745,0.0859969517495131,0.811354573757839,0.0846717206160317,0.633539792813686,0.0939694444390272
3.53806883236539,0.220658831332991,1.06419764205716,0.162067404087441,-0.588845974236817,0.0625729869477225,1,0.227730081125254,0.226407396264272,0.659474524898521,0.115597380796501,0.634183925654956,0.100020365910599,0.852451381100101,0.079969944893488,0.808348786096723,0.0923973010067855,0.66663739148176,0.0961850679038238
3.14295780675314,0.192453035533697,0.90464074261557,0.137388596833691,-0.629704006999227,0.0560612450430647,1,0.0334053664200765,0.197340017086966,0.718700510578792,0.113739343476646,0.802946819679489,0.0906099323259775,0.558975049621555,0.094183423834708,0.665762530809783,0.0856394270336691,0.591524941385549,0.0910176283335829
3.81189596438025,0.241128500255834,1.36547934792798,0.204597776291646,-0.663012722549173,0.0536260211358745,1,0.0817945153780689,0.270674547963552,0.951341087234831,0.121687336756677,0.818679822011674,0.0975404832717985,0.853651224452179,0.0913584708521914,0.812333340158095,0.0948849171910845,0.858293833529727,0.0887724477897504
2.91989851971119,0.184268534370497,0.839434845163052,0.13551540661148,-0.445399019199142,0.0850176411659256,1,-0.0706442534751309,0.217227820549763,0.718106714242912,0.120838607163254,0.526554281431877,0.0962797466372135,0.605169800681502,0.0915779745844859,0.547402353542321,0.0949283320453822,0.649541133382422,0.090336674224969
3.05655846214915,0.187766366179839,0.943593166906875,0.14666713738267,-0.557343238552647,0.060080866238275,1,0.0989905373142842,0.209132318943232,0.609130351081208,0.122759916448227,0.645418789694657,0.103971726040086,0.683748350585195,0.0828884340978374,0.590105522941003,0.0870849996347334,0.837649506041523,0.0810662895805075
3.34719227485436,0.196162607625198,1.04100286327741,0.147635093040571,-0.655319788584486,0.0500962456344339,1,0.210183114292328,0.220293539419659,0.57005713775505,0.14180986060534,0.732566520596803,0.0965123114255645,0.832958404581882,0.0792893004278171,0.730232609688658,0.0814280920757377,0.737631302398172,0.084995539163201
3.2200368339746,0.165637327682429,1.0223704295024,0.142991607441374,-0.575634316117942,0.0622701419412299,1,0.347325361895833,0.201445754421521,0.577973284764605,0.124363224697366,0.640640464428137,0.0879906967204871,0.704311957701767,0.0798644932719737,0.783233151002256,0.0761256697898205,0.707994858504016,0.0849740575728036
3.00252698122341,0.180188060237674,0.872159305125907,0.130963133912998,-0.548823404294869,0.065075836986848,1,-0.295398071571796,0.218977038360815,0.720234378661585,0.127896875455443,0.629146360516216,0.10293729864406,0.554517513868594,0.0889817965876475,0.785327619287927,0.0773579083034305,0.476189262589434,0.091748240209018
3.51264580821467,0.237524340321181,1.24753591839281,0.203885545602432,-0.631398331292393,0.0621034190818163,1,-0.0668697938455871,0.317423277422088,0.936538381888506,0.128650351817681,0.584367022238263,0.11089595245821,0.737306684404016,0.0902024848491192,0.731278430483977,0.0900838529608387,0.8122895556591,0.0874324762229748
3.83466058861813,0.246818372655734,1.26099793288486,0.197173018958443,-0.674902169792837,0.0522778748479357,1,0.431845942172884,0.260347576157285,0.682787326546176,0.135534554633078,0.836400186636457,0.103374656910773,0.87389857471399,0.0835233694362364,0.827745566354026,0.0890759984846589,0.761622776273391,0.0928868131172416
3.35634978363211,0.192754697066776,1.18745780252608,0.180126452109252,-0.616132265507321,0.0574538928613833,1,-0.0576258852901634,0.244973144761309,0.73741816332039,0.122637025860989,0.608952544243053,0.0966411405237442,0.889152278239043,0.0756102355228147,0.658342881199519,0.0917543588874076,0.852512229119382,0.0835929432234407
3.4061706759584,0.195027876833293,1.27194346112436,0.179738811401762,-0.695848768074952,0.0416278340509931,1,0.0905065462357148,0.277219385177454,0.741418483032691,0.130207657680685,0.631012544844578,0.0993023816784592,0.670594936932655,0.0915794705525507,0.826447688681064,0.0811280813362418,0.737571465389915,0.0817772978962263
3.30864966594022,0.188219823894167,1.26158862659911,0.178752572772525,-0.554905362973085,0.0649967868428769,1,0.00845595746265412,0.230698899793246,0.739208202132316,0.11225118451896,0.573335651596588,0.102213876507837,0.777099582705507,0.0778153087569388,0.787270284462141,0.0786187982012521,0.694980980719431,0.0922555142859733
3.6072260535035,0.212219997232102,1.14028175471707,0.16597887346664,-0.64476335677034,0.0488749961160995,1,-0.00923731386715661,0.280452027206786,0.806886040473976,0.137844189144993,0.929709463125292,0.0779432748029385,0.82343181770624,0.0910672954516084,0.744620351812271,0.0834820966298038,0.830051505637014,0.0820237033829763
3.44597262339204,0.201848702350632,1.08912303884082,0.152004945160888,-0.60838385178166,0.0557562753171559,1,0.015664567986374,0.269543997015498,0.738749241352949,0.131654756103633,0.718148478886457,0.0977912999504341,0.800429398920237,0.0766366578885909,0.724967141935658,0.0791693250212286,0.723815121087754,0.0915498429964958
2.93648535378329,0.175906553625904,0.813401227219921,0.120707337572232,-0.571007394577125,0.0596720076438239,1,-0.0824337637598965,0.187478200811976,0.676277590766943,0.109511989929327,0.670445001512347,0.0956523553675797,0.668717440024217,0.0846641984898445,0.628682264383803,0.0903464786449283,0.673460076337281,0.0932674105155179
3.06388840725226,0.192002521703557,0.847231984397753,0.136581107958653,-0.492929801088063,0.0834346396695491,1,-0.218212576591503,0.252335562277501,0.743693381702874,0.131518578904155,0.613537108356869,0.100486386616303,0.557794234856265,0.0926766343546326,0.785907345991543,0.0860743967767712,0.676823466616259,0.0891801381151674
3.39320998518235,0.184947440181896,1.10484493314225,0.159928201020945,-0.674182749994384,0.0482095087466038,1,0.182213275331718,0.192215048165095,0.637467664747773,0.117432809883586,0.791985203566155,0.0905728048384492,0.694762013449679,0.0789808742651976,0.750267441016471,0.0853536264920608,0.733825930343372,0.079288806704689
3.03345274027115,0.19160978452928,0.873997760448352,0.144526039550173,-0.612896782891715,0.0575928856424527,1,0.0778723099650617,0.205581737334846,0.566183573170226,0.123359678631155,0.697691982996771,0.0961022353468373,0.595386882636488,0.0966650264528547,0.675394593627888,0.0836544823164182,0.67432507268983,0.0956818690920099
3.20952136268467,0.205737697182773,0.954850104269571,0.140432665045526,-0.568681267381114,0.0677368686298105,1,0.0400377760887456,0.249190011948578,0.680435851022656,0.130716214976479,0.74318640914554,0.0895809954905977,0.574363447427615,0.0937980601745124,0.563234966464617,0.0987865665747547,0.71387349644908,0.0857954840797828
2.92552408180836,0.16360764403647,0.89304250749618,0.126590919809919,-0.571853891008129,0.0545948270847223,1,0.385662541834342,0.191370994685699,0.352782956391894,0.126049371592302,0.699710084541135,0.0871577771109045,0.542346461207445,0.0828453913123085,0.540899218933509,0.0856847755362524,0.601036013652987,0.0896578417167799
3.43940850423417,0.199335624580885,1.20925158543116,0.171993187810227,-0.699267815283124,0.0411179966272801,1,0.0554984138714718,0.230267328295195,0.676502520865374,0.130406537691071,0.75379278956168,0.098276911388815,0.7975720238134,0.0788451350888632,0.761820414908014,0.0831671155203434,0.799005309654775,0.0875166069294453
3.3156922863869,0.198861943101552,1.21849284673364,0.181608460135476,-0.515763951008477,0.0745460516072482,1,-0.365919609458536,0.234214949700667,0.84964845970158,0.120309125454701,0.711098942697072,0.0969566986891844,0.711356337982737,0.0878842449028185,0.739194000147308,0.0854914471562448,0.665819970020887,0.0907444906615597
3.32693199834145,0.179615070022251,1.08483103260731,0.152231133421453,-0.688794087071881,0.0435568360365419,1,-0.0721687497845976,0.22701484475689,0.74156001581837,0.115649520708997,0.842398943598835,0.0893669627101275,0.694200660054858,0.0827829864944039,0.674357874235331,0.0816932488623164,0.756728826631987,0.0937862384469293
3.06550679692114,0.200285110479274,1.07510647012713,0.172457803340914,-0.515036145694681,0.0837758714040087,1,0.127121814191141,0.171248290192295,0.476770084219544,0.12950692078907,0.645669997453283,0.0941125314179577,0.607213464865581,0.0918497910894347,0.68408089236218,0.0938483808403828,0.653219155818012,0.0896726324984055
3.21862888052932,0.172734363573381,1.01571897207271,0.13910799475339,-0.624994154733148,0.0550473377769233,1,-0.469863112069402,0.278921132371872,0.922712508723135,0.123264098088897,0.690825703759277,0.0895935688876454,0.670077346645639,0.0852774845535384,0.695788177299886,0.0810356623460155,0.768361761243168,0.0831033720551765
3.16443335366052,0.184706405701667,0.868489402688995,0.125506659486106,-0.583971974873581,0.0621513933902109,1,-0.103387422691734,0.199993635809815,0.782173574561299,0.111403927514404,0.495143524862682,0.0986602889630329,0.700987535262751,0.0920013773907395,0.788044232647883,0.0853489063621055,0.583142427545507,0.0924659012256191
3.22748190568508,0.194153670732131,0.830447771651206,0.126204894558532,-0.546762036364914,0.0627370639571313,1,0.240092074383821,0.239847105427563,0.590639003150317,0.131103656140696,0.704181658038386,0.0998743999381222,0.682388973197947,0.0898084344538507,0.582599321909738,0.0927711831780591,0.64932131276892,0.0842647857551149
3.0523077530371,0.173478708202182,1.00818531847722,0.149450906230603,-0.543558051666845,0.0638717388355596,1,0.0552133236034531,0.223778119289849,0.544487643592101,0.124997567240611,0.584701667629509,0.102607878526577,0.653340078763497,0.0884891586247285,0.755358421834099,0.0753249662116857,0.641682586883595,0.081733557809196
3.34574123460275,0.20003203161548,1.04359408760031,0.158446545515385,-0.625668665737534,0.057576808129425,1,-0.0841307149669734,0.273202322091376,0.81221429284974,0.132012601646252,0.664739110000111,0.0967985038580648,0.726986867024905,0.0906404169883591,0.753789853965986,0.0881023882050814,0.746913499482033,0.0843633965953509
3.19092608365723,0.193953019583691,1.0445130891317,0.152104091373908,-0.619830015889794,0.055852284345578,1,-0.0481656820717049,0.238058094207724,0.752007488129228,0.119541516735761,0.751667923456665,0.0935123216188054,0.594222598084819,0.0915831990762992,0.647854968988752,0.0921216702265505,0.651552669166103,0.0940302050197265
3.1444900857601,0.174978835706311,0.845270520659604,0.128998160210578,-0.533806004475949,0.0638486656497714,1,-0.294349404853448,0.238847062477426,0.691232334469855,0.135537609751691,0.76551323259882,0.0940080648692912,0.634970952468392,0.0843126500252068,0.78054209005887,0.0815821077889207,0.734413406560617,0.0788883819030648
2.86792049318089,0.174830400143806,0.841292090306277,0.12197225153293,-0.584438199888559,0.0571185321183459,1,-0.376144419250114,0.232018112272707,0.667099846190108,0.123987828729355,0.650233865167179,0.0915900929135971,0.565927750803205,0.0926091363117435,0.692765666115776,0.0817808309271169,0.647454827883151,0.0808199900753698
2.91480837686308,0.185564561182032,1.02158094261991,0.156360746865942,-0.485368410594495,0.0793713032663832,1,-0.278290229297177,0.210315931152461,0.742430730910513,0.116551652786556,0.597373049742995,0.0978035544303253,0.617290785983124,0.0881962438373549,0.634926613311853,0.084081685187443,0.661604182625129,0.0881755062191409
3.45244181837023,0.197354134181378,1.39869476381484,0.194894884783991,-0.609810986981561,0.0573742018109526,1,0.25847626081918,0.262982149561112,0.664311954840756,0.138956034193093,0.741092722571145,0.102069647979082,0.8606978979863,0.0894767501706155,0.695292185001686,0.0896877691305148,0.747707926691985,0.0857380257403581
3.01294179514936,0.174662439987958,0.875899283330205,0.121789484937599,-0.454549131544186,0.0742777343185719,1,0.180482394548154,0.211194674775494,0.429156744476661,0.13470544694038,0.592627645901958,0.0984866949098315,0.754540138091955,0.0856925634612215,0.617755306371149,0.086330121854613,0.636961183451932,0.0782615891594317
2.96359165472751,0.168771216192236,0.734751633192176,0.110615216280946,-0.490513862239894,0.0719020174921987,1,0.13750686016811,0.18093599395884,0.633731501620524,0.109773901437625,0.621475438549665,0.0930469643537372,0.554827483933817,0.0892901380479565,0.598754664389221,0.0812429396259399,0.502594621344916,0.094928093733168
3.37594047968182,0.200610733446629,1.24840886807088,0.182789938431451,-0.543388998107586,0.0695203726526047,1,0.104726295306907,0.209593163078734,0.50449411084826,0.133573049193703,0.829671902268309,0.0926401045927823,0.807191135725105,0.0830597895009027,0.727712928711676,0.0850759705048742,0.635610743038627,0.0936375975677853
3.23024311220902,0.185055342594672,0.927644411985812,0.146080506047333,-0.609544195119647,0.0535237453002355,1,0.218431618022708,0.229490202760245,0.747523495112593,0.114977826884924,0.535260437654174,0.0983561191385374,0.673356878835174,0.0844612636768438,0.737586706207821,0.0851605021657852,0.573280005154718,0.0932936092097806
3.50216727044429,0.210737222662171,1.27737232999368,0.189665289470804,-0.698093083080349,0.0436287711267529,1,0.149054004397917,0.269575944648922,0.647672154435127,0.147691132011807,0.885430460861311,0.0933471054178602,0.857320288813571,0.0818886714096529,0.681377744838335,0.0839548748425173,0.759072514300652,0.0867379696648196
3.44208381692665,0.200102253453209,1.0854606318067,0.160685682683179,-0.609288548581406,0.0567171734468549,1,-0.0250092272967189,0.190959494568306,0.912054423664932,0.103419728945721,0.74911928221881,0.087191496900457,0.719957039376542,0.0890929939951097,0.778353529779427,0.082603428674855,0.631139410171164,0.0914779776597688
2.76012259193181,0.161083956233519,0.819276816871541,0.11578231622517,-0.550109049246588,0.0601295942300092,1,0.152461349777519,0.183771495035562,0.286466910710351,0.14152408622841,0.59074096342382,0.0962847600080274,0.711891941772961,0.0816407813996657,0.579488743225909,0.0836235440543266,0.632087533483726,0.0838021571370662
3.15028368020706,0.181138716595727,0.885961791650121,0.133975416618143,-0.578377397888996,0.0553942318255757,1,0.133372675696141,0.204479898581755,0.640802584062639,0.129894564174459,0.738302802907471,0.094910246525748,0.558006761464846,0.0944234779796815,0.68195466433223,0.0853120859411845,0.634480455703537,0.0902537341158496
3.18993892434287,0.181775190392425,0.905094070510606,0.134333853478323,-0.480966032632288,0.0802404851736846,1,-0.039651971761111,0.213521229662458,0.815697364473071,0.10270509712898,0.58481270945372,0.0928919753259006,0.620298273911497,0.0897679839077661,0.718111322090209,0.0802384697152017,0.703517590613962,0.0878910026502435
3.50301386533268,0.220703792723718,1.18867293190386,0.186371056388659,-0.592358567678429,0.0644797532236294,1,-0.154552473347076,0.239555872180907,0.845148790753076,0.117475385642649,0.673209149901697,0.107091987340553,0.927196324683865,0.0891034110640898,0.731151480388247,0.0871836139797139,0.738707295802647,0.093922950944441
3.16796357775657,0.195211598334269,1.04349851454673,0.159870299775429,-0.624640229059605,0.0572209216104086,1,-0.0338001433024692,0.227523757527689,0.766265794591645,0.123657966695803,0.673025478380592,0.0996404189167231,0.695156378509201,0.0801520326578661,0.736389935268968,0.0789957297429378,0.556769378510595,0.0943956619079893
3.14070525688594,0.172195706322297,0.983285069862985,0.14012497145882,-0.60052605221569,0.0550759691027588,1,0.30503711656916,0.224421457530274,0.517546023685981,0.135133764700171,0.733389314432627,0.0927921233083399,0.672933079423643,0.0790900231949188,0.64841838192907,0.0814603753028951,0.734931617998606,0.0787328826971281
3.01878651641179,0.178782146642263,0.819828939796438,0.118445475728073,-0.557771158472122,0.0640714001758136,1,0.309155326411492,0.232248002396622,0.579792127057233,0.136405550045448,0.551175789395314,0.100819368121043,0.639184618958781,0.0851460126369998,0.608549661335937,0.0896656977936509,0.651822129895569,0.0906132699501927
3.07264339838414,0.17034642423954,0.941939212099387,0.137110847215514,-0.596848074537632,0.0569793037980447,1,-0.0450495026396739,0.177312799735707,0.641782693986662,0.11208113679011,0.589998739073194,0.0932086009016196,0.731713689591447,0.0798485850833413,0.566649053971637,0.087891952881904,0.722957580000988,0.0839991393342929
3.07040740562565,0.16432168498442,0.865376405644777,0.119541817288498,-0.575734292963585,0.0617405346390175,1,0.00576064229828541,0.282836047459921,0.796852770333435,0.129753601643975,0.532518362124018,0.100132888031152,0.669968408832603,0.0810620988226407,0.694483984048867,0.0787332387185072,0.666074585078934,0.0828840343037645
3.41719386921782,0.212072278831109,1.08060450610256,0.159313064557623,-0.700765187948899,0.0453889891034107,1,-0.032794668748043,0.268405827321514,0.754270150801879,0.123615121491957,0.880238400269328,0.088124530834788,0.763660852925404,0.0889771066916752,0.787820929097753,0.0899580471375599,0.688786980483653,0.0824684974231227
3.57554212696149,0.231739937734164,1.22067354732186,0.181487202149366,-0.649633360988424,0.0551366404312333,1,0.0139043209148122,0.227336721469063,0.781835738440828,0.126463920348468,0.837686963426148,0.0961314756632417,0.745755964278331,0.0913268371667575,0.737258682561707,0.0874163135675706,0.757630168789746,0.0908184280191944
3.12385109791342,0.167849599892666,0.845318193367607,0.122905190496141,-0.577329231858094,0.0618584473171315,1,0.073445713077157,0.211144580267699,0.700108899227514,0.118874166689822,0.642513891914788,0.0995834715113067,0.632545652950798,0.0875085315142454,0.691895730149266,0.0860300436017884,0.741440419346031,0.0781932300299919
3.05501764640465,0.19256098809884,0.75321871542729,0.118857619375004,-0.495790116782424,0.0778854141680541,1,-0.120520393988197,0.191581590420195,0.769943397240299,0.0963195301369453,0.629546284413995,0.100470300647651,0.465234668694843,0.10051004571302,0.658531826710498,0.0966575668717052,0.581662530455495,0.0917226481593037
3.55022704019801,0.212220381891047,1.17241406874206,0.179017910021095,-0.733906540872695,0.0420603836483932,1,0.179822228701196,0.225124174219955,0.693701450292457,0.13209400112095,0.708791431294179,0.0965046327495927,0.741809878979057,0.0925413107924146,0.902941250908521,0.0868424256785505,0.768482323000871,0.0882177777871706
2.82370926651673,0.168796586234488,0.733901857980654,0.108145526936548,-0.228910658443526,0.123856051791817,1,0.242153719844027,0.207262227433471,0.496850887576856,0.126801810643401,0.587329811633504,0.0950266033310132,0.512348821063216,0.0892700868473611,0.624812912942747,0.0868464135405499,0.533945799026521,0.0932018863326203
3.11253453308369,0.186870102107982,1.02596287105524,0.151912935480536,-0.591213210053175,0.0556687944448114,1,-1.01801209635273,0.347724294127339,1.06394782146642,0.124933342085137,0.656074415949368,0.0967312073634782,0.652699496418479,0.0865935750472752,0.674552127224581,0.0845816297715529,0.76099346455436,0.0819408209881041
2.84715218673226,0.167282061189149,0.89418322948332,0.128869766564314,-0.553019609526579,0.0628307472053492,1,-0.151893460136372,0.220321933036025,0.62298236481218,0.121017301050287,0.550203082011351,0.106945930301009,0.559252846421414,0.0845986400618706,0.716678810638779,0.0787298784546702,0.556571978930011,0.0874035824994976
2.80324266859975,0.144487628540182,0.823632322141162,0.113345615121892,-0.568442257892039,0.0483971394749626,1,-0.0128777228576557,0.207286475055675,0.514337015640443,0.120601188533341,0.602876287560336,0.0884606835112112,0.500767128091396,0.0886216144246371,0.702715564898743,0.0780510478107499,0.560309125241008,0.0768902117715877
3.265423031605,0.212919781541774,0.938780505458542,0.148219708629406,-0.598079324943619,0.0669877853402677,1,-0.123720046092267,0.236191538904708,0.889840790109825,0.116004871038943,0.554458970555259,0.112944232267102,0.598141687427826,0.0969133749952427,0.774724378156873,0.0899338866788279,0.725776423148527,0.0912076870072895
2.98506032357912,0.182128120190926,0.880214936786932,0.131561850358851,-0.48933779301278,0.0776610006225499,1,0.349410663562413,0.182281271859433,0.561754061742837,0.116235822388222,0.498759765457493,0.105972685363112,0.663362638400887,0.0864997029645428,0.545605912532453,0.0921808945274784,0.606498974923999,0.0880258036170687
3.45003687261737,0.235719240336455,1.14812185310206,0.181629255150907,-0.642641250368184,0.058574185404634,1,-0.0096505323630859,0.250567141377083,0.763224405522868,0.137498130478103,0.722900452637616,0.103845373732097,0.75083007527909,0.0974673730572035,0.831478828517457,0.0881681727933979,0.734398611379393,0.0962719244297225
3.05631398059145,0.184654750213278,0.843722492663711,0.125920365722393,-0.612602141368293,0.0576044471396055,1,-0.0965548255648278,0.234620591222456,0.571101121053929,0.142766733738954,0.655435541669224,0.106311859392007,0.728017187200301,0.0865093607810781,0.628345281628813,0.0872811921700695,0.691479062785597,0.0835753739411657
3.36665680680028,0.182921000824041,1.11838164232475,0.15234268973027,-0.650098023184676,0.0449312190128497,1,0.0457354718508388,0.244410499091692,0.741138932592439,0.122998804161739,0.816476026944281,0.0845880138212358,0.626524729431874,0.0882740218069801,0.723956786813054,0.0840887617564288,0.842050123977817,0.0805465739620167
3.08216290970411,0.188769475056804,0.949644826080904,0.148995096236805,-0.579521411621773,0.0606116878969116,1,-0.258707486901872,0.228680869154528,0.740978679998144,0.123228818869577,0.6501638477319,0.0986194467008956,0.67498203113039,0.0923122769563285,0.649176727317321,0.0871131608598882,0.764745248676986,0.0860808004779221
3.06817125629612,0.168901137540843,0.859114780969985,0.124322328969531,-0.558185701555519,0.0601241983270691,1,-0.239351778958135,0.24121604702576,0.884101992555449,0.113405709629847,0.598473528723506,0.0922473388091071,0.501729443578345,0.0885961349983757,0.611257596644613,0.0825006425360675,0.611139346061413,0.0838294040308623
3.34506741174329,0.203264120685364,0.956815893057362,0.140607668517294,-0.577637281363608,0.0639463514471839,1,0.404781995835105,0.245095104057054,0.763752675986157,0.11135983838507,0.460496863241923,0.101518035644952,0.655743159164197,0.0864122997898473,0.72604258787938,0.0866567082210327,0.720473589267517,0.0833426814640042
3.01894456830804,0.148633028164956,0.823774458333466,0.110346169733003,-0.552440099786926,0.0580856111337767,1,-0.293991646210204,0.195262342461798,0.747829934345181,0.115174710696656,0.638519519202576,0.10009898160209,0.712996766724593,0.0800477352344708,0.626194511347037,0.0806829378031744,0.620870120630968,0.0803385874318026
3.47398227427993,0.206355343682224,1.33259824505469,0.192102228830566,-0.653600986419366,0.0489254929921193,1,0.225776477674657,0.230387920347532,0.704893063278072,0.12340724761839,0.724313316982017,0.0884688839977799,0.746651761499422,0.0845104514005233,0.760408033005797,0.0842969288023863,0.836451046185828,0.087502409909684
3.1455878077306,0.176215576112735,1.09093132796772,0.154983053921902,-0.544567243594429,0.0713739594914135,1,0.0505196581221171,0.186183502673318,0.671355348846527,0.111095703741883,0.594563774711031,0.0974554255551324,0.686907749510382,0.0844588196844373,0.707100411186806,0.0843663316965555,0.688389785311949,0.0839159362785899
3.41131049513923,0.204182286932853,1.14728328837244,0.170277867933726,-0.664453855360734,0.0529463470705281,1,0.456800510236583,0.250938994771396,0.56430817457506,0.139533669436466,0.777478005945884,0.100866682947885,0.794289818890677,0.0896287696640039,0.623831633497194,0.0928082203104225,0.992173694765083,0.0818140639746951
3.65836181229968,0.235417429063777,1.15770342835465,0.188318840479438,-0.666771190086311,0.0555745461310951,1,0.229101097943087,0.242910834367097,0.648452370248872,0.136057196107018,0.91959043701622,0.0929149960705375,0.763955142185642,0.0981277380815588,0.713432691509141,0.0922403736886215,0.739009825245668,0.0917540086029437
3.09125284818155,0.171284831077691,0.962485034805055,0.131843082428705,-0.507776302615697,0.07104622247635,1,-0.452535586816174,0.246035036737541,0.798494928864052,0.121699125388035,0.862682664501491,0.086358103144087,0.485571585597115,0.0875392568019257,0.620349060360792,0.0866304833638899,0.658550389067434,0.0807052416390721
3.44290399369674,0.214189363170134,1.25645551432527,0.190756661249472,-0.647094634567397,0.0590677474740831,1,-0.12472675528971,0.260590747309323,0.936440252842837,0.11618212723414,0.713611118101682,0.10547295541735,0.73283857709486,0.0881378470739715,0.715733075666103,0.0876386237931371,0.642636506918281,0.0929669055065674
3.06733549609898,0.148978243312306,0.949003461818782,0.124146990911784,-0.59923242059701,0.0489030761589493,1,-0.134786231576679,0.249446235525731,0.575292575044163,0.136953195919077,0.687279749869845,0.0897166193785173,0.828024211168105,0.0705626201938453,0.518109910025949,0.0858462294606446,0.784858965444644,0.0714195821623044
3.47181884872197,0.202318278341215,0.861242809373253,0.123453656050062,-0.66742125158029,0.0498666276606657,1,0.278893509196324,0.299199113001111,0.587280663972345,0.162616379605518,0.838561109725321,0.0991476661918593,0.80255027793639,0.0808229608598172,0.766535181192878,0.0835298138824069,0.754488299635963,0.0849082283148149
3.45076818429377,0.199291079218342,1.22114413625614,0.181081320296779,-0.712757656492805,0.0355116078655061,1,-0.0823961843847539,0.240207767664407,0.770822352111639,0.124105415293849,0.673548987471263,0.103214392812053,0.845865826020926,0.0782759778840964,0.747978767893385,0.087393806497292,0.737436407164063,0.0840961769974805
3.10494533669113,0.164572823780095,0.883144804476737,0.113998265585888,-0.592471677041706,0.0554284167467266,1,0.453685111706164,0.210614636020329,0.473086151756106,0.134396798261384,0.556978655368252,0.0941238033915507,0.820726735680019,0.0771530275141252,0.52613822115187,0.0844343314759375,0.66302693540057,0.0820910922829479
3.28058586758674,0.182796119563647,1.08715570490572,0.152691062622833,-0.607239233798259,0.0596572107945952,1,-0.0251021355203612,0.242337267969995,0.622042158583315,0.131075554818069,0.77578795251266,0.0886373589264621,0.68821796615443,0.089783345390464,0.771472709888397,0.0792228192591442,0.787313660627176,0.0816902655267036
3.19104451102551,0.170532990467488,0.835715242866811,0.122148327545334,-0.604655649951374,0.0535814687424103,1,0.370378934804527,0.208328725820984,0.671425699163331,0.112628675551004,0.578169375035965,0.0933954752644881,0.789847164511443,0.0795788402831738,0.671765006208145,0.0816308766063839,0.539527945935101,0.0911149259680348
3.26895930283876,0.190070294239944,1.10447752870381,0.167606610881508,-0.580430051255307,0.0591784849105318,1,-0.087032572630488,0.238951685082029,0.681557012372781,0.128573116162425,0.7571829728793,0.0911222641594537,0.777580374423549,0.0867650816067205,0.694315752549053,0.0810898773827849,0.724989369258921,0.0857408484184636
3.11271113714255,0.169789108556408,0.918410655867139,0.127746439799412,-0.566801310962254,0.0603307577705491,1,-0.328083093942027,0.207705955756317,0.865496354819556,0.106903259889567,0.684956939782078,0.0902964308984077,0.564590950688899,0.0896377341279199,0.72830291756206,0.0768638029700438,0.704973450259781,0.0801301777858626
3.461253179992,0.213086883796133,1.1539708123566,0.178030680120558,-0.672710679886345,0.0537476334504426,1,0.0928631366366121,0.283600600100807,0.704215697213477,0.152268232967168,0.730363973414958,0.097560145171222,0.838725043946207,0.0859381869421757,0.622142839416274,0.090079989027633,0.774346923631497,0.0837919921865846
3.22770837933721,0.208768404125621,1.02615370205188,0.157914028357512,-0.574001992742216,0.0670629186025843,1,0.179251946588502,0.212384341778903,0.722305223388147,0.115284011156232,0.595129494694768,0.104386121399789,0.675339952179342,0.0895716253542152,0.618619392034221,0.0898475680154854,0.655250413771083,0.0952563229490598
2.81148549168772,0.149458699941745,0.753513161124507,0.102002926858691,-0.485300201268795,0.0678021677374807,1,-0.0103556863761865,0.194353870100209,0.536217140362956,0.128975888991203,0.490709711590743,0.0960909851659515,0.723854269888594,0.075258480161111,0.615751354007683,0.0769174778179316,0.609132510062542,0.0823485007426809
3.21045032006975,0.211315568728443,1.01251891438479,0.159790899539227,-0.546260841510315,0.0702563170614357,1,0.169597253683501,0.20948988242692,0.593003507762299,0.121651940192213,0.653713246599345,0.0949566711464083,0.676172521396804,0.0953726340659534,0.755312819281331,0.0902913311019285,0.590153710504299,0.0978908983360286
3.22212817929614,0.194291051945459,1.31701637922337,0.194339525942486,-0.628737614096683,0.0492109726304655,1,0.158843258812288,0.21321910783438,0.669507552451184,0.118485134549116,0.633441471890291,0.0963743447965615,0.789947651792093,0.083165167019009,0.748153996830461,0.0778744084544896,0.751891569064678,0.0866650703205268
3.02614287363602,0.150182581450296,0.885422803865677,0.109858464778441,-0.593514849034798,0.0455551598303656,1,-0.0399524565662558,0.226353100191399,0.555936596138062,0.125761490070039,0.750579076736763,0.0819507875130446,0.709051528855353,0.0751521729169744,0.743905853090158,0.0716590817463954,0.65893261498444,0.0816600417384609
3.16886751266905,0.175425548752969,1.05135359615485,0.149516741534794,-0.610219191768077,0.0556670824695482,1,-0.130134350064376,0.230104353404251,0.833601319568209,0.112486269264935,0.646610363055299,0.093867992017126,0.707078660468021,0.0849123687017168,0.716896119489452,0.0784076589398476,0.676459688301548,0.08637148412197
3.43413791142999,0.221843633739784,1.13638003120418,0.178288452846718,-0.622288534246901,0.0580307462671395,1,0.046283400818932,0.23693872695156,0.78071162486803,0.124837029592811,0.766802472259176,0.105099385792253,0.756872667066194,0.0894466572597235,0.731106140672845,0.09168658679059,0.727183990409302,0.0937746078649862
3.17210274043035,0.175751835949432,0.954242269726972,0.133756415724935,-0.653928813169423,0.0469312279409081,1,-0.112756141483937,0.196999710745307,0.702163268297306,0.121883103293769,0.656757407332023,0.0868892804899009,0.786536783484287,0.075231431917306,0.650682310635741,0.0828731616934715,0.714124047159017,0.0856909966303742
3.23782811659416,0.199882784090681,0.92520575481088,0.138266908005812,-0.544101787776908,0.0664380040917404,1,0.202343676040398,0.237886286554186,0.441064480863668,0.150547988534408,0.692719533903532,0.0987574104028617,0.888396757591281,0.0827583524629554,0.70180469745444,0.088251044746123,0.74286132124266,0.0835812919394305
3.04992095662725,0.188389283699312,1.07692668636596,0.172521524630969,-0.608710492292304,0.0544226770371955,1,-0.22223312643822,0.230995036058993,0.638284534954278,0.128670316338987,0.787640456376171,0.0927785748395715,0.612416065301543,0.0910691637680976,0.600728312090025,0.08479959303614,0.674171086400306,0.0885707299362084
3.55105305388078,0.226980432516841,1.18080056148999,0.167733920348682,-0.665816890313399,0.0471426932286105,1,0.134143060293963,0.243514983367171,0.779128136125429,0.126878104392505,0.873369824882394,0.0932819140815767,0.713475181752709,0.0767214739189696,0.791241577576009,0.0909824611489174,0.843684644124349,0.0893935862368401
3.54447373066929,0.224821777655804,1.03429492599848,0.157916218513571,-0.65807653648596,0.0525630677325964,1,0.358845726257229,0.262666141322661,0.621540253391786,0.146278568565574,0.729881031244183,0.103682926320464,0.759153675803906,0.0929766219748487,0.834428142141026,0.0790963962935136,0.846348200350383,0.0889590713125435
3.25143545834612,0.17852195156876,1.13069529366157,0.151061930890003,-0.61621066647852,0.0470233346687871,1,0.15121855989078,0.274798450668019,0.696587327163842,0.133726558609874,0.69796225657367,0.0926748021967162,0.762211559237001,0.0804798037665644,0.761830668732623,0.0782808392288982,0.710005788547132,0.0793865718263626
3.26772293955906,0.188087577175109,0.976128828275738,0.139273793718495,-0.546851241581003,0.0692003039692975,1,0.125923922251887,0.192362310791015,0.62518838326721,0.12524086644151,0.768570095197505,0.0900855248572382,0.695578281322095,0.0882589483395754,0.670454586125871,0.0919450091277864,0.740159823972846,0.0826658011033296
3.36479539792189,0.19797342810194,1.23471670626268,0.173111263972552,-0.60530665900222,0.0526989943509178,1,0.420351997055043,0.218007482652655,0.399730921372056,0.137912692399535,0.813580729737971,0.0932186419060479,0.820334021990825,0.083982251064952,0.836443515389087,0.0752618245695664,0.723658171503164,0.0834542461263411
3.30090355042495,0.196712002849356,0.976701243847564,0.156701685445698,-0.616365444467096,0.0544581993777978,1,0.441619992507982,0.23281802065476,0.578528962168009,0.131850340920264,0.749404802466869,0.0958987684455287,0.733847350466621,0.084836072722614,0.703782747526585,0.0813312498663213,0.640418390060554,0.0937474174769913
2.65953418790543,0.149975614827543,0.693303726288985,0.105416273581883,-0.491608167882683,0.0653988853620229,1,-0.0873599976524298,0.223710061436641,0.535368654455579,0.137259567729069,0.498279540194705,0.0980386704753219,0.578330471364971,0.0842971095296901,0.435918752336547,0.0838514633197826,0.552363507600719,0.0887772086396337
2.92283006181987,0.148358178994903,0.854640360939473,0.109410869599337,-0.480659543925629,0.0665366867688392,1,-0.318063607358405,0.23348090830999,0.795449609457558,0.119138547148795,0.544603225848304,0.094313174333445,0.635475311751794,0.0760078944803262,0.591768515407318,0.0782596203240351,0.615726534941048,0.0803746976342843
3.14667308845548,0.171479404451276,1.00023655746421,0.146407802037965,-0.542610680165821,0.0669373928688308,1,0.00572895888903349,0.245442353593377,0.636287890906016,0.134271177351284,0.795936248792452,0.0863700751964154,0.632833577964154,0.093107972711371,0.540542835174381,0.0882947278152838,0.694000845105619,0.0811437287456837
3.23289287183696,0.212295622144562,1.02387935770939,0.16519692932706,-0.642107116581035,0.0537208353786996,1,0.239463480312189,0.212647927264612,0.408474110646749,0.145499871376018,0.900553977196851,0.0899870850904913,0.69360860856954,0.0907150730167661,0.649746893758221,0.091121520786603,0.799810778205852,0.0887056296562793
3.16718836506249,0.169948935194413,1.10890695539923,0.155547409051961,-0.640323839180315,0.0478185466601727,1,-0.252660241921915,0.203265665915385,0.839896567718932,0.102974540707129,0.567325419647586,0.0967500970873162,0.75622461265507,0.0735531738474675,0.630549630801637,0.0833442095623766,0.630416868920199,0.0845517714423974
3.09868151704835,0.175741116865783,0.823400285898241,0.120457977815423,-0.630699070266819,0.0512470996732799,1,0.386427762608684,0.23399077544133,0.414536043462899,0.151073463186666,0.614651007954711,0.104049841138104,0.63258585810063,0.0840456627864164,0.752791949727809,0.0747319406834824,0.652846328233579,0.081480638540786
3.05308706397037,0.154118351595126,0.93436179915048,0.125507864355011,-0.503334124369717,0.065454484955144,1,-0.119674083627245,0.199902136388621,0.746294536425054,0.112885869012875,0.604544595513951,0.0955531630969331,0.619784142991093,0.0756339974840142,0.588335128135387,0.0793772866143539,0.722445099271977,0.0820209034701786
3.3165238813948,0.180401178239373,1.08250194510973,0.150848783986088,-0.60128820399286,0.0540121611188784,1,-0.194971360862617,0.190720077629218,0.903499960375235,0.0940834904840985,0.627469146668795,0.0917209310130914,0.792251067768938,0.0784624604400966,0.599060685203973,0.0884902325247426,0.672616874533111,0.0796568712018074
3.76442414064415,0.264892712359632,1.38111847436797,0.233274756250675,-0.688202326860069,0.0548009328793483,1,0.326064251252819,0.256507038758117,0.79311011738623,0.125993964718546,0.721985373011501,0.0971798691916744,0.833014302267131,0.101833258517923,0.798927799150005,0.0969922171677193,0.943086352550279,0.0965571430374666
3.15330733519712,0.208459257055262,1.06287940559714,0.172691877920669,-0.550053718034021,0.0710509715622049,1,0.0256592383930244,0.220180434527201,0.701855345546826,0.123127764231448,0.766461085849568,0.0992447696010482,0.65838745729039,0.0963386685807113,0.599602639364445,0.0920383335015199,0.575810849487503,0.0934286513773238
3.26881762643446,0.198831431201711,1.12936144901431,0.171089701022295,-0.578080992836106,0.0626582113091057,1,0.138091428084278,0.197234182250906,0.608744615051542,0.117200016357976,0.673293363508484,0.0938556770762408,0.770592108144933,0.0828233118310399,0.690128257581764,0.0900752670476008,0.611489827870757,0.0955461763139173
2.90691482779038,0.16309551087595,0.820717071439311,0.113785204767968,-0.620547306383068,0.053275272011966,1,0.238288341869831,0.221396395927261,0.501292675241214,0.137371201249232,0.511539879173328,0.110797688576184,0.637916857948157,0.0824056066632687,0.606601149699991,0.0789819446475658,0.702857266464742,0.0809915919175472
3.61844673636302,0.21294485076138,1.25729526391132,0.186279478616921,-0.598604755770937,0.0566042411497412,1,0.253824560638772,0.256840566536773,0.706651531042177,0.127788758460612,0.711529915722178,0.104675678055367,0.860246618015756,0.0848181066023877,0.69313721667229,0.0840653855458321,0.800477511955527,0.0863227416378659
3.26789462410299,0.171700058978132,1.10143745545599,0.144135848530042,-0.613987044033462,0.0492079058697273,1,-0.17063577473336,0.242689357011816,0.815870464107205,0.116131389199541,0.752062232490694,0.0900390776324142,0.7607965326672,0.0776826323457643,0.656484732293879,0.0809707780053537,0.711035672158063,0.0811263096171664
3.22520972292963,0.212172755818195,0.920570690317788,0.146171285125069,-0.606235166085436,0.0605825452697298,1,0.149278954996022,0.252594003291646,0.710488047267605,0.122686322815148,0.508323842164334,0.119071963694891,0.736794294016678,0.0955958736733733,0.777731142003766,0.0881062896784552,0.754023189408972,0.0844469795582998
3.2595425550395,0.208288371670944,1.232228066999,0.185499065924024,-0.597240412260873,0.0593052274163961,1,0.280000436173988,0.21213356032436,0.440311760091059,0.135580905935147,0.792159845354194,0.0920928000133909,0.635344579019111,0.0951976874523071,0.664496532269273,0.0868800787076818,0.721268017989836,0.0934363297933809
3.61861508679851,0.219241130390371,1.73977791353239,0.25619460509167,-0.61791027584242,0.0594416755158041,1,0.0436673180678008,0.204509824907891,0.74393298804925,0.122958898298619,0.874061603955719,0.0946372709010421,0.790220735335307,0.0874066290852739,0.821802674097399,0.0842321984469039,0.892681503308118,0.0901065300930204
3.21491732545814,0.172926599929611,1.07183146115002,0.147218392196591,-0.619812843306706,0.0508581694801038,1,-0.155565957895759,0.219220889481503,0.668831400968314,0.122650128907487,0.835774673405204,0.092203171232185,0.686837948262898,0.0849329553744233,0.655023258146432,0.0835813655632289,0.778146155489639,0.0774954802737569
2.9885942233884,0.178147353250807,0.764240703686809,0.118808612145338,-0.593649902424984,0.0600883765491088,1,0.25674497038275,0.197032787068202,0.52268135104732,0.130955602891656,0.55769049850266,0.105539030994688,0.607446886021807,0.0875808928899969,0.708468967577294,0.0851041663597907,0.631999385983441,0.091744163775272
3.15844232142703,0.194008690072578,1.0412020779974,0.165014323844861,-0.609448030854155,0.0583941253510203,1,-0.065501187687953,0.224815867786003,0.613025116735147,0.126905117130534,0.764827652964103,0.098390410841692,0.782693759805412,0.0928460721896539,0.631097491624311,0.0908455382765798,0.687037120163864,0.0851918954005403
3.30626077658153,0.203442313008766,0.881646063448648,0.141103064875258,-0.574494072261188,0.0665847192833134,1,0.013361285941057,0.234142277144903,0.801400014825845,0.123844493358804,0.521395780375911,0.115885969074454,0.829044205529555,0.0820868720953335,0.678035907437824,0.0896970532049568,0.671427863133628,0.0937679816691995
3.20257660136106,0.180300584677131,0.995756573623809,0.141376634473459,-0.563879231374605,0.0585039397582776,1,0.120072954187822,0.23917446793541,0.703097550440233,0.131262659038072,0.651273170816009,0.0970641989893908,0.740389317948992,0.081603004766658,0.623512091787631,0.0824077918346502,0.684672352085722,0.081385864021064
3.21253208784454,0.176383282862617,1.18655407924941,0.165281825002557,-0.597125883646302,0.0548172689104211,1,0.204887335716714,0.171715626393386,0.671896814319432,0.108400513542191,0.685826447967224,0.0932563693462415,0.793244213034446,0.0822478980096927,0.637593406567951,0.0858945895225864,0.737019871612167,0.0856744456497072
3.04691438701601,0.14190961394866,0.906868311268676,0.108890530027704,-0.585747179187483,0.0503682295949248,1,0.0317406117151662,0.218918345032916,0.606679882661526,0.134573761974905,0.677274069651472,0.095100850191538,0.606216180575457,0.0808227550814335,0.676306325877575,0.0737370685789872,0.79974525648117,0.0656590453507116
2.95339919813136,0.160183475398964,0.954476786319642,0.120606280503584,-0.506229633670244,0.0648813217359595,1,0.00664309506469987,0.196899366957315,0.60675046557718,0.110857011154612,0.651384468028042,0.0841765497137743,0.583449142105488,0.0774184799889572,0.673964403689902,0.073877691791142,0.560566428975802,0.078799829857489
3.06693866549317,0.160976318430468,1.02403421540485,0.143453027908423,-0.524207931130786,0.0674203309718084,1,0.000282022001522858,0.239036475772307,0.584829703680061,0.136854274648321,0.582716188099175,0.0951405617735018,0.731257508942102,0.0785015309332215,0.616404189261847,0.0807898771179491,0.605649912420607,0.0841888805536784
3.52017918515144,0.219082251978055,1.19866463732984,0.188848832244462,-0.709812470244386,0.0453762366645104,1,-0.511763073930687,0.259887318727491,0.914589548327895,0.114867629037843,0.794328856156276,0.0907503515622901,0.842412032502489,0.0876624677803662,0.768708698956436,0.0835070652333522,0.802469269141169,0.0898746649512577
3.26834695018372,0.208373174547141,1.06874673686736,0.167286619572041,-0.599288154163348,0.0615283997770167,1,0.0647438446201057,0.229483043226419,0.717189293033894,0.11907345252895,0.671963897549455,0.0971772241253977,0.702108541905681,0.0896029564829665,0.721939315039898,0.0845294351244187,0.596367359996593,0.0922480145213373
3.04037157236374,0.179238650859521,0.852079561867675,0.121473784722479,-0.560600713397026,0.0662765251645984,1,-0.0264566346879712,0.223634747807243,0.743524925962188,0.115082098027522,0.628446482767333,0.0941850916759284,0.631762261750305,0.0833104624805028,0.76388028913194,0.0858663982627786,0.662404050051304,0.0877922757399508
3.23895440386071,0.173654794772245,1.02269514569971,0.140666402305257,-0.611663821554299,0.0518981016755709,1,0.185520736428967,0.218078482320332,0.706921807012685,0.116322733851648,0.700343343860114,0.085946235016535,0.621834620157087,0.0837546716198293,0.775599817143551,0.0808319474623788,0.727300111535372,0.0822525994985961
3.03918744627689,0.194534753989941,0.95423185529366,0.156634129874792,-0.590000756592554,0.0618883993862617,1,-0.530192113507764,0.190284752668183,0.821910291607992,0.101518408767112,0.774418143218991,0.0902361693516311,0.606701505536689,0.0946375950113069,0.65914441756688,0.0905957551556306,0.528574083430882,0.097324158484781
3.35135794520096,0.194555601652887,1.16195915422712,0.169693161028021,-0.60917953868671,0.0572968237265572,1,0.158761939509201,0.215799679801033,0.700799011527613,0.128062916751349,0.749944687382606,0.0842928517754085,0.710791968476106,0.0841858761620986,0.676658903353256,0.0836328638954914,0.65503765971277,0.089588701325897
2.99975946374269,0.150720791838495,0.879842846362358,0.119359480043984,-0.521818411905557,0.0590886808854219,1,-0.436783934605891,0.234522416851507,0.857573116157531,0.109422741547965,0.685095752935579,0.0805094742133475,0.542444789254764,0.0816292938392268,0.620951959868849,0.0811792926737554,0.627637478795013,0.0836614251809626
3.32287681155796,0.207814580210915,1.20281266931153,0.183321263392206,-0.634351531715125,0.0581082627730134,1,0.0733775543380511,0.216939889493721,0.743363902445593,0.119879284807579,0.700156603255865,0.100797786371947,0.851304006424658,0.0904790968884245,0.680059938272346,0.084303439720795,0.718316586400163,0.0918022071501155
3.43673455907473,0.195930188486405,1.10554148816413,0.157012398776483,-0.567983903323377,0.0635117308130354,1,-0.33263953098882,0.312762815892625,0.793793596716156,0.151970643631902,0.844855901972225,0.091868246909673,0.875535497034867,0.0829958814202489,0.736503299350064,0.085423622186752,0.578837106464231,0.0945472331236422
3.21336007390141,0.19698174596209,1.12814186863405,0.168543227589046,-0.605895559671598,0.063352281881918,1,-0.292742209945889,0.233974629409208,0.813813449487123,0.117730610356984,0.70150205580246,0.100191508492022,0.714790833580606,0.0898337069594779,0.743874871479789,0.0899757050201321,0.741815949488279,0.088181238302943
3.24629280400371,0.208579641375066,1.02263151666625,0.165270129507233,-0.614968093838817,0.054496342843294,1,0.204848515012889,0.232333988602601,0.702125046184413,0.125889631025245,0.596350188430838,0.103691560448573,0.712570750411668,0.0872128976121954,0.700499748630885,0.0888033054281234,0.80018041131734,0.0834388938385038
3.17319554614144,0.193022649852029,0.928012117576293,0.135255688979614,-0.52687559266771,0.0754233617370183,1,0.0927321195294853,0.203851642509116,0.629524630081974,0.129311715078292,0.646067860045283,0.100260879475306,0.687258525491515,0.0888289625764054,0.665062533651835,0.0860218212416883,0.715119371800988,0.0888604431587239
3.17242995143775,0.189593044828315,0.781985801202876,0.11687600279026,-0.521768114416121,0.0709161375230943,1,0.0557981054907671,0.206703725702773,0.632288765564503,0.125217142222637,0.728987308424074,0.0949921744783702,0.703379923034327,0.0883195972807807,0.526505631192363,0.0875380821065044,0.601322415251942,0.0894422350384738
3.47484066447583,0.245167978069451,1.31268052290662,0.227230282012504,-0.676563069876186,0.0556334023015363,1,-0.282365616193587,0.265901721765261,0.887398537395353,0.128567315406067,0.750906982515159,0.100925291011615,0.690323027131905,0.0972029899827244,0.856916308657163,0.0895597567714424,0.818124560532417,0.0981072403341555
3.10836404789579,0.169715972184393,0.838001144271179,0.117864241435304,-0.595844412576563,0.0551535553405819,1,-0.133254210203089,0.218364214620745,0.65038005312793,0.125374898389322,0.756389034193933,0.0905769798589419,0.55364502527914,0.0947769236938634,0.672266654790707,0.0824073560160711,0.680717793782225,0.0830160002877819
3.25226820595714,0.181673076462488,1.2135898329973,0.165034253592665,-0.618869773445929,0.0494457581744634,1,-0.0998739332527966,0.199643513505595,0.692251697976414,0.121866459650158,0.708351711895083,0.0983382840544364,0.659824821029862,0.0817009478850551,0.82843538261553,0.0770969407647673,0.768030404165284,0.0793368171248677
2.88932488929313,0.163645365935219,0.711655858696538,0.103992449111204,-0.545416070328926,0.0700189655202233,1,-0.329812539388289,0.303314530048653,0.791125283176123,0.136419374840272,0.517300552440279,0.102412809985476,0.456079922310923,0.0959334230203428,0.625414433828609,0.0813441245412105,0.636578514762508,0.0839816650664003
3.19894591039577,0.197012289631563,0.951164131327863,0.148853786885535,-0.613527237513683,0.0606796325129717,1,-0.0983327178907906,0.2339643483661,0.579906896994926,0.131331760351178,0.924478165602279,0.0927171878577762,0.538034764748341,0.0972980834434083,0.713804655215955,0.0898458582211373,0.72774746086077,0.0893104000563665
3.18083210423141,0.188041084420505,0.959956363316892,0.142140685272823,-0.614206879345918,0.0571923839216487,1,-0.0995187231413362,0.216528815423117,0.793392922060487,0.108418883524796,0.7050305579701,0.0929875763092362,0.490773784757219,0.096128092497278,0.695563559056843,0.0832225207970543,0.821580582865631,0.0801137338030654
2.89336731518808,0.169730283567858,0.84045463589356,0.116843274069749,-0.564620775195572,0.0622217092476881,1,-0.00335089295370585,0.214603570161105,0.658754896172504,0.121244343803683,0.613688151383108,0.088104956191316,0.405307302543776,0.095683490720192,0.682533756292637,0.0850064526152189,0.620161574223861,0.0846012503853887
3.06074584608077,0.196537778797181,0.889073415500309,0.142584594109721,-0.535314153736813,0.0797129174008657,1,0.200774995451485,0.205803639688078,0.529464279774826,0.127282619365472,0.600705189954658,0.0978222177608361,0.611962505587118,0.098415001147991,0.512528575394484,0.0990384724576689,0.723625816889411,0.0930995013535875
3.15258579801102,0.173398743734901,0.928329972468798,0.126865757359206,-0.665595095950531,0.0479529538698558,1,-0.254795665804091,0.239455676856477,0.583071911715853,0.144341123144777,0.810912451635631,0.0978759413513597,0.821655775444866,0.0829543755687879,0.69208302688653,0.0785356444051319,0.679825894037386,0.0848395888798024
3.05757916598218,0.191046759092507,0.748181037161114,0.128083755720335,-0.535766487156417,0.0668177984391993,1,-0.0341963351502836,0.196523521096811,0.76976160514539,0.109065930945644,0.536956503695484,0.102019255452509,0.71406594804369,0.0893765614957356,0.570548741455562,0.0931257593108826,0.550702311140858,0.0924245360417856
3.26799506175296,0.188387331662275,0.883863264998153,0.128175735637072,-0.658814626162846,0.0477133792584067,1,-0.278491726681607,0.255058365357967,0.817136369752898,0.125711062077626,0.704551173259606,0.100294192883839,0.801414077837729,0.0833292385980641,0.788483977125029,0.0771842862055787,0.75040076157514,0.0800595016191809
3.24601059332356,0.189051970636739,1.04976066337933,0.159351254250588,-0.61242224504679,0.0584141691022745,1,-0.119761759829013,0.247443407130581,0.720650021266477,0.131037458512477,0.639770655681917,0.0967219567408865,0.77005017197575,0.0800060311786922,0.634229795909983,0.0875999367278878,0.879038755231484,0.0864024721727983
3.32492441532899,0.169675082715745,1.14663151814916,0.160421592560972,-0.538578253365521,0.0630144472186293,1,0.0513293398938729,0.243789374568406,0.706789713847749,0.127432091538594,0.661095478588663,0.0955517740806034,0.674926391682619,0.0791029517399756,0.738939564950794,0.0792088245484129,0.647082400655264,0.0866515383271184
3.31259606152981,0.219200406780914,0.948719361473957,0.155449134183381,-0.552060422071577,0.0748517843575134,1,0.166120597014902,0.251118529923272,0.569294210280343,0.149002246890027,0.823785628190782,0.0973205553540683,0.639458563311761,0.095447710052016,0.62866747370619,0.0980947998973369,0.792361651695792,0.0868738866137076
3.20590186350588,0.195412368070644,0.952891457001642,0.148055475812439,-0.605623915707984,0.0588378446250363,1,-0.148784143888362,0.238192631599171,0.738699613399465,0.12912005461512,0.785586983291877,0.0939149157642745,0.633212265202993,0.0854789714746026,0.652829247783528,0.0874219517974875,0.611964180698944,0.0896956982652055
3.08226153091402,0.188005566880034,0.763501677947829,0.115070784257787,-0.530347278036623,0.0686727628347369,1,0.0982449868331256,0.22579941770433,0.576472256775681,0.129254705527708,0.752837921761516,0.0885692294691739,0.565174682164349,0.097677467808571,0.613007346627186,0.086792754582222,0.68021655653086,0.0867096052138686
3.09114719010432,0.171982270826002,0.909011720086557,0.125767529926164,-0.531995750923244,0.0640815663939163,1,0.0449322957721708,0.206655472033288,0.779150782807702,0.106472320127142,0.519504505697234,0.0973088547082316,0.598818275127483,0.087117619968444,0.739972197959824,0.0752647204428244,0.666815397812577,0.0845269767625785
3.45110079931382,0.19138241416496,1.29053420399532,0.180403390446579,-0.601356332644269,0.052869446208832,1,-0.257693857116185,0.277164393269151,0.81774505482481,0.136878469783414,0.909525066304719,0.0775412316299045,0.770345056908191,0.0777203476918145,0.737579158811592,0.0801289045224176,0.762338502038098,0.0839372499010287
3.46181759007805,0.204344537444332,1.2781099523584,0.186374208428217,-0.607107701509676,0.0531182363060405,1,0.0718372292318588,0.281230346425524,0.626310113260556,0.156174736235601,0.874126335025473,0.0922934821906692,0.686212258631608,0.0919758658778641,0.756230330877774,0.0830472055725919,0.875950145059265,0.0845093247084557
3.32100388194972,0.195117435958111,1.27199741650958,0.188498470564991,-0.604024139546706,0.0555112977088018,1,0.145707511296257,0.2585956874319,0.438988351052061,0.169693897376274,0.810312109883328,0.0917570944481728,0.739888253697183,0.0801367638707731,0.774834118136282,0.0829698259277771,0.799316585748136,0.0824581235941572
3.06117916559985,0.158031638362506,1.09710244037333,0.141449253631155,-0.562824584525734,0.0579728276026112,1,0.0851377124943513,0.172049723368939,0.606487070650453,0.108970326935063,0.649432951634636,0.094418671903019,0.579982404162871,0.0806677081672488,0.649304950392066,0.0766678676990758,0.780368312684983,0.0829590520506801
3.04479987124419,0.149493076072478,0.821598609131115,0.110463067690622,-0.533663321691513,0.0580201525825,1,-0.0602152588131442,0.238689986628782,0.583048375899404,0.134699301475126,0.629536908153672,0.0974655625335709,0.685708631387977,0.0847550930599576,0.711623900906573,0.0746795675623221,0.637303165938255,0.0811615653994067
3.23135871269616,0.200412488435092,0.853885837515387,0.135599504731835,-0.598487207794017,0.0617906470414252,1,-0.379641540247811,0.234725724465626,0.80411963796303,0.133805787013849,0.792485393596474,0.0926395749668793,0.603033851558341,0.0892237670268532,0.689437237626267,0.0913808035483281,0.71007523539984,0.0895621879236264
2.79496195053091,0.168557124315521,0.837331175559501,0.129454154585803,-0.578320149184494,0.0597709641885227,1,0.075409731782573,0.23000039157686,0.570225536790774,0.133625431765776,0.660945114557285,0.0898397087037165,0.581879359111535,0.0906541732754733,0.5459427072416,0.0853945842412598,0.657132067393738,0.0843195332453139
3.64125403511318,0.226925094239975,1.39918842377921,0.20499145666452,-0.64104810646117,0.0513978723784033,1,0.298437021199164,0.29001594904198,0.634757586414997,0.145459704048332,0.834033915733051,0.0932433500197536,0.766256175543736,0.0880651401101564,0.899215178432516,0.0853915388533022,0.826853438603966,0.083368319468699
2.96141884587345,0.167210812160455,0.926864037402177,0.129207046773938,-0.503903705525955,0.0649335605481566,1,0.0218801682873597,0.202978624939726,0.615740193895158,0.110348409520618,0.684363401580936,0.0898414302658008,0.561002247295648,0.0848201212675754,0.670383231472676,0.0833702907515455,0.528316799294191,0.0911994365099125
3.11361827935209,0.202470106995469,1.04374746053878,0.155528657657751,-0.541557029946362,0.0768539008114712,1,0.0576903028132199,0.229447452295353,0.640900314788414,0.118830625656914,0.671025666557048,0.102379264823674,0.610937818186822,0.094681092298016,0.709301320919525,0.0884081618943987,0.714907780974742,0.0979439279558389
3.08328831246769,0.186633820466165,0.793695585083589,0.119258455205624,-0.488721045440493,0.0761543957061133,1,-0.241024922152611,0.234738708283951,0.836886543589244,0.118975944501335,0.447621036440683,0.105458070378886,0.639581930507641,0.0896237914964043,0.801598502249365,0.0803381689998978,0.674625532334922,0.0862382899684676
3.41319001824793,0.229583018781487,0.97073214307241,0.159438513082414,-0.550337425911026,0.0723828208251843,1,0.109236385096467,0.236816078650884,0.761668448299653,0.119932796982654,0.815588567967698,0.103405716870148,0.763123541452579,0.0949076878663608,0.74501478135319,0.0930193966201815,0.603806454590219,0.0960092086439018
3.40489699894558,0.222677390182365,1.10922417942176,0.175957956597057,-0.621239733050337,0.0633796218391634,1,0.654864892880252,0.222822346223225,0.555558070589127,0.136854611033413,0.763113926121067,0.0996798675088533,0.723636994013515,0.0910773502068387,0.669273315252402,0.0911302599353169,0.696329403742586,0.0937219660136857
3.14018821709216,0.164765728800426,0.900562329087896,0.117357260288953,-0.643868799812538,0.0474401375431365,1,-0.0408798517052869,0.253023084159413,0.691667260420556,0.133517248465591,0.717928327350255,0.0876677762946321,0.696195170268569,0.0791273333204833,0.546349764323166,0.0854239147388441,0.793252265203185,0.079071176172524
3.11556385501121,0.187655082896346,1.00797552500662,0.151430339677346,-0.606357423662565,0.0564360263950778,1,-0.0517751313390159,0.180059822477426,0.740959467659176,0.117807672738664,0.662272539881384,0.0954352927849258,0.62030422348502,0.0851543006575969,0.74177882523158,0.0827995419713798,0.678889335242526,0.0849593475111518
3.50725746454074,0.213001308976874,1.31382156256932,0.193771835545115,-0.646886342347825,0.0539069458183291,1,0.180879584556788,0.210841097322223,0.661710206764309,0.134225698877269,0.851980280503022,0.102393340399634,0.914047246380482,0.0799037641303616,0.736158039677479,0.0866107912512193,0.813695271115978,0.0876185922647736
3.11181322064225,0.191600339967267,0.835160185961018,0.132047008400009,-0.594066471671539,0.0621835891723021,1,-0.0552937518698088,0.249467707639963,0.69098467229982,0.135369591723341,0.671094746105242,0.100183806907264,0.544018098528104,0.0930516381149113,0.634971526725039,0.0853123384606684,0.659583930700116,0.0835456379191196
3.02239425846544,0.174584246007883,0.842608661447087,0.123620485372593,-0.609340357525014,0.0566935007670941,1,0.00684491886572085,0.240676994092135,0.531718585814647,0.144514870739449,0.692352653276916,0.0942483944526974,0.642143767139209,0.0844371732006974,0.689951062477783,0.0828667575668363,0.647214290211728,0.0874773959414406
3.37001094164708,0.204631475680749,1.24734398167955,0.188778434898143,-0.584929101744265,0.0619748775710889,1,-0.0774780652272717,0.236045481197265,0.742760275537633,0.13317646794463,0.841434382534126,0.100233593955184,0.672666141319992,0.094038520749781,0.673360579026118,0.0827277153599398,0.722349887619783,0.090192886833134
3.27152509493124,0.187952448718027,1.09043430408211,0.152676622365225,-0.565829635677634,0.0663947239791563,1,0.0341724819944667,0.270721323800627,0.596497507245942,0.157107060270587,0.835767127842666,0.0855295934525442,0.72850895646134,0.0816527533294938,0.696901213440712,0.0898349365766776,0.691539323024882,0.0911952971597338
3.25710381247818,0.17562098774158,1.02622258323422,0.136373301622486,-0.560875229525805,0.0576010863538908,1,0.0864259561454577,0.199821926789859,0.740231938870729,0.109395061691985,0.493987764339211,0.0965845598903843,0.772866482255542,0.0830071889133396,0.783371246889787,0.0775014743780668,0.68701993897112,0.0862896421105727
3.17602516877797,0.179833461095614,1.03409077714421,0.146494398938736,-0.511607921467637,0.0696964378226878,1,0.267879665419483,0.187196609831545,0.455123538730804,0.121192801831544,0.667536962394603,0.0938786776534047,0.585323275953291,0.0832209817085281,0.691496367062055,0.0835641215484606,0.670754446432062,0.0856093685265823
3.16181355432378,0.204990338811979,1.10814841213259,0.170085529985334,-0.599865721430758,0.0602308080434482,1,0.237767198238334,0.201958891104011,0.634775418675412,0.113297803680178,0.656164006557166,0.0962232503524952,0.649919303388487,0.0886663178516983,0.68236930659744,0.0908171227025792,0.754477382064154,0.0889753778748578
3.35835279074196,0.206206332160359,0.956729386752249,0.151228848753344,-0.673633623929403,0.0501950609260204,1,0.233758424816207,0.222057536963982,0.62554624327538,0.130497116101314,0.720422345298621,0.109313348596567,0.752506090419912,0.0905560926260026,0.67469374536832,0.089337215370328,0.77188245824267,0.0914055636402525
3.30857722218101,0.208034928005392,0.978208048706589,0.149294223811139,-0.616665636028654,0.0571249881327222,1,-0.075291427226958,0.205251517738541,0.693473436917719,0.113346250202438,0.790306253541104,0.0961923633384339,0.740616853448274,0.0941582891650233,0.853262932266484,0.0873770386679042,0.549698158694553,0.0884235861260285
3.09674096993793,0.169969656782068,0.892166956685165,0.123482963070302,-0.464935408408142,0.0755964101613726,1,-0.0576632112926254,0.258359064152894,0.631938804098433,0.13923945036698,0.785610262227902,0.0860797309388206,0.678623992147648,0.0824124917456022,0.593231994837259,0.0842557996466708,0.710490180116038,0.0795320794163728
3.37735821653729,0.218226452560371,0.969595678076694,0.161360644242735,-0.576872033961304,0.0656214269427235,1,0.0441205412549909,0.291470076807092,0.725365783399988,0.155315987675099,0.670734296735619,0.104493541253886,0.794909584907078,0.088460346191318,0.803299234692447,0.0860731796040832,0.719940213507985,0.094391645947104
3.46854853608606,0.194805758516613,1.10516691390615,0.163997649863735,-0.711886756939901,0.0408432136284894,1,-0.434724379013128,0.244796239497079,0.913574348163488,0.122609526029797,0.672916697323327,0.100456036599304,0.759922131355331,0.0870830149322689,0.708939858523617,0.0844288605433778,0.794247860316222,0.0799792995242807
3.03797345172321,0.176385389362441,0.985323194960552,0.147169243598765,-0.562760331432358,0.0617619309239221,1,-0.00498291437482152,0.213955586249778,0.567011480609656,0.127179923373657,0.68391127193257,0.0881700989719696,0.720348297800855,0.0814606683346396,0.583258641428975,0.0854583256231461,0.588853700784012,0.0868062068678558
3.22825014387805,0.198771588405949,1.06613399856251,0.170914673043008,-0.619413248183735,0.0581627736712135,1,0.404097882577681,0.184136621444287,0.432215876699642,0.126638829936356,0.704026140829844,0.100794888013328,0.702967125520836,0.0897299442927543,0.678779992793311,0.0906751916803381,0.711199487945937,0.0911770404887199
2.77757629220364,0.162296433882354,0.636375124075283,0.0958145331304937,-0.514452599337102,0.069762791806888,1,-0.110190234224638,0.222428358883514,0.575673598487181,0.143660016996009,0.647227246529709,0.0940493473910456,0.431266990264801,0.0949442387739988,0.517117066085747,0.0879956814855185,0.655724231575491,0.0846461947796452
3.21794953757634,0.179152791487477,1.0022578735169,0.14333982812859,-0.595107431395788,0.0573436819882944,1,0.0655569799437192,0.176282035783471,0.747354462306981,0.108439128801314,0.687477580553672,0.0884565480029993,0.676159495808811,0.0848473311445508,0.695411991043997,0.0856951266028892,0.600643615390482,0.0910567069855589
3.04386329650163,0.171950786276671,0.959284672078431,0.141040703286642,-0.433647888875533,0.081462354986667,1,0.383275102608108,0.182763141258026,0.585537016229641,0.114300181826852,0.562995499266656,0.090552454383245,0.650388798837595,0.082025539541179,0.614802253318079,0.0864028517542611,0.602852707602275,0.0847383911374198
3.19314823168314,0.193741085011796,1.15663533729618,0.16983002370139,-0.611615185757883,0.0546553125122642,1,0.136355358768324,0.215016885296267,0.673233655859166,0.12527991438231,0.552595621919151,0.105702031893879,0.790701859693392,0.0861758874972271,0.556370569403526,0.0903710710456555,0.706826270040529,0.0836601278191243
3.25842693241617,0.187283414562765,0.920952470683672,0.130220557520824,-0.648430576171623,0.0464178424901771,1,-0.23390632389069,0.2288889325812,0.689108286240015,0.132122215395448,0.860470767504972,0.0829152727226704,0.679548990500158,0.0824019893126513,0.737368885153875,0.0767819479424296,0.692861829895958,0.0843821019865414
3.36036516551983,0.19246697991575,1.05388683271704,0.156259391450551,-0.630100245579471,0.050110176361827,1,-0.0487367186988158,0.27083505625959,0.885293439091962,0.125787878197928,0.678182156246423,0.102404265239092,0.639090933875832,0.0893318788171074,0.830271744812792,0.0800358075810472,0.71790665877968,0.0804456881983351
3.12558600315936,0.193960294384458,0.944973353107356,0.152120173040528,-0.536212604155856,0.0697311901518083,1,0.0583193627169946,0.216472730873258,0.647090835268452,0.123626494643148,0.642530849879811,0.100641378966007,0.621988563270573,0.0869706913268656,0.729635715521602,0.0867830739973043,0.634823096373785,0.0916233015651786
3.2393150998774,0.201535081279705,1.02336306530401,0.15404103826582,-0.687768722726953,0.0452888629302634,1,-0.338019421820933,0.254331085781358,0.793499840132038,0.132052907044917,0.835022871739713,0.082380341590457,0.514971242906809,0.103909234931092,0.74761413795079,0.0849815505375835,0.631072156738759,0.0852577251736178
3.35836804881771,0.180600658494356,1.05540075133378,0.158462776349947,-0.603579675883331,0.0566304147147782,1,-0.160030199922802,0.210761435759226,0.764230488137827,0.121549544361081,0.680342345144459,0.10185898879604,0.833785783449571,0.0819411816515612,0.715567032813121,0.0838430030800998,0.617791239977604,0.0895436307484909
3.13592446412664,0.168355387071498,0.972094372675906,0.134284535586424,-0.604372152372458,0.0531067653377408,1,0.151383260663229,0.19469973110039,0.638289070716828,0.123067605588857,0.646130095827001,0.0969631311796762,0.592804590667375,0.0825981746730476,0.694239349642157,0.0746454826636517,0.712204177363189,0.0788566522636283
2.88907074734945,0.155201880665643,0.949479235383009,0.12810582662532,-0.556806966728786,0.0599925656236159,1,-0.189826926920746,0.19160562887391,0.583431740347228,0.131807933917587,0.689270263547641,0.0864969873080628,0.523983274238753,0.0921463708394824,0.684753866735769,0.0762341862364608,0.484055392387766,0.085640048097912
3.05227111416241,0.163285791527376,0.841067249434951,0.113424716027793,-0.574628481543063,0.0596240512710586,1,-0.141788295559256,0.196157402238776,0.806115675959981,0.0986869618494516,0.623589684072471,0.0915498564945322,0.649682297701447,0.0851263440386248,0.596827238723073,0.0801706909061697,0.764208268943101,0.085672752700193
3.31232823781591,0.183202822104122,0.893889445841037,0.128484763009711,-0.619983982095026,0.0513811083813731,1,0.206822180199506,0.231970687311355,0.582993648125084,0.138495835090278,0.838530220229137,0.0899037048428524,0.724901103509057,0.085629200244771,0.69688490073278,0.0805952038368571,0.816275838439654,0.0799039132120953
3.20630464333035,0.194616077326824,0.989262801933226,0.147948792717225,-0.638335665316081,0.0536151828938111,1,-0.0892758032870003,0.255393467864895,0.547547050408556,0.147408099433356,0.770465530453642,0.0977021154619466,0.815691059992897,0.0803464434524845,0.697347413930418,0.0859763174408514,0.695813504223165,0.0882559316091227
3.03769386888354,0.186280365046253,0.774499700581343,0.122328357037005,-0.567097526992817,0.0690951827437059,1,0.140245533698346,0.215599975741813,0.647412118554427,0.134661388900687,0.54562971306311,0.109284036485965,0.707840483558638,0.0886479785754866,0.559811790111786,0.0871567855334801,0.634025689651266,0.0877183178509893
3.19986403296689,0.190335984019277,1.10971799156267,0.165867974223945,-0.701191752054966,0.04154120316294,1,-0.341461440515804,0.239932995046804,0.81174878249698,0.124214765445587,0.837955789321402,0.0813028628249573,0.566904264982202,0.0920199525500796,0.813028310654791,0.0811066466361721,0.74567524731652,0.085433255738238
3.25442790584104,0.189735321940339,1.13173571934757,0.162842208035146,-0.578354142341446,0.0608337159607014,1,0.193325391189433,0.241290793202423,0.561239363424766,0.144865843812663,0.824628835741194,0.0873768589799213,0.686035739960461,0.0864992570423935,0.700004961492555,0.0830225846478534,0.614601039088874,0.0872182930483383
3.19641574361684,0.20100123716996,0.987596064907348,0.158521513771482,-0.628079539104451,0.0578385462288329,1,-0.358220040004522,0.2286196859084,0.819486822199483,0.114748337456513,0.730810592487775,0.0941802807824311,0.648864260023889,0.0962688021504864,0.799011981880963,0.0861075979246877,0.622409624150268,0.0970798435953386
3.12753265677082,0.193593106303038,0.974294776637006,0.145366883627885,-0.567796130012194,0.0605402740499259,1,0.511931886133353,0.208583646508179,0.483958071925777,0.120673288365238,0.591317376175842,0.0964077072047218,0.592325075461531,0.0892330693496089,0.659679673841858,0.0865585471085304,0.751303620905097,0.0814726076594908
3.18324424023732,0.188328399185029,0.958521396370962,0.137884771782616,-0.436489366108741,0.085460789468283,1,0.274101716652926,0.220412384689686,0.593446384578788,0.128992346562032,0.684818368564973,0.0973600839968424,0.618566041078333,0.0887170418978534,0.664522091377223,0.0870178049734825,0.7333358245307,0.0845258516727714
3.38341605751049,0.200748524078731,1.06706927681527,0.153567113728441,-0.716843469542214,0.0391835258193892,1,-0.0187059291245097,0.253152990242909,0.65936775665672,0.13014508239529,0.877172651442836,0.0859126687670104,0.809684163093815,0.0871306344091742,0.812942758339612,0.082287978439903,0.708363775260647,0.0909714726676274
2.97941208154421,0.167798768142664,0.918565500862617,0.122371253500685,-0.598937536230813,0.0537007441893967,1,-0.331104377196154,0.231325552100669,0.79784219722093,0.11350112093567,0.764097611613684,0.0926407313225493,0.653407986066996,0.085626110968746,0.65123377521105,0.0825896299710093,0.588368680244527,0.0862040868397272
3.34282692680942,0.21712176239907,1.26529732873025,0.195506199807344,-0.674457237383378,0.0497110631011744,1,0.00652168892060331,0.220694500383895,0.680483134614392,0.123614964240837,0.775481044127099,0.0995739109476999,0.748845462360871,0.091240778973632,0.682320402334414,0.0896913905416611,0.796027286975884,0.0919501501187431
3.03831371483378,0.158060931273157,0.921015241379133,0.12698131190917,-0.602907849402054,0.0542714125634086,1,-0.0119494757487002,0.199729427300965,0.724734576651861,0.105428198449913,0.60388386043905,0.0934346011567162,0.609908266909902,0.0806955808901008,0.626191135358493,0.0834543792169977,0.46329677043816,0.087607377770695
3.38631781286425,0.189151228862201,1.12418189162176,0.159384606015839,-0.668601583611522,0.0474484528171987,1,-0.263350472762197,0.299905293838424,0.752432774182121,0.146885690075673,0.809508547840971,0.0879023793391249,0.726332517275045,0.0815741412941268,0.818766663634446,0.0817379890591709,0.777398746109475,0.0847359666109081
3.24224478286275,0.207992064714892,1.03494532945863,0.156212068893641,-0.588016938054175,0.0629410304502781,1,0.127059078635459,0.188840768486103,0.627825393291422,0.126555538296448,0.728254532046549,0.0942310720429036,0.568028384999965,0.0909702036757478,0.626491250633402,0.0837984545282948,0.610029738626313,0.0932293920695696
3.48841612711898,0.20706877975882,1.159783873491,0.175368999965348,-0.630745350955123,0.0574811669943588,1,0.149257764167742,0.22271568873646,0.764852796283925,0.116747391241454,0.751485421652439,0.0938997397288624,0.78129694914091,0.0889091715805791,0.753863599973451,0.0847445766864682,0.722183848184063,0.089624836271716
2.9100926523714,0.169547419905994,0.877613498472665,0.133539772538971,-0.500105337266127,0.0700566141023672,1,-0.268583572619354,0.229214443077647,0.69573771193623,0.119387302813216,0.656657543849603,0.0977696201413215,0.433916474727848,0.0959853406201478,0.699134082256392,0.0811940765086008,0.538635931381165,0.0875850337217143
3.15295086631377,0.174668041412613,1.11814876457314,0.165338911668649,-0.609060555875558,0.0611753564649187,1,0.0988057358141849,0.250460704314986,0.5787696926257,0.134975845179342,0.660871912439392,0.0975033098312537,0.692084824890962,0.0891247472544856,0.770647461701767,0.0752312377082224,0.614926918976601,0.0895709809408436
3.17253428079408,0.191028865832563,0.981799295962453,0.144827652548418,-0.548820232462986,0.0659958505740399,1,0.230805343156094,0.207662763073412,0.650386753473782,0.11036265861567,0.650601386517252,0.0928523427960478,0.627751605732731,0.0941990992336575,0.642366847281276,0.0846302108640644,0.657054099430869,0.0877613317155922
3.03275252820696,0.162834290711264,0.926811171765234,0.123414044532606,-0.609225505016622,0.0525857152252344,3,-0.190881281925615,0.198223857478891,0.707312299063275,0.109639681206466,0.650639992481953,0.0927135605592251,0.567900940279685,0.0843661145140259,0.65947073787935,0.0804982590194167,0.612824690350089,0.0812555530528977
2.95099910000606,0.171403534577209,0.816398632662798,0.11545009053581,-0.55573136537494,0.0599781042740035,1,-0.0479365504447805,0.226061699162381,0.576927317683111,0.129424925562776,0.680819550960838,0.0867599478758452,0.56085242849061,0.0853801916960107,0.614661053479443,0.0822919073792933,0.639317723628662,0.0818675996239638
3.11778678647346,0.180566324007873,0.956655881240392,0.145442011602584,-0.655972684330346,0.0496559051743071,1,-0.161383132387774,0.211878363923477,0.744167507689672,0.10939821052868,0.585122470879893,0.108218981290529,0.71704733068177,0.082254388274282,0.729546261359046,0.081153089622003,0.690243157768754,0.0848391655695675
3.15122480215846,0.195220706835284,0.817225833619535,0.126033339114136,-0.485387068233212,0.0848434690739232,1,0.171679483075964,0.226594245746332,0.538589141362826,0.142964474352694,0.581398854088966,0.106937124648434,0.759679642239044,0.086787820894999,0.716536953277163,0.0908866754599884,0.665300446976313,0.0890850673679649
3.10576986844041,0.179746454600807,1.04910597649625,0.151123069885206,-0.541456517044357,0.0703521756852403,1,0.094943170103126,0.238629958618949,0.548007179647219,0.136422017408291,0.705068881732157,0.0913581248898237,0.536546309235104,0.0877981312312549,0.73334775028104,0.0808435544286765,0.671261481839081,0.0866058812912505
3.34889284190247,0.223105779442514,1.0239077602699,0.168939723086765,-0.635554895493381,0.0562786350707861,1,-0.161134635705678,0.268625160050976,0.770628978060271,0.132741034586242,0.764968633038878,0.10780958483555,0.710973507471678,0.0932445328461311,0.827145342395508,0.0876577134454312,0.633261260844306,0.0962394253192696
3.00895956997013,0.172561049825576,0.918630615148967,0.134610112851811,-0.560751919876329,0.0661020871048705,1,0.0381937632251617,0.231036895567022,0.663283024661419,0.121108361456034,0.71717782745849,0.0909236206452243,0.638258311625152,0.0833722966780194,0.679244663600132,0.0836289236485566,0.56274296912058,0.0880343432093689
3.26143019443303,0.198449818484252,1.00790737154698,0.148922255473175,-0.614680369374743,0.0587472567606015,1,0.269030357310541,0.220086456910746,0.540209197535265,0.139265722076817,0.81944108331903,0.0885057726159298,0.58376934566022,0.0947935827955514,0.714222578128591,0.0770455317637349,0.599447628303622,0.0945268145112157
3.05265692366304,0.153770935814468,0.899728381369507,0.122785404327123,-0.538838093320436,0.0585026361794541,1,-0.394272397815178,0.282314387872545,0.801918033673106,0.128125967444424,0.742839571707374,0.0861694839655346,0.633855870362503,0.0826425926541485,0.776317629458216,0.0738620261792435,0.48416681694823,0.091698018994558
3.57787965555721,0.23040075828016,1.26667139765447,0.187503648289207,-0.657526623918093,0.0571696599321838,1,0.134048786728658,0.262427650514252,0.712643173482154,0.140494833669606,0.918115580086824,0.0896730936989564,0.701604421591619,0.0986653399486544,0.680308264014063,0.088730827439605,0.89055008786968,0.0877961875953311
3.01441950725133,0.176169873050699,0.815510435769384,0.1181153684575,-0.57097729761634,0.059179539731103,1,0.0125001015020286,0.212634491779754,0.709502132247591,0.114624921582296,0.491486821143338,0.107341815360841,0.67783870866079,0.0879988510757388,0.641935990870823,0.0821124893155017,0.571067292836945,0.0884498012654007
3.19462755646803,0.19161616054843,1.09978373019554,0.160644033161046,-0.625600789108479,0.0517516727333498,1,-0.279111007754613,0.221626558274953,0.798965182133863,0.110103370238136,0.711874908564219,0.101016328897845,0.727653570360938,0.0806606715293013,0.698784489810555,0.0856760008021788,0.809518480920234,0.0925829948412049
2.91116199575258,0.156182376057027,0.853663558338505,0.114801696860659,-0.608647508003206,0.0572190675335566,1,0.234860317143052,0.197730491751025,0.428851099490078,0.130654526043703,0.654987968571931,0.0946857978088132,0.590857408844922,0.0852861762326924,0.733655659691566,0.0733342190567919,0.627108896392949,0.0853361950923542
2.80523210358981,0.164330250228923,0.904428390932381,0.132972506167199,-0.526122946254342,0.0615510524227636,1,-0.0707648025793738,0.207230644644845,0.513600062824884,0.132541132872077,0.65434418639934,0.0924220981976723,0.53556851413782,0.0910796328160839,0.715950331883349,0.0809467259175349,0.705284741827136,0.0767001634204257
2.93656697903407,0.151055224118725,0.912596344483003,0.122043378950515,-0.531317323703425,0.0607023870587128,1,-0.541804004728851,0.279396666649306,0.779731838155622,0.135347179402145,0.706323994732823,0.0858096661148511,0.43968498461519,0.0874068586247241,0.637976065537357,0.0771935943372926,0.74852576543016,0.0759337581035555
3.42246254344517,0.19296304140573,1.08689731573148,0.148793126014159,-0.605609549565521,0.0537980550548096,1,-0.109618326363969,0.247002390291686,0.720208471620419,0.125244146513268,0.69566240848534,0.0901467992700975,0.786136691869298,0.0810576050442873,0.781014912274072,0.0899658434446881,0.738041861381764,0.0814310221748512
3.48421803257035,0.193735843302389,1.13309698788487,0.159115444615184,-0.670772082524191,0.0522215142991729,1,-0.0173303075973574,0.24148054501788,0.78750726275132,0.122157376156519,0.824394927387751,0.0915307393768916,0.692224300885065,0.0924876273397141,0.745912772416075,0.0834980205941341,0.761119412078564,0.0924067710057108
3.15526719466901,0.182425047226636,0.850285815264096,0.124275741751673,-0.621066795634048,0.0534460258193911,1,-0.387740173864698,0.246156518893788,0.895530201788259,0.116655219594785,0.662894115978826,0.0936437003306793,0.706375127091869,0.091183778161718,0.64074438560863,0.0870197007226664,0.744946274949671,0.0844479683801976
2.91842289111406,0.161578405919658,0.903514974322405,0.124347344926592,-0.511926268459529,0.0663290954865194,1,-0.166571714552062,0.242059065250952,0.602467324077389,0.136445788376143,0.653758721430549,0.088197967599957,0.735148986038075,0.0799492448111893,0.541729095931822,0.0824667078887306,0.710243480948565,0.0804650087420122
3.4597987952413,0.187503888986848,1.19810703736417,0.166169337806836,-0.669490862607527,0.0483003906865743,1,0.177743219833815,0.234589510434919,0.773090724440499,0.123427535724234,0.689490514564226,0.0900594424375707,0.692437506305434,0.086337426071376,0.89818705542796,0.0728698654894345,0.694833714852891,0.0894405964314381
3.26108842221791,0.201125617741179,1.11044926061712,0.166989269283327,-0.620421798541241,0.0536283576920008,1,0.134703048829704,0.215586491778308,0.645883300885088,0.125613322704992,0.676045066495617,0.0911273548485828,0.742363833467673,0.0910202105222565,0.741492137356975,0.0849655935789499,0.784487872556368,0.0922809507662816
3.27086333107303,0.182373189607476,1.02784539475257,0.138873817428929,-0.67643549765966,0.0422237103165266,1,-0.124904076443503,0.211159824457253,0.766716117059221,0.116449865852818,0.75470828024051,0.084646417020326,0.662346308165655,0.0871482217419428,0.749660283234145,0.0812443089395782,0.572651871135399,0.0883489372873031
3.46581941635881,0.200590414123905,1.06226694690855,0.157730427157175,-0.567864658519906,0.0657073125394162,1,0.180354245661415,0.241803771333168,0.797471221606979,0.124690487837612,0.716692010817488,0.0987408141326642,0.604109805476327,0.0924367635131606,0.810586092859075,0.0839341616653218,0.717771546898366,0.0857966410707607
3.24940635381114,0.199912864189835,1.04409569922365,0.163474664655986,-0.586830982072117,0.0601976034908581,1,0.0493274858504585,0.202074276092433,0.754048284114757,0.108686647721634,0.705451887824366,0.0926226367906887,0.621752101902259,0.093691738957397,0.772659588736099,0.0841585595920205,0.663663591349697,0.0931684180240855
3.09288410423541,0.169330866014849,0.955866791507518,0.133189289547065,-0.593427742401798,0.0588792839151952,1,-0.178896388300707,0.267164361944285,0.857527376200383,0.121333213372525,0.546569690595871,0.097459574710121,0.639893985284558,0.0849714365882428,0.699594640778428,0.0771025097409934,0.736375738643296,0.0815948477341508
3.33867972718047,0.190226164179713,1.04442996215228,0.161575412249535,-0.678357194671055,0.0480443909844287,1,-0.593422533704638,0.295144937075874,0.859027960451469,0.138674836864107,0.904907436950623,0.0930469471499875,0.722021019923871,0.0905965039456774,0.832139271111318,0.0831670114269244,0.519250049144754,0.0933008340206162
2.97794474937894,0.172766518229321,0.940543270924245,0.13155924367431,-0.540135440964821,0.0680830706349493,1,-0.542646786111607,0.189212485058683,0.69896043069663,0.115610041728819,0.733855718519336,0.0893408236558167,0.693073253128004,0.0799237334486837,0.586553385927591,0.0850435983788163,0.674426874835472,0.0868295951467213
3.23796752841478,0.197614040116397,1.03581522386218,0.155933903011555,-0.601583770897322,0.0632491877018815,1,0.120333944940834,0.245508279037693,0.760662134373618,0.110052501352365,0.706014702750244,0.0942778474243041,0.668303620281228,0.0874821423163854,0.700887568002139,0.087333188928954,0.728758776790056,0.0897697799010451
3.43325008409532,0.192563506073408,1.12753745774605,0.156100662666911,-0.587527300739754,0.0581409371778249,1,0.33746611822648,0.211034927202172,0.586492018440756,0.123444009840047,0.749943066085644,0.0994357393050295,0.759874155792552,0.0913564780125014,0.798783943230956,0.0754152417456124,0.669577638986677,0.0867908625265067
3.32689390278606,0.204088693280501,1.09058016681069,0.158424220707479,-0.612924487131878,0.0612682421949414,1,0.142731331918793,0.250913627439384,0.760093552945705,0.129153274916857,0.613727625342568,0.10621058841244,0.725902419874298,0.0818894056641502,0.727669200922133,0.0901276045085533,0.671475196403371,0.0888717163544977
3.27128475850683,0.210171528371708,0.990470309731095,0.155304906303203,-0.639111347479711,0.0567218767996836,1,-0.0101773802712949,0.221095505725048,0.69111725174558,0.125271192488187,0.757382356788827,0.0980224278689113,0.713501684814588,0.0853215233769871,0.805719972748231,0.0864533872062034,0.665795343735706,0.0959616394607547
3.3231493130474,0.19396964557572,1.0404271797795,0.149336762296499,-0.59637133290909,0.0602154699997196,1,0.135828981596851,0.243334395722085,0.594480951211202,0.143696035317407,0.726743263119689,0.0983122057766316,0.844494101479741,0.075654769974484,0.6863844029026,0.0849076228599914,0.726721527531488,0.0885986526823534
3.29714833424167,0.205488981039242,1.02147951472848,0.163171962868662,-0.667660497959543,0.0505120593359288,1,0.0506248407142742,0.248000801973265,0.707324592940319,0.138664536286867,0.849547818118987,0.0947752052306279,0.636286685099927,0.0941318560613091,0.688223480164736,0.0882388941588621,0.724459322160153,0.0912573370071804
3.21402321996616,0.181114678164324,0.971082782997112,0.142284426714316,-0.553205037023478,0.0643802208471275,1,-0.156456946284189,0.259116222385163,0.661077475189929,0.137980000462265,0.705621426584056,0.092385522297281,0.660386489229512,0.0958970822829659,0.764587184409548,0.083052400607225,0.613843580640928,0.0891104927424765
3.31753230848675,0.202700453422347,1.3177335760177,0.196882548687486,-0.632454767228838,0.0536169598821836,1,-0.333739141549056,0.286118236681205,0.861320466586889,0.123108202460381,0.724005243875862,0.088606510887193,0.843605820099494,0.0810330038057523,0.535296101898205,0.0909567075473604,0.814257637207703,0.0893101333973755
3.05210315119365,0.17353392352156,0.921834431426551,0.132407574022373,-0.577233512807349,0.061364586932898,1,0.156159822618767,0.20529578356569,0.529968847190682,0.129740288838824,0.778183874397011,0.0918315132728431,0.601398674591623,0.0862197649915,0.646012796187173,0.0824671683761835,0.601345386469164,0.0896387551894217
3.270186770105,0.211400488215649,1.10911443746262,0.170500733576897,-0.536263503827804,0.0632486110918062,1,0.0845176546456692,0.27642363468909,0.582703425798407,0.15096229533824,0.858045417604694,0.0894962212978717,0.631170108534231,0.0944741449855546,0.630772545980768,0.0884894856438307,0.666789434236641,0.0879929054512496
2.9438642331976,0.157757462084897,0.832581832552613,0.115976984608081,-0.562881819670736,0.0562905874079643,1,0.127533390836734,0.197571371149096,0.57034596162361,0.117512617969304,0.431228315221376,0.104725096532913,0.684919722476644,0.08114381992656,0.681945775356937,0.077738544506646,0.668132390176024,0.0816245612252886
3.10075686579221,0.171529391387357,0.942903034819722,0.137573242708323,-0.579477020933666,0.0654085016172304,1,0.0331121190971699,0.196098279431873,0.482690141012149,0.135002287416269,0.849927931459941,0.0838504338359493,0.665828314409149,0.0871725224485528,0.634902904798484,0.0884443076639922,0.713075473494205,0.0906503347979362
3.08109794197466,0.196243052204976,0.816121067603007,0.133173786483465,-0.593755038566865,0.0642839016925477,1,0.0728307627100437,0.241788090085433,0.639892039209339,0.133114016866576,0.596713075572124,0.102629600269054,0.52826035393682,0.101285306646617,0.702960655263577,0.0888995051527929,0.653589893295011,0.0879230303800001
3.29363769799139,0.205159033717864,0.980372270895067,0.151751510148019,-0.507582425396465,0.0765362528805059,1,0.246231250601668,0.223112353919555,0.569434597062769,0.140362348882409,0.786687191292084,0.094079022975223,0.559133083554914,0.0996063862056422,0.811589253440222,0.0837608930807153,0.715759066779033,0.0925645290627071
3.06584743972695,0.177106092641228,0.978660604996554,0.1479642175671,-0.597482311981117,0.0623563374280014,1,-0.315579912315509,0.249610191962673,0.781407178552848,0.127026138709993,0.645487708181168,0.0984795035098291,0.728599049273429,0.0833838332246796,0.688477666086926,0.0819169434584554,0.604166987596177,0.0919490491753327
3.39456370081886,0.216540190615652,1.15156210143042,0.17622238095075,-0.665075879484094,0.0479314211944184,1,-0.0168107252281524,0.26963118425978,0.720340147779261,0.132117875606442,0.841826526381043,0.0900678110292392,0.662728858926127,0.0957818263239809,0.715501917092246,0.0869246504804239,0.753446697303958,0.0836389602793878
3.15555232638313,0.179474849841491,1.01263040167358,0.145272749939852,-0.572400307578706,0.05820986316915,1,-0.515537477739338,0.259608377981005,0.965919095222766,0.111982726727459,0.625428326727201,0.0951418043221722,0.739575918127486,0.0826129326167016,0.709911457984057,0.0815963408249405,0.655517826780238,0.0853135825021456
3.01731020143344,0.174443214495985,0.993088945637489,0.139591353242618,-0.498066385982504,0.0688534259887856,1,0.0377773674883827,0.204667404490954,0.574844006472186,0.128864620009439,0.676315277417062,0.0856823197919369,0.615955056190518,0.0870872168135954,0.720170472792303,0.0787184030016568,0.617144749388309,0.0829449108495999
2.7727347540592,0.166929183487303,0.801701861553409,0.115676073648526,-0.518592320709647,0.0634750642232595,1,-0.0550804945552456,0.238730330404561,0.493128062382059,0.136222017928961,0.609672875399159,0.0953169353375616,0.534204459577686,0.087654687835197,0.654557396986284,0.083465432332812,0.589457167232421,0.0857977025740039
3.21418656091733,0.211800469312735,1.09531997470356,0.167857257572329,-0.669116358570128,0.0500875950636601,1,-0.145454852682936,0.23485503274001,0.752356628032883,0.125978537862241,0.674727070820901,0.104656656595571,0.746888689823639,0.0913524639514254,0.617602213310399,0.0926540665066517,0.561962414329946,0.0950872558412591
3.02291304500642,0.190096533122038,1.02447091193455,0.154283030401543,-0.587227437607094,0.057842516236952,1,-0.0173383703314314,0.276924331331307,0.684191322071318,0.13513702464044,0.581978608189789,0.0974839560107968,0.791794255377491,0.0829585952950512,0.619311005368161,0.0900686585805975,0.548738647767204,0.0947736806576981
3.23387697196534,0.199330104205797,0.931226911067882,0.144629461766513,-0.60724523379773,0.0574373987770312,1,0.252798036348031,0.23036909323481,0.604573595835645,0.122900871395494,0.796737418753811,0.0890836782972727,0.733839328178759,0.0875075785355184,0.604116889077237,0.0894444159100707,0.65366426871476,0.0933626561258038
3.21321160232206,0.186043809096981,1.01126045600993,0.149518817804205,-0.597693905475963,0.0575080534890925,1,0.0826315641958258,0.228298549987222,0.629328061397818,0.131073689757969,0.772228403155375,0.0865007425176428,0.622993238169715,0.0888092376820905,0.754657535332322,0.0791464121039934,0.727913824338316,0.0862143360220917
3.11465680647708,0.174871480698718,0.995151608404856,0.144660366012365,-0.612461149985404,0.052953607900762,1,0.279299784538958,0.220363645355359,0.504241372546872,0.120025853892937,0.692719335510815,0.0941676452037335,0.615694001000333,0.0917158598863798,0.77228280909281,0.0804188659244257,0.688861460323486,0.0908396441888727
3.19097725987444,0.183005565271528,1.10236250519898,0.149187392774304,-0.583990450732237,0.060165735779424,1,0.097959633607918,0.229905643877406,0.710204458890764,0.10921292707653,0.640109561234172,0.0963655250408378,0.76849150724927,0.078347784427243,0.634218671627326,0.0850953485962991,0.624358797830446,0.0863030236699904
3.18548233268062,0.212998247094226,1.03169582361618,0.175424762807569,-0.55258049669713,0.0679871873497306,1,0.0745306257895254,0.185916679386766,0.631761032796901,0.125567114219206,0.675167915378598,0.093803099660904,0.720171349245473,0.0910678531002841,0.588344372985856,0.099455511272747,0.644757007664988,0.0992613792843587
3.13820354081367,0.180199394785142,1.02253241688339,0.140702666921571,-0.628382870185875,0.0496840834851709,1,0.000900297412611776,0.242997520861523,0.594618216845995,0.124814804185872,0.80545855064695,0.0890399009817972,0.698376657973559,0.0834286568139976,0.734927774716793,0.0804071964668312,0.629820170737507,0.0843548435241833
3.58688491132823,0.241980292536736,1.1924015762006,0.194162563555742,-0.628031283290035,0.0580924929880774,1,0.216013868675526,0.239490173160386,0.818289387827925,0.125971058056326,0.713995221237304,0.101231336602303,0.761890525593317,0.0937328332640511,0.80224990558462,0.0942079693770724,0.643385329269917,0.0959409267243822
2.91748987816041,0.178328026141976,0.791272171714954,0.119964836388472,-0.538433843977569,0.0660762409079659,1,-0.255962838798975,0.197735882530796,0.744673442631253,0.113858900896774,0.635986172804375,0.0916342953484395,0.663896987605609,0.0871034181086261,0.637318240644826,0.0848195596335776,0.536718500154968,0.088155914024762
3.16749066802862,0.16414537375187,1.03583321705537,0.143030724545104,-0.535152943760557,0.0602996329445714,1,-0.377819043943952,0.236806034715211,0.974511720011709,0.101268182714471,0.610564617297445,0.0932236152359795,0.708185822246081,0.0881644553404296,0.57387815803286,0.0842511166561063,0.748527431396432,0.0796407443919551
3.32666832338546,0.179286201138451,1.00755590458768,0.13836438079485,-0.630512264616669,0.0474604380179956,1,0.236918691495329,0.211708588884628,0.785785172087711,0.111981127732792,0.648198137672042,0.0947178584012189,0.704733575083998,0.0846111737474355,0.619173656379514,0.0804916712476208,0.862633994348172,0.0799081624902179
3.28410170736846,0.198592790294024,0.964900212131577,0.146991997019039,-0.557653314160526,0.0654121919105141,1,0.100546886316046,0.220176236282366,0.748982789398656,0.120271393359512,0.742442210353506,0.095651570271661,0.658078048982234,0.0967864224023104,0.642977431054436,0.091183381763028,0.775908684993362,0.086923620188246
3.23791197271257,0.185541369877498,0.97191848394761,0.141593909828892,-0.638434064593651,0.0494085290038377,1,0.19551892038078,0.234215941134958,0.6397925724574,0.1193319898525,0.785336287373891,0.0898368379889503,0.634924912970444,0.082465321431015,0.751188172756619,0.0809084390403997,0.678070785311529,0.0863334358130376
3.16388852002372,0.17717965712711,1.02108531393983,0.152239244639473,-0.583355868030056,0.0641979300568723,1,-0.249311282993055,0.206925155414824,0.823936991899409,0.108210942609944,0.690144754832246,0.0876675794328041,0.676194831717996,0.0823198023399531,0.532970960916839,0.0976996778147708,0.684092011229063,0.0930839874025861
3.37272320831459,0.190865455880667,1.17217639944128,0.159734524962461,-0.619030544324432,0.0589164428426558,1,0.378579286884124,0.230918281309688,0.671193307930896,0.12483375290636,0.634080310329667,0.0980604158314289,0.777764524759448,0.0830991245696538,0.730782883560443,0.0806985516188108,0.710175709600894,0.0848954341376952
3.00159702996935,0.175639723447931,0.776448431327642,0.116809494134553,-0.548626214558335,0.0695730741047492,1,-0.0997630873291592,0.216114049283445,0.602578588326598,0.129892045355238,0.622049753280559,0.100787202236357,0.76607309597697,0.0837578550579475,0.61430467733208,0.0874412329831358,0.53988531588545,0.0916579317864325
2.97411460306082,0.182584337729272,0.904430945571845,0.142299284300686,-0.572333261574882,0.0653121529912998,1,-0.166151189547154,0.225973601188695,0.602105448094645,0.127783835182207,0.650193941715885,0.0926169788187563,0.658175002723279,0.0903508708662876,0.662872132279916,0.0877095873233202,0.630511599898034,0.0916774303155299
3.61381540251274,0.239164282271246,1.26282974346019,0.212401647024869,-0.613471560806526,0.0601790579757727,1,-0.46862269741451,0.265288777597638,1.0223636285489,0.115605109943543,0.937999785221263,0.0860315826307286,0.677692721066441,0.0922976212335355,0.652602608535523,0.10273503131269,0.753730531803622,0.0912884827409373
2.97914699629163,0.182026307340444,0.900770889214951,0.125652847158223,-0.471833284925859,0.0799379953584729,1,-0.0291601656196421,0.208348321186068,0.614636018502064,0.120267737729612,0.636912393077153,0.0966571476951861,0.524244069625572,0.0866732335868018,0.7047253629161,0.0859690952143048,0.451073550295096,0.0930357164695229
3.48207108436276,0.204495089780411,1.12917779172543,0.163174414319104,-0.626764760956284,0.0532137560229524,1,-0.253465108411076,0.295808346324157,0.822290839396095,0.145465374301104,0.707938365743433,0.102565324107923,0.808048100534218,0.0742238910475662,0.622519527487845,0.0909618294935679,0.908569332331372,0.0821729937381121
3.17929039352219,0.182637274622353,1.20146694910301,0.183485282028695,-0.644982558244348,0.0533532534530931,1,0.00830722754472947,0.263847727589233,0.734400601717756,0.1193109063441,0.668544865563331,0.090695120601608,0.724221507997303,0.0873788484294489,0.710615671418012,0.0813964257900023,0.707698961535473,0.0865417925363563
3.10651282655698,0.158767248259495,0.89050096754402,0.126943640531166,-0.553412429959467,0.0576227384145872,1,0.0359945472566578,0.229000637992627,0.645393515084226,0.131501299624258,0.696289233933583,0.0913596443295372,0.74953349513334,0.0753057545707741,0.728019674316136,0.0787271241669478,0.629086507202973,0.0829637729165457
3.54527710665967,0.228647318380942,1.18341431943462,0.191148807482547,-0.593749246736929,0.0625337097476135,1,-0.102985117501171,0.250580549965886,0.905624570888805,0.130768608197183,0.74903914463289,0.103531716895077,0.833598161389685,0.0799367726580944,0.685844828768327,0.0938527995710286,0.787619794229923,0.0961559047845117
3.19411304263458,0.186072826916265,0.971671173337072,0.147208850941921,-0.679063309706901,0.0453186456988558,1,0.154798892937024,0.205199596998909,0.724900496457766,0.12456205100531,0.674920931226861,0.0909900641388755,0.635566909018258,0.0941381927963474,0.688562602260387,0.0855121555902847,0.661551986856497,0.0897496099331089
3.11269649632138,0.198735468944512,1.02585771448558,0.152120998700483,-0.571191667463289,0.0622032849662785,1,-0.0289096679594065,0.243760974031295,0.707424154640244,0.132000220520541,0.555478864130391,0.107497400368596,0.641350997639696,0.0868328127030907,0.747987307817709,0.0819418173134192,0.565165679420677,0.0921156194221633
3.31288591870966,0.200637391284599,1.07925680009565,0.153088447975556,-0.666112891188544,0.0497887227171665,1,0.0238057604958019,0.2326163317298,0.597115072969113,0.129465190263294,0.86985721828106,0.0892326179672425,0.657417533111603,0.0890294791748078,0.808810890851559,0.0813943817965564,0.816905162997767,0.0872416834079942
2.89481803763842,0.150930970389584,0.654891387160641,0.0936523862011887,-0.608550500110273,0.0526582734847509,1,-0.286655383563258,0.18704536984785,0.669175378622237,0.116803213465964,0.649810889642103,0.0903106087161327,0.641556075780167,0.0802173265511303,0.651390194299561,0.0812014100390719,0.593349179868993,0.0830732630835503
3.23512064810973,0.207655184762352,1.08356130955377,0.171933516058943,-0.635795915955413,0.0534456358923393,1,-0.0672416043039887,0.199574379387882,0.735121772467863,0.123220858620698,0.783749590469288,0.0953985379794789,0.67049827994971,0.0907239043958355,0.712163135781981,0.0953211597694409,0.775581266466233,0.0870005047662781
3.27472990858887,0.197318814644541,1.11311302128433,0.164465711780322,-0.605202645173998,0.0569708291782554,1,0.294126825861912,0.212663385188713,0.560692995125357,0.128687149333803,0.585215958921836,0.102429289620669,0.743899084259999,0.086724037463797,0.649028167578788,0.0860361573893916,0.738828120865641,0.0891401645908066
3.03892255870928,0.156799755910019,0.929352212047538,0.121797381666026,-0.547167873451217,0.0598626290294645,1,0.124788268153267,0.184952206184795,0.616739273364256,0.113477690725641,0.679779141247594,0.0858153884180279,0.620859345253309,0.086065063309253,0.545894601730071,0.0869259694507261,0.622916576034423,0.0784483167452664
3.11480170428565,0.176646721016114,0.964540173520047,0.143865354485092,-0.535423034163238,0.0625017262843059,1,0.037423030471367,0.223796341409269,0.628207509266895,0.116050016624256,0.750022285920454,0.0859797235502439,0.569925020504244,0.085588472171554,0.549125447059218,0.084602510526065,0.739542222553332,0.0817270806661382
3.14393234466839,0.165242161076469,0.957438451556861,0.120733674825333,-0.541425364555998,0.058145543182812,1,0.23596936373672,0.19584717721182,0.66141755974951,0.123022254913359,0.472072663200059,0.105467372995873,0.725250446496053,0.0879058774886084,0.638024920600587,0.0789565349998412,0.666875762324656,0.0730090104942673
3.08513708773761,0.179889107765742,0.946956524078755,0.139857141448684,-0.507269262572468,0.0716412346993712,1,-0.035688383809184,0.260665779048614,0.697180580217222,0.129723278831018,0.654665345164729,0.0905861534114474,0.652018025447458,0.0862781485281063,0.686108951306304,0.0858518641776179,0.621698554788105,0.0890005712952482
3.23445800649344,0.198569837420165,1.09802745268646,0.170915271640032,-0.612081970507052,0.0564110956075087,1,-0.256951971045304,0.254953376819284,0.942988530226257,0.112027859304696,0.718709465876926,0.0885311039299879,0.650182187211118,0.0878994785677952,0.516958226122455,0.0918436512130728,0.915940648564852,0.0875250575630711
3.04455645354908,0.196836284779781,0.925921330778006,0.143978489076429,-0.593497212527659,0.0647523430301533,1,-0.354400671745278,0.231312015591706,0.7869326084865,0.117330247454416,0.734648299859472,0.0918681303816617,0.573057443878752,0.092230271166831,0.716302501437497,0.0873672980516496,0.684673461677457,0.0868867105437905
3.19878904663343,0.200642038890041,0.890677081595347,0.139913624049816,-0.54750377429333,0.0639539551420974,1,-0.215246719486606,0.278049948375027,0.750694944238652,0.140381351355914,0.662319359375706,0.102209651643489,0.805160383248902,0.0824572709511556,0.639879807522688,0.0837127329349836,0.662009022175543,0.0839585903503822
3.09098500953294,0.179013395210854,0.959032109828777,0.14840513800249,-0.549414648614409,0.0649363232495698,1,-0.0305804800623255,0.188128008302008,0.716145337249617,0.110191157844778,0.623860508500176,0.0905524715499011,0.775124738749162,0.0837971236610493,0.617206026007003,0.0896600180563338,0.672537803041406,0.0887014513586148
2.93145473463134,0.1717098055525,0.943329567304023,0.138215169211465,-0.497103139105209,0.0757219884564981,1,-0.457738247157632,0.215890453622175,0.818146803012829,0.113435671895602,0.619631892972975,0.0944179780587207,0.546431907999814,0.0889875872090006,0.703143703460476,0.0789385249963233,0.682065455098338,0.0896637843448056
3.16160828518417,0.179154859303378,1.03578461339553,0.149473021305362,-0.604465687551781,0.0591523763288942,1,0.0710765772894534,0.222116428406879,0.493606542937841,0.134766438941566,0.906390588222402,0.0808747713245499,0.568603392648851,0.0856387185822514,0.785213135675905,0.0816623462941127,0.781663797968566,0.085674773733029
3.05578312235398,0.157117159655082,1.02598689887023,0.138662011574163,-0.519828697091229,0.0628100229418496,1,0.0576650420361433,0.216302432272258,0.737850850062309,0.110690335238215,0.550248197690422,0.0884473083261822,0.589805279394202,0.0787216164225046,0.703596630147057,0.07995331565257,0.718721797957633,0.0794461118427448
3.46090967262191,0.193562302978197,1.25958747763437,0.180175034853467,-0.640717933644765,0.0534999514186517,1,0.0191514884083583,0.222402375143641,0.741364068503442,0.120150581755228,0.834258490911016,0.0905538964732259,0.758849083933754,0.0893253263739944,0.766043394613549,0.076878789547069,0.815547589907299,0.0872736237203979
3.12032231682895,0.176214434433152,0.980620926642713,0.153161067537732,-0.557690398872075,0.0694237303068322,1,0.105717999128856,0.187194495579304,0.594858032545546,0.121511471533549,0.681652826372875,0.0989298704078144,0.638073641131309,0.085735107963849,0.677309714085633,0.0836076868359725,0.493538245689335,0.093162828218693
3.49157854134453,0.186404841557364,1.26858687719674,0.164583435720057,-0.616489668898167,0.0503452133291664,1,0.0914233749756901,0.300863389056746,0.636648414849584,0.152798672447256,0.787617434046709,0.0831929931751861,0.87849751654166,0.0745886275421121,0.741545025536179,0.080002303300583,0.642135213692441,0.0905896325951544
3.12707956544137,0.191611171337812,0.84636173653917,0.130042878107231,-0.585284073956643,0.0660745073484333,1,-0.0442090434110631,0.221578973299502,0.643496615065376,0.13500254528324,0.680718092866084,0.097275126805158,0.585044118950529,0.0921620184237758,0.697101955103654,0.0827790794009285,0.617432483255483,0.0897287598525101
3.53447867136686,0.208239767301728,1.15821486794763,0.171218579763675,-0.608953429209908,0.0566408922838264,1,-0.458526835403993,0.254489629828038,1.11083877713537,0.103268892304422,0.781009057395996,0.0906537792010152,0.520766309490524,0.093201248000942,0.844538974683566,0.0790335437684481,0.582385814114495,0.0955477030287338
3.24938835902001,0.157492154232378,1.00180561269996,0.13630516518358,-0.56274628958139,0.0551535785199486,1,0.165448573342217,0.235238207447898,0.714472820173206,0.122402465410758,0.645766476582299,0.08478485934776,0.635375137745367,0.0822719386478294,0.697424513019948,0.0767945507038861,0.784168739829346,0.0812390021805545
3.20129086708351,0.192683949121573,1.03807042637691,0.150015474613967,-0.502180616389139,0.072861392621079,1,-0.161944526419704,0.236810659034363,0.902392468889982,0.12009631781531,0.569031117384794,0.101797291948417,0.546933616808913,0.0899854667861589,0.726218152630195,0.0852601502587144,0.691553159002146,0.0858652579014906
3.01484443207389,0.176274727307254,0.836784009345704,0.119308932281532,-0.472691172996472,0.0797741438639817,1,0.430880854376394,0.227787163344677,0.209690569213807,0.160772708623615,0.628168021962204,0.105794536003353,0.722999879325291,0.0825290848134015,0.491730815770714,0.0872930628030404,0.706361096831763,0.0818428839332433
3.07478023463452,0.211641972087476,0.972626657791098,0.16598211358117,-0.586621413171938,0.0657522343303543,1,-0.0224150068807859,0.212588407125341,0.669028960837044,0.123719113304141,0.684491080366297,0.0978280780499926,0.755977994070717,0.0906685468581671,0.603767701591533,0.095769011284808,0.626106596538504,0.0932796162617733
2.93416526103552,0.168215393752489,0.781194950312465,0.1118592058304,-0.439226658089917,0.0781706104644687,1,-0.23717157179779,0.198308247880743,0.692070306006389,0.118408162218401,0.652917623050183,0.0983769115803594,0.667423316283899,0.0852574598040744,0.545412898432339,0.0837333574361002,0.733002835601794,0.0818966995106453
3.64251772654996,0.189140735720223,1.30522538661342,0.186089980220643,-0.65765849391026,0.0525821653093085,1,-0.0728972227693713,0.256952093450548,0.964159795865917,0.120592842908089,0.792999746894942,0.087675137282301,0.718617774508992,0.0885194559744922,0.781847984985203,0.0919367709695817,0.762304503256633,0.0793907191200587
3.16590613455068,0.174781005742906,1.05886323387105,0.151867318658235,-0.579431626486483,0.0587245142274323,1,-0.287804909567512,0.246733657060872,0.819282674909131,0.11659781651307,0.770680176543627,0.0867779243724056,0.545902691059159,0.0926888606461207,0.715253316908052,0.078266812460095,0.645168041849206,0.082553266733401
3.43496178160834,0.175509115607335,1.44565180512942,0.185272095538862,-0.644409294501727,0.0441480225702932,1,-0.299930661550422,0.257296098466074,0.880846653432307,0.116620317400339,0.763302110939807,0.085236041485064,0.718418933136557,0.0807562456108373,0.760413651820747,0.0802665142790399,0.875273633028867,0.0741772122914463
3.00953093979164,0.16827506635943,0.94606235982802,0.133319958570661,-0.567553300377791,0.0653181043813337,1,-0.45790441986866,0.23592083614913,0.72842428344037,0.131090591304539,0.680373116138313,0.0976995231611629,0.63786119748827,0.0848768321524727,0.755358350866661,0.0720639218770749,0.674986781012161,0.0839403839158576
3.30603020136829,0.187407078089602,1.21611638093459,0.179862161759812,-0.596605392114626,0.0602734471947636,1,-0.217065405420954,0.237552166855885,0.720584603989236,0.125879049591865,0.829090754144716,0.0864498550032443,0.655399109739376,0.0937015595540392,0.722143020432124,0.0841940382230422,0.689350352535867,0.0880735752746788
3.52314196424295,0.202169005729595,1.30543374445697,0.181204293542334,-0.569875435044658,0.0609126161573636,1,0.153750690399201,0.206944716426837,0.725638550705405,0.117864470788238,0.727609128509025,0.0934205136661963,0.913031353159428,0.0809793018532434,0.72529505932443,0.0843100928751108,0.7406874088806,0.0830319460565275
3.22555776217871,0.163551647909096,1.05192987806618,0.136007502514859,-0.598287623860137,0.054574985484312,1,0.131349793810423,0.243759404729502,0.586206279399702,0.135572844294777,0.773582103759047,0.0921538922698429,0.746328671799972,0.0787895838710789,0.688832109739417,0.0718637952797975,0.784749002764423,0.0824459578941325
3.54361682252415,0.201261423110002,1.37501327332783,0.197638843202781,-0.685863930063535,0.0466235524221942,1,0.0664557766137613,0.241866729917844,0.799480969314658,0.121732336984271,0.819168583823046,0.0935540580228311,0.703381164763338,0.0895657120425385,0.8121023711645,0.083304560661223,0.749780871180161,0.0855686349274349
3.02083565006432,0.179754515399043,0.859036298745217,0.12451205641651,-0.52449274391128,0.068824428521126,1,0.042655225207006,0.263035220898426,0.725474739538469,0.127118919893267,0.538717155422707,0.0964416171140661,0.523039659466727,0.0915917526416246,0.783391612306459,0.0805718452718718,0.651927392629392,0.084313014523497
3.0807954451464,0.187249599083642,0.879728628926877,0.129904057581987,-0.6112770465735,0.0567290019470209,1,0.0260704843338516,0.215771936335747,0.620215419056204,0.130969056494791,0.767308823599611,0.0935489428564188,0.539960838814176,0.0891142811441943,0.72311462533706,0.0877464560410708,0.72644020799529,0.081614730399663
3.45877689864495,0.172914127206037,1.40111931331336,0.194054776373938,-0.571613825292005,0.0516071159794705,1,0.392328417318535,0.194663107996668,0.698355015251748,0.106870557571061,0.613012426204628,0.0985451216212574,0.695089161665848,0.0814609823926463,0.732963672523978,0.0720119608577107,0.842759253513186,0.0792254408426697
3.35310023496421,0.208487610694391,0.983741437188467,0.156980943227824,-0.637234820124591,0.0589169607974764,1,-0.142151572211419,0.246015379198912,0.779779379988336,0.130951383580937,0.761455355114279,0.0953872421640724,0.778554982194182,0.0882449079747048,0.683963327033852,0.0917534307102556,0.760764856854448,0.0937190052850117
2.8438167346482,0.147557992173758,0.872682963155231,0.119081750755262,-0.560818309949002,0.0585182006642175,1,-0.540062149914166,0.233177917844883,0.843916605383668,0.108902323677801,0.704717598853519,0.0760120114688381,0.579210076029693,0.088809825444504,0.659761535540352,0.0791383536307291,0.583420977257171,0.085593713305181
3.56524738084006,0.190885554063866,1.25462469983914,0.164022195524783,-0.676245973770485,0.0433296835964661,1,0.214476512193982,0.23861740172291,0.705025870289115,0.116603683878708,0.78386288203566,0.092711092771948,0.743757572724181,0.0831519744677491,0.917464895292572,0.0709226984396609,0.708302090960173,0.0862595979439033
3.12633306811543,0.185904790014848,1.01087687062344,0.153531725154692,-0.613802666512011,0.0528910715949635,1,0.128029140714729,0.217977327091366,0.742207525920895,0.120812959512919,0.450969948718379,0.103049385068993,0.697024048178569,0.0826034977009595,0.771071065150579,0.0802236194370143,0.625422306526608,0.0878703543383404
3.31329350168545,0.207655745678425,1.01664524201248,0.152547154025187,-0.574264663418584,0.064939203513178,1,0.153988495145938,0.223331601039554,0.666704410985389,0.123002286370522,0.691084652575178,0.102463733327866,0.653695464245845,0.0968046590727118,0.795651824761136,0.0864830792173241,0.634766648078652,0.0898478618386849
3.05110865478537,0.177480072327946,0.883460488800299,0.130610627120498,-0.599361914435128,0.0573940140928291,1,-0.108249746601039,0.218835679668754,0.565785287696904,0.137882137367033,0.755692113198202,0.0977578041978946,0.706317910021738,0.0785607111820758,0.685307216954902,0.081384282613715,0.61365648687728,0.0836813292657424
3.62292689000334,0.194582706978055,1.40160620180227,0.19511315225684,-0.699589248066637,0.042748189216401,1,0.176787071485189,0.247599207012645,0.612330181937647,0.144985604377213,0.862014875436433,0.0845931638748884,0.809746430736048,0.0862956728654442,0.702488802621942,0.0826971751697764,0.954894172300507,0.0773165679522981
3.29094496369547,0.206585699670741,0.937848479035291,0.142739554376878,-0.501571888763684,0.0842704443992929,1,0.459644038198357,0.225713456682416,0.51227751848819,0.140293202623341,0.802423552294443,0.100406571096458,0.69732922729391,0.0942556380802175,0.515204957710083,0.0974439471523973,0.586709130944029,0.0902300213693729
3.26947725726007,0.194195158857986,0.979680769194332,0.140356338986671,-0.619691985218533,0.0526813867154987,1,0.0854108609083011,0.241481520554088,0.634077192563074,0.13041963377533,0.732993073938443,0.0945881944687656,0.744127434951182,0.079964413427572,0.773075648164072,0.086526073485843,0.670854845369194,0.0890402416289723
3.34000767970484,0.211679186726949,1.28420497874815,0.196078395753694,-0.611963667184715,0.0611695129841459,1,-0.197917540878913,0.224459403391488,0.657360340468962,0.134377967336626,0.727164138264636,0.105787236559425,0.77747729461033,0.0828126472151358,0.80966804850456,0.0818556344257002,0.652864687477088,0.0889171443063068
3.06783666321359,0.164573555684731,1.00870142378529,0.135749891255118,-0.596097577249902,0.055485720021559,1,0.157348535403967,0.20074843360866,0.695248371732693,0.108133147889958,0.605267335184637,0.0940755465312295,0.550012270171404,0.0860291852934975,0.65902993399561,0.0817355267427789,0.631196914074698,0.084725961071122
3.25515456899528,0.216430282526133,1.02985189404014,0.166147591909662,-0.548098262104427,0.070211904449476,1,-0.0555168977268056,0.235384034479932,0.786331413374334,0.122372713128986,0.615130107026959,0.0928548872426764,0.726795289222924,0.0858981442090852,0.660258249522695,0.0928508347681229,0.806917261436908,0.0904898767837128
2.88632753108082,0.183239594160668,0.693450702680896,0.101365175214132,-0.460516082132473,0.0753817957474592,1,-0.0663710310760767,0.246548573694146,0.723218445213727,0.125186583658347,0.570162077991987,0.0950508576960462,0.495773270754029,0.0954021157070079,0.5372788065686,0.0872286945733618,0.656179261326405,0.0800177368037459
3.16929217928756,0.173522869527368,0.954329405805109,0.133476244684065,-0.585664310658849,0.0550889382143017,1,-0.191534759150775,0.259382082043822,0.676182881237733,0.134612114963729,0.748585496689071,0.0878931151983913,0.705439278778567,0.0811103617954268,0.732412570228549,0.0770972355122011,0.498677955071057,0.0932102445322237
3.22792082712577,0.164567455297714,1.03039226846148,0.133311998747087,-0.602641650460407,0.0536866773220964,1,-0.302648711936434,0.23621100032581,0.766512888028979,0.119049562879812,0.834897746827431,0.077432290054166,0.654114147612727,0.0845765168289978,0.802393006205509,0.074746896622271,0.663024258806655,0.0851971060744272
3.32027353460048,0.211203170628872,0.979771835825588,0.151962142491508,-0.659582067857081,0.0512788770288071,1,-0.24634896727593,0.250141458906867,0.810182103821273,0.132767786239573,0.776843764766442,0.0992174982288829,0.698989769620312,0.0921145707660475,0.716490064028931,0.0910588652981513,0.6047177675582,0.0955907093735662
3.38827408181024,0.202509787351483,1.23437852305733,0.18066450847251,-0.633648026654364,0.0552479661903138,1,-0.170031807751327,0.224365939688826,0.831610573230149,0.113807120210232,0.806412573703982,0.0863826912939067,0.701800081593292,0.0843799729427928,0.716962170549419,0.0859884950796732,0.733392619362807,0.0872048565478308
3.22978194027299,0.163944196053688,0.838006780113154,0.112771619192784,-0.609600655806145,0.0491609229872997,1,-0.0379256328723119,0.230715184454032,0.782381605573288,0.120655270410495,0.636373205995697,0.0964849503151036,0.668036582085739,0.0771462072338611,0.68562327221827,0.0748694898494053,0.766194567060409,0.0873867827893784
3.14016000158065,0.19039886559379,0.918332592746163,0.136420633436915,-0.487968404461537,0.0704847220980608,1,0.0289171797030136,0.178865530802843,0.70199374156552,0.107332460309174,0.661541201608687,0.088466180659124,0.667361026485789,0.0924782668347584,0.616688997860125,0.0896596099954663,0.672380934500927,0.0913879641582228
3.20747470463497,0.16645381984392,1.08317408697412,0.14088210750528,-0.596765933998538,0.0515059764114374,1,0.384539861206572,0.19548135803759,0.553285424010796,0.113462764236994,0.633447553077854,0.0918421879705908,0.819563237457101,0.0767243244165817,0.694801403449829,0.0765319138191971,0.64933839988572,0.0812894183594362
3.52550834194742,0.222927077224856,1.21920781478263,0.18646516087604,-0.667956544444327,0.0519958244150013,1,-0.0113406036768062,0.249360799277193,0.843335988319869,0.120732688552711,0.851489013870771,0.0950097564863819,0.810379156998583,0.0918650063195017,0.540554458885321,0.0940120680714769,0.832838820636975,0.0910608402670313
3.1139202980355,0.169597207829149,0.985846533858347,0.131388347102287,-0.553365206596849,0.0635665965703423,1,-0.129322288009547,0.219482639936085,0.595394311965978,0.135715118794464,0.794934153815098,0.0850894667690194,0.713807949465345,0.0746051383129481,0.625781738349519,0.0842372324410295,0.727988442260629,0.0781117704095152
3.42440960941201,0.209557324294588,1.02432012432224,0.152409255839292,-0.647335681498083,0.0483644850097005,1,0.156598671428921,0.251616949827927,0.673726076840382,0.128249066207864,0.637572957328139,0.103760758220101,0.784902863264423,0.0848544533284116,0.755850656089893,0.0822387486798452,0.799917103392359,0.0839234829602897
3.21498678980988,0.200408090715242,1.00145042834858,0.14516282294909,-0.624656929077848,0.0585251694199229,1,-0.0574855171908304,0.212803266463709,0.615884343288629,0.132544374680028,0.722950628172347,0.103236757055415,0.699104080116616,0.095984506192579,0.711340355707525,0.084521839617901,0.715793502228093,0.0847047082113041
3.13913118541711,0.179793793693765,1.16911931424487,0.161729240429659,-0.622421259840597,0.0538998074490947,1,0.145006779076545,0.201910043738097,0.523625785693506,0.134886347126587,0.77189476484165,0.0906267665561298,0.703459630007363,0.0807619777769028,0.665419090980998,0.0794994241933982,0.666523011061107,0.0822596914232638
2.90669927489719,0.168703608219897,0.781533399279318,0.114627653600836,-0.540821046487158,0.069553323450286,1,-0.140248726048069,0.228456855511525,0.632765057739821,0.123403932018796,0.710871182206928,0.093871768166302,0.707509225932623,0.0858411582561326,0.6464220354918,0.0818355468333136,0.486724747862971,0.0974650651245215
3.1039869277029,0.16557918501019,0.897465548276662,0.125961769652915,-0.593430294680567,0.0552819630933484,1,0.0428110294460123,0.204607279801819,0.671205574054905,0.113589756693927,0.617737501826742,0.0967090144367283,0.785882510420325,0.0770444667984341,0.597506981773675,0.0831015049481248,0.784027521388344,0.0804598268743535
3.07129685973952,0.196183714334526,0.896782653909728,0.142279250790885,-0.55166820946776,0.0740553640756371,1,0.0635455609279114,0.211034215878063,0.566105448582169,0.131595783071439,0.666812591823032,0.096046513938978,0.619991758994801,0.0952474883731999,0.561263230507314,0.0978987458176962,0.632558513651071,0.0931290947614459
3.22781709272919,0.20417370930124,1.01020754289927,0.163098032524431,-0.516486682593937,0.0760526811305091,1,-0.0635366806161326,0.246125430978193,0.841335944657527,0.128624972067421,0.550008986406085,0.101584980383839,0.70913397519788,0.0924213384572394,0.710828105130229,0.0900845663619043,0.707206026920539,0.0902838685682334
3.03466833490357,0.190755369578601,0.94624554908687,0.147570914573006,-0.521315472486445,0.0698207958162094,1,-0.210582861301937,0.230668866366397,0.716518376352982,0.120706018544365,0.736529364159597,0.0903944858742245,0.458772744611146,0.0933350884680157,0.659816550731282,0.0877964586828644,0.632118943942311,0.0893881213174622
3.1053467191598,0.185340336606168,0.904234280963051,0.135001885977829,-0.578377965026407,0.0655876835189168,1,-0.515275274717047,0.240473919068774,0.895575356415245,0.116875467852446,0.745825579637738,0.0889679256389386,0.636219551911371,0.0874619243156576,0.661194402335015,0.0866192807575812,0.764850023638527,0.0878935561126609
3.63271702021421,0.235169927821792,1.4295914739736,0.218489396625695,-0.687426244467086,0.0495937163152479,1,0.0894256436979962,0.236471853685505,0.909473267713621,0.108702297580902,0.69809016909852,0.103775451631239,0.752105123650752,0.0961295283240167,0.804578005827441,0.0926333663521498,0.870064325968733,0.0927739410103223
2.81937970076667,0.163196231938528,0.752782766189658,0.107782485637513,-0.540782534635461,0.0643617750518298,1,-0.388127415383784,0.214839663258862,0.747200236212644,0.119267113685296,0.551627807040882,0.0942640362571323,0.61930788607223,0.0834459423538406,0.595064605771606,0.078865871438856,0.607003222048876,0.0867349528509768
3.18451328268278,0.174713684379744,0.896828430818967,0.132481726451376,-0.577467178330818,0.0610277297972678,1,0.0581246675497399,0.18238889105589,0.752144785342967,0.105439029565845,0.70712303023265,0.0957830665329825,0.622280609729993,0.0833492999069482,0.662631520518355,0.087092800360812,0.665984205866687,0.0855824513695398
3.57776938023309,0.223344981563172,1.30591894794939,0.19492058533103,-0.703421584999569,0.0452724606197481,1,0.451423458848105,0.253813713305837,0.648898767413653,0.142647461216717,0.827947557124978,0.0941653329231803,0.943125294455304,0.082705923047284,0.751324660298682,0.0890059038372949,0.766041710922994,0.0938320153972034
3.54148190797013,0.217241776346339,1.15166412379815,0.165331793193433,-0.680012741962416,0.0488196565690394,1,0.461841201432266,0.232688784084454,0.480281053032903,0.137400195363447,0.829836820640908,0.0944809486326167,0.821988506210006,0.0886360902661903,0.774983351529124,0.0858308376326957,0.833178627383568,0.0879112325572609
3.20496750000004,0.191924829730044,0.95062740209194,0.139553923801721,-0.648675864892554,0.0559132731089707,1,0.0737390322117175,0.266030136099991,0.749127835812157,0.125749180709831,0.523320689138465,0.0984465008605001,0.722383506579906,0.0895332667527564,0.743517877913754,0.0863444548119906,0.732891363238397,0.0908603439555706
3.14260115845485,0.174906583953103,1.00076713410772,0.150275864192739,-0.616609709773028,0.0502409787493124,1,-0.0669188069011026,0.216573656850575,0.776180901330559,0.117053650760708,0.696093883042222,0.0838848674886924,0.552456497217028,0.0836807025070889,0.742794824876805,0.0810934398091354,0.665002240112227,0.0899773659556784
3.23131085396355,0.189906034627497,0.902310226870789,0.13275809146277,-0.655336745388062,0.0515253957454687,1,-0.0560891698821161,0.246580524113344,0.747146598936677,0.130447999545373,0.534268111238354,0.106879163819377,0.737420117436866,0.0802408733937805,0.747872624929261,0.0866356641710128,0.721838410976799,0.0872713463406806
3.00825482904658,0.160878009141476,0.930080233724474,0.125682962799395,-0.457284305194988,0.0735482340156177,1,0.138915286343109,0.19950350292975,0.582284714823137,0.117432301495627,0.525893580875025,0.0933234415792503,0.706999159677042,0.0837771315428543,0.641695700223574,0.086645767163374,0.614374808539848,0.0824108980376148
3.2610155203008,0.188227290177041,0.986119859052576,0.146848049562691,-0.544532693378441,0.0640292608462927,1,-0.0191198735098902,0.191102789317846,0.695547428243504,0.103323405928014,0.683208683240248,0.0965516383771719,0.7533877345341,0.0844559584507328,0.755922743891111,0.0832628377945999,0.634714178129117,0.0861884535316932
3.10701483972638,0.185928259872676,0.989514512897564,0.146764462227664,-0.592313370536362,0.0611656329121646,1,0.0982474094820394,0.26440557742454,0.538234456830761,0.151254078567305,0.758444401698851,0.0893948386031754,0.636630360319167,0.086689555169504,0.643105375807204,0.0876954468070724,0.658670235016487,0.0852531875962558
3.30190224366111,0.239282134447769,1.09149303278034,0.179536493657326,-0.639249397980684,0.0655301556553507,1,0.342348365955912,0.281284896731131,0.56606167211812,0.144330749408335,0.698919220072224,0.111996215318021,0.697295572721309,0.0994320660909719,0.648513768399166,0.0961501453682349,0.825099587613323,0.0901840864786669
3.30077527213326,0.195114798716001,1.11274554778189,0.170596278000885,-0.629108269021844,0.0545663479520644,1,0.0305995395152819,0.278393450471184,0.665993576908098,0.136735560738968,0.749945330438796,0.0974347752741022,0.554287496866389,0.0957371791124163,0.862419064430601,0.0786075551711945,0.672218512958334,0.084277034943824
3.48862433348123,0.22924849402608,1.03337611120317,0.170555765066051,-0.668081682453459,0.0518717624999008,1,-0.618226992097261,0.314643577382338,0.996319188804615,0.136519000314948,0.733033673383379,0.105325243939368,0.76093947249878,0.0919942309949664,0.803325711390764,0.0903999028630673,0.819393299418402,0.0993859344114927
3.00724325699103,0.156521384348678,0.937754112367881,0.134267337805805,-0.573821961482171,0.0570126840666435,1,0.0416116940448095,0.200124063232611,0.594838416594263,0.112609513010929,0.698449268542821,0.084770203732836,0.537869755959072,0.0832247748795396,0.675358372161506,0.0845522120695754,0.71067865684222,0.0828372479003474
3.25900260625429,0.193720137670568,1.01207665654569,0.153229818158758,-0.664175033466227,0.0507198546202089,1,-0.512540636813476,0.278752921010878,0.905854382358515,0.119101862716197,0.748663938754743,0.0912475496339704,0.711237716340855,0.0866365487939996,0.720042548448929,0.0867427647443062,0.628901274058758,0.0890146582230649
3.11554030609377,0.188532402003589,0.799644323827509,0.124781008233534,-0.533822061061218,0.0733337214913653,1,-0.124966429046744,0.250752253379043,0.691740541216534,0.144218072695249,0.760779308108989,0.10060924717816,0.738245656816123,0.0871393532967347,0.662081908969207,0.0815624444526604,0.628610604435862,0.088570885320402
2.9165255474678,0.167666036520532,0.885270811040888,0.130560911402872,-0.544300602033752,0.0657857137399016,1,-0.41731242958541,0.237213677077264,0.770252049497408,0.11962156497438,0.690220299933352,0.0929295989741583,0.623771648032504,0.0841224372475026,0.56251413171023,0.0888508426069578,0.552716374621423,0.086495410438321
3.66312136608035,0.221246026008621,1.34267754049622,0.198531738571571,-0.661216593339966,0.048521033332548,1,-0.0138166285670811,0.275076141590257,0.940175975414665,0.110542219861534,0.749522237996822,0.0994499833265415,0.74081301325686,0.0877926400283401,0.810918567425539,0.083984594547415,0.891754834856692,0.0830879625379492
3.33278758227185,0.194763083260755,1.14697526449963,0.163879781142082,-0.608789349999441,0.059313391070301,1,0.0394956956181459,0.214995731890667,0.599919437693789,0.129923387609783,0.829945085600534,0.094951501652423,0.801019535680638,0.0832605638539056,0.667413403733049,0.0858060704800066,0.749904576574875,0.0881502154735689
3.01273875106905,0.160470547364713,0.960286672807191,0.137885672571038,-0.521074574570632,0.0729172945747558,1,0.0945554398688843,0.220159265819949,0.551063653831408,0.1335281046135,0.622260518854271,0.0941024543159363,0.768016511476835,0.0787105013909299,0.614569501915458,0.0843664766195266,0.643617295215774,0.0816684954084573
3.47488828716062,0.181705966698399,1.06958495414767,0.149049767880661,-0.566077174052732,0.0676947758468471,1,-0.00246325544592837,0.192340640801754,0.911652177121724,0.104308845848716,0.71387559360128,0.0981823562854673,0.657622497342356,0.0885013363162918,0.772835357930572,0.0853028768373498,0.739821677420354,0.0823746271961354
2.71774894102594,0.141566233921615,0.660109828329979,0.092530321825998,-0.493022166075713,0.0579807433763098,1,-0.0524954831669057,0.187860343218324,0.624762603975172,0.116004009920518,0.48984859055778,0.0968624370124025,0.566341192245037,0.0870936731683387,0.503983278723439,0.0872156814349704,0.624102351910598,0.0786759686973271
3.16549410792175,0.187696307885856,0.959916890250813,0.137950198116765,-0.577600129037735,0.0627883282801258,1,0.217883397485931,0.243739264912506,0.64696990760896,0.135135007735232,0.667487498189857,0.0980026952509652,0.713175471998351,0.0838752039400758,0.762141089284739,0.0845927668935967,0.718475670436331,0.0764685754138571
3.3612769547945,0.179023694626481,1.07267032648237,0.144247450164141,-0.469677759417198,0.0773035936778611,1,-0.0299079749895308,0.242877527475065,0.646434635851023,0.132378072974114,0.763951127977213,0.0867247746179528,0.785570682535913,0.0745243862199067,0.598362522872127,0.0907252839065057,0.723090187956089,0.0869720547980636
3.30951192916733,0.183356618031405,1.18071424260666,0.155617286744776,-0.66207113212523,0.0443490284246862,1,0.0517150572290131,0.199813789936817,0.705653769639871,0.104810640100749,0.718769566429504,0.0875994040591348,0.71215527405577,0.0768497365448813,0.660065323523258,0.0793393245145865,0.733716165957705,0.0843570243583269
3.20685794453713,0.200278367758139,1.0343291035458,0.156690474725698,-0.628286466795896,0.055626469014281,1,0.11505431365675,0.219596174224966,0.570311754016971,0.134339478884394,0.757391118216634,0.105791454332214,0.710845281024601,0.0868691827207165,0.609001249518772,0.0921713327437609,0.733641047136956,0.087252491130006
3.06561209592712,0.171963565815973,0.964068369698366,0.146274180384363,-0.503373300165706,0.0719559503682531,1,0.0804666674283356,0.247681668950068,0.620553628532169,0.128335356713602,0.64388695550307,0.0897407197879108,0.616095501704464,0.0859510977280687,0.678571680642067,0.0848069643178265,0.570110340145859,0.089548142861775
3.16084294597807,0.185066527661779,0.824996843601705,0.129991984381645,-0.479423952143042,0.0753511695782067,1,0.107026081580244,0.203597203800802,0.604864296633356,0.119833765745544,0.732349748688033,0.084851154569463,0.533807172762523,0.0866316177629392,0.716228567798055,0.0865551264838327,0.548307421914744,0.0930680443270329
3.18652847654499,0.187735208912947,0.949797583684304,0.143478790365719,-0.538207537527792,0.0673500542855688,1,-0.135862882072757,0.278701225081747,0.637238480830698,0.142743039132118,0.79239247547062,0.0964704676104454,0.575527197845319,0.0904432067222419,0.623849021392881,0.0835946385109974,0.777982721985618,0.0817617667902753
2.88480413494312,0.146155543015733,0.838788659816473,0.109226899926858,-0.57505360356416,0.0516221821789721,1,-0.289307587754018,0.236220603683421,0.71340566704648,0.1199038683479,0.524780156713734,0.0909887367961808,0.77686593687163,0.0726376802397259,0.554735937682694,0.0812701552396424,0.657928776329419,0.0792392073310443
3.17373254735664,0.187017504364795,0.968528927945805,0.145122943992059,-0.568445915632537,0.0631306062558273,1,0.0705439116212905,0.218718091710876,0.621548868220219,0.132684271288135,0.902486677957631,0.0866967554561818,0.500662582116501,0.0899243409693063,0.536934644339224,0.0923841480947191,0.735352758216285,0.0886113947345268
3.34808662231624,0.223977181997616,1.06888005048824,0.17149082782232,-0.604948700112033,0.065260955069119,1,0.0799732567317212,0.273184615899837,0.672481881915777,0.139276120736369,0.769424505747235,0.0944475160477422,0.663967401931189,0.0934787737188165,0.752232733424194,0.0942348199300037,0.596585707428646,0.104041575291429
3.09023030976278,0.165313317789021,0.975560542781074,0.13569297815106,-0.532363068673304,0.0697795630772573,1,-0.0803782192394585,0.183317077557188,0.622996933236329,0.120372623302174,0.712610428389234,0.0881859027769618,0.725270292300094,0.0821867128231232,0.575275365522243,0.0828769906224074,0.651825784970488,0.0837037218649355
2.95257540239677,0.181221385657963,0.908947229196003,0.134701494507805,-0.546311312599327,0.0660922580796281,1,-0.264853593300258,0.218011346782498,0.601664474432687,0.130113642949524,0.705576835359129,0.0930677747563727,0.511256699535183,0.0935793095603434,0.669984727466205,0.0837923276151167,0.640820018419351,0.0880383875812646
3.16347551436977,0.175186573307126,1.02992933406552,0.136551573089751,-0.597478280175181,0.0595341297776004,1,-0.0685315041317119,0.209659291529132,0.732593570837756,0.112991137713365,0.750748550940641,0.0910239286014019,0.579303486252915,0.0877473670423165,0.799299850155488,0.0780215549601024,0.789465535549609,0.080230434909182
3.05706062658667,0.169485972409132,1.04695640430925,0.146157184760012,-0.567418359357273,0.0607114017202337,1,-0.407651690532867,0.250643977697854,0.646997571404519,0.14149840940618,0.740847896211493,0.0969710444473256,0.632047532195769,0.0915672424671521,0.67141993851866,0.0774037950985178,0.75623378593913,0.0770654264144385
3.49764739851472,0.219625733482554,1.15517999660766,0.174916121075499,-0.669505253814243,0.0524873432257986,1,-0.0800328237181545,0.238155145892928,0.858970023601039,0.118306452654842,0.815291149642428,0.0952721140422812,0.812448453906581,0.0914529433395808,0.609288589628434,0.0936354142066882,0.765279480265694,0.0898531556832338
3.32310288408334,0.186665030620899,1.22838887305137,0.16703706667032,-0.646906307468411,0.0457329626389993,1,-0.0240588025782896,0.239278052505737,0.651644189145185,0.129044517384432,0.801768466732717,0.0863276384240017,0.705506693765168,0.0846083915805322,0.755974488192667,0.0804798833805526,0.718750028017966,0.089482708510136
2.97398700339177,0.174167698383124,0.83535841555927,0.121952557703037,-0.541799082896961,0.0732808669493531,1,-0.0622653355339291,0.171822790939447,0.566295691851322,0.115483743705745,0.692959012772643,0.0916454260273249,0.610511160573982,0.0902526612338338,0.615231497925729,0.0836789571687533,0.632654496141444,0.0870802642763449
3.38011038490276,0.189905704745057,1.13364051227969,0.162061597451526,-0.581082066572709,0.0575189221046526,1,0.174135926657237,0.31434874602936,0.641698234816751,0.155782326451538,0.731191600989864,0.090046118818318,0.708342338263763,0.0860352032544481,0.797892470002455,0.0775506067514752,0.733047898283055,0.0788030399256947
3.32985155718781,0.219916754036706,0.872616839804914,0.147337951426511,-0.634403976276298,0.0590197883330497,1,0.516426757218013,0.254711908859779,0.554842328896283,0.149879656327167,0.805729729856376,0.0988210068654681,0.476389281395577,0.101829418910256,0.634766970235387,0.0960550632130901,0.683489411597122,0.092224611686243
3.39373028337689,0.176291960330649,1.11375069739166,0.15062089406311,-0.647060032133243,0.0411032901488383,1,0.0018680996142556,0.288687999780813,0.789325611302492,0.136660887447367,0.63523785995924,0.0980736358082269,0.686853767253153,0.0735791416883546,0.734971556606773,0.0774680711396304,0.757361025672896,0.084108047344108
3.04390348798679,0.162101758281259,0.907441188055016,0.129166092218057,-0.498789167993546,0.0647859037820072,1,0.478664827366627,0.233176252177921,0.544126642545829,0.135445814923211,0.645552470582736,0.0922048844842007,0.608875588234146,0.0818342678332345,0.651386456419733,0.081611214767326,0.619772901969896,0.0821438745565379
3.25780517195396,0.185926205449839,0.975131996192344,0.140150651842481,-0.565470659032451,0.0639550760305152,1,-0.0156372713016521,0.24225356732255,0.571578027283712,0.139015188540807,0.770086707628308,0.0985003277988059,0.629012615444944,0.0884286377235928,0.814526939013563,0.07729325655327,0.649402217064324,0.0790679129813273
3.26826323815643,0.194418523884067,0.970594138829228,0.136715316984344,-0.54869476849119,0.0656427238010961,1,0.353136285367145,0.189417644157265,0.513334959776924,0.123868448591061,0.694750059528174,0.0981994342914168,0.742370900495295,0.0889265819803223,0.631701287457432,0.0820769376674759,0.670062992307516,0.0878031971815841
3.44601140126771,0.22429503764212,1.08016884851753,0.17636772511513,-0.584693028120853,0.0694815869026708,1,0.224345908632733,0.290358061233871,0.686543720049161,0.156167976337918,0.799453251644101,0.0937450669633036,0.728195088672581,0.0952629925125178,0.825105939813777,0.0881070054672481,0.751225841295937,0.0953458082870971
3.27442036238622,0.207022775239349,1.16597747386274,0.188127415350617,-0.683502774976653,0.0504813250900336,1,-0.149275713750869,0.198065672517964,0.621269732807043,0.133074741773495,0.802019813747259,0.0994210098928466,0.806801015701398,0.0876804632983058,0.73563793835589,0.0908709173637717,0.618426692948067,0.0950036927084716
3.35544370699575,0.186315597017416,1.08948590039992,0.157550687537854,-0.662808940832076,0.0451812798865203,1,0.145506944168606,0.216587945612454,0.535592414740918,0.136089458053551,0.742324886343325,0.0951177659180259,0.79034155950378,0.0864145819711374,0.78743938124685,0.0810133619627859,0.714321187612446,0.0815370830132473
3.16375340701694,0.181088863141908,0.964293103498559,0.136319848026692,-0.526533082602002,0.0725411038138869,1,0.0656642039877249,0.225782596054395,0.71269552574062,0.118482363911052,0.612132000788281,0.0971197491256218,0.676977509205494,0.08692643607633,0.649775673253793,0.0815102183837963,0.726884633249612,0.0810535085849088
2.9261301938652,0.172621866207078,0.757879951681644,0.10794803405164,-0.478781170221866,0.068531294293978,1,0.118135905887345,0.201713704064371,0.568195327487177,0.13961166708879,0.639690886392223,0.0963824643898675,0.642295235197238,0.0835315149494647,0.701930679408648,0.0827910976154798,0.552767127932738,0.0890788192945368
3.2867582281457,0.223743345966088,0.946164402516486,0.153799821154924,-0.663497865893357,0.0566487873270887,1,0.149770378080316,0.21545645888593,0.610127427328263,0.132994733637339,0.724769667318464,0.108281981250385,0.665867133926012,0.0961004954093266,0.733548294153523,0.089735000858952,0.806257247197367,0.088441518787458
3.59516171230668,0.217236874095081,1.30220409016574,0.18767418183787,-0.658307171306957,0.0547605560274047,1,0.142714402211581,0.213812641489642,0.816657379370992,0.1212493270342,0.693190132372044,0.107269411145899,0.639548318492958,0.0888907727129987,0.914141230748998,0.083070345342226,0.70413964846087,0.092327077650406
3.35359628815775,0.211595833369044,0.995034433696881,0.1467046854309,-0.667666718818773,0.050202362833067,1,-0.00624418008595478,0.256200907660213,0.717461665047251,0.127648173129907,0.754877111758164,0.0946945832647321,0.625113128800009,0.0925587047261134,0.864815394347088,0.0827912453027191,0.696837795589446,0.0925263602179209
2.98486639679029,0.161647008754966,0.816865127195785,0.118956555345559,-0.558369117953639,0.056953511631488,1,0.12512939679403,0.164147920956062,0.452709605826266,0.116939789671372,0.71613664686537,0.0875779985203183,0.585613816718219,0.0932687564836676,0.684295101886207,0.0819101935105066,0.612844604491729,0.0819661228520519
3.27737792593322,0.193324687179962,0.99389059862705,0.148927642565515,-0.510791402781235,0.0741180575424524,1,0.308817241486057,0.19990651185824,0.438875169893348,0.134483879132782,0.739602455429436,0.0935816332353668,0.622027925596607,0.0830898143205558,0.779564205909461,0.0834116377294945,0.75175315632426,0.0905001052646709
3.26414646264036,0.172500720061452,1.04036211802243,0.144823660640102,-0.657972072683108,0.0478551701159676,1,-0.101246145079576,0.196851303909454,0.76559306058889,0.113705389498374,0.619575491310108,0.096075025913058,0.840791094137669,0.0750144461356735,0.635486622915149,0.0856932958173365,0.760214700597594,0.0875473201771387
3.10787377223897,0.158691877801191,0.953266477503875,0.128692885946233,-0.552705525041385,0.0571880882230328,1,-0.265461564017865,0.252531867293148,0.78020353355439,0.128610522066876,0.632267725065714,0.0894209267157605,0.645996889090412,0.0769060827118113,0.762036747425955,0.0769431139402999,0.748964633865868,0.0762647795648539
3.2699301179693,0.200948719143437,1.00233233877899,0.163306581484294,-0.64635414014853,0.0537185737506179,1,-0.0829026800025126,0.256033013027081,0.783364902008705,0.122252584492967,0.727795228314216,0.094848684315171,0.619061077848418,0.0989367959252287,0.737419940783514,0.0882397198396963,0.708437747728804,0.09086953032103
3.31257708637618,0.223381910080671,1.01667563160464,0.16790210043729,-0.604093664596672,0.0644044556538704,1,-0.476033006159395,0.23586224064844,0.951603634656727,0.123304190290083,0.698444817641739,0.0990346230974778,0.700045392024066,0.1033328688729,0.784196553176417,0.0899185479494652,0.637952965437849,0.0950839363615484
3.14135229504965,0.186811970941445,0.878824107878696,0.127386317313095,-0.58411767607738,0.0604702469808278,1,0.146731148366583,0.213450626019028,0.582990386479725,0.125792736599707,0.690140660062511,0.0943214796419166,0.705880836473161,0.0856225609773009,0.72546522787179,0.0851215618204903,0.54814632451376,0.0856950945374562
3.48309663711823,0.207225730177845,1.0790144237761,0.157199462321772,-0.656287330812307,0.0506439614579138,1,0.2332439700199,0.255256045077449,0.867583250009314,0.123766019347184,0.671730491206495,0.101894781159063,0.810006984134383,0.0842403495402952,0.723516876004788,0.0870238894439542,0.795510579114683,0.0903954975329904
3.08241372377175,0.17410887909422,0.864631886994185,0.124074084832958,-0.539601170057115,0.0676904358060205,1,-0.391075759313139,0.226120812436313,0.80730132266388,0.120356567219,0.710299341719366,0.0937126496633736,0.643758541288492,0.0870784180522734,0.589936329046737,0.0857148989342066,0.512996564187906,0.0896654232062843
2.92769761216927,0.16252409039005,0.810672105015662,0.120472208377908,-0.535879176399008,0.0695487749649509,1,-0.333563370309345,0.267361142395785,0.680305957392209,0.146530303721536,0.67050316693993,0.0955745770923753,0.615024779483115,0.0833250151534743,0.513218463953654,0.0902652107014853,0.828026972619355,0.0795722501662227
3.04890971462109,0.174322898308042,0.962219369543194,0.144686533506951,-0.484736171854477,0.0798660064543969,1,-0.24013474055598,0.183334236329056,0.758720000846245,0.11628046062494,0.474695378089978,0.108291011491102,0.727840452462345,0.0791888024091564,0.545384632389053,0.0923082136029585,0.703146737415014,0.0858177253388392
3.19278504088406,0.177327084456501,0.941054314192662,0.138948628425196,-0.581055132361602,0.0591065553236649,1,0.221297101119502,0.219695885332151,0.666675429639931,0.132945484461191,0.628935152608696,0.108386054740312,0.751360480354313,0.0831979387627501,0.78452396594757,0.0804495052945408,0.666929359987339,0.0820816544029083
3.25904181746153,0.199424464153486,1.16999341679554,0.176658025027714,-0.648074041859191,0.0507820576001211,1,-0.421809540431061,0.206572478349956,0.845547500770513,0.102492478593734,0.850614536227236,0.0850349488232857,0.666284215171362,0.0945239719134913,0.733771606937701,0.0814169155292964,0.781299307906581,0.0874869422301018
3.27691582275822,0.185297616271674,0.952281330177906,0.138462114937284,-0.604743463936307,0.0544163086406548,1,0.184422319580707,0.196283149175577,0.708189937219839,0.115014030977822,0.684702250796474,0.0974926579443332,0.688943128727939,0.0868582987161214,0.710009513263297,0.077969800517557,0.707601683765587,0.0891220228003317
NA,NA,NA,NA,NA,NA,99,NA,NA,NA,NA,NA,NA,NA,NA,NA,NA,NA,NA
3.22739021658012,0.196792139329118,1.12815277647422,0.168174733482791,-0.562652552838002,0.064269278028657,1,0.154457679864207,0.225520079615743,0.70032272667371,0.113348389631513,0.602279449674297,0.103713673729746,0.782713497082494,0.0849421522560025,0.601657520199559,0.0866336445128351,0.817905099979916,0.084005712272187
2.61406016536379,0.143496915746864,0.707663049517418,0.0951485317550127,-0.438013244244123,0.0711227624401714,1,-0.0218970075095934,0.238694156712029,0.3000508521258,0.150177164462126,0.611994785197382,0.0876474548211334,0.465725939547268,0.082471317928457,0.488241422842455,0.0796069497383823,0.522558546468683,0.0815151449890813
3.20133111527173,0.199080462751398,0.904967064699545,0.145875714899796,-0.587383085115092,0.0649521277354196,1,0.280645286872557,0.21311182142953,0.566110329088662,0.129279022525215,0.630193719718926,0.104231101777151,0.667433177829895,0.0882928590597453,0.708414897883067,0.0872371532025128,0.727445012104066,0.0885603759197219
3.0567671984757,0.185309664760229,0.814007299421342,0.122315678475041,-0.578318747109426,0.0626034017442609,1,-0.0271142065924748,0.236413286824551,0.502385240221835,0.149407725623887,0.789286259269262,0.0930852336699336,0.634186617660911,0.0896240224665212,0.600264764983039,0.0936541704096387,0.709329940659347,0.0845744951860292
3.15839461065724,0.188894559204137,0.886356796644508,0.134862611660993,-0.513048003531986,0.0734304309732605,1,-0.0728861675188361,0.227333469940513,0.638562701247624,0.141275725761431,0.741308276503902,0.0952227519583206,0.734423815374504,0.0843828766132272,0.688447290389301,0.0829003554931501,0.554071295551192,0.0914150913596971
3.01545341984024,0.16614892704125,1.12843611892477,0.160124556488635,-0.503734071880336,0.0698066572373727,1,-0.12777672300255,0.220495327626313,0.554851426356725,0.130222210787225,0.722043282096527,0.0872158369204099,0.544031645528675,0.0799968324695622,0.656580855284993,0.0817639218542159,0.635909266385933,0.085605358132735
3.33024491317852,0.20460037674466,1.03017318988418,0.162687988262181,-0.61573399604867,0.0590084411703591,1,-0.0189684213989632,0.265996598801396,0.694481036172826,0.143988127237775,0.793080925688658,0.102795812322345,0.522182761212125,0.0994502934012891,0.730252121354513,0.0926576495814713,0.715362523538789,0.0821151039462145
3.37830131826269,0.218352311417319,1.17273475406513,0.178999253914171,-0.634099806127647,0.0536244196067758,1,-0.186853761915285,0.229350035128349,0.84209203192465,0.115871626190102,0.87202869977687,0.095578245598116,0.576573445114288,0.0941724813865163,0.838281165504344,0.0813812849793235,0.644570145739326,0.100680254573924
2.85382547284761,0.165183346698667,0.807652763407001,0.122248387811493,-0.559144668698935,0.064213599369579,1,-0.0748585759382204,0.211516918084614,0.69526125740842,0.110112577974707,0.451387164198096,0.0967541144093922,0.637761598445806,0.0870813299481797,0.517880756237757,0.0902128990572824,0.54020704428458,0.0865652941521823
3.297175662108,0.178907544897651,1.22476224174225,0.167440485169575,-0.570976880059059,0.0607330365521081,1,0.215980252427598,0.178386906923138,0.571566119351339,0.117963441705695,0.687048515848268,0.0922431390260935,0.806959580650315,0.0865289231218217,0.780136758443163,0.0797906928685388,0.740869528862149,0.0777831973956147
3.43415142486807,0.208422909718353,1.11945334216007,0.162784039868437,-0.67982486966083,0.0487829606099218,1,-0.309014289932179,0.267913274701975,0.91773545897395,0.127856521127428,0.796098269541023,0.0937222934338459,0.76357534625244,0.0855703282668724,0.750347730440005,0.0825319669352729,0.82551587514581,0.0862987835480092
3.50638108731788,0.22359878036258,1.12911281804751,0.179583192400289,-0.736894990046867,0.038938053870034,1,-0.206397115693482,0.278064747714918,0.936711376693351,0.129195331712475,0.699626184887737,0.0986208567245918,0.8240258403718,0.086808074412019,0.78163310594181,0.0835530497153037,0.645848865533376,0.0966293284420656
3.2975213111733,0.203357469476018,1.08570009210204,0.170247215821505,-0.596002749595183,0.0666556714377642,1,-0.0209641081804334,0.224458529242715,0.749352368737801,0.112309750659324,0.624712092725762,0.0971218618473879,0.833100847427412,0.0883974457486155,0.648802671191401,0.0918970153568192,0.596496226477521,0.099938988257573
3.23171942197685,0.180771872835702,1.07416661481305,0.14537095524841,-0.639919710569326,0.0503582851547192,1,-0.0622919556052516,0.224335767222539,0.761995536907405,0.118818842050947,0.623361871923813,0.0964732010302885,0.779907788415058,0.0758181105786555,0.741835629012631,0.0790507192617118,0.819113964911149,0.0824350464448278
3.15213951458977,0.175578007367062,0.95199574039434,0.137729654636867,-0.648470373072184,0.0543210726957782,1,0.167691423841244,0.204587616469623,0.686992871255177,0.113898802995389,0.648484702241808,0.0960831775012876,0.725990095633316,0.0845488916903366,0.557001446447409,0.0829918958377502,0.670550220749678,0.0859050178442735
3.14694542342324,0.181427450537149,1.04678714243806,0.153575412155623,-0.592589548270638,0.0585211661097692,1,0.218442920512528,0.230416054524395,0.630219346921832,0.121956343413373,0.761614308728161,0.0878999973296558,0.672324191965145,0.084369529191287,0.696052581765541,0.0812879873314447,0.784497216563865,0.0871961623924829
3.23219052685148,0.182998733092739,1.02086311284816,0.14134577340409,-0.532357214124295,0.0649749452156964,1,0.173817969995157,0.224730356136082,0.582066818680729,0.127193210927864,0.725392359936976,0.0923083538923333,0.696487446060898,0.082113576265776,0.65412403237961,0.0903352362951751,0.769235041034755,0.082834361217649
3.65406169068232,0.224165377183981,1.45595681688094,0.219850619338632,-0.649861220637184,0.0504349946583206,1,0.144663730612634,0.254713151222593,0.788807302014174,0.129246509300974,0.713153287786541,0.0931215035959938,0.87270022489376,0.0825429370328399,0.726968564295506,0.0872876088533083,0.914329906798718,0.093433044517549
3.19060155753031,0.177228639231034,0.948366460399878,0.129822255564056,-0.606014909594089,0.0560253912425639,1,-0.0558827180775554,0.207718461378037,0.648767776957576,0.125711704951019,0.562920606711073,0.108721878559619,0.742774767136508,0.0799381931895791,0.724569756752071,0.0801152258405092,0.721514369672274,0.081116372817763
3.53729627492305,0.228023056847351,1.01661247335358,0.164472216870314,-0.637873678885214,0.0604942157132757,1,0.406488529449311,0.214000240569531,0.494114630780454,0.140311825848315,0.729828058272867,0.103036736799497,0.901499996345811,0.0866015545358008,0.68615337940111,0.0873662319908612,0.82820845353831,0.0896353281221612
3.21371880914004,0.171209431247849,0.82368829615407,0.110890103452104,-0.630342910751273,0.0525446980231922,1,-0.433116423225361,0.200112802887131,0.933657552370147,0.102661601830962,0.72622726543564,0.0879302016577962,0.738150094634076,0.0767769100864614,0.676128862151808,0.081604346003107,0.668483036309567,0.0881940458443658
3.19231693655802,0.177658601427483,0.900699150254866,0.12505676320848,-0.613992398047756,0.0507482461190435,1,-0.0168549578492655,0.233370318597808,0.834292155306378,0.117795282880175,0.664357025416798,0.0940063432563298,0.675497989836641,0.0819051003378924,0.592042524208689,0.085792504400998,0.83871516184781,0.0795927150143539
2.97980189364776,0.166159669011706,0.825630171234236,0.114057694455533,-0.461799973699821,0.0755455759940302,1,-0.041305738060532,0.243056609359426,0.713417519213286,0.123008672148863,0.521584577623119,0.103272882155471,0.757293414245388,0.0828085816805223,0.693408205185184,0.0796369022358989,0.645420930471919,0.0858051232848727
3.51242316294464,0.194492608286118,1.2923224660361,0.184035666988456,-0.567990467119907,0.0604437333244294,1,0.14442361136575,0.224187741081683,0.622547856053417,0.128006006398884,0.832240249409227,0.0845878650901661,0.719364220699419,0.0847071445197902,0.719650949980184,0.0864003702583593,0.844736788939446,0.0850273317235604
3.11233706090993,0.166591781124626,0.869726836144683,0.117424938521256,-0.605421355735989,0.0530807021697798,1,-0.121639579501607,0.212267006906947,0.69641478140682,0.123348060790518,0.730173529754779,0.0889207957600019,0.644898198348171,0.0860179332444956,0.653031138060966,0.0786095071022113,0.763670328177906,0.0778778284761356
3.40606002846729,0.182030510662062,1.11858635183858,0.141653447447354,-0.646885750698412,0.0453659044369372,1,0.170354159486259,0.243084815929836,0.686847346996696,0.128836666451654,0.724358151781813,0.0883861929843898,0.833435353740368,0.074978970656815,0.749723822713009,0.0830984625210336,0.670588694280166,0.0930422903426567
2.93408035308966,0.157697390278232,0.825726348387073,0.115053896987552,-0.57165852773299,0.0649783370347294,1,-0.297589913986759,0.217027286732805,0.750917001015828,0.11546399881993,0.68869608763697,0.0837994395775404,0.613995775538373,0.0781375795231645,0.508205220738623,0.0936670269599324,0.645114759581114,0.0887163546647552
3.28151177685125,0.191407026958053,0.924749029826062,0.140178996111974,-0.56334828484505,0.0598836122376989,1,0.178955331730394,0.218685275125179,0.76023811929658,0.115543822867485,0.615132817408852,0.101107038132542,0.677927346486192,0.0857376154648666,0.683127366770474,0.0871279520598462,0.702480701482095,0.0833638988404076
3.11034184924544,0.179130009024138,1.01355914496117,0.140865202620581,-0.509849180431146,0.0663233599537325,1,0.286312343248622,0.248031716341279,0.638912055428937,0.124157544535252,0.652574127922027,0.0957635502937767,0.552437422843055,0.090989217271394,0.746041116676541,0.0760089252787019,0.581265759839008,0.0834292404556392
2.90225304605593,0.147105904463491,0.870856435404385,0.121805129446183,-0.479704487851875,0.0737546899014555,1,-0.136680646135671,0.215125910009682,0.680529680532817,0.117558795052007,0.521114734278868,0.102092707203996,0.562824078229174,0.0828692692901516,0.674979724101915,0.0725052552055879,0.618888632057198,0.0825634880363643
3.09647660476145,0.176134854675105,0.87392459056764,0.125096733241968,-0.617108276123172,0.0527106373638058,1,-0.0328085078835303,0.196936919961609,0.547289805124888,0.128272262211446,0.62535275396007,0.098381306287254,0.694749620281524,0.0850815290634948,0.676213104074854,0.0857535310011164,0.784520286982648,0.0828269523004273
3.48075412300466,0.174574428911989,0.994006155108553,0.131479103752232,-0.57179737136633,0.0468891922737773,1,0.0951388488250102,0.234712449677546,0.799110754383926,0.114054312956592,0.777590825677815,0.0903458405808957,0.747840139595051,0.077886060025522,0.778217595671143,0.0740538163936752,0.790067958382773,0.0729015295481161
3.50170043833615,0.217669623412761,1.02489478313862,0.161264635177066,-0.676473055376379,0.0470833816442471,1,0.330131369239856,0.214570738981144,0.738861173780757,0.118791121494548,0.696583745590068,0.102859112005476,0.805945070255236,0.0828889778404679,0.73895344838046,0.0859263412131995,0.8290104973016,0.0861928237391862
3.07810965124584,0.197358635733652,0.849033333355272,0.13087705227309,-0.496145396356243,0.075495649956777,1,0.364934275068047,0.21120291695561,0.564473034774544,0.122088654930366,0.722596852191406,0.0897095983045639,0.506942332023397,0.0967684842988562,0.688243698283433,0.0831728903620129,0.624585691395491,0.0907114873802124
3.15778904794021,0.164388384573722,1.01601144254512,0.13783567673981,-0.498629973840214,0.0600069754360649,1,0.0874864944144284,0.216183920358092,0.598236958495731,0.133571578468175,0.80413631647719,0.0809157945463449,0.637576461153739,0.0818826836498164,0.58822746273456,0.081265199666192,0.620494942393429,0.080525522282296
3.13465587520391,0.192553253451156,0.901336881209516,0.136012831847152,-0.584641682699441,0.0663533129683467,1,-0.0791984056714474,0.246226811652764,0.813685843970972,0.118167490920747,0.624032630654881,0.0988554185595432,0.676836490732005,0.0830540602512703,0.727912277743968,0.0847671672599545,0.620110537182168,0.0897967941762605
2.9610715972028,0.156312320926717,0.834213601308112,0.11486098870156,-0.610183660437994,0.0474929852418913,1,0.297753744414044,0.234471434418116,0.610772212817921,0.137940475672963,0.524896950969223,0.0952195529120306,0.681133532464569,0.0794520989292515,0.543533440299898,0.0809069204183085,0.636973435560823,0.0771431792638235
3.01802125836359,0.178584185625531,0.838557210006729,0.122477893825127,-0.563934097616481,0.0623026622322939,1,-0.437599811943333,0.200589012145316,0.797692889366924,0.113255327404018,0.673014851907516,0.0974701026082956,0.6906939394163,0.0811254543613235,0.592083983083356,0.0869793536064605,0.630794035996777,0.0883511173106793
3.04590951855506,0.154246868248816,1.07918713232323,0.129931321962628,-0.592732615072223,0.0546932338792836,1,-0.132204192468319,0.231019187272014,0.722398845982276,0.117087991299566,0.670153211146493,0.0933251269241148,0.738832467018252,0.076661372459362,0.571704508134517,0.075517107615375,0.650056550437157,0.0775028972141083
3.08608552333439,0.18755773499078,0.956499440647035,0.143901103177073,-0.593302721681508,0.0584784132475481,1,-0.3859796456223,0.22248396434203,0.691859371935274,0.122242714925063,0.78843733532864,0.09001660422164,0.730919602343049,0.0796637556263805,0.687647538986353,0.0834083550179143,0.595487189893254,0.0909343468404224
3.32849847304485,0.195164659326137,1.07432345887258,0.157822477251971,-0.642683715354003,0.0542434663609797,1,0.246220600131763,0.198015510952789,0.517574410694169,0.130306185309137,0.705337366809588,0.103369858674007,0.75654244540421,0.0853927418011852,0.807611230881412,0.0863442638068139,0.614489199264224,0.0980237676341711
3.16020105012966,0.183412073256281,0.963809186282627,0.141568521554386,-0.608833959018832,0.053355054964183,1,-0.204543661300411,0.258017000089149,0.740893962381014,0.136041646326754,0.767969897824468,0.0938514871861205,0.619126998290113,0.0806090802013163,0.638300680574392,0.0809488868687812,0.702325306643485,0.0818454206729154
3.26844639800054,0.173660481391681,0.978032741644123,0.136894416402608,-0.689627159969594,0.0477350157129976,1,-0.218769109984906,0.220832518404288,0.769177175420853,0.118409907079755,0.80944663627815,0.0882387265013232,0.632960301675106,0.089324797864603,0.742087747753205,0.0832592511621624,0.633543036641372,0.0832078421011306
2.93914037930315,0.150727987164737,0.869778680253951,0.120362210637628,-0.529581664622326,0.0640318813042949,1,-0.299016738027686,0.194642605374223,0.786325201937411,0.101815179133755,0.662023298341502,0.087157704848033,0.658927971355355,0.0836082091912295,0.620064821161066,0.0792444116656291,0.716221152566268,0.0820529262761256
2.83161298432037,0.146270317425301,0.663755645865421,0.0952507155341792,-0.430118112256093,0.0726771175927809,1,-0.0799685380829408,0.221044281341998,0.644867089191333,0.122809597937112,0.661730369804724,0.0771521772495874,0.542138321408534,0.0817181778423556,0.319331556222493,0.0902699318502551,0.713478920047148,0.0772981088386352
3.0651793785514,0.178927147756532,0.935921138599515,0.132564272968773,-0.586449183162941,0.0595076543051735,1,0.309294665997027,0.207336330688298,0.583563950064462,0.111178605862675,0.513508803336601,0.0983480165462008,0.700128375909574,0.0835444704423557,0.641167641036293,0.0883767031525128,0.675035139267687,0.088388041432738
3.46807424358845,0.239565379868152,1.21599412052363,0.202394952350216,-0.688947106157081,0.0507707407092666,1,0.0170844697934559,0.25629932959544,0.802891673057027,0.122635047657452,0.714926294004966,0.102541252879541,0.808500085720709,0.0966919836451629,0.78429068201419,0.094709979250767,0.832655974601411,0.0947402553505415
3.33209625529372,0.194327920107106,0.976636607821705,0.147657144891715,-0.627308119529868,0.0533873119631814,1,0.130167137187008,0.22316474607978,0.786111393332423,0.115096444613902,0.706208856219446,0.0960064168228447,0.599584640971957,0.0892171405306209,0.873592100332152,0.0788887517901064,0.706821129652889,0.0923270890797901
3.23729765634233,0.192163968293287,0.945209958584256,0.130154825397484,-0.593560966262812,0.0572865217651022,1,0.144408258908946,0.222582829045878,0.52381418149715,0.140957042413088,0.715982231656434,0.0921413031360798,0.745117023472622,0.0817909668458782,0.642635590353473,0.0825532646871185,0.677465676543388,0.0870747956071977
3.03969713722584,0.188473575057612,0.890095306484169,0.129756243818914,-0.518453580303291,0.0775767795895388,1,-0.0694110098666521,0.229492943300773,0.715441513717954,0.12228760748863,0.43561733683393,0.108440398032145,0.790661429387428,0.084967656646494,0.655304027716428,0.0836122183794404,0.622323129659811,0.0863942770462938
3.01884025076636,0.167538754106287,0.883087321997993,0.13831019070203,-0.563027125323365,0.0616179503070441,1,-0.124274496716294,0.235932150939971,0.741739827883988,0.123317804595584,0.603882643547772,0.0955253647755364,0.716047426317572,0.08441605624006,0.644213484370083,0.0833478775451245,0.7158743315095,0.0831591224397846
3.50935966442566,0.214238078677435,1.10642815926516,0.163579161648892,-0.636671906747157,0.0566799978904961,1,0.0278801374513443,0.211226822875138,0.799113929391859,0.115027744074709,0.829003775503022,0.0883040076302665,0.615607406083548,0.0907611420358218,0.697194198803704,0.0862030529945266,0.768892302072118,0.0851151498684995
3.09075635653595,0.18123647561251,0.840291179308031,0.116587088434326,-0.620566596955266,0.0530008324187141,1,-0.336716360795913,0.238361788191282,0.788209111790961,0.123887964400592,0.697953682999894,0.0923582804633778,0.705182369146945,0.0837925323660273,0.656047894242327,0.0793249602607455,0.696854155620095,0.076298575357903
2.89735901866505,0.177792288842226,0.846367819085979,0.132424597515317,-0.561216596756339,0.0611783986724472,1,-0.093014702415121,0.198541072430397,0.713790143801218,0.118061087726274,0.556610129030935,0.0949397437490229,0.58244882258632,0.0943926428612307,0.696840688917624,0.0865124915678737,0.725896230313142,0.0812365177527352
3.67008430075763,0.215360018389575,1.37133511702095,0.192560750674422,-0.696827291733692,0.0429257662762314,1,0.105243625717117,0.298204669129021,0.801908157054667,0.13634749019438,0.87137630201618,0.0939521456128336,0.745048011888563,0.0915621644947799,0.833574936344261,0.0851736811205906,0.828875651279237,0.0823614955566712
3.67359164139937,0.227247609732059,1.29485897217324,0.202612466796452,-0.68848993838803,0.0458602633459612,1,0.360126502507372,0.228619157751236,0.686116289089359,0.128860180417407,0.798046889615028,0.108540141068313,0.955563864402469,0.0863694391315263,0.80227614166944,0.0828420487323808,0.716027564074566,0.0921650433440969
3.16124490147661,0.172873747786388,0.891963124271353,0.126044670821762,-0.605860732870165,0.0566248350237159,1,-0.178472075555438,0.191952568599277,0.660712051117364,0.113313724350916,0.83822428983161,0.0870552019483797,0.696985242780334,0.080678461727263,0.666027935422751,0.0838734612594626,0.60394522932983,0.0888889052935804
3.03607552959803,0.184122894500517,0.961967751704215,0.142192220497317,-0.534108581833773,0.0713958838204976,1,-0.104407947292263,0.198585323730985,0.703079512677288,0.105623380928511,0.709616806725957,0.089045538440923,0.441373776743657,0.098632996256005,0.636791988198342,0.0905028066650271,0.618754413900448,0.0919830089112014
3.17335142869874,0.20383083469977,0.89555011262167,0.136771673406121,-0.586300054587454,0.0667980937498863,1,-0.105089578849961,0.268199577198593,0.677975599313125,0.14250440024369,0.726743385268938,0.0968472620657411,0.644835236456854,0.0928770694045831,0.760594004707559,0.0817513096998573,0.62667576792474,0.0925605767569482
3.38775415289828,0.19316811363299,1.20020751013432,0.168396582693819,-0.591768784803267,0.0593518694726923,1,-0.18423511362258,0.233358506647492,0.744558312213413,0.122277405492834,0.874564245236431,0.0914210203739371,0.653816776878299,0.0884831107841413,0.651992544716345,0.080699566996286,0.604763994292781,0.0853993944681352
3.29078885449734,0.166442886229241,1.16983476451329,0.148828037607408,-0.569129315463379,0.0458393420032383,1,-0.218954762547404,0.26545421856604,0.932441418500422,0.112003362878501,0.565993087526104,0.0894527798594759,0.723322011955206,0.080439704184453,0.815995952402624,0.0777326258468603,0.734250075094447,0.076569312621487
3.02188271029855,0.156503765901003,0.872285808697357,0.118675821896898,-0.528164015504055,0.0669662467243377,1,-0.186465647560356,0.192337152757481,0.67302231114736,0.110962600690923,0.795476556221909,0.0813566456047001,0.603758652645635,0.0806494947987991,0.532405294264712,0.0795787312653483,0.607853668409791,0.0874462266154666
3.17057754391626,0.195490473606926,0.925344706489695,0.141013055251855,-0.593811624285313,0.0618260450968856,1,-0.31025123637794,0.239062383057682,0.784020824024744,0.12691784022287,0.645084473729218,0.108556718064507,0.760522740885764,0.0818830674498383,0.693315451352865,0.0893486579001364,0.58243835943362,0.0945052021137552
3.38692486742087,0.196950396394911,1.14186438896844,0.165449834404985,-0.613417973676358,0.0555923521137849,1,0.22361008504431,0.225779730287329,0.684397233950384,0.125634402887691,0.7105835252142,0.0957855115538555,0.710145010850469,0.0903027517242249,0.882176031357755,0.0786830219285995,0.680860680378341,0.0811107920924435
2.95859040252304,0.173887460351063,0.821292503553903,0.116947511888057,-0.505579415313034,0.0728261471598317,1,-0.196635507461475,0.232011279128699,0.724372494816225,0.118798283254828,0.632625211313337,0.0964087769444425,0.47039445774484,0.089865038328877,0.659695586005029,0.0819524201078999,0.67140584274963,0.0840032491592778
3.29422368130063,0.184199895353041,1.10469679664008,0.16057592977916,-0.639168244471907,0.0490302349917118,1,-0.186808788537892,0.196827042976254,0.732269236161985,0.115537994612007,0.74773492180605,0.0950551641582401,0.666814142921043,0.0790100667712255,0.76284704806907,0.0861300944051489,0.746477101555048,0.0873557238446627
3.33564928929753,0.22010668312783,1.07722995055005,0.178377044524623,-0.667745113986378,0.0527000941944892,1,-0.316352577279174,0.186046201691965,0.835745812635461,0.125676847352131,0.744825369158549,0.094746233763017,0.734518365030031,0.0904348893449268,0.801521736908794,0.0845164820076074,0.677855078176247,0.092442046575363
3.23343184975221,0.189675074588184,0.877021041814224,0.129139408311729,-0.609016920331393,0.0517842358649047,1,0.0681377867074529,0.231599951411724,0.645626270498842,0.130212704026071,0.619943834197964,0.104300866644636,0.837610500200054,0.0762103618540799,0.706320843275008,0.0853247169800926,0.698616483134263,0.0817601960529389
3.29047035847496,0.217466727361164,1.02174716828527,0.1713351860167,-0.605846441563895,0.0632252777524827,1,0.254889782551907,0.22159651644913,0.598483657313176,0.128139616275818,0.60574167937688,0.10171136818792,0.790267055517666,0.093769326152263,0.645458965818475,0.0906948518698109,0.705568681760946,0.0879214282233849
3.49832564711094,0.176173947293033,1.11498852255579,0.142785700721954,-0.586856113225192,0.055588317115775,1,-0.00800352446632253,0.252699407149525,0.871163500934704,0.117614383722259,0.627517033050622,0.0977527325859043,0.801018968706,0.0764211509864369,0.726832149006085,0.0838052034112901,0.834579107826016,0.0732236778222638
2.91034518782922,0.136548831698227,0.706079837018083,0.0973031320357002,-0.357882797650853,0.0780430956438371,1,0.240716494705106,0.210127649507204,0.495866604782426,0.12080824377792,0.542696013573765,0.0849134160836403,0.718572845652971,0.0742330645857458,0.617746766878118,0.0766442974915534,0.457485284863513,0.0838869726489955
3.24460710406757,0.203299620496077,1.14169425788202,0.176452408604863,-0.608426987704687,0.0594475392048551,1,0.0575791910595779,0.194313046351264,0.677041185258202,0.112603222667079,0.736776479856725,0.0947727670718691,0.749654013486948,0.0852271388499036,0.763134378055458,0.0812584135202086,0.635239101277634,0.0985092830303458
2.96568597304335,0.171436833086122,0.772963605456541,0.113890736852271,-0.544885154238777,0.0656308530244699,1,-0.0958038861172885,0.226888319686907,0.646011863010308,0.127128402168835,0.715562890095403,0.0905907029591047,0.478456077445394,0.0943786363949831,0.651326841275885,0.0800560257098166,0.623258958527557,0.0887246213698774
3.17636598770731,0.168170459215726,1.0530827364074,0.142451179831473,-0.567033612150812,0.0583281066206665,1,-0.164361762484202,0.231779164210129,0.750244078037749,0.114912165057649,0.693016313321451,0.0856177120920954,0.697243127361393,0.0822823884805338,0.781697788463697,0.0732146769599661,0.689983761106203,0.0848596172566193
2.99138444420873,0.176613601500492,0.778633329221521,0.12000055244759,-0.559857591178166,0.0673982759215803,1,-0.256261568711039,0.276982635283561,0.71240236388421,0.152242705229984,0.674418101683164,0.0993406936639638,0.58816738768846,0.0922377643282033,0.630086338949662,0.0818495031992531,0.637734269230493,0.0825799715951348
3.36061535181321,0.195892113869463,1.23300014957983,0.175992907089679,-0.62867804085884,0.0573783482957283,1,-0.0755882916263513,0.260864675842331,0.75505566463834,0.133917095506218,0.757108597260998,0.0914902507317411,0.830017350384446,0.083272856324608,0.928736865544756,0.0778517702331455,0.697368423410338,0.0866550381116129
3.02962789418719,0.187696533255928,0.791065552156136,0.130795331629632,-0.514797393342008,0.0729710031726953,1,0.476295743017748,0.246835911631868,0.539102677777313,0.13193222068539,0.512253161588183,0.0948978920041878,0.681961221009288,0.0944138505432487,0.407592671617425,0.0967475750825572,0.634559547289196,0.0860216849152014
3.31977590221856,0.215725458548087,1.10770370721188,0.172778462185428,-0.587487008189397,0.0662633744394205,1,0.0987277399401199,0.255018658182233,0.763031168113758,0.135282352078014,0.724410610104999,0.0954273523766832,0.655207125442316,0.0971328009635381,0.76208650034396,0.0920907887875777,0.598699391967566,0.0920561967290462
2.89024581145449,0.159086488973882,0.886192679185988,0.124938100752192,-0.451527733219132,0.0750276493113401,1,-0.399247779745895,0.238460134845723,0.776969720132809,0.119769454730464,0.611464333609341,0.0885020914408286,0.524656524546924,0.091305334280862,0.63291481308544,0.0798678944339296,0.594429306739462,0.0817400735235193
3.5361667012432,0.240307387091459,1.42686026633693,0.218517906012373,-0.667342495651858,0.0599260344498838,1,0.0739570895355061,0.280788903076783,0.797287220703778,0.131366977844597,0.759350224469639,0.101521458678174,0.696482210605366,0.0940817538922619,0.957310965598875,0.0916094756513801,0.663568115761815,0.102114591424641
3.09908345538781,0.170029995540481,0.955085906479377,0.136732602015078,-0.467114294122755,0.0769835398956066,1,0.121779813558219,0.18034161625681,0.667894436753397,0.107020711223664,0.402568697199281,0.106201502847646,0.801174377690786,0.0802607739184764,0.576394269882739,0.0886237749729399,0.575044317795042,0.0930357711075046
2.9965421416045,0.173288291177085,0.885945223236071,0.133487471939992,-0.565178638526689,0.0635608252407354,1,-0.0739225489467499,0.214779082669884,0.690330539909767,0.11543325490967,0.518415116705475,0.0936027819005758,0.681859469872823,0.0775538801567507,0.643315759074488,0.0862249214259528,0.633475975601213,0.0937258203339367
3.42969615842731,0.206014780166457,1.16689772702773,0.172190039697746,-0.612545900719254,0.0564859330416253,1,-0.20368192960469,0.209971670173767,0.799266515106401,0.110505788307453,0.701612791488742,0.101129756110966,0.817380738495183,0.084511561681001,0.803115890637282,0.0856122585255703,0.959045392843608,0.0841081387209948
2.95462028716455,0.173893621334454,0.908454758162748,0.130512164465091,-0.543705015172546,0.0599327300063588,1,-0.0605437231354325,0.218542830398869,0.552699275819748,0.127754399206914,0.679422787967302,0.0897550229312186,0.645710394000953,0.0830244389227924,0.600905990503241,0.0814387551556428,0.583204512828996,0.0825994451880057
3.35439804504181,0.202091366409384,1.01842490598323,0.153190689622156,-0.609009797552898,0.057811154978351,1,0.424031036729799,0.247859830373723,0.64061235199942,0.141832933191821,0.67614123827986,0.0985958933883031,0.76650329720828,0.0934938678977153,0.688387661386468,0.0841316572275538,0.702300346769094,0.088258808239819
3.37467676192135,0.185504183118295,1.05142458357754,0.154044688538311,-0.646606989989701,0.0493344359768727,1,0.29394657166264,0.22006063893093,0.628838821910227,0.123611728451338,0.794394631265317,0.0922878819279923,0.743951052036468,0.084730548709631,0.800743109608667,0.0833752351170393,0.674749224269434,0.0881450225828189
3.20298206226909,0.198890443320488,0.946946914253308,0.148125280683457,-0.602968404858374,0.0557064735371329,1,-0.144245895067253,0.231290637758458,0.705373839534349,0.126652954831276,0.656224864211001,0.100090953017724,0.681784541603925,0.0883566739856778,0.744546616569129,0.0838311662494095,0.773710375129573,0.0857970558332338
3.17429453746531,0.18586391333448,0.979415976583948,0.142465358887234,-0.649886072986637,0.0490026242956224,1,-0.703566900877727,0.260709473302383,0.837108064233858,0.122684395364475,0.804595761333068,0.0841125366429409,0.757708001351397,0.080946903077772,0.782284756626515,0.0843785923461971,0.760824269135694,0.0897169809425622
3.47113260372341,0.194506274951824,1.05429419914249,0.154755742850997,-0.629633047393608,0.0574206646842062,1,-0.0987795943840096,0.266188130388926,0.689582417893321,0.138611623250775,0.835896352588533,0.0938529847540385,0.782365407114938,0.0894631798790136,0.749873307983172,0.0824343819891179,0.738038954582688,0.0821625618213147
3.21621607576566,0.213551434377922,1.07623643344178,0.175108540665392,-0.633713124251767,0.0599173711412625,1,-0.131573971926945,0.261591738237099,0.728865770873682,0.127123771529338,0.581708835418989,0.110306114076412,0.705387392894794,0.0924585729357473,0.748227367400259,0.0917185220789773,0.759967942736711,0.0935505287683776
3.33077365041718,0.187960912448657,1.10024769090773,0.157120433068646,-0.506128592979778,0.0697930222073889,1,0.0498576449228506,0.327961134601278,0.739927339345238,0.158446174639383,0.566237074313947,0.1035037695743,0.737227647681018,0.0915141981014207,0.774178451186309,0.0737633185961769,0.713501927773414,0.0830230795103263
3.25131647742882,0.184643912438799,1.19532356093875,0.165723666725502,-0.574349859445496,0.0611624909603902,1,0.00178302493975339,0.230978394543181,0.713712166552083,0.119441609226861,0.622209627861891,0.101429154683216,0.721187777923444,0.0830018844447791,0.813789174713583,0.0788104423128587,0.559119722925455,0.0865525866354442
3.46612873760396,0.218570963126894,1.02847741678332,0.157116759486063,-0.673693224297829,0.0481303169776205,1,0.16170055627242,0.239222871228157,0.650918223800921,0.129218222395777,0.870996433710111,0.0945272929582879,0.810099434900222,0.08448705384415,0.729990221548521,0.0880100349299772,0.777565181541983,0.0882059796294544
2.95081366645856,0.156748190738282,0.744088787718839,0.0999252427295826,-0.514953291891839,0.069887877608804,1,-0.302072511330828,0.283782533256225,0.821277590229283,0.1323443805341,0.612704579097213,0.0939720668017945,0.646010304588831,0.0783220891734905,0.524627043546026,0.0815499387471777,0.590849251069199,0.084900379009017
3.36763096402669,0.213539731896577,1.06310471868857,0.176813023458473,-0.66724041906883,0.0492071998156778,1,0.350623966861937,0.222401435268115,0.575053381638714,0.135257282423729,0.691131512076788,0.0992236725267195,0.805374935184955,0.0890355223563967,0.768438204524899,0.0929343636527257,0.762983233895534,0.0941059599481825
3.09598941217879,0.166159329366499,0.838603029358493,0.118654871972843,-0.551046918482728,0.0689382369604426,1,-0.0550455658685487,0.276863340241391,0.699626612426954,0.138403107024497,0.584803281237686,0.0976237130628477,0.586548602242364,0.0837154304232084,0.640813707842746,0.0902137112356043,0.549459907471613,0.0913937334071699
3.05682323997767,0.205566059114283,0.910673934198369,0.139635553085983,-0.585261715479617,0.0663816468739567,1,0.0153321564898838,0.248359086533596,0.66611301236222,0.119748446489733,0.625540950638146,0.100623952903667,0.599457517597444,0.0929310001300667,0.741627346587368,0.0905873757195642,0.748121613809088,0.0860348116161864
3.07222945144567,0.169423903905448,0.887959634627136,0.13889609082438,-0.514749839354626,0.0603657238216284,1,0.158847771009155,0.193764397378057,0.511472733938621,0.127219118972931,0.65377048368058,0.094452889051099,0.71069402375385,0.0816640132749611,0.594724095219502,0.0865652659657354,0.742256076121251,0.0847777488398081
3.3113588894275,0.187809095405682,1.1312181377104,0.1601527789285,-0.64881555636623,0.0461039812776601,1,-0.118850875071557,0.240716092975906,0.844816897551323,0.118316747066729,0.65509985742143,0.0981944201458513,0.693437634728396,0.0835457520987698,0.732172464329544,0.0798378592641052,0.805873177341887,0.0793396917923509
3.29347016598505,0.179538654710372,1.13594675491604,0.157329526068815,-0.642731345839812,0.0486233197381995,1,0.199028641077681,0.221201757227751,0.639182425533575,0.116606073538209,0.628139935532019,0.097842097897943,0.703377741978418,0.0820273699865468,0.670222145994714,0.0865684568321919,0.784653424129417,0.0787647808039425
3.11800923685937,0.191451519671984,0.929862963336836,0.133925089975247,-0.559027334659726,0.0692761340264366,1,-0.234305041302827,0.264515919848667,0.722412841035196,0.138673649099931,0.683873204239805,0.0968149313910052,0.672993539050415,0.0892282170848109,0.629739905441245,0.0900620260696779,0.63377862818528,0.0915117503270755
3.6044100954729,0.213235878846463,1.25945159892296,0.18457284025496,-0.709572725098429,0.0438062114513773,1,0.134756576705017,0.328591024676041,0.691324797083131,0.159011113194422,0.803282467684229,0.0988751630595868,0.904681929518864,0.0885102686207162,0.869898109012428,0.0823466999088684,0.720830687184176,0.0919977903403642
3.41352147016473,0.200964093670131,1.30069130336667,0.185204936492454,-0.631792350301185,0.050171833581709,1,0.617851329945275,0.227275621231881,0.477756727777402,0.136305177083091,0.715568239231767,0.097121222775266,0.743073393592846,0.0840298998278619,0.7719619985934,0.0785445090162719,0.788557998593255,0.079594969945237
3.41559565785332,0.212061685812935,1.36306990629618,0.197721718950301,-0.533786177759826,0.0723698330064507,1,-0.24106096354142,0.250197927510793,0.786038082255594,0.142389509258837,0.802410244130085,0.100173356409403,0.639165695108558,0.0900244636699463,0.78986694977344,0.0870578754249953,0.802284748223497,0.0819666456331321
3.40286588432907,0.210513013677329,1.04285419257101,0.15696274913285,-0.579232163465046,0.0624754242083139,1,0.439462988680048,0.226294067559837,0.436598644602456,0.144971521313105,0.811774671457132,0.0900206663582094,0.886248487914319,0.0840300815697826,0.547037937620029,0.0964820272963322,0.689785780209691,0.0915564559993777
3.60224324668262,0.227597252743224,1.07797073524022,0.17276312028754,-0.65077088162264,0.0532535136353037,1,-0.0957470432312561,0.221304969681404,0.866894919539015,0.116805658427094,0.665709210849696,0.112477834685435,1.00946640967176,0.0864183101196299,0.723127963254638,0.0933108982321098,0.838513489430317,0.0839425928618042
2.98621398211345,0.184912706285095,0.940041805506859,0.146085479511003,-0.575275523950744,0.0614048701532825,1,-0.00922332124186918,0.253576241146296,0.55111701968663,0.145597038733314,0.651220592874898,0.0921193614764328,0.578678237709715,0.0913781462189217,0.667008823179342,0.0828920422608639,0.675431904150789,0.08780711922687
3.15380646279681,0.192678674070311,0.928596395638281,0.142360605155369,-0.603685983163381,0.0582790236523641,1,0.200422856674015,0.214593165678918,0.545391735833878,0.135873444416122,0.42341323168854,0.114183042902925,0.82535590957706,0.0865677678023092,0.779626289243018,0.0846417353589344,0.681419713864742,0.0918898053953674
3.10708852095075,0.189049519448781,0.950985827079198,0.149851533829398,-0.571339590868394,0.0611463782584159,1,-0.328500798214739,0.232386061923765,0.811641929136033,0.12439705056367,0.586199237757426,0.102693226603205,0.715890332616675,0.0902902570490013,0.638102490282614,0.085053938472834,0.787153637990469,0.0864674017314006
3.27007615242612,0.192490434639463,0.97582421941183,0.145073593933934,-0.61557116542859,0.0589889779126627,1,-0.286559567032652,0.269369634767434,0.776592371721779,0.131251286440685,0.685525044007753,0.0973374159967663,0.741817311573668,0.0865343194244765,0.761318224378502,0.081709584861437,0.719579651551335,0.0845779016912145
3.23063602891358,0.202533692244972,0.987589624030336,0.158171683387498,-0.614537239049176,0.0607176342866407,1,0.00716243773234964,0.231803286978182,0.744881749247098,0.117961750467562,0.540153272907663,0.100801190521253,0.673343110095758,0.0914720978425682,0.758474463186651,0.0890253034709836,0.608718737698884,0.0929191815494429
3.02413933836534,0.191055242436383,0.91638107305247,0.142126367547522,-0.603131340318816,0.0582706120392089,1,0.0848337684347238,0.218736835948882,0.617420347067572,0.125395503950144,0.615135797896296,0.0933792053342315,0.632007587001702,0.0906067826828406,0.670440070401609,0.0919762928869385,0.761001468549518,0.088572851840835
2.99678971765959,0.184161454491782,0.871350703651651,0.130236239681691,-0.596879353818104,0.0598179911977093,1,-0.0790843021186688,0.240751395510724,0.559296465341219,0.133489657219796,0.757343704630177,0.0952334471310743,0.63268164070419,0.0904285319892584,0.690088477860365,0.0861855764172143,0.60117656452905,0.0840329167603335
3.09513543921158,0.171985913767018,0.959534801737293,0.143482858504891,-0.608671974938434,0.052669690872221,1,0.0999114319035622,0.207291664258471,0.665225487395889,0.10993384695392,0.651959794663846,0.0904989962511126,0.687912794821587,0.0812424235703099,0.52407546307569,0.0877968364374623,0.590560773279172,0.0931821034234069
3.41461399848248,0.209432032320494,1.20236518154422,0.180853426345543,-0.611141211072441,0.0572989195803461,1,0.24098739213608,0.256528151359971,0.681547972592661,0.130922255841217,0.797620167234862,0.0919386630783006,0.735879602801516,0.0888096740074106,0.806914134002394,0.0872469730898965,0.65215356118828,0.090403941803125
2.92761726954655,0.156332632586223,1.02610880154247,0.139323293274849,-0.56627255641244,0.0593084490739733,1,-0.36916368079538,0.2103255361037,0.759275633404016,0.10991158786326,0.632257267519608,0.0877856962716206,0.71220884269606,0.0799980965855521,0.529421831849296,0.0884639699415825,0.700722853176792,0.0832046048176874
2.95158654580795,0.166183102134157,0.713989529608601,0.108327945183493,-0.458377978523936,0.0781691542420287,1,0.152051245922104,0.245135374521828,0.446745826079826,0.154071939653758,0.688058522631757,0.0897198099756702,0.558422160981013,0.088845387645867,0.627377266494908,0.0829629430478352,0.70518861302037,0.0837828469342702
3.11650789248389,0.181533899676181,0.932923046226925,0.137843807259641,-0.577859274246238,0.0631995754217526,1,0.269362736273694,0.197406940606193,0.544991517145036,0.127236143912832,0.559533162843545,0.100976291835954,0.735975024482072,0.0791994474684844,0.583475699471928,0.0893056012391051,0.800092982670893,0.0815208030186062
2.93609761651567,0.160297747664365,0.837051506845411,0.114966575182143,-0.57712976817665,0.0577104003679223,1,-0.224627575754646,0.245646407839589,0.714019407680643,0.12726597986887,0.655969937368855,0.0866765772514134,0.661008443900147,0.0808941193072197,0.634182667367588,0.0782862458280943,0.604754117148029,0.0851396037342078
3.28421126377552,0.183154776378868,0.982248443856318,0.146043614805228,-0.5878780385519,0.0590394475978153,1,-0.0741554207882105,0.248807177904172,0.657847778593846,0.136133929389588,0.921745656972575,0.0900857044464154,0.746497132880778,0.086955035646412,0.689865460371735,0.0839022564768606,0.701953381555668,0.0860099909403197
3.14716706522622,0.195899091235443,1.13210633064642,0.175265772448865,-0.562375543787526,0.0739878685597306,1,-0.319443813098085,0.23848247142699,0.880092684665866,0.112467754509801,0.576248887553459,0.101661589657696,0.703587786942435,0.0882880951982944,0.712886510736834,0.089052106825172,0.676699109251136,0.092182365577823
3.02406318896221,0.17292765695688,0.977685181800863,0.141812351667211,-0.537947397357701,0.0675704437304797,1,-0.05716336042043,0.201588950426085,0.701299610828678,0.114589645587294,0.665051343986255,0.0959872821195222,0.634325875341887,0.0871902957141177,0.732387508192218,0.0825371347454241,0.644249237405881,0.0843155979161489
3.15517700994853,0.180737900883711,0.946078332089231,0.145956476653554,-0.637743687013044,0.0530948449648316,1,-0.100428232174547,0.191406635282378,0.616628163474747,0.11903039548143,0.665687373922492,0.0936759775417529,0.794841587666547,0.0811851589548141,0.628098888657441,0.0908527656843674,0.657696676110816,0.085167042098613
3.32268947179415,0.179971425415645,1.24305683276375,0.159229311857389,-0.674259773397029,0.0402703518186893,1,0.242588057363993,0.241106088837815,0.439059885790691,0.139158730239873,0.852190071276968,0.0881022768647198,0.757654042268458,0.0802430157402664,0.670074418469109,0.0791951573755894,0.804626117179608,0.0742184967704058
3.10881321185102,0.19177447882312,0.962475665875812,0.14447714646219,-0.657687118369922,0.051327785653463,1,-0.0843122793895385,0.216252137127481,0.727218469744289,0.124790725073147,0.528846399994392,0.111202414389561,0.774651571725786,0.0856632007990198,0.709742731425004,0.0834014107262186,0.846963994955392,0.079988917519751
3.27984949445374,0.17561020308699,0.942960605689699,0.132076397123125,-0.539271319534502,0.0647085693103801,1,-0.178387903943971,0.244222338975464,0.796897807880699,0.123511789346541,0.722662207712931,0.084396174773483,0.700887321674503,0.0817080055317486,0.657766944280301,0.0857910613483323,0.797354715813337,0.0840953035419627
3.38948888615393,0.191542630859152,1.01078837542187,0.144881511769917,-0.67870522506198,0.0471302455105915,1,-0.0377252585804912,0.22908181441898,0.734920955475692,0.132549350043462,0.759406771273907,0.0973393983679951,0.804653797803017,0.07678628452845,0.699974538544936,0.0850007746934031,0.706746973488099,0.0877367736925222
3.11810290631778,0.180006473013094,0.866539251469541,0.129768441092573,-0.455991529684729,0.0794029340014847,1,0.186030202794753,0.199484090755509,0.654681795751155,0.126194324543032,0.444444383457301,0.107119144559562,0.765432432442028,0.0777716108725388,0.605171569695394,0.0904512064230003,0.736905359174508,0.0892662771175566
3.31735810858451,0.171488940082328,1.08396667558741,0.147851960269517,-0.689829696596439,0.0407245482739306,1,-0.105960093944672,0.246229987386269,0.852590717365805,0.118219956422931,0.693940847315396,0.093126003621887,0.645733362976457,0.0793943184831416,0.603006054809021,0.0860922969787822,0.879141064869961,0.0751925228978027
3.32795057175401,0.188932665193145,0.976500812854721,0.137726761131926,-0.617144310205754,0.0548802038058393,1,-0.0431348817700811,0.218006766289292,0.791649775132659,0.122287355530095,0.822613678183718,0.0878474640846179,0.728986315157924,0.0835599741530367,0.67271402713112,0.0847532881550383,0.777400975951183,0.077379701404911
2.97514571668977,0.180918775791322,0.940277143772242,0.135522720763315,-0.589457590610608,0.0625819337533759,1,-0.311735951532941,0.22510503227639,0.728272872005359,0.121985452445268,0.68269689019764,0.0903491183210783,0.664953034175686,0.0843266647088033,0.569525015050668,0.0910585185701233,0.662268359003845,0.0900300322240239
2.59534818717008,0.1404138683366,0.627192274902848,0.0915033026218374,-0.442229128410531,0.0765369890106596,1,-0.465478336547206,0.238398674668602,0.720618488896053,0.126358814689497,0.625494691890649,0.0875609344937456,0.504455808688162,0.0884732665708601,0.510466276897508,0.0770037621168366,0.553530222447259,0.0817800783380826
3.30358069420995,0.186615276134745,1.0627675381532,0.14678581859869,-0.616017769673399,0.0554298874379371,1,0.193952115132843,0.23585517062881,0.759058618308058,0.126264617347751,0.514030827109108,0.11009413057879,0.702566943715072,0.0835790880064765,0.784611767700314,0.0772850363424001,0.635877510913046,0.0917995778277979
3.16898317019777,0.166620841742515,1.04516392206096,0.153504248634562,-0.650819722775506,0.0499238189480359,1,-0.111618346224438,0.205648767352753,0.67625370640335,0.111210477909579,0.769088828062713,0.0825464201234661,0.620415940986072,0.0859156311370837,0.735326244424219,0.0829357071880307,0.645704418053424,0.0878972909305288
3.03263732040285,0.184881902670416,0.842760264223603,0.129076654089625,-0.492637239423895,0.0773665113044724,1,0.335382719282815,0.215967842808016,0.491516746372215,0.137156027336141,0.504861347768101,0.10449684880047,0.68461102093767,0.0859690195731326,0.698732469569128,0.086208567670705,0.648158777313793,0.086781676950916
3.33615136530257,0.204785052132516,1.01083049011902,0.148862459607027,-0.592257439598073,0.0637920019635226,1,0.131485293339151,0.208643554403518,0.622914421422407,0.129381690053498,0.705103924398965,0.0979758657259889,0.659219273063767,0.0941061589153261,0.529679498919556,0.0904942687846973,0.854952572032424,0.0875271859726068
3.32033595624669,0.168898096763057,1.09135895929044,0.142658875243096,-0.623462330079492,0.0514140432626459,1,0.182081001647101,0.222943566987851,0.45859161965883,0.145416149200762,0.791220590306751,0.0849307134001571,0.816190535045525,0.0795130977056349,0.675931620491795,0.0799859086972104,0.738317430325373,0.0755419748526354
3.20078612522114,0.18102625152355,0.869675569417165,0.129674261026191,-0.622331319205484,0.0550269072982857,1,-0.224033791306653,0.274769299287394,0.796322528387118,0.124228763828339,0.601572935903713,0.105438660759384,0.718267019325181,0.0833967081440863,0.724700980690102,0.0792039465052032,0.731671553702306,0.0825486418790996
3.21450273081584,0.165291339934126,0.994250399962377,0.12879140587922,-0.516024931944284,0.0629749594237983,1,0.0324210208450725,0.201363192440507,0.737704882567809,0.111432478191703,0.695201960453486,0.0862177231724656,0.616846414503627,0.0822682696535686,0.70102844570815,0.0755889536140393,0.698128013979714,0.0770058357339755
3.29351777041189,0.191061547691987,1.10030345651125,0.156322465334308,-0.648408763970489,0.0519582741903979,1,0.399162912770636,0.213217051117062,0.633985109666666,0.119698469680668,0.596157751267998,0.0983835972964183,0.776619924695776,0.0803656017653122,0.720233844489755,0.0814939720141957,0.592672852327202,0.0860540131013543
3.26099090704577,0.202245562081809,1.09404494688766,0.167823646560856,-0.512082016810145,0.073920935389818,1,0.434119851492341,0.243388948168957,0.620732300482197,0.127546490206094,0.69446262581245,0.0874783258466816,0.596959721903769,0.0967032480639232,0.711445025594567,0.0891941543335045,0.688237176833861,0.0907523386652721
3.46524952179223,0.233924698954579,1.2083781571169,0.196632912711224,-0.565206981511132,0.0649558918026128,1,-0.21714664654835,0.217867980687671,0.978559831599355,0.106326469008894,0.553605395352513,0.109181515504157,0.750516389628586,0.0853545579460386,0.711063115293231,0.0906170400734971,0.84878268589054,0.0916458173937686
3.09760570855476,0.170848186552418,0.925546506981058,0.130165391218943,-0.620006322835503,0.0506253683387699,1,-0.0862053792327969,0.22719645991902,0.639236255654642,0.125546663404135,0.716908554358954,0.0910828387912462,0.72628643994456,0.0844872634188727,0.756747334854723,0.0761905141546032,0.654698266690376,0.0813843173272913
3.48422263443877,0.209494166266336,0.990374780952636,0.152126376364061,-0.677967564538639,0.0463224993356358,1,0.184289364171053,0.243325356826244,0.850177579565565,0.128619206571057,0.634587067732615,0.0985982258593554,0.767920068904988,0.0807675144820563,0.778967416986188,0.0846555360050067,0.823522370078973,0.0888914169902202
3.42258841667719,0.213097091619812,1.20064798236212,0.190541410428565,-0.638528197705636,0.055247991926977,1,0.10992529752746,0.199570512080035,0.839605169336051,0.107959152675278,0.68105639880844,0.0974587132589912,0.76327873992426,0.0883231282428102,0.747181760095596,0.0884068692979384,0.807078545428665,0.084564032095409
3.29323189064496,0.216123760397825,1.06906092883572,0.176369665137017,-0.62302138377413,0.0617921486250334,1,-0.375736637598016,0.233157918469292,0.883139869038953,0.109202913604847,0.700102350042103,0.097340022071056,0.789052824865586,0.0897057363811058,0.592326248463132,0.0906063845220138,0.700778592377867,0.0902346544848035
3.25108274973115,0.208337145548869,1.0625923981767,0.167623098247205,-0.654189460550825,0.0503385936385203,1,0.0117713628909798,0.243522571912036,0.707115596393302,0.125993412043762,0.714405554560613,0.0964565482560372,0.766353179145263,0.0892232294637975,0.77566568458359,0.0914852862313693,0.692815642979606,0.093889529938001
3.18366388810951,0.191842807741868,0.965522159121727,0.13903143339112,-0.582347670817177,0.0590871982662035,1,-0.0715196362111574,0.197086186503304,0.644443281893639,0.131046076339207,0.788059297632282,0.0891947476207768,0.760573840357456,0.0863067378811656,0.652976400269984,0.0867283805597572,0.474268667864923,0.101292687192258
3.21733959081393,0.186348618917814,1.0160424787887,0.145015428901009,-0.62877354200163,0.0547369804638959,1,0.372194056043249,0.183196103975969,0.4358541023131,0.127036310280943,0.764841384904141,0.089971314114688,0.705425114191442,0.0881734806173175,0.665077325609609,0.0888206638526594,0.740929857080619,0.0795603119384771
3.15600854172265,0.193890793400859,1.04738238747836,0.151344870077737,-0.635864864877809,0.0578205988190502,1,-0.120041488712746,0.244360271623312,0.770656393519632,0.114207775370912,0.658936752240009,0.0968232038780587,0.66375706176999,0.0889092622355549,0.664514760682361,0.0908105797335218,0.728161845185357,0.0905604282009301
3.15095876351347,0.182896276042254,1.09104147291002,0.170413149888675,-0.586015124123461,0.0578189520966423,1,-0.185318020748689,0.21597191254469,0.733768684117488,0.110307848241313,0.662544276990797,0.0987914438030354,0.72348967454141,0.0864895415797595,0.744958203944788,0.0801964335183579,0.651782471144969,0.0919554775699711
3.25168747333587,0.203733717604218,1.05338574808995,0.162141657341077,-0.680628627325256,0.0459714056307231,1,-0.00490263174617634,0.238965893322692,0.686497228477705,0.129834903147852,0.642779684693086,0.104953403276059,0.793439643242383,0.0874284319989158,0.711233150828067,0.0807779261307482,0.703801174184756,0.0900598703525949
3.48477235100164,0.209898854484506,1.27233653236326,0.182079154085217,-0.684809301450024,0.052793376013039,1,0.0363095286278198,0.239780815592194,0.850436073030217,0.118798869214563,0.703586528151273,0.0933715441806235,0.773202055772566,0.0822273290966917,0.710336247496457,0.0886036951354144,0.885903158169702,0.0818817970544746
3.1563474933782,0.173551505540916,1.09484452459199,0.143609407677544,-0.643627010507125,0.0472225420075971,1,0.0489211150315299,0.200759519747933,0.627287291631862,0.125501660432097,0.555879068160674,0.102857087731827,0.836868415820139,0.0820779723431646,0.733807954221114,0.0843586314016901,0.661886398687551,0.0804052816673085
3.13592675128625,0.186251177216043,0.972054485920075,0.142380006219192,-0.651893527425265,0.0493020170287514,1,-0.134978499119296,0.20259773400819,0.543609908090075,0.125658826855462,0.770693981759652,0.0915572369210738,0.629949818412442,0.0804274863533906,0.671409345615995,0.0812963259256428,0.725542499679745,0.0823551140172669
3.07697180046336,0.17665290655043,1.26052107066585,0.172895696448034,-0.56986594888698,0.0660539093550264,1,-0.606694823825682,0.261153632252916,0.963255628351231,0.113104904361875,0.600262196935818,0.0977465418873513,0.687052301165348,0.08360919798951,0.752628286580126,0.0794226045475336,0.725203246657416,0.0838081770844875
3.46217159862829,0.197018679125834,1.38115172669196,0.19413096163813,-0.60552805950102,0.0598324032537748,1,-0.0799087665306922,0.2550121993638,0.866413526224539,0.121457303523627,0.757011559456736,0.0919805413929841,0.71480942622334,0.0860675946681966,0.824641566118284,0.0819452670572041,0.793735589609894,0.0835805480539353
3.11907557108798,0.193762979191112,1.06396787409047,0.160474818361215,-0.581668421583435,0.0608619976010843,1,-0.0854940509544997,0.211259129476041,0.568378334120839,0.135685007342082,0.71020109653139,0.0993973001708531,0.806235427249641,0.0820161475464523,0.739987121686709,0.0849840415258245,0.698572218162895,0.0855236808861259
3.40743856345287,0.172337443309287,1.02600601986748,0.135183175966401,-0.619107693681408,0.0520804409966828,1,0.521782617740488,0.222113286086361,0.660973997157907,0.122248749911487,0.662435427797843,0.0949670880967932,0.708271030862684,0.0852590383687214,0.749250947602411,0.0741626779602991,0.806443575423867,0.0727124243341134
3.48496987600396,0.202429363548761,1.22397285025682,0.174889966821565,-0.528364991624355,0.0708242635124138,1,-0.0293084982720427,0.221176305009407,0.822948116163779,0.125785279230387,0.727417361850291,0.0896179157859047,0.675914152955182,0.0916302059342545,0.824501584504289,0.0883620575218132,0.741351788850429,0.0919216186879349
3.37366655572965,0.212199440874254,1.10148350229728,0.170799061931624,-0.727669674559936,0.0405239651254155,1,-0.532472209658967,0.32479905977014,0.812024003060463,0.148468792434752,0.75433800159288,0.104429778092523,0.675573676308592,0.0931952035845661,0.840598834919791,0.0863175163163296,0.873403706705561,0.0842158503421802
3.27798756091183,0.188182140965588,1.11392795868999,0.164225184857437,-0.573638163156926,0.0548232942917247,1,0.024759184465589,0.208533302534365,0.907005478252574,0.0968054743639951,0.613806000754214,0.106866334412193,0.564019316005107,0.103052961229596,0.816855964321666,0.0759571954612129,0.70547438865189,0.092172935224791
3.31329093764872,0.200446150168363,1.09431128208754,0.167516505315944,-0.576845745617091,0.060630976943399,1,0.185582146316842,0.214265291441535,0.611340141443659,0.123264314666399,0.688021495522261,0.0922399617178291,0.69834234173038,0.0862342298454619,0.796433452171931,0.0781014538014145,0.695846533649651,0.0901865446475151
3.00847256759341,0.182948194162083,0.865621382681772,0.129620411896692,-0.548720242157204,0.0672764467042218,1,-0.0637753656860664,0.215022242345494,0.649828145136045,0.119311824946931,0.544589558328018,0.0995753652324015,0.730255699694156,0.0886213320930311,0.642326816083137,0.0861490460424045,0.75956194993141,0.085217878069626
3.11792189807608,0.19121110083608,0.929791358765599,0.138887942447943,-0.613038351895191,0.0558046485393529,1,-0.0876855378124042,0.212227576803953,0.738704972576668,0.112276058690539,0.631269169291316,0.100256091454213,0.638171647613517,0.0874039443421444,0.738336203028973,0.0785161968645563,0.576390088071137,0.0858352666092908
3.33532340701561,0.222135439692569,1.21545718889733,0.193461632767194,-0.621887343292353,0.0628381380847223,1,0.068604755940438,0.242941002920951,0.643087650343114,0.131826490427877,0.804429890164806,0.107234291263259,0.774253408631162,0.0881904806479302,0.67579386295538,0.0971442030937206,0.74608959141159,0.0916898804414687
3.27622050128861,0.187605009353593,1.12471043406883,0.157679726799747,-0.532837280577256,0.074785815435738,1,-0.121392276174906,0.226973757618795,0.69141770697507,0.122570390617817,0.75214056013792,0.0907729059081138,0.682350556015823,0.0819283515652156,0.798663369116606,0.0792961012977553,0.663313920450801,0.089024840274618
3.24362675113103,0.16995729971112,1.00915623278112,0.138873399425788,-0.616519904978562,0.0517365012819217,1,0.176004643240499,0.226175584879659,0.588012958901258,0.138838187573475,0.730233073722147,0.0873827092306285,0.644627821007822,0.0772203591191321,0.682417825669993,0.0752973511955534,0.68830517040205,0.0853156493529162
3.32048965892616,0.212788442107397,1.10885197909894,0.170035406728885,-0.615132180279458,0.0593796812768001,1,-0.179496364857009,0.286919869123543,0.797898951010786,0.140454930881693,0.725249718891765,0.102719832393133,0.776026550655625,0.0848888713109613,0.657897359348326,0.0864138337697004,0.779946911297461,0.0817045332839274
3.13176478425413,0.188956503472945,1.04001998961195,0.151698797562834,-0.588651786057345,0.0677215908528487,1,0.0877874423428405,0.234815732267863,0.565656705840432,0.135348939282553,0.810108821169937,0.0890396835482816,0.554881352494237,0.10135386294472,0.680364163487356,0.0903903820493668,0.690380853892407,0.0863576779550198
3.29729919959784,0.207092632570241,1.06980989097878,0.15766983536377,-0.62019534854549,0.0609976264704478,1,-0.31981919031736,0.261651214089498,0.861586710009112,0.12649231731916,0.761413926531001,0.094564105275372,0.685530750216443,0.093046215670114,0.779487244220536,0.0812070059785195,0.682911102249042,0.0944196397522185
3.30600464124719,0.193901531612317,0.998499378512347,0.142924592290546,-0.586637537635767,0.0621347143585586,1,0.189677719694372,0.247190313057889,0.64789750392899,0.135656559234125,0.61269949922055,0.107065114154466,0.757666854373071,0.0891206479989755,0.796370053161937,0.0759203342061852,0.66474596115805,0.0890667820869455
3.05826770837202,0.173636859869101,0.846663639986825,0.123247248656129,-0.604726768065385,0.0570749106033768,1,0.107448287980082,0.232843279197079,0.632649447037106,0.128986546618635,0.651294721540774,0.0969296385618809,0.693194521405342,0.0788479461488795,0.584626044698473,0.0819483242225938,0.647123039100542,0.0807042996095501
3.21213321833016,0.206755973879293,1.17598007975102,0.187738946914978,-0.633779663884042,0.0559795810761267,1,0.246021200056578,0.212105581227462,0.643204445972684,0.126917397097699,0.741634245866827,0.0982109473726844,0.595850658777483,0.0898002096716272,0.71069780078743,0.0960577652166398,0.600677848585674,0.100361413639621
3.17884073132658,0.196849395025166,0.977328298816642,0.15476998872999,-0.616193656812283,0.0632828866637638,1,0.0206557888580992,0.238968796340999,0.624539430900997,0.135098040424618,0.681738074393546,0.0999556918862793,0.65102287087354,0.0950547765060249,0.711014839361218,0.0848483953431163,0.762714494687173,0.0815165719880847
3.23858188224829,0.203799851183259,1.05843125494241,0.17592443769143,-0.647855000943129,0.0532065694294585,1,0.22338981276522,0.230526161069862,0.558056830404844,0.141077500679647,0.620898110768387,0.114163603526613,0.75897414219551,0.0935700795808879,0.723084292228722,0.0845469595843469,0.811318012490349,0.0897277839277386
2.95978917441637,0.151762840110305,0.809190095159679,0.110078290431712,-0.538705592049921,0.0548747291403024,1,0.0359448889059266,0.21182662463314,0.671607440442761,0.121646938503637,0.577841892013189,0.0917277883965106,0.621819717407565,0.0851177742038082,0.671754482338393,0.0758857440822659,0.627264187902458,0.0839351069067745
3.33800987287782,0.20134854333554,1.26937642478612,0.192410365384164,-0.566483464778486,0.0611439135326219,1,0.112768807344597,0.244662882820668,0.771573657867749,0.126942002719051,0.633805415857575,0.109631487217107,0.749812516205165,0.0870184786507509,0.690547056788159,0.0810408404239323,0.886410205239033,0.0813724637438038
3.1230734105716,0.169512760336819,0.974971122928604,0.139199721861554,-0.638040334678341,0.0507730377035006,1,0.0750760160801586,0.205282630175324,0.641103746016029,0.111233818949526,0.709429148439394,0.0863758219370899,0.698532468177209,0.090273281282831,0.684461408853069,0.0850695675927671,0.72698024987115,0.084505911202466
3.22180277804664,0.197604695464214,0.898895801004549,0.139426171568322,-0.582881440027301,0.0614869717286757,1,0.0944793488710221,0.190015451120027,0.742579099121684,0.119593385369215,0.633930061878604,0.102167122801784,0.681585552343064,0.0972590198385766,0.657371227896666,0.0828836263105631,0.680496703192784,0.0882566722433766
3.2336370223853,0.182467902693281,1.16235866626678,0.165177333262443,-0.574843689993491,0.0560628954510735,1,0.103256659773999,0.207687540389633,0.632832639911858,0.120927785747893,0.670536182442502,0.0930157633476943,0.766963970392711,0.0854494309979642,0.631221879674098,0.0843850306447489,0.644827211492343,0.0816774254729042
3.08456294164257,0.174485415778343,0.976308087143013,0.136043499437375,-0.557291718443269,0.059979273667756,1,0.149866617912037,0.224718657810617,0.517072155087002,0.139422112863516,0.671078737303453,0.0915870149884699,0.781358439153743,0.0823671868050442,0.733770476210026,0.0766839533909777,0.576613349385069,0.0907938401236188
3.20616563058358,0.204337110623639,1.02587604571717,0.16268234213652,-0.610723681436177,0.057928594034341,1,-0.126844619908193,0.232683249384926,0.700265322329557,0.131346631488472,0.735849239849895,0.0984848633279303,0.771441989996587,0.0856329971333189,0.770814119016542,0.0867121388935595,0.622479940207691,0.0916378835097462
3.26215735266288,0.184292345641306,0.900592607877813,0.130596751302099,-0.587725395551571,0.0619791340570492,1,0.0397821541731748,0.267690602062085,0.536941873460293,0.158729046691321,0.854605417982263,0.0925642823631245,0.617672775537478,0.0859758932337905,0.843683928763299,0.0834831811735983,0.428204699415605,0.0997110821653891
3.19006192520314,0.187707318612345,1.04410089749706,0.15118719418734,-0.64321263250878,0.0516861455420144,1,-0.0572432576972181,0.278696452992469,0.67760557547003,0.146653921223235,0.766380210791957,0.0969564222960728,0.709918804887091,0.0800040590693296,0.744541473828961,0.0822472928014043,0.629252928506923,0.0881368272613425
3.15609996716695,0.17980751647682,0.865262159715633,0.129515370475934,-0.681737293536631,0.0478701869369641,1,-0.0898095504344476,0.233151525783574,0.871808718149693,0.110600211592862,0.58849730898858,0.101611343872267,0.584543905058943,0.0934892345930393,0.681146510906006,0.0829010998234167,0.684191818458225,0.0828672374570633
3.4090030485012,0.195960405984499,1.25084956318255,0.179622584522274,-0.638594582482234,0.0491620270826205,1,-0.252967698575281,0.247588422008888,0.769803816698405,0.130359237008578,0.816903897072131,0.0942002262110834,0.786885533169181,0.0794587340613229,0.735050714929643,0.0762201457787981,0.748093920666374,0.0899610253575012
3.6123584624539,0.233865894437556,1.45391485221591,0.221300132814372,-0.593788409997631,0.0629841644067096,1,0.0156847688153996,0.233389356421617,0.780799519159671,0.134573901006404,0.81616989875405,0.0922162315612986,0.758257408270144,0.0929258617428067,0.795916410090307,0.0927154316335091,0.811695507806228,0.0916821533946554
3.118665526924,0.155896840632502,0.988960498044871,0.132843857070494,-0.682959070447059,0.039400474762524,1,-0.625403400913377,0.277132529953759,0.814720228592483,0.128305192754219,0.720312352235611,0.0865658298031766,0.698784726989143,0.0786707240962627,0.741925566476193,0.073655578102872,0.672929793790102,0.081892452472693
3.05258684579883,0.163991947983791,1.03721079633683,0.135043488438723,-0.521718262754372,0.0596190172262074,1,-0.0734334072863528,0.226261381151189,0.618472190235904,0.122880613094574,0.751458980153891,0.0838337436094433,0.719649120146904,0.0786732482021271,0.599684093890888,0.0830014186728639,0.703458311948253,0.0802258479340346
3.08841771550227,0.178816919329504,0.904352203802603,0.138406469480646,-0.57738890717713,0.0606334027849722,1,0.167795939533046,0.201313822315399,0.671926825664769,0.114136227593397,0.443639457695866,0.100002275127636,0.731921748960032,0.0821071026449724,0.564879053372061,0.0922470708306908,0.694483421529505,0.0849386637056058
3.1098791933957,0.181563662555339,1.01839038433589,0.149956879956957,-0.531768625158945,0.0719782276014683,1,0.108701423793276,0.228557101024961,0.672974866051062,0.118514046117704,0.710973740004583,0.0896844748149686,0.744526933136731,0.0831973212394669,0.7146936387543,0.0852723813399238,0.644053610482789,0.0874400825392967
3.07721684856005,0.184084430595265,0.948770020411887,0.139656144745183,-0.497661779236362,0.0778925769471812,1,-0.0252680625782806,0.229568223853491,0.847378707107835,0.112694418199681,0.608407578324465,0.0975425197071469,0.488987005008742,0.093663477569797,0.657870656524281,0.0847554946966188,0.701858712219947,0.0811842251928616
2.96026922754019,0.156449887597975,0.870288855226331,0.12645120406576,-0.512630074881911,0.0698296615517626,1,-0.208459771197452,0.222773486410178,0.712336475796687,0.125757588731891,0.658592054550996,0.0949834671259281,0.500478624249886,0.0911194212021604,0.699819307635199,0.0766318152970261,0.660080497426042,0.0847765724415045
3.48510949990856,0.22408498831307,1.11854873233632,0.174643503094553,-0.651668060777727,0.0553547114285126,1,0.134284072906839,0.259152113312378,0.549883200721302,0.14101397013653,0.938594398573255,0.0961640748388733,0.716033282345506,0.0937834764313931,0.660646873024434,0.100907091771015,0.828660801878591,0.0837561585082542
3.22414556538013,0.195802486703586,1.12455915466768,0.1614014828742,-0.557977077079966,0.0654419887390511,1,0.0965888568306048,0.239587360337655,0.514025743430382,0.141162115254781,0.751748083899166,0.0948602962193024,0.736259115381633,0.0855868414473473,0.705698262047497,0.081790209530874,0.68600745109901,0.08594877648359
3.08481516369796,0.158516051615099,0.760635703376647,0.103015399553598,-0.597407099758613,0.0553060243708638,1,-0.0467091822033073,0.218718489120777,0.850953319762005,0.111858963282535,0.653428222724482,0.0893459272714108,0.616192364585567,0.0815243489886806,0.610950159542107,0.0826500419885269,0.691984566726357,0.0833564463579841
3.36081452051397,0.213470645857433,0.991388819339623,0.161809398791256,-0.657372612864486,0.0560302779019478,1,0.10251341099933,0.220716646245365,0.614196762374951,0.134813194657148,0.654536445350994,0.103732017107491,0.750793324237172,0.0964266344299709,0.818619222996081,0.0844913566065601,0.69620801416391,0.0907774145110845
3.07410489808175,0.180724033090496,0.968381675267426,0.133920112294292,-0.605444496536384,0.0545578831621654,1,-0.0259718854355393,0.246015690541674,0.448081382369963,0.147820163545521,0.669168888255442,0.0979375144545018,0.832803460669746,0.0797125734392743,0.645379266167687,0.0844686024612078,0.72709798640223,0.0764014618440326
3.49340605648287,0.211169517240098,1.0944776154449,0.160591816019418,-0.632401614781358,0.0526942051519396,1,0.207753607517392,0.217644973348525,0.773251701673925,0.114872661176203,0.749861897728086,0.090857847810606,0.773530157025327,0.0866182387490059,0.703669189369616,0.0825405506746442,0.747517377580016,0.0895885732970614
2.92402953243168,0.178437331377192,0.708005693193135,0.109913839338351,-0.561821702578608,0.0668996889036348,1,-0.300712225593338,0.221639764487058,0.68225376549408,0.129043185567114,0.679460490300588,0.101212081355902,0.583896009000956,0.091006809025538,0.679313933650239,0.0838700569556532,0.629803361224075,0.0874372206078915
3.45544992639061,0.218978153728267,0.993200036984466,0.156828776544788,-0.602370442501067,0.0650280675702921,1,-0.177838736368242,0.266412075046149,0.946095559940144,0.122437456789145,0.661259420777182,0.0958795461925173,0.74961703208099,0.0851266374608448,0.768131915102441,0.0859238417303127,0.694746719535653,0.0947778845191045
3.3995926675497,0.192108530846334,1.11768521840595,0.153407076963548,-0.688072785577014,0.0415542896410302,1,-0.121182565276036,0.214029645542568,0.854971204574212,0.108473381489154,0.589334676710336,0.0978276951570762,0.729399641762198,0.0905389256882579,0.807358009301907,0.0761467237504756,0.744730856788307,0.0912369423360467
3.27916374104903,0.206343908993743,1.17102912839095,0.170969922565022,-0.602592305377859,0.0543188417158929,1,-0.227402997518127,0.234290692024131,0.688044886640331,0.135331886590158,0.831741048696196,0.0957179134187223,0.718630605347072,0.090102411542855,0.681140817085695,0.0853259573005042,0.845853974043944,0.0817925454591117
3.30618151806162,0.189835010589999,0.972405504095251,0.139463807958767,-0.63899711498829,0.0485566330680821,1,-0.0106945329595617,0.222969834917981,0.64010806399922,0.126936044710313,0.79037053665919,0.0935850454141307,0.632540937108366,0.088484046426071,0.813779803447809,0.078447030866075,0.699576737115773,0.0867696722415078
3.12572553532599,0.182993770211142,1.20428310170116,0.171129615901419,-0.587137881506971,0.0599715143845977,1,0.0704776180278608,0.206881818698138,0.563070212221156,0.120704651274332,0.646891418138035,0.0868677411236172,0.775246375296488,0.0777788407341318,0.665295493381171,0.0888578316852148,0.67728153219924,0.0884678877750582
3.62728962078718,0.196703750103947,1.3588660118925,0.193217673546,-0.656028600160593,0.0488371493588481,1,0.0115559312867398,0.239516113693267,0.836988548240527,0.126392136359006,0.733718080181155,0.0942815770282776,0.771972890692156,0.0845349588983559,0.812719526238893,0.0750471159432955,0.787880897906368,0.0875070254846899
3.28991900354984,0.190629166706484,1.00842216516921,0.156701507160487,-0.535753427150321,0.0627038744449928,1,-0.162295486125235,0.237234677588509,0.686141074813156,0.130257510703598,0.886829548008495,0.0897880702998355,0.651442765914739,0.0867165055360179,0.713723601097944,0.0839674431609173,0.653296724695908,0.0890806252213097
3.22645999148189,0.206827310499541,1.05836416820262,0.163168818198286,-0.544806554072515,0.0698676321815754,1,0.1006004164416,0.248381474477936,0.674326639467665,0.134015596778863,0.615934503511519,0.102717620234571,0.637893206439564,0.084338897456462,0.793469701078574,0.0905647600709608,0.626964687054588,0.0906107546331041
3.50682070800727,0.234285440142334,1.19980611872877,0.196729856193843,-0.691770027069691,0.0499156684071243,1,-0.0852116489284683,0.253570728040264,0.845873833775264,0.126301593813338,0.746843887760425,0.102161622905313,0.769377340341739,0.101101399010886,0.794598834182634,0.0838849649938836,0.798258331951014,0.0947536897058961
2.85565501441014,0.173405646714693,0.808564987926075,0.12189095063228,-0.613202736307296,0.0583553412953524,1,0.0251634149353954,0.226534289605617,0.597337980257459,0.131529753993566,0.649355088450453,0.0917772243004961,0.647075798367737,0.0908067221104216,0.58868723708692,0.0871134194290961,0.619593348689174,0.0902411366539057
3.09721170141008,0.191056719457078,1.08724786658036,0.163582882749532,-0.640130641443256,0.0515766785853086,1,-0.0904310400283767,0.241316850234091,0.688903097539908,0.122298506562748,0.61466364591399,0.0948212956334506,0.52645539658007,0.0945204175289654,0.780020498438329,0.0851063116037982,0.668459638317987,0.0836013326956328
3.12413866771141,0.184171420086647,1.03531413693743,0.161062240253054,-0.547165487371868,0.0600432477214605,1,0.221198233100615,0.239311235202271,0.425156899979127,0.150764950340536,0.682267596151393,0.0908684712247003,0.785534629111635,0.082543698389829,0.739211594629664,0.0877973085012099,0.661373402068824,0.0908971216505301
3.54703389877507,0.205909629703949,1.38699471541444,0.193843769701948,-0.560510290871049,0.0690376820972567,1,0.309686824134476,0.263299373616321,0.676109378798906,0.132590992157925,0.782067104163743,0.0963738007922587,0.707961224289666,0.0800352717763332,0.743334847519825,0.094265478664244,0.858860251878634,0.0877939090720035
3.27020534666552,0.186933004926421,1.02289501556513,0.151469388651465,-0.601706511209001,0.0582995072253283,1,-0.267086855729749,0.253917027014522,0.88920473804576,0.123580093949889,0.68396254518868,0.10508999875448,0.615315855424951,0.0869214688735571,0.724932722186552,0.0864771663542998,0.699676288841456,0.0863563384238214
3.14513739281352,0.191542363752061,1.03078061547799,0.15189894351559,-0.55408217015108,0.0637364016941617,1,-0.387486420267991,0.255903644146751,0.79877405125225,0.125457131904847,0.835080640267444,0.0805876883673577,0.571479784549393,0.088642039174471,0.615385954400782,0.0835106914728371,0.648572840567029,0.0900352306600591
3.0427697027666,0.184893698280471,0.895401281684844,0.134410556291251,-0.513529503822201,0.0806814016927642,1,0.17511380747448,0.247595905646828,0.495776301331078,0.157902868054725,0.572579433087834,0.104224383544165,0.644355791213541,0.0923759211385911,0.697166401275581,0.0852810322506363,0.694047081357299,0.0886630291686621
3.31734613647455,0.201192099459322,1.05057321841916,0.152167177254824,-0.621409929583734,0.0541845854550412,1,0.0618911083788649,0.219520930518837,0.64716999653369,0.122065838687205,0.725214135317655,0.0939533361560471,0.72271173761142,0.0905259179352658,0.687467613346982,0.0876142386797578,0.745526715689987,0.0841768390190674
3.09286409965494,0.163394840722457,0.934551725141035,0.123167205446101,-0.649634924936705,0.0486775241302791,1,-0.0878813882967801,0.205212007496513,0.767156489655759,0.109945521019755,0.793787362052267,0.083457162988008,0.538434950090931,0.0839644389834877,0.632568544842882,0.0878005574818812,0.681531811048254,0.0810615278885291
3.60882880538023,0.234730777588261,1.1808182152546,0.190142943967483,-0.690412466751428,0.0474679352949303,1,0.21455629469581,0.294579246080253,0.715288396511522,0.14434888506831,0.905078826908909,0.0913655229353107,0.714470809406787,0.0961549839157424,0.719441182921655,0.0925702370576859,0.8169763200328,0.0884249688067293
2.85953589672932,0.173086901636086,0.85368397587744,0.124772512752984,-0.538182554271659,0.0674427172490605,1,-0.160103323018427,0.217852103691723,0.375183425657725,0.140616083494371,0.868131057800686,0.0911609260525394,0.601729529592176,0.0921780962465452,0.51371344317591,0.087827359411974,0.670093441611445,0.0837443209710395
3.26015651038472,0.183066502221668,0.971870267900527,0.137655529029521,-0.595081994874111,0.0597194616367363,1,-0.16313538720629,0.216840304112137,0.781556175686906,0.120780344697053,0.640973908733207,0.0949344105377837,0.75102819240545,0.0805397105955351,0.659624557230432,0.0843507906878992,0.855700805414666,0.0848894913967132
3.0036981911976,0.18627627463513,0.908836662333475,0.135121771304342,-0.556845337538187,0.0701849330045826,1,-0.0856910140335208,0.214986335765483,0.686905219203605,0.126767815244313,0.639656166340757,0.0997394112882261,0.684382309082855,0.0881677174392073,0.556307970416889,0.0891276841776162,0.736207700222513,0.0847859648850851
3.36952905788417,0.198211001057027,0.980146177112857,0.145323462301244,-0.676636276490069,0.0486177309113625,1,-0.0319804037893761,0.264467037477867,0.877806162545851,0.116837147279991,0.709334121139318,0.100890421292826,0.717077986395956,0.0822698082227873,0.778117655947147,0.0827536618796214,0.660857503044903,0.0917100143188376
2.94707766061885,0.167138696476731,0.897768741718759,0.12887738286728,-0.433448379231901,0.0820506209397408,1,-0.0805145366225724,0.239889849040275,0.74133416797118,0.11718386427088,0.484824603247514,0.101870485431169,0.581112413212131,0.0899005202019593,0.577651443853211,0.0870118750211501,0.717788219616396,0.0789317664654735
3.2105205228753,0.206668805750283,0.952841415271412,0.152439137955435,-0.633715582412792,0.0574449739037687,1,0.0590839747753693,0.236488125650465,0.749662060411454,0.130032712768837,0.579105290562419,0.111930905382548,0.736449091978042,0.0860116898790215,0.738472712985766,0.0866044820266986,0.722398140307226,0.0894413736406253
2.92194594083185,0.16850535031038,0.870042666187367,0.127523218849412,-0.470478813072295,0.0772835760502546,1,-0.323643363773348,0.194001925338546,0.726893304498465,0.115076514204673,0.610644766607563,0.0957830179173871,0.619761863086188,0.0865629544661192,0.576829151491116,0.0889166293972538,0.581022775920303,0.0896259061106712
3.13179024473345,0.171765853605101,0.958971865338731,0.13925561587636,-0.637608072988486,0.047434898533651,1,0.0340933918269382,0.186549595204478,0.591054964242636,0.119578960097056,0.70438864438615,0.0963424685333416,0.660688147819448,0.0831711599202137,0.805436894963137,0.0740060631190876,0.532775740916793,0.0896801856028137
3.37981618315809,0.18602547178046,1.13363057893523,0.160055113335966,-0.6436111696482,0.0492013498576958,1,-0.0599232921605756,0.248982888056302,0.885016384878613,0.113662242797082,0.615710269458301,0.0982205942736296,0.755429033818677,0.0834341714949875,0.683818208294952,0.0769665030731007,0.674325923538677,0.0881566375136012
3.2414683341947,0.190879727365997,1.07763110953556,0.164089566766206,-0.609114650803136,0.0541454116587515,1,-0.0554775217684075,0.281496097023583,0.616778702722082,0.157742592331218,0.714501451192938,0.0912821919052466,0.81799289108669,0.08135024913023,0.710488638501758,0.0785227173757206,0.710456849392341,0.0856112602759806
3.19508707974039,0.185492789488264,0.806038386529882,0.11848879962851,-0.572142561472387,0.0617372406188495,1,-0.0460303105219623,0.232522749133231,0.71028835583,0.127690008615257,0.667998981235426,0.0963868775559844,0.747671475800884,0.0842684694474898,0.757792613261094,0.0806413795146195,0.727823728983551,0.0834665944589233
3.40240112186881,0.19250620715583,1.21418362850531,0.166970568063006,-0.586907723105845,0.056074300185237,1,0.182838931741153,0.238115574815089,0.636666483650108,0.126370621729637,0.805353799358654,0.0862408897543608,0.709156169782462,0.085195945256404,0.606836137779517,0.0931741440652521,0.819673837829737,0.0829765696891445
3.40593279527783,0.225303190441765,1.28540769522361,0.201797124273542,-0.560721848004034,0.0662769433517806,1,-0.188669951299478,0.263646400515719,0.912491849372954,0.12038880836004,0.508691998923859,0.106025330523667,0.755400371223719,0.0860838561511066,0.860244972266974,0.0824200455274021,0.728355079114281,0.0945949352687678
3.31338158790706,0.187435593472939,1.06685474779448,0.154777770812939,-0.530771202886211,0.062999768405097,1,0.221609585827481,0.235757949104115,0.837037629320084,0.108550188581893,0.686039686478446,0.0950984200162318,0.590916704615348,0.087700734781467,0.575325376359335,0.0897168467374794,0.766109223907377,0.0769343145499659
3.38999378005772,0.189553225472905,0.943539216600937,0.136893556343077,-0.643917526950993,0.0499771287824079,1,0.228913431518784,0.254590325407564,0.666882759656101,0.144579302532141,0.832956253965914,0.0835096480188551,0.731329388753282,0.0861008380969865,0.672087218419977,0.0869269073261548,0.762464503890836,0.0822871014255835
3.1621330868468,0.20103739710417,1.0425771728679,0.156505018635705,-0.572742364149819,0.0633735469127159,1,0.139169118216377,0.189680541170523,0.667611191962794,0.111126060713102,0.584981425436122,0.103731398079011,0.613160104402721,0.0963141901529744,0.785887163596869,0.084726316045555,0.67723669745159,0.0887770552084186
3.18260251623859,0.188182847151996,1.07740776777688,0.156359824608922,-0.595166641949951,0.0521509651358872,1,0.240033782299315,0.197215324867479,0.505905220762277,0.14617886197586,0.731591998572366,0.0961977986763221,0.79483973855911,0.083092293389158,0.608570264679264,0.0830271276670692,0.740574036392271,0.082564167050555
3.23512018895668,0.197986741234079,1.06347123314099,0.155753562246901,-0.652514204837237,0.0523779849622721,1,0.0857131107478622,0.247612621761841,0.612551582097352,0.136295379273467,0.679225230222437,0.102830384942794,0.769312987309827,0.0882366123783525,0.728648063455356,0.0869391099685633,0.719602630480657,0.0859764388987608
3.29653356015735,0.186255319622262,1.021665745763,0.147047555627922,-0.663067094085675,0.0514677508703691,1,0.157414500038631,0.227802751591429,0.679684828741587,0.133612784865449,0.738223037805514,0.100927953209827,0.583740082755901,0.0886435837990136,0.782278995142669,0.082283172282347,0.85098938715142,0.0841417918858468
3.42677362466213,0.204222852108099,1.06858986824614,0.159227088197333,-0.627648647459913,0.0592738049933453,1,0.389434715577568,0.221277982503357,0.554187781671707,0.135677872191664,0.798185746849137,0.0940087585786446,0.844493929996312,0.0830673550802737,0.666219071685924,0.0860752759628632,0.869579479004108,0.0878097402778717
3.24250907030871,0.198105548740415,0.987145305493369,0.152298056726201,-0.622234710121614,0.0555926047512283,1,-0.424844601202673,0.24675761388781,0.903847544723598,0.114789077768499,0.763666940991876,0.0908353143842627,0.696689457475393,0.0838477119343209,0.61787741683579,0.0866485245828661,0.760036521344984,0.0838733244464605
3.12248662061312,0.169687061883691,0.787068932605505,0.113969852541918,-0.593031467433473,0.0562863908310127,1,0.142355112439465,0.193384482632465,0.628860093787264,0.113141863511112,0.636465983876855,0.09488780175234,0.620058229104156,0.0840847155702322,0.620636327852727,0.0813304197517459,0.667282779583776,0.0836940624020476
3.49410103774339,0.207796638339789,1.19433885731185,0.170034643248303,-0.636769552047652,0.0549785690505444,1,-0.118537419222406,0.273530129745763,0.754130137026804,0.128167343041973,0.723099585281297,0.102467589884631,0.818691053060357,0.0802261055631822,0.786332684668232,0.0854460460627403,0.667308054279576,0.0920380094631423
3.41374581010355,0.173791369241793,1.23931668245167,0.162476482328712,-0.6137288343613,0.0488104335621717,1,-0.498358936225486,0.280360086014409,0.987892652899449,0.109325669318478,0.69268427294447,0.0993574316844113,0.840414849467377,0.0747162724474282,0.810485919885564,0.0733211052462958,0.714052297240481,0.0780435703397398
3.10971019568094,0.181069843474185,0.836201731177519,0.129214934744907,-0.504620361842414,0.0686315975999878,1,-0.149484313820095,0.212776464567232,0.755665465448398,0.119912327674116,0.645364027518041,0.0931432814407493,0.648965137644911,0.0858463266760959,0.660413257270983,0.0791169262841993,0.562511617924562,0.0913920450920131
3.65767049536884,0.204131188658619,1.15033300627536,0.160807471331586,-0.686036409780825,0.0491116406111675,1,-0.100629796749417,0.247222001068484,0.831944001947121,0.127469667703025,0.852001841548387,0.087206554583344,0.718776076977421,0.0884531910787778,0.812021246027736,0.079989882656693,0.818514518978826,0.0818841325717153
3.11361481787357,0.197860991834568,0.866721353227408,0.134866304607628,-0.594236057204655,0.0614971553847926,1,0.0750274738295481,0.243865119172857,0.644956360980581,0.136760511333767,0.585211113745677,0.10188544051972,0.538445612259759,0.0989353932436783,0.685836368826551,0.0819759761272752,0.709441258092212,0.0838284407391134
3.31202142162557,0.183637244703892,1.00198907811504,0.136344578630675,-0.542611884570252,0.059221972921927,1,-0.0890204157010655,0.245487077614988,0.791173304685816,0.121400948285175,0.71209531690045,0.0865663687924714,0.752412485854437,0.0891684604820598,0.628773902103163,0.0846438937516592,0.795062487743793,0.0820482717889259
3.19820733515501,0.189965508701149,1.0123061490895,0.155928097872222,-0.539333606064635,0.0626370467849364,1,0.0666748831863568,0.223784163563295,0.681880346187545,0.117860154696733,0.799098805626808,0.0821253390596096,0.67350558626153,0.0875611417105014,0.675782467902418,0.0861579908188346,0.698810324250208,0.0865878607407602
3.43639394201663,0.183067382067228,1.19285474740671,0.161348771548401,-0.580157443334359,0.0588492799141201,1,0.183788113086106,0.221518740867556,0.675199041950828,0.115587272490701,0.775300341603217,0.0904644981014984,0.767793466578144,0.0771284170878873,0.779675598091595,0.0709318060084985,0.803716054526561,0.0827699703508495
3.23672427407236,0.183278808633996,1.08784188399198,0.161651275525673,-0.616960371367366,0.0490055505085997,1,-0.169566351760089,0.27964922397345,0.673768932386326,0.136543117572078,0.692206573749438,0.102733272414531,0.769408407755637,0.0735469276952304,0.632293066964885,0.0833030725639228,0.669971831836839,0.0886231928286372
3.39087770359373,0.200407710466285,1.12087145502261,0.1693943813694,-0.6306170142104,0.0569565413930186,1,-0.189338086269159,0.23652389880576,0.887221053208726,0.117861160955815,0.700850891657552,0.092190072454724,0.696307669199355,0.0854692801698316,0.829425952124795,0.0791097634430044,0.71810628604525,0.0902166819239575
3.26123974725858,0.176053029278958,1.02770248786252,0.147662323648898,-0.569487595981412,0.0568160643690256,1,0.0998402728989697,0.236322856940351,0.716026535594671,0.117809891682101,0.690271100107873,0.0990685188310936,0.702036546383554,0.08182606346808,0.679316818955395,0.0817977373664165,0.708365290624371,0.0817827337598881
3.17960536653194,0.167167382344198,1.00550211263625,0.136818085242003,-0.670459454594135,0.0461673189255856,1,-0.134096024138718,0.295468345246994,0.757174694075637,0.141385464550763,0.688744433030027,0.0893554683399053,0.676258712710629,0.0883700321965152,0.641262233003743,0.0795739526646129,0.638038191782263,0.0817954043855763
2.85386228814241,0.18207066294069,0.864086036427389,0.134714035020518,-0.525627228188175,0.0768169912132125,1,0.205539609747565,0.212000754999799,0.39734761901273,0.13823897058449,0.543340347638491,0.10558571834705,0.648938332152403,0.0924426609831494,0.56468032624092,0.084388676614184,0.611227724821149,0.0894439363508374
3.18902757710731,0.18470531658479,0.780754816633457,0.114232403598371,-0.569865774634906,0.0602256410339617,1,-0.223631478994025,0.215472441549125,0.729156786084406,0.129671842105028,0.735854747572073,0.0921469473923753,0.756349310878436,0.0898785831426405,0.755302455741879,0.0826256238348995,0.62974781418221,0.087521458525918
3.13628642951563,0.195589867722457,0.951433313201441,0.141135480193562,-0.561902017230181,0.0658603169552559,1,-0.226790861415336,0.237328350295654,0.701840173913355,0.133286093231584,0.740208493111311,0.0969807175366625,0.575043141125307,0.0951055362491695,0.70279971792722,0.0879226232978953,0.619323666974458,0.0925412206409035
3.23513793270149,0.182032785943713,1.11190845516432,0.161982490543832,-0.629351544664521,0.0535765251252599,1,0.281049352854137,0.225944944519363,0.518178820238547,0.132026294067855,0.726536569617478,0.0883748447762186,0.74491921583926,0.0782713308727048,0.564977750302359,0.0871122427079241,0.701610157316066,0.085292084411406
3.24082456274328,0.188449018209044,1.0999831904964,0.158905510275432,-0.59979775993072,0.05966038338667,1,-0.177772077470631,0.223310001757912,0.726961367381899,0.124661568263198,0.69199762301571,0.0967179340313502,0.792809298474152,0.0850263236097215,0.701934459548469,0.0840845671455973,0.728275090467672,0.0848793950820561
3.1856316392721,0.176311094759305,0.774827410178297,0.10826156503628,-0.581703394667854,0.0627252416213138,1,0.0953894494971821,0.193048052451608,0.708762493470503,0.109893826728898,0.505428469455488,0.106224250885836,0.777801508354955,0.0824138814008227,0.58120073113491,0.0909560432793174,0.691908519200576,0.0826090479910056
3.16923760941447,0.176688401472197,0.86840408031452,0.12714904575622,-0.573417242484141,0.0588340996996756,1,0.137917922848158,0.176547688323417,0.678166934480255,0.106592848024786,0.643247684323042,0.0959788637408989,0.699057646618448,0.0871230460368323,0.724554367550908,0.0830157480558005,0.637444722759962,0.0846016222185642
3.0791948188192,0.1670137016597,0.85589872497056,0.12056713211594,-0.496684951706431,0.0687738614406058,1,0.13103607222911,0.221171045536963,0.555980115455251,0.127291085138596,0.745559647595316,0.0879650902237404,0.675833912949573,0.0799064620455653,0.719482941787434,0.0765929903213347,0.595089512602799,0.086350909346301
3.15793520740269,0.175753144963762,0.831063732484204,0.113474381861797,-0.656495842991251,0.0465200201226739,1,-0.129227012685209,0.240211690370242,0.765848679409773,0.126090909484897,0.601246009718218,0.0924812613182703,0.764219017592293,0.0821571367108427,0.67417257764468,0.0866260946924363,0.630638975436281,0.0842390573795027
3.00154460693373,0.160289766752364,0.877014363940986,0.113129002035575,-0.634251911085844,0.0470338678629624,1,-0.0744343220381153,0.192792536028812,0.650282603182337,0.113589768278122,0.671748387645647,0.0924683502352839,0.615335309323564,0.0780832697123118,0.743250301645924,0.0765363203716915,0.708697506402059,0.0824690370908608
3.17642870968355,0.183536645868943,0.992981639852503,0.13847394903197,-0.554990084002695,0.0717431142909288,1,-0.148764828031094,0.231750562574678,0.770650661281323,0.117194786658065,0.593623431795754,0.103379510865108,0.499438807193919,0.0965166287324279,0.826915347526407,0.079041383235487,0.646546354328839,0.0902058074117708
3.17113527622529,0.184848077030692,0.98553889173844,0.149984329874215,-0.516261038025915,0.0650935212584999,1,-0.220268690932972,0.217643307039364,0.762584626392218,0.111104597124684,0.77178753444327,0.0844219969915764,0.546648191540294,0.0910411115354152,0.757885713016048,0.0794103616768445,0.543234674092625,0.0991099074991654
3.31443787447564,0.189352098397452,0.992102377256242,0.149697227212646,-0.588440964867867,0.0654177525689922,1,-0.18670847207289,0.210976265341894,0.888902950574305,0.11157119113106,0.646195025053483,0.0966191901181492,0.657994112792773,0.0877303402290724,0.692160563560667,0.0875568262176797,0.561568272010715,0.0924993850547002
3.10535284855559,0.185901611328468,0.998740569205479,0.154079415453274,-0.546127152557284,0.0615106778705782,1,0.421695058767868,0.194225792214687,0.533068562622597,0.115635657104637,0.454270699222647,0.106952402369401,0.669728906317846,0.0861029644257737,0.704768441685117,0.0838596676204791,0.686918985924947,0.083821847594293
3.23960035547576,0.187232183887432,1.00726385500876,0.146605525996559,-0.630568136063394,0.0481338522588004,1,-0.109302880708959,0.204138582248774,0.770317967647563,0.117876429132854,0.688256685399949,0.0985798553296109,0.679205594607882,0.0868790614831065,0.716855633245908,0.0820978749906046,0.680812963194599,0.08595814515198
3.40088222398133,0.189009754676563,1.28077625080073,0.17606839125394,-0.689407605450219,0.0436376945658327,1,0.051353383531,0.211571836148166,0.76892217929764,0.109504162408382,0.782364329271571,0.0949432502699695,0.803544178592685,0.0814990445782988,0.695827909845998,0.0815751038608248,0.732877128450108,0.0866749948270313
3.22119182513928,0.190362993610346,1.12468677371529,0.160759019850836,-0.562176459065748,0.0621632044672253,1,-0.190823257887993,0.260280158330793,0.792348496321063,0.116227017059201,0.654408009820925,0.0878731465794955,0.775146511156313,0.0844584075801645,0.711540791394784,0.0870503749028985,0.604940365737673,0.0941175476549538
2.99133445072806,0.15619146585024,0.894856624737625,0.121879866695733,-0.570555804259252,0.0584011374835951,1,-0.0326895376203926,0.23414198648428,0.573968171126971,0.12770301740418,0.714309869575856,0.0947576508492815,0.770450741672907,0.0729755126805701,0.652487415452131,0.0727270109393708,0.661037809441682,0.080107289752448
3.02975283475329,0.199421764155734,0.923116661321612,0.144058153048341,-0.593718837771241,0.0636525649221848,1,0.161070561411187,0.223971837311151,0.513533008792394,0.137102914069218,0.654013654955802,0.103074519587274,0.67141117200322,0.0907205156693008,0.613122345160127,0.089060560194065,0.617705847534858,0.0890141069666847
3.43939152652087,0.230028262741099,1.25602807865174,0.202647508336694,-0.684468201418831,0.048403383605612,1,0.0958535609556375,0.214304506121757,0.796255846933413,0.111391201868854,0.742451701740517,0.0907993538996683,0.776617368907583,0.0938925981988411,0.593059425787837,0.0986397825226912,0.739835881676877,0.0962946919617977
3.16642855863936,0.183005068674532,0.938780289934442,0.136289135154289,-0.579237278085191,0.0636254074689712,1,-0.0185092192098346,0.250040199698706,0.630966596415982,0.144717395683707,0.806129724863922,0.090019396348334,0.642528495172123,0.0902049686818144,0.636017637693343,0.0893825038636608,0.74436633345983,0.0847110616884579
3.33275620312625,0.178475780530266,0.96197079564446,0.133381858949157,-0.671671841664469,0.0482107238807616,1,0.157011515779264,0.24331492438157,0.638797363763555,0.141020186186276,0.779690518339447,0.089539943556839,0.626181284416104,0.0869026390942001,0.76839654154568,0.078368242038312,0.734549953158098,0.0819990296709756
3.48274231602058,0.198653381430984,1.0274390760461,0.153425213703738,-0.707576652816723,0.0404585744106739,1,-0.19645227953896,0.25021222867201,0.888011470245842,0.11130680886272,0.685053104468919,0.0997285695089031,0.828023652391637,0.0884875500864597,0.685095307244882,0.0834602193283454,0.855446935034191,0.0802757068146939
3.58873556341349,0.20731210969347,1.18426925619855,0.172209153202697,-0.677879195657652,0.048513670512004,1,-0.103998717673733,0.233979019820584,0.702856219940638,0.129330081448146,0.863608830938118,0.094059466019744,0.81508216215039,0.0835733301449666,0.926780329826195,0.0764444158338799,0.81749818547602,0.082650636801802
3.01841619343038,0.187407086735227,0.869881633247769,0.132253641927886,-0.530206558932789,0.0720581269343381,1,0.0160021365144674,0.206784759879441,0.70950946535127,0.117219507273548,0.599883761585842,0.100850218509666,0.546475988477336,0.0996319458218986,0.733906675055187,0.0883276150180705,0.520988121112491,0.0926080958002111
2.96538077713325,0.186888564472804,0.830813514939077,0.13144533769153,-0.502302129005589,0.0759248009899646,1,-0.440446115589752,0.235409965308796,0.671465361682426,0.133862244045251,0.684215719002922,0.0930065682564093,0.687518081262117,0.0845170615616363,0.525546875857308,0.0958071959156095,0.696158833586665,0.0903151514996627
2.93311081182663,0.165124971150579,0.975016892702018,0.141809640787767,-0.519009900157571,0.0692004331717018,1,-0.126869468777873,0.201600506227552,0.683943297617733,0.105315918226729,0.666531897553904,0.0867077686205287,0.618751503441392,0.0882646594510979,0.573870639460762,0.0859967571423168,0.530180483453706,0.0878200253701947
2.97236704337772,0.171155079084488,0.843831259254566,0.120659526425683,-0.628271248860467,0.0511607222568044,1,-0.126376702542457,0.203624972723516,0.71813534829827,0.105002757003934,0.471976234046966,0.0983857804008608,0.654637541599479,0.0832674680051249,0.690744266697591,0.0776726811863945,0.732175599659664,0.081519630237996
2.90941762242255,0.182041234643557,0.738554647436834,0.117036352946142,-0.593076917490212,0.0607466990992522,1,0.19596843624608,0.184080141216152,0.49781700718149,0.123475093278833,0.67364647280732,0.0983144037099519,0.650517535272888,0.0878095949872882,0.672988693624236,0.0854063578551174,0.667210265672966,0.0918749316971019
3.34555879757557,0.209010587275245,1.0880126486855,0.165209529861061,-0.666158144535216,0.0497459109957316,1,0.132317422001213,0.248089160367408,0.776316699336747,0.123666553485544,0.501617793298303,0.10818849822905,0.717647349143992,0.0870049891808754,0.713170560037772,0.0861852346102672,0.843666386073255,0.082362379535824
3.13363662402985,0.195663611598291,1.06384776293586,0.176317937796513,-0.605518945441275,0.0570276275521344,1,-0.331262449202325,0.197813754611004,0.78913195001331,0.11487163344575,0.58110768734169,0.0987513464957608,0.797545771556722,0.0845865050749645,0.738430014336742,0.0805969820963783,0.62224149764918,0.092993852827658
3.13660667420093,0.200723847985149,0.912837824208526,0.14105504043205,-0.559051821254879,0.0720084944080957,1,-0.308794200131222,0.276903667130515,0.85183090000288,0.131050734881277,0.791315493904264,0.095605158629651,0.551747719248368,0.0979210977863565,0.598145238115763,0.0910188335575007,0.708802438977429,0.0861088603864743
3.14301127618578,0.169852562171518,0.988571988164076,0.135621822568627,-0.561551992374638,0.0629164886496386,1,0.140629954418752,0.219781638476473,0.686415048138953,0.125071744792405,0.616839643688129,0.094869523285923,0.753631504703527,0.0808989775469395,0.637517954557988,0.0827554285135038,0.585258233044123,0.0827052136722721
3.10730563056351,0.212925285829073,1.07235815303383,0.174765027400173,-0.618699172097459,0.0570134984114588,1,-0.332958316045478,0.22336008187893,0.671155987607746,0.130762901832474,0.763613808531618,0.0965111950887383,0.599692321349444,0.0937205690910077,0.589293375231865,0.0912160191439919,0.668451577195797,0.0876093377106047
3.16725520577692,0.223705801815012,1.00967459527056,0.169803952083903,-0.618897463588738,0.068626116339105,1,0.257499301253847,0.189075663516774,0.505846939805438,0.134157540603442,0.575648372088893,0.110128438684181,0.688797080810915,0.0999858340738941,0.705610772416637,0.0968175789401016,0.70777093207774,0.0933626481761864
2.7056398286895,0.150771050432664,0.600284761567847,0.0913887926771095,-0.373745639254261,0.0845197878447658,1,-0.0653512506405902,0.209889196477241,0.506974478613644,0.122560741728966,0.555902626506693,0.0915567514002459,0.604315822682691,0.0801467707612595,0.536632177478337,0.0821213995585269,0.500686698275095,0.0890038402364743
3.23904997808991,0.191667412405873,1.10971642059424,0.162166253141107,-0.55653664988384,0.0644620465243361,1,0.195077766425643,0.217394777092844,0.562018545507991,0.137590764604486,0.634159049776594,0.0985994080848776,0.685192388508296,0.0835817878170715,0.737700059815518,0.0835168361965999,0.830724513512593,0.0784678416457377
3.41109864137856,0.202067060274568,1.27116881954492,0.193287563502385,-0.665027219286701,0.0507239495905861,1,-0.219975991481147,0.25843799489546,0.822178068118729,0.119403375186639,0.815519500261816,0.0936218828815812,0.829536587315511,0.0821061227408086,0.629742075882521,0.0931286199368628,0.820847845932255,0.0852532526438282
3.26196327036633,0.163971935347847,0.902712379662733,0.119047986095208,-0.624390784896926,0.0499171341122095,1,-0.100032781344939,0.201302005444076,0.724919271620503,0.130104091450711,0.726601204575331,0.0990598660561952,0.815026001551992,0.0733264990349875,0.460211859874024,0.0846787496174405,0.789364641256598,0.0771039946422108
3.18286107828393,0.193150121940922,1.00912905719468,0.152446717402455,-0.684169077365699,0.0475506545485057,1,0.0760883952939723,0.245635796572704,0.69640753643953,0.127947830229621,0.7087116110336,0.0993694651013348,0.755326412955877,0.0846288664978203,0.633778358062012,0.0874983889389327,0.757819611755421,0.0817343643395234
3.10396265285318,0.181956171688347,0.961835682279417,0.142213663800902,-0.583881717743498,0.0552986801267752,2,-0.134232849052059,0.247077428983135,0.706491022098216,0.125663216446234,0.726383904237289,0.0887535263479645,0.71621075279579,0.0810660279740368,0.554621191111179,0.090510272091695,0.732003175107311,0.0879244825838395
3.05941458078158,0.180778292832764,1.0261481936847,0.155884278197295,-0.597623489132064,0.0595993775530748,1,0.253740331578195,0.198607379078922,0.341689344993896,0.136152429230439,0.710140727402417,0.0917290766501116,0.755381317000872,0.0836370536784179,0.516654712120315,0.0928966307405409,0.692026011240034,0.0908336687045893
2.78164631396063,0.163519016574808,0.818141037343445,0.116833410576376,-0.561771816379341,0.0629717618369135,1,-0.331882147726188,0.233501655810976,0.670188241208775,0.135097254660457,0.723881987988454,0.0871321261687798,0.638515121827628,0.0827988773065767,0.50034058652894,0.0839406582136658,0.591461087520513,0.0895818115678161
2.94835735585095,0.177837081261893,0.848820823278941,0.122715462817484,-0.547251139656084,0.0656846409733047,1,0.195673551257596,0.196430449651,0.45322916284055,0.132568581835466,0.67905710417135,0.0939141837230862,0.590848018673899,0.0906148061915893,0.631881950546434,0.0874853673996004,0.65647356210386,0.0860894749745546
3.01387677917007,0.170652662057189,0.90280739364337,0.137029916030663,-0.594965858984127,0.0603280425606839,1,-0.287206528944706,0.220442046154844,0.698770764119825,0.121601561222723,0.779898213178382,0.0951588170244261,0.68505843026077,0.0804985835848045,0.642441339940203,0.0866539179920852,0.549387046617959,0.0923793558508922
2.99463699216215,0.163725120961628,0.968477492911742,0.147790917626027,-0.535054690882333,0.0712751801080796,1,0.137338517081292,0.152113369903039,0.50806003417799,0.113570613691368,0.64226950411241,0.0945748794450158,0.691492605450709,0.0821848627824926,0.484202770446131,0.0965208442549951,0.62227018502439,0.0915338429416659
3.18074386585451,0.190397576278215,1.04275952122381,0.144837637389961,-0.64107473663574,0.054291192206033,1,0.0746180875704444,0.211925488263094,0.663674560828418,0.115574902020122,0.573189293188196,0.100600105628774,0.705802143988444,0.0870676647836373,0.73079744013251,0.0813056735398983,0.737550762758767,0.0892621407437873
3.13293193585565,0.166648361424039,0.940117314652887,0.131936451614555,-0.583129327527974,0.0571697659807453,1,-0.0688229190810461,0.19039640714294,0.618776031442541,0.1207861994593,0.634668720807989,0.0901784457894206,0.763877616045937,0.0785105412998386,0.67285061782432,0.0803259337067702,0.672969733791988,0.0825998132440283
3.20808266816687,0.172911025034292,1.30811308838907,0.172313522272893,-0.624511768473686,0.0482151831912604,1,-0.228756255018737,0.226249223505061,0.800133528542609,0.107883554945404,0.666172090882158,0.0895355989660365,0.591252399024959,0.0924337575729157,0.806512968303527,0.0725381510472377,0.603485368639649,0.0856370283230051
3.18910059573586,0.192527437696669,1.1155386387361,0.175915745579574,-0.716519984945841,0.0408097086513818,1,-0.0562904794488935,0.209867093947926,0.602095083278968,0.132879022899492,0.769289787005361,0.0920482991059083,0.667777034225277,0.0857559573521451,0.764911093584939,0.0871998571951518,0.675990775225772,0.0905048599356805
3.32811911863463,0.213913512500636,1.10501771067831,0.178967478420832,-0.605151145165687,0.0603023088607672,1,0.0893283212053594,0.230598938111209,0.656382032773667,0.12649671056609,0.738717716346101,0.0965235653508696,0.852977867305884,0.080445831810084,0.680506937134538,0.0883263686458655,0.656835076186427,0.0931347555032533
3.43024341033744,0.195931057995598,0.917763113259967,0.140598150507783,-0.599847920951477,0.0581072007792713,1,0.021976809790895,0.221153569464549,0.753132368957503,0.133650532531053,0.737281142840909,0.0957651162621138,0.72687101387763,0.0849404721394463,0.70380943480412,0.0900553422463942,0.633165768483738,0.0888224824754033
3.09752979451596,0.169859998370881,0.940864495830945,0.13114514907538,-0.631857666042788,0.0505812567638496,1,-0.332570861605128,0.213525236011151,0.789767349509786,0.117551411107768,0.663322403044561,0.0942048566908481,0.724106053307268,0.0795275603784524,0.69777746489201,0.0806368232891385,0.790244672181291,0.0788842843046648
3.12185293470291,0.190906060985043,0.927831947786572,0.137015637751884,-0.642106560795339,0.0537522712579566,1,-0.0586053336208307,0.213812105439889,0.720579036361218,0.119604134491196,0.607936739765909,0.101677805527097,0.631624929390797,0.093503526636869,0.733780928422614,0.0826005807548729,0.574538941217896,0.0890316618619337
3.25253178459839,0.179908896195638,1.08894137118084,0.148654950159559,-0.627552886704021,0.0522664061481783,1,0.00946977323103164,0.205240447234145,0.64727597650894,0.115449468476364,0.685884326292298,0.0958456213974627,0.771197627293031,0.0829290115765654,0.678643088812133,0.0779861383922211,0.567629221012999,0.0914098714264755
3.14450929502042,0.174147874797488,1.05561339076282,0.150594298456302,-0.545411327430621,0.0627557794460097,1,0.0286619344573097,0.227067351941246,0.62710813423282,0.126667062663761,0.761298998448746,0.0782170021181191,0.562249705740183,0.0856189656132424,0.722053735127888,0.0839416314806062,0.680988395796271,0.0848743967143425
3.33686469853474,0.218922827569617,1.04519163406333,0.160924824912359,-0.637264543092273,0.0584412183880521,1,0.130119281532919,0.22887698254053,0.776660652693572,0.114584186593739,0.690305065446561,0.0996685986670537,0.588894395043074,0.0937745479865421,0.692883521418813,0.0936000367368601,0.9031567172677,0.0888091115192993
3.08881438594566,0.166701326168937,1.00405841213307,0.13483892037005,-0.509745154618008,0.066478156413285,1,-0.323201082207321,0.229434534984887,0.775476327142917,0.123372296070334,0.718651203951263,0.0873532093494633,0.648776947933012,0.0796818091281082,0.714514955627689,0.0792914379195474,0.604106475870215,0.0839831835204913
3.15402801250236,0.192957267391851,1.11295429933512,0.161412391566302,-0.626569697851973,0.058518058748667,1,0.058689496146081,0.216717110493589,0.5841008826306,0.129208267827853,0.620735764336444,0.103069004284999,0.776747883352838,0.0829524550890925,0.773493781172178,0.0827087008199263,0.657044911322089,0.0885611218507522
3.35994785503103,0.193234470420172,0.84787275064321,0.126049500465614,-0.574377734234651,0.0648703802167018,1,0.224770680729784,0.208911795556551,0.710555655728962,0.120821855802685,0.703924613900226,0.0978795917043734,0.635428498045187,0.0937505336371254,0.797381994360955,0.0794813811380874,0.589955187668154,0.0890678317752995
3.285238397787,0.203264252906206,1.06369772647673,0.16930006800497,-0.556918955759671,0.0662189622447256,1,0.373660247414753,0.229461999805105,0.501634828198232,0.132060144628295,0.669738817507808,0.107009762738989,0.777136072751291,0.0928478296868324,0.761147494577637,0.0837239788606402,0.661626138771612,0.0866318711316012
3.01749172563268,0.169743636713418,0.915795229194233,0.13093139448255,-0.470299351480117,0.0730656395314337,1,-0.283331896562564,0.212714695440316,0.733057624847287,0.113558103970486,0.655127896285613,0.086802733938833,0.682615893212509,0.0868057664847487,0.626085682910685,0.0830557679605189,0.603211921465772,0.0901697502634646
3.33539948011334,0.195037039983708,1.20370723532747,0.178805060585688,-0.668003911866722,0.047758381715488,1,0.0106288474986395,0.236965196940953,0.812235646619655,0.114565867645686,0.603997203726497,0.0904257443848782,0.73925416620334,0.0869716032925385,0.609803493702514,0.0922877588212662,0.76204933585802,0.084648084767037
2.9141392716197,0.171223389922848,0.792530025861641,0.118046203468419,-0.52825425494654,0.0711508769507047,1,-0.597193943947219,0.242846389521617,0.905081610044154,0.116269333395364,0.62362036161959,0.0891517544820792,0.591544329100481,0.0906479951312145,0.706699118149746,0.0781786698508489,0.59226225404502,0.0882930251655028
3.57338147370883,0.208585617010704,1.34641000026922,0.190844582159272,-0.681962794921283,0.0444010842268481,1,0.617045479804336,0.240345870373041,0.474636708061289,0.138715979241829,0.910492772561042,0.0904326373948763,0.711832247191913,0.0772711784151156,0.695527239482287,0.0955335355183841,0.745070932908278,0.0892782195762536
3.25090084379622,0.181393052556665,1.27525372228396,0.178225308806986,-0.575652654854667,0.0579323617526643,1,-0.175152949062422,0.223413173150141,0.76513101852062,0.115296503064793,0.803122129084612,0.0865476118744814,0.679304920600615,0.0860057174195057,0.64274381917908,0.0852066953997128,0.676524118506047,0.0819480597176225
3.06330720184268,0.183340198614703,1.00306071392171,0.140230379638441,-0.541353647334409,0.0714878386430519,1,0.323740577202118,0.229651641557169,0.489099117669652,0.13368376266252,0.634436259286002,0.0926629607767867,0.680518509541392,0.0862105146873075,0.56462970224915,0.0876399930470699,0.777777343688274,0.0838934732530145
3.35910559991085,0.216397776346868,1.10045446648355,0.17652153968232,-0.61590186650725,0.0589553924418925,1,0.00281299253103214,0.213697571601305,0.685666247754021,0.12441711080905,0.870767745270906,0.0898098554529781,0.691895456816909,0.0893137780918336,0.742694996807648,0.0855708521980988,0.781546139195528,0.0844058915728982
3.17402243906208,0.194395094050941,1.06474733110916,0.156918119593932,-0.554144532721463,0.0687157120469347,1,0.210215218022399,0.220406280227741,0.576989911432725,0.128170409995966,0.792018170244482,0.0890300261863426,0.63768732477962,0.0890531799864712,0.64906351069727,0.0824379648678803,0.75641767486769,0.08694953461657
3.07813076923445,0.185175422977874,0.891870019118224,0.139569019109307,-0.457611781421743,0.0720857543694284,1,-0.0244129949806388,0.178181659901951,0.672312560983314,0.110389575079886,0.586765577879068,0.0988686761896801,0.704997923359994,0.0882202135292074,0.548271725027031,0.0888405763479763,0.581450172553696,0.0921149656845455
3.31807101718111,0.181534687241333,1.15102126851655,0.160140000171285,-0.577941931627782,0.0619148610829602,1,-0.124412818696851,0.275923193831341,0.679467320470213,0.147819737599855,0.816859633903999,0.0957024178304509,0.684420027033266,0.0889690472759912,0.739815200072755,0.0851694915508239,0.818288629830106,0.0787401324173223
3.22823405673025,0.188031640842134,0.869163199510835,0.121907284171946,-0.615434376405368,0.0561981861748688,1,0.0156204306586498,0.267383862409591,0.890986263046807,0.131946811502128,0.344138375289895,0.11992510720431,0.760955099453427,0.0876487153703828,0.614271649054123,0.0919340245806374,0.790834269134401,0.0796800896675498
3.1643884518207,0.186258922092999,1.00551346369853,0.149890375113233,-0.555166249714996,0.0639081796887051,1,-0.0892955831767603,0.267909149551996,0.598812015022839,0.146672426145539,0.736608011756254,0.0945165284492753,0.851549429857498,0.0729760465629116,0.660965726502347,0.084284335900807,0.59598849470992,0.0940745309546411
3.28260700399146,0.178110764330643,0.901111554759723,0.131278697076691,-0.582975417348016,0.0578629548995521,1,-0.106736095166576,0.208078462158612,0.842840297621113,0.107006752135086,0.759284885545785,0.08509743377734,0.570258565784857,0.0874593299179143,0.731320634939887,0.0782737468120055,0.722042585006059,0.0811194917666213
3.54687362001719,0.209127408773828,1.20603861186933,0.17657781098673,-0.678510174369448,0.0450906024003261,1,-0.395516327197634,0.25173625119686,0.970785077269014,0.117857766364799,0.718245536180338,0.0975996288513282,0.857281227890487,0.0862162194350268,0.907919503846636,0.082901049507788,0.716767101373352,0.090858656917269
2.90780244708003,0.156756187801595,0.777092442031476,0.111755914500267,-0.572061988353516,0.0573004310307915,1,-0.384399446589068,0.232974094988691,0.763606362542331,0.110124072241125,0.515473816304469,0.0935846781927425,0.677412693683883,0.0810015181963356,0.533783772665818,0.0805460669106256,0.53441577605027,0.0831800148772752
3.05551533531218,0.169134874609163,0.989544454292873,0.14573150393284,-0.548970360406506,0.0646721862451569,1,-0.0451340886984488,0.231067967496597,0.602404230573101,0.13432828270525,0.673834976782733,0.0906069207177704,0.660923775341913,0.0841855258464842,0.622465284555124,0.0867387992591401,0.634725165853569,0.0835426819164127
3.00935928809496,0.167590332983476,0.707089422136093,0.102682331979489,-0.609328376652424,0.0507002774502463,1,0.17288404273932,0.197197353891413,0.566835381440249,0.116296506438896,0.655936196133898,0.0885205385871087,0.698755695649059,0.0860269303068226,0.574715244396854,0.0898813413018855,0.595017392123002,0.0850910220196928
3.31632456385357,0.194747103947175,1.09360932152381,0.154800868895066,-0.550100345682818,0.0678414557956645,1,0.289413829407305,0.212958350245963,0.617185725017022,0.118865510829913,0.742404760139007,0.0899124624567865,0.609254202145901,0.0881869890010714,0.695290075970033,0.0861462144880177,0.64942555105023,0.0926060124830106
3.05144125783599,0.169444454637685,1.06108918118978,0.146644196801958,-0.586933857030682,0.0575554432865387,1,-0.046695279112087,0.250997290690156,0.627663247598546,0.126239631182493,0.635751368248736,0.0959604085851923,0.635452146054049,0.0837350955321935,0.723395596494926,0.0801655059382335,0.711138886297105,0.0794537290719242
3.04385683321668,0.208613060746997,1.03897906635531,0.162171488792447,-0.648089838887397,0.0569159302900726,1,-0.240721512777201,0.225221062060351,0.754588866752208,0.123184251718509,0.644432568745904,0.103392800261717,0.743195501875795,0.0923923873882703,0.68070126924342,0.0922469038833989,0.685164096169022,0.0861719057661397
3.33624280804726,0.214107742665084,1.01968307224884,0.168711150913393,-0.59168289448308,0.0690970299817322,1,-0.164234346239301,0.20941147681413,0.609088775592739,0.134856903369308,0.844877858030809,0.0917383230716884,0.680150131804068,0.0907820849795629,0.775677542202581,0.088890810786786,0.704753258390152,0.0938006542415563
3.20342269424567,0.170098159736327,0.949172184619887,0.128234621393127,-0.621251771767229,0.0496920239669044,1,0.417251816129549,0.198564917362427,0.487442521851908,0.118256106483602,0.715699978110232,0.0931849190418211,0.707101021384364,0.0780929482196785,0.714296074753799,0.0798279152454529,0.631058574526133,0.0891494418699769
3.26948023752055,0.193032583988852,1.15413873711898,0.169491783304631,-0.586156162520063,0.0576885680927805,1,-0.0768525038776288,0.237487727320216,0.713564243120989,0.133411442475738,0.759248498502727,0.094082965702941,0.638995852614652,0.0884119116799698,0.830392128083645,0.0823178097550415,0.703271981480349,0.0818526630557823
3.24885950048834,0.200008588809134,0.978320914702393,0.147317091639949,-0.600801123818864,0.0662511244979267,1,-0.15299548116037,0.214245166009936,0.760322844228243,0.115231087623461,0.661320500411269,0.0949315792541933,0.753283215020182,0.0862371540196454,0.579593001349548,0.0953867268177446,0.678556611902481,0.0892040705770563
3.2834370455085,0.178548100275073,1.1162038672804,0.149413001355102,-0.659980111244802,0.0452812228052609,1,-0.0741578877985365,0.212623398375596,0.718535945448581,0.116297841946266,0.639725297288212,0.0932258734675201,0.682771516730355,0.0855889616496353,0.779790560912406,0.0775264399473004,0.69244771028487,0.082978407802844
3.17572251513478,0.182947171315063,0.98533914805863,0.137862311070102,-0.638303357638313,0.0549153948071988,1,-0.204391832193845,0.211739611753641,0.806799597009226,0.104702920806294,0.79177494631326,0.0903633621909806,0.595443232988968,0.0936073195635963,0.633493548975682,0.0872372030681167,0.726089180838392,0.0817877422095976
2.78783442476414,0.162247482414557,0.810270425667169,0.118942736966195,-0.473917370514489,0.0737970712214951,1,0.108825129706581,0.220518427096613,0.503313327258344,0.13228374373116,0.42642077250095,0.104855772061177,0.589253696422398,0.0855959917582057,0.528839494663714,0.0826935890912248,0.446579248203913,0.0885796409421456
3.29353056828536,0.21182695221121,1.16505213994473,0.177178838215567,-0.655008349060896,0.0535814078655239,1,0.0624212138372911,0.240299875103916,0.703744866715389,0.124820575801927,0.664554026648831,0.096114362195192,0.794046122910442,0.093233642555476,0.756533916518216,0.0873211808197353,0.749160728989449,0.087649791597955
3.11298022512903,0.177328474035145,0.822238939132154,0.121579693467242,-0.605163522187596,0.0625068010577229,1,-0.42479925827625,0.228234524637176,0.973859687336189,0.105185304565308,0.282442120507071,0.119487640400162,0.814100456237217,0.0778993618361315,0.583022314524028,0.0867575269500844,0.764751561594388,0.0835281805208272
3.66590604423534,0.225480806785018,1.46076097782314,0.218312427161076,-0.659353998202162,0.0558696957992754,1,0.197055488068671,0.249997501911276,0.775517625284361,0.126179881814867,0.678194281155002,0.104155190953986,0.815398037126388,0.0841778390087997,0.885785739588273,0.0896410638332664,0.753400125679563,0.0964521018427002
3.6434090133739,0.243372766917102,1.17889389217065,0.181406025859602,-0.708794891741228,0.0482215822275354,1,0.606767221950072,0.248657042570476,0.654539308376693,0.127070461011226,0.730113523742791,0.107297318993387,0.854596350918896,0.096346518896927,0.836847453460465,0.0868503158844441,0.652665793620021,0.0957215091771994
3.41026441723218,0.195220220982153,0.862965721159152,0.134520744375247,-0.61909273558535,0.0542949235364594,1,0.359411439499063,0.231628825224401,0.589474841596606,0.132604296999833,0.676743879301927,0.0940649987109544,0.769255889806548,0.0879254102697235,0.710266751556306,0.090192181422899,0.723484769927881,0.0847767620444238
3.35849782182912,0.190844955586155,1.09375932536896,0.160661719425751,-0.539755425499534,0.0655005796879369,1,-0.607025109228582,0.313870896173951,1.01190533331209,0.130350320945893,0.709719519415044,0.0873072952943443,0.628823068545445,0.0853245357874594,0.716621541763918,0.0822708716703023,0.710875050935126,0.0846979991393228
3.70777984587441,0.200815599582747,1.39539487148083,0.192245221274563,-0.649668122358218,0.0459034115431347,1,0.323744400135683,0.246562749413455,0.686208676623755,0.118970233528909,0.760020967062182,0.0896969286223925,0.952090894200082,0.0788577390296421,0.695034571324854,0.0841574095784006,0.83387565630621,0.0826803824505896
3.15144810313699,0.193100214087616,0.955910153448122,0.14386113233411,-0.595692973427283,0.0598287957712002,1,0.154436152900333,0.236828607700156,0.674293646602842,0.134239828017185,0.658207946300286,0.101262091963148,0.629778686117877,0.0941216652506778,0.627617018022951,0.080655471708627,0.627629801483143,0.0865041640599454
3.00804004541693,0.150498447299612,0.919087128505331,0.126752928790994,-0.620250109067623,0.0495141713093105,1,-0.613192776208706,0.259118215956536,0.868827891002237,0.118306093055607,0.6101330149513,0.0974277186587694,0.755146809505611,0.0781034094040966,0.70621918859118,0.0751095228491463,0.629737857282006,0.0834605221272365
3.5164796622376,0.201956277806921,1.23954298047175,0.185724965896418,-0.63739861762212,0.0471487559335697,1,0.13238795761503,0.231455947748832,0.737570556278346,0.130844991744328,0.669666335648836,0.0957822924974051,0.840828471886373,0.0829945055898929,0.775162948110594,0.0821757839187615,0.689448980178175,0.0870261895074718
3.05024515278679,0.157560041130796,0.834140011949959,0.110821857027301,-0.573484836789615,0.0571096396283684,1,0.0739429456991389,0.254109503931306,0.538891330173118,0.142353040597632,0.725051012669291,0.0909253913125996,0.552599680837337,0.0870053670390827,0.649713311175504,0.0815797805548926,0.756228078814122,0.0732874930176685
3.24782318771634,0.194608500503426,1.00654646275551,0.159989153396521,-0.656419978438515,0.0488965995124094,1,0.0395166899012697,0.209145041081232,0.751171307127007,0.116279333418385,0.627614008451547,0.093212334279407,0.802821402829493,0.0789393034902944,0.648589905721336,0.0894250908620038,0.690605664438811,0.0893290759439154
3.1407616486925,0.196787979257348,0.907941510639222,0.135333098518559,-0.688924934400774,0.0469395618094449,1,-0.215143694751582,0.23565018881988,0.702200632727969,0.129802355004172,0.819792891870584,0.0907686365443649,0.675741043064001,0.0882371914340789,0.718619683349945,0.0868717574142903,0.619457400094483,0.0924198294285229
3.64179540835556,0.21720535737643,1.27869452046167,0.184025022617731,-0.649588512945923,0.0484875610001418,1,0.0932490850710243,0.24064608108157,0.752468864289726,0.130454910182668,0.944488988631529,0.0845910456609432,0.740934197389234,0.0790220052621691,0.814269860272405,0.0897555542516465,0.829915819268694,0.0879877420686564
2.9525188984945,0.181246319175068,0.755227938736599,0.120027572688334,-0.594289735497052,0.0616819022931635,1,-0.199814104021115,0.220213315211564,0.728277219113167,0.115779942483258,0.660489421034634,0.0981048032287562,0.608625962373157,0.0883808161209183,0.564904826206059,0.0894870554956773,0.699934498691718,0.08461990707347
3.17228489597112,0.177096582477347,0.996534596691578,0.144506345952625,-0.645215693140647,0.0519617689730017,1,0.0682358952482712,0.211864756969487,0.705456077165977,0.11617229118871,0.611405764833318,0.102049297403279,0.661034975266236,0.08220127234545,0.612780144366243,0.0831623795771217,0.805047051101147,0.0800718963043109
3.10042141607386,0.171624802532549,0.880556201769466,0.127698147896442,-0.615949869272326,0.0522687363985644,1,-0.184182158396187,0.271482560810939,0.762010192445448,0.130741995469804,0.678253456603318,0.0909514400469368,0.790010227221576,0.0780048443763614,0.531289028854229,0.0893831732195507,0.528909508657514,0.0887147278632165
3.41420926141897,0.202997649084364,1.20528601242615,0.179680146015352,-0.675646586377975,0.0483174297805253,1,-0.00779350760721603,0.220269857683865,0.749462600830726,0.119477128233355,0.720540593053685,0.100207551029423,0.719670281874116,0.0875434095746394,0.846817586242247,0.0826931103994925,0.834451223212904,0.0858295204422628
2.96160706724106,0.147044399258755,0.939901324988716,0.120371784515238,-0.480300835019816,0.0707373331863345,1,-0.185932728635929,0.235877024169792,0.758224020291678,0.120247939482531,0.596787132402984,0.0894233412642317,0.598254826342951,0.0804165989694589,0.60988810870747,0.0759726673581325,0.682479364925568,0.0819257312815198
2.82344008599765,0.170892458110666,0.759617631934301,0.115300848528026,-0.427879520765805,0.0862075067442698,1,0.109220083765452,0.194912415402361,0.550348526070981,0.12171749016778,0.540278841720116,0.0931863431374248,0.564034585296947,0.0883373863519123,0.625696221439491,0.0849904960043056,0.622976074999162,0.0896812467295376
3.2544849861628,0.187533926274166,1.06575992778959,0.162097483486456,-0.604613530270149,0.0597170404210295,1,-0.19479523169913,0.287467424042906,0.815661678312801,0.133055239393614,0.757247703726371,0.0898610476314777,0.65974717427024,0.0945657021928381,0.704414382911882,0.0841175147540892,0.82344314988979,0.0838680898868431
3.38936481862889,0.18943243096961,1.26073401770971,0.172780386399878,-0.66693172924006,0.0452844946996234,1,-0.00739869992089287,0.223686069423604,0.702140254837143,0.121883625725932,0.814416520800944,0.08652099219164,0.657656974648433,0.0825383343513481,0.87039067543969,0.0771366150604864,0.800838548423166,0.0811742025890397
3.30566591542164,0.19220726421064,1.06866790957253,0.155265754357854,-0.492421992089254,0.0780770176399168,1,-0.0824165367167653,0.218639692266885,0.793796324555369,0.115260939001407,0.742706340146068,0.092614360060126,0.78126837968047,0.0783457935890216,0.751536098622883,0.0903900768676996,0.787777751832872,0.0817641470214965
3.11006742351097,0.187894897318983,0.906332392040342,0.129243193921527,-0.592995695738894,0.0620092009459871,1,0.184089838515936,0.237587803402658,0.544414557893043,0.144707781984156,0.750561683911182,0.103456853122053,0.711780204234774,0.0891866888856432,0.74863376488233,0.077168799021319,0.599751863418759,0.0881897395389004
3.52608380572586,0.24414024892214,1.1035849776506,0.181378970877192,-0.675621107590667,0.0558136768070473,1,-0.236880437771321,0.220919907727588,0.878745844594438,0.115040840082809,0.757559476180965,0.108916458949537,0.801477066042,0.0966727039343272,0.765117409914579,0.0898848242069934,0.729761913039844,0.0950336963672737
3.54987285968911,0.198214173993976,1.41290478385934,0.203409269461713,-0.688723848589355,0.0389715093363177,1,0.125424789263436,0.260255221756735,0.843571104766401,0.101283771856173,0.701789880563013,0.085948439565744,0.855186758881182,0.0826738613121626,0.775628418491856,0.0824946827902917,0.698177157641443,0.0918123943915487
3.14468921455135,0.185881299324724,1.02968986364224,0.153059817006176,-0.516156756903011,0.0693070992733843,1,-0.182971781014599,0.21516783400049,0.806362045656883,0.109278933245115,0.659843955053195,0.0909985716722547,0.67629130697704,0.0863260589405213,0.58720102304267,0.0897970469192532,0.768506718996544,0.0814242649941452
2.9668907106606,0.179511579536442,0.864667149947033,0.13247579177596,-0.618278585886119,0.0620635518109421,1,0.000130990961204833,0.224904030198191,0.650610117128609,0.140581828375354,0.513391175640781,0.116393151823212,0.668680854171773,0.0917163957594143,0.707048111453005,0.0827231542707977,0.566008575594211,0.0905544470064152
3.25636662281962,0.191693081870453,0.924253312280446,0.144718045598974,-0.622049942091793,0.0549960658315619,1,0.0881433529677668,0.246981276091635,0.677270931270112,0.135499241381684,0.686918407227955,0.101944152228686,0.673603565096951,0.0869982648696937,0.735129999766712,0.0926814550310745,0.783937786931338,0.0888623642329929
3.21604464443081,0.183527947246242,0.959815932434001,0.140149274576828,-0.568661821156455,0.0596543370768625,1,0.447427152093232,0.197344815736687,0.514753954286294,0.125832912006654,0.704662043534098,0.0889254023455675,0.536689328820717,0.09228911245826,0.816630672873913,0.0776694870747142,0.609348935682018,0.0855212854778062
3.18538253565271,0.162712287491872,1.14642315580336,0.152754450973392,-0.528559016024117,0.0589829738309478,1,0.107074343232976,0.251844770573653,0.614997836647281,0.129806527888607,0.697747320103103,0.0908851784171895,0.665967680909751,0.0752140386466001,0.723101279885312,0.0761029490761529,0.715747858705177,0.079465952046044
3.32536130811368,0.20205734935816,1.07972052137515,0.166887431703225,-0.464904891148726,0.0849777123412395,1,0.351507406363713,0.248325081384503,0.587896956277795,0.138334008610062,0.569979301383118,0.103852222658412,0.766397743086675,0.0855409369616933,0.553651814430931,0.0968884968423956,0.754264417448618,0.0863405380986318
2.87220682004508,0.159265832043283,0.774743556754618,0.111641056118783,-0.536028562944756,0.0591940078612515,1,-0.00637766972501847,0.194698359790596,0.507979724191251,0.127455133209415,0.652704006599369,0.0992547052886569,0.658281099469903,0.0854405687022791,0.439513870598422,0.0895398129361936,0.636594492059494,0.0830793180163967
3.13060733624151,0.171250426990778,0.955978727687579,0.13335770039809,-0.508792156967451,0.0587445471902584,1,0.0868368203903781,0.197288082669212,0.664063078798825,0.121869922805739,0.666376577192533,0.0989569698061408,0.682278757322399,0.0821759049039561,0.780436503039813,0.0768372944464211,0.667688433039378,0.07640258623123
3.18577356367054,0.195302640572757,1.01814432816283,0.151341562738939,-0.638149532822332,0.0581370556045412,1,-0.155172136559665,0.247228984919551,0.740707377250915,0.1287958204406,0.683371934839963,0.0989195122785007,0.740130608171057,0.0885559789468231,0.666921579215217,0.0876224612470437,0.736731622882516,0.0844760135965752
2.93362503870797,0.165504247467955,0.88141072375596,0.128910369084591,-0.58598145837091,0.0527028290815367,1,0.158123225711313,0.191812371718723,0.41613759180339,0.130796191880998,0.711968740331923,0.0864023695243708,0.58430232420457,0.0910081689091312,0.6180053868413,0.085106037293584,0.710240442119113,0.0769874558495883
3.12846475419979,0.166183782468587,0.976095802543008,0.139420263205517,-0.572932859366377,0.0568619660505383,1,-0.210831899299451,0.189130787139708,0.878070572808436,0.0959589924187435,0.582825956214135,0.0953346827185021,0.55359136262569,0.0864279131037124,0.707144552593352,0.0793569909302587,0.577834247533382,0.0800900931545649
3.05495718023945,0.172530522131181,0.892330866766219,0.130740906503702,-0.611368405824364,0.0521819663497613,1,-0.116522202745493,0.254436247144545,0.848762714177705,0.120501583097583,0.467698043068776,0.110785882201005,0.592256390530074,0.0903302016107703,0.754606758518471,0.0773415107574828,0.662604641302064,0.0843011589371958
3.25388570281527,0.177205404045771,0.998941883527863,0.133130837080944,-0.617460115691193,0.0574412148936473,1,0.226217490388271,0.239130014702688,0.699836913152431,0.129216295146629,0.551955282695441,0.100426025377657,0.78061606270009,0.0801950878165026,0.784284516617749,0.0728560002594459,0.724234135226629,0.0801374071976448
2.91615896610736,0.155216176826042,0.85051201038722,0.122091183815281,-0.465424332727549,0.0731091444997873,1,0.386877073492294,0.192214723389335,0.43987605658036,0.120791779126392,0.608170280592363,0.087360142909574,0.657366179086698,0.0794893733356264,0.624317462317194,0.0831317787534325,0.521787268027991,0.087139829686758
3.04132453842269,0.171269039791183,0.961714642072418,0.133034012223794,-0.506308568569095,0.0721559438437157,1,-0.00706211637589792,0.214089113092972,0.673306645060222,0.118578689038796,0.667752635309593,0.094735089290842,0.695088156357432,0.0762544384951729,0.631027329355904,0.0807298293681457,0.591049707820473,0.089202036970867
3.684763793924,0.23985625346431,1.27934237251678,0.197259976964293,-0.716973517815585,0.0480338508359653,1,0.214629246184113,0.245586553738041,0.745059895396586,0.129355461780804,0.902944721575024,0.0979973021867842,0.790465170747554,0.092280531285491,0.689279381136292,0.097119592403416,0.753325356560244,0.0860863446080514
3.14538690734285,0.174887949289332,0.986801113221694,0.138238645540266,-0.542134348009697,0.0601450205921733,1,-0.236485839414368,0.23129102934628,0.762953796598368,0.115326728539259,0.642475085070059,0.0934423914428039,0.68239736336635,0.0812646911394979,0.718170427986976,0.0839112354762082,0.546152580228763,0.0873430497760967
3.22853146714463,0.167277580726176,0.941907689175783,0.131047250887212,-0.590527227485452,0.0537243317977768,1,-0.0831431496421411,0.201653272869945,0.656748429777913,0.121321166230662,0.799187671901836,0.0812425167248109,0.608786474885802,0.0869851731720735,0.770560094048575,0.0748278280215703,0.778342123638106,0.0797153027949117
3.19652376495538,0.179628663910559,1.02429059673192,0.141848266747372,-0.600739936835844,0.0589855505948572,1,0.337487209403869,0.226282243457962,0.322354946192827,0.148602478596108,0.844608475650533,0.0860850988617463,0.682411060756897,0.0859374587284983,0.740598833750719,0.0836235890672654,0.618180553208469,0.0903916823325741
3.53216795543512,0.212043265451043,1.22848955724916,0.180076883126427,-0.675025637476264,0.0484456169091851,1,0.456934638770218,0.199641962178261,0.715656525427871,0.121885051195821,0.664270975704317,0.0938415980646262,0.783484651837641,0.0890529701308383,0.848783685767387,0.0821008141215279,0.781532054014207,0.0802136630670743
3.44152413695365,0.200901699690822,1.15850743332592,0.169386665372711,-0.577249533421374,0.0655835689333622,1,-0.2218683217687,0.233135358755658,0.837457127758776,0.122897694548107,0.639896703510572,0.107137662599796,0.754521983258357,0.0853028584732188,0.842782984138466,0.0858579858943756,0.711787720400855,0.0892801029798618
2.96365815550111,0.164136428320883,0.766781420645715,0.106418218101173,-0.576412768602717,0.0584339428158404,1,-0.659214134190038,0.203745780569919,0.903583537187114,0.103837004040299,0.689896001951642,0.0897508563203341,0.567832570054491,0.0871252320090708,0.70721200865145,0.0788282353293761,0.65156996622221,0.0852946336344179
3.12664256445208,0.179233309323033,1.1071031183615,0.158873502811167,-0.53153286816633,0.0685453118300472,1,-0.0400622748742925,0.252588289574703,0.71404104815727,0.128979816899091,0.611021486251224,0.0991335226448134,0.711780897791473,0.0803770609684179,0.743651302801767,0.0816849310792715,0.663784669775289,0.0843718871856651
3.30289960642516,0.207883733833086,1.01227224245162,0.151983321538117,-0.607291967258682,0.057178586046988,1,0.117741194485359,0.238380793650879,0.796850881796687,0.113452609442166,0.598297764000635,0.106612394329051,0.584122914222035,0.100463356402812,0.690554165662336,0.0959609473362164,0.7132034856027,0.0826999473601057
3.02875312147075,0.16459734468558,1.00740722567939,0.140137662874452,-0.517982677347732,0.0675068548071694,1,0.0177359609178195,0.247203750580188,0.511835379352683,0.140937998535623,0.693830491072719,0.0884016553729238,0.575708299197076,0.0825217117683487,0.690876030536251,0.0757265830626711,0.639071345962271,0.0848203213975003
3.4312595617917,0.196092820709871,1.13233204314727,0.164561936245985,-0.696052617677247,0.0410592959617866,1,-0.127995856445396,0.288969347910536,0.74666848289789,0.139658977957101,0.891296311791455,0.0900967313105852,0.743446801376583,0.0845833419545709,0.767583111572517,0.0788913481577635,0.855532760431359,0.0872689742292257
3.17093113390855,0.177132123762262,0.939096599991555,0.128828678614294,-0.597655363048479,0.0539320856501848,1,-0.0885083773905321,0.220955908774085,0.655347731228246,0.138097171075571,0.711852146845803,0.0947754088014714,0.635086248938107,0.0890054919043641,0.733896656924568,0.0792534907119608,0.719684468290716,0.0832357020055456
3.15423743356172,0.18983600791307,1.03428945995442,0.142227446297355,-0.645379395027765,0.0555117555308335,1,0.0761617568818669,0.270143384909263,0.522903314888362,0.154156780640386,0.711182896439783,0.101725767864697,0.757374207138242,0.0788777258236464,0.678205318405726,0.0855899307579079,0.64393639474341,0.0887742944999439
3.10164744087251,0.186173346223837,1.01090090168234,0.140977588298846,-0.625349993538265,0.0548097035240079,1,0.20766725075848,0.218001114543485,0.558477651161444,0.134388902566185,0.736059306569888,0.0860925949301664,0.49154725830986,0.094743206322094,0.688261780868692,0.0856767195648067,0.810653121399007,0.0855813298193367
3.39251250368753,0.187991371011865,0.977573592602989,0.141501135522084,-0.588426686325428,0.059797300806837,1,-0.0287042231035157,0.257379978450787,0.714302283636621,0.134183043662816,0.777635014355789,0.0903142467976333,0.673605562143928,0.0850933221635655,0.739471741697663,0.0865318182908924,0.745681865176537,0.0804883802824306
3.33828243832199,0.229985807435364,1.26481052991757,0.205025327497503,-0.662225705463267,0.0518039166256279,1,-0.304119870953889,0.240470277710311,0.817394480242013,0.126814996236757,0.903250897113278,0.0895001877229845,0.641625639939495,0.0940201289305944,0.718692559232247,0.0919784929046629,0.732796266644917,0.0948680964403048
3.31487227129373,0.19111361334272,1.23658259418604,0.183019704880686,-0.578350660505542,0.0678668225748109,1,-0.241595663804174,0.204088533692645,0.810099379045604,0.117245654727621,0.810727918510199,0.0963903328434437,0.670773402952455,0.0915746148064421,0.648948801917055,0.084786419238363,0.687502081045207,0.0832423853038698
3.09921509839831,0.183368330953445,0.906305702436888,0.134587743246431,-0.588218934117376,0.0589832012219626,1,0.32852589095241,0.202252023694849,0.713314163704355,0.107707282696528,0.561605646213604,0.104670406925054,0.722972280296899,0.0868799993011914,0.673297883310309,0.0848832362851017,0.668369769196753,0.089011604356212
3.28565636469329,0.197649021233707,1.17326064429981,0.176503422518007,-0.67107897238304,0.0453356161152263,1,-0.0544707540353463,0.256535228082804,0.642444332493311,0.133795485801515,0.689308534360602,0.100652642826401,0.695069597531286,0.084715743029084,0.875275120529654,0.0772285456747311,0.639565889926165,0.0893392358948659
3.44466019773382,0.228924896369924,1.00257321079134,0.16418121233624,-0.642163894696877,0.0597821851939118,1,-0.234843374473628,0.234549865403835,0.961787915079929,0.114107261963847,0.704519795681214,0.105530982090412,0.721222101631469,0.089606026587514,0.591565214814799,0.0947298207859952,0.829858298386602,0.0916162895452571
3.08374737668019,0.151600625425449,0.918459996452202,0.115354606485234,-0.517748002168365,0.0573629204941557,1,0.165115054455953,0.21113289896202,0.557985350164473,0.125373671826232,0.617911356366371,0.094569310973805,0.700994161512077,0.0716281521435617,0.668871736284604,0.0697077882951484,0.685607452034412,0.0786482276323454
3.43453047157222,0.2046818543963,1.21587730396669,0.17757468621208,-0.604196875537711,0.0587705108787348,1,-0.0555066375685682,0.234779271207802,0.742914596202995,0.122642581420367,0.809927491696587,0.101047621089708,0.773869104997137,0.0813829930927688,0.765212124931498,0.086332467521135,0.663954347583353,0.0868519793351742
3.21965583157453,0.186064484893955,0.893496335390406,0.124402167828066,-0.618202800663676,0.0517721716319703,1,0.238803974702318,0.261120557935745,0.621718951854371,0.146588250313627,0.754594308486475,0.0913479465063767,0.656552621956219,0.0969389334267604,0.713604478938855,0.0815144744715639,0.744136538735632,0.0854567423076024
3.13319629684064,0.152641543047472,0.934335028758459,0.122577061209439,-0.577239374717097,0.0535907440204052,1,0.27622512802562,0.218829596162688,0.441087300442285,0.134512540789708,0.646561076657681,0.0860598729847844,0.66197262453218,0.0837382398127996,0.705787883928736,0.0788273990671531,0.817810582786091,0.0739431600701341
3.18335381082518,0.201127691824724,0.912949617112836,0.139284204844129,-0.592701505402454,0.0655193208407368,1,-0.0349972111062407,0.294617290459448,0.6702608996069,0.144567987500887,0.563972064616203,0.103928132866883,0.699151038287225,0.0915008011619569,0.78668817696286,0.0872780595060473,0.692481916751331,0.0870015245169478
3.24071817229683,0.184524036904408,1.02168612680234,0.157305533493861,-0.668914250271062,0.0490318051385578,1,0.0672665696681624,0.247515116660746,0.805057066124237,0.124152971933725,0.575565284592217,0.103262557685033,0.643956458821875,0.0836612344693899,0.768157806365237,0.0833662889989667,0.735899671704603,0.0853935956130039
3.24467795175678,0.200717068547429,0.814970070670916,0.123791936659075,-0.602176096412162,0.064012797509172,1,0.0484082210521639,0.238362419179156,0.629191857212529,0.136215597975491,0.78176210016443,0.0980873063390303,0.671786200351845,0.0954785194267409,0.650422016237334,0.092537934057756,0.798946826714556,0.0816937855635409
3.25940484509807,0.205405989787204,1.04949475339183,0.163236935473387,-0.686077369686824,0.0459249810151013,1,0.0686407123252612,0.259366366222604,0.678388433816962,0.134800014732239,0.694375638938284,0.100789922450934,0.794307604095174,0.0835472078962348,0.730999536415326,0.0849604168709011,0.714292505997063,0.0865799533210321
3.31881869989576,0.214172573816715,1.16913685206864,0.190398160908396,-0.601013985292689,0.0614601070167879,1,0.0320900080009031,0.226741585101606,0.739893342295583,0.123954773353283,0.777735088794156,0.0977677477524695,0.644145975817768,0.0920419698310191,0.83393942023264,0.0921171885850517,0.660018846973513,0.0925774515751384
3.05752490906799,0.205447749873537,1.02738543077954,0.168502600044267,-0.601426772040386,0.0638532660810416,1,0.0693318103243691,0.238261385013394,0.596554837781319,0.13602907222799,0.689431613556233,0.0928952737236357,0.608475327411733,0.0922702069504898,0.824217371134475,0.0826090389533188,0.66536963673312,0.0984887287916086
3.40478499273788,0.210033337519669,1.10563378491735,0.170596911930185,-0.689522072504863,0.0464935491746729,1,-0.159385491036471,0.262509367212514,0.785462862270966,0.132075133446645,0.781123663340678,0.098782215570867,0.719523653176894,0.0870055561383902,0.723723842953008,0.0929146623892384,0.807786125704137,0.0815180247220664
3.02424692514942,0.173613229954738,0.751596120690682,0.115491747805647,-0.608279703601408,0.0606483661258917,1,0.408457469134995,0.186944486372053,0.531252405707375,0.120326834976045,0.654496804800306,0.0980483500322098,0.586695017701799,0.0875376600058558,0.578966624080015,0.0896229696587049,0.547323422772739,0.0940585638715572
3.50277498702935,0.21547204445115,1.13651519661237,0.171278272863684,-0.705498355417084,0.0460942258809327,1,-0.293345505551413,0.259484140407461,0.867532310290631,0.130614663169012,0.837709595997368,0.100879529664152,0.73980973823788,0.088081051156045,0.770982294102646,0.0827022872829621,0.768353523147341,0.0852312050904647
3.36319652304435,0.181263830316911,1.10023076702811,0.158185299871603,-0.610821695343484,0.0533215659137219,1,-0.107247277792586,0.229609656676658,0.781186525809031,0.123479432663361,0.757491842568318,0.0955173935798392,0.761931758211721,0.0811582589707812,0.73823490897554,0.0811575263684535,0.796868161751825,0.072866852962298
3.16385610260624,0.195413052344999,1.0491699849741,0.15534688761885,-0.638840741239573,0.0578228688953862,1,-0.196092505890499,0.22438548595266,0.544829886861973,0.139562050530601,0.850451848756303,0.0973881506038155,0.601643863531791,0.0910249910484704,0.683321927917625,0.0841962950746949,0.738616474083066,0.0829057105230592
3.19706944675173,0.193924204242225,0.917020162213274,0.150317299187409,-0.629568012939904,0.056027053056508,1,0.352778708295945,0.218389237292538,0.587372700137026,0.126956090769578,0.751819239754947,0.0898716622047667,0.618502567805424,0.0918196146653141,0.714219128417788,0.0849235343639648,0.625559083196482,0.0955250006050977
3.12717986919908,0.178558644243225,0.980937741364759,0.139708599071036,-0.542394916962743,0.0668234697892901,1,0.380705749889904,0.203695950583874,0.279891234589984,0.145449548400998,0.736016513040349,0.0980691461272101,0.730684444000812,0.0788520623928302,0.641497006476635,0.085763556862159,0.622216529825803,0.0884031634240517
3.00048712587175,0.163544192302667,0.892811330917571,0.127892724963015,-0.610540424066792,0.0521006272388129,1,-0.226575263162526,0.350518380747897,0.745954462747187,0.161603241563419,0.615254648802528,0.0973996952237727,0.793482025756507,0.0802654521750254,0.570189316220239,0.0791013220381142,0.576689579475145,0.0846211192021717
3.12685870248033,0.173062113980326,0.868229070175606,0.124297723785183,-0.513236081971752,0.0694012853885715,1,0.43730411471235,0.205529569718782,0.554233427347891,0.129351973757265,0.509025850387198,0.102554716514312,0.745497152392212,0.0810188966186324,0.758517258589887,0.0778508840377405,0.611069439163395,0.0842421894139409
2.88086981843766,0.174965564207454,0.797150823362509,0.121890131317277,-0.588924548986881,0.0611832644078068,1,-0.446148021539375,0.285326163328747,0.802194719261179,0.131304732497777,0.655114027664997,0.0902093545863192,0.527140173509578,0.0914715230666374,0.63215102258445,0.0893315594362185,0.558832526865155,0.0887508141530719
3.45172911445229,0.194854194295343,1.06925736032682,0.148921355834026,-0.56530214304103,0.0659760267155976,1,0.313509397236093,0.249089055274783,0.640417161761226,0.133026497321433,0.568337463438193,0.104717793808995,0.664690799825043,0.0924839093858598,0.819553272781606,0.0752507774412079,0.684132351617891,0.0900523234442683
3.4701177604585,0.20928530354172,1.16038382637673,0.171623991522994,-0.644753733290829,0.0536999672144438,1,-0.213149142405423,0.291561065682599,0.807204263546792,0.149219484913787,0.762323246656083,0.0941616344931066,0.870741199592154,0.0797340632896484,0.746831627104733,0.0863297433797674,0.738173186188871,0.0878106680640677
3.19440210098419,0.180631699322142,1.11471761228615,0.154438630282208,-0.678876750599265,0.0504207620984915,1,-0.0889582912621636,0.242439354948257,0.772090558773175,0.118531725069225,0.597654550887621,0.0926864950717972,0.763037419493745,0.0823524638806149,0.68300965974019,0.083153211862494,0.800183827137402,0.0790758993286264
3.36029641163966,0.161708007317707,1.01767035845506,0.129746757581586,-0.656331852532072,0.0436072349631811,1,0.013370649825553,0.236019047512691,0.732683265618391,0.125109168379172,0.811055427831671,0.0820516758224026,0.720852640225555,0.0838126349543449,0.774481893784411,0.0777810537028718,0.724058526403447,0.0726700849538875
3.31399041080401,0.173911736271007,0.969483230224674,0.124826451935726,-0.562162949944115,0.0583067451904721,1,0.11856099704957,0.253067138202326,0.683498932325305,0.126183431039677,0.829786461119247,0.0819341929681723,0.651806554881404,0.0791467928499021,0.607927387551608,0.0860045156766925,0.722417822752462,0.0806552394732536
3.07750872267817,0.187421546117546,0.832558459611903,0.129165730099621,-0.577693300801748,0.0608896623331512,1,0.0296856629971674,0.236012420552276,0.727230682368982,0.125691898771219,0.567025468014551,0.102309834337631,0.689917238425036,0.0824863051923854,0.584008260183201,0.0838634419489654,0.626827749924048,0.0913435300829186
3.1630845547747,0.188791867303858,1.07694220085751,0.159545777720576,-0.663419734071378,0.0456138402804403,1,0.0881922919484385,0.206698758364251,0.695023741815372,0.118349002303113,0.662391567740343,0.0905486457081435,0.65245872377943,0.0843146289880039,0.684939384532846,0.087299381103357,0.657216404662173,0.0863859367825817
3.15498865679855,0.180240280623986,0.987184573542626,0.144519521908195,-0.640762435772432,0.0518097658120793,1,-0.0641640004573298,0.273817321088545,0.586162524308829,0.156123814288669,0.809893352631257,0.0974131897649928,0.636177758266181,0.0871738235178216,0.770226759987941,0.0799045158905574,0.688765896254582,0.0885130738990559
2.93363634387849,0.148160541849092,0.959690902137464,0.123517431183404,-0.565569419715991,0.0597848874920576,1,0.155466347819477,0.201326058960215,0.545458364235498,0.117053530965456,0.614101072749068,0.0886243068109367,0.685771557076427,0.0758170259375746,0.602890774435741,0.0849412981310912,0.574821189748018,0.0862841223817439
2.93470355052729,0.159301199453085,0.794612498184886,0.113218344492524,-0.601601214207953,0.0558372794484314,1,-0.0900671784357453,0.212701187292082,0.639167142251091,0.123894681209883,0.750006246606126,0.084904623538186,0.658468972524929,0.0871634028693474,0.584736785556782,0.0867187443400468,0.682601322072341,0.0792029103871226
3.38151408389562,0.191965302846373,1.21931138717678,0.171577076060742,-0.61995296358328,0.0495906140273158,1,-0.03314804983153,0.244217376398232,0.63760905064024,0.136028875249099,0.912162925675066,0.0823727065527268,0.60707926254322,0.0908420004736404,0.839479814897545,0.0791149967177331,0.739737278851298,0.0882614407777211
3.1026233343163,0.157723930217477,0.996462895619625,0.134671969208784,-0.522355668191115,0.0643699067028422,1,-0.0516188695498729,0.230657830717405,0.435192533914534,0.152273554497027,0.977694369825442,0.0770758614688407,0.60245067978995,0.0849180240026538,0.554179702099386,0.0848688127673738,0.638145801113748,0.0781678324843401
2.93034967340979,0.177685217056387,0.877283462244741,0.129590641639976,-0.510801182877544,0.0754810620488414,1,-0.0106994558577114,0.237897946959819,0.487102838646105,0.151837962670521,0.760767537195293,0.0896035352244574,0.482590653723398,0.0953427371184655,0.689170351148268,0.0815887189765359,0.632697191326114,0.0874092861688199
3.40488239018919,0.219648435304252,1.05936882412174,0.168656870823738,-0.597118048465289,0.0596025316070077,1,0.339184265515145,0.221280722752561,0.608750734450672,0.131042506267096,0.647001798169173,0.101423760187406,0.8872694887866,0.0874146327371588,0.783779745516817,0.090677563921636,0.734368569500348,0.0887076075141532
3.04332059692311,0.155317793858592,0.880712637451081,0.11945509763173,-0.514069725664317,0.0731792156594885,1,0.134166468972558,0.179480645512596,0.596802875654697,0.115343222568941,0.679728730175494,0.0890934040573459,0.517175946687005,0.0891694220853153,0.653895568118943,0.086363334332074,0.709443450232129,0.0762288907989227
3.31396229778877,0.185850388271229,1.0804779028469,0.152896931563553,-0.553762368340278,0.064619085238323,1,-0.0495913838896761,0.238270127710972,0.652937635426084,0.13436399550838,0.868696699798161,0.0885481837569621,0.647178172239041,0.0906200349252009,0.729994683272886,0.0833131520695385,0.691167785041504,0.075889720742315
2.89407160967206,0.169802846033325,0.724272939066389,0.113864978557556,-0.487005896376061,0.081627680753534,1,0.0584086838085562,0.242361409787621,0.54398497769188,0.137851657455501,0.383207246191237,0.112137469910621,0.672542710485139,0.0916039764395735,0.606271146838236,0.0921913869890848,0.613865625025846,0.0826468482644118
3.04452402420389,0.183825441317331,0.765917629291194,0.118150963007784,-0.609775008583266,0.0590110925848857,1,-0.125344066332326,0.245435465506677,0.662068364811494,0.142418930465382,0.861965566797085,0.0837621521790946,0.555315032258234,0.0889956466308126,0.664638973256419,0.0891209461541329,0.597018637234339,0.0938081281519853
3.05760178093762,0.165727671260383,0.851312587688109,0.109562889032481,-0.556700482149683,0.0598537748284249,1,0.0988118158524537,0.208603754533264,0.712712324424665,0.113291567633319,0.564464949721325,0.0857192547067445,0.630671751705783,0.0873240734530337,0.622504001758116,0.0807890115334916,0.691656068465326,0.0809945611715984
3.10458901364831,0.19209188961314,0.861745703993076,0.127011058716792,-0.553672104236761,0.0664799320347775,1,-0.107289873859866,0.231046709967023,0.692664138033432,0.126253241266031,0.735767903368622,0.0930360765831354,0.56668605140115,0.0889569266620782,0.588856225137396,0.0842888947252067,0.713107342467544,0.0829345681756201
3.32384407954177,0.201025495273872,1.1764747345907,0.166836180039491,-0.684207993629901,0.0434263132103188,1,-0.134531009888217,0.243766707083097,0.821344321550927,0.116480581113031,0.82829974552341,0.0834455804227239,0.707805500372712,0.085602428558366,0.795110970138081,0.0807786439151319,0.649571763048864,0.0910302563334563
3.2637041759601,0.211682418093753,1.03752799232434,0.166323092506852,-0.656867588347778,0.0539331793669983,1,0.295331802723849,0.214316335795737,0.590895193513267,0.13039163163147,0.755791741492256,0.0934921191382211,0.680447278863113,0.0932078054984256,0.706450931545409,0.092264690244025,0.636156392619634,0.0959875514030031
3.04356926371098,0.170932111974523,0.880340012679422,0.123667300328216,-0.468775492158617,0.0756636860012095,1,-0.11405224139046,0.245968465065633,0.750429869937481,0.110900367559714,0.578170594676581,0.100541893601381,0.6755363631321,0.0878107206815278,0.651377371389416,0.0819009838645444,0.586196068409098,0.0885238254833943
3.15483997524202,0.183648030436922,1.04364869907417,0.154891699722924,-0.576419049810013,0.0624923606763818,1,0.23403433603159,0.235104384953468,0.572305602157881,0.130367015454614,0.654540765264511,0.0979975663594947,0.769114439511504,0.0805762905397684,0.587761541735644,0.0861532839476692,0.779121427383433,0.0852482227774408
2.79171889298372,0.134944777865468,0.692827460489869,0.0935232742932352,-0.540127604210945,0.0614589538036857,1,-0.114785829489154,0.203785648708377,0.696357098294303,0.109441535169121,0.555306533559631,0.0863293213921304,0.650852361271345,0.0788902808055135,0.570079558217277,0.0824828390239021,0.63540273123648,0.0787576299232785
3.20210251577396,0.168088984564188,0.898959505988028,0.122244766049003,-0.59012300775462,0.0544467999667363,1,-0.132282142065924,0.212067436511337,0.816282308640855,0.107285990666439,0.611927960492594,0.0968543065393503,0.700605189831641,0.079616570063228,0.729845122043032,0.0782644438266796,0.665359280147543,0.0821673402270393
3.11967728120645,0.178664055947722,0.805827957824217,0.11950563312905,-0.643110225862701,0.0556441358544582,1,-0.0777258156642578,0.201167169318649,0.71910932450075,0.11869113127121,0.602915971496165,0.0996999111444616,0.832815814805194,0.0782538756989289,0.648659918376748,0.0880349344047663,0.685307229294476,0.0892373220037354
3.09172829607033,0.178854765380018,0.901342122918614,0.127694581147796,-0.595283292455952,0.0587614990871522,1,0.344444438223185,0.217710360281008,0.566204507543421,0.122972306822622,0.497814381238639,0.105019356219046,0.613917644168942,0.0911666687774723,0.6621614465969,0.0857861258525669,0.717179820716694,0.0844702623693187
3.55244249555339,0.240936292221447,1.14099803691064,0.179430866942798,-0.609011813652805,0.0641571454478435,1,0.357938773881581,0.272376620244578,0.657819236239578,0.137242376299183,0.734463326510213,0.105994384735186,0.770011095426079,0.0937241487913774,0.84255669139224,0.0848662894059686,0.647328510146926,0.0966229439439398
3.4227371026189,0.196819702042884,0.994705192075349,0.140837726487791,-0.639690519832674,0.0533812649960713,1,-0.41574120031561,0.313177207088855,0.863676565631053,0.141827794178869,0.850539472309125,0.0895886389720017,0.719494465906977,0.0910290596232499,0.689244478338974,0.0846163959404179,0.71027899053107,0.0847573524455073
2.95404622699388,0.157477372351152,0.86483387778745,0.12157162461972,-0.477553159936623,0.0696141451344885,1,-0.183593556150889,0.220374831811176,0.754973405953648,0.110009263767514,0.617021113167762,0.0862671595044691,0.483918663600176,0.0844165395088031,0.515648101345733,0.0851219177548987,0.770665988073263,0.0801017570120726
3.19333648845132,0.202513748913298,0.948717959877115,0.142315393545018,-0.592008142346654,0.0608984604959864,1,0.3540734874443,0.267900062923118,0.58888750819339,0.151326376289131,0.507384751089458,0.104195329840599,0.670813369182882,0.0952326617892229,0.595364559088033,0.0974561743404939,0.742418462480503,0.0826414191484987
3.41038643343062,0.227718929471181,1.340659662791,0.213246099175381,-0.524785701614603,0.0783238200819681,1,-0.0446245250063953,0.231571693894602,0.853507846596168,0.108066783448372,0.692888914155267,0.0999841607734521,0.682779550326605,0.0910286373838597,0.663836738171449,0.0931085735342641,0.734531285485473,0.0948025352709515
2.98441687368595,0.164877308858385,0.729455541372112,0.10945495059464,-0.559250903959904,0.0608959423525693,1,0.201868390887333,0.209571768643656,0.625932327656598,0.109646686333449,0.57968176079052,0.0968237253598541,0.541902521437876,0.0870639829762547,0.652796929398347,0.082093695759359,0.717205886849411,0.0821567507896273
3.01195511432813,0.183840281491635,0.768530579307507,0.124525648699754,-0.541834806251474,0.067259888621748,1,-0.18382877513661,0.23150945824572,0.718852054872781,0.125942141410422,0.747625883252112,0.0968336930646904,0.630118516407482,0.0917761640892486,0.710613662905215,0.0799890626473168,0.658146009373313,0.0879603099038761
3.32917257161838,0.21031980149261,1.28087676048439,0.198842896280814,-0.689918836291304,0.0513425658043671,1,0.29522560456299,0.242552784914323,0.550768434776265,0.134567041184574,0.768953067367849,0.101218278011611,0.706632536190536,0.0897095406318297,0.756528681472439,0.0859234645484498,0.845640870578018,0.0879740915564603
3.38005537947153,0.175590499759283,0.99873254630267,0.142815131099561,-0.610175917125131,0.0551248754522646,1,-0.155843399408406,0.237271168053495,0.954228451048047,0.115968484049752,0.809121691043323,0.0843772297032699,0.699834281947784,0.0851761589209343,0.687379616354542,0.0748111653570292,0.798797964840239,0.0828253755066992
3.29657415495142,0.202650071848468,1.03249994389079,0.151905152666904,-0.579999922221099,0.0647881942340247,1,0.458412715337334,0.213475473585394,0.371424904324495,0.148130282675989,0.747785888175127,0.0980241084527381,0.716212887095941,0.0883236567363856,0.790243477801103,0.0852269472263081,0.834408225501767,0.0898592220754929
3.15694786847457,0.173115956727903,0.968168480731873,0.130631442592989,-0.565873361942762,0.058193673631498,1,-0.0605815521902108,0.208465152589014,0.811427252023118,0.1061562551018,0.578471125570677,0.100565371675597,0.726908688744303,0.0823639344254974,0.673182035165262,0.0823822132042067,0.728673760842442,0.0764522935717002
3.19648340834173,0.212045901647779,0.825035536236529,0.13994615784641,-0.588428207863931,0.065655602775998,1,0.0233353795589307,0.204157967962578,0.663640188090601,0.126468851593233,0.755983918472719,0.101132359424849,0.640142179432392,0.0974099898870328,0.657042275323772,0.0908306635636117,0.612299224284017,0.0960173714515193
3.30279960409574,0.185162233774972,1.0441342554575,0.149584208825322,-0.68553287408655,0.0435646015061013,1,-0.247322047497445,0.213564858105276,0.857426850583437,0.108699026989537,0.800988473472433,0.0900934878872379,0.692610819100336,0.0912250261200434,0.661824077521603,0.0811419322242189,0.715263167367359,0.0816105604377874
3.11462200050277,0.177914723250188,0.923354997705884,0.130950711365267,-0.60701525496574,0.0545866361329261,1,0.31300072201945,0.233798932158019,0.464265495329203,0.135664720535728,0.626515912437778,0.0958287950640949,0.713837191511369,0.0892505159124066,0.611784945576717,0.0891426595911708,0.625810632628941,0.0887374483679799
3.00146712731142,0.174730247576817,0.903633908796205,0.140788772300014,-0.555730793569206,0.0581461958540877,1,-0.129446002997527,0.258690864286509,0.670857387148632,0.139984251222802,0.744362175312107,0.0944126436611886,0.619637146173257,0.0876462623049637,0.717035917522193,0.0795878984189297,0.642295040375104,0.0832571490258096
3.01348365094356,0.168919449556769,0.838287429937354,0.119649723801794,-0.609563631182857,0.052770031128992,1,-0.0343378055594079,0.214988834869726,0.586500871916275,0.133449768047062,0.734322402831259,0.0937850015721242,0.612678191482119,0.0872998409054632,0.6733111581739,0.0882142155136968,0.64304327986504,0.0812334180886241
3.59726102225503,0.225486269619525,1.19296986488412,0.173801848494864,-0.613961534454792,0.0631131046710009,1,0.527152642092744,0.249148476738268,0.634618226221952,0.136794077313786,0.771511958277289,0.0921286475607701,0.78946250243667,0.0872878043865992,0.731575058580705,0.0919905271964647,0.788892545379654,0.0909157082080488
3.1241494903463,0.198287850480677,0.922620399879936,0.148087283477255,-0.503325504368807,0.0795544342694982,1,0.0978923769557556,0.224861998124618,0.665404329687169,0.119548680056958,0.643388944690055,0.100030357514758,0.58909174521354,0.0890033822843405,0.676846378104261,0.0904294280266094,0.604421622346501,0.0956499269253414
3.2986502323245,0.234384310936743,1.07557954482192,0.186305038726009,-0.631296952691451,0.0601031640307381,1,-0.109895482992264,0.266399957492066,0.711319887106514,0.149109907530243,0.767533596186039,0.107929214669345,0.762713011471483,0.0934492583426201,0.678825330548711,0.0873011471524934,0.744769441219466,0.0940024551070689
3.16818643728886,0.164329825878213,0.782358633321128,0.115238434990506,-0.601150029290711,0.0554103336442915,1,0.128153863705868,0.236505994724236,0.623886585834093,0.128546887645108,0.70854474792571,0.0930057582328715,0.654990298754709,0.0795203711766838,0.662267414682582,0.0830937317431224,0.611216025531118,0.0888600055053553
3.07194050913274,0.187107561688359,1.04158589236915,0.15696850746649,-0.576398885784961,0.0598009007843833,1,-0.321019334925201,0.256378504728701,0.835315746648875,0.109339863711051,0.640855708075758,0.0945434057811991,0.559763489652097,0.087826418089552,0.724687653711655,0.0843405307974464,0.637912585692421,0.0951889522702932
3.06940941690122,0.188371624135466,0.929775315749273,0.1444739990193,-0.613851542746909,0.0574267175036363,1,-0.313885413049303,0.26793450477364,0.876839757422714,0.119758165967997,0.654344243591569,0.101709032571195,0.64156690387939,0.0880786251862394,0.735209179288042,0.0796441659049553,0.680263321049611,0.0850103122540328
3.2982807549252,0.205642589066024,1.08663875751006,0.168405767909927,-0.702281866563701,0.0481872822238085,1,-0.0736155440963521,0.224139167399475,0.775271751476537,0.116346470839855,0.698645785305305,0.0970350384164479,0.727668065255839,0.0890483278705735,0.682350367730697,0.0879195918463727,0.685356372926531,0.0910224100833852
3.25955785824145,0.17716066748233,0.969994275331866,0.135697653808454,-0.604363584943476,0.0477320346551466,1,0.194586425986457,0.243103680668215,0.792382561528265,0.111640069778607,0.679776761570135,0.0879700767238505,0.796032068410452,0.0782980158407406,0.606781381967214,0.0826296129740281,0.836547878358732,0.0799883591140656
3.70647816794825,0.233328181231707,1.3947464623605,0.207241444935476,-0.745499464055713,0.0376401772511353,1,0.00819694083117785,0.259893274803255,0.763945809000109,0.121912708802012,0.908497242444863,0.0900641277173569,0.830651458723851,0.0894904008089402,0.939281221052868,0.083084430015535,0.686390675035745,0.0942692312285402
2.99050850665888,0.177595122741655,0.834724000157831,0.12685589042723,-0.582107589796383,0.0593137988117806,1,-0.333015005495603,0.21554386117727,0.663413447264746,0.121596375486335,0.751982578349151,0.101963682446412,0.600103064182842,0.0956310900816899,0.564802177453897,0.0883679019992464,0.714358222354364,0.082452155833963
2.87400592644969,0.152764849705545,0.684004452001244,0.100284990000963,-0.572559503022996,0.057532299539287,1,-0.079533832035299,0.216309558321806,0.601455896523495,0.118500436573019,0.607728316410035,0.0973442000530456,0.565719385463096,0.0831392213347677,0.70240158885978,0.0738654202076775,0.56208222550318,0.0816634192814435
3.25424879203595,0.171496776473194,0.994393241451356,0.141742549682435,-0.624823532554342,0.0537901744462046,1,0.301070843464916,0.230173728741962,0.679628552294192,0.115665311588267,0.746607759276603,0.0890955359651681,0.638937494883937,0.0850512815602212,0.648924833479744,0.0871319622562199,0.739140819711248,0.0816442753917606
3.04961377352399,0.153995079689108,0.884084532958371,0.117709898076696,-0.569645351930413,0.0606469821445458,1,0.0232403398761979,0.195580640712684,0.657405955341611,0.123502199072785,0.549549997020027,0.105312096820443,0.654545671800061,0.0841950950252711,0.788689024445001,0.0772025334380919,0.64065658840991,0.0839468548813817
3.21832779283823,0.192258176898132,1.13024876090651,0.167690327792648,-0.652380922408132,0.0491700145108864,1,-0.0587311024936006,0.201538201983967,0.680565736040922,0.123316394498782,0.716096072299716,0.0927564969274048,0.806497167896393,0.0809862833129698,0.741493626333831,0.0843667425094454,0.736073318629989,0.0876515314728378
2.91905959600275,0.152639511275523,0.823788115034158,0.110316272191055,-0.563951840798226,0.0538997584760196,1,-0.266901009957308,0.206098951769483,0.682547392597621,0.119496021605024,0.595005206194684,0.0888260652021656,0.74228724074329,0.0731523970565965,0.571377164503196,0.0815916843313955,0.697428587457543,0.0784821406121272
3.19750294438947,0.188160469967253,0.982494822209203,0.15386463593807,-0.617607287734679,0.0560068234132713,1,-0.113955426531967,0.276035124099999,0.758046435247489,0.132183787185742,0.68483965591945,0.0961564596709206,0.729393364956699,0.088503739354901,0.673054759680574,0.0861069381531133,0.69225443120198,0.0881464954840236
3.15437678855209,0.191189077965203,0.82399259691468,0.127807339519661,-0.535952901206343,0.072960321851296,1,-0.0729868256939141,0.241240604152286,0.63389373586033,0.137513869761165,0.748420442343474,0.0879777719485825,0.777236421009615,0.0815114982525045,0.625228311941114,0.0907124409695667,0.675426258618284,0.0909778266147988
3.20342312474267,0.175044207925969,1.08637808884213,0.156589465493753,-0.648742921903386,0.0492733300949829,1,0.0269012038382492,0.23378152819717,0.728850457678361,0.115334095704796,0.535707748387207,0.0981986000091221,0.755734564104355,0.0735197318587808,0.680891435367441,0.0861762213841891,0.801914830174845,0.07932938275796
3.09752901464025,0.172229366654583,0.857998895761221,0.119007321691776,-0.567020829866293,0.0578793121064703,1,-0.187947008739167,0.217060258804648,0.625417141149783,0.142983816371036,0.722090593964901,0.0910031238770609,0.780090183198371,0.0786774958589974,0.605276377428591,0.0833757888434086,0.543669904851352,0.0869996859557299
3.36946669565904,0.189057824409137,1.08546218073867,0.155599384748488,-0.623938450553116,0.0526129611431814,1,0.115899551464513,0.185039200943946,0.710778959977823,0.110488245785546,0.650811873812958,0.0989599260921245,0.719702718357556,0.0928203965300411,0.713506054196605,0.0835369795850289,0.651513026106428,0.0883974723206368
3.33788501996119,0.233241644641712,1.14353894616691,0.192727369367968,-0.614919995221594,0.0660190714524494,1,-0.0736440636563982,0.223577185011093,0.705963891311878,0.126981877440752,0.798080231018609,0.0987888557102347,0.714779748608274,0.0904176412242712,0.503397002734104,0.100791821874918,0.772917076889959,0.0965635702589065
3.57223482760266,0.223360092801024,1.2248567822663,0.187556219335245,-0.651952826059062,0.0590536254199922,1,-0.464694192518378,0.318176510944664,0.969884135059544,0.1420034099625,0.961142055894428,0.0914716671569998,0.775332224781453,0.0902749038863798,0.731911433869635,0.0907083167874106,0.691394756545572,0.0935899091196303
3.08461560719248,0.173293132686644,0.898755488159186,0.125485769610442,-0.606830698252296,0.0556668403852331,1,-0.166578507928534,0.290316744360784,0.706320829843656,0.152058938190763,0.728468501487634,0.096051222014759,0.616317150512093,0.0838452224492612,0.656760149996556,0.0780974117431352,0.739663921558715,0.0819001026818973
3.39848112861751,0.200417200139557,1.1747983976046,0.164197628180739,-0.547964107435032,0.0685093530406276,1,-0.314241276817035,0.225338819160316,0.91692318665319,0.11829363376311,0.622643915047985,0.100783667657486,0.796815046498549,0.0822812813437721,0.676953498934212,0.0860592387570273,0.702285940681324,0.0863966974344764
3.20769599009639,0.194359123791512,0.946716254444601,0.142488060105373,-0.548935385052378,0.0669219951256506,1,0.163752482075998,0.196531831459026,0.613439463064961,0.130276970265414,0.67704641136491,0.0943373709585251,0.710545319929996,0.0875346027078625,0.829246277942345,0.0815629789923343,0.49553125555248,0.101071272820915
3.12490294217418,0.168457065829646,0.987974172318233,0.138091859162592,-0.56256454729519,0.0598706338217396,1,-0.211896453747933,0.219224607446429,0.696132500368143,0.116034497758449,0.802880103280224,0.0932595505451019,0.638673960536998,0.0794873197871071,0.565505873363304,0.0834591218777591,0.637186288195581,0.0824202140193417
3.1710921876084,0.167727671563013,0.896530386516149,0.123747567519084,-0.615292021826255,0.0536280959850751,1,-0.0984534248297496,0.243463466463142,0.679351219628075,0.141648560240257,0.789617875451724,0.0919150693815911,0.592097593003178,0.0914572750451527,0.653443579311234,0.0816160747671139,0.809411601431071,0.0739597522315403
3.53468692986996,0.243449727967193,1.16466933142238,0.194239582339618,-0.721402697559467,0.0490838954083935,1,0.0342683217145686,0.232956409804039,0.850828247924313,0.122012768982224,0.744025584894527,0.100680249877364,0.84838055456035,0.0941809547604123,0.762463509581036,0.0961421155109689,0.689970316362619,0.0999828307618204
3.46768750587086,0.233639492366829,1.23110608640157,0.199528178628187,-0.621436313679611,0.0642565508027163,1,0.261010425674296,0.246440599157722,0.536878969803406,0.147202920559271,0.833697767012118,0.101017613783754,0.695892889369503,0.0921809026718583,0.685571997832099,0.0883542286050657,0.756001490022363,0.0884226746730285
3.20549533964904,0.207687875791809,1.00835895351777,0.166139963026499,-0.608732434522844,0.0597795329773039,1,-0.0254194093035181,0.239494916965165,0.657484461120278,0.129918404082917,0.685783968093263,0.0994787412739033,0.727545802192599,0.0908326405113918,0.672071210256634,0.0864409978322085,0.561259956372098,0.0948120038688333
3.18039902814621,0.202301548421972,1.06784877412272,0.16462443693288,-0.566255122648703,0.0661239243686651,1,0.0412240705302433,0.221918582313419,0.694510014410952,0.116517986386946,0.570485602605975,0.100463793200697,0.839682988620239,0.0795031730339727,0.528029403039741,0.0913062115557369,0.641812395566779,0.0992476128663096
3.35007211484422,0.179300083692087,1.11027544147075,0.145289154491052,-0.61304256324858,0.054340079451766,1,-0.0704480506943813,0.194553559014603,0.689646450608747,0.111820262433749,0.760102890689776,0.0886619446800641,0.717642317932676,0.0851778479270724,0.772034559840261,0.0785605348838263,0.704321763379338,0.0821685388759227
3.44406092897637,0.210640111645717,0.9682431077278,0.153464039025634,-0.650743046979252,0.0500073351873146,1,0.18892165168828,0.262632319228566,0.675107847315028,0.130976892920781,0.879567894771976,0.0945656172600785,0.747693520635293,0.0855823092423736,0.767447209934657,0.0859531499128609,0.660699832088092,0.0930221635788604
2.98889719122303,0.192840417225203,0.854223094633813,0.13959267420801,-0.619530538885689,0.0560290504933216,1,-0.0898938467786873,0.208606607400076,0.395874739897894,0.149847469555313,0.73090072682863,0.105637908744408,0.745189081613743,0.07926781982363,0.627696383818285,0.0822340913738103,0.634556726738942,0.0933526108064021
3.15579626150048,0.177625023918819,1.05127950935458,0.146348185288571,-0.596114076887893,0.0619149403044139,1,0.547004461593826,0.209901881378873,0.383122580032585,0.144093307868223,0.668766363623588,0.100735376385365,0.731742630210069,0.086489093852079,0.69424616295515,0.0788318336232303,0.819140868709608,0.0792228886700404
3.2835737237706,0.183714974782094,0.918193880107768,0.132734411447796,-0.535638459311296,0.0688153690399526,1,-0.0429740245389652,0.234533826282481,0.816554036263415,0.124743363974524,0.693481110530857,0.0985570495725743,0.568965914630526,0.0886133193683047,0.794367426752778,0.0794074090916589,0.666704538641384,0.0826833488676958
2.9902598037044,0.179808738623574,0.824966634938679,0.126866547949283,-0.472207792571191,0.0808032968960882,1,0.382668898121485,0.194152356912481,0.345597281326296,0.141159081830906,0.72369175832905,0.0934881665589226,0.544110414828377,0.0909179180371765,0.60037894521701,0.088303670292682,0.595091300127169,0.0916872886630047
3.1609649891053,0.178649292433889,0.917215648379041,0.139634923415793,-0.542474029773081,0.0669686781971408,1,-0.208081539558511,0.214132367069841,0.71795310045746,0.117930696235454,0.790678705986756,0.0869359779645591,0.670952085788564,0.0920349897566261,0.698900642454966,0.0823840693191506,0.667381077696076,0.0910017564150902
3.25487629046323,0.195946010903719,1.04263887015965,0.167531066124442,-0.608066454139613,0.0602875655531308,1,-0.187231917054324,0.249906126626392,0.770276121766272,0.120471487848279,0.660923000250162,0.0917902471101097,0.753659697694391,0.0855714477803532,0.659955835819675,0.0947914374190836,0.725924974561884,0.088168623443244
3.56619483770618,0.226698720155901,1.22399800157698,0.194990552783337,-0.72257811306011,0.0424346070153294,1,0.132274002771388,0.216872561651877,0.846284741520001,0.110540593335495,0.721261938506868,0.108500892813064,0.765318109431783,0.0890680116730114,0.756178326050712,0.0872617104323017,0.852979290161277,0.089866963368031
3.08916402642033,0.173096514510114,0.9750986744893,0.14439624077329,-0.60588430792276,0.0528898165115177,1,-0.303577164422517,0.187399732025878,0.803554124905869,0.111662884854533,0.63366160429588,0.0978385790618553,0.628068891295836,0.0836996280822093,0.790000541045384,0.0743317119159863,0.788087613091075,0.0795937067117542
3.28078843413396,0.195640269863031,1.26573435000709,0.185917525159049,-0.662799178461904,0.0525926231355765,1,-0.223497702286021,0.219476901456982,0.725508873456875,0.118762184690956,0.755153816094637,0.0913844892347478,0.722969494125438,0.0919553618470885,0.632017655137763,0.0853304949531159,0.74711903260956,0.0777357348708957
2.95434359966986,0.155238643967716,0.855696355785823,0.117207453320649,-0.505764534531629,0.0673931007944857,1,0.165185044478589,0.182486514069762,0.679256825658413,0.10467476329454,0.446752551849386,0.0977877436857621,0.744565055728549,0.0786964891739146,0.586854225332479,0.0822318996894631,0.575963695347405,0.0856221485361532
3.21403796969563,0.175650781971747,1.12884307555293,0.154232730327595,-0.583139800159136,0.0581291059221001,1,-0.181696100439714,0.240916119345722,0.749323307007158,0.131783308779706,0.63351124904133,0.0999189485840879,0.642541199519478,0.0872288615238629,0.781108868443016,0.0756990494880156,0.772850925473094,0.0859377766174688
3.14261284722914,0.179781710153186,0.855301248752173,0.126500830902764,-0.552949394798712,0.0646838929531304,1,0.416484694568756,0.204329436675887,0.524077229577878,0.138912610413533,0.698858018739446,0.0909696755027159,0.643005618156114,0.0888594680670734,0.665788640359809,0.0797389555508778,0.689445199052826,0.0834751946948888
2.97507094942506,0.19915661965886,0.746818690413086,0.121261385433107,-0.519231933504529,0.0809562459717209,1,0.0933334000713633,0.231612259706982,0.601540509971962,0.142072416406116,0.540301999769936,0.113975413375321,0.729690908110735,0.0980070486247358,0.57559112679437,0.0943451060214315,0.585489378224261,0.09028755191557
3.53988731490917,0.194533304623279,1.23357289395624,0.181839668461016,-0.660797184607327,0.0511703420265119,1,0.671018082027028,0.23998328781958,0.43202022144705,0.151315888503206,0.772379642077705,0.0857909615710775,0.705328562552814,0.0933366632090793,0.81254577579311,0.0849668870571599,0.737841744869065,0.0817608508644297
3.40013674588653,0.180203571664825,1.13638930198778,0.162716430875148,-0.676954178248605,0.0462442348171779,1,-0.145580319637531,0.362373068892656,0.678369732023223,0.17647721527804,0.884957322461915,0.09614263743086,0.802645706511053,0.0818892859182292,0.684466434969058,0.0801167233602347,0.688169517852873,0.0857291820068375
3.21032205959247,0.180334760114063,1.08655846325241,0.157319821031479,-0.514283563633712,0.0680053712850501,1,-0.221646040511261,0.210695469496281,0.762900890094736,0.102861182490585,0.66740362844251,0.0931559468747281,0.632860419784376,0.092076500807971,0.7776541523657,0.0793534071223533,0.814189692813319,0.0811944128716455
3.23943122025874,0.168807840383422,1.02645629471665,0.137659340299258,-0.519900053808729,0.0659683095714792,1,0.154719418718182,0.206129656266268,0.623079243836149,0.120175167311196,0.742399364517922,0.0901079917855662,0.720509400492105,0.0856504845200609,0.679818949099926,0.0757933948262752,0.797635526258324,0.0761277025583022
3.55010817930058,0.212541311451127,1.24894708822207,0.178971808564138,-0.717560907891655,0.0413119250056715,1,-0.0088352510661445,0.242364684874275,0.539540853729853,0.152930507008113,1.02054323617442,0.0854958254158101,0.76577123906877,0.0805615697140045,0.71015523503103,0.0883317371904726,0.917067447833455,0.085706335756363
3.10782652255705,0.156507579726897,0.754701875546518,0.105555340027243,-0.528493687938071,0.0657593013298684,1,0.129593445629257,0.224861953493792,0.603584784162367,0.13147031346446,0.652830198265634,0.0907088845415136,0.660471438456089,0.0846600652950499,0.669935046391564,0.0774692323203393,0.630545896927247,0.0804610063722305
NA,NA,NA,NA,NA,NA,99,NA,NA,NA,NA,NA,NA,NA,NA,NA,NA,NA,NA
3.38267977704282,0.216676593479252,1.26481721597154,0.184586590814359,-0.637826258258545,0.0606395039269058,1,0.242412823500814,0.242295998187807,0.564775680819043,0.128567335987949,0.706915821664261,0.0935271424324252,0.756648194350575,0.0863788476450581,0.80210990391292,0.0886495853272909,0.679207347125455,0.0949168816356018
3.54820346996393,0.218919437276802,1.22227571979561,0.182639990507397,-0.663423311500412,0.054400733128456,1,0.355132826897506,0.257484155175941,0.70878002044588,0.132398718448389,0.798927447862235,0.103853330754904,0.640258989639259,0.0935514407893299,0.769747361774494,0.0844842854645283,0.810703976402952,0.0877136416556622
3.20551872298898,0.172721780422807,0.85505490382689,0.119152569434868,-0.619445833118953,0.0492691396670895,1,0.0183473651705903,0.207889166270794,0.711770402701923,0.12022592386378,0.774705195983552,0.0884652631986315,0.580464452221338,0.0853288798038797,0.713605681185358,0.0724236570707313,0.676913596409804,0.0857138463346409
3.06394140014447,0.173982762187259,0.994954655758465,0.15436521131871,-0.478787879010477,0.0746535429048413,1,0.120833756563279,0.19780244004737,0.441123268082792,0.132555213720167,0.663751687541187,0.100383086263888,0.69609204054045,0.0868751906937054,0.768806887128202,0.0750470355319062,0.585194986891209,0.0967943399452829
3.4921337027716,0.207776970186504,1.15453419331673,0.165528135972895,-0.725208960646752,0.0405719156359514,1,-0.114595295527263,0.258687027784102,0.863541826262724,0.124741120648253,0.67849432882584,0.102043031492765,0.737068495744909,0.0890617169330748,0.775519248912533,0.0821208011156035,0.728302136013788,0.0872383934213588
3.0445332382216,0.162529338674749,0.80943616161399,0.117041111125382,-0.471286625327847,0.0749904510330982,1,0.176019054391577,0.233657761407032,0.674251413300344,0.125035290160518,0.537806012190144,0.10070382766062,0.621047767247515,0.0855220747990748,0.63088254320429,0.0802940018957386,0.586270584027711,0.083988659888101
3.66456788294198,0.246729213916394,1.34718041865149,0.224902512372246,-0.622461229102219,0.0634140415137539,1,0.0306538166155954,0.229909594567099,0.897224570595037,0.107270316959648,0.827764085229879,0.104497710918046,0.717173372847853,0.0946067495977665,0.856060445387511,0.0873228559076306,0.733702880192929,0.0924890676590091
3.30736414889032,0.190876235960521,1.16768689355241,0.172722818949725,-0.662848816359933,0.0513077469951274,1,0.107753428001589,0.206481425543933,0.668030156864181,0.129443779009792,0.812005676806735,0.0994493154784679,0.719710167032705,0.0829194654441499,0.739796435195909,0.07647378017339,0.772929046585599,0.084729235920999
3.54593140880585,0.201839398672972,1.20243888093442,0.16959479670509,-0.623060145301687,0.0535396848327934,1,-0.24028968908449,0.271828879417387,0.961043732445591,0.121884739461672,0.649395696208295,0.103582218155563,0.815155211994868,0.0824814909390519,0.816422031618252,0.0741522997456652,0.788694165669422,0.0840500286047251
3.18566179302843,0.175095992818948,0.8550397294557,0.119553728475718,-0.599929065564256,0.0516769533640153,1,0.172812021635074,0.209375902311365,0.551823379160211,0.1255505274276,0.717140062419005,0.088858452711681,0.703908952285593,0.0830588316169772,0.727740945260598,0.0813943792942592,0.674547194111604,0.0819489531155153
3.32355363228466,0.179134355870692,1.13543447809308,0.159287905346476,-0.651886395498303,0.0453991044273535,1,0.527717917720721,0.197593030163427,0.454933169671178,0.13033009252534,0.636525631437566,0.0984953119179417,0.76514186778306,0.0868408880036615,0.624987700244005,0.0855438537551151,0.848286009799118,0.0757165696890792
3.15058917797541,0.182877952986323,0.865080717253666,0.126424863797442,-0.642913563917572,0.0511922842449882,1,0.14059769167484,0.245526661419432,0.597042398267826,0.137778516172658,0.764592056870174,0.0905811624942077,0.801344759743261,0.0855626572312975,0.611648604709421,0.0823775998289257,0.684174448592732,0.0825172100261787
3.11335282547765,0.194775448521689,0.907411874254691,0.144100672948723,-0.456839332568286,0.0873785033372308,1,-0.0176382752008405,0.23868103409131,0.587601628371111,0.140088428733468,0.616950004012926,0.102588485403234,0.818172431431702,0.0865388918473718,0.594718329651384,0.090978607321951,0.578695171727232,0.0896696634611149
3.49967975668159,0.215220435546356,1.13480457134102,0.178786893341595,-0.681755101838995,0.0518231204488774,1,0.0646177902194632,0.245679205408849,0.626425942784096,0.152549958295837,0.846297029909203,0.0950745665582406,0.859390538782433,0.0855921128282447,0.689866665905302,0.094484638883627,0.645406290705573,0.0909356317854624
2.9331342659279,0.162205314864579,0.693082184388708,0.0982981322102392,-0.481401061986889,0.0719526863836069,1,0.128832852914954,0.18160359085331,0.629963750023857,0.11332985435782,0.591803666018652,0.0952005278520955,0.602093605224314,0.0883763639639746,0.564751205279695,0.0823996038712926,0.576812600379105,0.084668645547631
3.48963627868635,0.199711835784761,1.15279269148764,0.164486713468287,-0.641915046805184,0.0532483984178534,1,0.264607892538889,0.232741606926337,0.723338606964522,0.129363421913878,0.669696765716355,0.0978873186898311,0.803568083280424,0.0843470082675729,0.770935388467456,0.0870277222699113,0.83977748569912,0.0780248945275071
3.26554353449538,0.197724855910513,1.03008026739155,0.158067019310779,-0.632216103069416,0.056408732441232,1,-0.176925526950248,0.28019167322696,0.785966430591112,0.130213957236405,0.555484954271059,0.109991496437927,0.750058010497925,0.0803421002355694,0.769544597557115,0.0860068040308968,0.785454418861184,0.0865937563685489
3.07325361100999,0.191153417151924,0.960071888260398,0.142517250661516,-0.549741733921534,0.070803793008907,1,-0.00582904236804713,0.2419589031873,0.626452759292202,0.130401684748642,0.624784108530334,0.0994950807758705,0.798341713198758,0.079524212961087,0.658783968769421,0.0835283671518484,0.60837873101186,0.0924151205756193
3.3896824466904,0.181534654625336,1.00039015805559,0.138904536055285,-0.541263907460004,0.0645974807854222,1,0.478157359763914,0.23825739792683,0.438540497987639,0.150750927299616,0.742630739451264,0.0881360464297651,0.753991726953961,0.0809885542758954,0.684424858727226,0.0783775629711522,0.798224822449178,0.0788080706804215
3.04492706825878,0.172845055952991,0.913755570643087,0.136834514035691,-0.552056585566505,0.068529764525042,1,-0.390923570417461,0.261504337754266,0.749614577246561,0.140326134384755,0.702895043422914,0.0928536893331902,0.587378572049155,0.0823115433995143,0.652065325216799,0.079864461268966,0.553762409879934,0.092391023479769
3.24871301012904,0.180345603157335,1.12755746068241,0.161989698815048,-0.518359095049685,0.0760303908400167,1,0.3435055616777,0.206242667213728,0.521300834115159,0.132973822571199,0.659513045009622,0.103847291123565,0.698541684709845,0.0885773960804666,0.709417111010059,0.0819151218077897,0.616235394261476,0.0826288725397058
3.40482819831859,0.174990146092666,1.05487767476614,0.141708131546938,-0.633861835113027,0.0478766125174217,1,0.166337150311431,0.213807425535756,0.605688769463187,0.130904951297015,0.842651823751022,0.0797586466528958,0.766191743943086,0.0757454119130722,0.703621262826987,0.0863609921949968,0.794024139157703,0.0882899151502141
3.40412447870393,0.208696534490813,1.1591554799869,0.178726648447134,-0.642497742281738,0.0519319533356974,1,0.287373952042817,0.259761940839292,0.473069828226148,0.147682643616942,0.846236146009639,0.0905784313120217,0.718285006863804,0.0884978342381663,0.800792329837843,0.0831455434846971,0.686051663411507,0.0924881067891714
3.51104399661121,0.228278477412413,1.05341286142306,0.167246018890066,-0.613389902976849,0.0527654096652417,1,0.159534799826367,0.240861457089841,0.655022005567615,0.136612788988436,0.710635794392715,0.094562066259889,0.879058155759636,0.0831489158309422,0.919992127711763,0.0831883152703109,0.649618330787366,0.0942353606920361
3.21875617581976,0.197952104886996,1.1644830014723,0.182075561496814,-0.641334645374131,0.0538757250951315,1,-0.406428470204097,0.259203867891415,0.675826209652777,0.139978528373906,0.808592958353394,0.0924030995706248,0.790360703631382,0.0819172685556366,0.584176553692141,0.0964989394669592,0.792190122877893,0.0825508138060225
3.12189367362005,0.174481126049908,0.937515142424066,0.13027604998396,-0.558971687263331,0.0638266748462127,1,-0.19503612951032,0.227419573570655,0.695448277422194,0.122911495266753,0.804471736920743,0.0823395494809741,0.730977390222016,0.0822521507127011,0.629711960464479,0.079100801378432,0.59257253043469,0.0890895782449095
3.52291818217987,0.210535948868923,1.16581542991963,0.188392880261612,-0.68882996026752,0.0521884169116671,1,-0.112074765866621,0.2434885215881,0.778575326051059,0.134363798438697,0.78790309161171,0.105315167752364,0.876020771136764,0.0797595842484513,0.732264346175997,0.0903587763715474,0.780177308536126,0.0902252965411307
3.25243863523764,0.174883310942606,0.936020697056808,0.137787090506941,-0.59370977506503,0.0585413466973553,1,0.378829303907189,0.206737352911304,0.413647140243664,0.143864816858141,0.830492614743221,0.0906966361554902,0.751307214280649,0.0826773197242832,0.659311125410736,0.0842819872806127,0.637503222876361,0.0882087908336179
3.07113817646529,0.166017820421789,0.911017324904654,0.121755387730372,-0.583288902351638,0.0589186938141832,1,-0.133737057114739,0.242869913419266,0.810788170868345,0.120425762974342,0.639526209975914,0.0894869932342669,0.618090965802461,0.0851975645210689,0.659463290184052,0.0811080003730226,0.674555854141681,0.0835554328553675
2.93527296120329,0.150101963326864,0.926065520041539,0.130677908384855,-0.552232909259962,0.0576807315327038,1,0.0248994102218677,0.201393925968091,0.511116451092693,0.125866729484295,0.608097164488848,0.0968750248952274,0.616409013767308,0.0824663791816419,0.600776261066342,0.0767841077654085,0.624024473393806,0.0799978220967656
3.17713041234976,0.173038353645714,0.971537725918611,0.125960547421146,-0.626457247114747,0.0486982090720868,1,-0.282145646727623,0.212346181190172,0.903737925243378,0.09795139611416,0.582577373726059,0.0922134991582773,0.797740071881849,0.0754143090799595,0.60790053705082,0.0827638307261709,0.759499275070982,0.0806480260334805
3.20533948949279,0.208621182967913,0.771253159835166,0.122476395245938,-0.68488039325407,0.0495408685776633,1,-0.0145382958019885,0.270882538767836,0.828432085975642,0.118836316652378,0.684620779461745,0.106766041107464,0.643863722589755,0.0953500302474786,0.565352737667093,0.101759695337291,0.78861439522712,0.0840343455061864
3.878196871353,0.245777301231119,1.5289973748904,0.239581906165108,-0.697902398774518,0.0490293577438592,1,0.343098106340289,0.237432562651642,0.890262942870829,0.125140781876195,0.57673512216084,0.120458559886308,0.91834336331857,0.0931497458562829,0.830981235605343,0.0875855600466551,0.897779264031431,0.0822682051345766
3.27676521243913,0.177454600407329,1.08413755199358,0.15248027357916,-0.642690741594728,0.048518813045382,1,0.0892833242445184,0.235478088603789,0.641443561909515,0.131540033088876,0.59256169518386,0.10258094063511,0.776646998495097,0.0805106886931813,0.798338857802997,0.0737385330984008,0.66182167389821,0.0869606019897076
3.16032956383631,0.169003718564241,0.98801721898436,0.136019740846343,-0.629141833893186,0.050928916702617,1,-0.157249266325967,0.21266825108751,0.705164000566404,0.118249533870228,0.761060041483299,0.0908994551630457,0.801198406307725,0.0788880829389787,0.716139125099682,0.0751133683289006,0.701255468256222,0.0815966844795008
3.33156791212738,0.199953543775939,1.1151967940904,0.168713681552033,-0.606020145259042,0.0616310625172709,1,0.086722111334041,0.189462045871453,0.555452126870334,0.134860748114303,0.755310184770584,0.100142805191864,0.681196249487433,0.0862579926283853,0.741643976544318,0.0826334584274725,0.722779027928257,0.088856907495278
3.30645630874924,0.188533978136572,1.163854345481,0.160698626925121,-0.607457904222957,0.0562559756884176,1,-0.123868763483732,0.283656983534626,0.770734908878627,0.132988528671738,0.753284997131641,0.0916790727565864,0.674458032994024,0.0878322236280331,0.836006521120274,0.0793892149510914,0.653702997744363,0.0886764457875684
3.0142139096239,0.177990534939917,0.968060315400812,0.14091986335737,-0.606914399119424,0.0535864450345908,1,0.18059998632571,0.230479706717374,0.573416297787383,0.128777328208886,0.708328468215978,0.0880988241613287,0.625686909139868,0.0880326997133449,0.521168565157412,0.0891634146222683,0.745254664628416,0.085223130438659
3.29722846556193,0.192565452871555,0.961866873453915,0.136517984500185,-0.656073063400255,0.0509854425655167,1,0.207559330531651,0.206140489895361,0.686267089920924,0.116296266263794,0.671700046204107,0.105361652824252,0.647024616868338,0.0926830805671151,0.852301609782755,0.0790151721135602,0.666980474568594,0.0880672591723787
3.23955949463146,0.193824309336334,0.954623972837868,0.133138420703345,-0.676988086153131,0.0463982613353359,1,0.149558115427776,0.217118477490825,0.685244953510907,0.118557386267922,0.523431208415476,0.107560118167022,0.86255451160201,0.0872571436076879,0.623521930861434,0.0822465304622539,0.783240949763241,0.0848306950179571
3.05629100530276,0.194443913119239,1.06317204304835,0.164609032770497,-0.562754279734338,0.0719866216619337,1,-0.349529242655544,0.244126612271431,0.817262083838,0.111591465454877,0.651712004567173,0.0937710761444407,0.657473696768429,0.0885407196907811,0.573765237859376,0.0921101741881485,0.689491591867692,0.0903660209304827
3.20205429020379,0.182652339584128,0.968695843948166,0.138599250646533,-0.582333222976933,0.0585454020403829,1,-0.185812714938922,0.256462766694328,0.733434866939109,0.132045687436788,0.803401651462691,0.0873323574211572,0.75107482640649,0.0888370754869689,0.679655938456529,0.0793392214875746,0.695172070387489,0.0865305126431469
3.30134437312279,0.200945626461019,1.16293322972812,0.174945583783551,-0.60667982557587,0.0626613528649652,1,-0.139350543320006,0.262116861959092,0.642793171992617,0.138329549767846,0.810907015492813,0.0912534675536743,0.757114208894745,0.0927149650991307,0.599375064144767,0.0922142814493008,0.819458724045965,0.0873789714702262
3.69249842119879,0.2297320346918,1.37356668482065,0.206637881449118,-0.677421279059377,0.048228340916082,1,-0.146942032756376,0.265908267263339,0.852047680510245,0.123774201502393,0.844751600329588,0.0884970999387201,0.766208457525763,0.0930000573210656,0.814539877643601,0.0889141177352673,0.830649389467383,0.0869735887567515
3.10269095065624,0.179302930172689,1.0040140805861,0.146931984309075,-0.599518106602789,0.061051809619511,1,-0.0792669226745101,0.229089326465556,0.637885636024742,0.132507924106393,0.742990194135015,0.0859540913463925,0.658995769026727,0.0875447640263646,0.667999048678366,0.0885792797472628,0.567125800883728,0.0867833199021524
3.07563130482903,0.172197216615134,1.01393053342195,0.143345523064399,-0.479522668299372,0.0699342690373512,1,-0.304103201462362,0.20512674436601,0.847106195241886,0.101579468988843,0.643792392070879,0.0961074592515436,0.613100939158112,0.0844099561889806,0.529023558844976,0.0833217934446953,0.769987741686389,0.0832041235582477
3.43071784847742,0.197570011138216,1.17392497308212,0.171236193237113,-0.621213128250472,0.0546674363954542,1,-0.394462750691159,0.326975781034945,0.981999359534535,0.142917226473037,0.62755583612603,0.106190619440995,0.754943484661013,0.0752021635521692,0.833181427822625,0.086718948372616,0.805879318469086,0.0854372003973332
3.31894517694606,0.233040154036352,0.942836299749458,0.158527184342001,-0.679772408046068,0.0523296125708716,1,0.194016527660253,0.217158864314962,0.563549516098586,0.137319783750319,0.668768944064521,0.110458430315356,0.819192703946781,0.0939753601561485,0.727272639928184,0.0927038630186823,0.730016822831508,0.0933986779580029
3.33423316279275,0.192447243467785,1.05602756441923,0.155246866737008,-0.691643017569928,0.0442809288649022,1,-0.239992768385006,0.228986497118515,0.90671795050238,0.0992740548003295,0.725340147456102,0.0918964007683465,0.76362205100425,0.084335408002349,0.697049401079909,0.086382269205255,0.790352733021154,0.085143368834162
3.45342153918756,0.20258864530203,1.02431059852707,0.148207606970639,-0.63615892301499,0.0462657015015377,1,-0.322675101048442,0.227074797838383,0.979218824527523,0.11226690698695,0.793835141042366,0.0910910592550668,0.711528240572411,0.0816456564217536,0.611320891444037,0.0913458370098284,0.625867915570126,0.0934027787132876
3.32597433270029,0.193118129932932,1.13238160628902,0.158621896764145,-0.565604975997268,0.0531304828188302,1,0.407153287771672,0.241965361615336,0.715893933524582,0.114353002396972,0.709824787724614,0.0891837225938273,0.788018922942816,0.0777864121039126,0.618205217188823,0.0882253018691867,0.782888965216082,0.0837181548557905
2.82942769921092,0.155344702199958,0.821722392921692,0.118999795554809,-0.490093379767555,0.0672039901683344,1,-0.169007635302468,0.215583532399482,0.539417039301321,0.129377292061676,0.75832803928431,0.085747232487096,0.603777641198394,0.0852096606788327,0.517256098563037,0.0826482262369133,0.711626825603024,0.0819687570019674
3.50330186077965,0.201586695750007,1.0374313403009,0.147157296470485,-0.596170853323975,0.0585079205944508,1,0.244115922896221,0.268704529394805,0.788591755854622,0.139832960921966,0.544665136921137,0.110510380105789,0.78920338591236,0.0905027542708907,0.803509476316096,0.081659651748298,0.647237163261592,0.0858458480096334
3.06546403689826,0.187950414489573,1.01306734211267,0.158327742904987,-0.55348196746547,0.0631315755003749,1,0.0632826344937617,0.219591095676652,0.523989708347628,0.138356537743051,0.807856730303071,0.089208477183667,0.522606853266616,0.0917304919677257,0.694629576290748,0.0860616413732226,0.598155546430929,0.0944067850145167
3.23040700168019,0.168207018577826,1.09409453832741,0.149167467312781,-0.584391058476212,0.0555000843154922,1,0.0469475719546677,0.255180925299287,0.744417361951476,0.122933535196609,0.805698893625094,0.0869185378582102,0.503299189505561,0.084682080408178,0.720355996614994,0.080295622207994,0.54184717847819,0.0852113486511085
3.17209862993625,0.181025973596723,0.960247029464784,0.144378343523309,-0.587736081713966,0.0544996174723473,1,0.0209186611691735,0.239064951828571,0.69027498707932,0.116898463519898,0.593111458294225,0.10089788420759,0.713430524802371,0.0877441771557461,0.734823156062858,0.0855625927106889,0.664022118973797,0.0855668741800707
3.26225574139326,0.189186954836884,1.31061680179964,0.186448951119359,-0.642904843430525,0.0507207439993977,1,-0.250437635237176,0.245430376560856,0.878635287792639,0.112408338582326,0.598798941738607,0.0982470754824911,0.772335019781129,0.0835242525847015,0.713824858986927,0.0831058491667336,0.770517776293795,0.080453481193952
3.08132924443346,0.172510815710071,1.0316380210526,0.144185328240849,-0.65657182678812,0.0460270726979912,1,0.0970055550008445,0.223367920767798,0.687569840320915,0.11269236322052,0.623935447939296,0.0880306426991442,0.691897862621388,0.0830507288439222,0.742707344146199,0.0799026525982328,0.647965584448824,0.0861627959580624
3.23174366531895,0.206798436984482,1.13216248818277,0.177026385835125,-0.517852915827575,0.0868558558493377,1,0.252052954415673,0.264711485643214,0.62652195474143,0.140061727758612,0.623795977849038,0.0992895538548004,0.763860628250074,0.0912996972146669,0.634036316503064,0.0932752663779071,0.660795200890701,0.0911829185331869
3.05647317640294,0.15648621679002,0.805939466570056,0.115838888548759,-0.64764518600635,0.045080963369653,1,-0.16539494316657,0.221888146078033,0.753605606079603,0.11616824041481,0.642921446737996,0.0899326599774934,0.635385854549431,0.0852274874541981,0.566818091054901,0.0831858174442624,0.679308162797308,0.0784513737457785
3.2233792444368,0.184105047490019,0.955513294225705,0.141347613333311,-0.604660501897142,0.0550886072201434,1,-0.157539789505226,0.242764283932989,0.647390269338769,0.131474846166517,0.724326497174011,0.098567296622679,0.637302946873995,0.0868003668432686,0.756039525706972,0.0811976744235239,0.721626473169416,0.0814180793310237
2.94423219459257,0.169942221504724,0.776588187296024,0.112663583298347,-0.522959476007937,0.0699085460686418,1,0.132307804265959,0.189968991087022,0.486957929279367,0.120652745974264,0.619871066684837,0.0945557527405839,0.621189882556406,0.0864596458578013,0.645226191526142,0.0862193506754853,0.551542341643556,0.0847512339535892
3.18928499863793,0.192898151867903,0.980880915849125,0.155045780274157,-0.510570430813265,0.0704935580321453,1,0.265920617648084,0.176650089397546,0.655288365641404,0.0961779818080448,0.695857498200092,0.0949923302567425,0.729951565010539,0.0868953156071451,0.546649673134113,0.0953221969482638,0.741747631746586,0.0881703969206026
3.13512844313991,0.194208217701346,0.850053767942696,0.125566499654456,-0.486002745421991,0.0742012829076024,1,0.135475315310233,0.198186937439294,0.487558946254656,0.133152729957719,0.650800684731546,0.0952758070572702,0.613663866884169,0.0914246835645978,0.703808893810058,0.0837870506483321,0.701577350703032,0.0899646323763589
2.96854968080567,0.191570421619322,0.918716232432309,0.140290868730632,-0.654318884295603,0.0552741045139546,1,-0.35326884655334,0.236649136105963,0.847412795118683,0.112322187064118,0.63930458842363,0.0982938226709079,0.610609962975953,0.0976830612575206,0.661715013165992,0.089083691105098,0.649140982209271,0.0901937449412238
3.27218145393597,0.221750969883174,1.06279025482028,0.176087146251269,-0.664201678737074,0.0558023616241537,1,0.167007998753798,0.216614310780702,0.777210473042075,0.114622174074551,0.583175515293521,0.0988015029116692,0.716215607732052,0.0920181428586108,0.698416818141165,0.0920167385534204,0.6162498620664,0.10704987426798
3.152802440884,0.185663935012631,0.951970950473266,0.143531487842714,-0.609625651722846,0.0560105978346192,1,0.120801677129026,0.230579992984983,0.466814494862162,0.146583300767212,0.794353225084287,0.0943253484773891,0.660247268232529,0.0828456639305997,0.640319537490391,0.082535205566979,0.633283405344907,0.0886679908679583
3.40029015997048,0.186215884755461,1.17204138339808,0.159149128207584,-0.629465098745388,0.0531386041721795,1,0.631924496499841,0.200699229016642,0.563126103399213,0.126097270353105,0.795814661373501,0.0873485797348191,0.678644197388859,0.0864464387723796,0.795863222646353,0.08486685928818,0.799958203113352,0.0784161537916296
3.20966789365362,0.185284977579162,0.932561531870678,0.14449886293607,-0.584374406878651,0.0537453501080579,1,-0.0355729830207914,0.215033286381555,0.724522608979519,0.11826320774235,0.691108763658268,0.0884247784577886,0.627495690430739,0.0850380756921076,0.648845570481336,0.0851029284925964,0.673508940386762,0.0878598883139502
3.66672832911443,0.180427987284209,0.998392525779577,0.126507383565158,-0.655720664760993,0.0427839474164229,1,0.0452085887422194,0.235054151928648,0.900920525702272,0.107695262189045,0.716384633292534,0.103856153745505,0.719234933648102,0.0837389709153407,0.745199946505964,0.0749681661993194,0.865287215574358,0.07110467195463
3.12019894062858,0.181282180465771,0.94230095394191,0.143454652573372,-0.595346130788712,0.058290974555836,1,0.00041687768943595,0.227269598212576,0.562454642698598,0.141348652697287,0.70827494048767,0.0915270712827863,0.637823179676157,0.0829867180940235,0.687245948827882,0.0812738791930621,0.750385805834458,0.0887378284759209
3.51761524369483,0.20026134254496,1.19815467161627,0.171348808107061,-0.659587493569592,0.0514634418420673,1,0.0707324887170104,0.247577745759427,0.700803052635418,0.130863203717751,0.873694312710581,0.0907952388895043,0.687750851407614,0.0895494262689068,0.779928220332435,0.0793749836313647,0.869688965475081,0.0826500676240555
3.06646398954703,0.164705949918416,0.930020082337488,0.125004624985951,-0.610559898313252,0.0497050504272228,1,-0.10318411643192,0.197867183660929,0.770427623191412,0.0978075607643373,0.6489740953745,0.0808583727103684,0.450175478848869,0.0885949801437926,0.805336242917238,0.077763278887529,0.644333271924884,0.0864942292499559
3.22521145489264,0.191851914998937,1.07243531364508,0.156463375429063,-0.597780841109569,0.0587519392085682,1,-0.313125226132532,0.24154667240552,0.78568618584179,0.131174978445293,0.680424258290999,0.097640764446048,0.71797779093481,0.0816096549937883,0.765183127528099,0.0810221249195757,0.722632071669521,0.0817680836511863
3.21563467135117,0.206208743633429,0.989518471174828,0.150569734312977,-0.609918146570742,0.0613817206153069,1,0.105071960263018,0.22528766559539,0.629353993555253,0.13396840671461,0.707676425557584,0.0934581220149792,0.6755108328936,0.0893749511470875,0.721002358902729,0.0927768012877733,0.666160108606771,0.0955353443570794
3.12383248374551,0.185023903019464,0.911955251497385,0.13797174556759,-0.588107313111845,0.0627765574542444,1,0.0838801822499562,0.219222342264966,0.592867636207038,0.130038363513213,0.609164658902359,0.101932773922093,0.855151078565104,0.0793842569606886,0.521785985062383,0.0905673462915512,0.749562103627902,0.0832585792122261
3.07196685655052,0.190588753868548,0.898968294712909,0.134341698478713,-0.600573424695397,0.0587912905625531,1,-0.111449907120335,0.242037085154206,0.578791612443112,0.143670067830189,0.798819436003468,0.0990286714351079,0.625534263771761,0.0916695061566017,0.565398652875681,0.0853181870424786,0.718642844497574,0.0848934554056879
3.24851420514795,0.195989047428103,1.01842428867363,0.150587732621586,-0.650767751132779,0.0561951652621746,1,-0.228363542943865,0.248887561660183,0.738720371866903,0.130071731534657,0.69674582463086,0.0987719051964486,0.695571285100578,0.0881702454429489,0.68944174324563,0.085304038054267,0.733807412280426,0.0842514327454564
3.31641041823857,0.20625661499754,1.17805831643459,0.176436504267844,-0.503545888141218,0.0713494774840436,1,0.258532774921591,0.196141857043769,0.734780752488237,0.101632439714129,0.691462064394193,0.0962824693482036,0.749494136290463,0.0894226519495233,0.630199508001915,0.092237441477651,0.718215173717663,0.0910871008719946
3.44022129634505,0.217461981551686,1.31647832205275,0.204860975352172,-0.658441381374083,0.0540558093537664,1,0.175824365713034,0.30056878090558,0.556532819440769,0.163303569434567,0.78981451729337,0.102877393426895,0.859664899472242,0.0890653961336279,0.710537411253579,0.0879577686487257,0.782648523489072,0.0895443412401697
2.81368378774856,0.165440552598108,0.763589653819761,0.107838438604309,-0.498248174885386,0.071906035294827,1,-0.166519181129017,0.225545578622066,0.659021070793948,0.123813905462755,0.590163142207549,0.103775904886685,0.575885347015167,0.086212481575803,0.654561427585503,0.0793890490916627,0.665244403237029,0.0751705815711463
3.21230806241453,0.206876327321313,0.983889528897221,0.15783784842521,-0.565682794245445,0.0673903053512834,1,0.0360882088791375,0.254983534060189,0.707011413531495,0.134710171080494,0.793131455343978,0.0987293225180127,0.723742438435898,0.0899613350798887,0.497807273937463,0.0978309079441219,0.890707196051162,0.082501100905477
3.32645973741826,0.199868225577872,0.906584063169365,0.144968809087452,-0.521109555189392,0.0766051672952064,1,0.148668647414963,0.235110606354144,0.744334367108388,0.11938980840488,0.74170288571303,0.0968984982434431,0.600520359514282,0.093798879077843,0.709915751649745,0.083136992893043,0.589495778939833,0.097295368148495
3.03541260737065,0.162182126998734,0.855298437423634,0.118397679232842,-0.594784004445331,0.0542838420566186,1,-0.281231031775307,0.219890433742773,0.823138338370563,0.114206721199476,0.63207395838483,0.0986204791601276,0.679095260168771,0.0810318214841417,0.670378519874164,0.0742940106162237,0.642594656271493,0.0841812961271931
3.01877969166363,0.189200419378336,0.935542004043282,0.147465207888763,-0.58900279090503,0.0647545581550133,1,-0.20412425817735,0.229421564391258,0.742785091402661,0.12072439076875,0.575508833198398,0.102243418998658,0.65827139250638,0.086267339379144,0.665313073022574,0.0856556339576013,0.592506677601784,0.092768587266023
3.11996175806982,0.203510634218906,1.03190019817784,0.160132570646094,-0.572902365373158,0.062967469649143,1,0.00787481671817918,0.207107732679343,0.640787899212922,0.130489778186342,0.612181358576905,0.100016796475756,0.787860452808178,0.0918146441776787,0.683923295971458,0.0889443087796716,0.520479304970978,0.0934721957776997
3.52322913192697,0.234716911410257,1.07938117511711,0.169906421328404,-0.637870685982393,0.0576782942700919,1,0.25429293344938,0.268503032415959,0.695382062550196,0.141696444513235,0.855709861253417,0.0929119370101845,0.626711074977632,0.0939385638563766,0.771547619095167,0.0919491116618655,0.760042422357456,0.0946854084999239
3.35384642850115,0.189043587894656,0.948516147915291,0.138146727511306,-0.616688879620128,0.0531287147823536,1,0.0342908026333735,0.242337653393631,0.691934621733434,0.117951353687129,0.82601992679402,0.0896156274109948,0.759603744399434,0.0826697712051686,0.692007770091065,0.0845037396889569,0.768319473312525,0.0864550375991837
2.90223828416833,0.177144525340944,0.953640983282282,0.143018658741097,-0.528420082820527,0.0689446546595159,1,-0.0541494060249312,0.193168668755563,0.757619457937164,0.107638576840455,0.454576458391001,0.0980320703040374,0.663640105468198,0.0826458879872228,0.615740699071394,0.0835364431974242,0.648243316553267,0.0871133861063147
3.56854087615874,0.258074699672803,1.21825703746753,0.201377120439601,-0.69557392710882,0.0523913909265065,1,-0.0563848518046403,0.266318309992555,0.728338385332664,0.14290588348594,0.814988707992573,0.103825162932799,0.90366344691521,0.092859595716117,0.726349642184835,0.093055913889178,0.787338131299408,0.0956812167533128
3.32485414260568,0.194044926131727,1.10603896704572,0.159264757357099,-0.591198205593321,0.0621943683732976,1,0.0415489660723156,0.237120681174536,0.702432675477175,0.127306096851438,0.654781676150018,0.101115539027697,0.716777860499109,0.0800061775486033,0.912691941147394,0.0806831109297616,0.693920036399485,0.088389292679165
3.02610382311805,0.172443735569597,0.762215312071734,0.112246034068842,-0.606238478165964,0.0530779204012423,1,-0.346920881322425,0.240398881233909,0.714499587733654,0.131432838163578,0.767141724235943,0.0904941572416215,0.653212760044876,0.0843170044888761,0.695584054619561,0.0814988102346325,0.669990303616767,0.0809097131438942
3.31226362185228,0.186257807275064,1.0026256163725,0.144842834634167,-0.612114605143926,0.0518600040963463,1,0.190490753626473,0.226804241996632,0.652114868849509,0.132136750997744,0.788057944976659,0.0950439677419257,0.650371049937507,0.0895322968362523,0.731704473716728,0.0813070311678555,0.768067641716705,0.082679611501299
3.49052680087466,0.233697967560147,1.21911211334646,0.19489331047794,-0.640691234603902,0.0630872239046417,1,-0.161092484577225,0.235860693858426,0.894423769289849,0.114147114793833,0.756722356530007,0.104267837598671,0.91552477042171,0.0883470645130372,0.685280677274964,0.0938644777762294,0.850013146162878,0.0875238528969046
3.15820608162689,0.190744040450498,1.05738722429662,0.155735851728748,-0.635738212477994,0.0545476883262111,1,-0.0720245639662815,0.256893838721516,0.732490607941207,0.128777744435199,0.644066513304996,0.0964050974447578,0.581028181708506,0.0874026590610926,0.695614262851818,0.0850197654818489,0.81735319900651,0.0851622036255203
3.26325401355414,0.190036536766534,1.05364030273131,0.155608673323658,-0.530350539783478,0.071546336525952,1,-0.170949910456082,0.214252000444081,0.787193905395893,0.113070115201961,0.85612499885808,0.0884588069355528,0.623275680822468,0.0937256065429883,0.649281299044703,0.0878470645740277,0.692562885352683,0.0907289009931899
3.14137398419973,0.171125149152335,0.997759287252364,0.135154220828728,-0.508419090998166,0.0715033839909271,1,0.102030428625462,0.225462376690181,0.56834578288227,0.129356320315077,0.715909190621801,0.0853550174677349,0.659904512090038,0.0866216059781935,0.668456616612472,0.0816435220811504,0.707068431676825,0.0788260252096551
3.22334676951735,0.205283752014342,1.05958612217452,0.164009681439268,-0.655090318641936,0.0493689316425507,1,-0.458965596608503,0.285873620168649,0.800176294321626,0.135496505870583,0.812092770712821,0.091328006909732,0.781353089386846,0.0871766072064905,0.619511543295439,0.086511761571612,0.794010461716421,0.0851892988482985
3.11324079771425,0.190458969539985,0.957888677548453,0.146522544312963,-0.631925225953228,0.0507221573343325,1,-0.0983325975638635,0.207014821723554,0.621511424760986,0.130279276992713,0.732337296276683,0.0961947868112577,0.670370009875906,0.0845826898057688,0.711731393976626,0.0810303500645398,0.6249413015199,0.0895842340419352
3.28230675207378,0.198840948455411,1.17995637488846,0.172425511186052,-0.612261020359988,0.0569164880188231,1,0.151921269170137,0.196674410064141,0.723117362432014,0.108478564136271,0.584594977285241,0.1013163169439,0.738809681447757,0.0893716798804405,0.801820143243266,0.0804619537043892,0.671624599359256,0.0871837252870577
3.46787550899007,0.180608772636371,1.15052187349627,0.15052454972008,-0.65850967277901,0.0455901869574619,1,0.207043794018611,0.197941881617917,0.801266847829787,0.115716454294764,0.67000067035063,0.096633054665884,0.721118224085316,0.0786344182315526,0.828537718775319,0.078749841991503,0.72601970164217,0.0905733571666419
3.10397800353765,0.178501873453469,0.855938732818985,0.132804159515548,-0.570580414134763,0.060473267907816,1,-0.15485234025805,0.244819752701705,0.65329303028361,0.126337600731047,0.718472592099368,0.0864631654875567,0.776244128946057,0.084754625994013,0.661290651784776,0.0881205112122212,0.643036694786724,0.0857357747804703
3.34565567466552,0.202576369299909,0.965391388129348,0.142599478759867,-0.606429744068591,0.0587336086518595,1,0.0110647144270224,0.205399118913003,0.725819684565066,0.112059278145705,0.837408052068973,0.0938882169924495,0.703586382050623,0.0864935789719187,0.743521050646277,0.0826129844641724,0.751901719631973,0.0952065005662516
3.0461008251158,0.182694673508875,1.00551714966173,0.14282490730158,-0.613316502996867,0.0554435184583777,1,-0.245483312520506,0.301116970347921,0.673322020630306,0.144825698536444,0.749453929892836,0.0907694327222939,0.626364764062161,0.0841473139147823,0.69608666972496,0.0874321638807639,0.736583423463442,0.0860319787131749
3.10467251583058,0.169698467269746,0.837356579314193,0.116568728967045,-0.544666895672065,0.0642763388193879,1,0.0845049609828264,0.156744435765315,0.635037163905039,0.113634994649226,0.650111529398772,0.0975258584167807,0.652800605221819,0.0871100949327234,0.726960366471164,0.0802732901794547,0.557815279256123,0.0884656943285053
3.39040030125952,0.217804077998103,0.918086452127201,0.144702681602604,-0.627334122857229,0.0585643239593297,1,-0.281257845289701,0.258407251484127,1.01563353085432,0.112645765890897,0.540053687758018,0.113606281027654,0.836550732754831,0.0922397497118835,0.65824829995448,0.0889479630146097,0.733891393700827,0.0879654253376526
3.05803501553744,0.194574044942823,0.969507559579428,0.155080349315943,-0.513206399064819,0.0710388863979744,1,0.0381663212381674,0.21596186959855,0.720545143117173,0.118822493910405,0.600900545996364,0.0995279300886887,0.563043603772516,0.0933237097725217,0.570926590811689,0.0903527518917283,0.777901966827039,0.0838215972317714
3.14633558265428,0.177181734619708,1.08816111828762,0.15535790829136,-0.525356605220972,0.0679003437997461,1,-0.310980151936478,0.216088907893117,0.821804723214594,0.10606415336031,0.666656931739193,0.0871745098229394,0.757110805616724,0.0829990043177282,0.646212325730043,0.0833019675563864,0.694272377696084,0.0806713650993403
3.44256962073826,0.203451572120538,1.18391313475906,0.173950897071781,-0.514373849907014,0.0781498885283481,1,0.347689462118173,0.227067359125946,0.698777901383714,0.123142532499936,0.675830379075032,0.106550246366377,0.72555653685835,0.090435524864747,0.668046344179354,0.0807546881298134,0.773496423965974,0.0813543881394075
3.34963489276275,0.184516150603852,0.968609474202306,0.139246938102723,-0.626728087894354,0.0530088684375434,1,0.0316070355250576,0.212089735141916,0.68705083854242,0.11707753447912,0.895163734936592,0.082463955277478,0.641937407597913,0.0854351736905192,0.736421221807298,0.0848968176553455,0.611344787846919,0.0888744056054252
3.33997285008153,0.177102782977811,1.06785116462315,0.151882919845739,-0.572037136020356,0.063982724578787,1,0.38003646976145,0.212861646033155,0.628250909407434,0.126751226118184,0.638891113991696,0.0993284298187418,0.679209750543708,0.0840639796626341,0.792502210452762,0.0796713280583916,0.664278185959578,0.0844928737956344
3.02160219251538,0.155282945923479,0.9225339676114,0.123695429469103,-0.542948921528317,0.0588536661531569,1,0.0651466646023972,0.209342169379322,0.657054029195051,0.11971396353317,0.64810292623627,0.0926724403953851,0.645571125148742,0.0781131850770238,0.677309834871483,0.0850500734152065,0.748644033037621,0.0819127575410127
2.96632748953257,0.183553577448368,0.948410665324924,0.14119219410516,-0.596840599833024,0.0620846265303903,1,0.057359414914705,0.202341365351326,0.537236126402131,0.1292992219576,0.696733872761176,0.0925250856587299,0.602756829054256,0.0902062548554815,0.671953060780519,0.0884898608931889,0.577140344845537,0.0909662062725739
3.14115420203147,0.173358091355096,1.0192706345073,0.14214122598255,-0.572755190663615,0.0604895209530708,1,0.128097811650722,0.17766760781292,0.723012067531686,0.0942355761885966,0.639165592528413,0.0878004926663198,0.640088869256886,0.0867542880671352,0.636459625599777,0.089607210222892,0.608468802110753,0.0877242325893802
3.3615323390733,0.194227696943413,1.13552540787184,0.155310708110196,-0.653632545296297,0.0545613624978593,1,-0.450487075588547,0.259714683946991,0.9655886012283,0.120435841640406,0.754835858039687,0.0998743981232082,0.691903121026733,0.0858410124267042,0.761164805853163,0.0840430534955391,0.591818280129358,0.0936164383986107
3.38089928427178,0.212324095001867,1.03010816616664,0.166401693873317,-0.535593701482795,0.0758406039929016,1,0.0579949456011425,0.198625812422626,0.678250138572296,0.131287561552254,0.743848570923317,0.106331579899879,0.753779566866182,0.0886304093135164,0.615136680430123,0.0917455774549281,0.733404485339726,0.0911167307629793
3.14493428408397,0.185425552779751,0.941658342224789,0.143116129474142,-0.538130794603468,0.0660687383369548,1,-0.394835110350926,0.2727458995151,0.884630611099507,0.127141003483295,0.632626459117206,0.0947881877634132,0.626315029718347,0.0880691386610384,0.723877812111937,0.0840212295930309,0.6485156309797,0.0871647751956489
2.84182263763878,0.177393429287359,0.787261409930245,0.120337744800256,-0.583501534553945,0.0614148137665158,1,-0.330117283460917,0.206481952638311,0.582115919779685,0.133558316726284,0.695119391141919,0.0935724395069297,0.708226260825228,0.0851317773184097,0.649067029546269,0.0825708643131763,0.569217624085018,0.0886371033339743
3.38193213799594,0.200917834198302,1.14543771896282,0.167322758128553,-0.655485188877687,0.0524762901754663,1,-0.186544894964473,0.23116134471626,0.864727479610368,0.117315123068,0.598787664379949,0.107035665684634,0.833808291083087,0.0883008973223307,0.728222913387107,0.0819578096413411,0.677697341216714,0.0866401067023724
3.39421395441376,0.213680458245791,0.995684701611092,0.154209464032551,-0.626945792013936,0.0575076820268544,1,0.302648737106563,0.265548388069848,0.55171826994419,0.147041051822018,0.747483932864653,0.10381766534645,0.80971193317501,0.0905819394668498,0.689307038144636,0.0950956094475693,0.684871868960635,0.0890061312497304
3.19762251679207,0.180333914176323,0.949573401011566,0.136593184025319,-0.632965188746336,0.0554538720172246,1,0.0954542896524647,0.204484637208508,0.689051270751273,0.117208738505421,0.672937982895351,0.0961274221292609,0.659097761226453,0.098449674797212,0.752530618343991,0.0815964456251942,0.558978372802751,0.0902640200187125
3.59630130734762,0.234679222520265,1.28755174052731,0.210593615763613,-0.646046585122797,0.0537396775092267,1,-0.0648108292310864,0.236321789175457,0.863215135645086,0.128062686829541,0.679942443590325,0.105122347517889,0.81251428643759,0.0877441190003503,0.693000943704122,0.0952828940420662,0.880542059353659,0.0861781342086925
3.19110149112443,0.196355631654664,1.09396352225276,0.160910312622402,-0.519481493873618,0.0692340711881176,1,0.187659503409633,0.242880010986017,0.603111877128381,0.133705273103597,0.700433112891986,0.0916354602622071,0.663234967404676,0.0894335401508058,0.716333719312955,0.0826916824709314,0.562885443229286,0.0941152713617065
3.26856409990355,0.204571956374839,0.984503811964548,0.144088198983068,-0.592723930364987,0.0581310197678677,1,-0.114373912339928,0.211591803427585,0.836514182104473,0.104657815748152,0.63866711519304,0.0950294770351479,0.599720315515726,0.0933905359804995,0.638115600925864,0.0951131575530263,0.800072544158585,0.0883762056809871
3.23625972775232,0.180684276063691,1.14776950872878,0.16509708781739,-0.605375510145158,0.0550716041938508,1,-0.200753055386867,0.255807912594294,0.777119901600192,0.124852461019211,0.706906262103159,0.0856548152570407,0.74041162741363,0.0806590774799679,0.691749396965429,0.0868837117465661,0.694908172174732,0.0864262041221078
3.03899531971601,0.170161812315726,0.815335142496667,0.115092267387818,-0.5531654277473,0.061759385910252,1,-0.0805596489767837,0.232998254537994,0.54839820720326,0.140655479899357,0.752734334936393,0.0903102866378653,0.561682769408693,0.0934400875492106,0.731380156261915,0.0797309079034279,0.694224756365491,0.0836539191438776
3.20443668448581,0.182176689328211,0.965742433107119,0.140876514211198,-0.608520044714944,0.054551967732749,1,-0.0320218016167439,0.244666078227349,0.708296755128528,0.128725356904222,0.546441067859792,0.111133024332169,0.671964992284106,0.0937156028716825,0.709561889890423,0.0797061090040838,0.616689968084308,0.0841044995850059
3.19336886396187,0.18893754892128,1.21019549413173,0.172994024001918,-0.546408128389642,0.0611188919978397,1,0.310367504348783,0.214338853379529,0.479136288413956,0.139069089373816,0.753342790612589,0.0894524210605858,0.746360815125976,0.0837020745411291,0.74564146859285,0.0830827802431905,0.801208406108847,0.0835478056113313
3.57865682357903,0.215373351251828,1.49315263832744,0.213091163724521,-0.679871454565773,0.0499405074081765,1,0.263546716265176,0.231032282476267,0.74498950740514,0.12764548988795,0.850468435819509,0.0903200197426561,0.818656557191073,0.089929873478143,0.77961349844401,0.0873830842716039,0.90455695761662,0.0842899515559345
3.09505602244036,0.170445717917148,0.89118324696248,0.124390508365078,-0.609752117178908,0.0592179509372337,1,-0.0308896992684607,0.220865334434455,0.629896217482425,0.121226718884573,0.690523007855474,0.0876548655280211,0.664443765251403,0.0830177238816831,0.662551416651054,0.0821288576080599,0.862938408326219,0.0801287278950482
3.29131143020741,0.197817795065739,1.06498214306822,0.152453510634575,-0.62311625125503,0.0528407888842992,1,0.189851991612412,0.19404273607968,0.369931073767586,0.141909582421913,0.890315601658932,0.0900710514312379,0.718147778723795,0.0831776899617294,0.740925717812976,0.0821027990416291,0.625558354580987,0.0884753174886206
3.18995865267304,0.16340087225161,0.972302249147508,0.125389781668577,-0.60908801942935,0.0526241229468356,1,0.122697679885114,0.20726212297299,0.638713170214338,0.116355327707662,0.755755207894929,0.0815512724654963,0.675912624155733,0.0795018353077979,0.62299248415228,0.0823028571508269,0.741055049391704,0.0802675489571232
3.14462483423204,0.197491148169632,0.922806492800935,0.140919942669859,-0.52346483000831,0.0778258089867825,1,0.039743396199317,0.210693908237461,0.770348127602223,0.110134911072042,0.551512645846344,0.0973456353246955,0.650433839423774,0.0911216477968892,0.597053114282344,0.095978749245458,0.67179228908334,0.0950703974887864
3.11510213983688,0.175804268258519,0.911217991770977,0.127902831627084,-0.571531552948502,0.0598485582065871,1,-0.205181869032273,0.227635914747197,0.737440889305765,0.118539183157978,0.64103999870956,0.0994219142030874,0.720187162180253,0.0836921713410592,0.673734968160656,0.0799260034799263,0.650796909779836,0.0815019282164876
3.40700192158298,0.193830093765277,1.09911543956224,0.15287020148661,-0.600299208780804,0.0534351394297293,1,-0.215471267081185,0.232790861663802,0.971730778631493,0.101834339896247,0.608894653428394,0.0953284475234278,0.81475710637698,0.0781250948031603,0.666550555905132,0.0840370895226141,0.778297115950677,0.0871381484828903
3.27159000243215,0.211877370882741,1.03201306996998,0.158319554950244,-0.600366384168429,0.0603603283150439,1,-0.372764148496549,0.206634677561874,0.89213833709846,0.117629581822298,0.715095153221292,0.0973039112750631,0.642433311416055,0.0890513756394817,0.735387984489024,0.0893530331593514,0.71541015207833,0.08578624492476
3.13011744406527,0.18877595568946,1.05690945524801,0.15254473702538,-0.588420486404025,0.0601900802645474,1,0.15961986905637,0.22929446886087,0.709436751803114,0.119076345250114,0.597970985453982,0.100816997691955,0.574225663714917,0.0927902623117336,0.762943823473696,0.077745583137389,0.770392180276015,0.0852877193473566
3.18593960029581,0.163743895169581,1.03484520263059,0.143296551987033,-0.680269833157494,0.0434222202400624,1,-0.383993854031257,0.281100334053036,0.711185436551987,0.149373179364471,0.960003578631186,0.0776784664078202,0.540294304502601,0.0853033197681336,0.783004715159547,0.0803847432322959,0.846935151754251,0.0751511906855436
3.14234365940601,0.17248874347209,0.785350710567844,0.112123784661407,-0.574417604408064,0.0648420920375042,1,-0.0697625982411732,0.260997995292072,0.726826878200538,0.13096062825854,0.672859271398145,0.0959377329090615,0.726752267198175,0.0845471527047294,0.572331317765562,0.0901373376748763,0.619877967763896,0.0878327165274446
2.96405886138973,0.17917044237066,0.930470384125428,0.13370189198617,-0.636274366063668,0.0529258886130032,1,-0.172268018251705,0.223019145799982,0.785860310026097,0.108518562790498,0.603574633784538,0.0882746814028274,0.564091609071742,0.0925887186201374,0.621819637600397,0.0868477266973225,0.602228168769797,0.0897721279300391
3.21693232444456,0.195756032222272,0.909366899960977,0.138424686102144,-0.61441542406124,0.0599153223749066,1,0.179251055008966,0.23595897788321,0.655312111695639,0.131954930890375,0.489359844601789,0.11006631150662,0.817796440233507,0.0864565170176463,0.685337807849121,0.0883913100342368,0.755781614401818,0.0828551785905114
3.29333182798223,0.189583624368811,1.10510178050562,0.164628396207067,-0.702856096906682,0.0404715702322334,1,-0.350399744488193,0.238567161160269,0.875186406160276,0.128070751066629,0.609064223620228,0.0946977464751511,0.970646864410487,0.0793057697883109,0.606905271841021,0.0868120191446306,0.736121699634067,0.0782668549782279
3.18962157656362,0.188577692544467,1.00269119543941,0.149763949945922,-0.470432019363225,0.0781198496020444,1,-0.0704721095917699,0.209336701156467,0.700355727821672,0.111486535685104,0.663909412778508,0.0996165715540556,0.631159036112414,0.0903345833210652,0.687451285952265,0.0803615300676351,0.664470489220307,0.0866741128206701
3.08261127817144,0.156026304437955,1.01772654856961,0.141449048975116,-0.651817056964694,0.0453586393808303,1,-0.51292462784582,0.262737953602396,0.851337636037676,0.122137593446925,0.756021924899905,0.0899862375231765,0.677723644215962,0.0828986078975021,0.680084957063604,0.0858447670800744,0.685441106855224,0.089254321568523
3.33367137656781,0.173384175824958,1.05891423082285,0.148007258536308,-0.666367915412241,0.0426745568698024,1,-0.142565397621576,0.2274584866776,0.903364920732986,0.118549805679798,0.607557967730991,0.090763463159919,0.760535605736997,0.0800238689484735,0.804243645711185,0.0754080188787729,0.68708104173085,0.0847608198449281
3.18033399343843,0.201724622769953,1.03491474958571,0.161617138591925,-0.629506642759364,0.056284999153706,1,-0.0326488520648444,0.25156775699416,0.489571382536567,0.157782413244332,0.735935237828823,0.0935813297136479,0.825146626494687,0.0836089276700055,0.728063914019354,0.0809158651772972,0.72119409808416,0.0856637668639468
3.49133039805573,0.204622724648919,1.21701585734332,0.175540900883968,-0.664182962313181,0.0485060096274643,1,0.387190878797608,0.201590300021309,0.667216151273959,0.112377488123974,0.609537017872282,0.105076394856739,0.850445546318025,0.0858793377945296,0.693510632607797,0.086715537737786,0.874997353261235,0.079712145523082
3.05607462189663,0.17676756822324,0.82183875903142,0.127743461058676,-0.497058092726685,0.0692389955520782,1,0.184666756382116,0.200700184299438,0.478171456308874,0.138409981645568,0.647430659245465,0.0942581962565486,0.62050050655903,0.086611791233854,0.725172702411271,0.0783619072767243,0.654944977081143,0.08485990858426
2.97935594908961,0.172675616821769,0.914573864557424,0.130578189293469,-0.563835109757327,0.0573532872985396,1,-0.0709620014559194,0.212331865663074,0.699412519597963,0.115307320350602,0.681694334205954,0.0864399080800161,0.603596182266555,0.0818463955605101,0.647756989204765,0.0859189561186414,0.614442688835271,0.0865274535288118
3.03264696519283,0.198659073421053,0.851040944960118,0.13300281405457,-0.586883803735363,0.0638172301752903,1,-0.26792186385829,0.250540833477623,0.641270286340605,0.143187008284394,0.727865084983637,0.106802241110556,0.641276132663234,0.0858041690928626,0.64331889666958,0.0867390201684746,0.570270345605626,0.0973726902137188
3.03526735596253,0.16598405169392,0.820454390315092,0.112526866774683,-0.539994821395363,0.0632654480529093,1,0.359650450980787,0.177427803522118,0.5268458415974,0.120429518354517,0.469733781822515,0.102875720847693,0.745582992145641,0.0853817783231112,0.538737296215182,0.0904027296374961,0.66315761981104,0.079323477129016
2.94768772574982,0.167896789577876,0.912198763204921,0.1288206939946,-0.489020377670838,0.0730549324696639,1,0.238180097274274,0.163132361836512,0.443433759118313,0.13074856005963,0.594714643157112,0.0938584652325006,0.694000442278968,0.079649852269739,0.719538044530959,0.0822201397084197,0.536373575893209,0.0951021245459073
2.94537035935211,0.179165307631071,0.8764725594405,0.144296263193169,-0.506320968623946,0.0778731298791709,1,0.213435017853854,0.180308905074825,0.463855672196335,0.120967457490828,0.618808553318692,0.0889436269818779,0.639452843063436,0.0889937606947933,0.468651423293824,0.0950875416062203,0.641864479696745,0.0930640317648434
3.12368601672356,0.185406622921373,0.896243436990204,0.130890408802305,-0.481218489823187,0.0725677790228529,1,0.181437289647891,0.235617805046139,0.66851444981584,0.129972823354656,0.633837694677837,0.0926255069878802,0.503910435035844,0.0952191728949633,0.627041557509382,0.0848251263339598,0.71221747635431,0.0843262165361464
3.23275970094691,0.182138471317446,1.02992866343614,0.148777191542003,-0.601809971901206,0.0511746396768374,1,-0.185774590144066,0.231172259593275,0.787787304985013,0.125120400258441,0.647654325448452,0.090342626621435,0.630211871939504,0.0842452139004208,0.685106637277132,0.0855548700356206,0.752264718934409,0.0832230989921366
3.32423177325394,0.21197340591326,1.07924182775701,0.167978463611924,-0.642152182086227,0.0523888248254321,1,-0.0400605471807987,0.200652187982023,0.773568924639582,0.115710170335671,0.633478541105301,0.104216876083442,0.799894822234432,0.0897895535849129,0.578057866492027,0.0940139709718646,0.85798803775918,0.0914912462530093
2.93342263030785,0.201513248393271,0.71988839919518,0.119411824086512,-0.621422089586723,0.0594793538711343,1,-0.0257653297426775,0.221741458007824,0.718633689456209,0.123495929609645,0.588958354956051,0.100509986433973,0.622440105325831,0.094110940915197,0.642515619141839,0.0934992144304711,0.688017636205688,0.0956019411318425
3.35314603429326,0.197319007412631,0.939398545106483,0.139587823215709,-0.579741260761865,0.0612582591616862,1,-0.028755334633044,0.284502110299117,0.768460815676196,0.140043837773714,0.783677412424891,0.0891368271420088,0.778755323018905,0.0871847764110656,0.575977248264906,0.08545934220782,0.788936781787644,0.0841612046294926
2.8372591894681,0.162772037623425,0.827500433595438,0.118968267195967,-0.458831583609953,0.071703543826611,1,0.371371276043999,0.198722360354149,0.448473057713455,0.134544596046867,0.412569064991464,0.113364198041485,0.643443874399502,0.0859948717007743,0.605808171717204,0.0825714742949413,0.703557578310713,0.080302260383897
3.57063855822764,0.23446310923894,1.0680355238202,0.161926531846285,-0.697855367580124,0.0443379197120235,1,0.132098673952838,0.236111829522825,0.737939854208688,0.122887542239665,0.791098368263551,0.0926019558834529,0.749148201176226,0.0944448492239184,0.710064593716157,0.0897368575403205,0.908615820361629,0.0919524396732911
3.28074096437745,0.20502384384498,1.05166022458885,0.162851663931512,-0.542982124673576,0.0798801167350984,1,0.558893592369634,0.243995440132863,0.61810610937987,0.129996527936658,0.692674448293453,0.0916477096295902,0.721787068736574,0.0854592555756804,0.719393635553977,0.0929295355994718,0.605690058416941,0.095989314718946
3.41512991523781,0.20834537464151,1.24248672090875,0.191999346053558,-0.503047582790673,0.0839579452718516,1,0.176571724209852,0.22890227306142,0.78222014510775,0.120345913473545,0.617139335726846,0.101799430568221,0.722748611162971,0.0924885585126213,0.754136663597364,0.0810820960315629,0.718830386109909,0.0920606714738287
3.26698813986669,0.206272482721602,1.0328453878936,0.160936575843679,-0.631299634595953,0.055622276148051,1,-0.123422889068709,0.266375674384334,0.732093822885859,0.128703413897531,0.751435732658372,0.0943231963315638,0.789933193855838,0.0867600272197127,0.710255145191124,0.0888812094384898,0.633478072313499,0.0938433178831572
3.04222629298659,0.178077094035356,0.850812471911675,0.127203399471144,-0.637688707980494,0.0543529422312874,1,0.213681620956209,0.26316298964035,0.681580322275323,0.128736298192416,0.721493483880463,0.0926662806474743,0.619559740871337,0.0859116201659044,0.544272370584005,0.091148266948689,0.670068642627252,0.0901552873982778
2.56347763153304,0.149297630817291,0.656967063940607,0.106060727661243,-0.464867933006372,0.0743596322063422,1,-0.202111865838962,0.208003927259652,0.629221168429035,0.125879448430288,0.472707308621817,0.0961855473502167,0.50104488449152,0.0934681538045416,0.416163497642981,0.0904281619615654,0.554452744322892,0.0786795493813245
3.48880680952962,0.205108935076962,1.05674070592551,0.157967494357492,-0.59573251882223,0.0569111329549908,1,0.216465152592626,0.215467962395805,0.661475066523056,0.120798876684224,0.778655621038958,0.0971898261517951,0.753159232352969,0.0858530691381697,0.832704895761123,0.0823431337940487,0.816609895938235,0.0856080503816358
3.0120993038504,0.189864848278038,0.987584028820587,0.152333842709973,-0.492952446233324,0.0794300850102415,1,0.353761020416596,0.216549157409191,0.515922820035884,0.129085866133356,0.758868611753785,0.0921616564521395,0.477740704435735,0.0991609735350966,0.746463472167589,0.0835930134760439,0.67751034211292,0.0874469080673768
3.06213060559341,0.15791089191271,0.871531743020201,0.115363609718911,-0.637079815234623,0.0474407202432859,1,-0.380155351617413,0.231948248781457,0.737556644584604,0.12097657078304,0.67028078799057,0.0856595509033118,0.758877402423102,0.0800895530054013,0.692983858674238,0.0724221166031501,0.326967119176404,0.100231736904686
2.70321078170722,0.168652451346178,0.693817007973048,0.106327203501866,-0.520169415688163,0.0684311180783166,1,-0.0162451122639939,0.215068937665326,0.60787881252992,0.117083806863776,0.493180446188125,0.0964266244965423,0.601811535883279,0.0863007696165399,0.611308798618715,0.0823863458664883,0.558242882948159,0.0882416590294106
3.44403816507603,0.201842710463169,1.12094906158689,0.163419589140737,-0.655899049661643,0.0500280320340888,1,0.0783394999182689,0.244174226575879,0.846053571236986,0.112046120559142,0.724713013351733,0.10158442253414,0.730012248133838,0.0950993427304327,0.918377354045934,0.0837779854189577,0.789333497290191,0.0839990229354678
3.4485069852239,0.191129946618283,1.18205743252122,0.167591475301698,-0.622244988506169,0.0552809546708993,1,0.114293767265588,0.228304085604033,0.638949208297926,0.124788003214045,0.842904993796931,0.0837003855187787,0.643050872632009,0.0891044963053178,0.747644892951356,0.0865564142855244,0.854421838561089,0.0858254839831823
2.90675232618882,0.155495532514287,0.777342546778158,0.110717826292514,-0.521957895515168,0.0652272694400736,1,-0.273435649571535,0.219705807159546,0.683633382672313,0.116161557830413,0.588336856571345,0.0930719396234752,0.664242529921127,0.0863014685866586,0.588114619614052,0.081039882812401,0.630441920669425,0.0829263289029191
3.49515450837525,0.19788233164019,1.20376577918009,0.179976601863396,-0.675221909581133,0.0483677393421825,1,0.496835689818342,0.202223997533977,0.503393793087536,0.126766696757587,0.762527339094176,0.0906694291457785,0.702639169444381,0.0896831534666794,0.929656604412275,0.0812348162187536,0.677705378143175,0.0916174093000702
2.87222504438254,0.162423853253662,0.809284618415754,0.115681280170643,-0.500178361147217,0.0784147362398723,1,0.0941492488497199,0.207798399974203,0.574773090108701,0.123250762814579,0.549008864305063,0.0946081382529964,0.607240809800686,0.0876000778652072,0.528613236233232,0.0886575187585147,0.53454101818834,0.0856329163421427
2.97615031152734,0.169632477139504,0.777626872129969,0.115153989085115,-0.603069024125675,0.0523719048418157,1,-0.241572628724687,0.216472487923467,0.706362015215158,0.121654207589025,0.751067380802756,0.084916379691373,0.705414708356464,0.0807632487048762,0.619038694734615,0.0858249699318977,0.596643111879297,0.0849535258222245
3.00420518313767,0.181589577423776,0.897323048262505,0.142362997318726,-0.535120453782149,0.0664033728075154,1,0.113183786768437,0.180397352997687,0.595392662710878,0.123255660029443,0.523278482290936,0.102441786491529,0.680531706618984,0.0829776397115555,0.603798463673996,0.0911080542104021,0.604216183975917,0.090533714933165
3.18545689732021,0.204017185562801,0.993795216669374,0.149934188140443,-0.577966095063546,0.0606126066202917,1,-0.0295917743591468,0.208831304500339,0.6893238470573,0.133501291730175,0.722905745512198,0.0962475173558821,0.562229921726926,0.0995968295432203,0.655142132453059,0.0897050659500343,0.692564448339951,0.0867818062841259
2.99472306346293,0.179895431533494,0.888814548677705,0.139173641559183,-0.620686962728107,0.0562187874064583,1,0.193842758264369,0.247752410809172,0.590413175476075,0.134111002329461,0.601049034729813,0.0984314523734117,0.512130294466632,0.095220022313768,0.68355179836321,0.0819866013373823,0.627887363594315,0.0815202433428258
2.9594399051998,0.172279483625529,0.84077447500447,0.126432256610184,-0.583896607443275,0.0638085262924938,1,-0.352999923132177,0.236786589711837,0.701200997897115,0.121170722264116,0.650326167393175,0.0979441460708908,0.666379974313805,0.0825967043371754,0.739768946029689,0.0815782670030553,0.660036428713564,0.0863238222483614
3.23701526047497,0.195543079146536,1.09480122981671,0.167646771788498,-0.533113406709735,0.0714545068086073,1,0.414141961365559,0.210446201213128,0.349982436932973,0.150945826047667,0.71109497078766,0.0985016951716939,0.739310459598144,0.0907334429963423,0.735194689826053,0.0835661437643471,0.711336477497944,0.0813219505615008
3.60897878824654,0.235890011377145,1.11966592016264,0.183807808139962,-0.693835367539659,0.0448590404394311,1,0.113802518285109,0.22432953397268,0.747028455532283,0.118415337795255,0.864401415536063,0.0938047569099212,0.840201638253716,0.0916946645232468,0.697592161784619,0.0982832512037261,0.747356782173568,0.0902432552526119
3.40448386672863,0.211943884435065,1.20291681734858,0.17553742398759,-0.613118465961496,0.0591011096322188,1,-0.242314174786018,0.258972650463806,0.862890747371497,0.12104026615298,0.82247574102919,0.0889095728655851,0.647717727024094,0.0926110371063621,0.619647707827211,0.0968468624889763,0.840082414220199,0.0864748656296805
3.49107885863261,0.199717923366275,1.22393282878816,0.175462678444484,-0.656693142760083,0.0491150486904394,1,0.608149110129981,0.260658371320331,0.482429203571877,0.147383410247665,0.671826725330786,0.0999354629080969,0.91161313865182,0.0812246316671567,0.699930301749828,0.0792555218513976,0.886911663511484,0.0805358204213071
3.17684255545729,0.19364903989072,1.03621083380988,0.154652002315829,-0.64345899941272,0.0518959368688217,1,0.019070444786628,0.222783654289926,0.618909744597657,0.139423819820508,0.726599167428727,0.0942961756615417,0.780414337057485,0.0861222794064922,0.621403849503367,0.0866736778208785,0.740233694685917,0.0835535858303171
3.00304227393238,0.162820832116109,0.806071936614969,0.118785574978888,-0.441301117727547,0.0829226721648047,1,-0.00906922714155984,0.220410794639037,0.605088504933614,0.1307162195206,0.654558192487612,0.0877508263247215,0.607845537919576,0.0888356947223939,0.623495131157684,0.082341207317295,0.6969817226732,0.0817798274704795
3.39714250362155,0.210758319729388,1.10134457936502,0.169825921295489,-0.640633073873709,0.0564815912726698,1,-0.170359783581782,0.239121001767486,0.964734850722669,0.114741986145361,0.624239169656469,0.101469151799333,0.770112154041705,0.0866369952197903,0.72715030959595,0.0902553177496473,0.687966584928593,0.0876481658509528
2.9724329049405,0.172082931861935,0.921060280205869,0.136129216643078,-0.542280494270045,0.0669275819975018,1,-0.140686047860139,0.216482728156363,0.786861796915991,0.110099334320773,0.682489797599927,0.0868607288418628,0.365729266446376,0.105705692621024,0.666701205000203,0.0828311740579412,0.610740499876883,0.0863097814559757
3.13501301841189,0.18942404834465,1.03748915496592,0.151265330253945,-0.546909605751541,0.0617486699814417,1,-0.376016251346182,0.251711458329982,0.781359646786462,0.12922927944874,0.769146443358086,0.089000072054129,0.630056045979952,0.0875886664391958,0.705996731734682,0.0855604321987706,0.66381805129493,0.0858577317616727
3.06894129566243,0.166184174232499,0.793727319628171,0.111625547766102,-0.500689381095664,0.0693303021446928,1,0.42284927323609,0.198471355520164,0.563671524194501,0.111056175423805,0.621528212789575,0.0929034435711768,0.62638585366371,0.0840459918015979,0.635160414587397,0.0842763135183323,0.632708754460582,0.0841667680492875
3.45711494463115,0.167409423650862,1.14974514413386,0.14871934299496,-0.657013475776662,0.0422839556626155,1,0.360444713459734,0.230559431226631,0.669407429899942,0.120187305844414,0.63559587930924,0.0973948733477613,0.757804942264545,0.0740513628773054,0.742388152920327,0.0867048862626903,0.856737598837005,0.0770407053412028
3.22506936323887,0.193878203027514,0.998457910351528,0.152870286600595,-0.570614006969256,0.0605806082212314,1,-0.0163276672774238,0.233500925990373,0.730212011185379,0.130447026606756,0.75460809213375,0.0977075685432742,0.702907426666553,0.0899840182498509,0.621505034675685,0.0819677949496989,0.6905251724263,0.0878048507026664
3.29912287002767,0.214495968105492,0.981916493065315,0.156074583348939,-0.603612308568514,0.0604762657309652,1,0.139692524113266,0.246099034875074,0.723809496294686,0.117410317569148,0.699235276695145,0.096772124739298,0.748664261718037,0.0900931177239771,0.684875216497566,0.0908445984418988,0.680169142906875,0.0910700116678953
3.33936452689355,0.209539601706934,1.05379960382514,0.164557088231663,-0.637872195743175,0.0561678379281771,1,-0.171493232980038,0.206541964548764,0.848456577586953,0.113226170048016,0.765938338007297,0.100252133470413,0.702768596305841,0.0874438276751269,0.742083501996902,0.0920740795084909,0.682584336283603,0.0872767305813442
3.12437436294557,0.167755102949947,1.00480455090184,0.142933962051128,-0.551607433029186,0.0601926995707872,1,-0.427696158027954,0.213391530731388,0.888908341652494,0.102556367631715,0.480042621143199,0.0997588769809004,0.737253263116861,0.0871489552583696,0.647716610992004,0.0783575364841767,0.761609046498876,0.0803617782908636
3.30513497794325,0.176994472774542,0.923667815463462,0.128118304746851,-0.636171664412673,0.0515425228606323,1,-0.0780165110098158,0.20312694352138,0.740006432716727,0.116913132600436,0.73510200184119,0.0921645786746513,0.706739242863426,0.0795262179808157,0.621713728893321,0.0888761421200294,0.72877020011224,0.0745580729764472
2.9925196607348,0.173133357485996,0.968395910430704,0.139698584087496,-0.595284499475966,0.0579627141535214,1,-0.386765208663789,0.263556578307049,0.710170384249044,0.132025232009165,0.745982173455551,0.0829792705711858,0.591301738022863,0.0810185217401464,0.583892400264857,0.0872093132833989,0.757943867414033,0.0877759167220728
3.16139186814201,0.19027251859157,0.998763598250277,0.151489517994427,-0.567909966517383,0.0679804336180725,1,0.0973012235426201,0.258503527443217,0.582693794886271,0.145958544751183,0.703500137437192,0.0829194565450292,0.58713379623496,0.0909318550953305,0.700467407639098,0.0915379404778418,0.79241048860246,0.0867978198960633
3.70445432515636,0.254134401880966,1.26355943748797,0.21174926870506,-0.651304303482071,0.059340741577711,1,0.321111751448748,0.210911492215483,0.519056957822568,0.137098249519271,0.828302972764307,0.0990169495733278,0.791365471780176,0.100378441316742,0.851797913620547,0.0931782342786771,0.786322592895924,0.0991640948309199
3.235513060256,0.205923067660066,1.17912767433923,0.183081874589377,-0.592849693006767,0.0605776364991445,1,0.013824413674402,0.211671994885383,0.68637931339808,0.117121173959836,0.74229834338753,0.0901673643876408,0.677877727781529,0.0893068012874106,0.767169749911093,0.0930909042317921,0.708293547717474,0.0987070346328299
3.0259236030313,0.18407592231266,0.84851771615391,0.127230337577548,-0.567659515535186,0.0611334485488848,1,0.253563988103032,0.194690994749946,0.5502508811035,0.125833752087123,0.558555917912934,0.104635603739849,0.55275578348237,0.0927202511067288,0.737014432884636,0.0785656501728095,0.744994577853499,0.0826420644611825
2.84989238174839,0.168261673542648,0.911601524803562,0.123498787402289,-0.552975876252248,0.059227133403486,1,-0.156649592383642,0.226599296756448,0.621235730430976,0.119561931384024,0.607948921876309,0.0876485207723971,0.638011137726019,0.0857376991038303,0.652811964081354,0.0838832590421757,0.589058998659266,0.0901999962338385
3.35560346443432,0.204499960937116,1.0829885979037,0.168011181713494,-0.611874735973286,0.0548304441080907,1,-0.487545256823731,0.227720377542297,1.01526328105447,0.102044397922115,0.717506312140135,0.0865665798422119,0.640642614834772,0.0873914728911973,0.790095191177356,0.08643513372956,0.689859254989944,0.0925807170985253
3.81839462584465,0.242898159143244,1.45723508601481,0.221219613546093,-0.677198723690111,0.053707782948876,1,0.51599812251596,0.234279946919592,0.716963479638128,0.129961732229725,0.830861359548833,0.0998325122125341,0.894221649187748,0.0893014961614857,0.761833386973385,0.0827202375971614,0.78638534769968,0.090353349166381
3.49330829822161,0.196148297062897,1.26052699899518,0.182941672203655,-0.604183845050044,0.0537377622920053,1,0.318306528784639,0.239962290059727,0.572242938519614,0.133141339330198,0.742911088456708,0.0993718109136927,0.725303804953746,0.091362202670623,0.831419702929711,0.081432254542888,0.856900333618643,0.0743509687331118
3.1491178218938,0.19184998830548,0.951862550691399,0.143353347809726,-0.566607449159125,0.0670839792876818,1,-0.0201216069823657,0.251358173896817,0.502527101139151,0.141784506360734,0.825085751885987,0.0951577169771625,0.639350683901868,0.0934672656420882,0.688861773688705,0.0826734730638306,0.708461383937005,0.0904922629344281
3.11031969551557,0.153440090735434,0.859789180754714,0.114848042983266,-0.600929781696357,0.0495526526528309,1,-0.0488565602829481,0.210401819191117,0.793670092079529,0.104589867465625,0.639897569203797,0.088317364745838,0.586710087594776,0.0864343294349474,0.696316122649079,0.0753293883027898,0.695065419710745,0.08223047134082
3.10341730820586,0.195416952069598,0.845116309244999,0.136732091849124,-0.628424144645247,0.0554550696785985,1,0.292542156840804,0.19580638240584,0.684010388207975,0.113330255550196,0.588648810106338,0.102823342078742,0.719969837953619,0.0887592852489728,0.600981256367493,0.0869366014236872,0.612035039302923,0.0907784559699836
3.17038020575159,0.178365874596452,1.01989332556507,0.153084855391631,-0.545744426583334,0.0633445035078071,1,0.291584268105869,0.200493279590359,0.399381772984253,0.136548919172423,0.795152419111098,0.0901031994531096,0.650015182579118,0.0809531323416385,0.726258871512591,0.0774025136875537,0.631100498371866,0.083258093898657
3.41991557186531,0.184858488392171,1.2491685490765,0.174029768809039,-0.56479424386167,0.0610839102023234,1,0.325079911561377,0.215482231840892,0.657551244976943,0.125314245380469,0.794916620668789,0.0836622892440678,0.704843346547772,0.0866235013526798,0.760744099136059,0.0871927845509,0.66753368704257,0.080971878870822
3.3477395230893,0.192216711470297,1.03213910303885,0.147463869743509,-0.650464813549398,0.0462818713009618,1,-0.222542815056897,0.246423951457225,0.798314042890363,0.122336857593637,0.692990526102997,0.103656721363315,0.619298994942957,0.0986380817490533,0.738565290583596,0.0824692465274807,0.858140404683824,0.0740540828971582
3.25583152178934,0.198885736710241,1.13595089607603,0.164500932552201,-0.607728205220057,0.0581327556913783,1,0.0204319828960186,0.199720611100109,0.727070116433389,0.111923636625982,0.717362967052357,0.0947648253403306,0.729670696065387,0.0922137305437241,0.689160711289335,0.0850213090666472,0.73561003997651,0.0859849453036898
2.78058815735585,0.146069590329936,0.678010563756688,0.0987719062233528,-0.46099695288503,0.0746670939790115,1,0.0456992916459418,0.215359775312366,0.538863239406183,0.131886670114602,0.568445151843276,0.0945287759865319,0.464006993969838,0.0869399584836027,0.558132988914202,0.0852573526768465,0.704537070928677,0.0765021621888071
3.11456291944307,0.168674891156615,0.902717674366579,0.124158347637241,-0.629653647559511,0.0502944480681188,1,0.382303910757717,0.223844205578885,0.553450312719248,0.128424402792549,0.610053307096303,0.0975864424326483,0.684494991370245,0.0813223243133001,0.565048354720921,0.0869146123260627,0.829962113932692,0.075045267711922
2.99536072078416,0.1589396263999,0.803808239552522,0.120078237298781,-0.490228338917946,0.063287879062876,1,-0.0790296500988031,0.197713087337083,0.740129840512739,0.105209689064396,0.552373656038795,0.092418740061884,0.581469434921427,0.0789239279050557,0.665796783883467,0.0772469852180239,0.652641415015354,0.0772652187594853
3.32602331650797,0.20252491314557,0.927825204343907,0.140926431061343,-0.612573761238258,0.0559626785329857,1,-0.157317319194347,0.236324780916828,0.690419494374898,0.142606680824592,0.788515407250741,0.097630917234325,0.77668540225611,0.0881797407239685,0.711629289908664,0.0870346168586999,0.940424533004466,0.0766644259570717
3.19280017840379,0.16767918668849,1.01746056513736,0.140226661745134,-0.55430914355449,0.068078892624798,1,-0.161613822724803,0.196235317962494,0.749477103197697,0.116357847403872,0.663379996266998,0.0903965441686004,0.784257783540479,0.0814781364680931,0.751357505876055,0.0818331086597019,0.681614969856005,0.0857357260874533
2.86504918711525,0.184044716871058,0.760120491761886,0.124212585324848,-0.495537039426996,0.0786536109279729,1,-0.179636070392338,0.21798806291672,0.544066417123588,0.132268664924027,0.772844781122241,0.0946063588076425,0.420718971284376,0.098936259705449,0.679174829659859,0.0902544632944323,0.568628718188744,0.0968073857791804
3.36122905849796,0.170040094860414,1.01581173315927,0.128356133541636,-0.68704052875655,0.0411776738217337,1,-0.137475864390525,0.238655595983554,0.794171166374302,0.117731322718558,0.82813786338064,0.0854457984981567,0.733094526861071,0.0737267872212412,0.697163583594666,0.0741401444387298,0.713138608080931,0.0844243379780803
3.29474182536207,0.188274600560081,1.15963236958412,0.15918862942283,-0.605763176125958,0.0570925701107535,1,-0.0587570460604942,0.235036001888541,0.716756569839974,0.124375393104504,0.815954806884312,0.0844320521445001,0.727131938942621,0.0812529442074431,0.843935355624479,0.0770816983303128,0.865503430929248,0.0836531150655082
2.96215465339042,0.163442918336528,0.899186808893308,0.131772566537555,-0.575228424699811,0.0619044951887126,1,-0.176942507534858,0.230738866535341,0.640125508209432,0.131396167306873,0.659472456163801,0.0881777353778541,0.597881854424666,0.0895230016674511,0.511367426171307,0.0861846433535751,0.651249469242563,0.0800082612381929
3.52326863842382,0.223507666691629,1.35198052199052,0.205564669093321,-0.660145187941111,0.0533106434601729,1,-0.154410983007962,0.226986196119685,0.840722564114135,0.110653144999713,0.656335198322401,0.10619046423102,0.762246274706185,0.0920178728799868,0.780873119162337,0.0881965702514516,0.833713867362115,0.0965426892984197
3.66848402642693,0.228007848990703,1.21328106603601,0.18777684520792,-0.693284541809825,0.0472499555814373,1,0.0455877974013516,0.231466167661668,0.76199256475205,0.122336233460389,0.696455731487962,0.0990625322855896,0.873713425968626,0.0902169790609398,0.694223086733765,0.0948190542701011,0.813324138270222,0.0855550973951134
3.16026563756198,0.17243090150903,0.969736117118669,0.139299601962164,-0.573132328842761,0.0657576155402161,1,-0.217127537277391,0.260802036894169,0.672979794440524,0.140919312539866,0.758155579395632,0.0836447536282174,0.769191547601797,0.0840843233473438,0.707205670896913,0.0831891555722948,0.67724475001917,0.0871562349667129
3.20143778554727,0.190061157801319,0.830449191343399,0.139538630048152,-0.602407073462068,0.0557586525188915,1,-0.165432998597285,0.257791531154223,0.718934792676712,0.135075461897112,0.690664682557408,0.0906282138600503,0.711221389896323,0.085069750715481,0.772267376376445,0.0839672663168397,0.640620120040586,0.08718405284184
3.16276942904936,0.168775935548077,1.09112217089673,0.145169798720791,-0.534530187804326,0.0675161360205744,1,-0.393273678107746,0.261007143814374,0.859007868385445,0.122211489425352,0.669028160207751,0.0916876565057062,0.702151407227997,0.0855862632440641,0.642118336661636,0.0831573496209285,0.721206777445785,0.0812562857601554
3.27055766984732,0.177301839582892,1.04494952148608,0.144593334677659,-0.591196402386793,0.0562386526092372,1,0.0451107987516421,0.24686494085137,0.655381609889647,0.136104187511128,0.753860370997318,0.093822328967788,0.634195430309232,0.0881763490715372,0.776278921219767,0.0837793636776234,0.708258754587912,0.082756497642779
2.96913766142997,0.169488836718973,0.945640794701534,0.134028499702458,-0.598633899339957,0.0634147565369159,1,-0.306818781273995,0.252095219115324,0.661300854233251,0.130282807027248,0.665754619226534,0.0925722111448136,0.677171077825104,0.0909766854445452,0.695395554187058,0.0850682685953946,0.610950187348637,0.0886610033483748
2.99795472386713,0.16174517501537,0.846454288082098,0.118115643852219,-0.61660118326194,0.0542108818549185,1,-0.154466096176433,0.213734142362399,0.743317440413995,0.112014163809572,0.632495571322968,0.0957827587489912,0.724990230766767,0.078373465082328,0.562556216931759,0.0848445799028205,0.646794496616108,0.0843964751497908
3.21672491414773,0.207958860418155,0.929894328330196,0.149112795724203,-0.554850615294457,0.0712391035794439,1,-0.0393972847855541,0.255835435536366,0.806538514163171,0.121621442877643,0.675365359186144,0.100504123211195,0.645488756866236,0.0856175102295296,0.717409217590599,0.0869382926112584,0.640763035888203,0.0986728226209662
3.14159567518871,0.171394728850399,0.947166014397481,0.138278862829313,-0.601112093432859,0.0551612988212217,1,-0.184266633462944,0.206038318513937,0.652566206111779,0.121360368476368,0.665550951595171,0.0946074382080465,0.725657948940888,0.0857857387625804,0.585495555907954,0.0841098711331898,0.742452199803407,0.0866806503404066
3.15796607093661,0.202972404234186,1.01458688603489,0.166859028682055,-0.618689634244611,0.0584638625754982,1,-0.104859225581473,0.244759757545973,0.618317168154478,0.146314811749002,0.749343465787678,0.0992298843719344,0.700515944226034,0.0886722911732457,0.803655990159833,0.0816778362590359,0.579740632963772,0.09316660893109
3.20326213893441,0.176324405837946,1.06668317621,0.155179520517716,-0.580059530141017,0.0623767220306079,1,0.0931220090630875,0.221773514658679,0.648394419759906,0.126430403312198,0.667872537776674,0.0949630236147014,0.66972559959574,0.0820491132541237,0.782534231292449,0.0810277722393414,0.725858702803849,0.0829701037781057
3.64992103251052,0.266348829821401,1.42002134604677,0.246789902691219,-0.702616424646236,0.0517610987814209,1,-0.235251243432016,0.355087678736696,0.7972782756761,0.160479737732463,0.880835095131378,0.106234930454839,0.886183652120122,0.102191108018107,0.783734565808488,0.0924599506504047,0.855740359841003,0.0957686013928937
3.08537639835893,0.179237895822264,0.860317503254826,0.136910077943509,-0.596854063666915,0.0594145266063655,1,-0.0114408909979218,0.207086512535677,0.65735713242768,0.118931349578117,0.760452851197555,0.094415126912415,0.620064563008379,0.088791543990359,0.683788284185463,0.0842143479029103,0.551491725437587,0.089753795147874
3.41956839827025,0.221436626150852,1.11209725013401,0.175544865584571,-0.609710998945773,0.0569935195923809,1,0.373142700857878,0.251140921662478,0.486424454386081,0.147047715183086,0.740314636021178,0.100992463298897,0.805634278292499,0.0957481568366394,0.70367077855804,0.0889966658735902,0.641144569403269,0.0918597283496154
3.38401658503757,0.180683956398284,1.10146577094422,0.146654397403435,-0.544754090031529,0.0665901197077851,1,0.545261085079317,0.214614987916859,0.647066959781068,0.115020278522072,0.459849454611857,0.109636244677573,0.805302510927962,0.0803738282038589,0.715592182413179,0.0791693741812686,0.827914594773859,0.0842054409644404
3.23971631582312,0.18153037417754,0.90404380059611,0.140474116886408,-0.544234275586484,0.0682476871517288,1,-0.0197388583319892,0.219297954479853,0.669188862579488,0.137872540865275,0.79330637503474,0.0986155784588656,0.756709425360762,0.0880995904876177,0.707322085996741,0.0776602772354289,0.720066464088817,0.082651133344035
3.00989640925661,0.160047247872051,0.770390081501984,0.110397303592207,-0.59038342533234,0.0534815584463475,1,-0.277386472965572,0.245673569982475,0.700218817623219,0.130095802547086,0.637807059712823,0.0908310124642079,0.708386989232289,0.07703805599336,0.545779090996517,0.0851839826114121,0.742082114002162,0.0773892283430745
2.99998494445255,0.159726255107858,0.869205996654311,0.118445504583466,-0.542155371084326,0.0620488569461218,1,-0.0551038335922275,0.192522236841574,0.643127321418156,0.119780970723796,0.584654604430295,0.103314729981871,0.66566389539824,0.0848923839152343,0.697787311738455,0.0796900634170488,0.529843213802479,0.0808181673334892
3.294442171017,0.217399373951475,1.0664046755443,0.164106935987339,-0.633614242320865,0.0552401835220944,1,0.0543944104186493,0.312713578837957,0.68513393797209,0.147720683537307,0.771254259464847,0.100557929047518,0.630627944943907,0.0981296846940202,0.779255829066411,0.0864427357242072,0.770455490267596,0.0896417259202035
3.22833706562029,0.19963307196117,0.908651568756063,0.14415554074718,-0.566040872461804,0.0668157672753978,1,-0.138218335316356,0.244709130303295,0.624491329548011,0.14662927424908,0.837795956049765,0.0961635366457622,0.659603897813822,0.0854143532471136,0.670064600195707,0.0881906619578242,0.757227192334962,0.0882468067357989
2.80002214775131,0.157362083723745,0.665727510778264,0.0962866196159982,-0.54946539385837,0.0577132916359146,1,-0.0430924311988995,0.166849438291845,0.62353077643454,0.102582254955008,0.671445553025748,0.0828015925993394,0.47471347373597,0.0863258475261532,0.585397397176884,0.0791897597969507,0.665690746479624,0.0843854489623376
3.0971752567798,0.19205790450265,0.744982456313044,0.108844776750201,-0.59346698539138,0.0598398770854177,1,-0.0326045311066023,0.204257768319019,0.57580579416492,0.129678380007138,0.775249696996696,0.0929647141342381,0.701876487069057,0.0870866594855427,0.645634318578947,0.0864575026678783,0.695189017410724,0.0889542887368228
3.20249636892125,0.189826199202149,1.17025656872966,0.170847991100872,-0.600590202683822,0.0565615457572343,1,0.297241905741519,0.220484310478926,0.490881536138751,0.122420695895062,0.761946226707368,0.088460463943275,0.723549880158404,0.0840178520433643,0.614753449447183,0.0919576263883222,0.743158661867617,0.0876207392669385
3.19116920281596,0.189518192759999,1.07549690873663,0.157243774776437,-0.639326560417041,0.0507840258211603,1,0.0311603544893173,0.212586894781307,0.726880092983257,0.119541170469995,0.73084590163791,0.0921662698371593,0.741368590370998,0.0844300840164641,0.666189814634646,0.0927944164514305,0.684038516586098,0.0857099795590333
3.02170436426283,0.190086129898819,0.904238955100038,0.141690854996722,-0.585073266558863,0.0612291160594234,1,0.113349089096023,0.231392528421866,0.58723704049488,0.12582185674797,0.652194577828308,0.0907724947600798,0.634851941866024,0.0914909514619677,0.712272232997222,0.0883085956785223,0.589337666001723,0.0959008745039135
2.90107929466351,0.17778887637774,0.855410181764149,0.136853157119754,-0.467156137551438,0.0866592653675454,1,-0.174441675935336,0.229018830435643,0.614121845130639,0.136104212865994,0.579908554901805,0.095724413416967,0.722314165677424,0.0837027427741097,0.629019426050553,0.0884005475183833,0.56753192235347,0.0945254130976568
3.16289713695642,0.209067522587372,0.779029794918544,0.124836536627163,-0.603623227872473,0.0639507286975854,1,-0.424203844957139,0.333697558941668,0.87679577994861,0.145513530254926,0.517940439400607,0.1107335356729,0.706299733057239,0.0936670464164205,0.674179028185923,0.090590310510329,0.68389718542634,0.0869072432328641
3.20012538757336,0.199860237150405,0.986283980321703,0.146774987165806,-0.639784433682144,0.0544128217241097,1,0.0357819659020277,0.195481816633692,0.626450205796958,0.114629785661522,0.777409333655166,0.086497815605963,0.725967856139178,0.0866403855623353,0.695090677567411,0.0897218502688708,0.653708321514501,0.0918272896937173
3.24237761969727,0.16840725426018,1.02537343970474,0.145237643034399,-0.638736289135847,0.0446183742694892,1,-0.216852320783959,0.209507378107861,0.933601457271139,0.105092218110684,0.607985481134387,0.0905057485064914,0.700122600601204,0.0821699007708094,0.671879749585293,0.0766634634588678,0.727771886271624,0.0842453942022355
2.95723271151479,0.16292558575557,0.846558638124861,0.121096214002883,-0.447723392674542,0.0793200045585048,1,-0.13309260702213,0.243851420621779,0.696508932433879,0.123946177838129,0.553119864257646,0.0963395070293542,0.617248877960769,0.0811969684808605,0.480326336826207,0.0835882769135103,0.63811381286138,0.0778284382800937
2.94053326362402,0.16168069717438,0.950049105838734,0.140644877824241,-0.462137090265114,0.0803679876856691,1,0.129036783296645,0.185545447341562,0.495502309653033,0.11549832058941,0.658099333726631,0.0878901582630463,0.552084122441211,0.0884853092046966,0.57081714902503,0.0816798514536934,0.676062627034814,0.0847574227752993
3.27303281008262,0.192648688400044,0.887333240908321,0.126798957619333,-0.574689294420694,0.0658163449844513,1,0.261843420082253,0.214399915151345,0.62324278503827,0.125223324163997,0.620355996749587,0.097921221830921,0.697432330725991,0.0883996070007954,0.765355995758214,0.0805891714102004,0.758095441748094,0.0886945307932743
3.00914161969555,0.156275328367508,0.832803216442349,0.1159363733574,-0.577431786101303,0.0554285555677352,1,0.181733393741196,0.201643209407172,0.527210456373282,0.120753890412678,0.554621679331513,0.0974927812098997,0.716868591962501,0.0816732005421623,0.643913673024564,0.0738571739541561,0.783768994814704,0.0769824127035202
3.14969176893334,0.181703941412901,0.889208104819352,0.133058293692755,-0.612646384084237,0.0540570450527058,1,-0.220540544478218,0.30688996908251,0.823302467309783,0.142892761010652,0.67982987427539,0.0962782483392079,0.581008638905312,0.0898593385940769,0.677548334877519,0.0764917907237771,0.691380364853351,0.0829638018095813
3.14062683184222,0.170942069641648,1.05310153027985,0.140501516490224,-0.561044661691387,0.0617546824467222,1,0.164525987715979,0.19478226087703,0.599718965374418,0.110417694067,0.666819827786521,0.0883061604353382,0.675452778014671,0.0806625742932599,0.715888439173303,0.083308670192737,0.665479316677485,0.0908511774135057
3.41987787942844,0.1879098318633,1.11691407096723,0.159363324163914,-0.598143300992768,0.0550169846711168,1,-0.0137631126090788,0.225292846532775,0.857820700029476,0.118487499540392,0.699864286084538,0.0974445000055616,0.74170593726175,0.0815847086607192,0.752716104705618,0.0727893697468483,0.655408145802596,0.0908928909607424
3.21610902524041,0.216107947453885,0.803981349912631,0.129262956872239,-0.59262051508048,0.0674208250742342,1,-0.127102056206122,0.240253532826771,0.764356168493942,0.12531387019641,0.707910483413942,0.103266237963915,0.567030139684845,0.0996834130330954,0.715644531675906,0.0931167596722101,0.676594853965688,0.0923754192226379
3.29469291441432,0.179180382279642,1.17537546987589,0.165088468090055,-0.611274899842768,0.0521136619083457,1,-0.806265216453563,0.27778899201011,1.02376748578625,0.116976719082385,0.781548612864418,0.09305029945436,0.754510692405083,0.0772644714004837,0.746569984231178,0.0799851220447109,0.760294187743289,0.0785315887095464
3.05712546773078,0.189550221884805,0.995729860859383,0.152190076576351,-0.590627377016434,0.0642445264022122,1,-0.318637783819315,0.215264365319195,0.748335371635275,0.11840064510788,0.671621847955339,0.0942641536295776,0.473942285849946,0.0975644712388337,0.865974512158199,0.0765848146079944,0.655847214422979,0.0917345286674479
3.29204567444382,0.170190369591795,1.13338634884377,0.150164176885505,-0.619896086258559,0.0506350837481183,1,-0.267495106946232,0.234602785077429,0.882717687272802,0.117215987632135,0.533944684562381,0.0940020949791671,0.792484025446325,0.0709443176858237,0.727958275249174,0.0779806866871343,0.765423965441721,0.0838777036887669
2.99487837154432,0.167274026712296,0.75367181567469,0.106487606609976,-0.58110740530562,0.061190860535263,1,-0.120485087004186,0.196106361182718,0.660337276183146,0.113262314966321,0.564576954026126,0.0982038793296853,0.79155580525775,0.0796363174803089,0.542451033648968,0.0856376268129562,0.658613899915723,0.0829051620257051
3.2666182087329,0.187952960204734,1.07396865293461,0.153426582070162,-0.562549468873874,0.065760706214016,1,-0.243217222951217,0.221438490734609,0.866876957164219,0.107980983210941,0.662671707815682,0.0937802513572453,0.666660877362563,0.0890178849018523,0.571728332515978,0.0899120182662643,0.787994354329648,0.0768933041160915
3.45447036184665,0.213686320297485,1.06669182330895,0.154903760780934,-0.649554161022894,0.0500679134232808,1,0.316551367372543,0.216378824028835,0.705536144067954,0.123492478709988,0.698713717541102,0.102627395172889,0.753471741733408,0.083876004276561,0.712374204041027,0.090543643308942,0.744059228350588,0.089781202559146
3.10418634639407,0.167796429601567,1.0912592956243,0.149094891601036,-0.573185702589932,0.0562296781419844,1,0.0166948695534218,0.234273747531611,0.603395328451899,0.123827888516436,0.772069372560569,0.0773287948587542,0.762955628568388,0.0805928240789482,0.582138193430657,0.0884790489573128,0.583467293898903,0.0854008211034211
3.60534877801668,0.212055309407489,1.48497015198729,0.21062384085969,-0.704090407621717,0.0410779393336661,1,-0.145274435441322,0.208016998388176,0.794183105050213,0.110383175633174,0.858589080117222,0.0883096651164547,0.766761398002536,0.0980490313090934,0.890327855476385,0.0859489814997962,0.849084048023526,0.086373050617075
3.05468406540546,0.188092049789648,0.810758773857017,0.127872832253587,-0.57121328995735,0.0606776382314903,1,-0.307974588829545,0.24963283308917,0.787089647540175,0.120679986497472,0.675809053626304,0.0915854037625245,0.678604785498028,0.093939615761901,0.629568675178054,0.0889306455662242,0.60524602770626,0.0901677409873767
3.21442585285421,0.197196031623759,0.966238009368439,0.154237053263677,-0.59440698279722,0.0618246364906034,1,0.339889237528994,0.236623922533281,0.657977017203237,0.122556490782709,0.646784602727745,0.0996103565304245,0.670034230535906,0.0942312620809862,0.690989757875974,0.0884088463322781,0.756264549677011,0.0824010425094702
3.07554911647391,0.196456933429329,0.792519538477077,0.128004361189449,-0.601491433815195,0.065198786826919,1,0.219421627165603,0.203245703684608,0.502683640456483,0.119625695618704,0.481135540133555,0.108906723838948,0.738516724538134,0.0927727947795432,0.643760726367634,0.0897086335983232,0.662389200898973,0.0909187569050691
2.96585064430295,0.17387590950562,0.732229578002831,0.103211111864465,-0.522766102497487,0.0733297878117088,1,-0.225677098626786,0.192126549444732,0.768465338057116,0.103746400076353,0.655093917333536,0.094915385863457,0.626465128276202,0.0875336817265536,0.533218637842089,0.0883087323572251,0.593751192544153,0.0853661160034117
3.13693139469739,0.157291594104705,1.03028940107349,0.137232697548305,-0.605947169667595,0.0522458638647657,1,-0.372213787641773,0.254301144211668,0.853434669505508,0.11666570504666,0.598511439746142,0.0996740786245976,0.643949180759583,0.0792546033762252,0.736351371462245,0.0748441753848905,0.739033657613859,0.078119492885255
3.07974952061424,0.182980873690274,0.976179655260785,0.135830315142282,-0.61403031989433,0.0578891176034299,1,-0.0496214312900406,0.232434245667997,0.618126801169966,0.124713043561864,0.629997697355543,0.0960820693874534,0.750501462223793,0.0839725349894043,0.457884548051556,0.0906515809854986,0.770669240719595,0.0829776866664039
3.132870486861,0.162873531639864,1.01064743596203,0.137772978285838,-0.549255403342331,0.058385655034651,1,-0.0488582231310678,0.193542449691699,0.680307082609316,0.111826820665471,0.703287816171193,0.089161035449634,0.687370204474258,0.0833889056612633,0.555032790041274,0.0789285301701129,0.712226490306897,0.076656615104576
3.60208970856838,0.245556214668372,1.26592621705735,0.214739332307234,-0.680349844522023,0.0508952429250775,1,0.243265404013255,0.244822279732052,0.563267706784698,0.144399960346363,0.745243233888601,0.10510266330798,0.853561876731569,0.0901871681720137,0.700553215513654,0.0922183095252274,0.763055757584839,0.0912032229944897
2.52252872920842,0.146143173609917,0.621041244605538,0.0912240610164246,-0.462669696174278,0.073508913412641,1,-0.11411327128064,0.178505214044615,0.506832555118716,0.122615113574837,0.472892566062773,0.100450076193662,0.430813929949071,0.0888601435076729,0.57955001542943,0.0786215308452983,0.493651453421966,0.0882171656857542
3.44046070575322,0.210432810466556,1.24682075002844,0.190511333620518,-0.582834459627429,0.0680991568118145,1,0.548023743992867,0.249098450637073,0.293202796015916,0.174364002263954,0.84780785137436,0.0953410841093157,0.754860554531146,0.0875376430914134,0.76582021340721,0.0925704067147337,0.814481398664079,0.0903092777456147
3.00575759340806,0.191443759242268,0.939716006382992,0.150176189664309,-0.532149798089656,0.0705614780278179,1,0.0404381394302649,0.22484985657067,0.67702683858088,0.119419269080352,0.604687317819012,0.0946483101671138,0.56300976745909,0.0927988393711234,0.562506199922957,0.0905766104299983,0.691483239744574,0.0897089201540309
3.30314566113704,0.214462867928933,1.21859915371701,0.180690566338645,-0.620323400232199,0.0558647982397613,1,-0.00146174798524882,0.219920192043638,0.654332175944751,0.12594875594101,0.84771383845817,0.0980084760070538,0.770467952636292,0.0878593883933692,0.751872181748654,0.0874284226130085,0.659112708808191,0.0953685436534468
3.36531080263082,0.211768392235739,1.40791553181259,0.209277034965551,-0.642289989877391,0.052908082769956,1,-0.326881702984327,0.244614757699463,0.813056891286452,0.116756560344929,0.861323893390745,0.0859142302088556,0.614554434481989,0.0875792709374855,0.744089117204613,0.088360681686185,0.940118968895044,0.0791369110274748
3.2807669266666,0.172513102520222,1.1003967393777,0.148503525334859,-0.59856832679076,0.0501618175987866,1,-0.386469694718731,0.216141836326495,0.950538501637621,0.103036353031153,0.70262414973406,0.0882766712909854,0.629475283633748,0.0839866513483631,0.675601166717538,0.0759738711108017,0.762244399644531,0.0806307772747032
3.29817449183093,0.206252980848079,1.16138956697687,0.172324119755709,-0.622515190972049,0.0598988369943439,1,-0.264560332090076,0.256663219223945,0.865191936771528,0.12062010695575,0.605753648516347,0.100944001795125,0.791518804334254,0.0858817566887347,0.748332101874999,0.0792399715638653,0.688095526776297,0.0896204257915853
3.09490061026608,0.187738918914638,1.00794555443154,0.147388304211504,-0.583031196156158,0.0603851373728464,1,-0.22425300807187,0.227303888456736,0.71969853247926,0.121471937683912,0.650280687429762,0.100679208218404,0.618741235671214,0.0864581034770007,0.658813107638615,0.0837105390779062,0.767608096608984,0.0846566880049224
3.08816208221333,0.174328703062328,0.782984847771414,0.113236822381628,-0.540263954928018,0.0720363905024954,1,-0.0425090769201537,0.236424269705359,0.693006996292036,0.12583786818223,0.590703618428065,0.105195225317314,0.78589918892854,0.0811763846900856,0.574185121377295,0.0871327628086606,0.684100491144543,0.0865945327976616
2.94060403979071,0.183954696750969,0.829385766186314,0.12580622151727,-0.580050929172336,0.06262520173885,1,-0.623628898876744,0.209584234414811,0.924796740871414,0.104409072256138,0.561724667166625,0.104643989044765,0.743301293040348,0.0800332635258623,0.552944203327025,0.0897900713533412,0.70583514613995,0.0818988527568201
2.98008417889828,0.188848549234144,0.896843329806498,0.142649831066349,-0.448676701857228,0.0870515598439244,1,-0.0977408054748223,0.24868124975027,0.552184787025388,0.153265478322922,0.618964823087713,0.0925241619208453,0.691976261224818,0.0934674446784914,0.692065802246551,0.0876458854939953,0.507855907422645,0.0963790491094455
3.0837924692365,0.181064355079072,0.917402710403308,0.134708768437598,-0.500274699939867,0.0749125081904547,1,0.0310675648387543,0.219147315594418,0.653937758148692,0.128874234850611,0.665058257127541,0.0989868676649182,0.713536834195133,0.0818350521206838,0.679888986572954,0.0850541711733922,0.451618818866057,0.103344723724351
3.2059323497548,0.187512792492955,0.982951611218717,0.149783035632737,-0.614823424059557,0.0617746922448666,1,-0.190185761847825,0.228380801268609,0.768579690919023,0.120362733063673,0.700777661600401,0.0987442476077011,0.614346835109961,0.0923112478991927,0.704920058899345,0.0853318248351428,0.736504531139308,0.0859276333009265
3.32926899090851,0.190139110689329,1.07818242784339,0.154666723521479,-0.641296229838041,0.0461052603017197,1,0.104190338135484,0.202342233336675,0.768568116074861,0.106724545969113,0.742837152043867,0.0840248100140943,0.666796468495584,0.0875908709998207,0.654396000422703,0.0865662677311928,0.741254476177581,0.0836894759938847
3.44890663777075,0.211960997506112,1.12208800394454,0.172860649258793,-0.645104689745007,0.0548741868384746,1,0.279689274402724,0.218414127720824,0.724761767414384,0.112592141193881,0.781910648632899,0.0918905921400551,0.697848092496459,0.0954449952137301,0.635178608868071,0.0962234329381772,0.78474615207054,0.0875311701567124
3.33961837024361,0.193211977615678,1.03157846605892,0.154622436628905,-0.668218883693159,0.0482695720122137,1,-0.0133175555948809,0.249976603208105,0.717880206798704,0.131457705219348,0.752723065152327,0.0949310120745024,0.719224120266352,0.0861776036093666,0.789484524146852,0.0824199316510684,0.643992159173575,0.0897899509179852
3.25176133344832,0.165337054400055,0.915005317220336,0.122126894719005,-0.690978617248996,0.040847204689204,1,-0.669181976850354,0.246191518448009,1.03725648364927,0.104068046154313,0.790380846826971,0.0834996484920058,0.759287552886785,0.0822717176404539,0.649075991886005,0.0775462305055835,0.745777882263284,0.0800127101443637
3.38180313271852,0.199046146791194,1.21169417065724,0.176355776306794,-0.656699990535551,0.0470117594547894,1,0.0497463049508928,0.249674965825201,0.869699719946092,0.109764508879204,0.625682642270329,0.0984204771140432,0.658759933905927,0.0901369751383983,0.775892334390398,0.0805481241188007,0.802683294055788,0.0882790851536241
3.31867514814206,0.200093494942271,0.998600222301074,0.150373198955778,-0.57663377012958,0.0618536789023578,1,-0.141217225507061,0.232198124867109,0.756584163750228,0.123759080575757,0.738461776759337,0.0978622420824769,0.683346331305212,0.0868604853871608,0.722582678717371,0.0863711473843658,0.690659233989442,0.0896511653626895
3.16923588299515,0.191575387150998,0.897643104262911,0.130686724493342,-0.622729491923694,0.0516605137087317,1,-0.140494814711876,0.218721023048776,0.734805482719878,0.124492519437007,0.694651773155316,0.0929309912448253,0.691979810470904,0.0883989148396824,0.713560876676613,0.0854971928085485,0.692950612482491,0.0877875648382768
3.24880637905465,0.191884591389448,0.983587073352504,0.153312897343072,-0.494953490114701,0.0747984996281373,1,-0.302876455734236,0.242645041257709,0.7229405740831,0.139965098530833,0.811660976083966,0.100406110901183,0.70915355262878,0.0853807299645667,0.699833081885956,0.0907249245640822,0.59903806263807,0.0922852859935889
2.88178580304075,0.164109261111204,0.757422998061231,0.113666620288248,-0.41790435193424,0.0842183659702528,1,-0.259037272405558,0.280931309528726,0.74123381854732,0.146087084843824,0.542654791452237,0.100659464087895,0.703122829310264,0.0818239531439511,0.537578944412165,0.0880547774890265,0.616100529591644,0.0815734826437304
3.33561830003718,0.20365010583038,1.03776854259109,0.143345226080192,-0.611648407547763,0.0528178808320576,1,0.281523936935809,0.213994132053621,0.600492364552257,0.120087036560725,0.718442843778069,0.095848649628752,0.778788135932396,0.0836336945203474,0.737492080284121,0.0832639509936658,0.636933506777675,0.0885366527163086
3.1234402905932,0.165879517201579,0.956106054915176,0.131770520056133,-0.49915177855024,0.064797921734272,1,-0.23815683669378,0.198220647148829,0.788356863119948,0.106734856530562,0.751946639871433,0.0894835350527235,0.705597541649371,0.0842512942544127,0.608267973714839,0.0816153427667575,0.593397120917257,0.0871113697614417
3.47163095354802,0.222064327883799,1.0278813195193,0.158438123380553,-0.657421739404806,0.0519076067837956,1,-0.139766367971119,0.254952745657312,0.708849654383328,0.134422779054029,0.859365920301181,0.0919382029127286,0.733971674342905,0.0861492021282939,0.682081619313159,0.0952395289162389,0.810758794269073,0.0843905184127749
2.90209488775388,0.137034586576451,0.706669146023872,0.0957181171181114,-0.44009156969279,0.0613825276369546,1,0.0971714863381507,0.200087790434078,0.532219473300314,0.124615151453947,0.592755677210691,0.0895989315205856,0.583859526679645,0.0849768229736889,0.650607941398981,0.0745775862675872,0.605364962111807,0.079055826284062
3.144554187811,0.180748812309853,0.905485713876254,0.13441072637732,-0.490199636340578,0.0733055059685617,1,-0.309253618181596,0.193374553194544,0.904018971925479,0.104124001113955,0.417338078753022,0.0997210319205728,0.686630876367092,0.0849388069314134,0.717913898654033,0.077056832317027,0.590167692842628,0.0897781273638848
3.31741444153569,0.180468322492143,1.09152278411606,0.157102913555364,-0.589130342160592,0.063139476546096,1,-0.148286144478538,0.262196880728454,0.874925522726092,0.119217579755018,0.637979201148771,0.0948902549342524,0.624735906968315,0.0898293589567861,0.7463397353,0.0804904871109907,0.672634299255867,0.0845170292464587
3.36565234952425,0.188530738474978,1.0460613659461,0.150850996340117,-0.556146194137247,0.0663001591076306,1,0.106009128219936,0.260622146807617,0.755527798742475,0.131336477866925,0.612321876174829,0.107946909511209,0.754772962581452,0.0802986121167763,0.703958335089097,0.0862837559573455,0.624606721364477,0.0907788884863733
3.20064274976647,0.194690170627313,0.846817655687988,0.129321630251176,-0.548556964571068,0.0737134323266829,1,0.174161860494543,0.21081390862434,0.579429341578151,0.129000090236407,0.808830788518169,0.0961061999864786,0.528756943055991,0.0977444783029002,0.624538587183835,0.0926508748313315,0.736358924376159,0.08781161409369
3.08228264409752,0.193820158526878,1.14927549625122,0.167128249345023,-0.557865809686869,0.0654278342914947,1,-0.00908237863660246,0.242405145623689,0.729056450423183,0.126364064468144,0.623104146073134,0.098395685441146,0.616585710851867,0.0893126134665002,0.615327573479059,0.0929782677221942,0.608104095870499,0.0921344988866528
3.01443578646399,0.202575744372394,0.951163644437359,0.156995990771409,-0.52490231921673,0.0693229909211285,1,-0.0447327062284187,0.227998310926434,0.654538898380886,0.120735786043705,0.709703207916767,0.0963417622960003,0.585788620825673,0.0940463647320163,0.566913077150667,0.094656453619841,0.621985033801422,0.0926079168809508
3.22920811682107,0.197504932994149,1.19829151198651,0.173274990157598,-0.640832863565405,0.0573918278009608,1,-0.177919814084548,0.213011093533319,0.896654438963778,0.108065491080597,0.619036287915054,0.099188569460875,0.721169268786935,0.0894108329522675,0.558229682696252,0.0975053247092392,0.760385024164426,0.0887276818499046
3.35800339714278,0.212348895533918,0.999569688977714,0.158304990245057,-0.643519409153712,0.0548701055940631,1,0.181149293048032,0.236899162028712,0.821633763096406,0.113674477255655,0.625734744679543,0.099346611411865,0.756219085831013,0.0867520264839288,0.722679104288368,0.091926309286942,0.809576830334342,0.0859841998531597
3.15208335939879,0.189449579730781,1.08355465943512,0.169045558883082,-0.593707598380384,0.0611532198034259,1,-0.64727999883566,0.341322093750144,0.920093852586426,0.148475114387153,0.736803398380746,0.0873961952860609,0.641285590250161,0.088832298835675,0.623004945566858,0.0838942257869197,0.603523712855189,0.0941267742066941
3.15729822243803,0.186535436429416,1.01210105817875,0.153287509238992,-0.583790872803058,0.0635996583925029,1,-0.374670102849145,0.228238942525167,0.784738239069232,0.110417540273234,0.648132219150057,0.0950196119294116,0.709598971826778,0.0885160838228767,0.70719659933517,0.087800653730894,0.686928527844753,0.0866952258081665
3.26594596457186,0.177095371422147,0.989281248227741,0.133275292382563,-0.58227184624497,0.0564854541023883,1,-0.0389509361002792,0.202390242437391,0.764751320569144,0.118797206150554,0.768360629403618,0.0987086330837922,0.62272109935098,0.088575570016221,0.737409997614383,0.0811830321335415,0.883338691686241,0.0780930801960216
2.94875539208042,0.193046981791595,0.74344128870673,0.116240610169896,-0.588755529395378,0.0692000487952625,1,-0.138778635551437,0.190233980726098,0.712982100318334,0.116521130103971,0.486358697566247,0.109215405215311,0.620434609893821,0.0921108621147708,0.662663182788793,0.0890690279673856,0.586234284212167,0.08663791506822
3.19697880681273,0.178548096696195,0.989173269272851,0.141644536596743,-0.617767964021782,0.0537379210624149,1,-0.0300452990044481,0.219636558299658,0.793115590172657,0.109982483529287,0.664723170166745,0.0942732603645162,0.621225630594258,0.0894683330508675,0.721688898730478,0.0783906800323592,0.72377512859514,0.0804655638312324
3.54857285650874,0.224203982899424,1.33099439235074,0.200154435198382,-0.67632972214412,0.0497570035892175,1,-0.0632184646345724,0.280734016755168,0.690052877857034,0.144505155593047,0.807512133694115,0.0969409095074625,0.887313786746244,0.0851977396485631,0.715832253288669,0.0885832003393079,0.842043191195141,0.0906580903746708
3.22660927303552,0.189826645677899,1.12203044279338,0.152960785487063,-0.686593992213931,0.0466041481438801,1,-0.302323146982302,0.236384817164954,0.757096064498645,0.125620573942841,0.756762614532824,0.0930072633904051,0.668905229022989,0.0852232586163027,0.715701212382605,0.0904656802309678,0.701586610446725,0.0796801493859344
3.34965462985495,0.19943885406486,1.12705212199876,0.163374557413926,-0.63780627791057,0.0584427585703828,1,0.339192984210183,0.199704582658302,0.541951316540368,0.125347666847537,0.813650141424308,0.088825739345981,0.671265542669331,0.089367995943809,0.697580712088857,0.0850108204417632,0.827127971167828,0.0818020481481539
3.12469354211468,0.201593991292905,0.984102876945483,0.156098323924257,-0.51831931395654,0.0808936311848392,1,0.273769252717306,0.213267308408998,0.489921193150168,0.128848108916039,0.727723278504116,0.089161415321345,0.549798190684916,0.0937776766171837,0.828286349372251,0.0871056438687163,0.463115641742103,0.108323636756738
3.13156857127274,0.188221572398001,0.961055640618901,0.136520975403503,-0.589403572903303,0.0565734972629044,1,-0.245127113198325,0.209938318633515,0.746407441560989,0.10775620736497,0.784640372464414,0.0884671557700343,0.653150728716081,0.0873732219682744,0.768578567781425,0.0837401142057317,0.719518802295008,0.0865909768814176
3.25675140087789,0.192155015605516,0.975216288059297,0.148690396165154,-0.594581592378779,0.060401144971163,1,0.208326159102443,0.229178177281376,0.741240086051253,0.120098268078293,0.561332375027081,0.112469298999394,0.785671984544852,0.0782090297431422,0.707020355303318,0.0836133185881553,0.692940487675152,0.0885121108106616
3.13910985871085,0.19915114776634,0.908058587851944,0.135340624615106,-0.570046071524001,0.064840681978771,1,0.367721595764079,0.282236740780464,0.436852570993906,0.168853226871529,0.714235436116563,0.102615513304953,0.677970398816571,0.0874442123334192,0.6889802859533,0.0848267217542731,0.664408999719388,0.0926307038121769
3.31675776638445,0.183595306237826,1.03963591931544,0.15345851396034,-0.621858857356778,0.0562936810667673,1,0.163886361790967,0.184247416827399,0.591393716077019,0.124038210839075,0.706659196888798,0.0915028519357833,0.797276516765361,0.0808873590307569,0.72830979532513,0.0809077548577195,0.789425463618442,0.0865057107539101
2.99957669346219,0.159257571750382,0.833755146703614,0.111071243904178,-0.592871746940462,0.0527102923255078,1,-0.101638563322709,0.200314454904912,0.687998063612793,0.10551811018945,0.592062684103626,0.0928384449986764,0.601042910472998,0.0836119007200907,0.709142497427649,0.0777469807346114,0.573255788348535,0.0880546452390632
3.22929871656772,0.209140439338643,0.876450485600732,0.14264641884988,-0.64872578214733,0.0533924263091188,1,-0.365310608848787,0.181808214070614,0.75830506535431,0.101806703301425,0.868266283754641,0.0916062380531826,0.686862051816102,0.0870074986472607,0.614184505976005,0.0969126102545376,0.741536184346421,0.0889526836012514
3.08001017818483,0.17766449235007,0.931891008919397,0.139502419899101,-0.491358850596633,0.0826494934186759,1,-0.00727259935342737,0.223491119006611,0.662237764795399,0.117825688522685,0.647031481041899,0.0935725765791144,0.563477481263115,0.0901612848587568,0.625512838101,0.0883017037620299,0.63401162453137,0.0878094647420523
3.41000084683731,0.207875092609093,1.08948146805742,0.170245816092569,-0.579799653472325,0.0627652338687646,1,-0.38833592943952,0.240239243027571,0.777337163095868,0.128679820958265,0.799423873729113,0.0933927865195004,0.790457157886786,0.0859513414954523,0.682257573671194,0.09202556889089,0.748442082159249,0.0869489796499621
3.26236356485864,0.194457572009634,1.02433760647859,0.151363388909568,-0.602223622835241,0.0606248393647861,1,-0.00601813974170027,0.20473833724993,0.78723262047912,0.118777928896672,0.643108478912449,0.104276613666667,0.838018671351754,0.086903350053064,0.659268977898715,0.0886835830592259,0.566744738268194,0.0915631163039088
3.25498235477086,0.165936426573768,1.04006395255123,0.138377859520088,-0.650680696028797,0.0457727178628941,1,-0.113636909612154,0.220670182252627,0.790183199103692,0.117209770403412,0.798777871124353,0.0907426170829367,0.630187318435518,0.0826920444885823,0.633357310123374,0.0777293470152249,0.923516252637492,0.0770414445984242
3.45370046010533,0.189086056691155,1.02484311404436,0.14584892048429,-0.643818443762775,0.0501279505132255,1,0.277375689076296,0.205769914322186,0.709799150557939,0.114741096248411,0.718340369202782,0.0920448032289004,0.759964977357088,0.0861584889749512,0.698478826430784,0.0868415351648337,0.86869847748779,0.0806816360110286
3.11037649457435,0.17103817269723,0.975299636198218,0.133504843887314,-0.519534962097689,0.0685638210068432,1,0.106794408817482,0.180714272911524,0.575206057024427,0.118867335533354,0.785138929111389,0.0811904964198336,0.45807665389914,0.0947892574120618,0.736603849306789,0.081228878606442,0.625568385415465,0.0887766492895088
3.3762754745235,0.18280308796935,1.02867814836295,0.138414451816772,-0.638367942862382,0.0496481130800274,1,-0.167976650652152,0.261678714493743,0.966833812179614,0.107189466838733,0.623246392499563,0.0943352936688727,0.686123035378504,0.082204409615774,0.668856702467013,0.0808436009997605,0.755266622737648,0.0803210640456896
3.00367172998673,0.155328417130097,0.939142161329346,0.127896562944484,-0.542873030945494,0.064541608613903,1,0.143613437384149,0.201091809665469,0.476947063571153,0.140287956670513,0.543202707069033,0.0954578859312317,0.652542710108358,0.0795467285355061,0.786055337522698,0.0724950298644141,0.670986765281827,0.0822858036644673
3.32416603457035,0.203514371534584,1.01015498098062,0.15617803587489,-0.663449677065297,0.0502284661281224,1,0.0134115767359298,0.236145499233866,0.716897939179531,0.116142853204215,0.724966670329859,0.0932065170688541,0.872689699920931,0.0809104390719853,0.711258448777093,0.0878011069878014,0.631564293164373,0.0963778989457942
3.30959170195335,0.175226606951106,1.21174912515018,0.161104703713522,-0.654194122926699,0.0484066447972759,1,0.128163966379341,0.204143000340438,0.730189732072059,0.115312937528104,0.613781298954085,0.0892071799442593,0.709605762648015,0.0839229973443179,0.596200747691018,0.0929294655503007,0.660178801761893,0.0846262016185783
3.12064062733443,0.17782459200886,0.838235803131207,0.119409821479623,-0.646169952687319,0.0497860884988354,1,-0.0176988943018484,0.198021442578537,0.655889351804702,0.121362556986736,0.74579365248288,0.0904090996155263,0.683265590186994,0.0866140546301494,0.681539364707901,0.0809017847526746,0.594178479638621,0.0879473806239883
3.38698012789179,0.187698928318606,1.13659697829687,0.170297358634395,-0.609151286760603,0.0574041322045889,1,-0.213180012260167,0.250452678667167,0.790131687024313,0.124263143086791,0.809279965730795,0.0804367775648043,0.760942538025469,0.0890275542171316,0.638945320524835,0.0859923942649359,0.737068599522055,0.0839316443374726
3.33266108907236,0.197783332731523,1.11175497481332,0.167750063136455,-0.633851940258687,0.0566269633300468,1,-0.0191963441989613,0.223701006961518,0.61954091736453,0.127536262503386,0.675575503050307,0.0976345163215424,0.866291215187372,0.0790938835881368,0.701371608255553,0.0920532745951421,0.658371142531535,0.0944287091444877
2.89871413415485,0.178988400106079,0.872496580150997,0.124940660177886,-0.574714346878242,0.0629773463950096,1,-0.0289576306365481,0.245629766550801,0.502719771269896,0.150188150584371,0.589660320346919,0.0981933490128724,0.631029083749757,0.0842282583826264,0.562553491588463,0.0875106669964802,0.663894757783378,0.0900465153620123
3.3231613717896,0.198474480128661,1.02654255322918,0.154027728227192,-0.62327349373486,0.0563060431670864,1,0.0847957584979903,0.234174034090679,0.61857456531486,0.142510481273994,0.761227697377847,0.103591450369899,0.712645653613297,0.094477291431445,0.745776540758521,0.0811223605383672,0.909468676137471,0.0806718291419532
3.09290557792631,0.200056044689882,1.11027287341834,0.164205778826863,-0.616232842813346,0.0608721262831933,1,-0.132845870331243,0.213806468527144,0.727776271029282,0.111440056018087,0.695608168370337,0.10020611099322,0.743384569147174,0.0853027615161349,0.625697814106147,0.0886730533209821,0.725741602108319,0.0916327757400996
3.45188193843906,0.201842721045218,1.09926684268414,0.157116974948555,-0.708655280700232,0.0453763529957521,1,-0.455500736799971,0.292410708015158,0.992968946241865,0.12541448870169,0.668782729537192,0.104899202005413,0.812753045398498,0.0892307534767569,0.706111900914407,0.0901682245819689,0.776872651234412,0.0836880120621717
3.27232937212383,0.207127408074344,1.06528955043435,0.158558506811453,-0.595529268528922,0.0611720148739042,1,0.27373179138074,0.216704854506867,0.579990001073111,0.124168318288167,0.730579336078416,0.10118212289435,0.629688324753637,0.093972322640866,0.81064656891321,0.084308133787262,0.69470693423551,0.092235962340364
3.05331772719384,0.145496279750455,0.993940737911522,0.126534099174174,-0.513622267575982,0.0615019306622497,1,0.353250254358382,0.171739547463369,0.566614383736795,0.11927343453824,0.584144924207523,0.094835123475363,0.559171746272555,0.0871273871429965,0.681147206069381,0.0730951999398203,0.71350409622781,0.0740201861091147
3.61880884182179,0.229547413693578,1.54052458492876,0.24278658984998,-0.646481519830458,0.0558726514262341,1,0.0589306886928363,0.240674553250072,0.730162500786493,0.129316283098108,0.779498512826089,0.0934456371067081,0.712605567404458,0.0993916571631678,0.951188292107238,0.084313877669217,0.690570913633378,0.092042284403299
3.13383032199235,0.177920796129586,1.00240208896206,0.147086066031018,-0.623319692099485,0.0541363519368062,1,-0.00607715266896291,0.227777683826462,0.766803793552414,0.106688965501077,0.691632327626373,0.0962266735748224,0.641288973851852,0.0866080607247402,0.706691333166525,0.0820381178681947,0.692016325322133,0.0888304711836537
2.88390602900133,0.162376736880602,0.770674194743923,0.111085895691054,-0.512391063644543,0.0674380925920439,1,-0.122651759384803,0.211617804399174,0.6266350136165,0.129073915170015,0.667493598273543,0.0967692619668191,0.627309348735332,0.0813786483078602,0.565331907575275,0.0824961418605112,0.670332318849021,0.0818776712468043
3.36781099526792,0.202513080979975,1.24924308704955,0.177298073047857,-0.637910339045484,0.0522410116391563,1,-0.149161437578491,0.220644984510924,0.952336800907625,0.10474559776686,0.610687906909666,0.103893573116457,0.81450532917665,0.0854708055641698,0.628161705580379,0.0963920643389474,0.68786277394083,0.0906521002895787
2.99387720876127,0.195827175904633,0.920223874058822,0.145259328944244,-0.581286533202075,0.0697753597191484,1,-1.18805941720287,0.280496321763906,1.02488350085522,0.116336027836973,0.676879184371512,0.0976904892234523,0.666016517902485,0.0876073255198936,0.717512009508847,0.0883524634427826,0.648435630579501,0.0936665192505109
2.83138367297738,0.153344804606368,0.875449596595142,0.124828702547844,-0.51180244361921,0.067159857584275,1,-0.00657533794360401,0.205227585859866,0.623373327609397,0.116048689468778,0.697286342140067,0.0886149947742831,0.53681489025631,0.0862717173476912,0.562682055285476,0.0828850558352932,0.505203573141865,0.0848336470332442
3.13828801931384,0.171959187109718,0.847725808217056,0.116094419653383,-0.601335573270327,0.0581423139365288,1,0.0906929000710124,0.236179369637154,0.676686064765481,0.128822641795346,0.743880576503401,0.0885477133842248,0.556408505387535,0.0849041004985715,0.667881306633185,0.0830342515053544,0.673904399311517,0.0861233747629106
3.30397167280023,0.172300645240365,1.26655156840907,0.167261785139099,-0.586690889208853,0.0530649166625416,1,-0.542401427509116,0.265031028011694,1.04584079421307,0.113120576756379,0.654079756574651,0.092079883622958,0.711936764211387,0.078789314998095,0.796377916142286,0.0813283182285626,0.632486362730093,0.0893458207863168
3.04397549281553,0.166640179336955,1.0336851603145,0.147821920050225,-0.50206576911869,0.0713418682885422,1,0.176871875232885,0.200988271346677,0.689674986342067,0.1100574661245,0.547166996494483,0.0876686256772908,0.724869401668304,0.0810243715818903,0.780161736262842,0.0819293486716829,0.652633329806649,0.0934376162410057
3.19227797486839,0.181226599839156,0.864486963475368,0.123281930333225,-0.535304152596488,0.0668156513995785,1,0.0390197250998135,0.265379946394978,0.804637583896733,0.121967538165085,0.641574610880044,0.0914512263714095,0.665101200690725,0.0829906589446579,0.541711739693077,0.0887718535001374,0.659889612707081,0.0848575271742581
3.14307834679474,0.153024622362518,0.940923658185272,0.118769332139113,-0.55688259216866,0.0518668101589554,1,0.0429358907077422,0.234368866945077,0.637139510396795,0.11589789529441,0.550544663785203,0.0945664601886567,0.72031635035527,0.0774209476488029,0.640013745391516,0.0787011540859482,0.735604332574223,0.0795676460588428
3.22246525742108,0.200967474387571,1.01444176349479,0.155841810348531,-0.51875427629597,0.0751017970166878,1,-0.190626624698817,0.199050806239058,0.782286342025347,0.113573311880675,0.680714267244966,0.1025953007051,0.662817290243082,0.0829025680879262,0.680500273426098,0.0834870698550037,0.575029349133714,0.0918251033253764
3.14201321263928,0.188644636181037,0.852177910442312,0.132620219820406,-0.550596609881471,0.0614908638222004,1,0.320608222078244,0.175503868747047,0.640358007224941,0.114877007038819,0.647562320443087,0.0973060378405232,0.617911728619791,0.0909997778750633,0.69542145062429,0.0839992570777804,0.700619191466228,0.089753994228498
3.47586081018799,0.227380888820851,1.17628521015827,0.188023204004981,-0.683279203797168,0.0508437911158512,1,0.232224947943438,0.230575217433582,0.686585262558196,0.127853806955456,0.666382825083929,0.111753970605212,0.882896640459543,0.0883569648317194,0.754631135060912,0.0873078687048086,0.74336587958505,0.0941754493579433
3.3537843497338,0.194935425405796,1.06732937316396,0.160931493244172,-0.514635510502615,0.0669978678621393,1,-0.0667502446460435,0.220117946913241,0.805320355978067,0.110329854877537,0.669075534634579,0.089449601700979,0.590512061029579,0.0902880565765152,0.801170539863234,0.081459407875383,0.64336685509409,0.0880547033185986
3.0997716673291,0.172316990426833,0.845851826945553,0.127517660999613,-0.511388652417824,0.0637173886033253,1,-0.197550457764369,0.175856678969224,0.749472670044512,0.105203390997939,0.677134761858605,0.0954888570239749,0.608610272521859,0.0829848964010832,0.668756174088248,0.088585072787662,0.617140314972744,0.0832087645747809
2.97784505101548,0.17292074879386,0.845348929434905,0.126392330341285,-0.585684091082377,0.057570578839318,1,-0.0248285605348989,0.24225934965447,0.726093247553957,0.122507615247194,0.680305388115956,0.0866141324790641,0.655201258099729,0.0882731666714829,0.566766540310762,0.0843729272376201,0.614182735623334,0.0932515507206247
3.09817389680183,0.192938478373935,0.919300138635623,0.141405483861432,-0.490583721077139,0.07672816546261,1,0.451323416812588,0.219652016972003,0.47204913613492,0.132510437799822,0.548990812210205,0.102483867352205,0.682218568921625,0.0823941182506337,0.52824910292358,0.0910927045100167,0.697209229525634,0.0876387757843524
3.10159969515145,0.157373693450113,0.957420702808093,0.130837040548903,-0.60048954953383,0.0518617977825657,1,-0.0894466157530502,0.213844313516572,0.693114065612682,0.115909803414885,0.567962812690883,0.103674815128093,0.744396624453827,0.0778593620006376,0.666853622554606,0.0805642309899742,0.59543586670891,0.0834190057572994
3.0865824147635,0.16825239100724,1.03137303445507,0.136552803687915,-0.569597192882169,0.064381681423519,1,-0.383649797796738,0.211312980950816,0.807939291101905,0.11239706423587,0.681713130032008,0.096850467223884,0.636201721854818,0.0807322539823446,0.632899148939294,0.0774442149529448,0.659192313884792,0.0784676056894658
3.08610010773068,0.19397156944862,0.918442807908621,0.14329988639387,-0.577497936192021,0.0645568633428607,1,0.0167015990705488,0.213520207461476,0.6306319668255,0.122253174911456,0.731197331843701,0.092166194054521,0.675581878609087,0.0881737325036316,0.586338079860382,0.0861216054160868,0.623513677153635,0.0911002563189877
3.14915608804972,0.162716774580956,0.909077333751902,0.125490569383101,-0.488893353068643,0.0656671166866215,1,-0.145333961417061,0.217115126433061,0.745757412019337,0.110107056875314,0.765002777102619,0.0810961441552249,0.661111460811611,0.0753997958198404,0.750684397065743,0.0800196310607091,0.757752055874572,0.0831996198609914
3.09343396584765,0.17882586653877,0.856138931978789,0.132126419266518,-0.497966174581475,0.0703634850836386,1,0.0724897541113765,0.192648290153333,0.720919957348622,0.108888847753318,0.606836184752273,0.0871137645284433,0.593847525707909,0.0852145867662485,0.643415866627978,0.0901947133540111,0.679569143680954,0.0857268231558577
3.1752321449064,0.197356782008554,1.02290540496682,0.153828006012418,-0.585952423371419,0.0624292218936394,1,-0.146586871119714,0.233387269247203,0.811018449618376,0.120315260396206,0.638453460481752,0.0991058296051654,0.688044917225269,0.0891317640294329,0.699650151728818,0.0825095680269895,0.554873993134167,0.0961588913998383
2.99461880618315,0.144163525328823,0.719434192064455,0.0901346647774687,-0.577921243752962,0.0505963248136996,1,-0.29235961655501,0.206363612899989,0.704377462590183,0.12346184115781,0.725347390332612,0.0885842524553653,0.523251815628083,0.0821295950590435,0.659315718805229,0.0707906068485478,0.506337649908537,0.0805467636569603
3.26042844611578,0.179372418227006,1.0906171712921,0.15176245380844,-0.618303893405347,0.0545626890879012,1,0.111979339927983,0.211809843435373,0.655486068624824,0.118795538623529,0.685178483915458,0.09899914450014,0.647129522872969,0.0835237676985614,0.762111517330402,0.0791254373796124,0.741286849600413,0.0827416976588736
2.8147257893934,0.159823256109884,0.810082675648977,0.118915720864189,-0.513718905338466,0.0693754939365429,1,-0.248804797380358,0.196394481096662,0.70139314369474,0.111281027601511,0.513927434917091,0.102328952110159,0.618628171970639,0.083865914494312,0.547208271124942,0.0862111172470144,0.524781947776697,0.0865815934899784
3.4253388580547,0.217870552082431,1.15966119574742,0.175201908345852,-0.668579142246325,0.0546547740432816,1,-0.0111830454485047,0.247822394574241,0.574914839111032,0.144256013049071,0.877164805002363,0.108113379831641,0.839555802766843,0.0862983693612537,0.748773264880426,0.0885812217664772,0.810803201100087,0.0844984884318525
3.24487432159325,0.199672434329168,1.06331720874309,0.159942414961925,-0.562171321300189,0.068115173224951,1,0.0561416827278402,0.212425477966122,0.632181918174278,0.128057395784618,0.722783070986337,0.106057951587893,0.718227638433048,0.0862552001786429,0.664371538450451,0.0919749139442445,0.712398840424907,0.0884139255842175
3.23559509000521,0.198242070071854,1.04429541460596,0.148190293897903,-0.64356519061736,0.055716133407695,1,0.00434666861280399,0.220837883701758,0.69263489787306,0.129380408765628,0.66975425802072,0.0947402820694384,0.787648715458185,0.0842761574303475,0.782919123577692,0.0931361127579673,0.766736277241224,0.0840955831351128
3.48088422254426,0.216119073016661,1.03908983192053,0.157106914587416,-0.576842635615714,0.0629509026046083,1,-0.399897113990298,0.338936188316885,1.0068700448673,0.137181525843736,0.67636056242329,0.0981944433027251,0.703573497190698,0.0945942769680211,0.826577039489261,0.0800325254787076,0.639109637279322,0.0847632886994431
3.33521954623673,0.20117192115999,0.938927094206849,0.139121256511276,-0.640522763870293,0.0568198714391614,1,-0.134739544290411,0.259082244810969,0.750152912995383,0.140865852430028,0.72141721365061,0.104312775731722,0.879550013716716,0.082624740821416,0.755199020379012,0.0812914896096046,0.64469091640719,0.0936226207769016
3.14181739422377,0.184066223269447,0.95893085032293,0.137038280263318,-0.64098259783576,0.0515178265167348,1,0.0977977765361273,0.222961424588896,0.696489936046602,0.124365386343141,0.72575862130586,0.0942186436244159,0.711646340752349,0.0848838149369709,0.73748624208846,0.0858987607324773,0.771405006816754,0.0860338002523424
3.15133532035815,0.159826719315503,0.987611669571836,0.137389667223644,-0.629553757931485,0.0458012502262845,1,-0.24740801885082,0.271991462258899,0.728610913436156,0.136767692176647,0.76653580836233,0.0968529137126513,0.711863101377774,0.0824602817434389,0.628802726365024,0.0764440582806819,0.714605292944447,0.0776444206740443
3.07551880002163,0.19091614823806,0.935116509225675,0.148396651117194,-0.560064803308113,0.0688451781984378,1,-0.0241758250641825,0.214076392752204,0.604136919676871,0.127448154194564,0.704338737079842,0.093661001454746,0.759544805842819,0.0864089402770899,0.702014303007652,0.0873420591120471,0.577919096196421,0.0953673062553264
3.06508402185267,0.1712532987741,0.932900994696578,0.138060733460621,-0.534770705223806,0.0648765636545844,1,-0.222029997558076,0.190637537610021,0.68510692520303,0.119040252155941,0.72298690670617,0.0866213571989925,0.751292021964056,0.0794838969062008,0.546845543482137,0.0862055244529518,0.635651860810121,0.0875169103851305
3.36142925010422,0.184739464181546,1.05441502454702,0.147460273448368,-0.661783456420477,0.0466482210188399,1,-0.376785516495227,0.271181382738886,0.84091072321503,0.136428312013817,0.73834387113845,0.0943662706932969,0.841446540514386,0.077779604820463,0.696343903420172,0.0820760779797749,0.868107662195363,0.0794600418620937
3.11543153799496,0.155034122181852,0.924010120471533,0.127344264148327,-0.549858673627927,0.0615156047953887,1,0.178967691416642,0.214375177115877,0.77546921688123,0.112706531338922,0.435200277725208,0.101738629988835,0.643728009034653,0.0796175325511152,0.639583300211578,0.0830043248903278,0.680359233511182,0.0826412280057769
3.17110002128616,0.196859333748176,1.01523050179687,0.1456514716424,-0.669762010676665,0.0480386934756928,1,-0.0228100803899056,0.235150697032416,0.591031792017899,0.14583931453425,0.738725977892324,0.0969144104749103,0.673328224397246,0.0879402098651975,0.720119201806346,0.0842121614768593,0.760791707401937,0.0864107458899874
3.13002264841145,0.1626395752964,0.920403164135888,0.132673321252304,-0.612150790756707,0.051656695337744,1,0.434169684630969,0.238290307626422,0.378760505738009,0.151758220509993,0.5877270270346,0.0948589398655618,0.801316061109612,0.073875450548575,0.630127478731083,0.0787596627633235,0.716070308576165,0.085225464277999
3.10756333335535,0.16855784167335,0.930924692359992,0.132911755131642,-0.55641571866233,0.0620688755635674,1,0.350837485860745,0.217938338998004,0.612804135370988,0.122008261471634,0.612179059658468,0.0914596520824817,0.689923535844815,0.0808755670752443,0.670160520094457,0.0774226199853358,0.706115607298466,0.08437016195764
3.41976130462167,0.193107578018293,0.94600929810997,0.134477582547217,-0.642762142594722,0.0536473632631201,1,0.336495041683238,0.215732062592086,0.525709931177515,0.137139558272132,0.724005074486249,0.100943646453479,0.710563010300373,0.0871119305270901,0.763498952891967,0.084824864687256,0.734542817878004,0.0896582261295164
3.00627173406796,0.178189470041685,0.990153420970498,0.150555238985391,-0.561287561121389,0.0670788211989373,1,-0.0124348076721448,0.235484098055715,0.615658924320799,0.127824117729531,0.696098926210448,0.0946506027257263,0.65944468943552,0.085027416619532,0.727414689384466,0.0783203942225846,0.582298145867072,0.0931509008448766
2.99090706330923,0.189289375189314,0.815350461809684,0.132526111040969,-0.608953559408342,0.061643804499588,1,0.184303501833729,0.20835517332582,0.590908556947226,0.125767568073879,0.640366120400795,0.104486452480861,0.555519666538146,0.0894590455402964,0.654862041696391,0.0919547324173055,0.688168111693017,0.0893745444998749
3.1813048825724,0.192943154112874,1.03136053099794,0.153934549282091,-0.678053441636439,0.0520170883948447,1,0.142518945912946,0.22809543457576,0.611076438867153,0.131693598931274,0.669665811733744,0.101161635424355,0.512888047965767,0.0995490833034423,0.820835843669681,0.086826145729157,0.705604168198495,0.0904497475221003
3.58677699643585,0.245961008646992,1.19788903538397,0.200677086469215,-0.6452216821576,0.0591278618845116,1,-0.010469189741379,0.233047746590319,0.784785455684406,0.130741568656481,0.742509082725397,0.105170395856365,0.774915719643018,0.0970033220280984,0.825060622209819,0.0937408701685125,0.777659994493439,0.0998859458535955
3.14630959871834,0.144208990131652,1.10684931026553,0.136543217510732,-0.565235289046972,0.052632251418492,1,0.216354906370551,0.189729941418012,0.457267206530023,0.129100626420564,0.843249638198541,0.0878306373603498,0.691437408899342,0.0735375882609104,0.778626551752369,0.0654522041597004,0.604315642658431,0.0802745130254096
3.49733054021358,0.205001429123809,1.06707928181292,0.159176465840126,-0.666603753115986,0.0497125422065633,1,-0.221649926133803,0.237723793742768,1.02182688227168,0.118167911149563,0.702423915688547,0.101860202491874,0.709571012755457,0.0945185271911317,0.78818998521166,0.0834079623617656,0.764855178024632,0.0812000105533208
3.21758154563513,0.176442700797944,1.13910437004472,0.158491944560715,-0.528052531962582,0.0691407204822845,1,-0.331845623586016,0.238825402421482,0.80783613298754,0.114312329620997,0.682797572068052,0.0963743458764241,0.71939973076404,0.0859431797017816,0.717454796253687,0.0837673930063116,0.486860500342858,0.0909610712329393
3.14107642564848,0.158760371198654,1.09364611374427,0.137630501051437,-0.586771420149228,0.0533043873291513,1,-0.332527729463652,0.223226954415288,0.840535156404574,0.0931582113555424,0.700498344529716,0.079361216314139,0.585886921348156,0.0825766514422929,0.69586377707064,0.0809507340257642,0.813485670144086,0.0817947025694829
3.47977237368055,0.209240443804608,1.16733500704741,0.1783637667419,-0.643894562805922,0.0550565304723974,1,0.115237718406943,0.233841563736517,0.797387572352454,0.110485000366598,0.682231977892676,0.0913613964521489,0.910299813100942,0.0802294403793059,0.614308700667052,0.0900447749900447,0.75761727771238,0.0913489606978613
3.18743170898721,0.172442903902831,1.07390433082222,0.142920286348444,-0.633802610575117,0.0434707406408286,1,-0.0327058742097116,0.221597572838253,0.625128449640536,0.124923992583491,0.738026714569099,0.0949493724750286,0.71260680688026,0.0827637345237873,0.677779475922495,0.0829824840711819,0.649573947060747,0.0858581247250424
3.23156512112183,0.160604400639722,0.806449860695254,0.108889266184944,-0.551761193262015,0.057430250398829,1,0.47974169822349,0.213211860335838,0.706592110369753,0.112560824821368,0.669563000947987,0.0868334717642515,0.571802072235416,0.0835376356045077,0.778206903986246,0.0795260835596783,0.666448413699927,0.082920929565907
3.35641703856637,0.186635427810067,0.91859707015157,0.136076113217428,-0.651881217079963,0.0530801744327166,1,0.163547229736151,0.207778472567699,0.760536310259066,0.114187636656733,0.76195227268829,0.101815816309855,0.731282480953449,0.0821752764821236,0.801600069237793,0.0798158028450316,0.821028020522732,0.082969452535945
3.45556954200353,0.20802985045114,1.04411776260787,0.160676535477658,-0.721394277567769,0.0440741826131572,1,-0.0673103605811919,0.265944310790082,0.779731014942168,0.136853469791008,0.773561200257587,0.0956002263974204,0.764522565455935,0.0885625602812185,0.65382199433049,0.0944512584598625,0.849513579878845,0.0866707771930935
2.95800536592181,0.149650102730205,0.811532102263022,0.111148379398553,-0.610778579736354,0.0512923569513229,1,-0.333647351810339,0.231707131759509,0.766025451437051,0.119193990467313,0.665531918424999,0.0878095810086292,0.682309811011434,0.0757202847341317,0.5461678091098,0.0853050598521653,0.658766148439561,0.0798560359805876
3.08732596798222,0.183195374995842,0.891841505601958,0.140666720520976,-0.543409512922127,0.0677433020078891,1,-0.181249484494794,0.264265883538033,0.823885880002186,0.122567004305198,0.620545271558626,0.097333665490772,0.671565864380469,0.0859129793465768,0.705873201688852,0.0832362975686477,0.572052730608336,0.0843278335838501
3.37091727850933,0.208775590349516,1.03408798248356,0.154392449269742,-0.62325408990526,0.0582935781920713,1,0.431556188435486,0.221612934861154,0.56309397807716,0.130502720753971,0.663273745968579,0.0934894977300465,0.777242484912343,0.0900308625002659,0.711540952290393,0.0885933385354947,0.728083849747727,0.0821772355876526
3.27316917610121,0.18593539678119,0.995157215152689,0.140026637729939,-0.601408846224538,0.0570951626069244,1,-0.0258128918700103,0.20476312871452,0.836586374767804,0.114855107747427,0.679499010073499,0.093023040186379,0.585897058873281,0.0930539264505704,0.675813021445649,0.0888538544898466,0.72276596522923,0.0840756434490754
2.86034238889304,0.164163641769405,0.806323288020434,0.120619990915907,-0.489894843326349,0.0732275103893143,1,-0.486391721917959,0.217009528779891,0.636452266197461,0.129234324103098,0.802783516982515,0.0860414896269371,0.476380864920865,0.0889424946918498,0.729230030338543,0.0799450045320032,0.497959650249043,0.0909667854199434
2.94695224783338,0.13935157935858,0.701818695298639,0.0910426634826339,-0.488941987111344,0.0567585117794611,1,-0.105091265073539,0.217987700119495,0.693223048688076,0.119193982142026,0.668711768573182,0.0879075097921285,0.526081619640654,0.0850041972216159,0.533888855288674,0.0848796500289817,0.595343401320071,0.0779594323432682
2.96433543220346,0.178758716785319,0.899817458157438,0.138549711564848,-0.53427319651793,0.0694414655680197,1,0.139453886917146,0.224578329930607,0.507915470929502,0.132439950911509,0.633264975418467,0.0996187226593008,0.648552744063628,0.0864734493649989,0.624296804929836,0.0830810848840646,0.675300485152101,0.0883029923149261
3.31420073039749,0.175990419626652,1.0825459406925,0.149086574724165,-0.549566890472641,0.0648164070526725,1,-0.00279203622937647,0.19540143727305,0.727925976603799,0.11561853909135,0.719457129840845,0.0956908930784317,0.707496221822003,0.0803185866046008,0.641513301026963,0.0812007586904306,0.742959065304926,0.0733462071309138
3.78515228662492,0.240886415729853,1.50814315070355,0.232908223322933,-0.634419278313739,0.0590628640913698,1,0.392224171443222,0.253901023798247,0.761965678576565,0.12717304983694,0.774273064116705,0.0964326848109351,0.822382580833416,0.0915382600256701,0.847476860734465,0.0783023270856627,0.824814255719672,0.0937648332844314
3.53062338419628,0.206671254433061,1.25580727625362,0.175822265112525,-0.669067611800178,0.0454994911452469,1,-0.403581342703818,0.253107834707014,0.936849906347091,0.11822075963725,0.74367128478353,0.091900351869892,0.742311285020258,0.0887849198512574,0.815882239227524,0.0802092283741004,0.807177761528049,0.0830355479126971
3.32018234301875,0.188376124968195,0.953819582919716,0.140249628283635,-0.608995634686121,0.0569792688615959,1,0.0364998153387104,0.204769353260309,0.783293008074359,0.104480521614935,0.775679004283449,0.0956528872927126,0.603546020647893,0.0895453735603495,0.728745184010837,0.0872896188047165,0.63883370907109,0.094986582992808
3.00692201200539,0.160563182290974,0.835283386823978,0.117026990876714,-0.610843486523269,0.0479278470334787,1,-0.106927111384614,0.24583084517383,0.647386430098705,0.132050293754572,0.726102662714835,0.086846146303186,0.539631564888471,0.0879376948788055,0.718662943860633,0.0753320276046575,0.506147147012192,0.0867739097117843
3.26355157361238,0.170746928076754,1.11339685853453,0.146835481596292,-0.617692024928412,0.0521862184080066,1,-0.496385950851497,0.229739278611868,0.81567423807355,0.114750338560351,0.777481418589009,0.0835072107272528,0.627978745094216,0.0877502220192673,0.701861332747948,0.0751236896899681,0.654220379192618,0.0800211373715902
3.02250255258734,0.179230822404209,1.01848330729296,0.151323169323538,-0.588413601237976,0.0559847447231709,1,-0.208499552177986,0.209943707115824,0.731297321899748,0.108146432916678,0.66011763452328,0.0939484194768968,0.64945341379046,0.0876654876455727,0.610149683520291,0.0841901373666594,0.749816064990223,0.0854394123987068
3.42722231540528,0.210326737267964,1.07145051169005,0.167548413008364,-0.655109265403545,0.0515873977878578,1,0.485502327575593,0.216630214674717,0.515492748190996,0.118245832083693,0.67358314770838,0.0971599320577575,0.862095162553496,0.0868811033412282,0.732215621384612,0.087187031616684,0.621706848588309,0.0866169932768569
3.16164155950521,0.219356884574198,0.988925251589833,0.151776323018503,-0.670539557576605,0.0551426608433277,1,-0.0118145565579602,0.223968467089524,0.661034547288583,0.132249291572352,0.709172733921885,0.0948779012729323,0.768308977661129,0.0901164690910828,0.599082474484078,0.0988677979784814,0.673991638162911,0.0933128007113987
3.30848395418516,0.18899602893021,1.13152285743106,0.172768329576495,-0.660349752407642,0.0533425774112849,1,-0.0588810287957631,0.205989883551242,0.950784311634598,0.101164603847724,0.615895979248245,0.095700240333075,0.797563460405212,0.0849853449314919,0.599045147203585,0.0993838261808623,0.736685784092424,0.0933516706876803
3.36004590681197,0.185932701534687,1.12772004953777,0.157228387648726,-0.691268583536653,0.0436571838016702,1,-0.0164606058273653,0.22991924195716,0.654748548672567,0.135314365007203,0.776066747173885,0.0920633649028918,0.726644215828804,0.0880190247480789,0.808560548861014,0.0829804490847984,0.732463887850479,0.0843311495320962
2.70290875341784,0.155739853672856,0.633719935422264,0.0922574391034968,-0.475180535959052,0.071477427829167,1,-0.0740037426604203,0.167301886843933,0.670084169438072,0.101902043638873,0.50276788131036,0.0922507646505334,0.511264291078471,0.0818924046961868,0.567018307256376,0.0803857682903025,0.448531625612148,0.0942247626153517
3.06152672841451,0.163179954983497,0.849034305828243,0.114442822418316,-0.492730305497018,0.0697167913043724,1,-0.169980457759564,0.224705401590957,0.801555054096231,0.113198063292821,0.588280614126115,0.0972756583895384,0.63304504083625,0.0846379131434666,0.717207404202009,0.0745867191400647,0.738626988889105,0.0776765197827125
3.15270044270374,0.172100292889124,0.979504897838611,0.144684676651473,-0.556864924932997,0.0602655278580858,1,-0.377589886452507,0.251961733950961,0.912967674849443,0.108018898634587,0.607775641053262,0.0987986306241024,0.60583656308872,0.0876114418667348,0.612554086940573,0.0886471083123859,0.755478761984645,0.0824375682558821
3.44675686884079,0.193163682401785,1.06092116579391,0.158096916294735,-0.595380314774085,0.0630753392922848,1,0.117831439300687,0.215962243300011,0.753586651329367,0.121027377127717,0.763964300886948,0.0923537352317663,0.688165661503545,0.0878260892254145,0.749051950050679,0.085960745872416,0.664302096000324,0.0940208509799453
3.31170999125637,0.211859639999592,1.12310476422733,0.179806104135162,-0.608418938492222,0.0626298208567104,1,0.0594154141039965,0.245943325656207,0.693319881003567,0.135587969808442,0.747805779983271,0.0919379505573816,0.665585271429072,0.0939160994480451,0.780140516612704,0.0922027040630802,0.585807685285377,0.0953321532856252
3.32078684568588,0.19951385591155,1.11700988778364,0.169546143984099,-0.646022013589242,0.0530595628924116,1,-0.214875276210712,0.230791166556356,0.881689887324043,0.114934960381437,0.599900380854154,0.0977742252457782,0.712810391688707,0.0874060441091366,0.803772428546405,0.0834746264547119,0.795694158481258,0.0820483073622685
3.14214400763173,0.211199921788472,0.969071253925102,0.158675415244131,-0.553666914885188,0.0651860349614892,1,0.12984261846951,0.20187957994726,0.613546812713366,0.12434687649494,0.696847436099898,0.0978744134660775,0.648809527968055,0.0932304283291314,0.79804279885494,0.0857941353312179,0.57983397021354,0.0931338324099755
3.16333983636232,0.194314641505105,1.04418752147195,0.165110356313897,-0.48068290253791,0.0827532912904542,1,-0.0335543400914648,0.183581876997527,0.728083837333778,0.115722261456941,0.628709938743338,0.0995239958686964,0.676132399500932,0.0833541497992129,0.631542792401503,0.0892161674281464,0.613108153017079,0.0893101280827648
3.26668758443672,0.18204650138611,1.01418476676179,0.136548014814721,-0.591687967971189,0.0568515983995379,1,-0.0034461585625536,0.224340005858917,0.682004092511549,0.125939831897742,0.754374345100232,0.0892557135558602,0.664333432670997,0.0799447918694521,0.808861647889672,0.0769895902076165,0.751266155571515,0.083438437862123
3.0395920473989,0.181858542313044,0.893836681431189,0.13026739300256,-0.536230223656917,0.0686373810490802,1,-0.166024112717084,0.215451356077157,0.789219486905346,0.113664697203689,0.512109665012784,0.0979961065481692,0.708829769940302,0.0868092257146815,0.623175150264387,0.0889975520109612,0.62890287605272,0.08081166013471
3.20646760226842,0.188158273700861,0.931475966323948,0.134633715680905,-0.527605055760066,0.0693868089964127,1,0.0572259952473961,0.241546246535783,0.650895349157004,0.13746197854225,0.616418466912023,0.107687556119351,0.723478113824495,0.0800926582717005,0.654164000847517,0.0882749366614384,0.620120159677564,0.0913989095831721
3.28197221597057,0.235290184558944,1.17408480097473,0.198072923212795,-0.603965945091154,0.0668123343251162,1,0.0236202569195694,0.182232460089556,0.741020651876768,0.115012147501846,0.726592799274783,0.110213270371139,0.704208105870157,0.0979678724652368,0.81559182473481,0.0947822084913403,0.689046963540718,0.0945203941877774
3.32949939609454,0.196057090498772,1.05328438447966,0.153073638050587,-0.585145616106691,0.0594656589082527,1,-0.464585624591701,0.19394042110223,0.931329610070798,0.0977582886362634,0.767044419509863,0.089200365915486,0.672883127056787,0.0851223086207897,0.708717741367986,0.0866375539074631,0.650341193085815,0.0939658527054397
3.14431860320509,0.190384923695811,1.02515167225385,0.144679058608549,-0.521984248479587,0.0686367717022021,1,0.102412609200755,0.233331459940819,0.682297050911464,0.119504488640759,0.559563718040831,0.0991796500593047,0.776958301993326,0.0878279786886527,0.585972928542667,0.0868539100591207,0.768268360424814,0.0835702139534654
3.11039019358617,0.191062980330412,0.897644554067203,0.130293560159237,-0.578956199780329,0.0603265286245774,1,0.00613267461726048,0.224263240080105,0.648066474217791,0.128092131100402,0.715348909740594,0.0980049998728529,0.631677484330278,0.0842649964279283,0.628558988343993,0.0869103676780635,0.743332741386863,0.0844084513930145
3.14926315049976,0.199248442740098,1.11561559158907,0.169346238305673,-0.548655124109145,0.0710870260056126,1,0.0438514877841417,0.218569112326154,0.563342701795984,0.138893647537989,0.671234276334833,0.103166820686448,0.635067590725453,0.0916151824323463,0.875362705789888,0.077713898410998,0.524019669113975,0.0885512383264539
3.19186357117329,0.168231379012165,0.78730799628713,0.111704326286458,-0.630261483695996,0.0482074921759406,1,0.11177537486297,0.237074221315004,0.658225607563121,0.128650766885926,0.671211305964867,0.0985257201854045,0.853851770797238,0.0830082781871494,0.625868644340572,0.0829191899689184,0.720673220108562,0.0782180902699764
3.07240289251005,0.178878827499255,0.868932607463664,0.126070768853374,-0.630253527059849,0.0544266118435443,1,-0.79675450457143,0.262864451084053,0.930304206921452,0.116060368468517,0.67602946625521,0.093531360623802,0.644642149459821,0.0881213964388749,0.648453768387767,0.0815719297363825,0.700632664385371,0.0797863554056862
2.97741026948727,0.175413859636111,0.911195262483637,0.140156649657613,-0.567954116751397,0.0615498270084879,1,-0.0978063274071762,0.205655921681658,0.68020441469575,0.121000743604272,0.77440145440549,0.0802316070482531,0.578134070526768,0.0857809126208415,0.64771724933366,0.0867900865632311,0.549737379406626,0.097314415846343
2.89035429831795,0.150180057361895,0.712424956438401,0.0996777698311774,-0.421044698771803,0.0770444711037916,1,0.103844166952861,0.217792607255273,0.469226342108813,0.126795294271572,0.682706863476373,0.0890956447875978,0.569804226338442,0.0791781728721101,0.499425265558162,0.0846249381012158,0.567381646336403,0.0817586314506406
3.41992592414978,0.243370989102808,1.2503742645667,0.206096088405726,-0.675110448725134,0.0565961154249422,1,0.211351774393079,0.291038913295568,0.560882096558774,0.150672752849751,0.865422613847996,0.100946303491315,0.573971307522171,0.101525703873557,0.737423566244545,0.0981495931242663,0.78197746834993,0.0927972781553997
3.41604188019197,0.210419406220776,0.968083757205321,0.143165329762376,-0.676391970757562,0.05108305416443,1,-0.168634934935455,0.281091898955213,0.952051629185329,0.12450964337409,0.588544516540959,0.109490275637358,0.756140924088022,0.0839870034516579,0.768331323602508,0.0883250684387725,0.751692405390317,0.0924508985487224
3.03862640149993,0.162640169738627,1.04308280794418,0.146354488767584,-0.537151929514309,0.0686692291081256,1,0.106956023463286,0.206877825184894,0.625201428074018,0.119249005195589,0.571904697194154,0.0949228352239409,0.612461841520259,0.082376326127056,0.616170118288324,0.083715816252083,0.619694045623485,0.0845355935539684
3.4048043888145,0.206442342561769,1.28115870320327,0.192766098169768,-0.663675540407645,0.0524142901540183,1,-0.00285657810463292,0.242445967159839,0.790201406343221,0.137602318015251,0.611430705994518,0.115593885851397,0.88995277703284,0.0876001125360855,0.812993965847022,0.0838535787262845,0.600094700965116,0.0933420091808886
3.25890864475488,0.199268449436228,1.33367946264527,0.199347194674647,-0.579095852520608,0.059686075485943,1,0.153699469626005,0.215801322545861,0.673224950614302,0.113859563372659,0.686593571968745,0.0962466570645959,0.681198423637342,0.0857636425715976,0.680803464684243,0.0976630808652371,0.737062191060892,0.0919195587279507
3.53094762618069,0.190020898897383,1.05904338306749,0.150668334870259,-0.693141757640573,0.0389709028214885,1,0.524152484368059,0.227022037275016,0.610515714544546,0.124536165378074,0.610822996134777,0.104569580844692,0.741141176898409,0.0811455866670889,0.880556005580522,0.0780102432785844,0.66271915529513,0.0841948190188605
3.32396794812904,0.181588896092725,1.10979907887432,0.161019574843784,-0.595405413999486,0.0582598552144994,1,0.147603415895565,0.221687447809779,0.776382913353315,0.113592152074081,0.663683140338375,0.0866190629815809,0.621486879537436,0.0950955449207391,0.827472402956478,0.08132874858403,0.683300632894074,0.0891692465449977
3.28631457689762,0.200537395456633,1.09628578192705,0.16445341257733,-0.616763588721496,0.0590175032213361,1,-0.0599156829392848,0.20755660022075,0.725618455710495,0.124696658179324,0.636369660635565,0.095075898651719,0.766734452165181,0.0864725050086602,0.639877795125431,0.0941927019268917,0.668094195295731,0.0896825095018818
3.21475669225467,0.169044021084716,1.06923403610265,0.14680374778591,-0.646369333469766,0.0508539759963541,1,0.175135427981631,0.247295522747581,0.740181735727805,0.128563528388192,0.670022479110321,0.0929785901205973,0.692259806164404,0.0849264393855414,0.69619911801475,0.0761702379835918,0.791792194680248,0.0813081294490667
3.11738880976431,0.177331513160149,1.00626686890983,0.145516862928034,-0.566105921537338,0.0616205946847987,1,-0.10747292910297,0.219727003320152,0.648970136761056,0.121846691583273,0.805916946291125,0.0823492840467342,0.767586679466963,0.0808312707115794,0.554312870397949,0.0895679616746879,0.648561502782239,0.0890378355686083
3.52018595736136,0.2090199740922,1.12923751944441,0.170211986116954,-0.642084122709625,0.0560793126373024,1,0.214221827760978,0.21975334414239,0.817267002159069,0.121193331872213,0.573585314864392,0.112329005869278,0.739760440694468,0.0916884802024358,0.740108132196747,0.0856002357629707,0.751987326445254,0.0927930201841463
2.97151692802693,0.17757675508825,0.91096365850909,0.136708654463112,-0.510482570326996,0.0655156033571984,1,0.0854908554013705,0.204277264898937,0.568989444066868,0.11651948949481,0.692131734858854,0.0879859417070757,0.66769370301766,0.083820883425304,0.676686727799387,0.0801525171392663,0.695157862070634,0.082765270502761
3.22659740316545,0.181055488504322,0.88185991874488,0.126524690122451,-0.632610254311757,0.0509645784113631,1,0.391572560759731,0.227307976171614,0.461565425322479,0.14131536287358,0.714001555150704,0.0915666800534571,0.686284879725681,0.0842952935407615,0.674418568833051,0.0799906161307043,0.718133692089223,0.0851023374016348
3.12211116213427,0.187744628231945,0.913434425020365,0.134704621450805,-0.62392890010792,0.0551686985932131,1,-0.56465931756461,0.217282614221323,0.872634981023313,0.11373090750792,0.733339707458875,0.095955258978131,0.77247822544807,0.0807568499098101,0.642007390581585,0.083291089802105,0.607728072759847,0.0909577638767241
3.29808644068148,0.167264156902133,1.01715074204544,0.138111705438906,-0.632379707756666,0.0536252609885432,1,0.563784665887727,0.262451579818539,0.549354790512953,0.142919712372193,0.637058993204838,0.0903819235039958,0.643093591850358,0.0876559834906848,0.673747693272619,0.0849595227841364,0.773473759618048,0.0794733994082948
3.02780781805067,0.178278730012477,0.83314239706578,0.120738182780221,-0.446108702954809,0.0835188499600241,1,-0.137384130666062,0.203501536672464,0.67873136806062,0.112451682726079,0.75677515152717,0.0926174501424321,0.611674973537236,0.0868249705308938,0.662319875008289,0.0829147183155776,0.635306150783445,0.0861390372229281
2.93694585194192,0.180988760536593,0.809164002134281,0.128461512321579,-0.447939490005117,0.0899378743595052,1,0.0719423843911449,0.268546763374004,0.706150092237377,0.137730910865355,0.443034706398068,0.102229795148436,0.65561798235669,0.08560891566894,0.572165884704184,0.0903443818463836,0.677033625459586,0.0859535363863172
3.22629575854406,0.183653064779668,0.975933627706769,0.141893546432102,-0.558688004239207,0.059044398427398,1,0.00542331658743716,0.244592325126737,0.754454565214853,0.116411285563663,0.715663574525275,0.0980369196734151,0.628996476851452,0.0889560527322704,0.745559914600585,0.0814306939951352,0.692671563709679,0.0865946379451819
3.33976280331797,0.190446118484158,1.055814916765,0.150621348199886,-0.584098969454493,0.0620636690725926,1,0.100906334741006,0.249995084526217,0.665920889385315,0.134536485951347,0.790105140722815,0.0887570679431107,0.613305132637513,0.0845312207161002,0.780201848979915,0.0738237986464935,0.70741452069803,0.0898321661245608
3.17672278011748,0.177322586344278,0.860774858424937,0.127087406669379,-0.617018410238274,0.0503420736220148,1,-0.108541652306904,0.207878306802257,0.761174803619578,0.114388153271827,0.715142774234568,0.0915045360181769,0.639961352503997,0.0876746372386398,0.592272018162491,0.0856363308876446,0.764562748902763,0.0809437480781286
3.07834385724959,0.175408136273277,0.916935353695755,0.138364520199239,-0.55282516373406,0.0681702358658865,1,0.121143437907008,0.197018544030663,0.640719284046246,0.113859817112722,0.584854957665789,0.0974013014202078,0.634564107858367,0.0815777915779463,0.74127638098515,0.0816190177297991,0.666611825155754,0.0889610641922293
3.91413150680809,0.300153484747286,1.47343001625319,0.25921777271004,-0.762828521023628,0.0429868283756844,1,0.172010046149988,0.257394424540835,0.69154536123265,0.14239566431066,0.997903254044208,0.098521594309308,0.825409229356637,0.0994141195216892,0.869247538693497,0.0967322385520101,0.963065782661685,0.0992668648114164
3.09150761910724,0.189953238419182,0.841630532937285,0.132436814433606,-0.577751652642704,0.0656719931972659,1,-0.298449580406287,0.241352001231716,0.805508923932199,0.122010016855003,0.722706523153942,0.101627931904872,0.621829581560041,0.0898186984222761,0.686850176849084,0.0891408410517767,0.667768855692527,0.0839928397147087
3.00399825207599,0.181819120317158,0.922749328701702,0.140177912139687,-0.578527271005652,0.0650903876763803,1,-0.344091659408822,0.279046357782216,0.619380657799009,0.159472248611727,0.796470748117694,0.091920747586252,0.692358308353892,0.0876958048034908,0.634062505222125,0.0834934057476125,0.84059489667165,0.0828910920920262
3.14275929502344,0.191330162362516,0.861923899822214,0.131833657003885,-0.666477575590534,0.0483462530981574,1,-0.127034717412192,0.237379219704692,0.767305463678009,0.127267259091622,0.795235877702992,0.0872410205595658,0.605238530266253,0.0932687527841703,0.521671531236253,0.0922142406187955,0.790249802118718,0.085362363977104
3.81056244713493,0.259656369007758,1.59228745252818,0.265421689451514,-0.706520109622813,0.0485405149914247,1,-0.198524755300771,0.275356892597024,0.715611425387184,0.160663340031068,0.997839072721918,0.10184501722117,0.91223392844919,0.0855995438257767,0.848345098183134,0.0964951330314548,0.901912989039209,0.0915637838488419
3.13146403896459,0.172149940977107,0.913188478896963,0.137701901333135,-0.578100771745201,0.0610916390773301,1,-0.159226311140243,0.218164122100799,0.615482589577791,0.133805542628157,0.864180254182561,0.089627508077128,0.592910868932696,0.0875123976785297,0.708762487229695,0.0820095587050059,0.66429847151036,0.0829494693080473
3.01295030728884,0.181248422279683,0.890358641210909,0.139580654980696,-0.605725852629764,0.0556943613838991,1,0.159521519602505,0.202265090763647,0.446887524025701,0.116708253950273,0.797172205133557,0.0865968341809006,0.697382414309202,0.0855024261027901,0.50065557119842,0.0920802525175833,0.657594100132557,0.083058706354011
3.97842176949272,0.277072686001981,1.46281923720036,0.237933368356106,-0.718590465466211,0.0499268206035152,1,-0.230681384225722,0.258092191964566,0.932280225762749,0.119549235059919,0.878857090993917,0.0972600360889966,0.964223075643802,0.0909515188041791,0.763015779660477,0.102858157533528,0.845497790861303,0.0963542980224531
3.29043103536955,0.207366632822786,1.12124959520564,0.182740548177391,-0.630561707655547,0.0589920232358677,1,0.118586177972211,0.233282282816724,0.543148926443275,0.139188016746393,0.784795484044976,0.0928816907836914,0.767202777033184,0.0971130868716398,0.694865823099491,0.0890683532104654,0.681079506620285,0.0947364693973283
3.20862501319663,0.193157953375532,1.02397901919959,0.150616150303243,-0.627433183981192,0.0527579090842028,1,-0.397010101765302,0.248237723547284,0.869897105230386,0.120603625151573,0.694973012847262,0.0952067009339953,0.641145383342627,0.0897888137636929,0.679730498332272,0.0853820835468355,0.712805765891069,0.0850138488089843
3.01420886476385,0.182195022628418,1.00002708810513,0.146516872429379,-0.610920671002047,0.0556417412423427,1,-0.314615535107794,0.244453527710361,0.752844519262325,0.127773849984909,0.625742922122926,0.101097270896298,0.734802568371072,0.0849820445607,0.647259655289851,0.0854216901190139,0.66535584101731,0.09000461679915
3.0422298709576,0.179659084509134,1.02063459427371,0.151128217390576,-0.581363917239786,0.0596571003324492,1,0.045417174489909,0.184419863631391,0.547622565282713,0.115889049498968,0.806879447720587,0.0855962194582308,0.69898741423958,0.0859365202389518,0.528714569496259,0.0896505827513797,0.761754069774231,0.0865051993007018
3.06012087556711,0.167666875703296,0.850209035264452,0.124899812889538,-0.47839105963754,0.0766210110325764,1,0.162300826394478,0.21435676402552,0.6249889164436,0.119829267640255,0.621747700920031,0.0904881540256343,0.708992025226944,0.0814825217659243,0.627105715326676,0.0860635195654649,0.596119625780487,0.0910075608137239
3.29967263376628,0.200377959459894,1.02334973017282,0.155513609600014,-0.629128276638616,0.0575212044350978,1,-0.21668296499645,0.219838537846642,0.903896579642266,0.110723474901851,0.641701980318978,0.0929602807790985,0.701823636296352,0.0958640804612794,0.712308955553201,0.0914530258274099,0.765004819824572,0.0875876208990446
3.20182358307835,0.164710025384958,0.954911909685045,0.127846369442021,-0.689071413252369,0.0431732466034991,1,-0.040460287308294,0.19894026041032,0.750806756350673,0.110886164074839,0.785580895528759,0.0914949906115722,0.509249273316768,0.0893072948005598,0.781157617648628,0.0730769566073805,0.625794385270978,0.0827890592316458
3.19741694307601,0.184067811016566,1.00804786972394,0.142487103810284,-0.55955966276221,0.0560826148976434,1,-0.17978646836539,0.220273459958614,0.709783487631606,0.116984250262869,0.775316051952516,0.0847842480422161,0.639301590608703,0.0880877938004366,0.855835752515142,0.0811680512368621,0.648636698012087,0.0872855252825946
3.43890049963259,0.18098395049649,1.18604250446849,0.175892053021821,-0.598987112070372,0.0570367816989312,1,0.474489013220843,0.208951870628563,0.57513800300694,0.121489094373256,0.696394492766115,0.0880684519978616,0.694387969131596,0.0916130227106629,0.673532338337023,0.0939450581617063,0.751112610015825,0.089841988055209
3.16163251222205,0.195553695656434,0.904532298223425,0.142494188953932,-0.581774934309856,0.0654007184722407,1,-0.0695037405659192,0.205443545144173,0.741950973598481,0.120857639320187,0.578658776793099,0.112782866225641,0.582884007183764,0.0956516267982669,0.719720862264644,0.087483982880757,0.654898225011216,0.0921334166464928
3.44242790577618,0.197808622370891,1.09778329011979,0.164710818773289,-0.548629935542934,0.0723149932787453,1,0.134543916602158,0.238527246804867,0.699090831403382,0.128151911526277,0.792258902719447,0.0892529239321423,0.662347998105361,0.0926707502164369,0.727672959464127,0.0875724415031716,0.823810535580246,0.0794696941632814
3.47718802484813,0.205251409178338,1.24343452379514,0.173029044362475,-0.59650971710013,0.0639105221165892,1,-0.142745584369453,0.298020961815383,0.650719598324183,0.16567212234759,0.868715605729678,0.0822944928790062,0.683815888384134,0.0949708841095675,0.802741029995366,0.0800059018586206,0.852537085892479,0.0828553754124818
3.10040718724912,0.185771533186546,1.02858359852164,0.141220139599192,-0.549468145509488,0.0677274284802258,1,-0.227084988818133,0.228860751070673,0.751596179671708,0.112082144511482,0.618931755232406,0.0943930484105948,0.682350972060746,0.0900195320902108,0.699256785777355,0.082142002768726,0.598063409652403,0.0911276149225839
3.05342200528952,0.187735710051267,0.808158419712878,0.123772581795382,-0.596767509964299,0.0636678493459851,1,-0.463462105116457,0.260826758099137,0.833743333005242,0.130440039774521,0.732001620055874,0.100248694451036,0.687442286278357,0.0881469408757426,0.702280411961624,0.0869499536308235,0.647751651252552,0.0890992392978257
3.68514528954374,0.240984261684651,1.4390526975954,0.246705992894367,-0.659006896114959,0.0568136048156226,1,0.240138478001311,0.214560036895192,0.78127148045773,0.127818860145527,0.50604159419434,0.119711788011535,1.03754022476844,0.0870467267466988,0.780690545494775,0.0887252224101074,0.668703073185322,0.0967129935343163
3.20091507961191,0.160949938510749,1.05249169122191,0.145485829324967,-0.50517294539141,0.0579070465491767,1,0.00608722768775233,0.220162430413515,0.712817060424374,0.113526793171321,0.539715779835397,0.0996158196875528,0.643716337473044,0.0830393889690048,0.755354241214933,0.07321992488677,0.739644228651485,0.0839238545255653
2.89727889107057,0.169302501960216,0.808233623374517,0.118055350539062,-0.509159566395649,0.0737769882613877,1,0.16210362427578,0.191960793390505,0.419473727666782,0.13170268826699,0.690371067086319,0.0995295252319511,0.545730827122698,0.0952573919752897,0.635318902724794,0.0811798927197181,0.41785814655024,0.0909232470559498
3.50431464949422,0.220385923098358,1.14736493474373,0.174061709068376,-0.635135160361659,0.051348680617584,1,-0.177645286990921,0.21733526846589,0.82119257302577,0.117313837195285,0.819295702579628,0.101497983877016,0.769159391299246,0.0888740636652338,0.771798947021631,0.0865298797564172,0.802897833469473,0.0867661818546148
3.11835238191984,0.180747654364135,1.188900462187,0.161866884935725,-0.613766732533661,0.0489968966560931,1,-0.0833211379587012,0.24771955108345,0.731972348841521,0.118905550490893,0.677443187547164,0.0926537140916319,0.58404118303832,0.0870153509602859,0.714400317195764,0.0835082373022932,0.748236452203013,0.0735177506408541
3.03438374275913,0.160999135365379,0.862467507260705,0.122877194036947,-0.460442387671367,0.0693706082154299,1,-0.0638304865299271,0.213625443759646,0.847492570036208,0.10040326932704,0.428520427960691,0.101472263370147,0.53186338340706,0.0908965379413698,0.774892477114625,0.0765469468495959,0.639041334418665,0.0855825537419788
3.29820411445935,0.2086180369754,0.988189271231249,0.146379343406479,-0.667401800155831,0.0537331999819788,1,-0.153617293478628,0.279681154585713,0.815916902985225,0.137424772221075,0.722600575987544,0.0970709335714177,0.673776411349135,0.0948295230359442,0.646414893619793,0.0940869060274618,0.855033088289369,0.0851927840190467
3.50640434192218,0.230680183857983,1.31845519775851,0.210916448945685,-0.69056927291639,0.0519065482130826,1,0.0590643961633756,0.254943305268516,0.619328966806273,0.145333620351945,0.871642401103142,0.0965149612661137,0.730289975751438,0.0947987378525847,0.726419835782643,0.0906712052536945,0.811268303512839,0.0894577893677368
3.51461463022837,0.224571260134087,1.21190042118841,0.188242497560156,-0.709023188504971,0.0444137856969117,1,-0.191781657873823,0.253239910408902,0.925260226223975,0.122100893582851,0.643776518886364,0.107923050347665,0.706859726304249,0.0951269176966717,0.784497480615469,0.0842738816341261,0.822523227428881,0.0871863583948463
3.12164553716308,0.173479669812435,0.830564118265394,0.118496630267874,-0.566186701489267,0.0630408973638407,1,-0.315431728607774,0.204308547220648,0.913766653841095,0.101352182935924,0.574524043669017,0.101545042880307,0.543002368209319,0.0879371463219152,0.749782227896045,0.0778614574020571,0.629760247247669,0.0855005733836077
3.11660690275471,0.164203130691343,1.03111601742505,0.140605135444383,-0.59189539653378,0.0581837318966807,1,-0.076102808718651,0.199767897408509,0.641579530968843,0.12524730559624,0.758984200504414,0.0963779124704134,0.581989374222232,0.089165512381254,0.77786470879932,0.0786246101103446,0.664455536907464,0.0872977848101403
3.58681730336031,0.216869226741837,1.24091329260031,0.189973366168262,-0.665931373440386,0.0461816346188655,1,0.397865447594036,0.22215975982367,0.70830599747251,0.11971634931872,0.836177391115091,0.0848669717196677,0.653121058763667,0.0928754112743614,0.903711398892051,0.0817717053737026,0.85308489399896,0.0923525926101279
3.06835896898394,0.181456459578349,0.909399198218246,0.140142644934954,-0.546548610403069,0.0707717497997736,1,-0.294636803933398,0.227087067648473,0.776615725102117,0.113933315512204,0.715035323739525,0.0882510132842401,0.554717356893702,0.0946473280656021,0.44702725512395,0.0913423261878912,0.824168444973586,0.0780914121526514
3.1436342894407,0.192423634034227,0.981260032361855,0.144346453599383,-0.640689955696894,0.0499367189104058,1,-0.00385273371327265,0.238376648797138,0.663219066932327,0.127985637556432,0.740768178428266,0.0914033919680741,0.667712375870401,0.0867945483484834,0.636260439546418,0.0874244863473925,0.625353057218369,0.0897492840897143
3.2000040932652,0.206513187561083,1.00425987211282,0.161111771268583,-0.658218655174662,0.0565561920039117,1,0.158955944508964,0.190079249537133,0.68974532928723,0.11335507934375,0.650732873225282,0.104033940159323,0.536459742684339,0.0976874060996102,0.660896376284941,0.0872753852337511,0.710073549396209,0.0931959048677108
3.12862927998501,0.172714623493843,1.06719242505118,0.146778056282236,-0.667005703430734,0.0454917777704124,1,-0.257799881858254,0.264786652320038,0.705869007539979,0.137034381051909,0.682763113229962,0.0936965807036975,0.819541780541337,0.075119091870213,0.573057565684097,0.0881269113005967,0.812868759425332,0.0782952349001816
3.69129595416003,0.208322324033229,1.28130361809397,0.182989974078315,-0.697449402881526,0.043077472478064,1,0.0869796600726355,0.281452833478012,0.835987482493347,0.124774368698142,0.778133233599746,0.0964582892784579,0.890926915092762,0.0735954266566109,0.782230256998964,0.0851298608096955,0.757915220264357,0.0918287707684664
3.4902321770823,0.212315748415669,1.27091656156777,0.188255602868537,-0.604317017038949,0.0581276320058856,1,-0.341020515268861,0.257552923468815,0.880038909122252,0.12543626382011,0.715827608568256,0.094615120893703,0.894273057587042,0.0831303736636627,0.742237462141718,0.0821951646727365,0.725217973359984,0.0952229423727439
3.24234712842283,0.185884130764107,1.04272317674124,0.148321557130422,-0.623755471254894,0.0541446483116168,1,-0.0984287520992589,0.1943685545882,0.688599640082882,0.115252807748255,0.748740865195592,0.095016899425875,0.691000263288788,0.086270471203838,0.625046277153262,0.0871226165661652,0.863467206066126,0.0791452618653237
3.37279698419724,0.219290927159317,0.982181368698506,0.156889254624916,-0.644271577143464,0.0552624090904682,1,0.122796778819995,0.206101559460472,0.611618039729309,0.125678986402883,0.795330518186049,0.0929049018497393,0.648869476662962,0.0893174486676847,0.734243183302366,0.095937905864403,0.734986429440724,0.093383974568599
3.36225430779145,0.213749041216611,1.12389093025419,0.170145389420321,-0.635258213563163,0.055898005405468,1,0.265095697859549,0.225248243389198,0.554990788348254,0.135441743025438,0.789272049721162,0.0922048993493692,0.826053955550035,0.0865247106126061,0.621241942646005,0.0911662693196043,0.777845387634611,0.0929440868959246
3.39107845182806,0.196532526305473,1.24769606541596,0.180292034249304,-0.659983520050383,0.0487944137146221,1,0.0274729566923077,0.216159957152903,0.721744371056861,0.118903575157661,0.751526772154691,0.0933679799927565,0.894907064049383,0.0811354023385988,0.655443749441736,0.0840669749253877,0.639413640594601,0.0919789287465764
3.59992799934191,0.191857517812507,1.31847092682032,0.184462699984684,-0.600967651568879,0.0572251061911277,1,0.517690405953533,0.20285084820682,0.642968609267459,0.115660941128482,0.842915042464828,0.0856119142784208,0.777724474624744,0.0800148738130199,0.649095935822374,0.0903976613918015,0.750984008763405,0.0918598620559631
3.59016393178294,0.228180007238796,1.30872564076994,0.194094745436508,-0.674167314156092,0.0511855068598578,1,0.213064643171756,0.237278908579907,0.618636098467208,0.142105650005856,0.954530742480668,0.0851344862095321,0.772272003946843,0.0871129496674192,0.740577522823384,0.090488537925904,0.808100479520258,0.0957689184428846
3.05744987820296,0.180590753127544,0.939111674709535,0.131377203103561,-0.546975638976834,0.0647527548481783,1,-0.0298892143447999,0.208426849865844,0.614966326084756,0.118371220445196,0.596277962030609,0.0932272412272638,0.749743158724517,0.0849858722398724,0.585942711681281,0.0867218833089533,0.805107060412423,0.0777972360072773
3.31202857395902,0.181063175774876,1.31083176327959,0.181227679858042,-0.625649545741377,0.0526240688783694,1,-0.0588525525909982,0.240036570030757,0.715374019595642,0.131028856948373,0.647046958682267,0.102795728735204,0.818056184700464,0.0759230550760791,0.760109897554362,0.0836474887884817,0.792185376580856,0.0788466046536321
3.50744123746171,0.198662970977649,1.12989850112752,0.160238268840959,-0.542357279362421,0.0739606580004181,1,0.172862753967641,0.237239089305939,0.793214556251218,0.119293621695717,0.747002849772017,0.0983549679430461,0.71469206277588,0.0868406788517337,0.64651270785603,0.0883651789535512,0.800824180718026,0.0841988947340235
3.30676323882665,0.168711282106987,0.9634882182188,0.131794642184444,-0.512635147463381,0.0665191446558204,1,0.237539841702207,0.219708016714608,0.621245275852175,0.120802971923193,0.576580187294213,0.0986918591247652,0.842803510087378,0.0788994512873203,0.687047532874957,0.0759572731902109,0.777949091645479,0.0788916018190345
2.92379357357479,0.168770696152417,0.887083708915579,0.126045812823731,-0.569815443825095,0.0618674403890655,1,-0.103372664172494,0.219796830758592,0.618832951862091,0.123111495390806,0.654082350014077,0.0897351649327029,0.583290548154964,0.0891653316754253,0.714006173115414,0.081078171220243,0.624144137743417,0.0874123821250625
3.41419635753758,0.188936461368736,0.922524673009417,0.136606626230174,-0.651484855537062,0.0456697174433056,1,0.192204607218863,0.205011511042898,0.817592915896092,0.112500130070594,0.600478194138884,0.10051131858824,0.763273726437073,0.079486056529135,0.782137836909211,0.0803144369195337,0.661293600694105,0.085788488199439
3.14997624410388,0.192956258583974,0.847423139597057,0.133767015134656,-0.577480336173017,0.0683443689084738,1,-0.170562538467913,0.198709888377719,0.679731694411039,0.124489978425116,0.714740071711964,0.104465240100162,0.658590315792007,0.0922365516510243,0.606506822888571,0.0886179141228538,0.690565051713254,0.0847502067605519
3.24220001049188,0.196378473777567,0.988223365480488,0.151773002574549,-0.603677575963473,0.0600844006658004,1,-0.0288535244700858,0.253547799532745,0.570696521768775,0.146002762734338,0.865125748513276,0.0982355876974756,0.773163202554967,0.0867575631493759,0.661610199520054,0.0866410510580328,0.679942856905074,0.0879430478115021
3.01702441302681,0.152475777731309,0.739876712728285,0.104281932041145,-0.474272226697723,0.0676851364575122,1,-0.0682778139418632,0.236242747209577,0.561784350558443,0.142842218142753,0.719810792932185,0.0875617136784209,0.652561988537147,0.0795754802826225,0.656227792104261,0.0781932054958675,0.663583929131839,0.0787710218586994
3.40730068102748,0.197917208682966,1.24546899046212,0.181625418324523,-0.666959448173417,0.0435203984001462,1,-0.264170155370249,0.220759134241934,0.988664622647871,0.0909070102926944,0.676014127251769,0.0957162624366974,0.75338995741046,0.0831173092517152,0.684133381935705,0.0888910411940654,0.792222510921191,0.0892636688933871
3.43989009228697,0.214764080366071,1.04425471153343,0.16697811685559,-0.576501219458964,0.0692501166798099,1,0.0224826409119982,0.260149054432271,0.697640389893863,0.145414710461113,0.730287278687059,0.104174493612829,0.749666936727851,0.0897212997651545,0.64278034643611,0.0932247467348658,0.70352353439466,0.0888269104552215
3.50297080637485,0.214753797604753,1.27761665040937,0.197945679306187,-0.683657314600016,0.0463146298293652,1,-0.0338232845162121,0.249202327272828,0.673217965270893,0.131817609709179,0.78227737062146,0.0985969905130569,0.881376800313956,0.0785366229414962,0.732924887147304,0.0872301397424756,0.795254177534355,0.0903722584955075
3.23558980501279,0.187897745238847,0.977175012466255,0.145474419195245,-0.609253927050131,0.057074310518742,1,-0.0150322958883384,0.194754613406732,0.58863174411902,0.128203669810211,0.889510377139041,0.089956118655238,0.593485252819879,0.0887616222204747,0.767559760747557,0.0799690228849028,0.722171891201767,0.0819495012650636
3.41884494608227,0.224187419154323,1.03379414974261,0.161306384367328,-0.611803220924875,0.0615073610936211,1,0.0320373065471275,0.291012291852134,0.666774303436811,0.15091119423421,0.754920735345406,0.106295211387688,0.809067569213599,0.0930427742016326,0.643275713454585,0.0869283739801863,0.797045790134257,0.0848930801122873
2.99938841163699,0.174383264144951,0.945908818184732,0.133158074485412,-0.436128178749906,0.0808114660112044,1,-0.0385728408261584,0.244359129082093,0.624035325503143,0.128754349453563,0.713502963697258,0.0922734570000177,0.619627966894655,0.0863322999130423,0.715129272156402,0.0762819373704276,0.664482152729473,0.0916886107472889
3.0486871620423,0.190209569535999,0.879983026440258,0.147545783413155,-0.470764296781886,0.0810696849025218,1,0.0502515105326534,0.201745134091837,0.53523394672557,0.131933787281162,0.562636506091681,0.100614392242152,0.683343515868804,0.0916859956235628,0.642672270251993,0.0873828053269443,0.662641684058358,0.0877247923295436
3.12618554636425,0.170507832711422,0.975968156057889,0.133942571477366,-0.594239712148286,0.0595254145470651,1,-0.130270872840166,0.203722822243672,0.726544092906807,0.107837741107506,0.667185759360331,0.0878660316547486,0.818489126849827,0.0798574736121818,0.609390437766181,0.0815344512071448,0.710813641998992,0.0840243260682363
3.18362701830855,0.206692582476343,1.02210915629856,0.148341550722196,-0.558588811706475,0.0686326743750838,1,-0.19686881699883,0.266873248818406,0.730123729942178,0.13840172926133,0.660078452624428,0.11054814670875,0.620179456415943,0.0966092291999423,0.692635903587735,0.0893812521957878,0.795141872049937,0.0894036640316589
3.43544775873389,0.223051690831004,1.24894127109849,0.199134425979016,-0.646753959780729,0.058476277361771,1,-0.131209033955553,0.240529489577024,0.662136961459385,0.134296056159704,0.843213409224862,0.0912591368508777,0.779934493193741,0.0980851394229314,0.690988965676233,0.0938508594394638,0.735124261261968,0.0926546167095907
3.24618911786354,0.185857623988674,0.905205156708398,0.13503912337355,-0.510403780252895,0.0644002307360781,1,-0.0703645893193379,0.194092782825332,0.795798827244073,0.119935580306956,0.587780121253515,0.108050115273251,0.565259120430454,0.0871115995083847,0.786831248336422,0.0786930510809084,0.695864628488759,0.0895023791681769
3.24374889400593,0.189355436004966,0.919106202851792,0.133520095261454,-0.661076740567872,0.044152911773366,1,-0.325251871260272,0.319169222101267,0.816464969389278,0.147684540964529,0.749022510860956,0.0879472870601315,0.784156361166575,0.0835815109848677,0.660063926885449,0.0866511664220494,0.635349928616511,0.0929266843732336
2.93264447893779,0.154546360272023,0.801035063538581,0.110267526792556,-0.461041978638753,0.0660203020638001,1,-0.483473631334956,0.239556657213205,0.912417508326637,0.103404867047766,0.623942978505656,0.0910355245869405,0.717990148845992,0.0730986649712901,0.563744524387544,0.0797888169645006,0.683889080331983,0.0789816975154107
3.56322234529819,0.212350326753418,1.11943839119027,0.172781147892792,-0.628848829773346,0.0582740898629173,1,0.401158923480586,0.258117302066688,0.65073015375657,0.141060500538793,0.635059934808137,0.113399151416892,0.727643534769445,0.0885246291086957,0.77091273271092,0.0909515585442071,0.921956036702233,0.0772775310247885
3.00438006343196,0.176947717738976,0.96465992558642,0.144406903352047,-0.607756520868234,0.0584346401558455,1,-0.0950743363063846,0.23475536549655,0.658549843183566,0.139332958520288,0.688406143477984,0.0982840387057037,0.673220057147991,0.0850590688097055,0.678853161974703,0.0804399966005127,0.645301071649689,0.0887329213086771
3.33227588881651,0.194721394708566,1.08654256871529,0.165351747307857,-0.683792371035418,0.044569747996511,1,-0.14030695308927,0.255998906826719,0.74894373270331,0.12529762732476,0.741140139568748,0.0959461119161931,0.819537751734947,0.0784943701451068,0.670692384438308,0.0844903897632846,0.765579765664908,0.0875647391111622
3.44406425778135,0.196946034245573,1.2556752922352,0.179233769793856,-0.650304991788313,0.0542592283630223,1,0.317905063983946,0.28935225623279,0.621794223581078,0.150624094888828,0.521996680125533,0.104500803682554,0.877558106537296,0.0827746576835991,0.815970058953212,0.0815041563455237,0.666978220427535,0.084730835607595
3.27446548212583,0.206877943866139,1.01534629842422,0.158959720959754,-0.611729487010027,0.0579095533419472,1,0.372811919514656,0.193578408981799,0.567428411497682,0.131191732744259,0.580365231704234,0.116207563394344,0.698526267971708,0.0907861375903368,0.674235118687039,0.0873046461682066,0.719914861396084,0.0951323280328507
3.01089494493046,0.180096686235756,0.905037609051401,0.139009232722792,-0.560408266111459,0.0689930206120518,1,0.0412011587205357,0.222529443699591,0.544236241407673,0.124632165121565,0.534387569399875,0.103622199384927,0.703188483440936,0.089947884398556,0.692153105247527,0.0903173224415378,0.703621896952881,0.0847210722311248
3.28130203702619,0.184313124680472,1.01506511697781,0.139673857647534,-0.611890530864269,0.0496828363603451,1,-0.127925896314626,0.278062802119703,0.742765963575551,0.135028393195408,0.766942511449332,0.0941867478577373,0.808488807373396,0.0768435419742784,0.736319287281227,0.078029230565102,0.75310188006379,0.0811016042133676
3.21025068184751,0.201761563071508,0.89074606134052,0.133079280462463,-0.664680008741452,0.0493887715309715,1,-0.370534817470138,0.25523261562398,0.857619253467429,0.120652502836319,0.698720976363779,0.101970722580695,0.733658785972493,0.083569685903263,0.687386417803657,0.0888851811818483,0.673963523812297,0.086735828086538
2.94270664991878,0.173668590140029,0.972137927288152,0.138351110908897,-0.604221553369496,0.0586474170505997,1,-0.451769499953393,0.202218685956291,0.819180973380724,0.108846916213192,0.671087652542225,0.0933095434651395,0.579659398751813,0.0870200150425161,0.661749576066105,0.0808118185589047,0.729598479860299,0.0851415462223153
3.34330438831202,0.188733839190622,1.09063983330358,0.157625393914282,-0.539132523275636,0.0646416745003996,1,0.110045197365552,0.255666405824475,0.767204078014398,0.128503653907669,0.645040792336635,0.10290439331809,0.707927017058995,0.0905745736696056,0.539451217613137,0.0882856035666798,0.835273067298111,0.0845441615634642
3.07973008815499,0.202355073601178,1.00065778024012,0.158729520207957,-0.535205538458998,0.0799058366455203,1,-0.146415657788571,0.252288892861655,0.828952884050237,0.127498770946895,0.620546426951232,0.107173765460772,0.488197995239034,0.100669002742168,0.800311509719099,0.0806299160449341,0.542013598743567,0.0970502817187443
3.32131094483373,0.194252970656766,1.15472781575781,0.167399749560056,-0.622671174800324,0.052700226815986,1,-0.132326337938717,0.215483807736239,0.683892122517,0.122867068826376,0.842804499061623,0.0929684970992565,0.653820192639414,0.0914634001659768,0.838174499037279,0.0789870046158689,0.675619612929826,0.081200615464319
3.27194618756238,0.186705613135762,0.958444928991624,0.133580610423308,-0.593502144496977,0.0577017781406221,1,-0.0938365050719367,0.251069038261225,0.644486791548587,0.144953307767478,0.72309771317947,0.108162933085998,0.717783327324762,0.0833619669757571,0.68421715785125,0.0824916689205235,0.670987773166224,0.0846963475218789
3.11334694648146,0.198259675954703,1.20509341336451,0.180093255397127,-0.525978646164698,0.0682755626294416,1,-0.100783832237862,0.2050851725705,0.762240116007004,0.106002584842041,0.66378807875677,0.0936681361642148,0.638432234431381,0.0926760145467064,0.623304038775175,0.0885025944400308,0.564843584327645,0.0901111753859262
3.31223091696912,0.196224432464046,1.03225559766424,0.157656402117409,-0.525914985028545,0.0675354294209876,1,0.243895971644823,0.200065862228274,0.637203637852561,0.115951024786439,0.645569367354384,0.0919523546167951,0.678118275625312,0.087379282159643,0.734678887787555,0.0891386032446788,0.705025719522045,0.088115130209804
3.26029569401132,0.202250804161845,1.02187579720871,0.149901938788736,-0.600552848735166,0.0568174307817155,1,-0.358576323707347,0.247299986132048,0.821442242579867,0.121227180396042,0.660880533887786,0.0980456440304762,0.90201744567519,0.0807436018674839,0.539266751466798,0.0923815650239126,0.792543480897326,0.0861242211714431
3.30348465089115,0.211520719322846,1.08562743113066,0.176188072162078,-0.647151946544577,0.0513098262991317,1,-0.268145991203894,0.198858284499099,0.869331654610668,0.108945157969253,0.765542027854085,0.0923683967372538,0.691896043714816,0.0866555938543548,0.669984117627471,0.091249441786942,0.75107466016769,0.0943723106450584
3.38854433084932,0.176997442726056,1.27284535593777,0.162158063267304,-0.625228794885084,0.0492647343846072,1,0.0287722362740493,0.221803682519283,0.602921317128259,0.123178171379281,0.847779249027325,0.0855884781116968,0.731006031216692,0.0819257655439906,0.794102839528604,0.0777182175383001,0.684051610456021,0.0857243968076619
3.47084384905545,0.215939096123941,1.04681668240488,0.159706590419835,-0.616727065563569,0.0570738960438415,1,0.418594903191653,0.239496675472561,0.56626024692201,0.138708114426835,0.848703395983062,0.0932896456073312,0.691400430949971,0.0990188139517004,0.752426877602027,0.0864869782916043,0.850983435341669,0.0845385147677186
2.93744168245635,0.157033910827748,1.02272659948777,0.138554072962494,-0.530777234687832,0.0588057563220594,1,-0.211419662423391,0.245594080666576,0.732804120144847,0.119970904920476,0.642346957657648,0.0869668579851433,0.562638606704905,0.0841535055016264,0.61814207068927,0.0763975727627569,0.659685983362996,0.0766022210444905
3.17298782019344,0.186959519858773,0.958127399787271,0.143525758969324,-0.686486944746763,0.0448372636227647,1,0.00189547949159448,0.181903404581562,0.683221055505035,0.115815314763363,0.729077708355475,0.0969470550552677,0.622591299940224,0.0902824480544468,0.661799286444643,0.0823357784029765,0.714370535915583,0.0790640900430134
3.44710705753172,0.198196293389355,1.27243785435398,0.178684624832886,-0.69653185782499,0.0446768201381399,1,-0.418412555901394,0.212281918076081,0.82739590058735,0.104419629231967,0.891364326697391,0.0888862216288198,0.800571006408028,0.0776069540849083,0.74877769919675,0.0872304805802055,0.837070936898969,0.0873258470143736
3.32802157591638,0.212738080144204,1.0374616535081,0.166168242951356,-0.637983983085006,0.0543540045816089,1,0.242354592983181,0.233761928655019,0.597070726859434,0.144412235139643,0.771105731598779,0.102022297906291,0.69835314056667,0.0883149153939152,0.716334608744869,0.089485306730057,0.732715345550936,0.0903555165238108
2.97946163770678,0.166330080088388,0.941851901132398,0.135686046131731,-0.601362587026646,0.0605138759829654,1,-0.201972330552446,0.222542338546273,0.765130673371728,0.109729539252493,0.623879201568852,0.0990067552357745,0.627753164920912,0.0890253457498944,0.682295690278931,0.0832589208489934,0.769795523851261,0.0847956219730998
2.99294929418985,0.183944751353154,0.829672134198886,0.120812891686424,-0.560821484277038,0.0674779006017541,1,-0.0317748152022459,0.188914192005575,0.634455730727621,0.124819213556638,0.585668177607245,0.11028305250789,0.683559186225299,0.0900895309304125,0.613839481387553,0.0907031894956051,0.702103393264196,0.0882546401075209
3.25773359705566,0.189290323891792,1.13954392974376,0.174355804645942,-0.627736172577021,0.0598707237878055,1,-0.0744509520412748,0.244674773986062,0.757843424484164,0.127924537045834,0.704378187270256,0.0949441958412402,0.727973172440666,0.0890870247448511,0.721821796702042,0.0890666524026402,0.66833699962347,0.0903447429044871
3.23700896108686,0.213909731928008,1.00554750847038,0.168462973802713,-0.506731121642686,0.0775713853547066,1,0.0419802578154934,0.252772533267108,0.728737478030797,0.133195813924554,0.611365423866637,0.107040443462082,0.653391692040666,0.0877225393382619,0.612135426867577,0.0960095176522403,0.71761408807006,0.0931642855239382
3.19168060792499,0.167318026092391,1.02898180333884,0.136718653835759,-0.618124205798118,0.0574674037450405,1,0.263993128812948,0.203225715130251,0.655700455787727,0.112145256094393,0.743981698661478,0.0812647328998368,0.609726373720946,0.0869235364292903,0.687521010987489,0.0797254709322403,0.662188703080466,0.0810380098321499
3.41104921180652,0.197460832722473,1.06029426503076,0.160512503243016,-0.595190943895814,0.0568079919184513,1,-0.133177184758099,0.228983190183119,0.761130989831269,0.120659619928588,0.886420576405231,0.0865793345375015,0.714234182212419,0.0905926945099594,0.727095389326912,0.0893817494375929,0.885741744579927,0.0818711103785135
2.99125037042742,0.159039147512085,0.865058310655459,0.124131640839648,-0.579462897148432,0.0552117892071738,1,0.270074323842284,0.190471230962573,0.514735270594658,0.117699564307165,0.601406581777159,0.0947336783578738,0.58064830724539,0.0909097525799827,0.651120393047842,0.0803151320927823,0.690800759266077,0.0828519197551699
3.32158281988778,0.196200262580695,1.22978140766513,0.165732721404846,-0.60348659364661,0.0567896154410573,1,-0.225890237860041,0.258362136413688,0.71985701919561,0.143096414507805,0.830745272004122,0.0948724016292845,0.794711484185834,0.0839194898933988,0.729478144504573,0.0840396094932815,0.728063240285036,0.0854096662628448
3.50544373211186,0.2096674227753,1.56704422450666,0.227671517729931,-0.625589868111184,0.0500999416636555,1,-0.426308639266563,0.229151960968832,0.938616975490513,0.107377307352472,0.760700100052313,0.0885473147080682,0.89109783802237,0.0862280039333491,0.715046797788664,0.0900757359796013,0.691096483395581,0.091004750853502
3.57452961053784,0.229278211320025,1.33540990058283,0.20611856836036,-0.49030236198441,0.0841914562003486,1,0.288276109232592,0.236007217770068,0.736731963073759,0.131680048103242,0.692384602468697,0.111392314636231,0.787321669025856,0.090143446338945,0.748713923887187,0.0870151864725639,0.741296314561155,0.0880562075339843
3.33559738459985,0.172509003605478,1.12062150967409,0.145353151291893,-0.701658056237066,0.0376725993741873,1,-0.13645860407577,0.281611354507529,0.781053193495988,0.132760456490991,0.730702016497454,0.0988328937843653,0.744836951308,0.0802660491921931,0.845217639856493,0.0738826357820486,0.720315787802185,0.0805485608284452
3.29146594051548,0.220672917886434,1.03570726856742,0.169908202309632,-0.622628767189381,0.055906111251114,1,0.246453061973321,0.211217161843369,0.670816262110863,0.122874938878505,0.669521001394477,0.112392543517426,0.679709609862803,0.095533149484068,0.656943873110512,0.0923606686294303,0.658141200188771,0.0894414190351842
3.11599273297702,0.176323504946173,0.931398874609766,0.129822286027257,-0.593863796269463,0.0615732967228363,1,0.358357685164443,0.194462630742694,0.371170799735861,0.142386984146307,0.69971471166791,0.0912748019245275,0.552470871135462,0.0939495970546591,0.719633353518484,0.0755148093900459,0.645636217214679,0.0829787879307416
3.30140571513017,0.217368056142475,1.11499395937879,0.178919670966284,-0.611276587255579,0.0649482184815625,1,-0.181060203955408,0.261624729160024,0.755775637251752,0.134008015389014,0.772552185402425,0.105021210592201,0.79755638672208,0.0881009851501007,0.761292284388793,0.0870019154499864,0.703448674726112,0.0912650609664955
3.03347220394326,0.192255694124455,0.991407683431229,0.158898135094077,-0.641729645933445,0.0551195556306577,1,-0.0890961827441683,0.218055407134324,0.626633358953894,0.120595718243309,0.578289329455688,0.0976051640799363,0.696580043130365,0.0840041733142703,0.767614171477247,0.0935993051038775,0.59888140119044,0.0919685293897052
2.95404992292731,0.161401717244063,0.985929333173985,0.143769694504208,-0.550305500265705,0.0585625376961662,1,-0.0863158748404743,0.189240755361541,0.65993883615626,0.108069883292362,0.648417519714866,0.088955487187696,0.547973894423949,0.0796034908062392,0.666057209418724,0.0847977121754877,0.688292164297525,0.0850167096049986
3.12342827921823,0.198559668700892,0.814579837769668,0.133528458347336,-0.673100778276691,0.0469883658228196,1,0.0397228585666534,0.212119597757723,0.662346218986981,0.135921572634481,0.616723633736931,0.10351861492751,0.764778048004699,0.0836115901635686,0.645041645739012,0.0866928043386822,0.730261980327737,0.0898268475178031
3.15254468178612,0.204170624458029,1.03791653684282,0.163952564138811,-0.625432049836858,0.0569262281252139,1,0.134170753140555,0.221573859789697,0.66975222274117,0.121090963639149,0.508960829944861,0.110764119942661,0.745169776870288,0.0866836860874443,0.636197313532949,0.0905845147849369,0.747319864181504,0.0906877019864008
3.27201660857245,0.175506423885745,0.946811022897586,0.137596961920542,-0.68650700771946,0.0452949176010712,1,-0.243835581219008,0.21470528864143,0.802151260376441,0.10460152811811,0.923829779704906,0.089478427823753,0.52324812138617,0.0961809470937952,0.767793363188082,0.0810951239579473,0.562059468950825,0.0881156141290246
3.25072662914856,0.18345922722207,1.22182693895858,0.174675073283167,-0.629501632004146,0.0507818929079298,1,0.246995865311846,0.207353150387975,0.418544847692153,0.142197991994828,0.804734898984544,0.0868004528491513,0.702356942120839,0.0837314813283492,0.815069159939259,0.0791520573344538,0.644842061667028,0.0876313463949797
3.32084080450599,0.208455207806348,1.23155017903426,0.189118775940657,-0.676196636984323,0.048359201913118,1,-0.298751088682983,0.236843484688389,0.803277885041433,0.120624315927766,0.726951432512344,0.0922804047728456,0.669379088352753,0.092483472233067,0.837289552513285,0.0836760503574716,0.751613247929754,0.0848689042396056
3.51238115969453,0.213877297551421,1.19918028823234,0.179145784887218,-0.650770381848725,0.0476883706722689,1,-0.348089722519649,0.305070428114126,0.875104150104949,0.138921941534725,0.84778416710392,0.0921259622658327,0.741789378322521,0.0864831189086934,0.650704607645511,0.090990777752699,0.820398474218259,0.0889934895348816
3.12386266781446,0.189150657542117,0.970329030619885,0.152493762073444,-0.540216079565238,0.0743560157904647,1,-0.133435057147358,0.202374301762518,0.617704269570406,0.125673726736804,0.779414294159718,0.0935640123543922,0.525278782423383,0.0944810135737756,0.762841299032037,0.0843284813838159,0.631132268087494,0.0884925817154195
3.19320448717045,0.186085700821898,0.926638454201627,0.137204944437851,-0.506331568959547,0.0669810220278933,1,-0.0646346534933221,0.21643189116901,0.763745692153025,0.107658636270539,0.790159784073168,0.0907610434274252,0.526054445892915,0.0890365021493707,0.722285776800327,0.080817473966181,0.681763848444763,0.090971966638303
3.49084787302398,0.225670497965522,1.1792814120494,0.179023235002765,-0.624686484242367,0.0599411978353815,1,0.452101164276288,0.247013462050373,0.642403617480573,0.134323531144968,0.817399976319884,0.102813944999079,0.754669873949848,0.0885389958256642,0.774537485226352,0.0860669097580688,0.759505315842165,0.0894624823079352
3.34224480205765,0.204426993513753,0.988139818915755,0.154702478896915,-0.606589197433702,0.0565676575355494,1,0.143227880778505,0.213941223507734,0.741902643028673,0.119380306033305,0.605989931562472,0.105150537125654,0.747445239692478,0.0906079270327337,0.735601572286771,0.0861796229066496,0.737812348951075,0.0854578852618337
3.50123053276178,0.212753523188659,1.00116348666578,0.155790451633879,-0.591402866478316,0.060673472829081,1,0.0246275658514462,0.215700391702896,0.696872700709602,0.129844723953139,0.90519739888525,0.0974254116727976,0.569447294287488,0.0983404140428978,0.790477421970711,0.0877676568722993,0.788038505759394,0.085690643820099
3.15187801025353,0.188108542935877,0.972195219390539,0.15490394251286,-0.597571940990711,0.059604142426844,1,-0.122822376287898,0.269285590218956,0.687867555098344,0.137250486352742,0.684216764874575,0.0983139185730176,0.706079338704416,0.0874973267594819,0.747556148361577,0.0845679235748559,0.564891791830448,0.09425264518029
3.41122969494447,0.172353464854402,1.22901725538965,0.16394251296803,-0.640464901199669,0.0443895096106432,1,-0.0619133905028845,0.210113600818768,0.642801084513539,0.10790113284376,0.843884707395699,0.0853117070227096,0.793795461367485,0.0781904205664152,0.762018472093677,0.083054057640226,0.846604573305133,0.0776267899740415
3.36800598579719,0.197548118633616,1.20440691731049,0.184660836426626,-0.594272002877108,0.0561255242970545,1,-0.135270043679705,0.261988441596305,0.669062936785152,0.136535406190183,0.744959782820243,0.0908359191927436,0.846030793170831,0.0829030743976984,0.681265470645256,0.0851464540690148,0.674688245244481,0.0880685304489173
3.2216215507975,0.190658878521717,1.05624025524173,0.156404652677972,-0.639049297717735,0.0540953201037284,1,-0.157882514730105,0.226107017808596,0.713429656290325,0.119267476747671,0.601495216207446,0.101081227595955,0.760451641223938,0.0952566793920949,0.792535258155814,0.079231179794065,0.605442944348313,0.0870624307267768
3.04889522439937,0.169270480549146,0.979968699380514,0.140748345030207,-0.518172975166024,0.0646303754926443,1,-0.091207015231858,0.185276756612961,0.662092367426653,0.109027206977964,0.767495191953212,0.0829593757957483,0.652131580846359,0.084002907381507,0.541662597444802,0.0844035674172412,0.850710648586297,0.0771489518723282
3.16954747268523,0.172075455390011,0.951954665292729,0.13243431968767,-0.580848202425644,0.0533049229218823,1,0.0311112269876959,0.220473311086712,0.624130689653669,0.13204209877179,0.764942994359763,0.0912290750782274,0.776047510062232,0.0793803207078249,0.677331834857039,0.0791059641127045,0.594043453811019,0.0861971251740787
3.36686783101021,0.19846418683794,0.999273952932767,0.137440235349241,-0.663314921065439,0.0494000508314296,1,-0.126564598814211,0.230332235956079,0.779823785723566,0.11485819131594,0.827344999187408,0.0954744290708732,0.560113385143396,0.0895574778606012,0.846294245695597,0.081037510321901,0.716156804223507,0.0868440614860332
3.30869981509872,0.174364619534588,0.930412197098486,0.130020771544757,-0.63352112136954,0.0510022681426011,1,0.316153099877181,0.208975014957302,0.792627875080992,0.109435970057908,0.599355041284525,0.0877749587677566,0.628180649116696,0.081271103219552,0.708298412440253,0.0847275814685003,0.654267729500445,0.0926466405542436
3.26078443756682,0.218027214278231,1.07678161010773,0.18375286119799,-0.520934525368334,0.0702865540046621,1,0.219514908706358,0.226781754123263,0.628472768626017,0.129121037274045,0.679906298064816,0.0994380139665408,0.730784612024704,0.0887880418039374,0.677900099454895,0.0913385905052925,0.573678500101288,0.0969889656991547
2.88008756150126,0.156343176782522,0.787809404784748,0.109564037404887,-0.528696008954095,0.0668506942610846,1,0.0830818248507805,0.201482326876597,0.630592972689855,0.118586354174382,0.55892019256042,0.0957640348025333,0.626025719914106,0.0797687632592517,0.523712625060156,0.0896549249465033,0.631181028761897,0.0841394790513102
3.00739481504235,0.152717650365614,0.86877998610048,0.128740429463276,-0.519337153846738,0.0612787181151367,1,-0.103397201864681,0.185889319135295,0.620953005748506,0.116960749631789,0.804512741891473,0.0834577519161286,0.673863682647634,0.0793539306098249,0.656401705762148,0.0795372823150943,0.604161597287701,0.0874485680930883
3.0441162954534,0.170524675559852,0.911725042573801,0.132020129185438,-0.496458060710753,0.0731902829315551,1,0.176112913847266,0.229428493039254,0.662387412231366,0.125080847983822,0.571852169062262,0.0985352597015395,0.651025169506765,0.0891615902336424,0.65821050269361,0.0773725222591976,0.496612084814619,0.0944394479590367
3.27944273770415,0.201523170827015,1.08809901372743,0.175323997371538,-0.658451189299022,0.0529534816539747,1,-0.464513558771516,0.289873694298659,0.858020858184949,0.130893203672685,0.753008933988616,0.094192391740771,0.818757094327016,0.0855065670667063,0.77353050100418,0.0853059685553813,0.772151126758194,0.0847174278682252
3.16118814654663,0.188565073593012,1.07193269901145,0.16106237712427,-0.523805091244183,0.0734785809297225,2,0.0676101875602857,0.217157806006185,0.717886516462135,0.115333345965453,0.722136508589863,0.0947204889607911,0.676090637761272,0.0906713451777342,0.682993739448687,0.0823386747780584,0.658806366367695,0.0914023453095718
3.15497886254524,0.155202183693587,0.80948571402222,0.113244696829667,-0.630127352225248,0.0444098844811186,1,0.487770357654945,0.223941776207617,0.518843966733828,0.129014883536229,0.754514140141775,0.0892951162727059,0.645647107944441,0.0786954478699104,0.650583246721444,0.0806620617295974,0.700977019967854,0.0808273880600739
3.56491413539301,0.208603999014555,1.32863427143884,0.193054486358451,-0.663496048817263,0.0474169049551182,1,0.0838261869935786,0.259047270667439,0.801945665724453,0.127718709356912,0.729398964665456,0.103634751744337,0.782102213656578,0.0942846785439683,0.804111535507509,0.0800268527466637,0.786357722893752,0.0840273407775227
3.27589073237763,0.203824622191418,1.07176901006683,0.166959126989017,-0.600373498096407,0.0617128184667635,1,0.173297190166103,0.248840753706228,0.668956022150803,0.133369237782079,0.61018859486501,0.110177284056835,0.677622233056359,0.0870464486636864,0.76055052220147,0.0852158703929505,0.593993695444492,0.0968081322911814
2.97593086229012,0.171858892432083,0.807487851855616,0.11309281437184,-0.627839075657715,0.0538858602996833,1,-0.157128401257497,0.184490462993304,0.710618282437789,0.122054291554935,0.513967329870902,0.095018725522425,0.675552389921134,0.084880270983815,0.695312110803392,0.0884766952314635,0.529762281868137,0.0920425778027557
3.16673247722843,0.192123144895799,1.05950788842145,0.152802620847489,-0.633908620752077,0.0569009339122352,1,-0.127440522553561,0.22336779772167,0.813751940801627,0.112535893820003,0.725447809309919,0.0942512690004953,0.708566241967606,0.0840655380354544,0.719724795632804,0.0832998228069165,0.732676439229099,0.0875172228493853
3.01764499795743,0.180219923440678,0.790865447195122,0.118114588888629,-0.62734261173052,0.0568151454277071,1,0.166401999111965,0.238722075756942,0.463951021646188,0.147054020945471,0.681067795980018,0.0960016940644406,0.695897733553005,0.0851063750047688,0.719822893930728,0.0837355442809978,0.750901817602593,0.0893451763590569
NA,NA,NA,NA,NA,NA,99,NA,NA,NA,NA,NA,NA,NA,NA,NA,NA,NA,NA
2.93618131338194,0.163473603500546,0.729858819195357,0.103495094640663,-0.457892596323637,0.0796628874836555,1,-0.30656510093795,0.275389330085025,0.689143407974929,0.144026356477237,0.678891631251387,0.0906925848907525,0.57018474185798,0.0929465444157831,0.656094085887169,0.0806320958359128,0.559241860000126,0.0852746039039688
3.15127867095051,0.194172866009249,1.03559351630627,0.162234952288465,-0.568070409271142,0.0655652886132864,1,-0.105659179546807,0.217745851100173,0.801612848963643,0.115020806407054,0.622509730703757,0.0982034863610203,0.710363598288359,0.089033614744502,0.664215015952986,0.0869580819756917,0.736165518846349,0.0896963027085537
3.57583198988383,0.212879128322221,0.997254774133328,0.147336961069669,-0.644071345394804,0.052656163948912,1,0.0997164905827898,0.219766071350119,0.752156586032994,0.126514559732345,0.848496768715017,0.0918105335089765,0.827228948325464,0.0865268343132268,0.759405538910609,0.0855719059444845,0.641164428023549,0.0931816742745343
3.20731530193077,0.175623796847901,1.10298761930201,0.154812518206933,-0.570838370070794,0.0610863394190991,1,0.195655917633894,0.227003850217776,0.445009296121915,0.145713685956857,0.789573607492886,0.0872451469979852,0.685117468252825,0.0793213367698153,0.613705225850745,0.0823151371044165,0.876534066831644,0.0790854484858719
3.22488698713592,0.198818578922824,0.927243505045636,0.140556423836035,-0.609284252164425,0.0611907010532907,1,-0.0561508942647591,0.260345937303613,0.811377008126965,0.130272909470658,0.693245985976103,0.0932332860077503,0.681635254498466,0.0869732302225417,0.737618947370992,0.0833770428431511,0.631365335702168,0.096420870897768
3.40362571146244,0.189720411326844,1.14532471841614,0.163200948345084,-0.605081995734278,0.0513554279551888,1,-0.179360559034315,0.230740549617656,0.744766906706065,0.124919628877351,0.741297065145361,0.0972226135496227,0.773467738805273,0.0866545174643337,0.713122380366561,0.0839193199199028,0.688226401747903,0.0932659904096739
3.70965928066517,0.218015459488299,1.18481553854341,0.173601093907475,-0.693335405524442,0.0450358262976674,1,0.354968149597852,0.274281604887657,0.651508740951783,0.14048853027047,0.976832409805676,0.0925033908903093,0.739546922902407,0.0875029730870187,0.744505040245808,0.0894150591253373,0.860576593784774,0.0877547335382703
2.99085566080139,0.156923279856374,0.917515911900341,0.116590137099536,-0.563194719147617,0.0556794932901415,1,-0.326762960483297,0.21047769251685,0.646927174235201,0.119928113209562,0.614567770614422,0.0939506264441273,0.72203554124214,0.0768164819729763,0.57740468564533,0.0826609270606053,0.708871123111303,0.0783495350884341
2.96861386678359,0.174389634211737,1.00622957448005,0.14208763702353,-0.586877461550732,0.0603371670968595,1,-0.116795412636692,0.249682695483144,0.635256726232782,0.130024213398191,0.578033353871706,0.103197841734228,0.719962688690128,0.082446294377803,0.718098907090321,0.083870174063149,0.637962793625235,0.0856714717585337
3.40379227044454,0.197580761343054,0.980167833177739,0.14380200274228,-0.642495769499587,0.0509570374831657,1,0.000487725611341716,0.188937578594175,0.835105707117036,0.107463351461994,0.630522158862832,0.0996162829232601,0.707389690154368,0.0900292636137014,0.770593345830706,0.0870007185339049,0.681120273850561,0.084078939025181
3.54567170940966,0.209550510118849,1.2362389992663,0.183361968849831,-0.71086610313375,0.0431026279441911,1,-0.32478464694426,0.265416072227622,0.892065985233626,0.121175638624085,0.859990188484675,0.0946448585468433,0.801467745407063,0.0833865231601697,0.721482737729829,0.0854737439130743,0.7980216405773,0.0954797939448292
3.2695449970622,0.16027326540959,1.09604334719769,0.146801011042591,-0.612063570959168,0.0499832755166304,1,-0.322182639742127,0.236344232077436,0.814430433625431,0.116869928687473,0.661352817726093,0.0935783581369754,0.854765786842839,0.0769049297656319,0.624398143012318,0.0797676598864135,0.725362576951109,0.0766515918042339
3.16276133154055,0.160190428276513,0.943781768040126,0.123385931762766,-0.59690455692918,0.0514930868677873,1,0.0123368437525809,0.194878444766412,0.634591288793902,0.11851950159121,0.817465904696958,0.0819055193119457,0.527921764217742,0.0883807496656615,0.790101901682138,0.0726469796152131,0.693960779049236,0.0811689257960823
3.35823848875343,0.174355813709631,0.811002500026076,0.115564527983654,-0.567931655143998,0.0691854200736294,1,0.15230438178499,0.208699382015005,0.659504445790739,0.125048460124072,0.808967705599656,0.0914096530602534,0.709741285533867,0.083586477587273,0.710155408435969,0.0803553025217148,0.649290102222849,0.0874352681961424
3.28798874208094,0.197968062458141,1.09998177331049,0.159859532867114,-0.562506716322337,0.0657323163381373,1,0.105989878980681,0.213862125296627,0.708758314010928,0.12010400732695,0.712685528627022,0.0963407595607803,0.544437391176382,0.0930913775894182,0.718830782038451,0.0922214207016617,0.706803003658662,0.0885337851295012
3.36035755549627,0.207417541816706,1.22929992126461,0.189270348441233,-0.573083199470868,0.0681596104075347,1,-0.162830456362605,0.21805028770297,0.799075565505703,0.114356808242303,0.686132807475112,0.105962446054881,0.778793623326993,0.0919168500328467,0.616117536539274,0.0956288891529678,0.745073111043169,0.0816193575411414
3.15952257519917,0.174403488468344,1.0844457216723,0.151917735364712,-0.572580652535631,0.058681545712101,1,0.445733076144021,0.207171150709379,0.578791504055685,0.118951450998845,0.539840086837876,0.0988141116388139,0.676538999975261,0.0775954328765174,0.780779484697514,0.0755110318465701,0.578334527210063,0.082625186234578
3.51502445798948,0.203009507555989,1.13921580411245,0.156398190122982,-0.576971733852036,0.0602494800687717,1,0.203353594390218,0.256894452116202,0.712268345282147,0.134523284232911,0.743972035354797,0.0920319623744686,0.719035085099548,0.0906807635303492,0.771120267763898,0.0830926382780181,0.952548659640702,0.0815765378303731
3.03476095956704,0.168904041540489,0.895884523770455,0.132780644194261,-0.510730814579413,0.0666430937947304,1,-0.0101792354198615,0.216888670125379,0.692330251390116,0.120566013082093,0.559987844393308,0.0979940479828587,0.616455521968436,0.0807374967652938,0.792444538982672,0.0799677413541686,0.51169557274196,0.0868350132336431
3.14414510873174,0.176799134438442,1.14783819207361,0.16560959471854,-0.578823069391008,0.0565452220259904,1,0.0805324199881797,0.202973789228597,0.507538212269818,0.132473773708993,0.769029993097093,0.0920342500862617,0.729908979604027,0.0858096716197979,0.753830274174224,0.0778111405435045,0.663089481365296,0.0881773665643472
3.55347353477467,0.209043146466092,1.33089757192169,0.191987708760753,-0.654279951972557,0.0501721992024954,1,0.122528481642828,0.247952602364304,0.727211971800296,0.129927621056751,0.826839511975658,0.0951718411408812,0.65831357891876,0.0953207955692547,0.767330417708285,0.0771949269887093,0.6850664286842,0.0927339781151845
3.05038040337894,0.183094749017282,0.836890132275312,0.124365518307123,-0.517970843499065,0.0711415258356863,1,-0.17329626095114,0.289135958989075,0.610785227612548,0.153051365734386,0.747575239609453,0.0941733616992522,0.611918237587182,0.0870585570662844,0.745155180281016,0.086882681760561,0.701217532250303,0.0857251622525463
2.98634800956196,0.175353028915147,0.854451437885921,0.118723051413028,-0.514829144340028,0.0648634328511442,1,0.113524458193626,0.226748844570371,0.457359551145625,0.144176007490518,0.859171266576883,0.083694695566486,0.455823297934312,0.0939504460327251,0.571159446999637,0.0844022141120428,0.675772931852064,0.0832133855893757
3.56785945861065,0.210785108932343,1.23872667956465,0.182194032577784,-0.703780032702711,0.0436051212171544,1,-0.0803231160809797,0.229763300819338,0.818385400924854,0.125181803491606,0.871547772970613,0.0925821161924633,0.785619843945428,0.0862482727005402,0.763760494102595,0.0879686957348366,0.794462023691265,0.0890414196448089
3.03825121915074,0.184372305396102,0.876280750544069,0.130698176496093,-0.607308449555465,0.0542157707893859,1,-0.010791869679899,0.207311810675392,0.526747907219362,0.126592092361324,0.759606979885963,0.0950168449321575,0.637405596830723,0.0874587046677689,0.596873400120023,0.0876742273843993,0.737615852537569,0.0869009513223418
3.50968916959504,0.214533431989764,1.12238097364194,0.169514956615606,-0.61459484971803,0.0546421875626204,1,-0.12062221104644,0.193719452494888,0.863835952155321,0.106123493260716,0.770974564685112,0.0965358955139679,0.739712212600092,0.0899302639134261,0.763359789091554,0.0825603278547605,0.740873282485862,0.0905073489454133
3.31565605413919,0.201539850495655,1.15022751858297,0.172075563164595,-0.647366550011447,0.0484552758835812,1,-0.0823245731711237,0.249751715860529,0.75089752626933,0.124237721430334,0.729238354403761,0.0973261034564256,0.751819713315748,0.0827732366595245,0.808666963235378,0.0854098731861708,0.733786498965576,0.0888930490221894
3.38246465915678,0.167901225246955,1.06085044700196,0.137139523372245,-0.500479956200552,0.0668574647997427,1,0.125893087064945,0.250483619809338,0.734993076987764,0.13461954443354,0.720381665529137,0.0904314826377492,0.696452045808868,0.0876121451591816,0.74694523037037,0.078171593958232,0.734476033011321,0.0712480503393086
3.04306243655849,0.157823920348778,0.802304783302151,0.111344216603821,-0.61317096080049,0.0546161357474529,1,0.255706009919158,0.231974698129436,0.489688260160719,0.140876618088018,0.670102310471506,0.0817735429683019,0.669975371593343,0.0802304691489427,0.518499734380699,0.0817864725181197,0.68261952043217,0.084084011828153
3.06987691828048,0.174967539918822,0.846217471005165,0.117269897179257,-0.581105108460446,0.05840049002855,1,0.202473088573322,0.213652381409949,0.541017875847083,0.126332971771936,0.700570893609853,0.0883336264616325,0.739877162859824,0.0812258580929517,0.61933345263028,0.0844160871766736,0.623270913381003,0.0858615565660518
3.13738329106322,0.191139014400755,0.884088938138568,0.143638612710648,-0.479471650597917,0.0699331755556008,1,0.637287333895752,0.224707207060325,0.148456229200364,0.178761123027239,0.617875278927416,0.104930512267247,0.679777364957686,0.0945827865812872,0.762713369980399,0.0779479950507218,0.633744305396116,0.0894794345424945
3.09954211108173,0.186449584975201,1.02438713994587,0.151950923080049,-0.548651801072573,0.0699951007611406,1,0.0665438689040147,0.234260235056589,0.664818945840672,0.130550729450031,0.548218328685657,0.0987930045357317,0.6791955327098,0.0803691055289441,0.589075787089578,0.0896850582601391,0.6541587510425,0.0900875546055233
3.0556059363432,0.172109614929686,0.728294050054785,0.105234092471113,-0.52588189463721,0.0679782823401402,1,-0.313530113390313,0.228138983282818,0.832479876658883,0.110957854032247,0.640771669094366,0.100354583766363,0.486867926830303,0.0988745547550521,0.806092695011931,0.0772045976698827,0.657554456206704,0.0773639038675933
3.38665921470096,0.224120804646189,1.11541126677715,0.183348989668609,-0.654656945318246,0.0594798286885305,1,-0.561949258097573,0.25606382737682,0.996016911541801,0.108488134804521,0.705117661263257,0.098475979724199,0.767427720305251,0.0971360461472006,0.656907349947512,0.0960498145970486,0.742063617168117,0.0953258570937408
3.10288838606864,0.182209789749559,0.88156876782459,0.128745124329149,-0.579404633428859,0.0604545350129559,1,0.0472556432990141,0.212059210406743,0.665536794582894,0.123321333677323,0.586896041626838,0.101093504331287,0.70593859537845,0.0846187898308251,0.543283838898371,0.0903557201508827,0.789906129365624,0.0827209282292792
3.18404531798401,0.197843732688538,0.970897204838003,0.143405093640077,-0.610869061757585,0.0574149947716553,1,-0.150480046071759,0.218456120896485,0.815396445131474,0.110357624318917,0.739880653104042,0.0941762969233803,0.548332626359561,0.093747099177179,0.662225079169979,0.0874285794954905,0.670326454409154,0.087623979015436
3.33479448870038,0.217091993549164,1.1772662228735,0.179502647616606,-0.533855050462451,0.0755212705199721,1,0.323365652063535,0.231119868078268,0.624166725928983,0.126152361922087,0.72132389954973,0.0921246351483571,0.692510954164768,0.0964318032129498,0.576573450724541,0.0901574653979982,0.780300430854516,0.0921134400735648
3.55834451693066,0.205424062473213,1.26166533899501,0.173756504574055,-0.658175053183412,0.0515912224616572,1,0.176553741918049,0.228664747655718,0.738236933685109,0.119451090925375,0.809573851179182,0.0949211927866248,0.737210114940397,0.0897988036893703,0.790682857158249,0.0854207705885409,0.837852060806529,0.0805021411394821
3.36847968231957,0.193515089755458,1.17178127736565,0.168500247137407,-0.652914282690259,0.0511210567216129,1,-0.063392898752871,0.286316389829604,0.816052828665233,0.137475696451859,0.582475434545107,0.106454568336086,0.636135382981235,0.0908989848410662,0.841328471718878,0.0864374503610045,0.743612584252312,0.077010328336548
2.97245381989344,0.158666447728317,0.949813115900481,0.124225974314214,-0.522765607685806,0.0633164089902791,1,-0.0961657755696058,0.220343886103529,0.688752542891417,0.113966456074797,0.650989194438654,0.0875550625859443,0.62381974234189,0.0880060223303266,0.675641268120959,0.0812415597916402,0.739585896107618,0.0793273860387257
3.6293321237618,0.222126563353533,1.40764937065189,0.20204978278366,-0.691816227659371,0.0440293591814036,1,0.170612941951769,0.224454375668679,0.799684831321115,0.12047726805305,0.832062162349915,0.0970114976956401,0.908297957342094,0.0809110605295018,0.718224404011917,0.0859201410938236,0.832488535803043,0.0868459888121149
3.14320641359131,0.193402114413361,0.952464199102827,0.149433244103073,-0.528165599309097,0.0764121106621518,1,-0.371416710042476,0.255310335733525,0.894393191274069,0.117610086063057,0.492353718156593,0.105715452936803,0.666223107329165,0.0835792712167297,0.670183332761078,0.0880238184212244,0.771846087340789,0.0856224665422145
3.05808515614136,0.187278627008481,0.895344785940083,0.13211709453242,-0.551237420618848,0.0692830744615713,1,-0.335445323265606,0.227836708782331,0.714612821566885,0.126873439199342,0.674684593176886,0.0952881445716607,0.697205271379271,0.0886515425619471,0.740184944305271,0.0854850607334111,0.589810842179195,0.0916565495153688
3.17672959838403,0.158844354637032,0.937013156126761,0.119586291059343,-0.628454767031001,0.0532993044294309,1,-0.136011901290392,0.24506445103677,0.677583864056209,0.120562812195981,0.772062709017163,0.0871923226874386,0.64839154581621,0.080150596440835,0.691715489862554,0.0766763674363449,0.659923545143869,0.0858545451107441
3.44384169788792,0.211459944063846,1.11366873577367,0.170541726581412,-0.610971368539075,0.0613691832104756,1,0.293567601300682,0.261514258786544,0.574390378650665,0.149110823950575,0.852522916004924,0.0858579981814557,0.674211228850544,0.0963984392719413,0.726524188431303,0.0855036449244414,0.773722375221388,0.091282488023873
3.33500670796813,0.213388600551275,1.14300045842649,0.173770328863905,-0.558828243373706,0.0691549771678227,1,-0.0759943478058805,0.238535705321573,0.915698824967016,0.110138679224316,0.650003158041664,0.101670640014592,0.757232439911771,0.090755187138563,0.571198519248838,0.091528465310155,0.727174520201568,0.0886437193582027
3.56939806939971,0.204325020687737,1.35142081631539,0.198262414849997,-0.631412938930014,0.0506235064160462,1,0.106157678634764,0.287948304099785,0.707615438719605,0.143084233183151,0.716905003234602,0.102785731890731,0.80718131554899,0.0845998531085975,0.830140620306241,0.0865507868750915,0.779114161095023,0.0825951094963461
3.31411555730289,0.200237457744245,1.08019804353993,0.154823157300641,-0.644195100498569,0.0508042554682808,1,-0.00138476486100312,0.23212759761835,0.752185395347693,0.116982037918426,0.631768578197904,0.0985344169306611,0.709693545273566,0.0851893360271929,0.751058458746317,0.0889967706139891,0.607296892163708,0.0950005978612661
3.34661372272354,0.213679099404255,1.20505648909137,0.190596628840737,-0.638820848493429,0.0521839249135546,1,0.0328163481107415,0.274742951149138,0.753707968980257,0.121899597212576,0.648228928729374,0.103032846743501,0.844297374061897,0.0850078981161169,0.666299014736147,0.0857157424413089,0.757573061462374,0.0870032314436891
3.39710132658284,0.193263298662495,1.11364236572235,0.166747438021558,-0.529956780854595,0.0697014640109426,1,0.134263242111562,0.230764129235478,0.811446996076646,0.115280064414466,0.593794647368701,0.100137563011777,0.735150112689441,0.0921115709990891,0.617676416380541,0.0852907578283994,0.6845183881774,0.0831389638634602
3.06599050759272,0.166391429320262,0.926185280407812,0.136029375264067,-0.652481996715069,0.0478956920910187,1,0.0428541864033354,0.214759512706965,0.602510952588422,0.119061473517884,0.780945225275018,0.0852831311779376,0.537163958686931,0.0873298696558712,0.723108469402686,0.0809600673810059,0.624096012308191,0.084874262400889
3.40780879083724,0.205808411668378,1.09400724073709,0.159863873886564,-0.701801425538813,0.0441030585301319,1,0.49924133458375,0.212879758242403,0.652128087143869,0.121646885592735,0.696380817960459,0.0940910951145821,0.656853672025358,0.0921050164946099,0.754729232960884,0.0880685689427091,0.796882512271943,0.0894266228984973
3.10048047341968,0.184979945370733,1.0121578612724,0.147393915686597,-0.570448973631114,0.0559920515072177,1,-0.0351748169411932,0.239232330482542,0.717579680464191,0.124958845189735,0.596226204420908,0.104076961219917,0.609992866411516,0.0836376121743758,0.677402205464656,0.0805623981702536,0.687640043606747,0.0862914815209778
3.22613285312068,0.204345338707227,1.08820611523848,0.172806908875831,-0.610190288426706,0.0571204106493058,1,0.0695284860821175,0.244223124670343,0.666848065241328,0.133548217256496,0.751521304491257,0.0972217520514017,0.671015200476304,0.0894683147164034,0.698556431027113,0.0885730085060363,0.760312742151946,0.0849081239639613
3.033859149119,0.187175566610114,0.820712757030834,0.129553988314772,-0.636051013667361,0.0550479680996367,1,-0.0360426255643504,0.172185199990444,0.598755606237702,0.119073525045639,0.749238056286283,0.092484096838667,0.647467970616818,0.0916086691694106,0.488334377687932,0.0917184801136148,0.637480225888296,0.088363446172834
3.45656952612353,0.215459764193566,1.17137981681926,0.175236704350379,-0.686753447114347,0.0472700901989102,1,0.0981838383412601,0.341676344436702,0.642827659315558,0.167773996958469,0.917963699094269,0.0938772293912069,0.593039284571222,0.0883872366575392,0.745806078143861,0.0949201634429419,0.834072340334663,0.0818530101748211
3.27056398964123,0.201973406071046,0.932281841713875,0.141902594979095,-0.6225543038966,0.0609245324592578,1,0.0083256467847222,0.229282551787837,0.836687577877517,0.117637313257696,0.640620336666426,0.110565636836549,0.662821879882121,0.0884676573385394,0.673284998301212,0.08767802379638,0.758952886007584,0.0881881437073844
3.39939259374646,0.194312639560921,0.956175755812794,0.14493496469361,-0.589123119008007,0.0581912592875525,1,-0.292766990761764,0.252538288194032,0.932611549088576,0.115242863335793,0.707209904682088,0.0978192273057535,0.673397527199915,0.0878304789886098,0.785566555400095,0.0772399740548365,0.589044849650668,0.101394517893727
3.61600787303541,0.21192934031624,1.2977094361006,0.188153943257041,-0.628085943163294,0.0567881998734472,1,0.374016982914584,0.206483429725848,0.673569374284778,0.110235445498682,0.88360171621816,0.0873422608771553,0.75787921985153,0.0820635731322211,0.776105683997854,0.0875390390070917,0.745009779437331,0.0925911822113265
2.75977502923839,0.156637089238023,0.861566997329185,0.121157522801615,-0.519207917526233,0.0661126344013417,1,-0.0232260740202039,0.165200677912153,0.497342482376136,0.117769399328548,0.679795602934748,0.0836305896872861,0.408040241215249,0.0881393711141456,0.66503038235562,0.080696641947512,0.598296680341835,0.082239260551989
2.94629912354866,0.172430806353451,0.884193293113411,0.133034421308654,-0.543462152088096,0.0666351308797891,1,-0.248503116931654,0.195550216653249,0.697182892623947,0.119777357056313,0.705917486897383,0.09169202929723,0.625671439461194,0.0871645352208344,0.595976652980312,0.085753012174917,0.671636669887215,0.085784644183054
3.20339127688621,0.19492621537853,1.05618719645572,0.154766438929768,-0.604765814698164,0.0546162387245938,1,-0.0387799358692791,0.253555951294514,0.717769017846252,0.125804004411493,0.614369311650849,0.0914099299649598,0.728821266377365,0.0856767844351062,0.71893856536339,0.0818812035573263,0.632199679819793,0.087479466640321
3.31559196863043,0.190729661024572,1.16998433122334,0.168067541654382,-0.572420145361325,0.0625296316244992,1,0.249900403210332,0.211013500232641,0.702387904471908,0.127305687846121,0.563061252809354,0.0918702589699986,0.852790494625059,0.0725202492636287,0.82291651177803,0.0823359809700745,0.753611462196444,0.0871598599166718
3.18887015757617,0.173746003993545,1.09064853366088,0.14869649542124,-0.551095955546605,0.0607603493755991,1,-0.191850420258132,0.23340279261715,0.594372357794839,0.135002366006533,0.699495727356192,0.0938105949659607,0.748267769430248,0.0821935699913271,0.774516808180946,0.0726852271481111,0.672412431572125,0.0899311717572703
3.13231603327217,0.183618403926381,0.95127993638774,0.138285108444923,-0.542896980122062,0.0619249135823056,1,-0.188604901075035,0.210969046785717,0.772207513639581,0.118278624677193,0.637090765300288,0.0931216804538257,0.60334244949745,0.0888487657713678,0.673182524254057,0.0886192496856241,0.677912157509151,0.0802711194855411
3.29529048753989,0.205478327065756,0.986067393475563,0.1470389129239,-0.62927638219125,0.0582276523135384,1,0.0413021806612563,0.257517541690879,0.670392328557006,0.150178971090983,0.754169639091615,0.101203903980821,0.793327415841366,0.0908931002769275,0.738116959460296,0.0907098979990488,0.708196453863018,0.0830559517177537
2.97116263732464,0.157965224363426,0.773328544338243,0.105770177633528,-0.566913804603816,0.0579014553389945,1,-0.0112801302381396,0.197446695300425,0.557351528154367,0.125396217778096,0.7134850630217,0.0957645429979045,0.672982148358433,0.0816201129251499,0.642198135775488,0.0806507405167662,0.659083021302822,0.0815485984362859
2.98631769059381,0.164070713559394,0.75872484506097,0.108892311031682,-0.493091053958508,0.0701524009073077,1,-0.214737981560674,0.233580594466579,0.596355930277279,0.135258125300094,0.709960496002784,0.0810006381311831,0.672449038959798,0.0836225366208822,0.598286496636139,0.0871870857253825,0.590318263320431,0.0910424361599713
3.20490055221651,0.196155718500389,0.995834950425544,0.15671668017286,-0.499773633483318,0.0788609307880953,1,0.00899646514966772,0.282537079808443,0.643690110344229,0.157687777889741,0.772746289368709,0.0971687704407082,0.608232252538777,0.0955115191086133,0.700734955932013,0.0866843476871435,0.584723373636994,0.0947405838378593
2.96706328279278,0.184699235433759,0.803112455612393,0.121263879304151,-0.535256696990629,0.0690818191426125,1,-0.519455238793097,0.289477136755386,0.925102924207042,0.127676008851062,0.690072428060003,0.0987845889229228,0.54184387723332,0.097058751550907,0.575986374002696,0.0861197245229582,0.649676464781805,0.0851657713741645
3.19293326438083,0.18239242854611,1.09910081311004,0.163065379372441,-0.652235210137016,0.0486399231948772,1,0.116567555040161,0.201624116734147,0.767269233211436,0.0981744554768461,0.550095748756323,0.0983048209010517,0.760735997232247,0.0817004432500873,0.702921691906724,0.081774152515025,0.736716692504431,0.0912167133170046
3.03847998031592,0.196388146027574,0.914913705018024,0.144758549160486,-0.586662490647909,0.0641876210779085,1,-0.023744906229405,0.237289433965966,0.613671509351722,0.137935144435154,0.76812972202829,0.0939411042994247,0.613912834194852,0.0913898582042741,0.689383630163418,0.0893988238389988,0.65451631071153,0.0915543596109013
3.35653059592784,0.197643018290234,1.09560899420772,0.160206026591556,-0.632010770240099,0.0550699137839544,1,0.0637038981549068,0.234478558099903,0.759622150607787,0.121441507342115,0.741046146615056,0.0921669442458675,0.633758387741208,0.0909409057495664,0.761220744534966,0.0816756364634384,0.758381679265183,0.0880193678395451
3.25923629204905,0.183789125965856,0.972490602713495,0.135677132397819,-0.60572619088154,0.0504423229775057,1,-0.0713728366560192,0.206626332014665,0.828649834646466,0.102069960208458,0.735938180618613,0.0911361172490038,0.691430148719209,0.0843171740107686,0.644378761959482,0.0798178196724519,0.632314687181915,0.0909308479923456
3.05795935074268,0.203775201721303,0.844625160980834,0.131258528247079,-0.485052080294998,0.0768739099801135,1,0.296960293514891,0.219233511518065,0.479310548153786,0.137580033931798,0.537356338968098,0.113772327750118,0.696301538165789,0.0895452173973096,0.711606766221349,0.086150592247881,0.582389908078068,0.0946738753327242
3.52350990304076,0.207219897223733,1.14576244364702,0.171122295569125,-0.615061444823918,0.0611061620100755,1,0.449298383314873,0.257424818219173,0.549160216543892,0.152020707974267,0.876820389540141,0.0905568868904443,0.888035848423508,0.0799193641171019,0.788510657837169,0.0862488510627594,0.648576939907297,0.0939479772642516
3.19894955068713,0.193815585856435,1.09546746753808,0.172117135842193,-0.597044307906435,0.0504502053430658,1,0.0108257835940928,0.241962806291789,0.529089137720233,0.142561095794276,0.764410677725286,0.0865987536456608,0.726367924476983,0.08992604641604,0.629868081617945,0.0912941567624849,0.650736161632899,0.0822633123185976
3.57291360860176,0.206664659401452,1.00232254779285,0.147542770619512,-0.680701464162198,0.0507786296429864,1,0.197512173362966,0.240005934784683,0.817596712747693,0.115748349884674,0.569729997281625,0.106742082422468,0.763963208789226,0.0843412519550019,0.709643888641045,0.0904641888265483,0.887956187188856,0.0847313365800994
3.01169319768604,0.161144382894416,0.825947854475341,0.117558756080156,-0.511110650721512,0.0643387268125962,1,-0.253238249223427,0.224964219660322,0.779765321359433,0.118570592586589,0.606298147964482,0.0951460877454615,0.618295096127479,0.0855159429452589,0.675966447527998,0.08159169340007,0.650461004202521,0.0769924900865713
2.9551909863808,0.194039204266598,0.983190760573931,0.152933809194413,-0.557029577788349,0.0695651009065525,1,-0.42564731030154,0.22032046130019,0.735833188072921,0.125087967972061,0.570264366388492,0.109483179779226,0.759938835460988,0.08151666442952,0.658846005297489,0.0881216221409303,0.684837662671299,0.0870658718181865
3.00970944767798,0.178211588513536,0.973862655802991,0.141178335016467,-0.507514736061076,0.0773100037638132,1,0.207803857813729,0.213802008703511,0.47175736129414,0.140000203778733,0.731180079683604,0.0933117809577604,0.570963644554354,0.0925686379432904,0.742930852162618,0.0806314548473402,0.642080938921599,0.08364759289188
3.47785308760566,0.221630560509509,1.37457104801069,0.20815133888538,-0.693632430078513,0.0469272843335018,1,-0.0420639926998885,0.279997611359845,0.727485244116808,0.129955290894425,0.864593967449884,0.0963493332228616,0.858325012134744,0.0867473813189341,0.755774055240174,0.0848509895547804,0.773720107059485,0.0944345907836376
3.58829613474991,0.229766386233028,1.19192652223076,0.176734296413698,-0.630049459422185,0.0587354062754356,1,-0.604727058220273,0.233797307626342,1.05696266797303,0.107929080042965,0.775800114812135,0.100192904667502,1.00548838679204,0.0821881102964317,0.600061051111875,0.0953846106944468,0.902190584297387,0.0905295110945433
3.02640025736858,0.162945805873366,0.823765289894718,0.116593535048402,-0.583974380796296,0.0556837190484427,1,-0.149667181145284,0.213711487533317,0.626768375070549,0.125900611110117,0.749473150995804,0.0825663524710795,0.611509847696233,0.0892187968350328,0.674381280674855,0.0877202126413062,0.587633701216895,0.0848487692631485
3.37626941180504,0.2077690149432,1.03200320973193,0.160054989098807,-0.677673781199694,0.0481878468661985,1,0.172924760530854,0.245189107186902,0.727713757297907,0.1233346628101,0.724639377455889,0.0989392243202398,0.68204082123866,0.0904959357305172,0.670397753880987,0.0906181869416686,0.795530731323698,0.0893705080164779
3.21809107470159,0.188761639181272,0.959655731267965,0.140878303329293,-0.614215784698236,0.0608602432252436,1,-0.249602424492873,0.252689012997128,0.640611130421465,0.140857035086855,0.809939784918597,0.0955657621076779,0.778278777817622,0.0905018054987631,0.610498266350012,0.0919328481252451,0.708162314852999,0.0893409989524166
3.35356289362398,0.183936567177527,0.998727019831588,0.141771156159542,-0.553192465270341,0.0655409433185609,1,-0.0885708565883996,0.256466093414474,0.908828908869142,0.109566345775787,0.594418577670653,0.0986415598848416,0.688939856279905,0.0937389904431432,0.702329186516436,0.0812789735883652,0.678364168276262,0.0802053021959999
2.96485306873158,0.185786495128279,0.774166018960526,0.123382344562726,-0.610945184205897,0.0631011638064547,1,-0.075924876612273,0.186081731672251,0.649403759349538,0.118405642670518,0.560256774683555,0.102550097539758,0.687394436540455,0.0840920366004622,0.617574863700964,0.0918561269045183,0.630790637751878,0.0915716175988619
3.43714551235714,0.211586472013305,1.16146807646799,0.174361161919317,-0.635380510220336,0.0513261025146347,1,-0.196784421901452,0.218596066185111,0.830112144190249,0.121663417793943,0.862724974141043,0.0828073222209244,0.826720156965331,0.086419210133956,0.744853443210961,0.0900254982716015,0.882698384907387,0.0888666663039557
3.08223243242206,0.163006564353422,0.950297114569673,0.134463683520552,-0.471904106373121,0.0746906100113961,1,-0.0124064121409069,0.211595015180753,0.61630118718938,0.129998334565268,0.760103361944089,0.0987156978588303,0.667321679739708,0.0799498113874227,0.72237039350453,0.0758603402285869,0.622839114365162,0.0833244525755071
3.1730232446812,0.190443341113777,0.955289287547456,0.139353959925772,-0.521401907704313,0.0742773696505944,1,-0.102564795889574,0.197604334550612,0.871875866748432,0.104921029865885,0.498474221072311,0.0994463644016452,0.633822352529203,0.0858107023331087,0.712796458923889,0.0840064038654514,0.751904339269327,0.0870028860384504
2.98703951112884,0.186543785454602,0.945530005452257,0.142563586696439,-0.544135466500676,0.0682953112350296,1,-0.0668772047108922,0.225145857989195,0.523382673774997,0.143181728520244,0.731825605540308,0.0920424882584718,0.732528172852948,0.0800036243741355,0.608031724659635,0.0918156201002165,0.548235338177282,0.0931641224469808
2.73799605038794,0.153997990349102,0.606333123428416,0.0913237385228421,-0.441252993883422,0.085913467455245,1,0.0795718105528833,0.23414548825598,0.600470510090098,0.137188003553503,0.523203379636206,0.0897451755157231,0.547882998978595,0.0862683510761572,0.480103123442871,0.0896854707044411,0.444339499659905,0.0941415874420751
3.06042834217974,0.171372184984114,0.852648247430215,0.125124787510901,-0.583905656217436,0.0594963364361516,1,-0.28740070165378,0.194475734796147,0.734952306231327,0.115065438450933,0.783910345282046,0.0858117853757548,0.544063189239611,0.0908284100537629,0.693391504764707,0.0810036391079659,0.681642850882731,0.0860540349107286
3.17350935385582,0.178482672467387,1.07328825889449,0.149608434141973,-0.565097936602582,0.0654820956521651,1,-0.306801597208255,0.229213215693473,0.842700870012622,0.122116288781243,0.720687459720109,0.0965726552467162,0.651169888323489,0.0871420644819328,0.718015126391146,0.0810709317718289,0.691980300078864,0.0880257607326205
3.0970227931515,0.184428241326938,1.08004083312661,0.152126398040382,-0.537983124806826,0.0728690342502964,1,-0.414401063239092,0.219504615313975,0.794143192096393,0.117293860456222,0.772031779986786,0.091509115229828,0.56896511996954,0.0890550432378247,0.693104999225406,0.0842799135988084,0.657404633100971,0.0875331446758032
3.09482224874309,0.177369421062219,0.832840468145997,0.124871399436588,-0.551096006254331,0.0611234016741116,1,0.0124196347557134,0.199158401979778,0.79788804730598,0.101765566855598,0.519540213420342,0.0978744045283075,0.667138302700343,0.0851581421295274,0.644318902278457,0.0823509639247212,0.634623014330446,0.0888073836430873
3.39066178335314,0.192739484824052,1.2066929423905,0.167314110104488,-0.616686050011012,0.0529123386781788,1,-0.0292203973651114,0.199750046008391,0.780329833485608,0.106956619746809,0.629382437873748,0.101497493338979,0.821487181482835,0.083760552140104,0.666304667280657,0.0848789045571808,0.727868814730152,0.0875215394860053
3.33415211040117,0.202856752184704,0.964051912063087,0.149862970759571,-0.607686921434968,0.0604020946567334,1,0.078161679079658,0.216751679101394,0.777046174196919,0.123216959087317,0.615443998108045,0.106271625604525,0.800853131352866,0.0852938892729604,0.601521341809472,0.0884931885980927,0.761589713865355,0.0841819498664631
2.99122782931908,0.186147525209113,0.993616026133575,0.144404542406225,-0.59908461084474,0.060866154552483,1,0.0868562514537794,0.222582829088816,0.503434890171404,0.138708916063926,0.72079338314359,0.0932230921961711,0.500688844099662,0.0951748337192984,0.680829705083169,0.0815231064253722,0.723465256256053,0.0861558209759036
3.1284347810454,0.180464159024658,0.910364071663634,0.130936448632086,-0.594335707474152,0.0578995934527356,1,-0.153117660358123,0.241918796573008,0.602731356675163,0.13739057783439,0.769507275826548,0.0950332086866242,0.76659408732748,0.0837215632604841,0.650206627993228,0.0800269124019409,0.704405566876154,0.0868410971745046
3.31306421994751,0.193042981489155,0.960592579219192,0.137701636285829,-0.623605405608823,0.0543187128685374,1,0.308885908303085,0.215699019259245,0.570213650875152,0.120794153462234,0.699154004663929,0.101751268021711,0.633578898191543,0.0906662915063068,0.771654112617215,0.0761634925128764,0.769423941726979,0.0852950349329684
3.29754801906576,0.207326059574488,0.904545982209829,0.134123728259938,-0.581416722315584,0.0667464754665217,1,0.300360931475722,0.23125368610235,0.818346935925391,0.106670769923805,0.573354397816069,0.10608343099718,0.71060099459706,0.0951328054229695,0.749108783332325,0.0894061529648591,0.585740189464694,0.0951200672344636
3.25477523140358,0.199252547087572,1.1758754332733,0.170970392187291,-0.584094047896619,0.0606130920525422,1,0.222657607897431,0.234037750919755,0.626640585359223,0.131986706025173,0.780082514833806,0.0983655763563809,0.581784071166268,0.0919059152440849,0.645957046712417,0.0857339011129002,0.615080006642451,0.0890274700816722
3.02711437009909,0.196146288824732,0.821368792293612,0.128105775112743,-0.45728946459606,0.0864548333130958,1,0.195604351905086,0.212841237381774,0.640863033510005,0.124580894118345,0.552069950898744,0.107933287186251,0.752511642566358,0.0878272989311774,0.460688040202708,0.101245788010002,0.509005844369887,0.09415556427587
3.44157707378217,0.203732113856472,1.21323154991649,0.17247481498669,-0.686589131377069,0.0455202534972445,1,0.23806719509649,0.22759529313223,0.772945115420202,0.119173293175716,0.606893101585972,0.0950361196612541,0.86208910328388,0.0833541837514487,0.74096628634209,0.0920285675799128,0.694812162084128,0.0906530618719273
3.38369043257388,0.213205433748871,1.00558068612162,0.151078128721924,-0.714014971138599,0.0475013520954172,1,0.0143036684475196,0.277647669271466,0.807481816327888,0.12791253574014,0.793445671321936,0.0936043394628684,0.714208413872543,0.088627132111709,0.718345851814125,0.0895156716347795,0.806675488576579,0.0957354561876671
3.19478840504679,0.207156903266376,1.03019119137516,0.159138404609767,-0.575005818241024,0.0703645288283018,1,0.0894526926156217,0.211451767470613,0.726432070293272,0.120421999022389,0.632381236076279,0.0971861915501091,0.668967610697717,0.0893684431086335,0.712972563837051,0.0865402904741955,0.633514583330999,0.0980750532405919
3.2722828542519,0.183238833190964,1.13922693234778,0.164698027965046,-0.601423696590029,0.0558130250899056,1,-0.0321460699575109,0.222198741770574,0.731650701371811,0.12471575194228,0.718684045608491,0.105497103650622,0.633450086886337,0.0907361022749171,0.787205094040899,0.0736652853572019,0.700751286500433,0.0827014211626664
3.07844234450795,0.184897698398666,0.94271819376856,0.145449903252598,-0.634327358976403,0.0550983319980903,1,-0.200686258286044,0.196244235909015,0.803863218516771,0.112542472949782,0.663408529238987,0.100025708772936,0.54339694589258,0.093369776237552,0.647083235790994,0.087365000545119,0.726508843205264,0.0819744588372246
3.14506173159241,0.181661309487499,0.883963043858517,0.127761467530572,-0.672215773330572,0.0480216750554515,1,-0.04380195638467,0.224130901589311,0.722340055413212,0.11783541474927,0.671804215339626,0.0944757194925634,0.734525800808716,0.0830410574958399,0.713366080377307,0.0840387440358997,0.790540994150273,0.0807508157993661
3.88079646868453,0.244650767392925,1.51760320087484,0.224426521823981,-0.73455382899761,0.0395101046751718,1,-0.149720238213857,0.222015671684947,0.796111667729992,0.129117773522436,0.965589006706481,0.101191648442285,0.983195345139384,0.0861035696677412,0.768784613758916,0.0899761654961767,0.847327564494382,0.0805657978715191
3.20293245189906,0.196754357995009,0.986706619535422,0.154126182365766,-0.559437366577562,0.0637995646115027,1,-0.629283968967988,0.235204344800418,0.913856025909045,0.105932407042132,0.761702664970235,0.0853082564602797,0.638316186784392,0.0922091644976611,0.784207737589249,0.0833022439748643,0.725298389797743,0.0902706640129976
3.13022354249924,0.17962785144448,0.91747078827871,0.131179554456591,-0.561620334061772,0.0616181145523653,1,-0.0122663522016392,0.249137539378373,0.661849658091971,0.133699733981514,0.67525093768445,0.0927778010873265,0.7627590671786,0.0843791282605103,0.708857607218204,0.0844693813484132,0.726660862864147,0.0826090149725026
3.33313227628023,0.224426840123568,1.21753129624182,0.194695575934314,-0.696291981053478,0.049701851465235,1,0.344393159289102,0.226364670337758,0.471798064798988,0.144129625986955,0.775606125319876,0.102252404801433,0.713254025176009,0.0930432207314001,0.781215423246274,0.0902440425882398,0.670204316090774,0.0895319936757203
2.92242594228239,0.14850699453112,0.857386249336512,0.111624438629793,-0.591449416885369,0.0581513107978838,1,-0.0737281773018961,0.208038296837051,0.583924808758428,0.124807566740338,0.723464832236345,0.0851775083428657,0.699127927273681,0.0739695919041285,0.594723904896453,0.0837709110291737,0.596719180373597,0.0901797152605918
3.35790050698723,0.212423117173038,1.04683191410958,0.16574037969097,-0.663821299230015,0.0503314027469898,1,0.0308535962561141,0.210304711237705,0.671344627448502,0.13001427158048,0.682770499962794,0.108102796826061,0.791119942644812,0.0827525113545799,0.784002697137198,0.0874785805511395,0.782085548952878,0.0894634235336168
2.87419065681801,0.17823625829376,0.799064820812286,0.122062677943622,-0.518292347939764,0.071558772704133,1,-0.186626993659349,0.178317111676638,0.722435854944744,0.115417962733019,0.497299216908787,0.107955420089214,0.514539591323116,0.0906656845288093,0.612047020815807,0.0866414661316506,0.603041925566338,0.0896936634409666
2.9624392451777,0.162766096114478,0.878158873934895,0.120177689141202,-0.488382172712854,0.065827927556256,1,0.117556270982878,0.177595371197814,0.606821005669638,0.106401286776225,0.467250545535639,0.101222820102577,0.796091212035327,0.073895558253195,0.568081012942048,0.081174513348475,0.53306650804231,0.090416678329038
3.45863170002709,0.248770533855526,1.08923602024708,0.185724506117053,-0.673754354187578,0.0579532772901218,1,0.0159948918784027,0.205431005104627,0.721374462932832,0.134179887456938,0.818330280089744,0.106307667734711,0.798858087013592,0.0916197070430141,0.701851581233744,0.0982508958605078,0.767550816772508,0.0957576172047376
3.21697607322236,0.185432487411691,0.984095881065065,0.136872910457943,-0.523905140276148,0.0705431972836841,1,-0.0826519258464817,0.235499466937295,0.657576839434228,0.137825221495483,0.685906041052593,0.0963290782075608,0.686715462441703,0.0874586017726236,0.752098689973542,0.0789587133705171,0.557627552987972,0.0873674952308025
2.9829155613635,0.176654900181957,0.846137699110312,0.126151130952303,-0.633363638545593,0.0540996883062822,1,-0.113220697523956,0.229896750180699,0.69198240225599,0.122543101345923,0.531205617950802,0.104227550975016,0.747652913165309,0.0836805018800268,0.657245841547385,0.0818066817419035,0.635461065380044,0.0844615944897141
3.40078027487655,0.206967318208712,1.12219891536243,0.17452997262328,-0.569164477873622,0.0656740550554748,1,-0.039792150236616,0.291894867634731,0.774485236456555,0.129628609292384,0.760303223235014,0.0894756632417574,0.648028991146396,0.0893076152052915,0.81423590287116,0.0903953833084282,0.7236343436822,0.0906454462631306
3.10538522098987,0.187095257266643,1.04297283495908,0.147393268444308,-0.55322469079011,0.0661363705236546,1,-0.200054714238571,0.245276175989761,0.695057021834487,0.137158737049022,0.601441035095134,0.102507093421105,0.634531240218114,0.0834002970790351,0.835234409918296,0.0767053441446447,0.622679008676865,0.0872044077136765
3.3810096515238,0.187282429730591,0.975386895387932,0.13816499073651,-0.642601982011255,0.0494432415160807,1,0.184138588947414,0.242371577910438,0.686946768441158,0.131445024727765,0.761320920335677,0.0869155160759945,0.735151303591043,0.0795744267361732,0.707985040982785,0.0855336947465112,0.73529498029856,0.0911632401734239
3.37751162448455,0.195032738040363,1.10633809971756,0.160258971807423,-0.603932215015609,0.0567597504556546,1,0.103160418092666,0.254672804340804,0.705331151407605,0.126650577956077,0.615591509443729,0.100594250297758,0.767913474247457,0.0844438025354926,0.683156250096152,0.0840765013104526,0.675443568216955,0.0864015952824792
3.11876388288401,0.19878815969274,0.965013676477824,0.150294791324121,-0.619304708861817,0.0557741809292883,1,-0.0689760908620246,0.217693562077652,0.473282291041034,0.143736458173529,0.85673333994383,0.0850230084944814,0.700324643632889,0.08491875220044,0.601031588254735,0.0914874708649769,0.70098283264843,0.091491989602721
3.24164658012361,0.187445369738186,0.959344211265849,0.147887319122881,-0.619488084407908,0.0552621059368898,1,0.161890044780951,0.233429560071115,0.770207120250483,0.117307163983655,0.573029679783946,0.0977100884521332,0.623618194223534,0.0969340959936372,0.747897951111704,0.0876885854207218,0.681099535652691,0.0906777633431403
3.07617478337582,0.157373710839424,0.853842771193368,0.109818210759984,-0.544515766001791,0.0647375085285978,1,-0.0850803717044425,0.206619483700067,0.800323995234458,0.10545003124501,0.584991793708627,0.0948505228914918,0.6214193685571,0.0815362343634627,0.632919736857686,0.0813455675799712,0.616068041271071,0.0837152285662097
2.9319167120398,0.162109943419669,0.893362103263713,0.126757354338039,-0.507540508192724,0.0618861907060034,1,0.0957361476160879,0.211549832787786,0.493561950481457,0.128784262553143,0.747270939656771,0.0812643160255082,0.542321039682456,0.0845419182908582,0.659338142674334,0.0829740750906423,0.535755614876011,0.0864301546291302
2.94561156530261,0.16658292197948,0.86386053149765,0.118868871194337,-0.517991459764323,0.0692486134797791,1,0.0571979170054409,0.244600919456646,0.49383509492649,0.142102855267755,0.785888063314072,0.0860871363487172,0.460818079637228,0.0919581752426465,0.595614295353051,0.080684035158383,0.577110960414473,0.0794447198852289
3.12573367926481,0.181006486381632,0.919625519407822,0.133254006527328,-0.578223837120632,0.0611910898624913,1,-0.0779866252422787,0.260043677224682,0.657276477996363,0.141883564618167,0.786398735367598,0.0918162370936197,0.606956775398623,0.0852240055413388,0.60762559333611,0.081169514373321,0.52022498951558,0.0878129024457586
3.28991813573006,0.186952162588459,1.11059506936609,0.148948878941703,-0.555515503295114,0.0683429904601549,1,-0.00286793074446553,0.230907607082744,0.662386541571472,0.131600224380054,0.730752261822842,0.0965564424167629,0.781824584324588,0.0808960017781394,0.605184749999333,0.0865397881309229,0.692231273289277,0.0907027095299935
3.40345613774648,0.20472256767521,0.971804444330617,0.141892297813102,-0.660539127858391,0.0488544987363499,1,-0.0536344211312073,0.239793629953182,0.915091074491147,0.111131743570632,0.687009797225693,0.0969190978810185,0.718220298942539,0.0914265225322696,0.838905124344025,0.0817713983890699,0.739253994782345,0.0859466260446724
NA,NA,NA,NA,NA,NA,99,NA,NA,NA,NA,NA,NA,NA,NA,NA,NA,NA,NA
3.41788199446696,0.204507464902983,1.14318991204648,0.17885052863166,-0.612001802962664,0.0613743330537789,1,0.245030254821117,0.252598709634154,0.625927739592213,0.136782708548088,0.623733426493561,0.105897290882684,0.801000175376681,0.0904281641464494,0.686064486745477,0.0862151796620993,0.675531400102916,0.0902332322290744
3.63087636745586,0.23580779028677,1.3674290307343,0.21406271613397,-0.661274361606696,0.049011394810112,1,0.0782814344827723,0.254971049915614,0.918290430933698,0.121719997364551,0.792164675146499,0.0989736858491568,0.781142417751323,0.091771693728358,0.83824570742624,0.0865976969939708,0.795973666778013,0.0854763911129042
3.32454378937682,0.202792307724128,0.999087813545434,0.156716740704565,-0.668456048594834,0.0470955353349347,1,0.202315031019525,0.205311740326021,0.732072310742553,0.114868486031603,0.589799665633622,0.108101357235537,0.912846002366849,0.0856137510070953,0.728199918532255,0.0831643204282635,0.661141455858863,0.0909786831578454
3.37672325809134,0.199203257080282,1.16806491530768,0.171913486478263,-0.560035709017901,0.0645908133049005,1,-0.199259652813513,0.235702680565533,0.703275655471644,0.132459867423139,0.807506650949506,0.0889479828292095,0.679754799647451,0.0888923126712005,0.82819547482262,0.0818499697669085,0.578887003501904,0.0906858599795222
3.22673909501897,0.207833566631898,0.947574318908234,0.143016522002435,-0.651294945895996,0.0556664695888353,1,0.0387967404383025,0.197244630344146,0.64033455560696,0.113809617236485,0.800979659264663,0.0956516915300822,0.635893403553459,0.0882052235306352,0.795669497044675,0.0839448681412043,0.550655290877497,0.102183917904755
3.25808066148761,0.188632019933857,0.820699135513495,0.124030275552194,-0.572766869439957,0.0661207523926628,1,0.295219728823644,0.212232440061419,0.582835834090883,0.136502216365778,0.662181158157297,0.0990362909995976,0.61640497194562,0.0958053437346745,0.689138697527785,0.0816502847919598,0.826935131998302,0.0811648154911381
2.83906227521133,0.158200477825182,0.851534252622675,0.123394355134084,-0.467843097679552,0.0713646687168469,1,0.0154873544848574,0.20737729816438,0.702673320295919,0.109379297281823,0.527618041387337,0.0934215816637224,0.627829728801833,0.0805152430419901,0.488730361851448,0.0844354970257134,0.568751847083869,0.0848500747806479
3.22214192587021,0.193815176595884,1.08037528803477,0.162028494185789,-0.526754101580971,0.0683439132640419,1,0.0660018167687595,0.20022315917488,0.70920230990111,0.114283159150163,0.632471398499382,0.101177621033773,0.825391435546776,0.0846088019246763,0.560395954555418,0.0880043283979622,0.61798940072748,0.08788860094122
3.11106166501577,0.191499876355316,0.832243051515548,0.13275510139676,-0.573095666473971,0.0633240904543832,1,0.23122638294899,0.196007004799476,0.546998079110212,0.120892957253856,0.5908470830975,0.106446784677911,0.570598105508343,0.0929953158367279,0.712958487546596,0.080414404699743,0.66568669701981,0.0885555284480723
3.20635309427438,0.160751797382509,1.0491749247129,0.140258637181549,-0.621209061530602,0.0490529658177188,1,0.24731515053362,0.193449537688647,0.579068784269951,0.121751631137872,0.684473163884755,0.0945217971718501,0.635830046598725,0.0898127471653884,0.813089243920083,0.0747725684206552,0.668837241650761,0.077247099081365
3.5501275897609,0.215404310753897,1.54270600327283,0.22118263873574,-0.700667634458545,0.0402891108104739,1,-0.0913257940577534,0.207692920498422,0.901433655090375,0.117266044798075,0.798418744218667,0.0885661398083323,0.816893055002704,0.0786489466666459,0.768171692646869,0.0880213178978258,0.786186152022604,0.0907226777297512
3.32116912336585,0.182738111186813,1.01869831152887,0.14760782027295,-0.588491822231084,0.059298515800018,1,0.104077716164939,0.246475042624726,0.73123219845868,0.124751405537774,0.78562413214904,0.0902891835255679,0.644150965664558,0.0861711516828017,0.657430793421367,0.0831379677802102,0.800733634078178,0.0837522413666674
3.15042526260499,0.196118620574748,0.986913559022999,0.150980201985893,-0.580603943701994,0.062799867399948,1,-0.612012897581704,0.259795515739074,0.920675798403987,0.119391717073147,0.646767722659529,0.095656160299997,0.722178773730468,0.0839423955997893,0.562883862743714,0.0861732038707439,0.730635500584752,0.0905912377117931
3.08557531991579,0.170309435119341,1.04130543158709,0.144907801830422,-0.610638612914263,0.0574810770279715,1,-0.221538759787943,0.209133450939856,0.736552419289162,0.119506818941801,0.662797238935663,0.0957581604221006,0.660215174831949,0.0842718867787764,0.640932994967826,0.089592526487129,0.616411607131368,0.0895216354472661
3.36381394018483,0.224945389832127,0.988793994229812,0.157686143550943,-0.596787217661709,0.0639835707558769,1,0.00280563049824283,0.221080826350695,0.842037381722444,0.116646689439599,0.672304242531223,0.0984459839600712,0.776767365706318,0.0890092136385121,0.742518030808585,0.0902105072806806,0.717203627489707,0.0941267138199044
3.34537613907041,0.2085653586108,1.20470200064824,0.177141813388818,-0.656289664029031,0.0535253274822398,1,0.0866572028065698,0.284440727546008,0.770045146041737,0.135901220415882,0.648955726522781,0.0949638807736312,0.86260094614139,0.079376876435885,0.673411428260243,0.0951064188826153,0.715594104489275,0.0955626548408309
3.01112862345069,0.169858839627574,0.931684140315653,0.133440876814348,-0.545377059076482,0.0616736089197746,1,-0.171426075602939,0.222502745284474,0.797596752756563,0.112051504918809,0.611871602098733,0.0947012343131512,0.383113469418149,0.0954593723940972,0.660070015885829,0.0809561987014966,0.656464199509694,0.08161315560585
3.30392693151378,0.184998945547792,1.09591987789549,0.149566729229129,-0.649682986555678,0.0497016932836275,1,0.0641450916928833,0.227989265537503,0.613334007980445,0.136959675867673,0.748634014257572,0.0892699515826073,0.71838283885028,0.0850262218366382,0.74694174927883,0.0810077836597814,0.722792140055336,0.0864814019980562
3.18510305722514,0.205271042761506,0.938740915935618,0.155780101782908,-0.5574231170296,0.0727859435187765,1,0.0800632568593717,0.199058662030219,0.764591836134916,0.108090884568459,0.591824005971864,0.107153845892203,0.75776638099128,0.09123862853469,0.618311308100918,0.0969922621568692,0.6990251867835,0.0941187893440444
3.07587944097289,0.149200731882585,0.789546067463944,0.108441399093322,-0.447541124244213,0.07376880937204,1,0.169529474956796,0.207010856453272,0.656214519580618,0.117348607200187,0.682115018007458,0.0844900709178693,0.617577086691888,0.0826156263471462,0.683958409384824,0.0759222571943119,0.651578607855665,0.0793356749113741
3.09691974015653,0.172010733447327,1.05157207866155,0.141054070058041,-0.549387365153672,0.0678059718139873,1,-0.117682519201683,0.248153434387148,0.509869228570117,0.149951998479929,0.840625820251361,0.0820753681308402,0.69965125849238,0.0893016609454568,0.60137432496556,0.0813784349315233,0.673595822119333,0.0821917419487704
3.30851866199261,0.206277325999922,1.0805684772983,0.1662809041993,-0.63021906523583,0.0535384055241538,1,0.0953635430592897,0.249922407766549,0.751805933934341,0.124582699803717,0.712206460846451,0.0989658433492037,0.685251224873326,0.0925941192974542,0.693462361104235,0.0902632608363279,0.721157083653364,0.0835833665934638
3.32308089574363,0.20165788711957,1.20231372910581,0.179892973433898,-0.593589302294575,0.0610244933096189,1,-0.154450054101177,0.251088247732267,0.853285379410053,0.125007584216061,0.727448059396218,0.0931131303296725,0.625545933732859,0.0933065561933091,0.780075754013172,0.0873587122543172,0.819401562368547,0.0835602963164618
3.44226343888134,0.212855670180524,1.19279634243354,0.181495948138589,-0.666676553320169,0.0470485002833194,1,-0.309829774583106,0.271766955818596,0.894233883264217,0.127105378862171,0.728695332466213,0.0923478630204118,0.709507183564502,0.0824975782862782,0.696781336306012,0.0905591576275449,0.702770020787727,0.0919123144574073
3.16339047847181,0.210697436232324,0.948599556133718,0.158507178677898,-0.619535681061436,0.0556153298982278,1,-0.297112715550641,0.288047492524715,0.807406738643854,0.133059725287563,0.640559071797805,0.106265816593503,0.779566053894054,0.0829452249149405,0.655663696679662,0.0890120818994371,0.691282346110073,0.0933591259039644
3.2769003961877,0.205807942217257,1.08426407598392,0.163116917223478,-0.568476332292949,0.0734604606200832,1,0.187323363584478,0.227699502736638,0.640928546420064,0.127926137990644,0.704254015545674,0.103145548684834,0.743202086186157,0.0879912510079534,0.683941217022146,0.0901828935079632,0.665230583583035,0.0928100684243571
3.20610925594007,0.190590125585013,1.07438906326288,0.162330121582075,-0.610891085766865,0.0521200554845285,1,0.125964399488073,0.219522090915534,0.455497264229218,0.122893427924011,0.82036805593789,0.0834395374586938,0.657606661889653,0.0862891614833806,0.715528382816333,0.0827913815171616,0.675943962080344,0.0871952961333271
3.06884115049843,0.166478309562888,0.774143987052745,0.110364764617922,-0.513760803493427,0.0648466106626882,1,0.375320328012461,0.243846050024176,0.340485707692379,0.159756185951616,0.706854638411208,0.0885302131891166,0.590085000578633,0.0828075829615554,0.660473530861376,0.0782559741118427,0.659274682901437,0.0815042025062098
3.26829357305995,0.202146157674142,0.989308042219559,0.152169768227881,-0.679431581953319,0.0479067195484718,1,-0.112072209278072,0.270338565962804,0.692902026181314,0.14452347760975,0.806981998445383,0.0952744907637088,0.726896048829801,0.0815956847136023,0.757206287589949,0.0912739342322579,0.669004069398541,0.0906986605752369
3.09590578191779,0.159773736708469,0.719766771452689,0.0982093910196709,-0.625004631625343,0.0502628807086197,1,-0.102894240479349,0.211700516859852,0.655675977866949,0.129342033033895,0.792777836196595,0.0940492636157547,0.742224862988585,0.0777146417358158,0.505759115613057,0.0852343379060208,0.757742056661723,0.079849077582367
3.04495866922084,0.159733748650258,0.932222586811884,0.124861660898555,-0.480076152488657,0.0689173534343061,1,0.100193591289254,0.192305554763277,0.591902702643266,0.115013306615512,0.665619705805641,0.0887464064804827,0.564816412614279,0.0832894260444521,0.772251350408092,0.0802611524739483,0.614233598971546,0.0835155560564795
3.39116855967996,0.233833408175441,1.17475897037589,0.189621815227031,-0.646114851629471,0.0589174002708634,1,0.0359305381605843,0.253560489300927,0.891725484921825,0.121957152833482,0.742236323165075,0.0950471418926517,0.692132930522838,0.0989957111521226,0.676741325029637,0.0993007606236827,0.785638831291615,0.0955997834603468
3.07236197452713,0.181647977722528,0.869918338250497,0.138334962006048,-0.537371038106917,0.0662757679006734,1,0.260053597416786,0.202884925160428,0.570594873550273,0.122421876282756,0.601167531759252,0.0942964005847172,0.672408853144014,0.0864173246662037,0.677949272857756,0.0837765921154893,0.569111965250502,0.0901580976716788
3.23370058225724,0.155206153922843,0.822537159339789,0.108688384646367,-0.530391948168956,0.053364783255095,1,0.328361821103479,0.195858088028861,0.458840689981494,0.132981120693816,0.747413975910921,0.083313427037924,0.685431009732357,0.0819648617115359,0.744398915476454,0.0728565433823154,0.67936053455372,0.0743933334777027
3.06442394446753,0.169695522370525,0.816942755823375,0.118758264399651,-0.572977726517844,0.0575370841416558,1,-0.253155277222355,0.217813733291821,0.796515035947448,0.116461127464205,0.548448096559553,0.0915093220242433,0.730904436970525,0.0834799501761456,0.673303099099613,0.0761872377843247,0.652408399618351,0.0892327368624727
3.27206355844592,0.190023132649858,1.06166318225029,0.152735888422137,-0.566278808887076,0.0590024130401602,1,0.594267030354865,0.201917316127502,0.524932470410338,0.118605286336761,0.572435654578651,0.0996256369669281,0.709437949019207,0.0909710825333477,0.688420531243652,0.088483934476291,0.636677363061905,0.0892056120429016
3.35194380653474,0.193475731587342,0.963009833173554,0.146274951865693,-0.634029205617798,0.0490086523154529,1,0.110463003645271,0.234901821551213,0.691238685648597,0.124632118830907,0.733122306628437,0.091431149841201,0.69956294039418,0.0843993468976635,0.770924613017368,0.0807514227464888,0.65895870234649,0.0890640456586638
2.97961398793683,0.189955526508033,0.900038547466326,0.140182107934876,-0.564967080538298,0.0710580081275499,1,-0.0545858138318284,0.227765151113445,0.634194203371834,0.12765376315346,0.664302241631774,0.10038942829425,0.640723525478675,0.0889260278659792,0.513494063242927,0.0881003999509902,0.79947160136669,0.0897549248689914
3.29360712973241,0.176216010670519,1.20911953959132,0.162309172075281,-0.580186409607175,0.0525502019137086,1,0.145825021007724,0.237226424684527,0.665248449429742,0.111486033811905,0.563302498431389,0.0949014766885111,0.844218600557231,0.0750707742277313,0.809724688092325,0.083115714091287,0.652845796107346,0.0858081467271372
3.44104276856286,0.207113725387649,1.18464794771177,0.174653246390204,-0.65696158978702,0.0510258244942492,1,0.122156066993223,0.21579217156108,0.832911062908093,0.103760180920887,0.717361853395734,0.0941509919334124,0.776916939678315,0.087299736950852,0.593107428937741,0.09331390161638,0.861987263962213,0.0832717027624427
3.2698755326779,0.183589446587967,0.945553888849976,0.136230334680933,-0.65358816466464,0.0461634117093845,1,0.104713299820918,0.203885994028101,0.720180442088416,0.116030033358654,0.699485536208991,0.0898643898738671,0.654731837602357,0.0827494181402487,0.772668125271325,0.0793356683271968,0.626321301066725,0.0911689650913711
3.09267358456357,0.181499665584344,1.00827496156582,0.142688509593924,-0.634911748319934,0.04964111088573,1,-0.00427413836363315,0.201628967153607,0.81037432163574,0.102989781103022,0.550049555231146,0.10183686294897,0.595626661298038,0.0907491602162121,0.694185513441939,0.0801677288093788,0.604122075987581,0.0893568724679952
3.02163144022867,0.17812548818921,0.814307810351145,0.118724700713455,-0.618885943072545,0.0520589383951136,1,-0.126210950844136,0.248950788493297,0.710674528333352,0.127363042921013,0.669256607153517,0.0917525662915716,0.693790259068498,0.0858631685757332,0.708751748443103,0.0866496751225211,0.699677243021421,0.0899462588681104
3.283472529327,0.192355509894828,0.884688707843012,0.128400468277437,-0.608231918969479,0.0544282052103718,1,-0.369914156749661,0.223421798497539,0.803894738508767,0.122082999803945,0.759397386282902,0.0897843272548314,0.74360851369557,0.0872779940278033,0.729193692321232,0.0804163768947146,0.641553213058546,0.0881225334697589
3.0467346056964,0.17352773104012,0.953610662187317,0.139314465988199,-0.538049743923618,0.0624068736751433,1,-0.351345993290919,0.226278417581487,0.85115815988347,0.104526824763558,0.647768406417042,0.086909001171598,0.647590522944602,0.08051624430951,0.630073813431383,0.0816499791462305,0.641752475991189,0.0880319043727556
2.97004480203453,0.149055885927316,0.840731290561985,0.118145748669429,-0.525260953888407,0.0625287789932071,1,-0.0236259719090998,0.23093616520485,0.607972725516778,0.125340860937929,0.556380865343583,0.0968163347977538,0.736689475275427,0.0795376376816971,0.601769357622906,0.0816764256829107,0.640786022077905,0.0813147370253451
3.39465037288649,0.191736144875129,1.13571803228569,0.160482061619863,-0.562663047010574,0.0668463894091363,1,0.112771967342063,0.238660776781957,0.753108168124367,0.122942570734114,0.716125192814704,0.0961893502131694,0.761975479527443,0.0801496320833237,0.713071633703613,0.0854582955198689,0.679393939628298,0.0886299443511562
3.57066407447341,0.219400921573055,1.45183849561933,0.210629773219605,-0.682270533313761,0.0484745212771234,1,0.31765810732963,0.276006115020895,0.805701820732151,0.125544164449028,0.613881071675617,0.109764455624194,0.753303374156733,0.0901306676991652,0.87965774440306,0.0783944505580688,0.824020362074589,0.085850431616157
3.1795448063423,0.183962577610296,0.967543665423021,0.142417516156304,-0.606821129938378,0.0547397039443108,1,-0.00840123454368922,0.22425983736265,0.748615431128224,0.114807756631221,0.647063775095642,0.0918668389193177,0.654477012105532,0.0869764396685563,0.721665602810904,0.0857072996006956,0.599502438252089,0.0941680671041764
3.47080088527083,0.219535493117254,1.14188571311201,0.17877678454779,-0.626941922176168,0.0555108251062603,1,-0.0638290494876031,0.272496785908829,0.832399260221829,0.130006161665596,0.782841418674629,0.0931801579400541,0.765686604537305,0.0809680457988961,0.797835026800054,0.0894445015162134,0.67704263961641,0.0923251651174488
3.07482074568378,0.181621057115346,0.949400437286709,0.135299073237618,-0.609671796292468,0.0551890835971055,1,-0.314718358466552,0.236574866555218,0.767392430182963,0.116192103721345,0.608763980921019,0.0952070555986373,0.740617245484893,0.0817445102306258,0.622682181255393,0.0801854722378458,0.522324546391632,0.0943971821051677
3.47914685555356,0.194629545884377,1.22098011185903,0.168549358493355,-0.7114913335963,0.0395139064449282,1,0.547388842925935,0.211342025531107,0.485710508687019,0.13084045377038,0.840818767550714,0.0901554652826472,0.685043639949869,0.0872744003214059,0.76095226945576,0.0854370620556783,0.779841470875534,0.0801274179293562
3.27152394025034,0.201106555034028,0.961158553615432,0.154974621183658,-0.619148672693899,0.0601902048080781,1,-0.354768171528937,0.266193199710608,0.93850260278658,0.123441774604658,0.536888680696712,0.108602696020525,0.839885860758738,0.0896674744679916,0.643617268228409,0.0898333425144323,0.768810788464792,0.086358207682913
2.92443835936819,0.150354206577895,0.852581279430565,0.117733322576077,-0.575952679997529,0.0520943470762058,1,-0.0696989058106308,0.241026384935484,0.634305613500015,0.134930924509895,0.62526857744965,0.090125227902553,0.664463749389922,0.0755177243965832,0.605620741877265,0.0772988023266973,0.682068064837712,0.0784247018750244
3.29832702219816,0.221092453275796,1.033445500184,0.160864359759671,-0.579251147950561,0.0695780499283401,1,-0.108473735798041,0.246076001541579,0.730195557497662,0.133288802211921,0.815077343238655,0.105125451112493,0.621496440925391,0.0967550396946927,0.781344463351851,0.0865418697535256,0.655706877081771,0.0846472809496458
3.32645103630166,0.187395477539744,1.15945754049079,0.167959014059847,-0.623909347106385,0.0527835489434496,1,0.166034001034498,0.209301990369643,0.67896096452055,0.119131831002268,0.772453525457999,0.0849876446516205,0.576887962766141,0.086036877773708,0.768516889626701,0.0789509233916679,0.699732547404103,0.0907559925736898
3.58686467257384,0.218549562356964,1.2390979650081,0.19107533217352,-0.625579896089907,0.060726738611972,1,-0.420050393080186,0.220248795979223,0.889972367926338,0.114610648124764,0.895580999312454,0.0891064374807365,0.797963033304097,0.0874929787100216,0.884123073619761,0.0828905939704041,0.697308275364783,0.0958454585066297
3.28045093603954,0.221309216854324,0.982488355581606,0.160136667217085,-0.653659189829403,0.0534640050013843,1,-0.296358413005137,0.263110940552132,0.756373913378741,0.131185265823204,0.674557752213137,0.117748348431245,0.745636820503748,0.0939088679537775,0.747130051714637,0.09478171929444,0.72349956671025,0.0936518484511773
3.08116836418203,0.166183124195118,0.952328531488917,0.136829930750714,-0.620773297595883,0.0527930963632373,1,0.209391953123394,0.218785654904947,0.496428134904035,0.143313634275116,0.596017155609868,0.0965059023860651,0.675833892520007,0.0836600144637967,0.827759633934958,0.0781621732426761,0.676990532697233,0.0830278127794503
3.02638732723643,0.165871772910429,0.826140344330248,0.116988722808972,-0.583446688758705,0.0563157813603921,1,-0.321817031367493,0.255626643701398,0.780126640162355,0.120652569879898,0.63348561465427,0.0941728672339469,0.604876024265034,0.0858143364590492,0.665769978335433,0.0801980938340431,0.687501740556998,0.0828625406231452
3.24711725193576,0.184043982538561,0.907808635653293,0.132110769814453,-0.586263775224044,0.0588833470664979,1,-0.108850774361528,0.235368210423977,0.840940204277515,0.121495594437472,0.726817739786266,0.0976035065422221,0.541669581615658,0.0847797670596002,0.679692995997079,0.0851615533421717,0.780059563440021,0.078763839536451
3.3328613152193,0.196910495986611,1.08090340527119,0.16362650065239,-0.624844907112208,0.0566445809519052,1,0.423078112715643,0.239491708773887,0.289738487138312,0.165876839077902,0.81196718077903,0.0989813318414878,0.817024255545619,0.0770185621862077,0.646458687119439,0.0887178164427169,0.652942728705035,0.0926123072269611
3.09799295617677,0.172258677559771,0.84684593584228,0.119709279544836,-0.550227421630628,0.0656600273821155,1,0.0930358040066632,0.214922973066874,0.652726301134469,0.120730596297567,0.570897718934693,0.0943116130265458,0.659149526281939,0.0851168307494627,0.659864703326103,0.0808695275380402,0.622477354032617,0.0877763489375724
3.26794717484595,0.187312849739546,1.10589442505103,0.152631526800883,-0.691712647549661,0.0466859217575179,1,0.109995609975956,0.228494738126162,0.630759806367732,0.130575400671599,0.651862159078688,0.095431319842431,0.613290424649722,0.0905825708995729,0.728896952306562,0.0820022529889776,0.693921505578504,0.0949761444437209
2.94308614950009,0.162819972086913,0.931405471118829,0.133714189852091,-0.487570274883993,0.0684878546134046,1,-0.215982138165341,0.243135196212767,0.794802002770928,0.116886411441075,0.579705486362201,0.0950415383523695,0.594734957606697,0.0870727707899722,0.693842935156703,0.0778956840721226,0.554785350489949,0.0892657226026636
3.0965255184879,0.166707444790711,0.877518518814466,0.127049271890287,-0.450574017507874,0.0790969924220322,1,-0.169469474296952,0.206161098948408,0.722904069680897,0.110853592454728,0.759483845459813,0.085277482937083,0.525797769865664,0.0903531662239096,0.73329312994546,0.0788135178627685,0.533291519280996,0.0867363584206106
3.52155656793716,0.221569420219289,1.14268705416266,0.171847651129382,-0.636102850758941,0.0581395634715556,1,0.515500972742274,0.23540667978047,0.367079244249768,0.163860861679769,0.868391460373119,0.102858017645545,0.717982967228699,0.0965438902547842,0.828267605807367,0.0908247042117214,0.798323869864831,0.0870474611977518
3.55755531981226,0.224405717638015,1.24746797849838,0.192526398109341,-0.636171343305136,0.0566401118983682,1,-0.0162451941110267,0.199131752043588,0.880225024288258,0.109707378862178,0.736896731632529,0.0998503859751563,0.798901500309978,0.087992252746636,0.850128124836655,0.0820164152324888,0.565807287176764,0.0943695418083684
3.17359176931132,0.199670874659613,1.18388186705886,0.173288268190199,-0.594134207303144,0.0599565441915009,1,-0.448281602152781,0.295522962259884,0.752165551824484,0.136671963431164,0.77669899829936,0.093933905404049,0.743641626221502,0.088451108998861,0.766384870223667,0.0823415733823437,0.669764658606787,0.0837612107020786
2.99193784249271,0.17017956000168,0.869818617419605,0.132484601523451,-0.576239329691734,0.0595232490344458,1,0.0477162404095091,0.227042620471462,0.701716380959212,0.123368061888806,0.629495617502225,0.0858029367684658,0.653930029947325,0.0821144301161204,0.600422597912459,0.0877862585173358,0.618393504162287,0.0904616587550064
3.06450697329873,0.179890657131844,0.926588593266338,0.133829992982623,-0.644689984889954,0.0509550770766558,1,-0.317981965372649,0.219114018777551,0.707043573972671,0.131621255168839,0.659185356237864,0.104262849975711,0.669113715717102,0.0891142777732882,0.64528979041478,0.0826563048770813,0.67550678932907,0.0837696460698424
3.14960101255789,0.167686716629771,1.03528955948926,0.149124669893517,-0.590606188056127,0.057455779419733,1,-0.139311169212983,0.255697123147465,0.625017538760463,0.14043463814451,0.673540248405661,0.098025899640001,0.726787760948637,0.0852161643882447,0.677639527033905,0.0832619773950224,0.7235916716468,0.0835644429633335
3.44266330798913,0.176207935941984,0.947204935711902,0.136720148654215,-0.633505165761443,0.0477063403566908,1,0.304212872225883,0.252219134744213,0.725673558521652,0.13227762552502,0.620958711289774,0.0991498128166797,0.753142686608871,0.0861399593115042,0.731877221771567,0.0802083900023753,0.785769843040737,0.0775030703526055
3.02773398297646,0.182408073638808,0.890856365522283,0.135352922063866,-0.592572971600625,0.0663331071095067,1,-0.0322685477381912,0.214890293606649,0.571048025322349,0.139170153992567,0.650544475301548,0.0988361779653287,0.676961033174896,0.0849957680057984,0.638193914574986,0.0921221760967001,0.584122883724963,0.09219814366046
3.23217099448929,0.200767134694041,1.24548590896524,0.177518761659077,-0.56012004681667,0.0652912007412618,1,-0.242001129032343,0.241306008947407,0.793989098227892,0.119790594975523,0.7372462142984,0.0941574762870266,0.721072755949289,0.0868337951955857,0.695129816117186,0.0882355586210038,0.656790337312498,0.0920734220418036
3.19374293020932,0.195950415833051,0.836057748054205,0.129775138679648,-0.568433653070204,0.0716034469233466,1,0.0777089688796644,0.229687285755296,0.605494969270717,0.136051938305282,0.651580506092976,0.100775037169463,0.622558223519826,0.0964795808396584,0.837359601515356,0.0803893800494908,0.687536514788192,0.0859408902268222
2.9066383567385,0.167396200801597,0.956635041347686,0.132641942905591,-0.561749109199313,0.0620497537501579,1,-0.36733930344966,0.218793347377656,0.716660136758573,0.11760596985582,0.649300258496968,0.0884628273374615,0.665218284350627,0.0830066203883904,0.608140805883099,0.0865584476545859,0.689797907531184,0.0863804022619723
3.07552552185071,0.172014749343609,0.945496083446867,0.13921155153931,-0.564910554673059,0.0636364629371247,1,0.0287228727788448,0.177398932188004,0.615872798485316,0.120073118878647,0.589624882660332,0.100755522135838,0.644086712823511,0.0877919467764579,0.748816129861989,0.0797400919569646,0.649788360011437,0.0903492709059025
3.34568437377738,0.181269676319594,0.928851182664822,0.128727545195714,-0.527762526014443,0.0622286279201048,1,0.249037694576677,0.224466120567414,0.526433773491946,0.136963778775666,0.814257590781692,0.0873781060936235,0.804951004503424,0.0805958315113749,0.660965322819592,0.0861901364481209,0.73770212558389,0.0817929379251015
3.16787998025017,0.168793049137172,0.878023416736222,0.123616323907978,-0.570791698785008,0.0615642656559114,1,0.253743872287754,0.235596199280273,0.653827079722228,0.130045322885458,0.65530246936201,0.0985430596206644,0.725306118471249,0.0803454975145618,0.721350820401659,0.0782160644338301,0.652673696834871,0.0830259336409892
3.17040758704135,0.194740348774909,0.976375113964538,0.153349457599123,-0.596195312621594,0.0626172408556736,1,0.39973130262279,0.217340401452311,0.460267324427424,0.135278966355968,0.639248868207323,0.10035622137173,0.619763532746861,0.0919338135622123,0.781168604093942,0.0841761754841779,0.526062641970048,0.099388029834132
3.28547931207646,0.208594261572724,1.16856328570045,0.174723426163417,-0.599710698000194,0.0644557376618305,1,-0.0465534002512563,0.22175455952444,0.779139152249437,0.114258070185659,0.640578173392596,0.098919595370843,0.738676586941158,0.0904905471990455,0.601213256529494,0.0919578317622728,0.758146908117802,0.0902405572436407
3.43727790767857,0.180233867860041,1.09197130765875,0.153100190645083,-0.61768828357652,0.0558219982325711,1,-0.041197918014162,0.209361846835901,0.891163031955078,0.10645887523817,0.703219701136891,0.0997584291317303,0.700843019833925,0.0856829583052701,0.797718261385592,0.0790046056176422,0.699263395090944,0.0816910389627916
2.99446697943393,0.160443296589458,0.782872211808359,0.108966637392419,-0.555678174152581,0.060972134159443,1,-0.173166385041871,0.203916185095265,0.768804571132228,0.113612193959264,0.726088412153811,0.0854112712239996,0.573996841331665,0.0832010176032232,0.475096363809914,0.0867039617537972,0.661773153207783,0.0859067382342655
3.44238243417592,0.192301420600164,1.12365095916527,0.156832824289025,-0.624393777834634,0.0604290025062177,1,-0.381544882477971,0.271592608274974,0.988607905534182,0.115001513566717,0.814196596400885,0.0889917484462068,0.738839664383946,0.0828168246491952,0.668145357265865,0.0931096496294969,0.729230850675643,0.0858871620134595
3.17535307996523,0.178873161851169,1.04468795694074,0.147055852602693,-0.599572253789133,0.0603339827765682,1,-0.121450802971122,0.248288499666749,0.782633219675033,0.126796720453625,0.699057915333273,0.0929448529247891,0.657387240983525,0.08755698259165,0.549875625653083,0.0916639035825718,0.643881227229002,0.0827996435422794
3.28135050497188,0.181831176515897,1.0927784106449,0.153039820386175,-0.6549022816373,0.0527430584451361,1,-0.263809878217671,0.221125912942666,0.685258979188041,0.128879348855811,0.859266038804215,0.0863868099608152,0.691598973053951,0.0839050987952545,0.751311496232127,0.0834481857247557,0.705131153815374,0.0827459034483498
3.17497457812644,0.182066652237492,0.982143933813057,0.139776098160363,-0.520979691906339,0.0689758531765013,1,0.400959844310453,0.21733775682108,0.428211062743449,0.134341633416357,0.718375858867596,0.0925382411154509,0.516331213421525,0.0859781356702492,0.785590480020989,0.0821730295569486,0.610919865247963,0.0915076532801073
3.36187317520895,0.198060334963952,1.17866111764037,0.170571018222666,-0.619001596400278,0.053975339246291,1,0.624699894398526,0.250982268477707,0.387660359999112,0.138940748563453,0.740995844110635,0.0930132193302555,0.799663300711153,0.0778423526343153,0.686019971537446,0.0849451180984344,0.736953187799164,0.0865388557951582
3.12927844639263,0.187099135308479,0.898829369658512,0.13581737825607,-0.591280001656304,0.0636283893013158,1,0.260999798495943,0.225694350650812,0.633790780119106,0.119621408673967,0.594446686891101,0.0996653757346866,0.726978822344363,0.0867721367347126,0.71045304827757,0.0858996389221133,0.614161158679135,0.0947519939030368
3.14044476739321,0.172194380262702,1.05930615357569,0.146913830612301,-0.514417135675087,0.0653514527657255,1,-0.157050340981186,0.191482297447497,0.790194785963668,0.113143548491509,0.629352210177764,0.0952780876141207,0.672471254651238,0.0772613337430589,0.719240859582815,0.078540009249841,0.640430278502165,0.0847317652147741
3.2988744037127,0.189635783462592,1.01212137919899,0.15098826985134,-0.664379884038518,0.0510529103238163,1,-0.00920748753037131,0.210075016152435,0.652106865484433,0.130928749408483,0.785375379359311,0.0990993865518471,0.786999608545037,0.0845649024220372,0.679649984519904,0.081071765637285,0.713024652244562,0.0844354206760485
3.34054225302437,0.182324527927555,1.10769983532243,0.158507686791932,-0.567209348083931,0.0651994582528982,1,0.39804934947286,0.201221973666951,0.483497533842841,0.124688430688773,0.77058254312411,0.0889753936140711,0.626968769388516,0.0836101242424609,0.673089117262017,0.0805260858828443,0.631378263759087,0.0948639957517383
3.32670465166677,0.180703428585866,0.995452928951532,0.14004127763551,-0.552548096526702,0.0610483328835538,1,-0.543322089318664,0.252037974667243,0.851976251821086,0.11946502245792,0.707280432260836,0.0916924200753042,0.865591116960329,0.0695001219220693,0.556476333166459,0.0884744190605203,0.688024020761279,0.0857669735322716
3.32298396135062,0.198881985438164,1.05506585291015,0.146464430854851,-0.659671190182998,0.0501061218742601,1,-0.0705670331983474,0.227425582000375,0.868038782602825,0.115636014588081,0.706284642433524,0.0957813850279736,0.706680089787616,0.0833184527239965,0.787168311427677,0.0823572610598763,0.669273980067502,0.0899302640341956
3.2565314515247,0.200260299896993,0.984027337472389,0.140895240474041,-0.611517267504698,0.060458908499601,1,0.127013676769449,0.218242251780834,0.733927265102224,0.121400785022005,0.626910925081343,0.0991644132953194,0.667670470648643,0.0865027616695549,0.655972510504524,0.0872017053340207,0.722713119336479,0.0856423496873543
3.11996608171456,0.163248334779938,0.91064786854946,0.126250601152014,-0.602360746454304,0.0489949011492444,1,0.0047825037051574,0.248324939218201,0.560162885935975,0.140578163213816,0.698643540631544,0.0815905836296647,0.769672635603341,0.0744218836081733,0.585035191165107,0.0829285396209832,0.685302421085236,0.0813559097894131
3.21045786329866,0.198490749339925,0.800650438529996,0.123806058292943,-0.528271351271754,0.069175079814586,1,-0.285482404869431,0.287332083098379,0.987041045023059,0.121952257695823,0.422486662295358,0.109511882140163,0.699441117820693,0.0829688595225973,0.6049954172275,0.0930879749620627,0.691564869855341,0.092783142555062
3.00053808751814,0.177409538803402,0.854067291698858,0.127132117251599,-0.5809105097343,0.0611437874753774,1,-0.572806982196601,0.279524030631646,0.850886090915457,0.129462448858074,0.631013225688483,0.103106547268557,0.66647046073005,0.0897239490426575,0.610671654950754,0.0882151487563668,0.566870786306994,0.0891625004551911
3.03672140691281,0.174859964667899,0.832635580006002,0.119337935934787,-0.546508625572487,0.064537907152532,1,-0.0115995017632418,0.228455851645887,0.655778755729162,0.132936510724994,0.684108926009348,0.0903340610843894,0.686434344451532,0.0809625505359261,0.657960813017243,0.088229560813308,0.664440627583812,0.0872584573292478
3.05184899961553,0.149646093325947,0.805675106291169,0.103534018027708,-0.603165441117391,0.0519255577015939,1,0.165372987118806,0.215462176917246,0.512564712614665,0.139147324903633,0.720301104744873,0.0916274735113724,0.706384984924607,0.0733308487686806,0.673736887902814,0.0764661495180074,0.743183658380276,0.0776644888997573
3.32460525124686,0.16380861750619,1.05386556303026,0.128414233265069,-0.627190247521371,0.0451392519568982,1,0.266730834792297,0.204697576073213,0.673095164067915,0.112433241526032,0.617387238649721,0.0899416969218308,0.697315827701495,0.0784734652419472,0.777093213223517,0.0705945113771615,0.743486371051563,0.0805124513679545
3.3428489003128,0.201581164225355,1.24333944540784,0.181541004484204,-0.604533853979308,0.0573229801855153,1,0.337835836110033,0.216985571839039,0.59222690768062,0.112349281134753,0.604753873356617,0.0987694019660618,0.689121843108684,0.0935414989836666,0.80946116311107,0.0846036657159639,0.796550293995878,0.0824390430441976
3.13238864958015,0.172583694950061,1.01778173321692,0.146895032633172,-0.659248973785353,0.0471127723585041,1,-0.296665453700663,0.239017804434212,0.678650309018902,0.127120019578323,0.809099790311149,0.0861656347985494,0.654410509201557,0.0843340439900108,0.733623573296548,0.080454150707126,0.772392774268257,0.0811950134335969
3.12512108133295,0.184976653354726,0.952505182529403,0.139907646331444,-0.681180895192866,0.0450424132250622,1,-0.143379160565581,0.20693953170171,0.655400775466017,0.119177235635457,0.758075697229908,0.0971105840570343,0.672750565342735,0.0801380003153195,0.740458095266896,0.0830168482455597,0.584970496467171,0.0881556719673742
2.93768748308798,0.172945950532517,0.762353074638858,0.11179445562978,-0.55760904704676,0.0621408001234617,1,0.096908079212688,0.197046132329405,0.613307075533128,0.127474350146936,0.587023937999753,0.0942491468734247,0.495686265609352,0.0926412591891733,0.672511680142513,0.0849892208043529,0.534101125865127,0.0829464591646469
3.06030004664134,0.165734921628222,0.744360194158093,0.111576418591973,-0.497775605743717,0.0668404211375683,1,0.082310388895896,0.212735144996438,0.664607332629375,0.111145935995878,0.669674663758385,0.0931378243236478,0.508229006255623,0.0869564227033789,0.60044001894146,0.0845314958821909,0.72068668917788,0.0805952890634585
3.17919123178646,0.163586337406739,1.02239646899316,0.139681002116079,-0.619159853975152,0.0498191160108646,1,0.0502558336003308,0.222971484164664,0.729067019650225,0.124766547952757,0.583053962677858,0.102360409101118,0.757143243817064,0.0786294175311142,0.692400899065153,0.0799607863768923,0.722928488957692,0.078130712120543
3.58963389224981,0.219828077730141,1.101575824092,0.169963257192757,-0.682906115196121,0.0486785613351163,1,-0.043147556220287,0.208052516125245,0.850345592905783,0.114307146441691,0.724647423528034,0.0993551120395884,0.839030041178244,0.084428210555198,0.84964980390347,0.0840919669320926,0.75042983484028,0.0913743686200632
3.40405752894582,0.232160859104565,1.01351546486241,0.166643503480184,-0.654208015458721,0.0579299313737538,1,0.0278652503808101,0.215621093662086,0.817411943810976,0.124828033820771,0.66347279334531,0.115625339760377,0.780402921246938,0.0914671526591561,0.715896619881627,0.0929080046262587,0.86202778903044,0.0912624049604652
3.06518763663852,0.177609846070207,0.841729681402575,0.119973769720023,-0.605414799087025,0.0546606309191297,1,-0.0857097869541679,0.286660416315427,0.600129975555653,0.153471216331158,0.656662334777435,0.0949348120690991,0.711392922832968,0.0797211811756579,0.605819682323749,0.0843557794145369,0.644602455961869,0.084041029721686
2.92024479500372,0.173716290145199,0.879905881282114,0.131761078078711,-0.48965878643143,0.0744131700587546,1,-0.50795128683708,0.221096983930128,0.851548019138007,0.120020130189045,0.582509019176714,0.10089205995694,0.647322859805951,0.0828277290281361,0.60939033527771,0.0850856276542772,0.654974439807103,0.083042624507897
2.98778634220568,0.16555672428288,0.983099583377077,0.136963163752471,-0.574339023727356,0.0576980885297165,1,-0.129165861767789,0.209909900101326,0.706954901607103,0.115053572220216,0.616049142126385,0.0914522505767234,0.581805930406199,0.0809797768870343,0.588683560115511,0.0835363087048012,0.677739904174747,0.0832630818537652
3.15542602814886,0.186277362012456,0.870627896301775,0.126597280190891,-0.571512255215489,0.0593734268852899,1,-0.101325520752581,0.288463527738151,0.782731868835357,0.133785281539721,0.689075521301422,0.0926856897146805,0.640389825720293,0.0908583966503245,0.592379894642681,0.0863706003606217,0.699289536408454,0.0822479246528128
3.01257976766381,0.187895145901093,0.820934460356376,0.13306203857826,-0.495469348232102,0.085156459629436,1,0.147434453606647,0.18817802337776,0.534595260140088,0.128245272620535,0.642105615938777,0.091829564850584,0.650299459503105,0.0906467938192413,0.615628788159574,0.0891825492898017,0.709090895215841,0.0896400356535033
3.4365533068995,0.22030695154885,1.00330166249024,0.161112947764079,-0.65174699729342,0.0562052096166441,1,0.120208511539838,0.218060345354588,0.685203872674301,0.118714776643766,0.742461898965825,0.0943066864981961,0.760585903031367,0.0902702918022524,0.714469983832643,0.0927933096767211,0.835943267020087,0.0852786892562093
3.23431420222641,0.190402867864923,1.07520272775365,0.156648124833688,-0.636729719635227,0.052627394030788,1,0.117996630955658,0.237158113361546,0.547406609844252,0.142430888932605,0.640610414847071,0.101379413836329,0.861848725540611,0.0800866313460569,0.761058749755071,0.0841542988756454,0.589826535616758,0.0863263157803928
3.498410160245,0.201677392807799,1.2535382212885,0.184579956711903,-0.666829603747575,0.0468261011903052,1,-0.0323034862746713,0.204632403785505,0.839032200655985,0.107531082037025,0.794424765904605,0.0862593825734774,0.785590762250711,0.0840453715012525,0.747458263567855,0.0837321387551939,0.809318911679138,0.083766781024084
3.1329861053384,0.167873001478146,0.908886683241612,0.128187791176581,-0.58948348330526,0.0590106064583187,1,0.0729210842125474,0.226089038741715,0.258635793462779,0.174951651400242,0.698447992882107,0.103886321701301,0.779312751906852,0.0848356235685933,0.801372258807963,0.0740711923624437,0.71216321700184,0.0759659492962428
3.66635807811688,0.187217774225032,1.41534512128768,0.193827128801939,-0.662122173696695,0.045467825142824,1,0.343723877391885,0.244214957597266,0.706086968120235,0.123358758314313,0.790646172830216,0.0937888392817034,0.641038649060754,0.0925216502003172,0.775874918070518,0.0783151933848557,0.773910600647316,0.0794377189182093
3.12404367693389,0.190204574229047,0.961129819860943,0.144203857600944,-0.624847965290186,0.0555601113360854,1,0.0302439585175041,0.254523754489608,0.727871402955322,0.122733760227868,0.565933239836771,0.0964253595580933,0.780686497489323,0.0797986622871154,0.57562994281575,0.0893066697323557,0.631245659875986,0.0946928431253118
3.17232622763495,0.187242243821099,1.01305723497337,0.145493399789964,-0.584914537567654,0.0558581660117207,1,-0.147745619129399,0.23323190761344,0.73460429872762,0.125007603150441,0.634229845460987,0.0946251930818954,0.57503539176203,0.0870458719102228,0.733195323511906,0.0791897807725677,0.690757161237992,0.0892010802193523
3.58768944594438,0.197713212594998,1.29320353470894,0.175701087216637,-0.628160312762945,0.0550311682554123,1,0.164804920032574,0.285564064846541,0.867301892501906,0.131270887866135,0.650479164939821,0.095180979433313,0.716800466321842,0.0842741388694948,0.909258863155814,0.0799264839436318,0.832367631777671,0.084997357665963
3.15218446406132,0.179232597764223,1.05966919478474,0.155006974573756,-0.61402089737569,0.0494378139976261,1,-0.0554270047410931,0.250170188525365,0.757806898120839,0.130571222240324,0.697762874075679,0.0940252794140393,0.67150345407968,0.0875431741791899,0.687022285855297,0.0788286481426978,0.66155928483586,0.0810636747446385
3.31433159416645,0.205614735736046,1.10239969016834,0.171316721948586,-0.584640532981335,0.0669812169852467,1,0.229600718603628,0.199580578572137,0.559929662115464,0.13199351555668,0.797892370518343,0.097882012894613,0.729658870733799,0.0856127309288808,0.731617385811281,0.0893106570644301,0.630764898150035,0.0924779174189947
3.47402958877306,0.207917578643218,1.0637141034485,0.150419061420239,-0.645241118902735,0.0538568423158222,1,0.2376525027004,0.230491387390099,0.681364218930895,0.125124810983283,0.691042974533213,0.100066813880432,0.862656136332741,0.0785135386131298,0.854904971019343,0.0854066120278321,0.743175416328278,0.0883954566662803
3.43318996524373,0.212671645309386,1.05834965494279,0.157574764900414,-0.579219385135576,0.058247867673352,1,-0.0952984625227057,0.263121385105287,0.762862662096389,0.133752745198638,0.7191422125841,0.101255289440187,0.84464177631881,0.0812977928070591,0.578540127658484,0.0909211371351304,0.718459865575503,0.0904810597168373
3.19381320746152,0.183080761120104,1.17842120811583,0.166744407636797,-0.561064089972429,0.0658292909671533,1,-0.205532385105766,0.244272542801836,0.757889632407031,0.11138390299591,0.525338188171718,0.106090918900273,0.724855423458743,0.0873122172624602,0.745229521162799,0.0811813806489367,0.773681019868695,0.0828126401086943
2.74667344935724,0.163948802961017,0.920881604764131,0.131420280006019,-0.545154216100473,0.0599730788134402,1,0.143855687572462,0.198934567219648,0.537019835893684,0.120973219494697,0.324418343601836,0.107428467746094,0.594440506080183,0.0810751245612684,0.639681055165315,0.0798475797601408,0.619621213549486,0.0808896951956383
3.35136972234936,0.195473787484135,1.12419285891261,0.161088144217527,-0.643673104984517,0.0470989777295001,1,0.118218531270929,0.263757505852421,0.623742913637357,0.147859986544749,0.745064881838707,0.0880002859586911,0.821115309756364,0.0792108017468442,0.706552935122678,0.0804221964439792,0.81929073759115,0.0837644437476251
3.50351201880785,0.162323281726459,1.10830630363047,0.146348394422763,-0.709611582972887,0.038300899036317,1,0.174148774556977,0.252584733886668,0.676445911701569,0.134517263622983,0.798280759559175,0.0985453192028299,0.722305300692669,0.0776737037602975,0.798681608224857,0.0741659709490648,0.946053669390616,0.0671934559061641
3.10722540795841,0.182887086927295,0.980650186172123,0.140000660407971,-0.621123691607776,0.0562095057760891,1,-0.244551197207684,0.267843697126042,0.632145360612744,0.138578829448893,0.816449158525839,0.100591484731717,0.749726216816629,0.0814824032742244,0.679216729087393,0.0834500916006431,0.612082122258475,0.0830248597481331
3.2331772226874,0.186887615643149,0.969109418332005,0.144594599686222,-0.557298673838183,0.067233835089034,1,-0.580720383649447,0.261308660823091,0.939196632450884,0.114444463553862,0.759701178656378,0.0896411444226385,0.661204283352538,0.088874202651583,0.706812240065484,0.0896634766139026,0.784963333170019,0.0820969405006273
3.18797193718193,0.187256055215202,0.970563712469851,0.135501250947622,-0.626195809733761,0.0492947342258374,1,-0.103960021853545,0.275462804595908,0.617937927843215,0.150035684193257,0.697825713884796,0.0971573605016452,0.800112910964368,0.0772253553062176,0.678829283873919,0.0824897706917006,0.775162294614141,0.0791061256986287
3.40359571335977,0.19998656046738,0.960430918033616,0.140446740219627,-0.656196320844957,0.049211622135822,1,0.0485569934279324,0.220988906493189,0.792539825709659,0.118573173652649,0.794286330624655,0.0986676574109274,0.717732313800867,0.0793277084502075,0.680478616452107,0.0876235193161541,0.812274787312453,0.0828170219848217
3.25891072767051,0.207606459013581,1.19435534759302,0.180704771152243,-0.598198255050338,0.0637965235102157,1,-0.244170824548241,0.296446807646712,0.775563153905062,0.142362032878832,0.755772605886209,0.0904579645267964,0.705750996420233,0.0924305541460046,0.812867737318099,0.0829140927466738,0.646803402190287,0.0900244853324164
3.32549897971766,0.220259259724713,1.18238750858508,0.190172416278485,-0.676772039149836,0.0517867350569709,1,0.548644389861927,0.243527242921909,0.360698583777834,0.148527499990377,0.815704583527667,0.0975046538768214,0.734472927083327,0.0871198600905342,0.6684860805255,0.0878434929127715,0.785984775724828,0.0879043270399934
3.40734081393835,0.190395749693148,1.12893223092742,0.161108118332362,-0.534085271203081,0.0654470498444646,1,0.225703734313269,0.233199325832735,0.659580580446928,0.126203379504247,0.665758552288838,0.100123747261672,0.76310058898203,0.0794817514019533,0.750311005994292,0.0784751729082459,0.70780556452272,0.0929321727395368
3.43777330928353,0.22858730032884,1.17095544126685,0.184136187222405,-0.675364224070584,0.0504161429990842,1,0.267155206878723,0.232842904660762,0.650014481911132,0.131751194805966,0.83336748557058,0.10050780481421,0.748031359920113,0.0905310021048555,0.80127546622369,0.0927521291760384,0.615714497935828,0.0922007323418125
3.25685428869408,0.166582070406755,1.03578611782122,0.137703560874796,-0.649402999363669,0.0448897880657368,1,-0.158362902314311,0.196452672656765,0.760139083425972,0.111210664917847,0.842813668265617,0.081574447503081,0.619647484971022,0.0830334907588777,0.743516760522033,0.0759056586919698,0.860735193340267,0.0746400016861871
3.30564835206507,0.191951324954459,1.17746160666247,0.166183495962868,-0.650166955991227,0.0518373330917043,1,-0.329348577542889,0.233197290471289,0.909698876492618,0.100167940916678,0.56036573522657,0.0987554971519963,0.746492145837492,0.0844031520414096,0.701519154622577,0.0854190345955711,0.651805737853095,0.0925908219757576
3.09940552774325,0.193410215973174,0.977538678965114,0.148598905333727,-0.612679595815476,0.0578513257218727,1,-0.0553619957927039,0.234103245437268,0.717447123117499,0.134175624919705,0.56293414688307,0.101673518228858,0.629802307088688,0.0949418318136578,0.656272646612898,0.0837388799372901,0.652107673627004,0.0862108852977615
3.35612024186854,0.213462700883614,1.00823439994801,0.147129681652584,-0.692221117819123,0.0470927621161601,1,0.272269139680631,0.204005667671497,0.755510285314675,0.113558654833304,0.625273896762277,0.108653314864251,0.819510340794998,0.0805476862539364,0.561603482064163,0.0983996804029337,0.711637117173393,0.0912748737203277
3.23612905380068,0.191741640467679,1.16775774652617,0.164708014539752,-0.640135246479782,0.0569086735279401,1,-0.00118576128408324,0.198968604233126,0.594970240820984,0.117913823293652,0.751805187258738,0.0909104596678461,0.708652315926928,0.084623185207902,0.804086705286734,0.0854020994482094,0.710181148396856,0.0861061369009974
3.11249118815763,0.163908431265011,0.943649430984982,0.128933779179575,-0.559633756259333,0.06500343297738,1,-0.158842321844536,0.25068764305976,0.747733257293013,0.127047536361168,0.638223993882777,0.0960106759848822,0.667614500273221,0.0835319657411185,0.702312066776719,0.0772849207176436,0.689624466909429,0.080253540249606
3.40926202079639,0.182640309503457,1.245756817252,0.17220673711131,-0.61325044996256,0.0547584058186334,1,0.1671074249256,0.192290419746608,0.620602355472522,0.122033214509612,0.780035754387619,0.0953262525121933,0.831436112440073,0.0849762659989263,0.519125129984121,0.0911998758341196,0.76800082079487,0.0820603348393151
3.08194719123325,0.179634534924189,1.01554093030119,0.148104457772668,-0.565620824930472,0.0613806662918088,1,0.021093151461593,0.210595673398718,0.536791715140525,0.127190499628025,0.701131982399465,0.0884892901784086,0.720486097228785,0.079485342976822,0.695317674230507,0.0833297694522019,0.626328089499098,0.0890916834973467
2.94290933134347,0.155606617527052,0.917143950509105,0.117892058984462,-0.551270534140463,0.0645542558492768,1,-0.426119338617378,0.236143994754297,0.778698719759324,0.116055716213456,0.745100825445332,0.0795675072181492,0.646197392707049,0.0809941360740045,0.606330189181646,0.0783816074106374,0.683786573026732,0.0831651414398036
3.5545384877814,0.21820427458918,1.44171730189442,0.22512606281445,-0.610951733689475,0.0608163817820198,1,0.220503061129059,0.16503189765271,0.741667074525065,0.121670638631663,0.713173898064838,0.0978484143493217,0.737998672620471,0.0879172269961467,0.855969179854728,0.0846434512442641,0.716678323637463,0.0965059048623047
3.20238883178038,0.181150499102678,1.04506630943594,0.160637340898013,-0.64106202134368,0.0519025672014089,1,-0.253238117723909,0.216391734442632,0.877690299695247,0.102102985640884,0.609994377546272,0.0997609339983651,0.801179334188538,0.0808219966308448,0.579124077737901,0.0915770920938312,0.802829359335075,0.0835422378183655
3.08117636562603,0.171516132398226,0.907932928707712,0.123487253254929,-0.657759943044328,0.0490379166107949,1,-0.0146985456717916,0.208763816544596,0.599617041641711,0.127902600669933,0.683341939496362,0.0953244594957838,0.638805020449272,0.0835347804522168,0.659130075771562,0.0814674318056065,0.731129989760221,0.0872741962683964
3.19731099503819,0.184822163965336,0.987391345674238,0.150810207787409,-0.638021792756149,0.0506587509828757,1,-0.15903849828722,0.234718918866397,0.7913449016584,0.118875112748116,0.732242999747235,0.0934784451248813,0.692329163219448,0.0878902078692291,0.666373513352101,0.0850755708336726,0.571650064255159,0.0923542752648764
3.27786768539994,0.199083643997783,0.9363115627941,0.138320920456965,-0.617621711120632,0.0608898457251067,1,0.537432841625431,0.240412205979222,0.535475783344319,0.134827740856356,0.734855779927995,0.0886154343635794,0.671661582752491,0.0803857132590244,0.661016641916795,0.0928703180031925,0.679826273550692,0.0947421607608729
3.53067927770514,0.218661870255662,1.22251239312685,0.188111703293125,-0.616749350997413,0.061508361337635,1,-0.166395160511965,0.283392646293882,0.919236337492,0.117313653609937,0.644178151930319,0.104306469412678,0.775806480747098,0.0895347294360533,0.879167301431191,0.0877000377558672,0.701633338309001,0.0930731868448639
3.43364471030443,0.211513981820184,1.20093761977419,0.18060217080704,-0.625510457420998,0.0560816465807447,1,0.655762883976628,0.251222102723142,0.556989692380552,0.134891204271411,0.67464948388131,0.0968865285645569,0.754253800708811,0.0932134172940022,0.832321294207865,0.0819552332439867,0.830856150166911,0.090224294463743
3.44505450361866,0.211008520259332,1.25507097617653,0.188762896693736,-0.554490270466054,0.061404576768184,1,-0.0398950677986139,0.220655659970625,0.786726287205319,0.119690174664665,0.830293720398374,0.0945017519118745,0.718565456471887,0.0855341370205435,0.633743170863262,0.0867778606627961,0.687266039595964,0.0966458032175407
3.48494667875615,0.229526025780542,1.22355728196744,0.187593715081415,-0.596369307199163,0.0666225308336661,1,0.0850924736177048,0.22319466586262,0.735507507490251,0.123159976256674,0.775438536833726,0.101815674096266,0.79810336652572,0.0861591787327165,0.686552489180262,0.092727502254436,0.736067791296916,0.0954548173245356
3.47094345430888,0.209994723231791,1.21662917943062,0.182200815262544,-0.611201785239175,0.0594695944614096,1,0.186237151133369,0.207557789768402,0.772178220585499,0.125478532263145,0.638972540292429,0.107634840854191,0.744202120961346,0.0889685885810876,0.665282335583117,0.0900384456035134,0.703974601094608,0.0862750391860344
3.2015648218572,0.190854535095508,1.10026807146212,0.16346719855416,-0.647290709629066,0.0517550858941954,1,0.155506148470872,0.211286426846413,0.605997767905506,0.127366321334156,0.696325946526869,0.088251253914989,0.732159628052012,0.0904144810911869,0.743297661187109,0.0825303940883504,0.765252109435657,0.0816475452732788
3.01896001791262,0.168720152123935,0.875064451680585,0.124446923970416,-0.583607200921849,0.0594171360631356,1,-0.321697721034433,0.237633594236444,0.604006551589303,0.147138097582947,0.774294288291998,0.0918753445445099,0.683701194218141,0.0846310195199074,0.544028876570564,0.0823295062687682,0.681853160500639,0.0790922693925073
3.12826612775945,0.189232537277436,0.990897617302371,0.154145382814822,-0.563392649112429,0.0674732375939679,1,0.0744693542898115,0.205010118477462,0.514203336489551,0.140216420478682,0.744543946345703,0.0984274927878507,0.683950606654167,0.0835868952195316,0.653623041998262,0.0879086647093171,0.759828804157868,0.0850027688589447
3.51324835700728,0.20356342656316,1.26628948911087,0.181927936429754,-0.615684168759965,0.0578232895252357,1,-0.0530332835017009,0.184074864065427,0.853412016784076,0.11909484310526,0.668264606671669,0.106473566422196,0.811856787007975,0.0883385999668899,0.700861410145439,0.0819797301163313,0.720269257346703,0.0867081759985713
2.99114368398732,0.151164125936638,0.903759658784313,0.128475124379468,-0.450258865699229,0.0710317193390633,1,-0.0438569673376438,0.231791078799049,0.650386463269627,0.123694170341326,0.564481071785957,0.0897908247586552,0.633557649717178,0.082477648009281,0.683390803269644,0.0775933623507592,0.57765231442609,0.0865169904136017
3.21119739466253,0.208469603512488,0.832875926744449,0.141336851037363,-0.598970332580735,0.0647581244084353,1,-0.067182511826435,0.262306628046425,0.64655253994672,0.143676679136563,0.721512425329997,0.0975340663378235,0.656774646382276,0.0968860329933738,0.72619929204671,0.0917555614684403,0.647553847395749,0.096702058437647
2.99865086220256,0.157532304980001,0.997282460346955,0.134275742484451,-0.56955553998237,0.0608909997914625,1,-0.00283646452279514,0.235896630339309,0.617889614412676,0.124534866899529,0.637652671517545,0.0871252086997671,0.675800766177017,0.0790014771842112,0.641166145571647,0.0830988800763445,0.611603349058625,0.0887428343946698
3.30512199815925,0.191993604863367,0.848151278182109,0.132512471387413,-0.513369675543369,0.0793624454503186,1,-0.563509474422415,0.314328984376138,0.921071363010958,0.143873774988377,0.690579117468849,0.105990544074675,0.869209812668617,0.0796495767993837,0.520323686461263,0.0939728772951244,0.658828109355498,0.0882662862307396
2.96891804335932,0.157351280606883,0.792154972722181,0.108517813754937,-0.506427045235367,0.0679521086255862,1,0.0581697371732005,0.24243497224127,0.577059085911589,0.127253419403037,0.646291630539744,0.0997399245514926,0.597508061555992,0.0845402185045652,0.569300600762792,0.0767011350005546,0.562319120631939,0.0876148189458441
3.31500633281199,0.196594081856263,1.06430771126083,0.160428016060219,-0.597850692328049,0.0609031031849975,1,-0.0884347333019316,0.246126043434725,0.816692846403817,0.122505493707757,0.732034379998716,0.0950029436230481,0.673096364489572,0.084448129427492,0.833220588233288,0.0761435349614889,0.679370226966434,0.0921599916654978
3.13533583976217,0.183319830371894,0.896921470047001,0.13062250882058,-0.626628449472106,0.057672551091548,1,-0.126681412321542,0.212489629566269,0.726633525020926,0.126688153501264,0.588091670911504,0.105965789298338,0.889880611974055,0.0816990219101779,0.627865668207469,0.0911410809867032,0.642496327256766,0.0908169253823058
3.19033353436041,0.182724099407859,1.02071655162368,0.153319298971255,-0.529376692851595,0.070785188650779,1,0.0844736366151808,0.230985134268768,0.459880255887322,0.144154736316461,0.816621602835013,0.0938185738824762,0.704521653337432,0.0810667007746346,0.582304531061248,0.0909597965073351,0.618543872100606,0.0909839162660909
3.3194460437778,0.205682935439107,0.824266886661444,0.12896803925378,-0.522039255891742,0.0765866737115862,1,0.0538075287508706,0.246254205806428,0.709890502258172,0.130365250570812,0.635988776691266,0.108151944468509,0.799551790672166,0.0895899438674662,0.625578347562681,0.0872542293705684,0.781147844466584,0.0852950443880204
3.36478002915809,0.203721047406941,1.06612059849725,0.161005322135029,-0.576634658247519,0.0660936667560024,1,0.495998407501097,0.235547897072315,0.664747328955167,0.120944291509218,0.573145303565215,0.112458790095853,0.647930556538704,0.0898207473758523,0.839189118703391,0.0847553535645967,0.660371188391203,0.0888715608499525
3.00907825416801,0.169632399432756,0.861142920374368,0.123509990162137,-0.555533799719207,0.0635117014539133,1,0.206444251069595,0.225292711582519,0.650739935115021,0.116106292904389,0.536405687477083,0.0939902875901707,0.697842530007557,0.0840597304792998,0.536549119853398,0.0873707537882158,0.640225371806065,0.0928994552855217
3.107393136525,0.177299731624776,0.92292152576074,0.130884849767831,-0.556969886114167,0.0641040546756935,1,-0.615017651338335,0.245903957229028,0.942039630321926,0.117973187280871,0.620987247239049,0.0958598057009183,0.586294012766967,0.0921715282347536,0.696192555542275,0.0764181322895298,0.607736203531651,0.0909534872161623
3.1823174776587,0.21066232716362,1.0356419882225,0.16497400152886,-0.611972765280762,0.0592492249962511,1,0.300652543044898,0.215608052028432,0.535325258898099,0.125510786012759,0.712854334933413,0.0970182671342776,0.624091801153753,0.0891205046954086,0.743938323940598,0.0841641009116459,0.652754836177236,0.0939188043076555
3.49813205011483,0.206737386783685,1.30751809623324,0.18799797884917,-0.71928177691051,0.04244788367454,1,0.00963569568514647,0.218238849955971,0.769392727853803,0.117821621635667,0.87264138505079,0.0861020668390604,0.720117309144643,0.0861665815716923,0.827328363337414,0.0846759058849285,0.79872795199333,0.0893694458626586
3.34511807824939,0.198507285163557,1.1899656406571,0.172479828022366,-0.700381957310818,0.04444895488462,1,0.0477041811311698,0.210411762988244,0.692726163959741,0.121540888979393,0.844973003565236,0.092354741616973,0.653692665573445,0.0908544785737982,0.761591254151592,0.0833831755087406,0.708121794014899,0.0888332432519652
3.20167410387323,0.170152837805163,1.01655631748144,0.144852189507347,-0.543677091950068,0.0563832961384317,1,0.460866961685289,0.213311111888796,0.378548863553453,0.142403635353885,0.79402434918395,0.0806715183167268,0.562877755537066,0.0844544099399147,0.74470785069805,0.0802096258481533,0.656597320192956,0.0883636873828979
3.1131702117723,0.183014314947123,0.883852748032748,0.134084324306963,-0.570176364074105,0.062589905463227,1,-0.11001029788033,0.18691579099408,0.836944911721783,0.097653592630947,0.608315541502249,0.0946504811214317,0.668627521363384,0.0881091510206596,0.719950091011632,0.0835654093747882,0.670827875084464,0.0860700720515704
3.28936469296602,0.183296413197067,1.00198726666784,0.143521621211512,-0.545191763159865,0.0634452985644625,1,-0.384528560143719,0.216927364959693,0.961287664223409,0.102365301448527,0.493784806872926,0.10115148786766,0.772032802758436,0.0779557305436292,0.555549714580559,0.0873157076572933,0.686683591491474,0.0851047578515203
3.36019360124265,0.188912092700996,1.07095177089252,0.150585889957023,-0.690200995929368,0.0413803154124378,1,-0.427585632579461,0.24903230561405,0.973954382001434,0.108527378561115,0.722720660844026,0.0956707899915549,0.670261154135329,0.0861946397174301,0.842910091534791,0.0836265725556635,0.773836710577323,0.0809012915501297
3.17619177649147,0.182351315603111,0.991213797374655,0.141458097714905,-0.618849907005315,0.0545033250977212,1,-0.115519766339658,0.224079274421473,0.692261995691986,0.121237313091268,0.49137635075839,0.102736767333145,0.844836040750341,0.0770207142818963,0.716290486679404,0.0869190275584891,0.786875282531736,0.0816960970023656
3.03181372454062,0.168306983267471,0.907967610802494,0.126328689260584,-0.586641929145309,0.0552861635449305,1,0.276042815100352,0.180875840698694,0.554883847124852,0.112259672417576,0.676768052717804,0.0848577148079196,0.619585379986018,0.0863965888205064,0.707050886575453,0.0799545830201127,0.620480123833382,0.0857665670787669
2.95489677969334,0.170634546068774,0.970826176415182,0.137407888273531,-0.48246082130527,0.0662532931235974,1,-0.0704816229642466,0.201222038577906,0.700984930911118,0.0996415227382242,0.614846868998778,0.0967813523258419,0.57251311151596,0.0878650768220671,0.658416621468369,0.0839975149793103,0.607749830023621,0.084493548324174
3.64929994236404,0.235448982596131,1.1673090091355,0.191661565347759,-0.68283559886516,0.0469398667424031,1,0.283733174060975,0.277135056600861,0.619544768314337,0.152116177417904,0.792817485861293,0.104447427366622,0.834959647748031,0.0914274074144451,0.802697840124776,0.0922075789452681,0.837454721228189,0.0856782086977035
3.41670934283523,0.208433614243636,1.16945054334842,0.169358563213378,-0.62920628699933,0.05215517550505,1,0.392321966269109,0.216139602543936,0.674498188546115,0.126655609933928,0.717162435584192,0.0889918082972972,0.727562351261412,0.092545032957008,0.737300194286965,0.0843361048061212,0.82492058983541,0.0860731764719875
2.78842308572986,0.161423394453686,0.8032115912498,0.112358631820898,-0.502173172767244,0.0737298756577175,1,-0.352793753454708,0.23938178715319,0.716420202376611,0.132277189022099,0.505354897933408,0.0969315768571011,0.648159947090813,0.0818133407589905,0.58240461583122,0.0845975345443269,0.644195616394864,0.0845733445510958
3.22163009588295,0.17718901882712,0.925042409793454,0.124531601323503,-0.518286551351224,0.0621166048188764,1,0.057361933312129,0.222139984057739,0.670046940117151,0.121446323931606,0.75738673771927,0.0879865049450559,0.578234943435312,0.0894697430327282,0.745008710629912,0.0783382658487964,0.600676224297314,0.0865461289939781
3.43439224210213,0.186620461163913,1.04335092027015,0.147341540309644,-0.614667835294581,0.0519016237322031,1,-0.0106286446752622,0.209991036136964,0.637646793880045,0.119988770473354,0.820581717702771,0.0870980503934192,0.778429104504272,0.090170103200651,0.644114917920884,0.0878726667601841,0.819471239522397,0.0874337823517634
3.16586523268554,0.180709935228174,1.06154594757771,0.153775604970582,-0.615825971313176,0.0559778189830134,1,-0.225557158057233,0.232368094681732,0.689647876636302,0.124684639442533,0.686654856805063,0.0946402536738621,0.737597363320459,0.0819638197197254,0.684696154870344,0.0826744401226276,0.614354375324801,0.0970237450620177
3.15705182367977,0.187479937180851,0.955003217266851,0.138087365969535,-0.58944663256214,0.0628665874963221,1,0.0381614568059283,0.215633965303186,0.866762476106849,0.101870002221642,0.450577401355442,0.102059187560668,0.649202186608093,0.0897444571382894,0.770712272217626,0.0867234913721184,0.743234010865952,0.0890561755866678
2.98967513139533,0.167039462090993,0.773863127469106,0.113595765414756,-0.571407895968101,0.0570939188210465,1,0.0852976889213212,0.219934775298431,0.595668759156459,0.13515172275939,0.521630047436025,0.0993448254980508,0.632066499852075,0.0893927944038303,0.713769056652799,0.0765793449436153,0.747993336058665,0.0828531183686043
3.43930180873814,0.189367983709248,1.13735038832387,0.169176535316128,-0.673821545188349,0.0423764982121933,1,0.310003449750337,0.224891865136796,0.680529914169931,0.107931965443829,0.727540515892115,0.0949075594598166,0.707840682390396,0.0860329634297511,0.794773354935411,0.0822693253849662,0.801145040786762,0.0784754097629353
3.26778311279356,0.188606992372654,1.20004040807281,0.171883518013428,-0.615689414541777,0.0539009103674067,1,-0.119115603718993,0.226048564214098,0.666329302581429,0.121936873016928,0.736256460806565,0.0923355675089538,0.739198474240486,0.0836262043667532,0.727448566002642,0.083667622336092,0.669173136334508,0.0884970272471636
3.10770321616229,0.162892850027372,0.809616158342559,0.121472083796535,-0.604044380459058,0.0525803919772474,1,0.182081943304905,0.233718212077908,0.68258935303606,0.120612642123494,0.640461076858611,0.0900688537283509,0.72206517860571,0.0822540656801358,0.593633692262554,0.0848676819384166,0.521174881300248,0.0839569554532939
3.08982866929676,0.173721573073897,0.927624292397861,0.135604214412058,-0.621721593759819,0.0537991204906173,1,0.127493109032001,0.240227890980109,0.646003097875684,0.121786116730863,0.715712607088827,0.0872677042443054,0.55007301201047,0.0913399027843668,0.610268019405531,0.0873838321071526,0.693242355054544,0.0860833352558656
3.1736426709625,0.185765815425711,0.980878039136637,0.144121720072629,-0.613851859353944,0.0591007391412176,1,-0.247608509926693,0.231963895570077,0.908776280737926,0.10753835130623,0.655465708713583,0.0953310042785433,0.72176630462933,0.0843970267114538,0.606279417810737,0.0834108750847536,0.769635963494514,0.0863864648786226
3.49869125360343,0.202830301338883,1.01377437592538,0.149043179511348,-0.690453095021367,0.0426833328589061,1,0.380690482687091,0.252957703214921,0.501661663657108,0.15459710714329,0.821155155187261,0.0942333575816803,0.714420624895158,0.0850828227448807,0.840702679092758,0.082543021267977,0.668054293353866,0.0869920770492356
3.31563355895981,0.192940787170207,1.04314309386347,0.158993874185918,-0.510971122675574,0.0743816248385576,1,0.346332354946631,0.207980768635721,0.665722881553208,0.117258433363743,0.715960712030678,0.0874809524367313,0.684228616816389,0.0873869930159433,0.589227993964573,0.093055246813665,0.718730524603989,0.0854983025919357
3.44493401108537,0.197379830647019,1.30367166244878,0.184510851755873,-0.65800030023812,0.0473066260060557,1,0.457064238264204,0.224683865534052,0.387150292315564,0.147479751643033,0.832387081280574,0.0861143838791924,0.770526358696891,0.0917061540081774,0.686910527326848,0.0851128812681052,0.819827801044624,0.0826469084281027
3.10460540066028,0.210107057740793,1.05618770555347,0.170729487675527,-0.659329860345978,0.0546314007487035,1,-0.120401946324368,0.21447244398517,0.588291511817611,0.124947609216355,0.74721986182795,0.0994984400315589,0.727863239050695,0.0957180856552826,0.674306069672286,0.0919982812102806,0.580409927663664,0.0917437628124255
3.20869658707649,0.186294965708119,1.08912727699354,0.156366379653312,-0.571182778976076,0.0594658934632731,1,-0.118258138052672,0.259229098265782,0.843681966324748,0.117540900973204,0.555116474753597,0.107648109680727,0.800016184783574,0.0815707887471091,0.665945863669072,0.0813709406900822,0.66512169058602,0.0836506763703302
3.27037596401313,0.168929561579421,0.952653708275954,0.125527148969152,-0.668935544343797,0.0431255560227622,1,-0.352078820384797,0.206359063544546,0.83164722959367,0.106566607577343,0.757676412042932,0.0955315336049897,0.741642008498199,0.0824863786442613,0.651479623755155,0.0872956454813674,0.733488697002197,0.0762915893379813
2.98994910501438,0.172177924167685,0.78192494744296,0.119932187383495,-0.504800802878283,0.0721624973050103,1,-0.0365572313973156,0.23285846658799,0.683792425949058,0.133353045006199,0.600641878228582,0.096592114143033,0.593073185384398,0.0882788423980062,0.624934721055125,0.0844998629463882,0.587684939245874,0.0876514437072684
3.14102928812513,0.17837381209319,0.918727729341729,0.137900521598656,-0.59194879569299,0.0542593877973446,1,0.170197597841068,0.225726381683314,0.532332648391375,0.132870591218963,0.749575793992702,0.0892162623117707,0.720819553134386,0.0806167663733307,0.623439869484148,0.0894468818278589,0.656671897769918,0.0852251039243184
3.18474163289988,0.191470980760078,1.02978417001208,0.151577742512304,-0.591202467130553,0.0639701555789374,1,0.049224991840037,0.204746309971155,0.734513666069094,0.112952988367958,0.647243448865531,0.0935297286460564,0.654293837156273,0.0853187174789705,0.648281014378097,0.0906277703157694,0.674174482456128,0.0884127746935498
3.16919196010973,0.166345657579647,0.994586155629578,0.140735296645335,-0.5556752178791,0.0550995657230246,1,-0.0165527248000358,0.216485609522264,0.664561069556963,0.126810451597448,0.669560565279757,0.0868117895933264,0.689037101225171,0.0776101496651337,0.711138453009402,0.0815119872162947,0.664590936559794,0.0861557437883077
3.36118468837583,0.219730397706095,1.12381100144221,0.180569964715324,-0.623852361951341,0.0578021990465759,1,0.43558976898978,0.219115337311256,0.543337474898558,0.135597041893903,0.743876666443354,0.0911597103052609,0.722176005299592,0.0954154531261166,0.684777746772748,0.0933302160708618,0.730230378291764,0.0934142141105588
3.07801577058908,0.192431948197406,0.930536847791703,0.146210906801875,-0.595258534191514,0.0612098820913443,1,-0.0427206264821016,0.230340006050188,0.519033335700626,0.135323158039669,0.737202353112038,0.0929568189061294,0.555212431424659,0.0982416945081282,0.669646946589493,0.0765989400749736,0.712038152159909,0.0854716582638509
3.39589819049254,0.209794439911861,1.16577098493948,0.176192786854847,-0.619591787019909,0.0571965088118948,1,-0.170480716445637,0.221784644372953,0.741569674423747,0.116249404756182,0.777778513341446,0.0955929927233625,0.717114259656183,0.0925215192774135,0.819153761772444,0.0846276004655559,0.702483167508865,0.0909030568927451
3.01661501329055,0.177832919690018,0.842150978556278,0.12652078638975,-0.54568106432559,0.0670736328844567,1,0.264704005696964,0.206747647707579,0.46910598606809,0.130566559881746,0.683251201641598,0.0942333500116668,0.738174041972769,0.0774549341611047,0.49793165049479,0.0906161020288907,0.581759540866303,0.0919906332742056
3.34267822878679,0.183528332003914,1.11555003392203,0.160420549719876,-0.614814166739376,0.0524927412297285,1,-0.0576850372132572,0.2261275746212,0.763031380672677,0.108301211145499,0.658703539798864,0.0879532712446931,0.820052313282459,0.0849869891827686,0.695981935164369,0.0870529180287606,0.65049628896175,0.0866324298605789
3.3201612729481,0.199396576123962,1.02793959306541,0.153391432729718,-0.615665893585692,0.0564958857057536,1,0.0936871323199782,0.241439436562277,0.753172511343465,0.130328566372563,0.602700851446035,0.108402193127005,0.739181645113353,0.0845401783824041,0.672466429748545,0.0846164544692663,0.736216272870233,0.0805379305354725
3.04858883268582,0.17420755794705,0.930356626039678,0.129801284454429,-0.588757284785772,0.0586325452095052,1,0.213245035955938,0.23005101393022,0.589340162217126,0.124865973684431,0.631825235383683,0.0944391752724654,0.656371566113039,0.0840986233452519,0.70187393219412,0.0810683926924335,0.653384221663433,0.0847412273972601
3.16355994476276,0.184527855230742,0.892418300942925,0.132189035492433,-0.639313960824543,0.0524622468812476,1,0.122384607926014,0.2015671125843,0.509429733185238,0.130347387806821,0.769044638408503,0.0931200190979948,0.651384083965045,0.0841913479901787,0.691701896794675,0.0790072450701193,0.553955971443558,0.0885207822392063
3.03440923363337,0.179893182137386,0.778214306704736,0.119614528806599,-0.592196029288841,0.0606195634744831,1,0.0627177017130108,0.254326235483485,0.578706615885469,0.14956239731258,0.60238042265961,0.0999011070855477,0.622792520849953,0.0866848547870336,0.547299212746107,0.0885038773727163,0.801173444067983,0.0842104857491557
3.2450425861543,0.164361617219703,0.921768670776535,0.125762262819212,-0.602566587464331,0.0533062824059907,1,0.278764498020861,0.179469364218895,0.715928348430048,0.0988942476809194,0.717036921330622,0.0885958944669926,0.65818866248448,0.0887141339788753,0.617440670987034,0.083233223179151,0.787134236156512,0.0834878383989116
3.46223101529615,0.210013019962461,1.05503211012276,0.153155277587509,-0.58140763884685,0.0646382204529318,1,-0.00324096900078003,0.282539130664292,0.733287134870904,0.144708325532501,0.756897674133671,0.100536850021189,0.775233053310292,0.085527245281178,0.709339745585364,0.0843698822379454,0.67476771736505,0.0932250993094046
3.21580105942691,0.196102316639877,1.2114069745181,0.16786413992179,-0.585835926191582,0.0609478532078915,1,-0.0126011211953442,0.242741411870239,0.658553862725622,0.120885692584307,0.679781459516218,0.0943507379933693,0.650739054965839,0.0961087638963324,0.855147899857385,0.0812092980423926,0.617692225873469,0.0930104979066057
3.29223989992738,0.188789574809223,0.927812068798173,0.133232525687024,-0.531877170187997,0.0672021401848661,1,0.0349495022893033,0.245555641723347,0.797195642711421,0.120967255329452,0.600746330020926,0.0965975357644422,0.700952343952443,0.0876152220411855,0.63748780295221,0.0837055103658226,0.807768984375081,0.0826205022881283
3.58101752471148,0.212845079995312,1.3174395744384,0.199595980638806,-0.688581319051777,0.0482213473046887,1,0.237114543345071,0.272034401899904,0.644234587064757,0.148956236929952,0.981398881021781,0.087804752311681,0.759938914022865,0.0918613803201534,0.734881744494907,0.0932252230457078,0.729265081192372,0.0939323598709812
3.04202623833207,0.178337584154458,0.952845014639605,0.143120478512894,-0.580325343923674,0.0612406200705377,1,-0.310669800034486,0.215210013175129,0.697543846841508,0.114604903728628,0.588922992307418,0.0936721830183281,0.735651056232819,0.0855533549017462,0.702437219774162,0.0862931247734042,0.732738076638106,0.0779289865407246
3.27991352536751,0.171835530516144,1.04749005396242,0.148379228006464,-0.543716432569706,0.0610237678830345,1,0.279272706866574,0.207368624923441,0.744101566187184,0.111549793504713,0.512612981125953,0.10541823299254,0.827050060581137,0.0778859242554773,0.819726217822871,0.071831807119238,0.494687077107943,0.092030788325965
3.02466307996883,0.173977898570567,0.6818652895114,0.104186360406446,-0.523499494232289,0.0680197099039121,1,-0.219537112837042,0.268759029106847,0.71265134328116,0.131007340904367,0.619500511118088,0.0947159643580831,0.748552829801153,0.0774087931675494,0.682806828941707,0.0814096800409222,0.6124916015523,0.0871840789549188
3.2296127861,0.190264923428639,0.885128848132493,0.133935462341375,-0.545846137296901,0.0687344659283153,1,0.211708038934086,0.232126322518988,0.74093718897144,0.115299346437682,0.750164756252057,0.0891779314689431,0.629882391325096,0.0887579263347411,0.661376255998385,0.0865280369815077,0.607983891854629,0.0920691388703817
3.21862154368471,0.184637257046138,0.90052666151027,0.136424822922458,-0.642616700341685,0.0515607559603989,1,0.141176594590753,0.237082381493806,0.532318016063678,0.141995011594681,0.807672608895516,0.0894260722669661,0.678746072970691,0.0866048998618216,0.686438027207001,0.0851437674361203,0.710414165521005,0.0849250031292046
3.27936253802974,0.173630005944873,1.06860498118579,0.146474487852968,-0.530380916297389,0.066449567685094,1,-0.0133338164589561,0.236567099986399,0.75524537498675,0.125964722990952,0.707536253695357,0.0872689795718107,0.618261599473432,0.0833060990670071,0.741077195874316,0.0784490584245014,0.791573900271368,0.079545314958827
3.21997065776248,0.216418406643427,0.896718069828355,0.145468572402849,-0.650427599463028,0.0540470618931503,1,-0.192749203785309,0.192857129007766,0.77874281852049,0.117129988033468,0.677418396742124,0.0959175636622909,0.771244512696103,0.0875250626683763,0.676473544284465,0.0901075692080319,0.616242700472955,0.097045427826586
3.29158510762151,0.190054888212302,1.02054394027174,0.145156433028706,-0.577535482488264,0.0600693625766052,1,-0.431946010997483,0.230291213018044,0.928976748970033,0.120344388140273,0.751363685781514,0.0951772878062247,0.76576279036394,0.0842287710109568,0.656593677671039,0.0787935547270114,0.646443599425411,0.0885458586784977
2.97388142320084,0.173790567283369,0.832838404945994,0.123908403338937,-0.54127500942257,0.0686983182616294,1,0.254454141741515,0.186527341406527,0.416112935469308,0.127198678129644,0.645500832179758,0.0912710344248696,0.539314808698562,0.0922299303985381,0.62543563985598,0.0850260492479717,0.606031946807244,0.0881797546614487
3.06148897950732,0.17344424108848,0.843284348182099,0.126559134726289,-0.50657167067231,0.0684373711939505,1,0.185262830197073,0.192853662120514,0.603421583795146,0.127315046717611,0.688062568262357,0.0946926981875178,0.518391266888909,0.0874503618120235,0.667798848982444,0.0856147210568819,0.656980295537053,0.0845136631091812
3.4063141921415,0.200435775331746,1.18769217726727,0.175351526234156,-0.587169358789281,0.055990402933252,1,-0.0636525650861327,0.249594578555431,0.794333705675898,0.132310002416533,0.747823933350165,0.0971029973341228,0.743321150463881,0.0797897465807895,0.691114414433584,0.0825223474419846,0.729646551237549,0.0869784729376173
3.41529573327892,0.249031739648669,1.2183807567718,0.208919809299274,-0.705783753807504,0.0513487182132866,1,0.245915852300924,0.222942210171427,0.648706723254642,0.133677070750336,0.731176959826962,0.110483042368573,0.695857352510746,0.100698921994755,0.72883036428634,0.0899865113155447,0.840043856874345,0.0953588113263497
3.06992143757194,0.168307520498378,0.930300070658757,0.129768902878413,-0.573472359303543,0.0593639979180863,1,-0.261165681978621,0.271360781630205,0.712331616805305,0.13944322036293,0.832604024138365,0.0901281061613609,0.627645261386229,0.0804085619751682,0.673566255272355,0.0771948500754678,0.763543166973503,0.0764557838251257
3.22529300982738,0.182918681599573,1.0008808612149,0.143423913477622,-0.499051192535171,0.0701385132389796,1,-0.151135601184834,0.183497987081693,0.746412030873248,0.0998629372229826,0.70139470170126,0.092349939065941,0.675528327164346,0.0887014181326399,0.609927425489069,0.0877394644684089,0.756409074877446,0.0766033141206926
3.09769823768707,0.197029820991765,0.93421008041484,0.153581089538577,-0.597091164463896,0.0640765938879692,1,-0.176317145205156,0.272530992509108,0.76004581244089,0.134922756279002,0.656798176554376,0.0975343541514132,0.629002063155881,0.0916182511055946,0.635667130425594,0.0890834668659155,0.566742148438421,0.0928844697462213
3.18930802769839,0.195314886552,1.03477802392877,0.150512548379463,-0.592590135661975,0.0638078865745039,1,-0.263893954946909,0.248082552179339,0.774035051968682,0.133564150397017,0.722743474993943,0.10464834012499,0.648694844856585,0.0885767761579869,0.778742925333905,0.0802681625898444,0.733119523124711,0.0901145552062686
3.29562323473257,0.196229052509788,1.02309252344887,0.152704425626613,-0.603623919129961,0.0609113467459281,1,0.0589854587631977,0.233789917761165,0.836334315359515,0.119995028788543,0.592872320294921,0.10165338161037,0.713163340772039,0.0900328010429031,0.557921779640483,0.0858820586940193,0.879512018913871,0.0849905324164904
3.51545535608141,0.221782520537196,1.19513457549375,0.17623628810709,-0.681201748140242,0.0516539672630269,1,-0.149084458097356,0.272720064481294,0.891995173895083,0.134613173694824,0.815247332448615,0.0899231189178632,0.837960889876016,0.0897546035549713,0.774766619066477,0.0878962512529362,0.88530829736494,0.089247044550648
3.36833658349512,0.188553649958904,1.07683710046382,0.152158433484585,-0.640773629465588,0.0513520376156912,1,0.190256313784768,0.235258252395263,0.60771620866255,0.135082344720082,0.784439285168204,0.0879371384621057,0.622670184680932,0.08765932820454,0.775814487539079,0.0821308929608216,0.840944773611222,0.079869071743803
3.18658654060682,0.190068261730437,1.12186205684817,0.162385800808218,-0.578829638545122,0.0661221386070038,1,-0.232930819240363,0.214207681160571,0.75534552742484,0.12164343229592,0.81188844758414,0.0916713292594805,0.63647152462892,0.0850418382631617,0.66131408090715,0.0871109675014756,0.735124697358823,0.0899697362402071
3.44628907093425,0.215056166826115,1.26146999505242,0.200441607959262,-0.539915983791772,0.0772276322122697,1,0.342558532651617,0.225351853981565,0.625630526700239,0.128188020511905,0.598016986406611,0.107637351763805,0.677408719590678,0.094235074656692,0.865963024861481,0.0914818672794452,0.692833185202935,0.0922742779467828
3.42612714233769,0.202905917516661,1.05079651683438,0.16045073380474,-0.626951045233206,0.0530208877018362,1,-0.158843758930084,0.286868453042421,0.691624501056679,0.151864415773041,0.791902198883608,0.0935262514766665,0.750967818453447,0.0940824807578777,0.795874737286878,0.0830326584711214,0.811595852771477,0.0869516821713711
3.3166920379347,0.210194377847986,1.08757897920136,0.162871185965288,-0.619930053981926,0.0596231956710908,1,0.178841765191687,0.255577914396346,0.60914285750577,0.137333187817632,0.801334576394338,0.0889426194821264,0.63995591352116,0.0951669074737884,0.608021278892905,0.0892718944744336,0.697357196572675,0.0906207188657954
3.35576641388071,0.196455676072816,1.07778993601066,0.160334163567787,-0.635785387058361,0.0534475595124217,1,-0.105199907183232,0.208440468154036,0.772989026506279,0.115326463454714,0.787876529257854,0.087942594896253,0.768655702716453,0.0818527842759222,0.777183940513419,0.0823881200363494,0.663375500097266,0.0831979900124807
2.98650865681491,0.189949628869143,0.906788740399993,0.142351890770179,-0.538816161986208,0.0715655634987818,1,0.150351473109451,0.234251218689545,0.393971327026147,0.144107473578191,0.761004434489048,0.0944231641074677,0.587585758751148,0.0925931213171162,0.6127482669331,0.0894700177411129,0.647184327410662,0.0885746068136162
3.62873464144128,0.202356734950878,1.1521678676325,0.177801833868876,-0.672034124033736,0.0465906600525598,1,0.160084326673779,0.233974827825387,0.864675603385613,0.115960656340067,0.694231295690084,0.105488808228838,0.785340682857624,0.0842491038042165,0.806837424694752,0.0803646776095048,0.892575601558301,0.0833582357981732
2.97574773305436,0.159593368302159,0.84082682254977,0.117443389689989,-0.434936267531334,0.0769186901671302,1,0.182119462456411,0.18486406347399,0.60293820799767,0.113789614293951,0.614311189633145,0.0889850895176894,0.6079489434584,0.0846603049125247,0.666016416154151,0.0782068005497142,0.552761886614419,0.0881070918084066
3.1790005036771,0.166254796640289,0.822743860998918,0.112944076143817,-0.554617244984686,0.0619951257874335,1,-0.0863977124623649,0.22451306246883,0.723124510799565,0.1192824042257,0.819000435997504,0.0849544410108232,0.646543882142885,0.082821363860173,0.724787653284577,0.078109278113498,0.592164870188709,0.0846969497589467
3.01536347806391,0.18339928645831,0.911507661631667,0.141588060156482,-0.577158935310755,0.0611682779339166,1,0.161840991647527,0.202868775930553,0.549319406168116,0.123848781030616,0.58518438104654,0.0977060114536553,0.587842685406568,0.0908231729502029,0.735233028640955,0.0827722169536246,0.548945049533928,0.0909862327727202
3.03242482902454,0.161030806946723,0.789030856481548,0.109956595219591,-0.583173108832835,0.0601320072819601,1,0.19971466815384,0.206396849654259,0.506306209324246,0.129013979112263,0.61606762396384,0.0957855434189325,0.77752436341705,0.0793511326222363,0.594447239232729,0.0778321214774055,0.584560550383913,0.0800529069367995
3.31249202074581,0.199820856819118,1.02034810200912,0.155738020349387,-0.558568752908815,0.0689418461378935,1,-0.0866395294568237,0.238931897858835,0.786056944374676,0.124946719392274,0.663929013090974,0.103711341744461,0.740727050380218,0.0883789853200657,0.620554808304678,0.0852756075476869,0.83243469438274,0.0797394352067459
3.52755336244695,0.195153067548185,1.28855828578509,0.177342612097791,-0.64682003546182,0.0476045264995902,1,-0.366307681899547,0.250536187060594,0.922587288011821,0.118587825477161,0.826707584452108,0.0847456107943987,0.832179320291412,0.0768294631109289,0.678331343361068,0.0863994626154882,0.90872552190322,0.0835435203505854
3.4723854457943,0.189264477210894,1.02062605654781,0.147449154842213,-0.663314679886696,0.0500578805697641,1,0.461550555501532,0.221273035725967,0.651242504101072,0.120676572271051,0.565164638430543,0.0997964797586574,0.861386640123282,0.0820155460884794,0.691756287181464,0.0815736930279035,0.7221548690828,0.0901557966119183
3.25509935243133,0.177610508956717,1.16485434957491,0.160087911454043,-0.59676849740081,0.0530082384931707,1,0.109244577593344,0.282604925247648,0.813298481771192,0.135054446907735,0.503531767988156,0.107260180323857,0.680121820423177,0.0837429912548579,0.782059340079063,0.0754512381959619,0.727863236579074,0.0834139810579547
3.37128087107384,0.194815328658403,1.04840899256433,0.150898239343198,-0.65424331081042,0.0460936854854633,1,-0.00272602574431025,0.212123206691048,0.78686481208542,0.106997949874543,0.662414942992453,0.0916282871274865,0.69963927217094,0.0873095120276987,0.800113554368262,0.0798970251301894,0.635103516096493,0.0919902464879208
2.99186086697964,0.184061810054708,1.02202554100478,0.158012654553154,-0.630819052649966,0.0545262892111207,1,0.130631240593862,0.256441935440405,0.591077152314834,0.138894108252637,0.53441037694244,0.0973731246006121,0.548615499154413,0.0936899579647911,0.708922798841233,0.0919129436459586,0.766550192589281,0.0852507092903085
3.25751427079437,0.205830371785653,1.07017654331746,0.170593909610462,-0.606436070452286,0.0574945317746933,1,-0.33749227506083,0.28082401617331,0.800524955703975,0.140529539561986,0.748996350909483,0.0941845393515364,0.694739066865186,0.090248514911497,0.607260535432182,0.0881285783348752,0.789703159768302,0.0862312249965871
3.43521808601215,0.211403157539407,1.10789875047291,0.176254406710821,-0.606404601477874,0.0548609171904182,1,0.0594320854002543,0.260988451883814,0.837583824817686,0.124646184676853,0.562906730479926,0.104697598886151,0.830232965437642,0.0865596626035675,0.729138001443157,0.0814104954655128,0.733285441202323,0.086331009441874
3.46029364511259,0.19779070222117,1.02427327684849,0.151382146994984,-0.689558642146215,0.0454725455191498,1,-0.135138756671659,0.262174560902807,0.763689209911594,0.130111693449613,0.877331092948029,0.0928460401857501,0.665783366580984,0.087453774046179,0.874421217374523,0.0774594605329563,0.690218547790925,0.085660994152747
3.1198033589978,0.180233352042381,0.916211789712134,0.129743956647573,-0.599375600704102,0.0562134971952951,1,-0.195106981693933,0.26105836987262,0.710658919359561,0.132175432584235,0.747079556982978,0.0840465548688097,0.612729301187283,0.0866056134321217,0.678825304081268,0.0856562909052426,0.648999914264857,0.0885583738547939
3.17043872080492,0.197550045844034,0.881974077682522,0.138136254263191,-0.58849735766064,0.0636507760463558,1,-0.249282630135483,0.24966100706923,0.781522752853948,0.134887953086635,0.646780565296393,0.109332213126073,0.725647822166941,0.0824334497197396,0.679439725126959,0.086983883212982,0.657237308615128,0.0874535724462554
3.32459634227846,0.195491934598825,1.04767366526007,0.158289936136001,-0.558330286778512,0.06407477218768,1,-0.246497693462046,0.244352081848678,0.70129395832454,0.14432111111714,0.772997858128302,0.0928536835260699,0.649164150103933,0.0846820282489326,0.797327325399413,0.0832214035525202,0.816376414520419,0.0858584100676735
3.25262643960191,0.180401607251819,1.1197871928936,0.157080612890737,-0.594601392664615,0.0545293369611154,1,0.114712242584282,0.243398292059007,0.613919968877515,0.132333864090769,0.65146105112055,0.106830090292409,0.837724274337441,0.0709002091763827,0.668978262154822,0.0784054652551951,0.640568485916696,0.0900026108054699
3.25396818117882,0.170406209844256,0.944541316269438,0.126351848586981,-0.571676095431051,0.0557222311611703,1,-0.220736961802118,0.253752273394674,0.909761707324076,0.109734578335479,0.594669277324079,0.0968048920089664,0.753051725598732,0.0797269697989728,0.723445139908907,0.0760144947472315,0.808291204925243,0.0749280871102461
3.36765057840991,0.181588027052567,0.986756002633232,0.135661817838471,-0.627566755568178,0.0516082992920086,1,0.31110560838517,0.200128639168173,0.636802181623165,0.126297567560206,0.745972774471539,0.0978659601433144,0.642094486787376,0.0840519506442107,0.825616576326801,0.0787691946877252,0.83462505586279,0.0829657520683743
3.01799708361064,0.162868001755334,0.93370892913204,0.1273058107767,-0.554704839404945,0.0590216209800643,1,-0.0647213184583512,0.197708726079151,0.751165245353959,0.113040441548898,0.627371610152266,0.0930130069410149,0.63082851097594,0.0868655917512366,0.6448411356883,0.0795951542473837,0.652652999073092,0.0765116505925553
3.06129748675167,0.179526514394476,0.916273485207009,0.133145835577645,-0.534469535339524,0.0683844471131744,1,0.139334761098033,0.226490086325981,0.617187609240078,0.127556380178186,0.61594216142813,0.0845992962518786,0.733949616407164,0.0788767566968257,0.426156553267133,0.0998510953300344,0.505854172919315,0.0967380080117718
2.94770669805888,0.157541477555872,0.879460699379368,0.11580833791671,-0.627354315032357,0.0487657575513343,1,-0.173896524231617,0.205393948383703,0.669364814937292,0.116741252129016,0.620998805893066,0.0932966974237727,0.682822025870662,0.0820602356644664,0.706460881626977,0.0769305470685828,0.673220380638906,0.0835616291782549
3.16334763816812,0.168354230964203,0.879189454561906,0.124036522762849,-0.543275042214697,0.0627075442614699,1,0.114278465171646,0.201027081114569,0.77131614853288,0.10830786109461,0.688438505120575,0.0866150723830359,0.661425431408023,0.0794647886653011,0.559136736305773,0.0870228629409711,0.718771769717013,0.0847894115234315
3.03321541594403,0.181103732572768,0.910946848893521,0.137666800563722,-0.683476176747043,0.044466898022061,1,-0.095181281200228,0.249692161688544,0.520949156419242,0.153030949572616,0.781469730170884,0.0895649242144013,0.77059817792259,0.0850338022834805,0.58719630832107,0.0901486094702918,0.659322917180095,0.0865667008536097
3.11202715222045,0.180374044460423,1.0006239394931,0.143358143241246,-0.545731374219821,0.0633486008360399,1,-0.0630480366509252,0.223470705014949,0.566506568592801,0.136362834376387,0.776853653621197,0.0931981683648597,0.550149954712127,0.0879605194261669,0.721027341407387,0.0861743529459994,0.689054383679147,0.0849983973327565
3.19841665780032,0.168330641701763,0.902997688623451,0.121418525162029,-0.561528408876938,0.0592958974548304,1,0.349747830641249,0.198815666885356,0.52438704568112,0.124212972122968,0.808667292963184,0.0860581742425688,0.590065326438413,0.0875089824341641,0.663528652739528,0.0804588455326224,0.666960850690046,0.0834149274254491
3.47268799529163,0.189585743008709,1.09380595745959,0.159487268941832,-0.655502284183051,0.0485337066629945,1,0.375803358629555,0.240218555333059,0.628968697758384,0.145793863673654,0.90316670812813,0.0936432349997947,0.698699794442288,0.0856795561219679,0.767982056935948,0.0795834684230141,0.657448142694459,0.0874543490917291
3.09238454881557,0.20293730823931,0.999820143959043,0.15802207639097,-0.631100196402504,0.0567855436938607,1,0.157272926103521,0.280408613328396,0.502425216606158,0.149730732397154,0.737678900292745,0.0950622717268029,0.701308609488233,0.0895076611256287,0.658033133336412,0.089947652961469,0.60630490239655,0.0942600361128385
2.96717539975876,0.170810300141632,0.881021363939304,0.123705460560621,-0.544360594868679,0.0596337416741055,1,0.203469648243483,0.206209009321033,0.369011364126399,0.133347192725684,0.689466242825822,0.0892018811271783,0.682933170110561,0.0800592167172774,0.687428142073902,0.0806595893727763,0.669694813685375,0.0872776224690232
2.743641187814,0.17470267543027,0.793780568659948,0.122809319269965,-0.430922021981318,0.0897916329965371,1,-0.422632090942295,0.234951711491328,0.634614360049627,0.128575596681198,0.584242241058715,0.105007436169135,0.625617664660538,0.0859771466160194,0.580848685158328,0.086973497165656,0.625356202537567,0.0923466380845393
2.91680929459835,0.173401227079602,0.860047339646119,0.125911024176192,-0.525855882566399,0.0710026348260407,1,0.115061874174086,0.201971015593166,0.61527458628068,0.115519668119112,0.596881640783651,0.0943166387481623,0.417829813520857,0.0968926951878051,0.693095867330264,0.0816619112362489,0.672268445647694,0.0856796689417944
3.41141547197538,0.213315198545264,1.22801969470101,0.18757096996167,-0.621188404319879,0.0612597715779004,1,0.0494235816007416,0.269680221850384,0.704715027422576,0.14199279703283,0.768881060308254,0.100820177692865,0.835187913357484,0.0876805833707296,0.715979253438396,0.0828076526752014,0.647839366827179,0.0952414413427657
3.06846373705641,0.184608724434657,0.734470201649025,0.110233012953712,-0.561411603565676,0.0665486521298912,1,0.32322948613786,0.223442341669357,0.575171066734769,0.127904525818387,0.55666246862794,0.104089721886199,0.681086878805179,0.0827924970748087,0.77405445972591,0.0828933026009568,0.627367481600832,0.0857233888369866
3.00805592017377,0.179059305264985,0.900586181413713,0.131732700518192,-0.632780169094152,0.0558257544425376,1,-0.282953322770189,0.230716552301855,0.749807504537072,0.111516608861014,0.673542383586568,0.0935444836954947,0.738735832080107,0.0897383001184658,0.639231908318718,0.0871253778777432,0.730958732293225,0.089329687682575
3.24916067283592,0.157474652421568,1.0663760281399,0.131269490185562,-0.656873654030529,0.046457772824117,1,-0.00654625844223998,0.211013797853788,0.638320463263605,0.121484801643534,0.66432100996726,0.0852846274139485,0.798267991940304,0.0774902517114133,0.627784525306247,0.0797671647417689,0.762817990106462,0.0735748251396011
3.22376712453451,0.209110770479283,0.98860050547201,0.155671643955531,-0.602085412020701,0.0616805412792776,1,-0.238556051940934,0.221284984414453,0.761714824911841,0.123848836628101,0.745772956477499,0.100549117291274,0.737033418220851,0.0911564551544239,0.666932566314586,0.0894022122855284,0.615722956721467,0.0952713091825082
3.33043791995547,0.21123515797118,1.27231223830099,0.19429375189219,-0.527227288436556,0.0758358567518561,1,-0.422993240940044,0.229745824728219,0.897738823282987,0.113867362221396,0.643475845657942,0.110263425602528,0.831445169646365,0.0879221559484646,0.721706238973202,0.092044518659572,0.799355578973514,0.0863261713242541
3.18402904286981,0.161529522996648,0.966684452352882,0.133760141098951,-0.54471840506204,0.0617317904825372,1,-0.222845663687885,0.255182904838324,0.704016806777653,0.127012546822073,0.762414269729254,0.0904868641152633,0.594604114651459,0.0854651466916196,0.79981151215592,0.0750133640271272,0.699728938649905,0.0872195542141813
3.14137554526301,0.184309550231446,0.868355339614672,0.130337049257962,-0.570006585583793,0.0648235226829621,1,-0.0809111166560988,0.206535928074137,0.517399173558561,0.137572584925658,0.829678339304738,0.090915141853541,0.731936219357207,0.0847799930859146,0.579815021905136,0.0885578791492606,0.647473520639704,0.0891316767367768
3.64911323570899,0.253114370543925,1.19406604601088,0.191754294254269,-0.644627701390629,0.0619024656347215,1,-0.141315931479068,0.267201549402549,0.916085293849628,0.12892887222444,0.729138261941151,0.10893886293373,0.81589676609618,0.0918756015055691,0.757853240023237,0.0861691477940651,0.817283965355804,0.092589667680538
3.12361724673507,0.164669390190293,0.895055694098074,0.11714640563752,-0.511173382501911,0.0685789797300535,1,0.255767445835462,0.169722500476322,0.413480599182798,0.123345199111624,0.629860260160818,0.0966782986353132,0.685232452545215,0.0856849816942369,0.721844654300614,0.0810734167491578,0.707546197872,0.0764446969469333
3.14737436950125,0.217055825128332,0.969911558991978,0.158055007571195,-0.621883596170202,0.0635070977775488,1,0.15590213757161,0.230659912571828,0.510515842976204,0.152975154556918,0.616286008751992,0.11533575096677,0.747666811627432,0.094466968532039,0.670240292583536,0.0978203592288842,0.65476872499845,0.0989594016930642
3.390041948899,0.215355077417079,1.34432909622871,0.202777341204412,-0.608552236653656,0.0639058589420181,1,0.0183576668222325,0.224164851342409,0.753443560250226,0.111504528122265,0.78287019282364,0.0924846703096783,0.69964652939907,0.0924905441279836,0.786321176373774,0.0859627446444074,0.693907379370109,0.0931566592334232
3.64467990651031,0.215526827041873,1.32485570036938,0.194908525491374,-0.698852190288785,0.0450547461567683,1,0.223455999661473,0.262229169593922,0.892387085008193,0.101430902107207,0.742423856058664,0.103276017676577,0.741714944612026,0.0892513493965289,0.85600364332332,0.0814035180569151,0.770142957848456,0.0879886237838248
3.58622574138696,0.185717397342626,1.45506500939766,0.194527205292969,-0.616905927591014,0.0526317359620606,1,0.150365602455543,0.294169541580287,0.742946593149225,0.133533600618846,0.871686491497775,0.0869862154601711,0.811365565343085,0.0817940062067531,0.763714585264404,0.0793383690276441,0.711219980730791,0.0849673817464101
3.14199621284129,0.20769113211511,0.956199900870303,0.154025701629333,-0.584696586930277,0.0659056243426635,1,-0.202801942763823,0.20898126063488,0.73526957530364,0.118112496191517,0.800633523154417,0.0943667922627795,0.721644474664723,0.0947598352427829,0.586856556659541,0.0929441701391789,0.619438665298255,0.0967325873103197
3.58547971173636,0.232886843190055,1.44402621065016,0.221301098984145,-0.636906759181956,0.0575546918568518,1,0.0777427254128919,0.272121795835476,0.713600434028129,0.148583773154002,0.783831663671562,0.105360780200311,0.71443949824958,0.0921256003467284,0.789398600687115,0.0843992118265105,0.840702403904027,0.0894304860343685
3.12463056758431,0.172644853819433,0.922176480009423,0.132797196227672,-0.582975987722441,0.0541179879033005,1,-0.317405431590417,0.28792376586278,0.805636762307547,0.128573282514088,0.760672506186669,0.0870670045987368,0.643232990229135,0.0821705258648404,0.597191300479144,0.0832866015900965,0.700999018858444,0.0834158032958334
2.973854721793,0.175232049022972,0.78241499914842,0.121610416645033,-0.521439342455285,0.0670714842598543,1,-0.082847445853172,0.226921099770089,0.629853338206314,0.129074288813551,0.547934599061097,0.0972964737292136,0.716977817904815,0.0821786886507574,0.646804925470515,0.0846954807654252,0.584808704794776,0.0880126519015283
2.90118821928176,0.165068917363691,0.659926715936436,0.0994963854350999,-0.586731886146241,0.0614506925040204,1,0.288361627724932,0.206737994340979,0.473830469448581,0.143875729423159,0.641915320099558,0.104777290727483,0.615915940978617,0.0869256238591938,0.595165190463522,0.0823517833254874,0.588088694430019,0.0919988563155953
3.25818492874458,0.17300335754278,1.03984751375002,0.136339262535631,-0.455986804115703,0.071980444774004,1,-0.0826527379336797,0.232908011109882,0.68215500915645,0.135250125668779,0.698103786466526,0.0963170231544795,0.742383988539994,0.0846083732923708,0.735960057977435,0.0747871630407432,0.613649214603007,0.0850446010739582
3.44119208713512,0.209255395678177,1.10293007531821,0.164347626912107,-0.596062927820214,0.0593651796797776,1,0.425759153912348,0.197105381474404,0.58583035702933,0.124194320094178,0.737584787444301,0.100119124635407,0.841102105092651,0.0839449097616507,0.82619137453478,0.0849486526868996,0.689126808050993,0.0967521910471094
3.12680488672323,0.17596145900506,0.866700325274685,0.127619582673367,-0.573654039016808,0.0579147657353072,1,-0.1380360392142,0.332238479266083,0.742478316090104,0.155996921351866,0.764691084062144,0.0895827642496412,0.631040069641819,0.0896628284028011,0.773618524570677,0.0778420122395563,0.597417149075742,0.079950009736597
3.22318217177631,0.1934973886956,1.12306969164017,0.169908432488108,-0.594045383141114,0.0609387270269432,1,0.291162453346866,0.211637762699942,0.576822941034636,0.120933846588535,0.705010941955852,0.0874817404363016,0.654916628643821,0.084091040053877,0.647578927068268,0.0829746812087371,0.68415698387368,0.0867834450606395
3.1889481612838,0.18564641961439,1.04608480976291,0.153755302613236,-0.556938613779008,0.0613618582590067,1,-0.0196340094126913,0.200773229204101,0.508724785883008,0.122899206356721,0.828144250826622,0.0900314739028431,0.603110341377974,0.088820219127432,0.794526270591871,0.0773810885524776,0.709274628371454,0.0854567506561249
3.4574615519969,0.211510842661776,1.24250186320904,0.19187120978681,-0.570496668676861,0.0642164181736984,1,0.208921186806041,0.233526150026301,0.750263463915495,0.122308312488504,0.777772745108288,0.0967001815091128,0.624276525050329,0.0885071875135221,0.709855187886233,0.0917822406485174,0.818188903092582,0.0850481353581246
3.03071119729065,0.188828170586247,0.975259885460893,0.143019563080622,-0.579834419888207,0.0643351784959042,1,-0.169004414420454,0.216977134394737,0.715323407371644,0.123451808151933,0.636369193888618,0.0952785428282113,0.716774660396551,0.0875773930253954,0.735447684766736,0.0821590967612705,0.651129541456386,0.0938191196249745
3.52517862312323,0.220561720931433,1.19638792871785,0.184669244101857,-0.594540500335546,0.0606374916611785,1,0.480015246928816,0.230640509145919,0.563028065279059,0.145841579914273,0.739559581255263,0.106645837570751,0.78891340265904,0.0853505222758101,0.849540733004349,0.0846225142352356,0.630080340410427,0.0922966451699628
3.16840735680519,0.193616001798965,0.938828843816929,0.141067242612205,-0.602744002423211,0.0637946364424297,1,0.133895036601968,0.212639743790821,0.612223058284972,0.116699472482822,0.68173273896285,0.0956379151057767,0.695939893980817,0.0848498543288542,0.669254314009493,0.0870860318249747,0.668725271295902,0.0898200255292156
2.97613389372931,0.153134616715748,0.785204571629424,0.110739260622465,-0.54655683068203,0.0543642990307353,1,-0.493670935430029,0.202375325479747,0.7819036413572,0.111348246795414,0.708343691787878,0.0875016123409947,0.530876734933089,0.0821218373065544,0.73608419793528,0.0785028329279758,0.590577885888341,0.0848500898466736
2.90270467333866,0.17771715856104,0.941568556240648,0.144363219501576,-0.540749894954764,0.068674150794447,1,0.0202617675302734,0.178730811681748,0.533942810349062,0.125107966536288,0.60687195141225,0.092345188726055,0.668414443529776,0.0866781242095158,0.559699865342218,0.0851124388032073,0.707288883263841,0.0871884385508016
3.32676019471979,0.195260473726435,1.04985640924353,0.152092722568444,-0.630511462949758,0.0522848048679021,1,0.0375945044213947,0.209246499866578,0.701948190749422,0.12254783567218,0.71895558743585,0.0942663628441434,0.799960847970805,0.0837492974877779,0.561445961003455,0.0868089767419977,0.817706208560015,0.0780678440351472
3.55969011620965,0.246250189542515,1.19501027569696,0.195489750689973,-0.650224058732088,0.0580509921049025,1,0.180784322147609,0.246814990104701,0.758668973286089,0.129831713056089,0.720299280431217,0.10578525323249,0.884235213853832,0.0953007657075974,0.808335240770203,0.0950703334485557,0.705680112999531,0.0963185616634029
3.15208222687998,0.178625408318649,0.975652556206366,0.140777213098245,-0.581882664127804,0.0596083346431456,1,0.0228635386745216,0.272026054961131,0.798439604890876,0.127404749682853,0.57270986994973,0.091133713860205,0.513381111936893,0.0969374195762784,0.599422674493763,0.0862062290166126,0.783863745254522,0.0788363626421165
3.27393093520208,0.189677736244561,1.0573604985647,0.155521708188371,-0.615826944539083,0.0559932883854907,1,0.119991658353247,0.229251356493929,0.723836904109417,0.123517029247546,0.647011361725681,0.0916984193105882,0.657629482590953,0.0930171868195343,0.741568308152832,0.0841461949940724,0.748020956129345,0.0821472159732403
3.24322817257542,0.178704382940036,1.18593597148166,0.164024049152197,-0.557106067140357,0.0589194715746579,1,0.173139782623747,0.279033322725606,0.734069896266768,0.126481950262002,0.633997260076415,0.0966720987827673,0.617177252907866,0.0863092598109999,0.845313612714013,0.0813349112891446,0.643712842776698,0.0829311629600451
3.54220611585665,0.203918532892279,1.23907006728964,0.174926511585654,-0.598195454282003,0.0571965292412109,1,0.223226565005488,0.218679173957598,0.725067365650365,0.115592759928082,0.76586605412048,0.086286577583435,0.763708051150165,0.0819282648699214,0.834286908466762,0.0787170655414381,0.633978200052647,0.0892038633570935
3.43340326060894,0.192624831168201,1.15497364438692,0.164874687054102,-0.561514720227694,0.0612767289924929,1,-0.0232275412123053,0.179924555926195,0.838534403298096,0.10000984295979,0.694202470164924,0.103445565565346,0.644169283060904,0.0938121252432272,0.612217755386591,0.0939892033270677,0.798611344935114,0.0840577148929063
3.34347449319661,0.21545752496454,1.20172982615222,0.187520335019631,-0.644501634290804,0.0570420340735041,1,-0.202514960514582,0.245368752853038,0.753606012647906,0.126377122987254,0.812246512281829,0.0958746883322934,0.654883691539598,0.0916268914559732,0.762932176210413,0.0858287490209658,0.754070659046965,0.0881378153460751
3.27903506795239,0.177422394393964,0.994974699242192,0.141007427858557,-0.617144811276167,0.0501343430830201,1,0.255576222491581,0.209341574324299,0.662761694386053,0.126664879828004,0.65910731354783,0.0935054788381882,0.696605213476494,0.0838463677724434,0.731076224527618,0.0789695265991905,0.804079277875326,0.0800015082181845
3.1765484907092,0.179612005821588,0.960338666240715,0.139912584074327,-0.603137156597844,0.0537401060936873,1,-0.443699949567127,0.200874843130582,0.890764289523929,0.10436043776741,0.718918906995466,0.0886115959376044,0.683498372736487,0.0828810225125887,0.533983076694114,0.085024614302817,0.76356247615762,0.0854183465553029
3.76005607462364,0.214289578399986,1.36131021281771,0.188554794477364,-0.685971353466281,0.0413557587785156,1,0.594794865060591,0.209715938859196,0.702495360334999,0.117958287206813,0.8443726885157,0.0891441369907573,0.759052162344052,0.0859131499200064,0.841322490659716,0.0812480956666465,0.78046960278953,0.0837668886632838
3.21579490200899,0.180308530858339,1.06086819033699,0.147319168372736,-0.550862490473736,0.0626405627045213,1,-0.0823549881881679,0.216269060080808,0.728601816386729,0.117368489429916,0.71959647736889,0.0900589730200363,0.741211857539661,0.0799127548371579,0.74608034401545,0.0751969189847927,0.56945183399801,0.0944576864851603
3.09298223944703,0.210021803839563,0.985803129751743,0.163143346380641,-0.493375872340683,0.081789413819144,1,0.123584974700121,0.198907122693458,0.643392738485646,0.116673863508161,0.60633814109521,0.101763906618772,0.656863612190992,0.0918375942633119,0.715805886313762,0.0891279556630644,0.694962985219399,0.0983453957000435
3.15369372412312,0.18207962178861,1.02272007567465,0.150989220052277,-0.564928313308943,0.062477276144661,1,0.0480941241525214,0.219012353261435,0.743499621979234,0.112723964007075,0.622446165470844,0.0988492887135745,0.594093556610996,0.0939285081821434,0.784147962849626,0.0811661228191925,0.503770533833729,0.0968933279062631
3.20332939048724,0.183774936191315,0.953359324717209,0.142696249114358,-0.618614589021326,0.0541920658761422,1,-0.221810414274567,0.263806226939083,0.880337177573041,0.126035170446792,0.578055477742636,0.0968472065795287,0.708495829598462,0.0824438002142612,0.614876192826083,0.087728871261678,0.823973900849748,0.0835971010445583
3.50420779226536,0.199833696345108,1.1510064798906,0.165353088950151,-0.684306540042124,0.0461316279266139,1,0.16584209932217,0.175735411544341,0.780788412104805,0.115389231052958,0.5741260142766,0.102204513067606,0.830074115172364,0.0837097748063709,0.765170218357135,0.0839446279004152,0.7423899535958,0.0829247624630921
3.09653627287968,0.177161287508183,0.827098396383963,0.117155892396368,-0.625965221984863,0.0552873649428294,1,0.0504534457806736,0.227185554793207,0.56166249373349,0.133265041822813,0.732051253319622,0.0934167144449095,0.837043708437524,0.079501528552152,0.520596330090101,0.0875223588494733,0.655376905187733,0.0854960941772551
3.15076285653357,0.200183901287202,0.918937108046317,0.144101389575375,-0.518416489768364,0.0807045340258425,1,0.145612529401154,0.200623898833824,0.524410708878902,0.139649198350917,0.839035407766736,0.0968913903862813,0.687163841705933,0.0899954554153989,0.606222164529798,0.0948957721501495,0.661235401534814,0.0849446237927429
3.13977521746689,0.172949946678746,0.928804025465358,0.130524528617105,-0.536816434277544,0.0651463649542966,1,0.200302157681981,0.211046565438867,0.472377559818068,0.13687843472411,0.66602252090552,0.0927205758006132,0.702081430296852,0.0845879573896256,0.762869845844731,0.074587411549458,0.711999305385468,0.0810003155517589
NA,NA,NA,NA,NA,NA,99,NA,NA,NA,NA,NA,NA,NA,NA,NA,NA,NA,NA
3.11306624246806,0.176780707120633,1.01856988719093,0.144706397576639,-0.584919353970832,0.0612893052976539,1,-0.319433965346171,0.210827986854721,0.738199638343382,0.117910185421925,0.671102467025514,0.0854700717825222,0.755986862888787,0.0791871644058656,0.625455472114469,0.0864147533336545,0.747302232361068,0.0845333612656268
3.02308623284633,0.168882652070646,0.851998848002637,0.119708411880042,-0.560834821332957,0.0659392681136912,1,-0.234714416319341,0.244451768180621,0.700238302434645,0.135133630803524,0.648236295736955,0.0975864773209211,0.698946942796719,0.0846904413037833,0.65676808689711,0.0861163104684188,0.606180291318564,0.0823304637824775
3.11487608399104,0.178350923817059,0.988864629663329,0.139407411138116,-0.529970657410119,0.0694673455011358,1,-0.101680541308753,0.213040752462452,0.697144545133298,0.126232764652243,0.732924212105368,0.0982825869415813,0.649681410447584,0.0828216188147351,0.726912838002151,0.0798659301446035,0.543300715410026,0.0908546322481398
3.04745200361764,0.157760658531679,0.905645477108747,0.125877673512867,-0.567093433562977,0.0570403057366164,1,-0.0722132736056556,0.235947166824071,0.656806734370439,0.129588006178475,0.77549608117099,0.0852244678976119,0.51586515516997,0.0842430305152281,0.723547671567032,0.0741672522881897,0.676957922753091,0.0844806123857047
3.53070469854771,0.220927709511843,1.30849346674828,0.202884120710861,-0.654424828474658,0.0523815225011578,1,0.213627915036404,0.274466331846354,0.32616626516493,0.182496046569862,1.07652077057117,0.0857180112215252,0.820764620727865,0.0839727811605708,0.744274030453697,0.0883535158158573,0.720033264788374,0.0905250284193165
3.09781456559781,0.172000505142383,0.904539169819274,0.134110357149135,-0.459931294075708,0.0806485229129497,1,0.167036035996261,0.191687918043175,0.530588744639111,0.137188923264925,0.647690780723015,0.100751057604159,0.685496264481551,0.0841535807740341,0.678595079218753,0.085940071961583,0.657310048827335,0.0813705708703518
2.98992706191483,0.172437051230151,0.93156592983795,0.140428410862126,-0.572907449151296,0.059736265827584,1,0.0954490182463703,0.201865782206511,0.502183439536796,0.129411557064264,0.601055293286651,0.0941926394478279,0.688945672193928,0.0858543947184762,0.707334079306553,0.0794402982464767,0.614539135999804,0.081503870884389
3.24916632999741,0.184377381060769,0.924927724979286,0.135752962563051,-0.577619573706619,0.0575928502354059,1,0.0158110594938862,0.226819764876581,0.733954776851989,0.119347959280171,0.647427064968004,0.0986184630267355,0.76591985991052,0.0768395348802706,0.609843073510557,0.0854822370844405,0.802332004861358,0.0879310640531033
3.07317046507069,0.178786927440668,0.846328496821494,0.122054626264033,-0.511028720164635,0.0704213047453472,1,0.118388680325105,0.192165416097036,0.742096504000446,0.109932764947702,0.61956899636211,0.0948523325025336,0.626752085853216,0.0825297809593752,0.607883038589072,0.0821653038617339,0.679444966517436,0.0820416122584421
3.53388185898538,0.210445685296692,1.13222327898636,0.164966804651112,-0.687760081867505,0.0448296577142439,1,0.167985642010653,0.259997833475459,0.62100253308863,0.144971132228051,0.768764924945523,0.0972972801622722,0.802966419990252,0.0876108225896361,0.726033890749414,0.0894704732830341,0.75140471564955,0.0877367077691793
3.83185531476639,0.222639814778611,1.45778096809913,0.201015042581217,-0.750573581182528,0.0337977528328084,1,0.0243409739450131,0.27100395235518,0.949497161250293,0.12294992950851,0.748999431949004,0.0940911117417663,0.961084300711573,0.0846719949806516,0.88286908688842,0.0915109668837764,0.812221398654014,0.0913693857546617
3.09595535991899,0.170768681670053,0.753255270452974,0.111263207198807,-0.602225190602479,0.0571795408581199,1,0.302985798818286,0.189484983077032,0.495437111527682,0.128483345411115,0.683235324552531,0.0919080535307433,0.687851402025624,0.0802844546070176,0.69154387878458,0.0808590940538496,0.630667623999728,0.0950175085527737
3.01894256531975,0.172232655209907,0.972370491371945,0.136121211069042,-0.525072129579507,0.0687895320984896,1,0.14416358567799,0.186262038767412,0.564756968230507,0.114058816734841,0.613968106830546,0.0938733503944072,0.579820747458709,0.0938948729244106,0.701227469569566,0.0851839401624075,0.680394095127893,0.0810123642999204
3.05816900110379,0.20161807325096,0.893748195669358,0.139388206563717,-0.576167723563684,0.0708690535057252,1,0.310384700505782,0.208387188717226,0.412363901583415,0.142136190911284,0.647192585592892,0.105014929174727,0.734191522889831,0.0858274104262468,0.591862647841955,0.0909171045283511,0.799002252482864,0.0886493886145676
3.51332879483205,0.20811458330237,1.50701647057634,0.217064001213147,-0.676074416540661,0.0438196569521892,1,0.172596537021213,0.280288537748035,0.764600075425558,0.124659640497268,0.763925237034369,0.0934780062484878,0.796183262628369,0.0771636833131011,0.783641779758792,0.0788597308644174,0.728066264679873,0.0916885698103341
3.17656873667341,0.174689404949778,1.09346358127273,0.147197537316314,-0.529632948703529,0.0694748561869182,1,-0.323045704448167,0.236579187507445,0.865149972359358,0.109765729620503,0.641964854178211,0.102360324733354,0.655780581534636,0.0889608094392891,0.726142437152642,0.0824034644417613,0.68762076342525,0.0873825092329452
3.05069593984157,0.174628179354337,0.882698544618791,0.132510981057736,-0.554991925334188,0.0627697514562554,1,0.0751133090333156,0.204721501967495,0.677651476513906,0.117782449521522,0.616961714336153,0.087728377940246,0.67325844088646,0.0926627962556136,0.543023374971465,0.0858427339727282,0.707106407581562,0.0838529336859533
3.15412402786991,0.177036805090165,1.03079041095497,0.144899018090273,-0.501571959422839,0.0705255453763615,1,-0.281593267708771,0.246427480103015,0.821568675685188,0.121256504451583,0.782126162655576,0.084842310787323,0.559320622375691,0.0878284332118362,0.630146263682735,0.0865794583185793,0.692976390309594,0.0827676593243316
3.71534599236822,0.238190213385617,1.27068179615967,0.193122875384727,-0.738808861453239,0.0405259206374973,1,-0.0431258533866533,0.288322293908906,0.818291628716131,0.147233901797916,0.839759433509955,0.100868431120936,0.720917423404531,0.0950534655565541,0.781530961909518,0.0924570925738423,0.917739978113214,0.0862219017792826
3.60556395326979,0.218625265122439,1.17948423949739,0.177920013232117,-0.626719393140337,0.0546799683308982,1,0.368308106607763,0.230631102160773,0.669515215692403,0.131011958329687,0.853007910588827,0.0931825887052196,0.679149914147996,0.0876508402980379,0.902847339601204,0.0833558632301388,0.881935768417358,0.0828902743521933
3.44162804789852,0.206889682289359,1.05155352600013,0.156488196701956,-0.645685934164956,0.0546733082180069,1,0.265178480444591,0.264032922563824,0.621955782481622,0.144307650832232,0.713996558078736,0.105436595173992,0.79645083860027,0.0824294131292576,0.774408692317925,0.082703422931551,0.707771259586454,0.0889225889400375
3.13551841923663,0.193273584792395,0.966042017407157,0.145720149305611,-0.597733434068609,0.0580974266922576,1,0.152975043183511,0.236751580466521,0.763840533807719,0.114069837901659,0.502508240628802,0.105241636698848,0.62014011112402,0.08945219464254,0.701128773048605,0.0804116352498673,0.688029322447701,0.0869860829747792
3.44126217448146,0.213460515795928,1.03869102518509,0.16013262635553,-0.639870967888662,0.0536525061505869,1,-0.152210271327823,0.290515045295341,0.828362081689602,0.142055104429664,0.812937909979616,0.0932242535791254,0.686546772010277,0.0892551888581881,0.666762797472967,0.088398734607114,0.758494002146527,0.0906904749731837
3.07937828426519,0.177451506821944,0.780841229711881,0.112530619634163,-0.575944184543239,0.0577473298180778,1,-0.0307336284249348,0.219247071753574,0.689602861923294,0.124061132193146,0.711543201246781,0.0974955198395678,0.606047622872094,0.0840712588930324,0.663723250103702,0.0773262902564136,0.57260999843821,0.087401375505151
3.23723423203985,0.185545782713564,1.06136601117539,0.145882691692853,-0.512687428242104,0.065458067497693,1,0.154426729957196,0.199875900001924,0.631336160077677,0.117013213811629,0.640365851210276,0.0921146384719227,0.730844336274508,0.0817659627868124,0.657212655394588,0.0852958780698262,0.654359436901559,0.0822666273781453
3.24019454915259,0.196239079515974,0.976929507056615,0.147044239060421,-0.515448048752072,0.0709724286922885,1,0.02648466758782,0.204721174490205,0.692970010379116,0.123602102270805,0.690367044203126,0.096396662489246,0.745175627257138,0.0843491962393817,0.693188223361584,0.0831908944669484,0.773070515188937,0.0828790124871254
3.3714674300083,0.175534244538771,1.16608814962667,0.16097065326735,-0.648131699501335,0.0536894537994717,1,-0.151732671488887,0.239489274991085,0.675202494110208,0.127378201819064,0.821370368862433,0.0853141848223442,0.840819660456455,0.0799299111296255,0.676170069393352,0.0888616314708715,0.835451380750476,0.0817248858346453
3.12213695561717,0.18094996180388,1.00609568196879,0.14440191875152,-0.605965424391763,0.0573472201895892,1,0.0445855310559034,0.194725701467234,0.580533475534884,0.116119380969602,0.834568672376039,0.0859753667153729,0.64282185399015,0.0886505385753132,0.67221381017014,0.0855466859715668,0.692060195286608,0.0802708525769058
3.03627404375589,0.166563749405367,0.869163862974196,0.123168001247545,-0.436769801422112,0.0707293815433395,1,0.0571629238350376,0.201073499562277,0.508302675224296,0.137206129711957,0.808877064450244,0.0790467423399871,0.532427176633466,0.0839583374139019,0.635158156836571,0.0850351436637827,0.630012313552995,0.0834028735426523
3.17319862177112,0.2033888802598,1.01778101929379,0.158931590967766,-0.504314841778269,0.0795920886455638,1,0.109966640301471,0.181766089102911,0.679762536570463,0.121064471205559,0.746880083029573,0.093631821274262,0.703638635724527,0.0881367265976816,0.529651796036931,0.0938770294860087,0.830383902706895,0.0885216798901163
3.23681738860027,0.19787566798581,0.992564956906243,0.149877865992265,-0.615115503641053,0.0575172390155067,1,-0.288272415252906,0.251357476053004,0.772449794732766,0.131880475298733,0.623311364292356,0.0958907617243833,0.718502701585642,0.0854015336781874,0.726111059577719,0.0783758443293185,0.656076090608334,0.0942780111967441
3.02000025114246,0.183348837895233,1.00986545869158,0.151415939722246,-0.491543519742453,0.0727826562331424,1,0.0668093806394862,0.199937533538572,0.570119639055907,0.122343443121737,0.52700149397532,0.0990984649892205,0.735503759057441,0.0828547732893286,0.622422544602929,0.0884369959748112,0.58558769729533,0.0878592414073449
3.31242898893147,0.195606458355143,1.24055716632793,0.177295340839998,-0.650402443794141,0.0537057051451804,1,0.151613528501518,0.188310127949622,0.668588625073247,0.12395047230628,0.695597541211052,0.0910010806078566,0.668421019540346,0.0914743869004129,0.745744061347173,0.0848995976667235,0.709022974227015,0.0864790963630129
3.19339561326772,0.180465793734071,0.953587323457123,0.134769885305698,-0.638678550708919,0.0546706706233322,1,0.182468497482988,0.200624213103731,0.623948321856826,0.118391337551639,0.626084181030593,0.102578519008837,0.76442487702335,0.0825781638721456,0.665460670354188,0.0854638897445412,0.749385157661797,0.0822541612956927
3.29544731507388,0.234438252024043,0.936271007363408,0.156943816809731,-0.646719780223681,0.0609446523149495,1,-0.141145639482567,0.288107520340921,0.950419390332779,0.129918972811763,0.558432820515119,0.115327032915143,0.596969039016162,0.105027808826418,0.824294588938031,0.0902346446848335,0.645217680255108,0.0911337426735363
3.47079504385173,0.209311764688328,1.31633307135479,0.184749227339465,-0.673086182595718,0.044600395425076,1,0.124431736756247,0.27126394935449,0.619298538613334,0.160982320628591,0.865831772702109,0.101518041473108,0.873260636827868,0.0804386998230608,0.736956793878651,0.0741235426922649,0.82928153751066,0.0871778962506791
3.07744768849952,0.179209416286829,0.965319618340769,0.138139655621322,-0.501629622296701,0.066016155715704,1,0.214022702318426,0.229189689308573,0.542495338426825,0.129092165552964,0.674808881875816,0.0918866750041633,0.462296812613395,0.089855949438028,0.743041880461761,0.0787483565622578,0.620784885028474,0.0871201756759629
3.11770585431904,0.164435749152291,0.964364162147939,0.127157530591013,-0.552885109296915,0.0562163709649923,1,0.380921977377221,0.203752450288136,0.709525456861908,0.114689258575085,0.535891593488727,0.0912523674428209,0.654092120854273,0.077583181403872,0.672739234344798,0.0777268701414109,0.576259172574693,0.0836893802783749
3.05713592086126,0.167248122818223,0.911851642117407,0.129069808176863,-0.409950408786652,0.0822498041248476,1,0.0678360845745126,0.191253527598709,0.554272609084055,0.117067504085288,0.745518202841383,0.0912508361198454,0.577306031677093,0.0811910608344908,0.708170394729429,0.0780803888055873,0.633011095102851,0.0883461761179721
3.04669254889841,0.169543725977323,0.72967795170002,0.10736319617545,-0.531159206014802,0.0635700976004088,1,-0.0471111408157146,0.214413448342496,0.621022280505007,0.132248933871432,0.643569659406431,0.0865146565971222,0.673005522108723,0.0855291772187925,0.622018817510147,0.0860578717259272,0.684128823967867,0.080799984991681
3.13752181103619,0.17112845648938,0.931907862961717,0.124468312892226,-0.505763070452084,0.070902036098567,1,0.228892653213295,0.179641267713756,0.586237146284468,0.111680433834268,0.657017923015855,0.0911462442499668,0.590994540677068,0.0921746432271904,0.739951481530023,0.0859594680155654,0.737644331458047,0.0798477729770896
2.91432073791787,0.17568775898291,0.697404211877398,0.1065255894708,-0.493598881931411,0.0709569925347698,1,0.0270738305598737,0.187054778785662,0.566043349901778,0.12856514257316,0.713910599802601,0.0929687922984115,0.640299513134588,0.090110773334871,0.621943528484653,0.0827271236727337,0.633899685825242,0.0869704762488578
3.45915840472919,0.209911698699848,1.1936524945772,0.181866928293036,-0.614007513801414,0.0610960046235652,1,0.15759574087818,0.232843729840263,0.727202112685934,0.124791512771478,0.820133724079109,0.0906729457630358,0.794381229964339,0.0878670777294749,0.683208129435918,0.0895997856822268,0.738150726691835,0.0923988415335341
3.06448082800013,0.17631712615561,0.854885397445216,0.125268036138777,-0.607529196602606,0.0552605005784503,1,0.260139037324896,0.208954566327757,0.52130027521725,0.125882812695429,0.440713363037552,0.107134189600323,0.64658639754413,0.0854928145853141,0.798123372942763,0.0768369028009757,0.806059731135479,0.0857560939663362
3.54964267660439,0.191877424956672,1.21876848154434,0.161977774144702,-0.679203470041332,0.0429804972439092,1,-0.560351876022103,0.322674536015836,1.03647307646963,0.130770477551479,0.743760024699277,0.0896525952134394,0.782815918646125,0.0771108820950741,0.740404387646104,0.0809410654747563,0.872773131382678,0.079934253158158
3.23792417668602,0.180917821331271,0.924883385835245,0.134027096599052,-0.639457461563787,0.0500819678498138,1,0.167357567831671,0.222033618579942,0.593703003974249,0.12841975331712,0.822806103076597,0.087027202085899,0.701927787437159,0.0873685462061955,0.580160390929332,0.088979930661312,0.682474586221653,0.0834003778395337
2.79869389805901,0.162511240153856,0.718910356540166,0.110571516470702,-0.578453822770219,0.0588902789312044,1,-0.173191376977096,0.218434035245951,0.699672908572313,0.123690273694731,0.585385941559833,0.0918585783724855,0.605957188413592,0.0857478810337964,0.650229843465405,0.0779857869937706,0.625440219405852,0.0864793861697656
3.39454195767135,0.194348750734648,1.04213122932478,0.152461009155872,-0.640148408731533,0.0580888468106334,1,-0.236725241720806,0.225049358247878,0.627120038644381,0.149255973661953,0.928111441577788,0.0948905391295778,0.795113659316859,0.0824909870219761,0.683777710484429,0.0919964184208545,0.800921755709712,0.0811610030031653
3.43009329918012,0.181563434443949,1.18994598206885,0.162963549598819,-0.684991468468374,0.0400205240782278,1,0.509815846044939,0.23298611444016,0.411581482029419,0.159465086226268,0.824805859316326,0.0922388655458512,0.72885503110983,0.0778345858859185,0.674494243653283,0.0839140269855897,0.79932231126976,0.0797132766247869
3.18376286909345,0.190296099167455,0.842062911897555,0.130273531402946,-0.640619701399083,0.0523945912090947,1,0.206534957403565,0.254205959012484,0.518348825221689,0.149474242086163,0.758511258523153,0.0986166289355503,0.555138966797598,0.0952342041590311,0.691732914555103,0.0851444972079824,0.700657170188605,0.0856285108255393
3.22605109915516,0.194706639508119,0.976247344330929,0.147848313203987,-0.515060390945614,0.0738901564236159,1,-0.225003438110675,0.226533150542586,0.79447280545406,0.118800997998713,0.756607039391938,0.0933109881827621,0.716329220691745,0.0863338386252691,0.741917855021101,0.0843336026591671,0.633282705875263,0.0922072666741398
3.54239499936049,0.158507594730346,1.19557491718882,0.152660720047747,-0.542405025734805,0.0633499446041991,1,0.653698171248823,0.213878770926456,0.596055045259895,0.124319819538123,0.841991693685473,0.0870342754182641,0.653604896850982,0.079281721680833,0.745322436604247,0.0737436741881918,0.795406417563366,0.0810421346086808
3.62229093226146,0.21264804097374,1.28296957713637,0.186355035601824,-0.681832453163442,0.0495442505670513,1,0.347403863209261,0.229105412911002,0.515481876200771,0.142208982354195,0.847317573443072,0.0903020802030542,0.831500914694032,0.0889577826930354,0.75938830808877,0.0866942459595985,0.765975487675438,0.084798970010588
3.20962655338981,0.195369831306418,0.949390997900581,0.140418952312072,-0.566827972364899,0.0692725129944517,1,-0.361442774071447,0.241651565377786,0.852940730142547,0.120190653529044,0.69649941722024,0.0945319158272623,0.789479405441535,0.0849265770463423,0.70727162824728,0.0818282844456506,0.576509594259592,0.0915580246398634
2.93078684245773,0.180925355772168,0.67358573322561,0.108754557609641,-0.508707407645567,0.0764964751723264,1,0.032758862905735,0.216262196502537,0.577061416638092,0.124110824607133,0.676030559191292,0.0986641837511125,0.568751929159975,0.0981782877504788,0.613329068305321,0.0885716480149619,0.545562319472152,0.090780240803917
3.34404694053444,0.213093789268272,1.19616378901002,0.176641013363834,-0.585296886678274,0.0612047813940602,1,-0.0281560347457028,0.221883634440012,0.750342277400299,0.120884053164516,0.677632014232755,0.10719880844977,0.747533658466317,0.0909546006367772,0.707655294528024,0.0844723592259412,0.723911959903289,0.0872898122345149
3.03559876456776,0.160382912214352,0.885726799084093,0.121705353152352,-0.557907281791122,0.0585641804896119,1,-0.0725831039655588,0.197177316767864,0.642132965575225,0.120127002077305,0.734784147004349,0.0848615495146396,0.645756296907059,0.0827572577907184,0.635478967690053,0.0767621203207296,0.656011556963673,0.0861096512060017
2.93975595499262,0.169492297804112,0.934644036477679,0.140526735520238,-0.539534895838591,0.063655938407478,1,0.0897108899616679,0.192856498009652,0.54326775794662,0.123169788659549,0.595722779631807,0.0976161738350164,0.672935128736194,0.0855925081660515,0.561059958234683,0.0910755317684923,0.697428625703783,0.0855723439792106
3.26147329746706,0.174417836680634,1.05703701670187,0.142395687999291,-0.582796854731046,0.0593949185206792,1,-0.229960025303905,0.220688201093452,0.699171778507784,0.120009965603675,0.783153511534093,0.0864824802744801,0.673634903164933,0.0856531972025244,0.765590757025901,0.0798036091941836,0.724388033850284,0.088133289006777
3.24506140758961,0.197832348035296,1.02543058966601,0.146320257317499,-0.573853118814034,0.0679288028362703,1,0.144901031855011,0.218797555022461,0.655533751897098,0.130820721480737,0.819961424204636,0.0975705309077635,0.585650563437665,0.0908182540850613,0.715693350322488,0.0876754512053696,0.491992530974853,0.0967418507611405
2.88733459582865,0.179760458350436,0.795207797103444,0.120107108023412,-0.469725997409006,0.0850515245306438,1,0.218152500079964,0.211936467241936,0.621309806907454,0.121298607735365,0.549151742172145,0.0952163240299803,0.596413031881857,0.0888409290742885,0.66716910381066,0.0870563855219312,0.53173514094241,0.0925745372388988
3.3522031533437,0.192440050938939,1.05768459660725,0.15879607765935,-0.589736500519343,0.0566813417286891,1,0.345839658961979,0.222579712140008,0.459705979108757,0.157592241825781,0.777205795455289,0.0917682421083396,0.710612735485909,0.0852790225268845,0.801273759196396,0.0767478341890503,0.700530864840238,0.087858141224521
2.94026005060205,0.173271362593784,0.673005339692996,0.101929086944349,-0.577901775169772,0.0584384398155876,1,-0.135359082217416,0.241541370658906,0.643737632869559,0.141062664404103,0.705809574514086,0.0894680139799169,0.581141943370378,0.0924622904020448,0.625638107508872,0.0825991625130328,0.61356182438527,0.0876039301056763
3.21531667920359,0.175971821891863,0.808206831493547,0.121431606436076,-0.572880540186026,0.0595282480319806,1,0.469592202301391,0.222792719490723,0.512507663663901,0.139041128127359,0.84420088591158,0.0873857405771108,0.57155125611196,0.0865032148096855,0.54255711403239,0.0898224286753488,0.687330052414868,0.0823682708159837
3.63175921503796,0.220746071336617,1.41830067887735,0.196697631010065,-0.645820476023645,0.0557477495430361,1,0.155222385015965,0.235133129658295,0.731562644990811,0.125063180451233,0.860288832201936,0.0943540624135235,0.795307773309296,0.0945801027559935,0.880917208818208,0.0836967248129303,0.83578486973563,0.0869825934731767
3.25600025969256,0.199432086586956,0.96425979149641,0.153980359337525,-0.598772873704564,0.0636314196300028,1,0.32810582549124,0.193199817130481,0.590922722789629,0.127152693746816,0.705459509542109,0.098923439428401,0.62951840116846,0.0904572263056088,0.660561764162961,0.0893494881909811,0.667058182483645,0.0890769362547096
3.43966419560034,0.226864685863729,1.14002986322161,0.183747803619549,-0.641469443404657,0.0595354311953778,1,-0.0434741709957153,0.258684803562155,0.859671066765255,0.117097318910328,0.781353497674238,0.0976511280329468,0.739194211736843,0.0936124641388256,0.710254383206368,0.0905876475039989,0.734275229382675,0.0905551028225639
3.11353538221959,0.188849543671648,0.809654406374377,0.122382445700188,-0.576675339525735,0.061165707947608,1,-0.459372532839604,0.229352450494545,0.810812251045474,0.127661978686202,0.773274814095768,0.101596284708053,0.625417357113613,0.0848038142227125,0.801300373624785,0.0779344341536925,0.684783661122133,0.0891333392859217
3.11449006289185,0.188137698902474,0.982659874243871,0.148518477954659,-0.573591716812515,0.0573274782085867,1,0.0667944571599769,0.271338759158204,0.692024859851417,0.126630543187055,0.685267817601243,0.0907839241566207,0.52709387294784,0.0892891312971168,0.766651159825852,0.0826854422006767,0.674372775021248,0.0848394470162888
3.24157614792651,0.194332993603841,1.00837287286488,0.148790706325009,-0.602313764907923,0.0588840985506402,1,0.087233314474067,0.241640037325578,0.695291453765043,0.132550890364029,0.647063404925066,0.100266363453303,0.796685011829909,0.0778296248319479,0.817856669559365,0.0822672226992436,0.590111046853701,0.0902999172210418
3.36291392125196,0.20565456732113,1.10928876552308,0.163641311701894,-0.637909023500918,0.0509955851724942,1,0.323104296970727,0.224724754250297,0.540130329953624,0.125571491529656,0.719911219496447,0.0885578026047553,0.666005630815317,0.0886911335806797,0.569438447715581,0.0919895559078546,0.801815490035244,0.0825282809003342
3.1817662983044,0.167127983537133,0.822926560525144,0.115240656594228,-0.50798623049721,0.0684719133398597,1,0.344399614269439,0.224268296200186,0.43008806336799,0.139105794511207,0.741727623083378,0.0905246934110638,0.604865299802733,0.0838632283655173,0.746719692771705,0.0809809883343461,0.653426781928337,0.079703233917035
3.20935480076588,0.174077087844419,1.02617701911438,0.132684059349045,-0.576397316561491,0.0539053531307799,1,-0.11239475123509,0.195033467496485,0.808976833755464,0.105495486094578,0.766184092351185,0.0852667025612054,0.505888861274464,0.0880333330947469,0.68945117072858,0.0795253665278141,0.643157395420569,0.0847540929936141
3.29675621499272,0.204209259934059,1.01396433283678,0.16235826231308,-0.573254579982678,0.0692962582849286,1,0.271700832531584,0.254099389215653,0.4736715986793,0.153023062709505,0.686327892937051,0.10635333601059,0.749145835920912,0.0876564510172267,0.638638943728672,0.0936466581273649,0.723136754517447,0.0832288725561818
3.12854074844772,0.176455322329408,0.965974849084486,0.141447564171682,-0.501713766495831,0.072585912547459,1,0.128542591507546,0.208844789986641,0.61878800311704,0.119268844131557,0.648525343569543,0.0966655242617617,0.567276790399354,0.0931017484716891,0.715844565694303,0.0772645149756318,0.576071902031656,0.0888777537757753
3.63755733972111,0.220514161470423,1.50234770005443,0.212994911608,-0.692272303269728,0.0449459803965354,1,0.493567163634322,0.229588381011217,0.73647324652873,0.115766851071774,0.660409012459563,0.100570601240135,0.777841547302655,0.0852229538298973,0.906694932204854,0.0879260491132184,0.86738255500247,0.0879451920012033
3.09886140600553,0.187534962079913,1.00604487322208,0.145407503952889,-0.504749875274901,0.0753694131371178,1,0.424768106809367,0.280484366978148,0.587920982740485,0.15275396651561,0.512084149474655,0.104197395202659,0.564805983234633,0.0897021568615909,0.843900719821334,0.0785799708983714,0.538436449512183,0.0884509594740597
2.87493053279433,0.169716088628108,0.901762755126838,0.134584107533077,-0.522807726673451,0.0746278818658289,1,0.232233406985948,0.199789800208102,0.497741821210558,0.126735044608798,0.439775307000168,0.0982479657289855,0.685021851662886,0.0827839962340397,0.652050736058396,0.0845414549130796,0.579712260141077,0.085672380154535
3.47549012109372,0.258852630258742,1.28777355836925,0.233964518143701,-0.653281040983738,0.0624919846564078,1,0.385828754362631,0.226220738850193,0.493802770543652,0.144811462625417,0.884113539546133,0.0960663251756348,0.865511650953052,0.100875400988229,0.734539652842008,0.101907723050513,0.687979710796467,0.101896759613523
3.21591381692114,0.172191147368646,1.09723768536095,0.14218535908761,-0.63483193758096,0.0424933471718949,1,0.000349723489355099,0.226042609004698,0.712357105836468,0.115289320820492,0.724548716819842,0.0876993903869572,0.760081204763853,0.078507883537116,0.739888909926609,0.0792430120887337,0.601041188733349,0.0857475118462874
3.51326416812514,0.207701663999277,1.15589797035386,0.167222142307755,-0.699233124499443,0.0416930415664936,1,-0.222478043852991,0.243335915167704,0.91649922647901,0.107379361276997,0.763501700494148,0.0937199133091089,0.645091174140944,0.0877377512394008,0.860626222607937,0.089252410386658,0.742861396090626,0.0882014912508275
3.12335291421378,0.16723031594103,0.824032412625157,0.116598504993098,-0.618686043646801,0.0501704201367702,1,-0.0919548000231236,0.219346824963973,0.669537764998466,0.12842492844004,0.670490932822336,0.0932827649265169,0.705979466000559,0.0830002367352474,0.661203093466826,0.0758532172182331,0.74344768772677,0.0814451222110488
3.48802786446161,0.224176877771279,1.14686689614357,0.182648495379067,-0.625356299867676,0.0582409633250007,1,0.165444012653197,0.234496924674033,0.700182060410543,0.129173163504869,0.827107945857146,0.0900379043524683,0.773399365627927,0.0848971490518322,0.692941192945417,0.0937766283302107,0.703663288834434,0.0933173599257276
3.35125265974146,0.200145361938901,1.21800993170387,0.180044494772859,-0.642942843595697,0.05329014326293,1,-0.0146128196807981,0.248592779876123,0.649560332880027,0.145768643474144,0.896469259938673,0.0942943600697675,0.670654485284425,0.0928074567883728,0.729773330513064,0.0865663430942094,0.769690380692083,0.0811419475885991
3.10758517007986,0.161915243943785,0.971824406880389,0.132906221572922,-0.537010358165442,0.0619189061164409,1,0.0527696944563281,0.250675212992139,0.660054106621231,0.133904622378447,0.587194617756729,0.0965810046411846,0.711158000316364,0.0783142461751966,0.758887247188283,0.0710940892353792,0.676451327363656,0.0831657274251503
3.5060592412746,0.215593718388332,1.38828727698595,0.20729822282061,-0.683699318161319,0.0479819347550053,1,0.318984663195392,0.258557184348517,0.717372816468141,0.129621683740645,0.728678646232894,0.102334956269936,0.777151280815682,0.0885935366407118,0.823934492401386,0.0893014422091754,0.809172008300838,0.0868583451976651
3.36342093409074,0.188595351448897,1.19685462970419,0.165325918480506,-0.636147389215072,0.0551986728760527,1,0.018841955049364,0.261966617668706,0.892000226887654,0.113320394849978,0.63641203484774,0.0890672583946813,0.666466103302521,0.0864464032357998,0.720688705274111,0.0821972781989588,0.71851169905849,0.0904254855768078
3.39316500468822,0.224131782247874,1.18904811815502,0.1841541657571,-0.626432369476315,0.0621246967315757,1,0.598529590314577,0.224204981127657,0.222394159840043,0.170942108575956,0.808415613960705,0.094771108861179,0.892580246250822,0.0833518354182073,0.660415421155536,0.0861173360759793,0.898976125381078,0.0883346172090538
3.62898652773195,0.195666080736175,1.4366728252141,0.197201649815481,-0.618022996773475,0.0481578724896902,1,0.109195790997207,0.215013377612773,0.850360134083205,0.117961245501006,0.800857098239105,0.0870271577256813,0.736717950315819,0.085313753946018,0.744191562633123,0.0852641872570682,0.91203947778537,0.0720924380394033
2.86471784686108,0.15854055800845,0.825007065497874,0.116848704811306,-0.596226589517109,0.0570817092396072,1,-0.137511050251988,0.23868265090326,0.597546990541855,0.124938157084465,0.611808207635204,0.0932681256335199,0.680601559103433,0.0796152442341587,0.647929399952494,0.0826927238327634,0.575060915674397,0.0851583271776248
3.19812666246365,0.185588000547517,1.03278026388786,0.148912319676168,-0.583475326024832,0.0611949903916948,1,-0.154017080442013,0.222706293622928,0.777843305534401,0.107406017058159,0.796646965464062,0.0902765313903462,0.559451366496129,0.0951573911779135,0.743095134521037,0.0812582063732487,0.710751842333238,0.0866953928801056
3.16135545667888,0.169634517333756,0.961832886097091,0.129618002409808,-0.497963613345297,0.0693937281039797,1,0.181389974277799,0.21617768204406,0.619787957572876,0.125856515119365,0.682366726481882,0.0841218621528703,0.548673781379105,0.0828398487452965,0.682142546199952,0.0799238238812539,0.760396959685631,0.085235061736217
3.51633648171089,0.217442449010263,1.2627984578592,0.202746568829998,-0.654886728037269,0.048419811624739,1,0.125109909107607,0.222803094154518,0.790684537770802,0.109337608830556,0.732280401960117,0.0981721447565454,0.815210523220262,0.0840081272131417,0.749372540190037,0.089168388567307,0.725125101233763,0.0921980482448595
3.20957683086674,0.195198204175926,1.00783149694447,0.149226024355588,-0.666865358410535,0.0481852153395197,1,-0.0603157196524168,0.22806145685624,0.72403603970579,0.121855347186005,0.742374112244279,0.0889382535382188,0.776870450385248,0.0816295856691631,0.537128285954976,0.0886457002709159,0.767601308548451,0.0877186057975518
3.15351740512079,0.202091455214712,0.993256647332568,0.150342989157838,-0.608088838906536,0.055744873182884,1,-0.107184125544876,0.239807632485199,0.554197564524157,0.145602350148223,0.762522090106096,0.0988439350036854,0.710757863316229,0.0869453904738518,0.614544602255487,0.085229182126063,0.77109310388796,0.0843958740771203
3.14123355013851,0.184434817792842,0.958060244426354,0.139359613341647,-0.572579316488699,0.0630884070144754,1,0.337752740073222,0.197027648048622,0.590850119588673,0.124448780500501,0.628183817314127,0.100155607625539,0.674978951828262,0.082708083227022,0.798961715311339,0.0790376510972654,0.505388288075648,0.089315040831964
3.33931752328608,0.2125505442481,1.04891467138203,0.167753048765605,-0.605170642000354,0.0629385901758254,1,-0.161682476723624,0.219379332671427,0.869440792007395,0.113230779715002,0.749224544699889,0.100798754616413,0.74983258945721,0.0850080556310602,0.537393300122996,0.089829054259869,0.818479391435197,0.0913052047414927
3.07067289929411,0.174989295007873,0.916843451700726,0.131443605136537,-0.585170376826208,0.0581826219887472,1,0.137217195717461,0.186935344554342,0.497589387076206,0.120395117167853,0.810797250895592,0.0836746241835685,0.672810552218311,0.0834147450184834,0.662119489102111,0.0832200905036349,0.637035655688403,0.087484979346498
2.93586297923838,0.160034837237311,0.800877266680273,0.113608113569498,-0.540846842036015,0.0716616144428848,1,0.0826239485526817,0.210249408288652,0.57401386009986,0.124087688595889,0.589383457625349,0.101409964842055,0.704356165119065,0.0791329851014111,0.526109433073966,0.0859933032684815,0.613321238605071,0.0866190741354527
3.12315088834742,0.159158070562881,1.05231591909475,0.132401836178112,-0.554351549621478,0.0586315562924386,1,-0.351647799482647,0.227662744549582,0.838986769902161,0.107672606214115,0.806090230633409,0.0807660627526721,0.517466924843749,0.0835221970218424,0.699299740660883,0.0804462152033619,0.809662980987494,0.0794177083727584
3.18714603166435,0.181582262753295,0.969602395864353,0.134345787966587,-0.574817977285492,0.0599767368151285,1,0.146811313627754,0.187196713027965,0.664854149407614,0.116102502882969,0.6880996464825,0.0863713673566879,0.739421024984015,0.0857100085498923,0.686420285933303,0.0842084411383017,0.725104936062823,0.0842024463042555
3.25377534952897,0.19019524494153,0.921837276282686,0.139194405164813,-0.611466082988851,0.0545891997372403,1,-0.184116040718791,0.194512654258382,0.772803046599936,0.117421237893244,0.69847614021587,0.0967915400452398,0.709401327729684,0.0878393508594297,0.732166382294446,0.0817605331374349,0.745671960395262,0.0857845409957366
3.73589780313094,0.220787922598083,1.29702223445631,0.198851882109119,-0.642809399781382,0.0558839439590682,1,-0.148390329950855,0.28595802032493,0.991141564710906,0.11457722766514,0.84883118254592,0.0941948698012395,0.81041310408253,0.0938746336031869,0.851263821553436,0.0823478522162896,0.595995737251225,0.0946047100657145
3.20629610297681,0.198087867796775,0.986530128551289,0.153540419829604,-0.58188341077025,0.0545061831067411,1,0.17886436561516,0.207617646013337,0.682202444444528,0.114394320986607,0.717509512698849,0.0961304530256737,0.627812460053616,0.09253332793854,0.673655898371159,0.0893663405535791,0.675024106961118,0.0864351422825896
3.17026477288134,0.180621720284775,1.02158911533851,0.149086515871522,-0.585278921806672,0.0556592999259022,1,0.251180716167906,0.194085336713118,0.476655947057006,0.125076908492772,0.757969398548177,0.0885656939705388,0.775273435764496,0.0837293189999988,0.579665490658806,0.0898938717218673,0.690066986569072,0.0850744827221049
3.28012710498062,0.201384292702178,1.21120433855036,0.183463242851763,-0.656236183471021,0.0493204791349961,1,-0.403938929807678,0.235727029829764,0.852028961086765,0.111775353750472,0.739202376949046,0.0932439465333549,0.680741109370664,0.0847325743000791,0.689381798336357,0.0872305261116322,0.909950492827041,0.0834896835498643
3.31898107512586,0.215517553344208,0.967292987734184,0.157009815195135,-0.588782015351177,0.0693046074105192,1,0.224759336939602,0.221475173976964,0.687517005457672,0.121723055276949,0.583301688741595,0.114018246729892,0.736444311464464,0.0888974837248598,0.764550256612143,0.0864882409316074,0.732198949564902,0.0954820093675037
3.19226012260573,0.183119731614939,1.0208765717967,0.149970157934652,-0.610610859337247,0.0554422976128554,1,0.0870105338826523,0.192486206781692,0.61664136275102,0.11716210865909,0.750300008885273,0.0948334849192388,0.714092275745184,0.0882290180350169,0.764234560607118,0.0758101764646661,0.691512719745164,0.0819359455504346
3.36763595959966,0.222128623723447,1.09364301241869,0.175123230920598,-0.648613443688797,0.0526712374506892,1,0.0900296818012543,0.230544623173135,0.599257331192888,0.136424957818805,0.736328529675667,0.11189079880967,0.776976845347447,0.0929359749898746,0.808018724168847,0.0908641768090059,0.639478792422565,0.0987398787448215
3.17976134404346,0.18101225117956,1.02450038686114,0.146087787556224,-0.636296157424383,0.0529131549793099,1,-0.0633308502652925,0.204603651752064,0.720501670636151,0.118708979942265,0.628850168500317,0.0943412068875669,0.704254698747243,0.0872986095227856,0.867303327457342,0.0795487385226252,0.615631771753741,0.093395770073414
3.14555410907467,0.180586671567079,0.915510430708875,0.133329142649531,-0.633314982878234,0.0497321495008333,1,0.0414620667758347,0.222999070060422,0.635035855958972,0.127084257915844,0.640067210245828,0.0983634703152678,0.779930843459051,0.0754133784191088,0.537498957209599,0.0945448734722522,0.600258030970249,0.0895380475836377
3.3179074395506,0.164361292096015,1.0433146418958,0.134621821434516,-0.619737816262655,0.0497228375217458,1,0.130333666991777,0.240025488842601,0.573639136535561,0.146247607942359,0.682358125392193,0.100775921692028,0.710676488247287,0.0788384772382497,0.858767212700236,0.0667942794823843,0.659655270768139,0.0829313226143583
3.36447527483468,0.201409122900638,1.16774651796923,0.176886025194519,-0.590237693473342,0.0626806507034194,1,0.413856575264133,0.197788611666189,0.475964991286713,0.123847655587202,0.662792126084829,0.104217590589168,0.72212007420108,0.0855966170272122,0.827217295318915,0.0832199421253077,0.661598120584794,0.090613621307054
3.37351448078984,0.187980483115033,1.12140446943103,0.158261574553932,-0.608679977632143,0.0593955334308729,1,0.0999119387461748,0.223756597405585,0.648274320352823,0.120692166919973,0.790622243544884,0.0912450432086663,0.781563244735073,0.0870594344232338,0.611284949308794,0.0841854225914001,0.585683439495151,0.0866605323750979
2.81900947934308,0.147994302179895,0.889948577887579,0.120493025531422,-0.545542718890253,0.0557886860506837,1,0.00611608070512999,0.175490238657418,0.436794041276722,0.122211766628258,0.600441384068324,0.0823616686768088,0.628502316647991,0.0816196481689539,0.645938861290975,0.0800053214908379,0.64303997896529,0.0787278784195398
3.20847109006813,0.181535009459146,0.892577447757431,0.13331384726899,-0.597547579135983,0.0549381041562954,1,-0.144299644885177,0.2540330922276,0.806689573320933,0.124182109824855,0.676795957733634,0.0933245323720619,0.751082735375474,0.0757717080331517,0.539736541234416,0.0879111057804226,0.738027051889033,0.0850855662406703
3.45402328574012,0.201753019031879,1.30230586166761,0.197077502423602,-0.636465911800373,0.0569231410280538,1,0.0854383609702976,0.246267015518734,0.686338761037626,0.122169825763226,0.789494915682651,0.0960230844709761,0.704859310563579,0.0931547457907951,0.613198043984527,0.0975002398377593,0.885760430384146,0.0856245083034688
2.88412037106283,0.157081306495602,0.757023951489155,0.109708725680313,-0.432879994041004,0.0777284409203492,1,-0.141511191305077,0.157908729976977,0.689684753642614,0.0998516529881746,0.636502757501824,0.0899496960234372,0.554528589511264,0.0887726238925086,0.580778176765097,0.0822027136342147,0.558921962539843,0.0854732367595701
3.48119459185731,0.22458607867386,1.15390944180389,0.178994703891662,-0.66116822388274,0.0547483834153496,1,0.247114885486715,0.226280363375455,0.646960087646634,0.13058363700679,0.869451366914098,0.0938884502905199,0.847868684825872,0.0840992200065963,0.789658536659186,0.0859068619694331,0.643124554454425,0.0990097301212861
3.10115975952317,0.15307342427914,1.03774993758745,0.139157187854076,-0.528473004824364,0.0516196445412279,1,0.287468104094515,0.172233427286329,0.604831092086255,0.113190930341758,0.624506054251801,0.0917349841839262,0.691656578578572,0.0791013549607266,0.580951689248863,0.0821316416147934,0.607081572228342,0.084191190953314
3.11925260358674,0.187366045659401,0.910372300771337,0.13552761208515,-0.574669433139052,0.0595070395184354,1,-0.364814469552495,0.201849682463583,0.840458110881141,0.10033100018074,0.743504163318721,0.0907092989149665,0.667054486417905,0.0912497889927851,0.529344920019857,0.0921432488038216,0.628966475058015,0.0865795833253755
3.37283391393958,0.156297041371516,1.06371228450413,0.131833484793442,-0.682653401617,0.0425374162361042,1,0.164810484089903,0.217726129129016,0.709505596373015,0.122693353016872,0.810707802929763,0.0810009013290227,0.718619820744711,0.0719006295096878,0.820321460994414,0.0795922984768738,0.712832838463474,0.0826263887163182
2.95186466627004,0.156863254110437,0.865123492711157,0.117132288493908,-0.550999219088383,0.0626329572007762,1,0.037494916885748,0.176132269155576,0.548908828923852,0.115264191367917,0.726849608518469,0.086735267275329,0.568600268259441,0.0805254110982506,0.693322522162421,0.079363205416594,0.682989613954283,0.0805273616825664
3.17700399280176,0.178074725352478,0.925113780344694,0.128983261484289,-0.604621075497935,0.0534745663551513,1,0.108298728283569,0.207336696472545,0.855289654215679,0.109145163174135,0.448706368249454,0.109433337731545,0.709689251714343,0.0768600932541643,0.761934382865202,0.0767880531444556,0.602668942368786,0.0862947439146025
2.90645165125027,0.183066542773752,0.867661261342388,0.135490778387488,-0.590143288667157,0.0614804640620327,1,-0.171968825553569,0.255546987892902,0.691858336400887,0.129142950549472,0.516085142538963,0.100859430885819,0.513093858072767,0.0929846833208752,0.667662688950898,0.0863465222987692,0.673007250838113,0.0831090269950548
3.38810619588889,0.192518410904333,1.00577108853881,0.152908623304698,-0.620253991108844,0.0577984858960557,1,0.528856274437245,0.221251435333722,0.509205537850152,0.118529871345879,0.725170361876349,0.0931399845824866,0.71844024927047,0.0821517876982459,0.729564229771363,0.0860186636678121,0.688003645151034,0.0836004942897936
3.06483816888364,0.152171027373986,0.939393870408815,0.123009155886272,-0.653840522657758,0.0436280328157963,1,-0.394936397892413,0.196264905313758,0.782167437800367,0.105349052610492,0.799613012019842,0.0897498189582848,0.496675356576092,0.0930188079294442,0.759569035690349,0.0706464550166853,0.724091485601831,0.074262378950771
3.5173441651803,0.175799040973901,1.16783310519691,0.153680617635213,-0.679040176228378,0.0441960797156836,1,-0.185908645532054,0.232865634244277,0.862542476805556,0.108424853676979,0.723616253549866,0.0889876535451244,0.892815804701721,0.073547530982426,0.792765994257543,0.0832560628456713,0.828627841348242,0.0789665934062852
3.36230561237168,0.200707554434622,1.14018749291036,0.165556835121376,-0.643409430594097,0.0544849951814963,1,0.0360218264822281,0.229526325497853,0.797852620764471,0.113334474091987,0.796076546829364,0.0971184110746972,0.570440272393293,0.0936828243754488,0.763721571712475,0.0839276228123631,0.715649375544576,0.0866059319496354
3.06392141442318,0.183254755177481,0.816044841373573,0.123064571363822,-0.604586924618057,0.0578194746993665,1,-0.243564516735346,0.247283752608105,0.831460429454569,0.126857160638985,0.598703996750109,0.10604684340963,0.610488920842081,0.0861162356933496,0.668373084983508,0.0838245665583639,0.696148770810239,0.0889119140009887
3.02197659931466,0.185081747324352,0.879206402998333,0.140541416894372,-0.609245329660891,0.0599951240900453,1,-0.0445556318043782,0.200559592906341,0.68036544041589,0.123949897039482,0.677311645220361,0.0969694932084963,0.595842608129419,0.0923295682562042,0.606923302408021,0.0871427168956228,0.575858463217135,0.093033783794966
3.3173165157339,0.184193618005316,1.05587331771479,0.143799443263869,-0.583630876243112,0.0612506369485973,1,-0.32267954297961,0.250298474402037,0.885118184718642,0.111623192719332,0.768493532601457,0.0957508679332219,0.641219479584324,0.0858036644005151,0.713282389743104,0.0887463909376614,0.765674030758654,0.0813443534972053
3.26701897927617,0.193307973860115,1.0638931200582,0.157677943362672,-0.58863244443712,0.0562858709702214,1,0.0266848432855882,0.229344557835927,0.755405948775131,0.124735414964292,0.69615784013913,0.0898489645013911,0.681310160475726,0.0797129452872893,0.677265468529923,0.093017220816661,0.751883526120347,0.084106185040568
3.19162510630916,0.205972535736306,0.992785957154544,0.15270891818001,-0.60543261356232,0.0581387851044085,1,0.430709591765213,0.204840157733925,0.304930120479627,0.153811731729753,0.722035806213612,0.0975898349060576,0.654486805239157,0.0947503698450306,0.747797803955215,0.0870437070616922,0.635236219254115,0.0958222169377222
3.31430351137984,0.221118678426684,1.06189621818094,0.1713627855849,-0.561050693165678,0.0675192524490021,1,-0.178699783925165,0.242756658228999,0.812342685721931,0.118972265022819,0.720620426095822,0.0960615921708009,0.769654188346588,0.0937695710413738,0.672936817806933,0.094413237724907,0.731445678698407,0.0906661530609423
3.09336309099168,0.164169822964482,0.849431438773983,0.123070749805636,-0.545044125729452,0.0629917957024376,1,0.217742678650759,0.189007822629297,0.60652713839924,0.121777804052537,0.690679216031779,0.0979516180918409,0.685787134056605,0.0826902640962608,0.700986875772535,0.0814393557469483,0.604540691342547,0.0869677125764219
3.01677568818531,0.183773287041213,1.0209025224599,0.149307630382578,-0.518156292044396,0.0737232707264799,1,-0.0751284988426867,0.182027241287165,0.712674207887117,0.115364158601958,0.531421547747004,0.0975650512913174,0.672401705382949,0.0833437417043047,0.637894333382036,0.0877662560608537,0.582453220067624,0.0899853885054882
3.13614644349429,0.177911715536322,0.936798927738805,0.132858212464227,-0.639575902736887,0.0506437941574596,1,-0.205776473976382,0.261148053704973,0.759434150088725,0.128217035664061,0.706378522560812,0.0900792479298843,0.65467145867331,0.0798739935830723,0.716871844591756,0.0823084867261333,0.642811901057311,0.0918755739145933
3.32389126753695,0.217527751822596,0.978277996442134,0.150451450370424,-0.67931915981429,0.053359242121693,1,0.0916598250157583,0.193430228140406,0.60812525546138,0.122983510157626,0.724541079867099,0.106954353473133,0.74314225088557,0.0940050013345939,0.685180776360051,0.0904293337493675,0.928193366253688,0.0890118774746665
3.07190822127406,0.17875449108055,0.952499202196465,0.139972777202275,-0.593086413076403,0.0580573146377725,1,0.033579913931252,0.210198491620357,0.597778671399145,0.120950482939291,0.616749899134629,0.0898427299299957,0.736754769872987,0.0824548280507822,0.611795300623925,0.0861814429370406,0.774491624532725,0.0826931903884675
2.90653911867385,0.163270394588489,0.867138165325682,0.121346428547146,-0.54431993891015,0.0625805476429672,1,0.104065598843839,0.20361693272077,0.622412662342546,0.11102801468015,0.571763614646059,0.0909448334097325,0.598467365028961,0.0847146438971135,0.727854079787738,0.0802034427679832,0.713904649474757,0.0861557599589219
3.09967591963609,0.163792186763035,0.831917772870259,0.111849602424935,-0.647089254552766,0.0431083500889125,1,-0.345150847297448,0.229680789533706,0.80972537480096,0.127131013063036,0.616317428314924,0.0965935367526287,0.634487491315308,0.0805078195087377,0.69298734431391,0.0803129844084143,0.79677763414514,0.0794343344506202
3.20588423625576,0.176743625292062,1.03640706842782,0.144189511614114,-0.601031604675046,0.054782727580425,1,0.188879398281291,0.22035305427602,0.696743509941299,0.11864027596582,0.691015339250024,0.0891067809940043,0.664758679936448,0.0875843401469968,0.674816389020557,0.0809957845286672,0.696652582840392,0.0831562778488372
3.50296634435588,0.196572924014041,1.1713816269006,0.162240467882079,-0.600802906745321,0.0497854035418701,1,0.684476141342068,0.236287900160162,0.66258488948793,0.121479640449017,0.617592382766494,0.0953190572505929,0.774047134704259,0.0810779330931087,0.597577712335228,0.0934548954556058,0.84584321711095,0.0844244353914536
3.10059861934326,0.194786359411703,0.913224949330509,0.143750888328319,-0.560670973812077,0.0670523626436955,1,0.2594110623066,0.198351631058946,0.649201197124454,0.118177776598057,0.551144374877035,0.104456391033068,0.650163948429294,0.0943325021270401,0.719559095151674,0.0827586930955529,0.641552120815003,0.0913770510983097
3.36839265494802,0.203430703146471,1.13897376622905,0.165195339271101,-0.604035998433974,0.0590342907433287,1,0.0459982809113401,0.227789978625819,0.715078312890884,0.11535837072522,0.840013686732377,0.0888695290386587,0.816927518594106,0.0875983653865234,0.639525347695785,0.0917187141516134,0.79678699061832,0.0914237719560725
3.22576050203696,0.180274922969387,1.04757214980605,0.14655596738057,-0.616988214055971,0.0555127121107906,1,-0.28268588135262,0.247577832434593,0.686606319241814,0.132678735866923,0.841081257469877,0.0841932665487375,0.633432133132305,0.090785622540147,0.753048804991828,0.0824068201873161,0.667012616502151,0.0756331570618442
3.23274266311686,0.19009997686118,1.03289340223341,0.160449599715318,-0.618975649418176,0.0549061096931948,1,0.142029595295151,0.197170499032661,0.699026887428508,0.101667787127992,0.629805823567486,0.0904915132392858,0.661717041330729,0.0870044146140198,0.8140029145273,0.0853337313513831,0.559114555084946,0.100382420026673
3.10322617687865,0.167363651898433,0.756935950267756,0.107015630936522,-0.632724631796892,0.0520385680605202,1,0.0228912522428228,0.233692503715754,0.516005614180948,0.146968993171452,0.790262494240682,0.0944438867103488,0.64681922870229,0.0854168327400933,0.585362275412465,0.0838594782202593,0.710868496045742,0.0770416396416754
3.1252161704012,0.163407362066667,1.14611746522121,0.162662365138146,-0.564859039457412,0.054908011433883,1,-0.15742458551518,0.247061193880301,0.67655616940732,0.126148842441365,0.80369134651667,0.0800963637245577,0.576219749755771,0.0845231667505682,0.708599184919511,0.0784136458950041,0.612731279678754,0.0882199016329192
3.21169316502711,0.183616033621665,0.924495884795041,0.138237029376251,-0.585931115105218,0.056721871616466,1,0.0529735925033714,0.249355532792642,0.656128420392598,0.136577745574341,0.59899508072525,0.0969077343550128,0.724423076473686,0.083148608922775,0.802437314070204,0.0848090529799618,0.735943331111767,0.0824557783795841
3.35575535970615,0.193644386348906,1.01276648851349,0.147904787759546,-0.657173102216267,0.044850534480074,1,0.0505329483094837,0.220783382428624,0.63672178498569,0.126710107767812,0.758913684772039,0.0903187176420141,0.693446548124536,0.0808490127770841,0.662635075334733,0.0864120198865379,0.810511379173291,0.0867510453207687
3.0350943565246,0.17072911929116,0.908524403192235,0.126841748782589,-0.628518113225392,0.0540801101914295,1,0.220849290838235,0.20779172611606,0.48291484987737,0.135505753165945,0.699432537069654,0.0946613943262202,0.688035129169225,0.081163016654105,0.67309912392622,0.0811868255519147,0.54795107820603,0.0896522087845207
3.14339369390733,0.199482445324835,0.945688584800101,0.147154101640661,-0.631584098251204,0.0578509060671226,1,0.0780026707800757,0.23659068764252,0.55063622148999,0.135258288899231,0.815422718581597,0.0899897698456332,0.559241906504223,0.0948224296841891,0.693890399497719,0.0965388108033524,0.626453610854884,0.0910867121770472
3.26043410659508,0.193998698256297,1.12717567628223,0.167255505813811,-0.542249175905125,0.0661685924019399,1,0.167242485748078,0.227018364097047,0.569933629367903,0.119470036433723,0.766286433772989,0.0874115897527094,0.675525727996722,0.0927887275828633,0.735454198912594,0.0859823585876955,0.649911840282245,0.0845589323654182
3.21628731821075,0.169302983770983,1.03455130091637,0.140641419458257,-0.632221448949749,0.0496480603072467,1,0.344858375647974,0.202975122950111,0.566000269262988,0.121715570237867,0.537793520851392,0.102213307495627,0.709179915093261,0.0780404444827151,0.669385320297692,0.0858907309866184,0.690386900948344,0.0829605074043663
3.00872478542487,0.175309412048244,1.01247255585197,0.145122896596435,-0.54348956094293,0.0630489816716081,1,-0.0430734913498531,0.224345110465247,0.696127837141909,0.120055406461425,0.585207716821821,0.10195029372606,0.660064591237629,0.0822813073309642,0.66188168403991,0.0839847728930418,0.677036900667491,0.082962895779114
3.14146518867652,0.17267037518293,1.08437371938607,0.151128574080058,-0.56446103330825,0.0580583868284624,1,0.250739350121094,0.190942590196636,0.58491338652478,0.11518193811149,0.54283302229912,0.0960301250099082,0.72912491185329,0.0817991506534341,0.563826307052845,0.0863575733124685,0.71045140228266,0.0872974504781885
3.12824997308174,0.193814948366389,0.944943351424292,0.150194356148684,-0.621010934809383,0.0560765730260198,1,-0.311652072112696,0.218021440160697,0.724859526139547,0.111526289518335,0.810858393055299,0.0906508082166534,0.651376421066465,0.0877628585878835,0.562473527562338,0.0883409800939828,0.834689718778539,0.0874292864177812
3.37350474789457,0.170170450439988,1.10325679996405,0.13613804132069,-0.598154820024428,0.0482235073159942,1,-0.31340558997257,0.231691734462061,0.941909659916842,0.0989986828857589,0.605443984123708,0.0930450672335515,0.742728032824884,0.0772577871275866,0.73493640717551,0.0737392926522014,0.734133126143934,0.0801955003970289
3.38948671401917,0.211999277254329,1.18606786444169,0.17445590930086,-0.639537392688426,0.0577383146995762,1,-0.0230798855071037,0.256729586930429,0.821221518400933,0.122248827932349,0.636319239071041,0.0976732224645814,0.590897355393629,0.0949559792638734,0.868347510980161,0.0857891228249229,0.707308769378298,0.0854548991030817
3.34174654208954,0.207598647463391,1.08034248126264,0.167688621429366,-0.546601544562082,0.0687848738714027,1,0.032941761586806,0.241752192671155,0.75502066407363,0.128404156836635,0.689336275259982,0.0902108049538968,0.724618987979778,0.09344788834346,0.682634218818633,0.0890119233273637,0.641518208367768,0.0952198438618272
3.35399092437154,0.188539234643833,1.16273224643254,0.165920807149286,-0.63799381119658,0.0545414888723602,1,0.0867255257643105,0.212503013660081,0.715883824714297,0.117666775700662,0.613524883567166,0.0970243115851529,0.893985428272226,0.0847678745673897,0.688072179792184,0.0903879113740092,0.694893689151346,0.0923236941460176
3.00088706679595,0.149315909399246,0.838831069494698,0.108411758001862,-0.546167702457735,0.05656629373454,1,0.0321924885419322,0.197721875461696,0.630872186502832,0.105256739506167,0.623259136902721,0.0913340865602944,0.709349645700654,0.075529568065226,0.632611171441983,0.0802045380252495,0.571556713298635,0.080347535454023
3.39127673308503,0.207768565816978,1.08871768460377,0.173614004631052,-0.674520687352713,0.0486849223897332,1,-0.240675165698702,0.262646316545532,0.844786429843261,0.121158798397235,0.647773785650197,0.10798427552273,0.784229187103226,0.0872117967713044,0.768074118135073,0.0839933139897222,0.749823011592082,0.0812298912465947
3.33386066634252,0.204573460275697,1.02160786780644,0.15619431990003,-0.617859442453516,0.056383016239872,1,0.327570508252285,0.242994121110164,0.610068577387691,0.123820565929976,0.695699842420708,0.0988493066858721,0.655210296306478,0.0902707840997991,0.640197467916561,0.0893416150599043,0.80391117437678,0.080165867084077
2.92470340559986,0.170111459613859,0.788819034335755,0.120316342353417,-0.575652818081634,0.0645834016059219,1,-0.122822442213988,0.209546413638222,0.795004658862508,0.109898182161758,0.625161212621771,0.0924739344138356,0.468740088473617,0.0934785134454074,0.609478133707452,0.0880760972499262,0.573906315181142,0.0867631048456704
3.20063608949482,0.195562010075379,0.911583857919647,0.131271583469138,-0.582279177969352,0.0625916334489818,1,-0.0403737486449828,0.195969249093579,0.716661760727236,0.115139816248572,0.659164193933332,0.096262757535457,0.622616491994098,0.0947136915311143,0.721924762334105,0.0870352159139556,0.763772969102804,0.0846668673731619
3.1052641788743,0.162196307618111,0.941940331471605,0.124805340983008,-0.564693042220876,0.0570708375225372,1,0.493318848434017,0.220583607863346,0.586896289399794,0.120995731977078,0.601848382920722,0.0871754675645493,0.564892166796769,0.0850984669648014,0.682126163611848,0.0745396537084987,0.655642088358234,0.0798409346984967
3.38287749792958,0.204118616069808,1.03418356096165,0.160597617097291,-0.645287242442184,0.0585493918558031,1,0.479944015365586,0.23830765460804,0.575753649558337,0.140189188477331,0.659536739919418,0.105485085402455,0.724186555827383,0.0906275051068475,0.691301361377459,0.0840629896793113,0.80108089478314,0.0893693053856011
3.1144066944869,0.18651897085075,0.962152406367959,0.139140317467564,-0.611754499014837,0.0595538467983951,1,-0.194724595614371,0.243525559874833,0.716009580595804,0.125897647451845,0.738769171172325,0.0872053291476642,0.619306282902745,0.0921388291876876,0.660105964473487,0.0857594175974934,0.679035706787698,0.0892786126475661
3.07720249479041,0.162013046454323,0.933481185888146,0.120045530572937,-0.582156775424992,0.0530486936627557,1,-0.0932308461502345,0.203696323877642,0.697447576328663,0.111803707247928,0.595128793150741,0.0932329661086384,0.711531608758403,0.0839002632073935,0.734279737059523,0.0731754827412476,0.72290996090557,0.0792238737777368
3.26532777333409,0.201834144026592,1.27366511787639,0.192600491452379,-0.642829734964015,0.0564080672892765,1,0.110509993045469,0.274380740136918,0.736420354004539,0.13498509114451,0.701263636364347,0.0890874814819311,0.806281044617132,0.0819852929304069,0.731905710179265,0.0929051291580756,0.656436867622034,0.0963924648548822
3.37788468822117,0.205712684276132,1.07185749292958,0.161552107313373,-0.573916697689898,0.0657662533013821,1,0.244029997573291,0.197091774469748,0.753701764312329,0.100238413341291,0.705976923243649,0.09730787845182,0.556287232344364,0.0924163899271451,0.782689262380493,0.0842084520386234,0.580398497361325,0.0985117096727242
3.33836483887861,0.219321964153445,1.06683990238257,0.175989220089468,-0.584251333347259,0.0665656529348079,1,-0.254183497973148,0.234837653046655,0.802746491607379,0.130414671686001,0.827896553476527,0.0954530016486697,0.60056119361257,0.0925074432722536,0.775013626260407,0.0853104484715586,0.666657335417878,0.0924992951126289
3.09579871384489,0.173439493263777,1.02846426622687,0.147633415326232,-0.637590598638151,0.0501557472530864,1,-0.361390343721142,0.190184686412228,0.845356301932387,0.102350713091382,0.704267142518899,0.0864239532333817,0.554776924785373,0.0834395618978855,0.733239201829102,0.0806151023745752,0.748302483825032,0.0839075303668427
3.12137803784731,0.194257772428582,0.943296828076099,0.141427204224134,-0.578621398132628,0.0649160353560558,1,0.257163051390195,0.247004835023909,0.741800602019307,0.115012875881817,0.409754237687463,0.112065189984136,0.582670843658577,0.0936333749676747,0.666257364682747,0.0889061902992795,0.687594108952539,0.084409135866526
3.06635662180682,0.184027962967539,0.878487463242569,0.129663614597982,-0.472966052787657,0.0794478887539789,1,-0.129183069115896,0.220793991527599,0.593292649553681,0.123116136997472,0.68714709391851,0.0941717824353437,0.654319507942896,0.0927445489491609,0.718339172809368,0.082436724780921,0.679460529784993,0.0922391167048471
3.31457306413149,0.21659540228538,0.975065817850123,0.157729740359823,-0.615170003178534,0.0594736574403507,1,0.179831666311737,0.253247655746473,0.739128660350143,0.12759526267647,0.674068181148066,0.105594822777735,0.70105903844142,0.0925094431548516,0.793809176171722,0.0877126094378058,0.638119443282638,0.0927897473626507
2.85778066913709,0.156977473427121,0.747161687678513,0.107567325260633,-0.537277255090803,0.0613927607349246,1,-0.188289667491859,0.235165393788848,0.538693163091014,0.147295050104232,0.679362132621684,0.0988770859992222,0.678975145789429,0.0752941846448703,0.556454759276034,0.0862108530415637,0.565877209380646,0.0873596330460802
3.14229628025238,0.181313918573573,0.907655681856549,0.129148746625531,-0.581860660160989,0.0630038138734973,1,0.114674702280606,0.237474726760446,0.703749685100004,0.12525158342598,0.531995779147685,0.107626850588921,0.731899977953735,0.0823808867570284,0.756236745061599,0.0819982427526109,0.567576392909345,0.0881882732026567
3.06129742576693,0.186792699541708,0.887058314818384,0.14175111537224,-0.523721696382975,0.0735615244283694,1,-0.296341258014182,0.232717420474016,0.778257402993292,0.116245695901532,0.659229099035641,0.096677875148174,0.566763183894101,0.0857970842897453,0.716096891280725,0.0878075768716725,0.770835382581397,0.0901144262621157
3.18955928036452,0.188843463045003,0.991456404731126,0.141754183453708,-0.528668337569638,0.0686547876743013,1,-0.0147975137385444,0.270539707346298,0.548625908485368,0.15688462744134,0.827392987410112,0.0887194933431207,0.612129587969297,0.0898905929329866,0.696480637056882,0.08879650095521,0.727729624216967,0.0856148288323507
3.07341232171702,0.195978516692982,0.939650971456207,0.151513301201008,-0.520234344589955,0.0724853740645502,1,-0.083736358979869,0.207377394398856,0.770467124293504,0.11304099288764,0.602975325135787,0.102449087264106,0.625286418792555,0.0864133887136287,0.602807818660593,0.0904424692547593,0.670662754814541,0.0896657986437865
3.04158095455946,0.168230467572691,0.970943131432936,0.134969652059227,-0.525126227247945,0.066524462312456,1,0.0390873283489093,0.224965577275853,0.599039833197299,0.132619419878361,0.72851012946232,0.0997620050184687,0.663445451320365,0.0890533130079291,0.666542613924069,0.0796701467416266,0.630205153036556,0.0821914229536547
3.02993014214697,0.185764485974568,1.07225489282818,0.157272883628807,-0.602391028486301,0.0558628552624705,1,-0.152765556700302,0.196277734859126,0.641430970376287,0.120614516146985,0.575563262081293,0.111444330616652,0.734060001449317,0.0849699450075203,0.799096903255192,0.0780698383655152,0.657172657624966,0.0888485875054072
3.29272896668375,0.186587146564212,1.1730193747307,0.164253811920654,-0.604849489551721,0.0530548808410419,1,0.0747516461832375,0.204607580873798,0.796208163884435,0.109365311460124,0.657078039653455,0.0905524675768929,0.792665648712369,0.0777530167377055,0.810643173392306,0.0816156161191767,0.58289254808807,0.0871137478493508
2.9001592593387,0.174570596263172,0.814522028649007,0.126446682242879,-0.581804818916174,0.0628112361922859,1,0.147432266740662,0.188355522387747,0.479780364677266,0.130289157543552,0.723945515735482,0.084224084305722,0.557385719245662,0.0908435861275851,0.54439760139503,0.0902454219181858,0.668725348016035,0.0864284435245415
3.33424923129527,0.184892071452453,1.07071914321774,0.152361046418741,-0.62081270577543,0.0524600720075925,1,-0.0149459007243724,0.226068030503975,0.722629825566113,0.126051327252153,0.724531236506236,0.0909280556182412,0.788155507251175,0.0763739312313308,0.586833499679419,0.0884278549917119,0.825647621399293,0.0767246101611037
3.62970301641285,0.227223294002309,1.40292531675543,0.215620958452323,-0.602474715916332,0.0638938620911424,1,0.392001222556956,0.21830250633535,0.741178934216176,0.118152809159537,0.768153314976947,0.103895507543709,0.7932053709071,0.0895610684954713,0.607601165099425,0.0999040800084534,0.717218003468001,0.0947723872963898
3.17362741204481,0.187796982938942,0.962762245490834,0.151100246155851,-0.643323083180774,0.0487985223730779,1,0.396073732419115,0.235903615295313,0.267843126588296,0.157902942304938,0.826887571284192,0.0848158903194378,0.760725306544356,0.0850658717885074,0.59271591306063,0.0915700797928806,0.72924758470303,0.0855234268127214
3.29269755020268,0.184683345868034,1.00941911833652,0.142600839848733,-0.657373086448496,0.0536777780755486,1,0.192999144758498,0.260828890688505,0.7130013783744,0.132747352234932,0.68111658309929,0.0980838896851073,0.653383141582409,0.0833222391540484,0.76073863057601,0.0779322123533148,0.709306043650085,0.0834607638395349
3.19012194657835,0.197497910093209,0.900629343097489,0.137801439450852,-0.592953716201924,0.0625574951793343,1,0.181883648427737,0.224260286305577,0.601744871664315,0.130036596613189,0.700999650009351,0.097254608677374,0.716170073840177,0.0904878034157945,0.676102738747533,0.0908032425393733,0.701471689932349,0.0851207760279881
3.15343802884405,0.184137766167018,0.825256317683291,0.118466824990351,-0.600842569597961,0.0591947738857222,1,-0.0061675186828382,0.230023630370405,0.694467051803239,0.121671239274997,0.696581201707884,0.0964968636638293,0.662543909826359,0.089643799373796,0.592419458359596,0.0849916240311172,0.72691844448619,0.0852678090619093
3.34926407857719,0.210663643317763,1.18954558887837,0.187090386944813,-0.636319120393276,0.0545598888386356,1,0.0881878057475064,0.229652954430661,0.729295676368033,0.124944685292475,0.649328589699847,0.100955734381645,0.684532116682142,0.0896869839412365,0.69432700278663,0.086426147414809,0.860351496017216,0.0830710565530118
3.14436912072182,0.187912399847359,0.918642226727924,0.137448861565816,-0.546254428896715,0.0696784308817522,1,0.307969674843031,0.21391556319458,0.514558419637911,0.13817325045129,0.614433925337356,0.108119725936491,0.694069006388538,0.0817573199874914,0.76443048553876,0.0851973573599518,0.685918085920313,0.0857007273745218
3.27996562520619,0.192747917125755,0.968093841320857,0.145849272350124,-0.600639286496495,0.0560537714577263,1,-0.233441351272006,0.227777542408972,0.817613552399838,0.112993950773602,0.74253442015676,0.098759478950315,0.737423346873033,0.0847835886393944,0.769330932234872,0.0810455370026459,0.577633091182786,0.0904067879746135
3.19417813702748,0.182452761179471,0.875029186769613,0.13300462670089,-0.600703022413428,0.060436551103415,1,-0.0880998213537432,0.246944892912744,0.790056376545865,0.121742994113976,0.651875183398191,0.0984943637090723,0.583249029846051,0.0945881617232907,0.814155331625469,0.0788771983844059,0.680660452906195,0.0855296956038858
3.22793742031973,0.202294159839851,0.913834533056683,0.142191453347146,-0.631176924463012,0.0551982036320762,1,-0.0867293213389641,0.294568750764964,0.653064342201672,0.151021704665291,0.764280976301414,0.0972802725636932,0.727963696730064,0.087946252803268,0.660441564723183,0.0855404367050564,0.765082304027537,0.0816111668222043
3.37856687165457,0.222094176759061,1.07218388126206,0.175554611906205,-0.66279672708527,0.0580889438738697,1,0.24809662987708,0.22147741397337,0.687881417697081,0.123955632120793,0.780246440599702,0.095846134587876,0.818845914850613,0.0873033146509951,0.730810291093499,0.0901122091260802,0.810230978626342,0.0942979099934385
3.37231482745419,0.193142391444397,1.12401883568284,0.165236287224386,-0.616377807024109,0.0533481188082409,1,-0.238264206654516,0.248287984402456,0.847516226617423,0.11237251086743,0.735140871346426,0.0906703061112717,0.785391184073771,0.0833582968567022,0.785995694908136,0.0866615383457339,0.698911711482517,0.0867537006426082
3.12872541820745,0.196973350529106,0.970156336643134,0.155022602800691,-0.566061297948938,0.0663301047360406,1,-0.0809993419617743,0.223694479033245,0.872460930372959,0.111705360821407,0.575854923093287,0.0948328599877094,0.779637591690712,0.0859271206841881,0.602881073113866,0.0914810949578061,0.663694941092392,0.0910436954468635
3.41137127715485,0.183683739923783,1.08179399294684,0.142734505658365,-0.657492274654393,0.0490399970322421,1,-0.0866325455987428,0.194522208819343,0.778971658251558,0.108201509151642,0.792136665962651,0.0880548883038884,0.687726084752333,0.085289486091064,0.771760072910956,0.0772276627495509,0.744614374740181,0.0827655036238513
2.94765825506913,0.163815925418321,0.763382729479599,0.110391236309612,-0.580074166721647,0.0569927977710612,1,0.227625936063178,0.20067735835836,0.544293002033195,0.120815451352821,0.542333333737162,0.0907203580027077,0.61443591271656,0.0811064114034887,0.62911232652596,0.0871960177058678,0.551102376142247,0.089407517710327
3.02365224094273,0.1790086684934,0.921146933657775,0.132203285089619,-0.593009627378311,0.0589088755760371,1,-0.0525987421480504,0.218023150194604,0.701169972043419,0.116087808654754,0.639390535675749,0.10408620040238,0.624514633882139,0.0837584430767461,0.70762923345404,0.0800304864572055,0.669307678279118,0.0843077215497126
3.0443483466946,0.166043684646075,0.881729889917738,0.121086564183622,-0.588975444094837,0.0581477799373574,1,0.067171133791057,0.240620789859384,0.52897349262867,0.143063878795725,0.638610422898604,0.0963755140297652,0.706321372849786,0.0748381330694744,0.754783046163853,0.0771725417130541,0.640453504453257,0.0848324648817597
3.25130918654231,0.163080496436403,0.973979926225798,0.125513509841061,-0.577492718764094,0.0624038814172252,1,-0.140139790389335,0.265267188645025,0.762729060125311,0.129799141473789,0.781885310864479,0.0900235806920146,0.593053865206581,0.0888022995744374,0.750047532809204,0.0854266909784368,0.680698960773242,0.0848543269666783
3.04963919885061,0.132253913471343,0.816046576729002,0.102948921910667,-0.540618724891053,0.0512337755976569,1,-0.312094418489649,0.183375295168304,0.77857722899586,0.104896551888817,0.64361037149706,0.09158321400094,0.706114065197913,0.0726953340182995,0.631095092996805,0.0728341380311121,0.711677124351416,0.0709269525161024
3.10461788968635,0.155286805212473,0.982088945668432,0.129652865996332,-0.584673107402989,0.0510022646731617,1,-0.113742886239306,0.204021377099489,0.681010779210585,0.118765030120459,0.736777950323666,0.0808894121074733,0.57173664987629,0.0827901997937264,0.728225440559193,0.0738898844138053,0.676196211427864,0.0764762127608927
3.03116995096302,0.159343567242195,0.803561675783729,0.108822474610217,-0.604299891778378,0.053316554743418,1,0.0481530778882864,0.229118486066731,0.632601448853394,0.128526778818982,0.64357708701403,0.0935576827760186,0.57423676979585,0.0946260197439189,0.698919978487532,0.0729649905816948,0.653243957649984,0.0791459137218473
2.9961361626579,0.172860483775337,0.876299269355059,0.131473157471157,-0.582835727425785,0.0615853996743368,1,-0.369871362340979,0.233030614848268,0.730640874404807,0.126634386807355,0.614433507255698,0.103500471776353,0.687727654450099,0.0756255121746555,0.715512955308946,0.0831101022352282,0.560386805047824,0.0843881587253165
3.05427546205596,0.179364309100199,0.821323058708027,0.117105751870524,-0.525665344427102,0.0699088364934544,1,-0.202641978454306,0.195703459032892,0.770152918804057,0.108281156863446,0.612468268690219,0.0963091892455462,0.629663114233171,0.0890493303654362,0.794728239474043,0.0800210964881114,0.516907780769224,0.0904150312948927
2.99004342721261,0.165253904646462,0.933634345996023,0.132859204854859,-0.518745080671281,0.0665661848274116,1,-0.353357884377589,0.256333308833067,0.811780165925719,0.124937931253559,0.649190589062635,0.0936042465799409,0.720157978399365,0.0825380332691643,0.522694238620885,0.0859544063515231,0.662674174823189,0.0762542662960789
3.17393895403733,0.167176899466786,0.991383713580542,0.132044991240922,-0.613324779644361,0.0509854016068465,1,0.0968795257276189,0.228627352715894,0.588606305259677,0.130786195705943,0.639196447996376,0.0978470739017462,0.68677137639006,0.0858502528115741,0.805100383382872,0.0740246788834683,0.717326683387663,0.0814409950929354
3.1133950614481,0.173672048918358,0.784737579003949,0.117002595349713,-0.540060581987864,0.0674272152836946,1,0.143537706916513,0.226740567653941,0.639391636771368,0.125605659586662,0.642928458461686,0.0900174303621199,0.649917589333497,0.0852560050786096,0.634961333679103,0.0834713973948926,0.783953513617539,0.0832696389553149
3.0496094930151,0.156767924649011,0.916463127632199,0.124252883795607,-0.498993442781843,0.0636746502604293,1,-0.126946013080875,0.206028342361826,0.62715391339217,0.119559334433954,0.660566101832571,0.0894115259167172,0.716980153608161,0.0797463624144735,0.622498265370874,0.076487423046985,0.756415849322117,0.0761791308033859
3.35996866472774,0.179782868160133,1.09095934445937,0.160440620854882,-0.584273357697298,0.0582138278704225,1,-0.0852048111427654,0.251925046142801,0.826682581058345,0.119200682464073,0.670740924152666,0.0909224084692259,0.802717664515577,0.0850044862917726,0.736393336638283,0.0804891589474726,0.748550043350395,0.086432868655991
3.10525043434393,0.211421278189023,1.00679751019453,0.159177599346113,-0.616979195267432,0.0644548802294354,1,0.0318318620187806,0.265478537205368,0.594891420129931,0.146599776892336,0.571629449162936,0.102374294650332,0.86393822327684,0.0834512365080589,0.596084348037576,0.0936936066397408,0.758300623851635,0.0901822209329135
3.13583260380121,0.194623854975285,1.06294735519522,0.165535315954609,-0.502483598065574,0.0729630606431514,1,0.101809658633431,0.196865422654739,0.596971406053316,0.114941768407193,0.752506255508237,0.0927706742864243,0.577451481254706,0.0933880728048718,0.796706291705443,0.0825595307043254,0.646048288535569,0.0936710594422108
3.04589470640837,0.179224719948573,0.958290458830737,0.137436172883599,-0.569388529222345,0.0580548660280169,1,0.0958217568169968,0.197358383081746,0.666362364368489,0.117521164060817,0.627939821460587,0.0938008886810612,0.675864107277062,0.0791600247383174,0.646257038987107,0.0868714329867443,0.605382506981258,0.0907084635571143
3.28703080892421,0.199319863824956,0.903821262745328,0.138250073845377,-0.567075712938754,0.0672166042611526,1,-0.124311873766007,0.272774367128571,0.815266424608867,0.129182120192116,0.660376482376756,0.0999864247543097,0.622612221664315,0.0874681236177448,0.717590676507573,0.0896734340641193,0.654016784736877,0.0949058689981491
3.59473535555098,0.242031037207613,1.28109649341395,0.207624627139589,-0.69196759926995,0.0503583651924334,1,0.196367381020712,0.216242317233847,0.684179776162951,0.131141349531852,0.738338232464916,0.100609458667256,0.805277347889502,0.0938942845970589,0.74968297477561,0.0941705564223731,0.695577564072619,0.0951351380358761
3.21664722347982,0.157940806622833,1.02608780890982,0.126956160419005,-0.664432673287293,0.0452270562394357,1,-0.314073386512865,0.269861526714449,0.678142664272012,0.143722212749718,0.730747375008847,0.0909243198728975,0.686125563744071,0.0857676580825781,0.716116554738926,0.0770643890698322,0.872834993999777,0.0705745611703709
3.16860988205405,0.194495326787952,0.970868348396639,0.146786830775074,-0.600108801439805,0.0591793012664274,1,0.0302623796636917,0.244146855891621,0.751716650261832,0.12076814248962,0.658978343175125,0.0993755869571022,0.555311604596698,0.0896841244863552,0.750832330990595,0.0826422253864198,0.7801004485756,0.0842545975549637
3.20045801102404,0.1730251115797,1.1836891536029,0.153949735246608,-0.562776933107548,0.0643670169182635,1,-0.0808015557370089,0.199849104271545,0.719655693670894,0.116726472224658,0.747588402849654,0.0869398496304893,0.690257424175134,0.0805538304467712,0.808474030745354,0.0771005320331948,0.740793049822168,0.0865275677315979
2.99340098000969,0.156590398459327,0.851753025291052,0.116189656109647,-0.529171725334908,0.0660439508564902,1,-0.25449068920947,0.215048961609313,0.762555289723228,0.113355959138643,0.670225198149064,0.0831611810992949,0.711000167147034,0.0822558855644223,0.612401363227943,0.0806401518693946,0.561799193140877,0.0853369699069105
3.4737837208977,0.23712202426632,1.24632718680742,0.193135224741873,-0.695214369191334,0.0478511812681504,1,-0.294996322408397,0.261381686888751,0.949556223904015,0.113628483512973,0.749381926705673,0.092107947391636,0.814884577581406,0.0892521942578355,0.762211348413065,0.0909187957766358,0.740630793256828,0.0952151088520707
3.29668612749022,0.213299115951135,1.02975651925739,0.163560826995507,-0.674078940411516,0.0500916313847079,1,0.0279635274767844,0.228632947823454,0.660969092439898,0.136012775266,0.780965647276855,0.095950793902634,0.837041672655654,0.0806506133782783,0.63212740590878,0.0901843058749558,0.764095571645696,0.0895401903773627
3.14745713430412,0.177989468338885,0.935215434081688,0.13773762530205,-0.617465357426808,0.0546762439554666,1,0.150025063398585,0.197080229771568,0.599181217584412,0.119186186899265,0.759080002021802,0.0856279448852586,0.725889489972036,0.0819442047296171,0.717272024538699,0.0801896348417051,0.689392153411984,0.0847862908439469
3.12371021835863,0.17418446702733,0.967492829798802,0.131219175158669,-0.56279628333108,0.0617032764038465,1,0.081679475710888,0.18691728515352,0.66443882289644,0.112017952778183,0.569102270171445,0.0912913596136496,0.604146537273491,0.0899468416225065,0.725519975103134,0.0803569302865753,0.566729938134019,0.0907819868196407
3.04356003580003,0.194424429669267,0.894829335996834,0.145691656446186,-0.503189162607857,0.0691090692508247,1,0.171175582550233,0.197539459402279,0.531677457625979,0.13073232859815,0.636605674309103,0.101732630938834,0.637970958113027,0.0886008435961263,0.599384384280952,0.0869877869354503,0.65685268185494,0.0849764354188849
3.31371742623183,0.174384186788612,1.15888780847958,0.155792195266853,-0.633970466393554,0.0498264699662527,1,-0.0871916014914685,0.245190637926584,0.739380575278784,0.125043641250639,0.687858264033559,0.0921774603371544,0.809791200150446,0.0776462893781259,0.78428393033405,0.0753299873425248,0.581418709271128,0.0902476463891088
2.88505800332802,0.162257876448096,0.762960411775196,0.112000411313503,-0.432123836843512,0.0810006450522178,1,-0.131797765948395,0.229211996623293,0.530835016909521,0.134613746233538,0.717916222761919,0.0946670900643733,0.775903178027404,0.0727810347244639,0.515254536525198,0.0863686505392035,0.591806437724987,0.0867621558647017
3.13952234329857,0.190174433755024,1.08327740021716,0.165588309870236,-0.580178666276158,0.0592118876609233,1,-0.11698244842716,0.234022759738612,0.694958624353409,0.129228760799387,0.693607643394516,0.0936470167315614,0.641027820938531,0.0867065321199748,0.652622823963864,0.0808565309444919,0.651418785345065,0.0907843787122933
3.52513590430045,0.207075684581007,1.28619336605382,0.194218144599147,-0.618710176218143,0.0553635169348922,1,0.0163174169108637,0.21983115619191,0.792051456522218,0.115327686070592,0.802239502103865,0.0889825607042606,0.712335600671655,0.0866191058187396,0.741561196814665,0.088520731632338,0.743753184968867,0.0912071151066779
3.08384311768862,0.158846713838615,0.881971527252689,0.118728506546557,-0.562836866320641,0.0542949525786123,1,0.0730269505637656,0.225276767435622,0.431282373887512,0.1386735712987,0.848729492799439,0.0762652255737837,0.719655525838942,0.0832719357180882,0.616022812237499,0.0831703552169421,0.593180034025057,0.0785274415883218
2.9221843795217,0.16676139059311,0.833742877387519,0.117675968924353,-0.530716869428089,0.0691829558650968,1,-0.121552887827428,0.214623882147959,0.68154498371798,0.116041396175497,0.673015470581815,0.0858950341601278,0.666652693535028,0.0857565947717873,0.599488931581146,0.0830960525598421,0.552184045180022,0.0863349853462605
3.33979074331414,0.192398316342558,1.1246807722879,0.160237412836424,-0.666845322423128,0.0467754518212632,1,0.0766532332598324,0.228815559827482,0.771614926141744,0.111579400936879,0.530527321126299,0.0980518772302133,0.8709225159616,0.0886038039980012,0.699208391024848,0.0943349829132297,0.797943097342831,0.0809795477975492
3.21138732882001,0.175281573973343,1.06049952441521,0.145208859604362,-0.582534440635074,0.0547815238613271,1,0.0303397471155212,0.236145663001449,0.777291271409278,0.120387201599336,0.509547199107832,0.100164934080796,0.723671174303236,0.0815557514383381,0.647743307165537,0.0769139465261847,0.7534490785946,0.0847716984753598
3.49103207366865,0.19504892358679,0.954581129342123,0.135362980919962,-0.577567132665603,0.0632587397832257,1,0.0834474098913561,0.228128329849611,0.698119628678769,0.133505875303096,0.721411050236956,0.0893359678600664,0.843210419390708,0.0824094970920291,0.686071032338415,0.0837760545031757,0.705717596350011,0.0846676661314887
3.05829458877216,0.176581203421584,0.976817246837024,0.132882127680907,-0.65672724881353,0.0465036357190403,1,0.152656425509818,0.20713122105339,0.46866806438347,0.131454274524005,0.687675560643184,0.0972654860822793,0.685034122915796,0.0789536695873369,0.776957162442905,0.0768556522679618,0.784870307039028,0.0841451902574992
3.43879639127155,0.205645127966458,1.27711425194368,0.187150691470104,-0.625231679815898,0.0550127813342753,1,-0.15718860072436,0.253904577607282,0.827390559249118,0.127132961609351,0.682665580469357,0.093029563494483,0.842709426567758,0.0813901737012019,0.74895363511949,0.0869835908509047,0.707087689276335,0.0892682698365305
3.46712403057183,0.249689819810439,1.13387487408806,0.199617209982501,-0.594207688808608,0.0656837556128113,1,-0.0373655498428743,0.264978453881111,0.868900902616935,0.126337187048273,0.744936316423113,0.101356069198849,0.722885622756942,0.101933613860561,0.701807348245798,0.0993463746451443,0.688741855692447,0.102091727023079
3.12994769702218,0.177830052063716,0.926303484359497,0.138003489658033,-0.577932315802685,0.0588383907397906,1,0.113078369574085,0.207100479015686,0.649450719022869,0.114304449258734,0.621217087850809,0.100201844816308,0.637146324914521,0.088514809133772,0.619936444356179,0.0882873354861152,0.60307592494252,0.0827873097337978
3.46246544442449,0.208114703735836,1.07834285004674,0.160280230581948,-0.61013217350326,0.060050793547434,1,0.129773536719061,0.196293954756211,0.781943219986528,0.110449270675582,0.638961093726516,0.106064566749046,0.804734346085157,0.0860607837361221,0.78364045373486,0.0835050652327521,0.781850313458823,0.0868034366625877
2.9526472023995,0.144897407689079,0.716596290765237,0.0994206309048449,-0.463609535726213,0.0725606763483982,1,0.168458370790545,0.217960453482578,0.430274150879114,0.146847030731867,0.65638590701372,0.0942366590868961,0.515179770492429,0.0840611059903981,0.621874452959301,0.0759440405725187,0.603620922915661,0.0790429849327609
3.08229132873207,0.172541125133519,0.95772646351195,0.134061417624595,-0.508229076331974,0.0650465878321813,1,0.126362764821893,0.244194842778478,0.573715738165441,0.126431409856388,0.691775200604638,0.0883798623229891,0.672484316134157,0.0820226956244166,0.666653763304951,0.0858041774857632,0.80392709214849,0.0790414592469924
3.06116777940567,0.162470137914717,0.910365400627761,0.123197445804013,-0.497580277875847,0.0722322147456685,1,-0.0908642558503435,0.200524149294271,0.719100934832233,0.108160322344811,0.618327675756906,0.0912127901049348,0.726343589404533,0.0818599054848398,0.549069102838254,0.0911823468310911,0.682595886455368,0.0810238386192996
3.0606544887811,0.185608862518209,0.988971744474517,0.147802533034524,-0.435061617044394,0.0863697639272898,1,0.125691816266454,0.215690033322106,0.57580388210342,0.130158388320561,0.585199728302946,0.0978520861570644,0.642653869981788,0.0915582655973198,0.469895245953903,0.0945968014707823,0.679143847155936,0.0873015513708382
3.23420201539204,0.195417732167943,1.02574937279523,0.150427567920093,-0.670248175691472,0.0476240162748924,1,0.0694271422678136,0.234184889122843,0.668263556893427,0.120177961031718,0.82141334223989,0.0894134178807443,0.706224287747425,0.090782606337598,0.716412296874776,0.0834089408990359,0.696638717774085,0.0883126827353263
3.30408211604344,0.204511770333999,1.03738288576576,0.153058799207813,-0.596851584155492,0.0572025436798237,1,-0.0375246110906983,0.222371566621716,0.718946004042983,0.109978531983031,0.791303774797724,0.0965698542208468,0.669858648258875,0.0890187293065902,0.691426786943598,0.0897009803393665,0.824236968140133,0.0830377179587708
3.46621182052755,0.206478800099504,1.16405120134235,0.159575437497635,-0.66862433041293,0.0471671478934161,1,-0.0166888657833962,0.222618325034479,0.907053907742812,0.102475583660851,0.723481749846533,0.0969071658640748,0.672031574451758,0.086245663904448,0.789048634204945,0.0795524145977938,0.691110617561123,0.0863235946475001
2.8597662219712,0.175227583074418,0.852436531562514,0.12985940442952,-0.521627733179359,0.0742481204984409,1,-0.0385606285818675,0.244322008246643,0.556756109340752,0.140817374538146,0.605178924041248,0.094926153177045,0.600045696735121,0.0829374530651727,0.624076348627805,0.0818715077503332,0.620340071046983,0.0920320484245727
3.31138430670978,0.187926127214508,1.05631079915779,0.157522325827806,-0.611609875091374,0.0558017515983066,1,-0.268455040207714,0.215014128078989,0.888987339922588,0.108901261098925,0.709095976654984,0.0919067642107271,0.653431293359915,0.0904704407353981,0.722266546316071,0.082102489786246,0.671232589362625,0.0858232924349752
3.24127969318733,0.192279737226536,0.956959995509583,0.143678116948338,-0.590254510757938,0.0672182534797333,1,-0.334643467991936,0.221237463795845,0.783163199664356,0.114469062826148,0.866619255501862,0.088900446488436,0.678863715360492,0.0871859857018139,0.657485595592278,0.0840315793967784,0.690589252566544,0.0917979390614352
3.24097386755936,0.163652455959829,0.941626215180179,0.132516792320766,-0.660614573645563,0.0432005890623555,1,0.29258381542771,0.216393119652703,0.669079172595294,0.117385319978444,0.77709619393815,0.0815384196898348,0.553611462070351,0.0828949353997818,0.687718037516962,0.0782427601970207,0.643499572085054,0.0934552463328205
3.01184415482884,0.172222202486381,0.882551070372453,0.126127586144209,-0.534341874636932,0.0700661483355392,1,-0.035767856724319,0.226630270256829,0.572594309281396,0.13414138793047,0.642528354806175,0.0947081003732666,0.65776561874243,0.0882719256005174,0.571923255484754,0.0800269397333312,0.651551365630374,0.0810215433857153
3.36645337435637,0.187064052039384,0.886498923404815,0.130200191044485,-0.666629343645892,0.0489512289470944,1,-0.254408028358897,0.252171812345304,0.798907159457912,0.131131387526388,0.685528763558397,0.101209491965044,0.767841938679978,0.0823770455827727,0.769009760669483,0.0817840681639634,0.693597864089343,0.0895064829849389
2.8822279361247,0.146270949553788,0.855828472037933,0.110047905382136,-0.595745104548587,0.0485857066805037,1,-0.185946514178244,0.213080338937757,0.662204585136239,0.115200288091407,0.630472519561813,0.0877151802321713,0.608193311973128,0.0799955420634404,0.601209783634741,0.0766003922947853,0.573598556814017,0.0804704702544825
3.27124044315249,0.200555326438523,0.909743367818812,0.135904349091754,-0.672420221640689,0.0493895768862958,1,0.318361328384906,0.217510170027692,0.500041632085706,0.137724307896488,0.806398396552935,0.0890118686593349,0.752231830797896,0.0872389098121409,0.826517310859697,0.0874009664676656,0.736853231233432,0.0924209377847627
3.23256196076599,0.190918685663469,0.97649044076442,0.149942193730203,-0.558428747080199,0.0629686869508315,1,0.261636890006575,0.222149139173341,0.670483730801495,0.118267569861158,0.708760470622664,0.0953604456561305,0.705724009188296,0.0820271228606154,0.736861682048914,0.080914430409965,0.693378555070767,0.0884096460883782
3.17148658481694,0.164197045243915,0.964421212870705,0.130619535907736,-0.629483633151475,0.0483311603132573,1,-0.544309593615883,0.25193427542005,0.855905072785934,0.124643873771876,0.717405666276984,0.0893904643735138,0.733417649239033,0.0786556462652113,0.708082469841267,0.0797538565787747,0.687342783081671,0.0841224647469886
3.17089175033326,0.199629057922255,1.09980101049648,0.174502204088442,-0.60351381490729,0.0556689012592719,1,0.0542881266243246,0.252329420193602,0.637154826669465,0.136410641030741,0.756807111289242,0.0917178222197666,0.622542346073394,0.0914905906596882,0.753465240642883,0.0836859346566046,0.624729478584107,0.0924874724205994
3.42992440951022,0.178718492554457,1.09131728352795,0.146870941634096,-0.674422377248258,0.0475389249143279,1,0.099954543463422,0.225132646650201,0.723897105140844,0.122125715029845,0.779636154798372,0.0874317420355425,0.835921785784184,0.0777974422935577,0.703654892581993,0.0795487821407063,0.745789264209347,0.0866903378957297
3.08124281333849,0.178907970759988,1.19394165652144,0.171605221149422,-0.598086457853427,0.0555532004905844,1,0.0582308979992116,0.221993035820687,0.656912857545905,0.107877012501191,0.624901785336233,0.0973239996743309,0.683314850680157,0.0840324375153781,0.703171544227042,0.0845041216898567,0.623892933234928,0.0844622418251438
3.4478106385446,0.201552578659014,1.08014964228708,0.159001193962932,-0.658932152988159,0.0516273241193754,1,-0.0160335759002633,0.269586119866066,0.794925335731502,0.131697190224458,0.846328133391339,0.0902030680357091,0.547877556353767,0.0960808226689613,0.80002088731596,0.0814374683507983,0.766699683867033,0.0854409026148393
3.18918169956334,0.17912529023835,0.965817817811269,0.139868036766095,-0.667862169055188,0.0441019333203622,1,-0.17659447815611,0.250815865834096,0.741919104025654,0.127077156692889,0.797191345424784,0.0857408877399535,0.735410077191966,0.0820732936166312,0.621168289907897,0.0838283525391681,0.616745999918787,0.0873347577228912
3.39800449807808,0.193527628030464,1.24498062602248,0.165242877295188,-0.64193683041559,0.0482813214354953,1,-0.320071768894037,0.25172475593672,0.847785003391196,0.100648213085615,0.805257214611016,0.0898608744684296,0.664750593215588,0.089883953175286,0.768198056414403,0.0830559924546358,0.759948302793937,0.0854406844832438
3.09436506891177,0.185041127954669,0.921057138924347,0.144335413590976,-0.573566616082771,0.0610497163072008,1,0.140542264989278,0.234920999504658,0.609290317392891,0.137293717638602,0.706848826656789,0.0975010253232474,0.538582436073876,0.092344848156996,0.750673673804654,0.0859579187587402,0.71404059405505,0.0858498571686532
3.42600434724487,0.191513104207824,1.10423651609153,0.156658033901404,-0.577864629588426,0.06273219442164,1,-0.149597434839004,0.291100059295587,0.758634895453467,0.140317677163209,0.767073714917222,0.0937818926245232,0.818685686818446,0.0863895187716303,0.663464733923208,0.0860768501475156,0.658924787054,0.0884816854497235
3.08643965659556,0.182559549608514,0.882692860790025,0.128150649382052,-0.598430132197462,0.062774442417313,1,-0.153848981563304,0.243643474889447,0.667919889564857,0.146886220291734,0.608486065328204,0.106045024483954,0.627106231793804,0.0902183760634583,0.73792976197258,0.0826796614428967,0.714851337702746,0.0850858698172771
3.07349882130508,0.179642439373915,0.799766987635597,0.115937618522043,-0.612450783168608,0.0581738933994912,1,-0.0685866781491249,0.230742979417648,0.650337644400929,0.145365600819711,0.675964616403202,0.100048600855839,0.570394200974039,0.0909821176886085,0.696352820095595,0.0782249243176692,0.748879324701261,0.0820571776199276
3.27962724461046,0.160847034972044,0.980129299138393,0.134340616699081,-0.645546050971082,0.0439761287230685,1,0.125475957844779,0.245627199597779,0.615577668081,0.14863954083408,0.812373384159734,0.092003501269166,0.769751645290916,0.0778793801188827,0.721907937845307,0.076001064954957,0.821942371385296,0.0719337928464413
3.34620577913637,0.183950828951745,1.20147664195093,0.168372575641708,-0.626014364489563,0.0512768818614709,1,-0.39955320603754,0.327486923786189,0.861749461195836,0.142558682764021,0.787503507945697,0.102413656041884,0.833568862534969,0.078284416687181,0.781653681837019,0.0742959845070637,0.597357206639406,0.0904178977180494
3.23343164611802,0.196350500967301,0.989114803275679,0.141517363312668,-0.585852084113746,0.0639502262769418,1,0.0413679197822554,0.217039365613097,0.600718123152996,0.127857638877,0.680632648033305,0.0936172015718598,0.731814049382998,0.0892251889793048,0.722558541059735,0.0851983386459814,0.635528326368779,0.0963636767992947
3.49348097071239,0.204031580418712,1.0695915234086,0.167933233886629,-0.672648543420041,0.0486531851233505,1,0.306050259752233,0.220681222469027,0.592955802588493,0.122512240401268,0.856011432298242,0.0924708523685283,0.672202208441541,0.0981510054615471,0.742154074310993,0.0880508185098265,0.836326836745773,0.0856751370500683
3.24158241820031,0.195492900600783,1.15648353392615,0.170116471689514,-0.63113972982846,0.0505287404791812,1,-0.332293893373387,0.247501005771469,0.720613623975012,0.133929129258349,0.837299575435783,0.0929660769691383,0.626998699457011,0.0912130096934711,0.793351002158303,0.0846561242532329,0.758470281258941,0.0845757056471096
3.34273113570151,0.168685807609449,1.17482627270908,0.157561417057602,-0.632201178732734,0.0455571300628721,1,-0.0365507184339287,0.232734642565607,0.744752929246726,0.114387861087176,0.68781827380715,0.0878812920310394,0.703491895814717,0.0784456118541811,0.772354470625001,0.0694861885778633,0.647231426122665,0.0870781069876041
3.02391718545944,0.174609237637757,0.895715941278628,0.130677257130288,-0.595865875872425,0.0576755859272015,1,-0.121166032325869,0.185937439565079,0.654595078396996,0.115576539263476,0.722243684128903,0.0976894490039744,0.673129694136118,0.0828591574011714,0.551511157768712,0.0878289834354707,0.652604310450681,0.0816427516592442
3.23571042146198,0.188625827371908,0.918645843353914,0.128312247912719,-0.615413785027137,0.0605268093328519,1,0.0712819042803626,0.20562547119953,0.730108359532444,0.110274780561007,0.667821440700516,0.091343951572573,0.521498301263439,0.0990822662760678,0.717758883502016,0.0871795943639112,0.637129808237113,0.0885322428001553
3.11481264192515,0.184691859369457,0.892594756864439,0.122167649313683,-0.519378271455595,0.0727298108816173,1,-0.516036667022882,0.224843311612323,0.831598529232091,0.107620296328405,0.692898212677703,0.0977775380585966,0.734562669103412,0.0821904893485026,0.619030953716542,0.0811778226565626,0.619716231763414,0.0853366842256498
2.96546791828082,0.168106616212879,0.957585710913308,0.132235023993379,-0.620335478151791,0.0531976050121755,1,-0.545836189163915,0.26251391197277,0.744228299657297,0.125846459722251,0.736827913361556,0.0859166089266569,0.635284796428215,0.0840814143483465,0.687589783928419,0.0773543036166837,0.689865864031053,0.0826121253367882
3.14486347757379,0.172876385990884,1.02005361819961,0.154890505946215,-0.680498978144286,0.045171282013444,1,-0.47993455257927,0.285782284974177,0.84326046422481,0.121978594584287,0.670702543458366,0.0866787722422709,0.659251301310235,0.0858724577791196,0.76675293137799,0.0816088776241806,0.792834569026073,0.0876782311471018
3.11476782151335,0.162697483498468,0.901786904836057,0.125014413929721,-0.473084607531612,0.0630712702227487,1,-0.0254286304323553,0.22088084039473,0.694946803802515,0.122640923142206,0.650226428090279,0.0829925260999963,0.717338016432351,0.0804766268918505,0.599254661813239,0.0835769056640422,0.620047402251905,0.0848375513538895
3.26442555408132,0.172064513605424,1.07958114907815,0.147082073006758,-0.633625199825948,0.047413293390379,1,-0.107003303773502,0.249834623072667,0.621635006732884,0.137846120262201,0.721626239523401,0.098814836421856,0.663940918339611,0.0843107555126756,0.739468914667388,0.0793663797642361,0.748172719892902,0.0825299121417917
3.42682806582727,0.208302706954931,1.17294283810146,0.180438878491505,-0.616325356568215,0.0648275305410046,1,-0.559219991409698,0.269822039960475,1.02142325389576,0.119463830062213,0.705568564891593,0.100164644317078,0.743461548532111,0.0919458169743442,0.835892315806177,0.0813180361100746,0.629209916554555,0.0904397911359876
3.21209710111859,0.200122641581868,0.967934038886184,0.15576066272927,-0.543427259048274,0.0709787119047184,1,-0.677362153968119,0.245000979128398,0.911250308238314,0.11914793229185,0.68759081705134,0.0988937924192207,0.752676795302324,0.0916304307947466,0.592544840980928,0.0888633909623691,0.740780485436572,0.0830023811165143
3.25783913626451,0.167759998397495,1.0281055850304,0.140120563756342,-0.598987834678645,0.052900502168054,1,-0.106890909840609,0.255181556927966,0.804685320871496,0.122747291700237,0.794556327297939,0.0877859639697294,0.713393261699286,0.0781893187814266,0.701153230812278,0.0758278528437035,0.624536978161632,0.0908446339132292
2.99694662549942,0.173155574496412,0.827447129431449,0.117544733364238,-0.555544813416514,0.0629883243408008,1,-0.196863416875389,0.205066125788363,0.728629391195352,0.11313957965084,0.62078900441405,0.0937398783260007,0.667272006182992,0.0813326336266949,0.729243372752947,0.0760836337899576,0.477982829636769,0.0922556839171327
3.01094207850355,0.155908860276016,0.963000036979485,0.123537576854508,-0.625214692469211,0.0506623452785695,1,0.072218270372054,0.236231726501897,0.566759847372763,0.132468514637977,0.618457773146506,0.0890222699671148,0.624498324396695,0.0812595648547991,0.674191617477535,0.0744466275392081,0.696937298798729,0.0792372193455711
3.24456961555846,0.198545851801689,0.971323999118284,0.138530366830706,-0.564182119752076,0.06132120780123,1,0.376840260944631,0.214998896701185,0.517005519681847,0.138882965735721,0.723823055368674,0.101592185584772,0.698660034596919,0.0921870433740475,0.629919161559717,0.0888206761161223,0.67801817387771,0.0866054919967792
3.37610348654672,0.211572727303563,1.06931713946567,0.165285559421629,-0.594077552750294,0.0636859552277943,1,-0.4786978480158,0.252832123498716,0.88992181538733,0.119614831866652,0.774131206702131,0.104620177555598,0.642751632415516,0.092127632215323,0.752595365131379,0.0913768400571151,0.62736584466729,0.0942050102681238
3.40410838588049,0.209828795173765,1.03682561388401,0.163713653044093,-0.611107852838669,0.0555346060072815,1,-0.0566723931372272,0.23058384005167,0.849210241270064,0.119705872945426,0.668200024235583,0.101203712974919,0.787785588921286,0.0892781337964337,0.689449037432702,0.0883556807864492,0.69043926961926,0.0875411292815175
3.64357133979942,0.236631919988141,1.31597394143137,0.204391425473379,-0.702717308360536,0.0473147362172477,1,-0.289787906838462,0.296270091008836,1.04551321092877,0.115119095252887,0.784006572650448,0.0983184429124992,0.79593037081076,0.0983406483644089,0.754550982938591,0.0811679070574185,0.807350551619653,0.0894253950765673
3.3347728510501,0.205555978456633,1.00173273005862,0.162925736284528,-0.630591107948836,0.059346492508849,1,0.454001725460723,0.196171362493937,0.490169149216736,0.13205911979064,0.730480980742348,0.097819623112101,0.839627944115938,0.0856485736664398,0.807687199257044,0.0879484556368382,0.72384453170317,0.093641503807284
3.21922267394075,0.188503661198345,0.87136986363133,0.127484362509952,-0.566838780601845,0.0652074291969191,1,-0.0444598112660211,0.227936330028843,0.783672494717509,0.114032772960886,0.661937473228364,0.0975509929115059,0.741474764742056,0.0862038552901413,0.499258222911402,0.086755071698511,0.677969089995818,0.093425939254304
3.05723792370105,0.189118041573672,0.933819990562478,0.140929668689049,-0.544281385893683,0.0724814154652546,1,-0.331002555004962,0.252088545403563,0.874958583895252,0.11968336561564,0.546296597993375,0.097464234560881,0.632997581550949,0.0904812789825345,0.533669346343458,0.0920614494907294,0.653262378751667,0.085686146281557
3.27862445571248,0.186991153552499,1.19669219858676,0.171055058141995,-0.563080935302298,0.060523323869049,1,0.130911088583782,0.219594473677219,0.747202015441255,0.117619140428143,0.734091790457068,0.0885067537481131,0.61664066649446,0.0806407153901008,0.651193595481439,0.0873506373291302,0.734485661870504,0.0826986985659983
3.27792357122684,0.190084172126936,0.979283875272287,0.148371562860889,-0.606266009942999,0.0542615120991098,1,-0.116190557283688,0.236773638167069,0.734227976734001,0.123845778875034,0.833896606507817,0.0884693708204979,0.681807446305103,0.0858313734736752,0.651117304936876,0.0912997716420427,0.70146920509707,0.086796040661345
3.19698298231013,0.187901135847742,1.0729699341377,0.154790527884515,-0.655865637147578,0.0492192157782431,1,-0.00464994979821321,0.260351598380062,0.814119849801808,0.125105347054656,0.568281242602261,0.0984233655050661,0.710823534836232,0.0891045809131766,0.669959423461322,0.0879260812266386,0.672503570183398,0.0824333833279845
3.17062478601274,0.17535965748168,1.03744053411819,0.144318550137009,-0.647971343743323,0.0487613056911773,1,-0.358607839004012,0.239952276286177,0.896814215177456,0.107614189944926,0.608504940566834,0.0870702153118177,0.694753819065387,0.0786751541538724,0.778535015760259,0.0769192685580027,0.631716530277711,0.0872743647420812
3.22721377270614,0.173646802996789,1.11978751067759,0.145723501082128,-0.643177965496922,0.0456345691783382,1,-0.0916271399190731,0.21104512437752,0.688782477892954,0.111523423288759,0.781278298845874,0.0839383416861656,0.62705797287995,0.077891024878749,0.736245693358563,0.0774623694508358,0.825047912106024,0.0769569953340624
3.25959992691149,0.182713661090008,1.04576408828002,0.160390822764274,-0.642165124143773,0.0519586635204466,1,-0.241412871786745,0.233767829455942,0.82110021685737,0.111836200796128,0.593340306528827,0.102945822115163,0.618996819694409,0.0907387567846064,0.762882943882625,0.0812977973588573,0.767377590217595,0.0824144200499902
3.20969704507626,0.193830170806011,1.05715706254078,0.163548178791006,-0.575277108228743,0.0626253264836132,1,-0.447264173226596,0.268448659981855,0.754939795007622,0.137984115247493,0.832160972815587,0.091747599430196,0.660617666719658,0.0888836692829982,0.636518682606812,0.0913207419081963,0.761278236439315,0.0838007227203845
3.21485277101583,0.203434952593928,0.819027650070712,0.131455443403661,-0.634407081770859,0.0552952905958023,1,0.00160800759000381,0.250866555603192,0.639226034868032,0.142161897959589,0.81616639072755,0.0902285711847482,0.679189160092661,0.091914085657069,0.761489831198188,0.0879303988556482,0.663762688066663,0.0919396171282746
3.32533333163327,0.194147471851707,0.984153844711735,0.144859011071617,-0.706919178365122,0.0417373697592167,1,0.00742477352802071,0.232904988304307,0.716165050729454,0.129896210797916,0.692172975860172,0.0985706879332698,0.864703877909302,0.0835897474707821,0.707466742313239,0.0815294920133399,0.728804694919012,0.080770165732013
3.22145921891819,0.164629023263971,0.892188141450415,0.119531343324689,-0.527854603794928,0.0635894618782739,1,0.447637484210963,0.19798654830627,0.41511022564603,0.123837900713678,0.849423780441355,0.0828145409878946,0.652399120416012,0.0866015499024185,0.588410367658963,0.0838572996230546,0.593894968919762,0.082932991803537
3.29803237852265,0.192684907355299,1.06520862437434,0.154858550748091,-0.607941043302689,0.0582332596759309,1,-0.162519403294849,0.279722394333993,0.774463398913326,0.135708467876802,0.791045147210647,0.0878664565296576,0.677546544754216,0.0877115400177262,0.754876003553376,0.0839956383012402,0.658462274446717,0.0868842765022624
3.42730468299492,0.214289262322171,1.09956635745985,0.179450832105743,-0.634162614742677,0.0556831602806551,1,-0.432360423375709,0.291756742369669,0.935878281240395,0.128221415094335,0.756567972795168,0.0961016972008265,0.777300802084037,0.0904121684142728,0.68415628378858,0.0908121651976762,0.70559679949696,0.0879962169128325
3.01446103863305,0.180980127251856,1.02398769989156,0.154345557883333,-0.616264210866955,0.0570622771314342,1,-0.689864224282027,0.294654519510136,0.891961047436151,0.131162320114308,0.647276062923035,0.0921212571780357,0.721091710087253,0.0869654496229419,0.605915676755704,0.0856437751524921,0.576507026308767,0.0897279986029847
3.2541132180851,0.201633062381609,1.00081893813394,0.155431427064238,-0.617724645284549,0.0566667903172597,1,0.297904965341817,0.256146324008705,0.35802728435743,0.155982997968368,0.829753385910138,0.0956524582943189,0.69785498156344,0.0889811537795629,0.685826049042678,0.0879670243451339,0.764638020857561,0.085102830138115
3.04897476830016,0.185008541667147,0.797612676157403,0.117869777952224,-0.617116111924484,0.0541811449669711,1,0.0295520879975784,0.223445172079315,0.676858601949879,0.131963394468807,0.640723892352658,0.100361327586511,0.602486517431818,0.0912815683406076,0.737050145069531,0.0822712629821824,0.746024036761704,0.0860779501963542
3.51787552108508,0.222645286055069,1.01249841032706,0.151805681508681,-0.684243120606047,0.0480233394586738,1,0.162091841189998,0.223706975342434,0.820713194717176,0.121706118963917,0.685571061508697,0.0977655660417887,0.649388985024013,0.0878533422807329,0.735950164624267,0.0855925991986028,0.790118475775363,0.0896980115924484
3.17850472036716,0.174554928120543,0.944662526540801,0.13792744786591,-0.61709875445056,0.0502667527245071,1,-0.222619517717433,0.195218179252864,0.809390849471298,0.108387513451424,0.772510242691367,0.091253735749452,0.654047933848432,0.0910818523200288,0.726801815542279,0.0786857236891172,0.649265910630243,0.0918062073811607
3.18726918756752,0.203048660229473,0.953233843186638,0.146081677482995,-0.643347262961785,0.0549774210284443,1,-0.131585757432293,0.186998018003587,0.696830559604364,0.113912077666662,0.689024437124134,0.099812710310675,0.745682108810918,0.0904131051257292,0.699801329588584,0.0899177747422662,0.652061630457258,0.0908045717641368
3.17910852424262,0.179778171725691,0.876042629529987,0.129243875096016,-0.495571680877445,0.0751028081789063,1,0.118963521326862,0.223413696822079,0.744044880121121,0.117395725434158,0.560827218600493,0.101306821602754,0.765082064955169,0.0838375069351474,0.62997560261826,0.0930021861594756,0.651937597343446,0.089749625098205
2.97184251331708,0.149616955621805,0.890885458864591,0.122000701496055,-0.411017983320137,0.0717884226100459,1,-0.314103334375587,0.278139310464773,0.800463631377233,0.120920965298766,0.606790870088717,0.0907091402256113,0.572752988018868,0.082157580808318,0.568128043723512,0.0843230383639655,0.625366032648507,0.0795920230699752
3.21883087581074,0.167967942283114,1.10342128362134,0.153148327214077,-0.648517519520957,0.0482586487009879,1,-0.291046282935289,0.196067245880529,0.833611730291358,0.0998766884258377,0.77222316436439,0.0877762552957188,0.787019616567671,0.0809893629333341,0.604599342950364,0.0868280767819509,0.682402115982035,0.084156822497638
3.16057804914416,0.198174834953605,0.92847870699365,0.150138529025923,-0.686499686662968,0.050761807041545,1,-0.329531775492282,0.205373334452492,0.64812330818522,0.128717343927436,0.825505508477968,0.0940736737015965,0.764577144857564,0.0846433652021922,0.681426960796889,0.0951492947839243,0.535203951290692,0.0956726769441387
3.40622317964421,0.185633280213386,1.20133127521467,0.161445085554687,-0.660151461915125,0.0462971651722438,1,0.147956729143041,0.227082802342603,0.813130891932474,0.118956058585852,0.730677777237625,0.0904241810137569,0.713581350865302,0.0785591572780493,0.702824503848459,0.0824944508275409,0.817331546075314,0.0792181039007887
2.9057482305382,0.176771280939974,0.88752921995756,0.134989510002668,-0.456953923440401,0.0852720057964592,1,-0.0608860069684398,0.171903390511761,0.658576599106747,0.111196785050488,0.628811320095305,0.097609586808858,0.559036211360556,0.091755924275622,0.523196900341663,0.0985975173982174,0.531959011316328,0.0938333727700206
3.36327077348014,0.202269869151758,1.10775852260912,0.165164668413257,-0.681944185633205,0.0397589121621931,1,-0.231321315648356,0.243915039137627,0.826290612960184,0.117015409403189,0.779491655934646,0.101201455673746,0.697142506680811,0.0854588843792256,0.713868790341629,0.0890884880800804,0.748225350888476,0.0849168023627399
3.3022743612758,0.203826317350661,0.931092089585165,0.151230449359782,-0.598314380269516,0.06654609498806,1,0.20354105549288,0.175676125065564,0.746899036345707,0.109476498560524,0.714058731680806,0.101218417369967,0.629773564206458,0.0968316066383365,0.733945603135098,0.0941644934929533,0.613242324884366,0.0955089191392332
3.155487394857,0.172583715835677,1.06732423520258,0.158919420475611,-0.506768276725892,0.0664340659761619,1,0.1708427551062,0.205884265609153,0.656865150455638,0.11102754195848,0.535434939079371,0.100310861358552,0.623071333693023,0.0908026870958834,0.681767738608341,0.0859463493091358,0.687862746684163,0.0840733828356863
3.08939356393231,0.184600446009171,0.91218672174067,0.14621930643658,-0.531708472774206,0.0757604227651126,1,0.188171481612657,0.232759728227148,0.490609017371755,0.148265185869668,0.74073517977148,0.0999237883453505,0.687846511390307,0.0868470782912034,0.624519094561905,0.0869067814299416,0.774298662423421,0.0875901501460441
3.18568632918839,0.181697720396713,0.95686703067177,0.137773535460765,-0.552140988843802,0.0667725758945043,1,-0.0885888357828776,0.20616044895257,0.682650640405231,0.120418137526492,0.566860780193614,0.0970930620475068,0.749217700900717,0.0864036826133467,0.749889062156985,0.0840588549280769,0.703016250287337,0.0836755452953392
2.95693210406516,0.176155058846404,0.940014152242734,0.143979894911328,-0.544676335792123,0.0717274377133526,1,-0.209150240767831,0.210905917610427,0.721996649187612,0.117853143340357,0.655326107864108,0.0968403893329371,0.537963453091293,0.0907893473568324,0.712190730343207,0.0787628967178707,0.571614674520689,0.0907194265036671
3.0845414383459,0.192281944561574,0.919914807305758,0.130960821381986,-0.615502284446664,0.0577019786632475,1,-0.127631598438672,0.2417610109627,0.689430221229848,0.130254647550771,0.725637393443692,0.0964817956008844,0.614015721762263,0.0947958675905248,0.570193424613311,0.0915151378276473,0.663640923401789,0.0864329840748777
3.39249393371626,0.211530374053473,1.23690723307349,0.198864010172307,-0.560842546889322,0.0679109364055809,1,0.262899960229556,0.208055253487242,0.692731137520245,0.121882918375205,0.819510092412244,0.0946867223157439,0.553094733129095,0.0967390423054831,0.711012409823969,0.0862447286799127,0.771379260926537,0.0870164307287888
3.25520537690195,0.179412754792544,1.01295177969454,0.148752845752104,-0.641810636549143,0.0467044316156042,1,0.226814559727662,0.182537565295935,0.712822366931306,0.101955647030346,0.633004680884412,0.101140486418868,0.768789871853893,0.0805775344334506,0.551240311202092,0.0851876266390985,0.831485418199055,0.0827985097410813
3.03062161485395,0.199750425991802,0.977991070726284,0.151138729857775,-0.587395178326735,0.0613801643176575,1,-0.0256130573499831,0.203479775904035,0.560898022095594,0.136981135030919,0.790358880848329,0.0947367539082455,0.585161257498484,0.091909117270177,0.754124919572434,0.0914753154050028,0.499716041707097,0.0986069696684828
3.24622295408706,0.211505558182078,0.982924417433353,0.157053883210281,-0.608592762120687,0.0675140010304155,1,0.28524884118881,0.223967472839581,0.835930764236306,0.108598651866893,0.563060612020382,0.108219352969721,0.714954208156799,0.0915428473552479,0.652832233217962,0.0950454504944887,0.604427065273031,0.0928379736303986
3.32906560853786,0.187740090276576,1.15673400436715,0.166490220601335,-0.65587530339754,0.0478396253595136,1,0.0256323391359319,0.252342883853195,0.723408310034536,0.128300930362075,0.779976273167264,0.0950571220817326,0.655475205603256,0.0862685523777818,0.730003726111858,0.0844069870486507,0.707889702158658,0.0929674447367743
3.48370370821694,0.228482851073345,1.29857783101841,0.208751343982271,-0.652065754557984,0.0545058627984685,1,0.484299404061887,0.246385442778851,0.496544810583109,0.144310756399862,0.780896167141065,0.0970637141944618,0.666140537442073,0.0966918008130489,0.752225461300646,0.0903259919964737,0.746023195462769,0.0895774942118564
3.32506968338679,0.181509192317139,1.06702096764318,0.150640432659572,-0.502668069485761,0.071351804187687,1,-0.0895822125501989,0.19265688891024,0.862480407323928,0.0968265027859628,0.635570518438364,0.0949216381629185,0.747389209338448,0.0825064659194408,0.743383306253959,0.0778279248745385,0.728058494204177,0.0822857572833766
2.80833456450632,0.153222052977111,0.910631852367078,0.126237473462485,-0.529738355841087,0.0651372638981706,1,-0.266521664569011,0.191428101832476,0.604166722775477,0.108188932751876,0.746027036630153,0.0835876170714576,0.586926654786799,0.0851771110557136,0.650115066577919,0.0810626252444641,0.595692612476108,0.0840820485217946
3.37675579202392,0.213603246353523,1.16074385657896,0.18183784365025,-0.594463046444465,0.0599926996210744,1,-0.0772439574188419,0.220795758012952,0.791058759391113,0.117400472216329,0.800202810289473,0.0958423170508812,0.790711155658946,0.0843311872076886,0.60115858745969,0.0964838030089696,0.749308388394886,0.0883278897714482
3.25882941581869,0.172209858662487,1.01083685309625,0.13858485862618,-0.583099941957756,0.0594599223188513,1,-0.0334001086482617,0.22523783464135,0.714855941617203,0.119728489364958,0.718359010801566,0.0882190494587156,0.665900647456985,0.0853903703107215,0.682331632388634,0.0800376035314518,0.809183802470779,0.0805076243652952
3.61703461425079,0.201324562466518,1.33208586890396,0.187301011031712,-0.618834194079543,0.0568203930860447,1,0.180418321182908,0.238420802217212,0.831479823795374,0.111348816705569,0.754440288660275,0.0960495633378142,0.661652937303612,0.0912549941751749,0.797560522199959,0.0833089985581778,0.755881610960303,0.0830156500883757
2.92638540468824,0.171181359316254,0.821528097296725,0.125053177557673,-0.505522652636471,0.075201352108851,1,-0.215136594387329,0.1788721084901,0.763565344571784,0.109881379570552,0.539207085571553,0.100677209390782,0.475529691110128,0.0893783055509087,0.56850473593148,0.084628270583086,0.591002556175377,0.0889309723794452
3.35407760860256,0.191130135109844,1.15290474234383,0.168389287763739,-0.561133998009534,0.0626596143040446,1,0.143005117053546,0.228003898941371,0.587030172583949,0.134849347018148,0.852328719818569,0.0847107276131953,0.656739926963065,0.0890544679668497,0.729389228934412,0.0817988390913948,0.77869220392872,0.0856763905598344
3.11115293926068,0.179223638064767,1.08151999694864,0.15420991528102,-0.612581018158576,0.0538105950887227,1,0.108846667730175,0.210187114563661,0.566817016642649,0.128545774780072,0.599461031450242,0.0918855654888816,0.667992997524562,0.0852033141387517,0.713978597190001,0.0841822355288204,0.581527590327174,0.0913479051441976
3.20825734023318,0.192915230888704,1.15780619753296,0.166866387194256,-0.614279041817285,0.0587158382807827,1,-0.0695768819737132,0.223363911467573,0.687114799744223,0.114687411121427,0.768896899406072,0.0905003988424958,0.750654007786036,0.0863310489960225,0.761245900854451,0.0886597604819401,0.718719199904067,0.0916327356947839
2.99732701798963,0.176319861274666,0.97760124660222,0.144061233302391,-0.511343657043065,0.073307061608253,1,0.144060749194704,0.210424439132399,0.597190899778297,0.121756665665955,0.630456670333697,0.0956145919601955,0.581572876023166,0.0889983607518847,0.694661176105626,0.0826117739399183,0.590499123399911,0.0898506197790351
3.29138343255311,0.19220246977172,1.10062802366427,0.163451273259266,-0.673652017749726,0.0474249407748378,1,-0.0530566221554905,0.341050476736086,0.819856753227738,0.154733869513043,0.75073937516069,0.0988135760824,0.695091634738858,0.0888805327321712,0.611757631511949,0.0911476860899509,0.711147539865571,0.0791894708840512
2.96640730077313,0.172507597446175,0.902214491783363,0.128685274944488,-0.607265151065819,0.05755326697589,1,0.121426972120235,0.214616548448887,0.656273129097516,0.107155435235145,0.505591208732858,0.0981203586744797,0.657097615277063,0.0790825711289955,0.744614580438395,0.0856370807248126,0.546284770581766,0.0909647899904423
3.03704221180761,0.191672128723107,0.893751749872862,0.143532153064817,-0.526593195929412,0.0733319261076366,1,-0.55523970326132,0.222159926812668,0.808258864662956,0.12145240732669,0.752108401743478,0.0942834190048822,0.636882528878135,0.0949332983656912,0.696625404929965,0.0841501947234263,0.617533986193999,0.093118868007532
3.10983649529765,0.150564325744631,0.864692283926223,0.115053110382414,-0.578856461427278,0.0521290278745751,1,0.255868988224694,0.233602479436955,0.520885008227212,0.134914278510596,0.716594903358383,0.0881250070529941,0.695891615482249,0.0778047416214721,0.720731236842844,0.0787148119850911,0.513272925353567,0.0851524812766
3.58391578923566,0.208459122597038,1.40051464108536,0.193091264073271,-0.682171169318819,0.0437919225609845,1,0.086223452398438,0.252338345227256,0.833893532519879,0.129186785402335,0.693727644554486,0.102998740725213,0.833869656139298,0.0747626139299034,0.789314329883711,0.0793247623650952,0.76150779063,0.0828952579311328
3.04244443247538,0.168411209266709,0.806911701130149,0.113767408876482,-0.536230554339824,0.0629797491368822,1,-0.0366824810566023,0.251429202742042,0.738905230348344,0.126983228673262,0.678859935376596,0.0855338939075065,0.54707169524949,0.0915467135406619,0.590995947591534,0.0843577552324591,0.518007705673872,0.0807570823562788
2.84779712727166,0.162580662913809,0.897462391052588,0.127544237367255,-0.577207145827833,0.0582206069132434,1,-0.0350466579064316,0.204724988938276,0.523487171307015,0.112024591931087,0.589984911060505,0.0852163624224328,0.675516227090847,0.0777460450381943,0.590645949878327,0.0831391281451556,0.656062199724978,0.0857045388841095
3.34196645911106,0.236523562344061,1.04202232279251,0.173105326722049,-0.643535813270528,0.060165792241446,1,0.354139193392738,0.230523994273474,0.475820192397717,0.150322831534473,0.781237127116428,0.103648450353801,0.655810794997249,0.0964670549039724,0.79305114114607,0.0961633743476952,0.717481598485316,0.0955551996841423
2.84807307858111,0.175836445323512,0.807415441321799,0.1234004716406,-0.585794453227127,0.0625910720820954,1,-0.0237110731274332,0.21180223147797,0.61280867049021,0.126332372943732,0.485113848955187,0.104112066854101,0.700365486853368,0.0847673441564207,0.67486984993235,0.0879981964051016,0.669705966724303,0.0823855668580062
3.22885892759818,0.187308343146101,1.00909437081388,0.143463369137236,-0.606725983926022,0.0593743472258748,1,-0.0520644518890185,0.206953978538157,0.718745210028788,0.112841915316884,0.674698333847746,0.093110822804282,0.631830535475841,0.0881274202758799,0.776052301822989,0.0779277059666465,0.731931551467677,0.0803376117937332
2.9774094137684,0.193564256712136,0.893066945628991,0.137713209567183,-0.539966973508095,0.0705220130130452,1,-0.115970357138228,0.228386127520776,0.647482988375298,0.130133135805675,0.646577466532721,0.101627537476843,0.51282147736617,0.0958305391979305,0.659179096935009,0.0862994667884259,0.570022151899663,0.0968996442088073
3.07789517103718,0.172795478099129,1.01805653059636,0.144241706618361,-0.568979181153846,0.0624231883341226,1,-0.036256255452742,0.234101516181283,0.577295367960812,0.135453855124282,0.6439604793401,0.0943969082661324,0.646622025578317,0.0848819680821667,0.708518191036196,0.0820298267597106,0.810401126191806,0.0795800293439576
3.16417232324481,0.205103532813625,0.961401358146615,0.160185051140409,-0.599133904568542,0.0587188095472999,1,-0.0178851030623701,0.173880214138378,0.506227778393698,0.132678851824999,0.720607768033396,0.0995944518803648,0.753466516106022,0.0859619704910299,0.797540538935116,0.0838971022691987,0.500900006992993,0.103224640005972
3.51734399397375,0.218064673537802,1.1018141326602,0.176344025371094,-0.705259581107956,0.0495653419786975,1,0.152973453866996,0.207585682738906,0.593069800409132,0.128546994254567,0.877335679244425,0.0897106882279357,0.924245029972349,0.0860636182137467,0.689621336349346,0.0941488136042382,0.700402166413991,0.0947615682261124
3.1505230763021,0.180973894560871,0.964598962599312,0.142578536611172,-0.69179211868985,0.0410658963319501,1,-0.0363450716487324,0.224119226546682,0.663059456912682,0.115074217917293,0.816776779756215,0.0886548474491968,0.573864372393673,0.0926189138381508,0.813108326794083,0.075049310719151,0.597716284155728,0.0894108254161214
3.16685422997446,0.181735793297164,1.00798044977211,0.142666892522503,-0.553394570484272,0.0663579467833913,1,-0.105530932717212,0.240434956387447,0.766660403542958,0.126639809548289,0.554832380392635,0.111200357326045,0.700834365175208,0.0768586828219438,0.703181245020303,0.086909226129456,0.601753050016857,0.0958589410756566
3.0712824120026,0.187761244018352,0.875989666530649,0.12567141590307,-0.597231779140902,0.0591139617363032,1,0.272085485923599,0.22223034717178,0.567076709054357,0.127740409684041,0.540835280332663,0.108387396312768,0.760102209622962,0.0884893655657196,0.631873341788876,0.0893473861611527,0.608827554091826,0.0865377194596595
2.957529103068,0.180833720595101,0.889284184413285,0.131421831581829,-0.569292997267318,0.0623329839895976,1,-0.000852228856876308,0.234687265560633,0.538265677470707,0.141191311859303,0.706486084226363,0.0954330645825549,0.52479121251411,0.0964473996262147,0.73190722111166,0.0841471670862023,0.497904000099397,0.0885087173232655
3.14045612702249,0.184569796714526,0.954249830487437,0.132429288314963,-0.521125295995632,0.0676319463790269,1,0.270879265920947,0.244720581764986,0.605968821532014,0.136475141395669,0.499824856336336,0.102305146777292,0.760041029343014,0.0748893742803207,0.659498049624659,0.0811271467394477,0.524944016842762,0.0901764732512847
3.17986049609118,0.194537427160157,1.19407863873689,0.189653523376829,-0.573381187321372,0.0617399262026722,1,-0.190558435854587,0.220012088692734,0.809056392943628,0.101824066541436,0.636699383914056,0.098947515209421,0.67397825044646,0.0891808132944282,0.583497436057407,0.0932034441259143,0.750065641044376,0.0876268244962025
3.33747542042445,0.206637378073067,1.10666932568258,0.168813049791726,-0.505846078687344,0.0722592496717473,1,0.0714182223258189,0.261778653567499,0.714574252951777,0.139339484078593,0.73663790977631,0.0972857047903727,0.702523657196151,0.086868228482595,0.700286065251883,0.0803975530884344,0.686041041015511,0.0877674023089183
3.36536553207004,0.19621175323591,1.05272730569786,0.155406691057768,-0.520662471223676,0.0681086970350196,1,-0.355491185648939,0.244615082494178,0.853536771166466,0.11906270161625,0.787791480807221,0.098347679493159,0.673789184841918,0.0958252356823723,0.661643742916355,0.085649534210608,0.678245028691064,0.0838132205321753
NA,NA,NA,NA,NA,NA,99,NA,NA,NA,NA,NA,NA,NA,NA,NA,NA,NA,NA
3.01664273905122,0.181538493033885,1.03403941599288,0.152055391464545,-0.550343732888894,0.0684031347832081,1,-0.253887149500223,0.228881378784513,0.592578862643932,0.127439946091291,0.681212025909678,0.0961916929690822,0.676544622440603,0.0916414929942662,0.637076481791984,0.080293378026015,0.637519136907511,0.0833504064886392
3.19350984469401,0.188937665396973,0.932513668134047,0.139203755462728,-0.566397991533936,0.0638656575722732,1,0.12460412092064,0.265558688361614,0.625392039052094,0.146783592708382,0.782154849872983,0.0937982510295652,0.631009855175549,0.0858265653993267,0.642479859443269,0.0869684625306097,0.625126531061727,0.0881672752699242
3.14820300380058,0.1787299280046,0.974355560466354,0.138866961419015,-0.539967285318629,0.0654673632715213,1,-0.0197254067059504,0.210559708994437,0.783810289321927,0.10697684695609,0.672103409494284,0.0980403231654021,0.65707663216511,0.0889720004088223,0.651884999048402,0.0798930582931029,0.675269037332472,0.087436506576574
3.20601690000505,0.198171823930972,0.955016862376765,0.153038293251829,-0.587444848153935,0.0594774123253461,1,-0.206158868076387,0.267433350784906,0.689538690731798,0.143493288132183,0.666034265957453,0.105451791565849,0.743900469677858,0.0880863972016824,0.748534460322286,0.0844402822848842,0.659886620290047,0.0885703923127021
3.08728680630672,0.176979925931389,0.956509388802265,0.140449398974779,-0.644689582897784,0.0510153174574696,1,-0.649912451528026,0.210086327905153,0.865325347593191,0.0946912972406714,0.694039608334319,0.0908486112759907,0.671344919562745,0.0825663674711716,0.678361510910429,0.0847089455111509,0.649197652819381,0.0901177263436133
3.425383704664,0.179712453416538,1.06176480116026,0.142993583352699,-0.629523927296423,0.0490881592811772,1,0.080136072203114,0.203701693841049,0.755365462486841,0.120917522905602,0.907605079015575,0.0758967029704784,0.521512778773088,0.085428752597904,0.877200974111392,0.0732083084169082,0.682500557171282,0.0921941874524061
3.08550791641121,0.171601810954762,0.78052783732346,0.112583286186094,-0.556642277100932,0.0639866907415152,1,-0.0459209185759025,0.193460577853046,0.554974736873709,0.12543488260991,0.694055640183213,0.0933942493142022,0.698802038341982,0.0881259263899584,0.662558244736477,0.0851054185300888,0.524407909150524,0.0900470862839773
3.29848914503583,0.206804594225899,1.07063964078929,0.166073012518095,-0.614359543758828,0.0586793166916732,1,0.284582062413427,0.234284341693926,0.640751911324636,0.12937050785896,0.650196298170558,0.101699978266476,0.603299934669043,0.0930423711895905,0.801047262738573,0.0845881506158548,0.709820739744431,0.0894748355684704
3.23595456950056,0.183505280250841,0.989999866262272,0.141053892721798,-0.665594399007412,0.0454496960803333,1,0.112065122823924,0.229985302387568,0.588029044311819,0.133453897421687,0.824656926822636,0.0869759275073503,0.710628061392242,0.0895245918885412,0.719344438837277,0.0882358741165716,0.636956876502929,0.0807550264965155
3.55494362618479,0.20895528110701,1.33215126902063,0.190811299728305,-0.701631895163121,0.0451220355143416,1,0.150288970142765,0.206935819368703,0.873073216934457,0.107910292002902,0.540446809302688,0.102982878593405,0.824311805370126,0.0834175752348411,0.792478308130212,0.0841927796115015,0.854077360024415,0.0853598908972901
3.1732564242403,0.187962229528474,0.997425144435532,0.145814112585931,-0.668749179148482,0.0533759633065975,1,0.0121871999992161,0.267245156761434,0.677057385284,0.141978534620129,0.786727376053289,0.0949581540503067,0.649427663128089,0.0826827310524487,0.601838166331399,0.0948060103415153,0.750222949021352,0.0866523175277638
3.19310929937093,0.191668889009386,1.06211318803279,0.161795216080214,-0.63834466747802,0.0528546177484501,1,-0.128779209032169,0.234329698546591,0.618298809871737,0.132279661903757,0.818590909763464,0.0938134054339933,0.69474403304627,0.0978577544039886,0.714137569132308,0.0879039953641808,0.746827151455088,0.088755181162095
3.14568040136061,0.166158756701588,0.897037794031385,0.11760590606012,-0.550800374491186,0.0610248624848064,1,0.275988238391095,0.247203657754096,0.647542099900506,0.131799770678871,0.682561459169876,0.0831004248984387,0.610556573809303,0.0844626213061807,0.713441359776931,0.0775010687964542,0.684856021369876,0.0835597713650491
3.30462060420377,0.193781829471534,1.17129861324737,0.169410298750409,-0.627411369143562,0.0496428019474736,1,0.423341494723097,0.193600592478128,0.569611437815849,0.133653249617859,0.679846450589264,0.100120747300432,0.660309706256892,0.0845921560380437,0.64549146956559,0.0827851596537042,0.84727087512029,0.07899560087128
3.35213849000914,0.195188635768909,1.2797414804073,0.176623856162392,-0.625761721282179,0.0533052887864013,1,0.0732012822314413,0.236638156353879,0.597898119702414,0.133347433630082,0.851287708878101,0.0946444385029993,0.678361407583394,0.0880923744709621,0.751490752049442,0.0797617578915957,0.771788485637945,0.0843113617599215
3.50532007356338,0.197520483986734,1.08038512755917,0.150094111421239,-0.653800059523787,0.0464157124960415,1,-0.126360339801911,0.266561805686924,0.720052253200673,0.139439416416441,0.938881608026536,0.0901567240341152,0.711901730895176,0.0842985953258601,0.745321665181069,0.0803326993451747,0.697891504524102,0.0791162770125078
3.29381734004653,0.183920670006788,1.09843535150041,0.148245203206948,-0.592690748174717,0.0586129055414204,1,-0.297911793862633,0.213534211241025,0.96535493667503,0.106132698414611,0.621921801203496,0.0967511345114802,0.804128319856686,0.0763191545939736,0.542757461285873,0.0903885178296983,0.784690489858711,0.0769155765931342
2.82694229974055,0.147040118997426,0.686139331302833,0.0944535189671754,-0.531923344690144,0.0578453490774951,1,-0.0784077411560615,0.225029010394908,0.531477405688949,0.13986146073231,0.729624645641414,0.0947628320357349,0.575213557831514,0.0814757678294234,0.450257726178055,0.0850769655919118,0.749525503668819,0.0741520934939839
3.12075080719987,0.195766361436864,0.706963562300566,0.114650506803607,-0.671478810611712,0.051907616901122,1,-0.0521585579029937,0.26230176570883,0.700373104736967,0.129563224314428,0.692168174921516,0.102894610352642,0.655514250999472,0.0952516207587249,0.581856671180293,0.0892535541813405,0.752976960440378,0.086977715859576
3.35513019680419,0.208421282619279,1.00743450542024,0.159593574621267,-0.629997108652616,0.0546480966841906,1,-0.0302015723279245,0.201511103425502,0.733192428690237,0.125575321478707,0.786269118593023,0.0978601285808924,0.712341736533456,0.0888287954218343,0.796932790210216,0.0861750470828643,0.800179089174414,0.0886114927545285
3.37472548603785,0.220260650233748,1.20506192837304,0.186546155656816,-0.645994386348482,0.0611743834938904,1,-0.0696454761711387,0.241045807244225,0.750148143736072,0.12600766927779,0.782272303153202,0.10421269720175,0.679627635102083,0.0951273295662028,0.73114036781082,0.0856034000896915,0.80445328420586,0.0901267183810005
2.77594733088656,0.148113137786745,0.794246472416708,0.112423099221443,-0.495596137051741,0.0697794129256883,1,-0.103399497109587,0.196573429959574,0.611138431421917,0.108430014243872,0.658619553949889,0.0909232869646002,0.458640938542147,0.0868742796790231,0.580469919803605,0.0763556194335032,0.463933912934154,0.0853800604285409
3.11697719881988,0.160771433867628,0.951014882993155,0.129898707177834,-0.602737586011086,0.053150068784343,1,-0.259775378732579,0.279157283366399,0.8562022203809,0.125143957397106,0.663547246653609,0.0871204311004446,0.569617563019748,0.0856018754960395,0.733970088745904,0.0755976350159181,0.668162040626584,0.0836593053027408
3.14266049416566,0.183900470663929,0.941130480529839,0.144563985175425,-0.624563050905793,0.0564796795843539,1,0.179053925850689,0.199909656989785,0.659282032526098,0.121767501447166,0.691893176264856,0.0894667529027443,0.584370366007546,0.0904753954887481,0.71797874543529,0.0846373270041447,0.660314572276161,0.0962866550997038
3.55303165670283,0.20552996196333,1.18738840576284,0.171002767728073,-0.643954243716376,0.0553136365058776,1,0.314309758830523,0.216747175065493,0.697340975166303,0.116678163203403,0.776471453598792,0.0959619244507783,0.789070311335472,0.0856822129372655,0.829627038207965,0.0795041632771827,0.640554298529034,0.0906251014380508
3.62987168108888,0.198345355107965,1.40176434719211,0.187325165836882,-0.711925527513984,0.043681421805962,1,-0.261171961128959,0.241225319603612,0.893772563888264,0.119954932842515,0.934573689913349,0.086355465973137,0.687645192630585,0.086230951761575,0.769040675945225,0.0764659931666098,0.915323861708929,0.0838716436277732
3.29943388237684,0.171199592940876,1.19030947576674,0.154337202144473,-0.656168549243026,0.0450966423884236,1,0.337738226445954,0.21243096982143,0.645905740737784,0.116416167857798,0.678469458048594,0.0823588687143964,0.763777994702652,0.0777742347691817,0.664383888080706,0.0858191615135949,0.810333686897182,0.0769443489916704
3.0119114394826,0.172184471041617,0.977059634819746,0.137277784940686,-0.597985335628084,0.0531050215252927,1,-0.191415109752758,0.211078722087949,0.726931045192724,0.106715509256701,0.73794411190399,0.0843336748507601,0.725588506119138,0.0847255063275834,0.596371015236884,0.0829119131477889,0.572430671265718,0.092583139067489
3.13025119309167,0.175899954982255,1.15242588030965,0.164723703397471,-0.644661966175474,0.0508811243366731,1,-0.680073382317631,0.309383618835678,0.777578879776494,0.143557454363156,0.886680093731546,0.0850498253753973,0.561483901602331,0.0857154229648256,0.783728447312018,0.0790553761438275,0.752172016786173,0.0822314976499146
3.29149123698532,0.185878653926759,1.0917101762653,0.152763040976538,-0.618817116858046,0.0535543773865475,1,0.0216824632207322,0.20767076027115,0.765658754056933,0.111105386820894,0.755060708245563,0.0866029425435884,0.612975574835365,0.0879972688443181,0.86203547165156,0.0784073017305668,0.745767469378629,0.0858512346635518
3.52158332628854,0.198482176178553,1.2663443602394,0.172454145789047,-0.688145287687666,0.041522409449784,1,-0.0988822578256706,0.243685432744676,0.750406130595485,0.131217968021531,0.860242251791642,0.0895874565728452,0.90208235217044,0.0789090876952944,0.733604897156934,0.0825383679230171,0.703844301215932,0.0899735377917532
3.07999441091621,0.1719613280467,0.77139931948515,0.110380417409332,-0.451248944569483,0.0747613240443451,1,0.120861607836126,0.200876203656491,0.573824961644293,0.124602138383998,0.643629810940351,0.0896050981561465,0.691084984725211,0.0842358037237284,0.714484908827524,0.0854397408838854,0.52970087274049,0.0951907061563203
3.11791963904607,0.188645266674741,1.01359102867606,0.146094336453606,-0.587890390792261,0.0592783194885548,1,-0.225575599571807,0.240192733865805,0.725850912377874,0.128018116090408,0.736793750928757,0.0936646819846991,0.764947649661391,0.0838251228447015,0.567506420476251,0.0859436900559591,0.700375762515601,0.0836604020733547
3.73714876601175,0.238687198947493,1.27874748573267,0.201340580735839,-0.734627091554533,0.0440532109158789,1,-0.148281027047683,0.344781676644886,0.719917331489349,0.163679594265266,0.855716849311282,0.108225928717744,0.882186270264275,0.0899049232115396,0.835779297584169,0.0841308605208289,0.885803442781762,0.085819621997372
3.026837623643,0.185371613859694,0.764091235526284,0.124111492815274,-0.574859389921947,0.0661944196957484,1,0.264858577216712,0.213540796323543,0.413038238974528,0.134225752771891,0.757653905243241,0.0911985315991271,0.529620764602243,0.096428280572313,0.729448760751188,0.0836658537769903,0.557483159554653,0.0925952807237943
2.88554334328194,0.157643583666712,0.812678239469365,0.123526365353151,-0.551374739993309,0.0581686709026124,1,-0.336247276803853,0.247216853410461,0.668130988057698,0.120141481960748,0.700801327278206,0.0902992967035721,0.596192966989112,0.0800987218692028,0.549524173814209,0.0827422823302214,0.631066345705679,0.081495314096288
3.25839771700954,0.230348259519031,1.0531713408508,0.176643524860843,-0.673355414688685,0.053399928740297,1,0.000971430267151394,0.207630832602341,0.742499189420483,0.116234163267453,0.722667530650715,0.104478386473828,0.624591655408336,0.0942361567704302,0.664423772835173,0.0935416356494957,0.681047879323393,0.100094270971677
2.81745443959548,0.176505129050041,0.744671348798665,0.117979648093048,-0.491226205128593,0.0773735418253316,1,-0.342429774588427,0.220172291573222,0.593023580846773,0.13838713426393,0.581672332075814,0.105738460609902,0.641840043270703,0.0913140311702166,0.607764263318426,0.0848865054211273,0.679275729393945,0.0840652004772065
3.14933773724657,0.202893772173023,0.981284870449297,0.154877609575344,-0.616965842119732,0.0591258919136171,1,-0.215730448359973,0.212614723501814,0.725622206357496,0.122509238168159,0.691741416445864,0.0990437051983746,0.692953782241445,0.0925267023794526,0.708458650190707,0.0891797429484652,0.699882943821266,0.0853975535442228
3.13356891890688,0.171789627793361,0.946861242851023,0.13464935323725,-0.658791984850728,0.0444808760809666,1,0.119527419818545,0.215453671992552,0.521378298769557,0.141935766290873,0.594272315743555,0.0961343489555823,0.72813090620729,0.0856425528809503,0.687979794894846,0.0789133450656144,0.819195672332774,0.0817386676606208
3.10785565080087,0.191805816957676,0.892001715658445,0.142313963374104,-0.52131141373368,0.0747519200925598,1,0.0208508500362826,0.208320929259634,0.668575761804996,0.126274402566237,0.737662197998406,0.0876286373226797,0.506333983991439,0.0894039786278411,0.656558953115439,0.0871595981364939,0.675651738668923,0.0895737145774643
2.7593582849687,0.143430682673212,0.693973784842924,0.0929601870412743,-0.471512176009005,0.0658621828131573,1,-0.214557830091486,0.211485375662708,0.611547159139163,0.106756802661704,0.551952622122999,0.0879168333743699,0.684485790012617,0.0778729032901779,0.630290813211504,0.0746237201160185,0.521570552116898,0.0818860498817273
3.16883256220174,0.16566315968573,1.04549621974975,0.140336461476887,-0.536289690644774,0.0597411640572926,1,0.0435008921191381,0.203391535220685,0.630155546017735,0.123105853307314,0.747794517293126,0.0856117580162348,0.670434056921539,0.0796586026613446,0.710870982311912,0.0764516093815278,0.660069300926814,0.0857997850964633
3.14499698288093,0.189739641164019,1.03175036047834,0.155749723612244,-0.583504742604671,0.0604587070028917,1,0.0280357840142706,0.18035289693904,0.609376347096403,0.123125311331003,0.568018201088061,0.103860220122691,0.747020773578003,0.0884567847820413,0.636901569821572,0.0879707263592935,0.725334759008163,0.0851939042012185
3.33854295051788,0.183578947212193,1.00855914092647,0.140133869330011,-0.609783010934436,0.0583761160234407,1,-0.00542829936133518,0.237528240948606,0.785345255469547,0.112834357680251,0.562386277451485,0.11270219653097,0.76296398339234,0.0829991742526757,0.822779141590658,0.0836683570724094,0.729041064533832,0.0843549203957206
3.22869611841042,0.184055001506183,0.923480824532854,0.1297874053081,-0.696647722471008,0.0454461255125177,1,-0.444989460399633,0.274145638874945,0.800748302982,0.140131629185504,0.75636170489161,0.0949163100481965,0.698630076244835,0.0900794955895584,0.800628331213703,0.0820058229174078,0.710196812387513,0.0810660865221672
3.31015566326877,0.184400847014326,0.884912074855347,0.131264361001515,-0.556735818480591,0.0643795268674655,1,0.0281181317809993,0.232565144760273,0.660682325970474,0.140901100322333,0.836460728475509,0.100240083368656,0.730977920798938,0.0747314842267438,0.723304045427339,0.0802825172311632,0.717078640642003,0.0896517286088182
3.07321670571308,0.15881797845198,1.15974328811335,0.153001890703132,-0.609153328641022,0.0546024158501371,1,-0.206520145967563,0.205765000870625,0.790152713851324,0.103228112510652,0.653263823099154,0.0838107918778939,0.640920786217854,0.082600680455931,0.597525167895672,0.0797575670050082,0.727194312789565,0.082392173633181
3.09671449339862,0.172925162497203,1.02595092749756,0.143083140672954,-0.609088615266511,0.0621625853156988,1,0.270635973203253,0.247300232230143,0.602671619510508,0.125798467036043,0.483634192605283,0.0977426324721278,0.85289273035927,0.0817460442490679,0.602682848820565,0.0872384621032724,0.496797789825134,0.0878043610191143
3.22835309559133,0.182605749323431,0.948176433314825,0.132986984894176,-0.617357869678783,0.0547191117271291,1,-0.0440437332672994,0.19239553379683,0.786788762266005,0.108492473466955,0.673567276182797,0.0949474454473853,0.768995699280515,0.0847933125271847,0.632473939148299,0.0822235245685621,0.710440195228303,0.0795200848144026
3.12682726647555,0.194818631483094,0.907108746993055,0.140808945314228,-0.538167845196977,0.0742819136273393,1,0.162137509061259,0.198879763244842,0.595661981926529,0.134968633912848,0.60901630832062,0.095260733120776,0.569204844036445,0.0911928095858777,0.631272304823001,0.0924480112508191,0.632165337070663,0.0904939959881828
3.06952063531708,0.188435720220289,0.940466126888632,0.144353824368087,-0.623108853868957,0.051450553106835,1,-0.564117854455925,0.250125274223827,0.883512787431521,0.10525020277705,0.596490100080211,0.0958404386129085,0.645882992677171,0.0913312062920521,0.701780107174274,0.0872229224910235,0.668106146224224,0.0877117595058943
3.20683948240175,0.182434220314381,1.01707194231762,0.143701921372362,-0.650435307088412,0.0487712679670981,1,-0.274899229257574,0.239814063717088,0.814462799629666,0.113486474201415,0.718672240659844,0.0895565535490713,0.728500660847591,0.081481668832846,0.736610256975866,0.0824362426158836,0.651057888211827,0.0864663255832643
3.01263230192398,0.190778260926784,0.861073378836836,0.132383615750358,-0.483194698982749,0.091321770058592,1,-0.019709262190078,0.179037356885925,0.685147043666711,0.114833678953101,0.601755705984678,0.104292880734311,0.650361201072024,0.0972835989448874,0.612784213733652,0.0964841609609768,0.704040404609407,0.0915458689272369
3.56000136220786,0.229548400368119,1.33747779370729,0.209980577127469,-0.657466546670783,0.0524567846867129,1,0.502113347415915,0.241921868903226,0.520518103474438,0.146709615276627,0.920099296946941,0.0881430727357129,0.700327503768795,0.0930517562525154,0.757402514051391,0.093334212473468,0.847405444082485,0.0837629309359073
3.21030728851504,0.171098721968809,1.08058443465524,0.153634610088884,-0.594873590336258,0.0541379422169905,1,-0.0051191293918038,0.193245526340294,0.757261941980519,0.10385453248765,0.659641028337153,0.0882197944820261,0.617435534075838,0.0823161475229516,0.586465792354549,0.0846824365609052,0.783940596032403,0.0851095869375663
3.05467535728237,0.193277691511233,0.905804687005389,0.140372950587429,-0.596076801375505,0.0611818880950023,1,-0.351116309327867,0.258137199534464,0.650312528167733,0.142831860657921,0.730661381451202,0.0903696899406375,0.679266445853014,0.0840255592566603,0.539700267628643,0.0921924918817285,0.787868313436618,0.0920749662035709
3.09162700710724,0.182059920320323,0.801192072405148,0.124343694622395,-0.507314544302226,0.0734133202352184,1,0.126862246094493,0.255221047996661,0.626493516805153,0.133878798465179,0.670879330461237,0.0988911133944265,0.619121409943828,0.0938266120863389,0.663582278618898,0.0834345105717328,0.566288236457882,0.0875811373761649
2.89347532617848,0.168953027986508,0.70347108337994,0.104282354487306,-0.560753303236603,0.0677262717147044,1,-0.0458214163524593,0.195658084623378,0.604947810925854,0.1216263684849,0.709674323559722,0.0961120009829939,0.557007636001102,0.0885028463265335,0.564951110253901,0.089889890735904,0.552672792383714,0.0912677479343397
2.88053966073406,0.159041379113973,0.750940161676281,0.103740017403205,-0.551668340803959,0.061542216416269,1,-0.242701890454777,0.225879987150832,0.745197451576725,0.113799365831058,0.590920943456716,0.0965340986667636,0.662334368377671,0.0816118652044164,0.538421214779954,0.0829034410586121,0.568197145373266,0.0860488100358901
2.99780936722523,0.171505871728823,0.869398453140178,0.131882983053356,-0.436655634204067,0.0861704565577198,1,0.0970168661416854,0.254510124263968,0.559201502187411,0.149389528770311,0.578163417559475,0.096600413414615,0.624281320412472,0.0893656219542569,0.60336305547311,0.0846089129697285,0.781318252242105,0.0841042082908126
3.15600782751012,0.183025741285413,1.01262704639514,0.142539181922911,-0.594370155156555,0.0609403680632888,1,0.0551107512298234,0.213856039720724,0.696157199147547,0.111995610658237,0.684122742060356,0.0912739453470186,0.676585360669084,0.0844486177420159,0.623932919899014,0.0873328049325605,0.669135044588608,0.0871927039480068
3.30848418901609,0.234333440503411,0.971486056613159,0.167983704881222,-0.602111938113402,0.0645555877047531,1,0.0467742718305853,0.241150068093892,0.755122458168529,0.126660543276147,0.724489302081798,0.103780736787491,0.595669115873051,0.103865303043036,0.749764543384897,0.0927151388614067,0.728855492613434,0.0919989784266335
3.44779848889871,0.229984660914183,1.17365965754157,0.183650760373813,-0.617610736411667,0.0583867360169311,1,-0.105594359371707,0.220953198412269,0.703547432298174,0.125288593725989,0.813363172952925,0.09967676339377,0.728009885396075,0.0865000399463718,0.79158866364542,0.0926653027957044,0.851141945673125,0.091202606934056
2.97124526136125,0.158403918360375,0.851301234289053,0.114985481911633,-0.637168853333527,0.0511526702256077,1,-0.322430596340877,0.200040167988288,0.800919929536542,0.104436297890329,0.531919828713965,0.101394012942,0.600706420722286,0.0870526169059444,0.786978136174227,0.071581409512878,0.687442643055061,0.0826694374474016
3.29738770012556,0.237022172946898,1.00898458605347,0.171535565254219,-0.667628698555544,0.0530376305128605,1,0.313358882402201,0.204434634469523,0.56851534852813,0.132142784676345,0.647717286161364,0.104947541868094,0.819605787276762,0.094186463955342,0.697512242206143,0.0966003505162504,0.656125612393202,0.101456973206797
3.41281694270627,0.203649778548702,1.18178291735522,0.178461913703821,-0.57030716132471,0.0684460093908764,1,0.327865040198048,0.235901046335694,0.519910094337786,0.143492516456759,0.763031131024618,0.0975682685756647,0.710625589626971,0.0862693786371629,0.848426361646036,0.0854881104441089,0.700519774039756,0.0937693645417972
3.22080980765542,0.174850970808955,1.12846166898253,0.150578218171837,-0.554042010530439,0.0671918890023944,1,0.0996578695172404,0.235701269892444,0.633704406853786,0.125730457647756,0.662636625274725,0.0959878056533467,0.805235187392109,0.0806876027290297,0.588684335503193,0.0828783399567231,0.783346629801246,0.0814462190021536
3.44483764598784,0.194636888087093,1.07713309626558,0.159218804024324,-0.6442537030969,0.051791571487203,1,0.0537758146498891,0.264223839571994,0.781835040949958,0.131495511030564,0.84963703338559,0.0838807539842313,0.737017786365988,0.0877759817119131,0.634722250221286,0.0895335302504051,0.744900561539598,0.0870741899482719
3.01859535944408,0.173826370771931,0.915455188008694,0.137075132236456,-0.553585092860943,0.0689785107205028,1,-0.0655893331913456,0.209490331221717,0.737312590231538,0.113754471598938,0.491963255364772,0.108685575844056,0.725072614220858,0.0823437491827117,0.640629470036379,0.0824023355914489,0.57876541296382,0.0906733134446313
3.33978272017325,0.207534356942782,0.95620904778266,0.143887933426075,-0.610080203573215,0.0559253120715685,1,0.103863998948018,0.201283938595078,0.850730171158112,0.101852836494661,0.686227368005666,0.100863784398081,0.681062093762134,0.0890468906546744,0.688113404526305,0.0902896881332253,0.626737198238829,0.0885423466162942
2.96633991120677,0.170743374901411,0.817844435141112,0.118900952863599,-0.524111204739407,0.0687660046700965,1,-0.119204368493325,0.238512863916219,0.56676004953098,0.140453129086656,0.761557153319243,0.0974786631699594,0.644325904197464,0.0839050225560367,0.58995612213308,0.0843545566777922,0.637815833999331,0.084961032125375
3.18054705216683,0.178442032675819,1.00656328438329,0.136827132868854,-0.615870236895067,0.0529324852430059,1,0.0455170245781819,0.218003119561564,0.744249727792839,0.11556857898028,0.560948637079004,0.10263550549439,0.597685133067015,0.0848754257437406,0.708272329607047,0.0772546502668642,0.707170821566805,0.082416045233096
3.44402875649316,0.199089491793211,1.20693137305533,0.174581483815354,-0.66765749831808,0.0474078299236151,1,0.0384949377262259,0.227311248844037,0.853550279018697,0.110958691007566,0.757720522858141,0.0918576012802017,0.542174721939298,0.0908695381084869,0.843194413952871,0.0790998536106353,0.67563781531832,0.0944661301742664
3.35546519860677,0.19214156793605,1.18544310091223,0.171604507127596,-0.663984590389026,0.0464739048793677,1,0.0450166479501926,0.270317004016486,0.75497255432359,0.139688310434245,0.789486247493345,0.0978449303204895,0.711202583275545,0.0834529937380823,0.751389622672136,0.0823753223243044,0.744143403079738,0.0774038903748827
3.20887779501147,0.161236494092549,0.911281519166829,0.122529152723109,-0.563885168708204,0.0587435048806868,1,0.364413568014709,0.166865450777073,0.521260140799471,0.125362214793853,0.674049059722917,0.0933595832675715,0.687379807679918,0.0735255628978922,0.653667740213434,0.0817161820653694,0.584144509317879,0.0880906230266871
3.46166919939031,0.213504144663488,1.14891408565172,0.176601751557752,-0.70170518151638,0.0433136744544207,1,0.23200317182669,0.252213306078956,0.716730190518354,0.136432428987065,0.656108572176544,0.104011331379316,0.876599117489424,0.0864536958534936,0.803107702686931,0.0829812080478202,0.682375640133096,0.0855910379369706
3.43308058543396,0.194575629612325,1.14547357115196,0.170824747832829,-0.657576007253873,0.0514680566649271,1,-0.143883169526929,0.264791556095561,0.888449961854707,0.136040508546695,0.718181128796068,0.0968105618935013,0.870651350365869,0.0851500397508127,0.726052648740838,0.08713457391768,0.753917629829053,0.0844872279501244
3.20551855772498,0.189920244217442,1.03761892461001,0.149296714301993,-0.580856192329308,0.0583368029747602,1,-0.197028934503103,0.243115259868315,0.791062385568824,0.115294029404006,0.763447007686285,0.0930249659947704,0.784246608617717,0.0761544199018142,0.639297017885009,0.0887864429287605,0.532538850538573,0.097170708186458
3.12966427327579,0.180535660090555,1.07756705437935,0.1666688356469,-0.643279378098569,0.0508058571320584,1,-0.141173072962389,0.218039376140553,0.654041195048916,0.122720363652221,0.749837652142434,0.0833562704868561,0.573520332764841,0.0952015661277186,0.57355981693041,0.0932895807274431,0.817450856813646,0.0818126147839635
2.94855675047669,0.152744438643342,0.970591891218064,0.128084079052749,-0.595207024559153,0.0543725751835887,1,-0.0684075887743539,0.2273779163958,0.735072598067431,0.108207114212824,0.582574664300491,0.0972272888271085,0.525123873325095,0.0884158446905159,0.728585225261515,0.0771211653210965,0.582902114434563,0.080835438032928
3.22807321832485,0.162940988291073,0.993683715564807,0.133532485625967,-0.567049089032354,0.0599467487223206,1,-0.0104965497346627,0.242812590126318,0.728508537236253,0.128070073868659,0.568893721619377,0.101539523521551,0.701781042928574,0.0857024533443351,0.649163118123219,0.0754746808008559,0.595134820826089,0.0800464199052062
2.89773533083176,0.170313207214756,0.884731933433948,0.125920889037022,-0.609332816522564,0.0549869908069218,1,-0.140867163398312,0.191991190840998,0.73686172970439,0.110814403972961,0.582798115855781,0.0932813080327259,0.629595202168825,0.0856548871318317,0.629473336111063,0.0880475328375018,0.690766696936394,0.0798495241307739
3.08511337237687,0.188626148971009,0.86476848008803,0.140518933880099,-0.496004328865104,0.0755866982563902,1,-0.133802206709581,0.24318943844787,0.649030934030303,0.125277447925615,0.614792939394131,0.100752804308939,0.568793736769487,0.0964945542362943,0.584205502301446,0.0830652229191073,0.71593224899588,0.0845277832826065
3.19668711353768,0.177710702321623,0.956709962267626,0.136326356262006,-0.641188959571305,0.049708418203927,1,-0.353642382917122,0.222694140385699,0.848766434285996,0.112268665581988,0.782657610777099,0.0811456427937262,0.728520593732891,0.0778710368741557,0.618185332544496,0.0893784842803632,0.71925895976681,0.0887424997744014
3.10894323826419,0.198202964623451,0.836403742708683,0.134162810523659,-0.642529642717355,0.0502637811885052,1,-0.269061195872308,0.188652465633772,0.656496355126572,0.118545346849556,0.641737890651575,0.101371264594275,0.675154474695613,0.0914242708684394,0.719448275950291,0.0827898913602601,0.621195689245441,0.0935587984646876
3.1362552039843,0.190016206192235,0.993131423559707,0.142574134245147,-0.671497093440767,0.0498144923513245,1,-0.400809705150315,0.252536367320285,0.868714769664252,0.129771340311219,0.683491959531817,0.0960947423112473,0.721852887650922,0.0831159525094085,0.702221604217733,0.0889275933617941,0.751031751989987,0.0867836444014145
3.24932210868742,0.204361558837369,0.961552609713628,0.141864592157999,-0.673293665526815,0.0454753150008834,1,0.317226458578425,0.240149153199943,0.516689296347464,0.137090434371722,0.689418245549203,0.104618681515492,0.795226477939588,0.0845506398444418,0.538006277894227,0.0935149518125407,0.730758285029907,0.0836242513670127
3.25065381524454,0.187082705243796,0.9814000726517,0.139689773252696,-0.616341208257246,0.0542562227789412,1,0.114094693447811,0.203989534124179,0.803565629624525,0.112821191213947,0.612633279578686,0.0953930205146812,0.646608109155651,0.0876103134026363,0.790732383723759,0.0762713158811223,0.71367471043857,0.0858561715211104
3.03731799328868,0.168478367685809,0.870605593489204,0.12491025202274,-0.544975743713538,0.0669384654533997,1,-0.0801990685643007,0.197731430889867,0.69740564755987,0.112045322049941,0.404399205651965,0.109193052350666,0.757658984325709,0.0854591877038453,0.635304935631238,0.0816598015915998,0.684616916011102,0.082800348202854
3.25947619244379,0.200113433188433,1.06273286336037,0.16565979268056,-0.567587353028456,0.063466743610529,1,0.121398555254885,0.215951964816937,0.639044351600041,0.123218217850809,0.699180963956173,0.113562448372302,0.708596924264538,0.0924280325101936,0.557985083431008,0.090302193745474,0.783304694088863,0.0785132731382053
3.0967021408086,0.174420330379742,1.01881722906116,0.139418032178277,-0.55373074041314,0.0583268520087279,1,0.12896164833181,0.241248011179753,0.711500592112403,0.120009234120832,0.569765330705051,0.0952911237157791,0.659252483953757,0.0863519155036093,0.596175993044908,0.0817678928040115,0.663159641634334,0.0857199536326712
3.57191994708441,0.222890783454003,1.46655567055852,0.220787337005602,-0.701038708032486,0.043713101647884,1,0.283532162103007,0.234865402211662,0.584235036451286,0.134837373658215,0.916257236628471,0.0920254825751549,0.827836299158649,0.0832097316695654,0.714753398687359,0.0841591576337295,0.746983211554024,0.0916052250824715
3.02472509396818,0.158445303619623,0.819039145484585,0.117336644732323,-0.496670281245974,0.0655625413656536,1,-0.177202331350185,0.213262004064906,0.569079971054683,0.135461052901772,0.698121494736262,0.0833822845057427,0.674788452551681,0.0780586693301029,0.709137171619756,0.0761415210096934,0.620069335650622,0.0879735136529017
3.06629536139028,0.159138156370751,0.90385486849592,0.123691503214551,-0.525336502078172,0.0612167688706484,1,0.0464410417304298,0.200825797619675,0.68074105329561,0.123142700298344,0.515878757379571,0.102088247955291,0.626188587015484,0.0797170476810166,0.651045171174112,0.0785849649691961,0.655671352356209,0.0807652047094647
3.03723140021424,0.166252144715111,0.972957177353926,0.135025995528897,-0.633002523098243,0.0490962013430169,1,-0.240183044013633,0.245218008567833,0.665621585089488,0.12990662674276,0.760808655891803,0.0888232246891556,0.627976865171116,0.0813577806551776,0.654746676384185,0.0778429384137399,0.603697608705819,0.0821855866620784
3.38956303716885,0.223075494144995,1.06003354072017,0.169626442120339,-0.5916250234291,0.0698364730410699,1,-0.100430908014323,0.203882169359174,0.822781697029898,0.119752295246029,0.884811414881701,0.0969643559870049,0.441795683446075,0.107109100579914,0.853857754286152,0.0859591889415194,0.635569011821343,0.0934036751696714
3.15516489407282,0.18838081191463,0.998040884677147,0.149149089146026,-0.491783972173423,0.0727691189475759,1,-0.267692998736784,0.236699264657698,0.786425459521377,0.128543630097109,0.633484450920809,0.100372959469034,0.682451690638474,0.0893752500223372,0.713128963439065,0.0914485471712169,0.496338787248587,0.0937835083372144
3.19308834662858,0.217630929826227,0.9697502044966,0.157777412652627,-0.524935846790174,0.0708839840235964,1,-0.0853770073967675,0.274742864305357,0.614195588072519,0.142071235266514,0.798765883049274,0.104162026979374,0.672008963736919,0.0899545144150274,0.790252567196515,0.0850477274381118,0.646733255697025,0.0945453528288643
3.13599771488115,0.179233186537589,0.844125468472891,0.12496121046346,-0.526383958418107,0.0691901759224555,1,0.118825507716589,0.194055678371579,0.453123203936876,0.152973490011012,0.849982797113671,0.0902056097782858,0.718507114028864,0.0823607777868644,0.614727149149919,0.0846950965952551,0.653566847019801,0.0908142486295915
3.22365506439999,0.191461984870361,0.735194311477032,0.11585932094178,-0.593670387216576,0.0603126973054713,1,-0.185113616582213,0.239453627962955,0.690558838382775,0.147655336148066,0.648437328245552,0.101225935015383,0.72896447398677,0.0894882095207083,0.832120020393845,0.0830866973656731,0.586437910556013,0.0937765946761542
3.30214996083558,0.22427769533257,1.14141038562572,0.183501495632123,-0.526202280503356,0.077273485724629,1,0.357581127875474,0.237145887618487,0.580637491810086,0.124853866628805,0.458825928368313,0.109118309021428,0.746988996061917,0.0931906186751303,0.700247319878366,0.095708185516027,0.815061746456876,0.0898760776359148
3.57366228136145,0.205827288297264,1.07799416388493,0.151289153915881,-0.658548950946288,0.0502055406387481,1,0.314570344681617,0.262893867299524,0.640733093805344,0.143309931110811,0.807456414098244,0.089820313533505,0.746556191388903,0.0811137498598016,0.871354668183997,0.0797743437401618,0.659478909329788,0.0951220469253953
3.50517451117685,0.230079220173705,1.15515277632758,0.186497893504916,-0.63489213812552,0.0620391000355189,1,-0.181593392063015,0.255021507051236,0.916083409044359,0.12046808517065,0.798325178866301,0.0948910424301709,0.79246692457815,0.0854243563982943,0.662603560421806,0.0934035467700667,0.784253299640257,0.0924100858710962
3.15818014414181,0.179546029176957,1.02421112956134,0.15100774715279,-0.630778545938487,0.0538423464033502,1,-0.252804772710931,0.208749894899816,0.801175093953869,0.119828766553462,0.699699320030268,0.10047636517923,0.619270821420216,0.0862372720638379,0.671856758769775,0.0869579679496199,0.80643998644811,0.0737335422284297
3.30651588513369,0.202837518076049,1.11910031516794,0.161418279047369,-0.590462116368756,0.0594535296923194,1,-0.0900758039475239,0.274819427091223,0.766480467655311,0.13436729886469,0.673221321082719,0.113450124811332,0.661237213937106,0.0896734089282025,0.765455870951209,0.0813827717011183,0.640679362154768,0.0873827487186253
3.11029204243408,0.193269103618254,0.916597116641273,0.139766064498306,-0.523644725684641,0.0735730485802866,1,-0.111634018656185,0.222133299768593,0.654634359744744,0.125032016818491,0.863125030742546,0.0852646297213536,0.452307182074542,0.0977107472628904,0.654129942348613,0.087502886338401,0.708027751505049,0.0876801285002107
2.92301352039205,0.156339890694186,0.959095067928752,0.129984792061534,-0.536475181350326,0.0644386735047082,1,-0.392551205368974,0.238134878238694,0.757907777564485,0.12301365281659,0.618362758929011,0.090692618636325,0.642535541487978,0.0836944854186046,0.694053923262961,0.0752963306029847,0.643418566673442,0.0866828634300093
3.45560002067693,0.22818594397384,1.22438409946132,0.201458195381588,-0.580300010273111,0.0648639573430327,1,-0.0508344646110519,0.257482882240794,0.814015068847095,0.114401566173543,0.805274274416754,0.0923335951595212,0.674761259634021,0.0887830248830665,0.716167455112077,0.0896504932142293,0.777814123568305,0.0923227507136154
3.18162854448656,0.178624014455126,0.981637959268648,0.1431202429805,-0.655476568350793,0.0490057543250216,1,-0.206874880401884,0.231892813279755,0.806180896499911,0.116792339934748,0.621258674301488,0.0963525194386369,0.596074327069418,0.0867219454077601,0.815550057073008,0.0835344750600573,0.727112385187892,0.0829519048646885
3.2060131634341,0.177834579285041,1.20051884244327,0.166498544945288,-0.600825772077255,0.0544295453168216,1,-0.12234833286692,0.222256041458322,0.550419397230771,0.123222733853696,0.818311404682457,0.0810762250569364,0.754280277744101,0.0876205908172125,0.66686692553143,0.0820498190191454,0.742852725083314,0.0806696664681334
3.03172573471152,0.185313014025668,0.920661192086736,0.147079322397753,-0.560069297000448,0.0646277339624765,1,0.0523072018605288,0.22143849310169,0.477022250920491,0.138036553217276,0.758391476761799,0.0914533245236104,0.579478290137141,0.0984766124512536,0.618225712520226,0.0867393878435614,0.761817275807931,0.0785873581819774
3.2051591866029,0.179390000315424,0.971214607548966,0.140826287727528,-0.583470412024706,0.0592733352818025,1,0.0549460836861711,0.231347812065988,0.605923587933362,0.128949651261247,0.761010438311324,0.0843645243596794,0.768842401355285,0.0808398748296923,0.644344037972282,0.0882895089767585,0.634966635494094,0.0855357462745091
3.46767272580471,0.203651849873262,1.24084098573285,0.175887800519734,-0.639949362071323,0.0519438204594173,1,-0.0410785889045445,0.247799989308999,0.761092471008931,0.119702117886634,0.818592512645719,0.0856456411530632,0.734469087519559,0.0853842073845429,0.781488768507195,0.0832693834421619,0.784418711349123,0.08121143990272
3.15852294926501,0.173445724450652,1.04512963970827,0.150592640389108,-0.617891263812348,0.0545785384549651,1,0.0824921498879487,0.203731854520942,0.582027191652578,0.120468049735594,0.74960166475178,0.0846368241342361,0.752383657928628,0.0826281489116772,0.759990882147042,0.0818706152589906,0.609706133471997,0.0944672150574387
3.57128387443177,0.223698790334711,1.29556387091498,0.201719358938465,-0.705326188052869,0.0428423974568942,1,0.0824630209054464,0.244287567399542,0.738577357233871,0.115778386362346,0.827034462842757,0.100103572887972,0.735746303358522,0.0909197717849513,0.852567060016949,0.0867237414538787,0.726936726980557,0.0955255123084076
3.40629974322761,0.224488263312536,1.17722536089781,0.19070087993246,-0.630003898896691,0.0630262750288942,1,0.0726421746456351,0.252196915314963,0.66193299953589,0.148026298012951,0.815740763061926,0.10096564301889,0.489801416346043,0.1000961119068,0.754455188749574,0.0953740541481509,0.811259533836433,0.0912555812241485
3.10324349792781,0.197048558940176,0.895635080499562,0.146122604755047,-0.608460493454679,0.0584168866470899,1,-0.303741046132388,0.230130806903768,0.804130505031559,0.124797626038944,0.652632508973322,0.101243215681239,0.61601740097645,0.0895898686468981,0.622645855647555,0.0902236412931672,0.69418984664874,0.088136432262284
3.3159885660033,0.183962207323328,1.0869860198957,0.16160314611755,-0.58669214637362,0.0605643071454251,1,0.3018278262399,0.225678961726986,0.324810493619014,0.158508292524177,0.88459206279208,0.085984380158109,0.738330173436654,0.078899209655691,0.705529788725645,0.0896441428149666,0.808461220018933,0.080789215012036
3.24255146935614,0.179339227126469,1.11213979917245,0.170904796410918,-0.631512183258796,0.0484218295382366,1,-0.256982897578383,0.264392735902761,0.871071745300618,0.124480577415064,0.66806732985075,0.101171051004533,0.645841096495991,0.0924723014195666,0.77440961731946,0.0742837300987346,0.79179959664723,0.080829443346012
3.17475489788724,0.176206158712092,0.951246261938053,0.129097778695005,-0.611769561302232,0.0558871532346372,1,0.181293836118028,0.220170126079754,0.58084203864965,0.12745601175034,0.611007258814321,0.106947985018206,0.685287015022289,0.0858967484593848,0.680890441032121,0.0799151143690793,0.79837647980351,0.0782527638528059
3.19159842023124,0.178061819975935,1.02672234387761,0.145306494437024,-0.589092721124647,0.0651461128724387,1,0.0541210426261077,0.226345106488234,0.621793559528023,0.14133861598204,0.657901524225059,0.106292610326919,0.81070466261923,0.0767819699618455,0.677457532948942,0.0831732156452867,0.739261862033214,0.0833437285953722
2.91546494408375,0.164940429368435,0.79189303654222,0.114995061974247,-0.540507833427972,0.0639052083734146,1,-0.15044892373205,0.206921497139312,0.736746390889777,0.10894956225289,0.57396448861407,0.0966647502309263,0.588600895818982,0.0888524319992089,0.577000816513,0.0896809808207298,0.643420967763001,0.08168380775465
3.23096457893356,0.179326153292034,1.22947246554755,0.173439933562468,-0.523249857348553,0.0622539533655813,1,0.147245314169663,0.218312370755456,0.661009911226823,0.118577865363083,0.746798597355083,0.104869162315305,0.662468704321635,0.0863112892082686,0.767583219397688,0.0759198511119437,0.646248446607523,0.0862981493553416
3.46422232218706,0.20955538701947,1.07174266194251,0.169717467898331,-0.621431391454254,0.058374189995965,1,0.261970022658634,0.208798653071962,0.553539394957099,0.126015646068762,0.789150069790459,0.0932296518973466,0.808608063305777,0.0856783516034626,0.770210302088392,0.0890831412728235,0.752014432660847,0.0905667537324106
3.39187046694871,0.198541708871909,1.03177465892664,0.148421385458701,-0.585819904431308,0.0631566504056757,1,-0.124367603691617,0.264514817468533,0.735827497633864,0.135343290744901,0.76554647199752,0.0986468038525208,0.816559541570192,0.0851351109580334,0.736906527908762,0.0871836346706243,0.729810109020519,0.0829504975702705
3.32059241579778,0.193954264626615,1.04079184581465,0.147178047236379,-0.640473253460271,0.0536823613269165,1,0.0993744070275153,0.245940128922886,0.755057859423625,0.12919527627559,0.619287633691908,0.100527103126437,0.691456889398541,0.0885613098481943,0.806053905311489,0.0773918994786766,0.647485715772305,0.084913535288417
3.39555242904499,0.205602387924971,1.09953623943287,0.155852781847746,-0.563850888358274,0.0658622136480026,1,-0.197671989860171,0.253315439111119,0.780375004639571,0.133726214387176,0.793450614864444,0.0933012415785815,0.733448199473304,0.085399237877525,0.740203528167626,0.0792985523340971,0.791978136519173,0.0867927256062484
2.96229754543556,0.143510729438897,0.777163204697213,0.0969835025098947,-0.610243348796937,0.0497052128678408,1,0.0317608979879591,0.199162985943921,0.548128535691009,0.12532142662341,0.697973086311121,0.0784962583168891,0.654177583788625,0.0751920229661142,0.645017246726928,0.0733461464775326,0.602645726241519,0.0806441319064824
2.89799711995992,0.167857100105014,0.864864441754698,0.121315555324993,-0.554301020616491,0.0708006513331556,1,-0.0589134900318587,0.202593314449969,0.509121874855681,0.135723403968512,0.691197734510073,0.0904829083722268,0.661515245701006,0.0857843413498473,0.612784275718573,0.0806790013333556,0.553349661477527,0.0837963932020827
3.23316026407314,0.170333547387753,1.05464794766232,0.145859480425456,-0.678901126368865,0.0454217867064519,1,-0.228362323995347,0.248498171568652,0.715134702076059,0.138261152775303,0.665411951758479,0.0991301040741892,0.776968415234502,0.083320981541573,0.699863449690638,0.0843771639259673,0.714881604462972,0.0750452125644053
3.37705935817984,0.241283220241316,1.16570499003382,0.196864225721398,-0.686077107472743,0.0504765206336968,1,-0.315106129077685,0.258007827417079,0.879564361665032,0.127290112974162,0.840241348721964,0.0956580108976599,0.630273507234253,0.0946173121861812,0.722516398232806,0.100149296979295,0.720515523344202,0.0960472357571981
3.22667964575208,0.184822598713533,1.00328019952717,0.144756230799229,-0.606597552113376,0.0548675221914415,1,-0.00651356427797753,0.187648420461776,0.71194891769858,0.113756595625854,0.675710941036574,0.0872507179251302,0.793676309941762,0.0869511417274212,0.752835408513408,0.0806134685569405,0.560706034234543,0.0953551818105185
3.01444489871971,0.192356332440296,0.860977711440848,0.138374171528161,-0.537769889485216,0.0725442317582553,1,-0.21728321336455,0.258249193010615,0.773910087890318,0.124217443947749,0.651326858914532,0.0950084824152819,0.655195794744509,0.0891862690696925,0.668455830508694,0.084636713673122,0.586052790801061,0.0919881881878626
3.44806296375602,0.183657622304719,1.31363259709589,0.169113407544607,-0.634118482831894,0.0498445377133785,1,0.0988179593177757,0.224807064014979,0.760032574648607,0.121692885222994,0.854226685524996,0.0883115391900558,0.68533271178479,0.0880697323231029,0.803271147462031,0.0805616210216928,0.713704849357737,0.0833123599636692
3.42937417986823,0.18738176712715,1.12602777724558,0.158299306925401,-0.666630688483981,0.0482290186429446,1,0.407308341318708,0.219112524711168,0.438697475964328,0.145727666278318,0.843562219595888,0.0896837761298993,0.783595755985274,0.0791089207613399,0.651657966370837,0.0838430805932069,0.828277950933768,0.080942492543029
3.26534905848946,0.191602630329043,1.12110103415988,0.159424418028616,-0.61574157917085,0.055595275263149,1,0.248561065413485,0.194800795148282,0.367674487099595,0.15545961112455,0.849875607539319,0.0935099636310514,0.715957395919005,0.0844262038240275,0.617863679454927,0.0821604471735723,0.752905153415405,0.0832951066756206
3.08672271334473,0.187867839195819,0.871458344241753,0.13365048179483,-0.540094579204999,0.0674809765304581,1,0.0241250130433142,0.209630060768995,0.647931071359877,0.126596789698028,0.532032172846623,0.0944505988080609,0.760231406132442,0.0805107783629083,0.698967598664845,0.0841109243045587,0.557885450020422,0.0955620317172638
3.19487675362204,0.199705828567795,1.20616156911809,0.180538141300774,-0.631257170044637,0.0531402736172403,1,0.0810667190989247,0.273186358276134,0.617512169271613,0.13617409876465,0.523621515570439,0.101851487792152,0.663396870326862,0.0962810005408465,0.788469469833232,0.0856051104917259,0.72222384906353,0.0848048212483173
3.05091387919792,0.186023318687005,1.10383106430159,0.157404547707717,-0.572039500652021,0.0677287654840143,1,-0.276641267080088,0.229664860946414,0.733866787624484,0.114841608725202,0.719222745433925,0.0918342846627852,0.608117737819274,0.0900345278025663,0.66204598182721,0.0833717348459094,0.729842781212404,0.0824424881690312
3.17999661194683,0.209501962665929,1.00636697196296,0.163351885672591,-0.560986107171932,0.068223337276374,1,-0.618657164197306,0.247607895861646,0.917196282437724,0.122384517467153,0.772470934222957,0.0916853124891979,0.745477485852148,0.0890759855411602,0.679899908552103,0.0873568417516707,0.656898846110592,0.0941198066362804
3.10973098186304,0.180176400027678,0.848574659110768,0.121782368240099,-0.519095019367766,0.0689615228044912,1,0.150537883504591,0.199627468516016,0.630014702842289,0.129122800717631,0.607423569533323,0.102139739623918,0.686406422531526,0.0829122870120684,0.540778879019397,0.0854405973409718,0.699568722376707,0.0861214407893101
3.3010122043399,0.195950284740365,1.05745993999187,0.165549461906811,-0.632490401239356,0.0555472039594027,1,-0.153139477778301,0.235963744503448,0.715917125436964,0.125095245189262,0.78807749776955,0.0935589846293042,0.700289728109608,0.0890685188629338,0.742465806371294,0.083795945514039,0.673817245755935,0.0875562204320347
3.38044397081093,0.181874273201341,1.17549019670438,0.160076085941538,-0.615503357043003,0.0520959281145499,1,0.468068580616134,0.191384432399662,0.551285887115907,0.121378644071155,0.671333462270107,0.0983545622789638,0.751249154481144,0.0833697911664738,0.74775727373428,0.0806101123222929,0.835647753361543,0.074983679229022
2.93716307339896,0.156773846615755,0.743896616482449,0.103754620227638,-0.605599672228511,0.0542158602643396,1,0.148399099555129,0.215281544676184,0.465198739729072,0.138514234506035,0.671000894672611,0.0948722817851655,0.680077479529736,0.0841919405124367,0.527329531994858,0.0793524763449068,0.638251174676604,0.0851497837152322
3.18887495825581,0.176877844608246,0.769722199521592,0.11417417892076,-0.558340501447538,0.0568462319648112,1,0.00723636531732824,0.231164124979529,0.815248246861979,0.118463927760182,0.649218053419903,0.09741281132651,0.559450362453813,0.0920140878307569,0.822933133734016,0.07952045877794,0.592471832513685,0.0882760119655324
3.33842637913606,0.191277453955948,1.09434544969608,0.160400971867258,-0.655611851230853,0.0522041914885671,1,0.00147663139775999,0.226234319532828,0.749023719911963,0.124894508851553,0.712899035083568,0.087154115469578,0.680072795347067,0.0923592325643618,0.862576186533511,0.0839657873133491,0.707184922274075,0.0838014778663966
3.2761577843314,0.205684374195076,0.997770842976276,0.14589906424905,-0.685358255940237,0.0451982489731098,1,0.00143673203286832,0.266898102306627,0.804166215133936,0.116430579743885,0.566947296691112,0.10078107030151,0.593053086235771,0.0979806086797133,0.831473094619601,0.0867297207904633,0.67872549981772,0.0902418279090321
3.45547118759226,0.206711633016938,1.46382417996523,0.203292136135652,-0.664993974292163,0.0472878604420491,1,0.102848204224683,0.240166009376636,0.643725239584002,0.133934987924919,0.885253627910007,0.0901108061797947,0.729707694661131,0.0833100995963992,0.803433579230978,0.0798650200099696,0.826796320033957,0.0840921960952961
3.10185319333896,0.192490850188732,0.983225006705521,0.147448091769817,-0.480678114559823,0.075802648942788,1,-0.523380681653693,0.290654542791219,0.94528286811267,0.129130745972264,0.618608174362744,0.101163830770256,0.693947214623279,0.0814166749925592,0.733088643887835,0.0822666135225802,0.672867051180498,0.0815611213926825
3.30093107609484,0.19627621525091,1.18370877000966,0.168455625190759,-0.668361657932124,0.0456200661741562,1,-0.255025783934972,0.217357975608893,0.878916183912246,0.106173933053736,0.750262315642126,0.0946297179767043,0.668703223262354,0.0883264602045462,0.699803133549899,0.0894412460174083,0.68111476595888,0.0869023670195893
3.52245235284814,0.226490050291422,1.39012932494249,0.217463522318412,-0.64382588859278,0.0587972984993321,1,-0.397134916114402,0.24371699185925,0.921027207314036,0.113768383601034,0.808658068745064,0.0902993477465826,0.742450996313167,0.0962832596601872,0.763866793411829,0.0887542954057631,0.860819661670952,0.0898965251737752
3.28623876688263,0.167005153771451,0.983297018627111,0.130602624900861,-0.604246260752958,0.0491868760241427,1,-0.121204027663381,0.19290666855484,0.831500634260376,0.0987118300460005,0.648751050136654,0.0836638604843819,0.64822647297479,0.0844078127606369,0.762485294935602,0.0714499881739093,0.717603851014268,0.0809647879713649
3.10333617878334,0.173404068296569,1.11223750657717,0.149313354583122,-0.563669372616139,0.056820844546891,1,0.15282874126407,0.232005515683452,0.566039114569265,0.128932234137452,0.639090738282797,0.0974416143584213,0.602492876706031,0.0873816756106207,0.841566012677653,0.079401057802478,0.722938765268718,0.0792336512981957
2.96797523004811,0.154779199500433,0.853081220878958,0.127664582341072,-0.462118228342006,0.0709326501082517,1,-0.143646267705341,0.224099361206368,0.689533428320794,0.119773968118632,0.599287021440472,0.0919998346793645,0.590077472248378,0.0898588458415446,0.590103102542107,0.082545879884691,0.599234812642727,0.0909348112781498
3.35273283814319,0.203476146630447,0.975621350874374,0.14736889426886,-0.676597930197439,0.0505821549171311,1,0.116353437670062,0.260756284698641,0.564879227543734,0.158076214835486,0.790133775661411,0.0979797478798657,0.859452786676666,0.0797219115011627,0.812632250114165,0.0862257742524994,0.648630745350506,0.091377663661735
3.3964477272452,0.211030193440784,0.903260895261377,0.147068113785767,-0.587605013027021,0.0671088946416091,1,-0.0366178884905211,0.292247272609395,0.892842195938487,0.12569838409507,0.648188156271503,0.104351281567525,0.761172960083862,0.0871076618111931,0.732892527583925,0.0899808582012897,0.728126950134847,0.0935464521134481
3.32846823929596,0.155874122840706,1.05984153010268,0.126872648103959,-0.595765920426453,0.0511283059535951,1,0.253368090946769,0.21249045730588,0.858132305589089,0.102287800775727,0.617748004906345,0.0939332797898054,0.655119707139514,0.0802086428910264,0.787135043791221,0.0750534192841446,0.75575214181075,0.0750102870524618
3.05407719877718,0.182093215527892,1.10191325692577,0.16306518293898,-0.601480739498833,0.057756110346417,1,-0.370969006852896,0.250062566083645,0.818107145742803,0.108074775619913,0.73252664221643,0.0937715794979277,0.638613883609966,0.0891060176219396,0.659262076850921,0.0889125343139186,0.683703374112754,0.0822570781498492
3.06249853021935,0.178268121650021,0.858727222390407,0.128777173410058,-0.503143135109015,0.0722094314314233,1,-0.224373751395861,0.208268333357411,0.71249163333712,0.118607726169194,0.7269998079105,0.0957561144324161,0.578703750901583,0.093631092453619,0.711897733901735,0.0855639336251674,0.69010939574858,0.0788688035242606
2.88224617762984,0.192759772083378,0.765215463829457,0.129303115301112,-0.582184745786315,0.0681800091436058,1,0.0122555159768916,0.21960710721386,0.518002822329604,0.141106816381831,0.707641497949971,0.0956339075790375,0.514115136801756,0.0962277941896183,0.545851221978711,0.0944853166731155,0.54046537100294,0.0993957510908686
3.71777994979218,0.236937963612856,1.28438812310497,0.198807657656447,-0.658498928609324,0.0546988605138537,1,0.540459585392683,0.258555658403466,0.785097623813739,0.127644705883876,0.741785269078221,0.112222813680001,0.771496156558155,0.0861267778204492,0.843842310906738,0.0861517662413377,0.803933515589661,0.0949800216405815
2.86322149997372,0.151963060592244,0.797253139390023,0.107140512428197,-0.407327762215044,0.082304227882168,1,0.286625279108747,0.207543973246011,0.377034853730438,0.138384971114939,0.578677344309445,0.0919172956273615,0.573616951587961,0.0836963778646396,0.629918359960105,0.077341181760356,0.626625600079365,0.0851551186983931
3.29395217010917,0.184778781475561,1.01612843366809,0.138795061091352,-0.64612751714299,0.047861936058497,1,0.302849097865649,0.196393656708511,0.639241490564844,0.115701339641717,0.65070470834913,0.100954498793538,0.656941915936016,0.0882763173057639,0.707893333613174,0.0876887225996378,0.677105061313641,0.0853452237957539
2.91377564766742,0.158352960062054,0.609832078728457,0.0891642787538308,-0.618536592553312,0.0460062230552349,1,-0.286388991058012,0.236729661160427,0.85441641118856,0.114077962824718,0.49469711111914,0.101669806424139,0.709755682123323,0.0876275276980552,0.640041978113026,0.0862035179052555,0.658756651909351,0.0815673792007149
3.20016855604043,0.189061771289308,0.832591203058728,0.128899628606956,-0.575394653048351,0.063462612448767,1,0.087493532126796,0.241582694841056,0.685635063674006,0.128544609826417,0.705484947955318,0.0960448033319027,0.738191810623976,0.0847281061931996,0.611353911884477,0.0908066391466636,0.706218470087426,0.0831555140797496
3.03414946755448,0.179266908562449,0.815386185634993,0.119147961035579,-0.557872138099379,0.0645946096516788,1,-0.0587703726765284,0.258968321956104,0.564346136810155,0.142421618228781,0.718528832787488,0.0951111059834625,0.569843322510992,0.0898270645449642,0.693975818088863,0.0881049252886247,0.65026890255663,0.0844149437972808
3.07755633429079,0.185493158691066,0.882531486871307,0.131456807460648,-0.559561331044407,0.0660086033540526,1,-0.00758848475288213,0.245971380915486,0.604456918095085,0.140451624543047,0.760334438068669,0.0914228721134245,0.54613365927601,0.0884980827595067,0.776617182414964,0.0791637084182517,0.641621727591839,0.0938019909810695
3.01174536767147,0.186969582796927,0.802761654633051,0.123826064405283,-0.530243823020012,0.0715146702812261,1,0.00977291565251676,0.22438517295967,0.622056780133158,0.139410779747632,0.70751076612845,0.0909138430437827,0.526246810038287,0.0919272513199104,0.609752580361712,0.0928793780784209,0.704761186248701,0.0903571946488203
3.29006732538292,0.200363957403134,1.04464368389358,0.151012065264286,-0.651271221463122,0.0519268980042591,1,-0.0336882319758844,0.26375426930849,0.563517065724652,0.162432818535289,0.91207722360786,0.0951871585698531,0.744672786419683,0.082017177563962,0.747757241629374,0.0812133589716541,0.62433694624261,0.0975127379689039
3.31766671488018,0.173125823408401,1.06121372179896,0.146926786607875,-0.503274717448537,0.0726434663551842,1,0.142504704715249,0.214001905955591,0.651270622625928,0.125851343413497,0.687092171267227,0.0907974905321226,0.788758899659181,0.0748420907810254,0.706417188996991,0.0873100825631218,0.771480845287043,0.0853150546144936
3.01470239689013,0.157550393625153,0.972648262266242,0.129764000269604,-0.506400878168482,0.0703396002213579,1,-0.346144974960035,0.201665123886613,0.749846139956313,0.102213737180965,0.684872109435334,0.0899652991539035,0.66568987112887,0.0776137950027856,0.606228478917722,0.0803704947725627,0.612100652934511,0.0860008741363265
3.59147712897452,0.212715285638945,1.14666558206523,0.172653270514341,-0.676833753222075,0.0472440173962505,1,0.490371890024541,0.20327920547374,0.637849191965984,0.120060793382859,0.927604693316284,0.090716813294575,0.727686043214019,0.0855490275234419,0.896206532564791,0.0896501964795795,0.687313058026049,0.093036900475514
3.15235372112281,0.167157519250564,0.905437092102178,0.120068773063082,-0.508392283089131,0.0665641735094265,1,0.0602795536674853,0.200611698706067,0.525082558576862,0.131214591264759,0.813269060592727,0.0791327155376812,0.672412457910471,0.0819278141251599,0.590364493584057,0.0839482323758522,0.558881547196395,0.0901294489594587
3.33491398634699,0.221431252036431,1.20252768411826,0.187356869165212,-0.653410276459201,0.0559024035428135,1,0.0733370615906953,0.240081411692981,0.626313576354468,0.122298425653956,0.840142330068327,0.0868539519979784,0.714372797057198,0.0952631744290394,0.810679642570416,0.0906019997238629,0.683252358853525,0.0902492156163536
3.33520933436952,0.200614994049017,1.08689002924814,0.153572499877447,-0.614976843378036,0.0559529382915112,1,-0.125318905508045,0.250005395793336,0.759193020499729,0.127243073162553,0.75547026684553,0.0907629620233217,0.684662608561931,0.08497045119711,0.723828174529022,0.0808806800753097,0.62349323385821,0.0890818884755804
3.36923278863517,0.200163080234989,1.25005031160866,0.183292036840459,-0.615991767002407,0.0562223895171627,1,-0.23177972368304,0.225260294171296,0.846508820211187,0.0969202800889245,0.596002096069188,0.0941551007465515,0.786401607209928,0.0843618589429562,0.648222224201378,0.0947186455804206,0.733498014806124,0.0891373168200619
3.44329479546544,0.232986669635005,1.2996420522002,0.20948483906433,-0.619720619881437,0.0587488122422531,1,0.196270397514295,0.218536558031474,0.759094500598629,0.125916457656151,0.623358975823401,0.0917648851788875,0.804948957818554,0.0895641522638137,0.763415291538849,0.0870980584599811,0.621318823970166,0.0978172583942613
3.09795858597957,0.184696348212428,0.9459047826453,0.13955601125263,-0.615886238021644,0.0520647004085268,1,0.222697791397122,0.248760414186218,0.560543275185504,0.14178422641512,0.599222549208537,0.104506609531677,0.715405066617131,0.0856554878400031,0.631618377228199,0.0826220626460365,0.63204713750117,0.0897627435648783
3.02063757451908,0.171220231071802,0.863045196521732,0.129417643032719,-0.596929457317341,0.057290714447174,1,-0.0778170604881446,0.24400841952995,0.589162962201774,0.143289661057434,0.600159699337566,0.100013241334139,0.662270455690175,0.0856778271194992,0.637227773911148,0.0826513998450962,0.735509596011194,0.0757358937097337
3.41635055517002,0.178152697099779,1.16180613202938,0.157837088960029,-0.627378665482103,0.0481472854192522,1,-0.120635142755782,0.217774382982042,0.735195618926549,0.12431524587628,0.809839104261003,0.0945312101997119,0.843631611732967,0.0751180114209976,0.624586522434102,0.0815627128844754,0.78194065482844,0.0804467036924219
3.05888527925468,0.186260399615388,0.964986728751362,0.139988057160356,-0.513005370025619,0.0725404144672077,1,0.141094639738134,0.238539530926236,0.505779873326954,0.143418868263315,0.661416594214641,0.0978953920624209,0.688138219503372,0.0827734389445549,0.673714730152893,0.0801072198552087,0.707432636427904,0.0870193716949507
3.12974119408416,0.179936818286279,0.933414786696025,0.137723225037187,-0.575856278687862,0.0646719084152857,1,0.184164506579352,0.191800409732772,0.539648009108123,0.121596713911289,0.702952622947301,0.094272939504721,0.720608066544017,0.0898221087759484,0.601172838614523,0.0851454010512079,0.83160399576274,0.0786091307793367
3.45165334222231,0.189478487814479,1.20027584943065,0.166732254772132,-0.65958580989347,0.0524143625478678,1,0.242038854441783,0.183409423154174,0.796696811453789,0.102117529011946,0.639781908105885,0.102851746314739,0.789325605488007,0.0850916894946069,0.746404323920356,0.0825911733468015,0.805730165099216,0.0823593321065568
2.97856474336021,0.174286866776368,0.885854969260923,0.128873776019176,-0.542825642460318,0.0665805543511471,1,0.0650781939198263,0.213907251278686,0.685403018941568,0.114668580935775,0.390747511980194,0.100181691370454,0.735461305655284,0.0857596516470143,0.682124548205185,0.0819961681713299,0.693564014627844,0.085482561806387
3.00269552397158,0.17199807478384,0.927435335062551,0.138848702691556,-0.597208493344267,0.0528376614053389,1,-0.372388838357263,0.232453291116589,0.756997799929403,0.126661260024268,0.707676155296637,0.0873693694023564,0.529493761927547,0.0888215355508399,0.705068850132125,0.0816178225468591,0.524838271824514,0.0868500107884474
3.05465350372352,0.192036698964639,1.05986610723218,0.157255597026342,-0.608410599314557,0.0547615940570874,1,-0.0159842930413878,0.201989552298555,0.680051757779709,0.115090396285189,0.575146969745896,0.101628653985815,0.692007458229358,0.089924584225517,0.740241032814028,0.080838143175391,0.671386488851562,0.0864571153613252
3.14204118065696,0.188207434470643,0.947403213089806,0.142565517121515,-0.530366406505931,0.0714949354355647,1,-0.0794718699959256,0.172804908385719,0.755213488225911,0.111409352534184,0.584125505856588,0.102892907610173,0.654637587412993,0.0925134338212581,0.605454720148567,0.0898178791337096,0.685261646306539,0.0801361397981134
3.29018260997618,0.190127679862385,0.968843596866977,0.138529468197418,-0.610860360522059,0.0513653669498686,1,0.110523539924161,0.244243864164207,0.476997496365652,0.150724240617113,0.810159641675429,0.0943723271428182,0.699510542154674,0.0879866064982234,0.65325042823312,0.0884141508347053,0.820471841814463,0.0793003435085834
3.01593425875784,0.176786743927101,0.917514588120866,0.129200861699432,-0.591872197967616,0.0585819448762192,1,0.0546883458125432,0.216454646876823,0.668024701643638,0.1209665519146,0.630779420433979,0.101557251297814,0.707242863379409,0.0870947771169745,0.574046055999811,0.0899724622954659,0.67143812206892,0.0864399264094267
3.19082495299375,0.206076659843105,1.04926504089208,0.162506863441365,-0.629372109499791,0.0552138290026791,1,-0.257785977587868,0.254300717698056,0.695493250132989,0.130463402870195,0.745810772429323,0.0998340935433172,0.726278091049616,0.0883582601944734,0.734372359227952,0.0943522103822272,0.710362458738586,0.0896545118954839
3.34579880180777,0.182819193825464,1.07966623318145,0.155243686047862,-0.63217978930384,0.0523346937423035,1,0.064167803525689,0.225104966670262,0.595742601458911,0.132911812727733,0.791762430320034,0.0948747438230785,0.719000340412407,0.0862645682784051,0.770273441340495,0.0749823778500273,0.685945454380182,0.084281547954557
3.17309330322085,0.193398603363878,0.975271548424059,0.14891737368617,-0.571764821069817,0.0637565356619122,1,0.239085640884654,0.227521067213609,0.531217968559678,0.133008515888745,0.681980091863776,0.0962351780816949,0.697544985689886,0.0850433587537218,0.640182580311843,0.0920701923467355,0.691076390511524,0.08890513413273
3.87181105543618,0.236439136812988,1.50331056586266,0.224695430943719,-0.705737543608205,0.0448881274996876,1,0.1809680364389,0.255998642180927,0.751868469115351,0.131938244647727,1.05142518373479,0.0907008912916074,0.612917468575454,0.102492067866704,0.835647230352636,0.0858900710765583,0.843275507798745,0.084331235935339
3.37486024116626,0.168792141465956,1.03018962450225,0.137635998073284,-0.671113314027628,0.0449105660964552,1,-0.149171045467675,0.227279320599166,0.720118007726811,0.127547224174518,0.915707499944722,0.077489748501658,0.750618856867634,0.0828102163899531,0.677279902516315,0.0833341907334212,0.750070994060408,0.0858420005002914
3.55869017416211,0.253696812632301,1.25111462219131,0.20434292492089,-0.680220323908101,0.0544132136284576,1,0.240791612197615,0.218846334852521,0.770412332372584,0.121396218976722,0.643850799598981,0.108385576061136,0.773013200905742,0.0964923689033747,0.910810452650229,0.0945950023802196,0.683211629929598,0.103765848456102
3.42511022659889,0.204126089927982,1.24571097270484,0.180267402343262,-0.628509539311766,0.059903937536573,1,0.271299354008031,0.2058218761462,0.699313403453663,0.12476383419391,0.647675988792252,0.0989387418676843,0.803888339372598,0.0846804265789687,0.773985412221423,0.084634438811277,0.708691945660404,0.0924284465085048
3.26965390508443,0.181798996354687,0.978998253859149,0.140280661031584,-0.640324585678138,0.0493104209575349,1,-0.23168545955556,0.186092013927614,0.708339779811518,0.11549009174411,0.729491974145588,0.0975615712292841,0.706137941448621,0.0858442477886507,0.785849995051377,0.0816184785791938,0.764789628019607,0.0854406060620028
2.93656494734166,0.157838283313979,0.720734683803298,0.0973614917899751,-0.488503357787029,0.0703005848043417,1,0.114306039866042,0.193139780785479,0.605418267888722,0.110216136195175,0.523431788596464,0.100658705064497,0.602766120067067,0.0868218407290575,0.721011451171366,0.0748442290768075,0.620827810567967,0.0812194494819058
3.32628179454461,0.170364315033615,1.1530622938087,0.154505409707205,-0.578141486488164,0.0602829126679085,1,0.210381622778865,0.22246329506107,0.658712371731113,0.119626891376911,0.777512255512662,0.0843654451479836,0.791690469874765,0.0758449669026852,0.66635783840876,0.0829398923063221,0.734427664764379,0.0862362798474035
3.21858100354083,0.182217445623986,1.02923554427002,0.150292178629829,-0.587168588381132,0.0625321732240237,1,0.177331779849235,0.217369872951742,0.583836320224957,0.130413798286981,0.738684543740616,0.0955156120007592,0.664876789327107,0.0835507703447969,0.779609870609583,0.0876663371071807,0.613257798749115,0.0841697572097036
3.28382541266778,0.195567715167842,1.17635992760599,0.173016691417974,-0.652353629187224,0.0473505258082967,1,-0.234044804731896,0.21761463705488,0.840095679242674,0.10449173101456,0.754590204452724,0.100537694690897,0.713270804063694,0.0867884550490631,0.61285701112298,0.0932159748216537,0.759586171042529,0.0876577012057459
3.01798572529663,0.170219904909445,0.872779720324427,0.127679442562297,-0.587345864035798,0.056724589860059,1,-0.303738040893192,0.223348741454327,0.822772720063111,0.112272157876916,0.551196989839845,0.100393231118205,0.641849625332874,0.0819748430181962,0.77708945043093,0.0797517337173018,0.491154418485964,0.090649217778837
3.06934164514167,0.158067864606848,0.88272401245568,0.120505572890944,-0.495193608513622,0.0673047128871487,1,-0.0345797708216762,0.212303013874243,0.616576125047811,0.120253850048173,0.611653417695654,0.0927649786428634,0.749258177785715,0.0782157580234491,0.599396462623984,0.0802751477400039,0.669727205312082,0.077011748944793
3.21527801795105,0.185977820330108,0.998254043648408,0.140161083862761,-0.617844442648236,0.0519841811728123,1,-0.199011751854831,0.282638975110204,0.694811343581066,0.13741158673423,0.743903250055178,0.0964576161804652,0.728277462001944,0.0882552030181978,0.724204254878025,0.0834602742513191,0.706830683981971,0.0761001345844741
3.03388833951054,0.173670952597922,0.855667411238245,0.121999570405374,-0.469248209695801,0.0784117605711427,1,0.0806540610007119,0.202048742615329,0.654682765116935,0.114948149797126,0.608796150763835,0.0954714082426685,0.67691682566909,0.0813172999873398,0.602827712131635,0.0860645760932466,0.640096587081863,0.0872891043647089
2.96841649533711,0.198265306414304,0.819620267624389,0.135003038738982,-0.51119688961073,0.0821243936040777,1,-0.00421918275741421,0.185692024083782,0.697429185033388,0.118380244648912,0.638712642961239,0.101204408041213,0.606386140505108,0.0897329825549487,0.643938090239961,0.095314808114687,0.540730428994024,0.0946737290077582
3.2221073604367,0.18370479995865,1.02519129676724,0.152029099595719,-0.561013701770227,0.0646227106381707,1,-0.119503713066302,0.239409898283307,0.892035140508886,0.112303818375245,0.638202305421844,0.100933895132029,0.663704805260913,0.0851957040872202,0.703612510346464,0.0792962345267099,0.613611524736232,0.0901036326587722
3.30213762353934,0.209476968014901,1.12373605610544,0.173460239891046,-0.57954424381709,0.0698422331095408,1,0.240800630028695,0.275091403092885,0.553614370816802,0.149454039587509,0.874124095954993,0.0912590882209981,0.581871983742522,0.092083248822403,0.70614253524473,0.0897131318462,0.848829525455267,0.0855443416565086
3.23723564822138,0.186569766139503,0.953881476390173,0.131253327188808,-0.611318279184162,0.0557021339570394,1,0.0768751494264438,0.228020525458041,0.732856894946293,0.120791819413312,0.761533712719687,0.0884068522321281,0.659794505465677,0.0883874937331123,0.646628237764768,0.0884717148163059,0.87207982656547,0.0811621205578274
3.42374003732404,0.223128295509954,1.01845557056082,0.160704269365221,-0.625661336473762,0.0576474280721879,1,0.175979410948402,0.257964127811625,0.842665777796341,0.117368460260677,0.613303292061192,0.0956129086393709,0.540981775716456,0.0979945369643473,0.741445853807767,0.0899464355655899,0.717390965007436,0.0891920852517895
3.36758106819072,0.179566241466712,1.05932534142036,0.144062829411643,-0.638775392047408,0.0488980304413823,1,-0.0492349806283985,0.211801709702257,0.662696799353448,0.119472053148909,0.83600502729961,0.0892747998575909,0.774830788278487,0.0752439980360119,0.758899246141065,0.0824365614119654,0.701132592718425,0.0858446613479755
3.41977849930372,0.219038374787076,1.33354470906183,0.207029761917693,-0.693627959184858,0.0479726679343979,1,-0.406744223565542,0.30064266360948,0.835016134399919,0.141294816793187,0.884031748063937,0.104404522320478,0.662558844991758,0.0936608552358765,0.678126978855502,0.0912877708042486,0.81916936218678,0.0855312618241443
3.2401345147253,0.191370706868334,1.06840704384031,0.152714104683612,-0.636776254812801,0.0500729987294145,1,-0.0776215699748109,0.237636159301827,0.684755572568566,0.125118170230293,0.762288506963739,0.0905705797411212,0.698967695024031,0.0876080463973176,0.716963038342302,0.0853484547564438,0.801100706354938,0.0793654452864208
3.16211038888233,0.201072152174612,1.01116122005825,0.157033444861087,-0.554525380670387,0.0657087243793714,1,-0.200511644715311,0.193771429545371,0.762339497707267,0.106208122901663,0.770069855182157,0.0908603958876634,0.593793911837354,0.0939658872542671,0.642539323995473,0.086297508769237,0.687635468754669,0.0904190830282843
3.074360629831,0.182545708401349,0.886540336744652,0.130765967881911,-0.640822368990332,0.053537397235806,1,-0.0327515947838195,0.229250349325363,0.653759524988557,0.129518377289344,0.621735965496912,0.0955293344569958,0.535746570621183,0.0901224564248782,0.695717952897771,0.0878272979708008,0.778491921143833,0.0848908834960639
3.03346968409371,0.162015437405942,0.922280429900775,0.125750670767202,-0.54579938873071,0.0634220554434115,1,-0.0234284688183197,0.204550411496672,0.599564812620788,0.127260118948437,0.657241799137279,0.092616211913718,0.702983653806196,0.0865821863847805,0.573184554274185,0.0776575491824353,0.661684247152685,0.0788320022185515
3.26763302403286,0.199167243254007,1.01960761654236,0.159179845657551,-0.66598915102988,0.049860408739137,1,-0.043148606734096,0.209700597824322,0.766584198514169,0.113559970292209,0.702047024049084,0.0969905917903486,0.56572448791414,0.0946351848385633,0.712157384822067,0.0899897392452628,0.632762743966358,0.0889056572993961
3.33564180453706,0.191637924813465,1.10811001217945,0.163569943471493,-0.598966860428335,0.0630171521558571,1,0.11704522920262,0.213181520135316,0.588491223919725,0.135405108743426,0.835819997398848,0.0889379802492119,0.812071104131041,0.0767808804682531,0.619532257771908,0.0918874927615068,0.674924701322418,0.0890213993579833
3.30374656268933,0.220131894206028,1.14854398804913,0.176505257301187,-0.646676884495037,0.0535256387288047,1,0.115958958244844,0.247168884345242,0.676878306768422,0.136760010637988,0.798560653648478,0.0989917551546296,0.724401790500685,0.094116761685678,0.686284235955185,0.0887781326455711,0.674846622283767,0.0909461119307938
3.38093825232175,0.196490699570687,1.02652006032485,0.145481689978104,-0.649990496268639,0.0480170475041137,1,0.606666508718387,0.219526039741592,0.443470437568567,0.131236554316141,0.746113330042669,0.0911424293099097,0.801882880036394,0.081498604087812,0.700287888147569,0.0921095759893557,0.647095836493973,0.0922574691737883
3.40719296289591,0.208063760696977,0.995812696458482,0.149795845129514,-0.691012008455127,0.0479806682085414,1,-0.522937341739946,0.285824644220378,0.92138729513259,0.12209295481841,0.661294976851111,0.106675841268785,0.856610347325787,0.0884881193496093,0.723121508775794,0.0900043307638813,0.797758014669482,0.0878685912562406
3.21137791135033,0.198435367342276,1.07507758820531,0.172085170118358,-0.591080020952536,0.0696052790947473,1,0.0676317505744092,0.272779367268522,0.66339062262214,0.141462443221673,0.576186020666475,0.100852505743463,0.62971820767207,0.0890413614037821,0.802786654074195,0.0835844714430325,0.680896174177158,0.0915306201041739
3.19408445495806,0.194253355772088,1.0647495383447,0.160555895970922,-0.635499164654837,0.0513559464226837,1,-0.138474200061739,0.208951200913669,0.678908838008017,0.111609129629755,0.759184932721115,0.0831574208020298,0.782766374434261,0.0837910472707407,0.699262994901,0.0857403606782894,0.643940718734817,0.0879268982966958
3.07475518273426,0.170962722803094,0.901727999953539,0.128096137913852,-0.554830583350256,0.0661564449004048,1,-0.865404638717279,0.342864978355633,0.91402560213981,0.144008165826855,0.736512636605991,0.0929737621764221,0.673441454523111,0.0802850601240708,0.652108421181027,0.0839706283403427,0.752768966695648,0.0811429759196396
3.27312210896623,0.218741163500764,0.951834511193141,0.157980053525655,-0.639346769628365,0.0567902895674831,1,-0.082704040144639,0.202879368974205,0.658316847298909,0.130279205207463,0.67293277134388,0.108055150056609,0.855405166463613,0.0890362998353813,0.718000521590508,0.087972345378127,0.732532132124173,0.0907884130783693
3.28356843011683,0.203699096632594,0.893699917482261,0.138486467560767,-0.643799680064047,0.0547849872195368,1,-0.399415846297456,0.279342220407139,0.980156580150346,0.129001476889844,0.640030195765871,0.105557678477979,0.560042678794637,0.0982867905825122,0.762020821274645,0.086546034320813,0.700265105115817,0.0886201849754826
3.32084913921474,0.209024134137432,1.10059599731155,0.16522252996815,-0.615419329138945,0.0610674376799501,1,0.134265878453918,0.220820896900691,0.752668725143392,0.112469113944382,0.739984515460123,0.0953659314286472,0.689024380389964,0.0916982470113432,0.697103266850144,0.0903546052617234,0.662951057077956,0.0930128293492428
3.11682301966787,0.185076381817062,1.00040027736407,0.148730575261115,-0.604453074455297,0.0577071439395023,1,-0.0489541500738231,0.234192009119376,0.757755862682278,0.120942543670683,0.610345107432172,0.102633555329898,0.673790105307356,0.0826096473934278,0.617914072662503,0.0784950312657856,0.723770554175563,0.0877737612908869
3.24331409074954,0.192409495436381,0.967985350741364,0.14399326031404,-0.616641275219353,0.0580148024562803,1,-0.13138215721549,0.229430691961982,0.790615388528912,0.119250216201699,0.616378249629625,0.104339441629384,0.692803521076485,0.0837678845259204,0.756799543057194,0.0868014603866386,0.722987234903345,0.0895009579318759
3.1452718036875,0.189418464883515,1.05723055387922,0.16288138875171,-0.599237520752401,0.0587899591740276,1,-0.448819580768306,0.222668500664161,0.721279082538562,0.119498378849597,0.740699826504169,0.0907135497120563,0.755091420712607,0.083408500166113,0.711821796805853,0.0841323991146102,0.642234398807761,0.089874072530613
3.11951880152515,0.174937819094655,0.708628686244386,0.107382856807556,-0.614978600920698,0.0555277871227207,1,-0.110384418745176,0.196526783986434,0.831552748516949,0.108179233676349,0.673353043077103,0.0909930663824229,0.673109904667564,0.0887405616753819,0.610275248683259,0.0861603313116656,0.722384341857524,0.0811637821068924
3.18536414822244,0.186431480941189,1.0846669082993,0.153347722783537,-0.605864032984625,0.0539635760723027,1,0.0383681519225222,0.230857458377918,0.7307380870008,0.111757892206371,0.630785986505559,0.0981647600999744,0.637768991954863,0.0934541841551178,0.687435069278617,0.0825622896055997,0.686017649411548,0.082917587482564
3.36469606653368,0.196439467811437,1.10078198844037,0.16340406449477,-0.644132079827668,0.0526196744516244,1,-0.514363691248982,0.259579119290656,0.838896926990072,0.134201224338515,0.766660178076883,0.0996227237436799,0.863501809916134,0.0821417913109453,0.705783808737164,0.081634301884071,0.716401185056675,0.0779371390774211
3.33613221858161,0.209679599902083,1.05814225873462,0.166488272004926,-0.635095241699684,0.0563698824686791,1,-0.11845485305764,0.263158540640878,0.810332158867084,0.12621097877142,0.561739533044692,0.108684612080889,0.81527827401275,0.085334427267519,0.694224993615073,0.0872790476542428,0.718740650662342,0.089719635859155
3.42688173607034,0.22001242850691,1.21040232239883,0.193820517807263,-0.637845627879173,0.0556661416804975,1,0.240025582995275,0.255622517422385,0.57666251752242,0.149027322627577,0.675760187236765,0.103660780793627,0.819848575429436,0.0862873315577842,0.755216002603935,0.0962363423748124,0.827946810621265,0.0871493915377435
3.343781092594,0.207386084275655,0.980828006179249,0.158469535654052,-0.680997124327404,0.0508105183498803,1,-0.307743051576418,0.241897897452504,0.881006376198534,0.121615627155082,0.692284329123615,0.101408458501307,0.632430027002038,0.0935217784434002,0.742421995471036,0.0889518701720424,0.79005353581343,0.0956036899396255
2.99942201030695,0.186618181235843,0.803876697547884,0.125923656180955,-0.543850452560692,0.0705330202223412,1,0.0866869519531483,0.233666815739881,0.596726075539042,0.138447375393381,0.632670387823897,0.0936957181993,0.648027975509805,0.0894234491007078,0.602139255267612,0.0902454188028866,0.705999474750371,0.0844119728537664
2.95623358433303,0.152390507554803,0.921324754310889,0.120672265599249,-0.528669390751647,0.0691458722799634,1,0.34449659819814,0.228300149409595,0.571102568574915,0.127077856672119,0.520740172551768,0.0942496033528708,0.779569309268895,0.0761744109450807,0.540346431806744,0.0877825139330052,0.619615452414613,0.0832644105597887
3.32058388822378,0.190196434438674,0.85071851618413,0.127144632136232,-0.589654117737711,0.0621933220422516,1,0.0471812751934609,0.232737769282258,0.556332427098262,0.143759664436859,0.820589007979652,0.0879831650193491,0.811889523946364,0.0856696958653741,0.619135573196583,0.0965433426092945,0.722384656480278,0.0813362909992989
3.10972214299299,0.176031551239951,0.783057159104081,0.113015481160385,-0.507987201455687,0.0713923466108416,1,0.265362944435166,0.213415872863134,0.524464341378872,0.133670096765785,0.629135088013986,0.10156327465535,0.740230596515127,0.0794196779360374,0.609297208096129,0.0836110859131327,0.729285023832822,0.080746367001743
2.78300461448538,0.159077920180155,0.723788404489724,0.105621667414143,-0.481861209347571,0.0724322844784972,1,0.0191737318219767,0.220690126243307,0.463997558177306,0.138855644064357,0.624430933493403,0.0965795846890844,0.588479924001898,0.0864277919125213,0.528118756389906,0.0804975492452916,0.629250863261314,0.0784625634267862
3.07591400051941,0.178084175273514,0.840303908577562,0.12236711525698,-0.587869053976704,0.0603293892500036,1,0.139041105645871,0.250320811932171,0.641757933129299,0.139600822875381,0.683175925592374,0.0916061237193167,0.64684660703614,0.0892423760006155,0.753250556990266,0.08322792867688,0.662489864442269,0.0832791223175608
3.17261509126439,0.195878111538687,0.918198374362465,0.141401833437023,-0.54488832598712,0.0623130754394178,1,0.13269426227668,0.231230386999491,0.73311250087502,0.12037093244023,0.512189253500406,0.112610078406994,0.577576982843458,0.0922207241376187,0.700115215879363,0.0789042480087276,0.702850001797093,0.0824192943920233
3.19210370448999,0.179450866308982,1.08186939529276,0.153657494149489,-0.555165559304795,0.0613705507519905,1,-0.137352620174286,0.194596848372284,0.754547484962394,0.112509156867174,0.762664930609315,0.0854798203873246,0.747623708830103,0.0795619059009299,0.562198600666573,0.0902977737696072,0.538797820421378,0.0909852798462869
3.38615338329783,0.190214881801111,0.959767865015049,0.136360556239643,-0.662271647259139,0.0501102390917311,1,-0.171151029113381,0.247291817318162,0.727624945955418,0.126005895025744,0.900435831627942,0.0879669578730399,0.714236440958191,0.0877058338785212,0.630589788115032,0.0856337833095406,0.798290285283757,0.0783196884135499
3.16442390063621,0.181790883784343,0.931303746101995,0.135012125952786,-0.563251582350568,0.0599849770155326,1,-0.0942716216095008,0.260682448054318,0.696479710944133,0.132823412879093,0.567797881499119,0.10033780335622,0.773091694900417,0.0798280336775134,0.645732671473104,0.0892071154947573,0.603928243769156,0.0890072101216696
3.25497642825459,0.182902879930137,1.02569057663185,0.149978553590317,-0.539485985919403,0.0612710836111369,1,0.155589492746403,0.207898966942626,0.697387295150798,0.108986948004579,0.644877153215619,0.0999722821845531,0.702256402215811,0.0837311008600296,0.753448422151701,0.0870201718312192,0.662466826221707,0.0837060364249523
2.93451734222411,0.151729515755232,0.803302683932986,0.110905246298986,-0.496498418149704,0.0666888521976606,1,0.0211716966664547,0.200796987693932,0.576024246828274,0.117560781560791,0.629887627097084,0.0879671117094667,0.680641436144109,0.0772411397782825,0.609658663677977,0.0775091818669548,0.632037318937407,0.081196661835885
2.9783635281667,0.162698441806163,0.857847070183607,0.118302836070715,-0.490471484234864,0.0701778797132126,1,0.102479392054754,0.207130319289854,0.653068280449252,0.120203306489232,0.649736480085393,0.0862127208816923,0.71775531534791,0.0745553108430205,0.539618531394321,0.0831264944328406,0.714599243248296,0.0735972175989128
3.17224246839085,0.186720158637402,1.02705782001217,0.14890063576451,-0.6427248068755,0.0511370185373163,1,-0.144339091054059,0.201991023688355,0.752628030339394,0.113668890504351,0.557410634760981,0.105767541686724,0.81518446778144,0.0826654855736955,0.593995169431649,0.0836934438791222,0.769622346383956,0.0785284642964834
3.36786751894029,0.194648805830244,1.13924442291132,0.166998707470335,-0.496784870116403,0.0719648872795512,1,0.221687282936852,0.21393616996099,0.506511112574367,0.133960409912885,0.697654991047036,0.0990355231623533,0.727531534181704,0.0831172913431113,0.784103461789851,0.0828342661217974,0.762643572235033,0.087108615098359
3.18008347567295,0.169460502904034,0.905842723850682,0.116803705326891,-0.614453546662987,0.0530265417539031,1,-0.0521075482544383,0.204426603215061,0.692097271252049,0.117967509087259,0.740415669094564,0.0845356417773228,0.736900641826174,0.0778792394055229,0.651558579421209,0.0812527879284924,0.732027884744641,0.0808707377736005
3.16420547119323,0.187211115445452,0.967456462888007,0.145051358978941,-0.598437483006503,0.0609684541530175,1,0.189373001379118,0.18485273341393,0.51859477008189,0.128575771478323,0.768972277170105,0.097711079116573,0.704046641464457,0.0795315313767991,0.795250266268645,0.0803007742006853,0.650358275570689,0.0928053726076134
3.42407139875433,0.213765767619782,1.21456067005195,0.19000654836773,-0.659616626737565,0.0490532965485839,1,0.0605821952997404,0.259200708653951,0.811901691380299,0.116639546419861,0.73913559130364,0.0943325382064334,0.697231418858171,0.0962541586314807,0.709599949816711,0.0882569179623151,0.767931335524005,0.09000591196958
3.05737305698358,0.148416869321779,0.882388261041135,0.110638742300455,-0.585363182036595,0.0491005410650234,1,-0.167228069155043,0.184947479394589,0.745225614243134,0.112467659905786,0.578865085212735,0.0988894449491272,0.713948237772527,0.0778522167384327,0.713079834673316,0.0732897170279442,0.638059271484942,0.0805033834107738
3.28181757542502,0.190942766608231,1.10323001506539,0.158118810987582,-0.585168515893133,0.0628709757777599,1,0.0286972811023318,0.239814223169051,0.743439146700688,0.120957305874436,0.644131355857543,0.0967396692919275,0.758473061946715,0.083195598545358,0.805398868051477,0.0859081225541293,0.690690180166053,0.0891606882814743
3.32420184736441,0.18292374411921,0.964713178792586,0.137444950877112,-0.603015562856614,0.057811793296249,1,-0.100995747865151,0.245748939020901,0.685487521235226,0.132622755888685,0.756101901265562,0.0953001066657791,0.780002979081973,0.0781659084041611,0.713720637662188,0.0789002179266025,0.661041252004614,0.0819708303308851
3.1004987432628,0.171478665775153,1.01044606338022,0.13599265990904,-0.541439060025471,0.0690078234990107,1,0.297897447528752,0.228941960333682,0.575986536196123,0.126444094502761,0.619398286997689,0.0888047512607361,0.527176773770168,0.0875095763956719,0.698478268078499,0.0838171924879982,0.568264868716186,0.0892376823630509
3.43511019248496,0.222144484222736,1.08155808841312,0.177895200847922,-0.671925961196822,0.0515809546034945,1,0.170942755844334,0.254047339206567,0.631427634250224,0.146554951934057,0.808838040876617,0.0958087033882423,0.630266285131021,0.0845541454930405,0.816043596464171,0.0879223403260141,0.707300224996454,0.0982692035915831
3.26237200631527,0.206784207821288,1.05717241254233,0.15881309529413,-0.612141211585798,0.056467081789237,1,-0.334588831888285,0.246968384376503,0.832010279867294,0.124912006488652,0.794213148181283,0.0945486635651484,0.634632823258982,0.0914160226065261,0.672705235859917,0.0952475324546601,0.718544664636891,0.0916361650837462
3.20858116245571,0.179605075573816,0.931461605318102,0.128774085189297,-0.518541193076714,0.060966529773591,1,-0.215700738736495,0.250872094217703,0.773747271229699,0.117385623086117,0.676948552329681,0.0881657661988152,0.821562207755116,0.0758254973645747,0.638786738450172,0.0837912024381487,0.617405998373655,0.0881669744653879
3.36060757919182,0.219784771147181,1.11187670766164,0.178932703619235,-0.594499298601621,0.0638690590802267,1,0.3797182616162,0.244676340113387,0.641707962108121,0.130791166200186,0.689049798626659,0.101238921266463,0.687698240724186,0.0937238281226482,0.556399203841963,0.0972666795772945,0.693290740503191,0.0931303423508993
2.80881949990621,0.155816156090935,0.797563645951799,0.10999547315811,-0.466215191927918,0.0818183639653484,1,-0.217502920117004,0.205627254768915,0.575094273101486,0.123953611038496,0.734136118764895,0.0894728418469414,0.485224224310735,0.0873794773558977,0.648000010695811,0.0837966904342362,0.570409686920685,0.0860423136139013
3.03075517611107,0.170356023762221,1.0569820754407,0.146105825324456,-0.624510137952664,0.0484852232232776,1,-0.397404516745108,0.203944045813808,0.806593664230814,0.106065036752253,0.650337873765406,0.0862605542015952,0.509026687370432,0.0913798532541477,0.762072276089614,0.0771978235054871,0.685339311882319,0.0872761048166363
2.88272414358427,0.166728386333043,0.731529977240514,0.108828589542351,-0.627756056844654,0.0509729711218867,1,0.165789065449044,0.211996812739756,0.319059868379862,0.162099756741738,0.629357062892998,0.0987995878751914,0.696742766963529,0.0833745848907453,0.706350999376064,0.0822666406863878,0.500971900757838,0.0880858011865137
3.35112802360496,0.194507936551709,1.1053497305883,0.174628059988087,-0.532084386882155,0.0664284440671132,1,0.18519881930877,0.23833701892829,0.662788785913829,0.134857170928048,0.773902191890961,0.0893102583279394,0.65576382373426,0.085160120357164,0.769373901211489,0.0830217471350039,0.560520330013312,0.0977161274198332
3.12417685399239,0.183039366167185,0.890453427959277,0.13949366791061,-0.573766434389662,0.057170714778477,1,0.212133965775333,0.268302842645473,0.513874850101739,0.162010502415687,0.820292278372282,0.0853599094988479,0.554585812186186,0.0862972136128245,0.719999127606066,0.0896302347891795,0.597071782391232,0.0878093363118665
3.36451182407334,0.21354290684809,1.10190789756038,0.182215569509726,-0.604562667497387,0.0628628365451198,1,-0.0857686722987236,0.278718375933333,0.866964662647372,0.123213019513388,0.688540246937529,0.0954566877646578,0.778041213113658,0.0890538456265795,0.680557983250541,0.0890983882866957,0.69073825176794,0.0899025977351764
2.95791994791998,0.17559436562941,0.757102050539039,0.11311432059765,-0.478025737789175,0.0708217388923699,1,0.304837905341061,0.205584732925734,0.642844527700326,0.115383062279016,0.513584321247266,0.0936958036993729,0.572716079136366,0.0826625847653436,0.640663324012977,0.0869798590126252,0.549552720702035,0.0895004366027027
3.47191347695369,0.206464274076664,1.28469560189316,0.179615983545634,-0.565089437266762,0.0607236646149086,1,-0.212685456539044,0.267877759342623,0.86500984943119,0.12340748539581,0.852422720931494,0.0856032506851352,0.769086670783672,0.0845176022771784,0.697274937104137,0.0774766824763247,0.808752991396711,0.0940503462609072
3.30236657138751,0.203901608247734,1.02354444213989,0.158732739222383,-0.654314682846876,0.0517026956559969,1,-0.140469348530772,0.23987456390586,0.733119686564214,0.129764384475393,0.769297769288908,0.0961430964428927,0.780155142759284,0.0871692872788974,0.63904970883652,0.0847245957112384,0.632200602647239,0.0913317211381134
3.16686816471087,0.176845511602724,0.987008434220797,0.146679271643341,-0.643674867884164,0.0486744957997156,1,-0.205043767446657,0.208690752676343,0.60581514696375,0.129112915574002,0.731493991812314,0.0929728873559316,0.722029212017338,0.0851000888113172,0.686351233592948,0.0855198845254749,0.709201613701415,0.0854288907185275
3.23227863505158,0.173554313801245,1.06062805594248,0.144312632787323,-0.603790430712956,0.0577667234487403,1,-0.212318412524064,0.213015551932576,0.769639159004252,0.104631933435097,0.704248504148531,0.0910340396696563,0.728714326896738,0.0803306686683072,0.58258485477258,0.092399659350924,0.859313475416968,0.0820231236954096
3.2816972097142,0.176664799465646,1.02295474253386,0.144139779968888,-0.613142936619099,0.051566429377783,1,-0.0483103500279965,0.223030671385139,0.692252916742208,0.121329132563732,0.782988425562556,0.0898041789789245,0.747704759549102,0.0799538401215852,0.78683943256609,0.0750459947629165,0.603147813360045,0.0913926784096653
3.31591320550224,0.188629874661065,1.08549584591241,0.157744674733222,-0.609799259531226,0.0522432543672639,1,-0.206876076109824,0.2566285695948,0.771577952582074,0.12883555902962,0.781771158613983,0.0906802446351482,0.73000738816844,0.0828133973883923,0.694243366498293,0.0816909068046788,0.627593684473736,0.0803161998748124
3.67218346080396,0.204446792145588,1.20091527184134,0.170696625246257,-0.69417473232319,0.0434942788323381,1,0.190425150861258,0.213327188606964,0.637178269151214,0.114182182092165,0.837377007849775,0.0928004298383065,0.751223563379831,0.09313359584544,0.83249347836671,0.0857454995578217,0.801813613570232,0.0887705382747179
3.31458459076408,0.211171871239518,1.05247840295191,0.164783467038859,-0.599276861773801,0.0620859545704465,1,-0.327827306274773,0.266761944217419,0.797171408548013,0.130134703020521,0.816087613786264,0.101155313374814,0.690217370645385,0.0908286294060575,0.648864463047808,0.0884025065820251,0.726439996667663,0.094277350232808
3.18490075909,0.178739480226364,1.05831903127493,0.143834357866946,-0.599455661715126,0.0572970189231668,1,-0.0678168726897576,0.231786479467358,0.658786598488257,0.12802386407528,0.779251437710014,0.0922199401311796,0.723678197097474,0.0823743189844178,0.646262532764435,0.08658308161832,0.65706125237685,0.0825392197063708
3.06218088475981,0.176693052414425,0.913362196578903,0.130384906873654,-0.612490241622925,0.0542373683216621,1,-0.39907504605803,0.24571801942964,0.761105014798015,0.13184541579236,0.732109747609866,0.100244630553647,0.719864163460648,0.0844040062218091,0.644921134230124,0.0811899244013196,0.606283819908298,0.0846644679371454
3.16045031792726,0.168570761679177,0.860239098522841,0.119629493665711,-0.590573736318864,0.0560635396916358,1,-0.0309612291358804,0.233558852348513,0.713430584142734,0.121118906650951,0.658464092538315,0.0909602361511107,0.683653250546432,0.0807184126402722,0.737549545230027,0.0809297292624774,0.695894660973622,0.0765630806406608
3.35609267568199,0.221794714600861,1.11192676151666,0.168729193843697,-0.56498109639197,0.0716812522711125,1,0.180219641428024,0.227187326357483,0.775123589351129,0.126418395238088,0.784569440133867,0.0908890624252824,0.608359428195472,0.101233218428206,0.787891561698342,0.0894394609510756,0.814284235625825,0.0881411810200457
2.93888592916246,0.180661461875939,0.664734578534172,0.105098570393451,-0.578517985621658,0.0596729006309049,1,-0.0921213972057268,0.201227617782626,0.668975010131973,0.118114789011422,0.677074286048521,0.0927093436510254,0.399879971632361,0.102753654796589,0.715651951101611,0.0821858780315424,0.578891504466443,0.086065723533519
2.96419395386491,0.164147693445401,0.919189032081466,0.132988258212965,-0.561764147234066,0.0609493791984983,1,-0.139674079608297,0.229945368275607,0.430798675648299,0.143953247883661,0.766060839958025,0.0938792237057019,0.635847932365046,0.0863607616363902,0.641577337962134,0.0793697593732883,0.70043817083708,0.082753292732905
3.12282216748745,0.180996208188006,1.06168229035901,0.159556424044153,-0.587275165061814,0.0576992044746939,1,0.0284401652955048,0.199554081628838,0.696230168029393,0.10898580607306,0.52421615310936,0.101994876120671,0.68437523441018,0.0863852175376642,0.679331511873042,0.0864378562887827,0.671588643670809,0.0822525087515432
3.14034096406423,0.172124489384322,0.880630273867952,0.128058340252866,-0.568441505611829,0.0589580409049357,1,-0.237253208940386,0.221435716540493,0.742832366295181,0.114656005475684,0.73800812514991,0.0953368385837558,0.675458438001177,0.0847376907185784,0.651816208823185,0.0811177345162716,0.641830111840798,0.085414624421258
2.91533947948751,0.162507747046119,0.660211704622142,0.0984012170930769,-0.494629582959146,0.0743698258903982,1,-0.118314979981057,0.213362838948117,0.674912362024783,0.122971275795165,0.649736548607724,0.0938515617481218,0.604256822748652,0.0918733159102732,0.588307488165388,0.0836569427688574,0.68480445189955,0.0772562180564822
3.81479476400636,0.228310749503223,1.49407608924356,0.226738847142735,-0.643626240367366,0.0561408848929265,1,-0.126156777765421,0.2916560467535,0.884067769324834,0.125593898795169,0.828460151938747,0.0915542475317177,0.844413290216475,0.0963002809297826,0.838411956347608,0.0822936085095209,0.895739998164482,0.0883275800947259
3.13278050649821,0.184105741462104,1.01887840111983,0.142559117014942,-0.550233741030911,0.0619918350215436,1,-0.248122315831212,0.266293051150313,0.735387950844879,0.138982224020595,0.629060223656877,0.0995039938922519,0.696721428425866,0.0887512201044123,0.833956764687958,0.0778351730865143,0.607671926804449,0.0888445016180918
2.9571223544612,0.168882124965384,0.889125844667788,0.12072222170724,-0.512073218583429,0.0687893557172176,1,0.113830435955557,0.183902871607241,0.634306643781484,0.1097123664838,0.485745244289975,0.0954810900006113,0.709705950239536,0.0784007910727439,0.646978248530587,0.0798072119116801,0.65596996117531,0.0821805055702077
3.14976997805435,0.174795833631005,1.00391421509206,0.137857864073098,-0.578633630223802,0.0603388846105966,1,0.2557814382398,0.197197288122092,0.541057728688958,0.131079159272041,0.82463543506677,0.087866747311401,0.685295567787201,0.082477598474013,0.581800591224074,0.0793880261900234,0.635129235222108,0.0852638356111426
3.21195820624102,0.177175300102318,0.883156903467474,0.12278625282012,-0.515605809992736,0.0755286735882411,1,0.154337083498961,0.236529722975544,0.697029535295111,0.131394648186031,0.645879838695123,0.102090326604741,0.724578193000967,0.0834238591067642,0.671685083875023,0.0853534492793187,0.59854920911573,0.0835472042956565
3.34436602910912,0.160783928648672,0.92068478406096,0.121046891248298,-0.619571539055206,0.0475826283333758,1,0.0685100653205662,0.263486021370532,0.792237499140833,0.122926022276182,0.600430698633869,0.0957660499827099,0.709389213397776,0.0787708078443062,0.662278276933717,0.0779556701058937,0.829473289195643,0.0719354493394791
3.20811303196693,0.182555539409336,1.00841669215631,0.144803972357797,-0.614194452028045,0.0580200751393464,1,-0.0666273110603582,0.207359336768492,0.702789783720131,0.119638169935973,0.637626521840147,0.0989312127298408,0.758440615784392,0.0795955362614622,0.663551455748172,0.0860338120959223,0.74126961024971,0.0791469483782738
3.34493010987346,0.215804746838641,1.2039984164718,0.184707678761149,-0.601658333567512,0.0597452465390053,1,0.797355684644873,0.246489591181482,0.407649208425259,0.14498547968491,0.738158589725738,0.0980018566345748,0.732759103906211,0.0905549995957395,0.72852108997717,0.0866677339475779,0.64714227230167,0.0889459885738531
3.27652291817503,0.203340108770675,1.07454702026616,0.162989763088638,-0.553326683503361,0.0724453568544545,1,0.0896515437641669,0.185341206224309,0.767091215125561,0.104024898241889,0.674896689728586,0.095165651382713,0.688894174042441,0.0874091184424294,0.602210054280819,0.0976517399968706,0.732174085847064,0.0977342465025458
3.08368192759536,0.168289609403896,0.799363960623658,0.112354748480782,-0.492385523494242,0.0731576967099235,1,-0.356189053556273,0.210232335896006,0.82042270470186,0.108281557234504,0.629417922307604,0.0997243975757869,0.673656395864161,0.0846908931236336,0.593680871659248,0.0841194196174614,0.767767063211625,0.076568166303468
2.98809555002048,0.156924561109713,0.87529391074063,0.115468781224012,-0.569842876456128,0.056448674714734,1,0.0817518059969356,0.211173238876522,0.575743935070744,0.124484214629829,0.572064259971983,0.0951269108407196,0.595845362322076,0.0801382785922112,0.686930144522495,0.0774058793175506,0.67508407481559,0.0819563065630544
3.03720073620023,0.163720037544898,0.801333446958932,0.112752713254535,-0.614243467643176,0.0525771153275923,1,-0.194802736259347,0.203278925626757,0.625817889838817,0.122642630366396,0.636932451005349,0.0960311372439913,0.672430510341457,0.0853439360747474,0.632621836447441,0.0786530171360482,0.725933115089284,0.0780554739027468
3.42403140251272,0.207060903264437,1.28271435542447,0.186526276602704,-0.665266441271463,0.0497868823992922,1,-0.193765238791438,0.24137568893685,0.741292999001293,0.126974216927045,0.746869850084623,0.0963248716490783,0.817283774863691,0.0878857180425048,0.805390443189455,0.0834536106840636,0.754713587113111,0.0815748126502602
3.43893063613072,0.189138173343008,0.877093532635654,0.133581318052427,-0.641447957794193,0.0531969828839952,1,-0.0948082824707365,0.214435547687156,0.782922506287776,0.118703879511568,0.806859067168653,0.0890987221770864,0.666233822834293,0.0868923210501753,0.690783217103944,0.0822986514882125,0.676996275981344,0.0901996128803746
3.26511191774452,0.195808247432512,1.0634507231876,0.15070410958057,-0.63147459382785,0.0567935572085203,1,-0.206182041852791,0.253215654505229,0.779616191201745,0.125395962744953,0.808907455910826,0.0944247816889227,0.638493817698565,0.0841781961735576,0.789684509509111,0.0836707571095539,0.660698918870005,0.0895553159550965
3.30304201697155,0.185651579138455,1.02969950113265,0.148155507327649,-0.650478778661207,0.0500689862788906,1,-0.159479385375777,0.301532232095814,0.851540798383452,0.141378288800334,0.547904012186791,0.0976266382325446,0.824283994033237,0.0762318782372721,0.701737588825624,0.0852377939888519,0.825723007128719,0.0855061317656443
3.14461726863177,0.197261134739854,1.09657935722052,0.166888641275574,-0.596306855737284,0.0615633910945642,1,0.0422076372725312,0.273603771087084,0.545545802206629,0.149355044608386,0.754501709708106,0.102611855267606,0.711538043013486,0.0901157295117306,0.743892719651893,0.0859064262148116,0.629782230661603,0.0857100145857651
3.20445470303787,0.182340348092905,1.11833504894793,0.163716425039133,-0.597839395619141,0.0567067910013086,1,-0.108636935643016,0.199731572832985,0.696397249619316,0.121066216883612,0.701958653774025,0.0914623377139202,0.754223520624647,0.0813784556131461,0.713578679460206,0.0825308122592541,0.778914492127557,0.0850634925387047
3.01731141634699,0.16636502265635,0.79406747209551,0.113021265847247,-0.448711976995759,0.0778023113028724,1,-0.0926000953663202,0.188857071599567,0.704467346207527,0.10720762853632,0.614091852245032,0.0934945145425243,0.690954879353629,0.0781994383853255,0.517118932926622,0.0824089003271775,0.53887574554568,0.0901859541356867
3.34292006414254,0.193717779034882,1.17185583027608,0.168350689019694,-0.649013385035046,0.0480916624624967,1,-0.185016120588018,0.233268151853001,0.867856073186017,0.122295475549198,0.682793215953757,0.096746254543803,0.683966143597489,0.0944080616654069,0.828059434757275,0.0790527406545363,0.885115346745305,0.0822205147322997
2.97729141140309,0.177154274433264,0.943609522749862,0.13914338713774,-0.560260407676924,0.062092322831146,1,-0.131754095602026,0.192489692758153,0.720644295391915,0.107562316685392,0.571390603955997,0.102297325054202,0.595925376866962,0.0865917868950126,0.673994518147845,0.0842689629340078,0.630779319747474,0.0839279596484658
3.08511227404184,0.166937230359796,0.926542888592275,0.124362842981915,-0.499356205328865,0.0679437506207501,1,0.0396900670167529,0.224591751034574,0.637621746207008,0.125162170184521,0.646859342917894,0.0864808313715951,0.65167560118566,0.0884824251067448,0.557304223894345,0.0840806269373423,0.587360110326713,0.081369358753145
3.04051547139344,0.185563324908758,0.96691385421522,0.144869438440137,-0.468138981744152,0.0838365199331595,1,0.100049806849168,0.207459174767931,0.617888272896893,0.129298463565695,0.633243924177996,0.0964803472417951,0.651823293850495,0.0871662632569684,0.54350411315565,0.0922644891337811,0.65830046660622,0.0836920545425377
3.40799124258995,0.190723046953799,1.15315503719037,0.167351241764988,-0.738032234650959,0.0369350897800247,1,0.039664323537243,0.250943028476495,0.705356914876667,0.136221238707105,0.840412793636001,0.0913181047867558,0.718631328950035,0.0840947091285223,0.825811212963471,0.0797751427822808,0.728290116863959,0.091885748115262
3.18072782210755,0.168039492356685,1.12028438366433,0.157911653784243,-0.623469406026205,0.0500948163383805,1,0.278623867258668,0.201523360482402,0.484533808490737,0.138659490777433,0.662346761932643,0.0843305869453717,0.751407328115449,0.07573986279593,0.803058475809684,0.0782908844919725,0.702225199710672,0.0855914725294506
3.12018736337532,0.184304815937827,0.836001858251212,0.128246644238683,-0.588576108631419,0.0628881588061464,1,0.0663715351422818,0.217092893000476,0.675371519145503,0.126529100226162,0.674189235094038,0.0957702598695797,0.492844006089332,0.0897326235178527,0.682297637024892,0.0828193683644535,0.696424140609998,0.0923599949016351
3.43010422056279,0.197894196609787,1.11582457163098,0.163496903769206,-0.611803029295225,0.058937276603276,1,0.29473625648099,0.243622060738795,0.674126975726721,0.132398942408064,0.743481404482933,0.0919690947906617,0.677158688276073,0.0944523439782241,0.926542776846389,0.0841925237938859,0.617394321458653,0.092446597176689
3.35039963936186,0.187321864391789,0.97924483999019,0.141010435446338,-0.470883125299946,0.0752617196272942,1,-0.106185180949828,0.191409809542173,0.851733036331883,0.0997310554533835,0.706738757266411,0.0973239245009827,0.667368583762306,0.0825411208561395,0.75316556472394,0.0802049072471617,0.669576151253173,0.0927285405904284
3.48882427509059,0.206516057705372,1.06246570384156,0.160306998386403,-0.63496652274443,0.0544580296031591,1,0.313523656921386,0.245304797422829,0.719508753990566,0.127209147413358,0.708575358236655,0.0931219034826477,0.657057143272343,0.0896146747539364,0.795673652178468,0.083401278354494,0.825845084746618,0.0842987356702892
2.89656587159991,0.147285360493934,0.81669220045585,0.103408521724464,-0.524015702345082,0.0629035973412314,1,-0.088351220958326,0.188422761440108,0.737043820296219,0.0999209904721321,0.538146565657474,0.0930251430803535,0.483715251223605,0.0841489715624504,0.682511706424668,0.0743717881144117,0.587217422689346,0.0821936026127178
3.09087135930178,0.18965322808436,1.07704753610977,0.159711642899714,-0.523856220213599,0.0758401621742761,1,-0.283114332440953,0.291234556171983,0.706629002444739,0.155055470017159,0.705348039310559,0.0936191354678353,0.589631134650261,0.0891090190169641,0.813348187435863,0.0841044987482174,0.704905309519364,0.08578984510129
3.61541162384151,0.22586257151749,1.12179484464179,0.181375098128183,-0.737656825723198,0.0383632788959156,1,0.210221988388541,0.243378565760454,0.663065352015857,0.139724918219397,0.787492440919042,0.101812787980791,0.776215752680423,0.0863926966845073,0.775054211066255,0.0905964584141275,0.801025577168946,0.0945834809958596
3.25921528200851,0.213209500999568,1.21997078057062,0.189639506423893,-0.659432179323359,0.0567841411236404,1,0.343779266673552,0.224726831592365,0.581584718194472,0.122279199644692,0.842763205306581,0.0954345318668081,0.660561939057994,0.0937907290240438,0.662946607836731,0.0883973515694278,0.743423656453835,0.0958130685804821
3.54879855954838,0.185658338869237,1.09205831439457,0.147146173312287,-0.645682288613283,0.0510679275178314,1,0.657468096399929,0.273684023352103,0.600676357446485,0.150382122470382,0.727965912460259,0.104166198476628,0.595267859713684,0.091347781592187,0.747490140988513,0.079551991886838,0.744549349974573,0.0884476119448396
3.32503423617611,0.199987286110179,0.997160655699747,0.155638062705055,-0.616448645240193,0.0551285584070577,1,-0.0775283161754168,0.254354421811081,0.809650361977965,0.124075715071457,0.732781116216566,0.100967577296276,0.626193700439453,0.0903394297093055,0.686447049102611,0.0869862606212008,0.859884437456148,0.0829661877577402
3.43696605325877,0.206859336630164,1.13646374758506,0.161541310783848,-0.652461494708862,0.0528550174427298,1,0.414753540872901,0.247147319779271,0.588694779640191,0.131614371893862,0.787832309621778,0.0928489405736347,0.596156222409501,0.0904951183512655,0.735332268983698,0.0861713399108751,0.803723835107645,0.0872393186030991
3.14963914085624,0.179297991834781,1.06821788958608,0.155055105796204,-0.602973081633415,0.056949914190471,1,0.00638158899113176,0.205960512423629,0.603017016479577,0.12043927627808,0.812857422002378,0.0866033556665977,0.69454082224426,0.0877538365265674,0.611563025449916,0.0866008712204527,0.613515502479441,0.0894384871289638
3.28090841054346,0.221796409199059,1.09031811818362,0.178829468005635,-0.680457747753302,0.0525406346313865,1,-0.307508185170024,0.25572968379347,0.880016899360568,0.117846620832939,0.61241867487634,0.113332284769896,0.821643667925344,0.0876032271261483,0.654417876227076,0.0929007550728311,0.772129438694512,0.0948783248380934
3.13951406695845,0.177456687750352,0.923679411107336,0.129342348430728,-0.550564235820165,0.0628194561443172,1,-0.492560423407332,0.249909192519256,0.921866962385671,0.126690262587536,0.680951796364408,0.0937161745990858,0.695683990396372,0.0808593452555557,0.546131552835202,0.0844449274871665,0.647375613539384,0.0897893866961835
3.56728489081602,0.212119134896112,1.22856859266708,0.187990759267409,-0.646367569907468,0.0510704788071628,1,-0.0529686981759469,0.216501393936358,0.750125364399528,0.120619112633187,0.872564469792769,0.0940414939908271,0.837862388856312,0.0803004434105213,0.782419501864848,0.0828774869999447,0.881652133718476,0.0794721825917646
3.33216488632605,0.201445914087282,1.06000601807511,0.154441667912362,-0.56275786574925,0.065914369445387,1,-0.173203130202576,0.265661415187996,0.871075843193387,0.111424705669544,0.655009391873243,0.0959101934992213,0.777440104213435,0.0781904126717467,0.69385741023566,0.0875374710702715,0.739921807023561,0.0898193784174282
3.32059920297751,0.202024870931109,1.00815476556764,0.152301792604487,-0.603633477000413,0.060055032620638,1,-0.0654138901561892,0.227573958750528,0.81066963430746,0.111763207561221,0.603467523890508,0.0983880265168452,0.788736381945194,0.0859919761497386,0.716094950764101,0.0868273274257407,0.684243791637912,0.0828286053090048
3.24668532314548,0.178359251810128,1.00730304255135,0.145909979267952,-0.6014598433161,0.0572565367262775,1,0.0344483396681214,0.22801753426756,0.551208477348225,0.142685720619641,0.77273659170634,0.0955680688020832,0.637447680424028,0.0857698795035457,0.708466241726621,0.0814425503906668,0.68193340466518,0.0876110090693318
3.34753920921866,0.221076005812519,1.05951114809518,0.16876970858438,-0.622415335098465,0.0621808229862083,1,0.193865899213151,0.265119602152598,0.676463983984087,0.140376712935248,0.622556026954551,0.114892909734658,0.718481316621355,0.0970530634085409,0.797520591797846,0.0832325638985476,0.746601891542231,0.0901413736589458
3.12988619706302,0.207107274771733,0.909875227251471,0.146869860384261,-0.635473017714203,0.0599253630871134,1,-0.454813669335169,0.259104055367701,0.775975999426502,0.139922211507145,0.804281586461382,0.0922320612952731,0.546986126679999,0.0980715637786106,0.716912360328518,0.0885000755183482,0.650038914450664,0.092560821474544
