"beta","beta_sd","omega","omega_sd","rho","rho_sd","conv_code","tau1","tau1_sd","tau2","tau2_sd","tau3","tau3_sd","tau4","tau4_sd","tau5","tau5_sd","tau6","tau6_sd"
2.12832916369525,0.360248961102461,0.0764454999163571,0.0560216392931177,0.158798219841131,0.642257598263414,1,0.227911147577972,0.732560028142552,0.613618596279602,0.309775510936309,0.585337768797292,0.274641091493578,0.869564184833255,0.214405030274251,0.200316434557816,0.353085731454793,0.674925056217658,0.284133298018132
2.44949636201986,0.2816212241653,0.0227999923510413,0.0640163631867921,0.605735261522248,0.190561043532894,1,-0.164455633242014,0.691428464905465,0.908465254229938,0.31804147061861,0.558021999277307,0.328677744329866,1.12701114476234,0.182370815111772,0.511686116044612,0.279387762608623,0.782336521329772,0.197874584863793
2.40626649607257,0.416099886113887,0.130422946727392,0.0809262890360025,0.117304719362477,0.50510205387918,1,-0.844603464941531,3.00605110041669,0.886779697706868,1.16022446651029,1.03000063256286,0.244960400383015,0.624962837287245,0.242387769135584,0.933941142390141,0.204471982709864,0.609397071063762,0.318025429682727
2.09133853397671,0.235704399830233,6.81729822035686e-15,0.000165133863520935,0.449911021007603,0.197017896085682,1,-0.643567714617476,1.02118918863664,0.941155380306301,0.429780075433637,0.640100805881998,0.229505485876001,0.567847865167133,0.165122027213288,0.793740466348582,0.207582407095468,0.587084051743125,0.285162770002884
2.47345604280936,0.300260256093389,0.0465188447592359,0.0466893389431259,0.227232922527228,0.404013220250465,1,0.828940414100539,0.615939938188594,0.703723543663435,0.325987560114411,0.694938477216378,0.314671335182326,0.444470514156605,0.24207375386793,0.888495325355138,0.193616169471536,0.868736437419087,0.239093987278416
2.43161078915139,0.392913609457991,0.0731575201592134,0.0626598957179122,0.175580453877044,0.433989274984278,1,-0.482558135876503,2.26636587749205,1.20570745199544,0.712569713186407,0.100503046691001,0.435908442981107,1.06681176677887,0.171835204564693,0.590828426040172,0.269497231133622,0.696304994635242,0.265298499345282
2.30358340404366,0.237507860346923,0.0214674943649874,0.0465409565671863,0.123013894844619,0.229746191977192,1,1.01240903527651,0.441259283740166,0.359606501511506,0.275158356904024,0.540477810544895,0.206244861968417,0.667426709946419,0.193481093875526,0.461459669125401,0.271679514399173,0.804124083235629,0.240140530774923
1.92717586901357,0.218925770842902,0.0231463931196348,0.0283895624560911,0.294648098666383,0.25119640787529,1,0.147388874831889,0.428855552788808,0.527006511367762,0.272408841657894,0.484355739170925,0.223106382065152,0.632726186013093,0.194396560756833,0.154757534061409,0.265801145714124,0.76176044892248,0.16223887332024
2.03325623997302,0.248796186077878,0.0504604339384992,0.0526728659399435,0.252552827166828,0.342189709523229,1,-0.764555983240141,0.926165460583585,0.876757955515095,0.386522788260868,0.72147594897889,0.235945116762486,0.501409826486544,0.194614076312738,0.545609159237352,0.25305818269723,0.685177730808727,0.212683209439206
2.04103224717922,0.261024955636323,0.0312211674178207,0.0443231699369699,0.323983242846147,0.352273433901501,1,-0.57533183731998,0.740298408401894,0.553932242078725,0.425050002026016,0.888708820906415,0.194063636310017,0.597765430039116,0.249047668686624,0.784168042886811,0.195509497921786,0.458201498524643,0.245254486740399
2.25904895889732,0.261619612919112,0.0556406002120135,0.0413438860800583,0.489675243422849,0.376764579135459,1,-0.991168304501566,1.30688634521379,1.02634482294922,0.474127124099306,0.828970666607621,0.236728096413753,0.63398345254704,0.226092652034345,0.822619765739985,0.205045380316436,0.817584836888827,0.203169805781275
2.47660008978101,0.384954406703071,0.070568638193439,0.0813421342602128,0.714275140045571,0.218665105812721,1,0.375915957951943,0.577787026612705,0.335598486044843,0.45150155850609,0.91297515632649,0.300695793736317,0.957944668359023,0.205608605551523,0.481557710673022,0.241547313446853,1.08659047777606,0.292770055508368
2.27817368847024,0.370409755277117,0.0529013279107811,0.0480014989904308,-0.174987502572597,0.473138365945187,1,-0.109216588992179,0.597697219129603,0.897219743352986,0.238762584917917,0.792159522126416,0.23638433557139,0.627839840162869,0.250702818932124,0.576689560543363,0.3286473957182,0.803389018765849,0.243179205818193
2.18733579801399,0.384443677788737,0.0384866338815204,0.0580230479623838,0.628692007552928,0.248492576709506,1,-0.0442933269180338,0.677416512144579,0.237637405786499,0.533733256803443,0.993668473614066,0.380367746775125,0.732017707184378,0.281072849698795,0.700219867827585,0.212071270838457,0.806643914454645,0.169605364975989
2.1947292598073,0.263896790232513,1.24616757646555e-15,7.06021975993546e-05,0.213628389950673,0.2562574798989,1,0.193663032989336,0.662563993020606,0.585023565059693,0.472079212942305,0.555258348120688,0.307960704272928,0.836133245912542,0.214727928372787,0.429880591108218,0.2180923141788,0.829590566645369,0.175240074399804
1.94378926289364,0.250716666759913,0.0300848625391891,0.039085263469231,0.312656159629501,0.264845142624257,1,-0.280355229041685,0.908261148038347,0.85542057506711,0.344072644816167,0.405293715556084,0.303980760994743,0.552324214097065,0.162764134318243,0.73089281882477,0.183070404254229,0.381174157068455,0.230910484999807
2.5391540383553,0.325326082790363,1.36131229898966e-12,0.00233350577346549,0.702081648542113,0.0930901877011151,1,0.129754332990172,0.597757189050441,0.628842625037839,0.359953640283403,1.228837915339,0.151641362951798,0.271074376276505,0.235799345634536,0.843808969827318,0.185375374208413,0.970527893712678,0.171052843399143
2.08614482935843,0.246447264164397,0.0489794356553683,0.0616582779457742,0.483903136565298,0.282545904649862,1,-0.227857236148982,0.72034184315771,0.835259430109343,0.341923697604968,0.525173520264059,0.303716253863871,0.552927996627436,0.216481456696179,0.75063149629883,0.233888167543762,0.636523681990288,0.205691662991253
2.47956764314937,0.392840560787404,0.0336463726321204,0.0495404858032307,0.611249280128871,0.203714703047105,1,0.095105456640334,0.714289504954407,0.747563414312494,0.404426290438173,0.934496184738081,0.343080407655959,0.844180782578862,0.241600159166222,0.791488013276985,0.136313011787365,0.583951100971468,0.344357799246849
2.42076927739383,0.405400688711269,0.0740400290147075,0.0532953733224007,-0.0211596875519661,0.423662712222063,1,-0.42680949016402,0.847385516167294,0.750590630781866,0.45759644581685,0.90200574120403,0.343330821750245,0.747781188463692,0.23291463900209,0.897751859413874,0.253271667101515,0.805755556581496,0.261819868720094
2.31865613861508,0.363645575659409,0.0524134223611993,0.0513427250094,0.104691421165028,0.444177384170853,1,0.324703316978601,0.782028440445751,0.333863026164511,0.457864833826024,0.768804230248419,0.228500766367668,0.806855853312899,0.251802220190951,0.769562969524785,0.224608657699593,0.834678475374719,0.242957559929646
2.27456188991286,0.295282937124579,0.0696177586981688,0.0571945442679724,-0.0940444809184059,0.432314854268002,1,-0.109010322542598,0.854005409163337,0.686277371398445,0.403302002892424,0.663513062318998,0.268163586080432,1.03838340819485,0.19772787702487,0.757537803922192,0.195819271613434,0.395295801693977,0.304871204630492
1.82813088298906,0.212140308393407,0.0131432363633054,0.0388825242337789,0.578638965991069,0.2441440698086,1,0.515571078621481,0.525115955695674,-0.0590598350474249,0.399549750609124,0.623163504370889,0.304872141684501,0.571319981090842,0.16356348343087,0.681458627892547,0.241939025200218,0.666335930325218,0.243976418549971
2.42750400094772,0.383940662394121,0.0520223694684469,0.0723299784430374,0.586613949995057,0.285619944747848,1,0.412973784129065,0.929161618910625,0.306056249250119,0.622232604936228,0.906464103952658,0.294993892375169,0.813368900402852,0.209650878491594,0.792548525324654,0.244226932032834,0.79371030664228,0.218261012286906
2.32819563239136,0.318738132769621,0.0649921943427148,0.0478841330708157,0.41319738266131,0.346643920434026,1,0.229214365780515,0.707257070513872,0.448281188882985,0.37146619382902,0.983484999869648,0.179626386810789,0.709454914262858,0.239938378175127,0.643078644798345,0.241797324965516,0.800755806196378,0.171770529674326
2.2697463552674,0.235946858317852,0.0411908139988088,0.0405629889234871,0.0532816012737919,0.327443886424719,1,-0.657659669170021,1.19176847413855,1.02499352724543,0.43870519117453,0.821849284538535,0.157127008493605,0.609992899339588,0.196549598495356,0.59006081103419,0.215687474238399,0.610181185062313,0.211536979096851
2.5911470332112,0.402289035458063,0.0711666768927602,0.0660750868002753,0.216225802908389,0.485217226363204,1,0.77375158162358,0.618737216980486,0.264100478214883,0.450507362809338,0.685528116695302,0.267624057622379,0.968023538633212,0.223156802345446,0.949445410121533,0.178874054855366,1.0804654393516,0.214460214797366
2.25852109227223,0.288906796681515,0.0606260457388855,0.0550111603683112,0.165651295058214,0.385174462910704,1,-4.83004251193901,987.972440061193,1.85461914992669,154.630087469301,0.929021897348347,0.189195650473804,0.642270330034032,0.169344249940491,0.724239237639755,0.20158730117872,0.505659473156447,0.269108700694196
2.35556025806707,0.240224050026601,0.0653166479548347,0.0441757747487742,0.311557847139629,0.477692034505041,1,0.853716328038017,1.7833031325307,0.538299157023929,0.922531328977352,0.509250287950177,0.330331155893848,0.912838916438875,0.179552002755312,0.724864878276647,0.176516759062214,0.790399009121068,0.186766982984893
2.03352143543255,0.177413776188145,0.0200142677661513,0.0333562260095409,0.279581002074503,0.27527533293804,1,-0.360137606483507,0.772581767584038,0.385534860720907,0.531804786699955,0.962192387652068,0.25866776256488,0.681760593268295,0.172575741205179,0.61571553623076,0.189958165120342,0.37590673392092,0.168605292451651
1.93058337674969,0.220750499719833,0.0620852568468984,0.0524073094678893,0.360739416420612,0.270118406733935,1,-0.01744813474537,0.593741575798633,0.366826669010382,0.428885227896086,0.610099980158781,0.271390735472196,0.601935120514253,0.223734964743839,0.682421212165597,0.166986170321465,0.630714881736834,0.218011404978245
2.43441230817163,0.310124897968388,0.0820734726238608,0.0651074469229387,0.259542352048667,0.707182704572593,1,0.428356270506309,1.3125850639085,0.843424000996156,0.513180701644913,0.78122165830245,0.292444786905787,0.609995598098991,0.202702823129244,0.832852750348973,0.20325573413329,0.573030006536307,0.273783777126267
2.17953112003987,0.364810257826275,0.0894680104268139,0.0590432326170366,-0.0585269419576897,0.468798402592709,1,0.521628752185369,0.587931198523281,0.487039262280081,0.315228253750418,0.794725596568153,0.19282378906038,0.44485125321204,0.205753621126513,0.932264993676554,0.22318493203906,0.56709823996429,0.26244022187819
1.94399518601026,0.217618627175205,2.07739860787852e-14,0.000288263671514029,0.473750679407002,0.175554139087794,1,-0.708320665763954,0.968571911964449,0.69152422033147,0.47883251806019,0.822987526593511,0.226118217048114,0.669807028976243,0.159707417381996,0.538277142601484,0.198959393300007,0.544839015099061,0.231191519843949
2.32399647622418,0.357199179890228,0.031747444775635,0.0515874561987303,0.544620284540847,0.246133884561911,1,0.183693585253107,1.52396078844631,0.612552795517686,0.790504598563912,0.739990415719999,0.291421025636065,0.581183407007642,0.240455576567419,0.920562051323126,0.207336837654388,0.492079352700371,0.236674234249147
2.02287257609241,0.197902442015922,0.115128715847893,0.0601014135428346,0.547620228134342,0.284643750751849,3,-6.30230801305094,992.406642754713,2.08794649379713,123.000261720051,0.517078696507123,0.255180619523022,0.729952152275914,0.18597931719909,0.740154657008151,0.202937072555397,0.579868057981822,0.221363189083166
1.97507207001911,0.323338928762731,0.0321207674008397,0.0440678267946684,0.187385023953884,0.422966298484357,1,0.358471965237614,0.659301874725756,0.446845512659284,0.388873374107334,0.726268022467501,0.235670199092881,0.434090399864568,0.284435600059198,0.652027426066496,0.225077145575295,0.559345154212234,0.296687518572094
2.28932467525518,0.228248981250809,0.0800995429140523,0.046841452578254,0.108255038179603,0.375683019809433,1,-0.0323111735061433,0.690009893041103,0.855031678612993,0.344962861213746,0.576988627736418,0.204065088540834,0.693859370788979,0.19515052189294,0.717754789986698,0.19256536951811,0.972144287478003,0.162445790629097
2.36890459976905,0.233914618489468,0.0903251072523527,0.0867611213838265,0.31043259822006,0.301674047736367,1,0.273059531779336,0.779917493692089,0.362118872245361,0.479986712941641,1.00642433116367,0.236347758278578,0.365792398591864,0.215452361872425,0.870673263675081,0.188493559899458,0.735208778748175,0.234235352052224
1.98574245121702,0.266138874011216,0.0475005920461716,0.0575404958833336,0.322500274280885,0.364159329203278,1,0.0941257198579212,0.767538455130023,0.536079084210422,0.39323272718502,0.613874614774822,0.257570727249616,0.486128001741991,0.196812442668301,0.78072214379824,0.150954840638198,0.367744475447954,0.263077267539565
2.27643376697972,0.352225139154258,0.0896775477674422,0.0691750807089185,-0.0368706220162929,0.305420290756195,1,0.0287716493413807,0.742908487170062,0.68638647139445,0.337937731085584,0.685766323313874,0.194918762035794,0.743096105219757,0.202046591031661,0.669292113405408,0.232670171917485,0.749683778489088,0.281080355391364
2.10177352358562,0.245110422512624,0.0263298211306442,0.0491530314788947,0.446373853833595,0.266050157337669,1,-0.919396859247758,2.90008513187701,0.928784328477824,1.16961748827145,0.872464337881833,0.174337329432198,0.69602575231009,0.199049473616192,0.397244794005591,0.247120101152432,0.570354484798786,0.241308812801831
2.55125815432971,0.429008037175946,0.126628364343419,0.0828980460508114,0.123171247440583,0.55627568004335,1,0.326982664012393,0.556894098043229,0.826146908895154,0.352629767497534,0.960750335037513,0.26729549749016,0.451153286377481,0.304195507634775,0.83693531090467,0.190276854356445,1.03322169543388,0.260590436829304
2.19252410137786,0.269130862894644,0.04342514823749,0.0304242569126248,0.497924435496777,0.227469413818128,1,-2.10545182630613,1.82432232422702,1.32311088193288,0.495475291467725,0.809798328506509,0.240036477037055,0.938811542244246,0.208893136722003,0.439612788539111,0.261451446493889,0.883420980429887,0.170318197963638
2.21680575254772,0.248817106719435,0.0777664697518338,0.061075992458315,0.383446253947138,0.261353166944376,1,0.31908566646484,0.505497791177049,0.428843883542934,0.299651446379656,0.641018421125081,0.206845461287471,0.587049184004597,0.191764204599196,0.80772960254544,0.186781620879102,0.898685115385609,0.222761503502875
2.44479474680508,0.369052377234304,0.00513411512176842,0.0844574744672259,0.716199814590986,0.216303637769975,1,-0.241587696000006,1.36337873468137,0.810369974672348,0.622166279171012,0.954349841884771,0.361766266231941,0.777070571501233,0.234018232575529,0.690362881073631,0.25247340984251,0.661192446708588,0.228553906356622
2.73951389660799,0.454804335973053,0.120617602414517,0.0953867798274805,0.254334334704249,0.426461669711147,1,0.974061326058897,0.805380664635424,0.638439810571911,0.449492512945189,0.697536853707882,0.215079207692629,0.944861228319797,0.269923396358601,1.08682493926403,0.228428627055517,0.405310477791113,0.363624968147006
2.08547816296903,0.304395991731185,0.0530814818676169,0.0391630430405596,-0.194196933832477,0.317364677911315,1,-1.13725683017538,0.968613309525275,0.92260954970909,0.428605606006174,0.637900710502746,0.280556576047718,0.807896802639659,0.218981803603991,0.755786381784386,0.163318593487274,0.694404667858188,0.250708235328809
2.74077887861671,0.476643671631044,0.159361712743763,0.0745091801095119,-0.041975816178001,0.488768112582974,1,-5.1235900271794,990.843784383999,1.99318369318214,135.013327411054,1.08047933071679,0.228708711488793,0.60273646891789,0.252402507097005,0.895384625098794,0.208452481346487,0.945531035447029,0.201408268008332
2.34731674251525,0.30811697635803,6.57408914974176e-14,0.000512799732804653,0.718176684448634,0.103282572154222,1,-0.390865693551744,1.33029895140197,0.625954132117378,0.695895006805623,0.863886976873262,0.197522834186887,0.942637075418998,0.200807258284497,0.944278855779308,0.193502325977007,0.938319720285547,0.201331266824566
2.43939663350498,0.441706924432518,0.0980083230971326,0.0588689720600175,-0.155404592110456,0.376517162350191,1,-0.469378640960742,1.36546735739932,1.13638092549931,0.487609855647222,0.760157441120597,0.292855873950414,0.702380577924382,0.252426328901187,0.721949941088472,0.242622854332855,0.805238847082983,0.210785601594541
2.58046561709084,0.509624028902649,0.0679488602704197,0.0557162160355419,-0.147318582765365,0.431710277284518,1,1.20871369003133,0.598181103157649,-0.143253300843209,0.560140833897664,1.17018406041186,0.32027464280454,0.755972743553585,0.267917610281843,0.43079656962046,0.327594263345101,0.641054301572347,0.377991763798811
3.66082219462904,0.868119199711242,0.223315700737237,0.152718398991142,-0.367728206889517,0.457979945645041,1,-4.60079339021338,993.570762988101,2.17203606176118,113.212926270114,1.12039245717622,0.288555816813497,0.769954546701105,0.329859611193818,1.28817138075585,0.242513718755755,1.03204027582464,0.314732355953152
2.22368283165979,0.215142494211878,0.0254857730434403,0.048317724183664,0.424176820971568,0.289494265136429,1,0.106098947793997,0.694023095124181,0.245516614908777,0.493018574854141,0.930151799326423,0.185910729343157,0.956341325471686,0.167358090123623,0.780570294075902,0.2113404553819,0.481586003608836,0.241532706017931
2.40552333205789,0.410624080540511,0.0831248355871809,0.0554227670987255,-0.159911244317934,0.39372210547549,1,1.13531890826261,1.10058358459869,-0.011647850509858,0.702378185611558,0.77231043420953,0.240253942450791,0.855920288070222,0.207819663820436,0.753485879796571,0.287821457341835,0.789520605902614,0.237042332563064
2.15928183029355,0.29576372244073,0.0565492185954537,0.0494549419801521,0.130627132148302,0.416086561243695,1,0.12872029954831,1.10777081333352,0.799844554766789,0.472382316625481,0.32921893191635,0.257682537721244,0.827902840323919,0.249586232033012,0.776626004245185,0.229246158071052,0.508441294565828,0.209394786146247
3.19269844474477,0.420494319522102,0.0334416270579715,0.0453458233894159,-0.162062144732946,0.278306658297091,1,1.38087958675411,0.769314686513729,0.68552334945259,0.405254450616408,0.869457753017433,0.340984060431491,1.03883654943083,0.162005197350054,1.01389523923562,0.215713996940507,0.966652514910617,0.189438286806074
2.10587042672368,0.354579247573484,0.0959749231172936,0.0642383188023066,0.207651973832961,0.276197533471293,1,-0.0739094742344131,0.383898374428981,0.676496323701856,0.374045496945895,0.75791723144296,0.251550983135945,0.495022675017206,0.241249460185859,0.723597137406735,0.213318370128781,0.779881080090187,0.222847246966611
2.42960357187776,0.295112461069315,0.0117327831738684,0.0575555533587617,0.610442190113611,0.260981057874989,1,-0.526430038496996,0.54885441495413,1.02428243144367,0.267242025582006,0.904023235553856,0.249285069447468,0.63515752561833,0.251593810798689,0.787104553362019,0.139397515658011,0.953797923543169,0.195372404270815
2.20320635227343,0.248120658035047,0.0208857711612737,0.0320453094299431,0.200419141234555,0.350190589524445,1,-0.0501299112729001,0.864456306876357,0.295197541912424,0.542219039105645,1.04655685642913,0.175228227283673,0.661995307898592,0.189644315811149,0.886806350726561,0.200687404198419,0.338891945214462,0.265729768914381
2.11353865471016,0.206029916357974,0.0103763388876172,0.0509343680285526,0.694722970513697,0.154143738442159,1,-0.886179380968119,1.87523144874226,1.03479287135307,0.664397454610651,0.728503759388406,0.253334469052029,0.784346800802419,0.215747250659662,0.767563687197079,0.142492793693037,0.660860654038779,0.204087752649902
2.72099794044845,0.423077016536684,0.109893951877043,0.0697070324941861,0.0542066567844127,0.589223776157051,1,1.14929196164615,0.618872235580351,0.883656424490868,0.286162356378743,0.646186968856934,0.263435601194278,0.658602925216145,0.210705079337741,0.603238338771588,0.334835318609619,1.24410291928806,0.209107048766244
2.41901837890748,0.374470732848803,0.0394310967693081,0.0548430937006103,0.347574873107756,0.439852416988154,1,-0.772151327137607,3.24481238276218,1.08494804070337,1.08536881940193,0.917315178865615,0.270894833028762,0.766565669197168,0.216298390827929,0.806309887517462,0.255643574155082,0.648417913114401,0.188265781102237
2.38805916995276,0.346341703429136,0.109512201557803,0.0701520605989676,0.260102619078216,0.399007650924871,1,-0.304279523038301,0.471025001334562,0.883143575279322,0.291461178210361,0.97838553447272,0.244979011786031,0.540581684213105,0.250873958152776,0.778073405253369,0.191119845170227,0.743070523406837,0.250801609886183
2.77634508815493,0.414520037556555,0.144822955200888,0.0832254395073912,0.182406277073716,0.518120377217373,1,0.497740013614239,0.539921956021171,1.10811981442305,0.181539384177058,0.590884845564225,0.247403191027717,0.859196132374935,0.219943898372151,0.894862277269849,0.268316384768953,0.970420174265358,0.207763466217953
2.46525826604547,0.477801814896377,0.0359815012174544,0.0672065374730446,-0.0729564771972754,0.404537757902194,1,0.565701171125107,0.863174499463433,0.724915026077348,0.419486965374748,0.762790268862498,0.225747394745343,0.637541703234584,0.245712448146317,0.85373552994796,0.246608035341993,0.631702279011515,0.338741841139411
2.32461679519461,0.334341227217313,0.0988812061034057,0.0578534856401207,0.0150779392628209,0.409208567294662,1,0.332941119349158,1.11273246890965,0.709396661013201,0.554161970088786,0.555358614106304,0.255126853823902,0.943745502473715,0.209238156182988,0.663673876956639,0.222687178507836,0.734987187096257,0.16401777796769
2.3121310868689,0.330670186731419,0.115394975970537,0.06811897801165,0.314841674427593,0.465316540273076,1,-0.216296775069881,0.922044174639049,0.741537337435915,0.418071731171715,0.608316054373458,0.286662522799181,0.891219317246519,0.198946760891667,0.603996615883789,0.228251779343172,0.691558905775505,0.258267672247359
2.28774628747724,0.367676197046246,0.0409238244552332,0.0566866711457589,0.346438204453087,0.470432405667218,1,-0.61953394559561,1.47151738436768,0.713677657353578,0.776987723592887,0.994606558365929,0.2484057979063,0.985396084151572,0.279756620205993,0.358881363520541,0.288151568577471,0.971569719698643,0.203381523522425
2.21925502811324,0.29804852766524,0.0366450267645905,0.038361018762302,0.219483529355458,0.326126165270543,1,-0.892897728052436,1.29109131545007,1.12686415010984,0.477143497821047,0.813926524542808,0.244943431634014,0.700976403502423,0.252529945459777,0.585133991219146,0.251188529742063,0.821464807557961,0.20297855607133
2.12206749851382,0.334936977046368,0.0568560437139157,0.0384853487168969,0.216768622439593,0.310659546998715,1,0.348001201060626,0.516892900135032,0.678982733377144,0.226325614882703,0.477416210049808,0.272829330455633,0.76976528183573,0.196284691491253,0.642281108073936,0.199302499202974,0.641272080709616,0.270672533679283
2.11622300957626,0.23008686100156,2.0929164114001e-13,0.000914968067472611,0.290340446883417,0.201814962491332,1,-0.19625320478879,0.745985399349228,0.185476102508311,0.5743719877648,1.06428786364015,0.252598444974234,0.509800782727999,0.16899543362588,0.748232571697293,0.172954182112654,0.540765886086656,0.216991417614437
2.25191497245798,0.316639607363859,0.0814986944315526,0.0707372251982686,0.515672173495356,0.288982267967993,1,-0.0635820019787935,0.743742501726411,0.685941132596183,0.315533296196486,0.724550746034377,0.184736252660164,0.764947128558132,0.2246162144561,0.622626993196378,0.248762114369522,0.715013815749565,0.273112047713099
2.18646164323557,0.276761265444701,1.98639969157859e-15,8.91380881908117e-05,0.453961164403986,0.254576787317316,1,0.0851118660547935,0.685033645932026,0.732369667102161,0.387806664751734,0.413148624720576,0.293391756010984,0.914980996592486,0.185106085391278,0.673828723479686,0.201924414897152,0.498816037472206,0.23589302161177
2.31905540195454,0.419550372436719,0.0569931582573478,0.0647497984854606,0.428780904958303,0.180271587815466,1,-0.0691946629180153,0.55201394550545,0.568700279797861,0.230889223160669,0.823946940990278,0.202127421970907,0.569813592605968,0.197694978363117,0.845650104999912,0.281679407619417,0.992950257012177,0.182739339657568
2.22792250264236,0.330571423928929,0.083023673277876,0.0505066220211166,0.18164744123117,0.366145769754109,1,0.413488120365011,0.614938413061112,0.542916465099047,0.362239057718319,0.901286477547951,0.210829021537354,0.194407722200991,0.26375893227563,0.810719707495749,0.228135085562507,0.803493669950944,0.266393930047576
2.55338198441104,0.418951126344663,0.0978621221185483,0.0584861619095747,-0.237013585089589,0.355259934981934,1,-1.47914981628148,2.32610203218703,1.19191199158394,0.775300424976349,0.783469409494115,0.266491393579038,1.00741693456949,0.262366130562596,0.837865740535092,0.22179187475425,0.86344535892079,0.199322046303582
2.51135883432096,0.316116273765779,0.0426863649017156,0.03842227293232,0.0887437218006684,0.415246703211668,1,-0.33172573551599,1.57761672340224,1.17450245836753,0.493000861618566,0.45843291358499,0.244818034529956,0.690908540783687,0.210474685273562,0.884488305415982,0.216871937979775,0.780991336253595,0.22398994034641
2.03435238809181,0.201465701419617,7.20316887128087e-14,0.000536774398463065,0.377118381926708,0.199285295562287,1,-0.230672472627467,0.806609533091945,0.645587544705668,0.375856522241818,0.698162750349386,0.21121291905606,0.613535832214497,0.152671266495826,0.642466314617851,0.171182572220496,0.59443727341439,0.162183566903854
2.17290957674929,0.192221168632388,0.0247113278151897,0.0380644300903027,0.306099317031902,0.21835676920329,1,-0.107759884434709,0.553747863324541,0.806384611333519,0.263450542864833,0.53393578083481,0.251432253548719,0.764617017919508,0.183658446210927,0.763346917982247,0.179590535167365,0.666613778354063,0.182348522491641
2.23445844580618,0.306358950148442,6.3506267834055e-15,0.000159381639888539,0.677134288680992,0.122099637446285,1,-0.948879905582646,1.20796359687402,0.82578085456112,0.557778820399897,0.813756495517776,0.307311303073801,1.02101842072911,0.204411184488077,0.789239201390356,0.170940535971773,0.662227660209115,0.216297885433939
2.31784815571405,0.225576958517656,0.0366543103033281,0.0437205556337814,0.592588945360578,0.175740269638244,1,-0.629450929935268,0.717416133969022,1.07351217600896,0.261075145573877,0.689047936283091,0.225557529238257,0.707751974372305,0.187632040960387,0.750834160180924,0.172055896205907,0.871360965386685,0.17465125631605
3.01060561180827,0.579729846555571,0.210468612191333,0.127822198026747,-0.357265864247305,0.328281082349804,1,0.311311038612031,0.579817975612136,1.1872788138934,0.265801189381329,0.482295718583843,0.309835010968808,1.08376617715336,0.26438098379781,1.04428792884156,0.260437934573507,0.959718656873217,0.267516944758422
2.62850829545831,0.501939151472989,0.0773729563273772,0.0754025377235798,0.187219070794665,0.298993891458086,1,-0.0695559665261603,0.396654818492503,0.938480858032404,0.244729629524425,1.05021359352497,0.242135477335429,0.51159177237849,0.213312817659801,0.851123275593456,0.28343846868811,0.621481390200652,0.284844956158084
2.11167278673167,0.259573526367324,0.0331978898320033,0.0672463259621183,0.545725578256868,0.254599320438296,1,-0.0729416566914774,0.742545201065797,0.85643687416701,0.264087806857356,0.455765356982166,0.256696438070994,0.853849760130493,0.193280067257292,0.586278389011489,0.259442943429203,0.84601638042003,0.157348552862671
1.95775713843454,0.191871823872629,4.46017001727114e-14,0.000422382292111211,0.369591461685852,0.179745511492242,3,-4.86175443804143,986.450605344421,1.79388963069074,164.05859647958,0.713514167015283,0.220525114649114,0.937188817699958,0.162410563353268,0.394842498428964,0.215237599091449,0.526736608303732,0.187426601922934
2.3680361406442,0.333142900231492,0.0467472537317043,0.0601696830088769,0.370388708922277,0.369295617709919,1,0.585816278665811,0.568367388277277,0.570256205794046,0.384452958976215,0.742907939303881,0.204263374414889,0.915408503044504,0.203163675760118,0.696246807768633,0.187395401479568,0.59337665414072,0.259181280335023
1.86044663538499,0.235412012283227,0.00998984810690092,0.0531494691646166,0.510474153442002,0.253763205436684,1,-5.67605402043665,990.047246076902,1.9508703766036,140.735524872966,0.541754168675176,0.169836503750509,0.669394834051151,0.218974249490243,0.415352136854987,0.215327176890512,0.504883213187784,0.182114660400858
2.25668043246554,0.349613388448571,0.00310531292947805,0.0283070912276246,0.620681527482833,0.209193361247998,1,0.468424060969401,1.32205824119736,0.571161913774014,0.668567860088838,0.636355323687718,0.259453386128374,0.779624186784809,0.218725333232888,0.869050343934507,0.235291595106799,0.574128002209447,0.262594631013579
1.91216222744167,0.24450644114583,0.0817466206574357,0.0432199949771188,0.136929810367302,0.386262087539817,1,0.120118129154544,0.791028971503752,0.657387581980033,0.404738186083975,0.0460299401299502,0.339271014904342,0.654868403387965,0.240657444990891,0.583150703894265,0.185643570445653,0.737299768672956,0.164954228928844
2.643704090956,0.538805937546566,0.100836335113401,0.0870855214006408,-0.0227394271983212,0.378928105089941,1,0.0693611660179833,1.23761277063938,0.91801404089637,0.474620428843994,0.777029867518498,0.390460472602429,0.895698868097415,0.280824491193964,0.704671150732101,0.276486491956825,1.00893700253643,0.251874062821132
2.28392793008652,0.298446273568601,0.0605943995386819,0.0470679857357768,-0.185828063461991,0.405635940264225,1,-1.56519370788196,1.85342119592806,1.18358310604909,0.565243661884694,0.874686873835201,0.174890387583902,0.613877210225434,0.362572483420408,0.885397867949017,0.219121430348206,0.451175823283074,0.30524690394245
1.73227170552943,0.211410276217597,0.0142545895408636,0.0347861335024974,0.346943687871595,0.250040716025664,1,-0.719998019025842,0.644379936424249,0.8290259192254,0.282495461656357,0.409440545883784,0.219584668209555,0.596307897864036,0.198287060504648,0.346028754629474,0.166482601732949,0.704829729475192,0.205810181340167
2.23193354430003,0.391609571480075,0.109961991806706,0.0779522132883247,0.112854172956073,0.510035465376303,1,0.860722245148808,0.546378172304988,0.363331124909897,0.390303578162785,0.935824712363019,0.221124547756154,0.227462092850136,0.301248259623092,0.822335069609124,0.23475362823207,0.568637474605892,0.253410874686055
1.96798099862226,0.23200715953072,0.015745904295326,0.0356341186480575,0.329941858356609,0.295029682012792,1,-0.967983240494464,0.81893005479939,0.999601775136468,0.3099706856512,0.593550057426842,0.223775183225431,0.488420992039379,0.204187707681846,0.701435226563215,0.164581991222987,0.640956634285882,0.281654856143461
2.63132068762949,0.4395848416048,0.216539831072246,0.109900268640531,0.0285424024955324,0.423349348914173,1,-0.0649220606410983,0.629609358494675,0.941069553563864,0.273078909928982,0.855621247063076,0.234648467621761,0.863227058215869,0.195896761749997,0.910303218156152,0.232241840533552,0.996530081859987,0.20927778883135
2.13931271841502,0.295641664717171,0.0844240888025065,0.0425436929555345,-0.131577538769372,0.362215592833922,1,-5.39667886117338,991.511664100307,2.03156015602968,130.017710854904,0.318140854540152,0.385323445811672,0.860521495894616,0.221058875935617,0.568886041011827,0.207974229188239,0.728906188679668,0.218251428079351
2.08280537209551,0.28554625642233,0.0770220359310649,0.066503056930931,0.668304688930414,0.257050234059597,1,-0.112521070699437,1.03456276278159,-0.528164861974699,1.22668086765351,1.20521933849996,0.223133442983813,0.486624511728522,0.298784272860633,0.629846812336751,0.178705282869183,0.845653718915112,0.190595564530515
2.07378001558061,0.331081765282452,2.13377567952853e-12,0.00292148981114158,0.554597979478487,0.205339417956584,1,-6.03916073192414,991.509427631288,2.03142668324441,130.034785138349,0.775354316981446,0.282062220145041,0.811699228671846,0.259692956797216,0.43759585039344,0.236779030313448,0.688096702931717,0.200325911538378
2.31623400489846,0.310461990595606,0.0583935812880367,0.0495638314365808,0.301041593438139,0.308139345904121,1,-1.22860385218123,4.16014584540934,1.2027658365998,1.22848300444353,0.959518975001635,0.181786674709933,0.599627550374935,0.281310777146562,0.911921772844037,0.206942503175389,0.631132313499131,0.275492351089534
1.97101965899936,0.234180340720394,1.73344831075537e-13,0.000832694015983492,0.412197154265105,0.188736854452467,1,-0.0055335152141477,0.515365597091945,0.599584111980135,0.289113800674742,0.419716008258312,0.178775004821269,0.690430311587514,0.205984999550851,0.677101678278239,0.227054732078946,0.567804195113148,0.173840762867109
1.80802521426208,0.240793131177629,0.000727045829535217,0.0421244244630849,0.339334579670427,0.202326867810083,1,-1.26284184823211,1.16440904788486,0.91183234283018,0.512520491180804,0.853563318599652,0.161518863718474,0.533583934483244,0.235101892753594,0.373131912749999,0.203898910048399,0.245448872053552,0.360446672697283
2.13585103983022,0.245208165216127,0.0714588309066355,0.0782365947241783,0.50952387322891,0.451283589743074,1,0.85858881758332,0.877492239979907,-0.0959782240386052,0.68463555057405,0.629173393017075,0.449818694844626,0.71841696285962,0.238891884508919,1.03209388743523,0.159397577273199,0.586852682874616,0.229262420800052
2.26076474351476,0.384073460838278,0.080922819182983,0.0759830255157016,0.244657677433269,0.645913867606178,3,-5.04101375265267,989.710405397059,1.933973471352,143.085045360361,0.774875024201243,0.214825144978663,0.544682292776068,0.245378055106318,0.785170978349019,0.2113665851225,0.873963039942356,0.276443270007798
1.85708083133151,0.220356093002317,0.0499296774381036,0.0545504206596449,0.289060695444867,0.402304731324052,1,-0.482460396011895,0.638685559057192,0.388497282251799,0.399926113969741,0.744598791737337,0.19422095145814,0.544540164583818,0.172749400697553,0.621954624479101,0.164897720890875,0.580086531735229,0.210117875908657
3.42079321726544,0.717040482818344,0.215053641238926,0.159213057556341,0.414213493780624,0.475424193314375,1,0.666733843833701,0.831176262976393,0.864134673419084,0.428329082036179,1.13413146417862,0.246155771072904,1.17442020764351,0.248736079985225,1.04257318003945,0.174492214972898,1.00778893163365,0.377182195277677
2.56428936778286,0.315261476545286,0.0411557028259671,0.0501705781827458,0.146406292294157,0.456395679256944,1,0.991911340367847,0.708841281216939,0.0367313503344983,0.565086380143947,0.923820122163266,0.213012885036933,0.984947497560879,0.164479307219037,0.621736218083424,0.185389313666442,0.770126509716113,0.254255617246581
2.45092438680283,0.353252864212638,0.0908749999030954,0.0918824867298436,0.408573582609512,0.265388774097932,1,0.306808750918243,0.964460103749134,0.758525108102357,0.462717490393696,0.598927419310709,0.222756567658934,0.839286652238375,0.218542604656033,0.836517156676332,0.206954917303601,0.779457292607189,0.244448139325925
2.51317523260294,0.528636597548531,0.145533472673024,0.0909345479728157,-0.324784212678824,0.44897653954446,1,0.763346004338404,0.736586112875166,0.541703283955181,0.367762043587186,0.732801120524198,0.220753058299518,0.801223587227197,0.25720734188749,1.00651195559532,0.229213209608903,0.63938297772426,0.344690334828575
2.08302173108251,0.240887792067629,0.038106711377329,0.0363924666439806,0.455745879105521,0.220021408017229,1,-0.0497720496530395,0.524941916766008,0.400076723645992,0.393232562383739,0.873020955158282,0.226634664250969,0.542073570016494,0.250632056872112,0.524377471696426,0.165065741710996,0.754690984840672,0.207221676097921
2.29800854468254,0.400436094605563,0.0765720516345535,0.0731549206030029,0.438655565819976,0.27599725439275,1,-0.469441752517743,1.14581934791796,1.05280681715162,0.385790852391727,0.564159553017815,0.224184909964283,0.783713420355234,0.223994235567817,0.84561918057229,0.208717645212295,0.322211444693476,0.237572035230316
2.72447677330176,0.486784326254355,0.130485220040763,0.0829053262761305,0.107106279427686,0.46815213178595,1,0.190109212365706,0.873273195396302,1.09895397900223,0.231124829700112,0.586272476103476,0.289853067718891,0.896844235848881,0.237776542270673,0.907573425314804,0.261592736762661,1.13533874664789,0.211733090032571
2.22051932153722,0.309283032207593,0.0161140550996496,0.0612344241625321,0.592008668019314,0.285255277639615,1,-0.230108045229099,1.1347394047204,0.709881640044744,0.556574843830019,0.800555096807829,0.290609820002517,0.671941459708324,0.23890451599675,0.624896995466037,0.224466296915176,0.745672663371898,0.207195255644714
2.09207506537637,0.252969173064625,0.0938431757269159,0.0433214514199525,0.310021277938578,0.25668293071935,1,-0.232242210413816,1.12696963568375,0.879272993562941,0.496696951131956,0.400148871558124,0.292885914568519,0.73603685010431,0.180549390123934,0.778055887384372,0.196617194314214,0.655357920767523,0.208808174105022
2.48139375372048,0.363162759299759,0.163150604425654,0.0790872987138209,-0.171688830817572,0.371991534769456,1,0.112030578288352,0.598485267211455,0.694777382570856,0.266322554599246,0.63199338714399,0.267323155032572,0.821147057686312,0.218692309105363,0.940071766421906,0.195104853210068,0.833326363130086,0.319175986235889
2.4459050271852,0.327327615381829,0.00134695161897707,0.0529044431759464,0.515645367319437,0.208999381622279,1,0.725449506320859,0.498466948324211,0.357707781328594,0.372930738750434,0.896502549286876,0.23332430477388,0.69706595048027,0.199051801062585,0.889013206643568,0.194067125634148,0.704834877710248,0.267515406563813
2.29274698309581,0.394924673308974,0.0576872760039505,0.0428578795331547,0.0883372875849905,0.403699105634456,1,0.26838145761976,0.593143979194618,0.718351049989739,0.30540340158398,0.70216951659714,0.236752025208522,0.518401057627625,0.263822837667865,0.677936269490387,0.215315811221252,0.674154118568947,0.279476817703895
2.55181133543758,0.406795726065364,0.154055612361669,0.0682155029586012,-0.153031342723449,0.512217595617276,1,0.413791057494343,0.857140512199905,0.885047790949916,0.391976431196112,0.642718912134952,0.221415225495061,0.972673654245715,0.203412732976546,0.807725851003117,0.23447438425664,1.01894417836672,0.209661751626661
2.19853918121578,0.287287334219388,0.0167076493064976,0.0466232323709044,0.243883581857237,0.366068274940552,1,-0.152954512070611,0.412340974862868,0.677306255832841,0.255242078728218,0.523203027568005,0.230533238081534,0.761653771244203,0.193521993073423,0.797519251475599,0.229337756705106,0.553670759572457,0.258556189262025
2.22967633603802,0.270576215679905,0.0529463807077776,0.0502031577667456,0.55922999506459,0.261623365423807,1,-4.09468562529065,987.7061419106,1.84346725709672,156.322025444978,0.544359724065033,0.346844190531662,0.816088582438785,0.193895913037173,0.710270758525591,0.235236554262624,0.765276498664868,0.197385587660838
2.11870428282766,0.29174395004384,0.0259367476606396,0.0345453853619408,0.0292559995132801,0.366688007548416,3,-7.17908672112888,994.237624800388,2.22729208608081,107.198718296472,0.641833804581317,0.212810624347586,0.591191496101726,0.205999171709986,0.753228618213516,0.208957572279838,0.705033983585009,0.183009925577978
1.95185652029578,0.18536226180753,0.0123966377871316,0.0232433936253011,0.338966349392566,0.226020516174683,1,-5.67081041911003,991.264783123633,2.01703805871794,131.886763530853,0.655153659946563,0.199662922526636,0.444229985377555,0.199456548286733,0.680661812201464,0.148520888285773,0.671793602120935,0.193582255001672
2.45175008897351,0.364696468069355,0.0438039981138148,0.0706830802172032,0.597800493375187,0.195997319587724,1,-0.571695464399104,0.698649705998624,1.20970266536672,0.2414076795595,0.9068422325848,0.193699325329369,0.477531044161144,0.251979218560517,0.837038761986812,0.152997318642561,0.33508444916194,0.304952174848418
2.56733611344821,0.403470520551925,0.0804596077675259,0.0885644525039598,0.483087083628907,0.276745391579214,1,0.248902912700527,0.629681223979957,0.84677259433508,0.238812407872584,0.73248730103946,0.214926373084821,1.06044909954664,0.220998869611612,0.495672797451866,0.303891235774399,0.83463666834461,0.231225903166368
2.22016993909252,0.225018167256942,0.0370591994887733,0.0310300505275346,0.34512240901385,0.265088171176053,1,-0.355069601019853,1.53349936787037,0.908525444566029,0.539013283929426,0.639306817137555,0.301950242854821,0.529613614536771,0.201213949478008,0.992483389909938,0.163369609014785,0.544304457778172,0.170818107172435
2.45788210648231,0.413975930692978,0.071740383297841,0.0609783098662556,0.375313141839847,0.389606414747726,1,-1.0649416442851,1.26517098661717,1.29430777362487,0.370671650255799,0.577802662731047,0.317904673158905,0.716954515057125,0.233890278452427,0.953395764324609,0.177846012560806,0.789709369596719,0.236752064047752
2.30868180863645,0.303774753060286,0.114973700110257,0.0645213308894942,0.459106317638005,0.334368433596633,1,-0.231734293999953,0.592486390208768,0.639016985036475,0.315422494929093,0.975488509367795,0.224832262425992,0.793847975563631,0.242648710717799,0.557645191696062,0.241988132283284,0.850947434870282,0.197343397749315
2.71811777626725,0.612047858165309,0.132516500914543,0.0916039039772518,-0.0239357997585807,0.529477737787376,1,0.854213787602109,0.875949366790576,0.500748692873396,0.439961507637989,1.1420877626542,0.30035000264951,0.637204272459469,0.329463402566016,0.658148676720449,0.362946813991508,1.00433040961349,0.267920620999027
2.43832794144106,0.295994763649643,0.0793548955105977,0.0688195136152901,0.434120390779334,0.322773670451851,1,0.120467794484604,0.733595062841387,0.794986543188565,0.355179662736123,0.517012133574298,0.294132088327042,0.906308363892664,0.201018240326979,0.824586154912914,0.191092267421688,0.984307572485356,0.276516263010619
2.52881924705772,0.373643084096581,0.138058573770106,0.0778215579506993,0.254697866995382,0.617372666439739,1,1.27069672127679,0.609850873838279,0.214061148777498,0.452416394879751,0.638605794481709,0.251589726221874,1.09417664493513,0.220453346000806,0.841850365243987,0.177257213317283,0.757438008931683,0.268717046659873
2.35119578059364,0.329385451132158,0.0481009325766205,0.0739632517863549,0.560938413068482,0.253662264733657,1,0.78557359994043,0.775798966198938,0.226399735265868,0.504837569892078,0.852445389148225,0.209284182057326,0.799782029543149,0.214395614901793,0.624652291998919,0.210170851468508,0.958621415796871,0.226295748821194
1.93030710277175,0.250393371818757,0.0207750727017626,0.053875964483474,0.575460401473167,0.166591139139275,1,-6.42611699181172,992.151870021693,2.07125318080977,125.03867665351,0.790072147001775,0.19690974060078,0.189383284046706,0.286200479302708,0.691625529110259,0.144264557023262,0.619984616527214,0.238450340857384
2.30831884911141,0.347209138484206,0.081579960889473,0.0490747747329348,-0.160918578435824,0.360567487273499,3,-4.60180138927823,989.366624278117,1.91728044348476,145.443062922678,0.717679449356226,0.228243937964758,0.643544888560753,0.213426396492159,0.688635684570904,0.221804684574289,0.899709376766935,0.200368186084975
2.13513502271382,0.285737851993653,0.0476632874312811,0.048068246340416,0.136364430140101,0.35930431017809,1,1.24403192580689,0.559357338034392,0.00636217926831768,0.415663372567174,0.665700326906888,0.253816028798977,0.390385088367827,0.251470780560041,0.294111979301441,0.257556858025521,0.597779095516696,0.262469762566259
2.27740975640635,0.384713856252162,0.107335102217834,0.0737695180500147,-0.0105208579940042,0.473170317188877,1,0.0189246872684715,0.661054827326853,0.584551034997309,0.495793614458069,0.877045988353058,0.273327230623624,0.765118513933742,0.239815691101404,0.728480270274892,0.230627245968784,0.635563011184205,0.216506570701011
1.94618732643544,0.2201821897941,0.0104402650433952,0.0325842071092809,0.345721387394038,0.309155891118625,1,-0.0828413411681019,0.711580722024911,0.380076051922874,0.455564264619469,0.882296077502983,0.17144275732975,0.459259913193406,0.210755556818338,0.743125672396265,0.17895869109336,0.270206187619662,0.217455542085083
1.82320461800178,0.203841650308315,1.56496947607649e-13,0.000791193901891033,0.542036813334943,0.146985949363748,1,-1.16415757302805,1.90036261066295,0.948116517960281,0.729976848184083,0.592071010157815,0.187323995315123,0.611120914449666,0.195399094434623,0.554930224922158,0.232961418802648,0.472734925320551,0.209596664595948
2.37214651180296,0.535560671122529,0.0600565072273992,0.0585485633290803,-0.141666351073226,0.556319875281822,1,-0.116798979716449,0.682179419469744,0.620488424503858,0.477787465531482,0.752524528723088,0.304655553501718,0.83121680941709,0.257448634112298,0.89119038203869,0.276482785926743,0.654270906100128,0.32894842815136
2.57806347149808,0.447365302573953,0.0628677106148694,0.090259512947058,0.389773189919139,0.446099659652006,2,0.261387565203075,0.992449229971455,0.473855779572098,0.538332129865138,1.07049152762634,0.314711367776548,0.922875863273083,0.229360145072567,0.798997492830902,0.197167424471082,0.504098555714147,0.279942648708133
2.53575555546007,0.432233748805734,0.120319021677062,0.10724586434282,0.305799833167797,0.418757476215457,1,0.288736107479923,0.749751396438271,0.458585790009445,0.392635688571514,0.963086289839505,0.281875333069995,0.704214375654133,0.252267040709769,0.749289779872335,0.203429106412257,0.916496114019538,0.218854604643396
2.37056464727962,0.347910962350864,0.0401158309835455,0.0418129307887078,0.0552089711688563,0.28658362280119,1,0.492939225333522,0.448313869832251,0.685340772549108,0.266189093952713,0.177037549008599,0.43760265407286,0.890752480878479,0.249386912271439,0.9597233063316,0.254341690380782,0.734116519508794,0.191650635952916
1.99975395842265,0.250666216401042,0.0719190227886998,0.0473839114269,-0.113504118312483,0.296187982294131,1,0.333077866399031,0.417865128559927,0.249345464661116,0.418071878041995,0.487770919263774,0.344927556607725,0.716945100098145,0.226767081867396,0.714475108384463,0.222129545410449,0.567679802410544,0.205766923094436
2.39319545449768,0.424046276960785,0.10554779352883,0.073185655155708,0.334187307136828,0.586843324710976,1,0.471753716131477,0.810528929797317,0.340678012176035,0.462748634984326,0.974543629571523,0.25953489270774,0.944971462301405,0.285334177446876,0.391102916869118,0.279831286432701,0.930337460010727,0.204921654106502
3.24360716131939,0.624368930772931,0.261550018410883,0.154323564701052,-0.346007154616012,0.31708729313687,1,0.409114422541676,0.662004133667491,0.759533331882873,0.394817029647917,1.19090039437598,0.266179290069412,1.04041493846405,0.240520272594512,0.995794937683059,0.265374677425874,1.10021605297949,0.239645452957651
2.24337128988315,0.306340253416019,0.0668211964082411,0.0649758336671167,0.470147351669248,0.358086843174478,1,0.627407106852783,0.667452051445768,0.27713532501602,0.493527722163332,0.730084189688377,0.281903371192862,0.821286064922832,0.179193403672471,0.694597769451477,0.218942618579499,0.651826871812761,0.224153054903161
2.32286932138883,0.399810806738348,0.0683993305832734,0.0696090226256651,0.529963538350466,0.235767074357895,1,-0.00987761119355202,0.880327779102072,0.621074602980804,0.412713644249559,0.937788037706664,0.219895657274733,0.79900266302088,0.1993087438822,0.523384230794283,0.302121742946841,0.996336909008295,0.23319887947145
2.17478226594371,0.333933233058565,0.0661658940221808,0.0594913487532826,0.344223343848186,0.42118884874032,1,0.882826894439339,0.946336542962887,0.24065870211145,0.521556598800604,0.414322685093093,0.352297375765893,0.778375370279857,0.21026638561843,0.492315522451251,0.233408506886017,1.01471463804559,0.190252184988678
2.10872943706026,0.25296000653904,0.063193071006224,0.044593653097593,0.16732588649871,0.425925154811542,1,0.159886253923725,1.24342098885869,0.642927362453431,0.558763602329541,0.526334578848225,0.241492969302808,0.848443712272797,0.222661486499142,0.402579583269829,0.233479691010179,0.601239762499047,0.220061424995464
2.05310376773755,0.319776256498058,0.0196355790211812,0.053208943311266,0.477320375332202,0.237580532499166,1,-5.360447225285,991.028533566389,2.00351614060455,133.650387524463,0.554867312378361,0.274349100236821,0.580956048149148,0.171423047986955,0.915057838337782,0.192148681963469,0.453287349229901,0.257354742742823
2.05980655573975,0.444485028051048,0.115254854207329,0.0820323659402229,0.0822247041350684,0.471790360217483,1,0.189226826292685,1.10691253124484,0.29612470287237,0.765487041916568,0.647216592731854,0.254131735414381,0.687817505050298,0.243217581441021,0.596851020856583,0.244483158799719,0.635280873906076,0.302879706029368
2.08812591366123,0.222196130706984,0.0214801637498724,0.0623824385660715,0.490015845093658,0.293618438528226,1,-0.27628858478958,0.622945502274366,0.763610702628406,0.351992996600912,0.846716591211253,0.185503230240082,0.394824075180523,0.194455494248348,0.629875960017148,0.162057102653068,0.841005894785349,0.211575422601198
2.35616400434444,0.271956525314793,0.0270487973381266,0.0399795990827949,0.485383977380272,0.271231454134899,1,0.34073432556344,0.8383885546992,0.485738777626735,0.463514159516589,1.13336185414661,0.186689852626425,0.460284915012577,0.312251321499802,0.708419851574643,0.167930518235708,0.622187693305437,0.212968728457961
2.30480328698795,0.377658351022655,0.115110192861185,0.0959058875311803,0.085202347028825,0.35819100407352,1,0.224458626034554,0.537845970104072,0.633072396982813,0.236182250188494,0.772829832457536,0.26049591993443,0.884757291273537,0.193658421337643,0.746696433813775,0.246997763798542,0.385114280868139,0.280154552899265
2.49556892701646,0.384249372970526,0.0735199256171165,0.0597367441510663,0.0791196344513387,0.614358953073936,1,-0.0242293217058925,0.959893620501269,0.989339402894907,0.405029238238404,0.631061975451855,0.291229134554623,0.743613710886155,0.225183579607933,0.604602148927089,0.220456722855969,0.923056391801334,0.228986518897264
2.02038659839299,0.241950120146289,1.93535254402713e-11,0.00879852838231721,0.58105925764031,0.144496096725216,3,-7.06203100098418,993.631558062497,2.17683300954075,112.677914838316,0.791413803449211,0.178629641797049,0.463621154844826,0.226250770849128,0.488800911193695,0.28192531646683,0.777348586734741,0.268436276577631
2.4761463422706,0.546051916044119,0.0857560314235357,0.0703473609004342,-0.283782046887475,0.434832954360171,1,-0.306321890818124,0.693672467136706,1.0108882662635,0.337468988281228,0.617885403722747,0.292862992424526,0.523128157235365,0.363539075074351,1.01796723559885,0.237587449567917,0.847453328554438,0.295866279226426
2.01814347168528,0.273169802785829,0.0112397929113213,0.0538733277149321,0.490799542675874,0.237810317322616,1,0.428443424963653,0.845536792436439,0.496376493017222,0.387762399778558,0.34911282293999,0.216264077423629,0.49525101899051,0.185477167342835,0.431570246637039,0.206729649517634,0.900547997260496,0.198296277800249
1.84809247625592,0.206145325691903,9.54464987446002e-15,0.000195393447939338,0.148728223378162,0.235910076166846,1,-0.473327932427967,0.539056964569303,0.799338358331881,0.25814145195414,0.269001825367114,0.276439030275929,0.610410031467418,0.231200424603396,0.614481949102903,0.215146274980008,0.561716243920032,0.220529852992743
2.46347416436175,0.386201393535413,0.0439383667804524,0.0431293710598843,0.380249192186023,0.418845026648564,1,-1.28627460624532,1.56051568311534,1.38774513954198,0.419706837770438,0.741110974567683,0.266732937223199,0.633614963764908,0.221011517832015,0.710064734434306,0.220424974333317,1.04344738798822,0.177268926851549
2.52961221279794,0.282060020314754,0.0845599348190291,0.103513703664337,0.617153896138021,0.224778770084607,1,0.319734008959396,0.766477084940511,0.497512822981907,0.37300986596672,0.931472094078094,0.244002972857852,0.818640910907698,0.175114280331884,0.899664571276459,0.199352961331641,1.00105439275981,0.221756749506096
2.42789685377813,0.318815315737448,0.0769105555197803,0.0712106820717734,0.277575391218391,0.548556468520031,1,-1.39589468253419,1.67618584626706,1.3048327372313,0.487951372751834,0.526992741050112,0.3948528771955,1.00702856828818,0.176543198875534,0.73903851964274,0.227792543312903,0.812828775980607,0.196541593479754
2.38287380126204,0.395852905115324,0.0505951707404517,0.0374380377212041,-0.167476976277281,0.307651169204973,1,0.108488388085008,0.695898088822784,0.720731672721779,0.384820129458381,0.744891861579699,0.287081954965518,0.83233689397341,0.326859646496802,0.654997825132601,0.242251888164232,0.718352778753189,0.249498861546694
2.86472994559014,0.431441229240405,0.0642821147059614,0.0710876853658818,0.245992109961309,0.412809557156964,1,-0.176808977919559,0.751400704840221,0.847827114868267,0.450708764786316,1.23534443904376,0.180495982439784,0.821755807421601,0.237567012275666,0.790224307408497,0.23989695807014,1.18203318914347,0.191236357669151
2.22242899492014,0.234223881534618,0.0419229159677729,0.052371357891528,0.368726943130966,0.272404474348812,1,-0.640384385432122,0.707935685506022,0.969299300797333,0.275172560477546,0.781725092171011,0.224501182925644,0.737149414180312,0.20564316005685,0.569245133820418,0.202487418606494,0.606251542588354,0.226127053856474
2.79124716125056,0.409248284055777,0.133792335974644,0.0702979608649363,0.0352560879786519,0.446992965797338,1,0.0547250201736261,2.8659044511817,0.982667714997365,1.13302802026676,1.06027421601293,0.238368883728343,0.707855621229381,0.218669612189511,0.819135765875378,0.25891156987907,0.995649196898036,0.27022264355826
2.46850942625303,0.340266806843878,0.0282587543620289,0.0461811810354464,0.508821499038104,0.242680036847856,1,-0.250194447424547,0.466851774866477,1.13848612376193,0.223686035694876,0.475851030821708,0.27197133726324,0.71768466169393,0.240018353910265,1.13018915391962,0.149286432759125,0.572264222347313,0.217495080334627
2.67039077651479,0.493669414909401,0.186259488014989,0.0989102391231074,-0.280904764535174,0.415550030639924,1,-0.842746227947738,2.54205489393321,1.10618253391299,0.854571717231282,1.09900996251934,0.340791725112944,0.904215502019521,0.222627835589709,0.925004134931727,0.242828843049771,0.889025023846386,0.314964956512599
2.56126866092372,0.491128001322941,0.17496582458506,0.141440269756158,-0.0873211886826389,0.452807666435995,1,0.106816301875612,1.06038530828919,0.847364265778649,0.495700074098753,0.754465380809954,0.224580416933844,0.782082811722788,0.258883212234852,0.865502011328191,0.225535658460237,1.00282031666249,0.318858280469062
2.50693090258961,0.3109991501701,0.16059123749813,0.106796176574905,0.339734937288167,0.3119715486512,1,0.705751316285768,0.410682896946423,0.345445646283204,0.37804743900053,0.766184390926701,0.233027870858022,0.485716987567944,0.256343436917582,1.0066313969893,0.181334263551539,0.695321662372156,0.234450285993047
3.2156869289592,0.808969926122752,0.284577673868685,0.196742047929725,-0.366145659758526,0.402585163327552,1,-0.795653976096785,0.698336124305268,1.25332908309374,0.304639972203187,1.16825586207481,0.272300136331489,0.887517007407744,0.281520552577091,1.16915366603454,0.355864757803724,1.02802009695436,0.362414882214805
2.39356118386555,0.404388191790922,0.119454455091287,0.0886988680706127,0.366739080872283,0.541601742396492,1,0.97505101160616,0.935897619840329,0.208514258777053,0.577659275039428,0.880974757097698,0.29056736727457,0.576846903626528,0.272158568433429,0.715448354133109,0.257177505389433,0.902881296802027,0.224436988321149
2.05388554406765,0.284558579124123,0.0832374353169102,0.0534809166882262,0.412074055367009,0.310534769082766,1,0.460287200126025,0.463243965854533,0.143015937727319,0.30665564881222,0.728712631945447,0.264506195067034,0.758676970393148,0.205578093880127,0.755712029707046,0.158465414217828,0.403110354887729,0.246629116663683
2.7576378491977,0.455346858429271,0.103366659968177,0.0655840881724936,-0.109431166864129,0.394772975832225,1,1.02303158065851,0.683715751249015,0.600478326189808,0.390770366962724,0.59261768222242,0.275571244489948,1.07458279965314,0.200381837932701,0.880625932253643,0.24610127766936,0.869820341415227,0.223013432220387
2.12022171427718,0.207946712956038,0.0167137430978735,0.0329114381769679,0.525860256769337,0.201437572240088,1,0.520806422449017,0.456654515594649,0.57925699366457,0.269559601589802,0.620871251022407,0.238194380539425,0.765689806215347,0.179567458577733,0.568364014711155,0.189752039061086,0.789429667718435,0.192031983976423
2.33605317398392,0.261714828244513,2.13029655923628e-11,0.00923102714384551,0.59728116057202,0.12831876312089,1,0.797455751725605,0.448395161306721,0.146054513019628,0.39882861373536,0.911090906156338,0.210365512100825,0.805425291809489,0.163208903336594,0.654289754441593,0.220367833111543,0.52072521358353,0.190362957746525
1.87982455268881,0.208828785898512,0.0411802562820018,0.0520768071057519,0.448864080985502,0.308287022451222,2,-6.10018837834396,991.116145035568,2.00848814616743,132.999269916595,0.685624582790921,0.221190621019255,0.627575721159373,0.221630078246061,0.597011328850562,0.166939584153181,0.384233259807981,0.236051686313014
2.61680422967184,0.326047170539709,0.160500706396008,0.100321951341968,0.344373715088005,0.482444805518867,1,-0.0128774017866092,0.589362466569622,0.957359077413326,0.217432068686069,0.892410965843743,0.235264291373702,0.375467834959585,0.315523670819163,1.06993108664941,0.177083418118266,0.661035727584488,0.238791655928683
2.19897863721745,0.283719052762341,0.0695667977096952,0.0635795511170597,0.153703497005596,0.388627574923437,1,-0.399561894661181,0.476666642270551,0.895215885816249,0.281196494139153,0.707821275538105,0.275705196426813,0.606036800559257,0.260470256924364,0.597047793637037,0.23805617343776,0.654073484769618,0.242929167301994
2.26321088700326,0.257754693178751,1.50865094249696e-14,0.000245654305274385,0.562426886838416,0.142947059673537,1,0.642417202685817,0.350492868842109,0.494355734590328,0.362377541144924,0.597127698622815,0.186915996053118,0.811493616839047,0.190227244181007,0.41694064409204,0.174359036221582,0.857695838970289,0.166211453550029
2.45783552371299,0.313748683327527,0.0813849319587882,0.0516252108715146,0.226984281755288,0.373630735155926,1,0.942053487543714,0.497782290257036,0.50972025616438,0.295766147334489,0.65691844292355,0.228930012312292,0.817462160684927,0.183561577472179,0.774288179786366,0.189064928322141,0.825894840750085,0.194327011173297
2.39189742845454,0.339725005733758,0.0363435771066881,0.0564759764446302,0.427373255917809,0.324371270192465,1,1.03293959160656,0.621563275690849,-0.0596971473259866,0.517946691262639,0.948356215369234,0.222766644337303,0.69172969342674,0.225207042766917,0.711738329406801,0.169110435496667,0.725721722040175,0.258842105391159
1.96065130921796,0.239601428640496,0.0735298051801827,0.0491936553029908,-0.00776415216174594,0.347834520513617,1,-0.479751282737603,1.01897132469229,0.396119425365431,0.563869440821968,0.932519191707335,0.257985607939271,0.593060183062878,0.18615050038671,0.518468051708574,0.229466729681662,0.543656575775328,0.226460618744519
2.46602706574505,0.413151404284106,0.083967148032917,0.0661090938956264,0.288353337034466,0.305786042703014,1,-0.507672551462954,0.494640892595459,0.816749187313566,0.268117453784446,1.13358366793801,0.243922451015195,0.566115561364513,0.204852644900496,1.00525483241451,0.238828621045032,0.756427206820584,0.215401276473119
2.13412650783038,0.315417969848339,0.0370344858994728,0.0472561196385969,0.634445139663525,0.152815215744949,1,-0.615225218729492,0.942380392637438,0.796864908555352,0.464690158589221,0.845482127691533,0.190123413685042,0.522536001193518,0.203404010799792,0.805229478446762,0.2183630642257,0.822535289165508,0.163235703428106
2.59489961002303,0.482846728294603,0.130505843363657,0.0837764833182811,0.352293022937768,0.549643046098329,1,1.04461359683511,1.13603898863657,0.210486941126384,0.847150141659595,0.988596717762491,0.283091668662718,0.840080008154427,0.274911144156005,0.870628811149202,0.257027034940626,0.81061535939931,0.203598532675832
2.43369698144805,0.345802752030594,0.0160900473985129,0.0631491012179342,0.619407048942595,0.241165461792214,1,-0.502798054360886,0.650028006770634,1.03260075448485,0.221788718411705,0.844052151473027,0.268131886533907,0.684733736741453,0.312478862139017,0.694167114595482,0.182752741466533,0.851236798872596,0.261482154310459
2.04370984574924,0.290136094302136,0.0290395742966483,0.0383402054631731,0.256843204195616,0.32561710283535,1,-0.337540102535682,0.68068650632251,0.721487996695446,0.321438115588604,0.760880413645771,0.209689691586219,0.254486406442939,0.27073423919806,0.658742177366912,0.208435351972003,0.890144203256835,0.254673944475246
2.23781350250242,0.324449166886505,0.112240067747684,0.0720107811223604,0.234441010681775,0.427392585832784,1,0.476746908036921,1.26541145487384,0.482594826712117,0.74804064634945,0.548322776182804,0.288925370066006,0.83407289602453,0.21782564758306,0.821447623801736,0.183136790511725,0.674087380265587,0.294124536590339
1.97916922929222,0.250128530498631,0.00524163822645264,0.030607741840116,0.450027172670186,0.213728140227766,1,-1.46651085484689,1.75283728555567,1.05724324503127,0.614243593078078,0.578398748572863,0.202245243649988,0.844547949700768,0.211301909192547,0.677669247884646,0.189988066031823,0.806360817013247,0.182790594339236
1.87767340108653,0.264669972859919,0.0417773610533071,0.0431830367498291,0.00369261141108362,0.370523811133557,1,-1.32089006055226,2.03155949551795,1.03242453138866,0.745496004018039,0.55418187230061,0.235648951555745,0.50950239684364,0.209609153720937,0.650023424112261,0.212817422466253,0.646624444290279,0.206531160390023
2.07280872609481,0.217551245643323,1.18911194582174e-13,0.000689670050328575,0.49326471823184,0.144086982504142,1,-1.53662596534315,2.27729296072739,1.2260430679283,0.668218901047676,0.915815822107681,0.202002085468584,0.421811400947191,0.229276410157752,0.658701229824838,0.183262485684437,0.663659999449495,0.193225870217795
2.92870115866218,0.562629955501188,0.0747008768681966,0.0483845077347672,-0.387860717264896,0.292790488121956,1,0.111127802640635,0.782706856716084,0.909048542503013,0.464974036195972,1.21025951337682,0.352518502660588,0.678978219587107,0.295103416982838,0.848418238644231,0.291797466213633,1.06400556193731,0.202455760795221
1.98635821076123,0.232635480113974,0.0178439908109341,0.0298721340286162,0.461211760262086,0.254831911432843,1,-0.985432878490003,1.7979796359946,1.05915386432208,0.613112307749069,0.713700685176607,0.355447728166779,0.537666268202735,0.225983541053664,0.554089187132528,0.273005531371647,0.895321114763307,0.188601753708187
1.99561547311191,0.305486857044318,0.0219089826483657,0.0481962657988431,0.401209238628083,0.407706477693939,1,-0.510268893213396,0.529690372442525,0.505667174163527,0.367711367707238,0.81544003348874,0.224520073110519,0.63334495929669,0.271602893515956,0.576447499335455,0.187822625584328,0.564367640645117,0.285114624550091
2.76609790147157,0.459579816828599,0.071160460996788,0.0587438822864876,-0.110548849196564,0.356404145058201,1,1.01140173769117,0.855974967267139,0.593014120686782,0.507276448492654,0.805923306862932,0.238886142327071,0.935475756338248,0.202160384285297,1.06908155328384,0.179998964293484,0.808486654917832,0.257711762465469
2.17887759975628,0.336466096687362,0.0567617314302429,0.0428640946117838,-0.0158410708693935,0.513020040216683,1,0.032153416545518,0.75459911313222,0.671159079272789,0.478072403732727,0.835609517706681,0.216553081652061,0.595949433610638,0.200279366397114,0.70993526574699,0.220392227013811,0.443789561822392,0.287646971856346
2.66307620712974,0.360992928819256,0.0777925358910024,0.0865439616648976,0.54637466923987,0.267711447563492,1,0.102070689495499,0.951947031219632,0.97969990163601,0.314511013913854,0.574548258122504,0.232483880086714,1.23222072132305,0.201652539031246,0.46481732765505,0.325520560251769,0.8455002883041,0.230488133523825
2.94097183286267,0.515363865068542,0.144126918361787,0.119526104780624,0.692560817300077,0.19564721258496,1,-0.280321210766351,0.968228607927418,0.990822899248523,0.421527386691293,0.869082481605155,0.371049261847486,1.06623213635913,0.286847500258684,0.948768960658454,0.196391054782545,0.950670508918115,0.175096649328037
2.06757685615443,0.253598898033881,0.0170238459937505,0.0358837307207157,0.586983975758666,0.241245442820631,1,-0.126181370730854,2.1097695205334,0.467069040633124,1.2157600666865,0.809410843928295,0.296485888664336,0.862891104823207,0.22245121074772,0.311178705722555,0.255228578481682,0.779384314074616,0.210052754105374
2.42268345990334,0.333055452069293,0.0460828605661983,0.0414710545117029,0.564687917482,0.194932906982164,1,-5.53994986238171,991.027118177176,2.0034355865717,133.660970576223,1.03408204641846,0.197590159625379,0.646749740167912,0.188351352256706,1.07610438032232,0.227345858150648,0.446369213083741,0.23724199623462
2.62155323689861,0.287498901814558,0.0907066860010699,0.0645936976138566,0.264019867707401,0.339093720662889,1,0.338393516196082,0.646318634227968,0.80949179086699,0.328995316710255,0.792044433066555,0.271928224119137,0.734276503359796,0.183762768654176,0.971725329448769,0.189354649506025,0.985481458329042,0.185988532943303
2.37016751042911,0.325231045683943,0.0877908347366868,0.0884303201034174,0.194279221963545,0.379974062703506,1,0.824488096349502,0.647490994265172,0.414662558407119,0.676561561094576,0.608766898730922,0.586593427124291,0.598200693561894,0.264286419850003,0.939870708323863,0.191933806828412,0.46194139411116,0.244599709581934
2.3941903104014,0.3386069981024,0.0723957057501856,0.0772277668255957,0.312195235966397,0.454559047105565,1,0.121715063832959,0.643906322038264,0.648139454963022,0.365660771931925,0.888572231826648,0.187414268424341,0.720045797223568,0.215440146091852,0.683193268132633,0.202799098126191,0.613349054447716,0.227171698175321
2.47562799845699,0.334827298138486,0.104906357537055,0.0635589017137995,0.486060607764798,0.253580063307724,1,0.721557779100462,0.394809254607427,0.219906751292529,0.482578637960761,0.708153197678928,0.261160768702585,0.926935634743761,0.165285946725298,0.603798358301257,0.285880572220726,1.06311866846279,0.18379337013398
2.52519363072623,0.442070786444298,0.128361116494581,0.107396066294174,0.205170715646374,0.562089188837365,1,0.723969779545976,0.694548675052051,0.796010424835426,0.318851920540467,0.273309646870549,0.388301616486102,0.902257999618396,0.302655923875917,0.66945522541317,0.215840142001905,0.88613800301846,0.231134082843948
2.63351173887924,0.346165447020828,1.43123405576866e-14,0.000239268389535076,0.715858641596974,0.103086758610826,1,-0.117218066116538,1.174099622874,0.982135890639239,0.406852044497302,0.869711593855055,0.239979455074199,0.99913930600075,0.224740143807421,0.646628527354273,0.247450019643406,0.789359011517939,0.240732092908372
2.26995432071532,0.25085404537498,0.0681156440158237,0.0504001424339236,-0.0695305789111807,0.299666154830975,1,0.186753877920925,0.576072910884721,0.926636650722497,0.241702460566224,0.384562593896042,0.220848239356659,0.881946538321518,0.177861602684565,0.754083737574867,0.241382119121178,0.595478112846582,0.323192154747896
2.28183675617151,0.306212571669802,3.27115582734046e-21,1.1438803831416e-07,0.578178073544079,0.133736433771902,1,-0.418141763410314,0.521719280046978,0.97842666382806,0.245239848226934,0.331828388527896,0.324571815282861,0.987495054769638,0.19350718242857,0.663317494084723,0.195617201656878,0.526897237458547,0.289914375235361
2.11428153033239,0.268639405224641,0.0183193708715664,0.0537065649097359,0.486511317835444,0.27768161488879,1,0.341101210628919,0.588857394608099,0.339193545186607,0.400623962894567,0.727518740966216,0.271044647145201,0.584451951195976,0.179961765268364,0.842420872243461,0.175381716966612,0.404178136448731,0.239040758783062
2.29839944342733,0.341234745809343,0.157447047881266,0.0995806349043917,0.239871152124587,0.45106531813487,1,0.388661162411225,0.781827305146762,0.547692662068271,0.41609920957967,0.553553280014724,0.261861386873437,0.832462776472868,0.226237951736641,0.89691048033723,0.228310961178261,0.850760159527754,0.231879203444583
2.29040977901307,0.210819867025832,0.101369112283318,0.0458640946943379,0.547984044363832,0.229635796293478,1,-0.681026440018837,1.05065949954823,1.06588172836175,0.386709206406318,0.537435472704422,0.21737086389471,0.903621682322707,0.133501970449645,0.580550000124253,0.192412445316895,0.749046146185118,0.210156894244378
2.68687228133158,0.494570017577501,0.0947174864194577,0.0460279160843692,0.427620404000051,0.428947177517851,1,0.442567363808657,0.668036001855452,1.0088711301713,0.29450589372443,0.616809745517131,0.336599484868306,0.828908132805385,0.282837079980599,0.594441492544319,0.289869488468912,1.2179832656841,0.244501827945695
2.26637602502075,0.273335822327283,0.0800797952088171,0.058212368350373,0.169398585932293,0.469853781072973,1,0.403019702622528,0.454836496265411,0.585165111679504,0.264237114671536,0.925051575495145,0.16977304142291,0.360832697882374,0.247173208226096,0.492225578066874,0.259967061237674,0.897069566504692,0.208848808093491
2.54347669035056,0.386830811529252,0.0829228922866182,0.0665327820074577,0.559046041748336,0.23873456053356,1,-0.533310174323985,0.574692419532534,1.15802963749957,0.25111717924607,0.558225818481566,0.187384277769109,0.798304377768092,0.221699046179909,0.992684609027657,0.256355324609319,0.929240194512802,0.216775381110231
2.16737373090331,0.277311837196948,0.0480653963649646,0.0532081064345161,0.268588711489185,0.525963984654188,1,-0.16206358460465,0.631853167811751,0.928469449748189,0.221819388612791,0.513049861395852,0.249943500430291,0.81144477113002,0.225647134642942,0.375893898593276,0.230429864058807,0.632836814811129,0.197134960862369
2.11145590658459,0.35815281828396,0.0815602232748416,0.0580398379528202,0.267678879654504,0.466357986585941,1,-0.96763723000949,2.38134293503813,1.00725909129779,0.831716190682024,0.77620824773515,0.249703738399831,0.593298292066068,0.272120637491209,0.447469785432241,0.234549335544682,0.671893822408201,0.235026384780633
2.60154617817137,0.330410927397747,0.192958306627688,0.105851486686818,0.255058785322494,0.37338164119182,1,0.902721477557183,0.360123284713232,0.488731055687098,0.308129119529804,1.0637087993655,0.220832488285636,0.586092763309728,0.185323741762786,0.762624973563387,0.21593908131852,0.421258441854543,0.319585079516913
2.51380510560472,0.415819070388846,0.0559659090548029,0.0730348159395729,0.427065120318171,0.427165926489072,1,-0.393481656593251,1.2859440948742,1.03721101235504,0.469104554037756,0.443515657048939,0.26554496281785,0.990866647520843,0.188547138461856,1.04130345699589,0.212774296284129,0.433382641527552,0.258793316530908
2.21797005823161,0.280437770692454,0.037382013485545,0.038234819314757,0.262230095569442,0.447414751621125,1,0.0884283356819202,0.98745235846787,0.487505500540534,0.521236417396445,0.907077700301018,0.289512446247749,0.56212373670936,0.203439580957693,0.683800487533808,0.213210191656021,0.714576586374193,0.208632711160523
1.86080373106113,0.198240798825931,0.000617088719284882,0.0245809207610174,0.407150583398469,0.283434773252585,1,-0.425533575463712,0.822328893744322,0.688590296711236,0.464136589234256,0.546116080268447,0.343564666005429,0.583349958553035,0.252987699062082,0.589563196361782,0.172737503690561,0.714376947987097,0.157708204069836
2.0525810035201,0.239476587784662,0.05478993996659,0.0312929953557287,-0.0270413557078416,0.236055908421124,1,-0.312932897142884,0.571680825500635,0.771927473477114,0.274543375517283,0.466595960970328,0.28816786034719,0.668297850419552,0.196728154050549,0.626045224827339,0.21150585209694,0.933796636645106,0.230867150463669
2.04998538298537,0.323319896159421,0.0157318022844106,0.0461126516195278,0.389460419129701,0.284010294636647,1,-0.769194666437154,1.33658711030452,1.08083341737798,0.48439057971189,0.612753124078249,0.19185688773427,0.588522405717862,0.212521800553639,0.572347398016562,0.212975256859325,0.429926829258826,0.289719463468702
2.61101843269716,0.38572965030845,0.193009950300383,0.108271001595878,0.291815303181492,0.400009369952163,1,-0.516804484393944,1.15191962548679,1.15710799351881,0.40150938538722,0.517005851090011,0.261561944977424,0.96854013162083,0.174983726577224,0.800125847444067,0.21762029566379,1.02174953671351,0.228757862346519
2.24407344084024,0.252738020214903,0.0417837507029747,0.0336490665710109,0.254170621349108,0.341301752619396,1,0.32433937922276,0.962913847026633,0.691363357230766,0.460506582882267,0.652742398370382,0.233335690003407,0.541682105066044,0.214013286494957,0.721304316457048,0.217440261887577,0.807007289069348,0.175776878967858
2.25682072941069,0.189816282196827,0.0361230322569456,0.0384259549437876,0.303134929482956,0.224982120161116,1,-4.88792949749015,988.806977188341,1.89120857316323,149.200442893221,0.778692504784971,0.209970370479861,0.747279581244754,0.174621647603802,0.671711501103894,0.178046301269132,0.843930361920733,0.191820434639856
2.7072332717859,0.559380752059567,0.116430572564475,0.0968895661293192,0.266671101201782,0.464047485793663,1,0.188097952675644,0.772294445260125,0.925552907047422,0.347910804108733,0.899965218955712,0.227597226704404,1.00320121238647,0.203155978735302,0.591441831980005,0.265217123426823,0.81124873138392,0.344853626495875
2.07868278689642,0.251309068881376,0.0260072960133715,0.0755262378498305,0.63070426735055,0.264938692163123,1,-0.644565299201656,1.30180988001763,0.667522778591593,0.519300657084449,0.907284873974302,0.330217416526292,0.451949097013887,0.29919822567177,0.829003182572541,0.215826660802998,0.384990260131206,0.232021563098566
2.41154278826096,0.287087933552122,0.0701779891107628,0.0540391669955956,0.358543592538471,0.334136119519517,1,0.365294349639188,0.91211572394111,0.629328813697857,0.473780258414861,0.72871197912067,0.256930145409644,0.919534874115651,0.164760104171251,0.588886083535246,0.235443084438917,0.745579647796721,0.23503678553311
2.24909612955623,0.315819191568424,0.0183700793569908,0.0544773269954093,0.42656959980932,0.344497107409464,1,-0.936269159937368,1.10712852285527,0.965344494784687,0.471075375515407,1.1115220846235,0.218340386217307,0.666791721244519,0.189270666198398,0.728179620011672,0.186764469045664,0.387628489568596,0.263701482970825
2.26723936366537,0.243311800055345,0.0424155937071882,0.0434347036800321,0.530345325579875,0.297080555219877,1,-0.21673067727131,0.521672964338741,0.888187264097049,0.225480359874802,0.750326131801097,0.237039685848181,0.722795614325573,0.215930635204957,0.794286792491184,0.218555450833312,0.511811361153975,0.205581354667013
2.22662744472345,0.26272319548799,0.0626783178288461,0.0555012708060325,0.246497272872761,0.461754725843201,1,0.241543650851344,0.690655760752202,0.585630530120549,0.388885858442167,0.679239769928959,0.242637703965582,0.718189753322856,0.24626389379968,0.662018078368092,0.210120235811284,0.739686592576772,0.240763236644513
2.04573570848145,0.272435534030727,0.054744699487818,0.0372163159027377,-0.105200092427118,0.326041610288896,1,0.139712641444781,0.539032754682322,0.711677529297578,0.305282719555205,0.565565262657477,0.23533270763123,0.646353471834524,0.198409234363302,0.644681900777172,0.199825545479463,0.543904312733999,0.231030453768632
2.35692122019989,0.266088430301255,2.38397013671506e-14,0.000308802210918788,0.42920457568697,0.211383024248583,1,-0.00500858831816584,0.508105248605054,0.777740864741608,0.257038332957936,0.836384525241455,0.20229644989168,0.973106166391523,0.199894223334003,0.40656424264722,0.29818613300305,0.861821412001249,0.213651915325234
2.03884807880719,0.257179070949174,0.02681368403291,0.0386516118675078,0.1220863315335,0.278020411766368,1,-0.113633405672106,0.571400194746979,0.789735519567118,0.329732836371054,0.627093165371352,0.326592539758013,0.661855514428756,0.189690785083554,0.268963610109268,0.22865872661484,0.647683256579541,0.224735200504105
2.47378526168546,0.357816303168522,0.12440071195567,0.0834705220957276,0.328326074801123,0.487356472911382,1,0.721544327579107,0.810343898065637,0.635523532940539,0.356378289814418,0.600327915148633,0.278511032616056,0.911662604551386,0.230216294165342,0.686636043024543,0.190968824721619,0.913692598649643,0.225717303530069
2.27741516632177,0.291802725032853,0.0657681835338553,0.0529829563049512,0.0966005525146929,0.364890618079768,1,0.595723406023751,0.448727458232466,0.460751111498652,0.345252176532584,0.759592279414422,0.260182787021282,0.739816645925016,0.286240326914963,0.878244162823607,0.210114472495774,0.558865427545664,0.25863995572039
2.28476126933866,0.236040385067843,0.0372577141891594,0.0551716998670912,0.370406133901857,0.282534427396038,1,-0.619560913493904,1.49318000537987,1.05159982759359,0.544952928163562,0.645575288476876,0.229953657358606,0.724489422720328,0.200278209752112,0.689246130149389,0.208293906949592,0.724944022975733,0.198214102457943
2.46946635408354,0.37669652295936,0.0629029549302182,0.046153898075386,0.00995996761484289,0.548529167077941,1,-0.18197188860923,0.833361752560903,1.03671939651364,0.375304717975952,0.60003500898554,0.295966002961323,1.00313666214532,0.207348247972977,0.525470698078713,0.264381071150167,0.887478969170426,0.236228407149831
2.30213215150269,0.444932709032537,0.00973538882625969,0.0369120588018771,0.14305997697631,0.388762261057695,1,-0.900734024572453,2.89875571965614,1.0973210162269,1.01776515186202,0.742349068040336,0.24585029589895,0.656957779455975,0.204920381236714,0.874046955103864,0.213824412624223,0.678988356658968,0.285634958959275
2.18156690243766,0.473150233878954,0.0853887464138035,0.094874290243272,0.148750776759947,0.355540198955336,1,0.486112034383108,0.831774200024954,0.560463265430472,0.377172823561691,0.40814096310267,0.250800691101331,0.725406787038831,0.267746965592622,0.723892637599453,0.205428952826876,0.539268277034413,0.250016226432309
2.71738385863487,0.508817710550091,0.209335319417434,0.112912908627288,0.179100558145668,0.559495492461185,1,0.410490189447577,1.17663777196228,0.777992067705557,0.484339505353798,0.902247805307211,0.276175089637408,0.754357630085874,0.209374795710847,1.01354199778828,0.227792667098728,0.971515485332788,0.227092971468225
2.22969815532166,0.237726577329946,0.0647466302373897,0.0319753441963364,0.366435251338338,0.230237991069217,1,0.127093548804428,0.71595850035893,0.16225743438654,0.584631161467035,1.05995818954671,0.196054513364384,0.678453204922354,0.181032253014949,0.718863292642488,0.194079003474095,0.600915079364467,0.206269849410149
2.22021053011706,0.286417414902717,0.0293745719404339,0.0391377884488502,0.405727234324084,0.294127363536891,1,-0.016448625381855,0.865442402603125,0.515416179754926,0.523429841312115,0.801896608159916,0.212925442210066,0.590005092547209,0.169977339796411,0.876521315102896,0.194930652852644,0.430816568633285,0.261091141009916
2.17777973674178,0.337677396884838,0.00994218239703169,0.0457301171234219,0.554829949631229,0.257105873787581,1,-0.135656042282411,0.683530446402857,0.794437384821914,0.327799357174436,0.628434097799847,0.241371423121807,0.906060230533729,0.215888690368665,0.146474779780337,0.275909165877523,1.00228977603359,0.236590243782512
1.98850100315506,0.309713291606149,0.0339988369334974,0.0532083735106174,0.438369715880999,0.365124373476775,1,0.0456686505457183,0.721509221155615,0.61909513588445,0.45457233129504,0.362491226384149,0.284806028856698,0.566124724858831,0.235937602213751,0.53673023614562,0.218055204967944,0.813078316077167,0.216056238427928
2.68128540758264,0.594111282521122,0.16161892288426,0.10845878178806,-0.117652963029747,0.405907247786516,1,0.477410793270209,0.804248632488102,0.912993509148633,0.244595106049777,0.628067885630081,0.313111771231351,0.85322402237707,0.222418573030148,1.09954434952101,0.274853701972849,0.755952037929459,0.328982009219962
1.90198999331031,0.242916156587934,0.037317285159053,0.0348021167274725,0.303570235482077,0.348256436390612,3,-5.65696837243286,990.312079259355,1.96455685638342,138.859583785701,0.71399346652815,0.241803846498713,0.360803906560945,0.259369698439789,0.540578799454566,0.226544861091005,0.753040755319521,0.18899912919445
1.93162832015379,0.207377218971313,1.46625523265125e-14,0.000242178052897213,0.451441048918716,0.267686109367135,1,0.154033941102225,0.689400628941066,-1.26199262020437,1.20990936427591,1.13565110836998,0.25400864182845,0.572463713952027,0.233434347449412,0.570834482728723,0.263623886459955,0.576874548613811,0.204279205226433
2.14843290311743,0.211256659130807,3.26004614770722e-11,0.011419362744461,0.539308556344639,0.150472166949695,1,0.0398838211278199,0.419643357315076,0.679784321935089,0.282991403270243,0.841642610781703,0.202692579409252,0.622116244379327,0.178416114555787,0.711420033695697,0.19790558642873,0.638576404596842,0.181068578506425
2.47351461321374,0.337212720060237,0.0791921521003525,0.0861279880587368,0.557209953897364,0.381690969482557,1,0.92205470397145,1.44457325963928,0.304849869324923,0.871035669744582,0.937501251860716,0.305391438361113,0.711762858989906,0.211655506210115,0.791355598365376,0.21173512637373,0.901754230094325,0.230261827942774
2.09150026691436,0.278101433468055,0.0071467798878151,0.0379839522369561,0.411671497065331,0.267844558060042,1,0.226743523285935,0.524518512350332,0.531937251092333,0.361565305618909,0.534815696713429,0.272090353489255,0.700155859723429,0.21688855173674,0.695809159665952,0.172672892209062,0.668926598669208,0.220760840369356
2.43006468058237,0.308138315838473,0.0321368879071001,0.0620616298126618,0.298113696453069,0.61282019701887,1,0.316878201596199,0.64635948012509,0.652725915821137,0.452481846097363,0.689612321450333,0.366604332831967,0.970024453413156,0.207407944082875,0.566419736358148,0.232348657671081,0.826744751189184,0.214798044177535
2.32836568190705,0.246864977092469,6.57954788634143e-12,0.00513012587954412,0.661817918457307,0.103892478755786,1,-0.444355021131051,0.460051461093445,0.833369799782823,0.23736423694351,0.740751670959424,0.240806923553546,0.848420435407891,0.177174456122604,0.637439050544753,0.200452889331077,0.861762886648823,0.203975780489532
2.33855425239998,0.323220626596417,0.116496826531734,0.0771435252762702,0.428611216731987,0.21807964993732,1,0.410686154839439,0.951242247532035,0.336811787953544,0.629765240351224,0.827075096973099,0.216958894941671,0.843534998220077,0.179218797660019,0.762481575287052,0.239854556543585,0.74847704547942,0.228809571843265
2.18354883388795,0.428750685137875,0.0526584223272316,0.0404773052168329,-0.124271271836916,0.409896543156688,3,-6.53465220324657,992.957229292578,2.12599861415193,118.473490685966,0.757447548272001,0.209127534043195,0.651309224617158,0.330638426525508,0.484919887102772,0.263661239382743,0.631779166468938,0.266823256837311
2.4090244845767,0.349330029731229,0.0775933427460472,0.0692487969261589,0.340945632937063,0.453320429669763,1,-0.429359872669447,0.801237200990042,1.17661938374882,0.22505172073936,0.379635740992874,0.314607719603962,0.864444894596872,0.234866880055923,0.898365840967775,0.17380145816653,0.523074925127742,0.350093706418402
1.92754787308288,0.219412143667295,0.0292990490883091,0.031588507467432,0.182236493782305,0.390352062674096,1,-0.349267457334734,0.535605259075471,0.275302621905709,0.376794123283382,0.92862876956546,0.159707343264654,0.463148019289297,0.200719412043028,0.685371455173726,0.214779180955739,0.593724990023206,0.21407441239267
3.08049684364693,0.486817125009701,0.14882222474779,0.100415802308005,0.59459823222122,0.273688266906334,1,-0.766283533240184,1.77866654688758,1.31575141984622,0.587518118718217,0.930932480813382,0.287402491141403,1.09475950161506,0.191366207941228,0.892638325612891,0.207479080244099,1.1884218989286,0.191215935756163
1.97398131166436,0.317285361000936,0.00345990645347257,0.0321230587337538,0.276301858153267,0.311660248557961,1,0.492387024027281,0.873554194652691,0.48940659555653,0.46328904790907,0.527181319041242,0.2024932194085,0.429856520299204,0.262181491778168,0.497075530988607,0.215028796561514,0.487619935197007,0.30821886340502
2.84109463994855,0.56144443762772,0.0950827531675316,0.08428225790859,-0.13734448829754,0.393456024636765,1,0.756024221738541,0.579088465148899,0.764812517879994,0.371964754483165,0.967847526519932,0.242601441960868,0.559542514761204,0.344443249677561,1.05697961538439,0.203634250367749,0.799476315313758,0.296943271282219
2.15302541991698,0.293000424248306,4.47904801836016e-12,0.00423275230273002,0.698436605575087,0.114966947162934,1,-0.693120444111696,0.670557943224373,0.887354375204864,0.260256056192104,0.486330121356666,0.272136573983854,0.88392830246715,0.219748964176245,0.781215933425444,0.183303160007849,0.821930198437214,0.223957031112522
2.20505941623878,0.222683510264054,0.0876931399099199,0.0413276884394709,-0.0986090860084979,0.296576610512216,1,0.468341681455238,0.755233185552114,0.0466606856141165,0.714510508991945,0.799548133267965,0.235382749790632,0.822363181042832,0.148268654191593,0.5441710887672,0.245054874369132,0.914771598868473,0.176762232159171
2.55690095561489,0.519937943293363,0.095305369403607,0.0788013477984672,-0.0648226645040235,0.459041836220229,1,-0.0577967340425211,0.753836361557994,0.786997174752409,0.495916606707672,0.940923358184782,0.263118731185593,0.867158670891135,0.30074694861129,0.924165236409407,0.206725965645087,0.377260988532436,0.292540426301025
1.95683593867561,0.202205903671034,0.0173306988341422,0.049519786108891,0.532849482594816,0.242316570001777,1,0.475001051176905,0.71504953937995,0.455245053005563,0.355588936085136,0.38972685965682,0.241903508142464,0.684711617973743,0.184737937105973,0.600414865515661,0.234147948062726,0.543437878537594,0.248770059499103
2.78609511715201,0.653143777247533,0.135347823806179,0.118731338014093,-0.0437535876818472,0.704365444336833,1,-0.230057552669956,0.673498428708474,0.904976075837734,0.359606133353452,1.04356662820899,0.273780502051476,0.930208627895001,0.412413834955313,0.89981290586665,0.250456297276679,1.20847844518096,0.237547025310187
2.54863592385264,0.491192531439811,0.140789759697428,0.0690415492908409,-0.210253964251627,0.431767074065013,1,0.110642645236856,0.700313360705468,0.849444956356081,0.439823019076021,0.398140153485557,0.284425488767453,1.04717033805493,0.203155586591912,0.674728214716461,0.265013172480443,1.10670011413898,0.297750555613148
2.24388194737273,0.333704558680627,0.0361375779498997,0.0508662556425742,0.198713884813714,0.530523062347411,1,-0.590625682875511,1.8972351592662,0.93426559680985,0.878037919981663,0.763763477226859,0.222357843354405,0.761333976214256,0.179045451506867,0.584270379841895,0.227799348227917,0.790492930037108,0.229014215565326
2.23663084939459,0.329619424610676,0.0625532746267277,0.0711591385449976,0.343359997334341,0.315706624390224,1,-0.575322894935043,1.28592949723625,0.679413631642555,0.700538693341936,1.02766544620125,0.270066479978951,0.623287381940786,0.21996211312311,0.768985962969264,0.166571956732093,0.80937261848971,0.289733479953257
2.01546961666814,0.308657109715968,0.0571033766515186,0.0472766756560381,0.0527004814754851,0.477992225235344,1,-0.429244216988286,0.524338790015531,0.82082308679548,0.244974010649482,0.65616923133723,0.223345763900041,0.669909488130022,0.227613405285782,0.482688078615782,0.192793676551745,0.908320375292594,0.170730786919547
2.40861163193235,0.348315755608895,5.42872624030567e-13,0.00147359780670424,0.752386712930047,0.0853302141684966,1,-0.0614032220453482,1.25446567514573,0.763003733920959,0.606896609420457,0.830244726830429,0.261923256774909,0.797414914987909,0.235117801513984,0.610243101859906,0.206632262309784,0.941053286151708,0.201203856681153
2.03354871810581,0.268435899066042,0.0241698664567074,0.0401258470197583,0.530561884576746,0.229635690547345,1,-0.286596563977858,0.930579968481552,0.701234249415772,0.439962693427031,0.723806628503469,0.219368525462068,0.791487254652025,0.220799171854775,0.428602061807006,0.260881174734523,0.761820992122674,0.195154872871071
2.2224890383894,0.233526871010988,0.0656703384765513,0.0644984719011709,0.28540385038418,0.478546670076392,1,0.463399030592933,0.437629758049196,0.562688640369184,0.288181412517789,0.457186822006032,0.269053585063626,0.713264913675186,0.201157279100364,0.845709929239843,0.172556922527909,0.817189408381622,0.219198552412426
2.55100331652488,0.374607491822377,0.126741820495474,0.0855556857362894,0.098696691343876,0.459581137023427,1,0.308020304395458,0.750003339453629,0.475136422839955,0.42519309653742,1.0027558015577,0.226467665633182,0.901156671166667,0.203796362187696,0.704490344673531,0.216233738464423,0.875879467403097,0.269840310753808
2.11449953447763,0.236687561510412,0.0233921393930172,0.06573564665023,0.521099873736206,0.28283774462898,1,-0.896448470572372,0.913866636918047,0.911515352781891,0.284390928335515,0.841243484248021,0.230173826941705,0.416847435166838,0.218702781897003,0.788988476800918,0.138201442320058,0.891492369607422,0.278818936760634
2.40023463261409,0.440416486547817,0.0878376193425971,0.0648944486103038,-0.173590375923386,0.379782868282408,1,-0.149482480603828,0.703442516441836,1.05928202147979,0.374026338754027,0.34514829989245,0.247096486797207,0.975578295988093,0.204339005267264,0.614851565586555,0.309078926914344,0.537662407230979,0.276810768420204
2.03290574661237,0.246043357840259,0.0300062419300381,0.0330200418381702,0.291458907184986,0.24608836122061,1,0.226507092828361,0.550101692681043,0.522036119627392,0.346212663598096,0.431708223742113,0.231502702532281,0.816879327477178,0.153481288777385,0.783667517902225,0.179029934040347,0.674654696979771,0.24286488099172
2.20193233464094,0.297652254069166,0.0462116263207846,0.0497411284992396,0.349165804366928,0.460254496991237,1,-0.400193426342853,0.491952985511811,0.623253652480667,0.341390798358709,0.927039167206222,0.211384369818586,0.78678294284102,0.244353365814634,0.883980542863323,0.200405267021048,0.863554933455687,0.211916370369436
2.01624138549177,0.419831848144416,0.0480083596996163,0.05136289469496,0.512164797298964,0.304767191740059,1,0.042455281804417,0.739334527324569,0.229076789877087,0.707062823309003,0.90725474635792,0.164625264712312,0.655929544125148,0.289960006612809,0.746188778545173,0.269701104981619,0.624837817393348,0.291677164338675
2.29377606411867,0.33712996392136,0.0425907732090786,0.0577477378109072,0.0689581000577105,0.490086600480959,1,0.221224239875058,0.723042901538123,0.239389614469469,0.537202036864424,0.913172467145683,0.279439663478432,0.773999729599289,0.193477701509757,0.838149659783363,0.226268421628391,0.604973209577275,0.224182897267722
1.80641422066028,0.183581629535551,1.15695364351629e-13,0.00068028042552313,0.423321249211476,0.156667748609755,1,-0.752792575599912,0.836273373014371,0.761006113129853,0.427927970517109,0.554673735329634,0.176043558738714,0.712012618018535,0.164375584962037,0.534598001152759,0.170279579413547,0.385622234093478,0.212457916905042
2.4284724288969,0.350655469281816,0.0479964502894795,0.0716232059339934,0.47799712328971,0.33432272993584,1,0.266639445812217,1.0380750297231,0.930473410563898,0.427370708132185,0.572392522727776,0.346917714302986,0.976224731175274,0.186546382993325,0.404266937349599,0.245932734466993,0.809325375455149,0.215288290926684
2.19824788232425,0.299319204723028,0.0222518864238788,0.0643719264055432,0.44792931674508,0.368214687392607,1,-0.541871707965644,0.708675361447729,0.909581491094426,0.291490004717134,0.673530346613957,0.21229151886129,0.787127126141348,0.20380989008102,0.816268678751966,0.215461549019049,0.238135265163593,0.305100794734183
1.97236059849143,0.243468361259326,0.0465039578861301,0.0417129376285857,-0.0757159829554653,0.313486684946617,1,-0.0217522792726503,0.592745149797566,0.544309887428977,0.3709318974582,0.640522593011711,0.188928360970019,0.458457899320081,0.267379381669626,0.786053557634627,0.165884308267508,0.501897916466444,0.266054674633709
2.39336454229002,0.343202443176747,0.069307697443673,0.0494470247786908,-0.159434004781107,0.458985285100411,1,-0.216229346115415,0.918344814768161,0.75059598305914,0.489430569711543,0.835024866929209,0.233507148007885,0.806823039834904,0.217077402824892,0.7820450509578,0.186208667498959,0.6571774720439,0.262693858908677
2.29890389456787,0.311068451123786,2.24483039305052e-12,0.00299655161326712,0.68600410124818,0.115299129576788,1,0.135993882066309,0.481628584887077,0.779849985612886,0.226597169655856,0.682822416622541,0.302061339715068,0.782704471367667,0.23364117135986,0.865911801132179,0.192264438698536,0.736806700818662,0.210302979785686
2.53788416589485,0.416413126325702,0.136673279150729,0.0883500813558994,0.0530295222541763,0.492873283983467,1,0.780411817627807,0.769972550712707,0.644335246242897,0.387502253437653,0.747485410055404,0.25609203445255,0.38087848618135,0.465052831530338,0.950080656295529,0.176967422244198,0.905790235765215,0.252155310574329
2.56300906128158,0.422661235724438,0.108588827603375,0.108547205689075,0.314005714611706,0.705286990840819,1,0.379865927092765,1.11601861497848,0.582766313286638,0.680009043540442,0.820221843840841,0.342237702997671,0.850889111110354,0.217082268928136,0.852729890565186,0.216797947620699,1.24796335028524,0.200604347417154
2.4071910880643,0.254128151526013,0.0348461164915421,0.0356514640984266,0.185295536903304,0.434564791805331,1,0.194412619739348,0.852920167365403,0.457240945467914,0.515936050493979,0.838057923569466,0.21302330031377,0.877302445996499,0.157730419091175,0.827715221253145,0.168207491576232,0.701242131376783,0.242239171822049
2.27920778317694,0.364444445656938,0.0979691995177617,0.0571320687318783,0.290392876010713,0.408587180331241,1,-0.259412269108567,0.832200114054839,0.961924795273058,0.288743994855614,0.593193172782088,0.292391995031363,0.729674054093058,0.188982203002154,0.717280816587543,0.248896463459963,1.04274221176457,0.215761783360177
1.7895997187949,0.224642355298924,2.4050978219136e-15,9.80835933663028e-05,0.158745322532923,0.25606612334001,1,-0.129436335955562,0.508251500074229,0.769799066668248,0.227147303334628,0.455487759605439,0.23273180839602,0.189462069836232,0.192497418064116,0.61042870308189,0.222168360837602,0.0251698926794495,0.398904262800209
2.53169167185175,0.403983079805848,0.0943109554333121,0.0834267935203132,0.55010391681417,0.34703966789574,1,0.924314592020954,0.637106650509472,0.209526539610432,0.478610239948502,0.810677488982734,0.255686322044398,0.67969819555803,0.257451503509322,0.940579235059737,0.208589417599732,1.06196631506623,0.222543745033588
2.52429451881997,0.346284050677354,0.0738494658890148,0.0672611226988653,0.13766173116622,0.541095811305262,1,1.10790376973718,0.804356087835192,0.423841076592636,0.492271717684466,0.905648506728089,0.236971561378739,0.677030847220492,0.222824887723414,0.712327099528804,0.213419973069995,0.746969436831411,0.230118276777236
2.10858726110506,0.282377963133906,0.085759626546235,0.0483279673020587,-0.000717258175892186,0.352934572698956,1,0.707355815571863,1.54639633301423,-0.00818963531608274,1.33831919493749,0.62726280040503,0.277191060628043,0.462139515774483,0.241805285525873,0.916082658845718,0.215332621726702,0.718673160696029,0.213971884353452
2.01839226516645,0.256789050860133,0.0336690293380026,0.050274037465798,0.475220029433523,0.278742940194395,1,0.383731972675991,0.373705493952492,0.467769879709105,0.289759256692198,0.593366478007237,0.270480366431008,0.528309537041613,0.263483833366524,0.757140081569474,0.218262325812073,0.428171795159769,0.314937456687673
2.25837941767479,0.432310316922266,0.106945636548314,0.0981238766519001,0.105086050691324,0.699731581619821,1,0.474971401345933,0.717977925314342,0.0723943272819593,0.445299212602641,1.00077672870186,0.238903238450495,0.658629906314325,0.231118677273543,0.759149783898227,0.220593347391368,0.501344927581113,0.346333709414479
2.54880918321111,0.46899927931079,0.115970640578139,0.0811703679129427,-0.438929606539515,0.244570017430494,1,-1.1168878330429,1.34315748531137,1.34219482620569,0.407535127533524,0.540069234131052,0.399666327755924,0.825135294966746,0.241796654075796,0.865035936862563,0.241170225955649,0.939845405051086,0.273148011740236
2.14411045930801,0.350521224199342,0.103630385090569,0.0722366519315893,0.160673755953127,0.37959457428107,1,-0.472792514054548,1.26652283015263,0.83963936549729,0.567489487850303,0.827242868258761,0.213235754004217,0.644601740459982,0.209945390284802,0.647437830128335,0.221580770751659,0.600423525437954,0.213923931721679
2.29789869519857,0.306266256995787,0.0664902131073459,0.0342287278854775,0.250342971180821,0.30665876571738,1,0.837163837725323,0.612213132909896,0.436540786850421,0.370024637601544,0.48097364960452,0.250302283847515,0.953344622780089,0.212362880459121,0.535942438687448,0.230797733401969,0.947861470890959,0.200937854272313
1.92726873231082,0.194676681366066,0.0416597298851712,0.0261517201834116,0.184353288144377,0.310885361231051,1,0.248895431832836,0.432645792146216,0.151541484057516,0.395135900099771,0.912520912518814,0.17402829615309,0.474248324051288,0.260912260719332,0.557486221724013,0.161362307940093,0.619866610608898,0.202301043124004
2.38882440312015,0.252529407841513,0.0593840957065587,0.0758271691524751,0.541482500471561,0.36014832390394,1,0.436312677871189,0.571650083906601,0.53038791601738,0.452369218790867,0.770322625951581,0.321374557526857,0.802998224872342,0.185251174508204,0.752969643091356,0.150045664094271,0.516582712268661,0.206500404779865
2.90003188822475,0.45990138809863,0.15935831251339,0.113072204943655,0.0399131387161955,0.628415121597281,1,-0.0204485496302101,1.20560480770887,1.16632735997452,0.47700563142842,1.03343257842472,0.241261234788532,0.884846062682442,0.239018752665332,0.50490217596013,0.319491081482122,0.733669083812636,0.297108205511264
2.43880726250406,0.408298404810462,0.086919482503039,0.0593211037742956,-0.332884876317337,0.321771457486663,1,-0.247433638265453,0.544094317116433,0.747004226584131,0.288028397967586,1.01809026820271,0.203332919063047,0.684678814984392,0.257020912907629,0.38364747058086,0.32823150591077,0.81438076757042,0.221099449360047
3.25407011230186,0.577820876932178,0.228829804621514,0.14557597395089,0.261774184015342,0.63040270587606,1,-0.265775406724581,0.812070707036124,0.777078183367198,0.397931644781593,1.43757549637216,0.224757101936093,0.918160280447185,0.256453671459373,0.847513069641489,0.241542599649845,0.890418168673755,0.244445916661699
2.62756063658077,0.404947675721262,0.0993858389788004,0.089599918612771,0.42061804037639,0.551956963485395,1,0.165858989728384,1.08331563434804,0.94704029385521,0.478659933835899,0.745456510848475,0.358801029124543,0.692658659349658,0.237191335855761,0.85260893380785,0.19731365104493,0.923301217475961,0.243869553079701
2.24038488909268,0.278198566997563,0.010249329742414,0.052353446528058,0.530778744847932,0.156482640017656,2,-5.64856467893804,991.42793073014,2.02658735282028,130.654841817923,0.747026464462967,0.223275780355077,0.752241209387888,0.158921553748717,0.803978144779662,0.202281203373122,0.390902608622739,0.268478474683977
2.32938417146962,0.260765475491935,0.0745403430292402,0.0655733447967905,0.428440291099355,0.269980376164183,1,-0.305184685966312,1.2074006332556,1.05642894902627,0.422297977896729,0.385764399613689,0.216959050203631,0.955955017929614,0.150734235154042,0.543119086387862,0.264762871022028,0.753766477644493,0.207270973983159
3.23931020715045,0.730972166624303,0.220477444442589,0.13213921338475,-0.203919884497469,0.448119833382053,1,0.193663059499071,1.5079842339083,0.998292242577603,0.604057411526905,0.858507422695009,0.318253817858515,1.07587570017685,0.261602092136573,1.15614097650737,0.30973151190456,1.15684064388668,0.247164416441489
2.02945581249177,0.212505902768871,0.0554844591379255,0.061359179484,0.391390740082107,0.356536759752965,1,0.105029275175786,0.485675682544681,0.478132977008933,0.319952674877217,0.478437308635976,0.261289226248034,0.824871654153658,0.182028584160749,0.682174996759698,0.172602297399605,0.357662794709773,0.214993911487381
2.71192076375889,0.337812121009364,0.0839786211444986,0.0510755036765001,0.4537295961379,0.339475036449702,1,0.520430088980512,0.734259899556004,0.603826567035835,0.391576291272106,0.640657697387331,0.366131416620609,0.995454669385516,0.306131202086582,0.894571437811077,0.145572623972414,1.20090845649665,0.203149594017792
2.30048477012126,0.318958241067225,0.028815608244425,0.044800532252314,0.303085762026105,0.501335817707771,1,0.451551211896143,0.983645222311414,0.735615677568116,0.509257469438634,0.455678561602737,0.419879065212184,0.486381459321849,0.225007959286716,0.946345317099577,0.208669529922004,0.528216556601776,0.327803168608226
2.3683243441874,0.371104108429496,0.0317845730177053,0.0375541879692097,0.0248581209335069,0.495957044109175,1,0.0782493931870311,0.783772786916627,0.648327212765071,0.497684405688114,0.99015963280017,0.270551677207941,0.576326707831375,0.215345581992151,0.711370765907195,0.207905824509795,0.678590945545725,0.227781847225966
2.16853188348252,0.289849717084972,0.0878756281759216,0.0762755030742312,0.332211600254202,0.264743197345493,1,0.336237771003405,0.435023873624402,0.404562701786881,0.295342077000632,0.832255056496698,0.158027091070214,0.645531266809244,0.229749694366899,0.481421291489065,0.219205090639569,0.785988300881461,0.205385878110687
2.36370488801769,0.396219433904438,0.0849575683484952,0.0845254652660496,0.42982180405404,0.450911135147534,1,0.654192701783579,0.532480251092906,0.508865761170186,0.341939079580624,0.79981161921263,0.303163454188965,0.492484987777368,0.247643932662432,0.914270081389035,0.198121023143823,0.627578410359384,0.274944774746695
1.97492431901164,0.291693414238472,0.0590787206595886,0.0457281997820436,0.246162129547344,0.363820521810404,1,-0.366455385037108,0.649998507531711,0.689938641722903,0.340815884763537,0.516853524394855,0.271961176655931,0.736349758189638,0.255707285590758,0.600691655405392,0.218909145398632,0.585147686225836,0.211701224681281
2.17366120142513,0.219551227426406,0.0648094162902941,0.0483454532025024,0.277258712568088,0.341775084955575,1,0.665919985750764,0.622419018394926,0.262820209142508,0.418652380792692,0.771378216484864,0.279944238124372,0.850306672408772,0.163243906556481,0.256942742245063,0.271932349033251,0.773245576506843,0.234886498706782
2.34453362342968,0.339800803424964,0.0888310127484031,0.0643235379991067,0.413470456314275,0.388857781082917,1,-0.342679070726001,0.815116640685056,0.918914275523552,0.388721384996162,0.793374216676065,0.220455939795123,0.732271966037856,0.247919205359656,0.75720455413925,0.23006560749517,1.04753247927954,0.185918558573187
2.45494084558122,0.50493639063127,0.118330318449133,0.0896734178825931,-0.0886737545983598,0.503374550076992,1,-0.429910397187005,1.12068444498251,1.06219107539594,0.455425669331971,0.739123522871898,0.318307279180456,0.908452799637105,0.24504703580025,0.504820604523605,0.31731011835865,0.889957459444177,0.270259294635442
2.49204068935658,0.303858506200029,0.0653732516243914,0.0664522733676896,0.339753173313694,0.303104159404487,1,0.123935937815845,0.585804038191753,0.859637800341651,0.280063418537765,0.695211801107407,0.223051700878021,0.750302748306752,0.195963259985075,1.09160182768519,0.190803766649679,0.727601261805974,0.224524562005973
2.21046556070243,0.292748135345722,0.080285768080253,0.0453363405515811,0.11516295915283,0.497138494788815,1,-0.185874611741358,1.08014438077339,0.904950645294433,0.406582342411024,0.376321481737923,0.294837898113981,0.768370329339568,0.194854477421596,0.77245017712084,0.203209976952726,0.744333465228812,0.24496241562483
2.71014323120724,0.409608091176074,0.115897048694529,0.0969846568087943,0.512865695526932,0.332694776097397,1,0.681108843192241,0.474211780646631,0.436250062879635,0.391596557714154,1.14270072358585,0.17278327598854,0.612725661796442,0.22294634370029,1.07224397379405,0.237568143641376,0.811032994862597,0.27495329729641
2.31798790694606,0.298312008557119,0.0811479682301445,0.0510103448025333,0.351858367810027,0.34127181993738,1,-1.22733371413482,2.55262913366432,1.10526889661314,0.845277584691735,0.828855011156772,0.214021535969522,0.803816216845693,0.203519868354846,0.709467756324887,0.202244903028597,0.896532783510439,0.183837635732159
2.08306908270641,0.217671498531078,5.89258805765093e-15,0.000153526389362083,0.221528776535752,0.230781377534477,1,0.336130100755568,0.591152173090124,0.581828336842218,0.369597601345707,0.431348600184613,0.214485748320352,0.657538810932225,0.213460436889291,0.7285553033191,0.199666854534827,0.473549429511741,0.182267420293541
2.20615450041369,0.310712732047573,0.0463198107364863,0.0350461610725384,-0.256017911971344,0.289798810034067,1,-0.0657783459706049,0.765425186831868,0.941559867572039,0.313089860430016,0.635725495268325,0.208250756831482,0.47673695768208,0.26499349376207,0.675892023576784,0.211423632408802,0.872670906871204,0.198293430792042
1.94707951670348,0.255032156751469,0.0350553825645245,0.0414948308829418,0.340244972244712,0.327131991785144,1,-0.0503562035741581,0.477224001181807,0.720412623201528,0.245852127141793,0.318277086656644,0.228158128242356,0.7941169381897,0.214535613955364,0.498226840671352,0.24778017645779,0.556712085933563,0.250501591399006
2.40916970386262,0.327024597338215,0.0700596168908484,0.0794424616483048,0.219349995848406,0.379868515040688,1,0.216417844974031,0.413132072280832,0.483093220985362,0.286688036138819,0.816455400500425,0.226844542841457,1.06747660943833,0.167189056392925,0.572294490706324,0.262908536150844,0.746049209172728,0.263449456437757
2.21740669049296,0.281161808369191,0.0708508819303877,0.0577397733933154,0.340376132590656,0.318361530960985,1,-0.167473976937477,0.603921397773387,0.877841177472023,0.229749815367254,0.551966479037437,0.208043410603512,0.482196033106267,0.215133689047063,1.13023187542277,0.209724170439298,0.669894218084181,0.174585620297764
2.32699571633014,0.400431082383694,0.0998918670632476,0.102670463539281,0.394247676035886,0.454249588874399,1,0.561507946112119,0.816108822805675,0.832353654529413,0.288047315703533,0.80339190163163,0.267772038303893,0.161650595874731,0.263605330605133,0.673581017258064,0.242823610748144,0.97641541144333,0.26217821657834
2.57206161717789,0.398704237283681,0.108144692758161,0.0743832921391702,-0.0872260364828887,0.404762355167987,1,-0.272886373508806,0.475753729820284,1.02458042937215,0.293761572136147,0.354764376581127,0.347975489953646,1.21806105730566,0.171940359344136,0.750101632567742,0.20845483812423,0.691938182150084,0.268831037586809
2.22317065829497,0.305477385609794,0.0725817032733877,0.0451339029569859,0.0741122971899824,0.411959107283717,1,0.370404928622068,0.741421707422916,0.364760888067466,0.666670572494676,0.47921097616264,0.681603129923707,0.900371997823396,0.227509941646895,0.76199533658095,0.246134751136501,1.02338474965136,0.214922966965199
2.41399425687974,0.341908798068752,0.00233506390049017,0.0497333592043995,0.644962860051162,0.221741348691931,1,-5.8431713298879,992.480007521553,2.09285708529477,122.406807152582,0.689227380783526,0.35257515253075,0.920124895681449,0.216870544184874,0.790331334728207,0.219888444178156,0.777102052917052,0.194510450355909
2.74034527756767,0.431903009217253,6.55592724184049e-14,0.000512090899814945,0.680152892750314,0.156299763535553,1,-6.12017530426166,994.380523845259,2.23995610379341,105.864931259414,0.487701457245695,0.307741609621294,0.80463193047894,0.290504098776721,1.15800797732707,0.243953527064779,0.843533155994273,0.271624643850751
2.28951480064804,0.280265513351136,0.0629629707965513,0.0579188589524349,0.133464311746978,0.32376493049885,1,-0.306777596164633,0.722608001922331,1.04162908833116,0.290773694817493,0.275443814117623,0.291363924166125,0.736016979407296,0.192625446299746,0.638282900359359,0.272610949925243,0.865657241345934,0.283251154624446
2.29453444674773,0.275963692980124,0.0646113380304989,0.0561902061106036,0.341547826059716,0.250545860601919,1,-0.112230671986954,0.907784143699219,0.915923523884802,0.37834913400882,0.535409251495048,0.21983568260225,0.764342335604426,0.167981600529999,0.800874962097758,0.158651522201138,0.619678572456601,0.247551971573262
2.35285952516191,0.34661706833767,0.0768981202794772,0.0494856828743842,-0.0369850284090519,0.397043524221248,1,-0.389952763440324,0.928153751813207,1.10177521817721,0.316252323419617,0.640553436899562,0.301336340424223,0.624397431843005,0.275321789470334,0.807093929149444,0.196429139338616,0.683729005383934,0.235392403945884
1.96461971850792,0.23935223796124,4.2111066512145e-16,4.10419621909777e-05,0.458954490369836,0.172109703916651,1,-0.916336596313157,0.657803296704834,1.12415559857592,0.245884185403723,0.526986785777973,0.224155603343893,0.388446864269074,0.239128341789014,0.613993239107968,0.233457942827052,0.468948031050074,0.212447983638954
1.87685022562811,0.165797684845101,1.29252571131703e-14,0.000227378601570943,0.363546657531002,0.203149566842958,1,-0.544752093772497,0.860409502250168,0.607476005657359,0.517559264195343,0.381746040807973,0.358527327231951,0.784548954448289,0.214012874121679,0.355569590545113,0.177700093432517,0.710576824491184,0.197346396405326
2.05880931851722,0.267098199134251,0.0102893184040681,0.0374547805899435,0.534020793584992,0.199026052426786,1,-0.0936898085894326,0.41114729117127,0.661296888389531,0.294685519072798,0.460296601579601,0.258244655548289,0.867471415470732,0.189264421119342,0.277486339377546,0.303485197610939,0.503222411052222,0.195129544218898
2.36638702513279,0.316006314402222,1.26622899466397e-12,0.00225053682001392,0.429309765070498,0.171990183837993,1,-0.0745000011038192,0.704019065292625,0.778453228465062,0.352214640802987,0.881582130806886,0.255115416955327,0.440335327312781,0.307951327087142,0.668497946411454,0.206008047499293,0.61323248185375,0.189250862823656
2.56952349845066,0.38160083169196,0.0830692567578156,0.0724267921485846,0.323943201831661,0.385490458730895,1,0.386471849140572,0.598131217518827,0.800900716082571,0.348160308052415,0.841971484228646,0.287922352335158,0.744182065951366,0.223027647169717,0.957754990765776,0.17915291706093,0.589010187439141,0.295667923355673
2.0530891098498,0.217283954915241,0.0563277352917985,0.0298360545549915,0.209580011314374,0.431655576667298,1,0.682887968802631,0.838095309757667,0.00467709977357109,0.711044368617808,0.585274253422809,0.398699984609642,0.747775641073961,0.174896587070606,0.744813283048436,0.167951769188943,0.658490185207894,0.181493325882088
2.74098579798532,0.349285016016114,0.0346445142703898,0.0616924406472475,0.40590729257892,0.324069793601145,1,0.69054931214302,1.74213786654806,0.52832673483738,1.04293030921539,1.12338632691256,0.178142533454318,0.745011272950738,0.228807154886484,0.694137433399154,0.209060643224546,0.899151820711726,0.217051096512094
2.36205568509159,0.284916378348825,0.0691115882371572,0.0386943451870888,-0.12619768818187,0.304369809976203,1,-0.178618174147471,0.558970292725151,0.803759541309013,0.337881124101715,0.708170299068919,0.297542678438715,0.685429074338549,0.234977953203557,0.802770770920961,0.204808280067166,0.76729998896348,0.179725526567776
2.2113360059772,0.361093017385944,0.140621727210092,0.07748770465297,-0.353989300825561,0.306134994452966,1,-0.285538029629579,0.518744792081704,0.597824486784248,0.440106354365131,1.02568437941641,0.2494545518215,0.64591330654797,0.207413596776351,0.413925118819244,0.278402847157405,0.800282925338186,0.290260701569287
2.03821579309642,0.314835879743299,0.012643750554279,0.0720038849750907,0.463987623396021,0.437980988344457,1,0.205342188938842,1.12667655084857,0.522183775559209,0.550386891477617,0.532365232308434,0.216784701658572,0.722144167256269,0.215683518290561,0.345759288365613,0.348995414518756,0.282292146052315,0.23262792771277
1.95531160009594,0.229602252575341,0.0482642474778961,0.0577944492537238,0.393603094881628,0.424150456478269,1,-0.0691706502072809,0.425217577299153,0.458706635923917,0.391932401361057,0.819271471016111,0.293022190357807,0.544501855355011,0.265536988982817,0.672992899794285,0.232621906046346,0.56759554881938,0.239714334398451
2.65648491904426,0.375423476538627,0.108214289900132,0.0920787947031353,0.323576668604976,0.549521863783056,1,0.66659398824766,0.522489925703343,0.308067719468134,0.448168361104208,1.0296234145236,0.249987772000795,0.970318297343117,0.244182142381346,0.697990066124711,0.267262866320713,0.61216662281785,0.263059186852369
2.05590054618467,0.287002900076899,0.0015871024974282,0.0754836051533039,0.652285499434659,0.18295066623727,1,-0.702527882883088,1.41062309340951,0.964085083239882,0.501455562162936,0.603193782774946,0.230196658392311,0.431159133136437,0.2649081815411,0.403852971818087,0.241176817091829,0.951026689518482,0.199523786888049
2.51885946682962,0.316793151010461,0.108297329027031,0.0737217526041364,0.468737888173391,0.250287115397283,1,0.230875537261697,0.598827313027853,0.618308304125424,0.283688289229846,0.853695923033638,0.266488215714806,0.893855997357721,0.232987475776021,0.858714071258462,0.188337144732002,0.816497548707972,0.222491616591027
2.24683699330901,0.224980280566674,0.000219507341313366,0.0331514876069474,0.38222339515039,0.31256454176204,1,-0.156408782284692,0.570061694672955,0.831286598603393,0.235495892852006,0.575185644905158,0.226133893756423,0.796656301091793,0.180789774143737,0.696963362325032,0.222908113281001,0.624725250557547,0.211094149194714
2.36073621818985,0.344859398222217,0.0315201382722413,0.0592970198162795,0.659706489877643,0.168699166754592,1,0.36243543138603,0.834700069521186,0.148408007470288,0.478520932246607,0.906091433251761,0.288380812955141,0.849352327683141,0.196653346846271,0.965867633095427,0.194079519998054,0.790316190404532,0.196156813403095
2.42679627800581,0.354365074593599,0.132142781178142,0.063654172354845,0.103601253820251,0.409185595884944,1,-0.295560585516999,0.692863672063364,0.898222798453296,0.293498980465965,0.712423130809156,0.257385239512083,0.852083251496336,0.19386673358675,0.721289084832571,0.24793739970741,0.889263450383833,0.233930463969914
2.1417185102513,0.257475446736509,0.0553880044140782,0.0409679095760156,0.0829544963041551,0.500782132200215,1,-5.61854020630301,991.733836637012,2.04498940858709,128.312084912928,0.527811706096395,0.204710312098127,0.741223675922649,0.202769150164072,0.62981256967412,0.273887463324826,0.495338818524013,0.264062953026725
2.37820708355166,0.444843613227602,0.116493598543142,0.0914392017061882,0.184411986843829,0.474482270195063,1,-5.62054302278713,989.893281068465,1.94307887539551,141.814317559792,1.14738785182567,0.242654633821523,0.7566761049959,0.226799944525806,0.85738165457062,0.22571898165282,0.574989755384889,0.248594425719834
2.01319367002636,0.279338475553353,0.0386040578998144,0.0459709007095562,0.283729041507372,0.373561758484367,1,-0.701172101169346,1.12699014794217,0.917878424900592,0.474311957847648,0.759184494980732,0.189549582474717,0.462323154173776,0.221598339303081,0.741265076734076,0.183567101575295,0.412152373660179,0.288095730550241
2.13229808080997,0.352369749178749,0.0702283958067637,0.050539264152149,-0.153660999362191,0.356228614582052,1,-0.734015180356168,2.06950495395748,0.896572475201449,0.798529483892898,0.669870211321537,0.326327527060697,0.58983676537048,0.210229655581059,0.738173861171936,0.24493054919478,0.929001681893362,0.257443856862257
2.31772599936704,0.357277410741763,0.116642459919836,0.0628715387164935,0.252857180586481,0.336146691137026,1,0.496438744862151,0.367935048152577,0.178455685964473,0.438393401758331,0.796022550229202,0.253295083820815,0.957415975698727,0.217003554217642,0.604958458155174,0.334274305710838,1.02953934805571,0.177324451822329
2.27311497910559,0.331192636856788,0.0466925491236017,0.0505111325843731,0.427302882686604,0.226361485167055,3,-6.3200580126468,992.617981452023,2.10222018122728,121.282904894841,0.612663804932108,0.262900304808469,1.12560762306125,0.196017584474973,0.645860169615948,0.215371790978504,0.328759391864478,0.257455416188948
2.24803073771695,0.352019477442204,0.0531411248561547,0.0722122186071277,0.48666228768856,0.369064284210198,1,-0.652031204247452,0.94939866008239,0.932101075726113,0.40451372043771,0.613118883020355,0.311761952035555,0.733540733508538,0.222604341775727,1.05727629348066,0.222834701862642,0.61477684014455,0.231450800548913
2.35515606916657,0.365099254523107,0.0889729132880994,0.062870074518129,0.0472878977686674,0.457443357115357,1,0.389759574622648,1.08287109685841,0.694178591402411,0.61031147067224,0.669483490832041,0.224274498672102,0.693601986806926,0.219549560102387,0.69108406798012,0.184294380116477,0.743007323704477,0.219234144065492
2.31058765840169,0.41863154967064,0.0487261646064526,0.0603890913959754,0.501602364671429,0.288306215414632,1,0.106493797160835,0.612026764284961,0.759559230274878,0.263059052996231,0.511197965697325,0.279381718339069,1.03586314495018,0.149560313037695,0.117792417027323,0.232646782524657,0.897363202512514,0.296333879960279
2.38721067459654,0.345034662112903,0.115051964000533,0.0821052882056142,0.195256434264861,0.301191234743953,1,0.473950805374042,0.364031829649209,0.7063104385027,0.301896064068804,0.846700689955655,0.207434628339706,0.826840634975508,0.173437666615652,0.622661846904161,0.289543175205561,0.789179747606627,0.240019609286427
1.79214839522628,0.24302839962399,0.0283904694998727,0.0509063835048775,0.367090452078731,0.397023851667212,1,-0.26809437004524,1.4325141387402,0.534546787503321,0.755700864824493,0.69649213529696,0.24993105405105,0.474863034322653,0.2167374183084,0.396771754204062,0.223325827965264,0.490698999641028,0.267548116875714
2.34259124724801,0.364168209698486,0.121893287285605,0.0688298879327799,0.0480684150248542,0.349312188995448,1,-0.422080205991841,0.728422171976789,1.02652483947836,0.370028328228735,0.633217471542314,0.2663805401599,0.702586060747464,0.225403767224918,0.940982629022809,0.189961376131437,0.568608170972455,0.286507583112281
2.56088840360068,0.45161759013206,0.102217975141812,0.0872894623766576,0.473415173335002,0.471134312445385,1,0.443724292543646,0.877692156229931,0.723591849845408,0.467512876526637,0.887875359060166,0.306544763527396,0.692246393126984,0.258805040502836,0.996517674649583,0.30686190121709,1.03425105511806,0.247356825774061
2.01914111026243,0.306309716907389,0.0233610681914508,0.0549550785090471,0.539354468956238,0.25567550339897,1,-5.59935509655235,990.388988308665,1.96860040698055,138.309995551796,0.763836925356517,0.255274776368201,0.411863294383532,0.215796940252373,0.824492797781883,0.235330191441862,0.445700956230673,0.29296104161686
2.40920738499708,0.277410249797085,0.0535939767512196,0.0654777657750804,0.484996334890302,0.349841939365858,1,0.72308373182632,0.652232713018412,-0.00996245212840414,0.557740923017219,0.955378808452087,0.256181571766962,0.829420399117241,0.20200347055494,0.943123631474509,0.167190764464629,0.380885291648324,0.300831996391925
2.38564560116653,0.318008234562366,0.0812487042103595,0.0426485111604438,-0.113840759349423,0.417763128190537,1,0.319454349657952,0.736659403291265,0.819808257353706,0.360967682768208,0.546558343052879,0.337340248064094,0.804662688735459,0.18909622495455,0.992149548176715,0.236945807824713,0.665480607170659,0.214984598167877
2.2507502045651,0.306124416572968,0.0255184783970102,0.0527106178325457,0.248332879953948,0.326533153764377,1,0.484123607285019,0.599429054328817,0.82640642382979,0.322411852087442,0.796408258145787,0.190057016521179,0.359552993546353,0.328679505940131,0.719014293821942,0.186806269422365,0.761461522081289,0.271330664148553
2.71195728798057,0.400862583070688,0.114247107902529,0.0780547327566361,0.226778179994535,0.520254772499315,1,1.10093324020786,0.557376282656865,0.56361614638931,0.258472871727747,0.802909404245621,0.236086458234078,0.790391193665119,0.264178425783174,0.911006502099869,0.262950434687211,0.665384650377064,0.292009979334288
2.25484862357343,0.388189602962944,0.0440457400212484,0.0480346215137247,0.116968957620602,0.411939284303865,1,-0.0197368222561206,0.764987540113977,0.817390339559012,0.392267110258806,0.725078446362664,0.288912328589257,0.40829895955081,0.269059947741249,0.90012259866298,0.210623350954369,0.856310530263086,0.262535144364604
2.40298545332024,0.35074989454188,0.0742683913248058,0.0619548097458127,0.0236181540285701,0.430209407314221,1,0.579602108001968,0.501631338120736,0.788136045588195,0.244616118166512,0.394866090436129,0.248173946743052,0.715961777966218,0.21534256771714,0.755579476401954,0.236169478493063,1.00591092344338,0.179716117057442
3.72454346822548,1.08214900935016,0.238084066020537,0.195635391763226,-0.720378047514572,0.176883820801265,1,0.444295410762839,0.686628617955552,1.27607430565071,0.364109414561123,1.22956224865761,0.333446133396678,1.11251795725427,0.352123297599527,0.909004978768742,0.346996760645893,1.45374870376066,0.37613532267033
2.77383302001315,0.495763843818778,0.135315143451135,0.098063275852594,0.0347030003270777,0.475452119259733,1,0.0245072593443654,0.801866404237746,0.857166264046071,0.353854933630973,1.0162216451394,0.209934328733574,0.663952633445987,0.323788358919996,0.97400999968811,0.243435322016804,0.743410432632749,0.278039021636048
2.06765152414085,0.317484676375853,0.0767671384446409,0.0618069291945799,0.286101578785468,0.436999609255604,1,0.478916327193532,1.1235759634623,-0.090639760399376,0.98573352978934,0.954196338773158,0.239345627896413,0.259012482820561,0.282212763107729,0.782643722252165,0.215904793166161,0.531561371725378,0.175988366467759
2.53076940815085,0.298833792153367,0.0346708664935483,0.041386053816382,0.136724276956208,0.345088278747438,1,0.755694688715752,0.731400891274697,0.522261308177115,0.46634132639105,0.849996735868243,0.193441609904438,0.761386542753319,0.222808939280919,0.945623713027316,0.18860938941867,0.345556076370023,0.254219645831296
2.1272996652632,0.362635164379691,0.0512513178389984,0.0598345103612544,0.139952324773131,0.585920262939802,1,-0.49218940455131,4.10595728164343,0.846295439147721,1.68293710469691,0.699657936818476,0.291302633320308,0.758033881423179,0.2061560746399,0.840290795294474,0.283394431417174,0.496936900444304,0.238959655044741
2.14818351390579,0.24714135357923,0.0545289258639479,0.0431581828625819,0.207290859966158,0.447752590694334,1,-0.0564614354711396,0.799618858883294,0.540512069666023,0.481386904009402,0.84043663935411,0.219978425235019,0.573793133760723,0.193156436540087,0.812802851150741,0.23607569670425,0.814742477790546,0.231838446671769
2.58093107199575,0.462729003697749,0.123905165126739,0.108650463850414,0.283286515625841,0.630851223706172,1,-6.52294821366855,994.168113375974,2.22124445232705,107.841450217229,0.739854983177304,0.294673366723616,0.842016164302395,0.187272702384557,0.743615780449093,0.213549149326693,0.856442342108348,0.286924186208997
2.23599320375163,0.272810333014631,0.0583928772789133,0.0569353756427384,0.371545390087472,0.358191384649479,3,-6.73040851122876,993.718771562785,2.18379235691148,111.906305532337,0.537193553268286,0.238064052174431,0.843727461441144,0.203008636077499,0.699852471569701,0.230431752700742,0.506072952979596,0.277163659597075
2.37779520975112,0.284785734036175,0.0927410186138745,0.0874073587391106,-0.130500617185238,0.506383098792136,1,-0.0152549693039464,0.430615885797726,0.955947437964936,0.169797612448893,0.497210863940719,0.220207537284788,0.603099565001557,0.269479986204847,0.954190065385276,0.205223649936588,0.585598291928031,0.32015467120951
2.6950738159782,0.548304080898029,0.108285461302313,0.0676374094771394,-0.273105086729203,0.416492928140667,1,-0.703307131047761,0.951234615384367,1.29450603240566,0.36887229185669,0.757312568042351,0.320914379258508,0.890544724960871,0.290842144039227,0.88092954031809,0.23786249736674,0.649975273809443,0.262858940292784
2.50608986544403,0.33335493151944,0.0644972962656227,0.0805900564856896,0.575222072720366,0.278454607202783,1,0.315465206089381,0.797150190949383,0.542678709828368,0.45082296603529,0.816472780243234,0.228479459390248,0.8988042318315,0.214370827121941,0.705157667094613,0.171143483936726,0.806898267838992,0.189416123484159
2.59945827572884,0.507204199556744,0.238250303316901,0.144524660437205,-0.326115579431583,0.252811448232141,1,0.351891330339593,1.33345204935694,0.69284305769051,0.647672600929658,0.933876307765394,0.252544984060344,0.88972605353104,0.287679569946357,0.615873701134895,0.322455497306521,0.818952094695155,0.310342949335841
2.32736242074005,0.339241465304705,0.126241277521043,0.0900310724536518,0.276712849977865,0.442065713331422,1,-0.295619825006197,0.452061860572946,0.88338789425925,0.269391396396286,0.697937155645575,0.21927358361947,0.612455129415321,0.197315149270836,0.884953997312586,0.232136875702837,0.757091539768771,0.251087387072006
1.90630986304462,0.298461611371177,0.0473944565049225,0.0389522895188727,-0.216677185335405,0.277394187972787,1,-0.893103522764856,1.14675801359752,0.963734008587713,0.43192166227265,0.54520806104676,0.2766337850501,0.515448609553034,0.224583717029984,0.808093081152937,0.230311126679975,0.533702620571299,0.224792227984159
2.54506536287472,0.413074241078727,0.0750054913427901,0.0704567443002968,-0.0774771543993062,0.459454800373715,1,0.562716116852397,0.570155583128849,0.730004114215418,0.290344112950927,0.658579963840382,0.30554479073844,0.995201043186723,0.15820673471273,0.711951198825727,0.248371306355981,0.650791377464291,0.277472340913891
2.56315443708833,0.413599806988223,0.128377742082875,0.0658316340634471,-0.326339476128098,0.376850914787537,1,1.25663691881256,0.646184966365388,0.543950028149139,0.374700571949086,0.487054813960106,0.345523046503549,0.547203717602997,0.239598943303056,1.06503967754105,0.220108746482491,0.853615739296377,0.259585226546017
2.52733633161075,0.313428167022329,0.0347392843956432,0.0557171055177886,0.493926272341594,0.346531507074393,1,0.778552533555012,0.503405421615761,0.384055733052848,0.436339852021388,1.07747075237444,0.217388102367218,0.634494551923364,0.233612979418769,0.61293219525846,0.200309559060634,1.00562669239242,0.182373011587297
2.34322073197611,0.258970836548146,0.058204982327085,0.0560277715982293,0.344981587455007,0.299759196976415,1,-0.0503526838927631,1.56391755559891,0.911014470878456,0.603580393491492,0.520574257334549,0.284358194596594,0.89379754228071,0.190932677740587,0.889205643724464,0.192037796223401,0.631251914533009,0.230083084493054
2.0497924432789,0.204273561209228,0.0111449333615979,0.038801352844196,0.50557777414492,0.250957464405701,1,-1.52051207561897,0.903505436524432,1.16717829599703,0.317242096138888,0.692331678105053,0.276605233465168,0.812368967169165,0.178076022920158,0.504805860760461,0.197833135635952,0.808993159940228,0.205125331989874
2.45393913840784,0.209578585246821,0.0326546134048094,0.058684422899086,0.641711893616287,0.189623151406016,1,-0.382090181561491,0.735887162144388,0.95297405725122,0.292204152859572,0.837717971493645,0.217465954545102,0.835201255933675,0.195941510330785,0.873446961380641,0.17857552169642,0.82132009168085,0.256797503870954
2.05307542923238,0.228704950912109,0.0200666195482758,0.0326574000374951,0.502968196205884,0.179400968790003,1,0.582887142061294,0.56592163649598,0.608005874930209,0.268163610982068,0.146862777441215,0.388001947743544,0.934930588734895,0.135743030130285,0.739888558338516,0.218207129413952,0.587405836456706,0.20356224174201
2.6199262553256,0.391909896362454,0.0448693479925635,0.0703474320431391,0.617803494389615,0.21828016898949,1,1.10197008495019,0.834205007365649,0.236733424102179,0.581589998483497,0.903893310660239,0.269500826605023,0.799139011643207,0.245461878134792,0.985393424634488,0.188999419840624,0.854499719959318,0.217318614050156
2.67576806646519,0.709472028938813,0.0611069570289782,0.122588580242692,0.733776204188109,0.207485124823749,1,-1.27900512966903,0.817320168141559,1.22710572680805,0.291791222107207,0.964839525297958,0.274340713534068,0.884124787838789,0.279698810692272,0.333787319062672,0.365644465824882,1.32048135376032,0.308046321306389
2.79642330908052,0.322827731511048,0.218399100021226,0.134466392891361,0.379468516304528,0.639552729505396,1,0.224024119444759,2.03713323859614,0.964166977676672,0.758010078323425,0.693857963386374,0.26091559072595,0.920257953310417,0.159436848721878,0.586953967877626,0.289287521290247,1.02839576190919,0.175019902593244
2.53091308407205,0.584002098041036,0.105686965803069,0.105332793031712,0.213004571064866,0.664482854444149,1,-1.0103992572098,1.19701617515578,1.10974362726512,0.451223180833711,0.853482955024342,0.285753507843692,0.893076019731489,0.247546616858047,0.778434340324626,0.244996787572721,0.804151960963778,0.355653166471815
2.25724480358238,0.308437745725509,0.0834279706485945,0.0635440139892383,0.118239212309924,0.336132799130605,1,0.840682398228055,0.495707209491188,0.431361772057742,0.451055186878554,0.713193157808261,0.242197200798284,0.448984979250374,0.194252389950743,0.785369875703708,0.2204774186967,0.7857996841497,0.209785402338635
2.78045375659326,0.463124369675617,0.126493950933117,0.10504707886078,0.277254899744789,0.428656589564245,1,0.698219693016507,0.585035543666051,0.669394188398454,0.350224330667828,0.75978125199911,0.307127952174862,0.879966009116631,0.228876284623511,0.973514070581806,0.17066742289173,0.955550102614379,0.230753189160162
2.27941543872934,0.258817123373925,0.00769226521969388,0.0757733904674265,0.639181024606665,0.197921005685193,1,-0.333859836413331,0.62365425384049,1.00619576158135,0.273009656193952,0.506820640805309,0.220105367557008,0.684193322124357,0.19221350313625,0.871577723062551,0.176852892159754,0.76681283130035,0.234525425818273
2.1935433192188,0.269606098030796,0.0465279739772415,0.0392071500802503,0.420741447634228,0.233933298103916,1,0.348928277330507,0.431316664724853,0.334187553547109,0.3240872623415,0.689714704196237,0.189189453802434,0.773765277201034,0.195857570012097,0.549683065470305,0.239002374181556,0.804314209566042,0.213935442924114
2.75833036748278,0.639034292481937,0.0683691023583263,0.0815844978925287,-0.288402045524933,0.451113754901754,1,0.77785793445952,1.32244061434244,0.837948968413629,0.598466408365995,0.726219589919453,0.330796036780568,0.958882493556906,0.262062204401302,0.630875617862245,0.280547020697097,0.798714033627223,0.252490616704338
2.538044260932,0.364448447239767,0.0820369534971009,0.0576844638856878,0.366698096850523,0.398069871581627,1,0.642185621515644,0.571652337010934,0.784941249957169,0.258871959100455,0.524407040406231,0.3564512197071,0.864358715158046,0.233723571099914,0.759750556121036,0.227486359189437,0.838033986305838,0.203805401381786
2.54746961506051,0.357617043838905,0.129627618752234,0.0908482928044025,0.133214593765705,0.558745610862429,1,-0.496148195208654,0.909115819483697,1.01964477271162,0.364992025962756,0.739364379635093,0.211793433289118,0.803872641926252,0.239593221304631,1.07546406437446,0.191681367004526,0.790897061212282,0.291388664802508
2.04416887118167,0.331076378395113,0.0124750553934285,0.0622106225122294,0.457514550582576,0.366235470065216,1,-0.349217322941832,0.504007021505259,0.614032903913992,0.365028049298309,0.763974665158175,0.238962445109266,0.813759872576047,0.210258493515354,0.137185803580857,0.275990907728901,0.480525081419388,0.295593389617065
2.17509797771447,0.195031127010495,1.24924112826424e-12,0.00223538911828264,0.541516032531963,0.144212407294233,1,-1.10371661179899,1.34642433188311,1.01742581932438,0.499969840155613,0.897891103191514,0.206947652672348,0.766129980212762,0.165758356284027,0.372763213857858,0.193114585112874,0.949036910249019,0.153713403948102
2.36277468787883,0.310783401175491,2.09985302388878e-12,0.00289817392391971,0.703814212509714,0.123331283502738,1,0.465192012192952,0.605430814982533,0.617123840015606,0.289999908196094,0.605720559580051,0.263236278981768,1.03326716755679,0.182083393630217,0.692150165805572,0.197729388894494,0.721298346290592,0.222010241329357
2.28374159167709,0.330508493975742,0.0747486535203484,0.0534403394031631,-0.000729172789642325,0.41446633114833,1,-0.539913180401436,0.831697965798984,0.98288353323091,0.319744047269311,0.632907660605061,0.284614121215963,0.610649704624313,0.214288596860881,0.914551447379041,0.197783160972434,0.870473354696151,0.210589154983215
2.68423967997773,0.467948572544671,0.112314952902138,0.0847732653496289,0.269205417311644,0.435306904747338,1,-0.0347174139453756,0.646986799644355,0.801216045426367,0.546719204009754,1.24076684416268,0.25808028872942,0.657888931143748,0.22642274351366,0.754388076289876,0.233903619828682,0.961155217714742,0.203307701970685
2.21533389515402,0.22545814633929,0.0717447297415264,0.0426819721572516,0.431376729967275,0.301559286037612,2,-6.46176043743481,992.846616992139,2.11812390060154,119.396796579797,0.612364136260619,0.302027762071346,0.61780325017422,0.291515399933179,0.939353008889817,0.174263383271545,0.770808482113805,0.166982778463857
2.6467484215219,0.39069262367969,0.0391158543418837,0.0939529232942635,0.713921374729267,0.195674559683308,3,-7.19930773686717,994.727485602583,2.27208351057763,102.553593842803,0.548340222700464,0.396192185300967,1.08321517033078,0.193688931999559,0.956323917400419,0.258043756897899,0.763626662441349,0.178837732729087
2.12677701002441,0.224314234494461,0.0127542127371646,0.0376408322261936,0.266419776128967,0.356971960526312,1,0.15729306912692,0.441993802361084,0.466975741510192,0.331294545965108,0.656588228510179,0.201840029054308,0.796302816352498,0.17340446609856,0.618782606575149,0.213989920183167,0.951033035126065,0.187766043501108
2.11682442783571,0.311630630795428,0.0568268794474472,0.0491301524830472,0.442691491794795,0.311621532060063,1,0.241540608784896,0.720435892424635,0.7447280974635,0.236775604566714,0.410155211661671,0.2804960506878,0.709450056482885,0.286064084251655,0.801427121730464,0.168889592342837,0.717958526957769,0.228013193206312
2.25888119928737,0.287401810343784,0.00777248265280265,0.0667087374841446,0.648577213144107,0.244281255117206,1,-0.614319147560989,1.28198132217717,0.88429790542964,0.563942310860721,0.810278084186411,0.233465829240009,0.64270406666484,0.220366841155387,0.719918917574892,0.266981222081518,0.806793648803313,0.252272623194856
2.44215077484996,0.429184688175539,0.0626889360237076,0.0937528348080952,0.627083143252388,0.250147020899035,1,-0.00893104451411044,0.601218489021816,1.0138040844485,0.257504891791686,0.553423593189095,0.291708940453791,0.722828934590137,0.23071179611379,0.707843252300219,0.290953647647535,0.851121013343509,0.236959958460784
2.22655101900323,0.269978328066902,0.0423664491914549,0.0556392015140769,0.421635947820552,0.260485311495337,1,0.515381424619108,0.607530670964849,0.573275246070575,0.251529216715486,0.658491498717221,0.218987194008222,0.728223085981627,0.254311812133996,0.408577469868757,0.234088471516039,0.874411409178781,0.222377897729896
2.61319629180617,0.285661393066828,0.131232185920894,0.0741604421162817,0.193646458958156,0.34802054428817,1,0.826101045584956,0.481445673196354,0.16226103204945,0.493200267020495,0.992698231195997,0.215213785460714,0.671579884060682,0.178767539378105,1.05795599181309,0.210318817549335,0.821756302837253,0.268813749134683
2.69921966202517,0.413456484143555,0.160066382706014,0.0821864463185046,0.0631097371413015,0.373190499158488,1,0.359634052582213,0.755676119042081,0.716731558575886,0.400512671443268,0.901800521822906,0.252630636930349,0.633611777347668,0.227398175221515,0.949868538594953,0.220127856485903,1.05109449317594,0.205187312610202
1.88721205920499,0.18964757273607,9.8935153569186e-14,0.000629079179638644,0.466455345975048,0.164652575268057,1,-1.05228743872926,0.724538698079274,0.806143275360955,0.355953545402015,0.756340919180817,0.216344443817188,0.584227925257427,0.202024514520632,0.614834514193605,0.201803938702154,0.513039307715889,0.208960078055417
2.10226304139849,0.25964528280582,0.0561777896418689,0.0622176729653472,0.443015268790456,0.276582818360215,1,-0.215279481582039,0.83473582357444,0.469710143218191,0.495593383212115,0.854032691595699,0.261299839562524,0.534479321492821,0.213650092846705,0.564332209775231,0.227179053497684,0.800712003017905,0.208121634892886
1.966600927398,0.170884887475422,2.58037275779162e-14,0.000321270774129668,0.498685866888742,0.123348459243319,1,-1.18732868732111,2.10534945215899,0.674747456726314,1.03889471277056,1.07982796545051,0.201250079670808,0.321692543771351,0.204330461451287,0.703372944422785,0.177909085011106,0.475803437482377,0.212138969951372
2.35336446806318,0.350188900601149,0.0430565359551291,0.0402270365055344,0.0293270633322196,0.444288445295561,1,0.670050874141132,0.600767881848117,0.503917609967283,0.358016992957456,0.721432896242955,0.364226582116542,0.469315810247921,0.220174725427407,0.845368451626243,0.229171253807034,0.585052287757422,0.310129383128619
2.17287847439955,0.378258156594884,0.0562729755973298,0.0511386672598174,-0.0809708240283612,0.333281943061566,1,-0.361582533665325,0.640693626401096,1.20086186555747,0.239320622904667,0.0455127515034927,0.370602504628366,0.63403585133386,0.272709104839239,0.765409100114243,0.245465479999682,0.658745664291103,0.295709920869527
2.03499909259695,0.251452377167972,0.0570496923587752,0.0620116672874394,0.467498114479268,0.3723462747523,1,-0.160472058077758,2.08697342239947,0.961207444513521,0.780903128154807,0.731635637976947,0.24513317462063,0.581435450117923,0.244911765747279,0.4768816067252,0.253588483143652,0.48702736433017,0.264200371243183
2.30294735940439,0.323628320735848,0.0376357116248638,0.0593137529201427,0.358520552287803,0.37736651194884,1,-0.02605367829644,0.612328842339141,0.698967167196989,0.3166257387835,0.925494079808943,0.194956040660737,0.560697518038494,0.258949399826223,0.874640895755882,0.173292919059678,0.814155862678146,0.223270924516101
2.43184010884058,0.242599357700971,0.016661931092698,0.0342444638777378,0.210713074392323,0.237883607737886,1,-0.198711996814388,1.01192680703369,0.913749289442491,0.377184377217833,0.770441360892545,0.253398367029369,0.901760023956087,0.179126670381442,0.825226283254566,0.141271292354717,0.725175126940253,0.241685332390752
2.07522862518236,0.268223104950883,0.0342419047948896,0.0612044241539733,0.565530791363216,0.215250115008466,1,-0.768581172209138,1.39264598683737,0.970546029262691,0.523853679850955,0.556269799183025,0.235512350500605,0.793350335770358,0.210873543190305,0.602135645841065,0.165495752239821,0.448104039228246,0.222696451392601
2.73965011052062,0.497175498337421,0.119151029225738,0.0866393689065893,-0.0957521398891214,0.45668014112376,1,0.493313857424437,0.775976469927805,0.797054281285867,0.290131423513281,0.756156069149412,0.309466551896094,0.838424252459936,0.233296344592161,1.00940351383894,0.234017773181895,0.669891199415238,0.258868850144011
2.30008326170739,0.277676844368657,0.0283725714471654,0.0506708051996665,0.479271826998435,0.289127987633907,1,0.32618100755351,0.556821201256524,0.353861223825637,0.420969186727172,0.826894725825463,0.206890378399634,0.599842076069759,0.22322427072127,0.77406748057561,0.218618240525436,0.633328334372804,0.263812087287969
2.20942339715599,0.272739227717912,0.0428627190836565,0.0453599992473861,0.540861746660255,0.253079502968436,1,-1.19634636329542,1.22158948384322,1.14872644947844,0.452076898630938,0.796877004893698,0.206739131707084,0.585164094615922,0.224720375243782,0.878813805340644,0.233446811179949,0.542621264746657,0.211072437421981
2.37733306858208,0.301281170139101,0.0296911743676967,0.0450935993223777,0.322597320377522,0.382182333865559,1,-1.49766476433276,7.7457304671535,1.50382493750183,1.76803095729826,0.0879855959169362,0.401865267080025,1.09639660789642,0.184358592390017,0.454334245835191,0.217562994811929,0.71516518814412,0.187665081338719
1.98632478301772,0.25578755381377,0.0181636102096683,0.0560765788534969,0.668583561404343,0.15821282144417,1,-1.68715430894354,0.761917441317647,0.803456156929121,0.393701272878734,1.11828463341765,0.205290281367196,0.581824989521592,0.20283748224985,0.619918812433883,0.265759563859075,0.79745239822682,0.197975590572062
2.83648332807289,0.356078504437102,0.120079168004344,0.0850899381287045,0.0451812013349718,0.47441668075736,1,-0.0351796294243795,0.427181114310886,0.796447943408689,0.238633247297161,1.11024741254466,0.196761607857196,0.88257373901263,0.206246471702547,0.947673143183255,0.20224596922963,0.99001861101744,0.2389822506859
2.04467425119684,0.263957062247005,0.039327761358414,0.0498191127731948,0.51514254128091,0.214822533870804,1,0.601767038077023,0.964387846649139,-0.0326015090862966,0.828215269755401,0.766857983168003,0.162669308862571,0.742492939036061,0.186960507322413,0.538360010267852,0.203744090485247,0.571120234760107,0.207650491798227
2.39916589086774,0.290527082908567,0.0311816621222256,0.0319981743338233,0.492511669784479,0.259684985789232,1,1.08389133228464,0.860818824199628,0.598155500713135,0.517251356038948,0.519078854667389,0.367194071825867,0.575759314209033,0.2186053966152,0.880418454118081,0.190533750170153,0.589818811414354,0.208904275630471
3.02035167310804,0.682053892263857,0.122631270278192,0.0677245247298354,-0.219916662843485,0.486270580906028,1,0.954563054658253,0.667436517841105,0.26914408412395,0.395214411563983,1.33459096231594,0.246975768050062,0.741871272192445,0.354962638149345,0.985534936627529,0.303329576537328,1.04947745119994,0.256235568874739
2.0055781120236,0.37895525970899,0.069762109708285,0.0564657581553628,-0.00867513996521826,0.489914630711507,1,-0.27572640437062,0.43731605847514,0.280337466685527,0.423824413321872,0.794380898816764,0.262167952412447,0.673281840584018,0.186491698432408,0.749467174718378,0.261237708631312,0.477498656504363,0.311872349187273
2.22640874812943,0.25292293481547,0.0604606114527403,0.0530585092098507,0.460745254455851,0.281834247307492,1,-5.31392948133021,989.239161346944,1.91122558705116,146.307513437884,0.889831626797416,0.221530530746216,0.911587765192009,0.180722687136633,0.714246953116912,0.197147083338993,0.304697457823962,0.246296841062911
2.21025549530507,0.325094968938384,0.126841843227307,0.081638784838968,0.208885417079749,0.566061973947096,1,-0.163203673777159,0.679508374174303,0.703327109618724,0.28055606169025,0.650799362235958,0.212354575926864,0.734642014178539,0.211668608474115,0.730470697290152,0.195067238262422,0.575278916972874,0.250966139170954
3.12349763224071,0.666575321637418,0.289034989860709,0.175851564258592,-0.110103479378842,0.497708337111201,1,0.48213292458456,0.906368855205806,0.673878910777576,0.547829131871407,1.25722718431459,0.268005237338051,0.706263336471903,0.241743421023623,1.10421216459636,0.279564943252068,0.961365859805411,0.314223683853249
2.80660739953293,0.451136940990864,0.115550959456398,0.0891949567328482,0.106720414197977,0.508382000496828,1,0.662426428846572,0.855754232004016,0.881813879502894,0.338956218700117,0.639499445550382,0.226180185411707,1.04841492784593,0.227500900429984,0.640731931417495,0.258098646579117,0.963234636646084,0.269576798334161
2.51695733240153,0.370279299961832,0.0246925868965116,0.0592898233408403,0.537510781471481,0.22769294723083,1,0.0720332249591948,1.73063190745641,0.475506689807582,1.04731702534569,1.01775243198614,0.251953303775969,1.05009576910349,0.241511895422396,0.366674016724232,0.215451145220122,1.04388621830263,0.266311987925824
2.70212861785021,0.418567953903913,0.0739375411314176,0.104728952635856,0.620280211484901,0.291111463429227,1,-0.973439481408475,1.12314262934091,1.10875737097637,0.357703535182943,0.874332289007293,0.255261338450821,1.04158315934503,0.224879762271611,0.739273390665475,0.279998690926598,0.705179817141588,0.231677172788279
2.28539056974516,0.389749212329357,0.109959911201555,0.0747220097684461,-0.061014208524794,0.57593452007674,1,0.102042792305006,0.62136267824283,0.780407359359475,0.238372136807416,0.705902376479536,0.252161694371334,0.493549419027236,0.348912491438592,0.738075897939777,0.202452519075106,0.703481196895264,0.211864108842245
2.18009969959679,0.271294002526933,0.0563270678741475,0.048365855167568,0.10101106223566,0.314163919535716,3,-5.72505125280746,992.182271988681,2.07321703429491,124.797185522694,0.549962461562287,0.202271738304501,0.709929062490929,0.162063085446967,0.887601316377619,0.17448120611347,0.450738843329285,0.21106895354421
2.18437538901294,0.337264404836288,0.0561514638918425,0.0444448080880413,0.122560684717397,0.48686381297593,1,-0.485268099609724,0.582027619592185,1.09386352662198,0.246774162877943,0.40081317634485,0.395359576162524,0.704732188333276,0.292119030610927,0.412696594852594,0.228781258355093,0.826080533656801,0.185609955591115
2.80079541306567,0.634096458353849,0.132406516435138,0.110538738826285,-0.162797121221868,0.496704321693855,1,0.267997562096084,0.814252856610219,0.678359020098447,0.428547915502613,0.985983965332785,0.224958682714564,0.930399061755222,0.233665307703671,0.788779479886872,0.362519857219232,1.00246168320341,0.300458799264745
2.75552803543015,0.345514523778069,0.07808880721222,0.0431808129206911,-0.0465005796757057,0.434973611891835,1,0.907271875686149,0.522785828175321,0.946390311469236,0.387971313307223,0.57801647754885,0.426217700538849,1.01377377525585,0.249922668453338,0.366282857805629,0.259686785130735,1.15111041952164,0.177312763932974
1.90959737953981,0.258358275969676,0.0524295236661376,0.0310566757193891,0.282091393716809,0.314403811738335,1,-0.452353848871098,0.883140025200495,0.415080072423276,0.531641497100251,0.936577613470653,0.231761511002465,0.500627598023562,0.183314848208638,0.617635900553767,0.166082726800347,0.512806266990695,0.207348575563598
2.31662086936856,0.265475891530621,0.0451190044888337,0.0449034133104719,0.285299732132354,0.334083480598099,1,-0.278610965544537,1.0737674001933,0.960292860772152,0.413922560925906,0.542131574797195,0.219211494061918,0.818427775053714,0.222308815331983,0.381124241079738,0.273237751510637,0.926018936332882,0.203025155350746
2.17499851440383,0.391398537683309,0.122072628222678,0.0921958677970959,0.181896888902859,0.503067156343791,1,0.321881353700429,0.57873550186359,0.117883614896932,0.489205375892383,0.574490997166942,0.201267822729449,0.710094020377605,0.253334597867599,1.0425915963057,0.227420730238794,0.474967096736313,0.255942313321689
2.13650924969405,0.284460800521675,0.060604306504206,0.0523099015638071,0.232695521276873,0.341878859089017,1,-0.05221801806047,0.759471513519501,0.414008925537797,0.488287559775081,0.780733132613637,0.272852845490532,0.702167956902504,0.195270535779163,0.55492515218723,0.220160885319074,0.672712489060733,0.159122882210606
2.16061821931425,0.39328730347435,0.0910964255177182,0.0734140134843421,0.452364066830201,0.305201573497355,1,0.167082957341059,0.923804445257369,0.249301236546249,0.659035180977257,0.848032592844858,0.267208001260404,0.600566838817439,0.208226550590184,0.77628826549822,0.170702945874971,0.597551757434806,0.245986333043222
2.28556833701851,0.393840109529169,0.0849110682439861,0.0614956668102652,-0.0489264214052018,0.457354435587743,1,-0.647341238818916,1.02482651496235,1.02738533393002,0.318353752518287,0.582518059432611,0.234339194513674,0.801499927324692,0.213399496803667,0.814485926342082,0.253702102036586,0.583638044226679,0.242891671649489
2.34249619722458,0.351813101329594,0.0436305152109449,0.0782118173659028,0.486806252422122,0.306346597038926,3,-5.79524427978444,992.398506414155,2.08740509079626,123.065892826077,0.414495367826556,0.360517777270288,0.930135163242517,0.203611913465015,0.733003150024151,0.263905191757728,0.657282832731898,0.319622086440884
2.23594219931736,0.281179171281262,0.0333599675558036,0.0707937796078274,0.444700819422323,0.400681504484121,1,0.0199005168181558,0.790786296336766,0.716367437192033,0.381926751920563,0.918291553772231,0.217640945323501,0.521905077678936,0.230459403867875,0.578857767568746,0.224038654637712,0.667268918813708,0.206581696051704
2.43589745815619,0.397890463393675,0.0498244645503774,0.0413407546957704,-0.0640557865408027,0.464619467909099,1,0.131081916681506,0.76491193604147,0.949651721211907,0.385659524369592,0.691857080927126,0.322895526930035,0.736086762448605,0.23121115564485,0.592447565223223,0.243919353688449,0.730272435622469,0.262714854532216
2.55339368528022,0.387446686084848,0.114826687318628,0.0650855024522134,0.569238050698804,0.222934186551448,1,-4.55962258674014,984.315249637377,1.71908707454492,176.418532037201,1.33413023683339,0.25505297108743,0.728690258819066,0.232095285907525,0.799985261349517,0.213132344535131,0.933789011932533,0.163831595220707
2.11743476925689,0.263174479631189,0.0564649228628318,0.0407813455600006,0.137311008362859,0.282797045810789,1,0.349995871679209,0.476732962620005,0.503094140185744,0.343174193329283,0.648888049147756,0.235212242876679,0.708449254150684,0.152523263003056,0.673753741279063,0.204281618278499,0.699996607663134,0.28874489044551
2.71287904116246,0.504903965758604,0.124638500116696,0.0842785284511817,0.0996675002887736,0.48903907949443,1,-0.312995382195202,1.1499147196049,0.983774170544003,0.457136290363653,0.862837592239743,0.247612474949753,0.959710422709112,0.186081006898641,0.9591913151974,0.263269533290503,0.992272139620926,0.235994776287814
2.63011676689306,0.470624121323351,0.174340898230384,0.104023155163032,0.308347282421262,0.593642901686617,1,1.16603234909449,0.695106466789596,0.030881012474929,0.55224558010673,0.940742163652414,0.252067080433425,0.774443782516787,0.236051349534121,0.921030123087905,0.212613160979241,0.749254936022137,0.264171431963984
2.35828413187341,0.341379443178576,6.62273218756329e-13,0.00162760341452471,0.620361866097779,0.107689922808714,1,-8.2223041303959,994.416665334722,2.24320892273099,105.525035898399,1.09331946156172,0.48474902280061,0.52542684497612,0.236229408953292,0.916776693209508,0.181546247983162,0.69517887238738,0.21152781856937
2.02709568668049,0.203394637331104,0.0175403093327259,0.0620214714171656,0.686833244626578,0.15693780933959,1,-0.437086934612716,0.609915664566166,0.771763579828733,0.361858057994274,0.535794505940885,0.338312640080759,0.825246485569599,0.165939497288849,0.551298723516277,0.189971473333447,0.757009777066075,0.195200366258632
2.05588290103799,0.280167092972669,0.0348572829732673,0.0465931891214773,0.265374047332056,0.372678702973861,1,0.593603937648337,0.55883047678685,0.0208993292196543,0.491230690252779,0.640461657696258,0.224810517243951,0.567806511699732,0.213017535195448,0.852457183353659,0.200826617674154,0.303105166704098,0.279006278672317
3.46857206033318,1.06736000335501,0.16588413619266,0.122083581075769,-0.470131920758834,0.435562526129777,1,1.51608786610716,2.51796334366203,0.779908460635816,1.05918937878654,0.917863967499063,0.522607544722368,0.617990839736071,0.340702314939744,1.46938317568417,0.411796371216902,1.32546080818828,0.321287613553022
2.11835438253483,0.226936183355431,0.0313529078617757,0.0639303719423103,0.524366257023011,0.296135652621943,1,-4.50780120560685,988.018508550281,1.85657308339638,154.335464629761,0.48667256451327,0.32792972923439,0.744629306746202,0.219730070178009,0.772528711312698,0.172056490734709,0.464567815695519,0.21134209952332
2.42430114600614,0.343111729840471,0.118109426161238,0.0909222362198062,0.0489127373272571,0.283302603272794,2,-6.81428002831947,993.156077301256,2.14046982774426,116.794748020207,0.754649397661795,0.278267795765678,0.7908601382645,0.159652105009057,0.905074802725555,0.212573240831268,0.835573811618449,0.238394517811356
2.20596094408239,0.282745045627806,0.0383784761264997,0.0554327944364679,0.458573602532728,0.298161078266341,1,-0.101383688705818,0.519162801488874,0.883673800981437,0.270919278976386,0.575874091207604,0.231579525114435,0.785675187590592,0.197433543849225,0.576060093723268,0.27832940147978,0.547343714106867,0.256629067768983
2.23886277939753,0.314840699891941,0.106097821251487,0.0707769758719017,0.349521445618232,0.368620661933472,1,-0.257926951455992,0.486112309718219,0.984024671448138,0.219448418574607,0.403236993291142,0.293662064065392,0.995666587929729,0.155640835385593,0.663354704501051,0.278144776823668,0.875335162950209,0.265343489236059
2.33739216727805,0.513869091570409,0.0727610277454668,0.06449991298325,0.195190524028733,0.380657639019961,1,-0.0174957820337068,1.08757106795642,0.756700516060126,0.573051970957887,0.844758009780706,0.24690090277659,0.622190124726766,0.337183386955371,0.797912895391407,0.281940709509915,0.663452132768794,0.235434580216968
2.38067738778714,0.32554112776059,0.0385893937697927,0.05536583020257,0.574466279288144,0.189281166018388,1,0.328300961710432,0.770009241139335,0.55106998256716,0.40085470598837,0.851856622832031,0.18695079892603,0.771641494794396,0.204644093205934,0.469531791372914,0.244835574396913,1.00152894870689,0.175015892099137
2.65406701802601,0.436195411617126,0.135970111383979,0.0954285874059504,0.484578868007674,0.275998968286639,1,-0.238652824087779,0.791178952365388,0.96639624715536,0.441979243631405,0.785930350639299,0.295363066966692,0.882367940116845,0.286572488757369,0.805234619762417,0.24785011192465,0.967408313998471,0.232558090865869
1.95991873577301,0.253851663328721,0.0400968285147803,0.0509945939912149,0.247485142963833,0.45235063461784,1,-4.83653851223032,987.851713579958,1.84953310769424,155.399565453862,0.610376368416024,0.257288507344505,0.716545505529835,0.155290525853469,0.74148612534404,0.238757248478382,0.608118834604808,0.227095447783974
2.37164896577346,0.276440448287381,0.0533882028922466,0.0512786053692979,0.397756620919483,0.267842594677079,1,0.27842025530962,0.52592322385554,0.526785587861663,0.346507092557495,0.726162078645991,0.328318792490434,0.667611012472593,0.275589643563004,0.748494184494028,0.30420326557502,1.03321300872878,0.246197426962157
2.07466342469503,0.23287022075644,2.76366395613945e-14,0.000332485425613447,0.580106359155813,0.171730918738495,1,0.165804734425011,0.463827942647129,0.246287186389837,0.419031919367826,0.939195828841982,0.238745999203811,0.627028002619166,0.21503563917937,0.362867468710663,0.233976757479488,0.858584493248304,0.207883053949453
2.46415900371171,0.576345540269225,0.116441997796781,0.093966198340334,-0.187056927656477,0.555332797610505,1,-5.15426655942839,991.051415122118,2.00481009603168,133.480700466761,0.471175895856075,0.391322165629498,1.1846531606852,0.242145639212465,0.906098821920444,0.294599048126736,0.780542510522817,0.370762858280558
2.27199050134926,0.261175114216055,0.0248682115100703,0.0589730858465829,0.574635300105903,0.209120412752323,1,0.309725495304859,0.809541471465526,0.446768774908038,0.480638666359782,0.780599891726865,0.232000526348286,0.786048769266244,0.178089629026595,0.75492937815659,0.209884018934787,0.522925321468317,0.233586950015252
1.93124766348335,0.201455809901836,0.00139721938044708,0.0340107944626839,0.361605188139186,0.319387294643939,1,-0.0466055484221778,0.456662436455079,0.480208129797767,0.311588231213983,0.772179043055776,0.193453831925639,0.745539506663301,0.170382846101489,0.150461417416954,0.241328551298498,0.642844258353686,0.191786667490068
2.60823789033255,0.392579914485184,0.154015806179369,0.113093882583159,0.329701103558477,0.644012653174658,1,-4.81294467393389,989.691618898097,1.93304766438765,143.21484872838,0.969799090696539,0.263011430710483,0.828381546484334,0.193778195954624,0.753027753928493,0.224356912868601,0.816589536508096,0.255005647562628
2.61212690436597,0.476780676016294,0.121417496666664,0.0796142964106752,-0.0574230423711799,0.446622828592016,1,0.370551486004767,0.692466965739478,0.776610315441938,0.353639648958033,0.662299871151603,0.241975377473248,0.921680906216096,0.243467734818694,0.915620556029481,0.232055855730521,0.8114507543362,0.253465106295988
2.81326859901823,0.468365628790478,2.2953883283471e-14,0.000303010780557157,0.727022058069853,0.112188829376554,1,-8.29895606031186,995.85380316151,2.39309069783431,90.9681967157917,1.07931218663686,0.294111258827318,0.950132445491206,0.234347149478511,0.996575072234169,0.232028100145814,0.732759394942678,0.200623355114546
2.05488131695873,0.239783852943578,0.00751462473404583,0.0375512272902442,0.412240087760376,0.233900839779148,1,-0.339477765736925,0.479857143070919,0.869681429107583,0.265707936404826,0.684669140733937,0.19410066201866,0.498379995607341,0.212189402115927,0.687762285845285,0.150491424481985,0.680224057543893,0.26137275417272
2.04096559493967,0.293369458395274,0.0320117593904312,0.045748278652902,0.321390085077818,0.389574564834679,1,-0.196878787058347,0.550858930484285,0.704740772187571,0.318161996151718,0.551848737308511,0.299824574112114,0.661860781455255,0.248536386330225,0.85259948227644,0.19774670739778,0.472420633949651,0.25693158255272
2.07812959361733,0.287686842649419,0.0735650085215545,0.0628897137552457,0.32944878747567,0.287299040252591,1,-0.0849000574845123,0.654580804779643,0.803758758824961,0.278170619340067,0.595350547339434,0.259532283295605,0.571555613102404,0.195305420162471,0.61305180025862,0.236397524245371,0.299326177975864,0.292353705684445
2.03813046285639,0.211561817886156,0.0372970126492085,0.0375311897622398,0.374317739875322,0.228778916071591,1,-0.108682620599674,0.641538944814743,0.687160502165077,0.34762454773036,0.728820208621167,0.177710149091734,0.574887373556552,0.183620430187399,0.465570060470188,0.218648202936817,0.551917138139007,0.245082429159356
2.35899650495868,0.299473156731291,0.0918540513449912,0.0518161790753002,0.488017859711728,0.2449514439884,1,0.783856199230107,0.623475012038039,0.413508047894522,0.349273051454813,0.717765964943759,0.242303036819189,0.473258848612983,0.203747901250105,1.02253969991757,0.184239837841048,0.889264161440446,0.205812267988785
2.61519819616219,0.438662078951894,0.042904647682134,0.0654880595826015,0.301937632310792,0.509730745210935,1,0.450537639710553,0.8574309428028,0.821082193711704,0.387791043600651,0.655468195326443,0.327931150874467,0.815210681733932,0.245038192765623,0.754329039539689,0.303372212115396,0.702500987116217,0.248610597058077
2.17921392989671,0.449329805936927,0.142623129656231,0.0960056211932847,-0.323540934669509,0.324905477362457,1,0.473127275011989,0.631751903411385,0.238529861612644,0.474276217309753,0.724054510873629,0.264469325877271,0.671886515795598,0.282734715024856,0.926042359351391,0.208242794683824,0.72181926174332,0.329068628486263
2.50516331863874,0.368675463102017,0.141008797465801,0.100835350542648,0.356422312169719,0.47526004050911,1,0.130307669490738,1.231205110959,0.876974517883232,0.47483498479131,0.872835871337099,0.229059046972012,0.317291107594574,0.248130234513193,0.916351234878272,0.23312821600732,1.09115327654617,0.238436023845654
2.51242691018769,0.322776890791268,0.115096695390939,0.0768531375854469,0.42590824644428,0.315198447746105,1,0.702316460882616,0.460298675779952,0.36351023966294,0.326586141113074,0.826575169608101,0.231452476337759,0.920979428820913,0.152420359824693,0.686793513459929,0.317730235558567,0.946772093440993,0.241182179529258
2.4014988339729,0.281187614570678,0.0568232256304568,0.0585206038819086,0.502081542829359,0.329354070859375,1,-4.24381117598643,989.32965243913,1.91551700309929,145.694327742001,0.69661341959302,0.19276806443261,0.810446794448958,0.182118211626029,0.613123681065524,0.217882567956377,0.962423715595449,0.190790650003089
2.04541368109293,0.276472816007448,0.0252092026795999,0.027979185804888,0.0673073226504171,0.327017265349206,1,-5.51105365185889,990.207820671391,1.95912524954301,139.601179801182,0.603055113239882,0.250692716691699,0.600556966597994,0.255574433094056,0.70656799560117,0.256144008118317,0.887422430563219,0.229164843173453
2.5102605715541,0.330311271083287,0.115933793740805,0.0708148385420105,-0.251716303497875,0.270265230604192,1,0.524067188949526,0.395727077799184,0.447657916790783,0.2932643008105,0.978345790099742,0.142802683303425,0.648058467993547,0.194964920051568,0.887208933414442,0.194408925613346,0.693773743440453,0.288043832655175
2.19986234021222,0.324371674243638,0.0430913710883685,0.0577603171842375,0.304754854060526,0.423273574764028,1,-0.44714300648417,0.655643137742331,0.818261391158641,0.360227029656103,0.684651504541319,0.207193974816133,0.45638659221822,0.257266326578581,0.845431007972928,0.216104932477387,0.606837845883915,0.240557136133724
2.59389815218301,0.322359463579781,0.0973838922463176,0.101155094330597,0.340098249687,0.443506817906272,1,-0.141631648923823,1.02190499025915,1.05142765588604,0.367850081657548,0.614255896392429,0.221305482404114,1.09410581668341,0.181529328206651,0.292471497413135,0.275327351020812,1.15053906371588,0.225684691820429
1.97864599412719,0.32597169229852,0.0390874082397963,0.0493589160853199,0.59397354947715,0.234905939485788,1,-0.325324118459302,0.564898725218212,0.548034471629727,0.327419737593576,0.504269914506336,0.39955821815675,0.81506410696427,0.205095442836303,0.584246793004937,0.252423461256642,0.73049648925706,0.212293799645215
2.14365770307774,0.230351911751345,0.0546868770261022,0.0409634207256803,0.263476287498493,0.313419993918911,1,-0.342435837860177,0.755473330043459,0.403035467145726,0.481660815299473,0.836576854351691,0.198130574784503,0.728825252247823,0.175599188540043,0.721622234295338,0.173038117415244,0.687542648316584,0.148204267623166
2.76661667237279,0.604736171891535,0.144872520987888,0.0912538924258227,-0.291313231765961,0.378700841850959,1,0.5411864974967,1.41943438333353,0.649652006237013,0.741408847375434,0.905198482829583,0.393471657254551,0.825674945291729,0.268521116712681,1.18266497622698,0.229540960248219,0.899371963794759,0.292117075835472
2.35764889764201,0.321390928505444,0.0742854705256687,0.0590859217767045,0.210970736148009,0.511313593749462,1,0.0249106132752994,0.685069588580882,0.700711467383458,0.351976844027911,0.978563121473937,0.253062276357726,0.61779370255261,0.21950567633271,0.752920673751817,0.21749070158377,0.560835546530492,0.256451883881258
2.357785573653,0.297375844788973,0.0515536180144561,0.0360921623427753,-0.0928876326671144,0.290732419328631,1,-1.18851960458101,1.10219139969072,1.23852419429572,0.372555562623264,0.808142603143784,0.259294188901945,0.49973588477067,0.217735838127914,0.928731365425889,0.201750967455607,0.757814241597351,0.197668957170165
2.37022659568948,0.264732532556974,2.46042024265856e-13,0.000992052466870374,0.519831049244144,0.150757244102713,1,0.703544595010701,0.818396985082466,0.60616340937888,0.45659930791584,0.429988901536183,0.251339155440846,0.811479366637591,0.151227661590348,0.779798965107203,0.162814006245103,0.91210492655517,0.206479691569555
