"beta","beta_sd","omega","omega_sd","rho","rho_sd","conv_code","tau1","tau1_sd","tau2","tau2_sd","tau3","tau3_sd","tau4","tau4_sd","tau5","tau5_sd","tau6","tau6_sd"
1.34097065491425,0.25454920985668,0.0689051032925756,0.0370366598748064,-0.878552183790969,0.0454942361039738,1,-0.146113491900571,0.424397172401916,0.655642591118165,0.303251749754651,0.792603349918015,0.188496193812889,0.413305615202194,0.270069254223071,0.571154498895762,0.234640029837222,0.690933426790096,0.250731504406631
1.60544760012237,0.338668976752282,0.0736239698732919,0.0462604389950606,-0.893869429923089,0.0454200493595736,1,0.269800074702524,0.496314247267732,0.512130371535706,0.311172714665335,0.958440278255016,0.23791016039502,0.632306410677899,0.261247621223798,0.86056041243112,0.283856027219306,0.725378765875529,0.284689866591411
1.24294013300029,0.189625512153799,0.0557502401649317,0.0277432158530093,-0.886020503517451,0.0356720584895068,1,-0.455249587849007,0.488347392759677,0.566601067852091,0.26265647149164,0.639736798845362,0.189475443171408,0.967646659157532,0.173665336908613,0.606931831156341,0.206779738041778,0.615757555062896,0.240757449404185
1.48037465899309,0.244755824570176,0.0913330921019012,0.03927697906559,-0.916229736752801,0.0310278640711256,1,-0.087005263561349,0.399814036831262,0.788506630828897,0.219440164418304,0.756155936325612,0.205654923854063,0.611865911241794,0.220834053806931,0.879996861481224,0.221875077874114,0.705946658844924,0.266705252029408
1.308426505892,0.216422276815987,0.0412134045987298,0.0207108503215194,-0.877128312749822,0.0431933151454985,1,-0.0281251851239442,0.414073088704798,0.681364280005884,0.262537653959063,0.742604391886724,0.193908381906201,0.540730624084833,0.228462177987109,0.695256070531705,0.231834280241761,0.744558255331184,0.224107049440828
1.61468972564739,0.331490055135608,0.0548258550905297,0.0333080178227721,-0.910817498670805,0.0348467966029821,1,0.341990292987698,0.331919852274768,0.691264530247608,0.297339773351228,0.830144327769982,0.257151309707058,0.781177343390789,0.210439098692298,0.945066744293074,0.239025240813543,0.598076302572197,0.323550413337463
1.90107800485078,0.542222996813115,0.13673291602518,0.0974846756700334,-0.939124871461607,0.0358817463031959,1,0.415770964300728,0.600825603149874,0.889770000675037,0.354882297529591,0.926903934804017,0.297775504540052,1.3831878854342,0.319584709523501,0.702012557467691,0.3214658448211,1.22133396536251,0.344188268258194
1.46846628442122,0.213158128153925,0.034088131634269,0.0193409974691464,-0.889324849773223,0.0346151825893718,1,0.118691029388757,0.321003536103386,0.634234628654319,0.208171879494614,0.984481322591772,0.166174839542421,0.355010297196216,0.23557644678589,0.698907066961286,0.222582280809492,0.714868161097615,0.230061491981296
1.59359020037844,0.40643134585236,0.0711020666924081,0.0475866933095798,-0.924561832243049,0.0427555857187522,1,-0.133764041665747,0.49368987399455,0.854016930983548,0.275978961703146,0.790733249699285,0.356699447507442,0.95325837719681,0.257279009630575,0.689052685685212,0.287781874371023,0.877944006063195,0.297656808801506
1.40328736110933,0.264000690933222,0.0631315438412272,0.0284283950162742,-0.907617786413391,0.0363806874981886,1,0.189846510472905,0.359006253872484,0.412353233962033,0.298139650039337,0.902766072080757,0.219214309394902,0.735835767406688,0.229435220295583,0.786547284781152,0.232137658948235,0.674365832885288,0.285844830122319
1.90221476051663,0.380794118781,0.0999403546899393,0.0538656305692325,-0.953056982552639,0.0198350463660979,1,-0.518079831042651,0.403850735879869,1.20243714994372,0.258358684741368,1.03052592840496,0.210890466143855,0.983746289466479,0.215176534670671,0.703138398070972,0.266765400657269,1.07834579900153,0.264989840644383
1.91531968508186,0.484602820953116,0.124593331737863,0.0773965376886291,-0.931804677210814,0.0336396902052269,1,0.915222061064337,0.681322364691638,0.563480033677091,0.338354239961157,0.963130881901365,0.232782844935691,0.828694091215383,0.279855309602309,1.1821396884084,0.319410189045285,0.915641204678637,0.321110390006559
1.3841878481731,0.256827428682214,0.0731618844731806,0.0403366944280697,-0.920530407263097,0.0320723988569427,1,0.160553581981776,0.39505599006512,0.611779244631069,0.259446323078747,0.624508801299699,0.238203851516713,0.622807483165504,0.255603073829851,0.732831907587036,0.249067494900617,0.965848197052911,0.248011208232216
1.33030983949929,0.213885875322269,0.0432385582213642,0.0221901152916778,-0.909667741361613,0.0308448315760292,1,0.229602942447075,0.383924786028286,0.25015400814172,0.305297274845914,0.8939776288025,0.213117523561441,0.645660282020535,0.232429351716549,0.733832634782265,0.230851396366078,0.837050862902106,0.205029625937281
1.20633520901966,0.178667182795389,0.034882964010195,0.0182428370130681,-0.847072568345036,0.0432364804031316,1,-0.0814819775552909,0.326178147534178,0.561220169774853,0.219851534095461,0.738365497550347,0.199257681128894,0.52578947608196,0.175391028885744,0.0829446321425195,0.254659065795161,0.808442265393613,0.211894410354017
1.17486960368663,0.168727762425939,0.0330755113952779,0.0163511003311076,-0.874819252204537,0.0419497602926538,1,-0.0766222373558268,0.425264389241438,0.457268326909367,0.272825629025863,0.596888131730771,0.189899374281149,0.711232734363585,0.153797792716503,0.404979860426084,0.21280140646854,0.453665418272237,0.214286080267216
1.58017584957038,0.274178144366113,0.0586103890978174,0.0292280799867341,-0.882147165067025,0.0397974443832984,1,0.174623839282539,0.486321714406359,0.847699707054318,0.245643008115695,0.790204011255749,0.203331896408301,0.644648661030596,0.219157235951873,0.988093789308852,0.214950960288612,0.621141111895434,0.296159833633066
1.13516579721408,0.210411924796589,0.036868702954403,0.0201877951600883,-0.845938356441426,0.0642172737122532,1,-0.544137652025085,0.366964498126305,0.888448886703748,0.223193205225936,0.381209592516105,0.219804087511171,0.513676115569818,0.225079457713875,0.502192835570971,0.243490333536662,0.661906571743277,0.252757117626218
1.99258164936243,0.453089027668763,0.176761979657302,0.0936458915471601,-0.951094020994838,0.0210426888798846,1,-0.211845631673,0.724801208176727,1.13470496024703,0.33350265466391,1.03332420453244,0.200173222495286,0.736402112867708,0.309948839482517,1.27177959499489,0.272794702089397,1.20008956461526,0.29998019135061
1.65492432660013,0.301397788235531,0.0503554095722613,0.0261919727653344,-0.930298683797635,0.0225533729244374,1,-0.14287915732394,0.459448663364524,0.885362791457691,0.209119366625492,0.718929906344275,0.241450666049978,0.886531488170605,0.225475521221691,0.752305499422347,0.227835866516016,0.976664983741082,0.237506262441917
1.47571559274062,0.247990437997053,0.0549702532380269,0.0290361586907419,-0.877417362889006,0.0442016474267616,1,-0.387929685020151,0.421219445329681,0.712926329311584,0.255651708353418,0.76254659643362,0.228259006446158,0.924064952618181,0.223651516724355,0.736361690537423,0.209933770826438,0.591572137677315,0.246409166808194
1.69280096493321,0.340856517537748,0.0990912056997023,0.0573540983389228,-0.923080475210668,0.0328616116693221,1,0.15632727645498,0.56625409178181,0.863613046028891,0.233372612827656,0.784795681347534,0.247772738973202,0.981562245463516,0.27333753102593,1.16532299498593,0.232920554802001,0.534961456054205,0.341926519274173
1.38785262134326,0.230795353328642,0.0500240054693572,0.0262573203324054,-0.925228935113744,0.0260979125515108,1,-0.704341841578617,0.664827035867576,0.628776587448708,0.349478845726312,1.00353446253302,0.177744082714714,0.801404270425296,0.204835375550509,0.770857874106957,0.234294893863314,0.832720824455952,0.249147367662356
1.17573168942888,0.172036366114393,0.038215333732857,0.0232185957235817,-0.863792685996229,0.0428578826940943,1,-0.0463230049032722,0.306937336059358,0.54888268442681,0.203391108279176,0.57213172465995,0.218381030580604,0.481219329421838,0.22560665243158,0.466387534441311,0.267305647363436,0.222893790812803,0.288649573153961
1.98779976878383,0.539654699721877,0.12784358768992,0.0836117636465502,-0.938130259912116,0.0365955387296109,1,0.706302945981373,0.71303149560785,1.00251559200531,0.334395385777198,1.06941014190333,0.305310756244744,0.812592886661834,0.280205358374452,1.20878433156807,0.329818247730022,0.731207079538737,0.343900862474604
NA,NA,NA,NA,NA,NA,99,NA,NA,NA,NA,NA,NA,NA,NA,NA,NA,NA,NA
1.19534882142147,0.152055244993868,0.0287203657746228,0.013252204886786,-0.881519973325036,0.0342151917044783,1,0.308377190729086,0.314689668386462,0.410868140246932,0.221116483994541,0.648595064806186,0.185313679314484,0.311407282956142,0.177081120674053,0.796791581636016,0.211948238903366,0.238469260886331,0.264355915537325
1.67969252659145,0.342737088248425,0.0979408668389702,0.0458392644903824,-0.912480796664378,0.0361701041228052,1,-0.134875675325351,0.368280675719742,0.75660054293266,0.253762083068475,1.20085517521342,0.20614848752591,0.910279512775945,0.217930366853051,0.349801880204884,0.306635418622527,0.863884653175887,0.26903768007255
1.21697633285148,0.200479684371088,0.0402366232165791,0.0253115157566567,-0.855952052902108,0.0550804026620679,1,-0.00281136638245934,0.301658047676265,0.517092855023662,0.236359107121312,0.443509718225942,0.253937224794527,0.840251218459164,0.176877439657292,0.465033260205959,0.239333944665923,0.550298973643017,0.252316045886056
1.22304325410282,0.209998332896135,0.0538152411401384,0.0283411087948503,-0.841576523636509,0.0504824906594126,1,-0.119471128312649,0.298141345510415,0.623298703618227,0.214445383770696,0.575240301319288,0.194081690537367,0.604518095239307,0.222693764923695,0.411939679911679,0.245904645598262,0.564943639486807,0.257555790544087
1.22110933903622,0.23882406647128,0.0464865067455129,0.0294957536925396,-0.872935514826556,0.0592461169263225,1,0.261180807049226,0.353377864686645,0.254370736202922,0.309733510888463,0.478941234244447,0.249275820559951,0.695843709835314,0.222051690448051,0.639220681557513,0.237230521907389,0.564010733756784,0.293802169588391
1.75879756784646,0.515225735371726,0.148388110309752,0.0976597429832206,-0.926677674275736,0.0452454762295858,1,-0.403626274026001,0.618665931711736,0.937581624844321,0.389752969829201,0.947705165498209,0.296436733145964,0.986385926225686,0.30769880902196,1.07220609082952,0.327095532941057,0.953898362767635,0.328146034982792
1.7322474494473,0.334886971064856,0.0909459310587023,0.0467816082869162,-0.94336947009187,0.0248263082457493,1,0.064780337124488,0.36027883157563,0.826461910865125,0.278479267163916,0.921851446969058,0.200304244895644,0.962700902316918,0.261159837117443,0.661475919274577,0.277901705388523,1.23884785632998,0.238988780304749
1.10934714392144,0.170280026749165,0.0256849158281795,0.0153619039367746,-0.866053648475932,0.0504202830298346,1,-0.716376777158911,0.47755680896967,0.743843727141028,0.254505944625623,0.621650134429375,0.233845063651508,0.430335060719842,0.21003637556753,0.557239890441653,0.208243842228596,0.78176765447605,0.216315455543801
1.35536950835456,0.279256245373998,0.0853278862049754,0.0437118857635831,-0.873065301258738,0.0568655530964471,1,-0.220625504606012,0.478542195663196,0.740265806897945,0.289740813224142,0.756579751335313,0.265187840099271,0.380220449898454,0.252639606705786,0.95632478455419,0.221824679361082,0.620049811474528,0.303671660266583
1.36762227584626,0.199121796297234,0.0853213668946932,0.0363772547419565,-0.882309928785493,0.0411591378698004,1,0.0436453744087862,0.510326357422843,0.579485580052633,0.265204747987361,0.458577742114237,0.248170846682058,0.867001956560805,0.19878441009612,0.652165312666691,0.224945531129958,0.817350055270226,0.209868795355206
1.3903856904545,0.214998647642295,0.0585583503120183,0.0302340972207718,-0.89932075836014,0.0316987046726865,1,-0.491122528122521,0.43794979098308,0.759843702494905,0.261084259308361,0.75407273101387,0.219384191739064,0.741469544522474,0.176020173240011,0.781069871181709,0.198455957210314,0.542461978424096,0.267735718498643
1.34010533190631,0.237129908165921,0.0762250770417115,0.0341819284559245,-0.920985787321429,0.0332647997943125,1,-0.323036025183535,0.392125712967248,0.85213258137615,0.220236376455713,0.608270186601178,0.245568039593881,0.644409349962916,0.239007849216717,0.850833171911588,0.240566567124068,0.754034860475744,0.253210029342864
1.22432962636339,0.208895632455632,0.0453905434377709,0.0230115023530242,-0.892106509224282,0.0372427369493985,1,0.179242376023996,0.32677412132111,0.499957013310561,0.277710040879707,0.641831088240378,0.206890682721353,0.579618013281732,0.192101619514203,0.56774453282862,0.22804383289174,0.842392739994789,0.239647125927343
1.50992900279134,0.329838284091107,0.0934648111136043,0.0484545205031586,-0.915801888221817,0.0346862937890156,1,-0.541924811971057,0.508426098071089,0.951429642614078,0.229771741355523,0.926944022795368,0.246530834113157,0.772367268153686,0.24846744647223,0.645718567673909,0.302024585682732,0.628898802199691,0.280617904968876
1.36830584967695,0.265012366900075,0.085644239829937,0.0383927459165869,-0.926499434867369,0.0293633755520414,1,-0.489367091267726,0.414516002156965,0.733499899059301,0.258048241615666,0.808030495835143,0.201302182767159,0.564984882790865,0.271908666829307,0.918049039495302,0.264243758227558,0.771007195163885,0.270823420992533
1.37507468318571,0.188081085661672,0.0901324012891826,0.0389309487310313,-0.907494891307351,0.0292580001886534,1,0.165467400647968,0.388149078377084,0.49917836698327,0.260648892117922,0.856587343219131,0.192350519787698,0.707891791926096,0.200859858535258,0.402370881615461,0.256477548197535,0.903284312043607,0.193233621937212
1.50831253101024,0.313484362044159,0.0537088889870569,0.034501215352213,-0.893621368300419,0.045538654890482,1,0.172027200742463,0.453029829474487,0.785642712788998,0.234060158832095,0.698731263401336,0.26212834495115,0.834919831998501,0.221463735083656,0.24335314673304,0.32993561317318,0.882211544660203,0.286342529696559
1.76601070851408,0.34282988410277,0.0944030316292229,0.0461570842881721,-0.925512367016474,0.0308524955025293,1,1.3629288829466,0.552014891435123,0.123050309370827,0.381018968505141,0.796978796215149,0.209319847765581,0.722157634914359,0.229631925998497,1.05087363379451,0.271229912540953,0.908634062192198,0.262172382035384
1.59583685292705,0.38604042624849,0.104887024357689,0.0548470293101216,-0.924524449596157,0.0364208134470318,1,0.255175332626886,0.483447454377054,0.582822158942695,0.298094609382409,0.832821579236527,0.285120024953531,0.955366395363792,0.273280972283311,0.905329006567962,0.279274341195365,0.925446059868227,0.287555476602712
1.85016472737345,0.36001227067509,0.0856053087667704,0.0487138313874707,-0.914191875675813,0.0384359632199128,1,0.384007998384196,0.518616282123723,0.701337723760995,0.259047845329112,1.05513728988806,0.273090857959468,0.627974811000033,0.262985693200221,0.87315439506016,0.263239010273223,1.3897848167619,0.243846235461587
1.23740690353712,0.199920030222413,0.0502165783348846,0.0257166649580366,-0.862661590146235,0.0501312442185645,1,0.428510869146635,0.335373657440276,0.478471184411604,0.206480607207698,0.476093907915527,0.211011400344605,0.42000563868729,0.257749483671281,0.716817576184836,0.197632035048492,0.204228234893388,0.262713456362795
1.06747637915595,0.168186641552066,0.0300727478689102,0.0149604934187863,-0.865851953301667,0.0465296835669549,1,-0.608698544598934,0.350722206615493,0.812812465643973,0.192598237563133,0.507622006121296,0.248510421276739,0.242625031969905,0.211530911747022,0.438667405268535,0.212675704147077,0.115878622921319,0.249356943238133
1.46462429707999,0.277731073600934,0.0837543587094813,0.0398235591346749,-0.900351348530118,0.0354405666717281,1,0.37569685371949,0.472859834467094,0.331951708600217,0.303492605891122,0.82166184539572,0.241859340314732,0.780604594107676,0.228721131069929,0.88019165573034,0.241810927452661,0.898278572508219,0.26095493654069
1.11935311810917,0.115596720403976,0.0273484803214757,0.0131215014169638,-0.815250277041714,0.0456868766281127,1,-0.438409541124991,0.342043394444666,0.721135382677776,0.188255810412622,0.442030407796986,0.16086824220153,0.66120953456404,0.156302337331944,0.424412258888941,0.182837114683218,0.556420121280775,0.215515597758438
1.245130142816,0.225865167266092,0.0706045919322186,0.0304645607319926,-0.881510066901874,0.0436878090507782,1,-0.712331385231151,0.395670486752182,0.822444645921103,0.227264293868859,0.730102565455952,0.197462470590783,0.324307184703068,0.252896066143993,0.786849274986811,0.236365016897258,0.755233649746709,0.226646798808058
2.21046795691912,0.684402106084514,0.178104592906696,0.125247810752348,-0.961774013354664,0.0266636056871346,3,0.69430774645047,0.653801735349433,0.496288582948174,0.460324049554339,1.33146862773352,0.362690800135383,1.13797707096693,0.349465731958071,1.14677587925924,0.351005291201563,1.11130314665177,0.372845215909992
1.46213803898078,0.280219391086847,0.0493979078057361,0.0268266639418909,-0.865186747540329,0.0631745580485526,1,0.418413419097532,0.446732262932237,0.750085228971028,0.286345296851053,0.678354092052089,0.23450694972828,0.69108038988486,0.248234432373298,0.470876105762747,0.252318357017984,0.825906104149656,0.269554599444423
1.75661580294011,0.358518136528126,0.11506072936315,0.0647159323476677,-0.925834066912147,0.0347396231734001,1,-0.557391835931049,0.431350948005438,1.1386950110521,0.243069496219182,0.710909204653152,0.272997467714067,0.906910612116661,0.230428443989541,0.930065758485787,0.24313196045037,0.998710065659932,0.297084496638958
1.21311037718737,0.194272699191687,0.024602580469702,0.0155329967135878,-0.88049205168558,0.0434081748635798,1,-0.15568962310184,0.411109277089877,0.718412558609452,0.236501560947888,0.57650247651928,0.216888358807448,0.487129547984769,0.253448161700509,0.372338430381845,0.219637938113578,0.560520911766681,0.218594970305104
1.65967437615475,0.344890936182466,0.104549241322459,0.0583539524818457,-0.931214251715622,0.0286394514721166,1,-0.550272051723147,0.482760352774123,1.00699236697455,0.270139720097543,1.03189327276552,0.234931489364616,0.863595111976307,0.260593426300062,0.719191149294716,0.256083158793125,0.927934767462691,0.282500909191783
1.75167460631677,0.363294234250107,0.0930689322987813,0.0534651780688755,-0.926079915451876,0.033086543147769,1,0.267382931033576,0.325994960235408,1.03669896584699,0.234009153673745,0.656399004106438,0.310289255509531,0.8003505070234,0.257220434317983,0.87439343012468,0.26685200651468,0.908669305761603,0.250797824052659
1.45937387580663,0.281456010195,0.0791114576225191,0.039448523593215,-0.916177076100987,0.0348866429998256,1,0.072942906092942,0.386959178963206,0.820864220735441,0.242886298201462,0.597272711824331,0.294604541505338,0.810542257155678,0.243426897655151,0.608608781008049,0.239540100059788,0.61286735417784,0.272957883005774
1.59497446866964,0.272008004315989,0.0636119934092874,0.0363385572869903,-0.909186301078726,0.0323672951988111,1,-0.397843331103733,0.495463978169985,1.16144019783869,0.217984345446493,0.370503285625769,0.298375279698477,0.821891642239522,0.19565290720193,0.667117681333854,0.257328880514802,0.835801524127143,0.264672276942893
NA,NA,NA,NA,NA,NA,99,NA,NA,NA,NA,NA,NA,NA,NA,NA,NA,NA,NA
1.64200925727546,0.333161699976548,0.0724539691838163,0.0424844033443401,-0.939894841624803,0.0267946441230018,1,-0.914347724403394,0.60440055528082,1.19164278218693,0.278302882660958,0.860422810054513,0.271788912367907,0.816008079934961,0.24061648570596,0.71431884823599,0.25670747942809,0.649932109147635,0.285237257247861
1.68706656168112,0.432615117997423,0.0847840899950017,0.0597582171059439,-0.933493164269139,0.0339196512817898,1,-0.184458488064644,0.436968255717486,0.738312308868028,0.250418255399721,1.13792892296651,0.268378706129699,0.858928654894545,0.307117760125933,0.739614933849614,0.30284424672113,0.755297140015975,0.340125309729311
1.24637225493198,0.185433608817129,0.0482794577153516,0.0217505153432947,-0.897193675040874,0.0361456962602312,1,-0.253989733415424,0.398336829142855,0.876541360228509,0.204898140700099,0.387643546735012,0.26951865535612,0.725701778562272,0.225240458797659,0.331491943391815,0.223731161292854,0.673142463501146,0.220384388283408
1.17368500861545,0.166729084384925,0.0414223044357402,0.0220446409067222,-0.808121870982645,0.0668082879373508,1,0.418519293418379,0.247901216869375,0.413995174863826,0.248159468838502,0.295409198643978,0.214188288983225,0.559042328770121,0.186581290260165,0.335718773726394,0.211216087793848,0.283189542746892,0.290271514155679
1.30785151534577,0.261450468867982,0.0774368269231246,0.0418128480479122,-0.89802188915891,0.0403708787845681,1,0.0159666484598722,0.370795815654146,0.601421253361245,0.277216171504387,0.542706095773222,0.226630035697506,0.728359019359924,0.230386978453654,0.44347537816273,0.287376093783755,0.911984010994228,0.253871161912915
1.58601272060519,0.267380385382668,0.0505359918382995,0.0294842059042046,-0.923295810896818,0.0280787539277084,1,-0.157680468783503,0.526166071660701,0.806282817249848,0.297387555341867,1.01640440940424,0.187491259228034,0.736288229732755,0.24804451278415,0.829649294952398,0.250038707153347,0.849116691506582,0.257157600452271
1.69530559490505,0.347646231546082,0.112475320507652,0.0592993530617015,-0.923876346727513,0.0317901061101356,1,-0.353634695044046,0.447555188714362,1.08322785885729,0.24372681599089,0.92370770637415,0.258527669151387,0.591447699828657,0.256058769568001,0.742934546217963,0.275564797861303,0.917006458429471,0.245621465938846
1.57884047452982,0.2865642907381,0.0609524940146483,0.0340282536902549,-0.912778307383635,0.0352614357738116,1,0.990596578657959,0.399536325276621,0.415363289715019,0.299174700868027,0.637340029507579,0.259392357063214,0.814614254582722,0.221639464562611,0.824713664258671,0.233890365541364,0.862864385713484,0.23927770225098
0.994269314408527,0.129091519262673,0.0216915677023384,0.0124402626575555,-0.822957550370591,0.0599548877327855,1,-0.325518200918506,0.422990684996543,0.343395982345134,0.295269670054777,0.533893830977082,0.17998261978053,0.63850496643504,0.198302201006163,0.286102255065426,0.212560721324984,0.434570339938535,0.212025392232561
1.07016494014668,0.16984915140137,0.0193973267711263,0.01337780468234,-0.882922104134648,0.0436294046077043,1,-0.3762198757182,0.283826746017653,0.641001957024531,0.232789056194592,0.453342396062859,0.213671803879918,0.569820446469897,0.211226068426091,0.601552329474592,0.212553128915278,0.244610242126442,0.286492817639667
1.45253988062718,0.234133280534222,0.0854230587748719,0.0366064178208857,-0.880443809645628,0.0412316522063893,1,-0.287917964934219,0.300367104527249,0.970545777383369,0.198475568671395,0.678057850791808,0.221849253586917,0.77674494900079,0.224578875448952,0.459864453109839,0.234698800804381,0.751376118855182,0.244040743512817
1.56420851981653,0.266617190841282,0.080910175313522,0.0326595765487587,-0.936011944342227,0.0243347042845069,1,-0.086850309116404,0.387455139194497,0.730424653410896,0.271933659560723,0.857762100812959,0.223822920801255,0.723545821065361,0.211432709412898,1.10412206133011,0.205760468696517,0.673633889240429,0.232288647671436
1.84460168558845,0.327435745645311,0.087046737746895,0.0442727423656231,-0.935307297512993,0.0251254893460057,1,0.257445019333806,0.390131609124423,0.743215032628908,0.241019649356559,1.05739939007432,0.235497362700851,1.13540988752182,0.217014738441526,0.886242841728589,0.234362412683863,0.91753542698587,0.271159704112008
1.14913176429733,0.1545031680438,0.0307335515270007,0.0168782185458381,-0.884354093499637,0.0369490763673695,1,-0.285128188418882,0.345550010068398,0.765910954882323,0.207298098222646,0.290026842135971,0.188193495572725,0.599778597497783,0.196900476358539,0.251851145800097,0.21698005707472,0.706764192068765,0.208437035141162
1.61738491008312,0.357937517811628,0.0912444681250235,0.049318244769606,-0.931629216667826,0.0297669910164333,1,0.270438776224098,0.423713029569798,0.553221932686346,0.33426524789019,0.986989672043251,0.240886340021176,0.752123790304525,0.224210442889691,1.07337547641446,0.245182361717062,0.932293795995772,0.313749211828247
1.06956563492031,0.211119662907224,0.0391443282211784,0.0243143045423044,-0.833264775932231,0.0696695461500507,1,0.120302640280369,0.317652250473131,0.0980027520558295,0.354824241961354,0.609165671643875,0.239554366553745,0.417227769221249,0.245819817944548,0.420352947316833,0.236657931558991,0.470648859346216,0.261943561674549
1.16794861742421,0.17352460530875,0.0412214767483603,0.0220160650485842,-0.887231851374882,0.0412520548492247,1,-0.610962678107426,0.402873937586312,0.850771263100597,0.226442678169015,0.337614069756643,0.207686619334921,0.586198473265311,0.21648469530489,0.469364266251072,0.197812179797973,0.582711821507384,0.223185530031157
1.46120873634098,0.268104361299874,0.0624199984090741,0.0305230362084505,-0.917306306146795,0.0296439298209883,1,-0.491276514335473,0.44492661278794,1.18354396380226,0.25182398060342,0.391784780939898,0.270411183012549,0.646600430298741,0.223946971853636,0.843366110442926,0.223805630315067,0.979442200164213,0.248675299119564
1.20042091635321,0.253871174861901,0.0434701887266578,0.025088250804412,-0.882123917058163,0.0541232544774178,1,-0.291455523449818,0.498372409608381,0.690456550525083,0.233602221059082,0.541003131693285,0.267703977748909,0.442125432811898,0.258869444615705,0.622069729766408,0.237976686328661,0.525784967044362,0.249232572923396
1.26476818233357,0.224498309693325,0.0314372298764996,0.0199638847448843,-0.912940611702608,0.0326480284296973,1,0.249453014882182,0.386675884206681,0.633343901413908,0.243911040504516,0.615533114709115,0.227478917183395,0.434284303113873,0.231618421682868,0.497788123849526,0.267663941234028,0.302221807371732,0.30912769499935
1.31363747969406,0.162533163633176,0.0666753012218774,0.0285716604871474,-0.84153601532798,0.0521813702725696,1,-0.166749011870561,0.317289852262186,0.914515409421731,0.201902382231586,0.339824555004254,0.231865418083451,0.773709917837786,0.160873693994892,0.364068812045486,0.252784807821886,0.579610494419184,0.210374007986756
1.45264517528407,0.284598635176256,0.0793538154780805,0.0415982935432316,-0.920129514191544,0.0332232040035153,1,-0.6343781479364,0.568575747942854,0.738658293366069,0.305333694244966,1.12859732703556,0.213420426865911,0.522473642620385,0.244447074928502,0.601519739924667,0.263328329813187,0.510312209704976,0.300078639583758
1.5615235916656,0.360002262623146,0.090482640907408,0.0484317932331506,-0.910417751253488,0.0415262957238903,1,-0.0746487658863456,0.473494459736878,0.975909436640308,0.237930547794006,0.774920793904485,0.211528378755236,0.645562410312382,0.252996607657213,0.862424848594026,0.278925111427054,0.909997750346126,0.293508338652805
1.093985456885,0.151216993393358,0.0201162099645404,0.0133787012620542,-0.848991062659301,0.0499549882580433,1,-0.496006412154753,0.304097391957185,0.601815730265433,0.227137314163948,0.651103100298228,0.170954227028452,0.58911588901464,0.177909864770565,0.386764014282817,0.247212365753019,0.16467940299804,0.281893435598833
2.67026252498544,0.802323520960608,0.235456360363364,0.157300800904298,-0.975043552880826,0.0153493425392391,1,1.01340920724785,0.697801480783034,1.08504026136321,0.344067586535918,1.14641867692691,0.367045469417814,1.30634635643073,0.300904178558459,1.40773107332975,0.321362328781521,1.51209068803176,0.369899146950073
1.47107528643961,0.296614054743727,0.0752884437564296,0.0434340140160914,-0.896937845670829,0.0444669680102741,1,0.559065539719914,0.37806771168477,0.520178636096662,0.272106086869101,0.537084377799873,0.224883580511382,0.807929688216241,0.217722880082562,0.408777731532522,0.296598262337206,0.737509204911476,0.2795797863847
1.13185635560436,0.141360110944886,0.0327560764695617,0.0190260910955322,-0.834187891408535,0.0471930203992322,1,-0.567635502752701,0.382125228242766,0.853812111883024,0.184795908382272,0.356934958335719,0.171482271367464,0.44848174231197,0.222494562399544,0.610426810502094,0.177316098826098,0.526313707770889,0.211526848086196
1.40503306858131,0.290864486649116,0.0673789766989056,0.0403577053038452,-0.817891574782508,0.0798447568632542,1,0.724543258778158,0.404828771123207,0.481245670843804,0.33692363734106,0.465587968922438,0.246967575792125,0.70766844407424,0.21941637210949,0.606602009282555,0.284634513747077,0.690882211392448,0.274986854172101
1.37054223686061,0.283655984435782,0.0631810640906879,0.034920149376721,-0.876608736530461,0.0506515050012416,1,-0.374176750445877,0.530804605326192,0.698389326685129,0.298891529435602,0.792231796995684,0.230030098815991,0.689126760671056,0.229387376757819,0.725376325512308,0.232810835165413,0.808743186357502,0.299023684682587
1.12501055967372,0.211149971476232,0.0357270211456227,0.0193710452764132,-0.825804535991165,0.0661348076242634,1,-0.0793629701446889,0.37493417365215,0.594341353936613,0.223436574519323,0.203976761284303,0.218615787915136,0.582167720715249,0.214279217416322,0.481043140579707,0.235034032841335,0.389678832242511,0.294332100173305
1.88702307947706,0.408575842848189,0.0976712365266316,0.0629643241352268,-0.952799851789606,0.0220637111846095,1,-0.0174382624060268,0.450350693389846,1.07640384587526,0.256972539362451,1.00139668716866,0.24698262984641,1.00178370989642,0.272807281502857,1.12476499611456,0.240949581698838,0.733041777463101,0.343159696875467
1.67462495641938,0.368506708112825,0.146740346358605,0.084984020056763,-0.942864822476473,0.0261801981250764,1,0.317620736962948,0.593852703397347,0.776020040679097,0.273427624433817,0.815929874981498,0.27007723066841,0.663665477166133,0.28407598260991,1.03503475917407,0.254639047272733,0.947270356901557,0.300750475683563
1.48305269020379,0.236738562834934,0.0403413974925695,0.0226673195626745,-0.92981824653725,0.0235135282011402,1,0.18482216973395,0.321214729486385,0.553916047040901,0.211457720934385,0.92334023896651,0.167385432353534,0.804725945548593,0.206182531558121,0.664851684912203,0.211364576213611,0.426857550406209,0.272614719353655
2.01148769760025,0.416279783872204,0.0985114319653474,0.0584265428169583,-0.934883044001507,0.0273483340918451,1,-0.914574239613007,0.585858018824043,1.49035968125386,0.255228741861631,1.07738036526182,0.239531634303038,0.680271761364293,0.256608979071433,1.26845821841698,0.245754949090121,0.552962931803718,0.330750089901033
1.31837887803286,0.217209160743307,0.0649204925049789,0.0324560617091242,-0.864663831084817,0.0485901244814712,1,-0.0895703954621259,0.527840794945985,0.780653570907773,0.286893140930411,0.532780021537413,0.206804432296366,0.617662874086939,0.206448846698427,0.776792475956936,0.211252722094651,0.602644709948264,0.254666786847714
1.24344828570215,0.228457738951638,0.0432450983966275,0.0213896163832216,-0.883911805111095,0.0365369748032937,1,-0.822447614575859,0.381829762593254,0.858931651941365,0.213536895429213,0.660957438360256,0.205492161302864,0.770139724484619,0.199925261708232,0.515226863995994,0.266050774069694,0.430422439015779,0.304517948221798
1.22907289827134,0.191067414538768,0.0234298321289546,0.0151994156990992,-0.848558042671111,0.051803713169177,1,0.0295546528218365,0.347489266284379,0.613565588857857,0.231439617524115,0.360127916353621,0.220923547787217,0.667092083758129,0.18892237636526,0.752005452519168,0.231515574197357,0.00188017048082917,0.339760340264893
1.0580974702469,0.130653095115981,0.0291318463186753,0.014634801590576,-0.807116344188172,0.0455174937878385,1,0.0567681927543542,0.243920534708912,0.35687053402778,0.201767303790828,0.486836432136481,0.183985869036686,0.594749158948688,0.174972272189799,0.305968805816576,0.181140969538259,0.146731317994452,0.291113215196842
1.16481684838358,0.206890520395236,0.0675801165943996,0.0384034406599652,-0.856336054537135,0.0634956372659475,1,-0.0234375028367894,0.356141587417812,0.449293051070627,0.268483574584552,0.426544807842763,0.26107264366348,0.681352903423267,0.208411491356341,0.883997958864844,0.210839659591038,0.0630047946357149,0.345133478729232
1.22986469638893,0.204046017841891,0.0611836219844592,0.029750859471579,-0.894291846568751,0.0369065687384428,1,0.0263640917125214,0.405948107793824,0.646133990870177,0.239460589373957,0.528491567051132,0.225390550283,0.427547656384776,0.256463160357039,0.732700610242096,0.213715498233572,0.654143513870854,0.236635969495777
1.33946593332128,0.193862343387543,0.0232080310606415,0.0147430259416466,-0.926938488280911,0.0226007734236802,1,-0.180688802857595,0.381746737946453,0.708625650526412,0.22974311573122,0.550852271555678,0.237524242204763,0.739225677190167,0.176769515023612,0.862673298288781,0.191285529548349,0.722439776538242,0.258997341626577
1.39405241028327,0.207313379741944,0.0583945656096735,0.0283974402367699,-0.887929332368887,0.0404126659909246,1,0.149998001547772,0.435346294111777,0.521371596171514,0.290507627607547,0.783127381538964,0.206303682597322,0.711744401717018,0.191116285143906,0.727811080467187,0.200230600256843,0.652880041287706,0.264484614038899
1.89211623051973,0.432577142063551,0.104468453528343,0.0597676912445972,-0.941439490670716,0.0286624524872143,1,-0.138198396611832,0.664578848555525,1.07276328839117,0.282266842872906,0.831671990808288,0.30377264875329,1.00008910277078,0.238961159233631,1.07444877147495,0.29147460018488,1.10596295515192,0.30502676791326
1.71329474218983,0.30856869671541,0.105364836784405,0.0507155616502338,-0.9297642982048,0.0261953345284159,1,0.39025064349394,0.487610001188716,0.875031998489303,0.242443667513478,0.766290508741355,0.285833471627481,0.695576342124974,0.264809125067591,1.18126172257482,0.228422972052184,0.888715177722525,0.251140659411328
1.85713278922769,0.450287227341256,0.141080592194342,0.0840913571681992,-0.947715923196731,0.025878597117506,1,-0.260778821112639,0.563545767469379,1.15824014283639,0.257072810989016,1.09051932229152,0.300796846490945,0.690348141639005,0.275268855982345,0.928740052381011,0.295604208020233,0.900636859066368,0.311150605826327
1.31597990452905,0.209602370747862,0.0680677720794495,0.0290237580688175,-0.908324163840896,0.0318968015773071,1,-0.33944499753514,0.436192391534691,0.847125756852721,0.233584808417389,0.634461373735973,0.189635261079687,0.463267712018155,0.23250340237027,0.843926126133184,0.174225828124928,0.388238442561171,0.308729926005362
1.37218736122865,0.239436528101382,0.0409311272950378,0.0228966991871617,-0.887663448011088,0.0373768706492878,1,0.606253411959543,0.406650633403578,0.494703892351244,0.276544316365229,0.684851162277792,0.241173445654116,0.698973119871897,0.226882464964913,0.690048069126372,0.234336369268799,0.144254570843245,0.28670268588958
1.45755456899612,0.250780026384898,0.0540536216266214,0.0339739220818076,-0.869792404247532,0.0443326133309058,1,0.332814447316952,0.356699845997448,0.726554615726089,0.24044257805655,0.570523842765488,0.188216845654394,0.741174944177382,0.214215331641368,0.712817859938799,0.247543151681891,0.831816177190858,0.281403222867428
1.75031606257036,0.285977995185858,0.0682005495208374,0.0326055224469075,-0.918547305140365,0.0256298022371018,1,0.799192812257017,0.435782876356003,0.640978665385278,0.297970182247459,0.66918170869671,0.236588190169483,1.03475039258583,0.214232517568177,0.662630407764334,0.223551524673712,0.900979732693928,0.218226423065714
1.38161605736492,0.268569826597243,0.0799181886602581,0.04749752111977,-0.916295003288818,0.0322814779836483,1,-0.239741448895616,0.464906650725334,0.788836397778975,0.267020182504097,0.76816161779131,0.250673848324375,0.744591513844173,0.239010724643577,0.685698067565109,0.238731686449944,0.933516558598395,0.274815515508334
1.45653975298646,0.247952145863373,0.0543277300098484,0.0270638417947863,-0.872329510166343,0.0495971164706248,1,0.498841126529149,0.382098019391063,0.779451981766369,0.216253825773294,0.454920341337227,0.257028288946472,0.434966539702138,0.225544961545439,0.828324782028029,0.219350571433276,0.731122226640924,0.234925939530809
1.56025996385654,0.353706868042608,0.0653289330499618,0.0398563998234672,-0.918290555865258,0.035541372533305,1,-0.198534017279246,0.371160795437712,0.94317011128086,0.241405639285257,0.689152082006906,0.249956270181123,0.972536254168766,0.263886268786934,0.539401641369376,0.273588726696524,1.12316809259119,0.28955368857772
1.05010400323471,0.167287121495928,0.0344571602627459,0.0202074633115326,-0.864442660958298,0.0412519992888671,1,-0.329939521945275,0.3505299106923,0.661661461315302,0.223597754795457,0.243536445526816,0.242957905726457,0.519108184016991,0.234563992159264,0.276158132994295,0.224401935121636,0.615005395477719,0.250376476146708
1.80413184664621,0.559812652288052,0.172514217737807,0.122099840565349,-0.942291467937936,0.0366528868387474,1,0.0741435132180125,0.491154046787196,0.927421273451562,0.343664325953942,1.19885071273584,0.283434572793178,0.764633034566748,0.347738360031192,1.03347959721333,0.365740918060464,0.946462555215191,0.352475133047528
1.27379015583707,0.218637931319165,0.0298748381812298,0.0223521494694606,-0.908881307738886,0.0337950648893701,1,-0.189529125350864,0.34802292553883,0.75466290146375,0.254899808529973,0.563223095321541,0.217661719130384,0.394893063044401,0.217897605512842,0.78170937207984,0.205125600251569,0.407317724119955,0.274682082677216
1.33498252707814,0.277889820971127,0.0733953632881296,0.0410632651256249,-0.897325225747403,0.0412413990430395,1,-0.135740184728415,0.462209190899734,0.595585444348149,0.282642505783736,0.803542681067777,0.21414760529348,0.502818327651502,0.237019497270171,0.723644995807467,0.278219675883225,0.653503621549827,0.289005767495901
1.44662737187555,0.293951401962763,0.0661367133798907,0.0380835012652321,-0.906505202245988,0.0392175545402766,1,0.106094553685088,0.345992434069478,0.418399633397778,0.297332847661988,0.976328953862879,0.253451723173554,0.69245317106829,0.26509895602106,0.725177977756393,0.239685842949576,0.648666008012872,0.261120494181849
1.41962000757264,0.281007462094813,0.0818283360381286,0.045643703011002,-0.912955117564581,0.0351426107407451,1,0.648935447236921,0.473289391755335,0.262048911440095,0.368866379358778,0.587898706653448,0.212524449404227,0.750279190680633,0.253113078954874,0.611034075640606,0.273710571763632,0.780049583110736,0.242435426323486
1.86254470321821,0.425088747559113,0.14409855096722,0.0864615651603709,-0.956349027246021,0.0219775552300835,1,0.239783953638079,0.455089033662536,0.797200681481152,0.334125318405446,1.01208446792876,0.288035195088769,0.758398451839573,0.261386373789133,1.25756171287006,0.259872469507168,0.953294206088516,0.30409878831761
1.58291173918365,0.32169794790502,0.0528939921703219,0.028998455671327,-0.920596734000873,0.032413045284231,1,0.52932965179473,0.387021392792819,0.705372726883996,0.295437504426597,0.529504756760198,0.244162825390806,0.851827435424706,0.245211084344692,0.614341871226011,0.257269400347089,0.689742630026875,0.314962585473311
1.29126073652557,0.162853758091475,0.0123793831310536,0.00918813036299376,-0.802776486290593,0.0577688734771893,1,0.38651867915098,0.39154018192003,0.487234734891122,0.231343557193078,0.404693230192527,0.199606230600884,0.621456650254965,0.146992586651324,0.430033252392426,0.222770332835727,0.477404813758719,0.229969506796012
1.48474665532391,0.269956962722341,0.0825760559015687,0.0380780339231132,-0.908796027176981,0.033140508827835,1,0.339810601889058,0.385141868626863,0.712643527511045,0.230081178755977,0.713422588193593,0.21285193241733,0.524119598040157,0.250167929726269,0.529405868818203,0.262164171424117,0.987485565872956,0.227969191551003
2.16542350825699,0.534011446277615,0.17312886364703,0.0916384044151015,-0.954141779003264,0.021921465177427,1,0.23572068748715,0.571657507557782,1.07755260226137,0.292303258991694,0.876943057897776,0.294371083406745,1.1640548615634,0.29634391028233,1.29324335241639,0.320934111998641,1.08556994882374,0.334991044197123
1.4450002156195,0.298622699246566,0.0685182145992556,0.0395469081568638,-0.901958310033753,0.0388782816781112,1,-0.0687378884478578,0.576635856514206,0.678114645615329,0.286252088569335,0.849643437871344,0.222258686211833,0.582859486294242,0.287930606643835,0.937647172553694,0.240028376953584,0.670615917236634,0.325030790348949
1.24837222845054,0.205256254169575,0.0499890743971667,0.024967150915156,-0.863966735889812,0.0479658905349861,1,0.145205436863556,0.304073945068867,0.403746606685499,0.241688857910795,0.440843162117395,0.224012350636766,0.958126466331116,0.171327225052259,0.150960049909572,0.219891462804569,0.875747591535834,0.227105578438719
1.52543131118266,0.299739091271607,0.116848605393968,0.063690756885474,-0.91159076484069,0.0374378037971437,1,-0.133801007560727,0.56581536808891,0.634655433976748,0.329454504800406,0.866411174027274,0.23537697350813,0.912069402014916,0.205664259593824,0.787091927637323,0.302997784635446,0.809497908396077,0.284473174285453
1.99889578228113,0.50328026702875,0.114421082570109,0.0743343283206178,-0.912373330028383,0.0441417515332707,1,0.670873079433779,0.549166680781443,0.822986610345517,0.29633801232375,1.0899930144923,0.287748320864621,0.954596919058347,0.268617402795945,0.831642836440701,0.316305725703929,0.689296042012192,0.306590366846819
1.47862296421502,0.297742200841376,0.0788672100081006,0.0349959529561306,-0.915949925452058,0.0348187831379992,1,-0.279026748909674,0.392678091073425,0.975652761912258,0.237447335122806,0.723293453640148,0.223072655657644,0.525049817706928,0.268453539827807,0.891512106551738,0.238082858187655,0.597446252742373,0.311138590848909
1.36928288209797,0.195886041757125,0.0723350992067568,0.029718580598812,-0.883132667832094,0.0375694099233641,1,0.347969151886239,0.328406341740931,0.161023154965283,0.308730440175207,0.692394588211533,0.229864561935132,0.793440452454695,0.183805726136241,0.621033529204924,0.210862668502371,0.715245268356401,0.245251040147533
1.42218590261342,0.25430329619336,0.0504814409647972,0.0269244689371116,-0.893448624190838,0.0391641598007404,1,-0.0816937923904096,0.363985845784502,0.775184876074655,0.167261028430446,0.831562239571106,0.236957376842215,0.389913242480708,0.229644936720403,0.662864232013909,0.243208648934312,0.728815933128039,0.259104869185827
1.52876891994941,0.251199349470026,0.0583705196205361,0.0335508384500803,-0.935243750754053,0.0241613306764156,1,0.249917457249989,0.365368796068765,0.558057741824999,0.256793452123371,0.910395596606644,0.198300257054648,0.757537074284224,0.179487751912442,0.738422080853142,0.252754469176996,0.719127255380166,0.255076484693319
1.52421275476064,0.276892100843937,0.0828086555551052,0.0449242226512161,-0.91227092671894,0.0351443963819118,1,0.0710873406680227,0.357015998688646,0.763437657958783,0.24405770116645,0.926716687420051,0.239909485890207,0.582696386364287,0.245462470447098,0.817542117783202,0.258895263571317,0.73017747658661,0.261378863720816
1.54759903916992,0.356063279072614,0.0958062463580465,0.0483820441297395,-0.912357803606462,0.0428115889795792,1,0.0361904938900862,0.560044787946437,0.93974379468548,0.271098683975282,0.541972033194689,0.240819057389183,0.775404981503504,0.253181439610176,0.714573221367082,0.285936570508025,0.621146721379272,0.309597759646374
1.14069727649889,0.176886034895436,0.0353104785525673,0.0199962577100974,-0.851962794538217,0.0516839789661844,1,-0.146762584072624,0.414435250630507,0.336318390133792,0.33057947974313,0.739600511329864,0.174421378761561,0.392780982529999,0.25642308899469,0.502560602687644,0.211670190182068,0.402962057330664,0.252986432607109
1.67454514484743,0.306826772371992,0.0759476022811905,0.0383858580027886,-0.91352105258327,0.0360584786055253,1,-0.888651449327754,0.514086387554841,1.24474785893449,0.192544923799486,0.7986102201304,0.261762404894377,0.889165129644784,0.212416172274163,0.674721739638086,0.257055552603422,0.82762535557134,0.265098433814895
1.4245788467657,0.300085432406596,0.0374562531633163,0.0204552714786244,-0.895657261400357,0.0516799361847436,1,0.526459397042167,0.413911830099455,0.103652071628912,0.35791515839456,0.813914989517447,0.272608177500011,0.820674404665034,0.240665133666055,0.44440861405397,0.269412367739444,0.476531756450809,0.305263469963795
1.83935862365853,0.422655963450785,0.0831682531365311,0.0466738666531829,-0.958301077669989,0.0199132758582447,1,-0.804757384505932,0.519289277603156,1.22733020586029,0.250512327360519,0.756548641763665,0.283521154217454,1.13985432660863,0.272599594827724,0.808107337247685,0.24774342858327,1.08999906387132,0.28533803662457
1.48106119988372,0.250775126163145,0.0807368061586836,0.0379344335934473,-0.903042693441297,0.0366878710408718,1,-0.152814295506782,0.569402136400856,0.938946861882305,0.251994935481995,0.591778540349874,0.230823568698008,0.693797672411989,0.212561806879479,0.829303758682362,0.218256081707559,0.764368973623956,0.276538815260868
1.13691894731083,0.136334270939879,0.0308336372596744,0.0144340171441322,-0.871826196366937,0.0359728207037388,1,-0.389051077559505,0.353692793299496,0.646121579058403,0.205493892471354,0.619647341914836,0.188312182782834,0.416710488761147,0.189311523943269,0.443775399331647,0.178033239994307,0.589367793101507,0.209139474817169
1.32493033935952,0.244082687259913,0.0654899524319014,0.029932517954286,-0.915135700921468,0.0308832889922095,1,0.447736576830042,0.355707817658197,0.281530463055023,0.293309759359326,0.679004406405419,0.22267031581131,0.611235629195589,0.210252388138492,0.698406277725364,0.222898611343525,0.774816691605285,0.232218438624392
1.33660809181299,0.24651441613821,0.0519791838060563,0.0276272164129187,-0.904684209056188,0.0361202978847011,1,-0.066344749005829,0.374906366502416,0.605682607613833,0.245047086304817,0.619536936845973,0.22444560969974,0.796455158715643,0.2106374512911,0.661978708514533,0.245823963499915,0.423902340629654,0.301644303583517
1.20124927108116,0.177840294594485,0.0173875938252348,0.0139759012102021,-0.896784935216029,0.0312558548380549,1,0.196045277872971,0.296008863101307,0.576201440746583,0.23583726226947,0.474810037353358,0.210772012757553,0.330364388743422,0.20288362898393,0.604001832724058,0.216215977605975,0.511608290063679,0.283340347538063
1.26543009021514,0.202076331729624,0.0273010504483033,0.0198673962744596,-0.865585117475451,0.0435335201547294,1,0.759042714203939,0.421005701473304,-0.0491533458322687,0.321975865205829,0.836961732947912,0.197788259950506,0.493820912259976,0.240411878978233,0.347330744253907,0.238580849851237,0.798568553126799,0.191307612995136
1.38847339088177,0.269408897146935,0.0511352504100482,0.031152755755835,-0.877934452050208,0.0482830726698405,1,0.216164384975008,0.550850809087371,0.642904894248825,0.273350922607944,0.546209046470981,0.235854012205466,0.707459764991199,0.228009038085145,0.757239053346777,0.234807163134204,1.01152072316679,0.263038330899456
1.62302595697511,0.319884558841547,0.0768763066851466,0.0357002721455909,-0.933486010819167,0.0276665099876571,1,0.409149991417597,0.492680065539682,0.502961750741784,0.301679738255317,0.810897507373555,0.226122925892226,0.757447140483103,0.235170772795793,0.978238071570658,0.231499495744286,0.951646693091384,0.281776276282292
1.25000871059157,0.214330752219812,0.0639565877869247,0.0326374650760573,-0.826813783950506,0.0597919153436264,1,-0.594885898723083,0.431307854175223,0.818417806100315,0.242855069589751,0.621427098204133,0.185337947966027,0.408855811041607,0.22887585997154,0.568996356825899,0.205863330567303,0.634259269631054,0.272008808221748
2.17982461475826,0.680847354354827,0.201383158243612,0.171979564724878,-0.970312521518678,0.0190254385972796,1,0.0532949168726329,0.77176088486675,1.05502772086049,0.373295289636166,1.20522398343745,0.353150295007269,1.05154054942937,0.353588115112198,1.2900525419753,0.398640780318323,0.954877028040042,0.38285271821003
1.23354243508983,0.165135720107525,0.0367204570098079,0.0200234471607192,-0.866712597037335,0.0389905454174733,1,0.104781571954191,0.335883741935994,0.415383072175968,0.242900545724357,0.631249927037741,0.198604472754873,0.525077732629055,0.198378571670572,0.490520177677392,0.1952888086765,0.818241246877613,0.191718519727998
1.08479548666071,0.122824390920336,0.0186946732566552,0.0108909440005657,-0.808994532291786,0.0501895682596775,1,0.271048248406262,0.281904129464328,0.475190092826075,0.194931596050069,0.313048683039452,0.141598333474185,0.165323272369774,0.191131236471304,0.31091151075985,0.204415899585907,0.604589096417423,0.204025267272847
1.37098467723283,0.260111239735454,0.0425583919986519,0.0269774355830293,-0.884397993603582,0.0498814888278824,1,-0.13985333826674,0.517302715601542,0.516748888663906,0.315579872299188,0.868836299653613,0.238653639335384,0.658669207946045,0.246750732493116,0.817677400418701,0.235243788300067,0.638340543665206,0.266004024213963
1.81474112062294,0.342157293147319,0.0748682064092692,0.0378511641171263,-0.935264956123289,0.024952314210309,1,-0.288040352916118,0.43929589382063,0.889798675580981,0.237975398350994,1.09720798480075,0.216307463621594,1.06569688043152,0.233099790208552,0.980482735945084,0.227295684370938,0.950378601507927,0.246803069658401
1.20734139789338,0.205476290102564,0.022168700863785,0.0145673972692731,-0.877433229276119,0.0431677705599747,1,-0.747300877051128,0.440860685353639,0.865004450066043,0.226145942552504,0.716145050935595,0.174208469568711,0.648007707200029,0.20232685695955,0.379936429131048,0.265740259250341,0.244131223911753,0.289893907666088
1.37521379429182,0.232802697910606,0.0866515703502847,0.0420064564021807,-0.904546951930221,0.0362838299465011,1,-0.685400781525855,0.534341711358675,0.983889842687747,0.249731425189509,0.454813138717974,0.251513131651781,0.654414290483447,0.243272114313369,0.695266007057993,0.210809887266402,0.766270698071681,0.27392536471045
1.36177641125687,0.266958006416055,0.0663627963262885,0.036151362559517,-0.868564298069565,0.0567645949116734,1,-0.502855316965631,0.431201392368287,1.10654550205636,0.200396785141053,0.57678521138371,0.238301946044529,0.600208528999326,0.266116569784052,0.502968430636145,0.289051847049791,0.431960173111635,0.345705085316361
1.28691188697223,0.156892823497856,0.0348138082942558,0.0207977309912197,-0.892683275801765,0.0325918063106881,1,0.36068058605912,0.444632399247335,0.469932464985557,0.270872092600435,0.667122311668881,0.176588956207982,0.4082535490689,0.208614059949808,0.581175686497771,0.204302763643279,0.318299694046565,0.251746879297575
1.4674665061796,0.235746469999587,0.0719971687820731,0.0322268624487217,-0.89340224205302,0.039556389194092,1,0.0901603274405531,0.378097789535776,0.745689867461265,0.269434565388421,0.650485935132341,0.200462882956353,0.83493026661622,0.187163668678795,0.686271095042334,0.25791720983046,0.704068803412434,0.241917132624412
1.51801785286353,0.27670293057243,0.0530258512074746,0.0266997281679924,-0.905425834526646,0.0361533654492395,1,-0.462098607667555,0.800047082973016,1.00216342410801,0.30254887899793,0.523657746745347,0.247691688375145,0.972597661283682,0.192095903855269,0.766932374508534,0.244741361687399,0.463426390050769,0.289579388663682
1.52554714761628,0.252939800079787,0.0572848567466043,0.031254687201993,-0.913785863243809,0.0339255164090113,1,-0.764542158536304,0.509127962628169,1.13999421772984,0.238859908544825,0.774639811885768,0.209025354474151,0.804930213321105,0.234061332500578,0.623319755244165,0.218868351768724,0.796502757847204,0.229105205433496
1.31668116691813,0.211083345369342,0.031399851100302,0.0176393996354156,-0.868216771057393,0.0454086628675523,1,-0.082814864514967,0.350746057010456,0.535062446211267,0.209005640022106,0.841613305961296,0.224663857520491,0.673519607883501,0.205508563515416,0.463685602725127,0.225150010485068,0.847799830911216,0.218757455190902
1.82419480806913,0.368369930508383,0.122717513663155,0.0556303038259987,-0.946380656268674,0.0219588779985699,1,-0.163531439254688,0.576726889575253,1.13101364295371,0.250015117712978,0.745032213612568,0.26514802056921,1.125585016791,0.232702220708946,1.14203713786284,0.23781398596141,0.890573709906639,0.278505014459698
1.13997949087611,0.139511709343522,0.0194863111930222,0.01133658125109,-0.875506357304414,0.0342046987942446,1,-0.404402950569594,0.319469558127458,0.780474570481028,0.195220247177168,0.599878925007121,0.18135446906943,0.432969860465484,0.17763090145995,0.293790765930576,0.215132294848064,0.517104140642293,0.203157473819149
1.53943293390354,0.273781795741169,0.074001553183467,0.0351799481344314,-0.919503327529038,0.0274512654946565,1,-0.292109480905348,0.419730180662767,0.784264607161317,0.205314478133103,1.00874118138691,0.202900102361674,0.405317323037982,0.248752335267572,0.808852000861851,0.233314360589297,0.677878812281948,0.257033732935045
1.11934445043819,0.139817321739883,0.0280634326832291,0.0149410797131316,-0.896489005705471,0.0277121119288507,1,-0.418604692146166,0.299625181216544,0.632660350326527,0.194679042180196,0.466277612384124,0.207152514913202,0.718161470797901,0.159942124862929,0.163168386846441,0.217683742666246,0.47967660135568,0.23123226874226
1.76107471211307,0.330599577199731,0.0644530429240665,0.0436166560187652,-0.90347756869342,0.0371023112056886,1,0.099775898604928,0.475495452614483,1.03883775917498,0.189286808698483,0.803164127990987,0.247737434500643,0.613112385515992,0.246025951814618,1.06488245644801,0.250843081960119,1.16741948974608,0.246672014893507
1.24457163206639,0.219280061580529,0.0424424528741404,0.0258091351551559,-0.886855370487542,0.0419943210507077,1,0.066109776371313,0.434406813621339,0.497182193029084,0.263280345087158,0.725368373485991,0.217073533286361,0.55255597408498,0.221537474859437,0.518799936738098,0.232631305461286,0.607367836223939,0.256911209283861
1.66803276397268,0.408577868591953,0.132044282496557,0.0706579360367914,-0.936266079512972,0.0302750903119024,1,0.284953246098509,0.386824747795155,0.848423183589805,0.274551048499427,0.849592758385161,0.28575445299072,0.757813354910208,0.273384152377952,0.803110376557592,0.283478376925646,1.11738980431927,0.286817850423535
1.54279507730964,0.345274571824099,0.0565390795137877,0.0337768270169154,-0.920978262102788,0.0344237765489881,1,0.20662303944476,0.41939380511815,0.815282412193363,0.219651277424543,0.669808330600331,0.249719533736184,0.70807233979967,0.290970304223219,0.782393725848049,0.250710022615972,0.690833737581966,0.311505833817977
1.18686749386399,0.186839265788648,0.0233047439707702,0.0146597227835423,-0.863123485509139,0.0433970470139651,1,0.192165757116845,0.329814901292687,0.539810245322429,0.222664342857863,0.523880914686993,0.189321203270273,0.554221277734673,0.176362264190102,0.399115120922629,0.257016080946806,0.517776860099063,0.248915691041948
1.16585089212238,0.165778752449386,0.0618737147404484,0.0316617582181152,-0.83060796444025,0.0504863145466473,1,-0.0172255447555103,0.341764313655469,0.48545631995044,0.224177006855853,0.45115553106899,0.226482261526725,0.600210671176551,0.195250412200914,0.243616888788809,0.217002508616469,0.533104772028087,0.262994511680415
1.15123482302551,0.134394490651629,0.0398103491626646,0.0212952970367878,-0.847118102510399,0.0451828908870673,1,-0.491351834076163,0.342595741688061,0.848484003329875,0.183261953538648,0.366730474564525,0.193629415856427,0.725255841114675,0.174289267393165,0.206731976864237,0.220043667282973,0.492488298567773,0.230477140710339
1.08602141188779,0.132856587424387,0.0212333236779102,0.0134094695933868,-0.811327859177383,0.0569364506769798,1,-0.0773366161945933,0.283838417725938,0.464796525099786,0.205709041513219,0.447226531234846,0.203445724739329,0.261102821395774,0.200744070365334,0.658302749244456,0.190682622098111,0.407551139518859,0.235604915235219
1.95182418743879,0.538083832793899,0.130181814855475,0.0903690921128325,-0.946039727941895,0.0309032721957833,1,-0.388963403362016,0.783414288689022,1.02376156675234,0.386215638021811,1.14213019197707,0.301110268616468,1.17401012856584,0.305210128119761,0.972746075023506,0.317683335077298,0.776153660508451,0.365439515346384
1.14690968300663,0.172122341012456,0.0347746407806784,0.0173861841962491,-0.852150151460113,0.0488258275731113,1,0.340881674860053,0.399012925139831,0.160220130727209,0.279338256144918,0.616459983548334,0.195638341097374,0.494601263896275,0.197420374697499,0.410610948463863,0.2391918789441,0.517633082720135,0.211250522664565
1.38584215867197,0.307278046640888,0.0718819577378796,0.041331298123048,-0.883265847399929,0.0495139407108491,1,0.0332021209744658,0.365661733033333,0.340139414330868,0.320248309978481,0.86115426216498,0.259350418129624,0.715995897488821,0.230763307170285,0.805678814997128,0.257573315098886,0.646418506689424,0.285616784171965
1.27292405281916,0.196400237528161,0.0422070603000223,0.0234841225973896,-0.887069396621791,0.0421739927400869,1,0.0999448539466364,0.327440840415809,0.583635327239719,0.229961161274565,0.494346184126818,0.215527467614771,0.560153945228458,0.22867765326655,0.60465666594412,0.23993427822785,0.760339806367961,0.253310973995803
1.71961361838621,0.363818376503181,0.06761495167891,0.042308596788777,-0.950181573176957,0.0208027979257722,1,0.381660625995028,0.448118004239781,0.709162248410719,0.319222457594444,0.88959595325349,0.276280998723245,1.10299606100296,0.247547565606689,0.820367956802539,0.292896748782373,1.20260477019437,0.249279100451555
1.47517395428767,0.270978766079748,0.0628922750201471,0.0253007266797807,-0.888219362661001,0.0446384202213971,1,0.528568199924614,0.460472226958784,0.655635642455841,0.253690382042064,0.430748233871395,0.282523677841825,0.774337396336596,0.222196986195342,0.689022449066948,0.233168930272654,0.963149608862183,0.224000771244223
1.37557189185682,0.154919013129335,0.0343066110214693,0.0160373974657755,-0.829646753451756,0.0545371927943022,1,0.638383879834959,0.372932825941074,0.491351137814233,0.222986437233727,0.675765155053719,0.175324616621438,0.234448069979071,0.239461881924389,0.733159067157141,0.181075000679048,0.453879303555655,0.235044459253256
1.74975138697202,0.349067264339072,0.104573136150317,0.0540692167578813,-0.931332291043384,0.0322281619782981,1,0.85735836535966,0.516578606644574,0.576650501146025,0.264008128514591,0.963800937974358,0.247563798626173,0.776843171381732,0.23722964376778,0.989195492625433,0.259332353703351,1.14784030035642,0.257497042334598
0.967838213872758,0.125146479801929,0.0115933000364957,0.00782979076502942,-0.798662655988294,0.0501550511101701,1,-0.142313548668873,0.374504673901576,0.372720132241451,0.241521314579878,0.459249460744815,0.150236030061358,0.31412916811629,0.180572260876487,0.281586555340868,0.206409275836814,0.482102486523429,0.215050346982189
1.58314312493656,0.345789820545561,0.0781790859577685,0.0462840845975802,-0.921495980088906,0.0365712080885999,1,0.151873673851711,0.414771629250289,0.857470186986081,0.256324246364707,0.744903386533455,0.292991125655508,0.898580304445253,0.227602220598277,0.695612878547036,0.29292935664717,0.853404506444659,0.305095416892338
1.39341534583329,0.267644616672695,0.0444069616121806,0.0248431709082545,-0.872887145811055,0.058299159270237,1,-0.175023142072076,0.357327320316351,0.903919746913359,0.253638637935262,0.564786393375087,0.244171386676275,0.318079925669609,0.227098931748831,0.940732527199431,0.241671807311222,0.745617070239169,0.256440904696144
1.23014467954998,0.144110712925902,0.0321914200030444,0.0171155206892765,-0.851043437883963,0.0402879859215906,1,-0.275592935652246,0.296819593495225,0.688483972795978,0.165953381237636,0.755029054118407,0.138785270824893,0.413563032185398,0.203423111361928,0.597621361939454,0.2095257362886,0.348519159241994,0.26514932955444
1.86655376430575,0.476386204283264,0.196400243602555,0.134985798018245,-0.945663095183814,0.0314840704810882,1,-0.791986523494095,0.681402914618721,1.2227770360446,0.30960321385776,0.827879666568979,0.326604844551878,0.966718947656458,0.325348413357005,1.20002754631418,0.285697988645626,0.862451177526605,0.36215852216107
1.29225502114217,0.17382405896102,0.0304783527913295,0.0159945151937863,-0.853872980386997,0.0394413813366646,1,0.0361840016195675,0.334394098642857,0.587489095661057,0.204800123452995,0.713411964609441,0.195778521901381,0.374709023351022,0.191015458852616,0.723659228410873,0.213377815547388,0.514762463041728,0.224610672800314
1.29942176549653,0.177830058329313,0.0217180514044455,0.0148039748410688,-0.895908398683636,0.0355667579195496,1,-0.277999935771424,0.312373822696817,0.691185488219882,0.225031353514285,0.603638581920804,0.210446930183232,0.73876276135085,0.169076523369839,0.665237328849109,0.226352604847164,0.793679045140042,0.211973043426063
1.25931416424258,0.18268332524885,0.0704401711371126,0.0302820988091184,-0.882511918267586,0.0321859705274834,1,-0.0995033376751593,0.298458800157028,0.618572097207771,0.193114610876933,0.411152677621061,0.244881606111602,0.697618583565738,0.189124161772364,0.61696250315979,0.217413650438138,0.628801412518745,0.225584736938618
1.36806657024631,0.279453717614523,0.0422887958135176,0.0279815993901347,-0.878313312528025,0.0493708392985116,1,0.753438422061459,0.387169573201109,0.0752542946997864,0.370223471769122,0.937171877341489,0.227135105087033,0.338177554360616,0.294208009462897,0.523830161509789,0.261768986081537,0.678852012761829,0.2310851053549
2.04415380486054,0.426657898927508,0.16007821897199,0.0992476209800742,-0.937761997772295,0.0285267350061349,1,-0.461678295808427,0.774841755250704,1.34351445494525,0.255151371436853,1.0230709959147,0.300266257694214,1.02861012856136,0.278382910745607,0.901694486015754,0.272437952733402,0.769776653529694,0.359231772533281
1.56328325864218,0.361495447286685,0.0823911555503453,0.0515373588878637,-0.912438337762596,0.0406614891260219,1,0.502513536699004,0.382657395127196,0.584831689413817,0.327479725182258,0.479247282163382,0.25357642398935,0.876403902830053,0.263075792790097,0.954580339329462,0.278709107525424,0.849994101127776,0.293176694925641
1.80769300497367,0.35755189392199,0.10975986251488,0.0577880781261519,-0.950026876889819,0.0228885932044958,1,0.293093737905088,0.448587113428438,0.610691384704673,0.278340489594143,0.886201343979521,0.228979261771012,1.06198960372227,0.236147312238098,1.09195757336029,0.254850064247895,1.06106569766868,0.254201762810902
1.63899346637718,0.259293522717187,0.100813707174851,0.0432195867921872,-0.922342697356185,0.0294097240319398,1,-0.0445602527970295,0.4301042615564,0.7497432052657,0.246737247974531,0.944611769255566,0.237989908493565,0.828481070626226,0.190971371365988,0.862553563218111,0.190382002081782,1.09264899321809,0.246673420689522
1.43277739893732,0.272359150698837,0.0609230704119469,0.0379844186216808,-0.861607118560979,0.0584216993579309,1,0.684612815213046,0.472021358782156,0.0336217309138602,0.347892994696988,0.901587028435435,0.235401540873878,0.67437278738195,0.230904875324556,0.533511332176106,0.248567486875353,0.637827042005114,0.276953664595254
1.26199504280124,0.195677172854242,0.0356918367772606,0.0186360936306814,-0.875299859600393,0.0413886607865135,1,0.0165085776784472,0.373925743557571,0.767822524342548,0.197931298161817,0.520777684105948,0.223864315559594,0.246487817331048,0.20122041318333,0.587632302432641,0.201653418793613,0.672101260981092,0.257359825065863
1.01469988378384,0.149002243356075,0.0306408155293919,0.0161232544549469,-0.812642695578345,0.0661987504189258,1,-0.0871444209478359,0.333325003489879,0.293844723753817,0.254321505835184,0.520071939949607,0.22147055135449,0.444418997411826,0.196194181277301,0.382660983584408,0.222269131118356,0.185060225642954,0.217748607912163
1.00072305716215,0.156306884021409,0.0223609650043815,0.0120168175722993,-0.794453501431202,0.0761398876206224,1,0.144498329962019,0.300732047663201,0.0806279666721987,0.296231645361259,0.403460906452208,0.210744370956737,0.429295390157606,0.199440820565911,0.380135514587033,0.21351994819074,0.411160320714075,0.221679482049519
1.59205425099828,0.342248248873339,0.0887609794750107,0.0539738948303968,-0.93426904034173,0.0275373719677944,1,0.362110171609985,0.448740586181587,0.745756147503878,0.306208093987786,0.554285654332851,0.222299043664096,0.903818950659487,0.249480896847711,0.808860796211597,0.260161678713235,1.01365741840936,0.291573201218544
1.03879382195384,0.178044147028738,0.0411906678742224,0.0211848297031627,-0.841921519064294,0.0684242937622843,1,0.0280938269194427,0.403267440892178,0.261668471796042,0.290007130996668,0.529816170405674,0.204115081585632,0.445188400861857,0.204585373231186,0.570694784450703,0.23963819144011,0.357561396558709,0.262032092488993
1.35440025247798,0.203213954476052,0.0447169463583532,0.0234129676968178,-0.865265551783858,0.0443480577160937,1,0.0437441094066093,0.298885489660213,0.723834904613445,0.223392828843618,0.588508562246103,0.230244607728787,0.639626737388696,0.201520026060348,0.732644519066651,0.190732993656621,0.27450036605817,0.291500548097849
1.50368296814026,0.275005424029921,0.0857008586810326,0.0456627389128111,-0.913258560651265,0.0313986260894549,1,-0.649341359434876,0.46878171787461,0.967124030147027,0.287233835529131,0.958329754937246,0.222858079535238,0.680065867562554,0.233636174042179,0.68127381954392,0.232942329439761,0.825872912956015,0.224488884344145
1.89963362671386,0.499531907901251,0.147306576405298,0.0934374215910874,-0.950689237618514,0.0253514380402558,1,-0.408495270563568,0.619435012290119,1.29889558106202,0.299302046806032,0.789306997655431,0.319620270003073,1.00670021393224,0.266710478221913,1.0941451407446,0.32275717657644,0.886363180463689,0.337037971440726
1.28947368444381,0.160907125292309,0.0355165772873873,0.0149058698022139,-0.871719439588447,0.0378263493225796,1,0.262706934557838,0.347651038209467,0.547020427934912,0.254304193498564,0.710570158945752,0.173943570104804,0.57535498734791,0.206227887834432,0.444162817682097,0.212954443169255,0.707964730171195,0.215332574906136
1.65729782650732,0.360607861879042,0.116860548093469,0.0553059192371312,-0.924076197466562,0.037071537817272,1,-0.262914309104911,0.60867118829488,1.02517731216213,0.31836360943736,0.770535508357727,0.236428838098758,0.853482537145555,0.266392083025758,0.604153992972655,0.291678304704825,0.971694648239217,0.246143707973097
1.54903040646379,0.298117507178198,0.0670873557457173,0.0310084996688522,-0.91200814645274,0.035884506623786,1,0.330437976390601,0.483197364847322,0.660079474317572,0.277302365968827,1.04364350983425,0.209713118315225,0.322444290037239,0.298540007745322,0.827335820163655,0.266734865304696,0.922590665633623,0.263174710907741
1.30115377464135,0.239270811761118,0.0559559672672638,0.0311942155772031,-0.908677411061827,0.0404469128414291,1,-0.260574882719701,0.479878812905159,0.989166766461533,0.237551398589805,0.324049291204996,0.266056289621076,0.720702381650721,0.229006079413903,0.64370216267789,0.256086192799719,0.33611337911339,0.295982674627546
1.18626126086746,0.192691171576668,0.0419995214906367,0.0216054480250365,-0.885098288127943,0.0367859923267579,1,-0.202876573761647,0.332866377095423,0.469141688610991,0.225620231820333,0.711106829151121,0.202891580185115,0.451692659729981,0.243053825149725,0.518369855179152,0.245940508459585,0.610309904828318,0.260833518967852
1.12158872261966,0.164640497859863,0.0310999739927687,0.01910346641329,-0.868083568315434,0.0441307309660189,1,0.189794620309107,0.353236962656883,0.366221113435652,0.223263586074416,0.477108315790148,0.18849405205125,0.614991487078904,0.191851851062829,0.324300980355955,0.255143853045696,0.550550538744059,0.250059588567548
1.39609999838626,0.277123883945709,0.0612435827374384,0.0413801089548805,-0.889480782015727,0.0444406921545728,1,0.155936451093852,0.312497583349957,0.806675054228747,0.279911335931578,0.720372630857305,0.186389071641186,0.388568687092792,0.269014111473741,0.752804088983085,0.264912108008756,0.951851595572948,0.280181087589024
1.0937327730815,0.180392082907942,0.049648020239741,0.0244691884376195,-0.886036596275785,0.0395725923582044,1,-0.461834503223276,0.285567386826265,0.556429307382214,0.215808754691242,0.631354060369892,0.224525195643479,0.545978589599579,0.195187317419604,0.430288106426216,0.219574859257071,0.72405467379323,0.246428527353575
1.57604070343594,0.299814846747699,0.0577049429734269,0.0300357051593592,-0.920182236127817,0.0325701553935044,1,-0.162503072659519,0.57205608786392,0.921149693239108,0.281844203906899,0.692051936613713,0.278665113776234,0.968767562907031,0.224619437505852,0.818565792668483,0.23891394243555,0.887813736353088,0.242433836523323
1.46347542826239,0.394441652431312,0.0847724421133941,0.0549015174198332,-0.854147709261776,0.0919251756085383,1,-0.133274732920973,0.576602044151696,0.810804821714879,0.380733021824321,0.633685594112245,0.26851057588161,0.753064981032718,0.297054436383155,0.644599156741958,0.345128951256044,1.05192212061049,0.344143056986806
1.22180321339635,0.191344102604052,0.038012997035344,0.0228308621800737,-0.845515636122685,0.0567896429527163,1,0.269353730321773,0.308184552901,0.32992771948308,0.296240941068939,0.565857140643762,0.181639565541621,0.617809222355264,0.196516029945078,0.668229394487004,0.227855198439951,0.539491152018127,0.241334168233599
1.31282751075925,0.349403543462348,0.0670332328743215,0.0457482923022612,-0.89710960046666,0.0529394077759424,1,-0.0795092542546948,0.357206933847778,0.686966969830021,0.279746300006543,0.674115148095946,0.282107169521577,0.596393925068947,0.262202122184792,0.582446421033286,0.301734843506701,0.637980894528603,0.347308078232884
1.49629349649876,0.326642977742291,0.0825047302298827,0.0512287115429029,-0.923489853373467,0.0361081993978287,1,-0.874562067666877,0.50115578319833,1.11285409500476,0.250785681959023,0.988582937727774,0.249364533274836,0.713631183496878,0.260596570836352,0.761568364285486,0.269816518608419,0.913622597907086,0.302974868735116
1.593138037202,0.324675991449875,0.064726194376239,0.0444303799685227,-0.953901887010131,0.0197966734161243,1,-0.0582924903297645,0.487566606217559,0.678338713075916,0.297501694605504,0.835551831099771,0.2605225568838,0.78605663216531,0.24900453289694,0.860139714380128,0.218102997772795,0.653133121726341,0.269930945309958
1.65741662168876,0.432854294521159,0.0969033729970638,0.0580165043089904,-0.936885797763819,0.0342534853103023,1,0.0985617726283582,0.565023878756326,0.764340825931993,0.298004636248519,0.859762618875786,0.286438637480258,0.879264347913877,0.276914697971192,0.640205993383065,0.309470125552891,1.06325160001149,0.31613884318373
1.34404886584262,0.229515047590779,0.054948192021841,0.0288021512575166,-0.885206022834732,0.0374105904863101,1,-0.27361338605402,0.394059719223196,0.713187312288422,0.25923870169767,0.742982257775774,0.196627583054216,0.743820157692078,0.199791113332123,0.466146890418429,0.24432457511375,0.952923305741859,0.233113859703311
1.39351923727579,0.258610542809794,0.0480275149229901,0.0274986043463273,-0.884566198774922,0.0424086309844819,1,0.328795310441629,0.391264110359108,0.487222558515454,0.30811572822228,0.703773679599818,0.218048627545826,0.704908044084066,0.246662363702931,0.848131790966373,0.237135712966651,0.349816290238454,0.286360127714787
1.43080474928241,0.289986394600056,0.0657843260535165,0.0361847679972889,-0.925421044734024,0.0313774061386718,1,0.0111939556606535,0.293456815514658,0.625321174871033,0.259875984690529,0.850496186030103,0.262663053796693,0.564101286206648,0.256095704279129,0.613855386797668,0.23128561037707,0.952920108554439,0.250712704829957
1.28029070824345,0.201450248114184,0.0506983394188652,0.0240393964459612,-0.911211304075295,0.0335846808598084,1,-0.291815266695616,0.394360197097224,0.696840436013396,0.231448947906247,0.67618454866342,0.227770953072357,0.510822959128016,0.227273666684718,0.928471527682885,0.19954853842409,0.856019974498441,0.213368313059264
1.18809811010256,0.197724683645122,0.0399468345056717,0.0224850376708279,-0.865029444270237,0.0426005804847649,1,0.0368222307963863,0.335463579270997,0.45859572516012,0.228063322765746,0.583397481050105,0.216274939513005,0.50936157185878,0.206841065654551,0.393379394969679,0.226476633616195,0.410152428604732,0.25048519585875
1.24500515786342,0.238819224819561,0.0446840192520361,0.026454534284321,-0.896390191407451,0.04145764068379,1,-0.422345602054674,0.377063632721334,0.816695293629966,0.223433620127748,0.445330849490487,0.260408466100131,0.573288891526218,0.227394849734827,0.825880191634632,0.221105518080064,0.680900044560406,0.260649830000344
1.6941940493626,0.294978599493524,0.0783903164534943,0.0356527661566135,-0.898535401373051,0.0367316639577825,1,0.102390429534053,0.427640620915788,1.06857568777737,0.263791977380685,0.643030452778633,0.208487455611672,0.837256162804884,0.213612381417748,0.847045903699849,0.24432833300778,1.09771460191406,0.255110047229347
1.70618173746012,0.397250019069353,0.100653318513133,0.0693010484264535,-0.930008824837472,0.029657463338324,1,-0.51719292137485,0.5202903733598,1.17252948415552,0.257413222382231,0.974231599703705,0.252431183920394,0.591045221071474,0.253564091360684,0.904893102360541,0.2970670968997,0.893301750754301,0.31876393183886
1.28155416312866,0.23321326626179,0.0519253123737915,0.0242503998606032,-0.879258565830851,0.0553152739296572,1,-0.0122347537500593,0.371738194421378,0.825145455847292,0.274749988696831,0.407507247912567,0.249898136490704,0.464823098300847,0.25174555537897,0.49191398338255,0.246922441960597,0.805641146074359,0.221112217098218
1.76390263363202,0.399466156766081,0.110841521332569,0.0625391497707331,-0.916505635098965,0.0386134773420428,1,0.953795389474591,0.508141265652636,0.300364380053255,0.326693706208897,0.950645709191136,0.235740501117326,0.911362678627949,0.256729355071901,0.725590486722094,0.295149069899072,1.17847341956589,0.277446396980438
1.48124230949352,0.248062417916167,0.0421314794572063,0.0210068967441034,-0.870139398749742,0.0420112415345188,1,0.143507470231737,0.403479800420364,0.634120530253094,0.277849790480129,0.792994193259752,0.196083236529526,0.682968576901017,0.212864619866563,0.864257023225587,0.226505304455081,0.59821671297085,0.247944152257594
1.34220833580839,0.202183004792573,0.0849917124267858,0.0413464647443464,-0.897057794634856,0.0356808216193798,1,-0.14051526418243,0.358115772504306,0.701417641789234,0.220593405984356,0.63189518806109,0.206378688505353,0.621809257257268,0.200146902909214,0.621942064819607,0.214480351869389,0.976479111829617,0.233672168025111
1.38654825468985,0.212937513632183,0.0305296095931056,0.0164040414885462,-0.902863278976869,0.0345181740368081,1,0.284796985260753,0.457225964380789,0.626197887782879,0.237048927207953,0.539842322541331,0.228393034492652,0.530674762079106,0.216957339874788,0.786664713991011,0.197933722808169,0.852464189222179,0.22732356315163
1.36912322942234,0.217557176854592,0.0460800791616936,0.0262509195717568,-0.899352799899249,0.0357705746637518,1,-0.172651772927224,0.357994099697137,0.697585191502914,0.217388742927895,0.835889255052748,0.193266758727856,0.50265198354613,0.206535062307584,0.600896739324055,0.223890189086838,0.562399896256382,0.256011045951418
1.3162487589612,0.226404163662483,0.107703246943155,0.0511297121613453,-0.864308447220553,0.050754262817538,1,-0.0839049842656642,0.509461948066446,0.39935309232,0.344902639814719,0.886851518864617,0.224008110305482,0.791506330640999,0.213683392699148,0.603027932240694,0.209119905731122,0.977545324125012,0.218976946363589
1.3770546483159,0.325271907559807,0.0578281467863743,0.0330958004098654,-0.893825464500248,0.0558413788554733,1,-0.209015709287431,0.395083491161167,0.698700091709728,0.237753653281249,0.573529664799521,0.298790371294977,0.737516134843929,0.2600408650826,0.704816483339052,0.260293344792744,0.474680399258411,0.306831359757025
1.54911038512036,0.246175476195972,0.0637215442036384,0.0263190137898751,-0.90568111701408,0.0381351700418961,1,0.226693936524456,0.401804573287467,0.791724777904567,0.20006252043083,0.585037007242302,0.233349954288739,0.741831352680486,0.219319021470243,0.936995476958999,0.20687049725086,0.641742622211736,0.273952229015047
1.58819042161435,0.281126474468105,0.0884419645652158,0.0481071044885287,-0.942626261095522,0.0223109381054888,1,-1.53372262658756,0.583273338146272,1.23492622160771,0.234790119831049,0.94889633224576,0.221661323907121,0.98081020059884,0.220322864518296,1.06227273597373,0.247381432634174,0.726878551432462,0.285737672521437
1.09320072148605,0.232420728079636,0.0444718904839773,0.0268322526261665,-0.843798689072092,0.0667023898416002,1,0.482728342900733,0.379072432996807,0.292524169654882,0.265040804779869,0.333052336301789,0.270983932843838,0.460992484967522,0.239076969484945,0.563820617695696,0.293453276970881,0.524380568186901,0.295995066627756
1.26835264836879,0.196076247122812,0.0462618257507561,0.0216421705158643,-0.873668455695702,0.0393205124929249,1,-0.109073451466605,0.368500491906685,0.705414729414131,0.254721699465797,0.638609592022164,0.201618625668121,0.412572256125081,0.218786065100075,0.710485362663781,0.248595016328552,0.409074367467072,0.262374738488487
1.30291280254137,0.239926743699832,0.0581754888382302,0.0268016899245743,-0.901763101700175,0.0410594826069791,1,-0.601032600467289,0.497720647149712,0.887917092953916,0.280355188259939,0.623468504704474,0.202189593040151,0.317472003284681,0.230745173274404,0.701481297494887,0.207817420140677,0.899845195078555,0.242423259433832
1.86533495364198,0.382389295053933,0.0898156567214085,0.0487606169177426,-0.946810742139548,0.0235623695007782,1,-0.0756740830890411,0.48046495258689,1.16904140319967,0.251001913183,0.880657096779954,0.265415611147688,0.950740989204261,0.246330468230082,0.933747819122929,0.269065879574287,0.797917241451483,0.283655468674809
NA,NA,NA,NA,NA,NA,99,NA,NA,NA,NA,NA,NA,NA,NA,NA,NA,NA,NA
1.47893958767504,0.245702008039317,0.0806018169687873,0.0365138062883065,-0.919463338700331,0.0290068136590428,1,-0.375236225866735,0.493982057096471,0.813637132904038,0.311126705877692,0.847077408877907,0.223862891590107,0.697041883490942,0.210452035658879,0.892973688084634,0.243994277885535,0.316573811631604,0.256990436883155
1.5784700418127,0.304810239176225,0.0544649885438313,0.030317775271901,-0.901236928706544,0.0429326222449416,1,0.342819109317388,0.42268483418373,0.614464618995433,0.308100512976917,0.773348411015768,0.250800102992131,0.687386987339954,0.229490348084647,0.96531585097584,0.219445981504663,0.473597606715352,0.297674895007247
1.33725346340833,0.284286324656943,0.0647434689452291,0.0414245778161422,-0.906557865090071,0.0430032627713906,1,-0.0602415659224626,0.318814339041094,0.597946090140234,0.296691444584047,0.697209051987726,0.227683866312094,0.744100098114286,0.229053342485279,0.521202837186121,0.268853696917272,0.720710398374561,0.276883116697142
1.77973577636246,0.37346716347835,0.11021551878449,0.0581602031747454,-0.93961799465815,0.0268435416520931,1,0.151115373098122,0.349916529600822,0.798250567903953,0.273360575451792,1.10480005811593,0.241773335136007,0.7496755467329,0.270908207132027,0.806928503937619,0.266095132246101,1.16340378059067,0.271018482959314
1.13470227153322,0.13208031316598,0.0234451027151544,0.0130673711858134,-0.841157137236156,0.0430394136856691,1,-0.411753031889401,0.339345248706196,0.773255646146881,0.189710062902577,0.331199470174785,0.219619085447499,0.514890199575786,0.188266600043527,0.606508029359696,0.170163587083188,0.300934253630425,0.274582285689876
1.23429936788697,0.250602485882038,0.0449448268039542,0.026954225267735,-0.86577208127922,0.0578707161413125,1,-0.195089568491051,0.450739338328142,0.885237431060985,0.2983266286022,0.452754892246963,0.24168157061636,0.461437755905289,0.249501472144217,0.619495053690658,0.232214964439851,0.684238473510723,0.280925424291874
1.47374660677275,0.246769579136541,0.0680378049815059,0.0364469465247382,-0.896542146064469,0.0325765167840554,1,-0.177108693696358,0.433593083389379,1.03830727115864,0.205478317055295,0.49383206898996,0.206271674716181,0.573356189259904,0.236121140184165,0.793615599000627,0.24825705004089,0.952343215068735,0.229365484172597
1.60726462933915,0.336383870897137,0.0614182740160703,0.0346501350168058,-0.914203070447103,0.0398239361428066,1,0.135983814275044,0.479308428859019,0.845637615663683,0.260909268247185,0.734709441109993,0.25123477530736,0.784953668145246,0.266482612627706,0.982292256594088,0.246599313678602,0.80036473486742,0.291721258460502
1.7952260019334,0.372788564015142,0.143653284431868,0.0765410607645054,-0.91181967145201,0.0362653538293192,1,0.0350633053345943,0.570284167653219,0.899140669144659,0.274382829267786,0.917359268336252,0.199050265904897,0.855770543236186,0.270472066740064,1.05524602963977,0.268792154169916,1.02325699698133,0.282143554524315
1.4940044713103,0.272308800439268,0.0746712180993615,0.0403376220880269,-0.917474023513715,0.0320312139482699,1,0.268445448153392,0.681985440820538,0.548213099212893,0.31892300227068,0.950853357876061,0.237000170241277,0.841183086514712,0.212405386919601,0.622812026109273,0.26217900576043,0.590023026371581,0.267991594128031
1.37752958326917,0.2171694614581,0.0591743741472542,0.0292400752040442,-0.901333191203998,0.0340144159471312,1,0.0152138819466668,0.429623597552771,0.544050905966253,0.257714731538673,0.70303613688921,0.182412286811956,0.750466912820835,0.197701836928091,0.632501101438326,0.219128281099609,0.69588361486525,0.282959541507322
1.65723559413499,0.357344034269794,0.0883659900889552,0.0507757843944763,-0.946998081189438,0.0250978489506105,1,0.125270485306774,0.45245426183237,0.706001703875687,0.282484402406155,0.998864335352523,0.286102015406869,0.613459665772962,0.3153226298351,0.876863934246508,0.263277122114703,1.05553777304895,0.24700855832217
1.34253002035163,0.297674606748097,0.0647401160504744,0.0422438777285232,-0.902387172166461,0.0471289691281213,1,-0.00634722475781545,0.432740578232769,0.727247079411661,0.247081552129317,0.667885026245396,0.255633186890077,0.586099841194686,0.294637267720083,0.424020418189678,0.300400475975454,0.65716881050597,0.309165081873014
1.56377575856475,0.31084903489707,0.0532850913861462,0.036013954298185,-0.933303128875041,0.02715343863063,1,0.385269177025574,0.341487779610133,0.477094147142328,0.250079848275977,0.847036416496659,0.2648451667364,0.93079428863402,0.259088549559029,0.870973425348394,0.254447220104949,0.572198459585584,0.298375837397378
1.71301157667268,0.377194472353165,0.123914997915086,0.0712161206325811,-0.913060442526457,0.0408827127321002,1,0.199135258016348,0.562539030471942,0.659759078371595,0.298598838146944,0.867509904090812,0.253379763828566,1.11359199246593,0.256946350405572,0.961031405494861,0.258900062070424,1.00621532715541,0.296125292734689
1.36406788757696,0.220526013426036,0.0545075967654626,0.0258210619366309,-0.879345428410143,0.0420245151615276,1,-0.113145556393536,0.343088937082615,0.888673344396064,0.237855178142404,0.333115318022555,0.238893379648235,0.461841218621869,0.218588854881248,0.639702016125954,0.224477829253424,0.894218852328668,0.253864679597743
1.21191009181472,0.171259798875588,0.0258663270848935,0.0159366683119888,-0.82159506008828,0.0561091690773752,1,-0.0616747862632144,0.337950119071807,0.709870968024816,0.214722250560068,0.583540905059477,0.199276261945587,0.402013801045194,0.185403317063586,0.597504242924962,0.217104987883407,0.141585639561937,0.262997782439704
1.3695409110718,0.228192995148767,0.051144267539782,0.0261532484268422,-0.896380138928178,0.0372529265519354,1,0.104522998606127,0.411223502166723,0.602614474993284,0.262300040062283,0.510482862735443,0.2336067930792,0.559854245134487,0.24423125497447,0.683001956104317,0.232565498834613,0.664123812337793,0.239942143975908
1.60872061830933,0.330500812370054,0.0849597140107196,0.0481292134645551,-0.888045084079193,0.0530969549983214,1,0.504327993281016,0.487037351363321,0.945924629122419,0.254575330568505,0.523022828665906,0.310903822089436,0.513088840926864,0.274867557423242,0.755959858483096,0.274616580953779,1.08480880344014,0.248378018128335
1.18811664327311,0.19832558928782,0.0478696488802114,0.0252232803480407,-0.814674081877251,0.0738484340520195,1,-0.387223871464235,0.435459186800051,0.639777726817215,0.274071792798424,0.606209197043135,0.199090909069206,0.706159110940344,0.216219595366714,0.362876653031156,0.260809265319483,0.640681638908928,0.23843297177865
1.35119505981355,0.228219884562679,0.0529635395481561,0.0352056542305668,-0.892615133827325,0.0401717960051695,1,-0.356583033141955,0.472586935473766,0.831854208375893,0.225920832660655,0.763571064882908,0.192544183317593,0.78969646304277,0.222784838469797,0.407343133360071,0.240731022650889,0.696698708962803,0.248990530685335
1.41365121875704,0.219938318086808,0.0832660418656214,0.0388354458870493,-0.907159496429214,0.0328364535681623,1,0.102896651526116,0.339486497004288,0.805108383510713,0.217174314848769,0.618199746193539,0.223466405728453,0.509340660960762,0.228670086774778,0.598130135944131,0.252522309591911,0.777622456346806,0.253759718211722
1.31196349763971,0.204870792590738,0.0457281419138146,0.0273235309021622,-0.899088701204076,0.032471058257277,1,-0.206192009282083,0.386422415817776,0.807573499320629,0.224826381198804,0.58751192319333,0.236313039824804,0.365662269467981,0.196414523102473,0.794629284883913,0.238507597204669,0.642293041266148,0.261940501107129
1.00626639045955,0.109934463697812,0.0275724358899328,0.0121020194919678,-0.802460445296941,0.0587530655052827,1,-0.106238869277577,0.320533269057394,0.411111964851747,0.228898380781219,0.390455262932521,0.17234300814138,0.437446080476882,0.195015033063153,0.550419281760072,0.156402189053839,0.167001898823176,0.244358542216199
1.63533726889505,0.387728732452366,0.0909770119872512,0.0528883367720493,-0.930018610355247,0.0318366439471482,1,-0.445120722527277,0.594905398791116,1.00101217066135,0.388653755385874,1.05264158606492,0.232314833056797,0.752992524796699,0.267297379022052,0.985073216986318,0.266329272523787,0.902082460535277,0.318510760339158
1.19582411177932,0.232820021312104,0.0578625415343471,0.0314914959502574,-0.838208170151889,0.0732911837569449,1,-0.763730247108049,0.630201683748533,0.85015275856672,0.306629827887893,0.859617099088484,0.206336607309798,0.442122169906485,0.216480039208279,0.354736438027056,0.246698319678155,0.46448369448426,0.298237317778678
1.62425340115974,0.350299026902793,0.101614065086279,0.0546981281668343,-0.909735400664079,0.0408952582935323,1,0.121455288688329,0.40159492974015,0.747384424227149,0.260035136770216,0.804568167487952,0.286653960820113,0.815558055179349,0.252881098827271,0.90167603896313,0.259833514912556,1.17017025674935,0.256285143581929
1.23140986512596,0.19581433818512,0.0495290570911911,0.0213364349069758,-0.882439151728199,0.0388891245924182,1,-0.459389299115424,0.517361702825893,0.782964406179487,0.261512871849264,0.672535126817418,0.201574620825702,0.71294160768381,0.223473756522242,0.434888399455426,0.22528738452902,0.606415493754135,0.22519931532761
1.22742088155295,0.189085819000969,0.0377511706824228,0.0199795496218812,-0.87199341506704,0.0409574282930514,1,-1.00121577306216,0.369078443182794,0.962347024723244,0.184669762635945,0.798414047427245,0.183164147930611,0.300840654520326,0.211816303464792,0.602560203709551,0.256615124077824,0.592590880380192,0.209069169937089
1.19519818859363,0.199847642319008,0.037293724405266,0.0175772014736093,-0.886097442653304,0.0419411524545534,1,0.229256095545514,0.317947731624266,0.109056184801568,0.281517400588416,0.654709609774907,0.19934130762637,0.605001344445216,0.21858302175445,0.714531013018833,0.193326664235731,0.333275058029783,0.257544593356735
2.06454497254461,0.587935859631596,0.142794428740128,0.106806594488476,-0.937342135322743,0.0327050395048001,1,0.960164081287872,0.59029959949965,0.865538159554341,0.315371464624765,0.982733557751624,0.312106778460757,1.03557007527283,0.308932147277384,0.960785493387908,0.31157145840194,1.34776499521466,0.323680132891222
1.3705187257443,0.20470088451142,0.0433913605519699,0.0244355709756002,-0.888938549990164,0.0374491488644266,1,0.238912749122561,0.401400052621393,0.513168621294711,0.284247389692074,0.797894671565259,0.169224257607217,0.568392603213981,0.21818271801272,0.806727658282528,0.197067490918671,0.780704258870339,0.225843679943187
1.85826116238737,0.444152183043627,0.0846199580315679,0.0518557381123247,-0.936818831360228,0.0320649564062284,1,-0.0238636008901243,0.488851343677356,1.01592658424137,0.302548036021141,0.927622105637264,0.266505498264207,0.885465687855239,0.270992622886846,1.11606134423699,0.260675775016587,0.882847314822195,0.301241332331446
1.43408054498545,0.276063987514652,0.0896237011077498,0.0458126474122947,-0.911154419477334,0.0340527264537128,1,-0.162967538073943,0.446581979495223,0.599806733864605,0.296857689186581,0.864192744967954,0.209352636768115,0.886043035580304,0.224833142380492,0.820962493765688,0.262362138198651,0.531324279217396,0.34698246372245
1.83862139245916,0.459152922211811,0.0780013676550369,0.0453956250048488,-0.948033926415905,0.0276290693270268,1,0.120764487845957,0.531892292446969,0.984125677809133,0.298824833202622,0.759182569635258,0.335818200689212,1.06616267632051,0.239291732191655,1.11644425639573,0.261635956430837,0.997477056189817,0.310956293598148
1.47033103570351,0.29110742661629,0.0737017456180386,0.0429137741815809,-0.910946381554515,0.0395052150589849,1,0.0844920708329082,0.424199186207529,0.655471963589305,0.271590661540964,0.760784234079893,0.259855731209545,0.878067876146502,0.226755926532825,0.647427417604416,0.28206553834574,0.690761628940455,0.276664636142641
1.65956837241,0.437776943331592,0.0748726863783906,0.0472903862740051,-0.918166370266437,0.0454739103932267,1,0.0823277127229707,0.485571122942267,0.715016618497639,0.340933878999588,0.998034515947612,0.295932956877075,0.663463377873139,0.339854226981444,0.829627397698465,0.322307880110533,1.01668528210033,0.297829744820599
1.69806034822831,0.341757838739516,0.125827233252641,0.0676030535373221,-0.944146113739407,0.0247362876963012,1,-0.0985139807953486,0.430457715669606,1.04742408996749,0.275432241558355,0.637886416529792,0.261197873919857,1.05521488124128,0.211371993538483,0.679771828978162,0.278468062150497,0.99384335645134,0.255157972634383
1.48810132566085,0.242427711250915,0.0607847386842196,0.0345346332054495,-0.932229718739278,0.0241609843931665,1,0.0772187624719611,0.357878747363761,0.669468837046155,0.283799315427938,0.773410816922239,0.207857585053984,0.722137245260156,0.202423227273675,0.949113187558686,0.211447658999504,0.815600015476957,0.23580690064515
1.13992842375116,0.190278622133969,0.0450247310673558,0.0268730476190617,-0.852419516029144,0.0555045623914844,1,-0.191892742781524,0.358591270976569,0.526891449466864,0.220991073134551,0.498695949738055,0.208803475533755,0.483993948367561,0.22123107813128,0.583651512775353,0.23706786818234,0.42109794554453,0.243286069782183
1.4667647940799,0.247988985757947,0.0443806354936683,0.0225158788720415,-0.893269268031487,0.0366346908080024,1,-0.123450269800057,0.416436144332027,0.710274358821084,0.255270872454322,0.882092257080622,0.200209960672091,0.68862881481638,0.213537395811905,0.617598934777049,0.240346083647961,1.00086145983919,0.216794503179147
1.24332583617127,0.233325685928412,0.0455791030364759,0.0280011352763519,-0.861239329571144,0.0524250507464321,1,-0.398513674846379,0.495432194556444,0.857673365770053,0.265220083228207,0.437336106947832,0.223748647640372,0.596253663734717,0.22297138465737,0.581406279147721,0.246473765137796,0.502554691441879,0.297138530981316
1.4028260240186,0.25499354047293,0.0726993774634773,0.0316492702546737,-0.870024744138758,0.0491856615197009,1,-0.331078933751416,0.480872790355248,0.613739719144169,0.281968080186692,1.12462812885518,0.162452175487404,0.392716738134246,0.267599211896207,0.729797035543496,0.242807710615837,0.853634998856877,0.226646996362902
1.4131758971964,0.249016299992496,0.0790499772028742,0.0359098624409369,-0.914622591058958,0.0344825277062964,1,-0.71044932472304,0.50277542087955,0.675037282760863,0.301228065877555,1.0176912689445,0.243563769902274,0.765094481855778,0.1913583016913,0.735320154058257,0.242687415465209,0.921036675796287,0.247932391370012
1.54419161911918,0.296270562221523,0.0890934841216323,0.0485762897484615,-0.912446351154984,0.0323616848075184,1,-0.284436554231113,0.347682891788984,0.919443687823601,0.227626994601198,0.69485920283385,0.263115545967965,0.791330488905197,0.2396032724063,0.944995877638611,0.220284948216871,0.761302576417615,0.278441068989191
1.54533501551794,0.196847056397219,0.0678661543865518,0.0317607535011602,-0.909362390196254,0.0271177475787986,3,-0.49227256967371,0.556768546381496,1.04828875895223,0.238128678892742,0.43246228349663,0.232794594891175,0.920917794517678,0.215734959366004,0.677380167063001,0.219735184927642,0.940623646795689,0.214898018567527
1.21096125689794,0.191409428737097,0.0276966908933841,0.015312584727066,-0.818104696926543,0.0668641174054802,1,0.189186825884715,0.353075651993033,0.459381357134293,0.192294554508162,0.643970230320711,0.136656641162597,0.331660232308068,0.317293492942599,0.559874489651842,0.243790813307639,0.477651685038838,0.228125537803507
1.51650516061761,0.243674481824353,0.0381067534604294,0.0200868772238275,-0.92147071083656,0.0287545460367285,1,-0.431500742464619,0.450354951456067,0.832227897686357,0.241210434016105,0.810035613944563,0.212905626646962,0.682968433112029,0.231136682073998,0.903144331083473,0.21367515187416,0.766180500920132,0.212047975128866
1.60441254416702,0.237209934075707,0.0377218182859599,0.0251871547294109,-0.933235976175351,0.0218501373960801,1,0.194176549852567,0.354245860763346,0.749921499382106,0.240044999888705,0.707828969942661,0.205943147775529,0.864172152280962,0.201924098655204,0.86689836494163,0.214509582260656,0.932615314603883,0.223764944013409
1.17631936640099,0.202859591926862,0.0475809703103083,0.0243115084257942,-0.877295786548748,0.0446659082592642,1,-0.585514323168016,0.366100988847901,0.74900493244407,0.221496725035441,0.667946121172863,0.183629721028629,0.599500329868114,0.206608370880376,0.0933650577547807,0.233654828912808,0.760768907364134,0.201546620538065
1.57278861463728,0.367304365852131,0.0865958130975457,0.0525732734535023,-0.928247593072047,0.0384903655396888,1,-0.810336455636052,0.563029754272047,1.13435874239281,0.306739431019723,0.864124287579964,0.240940196988901,0.795213307261338,0.283829896641404,0.731001483255533,0.275789183077541,0.971511639958859,0.324050657772529
1.24371310537989,0.203071855251996,0.0590744588287075,0.0276318768424861,-0.902474848846949,0.0328756967367223,1,-0.491226764525361,0.373464405669341,0.802409039762225,0.233639479536536,0.694182596852607,0.229022165666175,0.505589281007372,0.195672342347931,0.650763194634562,0.226703280260178,0.581307505364168,0.249806026269185
1.4487485031527,0.22608367038841,0.0575738206373384,0.0257452969060162,-0.902771122233744,0.0324480579137809,1,-0.205507605986804,0.532792132125398,0.892465921088839,0.232548110572006,0.606975141939747,0.224306164060136,0.686456855395878,0.231096673075955,0.798255651175074,0.202582191308429,0.59604180472996,0.25229915378701
1.19795257270986,0.155887591434901,0.0234880930327755,0.0133827437879755,-0.882428988653056,0.0337362622515875,1,0.0100380028607624,0.309009148657505,0.470096230488899,0.215819634670988,0.531511631002309,0.191024500230272,0.617817012238336,0.195677412526301,0.718514988365991,0.168563692890017,0.371772274323661,0.23511979381381
1.26862075945243,0.20248102012838,0.0570895721290546,0.0282210749487149,-0.887799858315781,0.0433069187635265,1,0.0387515463274855,0.423792186517862,0.66880682846097,0.239718880059176,0.517929000208663,0.219820460908928,0.484897349482461,0.222147750967639,0.841106040924208,0.21930037817363,0.648026355812631,0.257292649167009
1.23312513196746,0.239913143268947,0.0619979377080684,0.0340779342753704,-0.880595717243943,0.0470480283823024,1,-0.528476177723684,0.592260190480473,0.886110053929934,0.284995544101923,0.589637342922412,0.227537107966971,0.569063936502356,0.249374066493574,0.457969283190392,0.274244870614466,0.421759429416099,0.269605704768985
1.65150491352086,0.395130918572299,0.106901357609307,0.0647640013976802,-0.919316827968728,0.0431791403331826,1,-0.0409203529369569,0.46798436942614,0.944802164306672,0.293351837016929,0.815384127168306,0.304439229181628,0.943234316522811,0.293687928119299,0.715948701577625,0.276800176189959,0.821213146811471,0.291796362685724
1.64485358612477,0.38001841357756,0.0800463523045442,0.0458982344761123,-0.935882567103199,0.0312659942167315,1,0.249061277800558,0.402813366427226,0.765787049073377,0.336624801966591,0.982595107827604,0.26467948693488,0.703867849344464,0.289251846722033,0.669906863902431,0.29998529178285,1.01027796829497,0.296075799145383
1.2117201658485,0.175819514065395,0.0319338328836105,0.0185633511413583,-0.874139516665274,0.0434904734485737,1,0.0485034345851037,0.3746118084197,0.446898312141032,0.243805028862393,0.460747092727137,0.226945711949033,0.566624846224526,0.194449539448616,0.703249970970411,0.208432358129463,0.678677004317189,0.23492712964814
1.41186667174661,0.246649016368751,0.0681792254920962,0.038710907834015,-0.904261045367033,0.0339004062972243,1,0.10999284184593,0.365410330486441,0.648301388693462,0.239202705325297,0.584651497222447,0.215175465989901,0.580836703695496,0.219698182373104,0.742118100390186,0.20718321958172,0.986152732076824,0.265547473565713
1.1852280058385,0.182740620640671,0.0366464581592273,0.0218677590531409,-0.870306441225972,0.0420471909119665,1,-0.000859257294492609,0.320368747043724,0.753025013357889,0.202469833651182,0.460363030976595,0.199348745512936,0.123118813668188,0.22803157612718,0.800599505803427,0.194155255516638,0.636096694890569,0.239734181809622
1.34431149857531,0.222649176291249,0.0553885670659957,0.0266083230097006,-0.87704250280587,0.0466461413853917,1,-0.0609668319077568,0.321861517444343,0.673781106305783,0.251826529215224,0.566633358724388,0.226591507862236,0.84159659557416,0.220999989095809,0.383083125074972,0.242950923330093,0.81245941487335,0.202803819958032
1.84429663714258,0.448508109421054,0.0790332179120069,0.0457256780670119,-0.94777065526313,0.0272643680993936,1,0.0162604678797651,0.516383301936548,1.12153049351144,0.293020806565152,0.817939654881642,0.282351598683571,0.963157019064394,0.254192095136311,0.893735215998872,0.296383922870315,0.867525854649109,0.347107849535511
1.28144292206804,0.204580090969839,0.0752793641315645,0.0343897907991577,-0.875138752318118,0.0399979898509311,1,0.0455608206326793,0.380568592150618,0.555653534108549,0.194790052152705,0.646080281681957,0.199253200946411,0.468896581876773,0.224074536888382,0.834693034640322,0.22376754387967,0.392855142825128,0.280969121917915
1.62346706678492,0.275662851225616,0.124124847335637,0.0565010551818858,-0.926259138332188,0.0283111538342707,1,-0.0920312207605902,0.580877909878605,0.981629385677158,0.256578444155829,0.762458208519183,0.248565261969313,0.565024252884438,0.220651103251238,1.02280366664907,0.239916077404564,0.911522192164521,0.252844531574156
1.53779323901511,0.237429706933258,0.0820415221259926,0.0361098906984144,-0.891192761075264,0.0363675264357435,1,0.477291895856338,0.414533931840945,0.798960942015347,0.22117762949382,0.724098732856873,0.203796852539932,0.584634032047054,0.226211584503331,0.609314161691022,0.213037461809372,0.8722738102495,0.251272658457699
1.18848844145393,0.177751278371622,0.0286689686430955,0.0154098298463084,-0.875145434515318,0.039159669834796,1,-0.21918564458017,0.364765718006081,0.472900713370785,0.280004699944641,0.827667641189853,0.17260438089647,0.560096797837582,0.19307636215037,0.464734464218325,0.215168642231367,0.177604707635725,0.284182964710708
1.36925323070999,0.274411282493521,0.0540401893722859,0.0328582369479667,-0.861110367195265,0.0655268166009855,1,0.00585978150298184,0.482243306948173,0.765495999602182,0.275923649391739,0.751524351016599,0.284435214215701,0.335360597185006,0.275297750404961,0.554392629190529,0.282228190449615,0.767945728214595,0.256631282791709
1.2770668806128,0.257623918308876,0.0512503647584686,0.0276693038970703,-0.903953431384062,0.0424866132352349,1,-0.254305045561943,0.420469404589182,0.743802412204451,0.275505502619921,0.727767135557847,0.216063931789417,0.632777523520573,0.247583625466516,0.52028450582227,0.261414543007422,0.624444127471588,0.25910247244037
1.22788836851604,0.158898815065433,0.0377036006351101,0.0163006569876154,-0.866077230784681,0.0396469723937805,1,0.0120705984521936,0.482580228491317,0.710421173151,0.220693780367344,0.418802419060125,0.188002842053434,0.507620929289357,0.198674297720333,0.480684183136706,0.217846905554657,0.536102355128121,0.217134889723527
1.47127351141417,0.262821788623003,0.0855085983161046,0.0446992000060933,-0.898099369381819,0.0367395753961445,1,0.155700557398076,0.394268054086425,0.779069926714073,0.250624870783607,0.670456751181989,0.182974867922972,0.680658277188784,0.218929094166025,0.802459158413571,0.233101402187171,0.793400024703063,0.252042328653889
1.37229110126843,0.247869531460349,0.0474465615821228,0.026844805715054,-0.902365586228381,0.0359786033709439,1,-0.353080286214877,0.579507520761075,0.885037707871105,0.253931495781596,0.680514155604294,0.239877077981473,0.708584218690585,0.210983368101549,0.506435297120608,0.261373703182536,0.594955358572011,0.280993721849626
1.33806652703104,0.214464165777854,0.0599545183866329,0.02740350531789,-0.90369884840369,0.0382610381866977,1,-0.093229465955139,0.362298768051686,0.929043960896807,0.251303316438569,0.501284065869683,0.255361158464715,0.678249439467257,0.227944395191414,0.745403395456345,0.210767458249912,0.674397133934108,0.263367273917458
1.64383434740608,0.352502048309765,0.102330480059001,0.0622473015060156,-0.92677930681329,0.0351984658915148,1,0.865887658901582,0.427202266855735,0.452513692371154,0.311837462521615,0.806268757206494,0.263047351350549,0.628348754774795,0.260345941161392,0.935049294850091,0.239360485006584,0.943217568889451,0.289551466628116
1.3246771256269,0.214973816110453,0.057370762581115,0.0229447020502018,-0.870751300726462,0.0472889810782712,1,-0.775190799054395,0.453043171998724,0.869298342149,0.231481308994387,0.631304654108161,0.237371386422435,0.852591602526009,0.189161196261282,0.626359743032372,0.192351408298912,0.766045695012546,0.244524755064425
1.51857130309233,0.329973257618138,0.0617986963233929,0.0352200992317697,-0.918242648499251,0.0401293918813107,1,0.0712487706344215,0.482746797075026,0.732341667124199,0.261810307290362,0.818532658346685,0.258337936554146,0.694463005756879,0.262971048840342,0.817333149355413,0.276156865220176,0.721362732754386,0.281359391726644
1.5011741303575,0.295131863941335,0.0716454830570466,0.0407898801933269,-0.914376885056017,0.0364330828718731,1,-0.193230198799888,0.533415881735188,0.803593978666035,0.263973001365308,0.795657010132665,0.233602764868219,0.495274189016915,0.229583861926292,0.898864400376879,0.239126998437835,0.861844075175757,0.272049811401676
1.66309376736118,0.298053373157027,0.0895580834713461,0.0489089235011457,-0.909530994392844,0.0375906494873501,1,0.399786499947195,0.48472897204693,0.581413147174891,0.311626769024305,0.738985446555293,0.22862580250329,1.0689048661456,0.229184451098055,0.605017711293326,0.252797904232201,0.639289021746713,0.247145816091225
1.84331977498241,0.436511081374504,0.135777118659312,0.0810472471155128,-0.935363236219761,0.0307193728477275,1,0.184866919278295,0.62853927192666,1.0387409212661,0.29090991567032,0.887714909487049,0.255687551930909,0.943027859162014,0.283750562038125,0.936798394390029,0.292996049808895,1.01880508495163,0.338232571482973
1.44755282615479,0.312623984862843,0.105438461491468,0.0547260194080741,-0.878258021289465,0.0565125641917733,1,-0.0911908838246359,0.510859999724421,0.688666792666577,0.300738348743265,0.883520008478428,0.219639841925214,0.808165052317856,0.232727416322066,0.676753674080116,0.275295881978921,0.484583623756212,0.274084850989163
1.15971156045728,0.170287052417257,0.0247313009215523,0.0137249908692405,-0.864872647445628,0.0405908264140511,1,0.237567613293808,0.345720817611628,0.260862281798206,0.256707599954898,0.678311454430214,0.187372477292519,0.274541774286783,0.223240367849679,0.609302025159362,0.201245330217512,0.61492386783267,0.198424949737686
2.06435331384325,0.524549454622592,0.210686070973665,0.134374721854448,-0.954699981595056,0.0250647814044043,1,-0.385655655469988,0.577067498512079,1.21764189443633,0.280614206980217,1.05912280396241,0.265747052030232,1.19059044484824,0.2914984399807,1.07467037639429,0.317003232161516,1.12155507818451,0.334681913629404
1.3419063234486,0.29463658484794,0.071167712229101,0.0410846474516127,-0.923951514565936,0.0358523595178869,1,-0.00593330251882905,0.413230572681614,0.44310210815802,0.314951107884515,0.591816970728719,0.308339331491734,0.996466836445199,0.243033831728436,0.676818314656455,0.276868578189085,0.497229845389845,0.296414291445562
1.45072084713483,0.207361029884099,0.0653731488679626,0.032921337044185,-0.907438690237179,0.0285369505811238,1,-0.1295843602576,0.47114660036279,0.840838992568111,0.226555302894623,0.50817197149448,0.185544737464851,0.79350242633305,0.206032640487651,0.926580584989939,0.192576916434619,0.148451862921318,0.274029296821439
1.48969348158238,0.258606646856518,0.0702432248744901,0.0410446682697317,-0.886796554438888,0.0355082039139036,1,0.496943349909503,0.353940413130024,0.760646097075023,0.234730451008654,0.667314684471395,0.201361815602314,0.412422281666726,0.26613352741465,0.800739250157797,0.242558059958042,0.706207043109591,0.260363554508177
1.03227920315829,0.112552849639156,0.0296075450384258,0.0119715264814312,-0.852877226803377,0.0401589341630376,1,-0.237133619892352,0.336904552528431,0.324848904658789,0.235245181683624,0.607586724180576,0.151454809055382,0.412241862462047,0.199377159067526,0.356310088589505,0.205637147650414,0.567655768269402,0.194027753879146
1.21755690153825,0.220647383206762,0.0498419857536304,0.0219260367161118,-0.858719957822542,0.0502063419163095,1,0.0550780611393174,0.386900467131212,0.562396799984888,0.258958422730146,0.437236253007876,0.238384954812763,0.416942151599977,0.238337825067699,0.486231730111581,0.215364561951719,0.836618885132011,0.205119964094103
1.56419030889609,0.253092790597478,0.0682763331509834,0.0391019708028137,-0.92997040797351,0.0255751754431219,1,-0.491295637137515,0.503493614981503,0.897020080522992,0.268417577452997,0.871630040001392,0.215542347498766,0.617143047717265,0.233180240183839,1.21632936289175,0.207408688947086,0.60735186929337,0.279092534461589
1.18118270031851,0.185981174572939,0.0322998828845651,0.0201162312035857,-0.889159528240753,0.0354962629531937,1,-0.243386159605593,0.41304755185955,0.794309851347379,0.236496454271787,0.432841692913585,0.216754690432305,0.502232847314018,0.198800203899682,0.541437488279146,0.221459593249379,0.496626866786056,0.247025863201559
1.44674967462317,0.218898859190947,0.0725415320584827,0.0325384583332703,-0.895739883242466,0.0375961084275612,1,0.698665194632907,0.357305805278615,0.473608002527395,0.260416367436031,0.623140457356134,0.261755064459179,0.646094924123586,0.197390835384128,0.816654969971171,0.196872405726224,0.813343428154351,0.237692337328623
1.54779814990141,0.347448566678035,0.0967790588766727,0.0534928169854336,-0.886917514923801,0.055310493160543,1,0.308308215768975,0.457117465653861,0.581334102662074,0.284718897193978,0.844204821484234,0.284016084560229,0.646330965235076,0.285523944884167,1.02395485090902,0.247317557233063,0.649346233247983,0.300247591585858
1.57059983840333,0.345899264064454,0.0664748503399681,0.0379985916824662,-0.942818847113888,0.0251717052756531,2,-0.00689233189897228,0.413637867105859,0.666497410218586,0.324678505436633,0.880907579292678,0.297104213968793,1.11232265729938,0.249748001368262,0.720103970614299,0.253370607171076,0.552430958844195,0.298318689473497
1.15314486234282,0.180152336741649,0.0322330739997968,0.0202486675974787,-0.801931826903433,0.064638513477006,1,0.054616307969362,0.33994395248427,0.529382068416634,0.211097258598745,0.6095344099106,0.216699536602806,0.354511315979018,0.205406502572276,0.54617425724298,0.257300832626541,0.182997637438478,0.279655656176295
1.51522246037122,0.324841078350408,0.0843649793868902,0.0472507978147182,-0.919254345096181,0.0367579812299689,1,-0.196625139156071,0.529357292467367,0.736812398599455,0.315579274490069,0.864822640982445,0.220086203426254,1.07628081038524,0.239326191872702,0.475098779952389,0.28948418913584,0.589766166519134,0.31684259057967
2.18764756213129,0.593203470298123,0.13530524773437,0.093864372967905,-0.950245012668168,0.0258398527569378,1,0.15791393917716,0.465566269284689,1.1676488044687,0.293046667856824,0.976997243149198,0.296580866985653,1.00816561591111,0.296921786298153,0.923216715242208,0.313606387615491,1.11444990608437,0.322646138558025
1.32012990183807,0.19440374757399,0.0543477800268658,0.0276546658489987,-0.875865851689022,0.0404351052490315,1,-0.251574012547857,0.407221131279012,0.852465809812305,0.199595477434264,0.457156976995655,0.217941234834545,0.718477933479333,0.185911437337209,0.626175108373495,0.259555576815088,0.466983367378767,0.256348061269628
1.66888181592181,0.267366951002706,0.0582749252988212,0.0304767664007544,-0.860102505569218,0.0512243109318599,1,0.417352319437119,0.373601938142803,0.596470367044869,0.25393411419934,0.961484632302754,0.20070891303099,0.968516564951509,0.231036441409797,0.589898339725469,0.229765529278143,0.707770064058835,0.23192649298986
1.42608676185552,0.233713748970195,0.0655233300581912,0.0389482581069679,-0.89747842725415,0.0418784764986876,1,0.243158334243175,0.486534018414741,0.862206407140019,0.289531503402676,0.647052260284683,0.25800440020367,0.361478346780868,0.244681289740814,0.910534233921489,0.225988228253961,0.412806203023583,0.24530409454315
1.38338909331011,0.257118306250865,0.0450272095767038,0.0257142284451964,-0.883421471738281,0.0471394339875692,1,0.280120711773476,0.546124408189778,0.700523437184536,0.29026953958842,0.510999824870688,0.25931168728354,0.716071130924045,0.225367366276166,0.259945318157665,0.262843900163671,0.643301851980536,0.254971474948206
1.01638071712844,0.137543993207681,0.0174197492659367,0.0130673844576044,-0.871787669320526,0.0425277553171226,1,-0.429487996909578,0.315475546391464,0.71792449819932,0.200270342622159,0.178146787688115,0.229614059134817,0.661109814265754,0.170499771503558,0.384473832521359,0.218277002282312,0.420928215369164,0.248166458900473
1.16698019891094,0.218769285177593,0.0445222629797039,0.0267391719014054,-0.859360238813597,0.0438713239049802,1,-0.46152769477992,0.380461706823664,0.747139281484827,0.234114293068448,0.602289859621184,0.206140433353462,0.397383305980882,0.229260688131213,0.819736980363149,0.222356690841476,0.331157279381019,0.30104891100238
1.37126387191866,0.263471538067527,0.0584545603256535,0.0353407442687058,-0.901930029038602,0.0354984066377263,1,-1.06030104776362,0.5942405458888,1.03583812424616,0.275915696997416,0.845072856555717,0.20501841715196,0.74629262408735,0.212749711868911,0.651437665398579,0.263558815880072,0.34672261495897,0.302708409561059
1.41541536335499,0.200300550295899,0.0536306574633922,0.0269971492796657,-0.893883435359487,0.0390262096554398,1,0.778965977832579,0.336958000136582,0.297708850490425,0.278383844279183,0.61645426658083,0.204226633263279,0.611623233997564,0.215345720513388,0.575878058572437,0.22920934790833,0.674031342082678,0.207222085431599
1.41653088456638,0.26699082069817,0.0738846349727955,0.0415387168370532,-0.907090494701039,0.0363211815149427,1,-0.13053622880162,0.410144589246762,0.858425667944421,0.258421246100334,0.478057739994859,0.23832576142483,0.863995408850545,0.213596041975525,0.890905447244166,0.240830413804839,0.506563749522851,0.256684535240082
1.6313772359693,0.428377445266171,0.0867442602806458,0.0534891258523715,-0.921241597547027,0.0442001126566975,1,0.333251249028743,0.437603724021558,0.750316394401067,0.33404918916373,0.772351685114733,0.283817084629654,0.804149014713967,0.307308600566002,0.940523222517662,0.319538481431541,0.860684449209099,0.340404915914036
2.0268725842019,0.58302827166373,0.179249272858131,0.115015851267744,-0.960525930436416,0.0240634004517508,1,0.438782414872207,0.665439466050384,0.817626005881789,0.354083907590168,0.937396514682826,0.314514917014491,1.38250033886552,0.319556572259653,0.786863404760769,0.344040830939745,1.25664846899869,0.318907522853518
1.3793299663513,0.261626131039256,0.0620772921526435,0.0285969807036183,-0.900566242002022,0.0401436215550094,1,0.101468040060679,0.459179626816928,0.682840869554562,0.311213211274326,0.502995647148895,0.232947466775262,0.60682480353334,0.267025185342808,0.87624233325392,0.234846485918494,0.410881891477427,0.274564947218634
1.35091510772755,0.249814519630359,0.0601722186229881,0.0332736426342968,-0.876688252681324,0.0449919415178431,1,0.169541796087748,0.416318437646037,0.827873296005836,0.232317342356637,0.447603278626056,0.250544804767596,0.678825319231599,0.246994380948862,0.260391002418886,0.254730291579974,0.642786080047655,0.239098643286384
1.59184097358642,0.305978035706503,0.102329949114018,0.0563112115407328,-0.905015869918105,0.0413556550391166,3,0.470689742314329,0.380970959489804,0.724218406419276,0.256643738598404,0.868702589581997,0.214110385407062,0.502096072231827,0.261395423217147,0.808789308840887,0.268644737274964,0.9585638019152,0.273755172718092
1.89006764967697,0.390851073290034,0.0833594917892683,0.052478547164755,-0.935025597527203,0.0302040388387215,1,0.179281484406843,0.515545831433816,0.743688651608642,0.270354702848695,1.17329283354694,0.246056580594365,0.914262488920995,0.268224263742503,1.05923934899915,0.236987140640116,0.953841518611252,0.260262902413821
1.86583603094735,0.519986800347545,0.183851983283437,0.110515427544542,-0.94938177768305,0.0315767880577774,1,-0.215828216362028,0.597472587654261,1.07440807969143,0.273765975501413,0.623100377674559,0.331754652272158,1.21693419287437,0.276845910135249,1.10459921564035,0.306368670096731,0.673494306460662,0.352009150305571
1.22300921273185,0.193931641205613,0.0277665525980607,0.0169618372721206,-0.884866670538485,0.0380974826586701,1,-0.133911035226805,0.255565100123653,0.78580548723561,0.190872167123199,0.372969869183759,0.227468208050446,0.706446931385212,0.176398241648485,0.493571922363968,0.239550184819158,0.399250964654653,0.238820059595308
1.11937918023744,0.13760501123066,0.0142155728350665,0.0103924112156697,-0.84948591674587,0.041155707822874,1,-0.259896543524582,0.276158889844271,0.291963505641959,0.235488695979556,0.952132628158186,0.160205120399189,0.0263176575910663,0.2115500048792,0.433796128745712,0.219328939571969,0.340554370097019,0.223818659834336
1.46499376736227,0.246892754714557,0.0763912747003918,0.0411097230788181,-0.896818018979018,0.0414348296009325,1,0.555628683847258,0.378092622483032,0.439316228557302,0.27692200797441,0.713531830621712,0.212193783883469,0.738972535728138,0.223245378760137,0.769917284400744,0.224587767362563,0.658095790078888,0.280968102123935
1.32339428274559,0.229277075042575,0.0789374010034078,0.0365375665091033,-0.864427800097674,0.0519823671752288,1,-0.2625529946095,0.46999462605429,0.719037186419475,0.267846949347785,0.630324847723769,0.206990064725885,0.714429071817395,0.209121278871106,0.754867247499021,0.216920206190962,0.605195223660663,0.281982515791245
2.03795168996418,0.459772083099687,0.114713689075724,0.0572981607887212,-0.933561305527333,0.0311810117416532,1,-0.102812141747505,0.494401722578087,1.22775902762451,0.286774743133235,0.836107400243051,0.300830795585252,0.927472072996212,0.29367584650502,1.07649674575644,0.25223044791032,1.158791355894,0.262520215954702
1.51484824358312,0.256059397904534,0.0870274641816828,0.0412010340516507,-0.904664843902603,0.0373215370053742,1,0.282574259623743,0.46570739204893,0.722982344111781,0.262761208734298,0.805776504815738,0.231160230057887,0.589003651096452,0.250159820143005,0.802183404332418,0.23092557019026,0.925192927798694,0.271193423259787
1.29901065008253,0.214237086380698,0.0520150622472016,0.0268059465019176,-0.870041578374065,0.0387270663825041,1,0.180033345006108,0.405232489333034,0.477363411376938,0.265103351754393,0.596772558636664,0.232625862249385,0.8126206256299,0.190730863359646,0.58177758801372,0.230857125572195,0.673459520103322,0.227722116287418
1.3548280497176,0.250956680641856,0.0865515504686744,0.0437544003462186,-0.901945452890034,0.0358428130191616,1,-0.194335360180073,0.418856675556495,0.591500989937793,0.254804225937764,0.742142352325026,0.201615979546691,0.862194366834731,0.191883093844523,0.78304800848447,0.21359626615199,0.609627925248841,0.284703539324703
1.13888140472862,0.139364711347882,0.0332808634770826,0.0140557523316804,-0.823970777267686,0.0512651058411912,1,-0.124078926847064,0.336335013717873,0.591463436105965,0.218863925190844,0.344410924693599,0.227833852727034,0.254806173163986,0.199434263789777,0.60118270207349,0.179726126100991,0.58381397881161,0.183045287331632
1.22065932342983,0.194802086229604,0.0398668368333826,0.0224310472785999,-0.885875533960382,0.0424876953437314,1,-0.219195266777532,0.397443535575073,0.694736151860724,0.250368650721427,0.449708232778793,0.215269845997588,0.471276117749202,0.238610208816937,0.616929846672872,0.244340821209866,0.904882735716983,0.229516973484395
1.53750973139115,0.286206125345887,0.072642430821492,0.0342019234627121,-0.877036708157883,0.0506585389514033,1,-0.102797377873577,0.497446905135838,0.940287915544934,0.248918014267502,0.817134667380237,0.247116854243689,0.526407976492752,0.239377254135774,0.718287001950614,0.256326668871392,0.902756846638986,0.246152260172243
1.5071479051149,0.232639338551749,0.0688879160846263,0.0372359767024356,-0.907262122236816,0.028556529181626,1,-0.142041969861227,0.457708497705642,0.688964606034032,0.229546380654395,0.747939021758711,0.234494412330978,0.905217982996216,0.180844283052296,0.654059976005983,0.241299142604272,0.676114486254065,0.287262635270218
1.4487339085929,0.305126420357902,0.0907898590392564,0.0511592618099433,-0.873191146262635,0.0513748666368765,1,0.205956780465235,0.506168601022673,0.801664373797742,0.254365432662849,0.745436530070827,0.22275601942263,0.563400168096547,0.294376745688979,0.483212963452105,0.300133065566472,0.761860450765146,0.246325795905305
1.15485567247713,0.166022598966134,0.0313075315829019,0.0155225825791298,-0.842073817619599,0.0487357946706542,1,-0.0754468856124111,0.327663648052263,0.629881314100733,0.209473972847894,0.31923387899639,0.231159579189683,0.445837329600514,0.198448988941998,0.542818327489526,0.195702560752878,0.659849842426989,0.194935784937785
1.52563896294621,0.298663496280559,0.0583491469162575,0.030635121092211,-0.914583557185821,0.0343131006702321,1,-0.289282529586069,0.409321763258429,0.90266734346827,0.236976653397838,0.768318827841341,0.233203161405539,0.909088480887623,0.254867205181531,0.896906355019932,0.236944475780941,0.346308536875081,0.290490661793835
1.29266041046121,0.173659798373595,0.0276386030015091,0.0170355155619356,-0.856244290681798,0.0423496440026744,1,0.101113654222035,0.297678201609426,0.689944522924685,0.179514906368795,0.61519790770067,0.194260001398374,0.365468857536755,0.206512108452764,0.309865275378242,0.227209667072697,0.591958303575581,0.211239318353322
1.27796555479562,0.204027181434196,0.0706873121913374,0.0368750570828665,-0.885156569068162,0.0427355677194896,1,0.178050619757914,0.383991672648541,0.43389929887146,0.255952103109012,0.500405356763456,0.214779793833753,0.792317589174203,0.200677947590318,0.775940943225378,0.228522055235547,0.750789897379734,0.258475518565381
1.56173787423624,0.292302651649172,0.0609164543498997,0.0328864866503062,-0.899288930383053,0.0348874544440311,1,0.0402580432632263,0.437886397092949,0.831902797869082,0.237058684957647,1.01588003794808,0.199999012367754,0.837974032561415,0.22698372193022,0.450094373527746,0.252199616113046,0.81580405210484,0.285687395268641
1.35701966808485,0.304587919330579,0.0711079537180193,0.0494508768090036,-0.903727055030502,0.0403104628032943,1,0.752838036377129,0.387695265695607,0.216500816032299,0.327336863470995,0.536468260004045,0.286492289726187,0.719140917957337,0.295800508953531,0.427863588843093,0.30858040430557,0.681376792416018,0.308883822042363
1.08994430062164,0.134524256334686,0.0257874459003537,0.0141094857820358,-0.886236244366593,0.0326627518368789,1,-0.130756751845086,0.315923445963969,0.635443177963421,0.201643809135581,0.303967946711072,0.218609356284415,0.263920989481373,0.235975647579289,0.651686530321718,0.184427300608562,0.44175409636046,0.238425350230532
1.7705858417359,0.410555694534182,0.0607048371938461,0.042888650294037,-0.956373731002549,0.0225441118446456,1,-0.0151424765919529,0.444804125916684,1.08204216003977,0.241407568220726,0.660602597687826,0.379084251371638,1.1731278705867,0.2863170209854,0.753511164225734,0.298125393743834,1.16862619058956,0.275517551076789
1.85044374299386,0.425762535165973,0.0822014424928192,0.0470720577132292,-0.953884505345875,0.0211541045161428,1,-0.369891299938701,0.482018671444983,1.11425993266144,0.294343536947874,1.09049501889984,0.240468828282752,0.810500688750625,0.276163844895233,1.21171501816137,0.255392373007908,0.730098776643563,0.33469411505567
1.56462643083268,0.295017891009692,0.0577513680098202,0.0338045842734179,-0.911996814197367,0.0352365684697556,1,-0.123955009844241,0.365266966340645,0.708068928029135,0.244463455094886,0.84665573312621,0.27293144276496,1.05301812775904,0.212120405932692,0.815775842731087,0.259074635897338,0.473160410024997,0.324886116084154
1.73106457547204,0.484229957011698,0.132341635445285,0.0877836301603607,-0.942663688946207,0.0348854916779113,1,-0.0344163312210398,0.625302897080672,0.970556836438493,0.306730504313031,0.979625845717653,0.271764972750814,0.711311145775242,0.345840470114243,1.06753335599277,0.285544863356218,0.695129551998469,0.348024558905954
1.65964763554837,0.310292488431708,0.0717275371552285,0.0332645164285509,-0.940001729822208,0.0228196111288308,1,-0.237804734700256,0.448371747032989,0.903132003634663,0.264860653515868,1.04156225181868,0.184435576087822,0.716935783974099,0.240623862630458,1.09702147560678,0.239690859417229,0.866959935865846,0.277665894036491
1.22520170524943,0.203938585364776,0.0407085627809378,0.0201354546559127,-0.854744577210632,0.0563858807215128,1,-0.461719379974885,0.463174567773938,0.857231637902443,0.270885965132844,0.549116755645156,0.226927774153522,0.591604277949317,0.22614518303942,0.593964796658008,0.205119715081411,0.249633942045612,0.296304526261641
1.35760940193477,0.20537851968307,0.0391958202724259,0.0216705323309421,-0.881857099565422,0.0375025384684893,1,0.121376479262437,0.364278839598411,0.69859702282676,0.191466682188295,0.624758531638703,0.187981663445543,0.70503590887835,0.190608639510681,0.595004853832404,0.242980858336671,0.682875038894179,0.287385750618716
1.12107515038098,0.194433872102933,0.0427155028516702,0.0214687535200146,-0.902443767353921,0.0348706705289407,1,-0.35790210479584,0.302407972034446,0.619167292151394,0.201953845366742,0.386971099348498,0.2154142362031,0.521622773591735,0.228329998285383,0.683291429039328,0.22377533649712,0.822530549998182,0.233404658701876
1.33658152379085,0.179512706590411,0.0234863651079326,0.0143387692683367,-0.885757241687752,0.0347570768790833,1,0.252394872342791,0.377274821596213,0.579342895610664,0.234514276549201,0.630352951662986,0.202625238427832,0.428059885737691,0.208453263053124,0.748528762317197,0.194478779259435,0.360469209959094,0.252376619192642
1.26758482769936,0.170511003584303,0.0294562950216702,0.015938649672694,-0.876608497529958,0.0392433966843198,1,-0.275568984986028,0.333020180188937,0.736614016983647,0.197643766181271,0.731973049885005,0.185897895609899,0.659025719496311,0.191770220660192,0.577383310207819,0.205515085240076,0.50161074645433,0.254494810848443
1.4987426652745,0.269650964449885,0.0433272482222318,0.0230471680264109,-0.908705787138303,0.03538666098213,1,0.809234700174007,0.53176218842853,0.314625796210058,0.316750979774799,0.882727871308886,0.197118619981961,0.497957075454015,0.229849400239628,0.721852134993056,0.238651040588206,0.729657519817734,0.24866372540382
1.61122463947178,0.339396050317712,0.0620616939491147,0.032821208078611,-0.935940741063598,0.0298437598158426,1,0.412185237970021,0.504863468049465,0.777783831669637,0.293369483514583,0.782942721523234,0.269178270656849,0.761327177761794,0.276426970743339,0.624191817046181,0.275430373917505,0.842169225946142,0.24512890428327
1.58505844873711,0.266089409601917,0.0676802033074889,0.035584811147764,-0.903325940926177,0.0352647514335934,1,-0.0750513022389545,0.471651938721687,0.788683370913062,0.283249822030761,0.692121976496737,0.205350434309022,0.923464327213967,0.198278931851181,0.809809636967787,0.236262257160965,0.864045583851642,0.282986461051412
1.76849894334195,0.35116980984583,0.0994583927949121,0.0456351494738863,-0.921835918665582,0.0323521455863195,1,0.335579175074078,0.452197695415027,0.761350634162486,0.241201346167337,0.839299697201375,0.273439474244721,0.959420802048523,0.242940366948064,1.14932533299278,0.238079995731549,0.999237141690936,0.262514405260553
1.35724296063625,0.274782636802227,0.0790829042851156,0.0490743288248419,-0.933272836349101,0.02966878864001,1,-1.08835277180307,0.544447113922857,0.986912213345288,0.249451776649836,0.82199827579637,0.273796607952609,0.604864166283096,0.238844070422902,0.937174376929946,0.229954588222282,0.544308381072562,0.292576198878302
1.37760501808876,0.214322583391636,0.0768796242199365,0.0379051090526504,-0.829208281482118,0.067227020459879,1,-0.325258935869863,0.335049940410251,0.773279135994698,0.174060233264,0.741722904773389,0.24339969436956,0.654325947076453,0.203173298973671,0.652374193312482,0.222899895529209,0.524057650574998,0.228532309043529
1.41426071025041,0.245624383381828,0.0588303068967943,0.029547482553419,-0.903624991211233,0.034503885963566,1,-0.208776514697433,0.464539391081206,0.96217898268979,0.283105455831757,0.553335925721251,0.251624714064286,0.724426368176099,0.209707101857354,0.471965404233785,0.248308910241497,0.728841576780386,0.248386321835022
1.62104159481267,0.337546830939198,0.0806160545034708,0.0459421539660339,-0.895789185317065,0.0517296054849042,1,-0.859136870544723,1.10186151528909,0.939663154571795,0.444563768088293,1.0490522150243,0.277037045233922,0.860887406647732,0.246701808899514,0.739321374193999,0.282118925605938,0.820589624286023,0.266023473794226
1.39782331120084,0.214823889292917,0.0387005230126931,0.0206934200253893,-0.882079362676475,0.0428071514150642,1,-0.214727481214483,0.366719077967913,0.782186725198603,0.212175928900473,0.533505230210921,0.221530773077304,0.826126160789615,0.191934909190127,0.617194307787422,0.186585739622051,0.69869612265695,0.247952910836914
1.42699905072354,0.19689587952815,0.0535009396119185,0.0251749488835321,-0.887877907393482,0.0437476567568351,1,-0.20098129759591,0.387127329530981,0.860216139947995,0.246278063166404,0.684042461401445,0.217506198484434,0.660153698946219,0.20364201866146,0.494403982065021,0.186109717539702,0.900497714913193,0.254376562095852
1.24655093211609,0.211044840366343,0.0352030408489724,0.0189686740423641,-0.889589285010839,0.0403951668611893,1,0.104324122228687,0.372156695122813,0.325000340478793,0.28562186381731,0.792974062459531,0.218130616085035,0.557870738251376,0.222588960122404,0.459622977432816,0.223791518423696,0.829656096978313,0.228153781357259
1.61234949660029,0.328409967305064,0.0789007111593672,0.0430333880614467,-0.927008209680322,0.0314120685311958,1,0.174173084819764,0.445620538648621,0.691204128784511,0.293113219310834,0.879287475679518,0.256564098255816,0.924395828723985,0.242865637652442,0.742508009019913,0.247742875541555,0.412391127374797,0.318499789922196
1.3304842592208,0.236418042146417,0.0652877281222367,0.0372080844121064,-0.869637023102898,0.0453283685478398,1,-0.384898724187065,0.415278078572135,0.783947986646669,0.258427779989243,0.753970227439251,0.211012887220129,0.709451066043524,0.212120721495911,0.251661161423409,0.295735203712001,0.683740183033012,0.255708614909622
1.203181516922,0.191709773614534,0.0342004697137988,0.0200820971576103,-0.837096033431972,0.0563511146408316,1,0.17404237467673,0.272103034840745,0.150679879979051,0.268621834226722,0.707293958231664,0.241286153238961,0.632038248189832,0.20707260283149,0.551514881320457,0.205709456694418,0.404027173240825,0.247141569740158
1.62561017698297,0.343233394334353,0.0934655086337921,0.0554103630623912,-0.922194575823813,0.0386338327362469,1,-0.038905335765554,0.549079785756416,0.799890024451813,0.272230678652422,0.916376914397083,0.265627915229116,0.959117666584564,0.245086828003982,0.753601342200215,0.252053841912253,0.953214470492657,0.318517002702118
1.46114583329336,0.254886644250609,0.0529528443068827,0.0277029925126313,-0.868825584990629,0.0470315500741112,1,-0.107632551690226,0.402173845795643,0.792801589760752,0.250385116356607,0.664517377025137,0.224351322064722,0.803955146900474,0.197469792013106,0.818152663640676,0.218775365104118,0.756237788500112,0.248958744873461
1.3069208684243,0.198582573056262,0.0544799953762254,0.0284176474035355,-0.845437485818225,0.0568698864938271,1,-0.405156927461864,0.409410600845334,0.724206805326821,0.214923382952688,0.657167490796801,0.211892975009158,0.614561185331301,0.193449940188771,0.629831935734347,0.231256434662776,0.713840702331325,0.233431243661273
1.55468157362436,0.397363589395505,0.11194118172051,0.0633488820303559,-0.929872293664373,0.0352553851724242,1,0.161375457840886,0.526216176520684,0.623846660449963,0.309339883459304,0.935864162357438,0.309149393436186,0.844621968933347,0.276040772561282,0.828816137212028,0.292975065128328,0.765159922078654,0.309092163173846
1.64992596279497,0.40295351974845,0.0955835851179455,0.0578167105481038,-0.926869496872542,0.0390808471146076,1,-0.275452958641474,0.53429647306822,1.02900523291751,0.282515205680521,0.91838212472563,0.308981473301003,0.711420281212248,0.271165153988652,0.620786310926643,0.26867122418785,1.21843010513845,0.272747013862518
1.37308397912681,0.209200323289053,0.0433755224241641,0.0249917355093792,-0.891365011331627,0.0399950000526803,1,-0.191809785968674,0.473756474519265,0.824559830164523,0.23796049592888,0.487141383477106,0.213360002513287,0.78374773292092,0.184291406682214,0.543660034481439,0.217520635328466,0.570928761014089,0.227465589551598
1.51526478083074,0.287252359771194,0.0545868375844542,0.0314647414941067,-0.910101351870223,0.035024194745831,1,-0.193899851187588,0.403005651028211,0.78215679705748,0.234735840611153,0.988840493082796,0.226698758018469,0.81782273571502,0.221612965496937,0.518297396445362,0.246064477780899,0.460122137057261,0.285962805914688
1.14738670957137,0.149395252208653,0.0364178678994561,0.0189107934364398,-0.808393365103463,0.0553462232876908,1,0.0553177830917279,0.383687677051146,0.350333091100416,0.251674090482973,0.548250478695437,0.221793444006508,0.549799472241445,0.211465546319221,0.516180065158045,0.182484946339479,0.293884870937155,0.262333708156896
1.02301073352624,0.157884346436166,0.0139954812352449,0.00888637404402461,-0.827528661668167,0.0557264302585315,1,-0.28937335971992,0.453481177568442,0.489851225660137,0.324368624324258,0.409758584681504,0.221806272857027,0.622433108688852,0.183636622216362,-0.0660254770520207,0.255206917584607,0.241990693937007,0.222597875285052
1.38168801828309,0.191548499980618,0.0526322117275941,0.0272967404876163,-0.887788902641575,0.0414194701050459,1,-0.0496536978238691,0.436483174767577,0.642941014027074,0.253189440769201,0.933000223429502,0.21746201329076,0.496221966352415,0.217315493959772,0.553891473370648,0.229191648426785,0.844541564340337,0.195358146161215
1.36967772793787,0.212746654725714,0.036187505048045,0.0193669608893193,-0.898715028080729,0.035959228568385,1,0.113953411058548,0.357907328160221,0.834591175828813,0.209314698811817,0.247129239740466,0.228285990919478,0.718201643139664,0.195713965684379,0.40127189922726,0.239484157450856,0.999335027799785,0.20606449334265
1.45954711413329,0.227763689262109,0.0924598814620903,0.0433432173832417,-0.904413735787961,0.0322986504755827,1,-0.171853331865405,0.46735910615705,0.809621661405832,0.209963913051837,0.821151436140573,0.199403691329799,0.819415189406997,0.198004267044257,0.71281053166294,0.209136114115861,0.738281898837662,0.246314773738451
1.04759553110246,0.171815134733568,0.03417495775901,0.0224858335504775,-0.83301993284895,0.0652271681193127,1,-0.00628553319978202,0.372891731050591,0.0212426663719832,0.298748050420659,0.504210880933885,0.188684254215077,0.612628313574703,0.207869028892929,0.623220581424905,0.21210445957103,0.287938706687736,0.25182467631432
1.40603734665449,0.225852681622192,0.0389883349638771,0.019724053553283,-0.875627292428585,0.0462518248977963,1,0.138911184429422,0.344880819170032,0.733187080283665,0.230536465938611,0.564188250948321,0.228004821269941,0.64802164537687,0.199837005006626,0.894855878437269,0.249876128819717,0.508091063900634,0.290200665647994
1.4415994055406,0.299324515416768,0.0585188784242016,0.0360508268686669,-0.894057635281988,0.0429230231576198,1,0.304593400427598,0.347990876382354,0.541517314134157,0.282252323242818,0.632818893988475,0.238524773490972,0.755693403055973,0.273963861691705,0.825853180762082,0.260897058173821,0.408606046511738,0.369886855794678
1.15897351093242,0.132629345947237,0.0294655225464812,0.0124741012907854,-0.875867705744016,0.0367730195625428,1,-0.25766529836624,0.335856970228246,0.649538906719381,0.215344994709023,0.307304855541838,0.22970441712274,0.68153479025133,0.157821946569598,0.486689757875052,0.169181270950533,0.788401534475558,0.239487736080436
1.15067507038142,0.139265434091774,0.0277587473506431,0.0135682860923894,-0.801978066294127,0.0631250930865495,1,-0.100467128168583,0.360167041791709,0.675654614057087,0.236834713714066,0.488374633953599,0.201435585907723,0.47122356200968,0.193268865329439,0.425213294881236,0.179409284088151,0.507770741207323,0.24910541645023
1.12447788022647,0.153017136775073,0.0185594443382341,0.0119153113353403,-0.870975936090617,0.0391620969672747,1,-0.40853798170535,0.360187253850385,0.598294945915185,0.22540106611749,0.722350399828409,0.153896246012751,0.365229921736258,0.196307499457717,0.536270948706042,0.204568439417011,0.19253418727808,0.245337256576442
1.58710554879885,0.284772552931599,0.0557145663800236,0.0311864100836213,-0.916873267212938,0.0306027168094552,1,0.392375899925876,0.45051376767852,0.793548419614614,0.235697949392338,0.786002151076909,0.213610937070704,0.520694108821552,0.234544648421099,0.924285719771837,0.242554170622722,0.680537447468192,0.273255683455886
1.77248735183155,0.368418166511631,0.0903850833597301,0.0431729624112199,-0.94260172243463,0.0256477541841695,1,0.540188614329845,0.455974994239259,0.685853129305561,0.283509227161602,1.03231018725045,0.230672674062069,0.850539929416437,0.231661323423599,1.02797858587612,0.270121751462491,0.963700991192355,0.269917949193833
1.81280413019855,0.444039469801282,0.165128973285463,0.0949014201855383,-0.950128251215335,0.0265871874202907,1,-0.75578231617463,0.550625505287806,1.34626166102159,0.272190777009799,0.651340971670236,0.275500770807789,0.824616065335698,0.321972561274715,0.914285133719127,0.315702408885514,1.28500975376038,0.309172979248181
1.90330308231997,0.509087592474442,0.129071814249643,0.0814506659971572,-0.948280269234215,0.0263322365174658,1,-0.464046888275133,0.570104800784169,0.988142515973265,0.324217938845221,1.10592551270511,0.321702281611938,0.869819546321923,0.300663384220374,1.16183341997779,0.28191132282845,1.04800011183361,0.320490413899602
1.21587697693329,0.225296572507407,0.0373053194157244,0.0255784447251521,-0.899652695002626,0.0412014980337118,1,-0.0299479686016888,0.292900986867141,0.422569577539783,0.284636929021071,0.839114682622869,0.194388151838692,0.36578501049411,0.247015744679766,0.608990585329766,0.230071315878687,0.547694150562841,0.265177187583398
1.27133732290908,0.223759348655585,0.036882210487923,0.0212678795939978,-0.832681430361022,0.0689559521777678,1,-0.156688723915878,0.471296664367841,0.750904603963096,0.242932855424734,0.61587764087619,0.227985977611259,0.807594704968266,0.2362175552439,0.126201886776645,0.290144363697016,0.408977228120252,0.249213399249673
1.40368170370795,0.195154577036465,0.0467962658732343,0.0234374568406022,-0.903283819957882,0.0294892780108406,1,0.526464755263698,0.406408339302318,0.58685931212388,0.257305696886351,0.501826256807299,0.200493711000629,0.681016664976634,0.232104977180247,0.637576436691677,0.237717537996292,0.631653245937055,0.228268283486835
1.14680081962024,0.183979341340424,0.0283486686811302,0.0188084471307581,-0.864940504520965,0.0474105387493283,1,-0.00168556267856461,0.443660598070836,0.497226280389554,0.302676542828595,0.458945230251598,0.191277439287756,0.510039185768501,0.214877579703885,0.454805876327183,0.243962660604067,0.483155285606978,0.258543924481414
1.26685582759695,0.156452321239311,0.068972353376961,0.0316751674232556,-0.899304208401216,0.02923866837871,1,0.149284855106947,0.344074781858497,0.537496108406109,0.212988339475998,0.556695344807729,0.2149517716814,0.498806559769987,0.217723550273632,0.794044448606653,0.190075433334472,0.72218889762911,0.23675958968347
1.46116342228712,0.264298673099983,0.0677097508740056,0.0331149571393213,-0.91376200355634,0.0315332538526528,1,0.355457998132998,0.463331801183031,0.557217022481775,0.266693371844855,0.829117185238569,0.201936346295063,0.646989982009232,0.206303032138552,0.69100192809619,0.256937290669355,0.754460212754091,0.234505695133057
1.48199955085815,0.277077489374181,0.0916174945790496,0.0439606770416969,-0.916314792518578,0.0363331591012461,1,-0.634545130682954,0.41319557242402,0.963012619890428,0.237781171757699,0.858420285487829,0.219832104749271,0.997144453677409,0.245556490669428,0.762407951714676,0.231631378978641,0.490066054107923,0.319397596621093
1.52985002021481,0.265441970502913,0.050910799276563,0.0308754686679587,-0.901317074734675,0.03981626401186,1,0.00487013174235773,0.578754424069241,0.973134538005139,0.282264466033845,0.559105013836879,0.249555276531774,0.753174076660323,0.226765738326401,0.294750388643796,0.252769333629881,0.99166203085738,0.225484357811218
1.37940395574389,0.198155048245627,0.0457608955658577,0.0245144283871051,-0.894832173064125,0.0356173256857109,1,0.0639584362947091,0.33876248395272,0.511399105586487,0.219889544431499,0.730492407037573,0.164353216712535,0.768601837594367,0.192540895777821,0.698139286376948,0.221396691065303,0.672891740002954,0.224623165481803
1.5940069045926,0.280231650748915,0.0658970190740921,0.0294796481379735,-0.932957124421095,0.0258705474901676,1,-0.494491579516428,0.555525573565293,1.06715193546384,0.259887307654385,0.797298691505738,0.200311135224165,0.972022623149146,0.228853898073555,0.835170271414872,0.243484997490335,0.464772261424877,0.321590675276566
1.18017738579273,0.165706074366319,0.0346309539656534,0.0168529571793102,-0.794578767331022,0.0514748987705986,1,-0.110892624235583,0.449362315610609,0.552520375383407,0.280866230064654,0.619129440158745,0.161628586789058,0.338560311400081,0.181983433943287,0.801690643763421,0.190882165782776,0.262952547316797,0.253857753044785
1.53148550575017,0.267786334565464,0.0613962798466276,0.034617303774079,-0.922983550744259,0.0309581437766202,1,0.254919111833108,0.483284326771717,0.421199848947715,0.329256662959592,0.90675552543904,0.200030118043238,0.914801596669066,0.246740502741246,0.891985777711575,0.232737581488912,0.849835631622102,0.248627183051272
1.32862220975505,0.218808634282569,0.0523279240208659,0.0290644763763434,-0.876661803904519,0.04648130035718,1,0.161271407300932,0.295454549648723,0.274316606370441,0.274771883741069,0.753582157930881,0.203956894656976,0.747278199712681,0.2071403322086,0.719866941239342,0.217670968317107,0.710552499420808,0.264267115871363
1.09443131720998,0.136066387732958,0.0201205176881764,0.0142479268552039,-0.852445334057207,0.0409284509791297,1,0.0103916268202888,0.282941696542193,0.471098693986684,0.224071643683706,0.547482343330185,0.222597652869952,0.396169529190257,0.187106583358453,0.268740100032948,0.221229035566701,0.344182796995471,0.25573772044997
1.60634298809074,0.251633081964285,0.0450017824581452,0.0237619554082657,-0.898576696744943,0.0364925423884526,1,0.212168378374913,0.288262143604072,0.764379165623275,0.254692965105739,0.688752642125892,0.203747280755032,0.964805803753192,0.200885787640024,0.941880202263557,0.217669696863827,0.709401897871015,0.291820424685729
2.08799476779345,0.67619062783328,0.207992533872265,0.162913347557988,-0.91772973573685,0.0535884384359867,1,0.286803235140123,0.544417280049936,1.06071663316748,0.42432681817285,1.05418039180757,0.347639154902157,1.0729697479526,0.333876110554926,1.23556702135292,0.351768336513107,1.03736604550412,0.38830183040322
1.47188554681378,0.212444292396738,0.0391060986343106,0.0200057901443254,-0.923248442571322,0.0244359376099224,1,0.232855330554077,0.383314435595296,0.794067126611328,0.230631752181215,0.759819462148421,0.186025397474503,0.378472551268025,0.232841083090759,0.878131488193329,0.233502959347315,0.849044242581901,0.198040347339697
1.44449064295681,0.250169787682605,0.055619620529473,0.0240022537654826,-0.886767183392405,0.038432119271121,1,0.150803024865389,0.404303612597582,0.566487270384646,0.287490475652731,0.780652690017321,0.242205502944205,0.81024808168771,0.182714452028776,0.552228084487082,0.248747152186405,0.516331924848891,0.214977338408133
1.6580701433762,0.275718070082504,0.0522380786173933,0.0263049640460551,-0.895830876876789,0.0352223037101956,1,0.166246500218762,0.438872309265358,0.829526389084113,0.200894824055533,0.788544580502239,0.170960880846932,1.11981943853688,0.196607882974304,0.665380565965254,0.240547101481747,0.64275914858112,0.264797002197173
1.37666130872784,0.17731757204668,0.0863051902538558,0.033957029780034,-0.877173688545022,0.0335232670474213,1,-0.732751892313205,0.375879467022133,0.868484034255206,0.210335920547117,0.818792514985796,0.196482574321628,0.707483315478561,0.187745567782241,0.5188309224922,0.223808566481141,0.726772266683058,0.227503247848314
1.37928545266081,0.290192438788329,0.0788277422559258,0.0413073740275658,-0.882255829845796,0.0542815888220803,1,-0.782701671177429,0.493326361991055,1.0640257491793,0.234572947536327,0.585393138541733,0.240057551813183,0.329642197675991,0.268218137335265,0.914459905714739,0.22051936217057,0.6089647833668,0.278755270438342
1.21309038796306,0.214761516874267,0.0552998215668425,0.0291148301336912,-0.881040507026401,0.0539663280946279,1,-0.242066117636922,0.389266889898112,0.389672796735826,0.300225356501525,0.734482518503599,0.245930004708757,0.418068874700985,0.243227564904104,0.851518319871606,0.204603411127927,0.522485901165824,0.267033146093644
1.24770997282882,0.18399974543691,0.0339056356441711,0.0157455694884965,-0.881188867056719,0.0393328659677165,1,0.392766036721942,0.396253778828471,0.361785688459285,0.276602666937331,0.67179072426313,0.182155401868592,0.336242257377064,0.23022986527072,0.569676344192016,0.202967174669282,0.721234769280386,0.221806863278016
1.78114128052058,0.33034928233497,0.0872474285980532,0.0443400401927805,-0.945005038445076,0.0200165327034562,1,0.386055147308055,0.402395335956536,0.93875344567281,0.258624247524442,0.828102526058334,0.232412457812466,0.736755128492589,0.206860078246601,0.992366935356327,0.241483489464674,0.854309003420099,0.273088275803454
1.49340223029695,0.262489419046311,0.0449003499743178,0.0253856285799712,-0.924666060249081,0.0299434367128358,1,0.0172624693826489,0.533753434473158,0.765967428043215,0.271737810423111,0.736907581950836,0.271997986994859,0.610400798791059,0.215871257268764,0.920663789329539,0.194204448090791,0.985283777787358,0.276565688277177
1.42593154035891,0.296704617603183,0.0652899513833632,0.037527577147449,-0.91917316909577,0.0381286295671809,1,-0.797853722153937,0.422526307083004,1.06794773489745,0.235841625898851,0.8133619042726,0.230450664187588,0.758191395520008,0.253214278813139,0.702535500423618,0.277603369025538,0.660748794194697,0.319835696742189
1.22888234967359,0.193776379276785,0.0566287746704473,0.0265172943396602,-0.900393838564098,0.0354494554772637,1,-1.35840653602468,0.479846730878102,1.14399110081028,0.188270773985509,0.357726072367741,0.212120724659953,0.741596457347086,0.201103938120052,0.617229851581433,0.22768877529579,0.837360076064738,0.225858624260086
1.40033802929641,0.250430835974729,0.0709643412891401,0.0346090133022064,-0.857559020453286,0.0483866437115315,1,0.784460516994261,0.42046522996465,0.229878215767871,0.303343606867787,0.624648496661329,0.236254726816933,0.762921549402515,0.218113733346586,0.487589373348677,0.232944075716508,0.681635172920171,0.267088024414406
1.71728505368288,0.243826337313162,0.0645168314705702,0.0297369713214998,-0.933495104969882,0.0218866160751433,1,0.165874565775573,0.493185319473553,0.807452785741717,0.208048645988589,0.942228184423447,0.172529616276882,0.804940594102044,0.209006055145264,0.762659859884106,0.245796705691287,1.06113056433096,0.233244376501153
1.23972498366373,0.200263183418852,0.0363343680629309,0.0195319205322141,-0.854786202104451,0.0479092071785767,1,0.186058180340692,0.315063248685344,0.31267128318964,0.263778378125393,0.840195376192494,0.182467712130192,0.432803582631947,0.207537799324415,0.420445328743026,0.246164851350209,0.548399181818454,0.219942911805739
1.70009136599076,0.310386436319524,0.0975186292477975,0.0439900078350311,-0.927364774997753,0.0272460773027646,1,-0.509098996762266,0.464100300635557,1.10811634932627,0.22690773577453,0.782830519881198,0.272224641059075,0.958004398137573,0.226768513987136,0.718783937044411,0.221934288729917,1.13660027426879,0.203453165105412
1.56304061961878,0.412062500185622,0.0886859822566051,0.0557977095136023,-0.937476293500191,0.0309736018788892,1,-0.139997263652973,0.490789890365026,0.947385553338604,0.285294356285805,0.905096968614538,0.247049964700944,0.691501869894523,0.264274703350224,0.800901094183415,0.325573636736643,0.876664110838562,0.280661928404631
1.37349714105225,0.230688627677325,0.0519153932559036,0.0228716369510367,-0.913082078215995,0.0270055816951565,1,-0.386844769464503,0.414539095066371,0.821215227875795,0.245002034355015,0.699546229892931,0.219350341920624,0.632884169994174,0.228499735963802,0.772691396720459,0.208022141633806,0.618056791975432,0.25927859078432
1.39861516020121,0.166406039958503,0.0341291056085228,0.0203442891659663,-0.859095999673421,0.0444319140129463,1,0.487788680899334,0.331808018640601,0.460479408505853,0.214084899780174,0.876157841648189,0.174716146010747,0.455215571582903,0.19005936808041,0.408584278159143,0.225811030138386,0.933260209843584,0.204337118148666
1.33954369080091,0.181989929489957,0.0349427835074794,0.0193276607194585,-0.848897325636658,0.0430729732681638,1,0.0732188179028431,0.432956462055413,0.610518283590837,0.244713026314548,0.542472034342551,0.184836358476594,0.714177452368182,0.206069672512876,0.700956915333929,0.198003345930722,0.552011559573934,0.225359038440152
1.56260429532554,0.227074101803126,0.0566935827828383,0.0293959658510069,-0.900273357058482,0.0327822476106056,1,0.585829669565405,0.433654681251876,0.501298244961453,0.257303470170282,0.732332787608491,0.189806025888488,0.841898188727351,0.199902098192236,0.908208184743067,0.215429220996082,0.516199818607232,0.25654007036111
1.64822214162537,0.364418146810003,0.102492525812059,0.0529042359025277,-0.92055778904296,0.036620708996322,1,-0.789882541699948,0.673708182702592,1.10769543026093,0.283109279716287,0.939834915619301,0.24651941438981,0.889377904200132,0.264885313253807,0.971135383293514,0.287337831822237,0.603678766766145,0.276881773146532
1.48200152711989,0.274946875086756,0.0536558476991649,0.030405862073664,-0.932181307092234,0.0247590048039368,1,-0.645785836385601,0.484654617561124,1.04785872922659,0.220868164482631,0.540026951415991,0.251598075282231,0.929371796219311,0.182542359043206,0.825218082208254,0.213041423864644,0.958344199971285,0.24953171304102
1.41414351934412,0.170494413553491,0.0344909048131198,0.0189579590264766,-0.893633356791382,0.0311820786415394,1,-0.0495181440592268,0.374233793410693,0.912320788351128,0.165541375379485,0.533864627386941,0.183197046149083,0.678276618911185,0.196890542028555,0.601318714990469,0.212244261729794,0.729352593045647,0.210161998398495
1.39981947390321,0.246469413173527,0.0605570652421982,0.0318216526116482,-0.889618676607158,0.0421646437804716,1,-0.414883375714499,0.418285317283384,1.09882968588386,0.226697034321205,0.539706842549281,0.227702113872116,0.704096924919301,0.225312970317325,0.513021385432501,0.266844403183201,0.44954672384874,0.277667807382806
1.28314687318011,0.231537548845487,0.0504816719174149,0.0271118382497829,-0.86486912277906,0.0489096368070054,1,-0.629624399156282,0.372980197077932,0.916112975318812,0.214854754847408,0.490189933395698,0.210510814622064,0.628830410408781,0.196904229192026,0.534831960674927,0.24978670755876,0.700710037240758,0.224422760444674
1.12995362568167,0.161861034286427,0.0214434140064175,0.0131070056727414,-0.858661526507317,0.0431398533331447,1,0.276090356276583,0.246498992623383,0.114309994405607,0.298391517139577,0.660583387592985,0.188535883005955,0.414232439627166,0.202846125860459,0.640445719530636,0.211311306286916,0.593531400335841,0.217148516258862
1.19968249574712,0.206362950861894,0.0581200126799764,0.0312060155264997,-0.904247013279368,0.0339496938831433,1,-0.568512670110755,0.429893190020435,0.829150466961309,0.212269721382582,0.568606783765158,0.218837908225048,0.541399779074892,0.189980673833674,0.732099170837342,0.225715895570971,0.757359521346908,0.254245340660869
1.61261473383668,0.349085814346598,0.0959001728670342,0.0522637580091252,-0.929843383706694,0.0286088631291131,1,0.243959688858266,0.453164923451463,0.660746514434704,0.269928835779539,0.900353383479385,0.212549241047372,0.674346146145278,0.267929126229021,0.785699847896264,0.27707890319605,0.892562659078347,0.272547763341857
1.45707585336302,0.25173683009749,0.0476834136564582,0.0294432731096875,-0.908829251180842,0.0352072199116832,1,-0.196822300364933,0.537398307455244,0.612991756747998,0.292041485193479,0.967561213105908,0.210419161681582,0.6683644601283,0.231742252705982,0.730791969543965,0.224848527008618,0.654277519754962,0.267972078333429
0.924093649085793,0.104239990681296,0.0100235231293768,0.00822124587940409,-0.81525043294941,0.0509202592288573,1,0.168580819629796,0.248853185511258,0.295304994472052,0.217844727019542,0.215340015526538,0.190590835514372,0.252849282639531,0.210048902344122,0.210890774950138,0.222385941127478,0.486671036630774,0.183072450614335
1.13953173511839,0.137753018085088,0.0261092649116248,0.0152315905724731,-0.855887071106113,0.0341531261492969,1,0.11849625593862,0.288171171861715,0.370817190730245,0.236123053730594,0.690985062051443,0.173172639841448,0.359224650509285,0.204734553802775,0.247860021044659,0.220284780587766,0.70967544831988,0.181614010295803
1.35204710190134,0.176674944690273,0.00596702066955875,0.00780270091728286,-0.912493173108504,0.0272689384478225,1,-0.322300941125782,0.310340247199644,1.01910365835658,0.144269287947861,0.275558401226925,0.22456906915314,0.447154746481537,0.194283296096429,0.706673188753038,0.144304491660548,0.516843970270223,0.235702273721348
1.80768675791729,0.440461350899874,0.135496038404125,0.0895376136458303,-0.936622589540951,0.0309111659855967,1,0.71997252997247,0.524926998935251,0.723101251093683,0.331527464436746,0.768562580296862,0.266066017081725,0.906919165892425,0.279588022394887,0.988373255392236,0.278133791494266,1.01696508013915,0.306520554175774
1.25218947517282,0.19743514896644,0.0470446427563605,0.0278358617590449,-0.882845630701875,0.0331539934588695,1,0.173213276603237,0.386381766865889,0.612744157009632,0.234206915108539,0.435339265155907,0.183513102792368,0.447352306921809,0.225651816960462,0.469282159423647,0.248317621625528,0.554701530584504,0.241559017505334
1.19208020595395,0.185000989877343,0.0292776665595379,0.0168650183559569,-0.851701853029938,0.0482930543503822,1,-0.0938277771447511,0.272250262635544,0.644073366655237,0.248973316359515,0.605072709684837,0.20625087505011,0.516087915170855,0.180793348507294,0.402052154364263,0.233846459295148,0.494247460241433,0.240161357686591
1.3791213308946,0.394896492259833,0.0730877522298171,0.0527178810228657,-0.916644407516238,0.0475072189035771,1,-0.348941340815603,0.662809286208368,0.807786729281437,0.302507646699871,0.669651772446099,0.29845048855387,0.718393383794033,0.357958191334266,0.755874131029032,0.304069307058156,0.556289009609105,0.366525755315723
1.32333163442749,0.245175875898726,0.0514874106803908,0.031873258098541,-0.87418597848012,0.0532007084642786,1,0.439276870623135,0.310910309403199,0.317916420136073,0.273526953694231,0.696073731597485,0.251473590276934,0.600200751051913,0.233566227412941,0.56247250273873,0.222484974256474,0.480822186100248,0.269314710928573
1.46185932919534,0.306602235214467,0.0771241223714628,0.0389428611146551,-0.900957878442589,0.0414108353604176,1,0.202048737594475,0.422837025233719,0.672338960201774,0.251732294325977,0.895875577073961,0.217309772261361,0.547874744655766,0.269345971342548,0.861291185353803,0.25648514756542,0.676778162206972,0.317115200135933
0.995548305668314,0.141306218105008,0.0147071475635733,0.00834662486964568,-0.833684121170194,0.0487211749240786,1,-0.31647576038547,0.408510717953518,0.21028355714884,0.298848500018787,0.703628381044802,0.194555159410986,0.430677293516773,0.191636536554659,0.405187091257022,0.214418635619023,0.26818949524492,0.222670003182191
1.38589142651672,0.224052474652779,0.0729681261543122,0.0369561384567291,-0.862605203769449,0.0496902013811162,1,0.17139248674672,0.437446065668814,0.589069765795142,0.260658585490697,0.6943067873037,0.214275514446848,0.85316835528784,0.210483497600393,0.434596275241652,0.271423629395598,0.738276046319553,0.261751910382591
1.56546275128608,0.267776033834736,0.0740059180025832,0.0419187641846896,-0.90308136960174,0.0356804351365788,1,-0.140931563116653,0.340371006521279,0.853589993516573,0.266976296604543,0.697644892199578,0.179526281465962,0.821864989956093,0.214483688241413,0.729140709167629,0.224957306616792,0.964653254190741,0.256206944458041
1.1878838369816,0.189058946626132,0.0324177943174787,0.0189308564478317,-0.885072922070589,0.0436248050814696,1,-0.546282204797505,0.444398170889289,0.762980107131648,0.230909170691734,0.555400440771223,0.228200711014,0.647831991990342,0.221082119258394,0.781436905743898,0.21130930095122,0.632347550960882,0.243696067332789
1.31831932615224,0.233957225592362,0.0489623054242214,0.0234873199272573,-0.918198772968065,0.0286741177982786,1,-0.043786169377908,0.380344606289876,0.472833613099495,0.284951461247554,0.749396471286976,0.247951282493772,0.715000936743247,0.209503964791591,0.900468788040978,0.197972091347731,0.446161229859229,0.250230869452756
1.29799910797753,0.182834016486192,0.0424893681324831,0.0203234087543096,-0.914732568775066,0.029843525088455,1,-0.187800814497123,0.35189340050768,0.726901384259539,0.226160959735519,0.600625366105026,0.214686264302332,0.758201654226481,0.203127914013547,0.51825527656254,0.198160172897651,0.459151157312326,0.243125971163413
1.3152495882863,0.250145976937491,0.0537257300425628,0.0294787700315427,-0.880153517957551,0.0517805603131445,1,0.572434083662813,0.391440916994564,0.342816902399486,0.310081764512725,0.569771448136635,0.260792845739528,0.678323580025241,0.253475339443981,0.553459162588191,0.242047538282004,0.749571530327166,0.266172822423974
1.1726686360947,0.2577500357409,0.0521065638261297,0.0317035594665241,-0.880802805128149,0.0553827804944985,1,-0.330800717123384,0.415154211337253,0.693403588624263,0.286914889293691,0.573389663480034,0.248037708793142,0.327186257718796,0.267888394254122,0.605769484290062,0.244618084829014,0.50395124819087,0.26840372582731
1.30211646583563,0.1842936194337,0.0504581115611196,0.0170781856799255,-0.890962014694223,0.0396455688488509,1,-0.0528860835488678,0.385635912754265,0.610169940563835,0.280890697650351,0.633145862462584,0.211150484187469,0.616100644174037,0.195435377639984,0.7278668982329,0.225598443503531,0.570213629446762,0.2506140296503
1.36500132190085,0.20336537097664,0.0392037833678337,0.0185881998492095,-0.892955718773323,0.0369215090986284,1,0.0463408023837796,0.297570002757535,0.589700564599918,0.279575259738024,0.766967172774277,0.203742404708731,0.599951731374418,0.191367950597061,0.670394475515539,0.205212625716208,0.828191183397806,0.221148835144806
1.32584809704301,0.268445396270479,0.0442252356523086,0.024096809585724,-0.88521992452674,0.0425231621628522,1,-0.632181881144926,0.469117479605973,0.806190671489536,0.239202052237621,0.833485589916344,0.29388147023406,0.610788314321637,0.234641767890579,0.681023936502402,0.246292938175911,0.547155367925799,0.259600886101977
1.11991829568528,0.236082988827034,0.0678159367158659,0.0348456330505078,-0.866649063672358,0.0522362206174461,1,-0.426722121349575,0.363236556317859,0.653482902437205,0.22010077366267,0.543998033605822,0.226696088757717,0.431096884754812,0.232636948963951,0.757652525837174,0.247595099816486,0.423752866391218,0.294511822728241
1.3295924869736,0.252282053906881,0.0680058465359566,0.0320052347606526,-0.890697089415904,0.0417217091492911,1,0.22180220727358,0.404844233947877,0.499383146145471,0.265039717111796,0.581056983533946,0.241844101062201,0.690310225955075,0.229358994427777,0.449211899883809,0.24816210716084,0.708193874630154,0.249015646627544
1.55666334091482,0.251231465772783,0.0340187353250143,0.0206470463777356,-0.911425489242518,0.033228345772935,1,-0.617724366720146,0.409707128808346,1.09425356699248,0.217403494938431,0.590571306875737,0.191436673120302,0.832677685259194,0.211508730373674,0.633876457726693,0.236469179774594,0.754753623493088,0.20367367290056
1.23885051355848,0.240205025836517,0.0328572272893052,0.0242630520118137,-0.868250277898931,0.0519179219951456,1,0.314250013574304,0.38005612932739,0.603512384036819,0.272358952666128,0.63318031868314,0.216122317563202,0.466597388217834,0.227388619022325,0.346659027195119,0.26665586624567,0.422379017073631,0.272333510604043
1.12194530947477,0.179307990965168,0.0271397203732783,0.0177543051091411,-0.835398355824152,0.0547645940688329,1,-0.0917169535735185,0.314187401953948,0.32062593068038,0.25582711196566,0.706635288915703,0.221098227870617,0.459530056751859,0.193245841961371,0.403324028413011,0.204750997410217,0.453058742311194,0.231093012595253
1.26592817445902,0.188865581695243,0.0494950002072385,0.0239946088858971,-0.868390480030835,0.0535292266782481,1,-0.0814822857685975,0.350189705013201,0.644878121611235,0.217794161086009,0.584571816582769,0.203951699312144,0.592400644177457,0.206949192745169,0.119604911454094,0.269329951803987,0.917869484508232,0.172678795485412
1.80443286332154,0.35277390802253,0.103124960156603,0.0639766407150236,-0.919366704987784,0.0340788516395214,1,0.16008340731958,0.446518176802484,1.00822962174237,0.252861403317261,0.837267774528485,0.242879936895528,0.993877008001258,0.207896222508468,0.783756980954502,0.298034345678023,0.803190771975312,0.306542678267009
1.77237919955184,0.473291228800958,0.155995119650979,0.0978749817385457,-0.923057142595302,0.0397491371269158,1,-0.203248155698606,0.413075487117432,0.834352079450545,0.334117761642692,1.05523551004073,0.250607052479263,0.882876827819766,0.279163088900208,0.714549469490683,0.325427670981133,0.798366135518926,0.319650491236516
1.16771718954626,0.170400010013858,0.050685556237573,0.0231837658473837,-0.780122165806335,0.0706428518863015,1,-0.701026254030398,0.52367301178205,0.815332658491896,0.249701011162703,0.405715548602798,0.199883501309885,0.518428187460661,0.199555816683875,0.565800917060334,0.22288117433492,0.709319847200105,0.227584882658823
1.35879452121506,0.273479323378272,0.0714646832349543,0.0361432581151817,-0.916816839479563,0.0334850891974284,1,0.0639299352484152,0.319706636913553,0.683113995158155,0.255713464333847,0.62009501503542,0.267637814114784,0.706665217932461,0.239732725647936,0.565206767196384,0.231296784467562,0.819675946893241,0.240627742667262
1.60348406324917,0.364624584509471,0.0827834350092446,0.0449600093221604,-0.912684271604985,0.0417503672220454,1,0.210968216434712,0.503587846685885,0.587850877486928,0.292582892327217,0.803459732534126,0.252891395104326,0.980740458842652,0.240314107460745,0.600034764181073,0.297523632341845,0.97594228493648,0.274944467822901
1.65665284416515,0.305024279550198,0.0867974922155878,0.0428525667342414,-0.923723486346658,0.0292056605303748,3,-0.0389675364929784,0.401563797706823,0.943937800652273,0.245807218720057,0.827048191800638,0.219018584916966,0.747332845084467,0.217744445850253,1.14985568360628,0.262994706105468,0.676538606066428,0.263322993857063
1.14439588554632,0.227088151221322,0.0399019241571829,0.0226337408194612,-0.913360498942192,0.0379155672212613,1,-0.519796537214116,0.405436920037273,0.435013852087051,0.255738671332027,0.802187630015241,0.22503114263887,0.476377613896621,0.238938212127853,0.642655675311556,0.241534015422197,0.57622889483819,0.258779730792947
1.5856233263172,0.318569927620218,0.0775442488523769,0.045927342847099,-0.929979356016363,0.0298253853069018,1,0.745446501395877,0.422375342723973,0.391731929004549,0.28390767953092,0.648580067042987,0.318032278452909,0.899226659027971,0.219129157174687,1.04121048425066,0.23770827954734,0.981620531897905,0.266448404064777
1.61076687199353,0.33540426351647,0.0941640085747008,0.0489557005610314,-0.922133476246756,0.0342737469987184,1,-0.282083610899659,0.474805887482832,0.863859057906588,0.236698297868396,1.01569808420326,0.245127205530247,0.66704416481158,0.261125663184379,0.739295843412027,0.264426576131954,0.870742590406344,0.279852262466913
1.07083624820352,0.167191175836165,0.0209851801480161,0.0130869904038352,-0.82957207740349,0.0684291032716427,1,0.149059343869947,0.312123389376023,0.444024020873484,0.228997621614888,0.318856547653396,0.240229898260322,0.392107926795202,0.218696971872819,0.342930213612121,0.262452284081782,0.520116077783582,0.235634113896272
1.47164357191033,0.283878401288524,0.0533744873726426,0.0321794007561411,-0.915954458131672,0.0338232190199598,1,-0.121602354803772,0.32788934601493,0.700232753886779,0.290615776371706,0.857520134348075,0.208662323999221,0.575709263503586,0.251549718342078,0.807301035096096,0.237900205982065,1.01036915745637,0.262891253973103
1.34536880807145,0.23043442503294,0.0568298543166527,0.0306454352128477,-0.87921455606414,0.0389930938732725,1,0.693254753555935,0.460521828036624,0.367328770328917,0.235572925862103,0.544361783617095,0.232993541831364,0.5292553556887,0.21308911584381,0.839733865024151,0.212618429762989,0.76993511931273,0.295213037836564
1.23708084676337,0.270211505520398,0.0742275692905553,0.0398014215392856,-0.868854789365708,0.059921399751218,1,-0.0733375748835193,0.394320484695891,0.575172623925447,0.249704777335722,0.599718941337192,0.268663235251648,0.54722080053416,0.258801923123231,0.594799307032581,0.291341587155469,0.709026259658224,0.255180536243127
