"beta","beta_sd","omega","omega_sd","rho","rho_sd","conv_code","tau1","tau1_sd","tau2","tau2_sd","tau3","tau3_sd","tau4","tau4_sd","tau5","tau5_sd","tau6","tau6_sd"
1.26359265997342,0.925885534499787,17.7512104205823,11.867415267179,0.149065077237714,0.668166942655137,1,0.156516094716318,0.88823623226627,0.486623893840792,0.347257454729539,0.695333222142644,0.378684767685797,1.19718659800782,0.33078565354644,0.890804730855983,0.63486464689505,0.690019188622424,0.53992260079416
1.55247699051125,0.63389430993739,10.8788438992673,5.25263287741078,0.451208220582079,0.640779892612564,1,0.532218361172489,0.34622234452707,0.688024494384663,0.311432266792275,0.854151068422845,0.210280583800345,0.393753083771302,0.293303420263332,0.454203182783949,0.57857668825527,0.411005958052426,0.486748574912412
-1.53228061283922,1.58112872993694,35.231914208284,26.9304359786954,0.288894343800329,1.61081746945478,1,-1.37012040030777,1.97970340193388,0.955719830101798,0.313440275527851,0.184905312720137,0.573202722527025,1.32505498921779,0.523892228948605,0.583896114246407,0.566162595230689,0.894282768735072,0.802005450941127
0.319586758107638,0.731800854781304,12.7083493169244,8.14225765020988,0.848338581909987,0.22529636027315,1,0.194615746512583,1.25821404359265,0.391400369487702,0.524639616136386,0.80924567689299,0.430042571242788,0.802171022509239,0.172387222181335,0.746048595996243,0.266681602583983,0.325434933069514,0.773143805500475
-0.050918192403692,1.30119553607221,35.7652469514283,29.0727096342955,-0.199625645153592,0.673688847203999,1,0.226499679402273,2.15293394406878,0.503712835873901,1.04801569587887,0.810835571880034,0.398412038237017,0.227485225194141,0.426523280447261,0.729958653932305,0.42891479354123,1.31269954501433,0.41477942692682
1.32279546351022,0.705896598269213,10.1294610914482,7.03265691320981,0.0598390845555366,1.41133934404284,1,-0.736567149208018,0.997701218704739,0.834327796447478,0.404567630803637,1.18349361717424,0.355017531483743,-0.176960872911868,0.628151749927288,1.37807494612172,0.418624093470751,1.00588001325138,0.397568452519121
1.81990915096744,1.33523962724256,21.2675381073161,26.3956741985435,-0.354673293866341,1.04363518466807,1,-0.432197272279091,0.893258788708437,0.645125943117178,0.459426597691167,1.01091817723245,0.530305352445592,0.258410288457121,0.98319025828142,-0.339953029232928,1.08666332809147,-17.2675004745874,1000.00000000609
-0.231541522952767,1.02207480097872,22.1993476561795,21.459014048512,0.230056003213133,2.04004172744436,1,0.871235702716253,1.00254285521283,0.0760692964381195,0.523836342723394,0.609431875897327,0.353200777439669,1.14440395221793,0.580108034357683,0.718880022741389,0.810081156078483,-0.395277175550158,1.05964595548573
1.68129640912985,0.812338729326383,14.5276545363236,8.90710542053756,-0.443063263269066,0.254757565446366,1,-0.213368783378744,0.799781568608382,0.325900352417788,0.374577820148342,1.00853933300569,0.451472336937466,0.768738901888957,0.286202505261801,0.777569823231594,0.306366264164877,0.950208836715616,0.447622821847096
0.92102762804311,0.490845673580225,6.17526473663838,3.39964811172243,0.353894081318161,1.10723582060167,1,-0.901368314557978,0.739181453384564,0.785519118510221,0.262036979205777,0.325771735052622,0.316465175501642,-0.0392797836884621,0.45610046413278,0.804573500350745,0.377548877809836,0.210371104666609,0.510565228336123
0.0833644353681093,0.702726021462857,11.7038563550106,7.59072819308065,0.14631486104662,0.810462617472349,1,-0.939116006654906,0.738145553492368,0.575810719605983,0.30217482032422,0.80024138425057,0.338783255714956,0.0144709652711174,0.562584958445864,-0.204368772415692,0.693601724568204,0.600518642771557,0.568432777844081
0.500395572974957,0.665480204445951,9.96380986856069,6.56606230016096,0.845693679963335,0.123087769422964,1,0.503356439617317,0.928157205210246,0.5007977761336,0.439167380630743,0.351481918332053,0.492285668597189,0.177431441592312,0.529334248286017,0.5590134052564,0.26070733371315,0.455471329205507,0.311447447620748
1.11144115457566,1.26870885809713,42.8048192679683,34.6676530140328,-0.259487407849798,0.963792668894119,1,-1.21220181715679,1.2066612003165,1.37557574505516,0.561712919410385,0.661764284175234,0.601802730472503,1.22710713376858,0.494326758467317,0.377320259061516,0.566363833059169,1.10306009141372,0.503583690578898
0.42193297062745,1.44202875873192,55.4405747103184,62.4741070136008,0.58811818353048,2.70999123696074,1,0.514937841317269,1.47318232084923,1.52119372724713,0.750469097283541,1.35717427753919,0.385687092240708,1.43562532714118,0.472638499495451,1.1664700370893,0.709105449038926,1.7387448755323,0.486884802036479
1.24300196175057,1.39971440806106,36.8536750438791,31.2801462875997,0.336789517965843,1.47253950637825,1,-0.594058720576111,1.99987450554229,0.543821034690066,0.552831147804684,1.23318321607314,0.487131117182663,-0.197759451744233,1.06028179034486,1.01960551094621,0.541335554197537,1.28155166288103,0.422871158661072
1.84411690138815,1.14852754327867,32.1467528640172,17.6549528386971,0.788157834750882,0.452653674161296,1,-1.20787124553251,1.28364059950856,1.37880887719183,0.341603040840469,0.440251285230093,0.449028014392785,1.20781545423573,0.335117422717973,0.846668173044143,0.423258555209977,0.885502284519064,0.462132255078201
1.08561824661569,0.860766390685412,20.4617474373662,15.1145399050415,0.805886665532469,0.155888774345017,1,-0.869183995409677,0.902193276931773,0.828593865754853,0.376590510604969,0.850055720620558,0.516603008960711,0.737432573087936,0.377816513414731,0.790331413962238,0.283556601416621,-0.145333205606614,0.68125920367262
1.92977009348978,1.01167350914464,21.1168833169584,13.4618791440713,0.30813995712413,1.43820211469979,1,0.582090213223595,1.1040088511731,0.679417816670579,0.359810910471377,0.440804069370736,0.342263053267945,0.531797670347386,0.581906528852375,-0.665567057688793,1.1530847033089,1.19781408311126,0.433531034705726
1.61930835189229,0.58479683641318,7.10463418664392,3.86676395489124,-0.017498701093671,0.301260248446765,1,0.803693978733948,0.867763202551305,0.591773735152439,0.290173090397068,1.00345829439278,0.318041398109692,0.467970209976052,0.348967203074461,0.967470771358864,0.257511411829234,1.01064395183872,0.483634130472429
1.20075377445562,0.971109257205311,23.5688798260539,13.5884337522352,-0.0167942873375856,0.929846059973189,1,0.0515913597311515,0.568371824811519,0.901610386691404,0.390862496454818,1.08447993043815,0.366272049124954,0.460899140354902,0.429366439624558,1.12086367897464,0.362149028894711,1.00371769261987,0.554169465627977
1.80400508924964,1.19624654499238,28.2476164641993,24.9942831874386,-0.0264342654940725,1.03154558280844,1,1.68967692655806,2.21502330175997,-0.191606888144962,1.1904933196509,0.580944523640452,0.719110324781915,0.843628660600425,0.418650992720173,0.687017076630599,0.590531040798559,0.936737090960377,0.523759405787829
3.28047035594219,1.99021623416747,53.7084545417665,57.704448442466,0.386347261954252,2.7933688606633,1,-0.14789502005165,1.28621498539113,1.05295138952191,0.758411915484238,1.66050959754447,0.506744323681234,0.5978067726253,0.476476930956964,1.58419522181075,0.592934208016716,1.35524928922359,0.630579862119252
1.02266235836057,1.02928578531305,24.6069997679143,24.2651971542141,-0.0904840283348275,1.14742752214285,1,-0.691811000906166,0.956686234955588,1.15343144935659,0.548713550898809,0.821609465566514,0.587621975346976,0.819019836468832,0.561168687659624,0.671039826944017,0.375538652259711,0.794369403095344,0.562615473138675
1.36193632650402,0.964947572444542,23.241510872303,13.8272581156213,0.893307711375253,0.177896325545678,1,1.17172446975198,1.10960715137822,0.823917948252553,0.440200961291698,0.759849055523209,0.317606496332642,0.572016847008318,0.598364114825873,0.249175087910044,0.564428292475331,0.996010478426614,0.31998401496492
1.70514888533268,1.19919806029024,28.5642179692842,21.3809738952462,0.161826857954862,0.852143334377905,1,-0.58808545146832,1.02403505925366,1.05235666133014,0.514100103574691,1.10152888035208,0.371002639067469,1.44915943762133,0.486558461598966,-0.53416716626771,1.13796212711288,1.00095088029909,0.467057279157525
1.76810301642338,1.71683504990279,69.6641690929854,60.1509541561236,0.833225307376189,0.230332329555631,1,1.07124521556048,0.924300495367363,1.20316892009053,0.452118724971886,1.16823602409395,0.531419685760687,1.33112303435766,0.54414007575375,1.53109842085573,0.409122963522143,-0.403942026281267,0.860524675690693
0.708635339447258,0.764970521865642,14.5195021887199,8.53131517282433,0.0619484209983722,0.853362418747568,1,-0.0214838045612584,0.952124339523517,0.235669505776908,0.388183657680519,0.343482420476271,0.449676093038178,0.46733872079286,0.292965317177634,0.645104198448502,0.365242147118549,1.0210502301078,0.32666747917493
0.742695844564466,0.668468387495126,12.3111320967062,7.5024850616391,-0.0529740811676524,0.711452742124756,1,0.381169412857318,0.74382586661359,0.358049749543879,0.417231029208466,0.750778100661566,0.30309708673018,0.788358497573912,0.250575889346759,0.695834899949807,0.329656327332568,0.272516658241107,0.394761894915753
2.24819494314715,2.44622093793013,88.3185684445836,107.477194406534,0.974351737587334,0.0520351717927914,1,3.61329360875839,4.21824829646971,1.20169185613083,0.698735561558343,1.50440187332791,0.735914504362137,1.78070816714217,0.688751864010762,1.78329716492319,0.708488694485969,0.260542879715345,1.07494158726053
0.123321066017721,0.998944732311473,27.1446501963013,22.763019731722,0.361868107421477,1.96233550589277,1,-0.790695529258297,1.16717478136428,1.06564094703491,0.430902577679786,0.567876724271421,0.436415475985066,0.687445867028961,0.466223232208343,0.808554480267817,0.645912364029385,0.849619850155491,0.907876705384388
0.415944893414358,1.26919551575506,41.379239991262,45.0456554453249,-0.395573560792172,0.559334039636062,1,-0.167642796655222,1.02849339155947,0.903281353384459,0.56274326487565,0.847129862283028,0.706888517159808,1.1030568137141,0.357781330471287,0.876165245939204,0.598764108509865,1.0501533966266,0.663338238008735
1.15679013992416,0.704545109305884,11.7106667476626,8.24883428491207,0.25079675869066,1.08305160525763,1,0.778437638983242,1.16184300151678,0.686715684260838,0.465696001704828,0.226698362911768,0.339438995168208,0.920204744403318,0.287063882381857,0.289678328929518,0.423537854123037,0.542821651458674,0.737353977199095
1.40781322724099,1.17604735090337,36.4333941971204,25.0566901679733,0.0744515940507158,0.951505585416304,1,1.63566833129705,1.49363173082755,0.357920537846952,0.663824803128114,0.736205243625251,0.445175566186835,1.39301100060997,0.365618493671353,1.06738944409143,0.353341326617302,0.180912924802732,0.56797681348993
0.557509277496782,0.594087609285246,7.77656880366087,6.62572585731507,-0.043564803854272,1.21473448016604,1,-0.772590476071448,1.09358430341552,0.941584249033358,0.381680247171039,0.633248159200099,0.432280099989693,0.121950386177865,0.721528315869883,-17.5688545097506,1000.00000001286,0.629542100240235,0.579390870505972
1.23459777011269,0.879652677413639,17.5544082863409,11.2896232212247,0.566430816303797,1.45120809943661,1,0.0286819251045565,0.969912949314099,0.702724509781931,0.510760436904764,0.723660551016861,0.499911205293024,1.07835369743452,0.215434931602423,0.161424129276998,0.678175698970718,-0.0258736344430609,0.705595632309935
1.57040417305564,0.784569250214747,12.626014736655,8.02683038968816,0.354387955499465,1.6585676856676,1,1.26480152185303,1.35478630222079,0.630695567619579,0.401819766283738,0.843475992856378,0.288014078463335,0.843856725470136,0.415495344375083,1.12788005734369,0.401088273010955,-0.147954248430979,0.78067683682042
1.75686630700373,1.23892918674135,37.4497498658624,25.6890703088028,0.595115328241787,1.94485205984436,1,1.41665182971498,0.982697368864968,1.00287865135271,0.436888100040163,0.211172658615774,0.399392087903197,0.936381320540978,0.516868634535807,1.26668780688055,0.514502105387479,0.541553668339318,0.645289062252426
-0.328305236991389,0.937738936825071,15.0277664193678,13.5853679388921,0.68516809261267,1.52528454227893,1,0.244715788723813,1.51232034859052,0.321068755673966,0.623991736136518,0.406749857451257,0.289299912284186,0.671670020467575,0.833998490110353,0.223663965227231,0.59410646659635,-0.00315932209063719,0.772417956462095
0.890845502721756,0.636925321739562,10.1772387202661,6.22910919710437,0.725678352799216,0.566277575067481,1,-0.383763157978681,0.926602661236822,0.489627096182053,0.38081059335805,0.785943785421526,0.293344137445818,0.460566876116756,0.381263019844578,-0.134754225914102,0.535744444016587,0.803665202952748,0.410672699465168
1.52082599098483,1.38192298656966,46.9382915128097,32.3933832493272,0.526713312322345,2.03733786434162,1,0.932671736743392,1.01862522909084,0.695783683269099,0.368185735065484,0.207343405831868,0.528930849801146,0.919484848676453,0.250826638132943,1.54930311025947,0.417054212289149,1.2762167124938,0.590810472249886
-0.270517364522361,1.39860522794181,39.444501380995,44.2595056022556,0.989999978330651,0.0169265471376281,3,0.24539682348099,2.50995017377551,1.26180708990703,0.693895869062782,0.434758305069722,0.840265990600271,0.466513535542785,0.763060581692643,1.12507613573564,0.611506975611737,1.38825988626392,0.55486074866325
1.44390820552963,0.611896935238032,9.81927754045551,4.83781799733891,0.214532498398891,0.945534786162436,1,0.368811721645333,0.515239000360003,0.985891364529923,0.262174792271445,0.55615071985379,0.290532337018247,0.157810434633954,0.536961651846978,0.599945452358145,0.561037202844996,1.26610211778222,0.27873542402436
1.50688606523512,1.46910252445107,55.4727019100939,36.3668842082315,-0.802558969450318,0.159451985673006,1,-0.566569108425521,1.09768908154623,1.39734077004226,0.433078469728142,1.22319445656103,0.346700591315613,0.849209251593934,0.250167820500356,1.46137851146671,0.482459234398209,1.56959046500809,0.394398997522967
0.739427136319131,0.488634910780863,5.40523289822537,3.05282211701879,0.622205345076053,0.956771795256782,1,1.12371849574529,0.857547854291005,0.103961924345051,0.332664132121728,1.2328730417514,0.360358030461628,0.957296320953039,0.337608003626285,1.11783004016376,0.271640133057994,0.0521478958133223,0.976979679749168
0.747262744643092,1.11657058266788,31.5208088772804,19.559171228368,0.653747042001535,1.17192775319373,1,1.80332324585645,1.36306090004209,0.743109782443459,0.337246147281903,1.27896948703554,0.262344228923853,0.926178876095446,0.478334156927033,0.818031823965864,0.445644115648431,1.10303965950484,0.343681305396993
1.63431688182593,0.791846993378699,14.5231134473748,9.72092527428076,0.432129944469914,1.85143406505083,1,0.281952244614627,0.948383462408058,1.04739297811194,0.303463441545494,0.83015679079597,0.327197050346286,0.516000429358443,0.597944450858045,0.908800691511182,0.464485464661902,0.522936922687409,0.553506250800708
1.35964121181867,0.632709046066246,9.07443994086327,4.72235036129905,0.767620031105178,0.502752529379287,1,-0.302457760307254,0.950773249522598,0.502503484431617,0.41153466557983,0.70355455650488,0.329407832219519,0.703938085598822,0.210261771843189,0.997624265910823,0.265587007048851,0.231546335467045,0.531862637810959
-0.222364797309674,1.71528513493831,64.7692445857708,59.2743299937085,-0.4454427141807,0.507622371590352,1,-0.0823191000262004,2.19518027439663,0.271837700947759,1.11654017956903,1.2381432238573,0.364409369127387,0.736145734305291,0.434523361868011,1.51096303123698,0.364112636671174,0.261285022355665,0.672647203077526
1.55655218762587,0.95339223029645,16.2072967906741,12.5877122920134,-0.170890131748887,0.837083717014199,1,0.307928898399269,0.836149257147351,1.22686118024139,0.366402009324582,0.490068818804117,0.59287120656636,0.314245910340435,0.860117192224234,0.657208252709154,0.555572564868095,1.41122091987564,0.424375578420648
1.25692312873785,0.908610062891288,14.5409757790349,14.1085453340269,0.859347623551734,0.217786595831586,1,1.05410882028124,1.51158311133083,0.326715975956014,0.76874769174991,0.328738779451866,0.672209381036773,0.8727250499624,0.49449781272606,0.475905944045615,0.411774810381298,0.558558530873708,0.530671752608438
2.23700991458385,1.06577124460545,27.0910877551762,15.1606220448215,0.0267023292986076,0.60164131774262,1,0.00461557570499736,1.06920790609314,0.594566457956981,0.34232143320487,1.10344727500828,0.401178347433795,0.828475933308859,0.363152207171718,1.00386232442093,0.364132975274451,0.51594819255372,0.408286773969988
0.766348355012864,0.480582603749738,5.23219370635394,3.31725444138141,-0.0917601666940726,0.570446259119369,1,-0.543205564073987,0.745649240402796,0.407561113349526,0.459538259652311,0.619658342244251,0.279280937494545,0.638375001438465,0.239601858453948,0.744867406853077,0.345236878619085,0.402545661100671,0.501728129777257
1.21851953983256,0.614010604694684,8.81079123773632,5.28296493587114,0.241638493696637,0.670655297651913,1,0.389548028985592,0.588559220222502,1.00390971805485,0.219717720688647,0.749431376352545,0.395410728825709,1.10939966121142,0.550533841718124,0.833719297491783,0.44491347453044,0.588226575577099,0.652646728932118
1.41871930202058,0.890770276562237,17.5145991382421,10.4938752177951,0.110762316489795,0.788022200171231,1,1.37836370214402,1.17762588621648,0.835765919745219,0.448467217870567,0.587323006597695,0.5602877947439,0.813258377031578,0.288265349255696,0.87141156243841,0.387988339294441,0.675096034633046,0.604232686840887
1.95028040998796,1.18287573289024,36.0275377199093,23.5957927007682,-0.277663072749506,0.445615728840484,1,-0.301557213936351,1.43144212237649,1.40637587903271,0.434901642360151,0.962762843497264,0.582502308898046,1.35548366546865,0.497181277457684,1.5554188674762,0.349172075786779,1.50844068332969,0.237444453586669
0.907470820114104,0.548948054873568,6.74215559033969,4.79866976764219,0.731287598308722,0.985922360043709,1,0.931903691208704,0.880238727933972,0.152117578145036,0.36135380938571,0.961060424815955,0.232857067175098,0.574846328456624,0.449104972553568,0.76521478863869,0.387870147311147,0.730975145652914,0.423320449581449
-0.120425064082486,0.777634799571098,17.7074435495317,12.4572147475501,0.144104408878898,0.908448730750141,1,-1.12556658679865,0.936706124567082,0.855826328912853,0.357430613739513,0.0375814125848713,0.370549196645757,0.765949941092425,0.438507612786234,0.21853979275578,0.463693622304285,0.557010709353138,0.488524893208827
0.602857693376164,0.846223849116341,18.6468934777301,11.5394808887494,0.644451714697691,0.698415478059513,1,-1.65249063893047,0.99434688166086,1.25470781995527,0.154981910952492,-0.272151894574161,0.776156071847921,0.136205163905537,0.711307215242721,0.514023763614808,0.635568518568215,0.325586544336488,0.522226664412458
1.77316525077911,1.07771261230786,24.2970931444752,18.1544527541598,0.270981638714694,0.645628469319383,1,1.20645149743863,1.37021451978038,0.603136005877642,0.755570821253986,0.894809805726991,0.340291083595186,0.493346673379227,0.333814116131137,1.36044954646526,0.510711992808964,1.18278019393835,0.396942030167857
1.93972791779029,0.756614587764563,8.90154313922017,4.72870828717094,0.199547537905025,0.913289463335262,1,0.969901038436137,0.899917434048138,0.862494152860209,0.303717825954348,0.53781381391289,0.349003604630433,1.2813449502699,0.258621202968022,0.597512683273147,0.433806720542837,0.403223849826286,0.479295519711643
0.111388833199073,1.24903464387012,40.3373789871515,43.4809751991936,-0.016539114150942,1.48498142408207,1,-0.630038725169382,1.68426209573561,0.569163229669722,0.87748226725637,1.1658229516507,0.689272032042857,1.21238026199181,0.601474688811187,-0.270909123879776,0.522728940527793,0.827156818411124,0.707580972284172
0.854609150371515,0.699872269449754,10.7723717610284,7.65095583672452,0.750413432870677,0.479624559921029,1,0.650122364406378,0.799646289715108,0.822107042397067,0.313179342697577,0.355368722806092,0.515369269308085,0.648323770610763,0.397745357264101,0.533256871389248,0.60636219003026,0.661900075602165,0.422701197149583
1.243593138334,1.15284500868424,27.0554565416611,20.9065329150709,0.612527327290364,1.40263478750431,1,1.89416397967183,1.92932838335191,0.175432139223241,0.499986711700425,0.374460943992042,0.621180570375411,0.786007405028496,0.531402805735053,1.08359748116426,0.436050516728196,0.104113696939016,0.735935140191124
2.113369863448,0.9090400641962,18.0137118827727,10.85282717847,0.156636322790018,0.571249379435612,1,-0.347310011970371,0.56872094716407,1.10327297956186,0.157102073118636,0.824616682326877,0.492573416791459,0.393189181170521,0.607411320897935,0.790349334591344,0.441198882693921,0.919822590490815,0.505442742537277
1.90406530870219,1.04767915194976,25.9260914410474,15.5452898492561,-0.19919332295636,0.544659065297414,1,-0.655628081999554,0.988072604835942,0.921929091966721,0.487941226342144,1.10244031890577,0.310251402797248,0.67788172482447,0.449369949655836,1.12501743777701,0.267035114375554,1.24213324999521,0.313915972921676
0.322277233732958,0.769883202622782,13.9317856119566,7.94568789507716,0.389438525661384,1.34362810242721,1,-1.412927712375,1.32971671647186,1.08657471242794,0.364965687758418,0.506235598281761,0.3443481543786,0.00453934248050458,0.502057126294536,0.590341924881013,0.338606252977114,0.848673956493565,0.411844396385271
2.09594776951907,0.74440238699963,11.7360389669031,7.06292803884126,0.421614158200834,0.903346067652769,1,-0.223287107171524,0.584701327077835,0.68494190675464,0.225322346346972,0.0169216075595453,0.403674061990585,0.71799716416133,0.242878698642417,0.479579085704079,0.308946470422389,0.794827352009044,0.414994603103831
0.168848186555308,0.691666920557978,13.4631293323705,9.34295913360525,0.0254962104539574,0.561396470766995,1,-1.10958035161955,0.885734545700564,0.564575997957681,0.364763785026825,0.391372234949874,0.515106598506255,0.274287397197402,0.495095387769222,0.51206003903385,0.325494717268475,1.09509068794282,0.464001357706925
0.313647536194248,0.515042586679344,4.76809603955159,2.88484421952307,0.0954044755652256,0.456231888426994,1,-0.778998323202512,1.31987160933636,0.712140266180008,0.317030786389941,0.610173569090624,0.222393768141048,0.763935401864818,0.390647483923798,0.304020818712709,0.67314599315815,0.680586840721592,0.334437382284245
0.492278591161655,0.894666038372074,17.1535915319162,16.3708500845316,0.487674730111183,1.25507465889128,1,-0.314136591841125,1.06167259834399,0.595960328389998,0.357571976970303,0.447621263650471,0.727431087716596,0.424789373786392,0.670198480214335,0.152606158188979,0.816421300452122,-0.632406758565703,1.17783199289526
1.98369372514262,0.907216933067325,17.3016996491319,10.6802299869379,0.407782359515506,1.28811522859187,1,0.747216758174163,1.71247486123605,1.02580131507269,0.452054036698864,0.901196033772743,0.481434866306561,0.823956458242365,0.264774143096447,0.552672877986124,0.455024095602511,0.81944269635978,0.449954550248585
0.0125771227842258,1.14343600850412,30.6232500251919,23.6561792017815,0.618690081812892,1.8157963789994,1,0.847623952786054,1.57440626795767,0.30240156808789,0.276496036842107,1.03687196564933,0.598232390630381,0.67426270091282,0.489247257828536,0.725897394207073,0.556558064989029,1.03496905982698,0.409532535802212
0.722782221849219,1.73322973591444,72.7789538656687,70.7470834859777,0.815430453522026,0.480322997191363,1,0.745079015389914,1.75444556554706,1.15863152147014,0.416034201070446,1.25954925882866,0.701188810133772,0.549723489310578,0.566616161977947,1.51294439669647,0.560615998030564,0.870267010120601,0.818194841050643
0.666538112822012,0.718483029730467,14.3342552778803,11.2286167248113,0.118132912270173,1.05455924761372,1,-0.455706622915,0.48184775152909,0.852761627478459,0.270963128536989,0.70578967254358,0.634873693199195,0.391707911058125,0.720775656637667,0.594427220142091,0.61799089360256,0.231289292842474,0.596564312742207
0.169694632150337,0.939687959361441,21.8807385668422,17.4077295392045,0.847075709462177,0.229750105462614,1,-0.00886548102637225,1.32694995987824,-0.773209892662771,1.03579612841019,0.980869891895853,0.447447573757443,0.363210154675791,0.607549278769346,0.350858127001594,0.408423754449699,0.889121342691748,0.370181075087964
0.134322043166753,1.15656325032011,31.1609468531525,20.4850044688832,-0.285214645225823,0.481334449067896,1,0.740835687948863,0.85906350499651,1.48152490403634,0.305481263646328,-0.250225906073955,1.10017515134828,1.05519439513421,0.460758755933533,1.14890358500841,0.367424400936638,1.0400381122558,0.661403061311922
1.18340588977663,0.55476893571793,7.61336682711696,3.41399381263336,0.0742790055935736,0.45038928220664,1,-0.0829642977859646,0.554422212650203,0.819669643896656,0.19922926015651,0.509898978418947,0.231754828658395,0.615718248593475,0.31136621883985,0.383058022608803,0.358227589402605,1.21143965272845,0.292341583224822
0.558612448325054,0.787779032663925,16.4586996479089,8.99792024599127,-0.265141730016442,0.401380463212871,1,-0.582348958024685,0.628340916663731,0.962633730021438,0.296759963364998,0.668255526335497,0.29739071944855,0.847726707547991,0.264448232932001,0.908701858127362,0.334631947675041,0.649873191556007,0.536209031372047
0.71470298754738,0.588055567186355,8.34905972170526,5.70991087919686,0.187287817101196,1.51157577935642,1,0.507510456119756,1.03891662569607,-1.50118599482867,0.929613683643292,1.31630950814631,0.358155343533383,0.125549314762234,0.301764508075095,0.545153294558901,0.390020490040714,-0.428837408558479,0.700253821325356
2.73278732727246,2.10650161110733,85.3654579152914,81.629316640754,-0.771493785989431,0.186115272902595,1,-1.69489992070033,1.80890694612062,1.66634870912638,0.52221467771252,1.64100868409305,0.5064511582312,1.27522265924421,0.793258590061154,1.44462595146171,0.449573022579037,0.436254123249322,1.00319547767977
1.22484319270255,0.714669200189683,11.1910999197953,6.7069825860665,0.49035804890565,2.03775256982525,1,0.70420533342171,0.842349594374633,0.614733695273341,0.334481015217004,0.676944799782517,0.416417873025515,0.537401361717423,0.35931294340699,0.885603685100089,0.423196200536473,-0.195001389934702,0.653603639058113
1.28155320252566,0.569356424972042,9.31302268685125,4.70358544526793,0.418748966070458,0.751779681020042,1,0.781409497044679,0.541988564623208,0.831117852880639,0.311538101409755,0.256801556886402,0.466500110423171,0.807917275058086,0.362979267234607,-0.0353861203584026,0.486010705117424,1.37373254957354,0.24943993301765
4.73157349683257,2.17724843956683,57.4620380050412,46.4228375290325,-0.0304284667919455,1.1747053897734,1,1.08642466012679,1.12909926633916,1.378758769353,0.411998078266933,1.41111469432171,0.429134927271508,1.32466654505162,0.501213085324261,1.6306255022323,0.513547250091704,1.60568406172315,0.445434558947865
1.90300206764171,0.864301051821253,17.3455972065692,9.96963185163102,0.177326810015514,1.02889846804123,1,-0.116695189372876,0.84195209855541,1.08078504534856,0.319693814924235,1.31832235070904,0.337736317027536,1.06666411587465,0.276878602622339,0.83826528308054,0.492834099223379,0.647043717652701,0.397176688862357
0.0820522292907488,1.2722232347735,35.1608576008033,25.9257772529689,0.425346137780014,1.71771662572298,1,0.250985221396586,1.50055537984589,0.949869785752817,0.222278670593684,1.16915020329991,0.66870841837206,1.11310175640427,0.464701559386715,0.660197299458487,0.641434626117403,1.17976340605379,0.581809834485307
-0.600141459956519,0.852825554637084,15.1798384588605,9.71930628504624,0.516687215793932,1.31007118221476,1,-1.2245462401108,1.17534799022535,0.670830588010409,0.459219411187731,0.987642241539595,0.356344642176711,0.500326452563206,0.466808091820809,0.444421061382901,0.39126321307935,0.389929823463109,0.280989947350159
0.546939534680203,0.629721494297692,9.10530628294016,5.46323957019713,0.182357916195405,0.706943224142681,1,0.359077806172695,1.03052304592325,0.723205800425037,0.455356034900112,0.573157656783113,0.261255383086819,0.721707199070341,0.367159217441582,0.769900273279175,0.336968449006422,0.572478176720529,0.367279963824492
2.94412801176709,1.58806069981551,40.7900294447578,31.9840845554833,0.805333742875552,0.329555746571221,1,-1.05662978152648,0.959699779375926,1.23334944902875,0.447961586438151,1.11785748729713,0.370106632089767,0.994288099174548,0.438084917063417,1.45203799374182,0.411196584517148,0.394327247766661,0.364019995889919
0.849038401689933,1.41810949389055,45.2429277650631,38.8778897252745,0.608745016883612,3.33465903591346,1,3.18862810240252,2.45934674635621,0.586634277781125,0.589417599359222,1.38426874704675,0.502840753357408,1.11604770619345,0.325348894232997,1.39479581424656,0.461152871351461,1.52477334357709,0.526058724225376
1.13745651581531,1.23455228259753,35.8669593695855,28.6089089904079,0.239502485313825,1.55821249466025,1,0.767626351004646,1.13073397187012,0.951159957088885,0.400065814718749,0.913853977579939,0.49009295604816,1.04759617010483,0.618466165332063,1.31540989422083,0.543424421323514,0.578829937873774,0.508264484463705
1.41559088518459,0.609114352283406,6.67909497962762,3.45376805288751,0.2784715081298,0.566953814665799,1,0.83554922620555,0.987400995921104,0.308369210685805,0.324173112538718,0.56476002460127,0.358322200345675,0.902694517185558,0.288887669530433,0.681638761433314,0.352420328502304,0.686104966394743,0.296203921125128
2.65394482711458,0.93145592027615,11.3645439937022,6.55128843239375,0.914871361225212,0.133240226082479,1,0.195115748279002,1.11425164146271,1.20623103342934,0.32809314004318,0.819059476603129,0.307537676263707,1.12616853418501,0.229021450660752,0.715910936685745,0.361622308169283,1.11838026829188,0.289490021939285
0.409494379170383,1.41632851150159,49.1368192542689,37.8954096336151,0.358008752538116,1.86965443022742,1,0.0460160612139596,0.937523626065475,1.03057405549274,0.442450867184164,0.897278482875303,0.48386068157103,1.01051455696566,0.602352897246574,1.13361070448935,0.48874907352938,0.609737545005382,0.59096348193067
1.03242943263986,0.526567461871674,5.27364121059477,2.72315047459591,0.0464108057301522,0.653607345935894,1,-0.375954646870076,1.00277459781583,0.783039704722115,0.382506987782369,0.914117847245847,0.217195591396945,0.470063313493928,0.387226644937492,0.722468703040606,0.369377481760599,0.510003979384492,0.484255550166675
1.70259167029867,1.19911084799553,31.8455814005654,28.4942360119865,0.750704115857355,0.70991885805909,1,0.802254748423807,1.9692560860479,1.14963267603391,0.697317015433512,0.797750173510462,0.517146622320441,1.00433406147969,0.511922373026958,0.630579707234243,0.418367522603074,1.43027872311135,0.473457348187351
2.27667622524551,1.15858610913929,32.4446697675064,21.3242163982852,0.79937458171008,0.762416387316448,1,-0.645580588700995,2.02115734126239,1.36100669928223,0.507850004910493,0.837363646089863,0.340917384932033,-0.0766618707344219,0.636652031815476,0.99751723103153,0.416153558277172,1.48751473097732,0.37880465173578
0.883253556585816,0.835824167253154,18.1858164548173,11.5080188999636,0.161986947022254,1.43511889796248,1,-0.691008999946677,0.652894818444777,1.11656906678118,0.260512327623279,-0.341119626337763,0.677870562323203,1.22218039480188,0.419918378647273,0.157630135384762,0.519514672396717,1.18277275824642,0.354189699932528
1.40048395068949,0.687878397211479,9.95048933541642,5.19465116072099,0.157743531065655,1.04828239052265,1,-0.0455215019805296,0.881738712585636,0.666591104595333,0.33974687471541,0.806345332280342,0.271855758821014,0.476863824306589,0.388327093824104,1.27225403094386,0.284544672784312,-0.0391400984612976,0.54926499602372
0.625199418885075,0.974865377640348,22.5671975480978,16.1187434292106,0.909871334933371,0.130091112935885,1,-0.60191015324692,1.3390696655399,1.23946912292076,0.457557723667296,0.849411446989921,0.406610098020106,1.35188982959894,0.293996067637237,0.115566143112967,0.533880648005639,1.23693660259175,0.364947697784275
0.8876324391244,1.31167095152246,46.9933771833557,38.392509085988,0.202354965153223,1.92527696037481,1,0.925495487566026,1.07061180759176,0.43483663834461,0.438904631424966,1.19297187168343,0.378491997151346,1.25400717540151,0.461902265380351,1.05699636207156,0.566720339942999,1.20096095929947,0.459526730972887
0.919139709741025,1.36000538360333,30.4701808323707,26.7899257046312,0.897451703294153,0.301165870055066,1,1.40452692326247,2.65466429948456,0.361367453237981,1.00354260287654,1.0230045135748,0.358073705987498,1.02344528706036,0.523971318861946,-0.0349602592835442,0.790267990478259,1.05762928123315,0.323591543014852
2.12864502676883,1.17986346918331,29.3015714375383,20.5457562962347,0.288950222065533,0.884099769818118,1,-1.08093198165165,1.35313839443719,0.951470785377711,0.205021959940083,1.10365042596334,0.442886821496439,0.806377807659506,0.863828542526596,0.721096476749747,0.683236322421129,1.17281051759547,0.342987376102273
0.717138866682084,0.863756556407886,20.5747066563473,12.1800915595854,-0.195627890348772,0.772769036273736,1,-0.0406276753869549,0.651830817874983,0.665841976351748,0.418867568062748,1.13497266758103,0.316586293995858,0.847988478564916,0.415737688637057,0.765467188796986,0.544020742850469,0.820541543676733,0.385915952694653
1.41666061947507,0.808967904823859,13.6130106356043,8.27497910285946,0.584520212462114,1.33454046485247,1,0.0312816093510337,1.02361001020711,0.186506406556296,0.731261413904075,0.408526015277083,0.344242303789088,0.429091391272727,0.347490271432791,1.00752863795594,0.296448031728611,1.00793576854002,0.28635876155192
0.722865181592359,1.01942322014053,26.7558349157117,21.4374134084372,0.416711791212203,2.69479103955465,1,-0.575278526423069,1.05988293044102,1.43226346997557,0.379342686871863,-17.1465551713608,1000.00000009817,1.30841990074024,0.496502518601097,0.426147532928673,0.501944990114894,1.21720378104393,0.530973713521184
1.13938045083615,1.20488091746356,32.6293899017594,32.7770922569596,0.474692005565631,1.73321773277629,1,0.129635792346828,1.00385694805941,0.793506600353595,0.416119075694387,0.554897009579108,0.665420531149312,0.895415975061854,0.531936357561203,-0.146309282884442,0.802696657593057,-0.0816356458190317,1.31994296141081
2.35866461765469,0.902906165033091,11.8838695188358,7.38569910563001,0.330534033416954,1.29626902022562,1,0.32123307201902,0.921614506700916,1.02460344306467,0.316126506982133,1.04284181667813,0.276379849619806,0.641724706377951,0.369225283106522,1.05733371560308,0.360438173329296,0.41948746180362,0.608140357003661
1.24562729828144,0.879885825784292,17.6384934218659,13.3875523250396,0.190197928833602,1.34186422924877,1,0.72843665639456,0.89163126570243,0.271354050224589,0.330503124427328,0.619553332341612,0.700572486441739,0.671131363147595,0.383654764255291,0.516159192390781,0.441473977841373,0.723314460583388,0.489857243543711
1.96769790166271,1.01397760771411,18.9580951944845,13.3772687776889,-0.374218867577109,0.750669985932639,1,0.567580738625452,0.988988766629586,1.22710939284285,0.359860033083329,0.77164405565494,0.442009103913105,0.782366607510184,0.39903265978358,0.778659152494903,0.434750256609097,0.777465152115148,0.469085153674632
0.971010451151845,0.906560040631759,17.4023850720383,17.0342472523788,0.359620062058001,2.02745376478353,1,1.67149885213509,1.42449234208383,0.764842927832762,0.535359487957188,-0.266371026675126,0.923855943976754,1.02396690278271,0.734905948134913,0.103869633404603,0.624278085461782,1.01999990395389,0.48701871347268
0.91544579599602,0.647481072496095,11.4268660218255,6.02247073692116,0.408338012989437,1.08202739255381,1,-1.05881771946966,0.797992754168493,1.03727189803764,0.337820005516405,0.675796951871956,0.409269231793884,0.579890035625755,0.538252030152936,0.89710476112564,0.292363000384929,0.722040777917839,0.467092069403761
0.767909262568795,0.553490848361571,6.7703468955361,4.61993261975823,0.569794441589998,0.788435465051598,1,0.272333873941016,0.880587638738491,0.345080683111857,0.316866072958982,0.856040866905503,0.229156428220288,-0.0486140106991601,0.65165542448019,-0.0937042664962938,0.820186656636983,-16.1856953523575,1000.00000006283
0.588536200697334,0.810998927348532,16.36806305847,10.8571049276283,0.274492881250324,0.958314378589505,1,0.213864734062072,1.00437195189408,0.914773904135709,0.247369413982303,0.195700148310573,0.532469734220986,0.663592688737684,0.311918684543197,0.804901245417418,0.544433909752196,0.941621255327166,0.418806672923337
-0.343626975855925,0.730264503531894,12.5308986752935,7.83772124750453,0.428804234794406,0.928525118495569,1,-0.219318826648556,0.67018496440019,0.55614089799315,0.335507815491476,0.219652843762486,0.436780171632189,0.515642171849865,0.422609780942624,0.407769697877048,0.578175049723647,0.373685191594996,0.788944994357253
2.37154496381359,1.14934831325844,23.5833951510089,18.4363311809729,0.610006663011604,1.92901103542312,1,0.215579255304788,1.18615272825812,0.274116996496851,0.535738642003325,0.955157648275287,0.483459265073463,0.757078912443698,0.306637137376858,0.864916887515502,0.65749397135826,0.19578271615071,0.823302881394445
1.28959056857721,0.922558008176572,14.858171606473,11.3838842263343,0.0392904636656725,0.968310352089702,1,-0.320709507877676,0.960083991318917,0.773299255326465,0.340384986319964,0.438412519199942,0.516638103951609,0.954384724667979,0.479125126029535,0.518172971981106,0.312091614722277,1.31545346814418,0.638756744524175
0.981070757895633,0.575468732853383,5.90079546243875,3.19308393309288,0.186353887051733,0.931522835318242,1,-0.305872857787829,0.984799941458267,-0.0146561210239693,0.416861063237511,0.972834041941191,0.244723243822404,0.351602655230545,0.439438447623139,1.09182831329103,0.455639402545641,0.527494059612868,0.373657368006127
2.0935187017644,0.717631724362988,9.91593879494297,5.45510514680852,0.31335077946189,0.721185211678205,1,0.0327404250235584,0.45222769812626,0.481254354328751,0.393458983469773,0.684572440526066,0.232436072301302,0.581714129054452,0.329327781649553,0.569746243310385,0.510580126038839,0.732607454332672,0.422403355859573
0.0641901875351199,0.593978659554357,6.78594925028442,5.70476314141669,0.942455519796175,0.0858148308700157,1,0.687998041693962,1.24499546805761,0.527107359850518,0.260828408622197,1.38378716423645,0.426088203342768,-0.682541114262492,2.28031155897397,-0.400489012017597,0.938415041019627,-0.248715382752286,0.82681525495494
-0.110564785256658,0.847924568305126,17.4577956016463,9.34035775487167,-0.473733375662812,0.178648558032489,1,-0.475371090509702,0.431803353912016,1.07990906916043,0.193885930465287,1.09696214806513,0.439004019988335,0.445931759122093,0.502880876288688,0.718735509116627,0.417726678257587,0.740683964990106,0.587099546137698
2.67226904023867,0.940238635340826,13.1708087065876,9.39385304101708,0.792335241537466,0.301807988950853,1,1.89362873694964,0.773755981926804,0.749891745928451,0.404286099870752,0.795911347271886,0.274472080392109,0.846317705285693,0.42057380074441,0.453603361057849,0.51881192222985,-0.570215985191659,1.04160655917006
0.738542450739616,0.58927772592558,8.15570688943374,5.46218406984091,0.457704535057987,1.07986122000176,1,1.01522984728469,0.823606069904931,0.948688750122368,0.306687888558965,0.172100644404941,0.432158019330145,0.964144136465857,0.403158801006648,0.304178816609664,0.679626405582532,0.397623397900921,0.470370412718289
0.62215759106122,0.663392106726819,10.4294972283789,5.90504337490984,0.436519061274224,1.43140208719554,1,-0.102399062071677,1.17740579704038,1.03076866692225,0.39403077299783,0.560372606184178,0.295693618990439,-0.161570589715966,0.576307648741826,0.644132162282557,0.34376528264264,1.17229710143643,0.343001977512092
0.357196674543204,0.734873489499356,10.7802338584873,6.03096560098086,0.724052753080241,1.25891926926979,1,0.347867733162014,1.31998808548268,0.875847347955038,0.272415446621238,0.905542438919787,0.426581109871352,0.227465409190841,0.511054644901966,-0.121743543213439,0.777770297412562,1.33508018503545,0.235692552987732
1.77130224338098,1.06762309734758,20.5521019956315,12.9836586867099,0.417860647476657,0.904818833372866,1,-1.07061376885869,1.75049221875853,1.31396218546649,0.502662581793012,0.934158953296948,0.297194336991576,0.607497077783346,0.429593754803095,0.819855278393863,0.332062967074877,0.67426170742658,0.450968419591389
0.992644533343527,0.728477111201148,13.2452179924954,6.14384882348252,-0.079314641435901,0.432163884138979,1,-0.00244200641288034,0.701683999925141,0.516713109970236,0.265840866912253,1.03486023014529,0.209284732959323,0.298975926646902,0.396357362065087,0.59373939169486,0.337497827213882,0.833746268817318,0.45277941479861
1.7927102474059,0.706350986736368,11.4177317113549,6.73893482094035,0.0910843204563962,0.913411986531423,1,-0.683461489684253,0.799206018478281,0.620311861092188,0.392600675283821,0.674874893485686,0.298956683150551,0.654511001571298,0.342305184317627,0.517178228328277,0.351203848472372,0.647682878942927,0.380874065636293
0.930136350807743,1.01258924835233,25.2318168908973,15.2044336414025,-0.198721767258012,0.645568287091447,1,0.589149919488131,1.23391173197484,1.01570557520903,0.358559209204481,0.868959637067217,0.379031762912859,0.774097910800705,0.374096472700737,1.3491627425425,0.358457568078334,0.727337406595102,0.346857262469417
-1.03860238348989,3.66771770542543,341.770661768464,421.009977839515,-0.0227615321355789,2.19150312895426,1,-1.40609291946891,1.79279726911011,1.82449673454963,0.684220065652594,1.69781928377192,1.00529121084586,1.71503980332659,0.531956199556035,1.7963986520438,0.991765032184143,1.66464407781551,0.833807440438567
0.85738255073801,0.614326861642111,9.85844455343372,4.78367262575237,0.363746795950391,0.663215774590371,1,-0.572025177009806,0.923961399224772,0.309864347307389,0.407450244985075,0.90852833978088,0.361006353672378,0.700446730777391,0.274390796310472,0.855152978846663,0.194833538446965,0.7717244707647,0.368120851837373
-0.380283858250762,0.831649519354883,16.4993678914097,13.3629702374159,0.206416455111623,1.54288848214249,1,-0.553666698932874,0.594331969520609,1.03616775490563,0.265147794430656,0.36052924737768,0.49074818434845,0.460967425339796,0.828088939612588,0.968869925193374,0.515587215058694,0.471317837780137,0.724927420186068
1.97417983464299,1.70879675287278,53.5182514195017,43.2233169298957,0.953104947765306,0.0575610142830225,1,4.65708790317575,3.2259812371886,0.630449902266055,0.526269341775385,1.47235687605824,0.412343770843328,0.891583565330322,0.716072514068781,1.42347843887234,0.461905420036291,1.23121214482329,0.496181891628187
0.793372571931157,1.14600763041536,29.2366795842876,22.7171982920868,-0.413598320481432,0.566860731896158,1,-1.6369160447968,1.47269659635811,1.19438050720579,0.336998616055866,0.352142387186988,0.458166542272181,1.1142126794626,0.635559917466453,0.75929202234703,0.661678375281765,0.860475357489297,0.473415570894309
1.93895902042657,0.772274359723063,12.7004198895206,7.63436126670476,0.203888239784973,0.724156290801637,1,1.0390745104884,0.59299579567731,0.638391058227853,0.377637190346838,0.993363468354904,0.275016142063336,1.21873587044536,0.320319401186802,0.293179182436457,0.462058589958947,0.894407725940109,0.326213621698017
2.68518139508761,1.70177717645222,44.5015934114701,41.2952699573924,0.57984423138151,2.72398741322586,1,-0.300064132185853,1.58279923533393,0.905030943056007,0.516417985582994,0.70384179372444,0.443168437736346,0.959844213070046,0.668286216642296,0.697332315328302,0.656838922135422,-0.157629120897805,1.10610446300419
0.656641182406976,1.01832149171857,23.3270603153952,27.5745233351553,0.385046700516939,2.14611216764243,1,2.15330245910667,1.36464562035017,-0.292096217041887,0.723255984687857,0.977735789929016,0.757117043234153,0.119548877459854,0.894948831256348,0.780268305534234,0.686559246555848,0.432151147849509,0.703623650827201
1.64274802814831,1.04554651981263,16.2176744941977,14.7168692736962,0.874530019025393,0.243035674823222,1,0.717556700130808,1.05886483354264,0.853716639140477,0.483952914755376,0.548334760952657,0.411080564378685,0.596425159368429,0.512169571732967,0.945485482939018,0.558217567495194,0.133724452673463,0.852347589238128
0.444719593129199,0.657594838987243,9.5624733173,5.15130089690309,0.126722270589982,0.775871934890962,1,-0.30585682057204,1.16453816265555,0.827604434842589,0.23957359627862,0.30204245022921,0.563170548305019,0.855606851191796,0.286523995427267,0.805870175167795,0.404416788060431,0.674884725561377,0.309408398556413
1.33866773422566,1.54260571854677,56.0884351391546,53.7608598489313,-0.62862497769041,0.343640328186004,1,1.13093533878085,1.30151073899031,0.61005885948163,0.631229918644735,1.04392489200034,0.508072659288126,0.769772538716754,0.428513959451604,1.4561830374858,0.365011507186708,1.41776075681573,0.428611191038291
1.44312090332423,0.609301889433436,8.75275627769954,4.89125142936977,-0.0414054173267852,0.620999363307641,1,0.73852063783857,0.570436406403399,0.338942229512631,0.286298709536635,0.690586347104499,0.401281614417652,0.839944213186983,0.309599161185156,1.06051452154106,0.325696867273838,0.805861182583474,0.409429061948312
1.12927256772273,0.559281226979368,7.80476679965803,3.95087638913327,0.416228078950865,0.787429343588446,1,-0.164962333725021,1.11337260103667,0.206086346494509,0.587075211286089,0.938134908625138,0.212716661138186,0.486127237940978,0.307128164348209,1.27952044313917,0.48324359994665,0.718231205194366,0.269187080217245
1.06483238407677,1.32943283009506,47.7621225696453,41.8126718710343,0.0536277488512556,0.952592321836712,1,0.0295940944790028,0.905338124340249,0.685182185609581,0.41593000224765,1.63600121287516,0.478215431443109,1.16078360271166,0.475577968906836,0.849006012398538,0.626040713679724,1.03596809550477,0.527169598532359
0.722549019293731,1.10561445198012,29.6235412722995,23.5723237014995,0.860427758295371,0.358753422397643,1,-2.16481093389586,2.15793640982353,1.20691698590227,0.495382996820464,0.931761707983752,0.598705862574507,0.613554204225092,0.333560029879974,1.23131342572515,0.520933666677082,-0.327913492972988,1.0500546668416
0.122800738598058,1.34116795858124,39.3715161871844,40.0395881729811,0.255559656744803,4.68835537543646,1,1.47017301353951,1.93852437331053,1.29751018781876,0.478512765566144,0.583466626933233,0.883248703729655,-15.9276159105401,1000.00000021143,0.0698217954231239,1.25701636666014,1.03332840647846,0.721973291435752
0.925739848888877,0.590835901537481,9.58343504543562,6.04110786179676,0.690137728116433,0.984402575695731,1,0.736517825045006,0.702400791815747,0.624765409761753,0.395634760537064,0.43799664775207,0.315662236549424,0.24963924379794,0.425225320049425,0.187454259791842,0.644405363134776,0.506412623267541,0.504188831941907
2.37907876695636,0.949851793555409,13.5578577099005,8.98858581066712,0.777106436024793,0.536422572351125,1,0.35627680562545,0.721621861291742,0.880326866922939,0.341942782793586,0.784847748698592,0.495852119763006,0.912009080836297,0.364689722854117,0.647698215441532,0.409674591342667,0.70024048581497,0.461349763340146
0.400522164519207,1.1219400084641,28.0194285249863,25.5180065874343,0.427855069984763,1.32639713650368,1,0.758277915991633,1.50720674733434,0.572636052885235,0.473314049497091,0.81655113757643,0.609548754422084,0.750319296255921,0.322074988192092,0.534485587925609,0.906890596113719,0.820578316312883,0.738956723535395
1.45415897472873,1.00129378896012,21.7285177431162,14.5333060790118,0.881598709465723,0.23373948130426,1,-0.781806007910302,1.58685582291637,0.783737721505001,0.585619099127576,0.718420173447546,0.421991035340872,1.09293244281701,0.283629454680435,1.3758145542764,0.435949130323851,0.664882149508649,0.41846046469056
0.623036010672929,0.845966466952993,19.3956076676706,14.0544275433607,0.24536740025939,1.48628251752119,1,-0.207697310550603,0.964097580007595,0.331483849145309,0.545582596196515,0.517910207005844,0.333552997902185,0.478799316683737,0.511946194332205,1.08203580855422,0.40544034372376,0.933772675114849,0.418959117628233
1.37287158260575,0.648095109893537,8.53532642690296,4.99122648015103,0.977398375370584,0.023045017420679,1,-0.425813718464279,1.42613080343111,0.98557870022049,0.450682699904965,1.12237665652884,0.232949538485482,0.667912124894819,0.464208215274282,0.93493463690407,0.361076682254266,0.469192049835572,0.510096382974631
1.32057449060846,0.680093847634386,10.8337798994438,6.61819634759996,-0.172313243711475,0.475924250346108,1,0.456239370831504,0.96945436620711,0.940362162917139,0.385046561143581,0.804111896069162,0.317757528545939,0.848037953146522,0.249447329695944,0.707199289979939,0.403401416056229,-0.248467922009628,0.71022071596239
0.0891697919465145,1.05647533002516,30.8993160568891,23.4125996201574,-0.271034853952543,0.680173219335352,1,-0.937014389723861,0.627543082858508,0.490797441666409,0.646161706187663,1.23129648443203,0.304119605086924,0.979278448296649,0.442923254025937,0.894299602105806,0.491529271129436,0.765143439156595,0.476651350876557
1.59548767206059,1.18580781714601,33.4473077793895,28.2154489413768,-0.381893738251707,0.636925183209439,1,0.702644587575049,0.802096970406284,1.07038994011519,0.528876642644371,0.632796216570042,0.534579829824352,1.00845737290481,0.658223370139139,1.15197782595191,0.306795608463938,0.876492666042108,0.467507615185211
-0.225276509053574,1.04224200108859,26.2203148256785,21.23881107116,0.333186446671677,1.29716920723943,1,0.739065792048337,0.733634038691853,-0.101062396348425,0.543981256659126,0.3267047101784,0.724428422539928,0.260509393378592,0.702931679237351,-0.525395535512658,0.861296928341003,-0.0217000730893816,0.771241415346855
0.0612517554450054,1.07123868318386,27.6067883720057,24.9529976410847,0.477353816841377,2.75923705504999,1,-0.955873450988357,1.51853854456349,0.920010802911637,0.521074722089591,0.661547479748866,0.466275891420996,0.956278943415972,0.684184104182709,-0.0696313171255763,1.28243162751324,0.914443978319808,0.52918287328855
0.510551064227538,1.7059705914791,67.2724154434581,63.1702298686708,0.959773453555367,0.0861618865564806,1,2.23745063380638,3.02479970494809,0.94452935474178,0.343359400230972,1.26857565987023,0.369233055684185,1.71577160380976,0.590782379677579,1.45043763393708,0.637781097391225,0.277693537758413,0.733927793117049
1.26353953988307,0.737392071569832,12.2686562838136,7.24333566886156,0.530786214537214,1.22974743247825,1,-0.47601457287542,0.943190596284864,0.953294703380301,0.250438771547726,-0.363455767880363,0.546601588146288,0.735525440048193,0.476946786664196,1.11714960455175,0.370926547019944,0.120507280229066,0.503089402317797
0.333996815007115,0.820442725761436,14.9453028872207,10.5418528908315,0.356818522888001,0.76078376560402,1,0.333787365274784,1.21567969324736,0.780323454212065,0.458680864989153,0.464991261743569,0.437124858296717,1.13846347967657,0.411832465660399,0.90490582213146,0.324753171422271,0.631272889027526,0.38916898746402
1.46382580934175,1.29628759326558,37.6108207809418,36.5227665789709,0.147672778308255,1.98062367296116,1,0.876272515808378,0.803952415257849,0.664669994198467,0.416744021548976,0.331104481686962,0.607707445707683,1.3021092675401,0.657056803620409,0.864121378490033,0.903486743593974,1.22713091977742,0.519290027576778
-0.19365142120002,1.06069939592997,21.4946369312082,11.7211327243641,0.293000135979998,1.00663525501925,1,-0.341553082757263,1.51277140608313,0.700875360979128,0.326311444344348,1.10620975739473,0.412657695538939,1.2447944459154,0.344936535565593,0.717270818598804,0.42537153814808,0.771077474924151,0.606708532593631
1.15031161722622,1.41409031147302,43.9364404271303,33.5232339132054,0.347275528226832,1.69164675774765,1,0.0156403418406864,1.23558667996204,0.911114371118106,0.312336589817949,0.662166570029235,0.670871097248663,0.418861651814523,0.476950856218877,0.596467102660465,0.786968370156075,1.41733512137692,0.505503839428133
1.08163971664988,0.727355296937395,12.9492926856512,7.44278107925298,0.446927537728857,1.1253066033637,1,-0.864443857861535,0.934620463872496,0.313402766440036,0.384108537118535,0.922412793786057,0.25178352299799,0.428977940103417,0.3785315742429,0.573085858009167,0.527737585877903,0.622699722183489,0.489538121764286
1.66272026362191,1.45086277175732,51.5467571867221,42.7299696532226,-0.592905391257187,0.228892556392652,1,1.12398741781893,0.914568328146269,0.522356701103083,0.469361990571951,1.29990189721633,0.629687627788798,0.974637428089161,0.637034279089668,1.5572612714075,0.586202889144642,1.25588404848127,0.600317036048618
2.89420984318169,1.42168308943916,37.4001829703004,26.8581106132194,0.954441240473538,0.0631112429961203,1,3.14263915635613,1.61916097592443,0.773999276183821,0.551149523601442,1.06343775920829,0.342494514851729,1.03224073164232,0.487971703079939,0.541604285883731,0.348952394189049,0.989684374520572,0.440016115354133
0.862190979690405,0.734489268683572,12.6557520205874,9.00473810845017,0.353513962713301,1.32260283768798,1,-1.27517856044205,1.12831126501141,0.779644372378464,0.31439790658106,0.387457357141616,0.396446671827235,0.35036357447104,0.29301635071995,0.798299283220582,0.478946699695074,0.639679588809375,0.779553385548191
1.22626785451235,1.70517931989398,61.2784588762372,56.4113080469581,0.843452666570043,0.365098697230469,1,1.16096053088476,2.58441998190451,1.12105611390282,0.590295216318166,0.99338950886832,0.693746294475221,1.06814540341518,0.643750068595393,1.21525247405402,0.544466160654785,0.87379172628324,0.797329352865245
1.31805121660455,0.915749735617767,19.3721117615147,14.8182291494841,0.150778237935509,1.169424036861,1,1.38178652780187,0.884978295823629,-0.0311015921325225,0.885496460393939,0.316961826320463,0.659548831445524,1.03172533715699,0.442205479640033,0.536099188493971,0.524230061409284,0.934336019881212,0.331247273921829
1.48720501638548,1.11911623843939,26.0506533091705,16.3528988242009,-0.0532618301463018,1.06108616300867,1,0.955609867759893,1.44908063065891,0.0819966077757419,0.546977991612966,1.27583798149522,0.359626790135749,0.820416607629906,0.353749390520407,1.02596083878721,0.425411180447997,1.09695604910364,0.407119852097234
0.683589347482462,0.735084146478704,14.026427971918,8.43551941782934,-0.0970472445576683,0.63349970120916,1,-1.63793764335222,1.12969033138935,1.09228840595165,0.324057254065668,0.659216112903948,0.3553709253668,0.846502713219571,0.36414020406637,0.790371494970347,0.303413223072866,0.516556461559159,0.648809165602752
2.02893466568696,1.35680409588833,42.5038458383835,26.7093502466176,0.187821970322516,1.32500973067755,1,-0.17301954936306,1.55867955010394,1.20493751194659,0.279863897855692,1.44784091476455,0.344756772212306,0.50576480892368,0.43335365868991,0.829602484907326,0.608700846221948,1.11356700077512,0.455956408963561
1.01862032494071,2.66783858775172,165.348716026557,221.735062248562,0.444542397226079,9.37317781033362,1,2.59958643317959,2.60765597705898,0.363060409422011,0.773823945131988,-0.0253237704406206,1.30960950612331,0.596649106017951,1.8430354510448,1.64458849399714,0.767286881207672,1.49780059331296,0.678927447167688
1.55844375511426,0.793444082297088,13.1956456921198,7.33712703084807,0.406213482947352,1.09036087357251,1,0.558090242154691,0.984923991248923,0.346868248087315,0.339058816592483,0.826647761846644,0.288111162339013,0.983803765346825,0.327754297565921,0.701728832356206,0.386613179734598,0.882863632465548,0.440156665927325
0.439242004351666,0.795858516953222,17.7827246974128,11.064549894969,-0.0569166937628491,0.497576903360996,1,-0.706582654437985,0.661355449159828,0.473475361895885,0.40182334518249,0.930594569151154,0.189374324957505,0.469320797991395,0.419750605734712,0.530075518567357,0.660158114342335,1.20978304697225,0.491002904868078
1.15687537837167,0.581561445566356,8.10727046509712,4.36144338890152,0.203182809601169,0.638792086031153,1,0.272508751082546,0.759162095416517,0.504778452830076,0.302395643334836,0.854038135744674,0.258617743742365,0.765745163082012,0.391906376792016,0.292378390618293,0.413107882705009,0.81035424771054,0.49479723175516
1.28692603377678,0.644959869514922,8.50799371242306,5.70509876692989,0.123036171216362,1.01100980484983,1,-0.958678813254446,0.854748439850601,0.818775747202926,0.364494889419439,0.640836635889473,0.303637055780787,0.542938703100708,0.322386315580232,0.731382253203202,0.507162365582984,0.802812440387366,0.396244723648875
-0.0112766208733393,0.709709492944556,13.3480899581222,9.2300587835642,-0.32562995687054,0.493141664134341,1,-0.82894767289927,0.555904385887382,0.890316536375467,0.294077685445165,0.835312425735187,0.388898674290453,0.383467174346282,0.543637321143615,0.281910063818113,0.580275600953894,0.850742911083852,0.671412627873082
0.734105194762417,0.590171722550623,8.94708019494082,4.84960525893935,-0.229278034598884,0.424683204135224,1,0.197584638436006,0.569544153383879,0.715284473526808,0.30531222530994,1.15462699274545,0.254848415331209,-0.0756701563308657,0.454597715025189,0.8935344551365,0.434287591386037,-0.724651249318608,1.09490419517623
0.850461488341958,1.12054932761151,34.2707429790649,25.890670701232,-0.114868112032438,0.457253805277612,1,0.256018179249784,0.709910402230284,0.60515236871219,0.248323077038089,0.476961696877277,0.567139466383167,0.907350326862544,0.370449017217529,1.14905896376806,0.509143173073059,-0.694511148766977,1.11363503575639
1.52529406616029,0.752013259080371,13.8762378499988,7.84492067676237,0.323815930652378,0.969570482170645,1,-0.0955969536580274,0.996181180234777,1.00499178971126,0.438566444436516,0.871295078504075,0.377417042340857,0.837231284781696,0.323586772646824,0.378833030630791,0.454044817537002,1.22004989206983,0.276687475653105
1.00192083467221,1.17362456404113,37.0722041011801,26.860898014389,0.199930942567087,1.43988263715385,1,0.0422218400450659,0.66337541985496,0.880958628579321,0.426183699582877,1.2257277202926,0.351135006338804,0.18769102645982,0.504641679265067,1.48510672842953,0.383862258364542,0.98853303005823,0.447654538601505
0.089276584394904,0.948792411220617,19.9222922378382,15.2073336602977,0.527976750314602,1.88189124617011,1,1.05080831133588,1.27870660712223,1.01293152814395,0.444024408169797,-0.0815149736577486,0.696517611468828,0.922417626042114,0.318902610226062,0.944288460418591,0.419789957284075,0.412310834704964,0.649229373444829
2.29807619655111,1.6669916826656,65.7806071990303,57.6208072066417,0.313782250630189,1.96406365580446,1,1.06100829522995,2.24148098706723,0.467117269472414,0.619516351271624,1.02621740387937,0.692122286721808,1.81549163923509,0.49488321127532,0.397617134338747,0.519420634427439,0.382034763886666,0.448617701356161
-1.21132108784991,1.16628154499851,25.604923188565,21.6518198933898,0.064792750256255,0.876252821389237,1,-1.20035374292681,1.10060025830769,0.893091570730255,0.656816829302214,0.802456381402326,0.379619765993425,-0.388364745336855,1.04720730408123,0.370954179995787,0.460742758772528,0.568402813683721,0.392207781496321
0.164605327732105,0.863398569374558,16.9204970067023,9.11121578170882,0.660171490195253,1.00980168302756,1,-1.03007652456141,1.03258178072211,0.644755560607905,0.540393733842689,0.33007078853783,0.470231668691953,0.826090385177616,0.366088240700057,1.02662447092219,0.41405634582262,1.29829798907677,0.239261293795604
3.04801088814363,1.77269351426397,55.3310769144705,47.1849946114125,0.937907788455936,0.0629362413318668,1,-1.77308649845665,1.53235912838275,1.79274256399532,0.433886552110684,0.936001635525987,0.432851994508955,1.03508334558969,0.605858164021423,1.27788244248198,0.477279144931097,-19.8212164786053,1000.00000000015
0.0477774204831934,0.740025168849708,14.406027890602,8.64373032497718,0.101133008922869,0.812990573711787,1,-0.35102235216577,0.780098774235532,0.98594905367962,0.312526645860057,0.680628491349978,0.366401362619625,0.523315146642674,0.553009012646989,0.849554385865892,0.590533124650585,0.196457615339687,0.708697578323031
1.85779591735789,0.804473710019456,17.3553181778899,10.0621177748202,0.678962820605207,0.524126536920697,1,0.538486140727127,0.847920084380757,0.765121415504257,0.467931397130462,1.09804578364241,0.232270741567205,0.913448024337633,0.355332066398925,0.527857756552632,0.406821911025124,1.04372809773294,0.412553192461233
1.66279426780805,0.725247500435504,10.008539059701,6.67365331105541,0.369454042681213,1.45200005068455,1,1.20985781812627,0.817054064769657,-0.1230132849352,0.608009248063369,1.17199705068808,0.360217378876547,0.466148418166616,0.443050465385668,0.512357523172726,0.332711384255141,1.13425256651065,0.339816316070991
1.82638289564554,0.9247242303511,21.4001820395564,10.296286120951,-0.241556498721063,0.29486739321742,1,0.9244718682881,0.738408316261808,0.464041357645831,0.336583976078907,0.554751439279375,0.43685732636731,1.17187780560858,0.288597234008205,0.83014729303973,0.40839830756021,0.981927564148202,0.254424311838302
-0.468855478659812,1.04672515536803,16.5634390166973,12.8066326656026,0.312000440438759,2.08848148628007,1,1.54461505073228,1.75628700049489,-0.538563921676772,1.28754244064194,0.596827303593871,0.567452109133494,0.66624309800105,0.290030095924345,0.459765522877983,0.33773986685725,0.539094302657756,0.567582434641634
0.919013957036087,0.754831965373944,13.5526239061973,7.73649120574229,-0.194505620064673,0.519140543144514,1,-0.14455086533174,0.960157600400331,0.731550203478869,0.32468120940043,0.970721714606929,0.364608175625326,0.636254143753217,0.314040520301021,1.02715922655866,0.299652876398961,0.288524491033512,0.521772372255693
1.01743745178606,0.57782386954416,8.00816929665053,4.699037926942,0.769400810267634,0.363107518951951,1,-1.38614064810321,1.00634226423567,0.878122988584562,0.422289492917019,0.0847300928400079,0.500140602229222,0.526062658379969,0.331937068337642,0.479227281473964,0.31656055913341,0.643139109581073,0.29220734553889
1.22525907756938,0.816607757263607,18.2175976858156,13.4564758429749,0.782212234195454,0.66538418928007,1,-0.504061130127344,0.942514295719278,0.911273062945261,0.328457487610851,0.683721814206546,0.29178711956233,0.868821456517312,0.29673157854225,-0.0166784394344246,0.618403764978482,0.836430235674778,0.56178350176273
0.522615387918512,0.923270913690568,21.1997282826745,14.1178213009848,0.170585178063599,1.13403457653767,1,-1.16139363213121,1.5778347564271,0.9218390712969,0.511449378337659,0.571447448362988,0.324940551710465,1.16039415287548,0.445301776500891,0.865636371150688,0.505061197075511,0.731796396546374,0.425990479281775
-1.4111605881745,1.80851987111031,55.7764008073029,43.4640711392014,-0.0164187353015202,0.665035808025844,1,0.166251587941429,1.19472145179182,0.991096219202495,0.455438669736579,1.00071333178042,0.27960637734518,1.05539577682486,0.569465005451386,0.864782259931844,0.510036447542551,0.799258204821819,0.723218672016619
1.42031740982496,0.708286815984362,11.8950450220955,5.92633951006579,-0.162689848569227,0.435765668720272,1,-0.321794184033578,0.595445791175746,0.76820116738221,0.246080138722376,0.498581769716314,0.425961111262963,0.918196339779776,0.227128579741028,1.05587478655418,0.348331183892447,0.300551420425482,0.406403657966727
0.602288904399462,0.7534679966084,15.879168597259,8.73842278643044,0.67707023835221,0.444931484720568,1,-0.329181402490384,0.80970345945047,0.942627414294386,0.248839807277096,0.462114613938403,0.358136743279394,0.822358567015816,0.264114305615485,0.844678588518887,0.55083970857734,0.932839303686578,0.575374929702969
2.21491866559932,1.21140461499275,34.3466521348799,21.6807930817958,-0.195609318027944,0.478283331769375,1,-0.217046122850214,0.920874081950298,1.18066405042744,0.381106256590868,0.304216714934739,0.379852871440074,1.28141217576569,0.187553003424766,0.921654304572147,0.387778255685729,1.27198924623232,0.49824791984992
0.348044442679606,0.714620658963712,12.6168712886475,10.5321817087382,0.23552511170103,1.3849818730663,1,-0.294669134159105,0.992849029706442,0.299554518248834,0.64644549675269,1.04674899504011,0.478877034565909,-15.6734404607923,1000.0000020333,0.903009353214265,0.356717905593368,1.18053247960005,0.588522729865398
1.03433280072809,1.20220408943319,32.8746103480351,24.6469771759561,0.170680802835977,1.09316488133369,1,0.583518631851765,1.25515285394213,0.538313033500603,0.499645781359998,0.584150365474973,0.423368342051727,0.90848900935275,0.559988089213754,0.942501324244791,0.522821548128692,0.789051657075006,0.543431021932779
0.581944439103492,1.01868014902845,24.8552246461345,26.3619789762954,-0.682010459448789,0.353515709225079,1,-0.523495221537863,0.667158637973058,0.987654778059709,0.52247884567764,0.890763355029967,0.555382632036802,0.721130502499474,0.552234710252714,1.14477846102654,0.666506996738433,-0.187691051951799,1.48729933365853
0.692446528448752,0.636304946499868,10.7110226651156,6.64806244530554,0.819933387581243,0.297603288427445,1,-0.672411161536234,0.606248433331138,0.873008138150413,0.22650876070632,0.402236735330206,0.327111206544957,0.509254470888602,0.448396840629154,1.00226765247948,0.419552845632029,0.530392831120847,0.538283989467547
2.88121201386887,1.24294678200001,24.1822092106291,18.2289393239289,0.321735077523628,1.16174471870623,1,-1.22024535130143,1.43534243618893,1.05487131794377,0.400752230602244,1.25148911364705,0.453678597953178,0.410649911495248,0.452561984659305,0.685351747730818,0.423496788605706,1.31410126673825,0.527861516214578
-0.0648715822997416,0.754843010330548,14.4386942973556,9.90318050679567,0.350447098324654,1.07809837048985,1,-1.29150885275896,0.908616491979076,0.578191283289287,0.515713934564315,1.2058152171793,0.329779867930494,0.498816900900977,0.384919590996327,1.0038624328217,0.349040372331577,1.27936512078158,0.436202164757795
0.271931936268728,1.54346693399964,50.3229638290874,48.2593082255913,0.49666776825297,2.93905812819218,1,0.986588993447865,2.52654642083107,-12.5748300125536,1000.00361706421,0.491175481769085,1.09509695532785,0.623088543188725,0.414860866561794,0.377156917131225,0.557724651494131,0.667835021128088,0.372126712272965
1.46035706739521,1.51116637648015,60.035764303626,58.9960832147591,-0.486854199324015,0.984067551546583,1,-0.885684686565098,1.85849033139016,1.30249745845375,0.694395741568395,0.618249161646082,0.641395057121312,1.0698768015849,0.385541647771157,-0.559727236744306,1.22384709736285,1.31668050914936,0.464574661974972
1.83873597650196,1.2716648825383,39.285918007608,29.4805085039441,-0.730556687537635,0.236986627108157,1,-0.950595819263481,1.00820104756622,1.59822168298969,0.421151405435343,0.722203566472614,0.556429049379237,1.13032626498859,0.428714685475579,1.07877361953964,0.589666540669683,0.734330914079082,0.624641877654022
2.09180278577094,1.05374357475292,20.6750675869709,16.6514018221508,0.897490827724876,0.11021457987555,1,1.57679027400066,1.18398754948065,0.411114595283688,0.569630549783066,0.826976159437588,0.435702664490066,1.35958804651237,0.497670948545954,-0.0692382512524591,0.647175060275154,0.688468401112959,0.491369659485717
1.1226600177787,0.519401954214914,6.38253349159402,3.86648262640942,-0.0336664288610195,0.533709721768564,1,-0.249543555053885,0.670322084330744,0.547945929779592,0.332642432348682,0.61830127606318,0.324829165328373,0.369868045652392,0.366390250790096,0.581249570193157,0.373297837587887,0.696427128438694,0.281783964509739
0.493935369674316,0.404916457316393,3.54930164129747,2.35055366349867,0.579331168762849,0.831679954209657,1,-0.174681241216354,1.06952391442664,0.438512736302048,0.447798109478157,0.711181142811989,0.278221337058228,0.652370101153522,0.512964520578338,0.508694750840916,0.352631871950652,0.356285111244649,0.481808084103054
2.78899062096964,1.31686939726473,33.6353057582148,25.3850371650977,0.269708402871394,0.893431541352097,1,2.00248060561388,1.16841535620903,0.285113128408063,0.423788197719172,0.709599765864899,0.291844546031852,1.12611482156209,0.460308867174643,1.03770670489364,0.679813899176987,0.712464581113118,0.466830699054675
1.29190064855939,0.879532247998312,20.196421290291,11.9005333145884,0.295112020513952,0.897281636776455,1,-0.488702616523774,0.931133319335954,0.600565326616065,0.288010307678217,0.851493031278646,0.238145515180682,-0.318182024414536,0.660166253552856,0.801217346780837,0.373745626688506,0.48506548062765,0.447712888988141
1.00720669208842,0.767762282594491,16.1495047844164,9.22858793925804,0.330210579697359,1.3745295900521,1,-0.990108498102921,0.989163255764549,0.730546558381506,0.425625171253544,0.354603795266409,0.336721003841188,1.21372359422581,0.317623081010912,1.15825588940409,0.28585747603084,0.719325747781282,0.41545750134284
1.61407680195095,1.06992582228896,24.2425018710347,17.5097584063114,0.417928701474205,2.39497812299372,1,0.593226862038185,0.826748209654982,0.592212619250375,0.469545257238337,0.930444372478062,0.398170923752555,0.760214732892502,0.428637923044312,1.08192852951917,0.475819376539609,0.274357570631968,0.670471879298662
1.98751929099078,0.947838952655911,16.4102958607364,11.6680455976942,0.277273216361203,0.795511359321889,1,-0.800423601433178,0.738142880038445,0.860773318927863,0.471286009127761,0.867980702044664,0.643149737308516,0.755177027851348,0.270319111116066,0.365620193995076,0.260986892721138,0.828109117250532,0.337547841045965
0.919466444795205,0.911246774455262,21.7708281927493,15.4681435081937,0.609027082431817,2.73818045570488,1,-0.241747836525405,0.872911410602985,1.03904047318591,0.300260239595688,1.27774361954473,0.331639644106627,0.0500074604864179,1.09977257281118,1.2398291146421,0.635015391360737,0.730595474562718,0.472878238577204
1.7643726108571,1.43805835700813,50.1100038320086,45.2297605065894,-0.0684409788314658,1.04115919964714,1,-0.0356107090629309,1.01145258542915,0.394106148912292,0.559759082545054,1.07034352296703,0.675703204344218,0.867220978415533,0.367410621023811,1.1592711093672,0.518062919074364,1.11447254212911,0.494970416619572
1.77657142335167,0.957089979115175,21.3068671388738,13.0705163112822,0.368430170902974,1.16447906606844,1,0.730127310274688,0.633167015212231,0.717157955017112,0.331842184918626,0.544491377572062,0.385361012963458,0.730071160976797,0.371381553886041,1.00937731958034,0.40945599154826,0.251187614421753,0.566451603473188
2.36846823344913,1.15765337056996,26.514063476454,16.8345650948944,-0.636674522913389,0.348399072040317,1,-0.861115010341122,1.642231185586,1.27792958254163,0.467979726234386,0.735261041196939,0.248348216485644,1.32030977412941,0.450461819243701,1.04606559161046,0.39421205512396,1.25238302467969,0.381699078824278
0.744939710406711,0.746651682697574,14.3948705038585,9.06128767286665,0.854598535301006,0.219351780916762,1,-0.114892202563654,0.737476631296534,0.801595026310775,0.344834701715698,0.556531727009783,0.322051051937234,0.917199460261359,0.27827468543706,1.07955710376179,0.333233741127984,0.295417132236066,0.854139458417391
1.56397833224869,1.27697028624739,34.2389296969436,22.0310465748951,-0.317387739877291,0.265044992012729,1,0.545438636951095,1.78925144341947,0.674458021218509,0.459335036661004,1.21708071093198,0.302701731918779,0.997706268880547,0.35318773299491,1.0347529452419,0.477200223683422,0.748563012519089,0.383064905831665
-0.292079936668376,0.949857172854775,17.6798695920186,15.2729417361071,-0.0950220099342747,0.900756418718052,1,-0.642560654025876,1.48320104461869,0.731089394014003,0.654437398231419,0.632634500239252,0.204150515355779,0.785302671022999,0.553720712876444,-0.249911654313462,0.698414928939299,0.839629144814964,0.517933129763932
-1.55165509065319,1.64317033577063,40.7244461554814,39.6360954088064,0.0607902454744396,1.69003762426961,1,-0.0619980945430334,1.24742836374996,0.718662895870954,0.684492245975908,0.811624013694511,0.54106447222119,0.939268495725339,0.497225100472447,1.05005462997629,0.337447470228893,0.34611993720771,0.843346742509127
1.38218528257134,0.676567699101684,11.7997401913056,6.34026638525058,0.0471731472026161,0.535469942138125,1,0.227625270583323,1.23691847050853,0.659726513725745,0.38999467440796,0.806150029972043,0.334245088691532,0.756351208106041,0.505500333435034,0.693037169572977,0.184146040350924,0.805348844861479,0.464398904264585
3.03330189969938,1.33701696328267,32.2782419284522,22.829109310845,-0.650788646063335,0.231008458703871,1,2.29371278761377,1.24137766799908,0.683690310206024,0.395427237556674,1.30678392227765,0.517412499332203,0.841507966557497,0.476645401305439,0.783825137257608,0.476533607129539,1.26865973827732,0.325318157069282
3.16446448605267,1.29291830166416,34.9093685605052,19.6483205680895,0.945840989661787,0.0669250728351633,1,0.910057598062201,1.23077290812029,1.18811525018927,0.352351590045723,1.11808427326124,0.345408755990868,1.71366143807234,0.33719477977683,0.875752254183491,0.508805422356137,1.47466299708316,0.366966033132118
1.93647205231015,1.20083287585589,27.0228958577629,18.4159395805675,-0.212470859723497,0.558913791418754,1,-0.209081711484715,2.65288556304469,1.40400944700298,0.521654204466732,0.691423675207388,0.40177585107809,0.755476397523373,0.277948679737886,1.278755471529,0.416419682879426,-0.117966738411664,0.872160568184984
2.06843136069494,0.825783472410224,12.1586909307676,7.62680957886562,-0.0706712846404901,0.926608950091071,1,0.00803516726570998,0.926812677223184,0.169922297637022,0.714151869871147,0.995709780552431,0.364972083399262,0.659857748595494,0.380515759381974,0.696802386340265,0.367299691785978,1.05683001431783,0.357948577857742
0.480922469783895,0.455888511378972,6.59515324315575,3.56243197261807,-0.118492686192963,0.477920323278516,1,0.249014021148635,0.553790793755539,0.612307385983205,0.360052990393181,0.602108377368313,0.281163954643828,1.00987843798566,0.147425173303597,0.533003985313199,0.386018280485507,0.598011113411526,0.449315306838824
1.77382942520187,0.859701214763512,14.5816836209557,8.81958351034928,0.442262209869951,1.63737397716178,1,-1.11881009467382,0.984721993074606,0.64609772295041,0.532450591673236,0.909732942433526,0.385513404263069,0.122128230606718,0.342316060687174,1.04625941306575,0.342167947818409,0.497826478656591,0.431199885301964
2.61721977281072,1.34614502008975,39.4921255461696,30.9518044063722,-0.128648476929467,0.908170093794131,1,-0.554905136168458,1.54594930679329,1.38634245539083,0.365215176218262,1.19572604565493,0.333260100583884,0.830543302984992,0.299476380756254,1.57235568015894,0.51971838497373,0.0170720481071384,0.954002348918036
0.945309131359484,0.799950363239562,15.3769145375794,9.82970034225785,0.399971166410945,0.847502155627483,1,1.48662093319376,1.35301845970065,0.849909918515069,0.525001855050493,0.622459793822984,0.289618488014297,0.817931712057167,0.295700053233835,1.39535720377124,0.312681795178434,-0.560331340383598,1.0559523882339
0.243784854429699,0.896755098434171,20.3078937507121,14.6206593694964,0.491272359056106,1.19999873390067,1,-0.094027855452837,0.878163276094248,0.621539202551593,0.3340512043417,1.02621829358722,0.307281163634996,0.161394930082344,0.906271893054546,0.692120821024137,0.588415762097186,0.445092000748137,0.821617908973891
1.01654963084529,1.08581439250898,29.9243883948882,17.3683969309746,0.175923503308255,0.773651469517063,1,0.27092344497809,1.01192424812715,0.0477059771932253,0.689712274670555,1.07946001899254,0.292135504357785,0.926288234590007,0.302736656584321,0.546661499369733,0.380110633543377,0.421139196315234,0.42001406214346
1.79540115917795,1.23506354127712,32.7634622424154,23.7886863041392,0.966666113204921,0.0623584799406858,1,1.57123384176534,1.97288295420299,1.35792300561565,0.438574855739847,1.05174033918339,0.457402852883057,1.34072772903856,0.389843021105515,-0.0175966490481945,0.580406889691649,1.06540688947288,0.559131855649152
0.89536842924355,0.775190371173704,13.3109094741953,8.30168192344909,0.949274862138885,0.047826539066685,1,-0.206574897968704,1.28342894161513,0.697217869741992,0.416931932088894,0.805779372394934,0.376702600903361,1.13639139086595,0.347983971334815,-0.120563175471852,0.539336550186354,1.10420071923527,0.343185140460546
1.24864450709789,0.922984914402316,19.4758803052604,12.5962396710706,0.387342206592738,1.7186295564427,1,2.09585020594962,1.06569011079837,1.32510275880055,0.294696839294653,0.859839421131067,0.446185866430295,0.908667763857747,0.375711171695811,0.960658915234075,0.475264968522668,1.1485596293876,0.408541534833328
0.992521571623338,0.823586258903614,17.3396913311384,15.0714827164397,0.386992786717115,2.51509056353548,1,-0.523989725031472,1.11129459368581,0.728550426372053,0.48787301443077,0.950490356068054,0.527437560311071,0.0611208714591257,1.07438659951895,0.829074606311371,0.500992301798299,0.848819724127864,0.439934565030508
0.0779953575357659,1.17140465343468,35.8829244620634,24.8340840918602,0.508459854011952,3.18218933860637,1,-2.96744711473768,1.64004164677588,1.5164398864378,0.269362910219135,0.901306156632511,0.506900128448732,0.554457045772856,0.949043823229183,1.19958613655554,0.465815982641571,0.4209293293775,0.590627081561475
0.582494178741129,0.728753566980794,14.091754500637,7.69781357152214,0.513901614387365,0.755030334832504,1,0.106512886055313,0.546558206455754,0.568375078133383,0.251487198503491,0.509824707107884,0.418291968704118,0.471292946766835,0.546251449662482,0.642517842700738,0.469362631243294,0.978970639212761,0.354980194314734
1.15383541332412,0.828137604335244,17.3700752626895,10.9444024613147,-0.235789266840402,0.496395120582822,1,-0.0237736392270632,1.02916695294415,0.721127675509952,0.261251054618535,1.33743278912909,0.337566024032599,0.649271938335706,0.462207452495416,1.05721184302379,0.275295851995956,0.623398128143174,0.644737998677976
0.891181420141089,0.646069099807234,8.75346313786582,5.84134746480659,0.334912427603286,1.51443692517116,1,0.533954221523612,0.895874400822003,0.50676288416541,0.31246873003622,-0.0677487281040904,0.532347261028427,0.947662185241632,0.363192691496954,0.261902966436657,0.431630213742644,0.439972699418944,0.368200740672362
0.120942016415193,0.876484347491552,16.1419320442573,10.069542134682,0.952122041879697,0.0725944903010367,1,0.570987838371371,1.16420760556208,0.902743936447944,0.282495396341444,0.891339142864995,0.395847981982892,0.302487962336973,0.504972635512785,0.68409871384263,0.634976263234753,0.545227757912009,0.562150043297836
3.86530583868984,1.63636755886959,28.4930939614344,20.7043896221866,-0.381664997726535,0.416646109033311,1,1.92184550446215,1.54063831422952,0.581650472075898,0.497021981340502,0.91973707886216,0.468564971262798,1.24613389960179,0.431352469918979,1.39308438369148,0.426376087686475,1.85197024542175,0.359670242954157
1.28737227703866,2.06362046505382,114.146953524881,114.283747412153,-0.80525098990823,0.228181751946285,1,-0.408624432214705,1.11551211550602,1.50277435797406,0.633630609502546,1.51605841832862,0.405764076653505,1.56425001572048,0.633298588804818,0.813499629649725,0.637312961815069,1.52018627119018,0.74248746126274
0.717762166788246,0.986455777671927,26.3736516807548,20.1281044193972,0.112119887171397,1.02513998244838,1,0.437631294186699,0.98949668215583,0.787376195135294,0.782023536710347,-0.333307110280608,0.935422997033786,0.69842325212926,0.537383132738804,0.795921173934716,0.579438814666894,0.972560698272188,0.412309890733218
0.98232810918695,0.637961278342028,10.2175067136705,6.15696493091193,0.474734108781742,1.82755099060661,1,0.222006659661774,0.725501225338885,0.28133855479853,0.516826595269651,0.686604051427914,0.37106420868562,1.16856989300067,0.272752179852519,0.894896560091139,0.352637448391789,0.678676957639479,0.456920644759801
1.09947061121413,0.862752152010492,19.9989037491012,11.9612941069442,0.293847375252063,1.50412178386005,1,0.177052190514989,0.850075241751914,0.914399241940434,0.358116268113596,0.437537421831339,0.480712943540547,0.676049360450054,0.576989789061121,0.92786644004514,0.343723154041167,0.778115944226826,0.359157193855754
0.839243597349696,1.07584841479323,31.085173695844,23.7028689287022,0.661325033311459,0.733999097190863,1,-0.29495968365129,1.07036111651507,1.35387571396561,0.423275936642139,0.912682719579259,0.5830336904906,-0.609933543471453,0.948994450239921,1.20313619649478,0.55952042600656,0.914727600503253,0.472937326223347
1.16272187704957,0.724514805482223,11.9471083927545,8.87880895359638,0.310049010693351,1.05024103926967,1,0.788962049879834,0.877532683264311,0.830585506316752,0.320947881394524,0.168745945504458,0.798859603665246,1.16106755797341,0.388776183501166,1.03402911258132,0.401752154913539,0.162462568569826,0.623509058806082
1.01016765516071,0.857867891606814,13.1105880842566,9.78740866523414,0.951960911855207,0.0778938787543589,1,1.37286726006429,1.59262944041155,0.798090903005947,0.428566270688375,0.638866855747138,0.647268162717152,1.10040396310683,0.369110861183386,0.955273003735914,0.465809311084309,0.809169187488215,0.501815937807376
1.11470420380586,0.868695917828232,18.0358872219548,15.5886189506868,0.113812232512991,1.26846686373491,1,0.213440812253944,1.17783872019252,0.769412200653497,0.374237492696673,0.466692909097071,0.788177518771246,0.472606478064565,0.702199864672799,0.604646943945979,0.47624865803022,0.954412385177434,0.478782484062459
1.2606052777552,1.00305914229796,25.1599362027815,16.7852930699295,0.14610872529328,0.915749312542791,1,-0.0666968226251432,0.668683862890031,0.724929873188014,0.32017845203721,1.30158332243625,0.461611719692128,0.566974040940316,0.457474586154303,0.559596247700042,0.590623985562541,1.04564489970702,0.388725562978409
1.43544807223866,0.474596511680107,5.69298312524165,2.43938516796886,0.378954384816348,0.794485611647874,1,-0.161930882632816,0.867983471065062,0.833891765265324,0.294538824123226,0.431029263741467,0.241695573062133,0.703763657021837,0.263777904943815,0.911818633684164,0.268446455361115,-0.286251028204122,0.59563902011271
1.02512021401833,0.994512209561874,23.1947972308552,14.0308286378389,-0.117860526602773,0.308856276133687,1,-0.817864673324461,0.982976261880028,0.875057454098588,0.235012379129131,0.894819345743517,0.421453972456474,0.765197854187813,0.420960480075789,0.77784103251197,0.441600870004786,1.23259631442434,0.523247740833033
0.843339435882215,0.738080377200113,14.0017271348983,10.2152330828543,-0.438375391142895,0.692308876566458,1,-0.239014728655275,0.734384338458219,0.804840938923562,0.429776822465179,1.10207340728742,0.421420753935513,-0.0069014967444342,0.557806372339013,1.19726698963372,0.474878211902247,1.31748825061804,0.366805397458144
1.20083031347735,0.752690827453743,12.6362189071112,7.71700596132796,-0.224098837195667,0.65667531546173,1,-0.260588819762142,0.746036508894019,0.699123289815752,0.209926697640635,0.43030825044184,0.375540664551892,0.742565265392334,0.407077199822782,1.23968518299048,0.36451530787052,0.349684778332444,0.348937660975121
2.04584519080466,0.82942419204072,8.0280987095042,4.49741241114714,-0.125345041964929,0.436975669016737,1,-0.201115334209662,1.4115480238831,0.485534245056161,0.425142956695809,1.30436104824904,0.180854063736752,0.123172184834871,0.390558135067276,0.700500259371682,0.488711661698305,0.782067267836263,0.380285371672809
0.35349464313213,0.546425268474611,7.70021470618521,3.61095231571197,0.134535611496196,0.311862919604582,1,-0.0927607353836451,0.612795349331282,0.857796272094971,0.323821543572042,0.276662071911033,0.332624010609531,0.376250302404012,0.317304719027576,0.824887155255572,0.209096088795054,0.529792636476121,0.26701139365897
0.366143369691946,0.703899368559231,13.2414178183966,10.6668423721946,-0.123590894756355,0.96390153029816,1,0.381859121270966,0.691824905705784,1.34220583618174,0.408424037308455,-18.7172120814344,1000.00000000573,1.1894620787286,0.469677196352462,0.619563325520419,0.505331699055878,-0.0222126116911635,1.04346611237651
1.17901858007276,1.21882024282124,32.5653588258256,23.5734728343374,0.31204645074033,1.65486020647144,1,-0.897348658543051,2.28062518169893,1.03992956504644,0.493654778748167,0.694269995329051,0.589412894257751,1.10370496171708,0.250112828899545,0.963406085028715,0.4231723249576,0.530951181196624,0.605637590304777
1.6631593903507,0.895653696653832,17.6465265579953,10.5734373745438,-0.511946301363713,0.331171388270162,1,0.11425602083319,1.15016647296591,1.02803018128842,0.421894070852045,1.13779827667092,0.328156577431751,1.00281782343651,0.31109764892965,1.03310954345055,0.387818115762982,0.653742597889925,0.61176158720321
0.495711971397863,0.897558417380274,22.581270842473,15.6510688835621,0.0472685545303838,0.905854798226251,1,-1.38889206518713,1.05633370269187,0.908450220156523,0.332987272657459,1.41324604562245,0.442820028485212,1.17310681663236,0.391920447093057,0.865641186156856,0.489563201779965,1.04399005252157,0.415315309987219
1.75979192784673,0.838325638248281,15.9718832232294,7.98040480838155,-0.164730047061665,0.485280316788875,1,-0.402944414048859,1.17274561419723,1.27660147659176,0.376483345035296,1.01716157719832,0.285256818275605,0.633596113726717,0.32535364433069,0.558827306970403,0.395939028613856,1.22148012628651,0.206319242165622
2.29190701335851,0.986566430456505,11.9389626281786,7.55352714877995,0.640287942258496,0.761859968203501,1,-0.589194973421267,0.829047651925025,0.659163612474182,0.32564316454833,1.13199506096604,0.329210204278585,0.875928761357168,0.30733257456995,1.16598649002603,0.456746825785794,-0.24998541729367,0.789663323524907
1.87498499495844,0.890097490682974,20.1511569564617,10.992628529742,0.536591387381043,1.22332199119223,1,0.576954224548896,0.566442010571915,0.327158985933319,0.452778248983384,0.669518182281605,0.26662882112251,0.779615910991106,0.413229911818356,0.743648115492897,0.405932417691004,1.2146132963823,0.41810862114332
1.4841337710181,1.0405466235019,25.447257808706,20.4650298901541,0.281618311889451,2.08531931225405,1,-0.671677069580809,1.19188163080633,0.873106696477197,0.286282865920862,0.279055617941132,0.690378698827636,0.892340442805109,0.623972554751001,1.24397236405799,0.309102471136237,0.727227679324296,0.693681603445327
1.30083444421825,0.764460980026355,13.8085510319712,8.98454776682205,0.460318189232238,1.40000092234775,1,0.274337531079801,0.709585841367715,0.308860558366734,0.398231262168825,0.735530599780724,0.280822100792112,1.27055776472008,0.379704797985395,0.516821218371867,0.433230442988046,0.436385788394633,0.533291625668603
1.14042214819606,0.941577352869686,19.616973903043,14.5139249445451,0.524835547146228,1.46411879800906,1,1.67444297722881,1.47807394341914,0.825682455590707,0.397310073290451,0.449352167020226,0.300753532898426,0.612382321071094,0.356586067029541,1.20898350456039,0.39936934239728,0.546677623795254,0.682918032946237
0.958179812737493,0.913065441145244,22.5948054216047,13.5471975427934,0.67488572631673,0.759844828287331,1,0.226247115239259,0.83822077630386,0.417308797583046,0.64542702364946,0.670809273188795,0.411106596544871,1.12322019450969,0.296550283584745,0.785780042343668,0.266388772446528,0.651149793867284,0.331598894739982
0.457561393613321,0.934124836439924,21.9516937417309,18.0623687634348,-0.247535157286877,0.577256072872177,1,-1.05410415677933,0.84039703553572,1.25676375461299,0.400184200340745,0.319284154289579,0.474497991555083,1.05466671228021,0.576130051663286,0.392219010477062,0.704824044807344,0.410946779633649,0.686294035983644
-0.56628717930424,1.23440587617862,35.873299057312,32.4315351830991,0.453987347336743,2.35813914335866,1,-0.731462032384883,1.22743915209315,0.541651218370161,0.319723849684343,1.09428978749459,0.65769241407679,-0.107527983490376,1.12698880896374,0.771412529583838,0.689772420760558,0.810461576462032,0.485869923672179
2.23994751328282,1.05857783980922,27.1359180198688,17.7818939066391,-0.431181371465556,0.364233925105918,1,-0.280687587763234,1.11164326955447,1.1636933834406,0.411140630919393,0.961705388819171,0.28759738235569,0.584226808225976,0.305987865463438,1.06794941001748,0.515139127166804,1.01241004535138,0.425900251245892
1.42786136590814,1.07280568306578,24.3219469211002,16.3718666192886,0.537813329834763,1.51439379683599,1,0.881484185576435,0.944899673897517,0.648132799348251,0.413236936582082,0.78203658747447,0.431404007578956,1.02637446805446,0.454496128078823,0.703617872183974,0.570867266079567,0.363043748648648,0.604692227596047
0.401218375966679,1.10682486028989,30.5238969131615,20.8690744941255,0.0648984436760911,1.34245622336321,1,-2.22461933497284,1.69448791505967,0.308338058275375,0.582707100301667,1.05531644984728,0.476293721094526,1.04473014072752,0.342551795956871,0.193304396413169,0.595403274621616,0.740852006956935,0.443301952142632
1.1039767920309,0.742742840542717,12.4645304608077,7.28385479512064,0.609184931103218,1.04069138666915,1,0.703805258823124,1.21091061648466,0.406091529991748,0.476773223732932,0.466871363274528,0.358285798779495,1.12228662675398,0.330888603306566,0.388008713105789,0.387543464605704,0.696078001794783,0.379846273159619
-0.315266700903342,0.940607568657088,20.262590213952,13.1023365260348,0.715523366172809,0.511081934337817,1,-1.81302911005056,1.25895611053041,1.19121856003052,0.420470687359846,0.853818973877222,0.473656634763646,0.633281653222224,0.209410358673929,0.542097436137074,0.467015790855211,1.29339625987371,0.435887262282549
4.24603254019536,1.36647370697434,35.8276290789516,23.0137575127001,-0.0252796883419409,0.745505981509125,1,0.753451476130517,1.5306153488381,0.690338902015632,0.779894160491078,1.1742695496456,0.537964369826302,1.33054452034284,0.438713786633135,1.66535489176036,0.325421291416055,1.37204586674391,0.439041807368104
1.60680271667297,0.912674548146895,18.7363814270239,11.2764299097448,0.452452504959407,1.36420845704863,1,0.39097806373205,0.925185042828213,0.207497081029168,0.303468597007065,0.849692313645001,0.377351594927735,1.03797662388863,0.195990898000935,0.900926058234927,0.46362303865278,-0.710076214231434,1.0038257167142
2.07836294820214,1.04756562763551,24.1236516297018,17.2440318052096,0.56579101420961,1.57799898331065,1,-0.488013350044167,1.54552198932936,0.930856325206961,0.50842421857517,0.730966734425329,0.523269160401237,0.473541939119612,0.398998891984667,0.623832751422468,0.278053666794446,0.87727833994333,0.405511724759554
0.748471563156489,0.809666304272577,15.7657492732788,11.9093839996279,0.878910051176242,0.136039042764136,1,0.0363259125064882,0.875037652652242,0.526528599934452,0.344289170100059,1.00657603194544,0.356178704575717,0.563096568674035,0.728573963098703,0.915894654473741,0.546675098782616,0.82850886369757,0.370445243389736
1.31436477545688,0.655806142218057,11.1563366552024,7.00689246352998,-0.255899326255427,0.589000078668059,1,0.399693893603871,0.68878568034862,0.740829382235316,0.37293507639182,0.662847057206834,0.318463348790587,0.802981556727112,0.257232952861019,0.209198607284139,0.708151488180101,1.05714346513389,0.429323907466703
-1.19598909289717,1.22832487664132,24.2849022531472,20.6903346286452,0.204608433776159,0.53784540303518,1,-2.5156632927199,1.66888172824146,1.24277234282024,0.388704506173771,0.903441915814224,0.51931682850081,1.05279287189532,0.274236594052023,0.287949468900549,1.20320984431594,0.135333031892747,1.00018952279384
0.849898647419795,0.848678441288077,19.859448458818,12.9664893609289,0.51818455404789,1.1270140939404,1,-2.13637951558173,1.23151008916479,1.29232973515769,0.383130026296005,0.963337009131461,0.278318503498559,0.867645220250144,0.363977569632077,0.310266723837117,0.784440222891277,0.639794721654649,0.786982508033005
1.11175871552675,0.90096004660848,20.2976535527158,14.9042658228465,0.117317286640521,1.02392552841285,1,-0.10068161557913,1.12391709083695,0.895096354986707,0.318159233402513,1.4702444997139,0.401215624466201,-19.0188281149556,1000.00000000014,0.1936825289023,0.689250555268144,0.753033532625163,0.568675699179795
1.73239854212213,0.795022384294227,15.1472731415198,9.30100944928915,0.00836707420108142,0.918511305205872,1,1.6404303604322,0.977480896831171,0.623365655007391,0.283881335577404,0.667233798069163,0.595937267523,1.25131080887579,0.228942671864945,0.751917681116655,0.459424479438997,0.828348324888233,0.383373928914678
1.03413064051769,0.799036426800064,19.1892094596093,10.5799894938911,-0.150106848118631,0.559211063765347,1,-1.21809906436287,1.08084558310744,0.642767395081242,0.534441372210329,1.19185955640334,0.152531605136861,0.907504110121451,0.322924805446983,0.897641713837598,0.342081085849498,0.454443449086457,0.571370338377761
2.71838917848105,1.29724104656821,37.3904313931094,23.4347896979206,0.0456439613628889,0.958769044223283,1,0.257533235566875,1.78811448789822,1.38606848817831,0.44706260030549,1.1969316863191,0.361598210502034,0.670707254449468,0.632418430476067,0.0939229440038111,0.938034471978743,1.56217877811322,0.380299156716723
-0.551493396876716,0.646746945335478,10.1427194604669,5.40406934557018,0.27354495549695,0.965214180487788,1,-1.30728180422769,0.84805062653288,0.542624813709793,0.26632935516954,0.896737512600283,0.316454573116488,0.495986392531648,0.311444360266922,0.708542662497338,0.356414261555124,-0.0605647512590393,0.595634682650024
1.60587363259537,0.435297381201766,3.88502718763468,2.02265246459495,0.386303316835921,0.608349374003131,1,0.111509186882898,0.406057977265821,0.361617059019465,0.22198617347912,0.804003776483115,0.266335770492566,0.967248033179343,0.284116394560204,0.66541426158766,0.4094512349175,0.0918997245734106,0.503413645291081
1.35947445360943,0.892442221787193,18.2282400908017,14.1105523701888,0.167136384957478,1.41217863021367,1,0.691680739688619,0.876136754036458,0.629865455552444,0.263997982604023,0.487362926498465,0.637319644883773,1.07939844122354,0.418372412309649,0.740716260470584,0.690166833543159,0.729781881542467,0.471135526037475
0.944811346568932,2.00382880549608,110.707191122054,104.964207985658,0.274811344306191,1.59142392812689,1,0.436755380306157,1.17471876538782,0.93195985485092,0.607636634778578,1.10021864387114,0.443193011383994,0.808341355946042,0.534399161676304,1.65411139969126,0.489900710871322,1.54043725986602,0.811711784522639
0.809317120802909,0.515161018987884,6.77223732496932,3.54888807965565,-0.0586489208571414,0.345766777961148,1,0.680747733503899,0.953970615596522,0.0473209405663349,0.410948663934438,0.348467358083734,0.422300528355812,1.03210477266366,0.280277424157832,0.580102382806051,0.315817943512066,-0.102241459091058,0.582847689175763
4.68507512305312,3.47731886860493,83.9534240479504,121.298364766457,0.989999964546621,0.013610331213795,2,9.49840167565987,6.61771775290862,0.676837956301643,1.40030426982557,1.28497204565391,0.979684477156733,2.08958868222954,0.610051685372977,1.25618479880742,0.835192541814246,0.983437022503071,0.707587312495682
3.10473427130595,1.32173404179036,30.1190504214035,18.2808579368245,-0.5555583048387,0.328292163588056,1,1.18157064977558,1.02266448205428,1.14466067714916,0.353064437461145,0.817414006501312,0.274435909176671,0.956134411677274,0.289928967978197,1.49142576177018,0.362616503357297,1.15859596073968,0.407059541666504
0.558464766244693,0.883969251537063,21.3206261854965,12.5591789307149,0.360865347860057,1.14377161363036,1,-2.09723322061628,1.18242453278764,1.1486696219412,0.396226534343519,0.792327617311834,0.20909005089652,0.808131686793588,0.329950673819522,0.480119479664063,0.42772017939321,0.0258131121088043,0.522086480207187
2.17417140798742,1.02914415412818,24.754901878661,17.1714994123302,0.162974796317279,1.07973233281649,1,0.255194252562395,1.35587679733978,1.02700684017238,0.468534336237521,1.4262108546764,0.373699203082531,0.543236754861693,0.603034382659959,0.994706179163874,0.223812635308093,0.521385173356428,0.38346092012627
1.15426685757043,0.995717617347787,26.0061231720126,14.4102124813312,0.46325968571169,1.4577259157751,1,-0.121827361411771,1.09187136959646,0.947649751546774,0.412673592687794,0.15787801473213,0.479106932216203,0.658885722902047,0.358834000817643,0.586000339137943,0.387349242021569,0.845999672189937,0.383798053628056
-0.114874147662395,0.880697411238199,17.1021633905634,12.5226800766153,0.547693388306386,0.748355955213515,1,-0.193195913497631,1.54881210736934,0.50480103865328,0.653736583953217,0.740092626379979,0.37932826709001,-0.151364079649393,0.550827113783575,0.205798788383469,0.492840573659659,1.07128899391664,0.301751956710535
1.24098555980974,1.01234267788797,22.9744965392166,15.0681850200959,0.811561828534025,0.664645611072923,1,0.978977466833093,1.11253291543182,0.447303237433382,0.317520028205426,0.47250076115386,0.413220823467978,0.660760014740787,0.382074176010866,0.684924450425106,0.360664997822096,0.224701592630825,0.573963196887736
1.72421688747509,0.647562173292541,8.26218017855139,4.93951873305504,0.736608867662808,0.63510314613066,1,1.23175875907857,1.21335605531762,1.03559426451245,0.291494348100881,0.762912293198332,0.434669925535469,0.233148810541927,0.49391240470441,0.527680239099722,0.333563921725498,1.19020299711548,0.396980826248694
0.967403858672263,0.589488165393936,7.8630299961741,4.3728980009817,0.546311207336394,1.36232098756443,1,0.795846415023857,0.841752716175456,0.540595866396047,0.303020447708725,0.363313667045743,0.283806018671852,0.759206327952243,0.227398037626647,0.83220068353227,0.505928107241641,0.101087427282299,0.536106179425331
-0.303555562562505,0.987050651184712,22.2684346293698,16.3498828612195,0.777686309059596,0.338640985031217,1,-0.0843412398226883,1.18223233287296,0.778546213349471,0.647564878271152,0.565872272875441,0.490625804468938,0.426197384830519,0.404928878770844,0.613941652567927,0.453488398088859,1.02399065213519,0.685123966981397
1.03888279268947,0.745744954863177,14.6817650272167,7.59798400643843,-0.221334518982284,0.364552839835166,1,0.606016324799628,0.660915510490417,1.11112071953485,0.214259181832179,1.23044358496566,0.303316661941681,1.03134990370452,0.313039639494887,0.683269768381584,0.491418438527663,0.329998939990998,0.787055508666407
2.4455596725977,2.4889286213399,132.258118945911,109.322373655224,-0.471692477630045,0.382174272407199,1,4.94894960511782,3.93682047477421,-0.327386528038185,0.911101339386541,1.56964020182565,0.545711806162675,1.22084856005284,0.546307230237031,0.893584566389287,0.73246987675444,1.96453375654107,0.36513767424528
1.92646550542021,1.14762238824414,32.3426365758659,24.0863535304582,0.821523281169365,0.259647222552645,1,-0.528191367319935,0.868361988664326,0.715758693745603,0.41527616161424,0.822942334626088,0.512171135753415,1.19326503767303,0.538006397286225,0.624420324665215,0.386361002518182,1.07447138569675,0.35157440855234
0.116954831301286,0.893148782092174,15.4849227588904,9.09037508471546,-0.304892988386792,0.45370168475996,1,-1.17440584651858,1.95230360149628,0.0732134361039323,0.692612222027575,0.910140627851316,0.360138623681624,1.12317138027004,0.205847974170762,0.861877031718528,0.447892846179547,1.32869169763548,0.374618507886943
0.443329507735856,0.933521762130963,21.8574027572895,13.5965614457001,0.346486022883963,1.40505094730605,1,-0.894894428042613,1.21958432608897,0.792510844509921,0.332199010953214,0.482945280769932,0.410443163067889,0.920368979846654,0.442399403315374,0.145201515965519,0.530611947960904,0.354538253278828,0.454091184362777
1.39568566837259,0.733615364390345,13.6002177456317,6.45137570130097,-0.264331393495526,0.383707840714492,1,0.159965019745002,0.429295489633453,0.813274284649932,0.247084384499985,0.888640678006684,0.326243155048078,0.677447905507627,0.51593661104352,0.77104663258506,0.353368644717333,0.47456259034105,0.471456532264994
0.728095929322138,0.881916523617767,16.5470990341252,13.2481908073688,0.155279402575368,1.43608070765023,1,-0.901818800557574,1.08780123148729,0.93078002575926,0.335738673963114,0.192954670695934,0.448280462807005,1.07137749955997,0.434287273084034,0.0959990197581829,0.707708350442604,0.0601204036416474,0.912531149450643
0.422160434554763,0.631796012733732,10.0835969549009,6.78321863940826,0.224990262559217,0.971299087419126,1,-0.538782148770797,0.775003271061282,0.82830545624375,0.327774649179021,0.787304038828028,0.381183947466847,0.770266943045315,0.459011174087287,0.528377480324311,0.484727164607793,1.05060637823571,0.520367405395673
0.451052085332243,0.90667738154286,22.1407089351669,18.3653653445736,0.269309876562383,1.07786858517401,1,-0.418388494535145,0.95969086191587,1.25121591320146,0.361544901441588,0.819303590576563,0.521687719866747,0.851363830941476,0.472713979286183,0.627841580889701,0.60471667821738,0.640648994882273,0.580306135708831
1.32315990690449,0.818775692874995,16.8286678126186,8.09969893931947,0.128885415142591,0.947823570202938,1,1.22366070487167,0.755409766739368,0.347543035214063,0.445065325926832,0.491758623063789,0.454022403407479,1.06408975204196,0.307909385439727,0.821643626861106,0.22922413800675,0.776184380775007,0.350629756243607
0.566388093934959,1.15514335802648,38.9232039117766,32.3705410764392,0.144193742547243,1.79046925734193,1,-0.81874841298265,0.639083309750678,0.612340181704004,0.397162271845281,1.72690038085407,0.457304365813292,-0.739781727259755,0.88047909137649,1.19372798795468,0.471686336810512,1.07286808897953,0.653147964935668
1.05431256606841,0.717263641287853,13.5884831065404,9.89404142707706,0.709315241526497,0.441088239762778,1,1.04276319758194,0.753431765407022,-0.534931747228559,0.869462202030889,0.911805026391888,0.327767097386011,0.426013501843127,0.378843147957786,0.324451933413381,0.347825290538784,0.90839307929246,0.386987361068761
0.637348322688246,0.531226287352595,7.37084260831107,4.25063086330545,0.709923995455301,0.510907968310311,1,0.0447815035957991,0.497895302736513,0.534335131269572,0.262209027083862,1.1253180416957,0.237489945872573,0.496723797625485,0.528649641570144,0.35685193885292,0.530900740105543,-0.6979444051738,1.01547348684707
1.33422147914336,1.06941743017461,28.991217871919,24.5462504799805,-0.104342724329187,0.739722522925205,1,-0.492157944420795,1.20894671002188,0.928772262691216,0.292763360441962,0.8954637843145,0.428460132990089,0.707862475335691,0.617380182719259,0.68942448093955,0.674898237865475,0.91990517386353,0.690760370243034
-0.242939941640799,1.16577303559838,32.910397699247,22.8752020152986,0.403829427751896,2.68436867926722,1,-0.904812076945845,1.33064981991113,1.17370878069124,0.361618666261986,0.815514353176071,0.296636423363274,0.644538249185201,0.308170630041912,0.441487159437645,0.794750344653911,0.0867683341401047,0.967864649104328
1.71048949783642,0.917714842503433,12.6977166067024,7.48259647900536,0.79792521142612,0.489003664332295,1,1.355095628328,1.71768091493305,0.395719200481842,0.291627921269935,0.757362306538909,0.366273026608357,0.361395470238373,0.539039655080663,0.660695155618109,0.420582097294809,0.705529616760636,0.411769778310795
1.24584599437219,1.1057417042748,28.6939534936953,15.7958754113586,0.412983719489451,0.834887535685615,1,-0.0646859106075099,1.43890330980373,0.347651382146248,0.637862613513209,0.759974607567751,0.506210399972883,0.0845493065393387,0.419878752629836,0.614260146519718,0.319160727330159,0.967858909154797,0.389048752962944
-0.855832747019041,1.24346962914677,38.7430301459763,26.790980296714,0.00123692764812795,1.00346962748184,1,-0.300962178294734,0.578942036407909,0.735286525803873,0.404612226027165,1.11945118126327,0.413952429338386,0.918108639129133,0.409285553895133,0.568129086838527,0.946960637901186,1.01783372799597,0.523423354810518
0.941873778444613,0.560459762457714,7.1114934104472,3.96886468045182,0.361138179587633,0.863704788331365,1,-1.40515082622508,0.86725034309282,0.383998377069246,0.297235328994681,0.774268365105496,0.303464068914624,0.5463423429231,0.29508132440835,0.953428618653869,0.361723967141492,0.367587367856015,0.580797638832775
3.00831748710147,1.61908739753099,50.0191411289543,30.6091361194538,0.623546357226847,2.77468939569898,1,-0.0146575213533372,1.671113362219,1.49480652176446,0.33885094990009,0.75106910119672,0.594570595368489,1.39830456345322,0.467945598292655,1.15386272519753,0.260217479220494,0.84192429357666,0.43672213625456
0.794262972612768,0.672217861533907,12.4488511590292,8.72164384077545,0.133483354263845,0.847604285172202,1,0.191010547785833,0.594106364788022,0.929460535123542,0.433439707779556,0.409422719596968,0.661878071243815,0.513648798636308,0.46680715387992,0.310029337331461,0.426688216014713,0.599983152404594,0.352449470929361
1.2184271580863,0.432116552434506,4.38651337625866,2.23341191403237,0.155354024908539,0.704757716129783,1,0.663316956302005,0.605585748893119,0.539869112871719,0.288283673785841,0.406919411367761,0.276569762615773,0.788914369846084,0.299324263099836,0.737255329213623,0.357040958409815,0.599581028427533,0.333450466080283
1.65085045546842,0.995639798266221,22.2552770862409,14.0429700424858,0.28973486506396,1.32171909917924,1,-0.267025592304865,0.885489933543306,0.807486933966198,0.48938961017243,0.862284962641719,0.353277738649588,1.13590872644089,0.3140468493497,0.305477828304686,0.573492339354991,0.982180597154813,0.566011489753589
1.64087356880252,0.582321643302193,8.37720282945847,4.40664892565193,0.424772696020723,1.15229103982906,1,0.313097078651678,0.461426054403459,0.698324519620526,0.277678430954869,0.555925336860036,0.305211297598769,0.711260067292403,0.347440540549613,0.485696112127553,0.480323970477129,0.398038155561006,0.298285118340552
0.859694211806901,0.666970093228837,11.1994052731261,7.38589994107147,0.838991014382924,0.33461243037881,1,-0.950119825694993,1.12992162982521,0.683589960705818,0.451831699718722,1.00335196065528,0.352621721799956,0.906889910547552,0.208843274040353,0.718110287162352,0.428602886037989,0.593385417060322,0.533564056686557
0.577644871256277,1.20741778679506,30.6089274852348,22.0463993484083,0.104212783865451,1.12513681532429,1,0.398364199574782,1.50393833812215,1.07270103578131,0.417532528405527,0.592533357642911,0.463611814282135,1.11793176330658,0.419674353465612,0.802542542675223,0.415129552746213,0.860517236326957,0.967432760460082
0.615382101007166,0.587499337338836,7.72828494530495,4.41110360324366,0.367244425427483,1.17421463336005,1,-0.905850784184068,1.04856226522668,0.940065885696147,0.211901737000858,0.296841840330865,0.391243319394304,1.01489079579763,0.315772646963919,0.173468797741858,0.478360086447179,1.02396235780929,0.396308832115674
1.26649429838856,0.905674937146249,20.9464264487622,13.7921755020816,0.147105532114451,0.421725883554069,1,0.765911586577439,0.735396865102953,0.477304324015252,0.361958477899403,0.874683312571344,0.272700047382678,0.301634510036552,0.405494680322182,0.490561752334781,0.749516952572562,1.15771543760107,0.51981958461336
0.239746600862521,0.906123002485005,19.9144741900897,15.376688011132,0.202880773125652,1.23101193104082,1,1.11497423445307,1.08913248459702,0.745500548992585,0.264091781715307,0.713005026132286,0.373428803651954,-18.0963099370146,1000.00000001606,0.149661181367637,0.927813258265847,1.14270554149715,0.438628319636978
0.596234503685295,0.666313576535607,9.82780453080055,5.33778659610327,0.575706893019186,1.09049632074171,1,-0.581388107394151,1.03546820548256,0.247722673504429,0.332073481451619,0.708525183072596,0.405245375238082,0.41737443879079,0.347933513868755,0.975142882079048,0.345542303792937,0.413575227232573,0.352191361437952
0.538094624734762,1.12767459310297,32.1267410213067,23.4642480351639,0.863853547039737,0.234982588124362,1,0.606644452976659,1.36526685051098,0.94041183281075,0.517390623324298,0.823962415472957,0.55032577345456,1.24727119028657,0.475011946519214,0.798987356887167,0.398051009322566,1.41767623291869,0.49620879152114
0.706685012239701,0.799597755398128,15.7481371464048,10.7892320274723,0.13536861057871,0.556251717669624,1,-0.688986473992302,1.11532347268199,0.759047468663511,0.26320103019826,0.82825788174753,0.295347339448831,0.649222085636951,0.332836427254788,0.436408519889823,0.82467038701521,0.475120487517902,0.462247192802754
2.60568704818646,1.12559363995224,23.5796966329354,13.9775415207313,-0.29126287547498,0.542337853259335,1,1.70832550677292,1.14985844281293,0.953338202660159,0.294679708425021,1.31660680483503,0.317107739613912,0.321881445733766,0.538323503648458,1.50722764999368,0.383465925470702,0.993296662287353,0.342119373201826
1.61982695684006,1.08267796375964,29.8823432698719,17.8811132174148,-0.235963143447973,0.463333676621824,1,0.592780888894133,1.01312466835633,1.04936712124541,0.228167273183115,0.145171695158846,0.454985836644522,0.867523161612554,0.432231358586162,1.32309699743236,0.41713476774973,0.36664575556717,0.789112208680938
1.33458633500904,0.590051593263168,7.16804206378139,4.36918130840078,0.521590451394195,0.863457407438111,1,-0.461459186413391,0.628251131601274,0.591008914524122,0.263234050701861,0.151785710333214,0.540263789350477,0.225202292908701,0.538573443734889,0.444914335258052,0.45628698844034,0.609586924896755,0.332006425476478
-0.88680960924872,1.35076267325333,32.0035932899915,26.6745633153739,0.692511881094717,1.73698679842499,1,0.19925672808794,1.87096650433946,1.05996144646711,0.443829995941594,1.0424362342321,0.510314832691968,0.0560132334310146,0.523108061526582,1.16822673500813,0.575213531215224,1.29504052169058,0.390368675066166
0.722328595550731,0.953901553201666,21.4942276826954,18.4089205420023,0.384624648434843,3.08220500544563,1,0.639490803019444,1.46018606512433,1.33302317380588,0.459884725800031,-0.303864603752368,0.976318936089629,0.361107568979753,0.744848117379622,0.925477668625969,0.541940840676214,0.32674110651217,0.436703771888291
0.364579400098257,1.72938328297316,61.1713939432506,50.4403178983099,-0.433634950961579,0.578489046205198,1,-1.21099550838324,2.93863934165863,1.62855970292102,0.536583223888895,0.77697760979591,0.963450192409907,0.986104299967925,0.236210429288422,1.44748493143736,0.643579573198505,1.06074340753961,0.600853868755093
2.17082462218365,1.39900694519196,36.1860926385729,34.9693658205862,0.604125210296775,3.14837070604845,1,1.23824063690188,1.71187172945589,0.0580575668454284,1.13369761200485,0.675074220589703,0.529694830172357,0.78653450547993,0.417798691432812,1.4989997280308,0.467764914381573,0.328311877108919,0.704055288818867
0.274862519540118,0.585440292442191,8.33913228087169,5.1463545582432,0.572264329611012,1.85976388086497,1,-0.308973432597473,1.09614768195629,0.236369706567317,0.608757275113385,0.810909726193548,0.216727962215505,0.882975857100916,0.353428456314712,0.30637764807775,0.345282769073281,0.175408175715864,0.668783482427613
3.21529601265206,2.06175159492675,56.4064971902787,58.385502918608,0.724063973161059,1.47463088504403,1,3.98698913435504,2.01105880983082,0.197589041944495,0.987378761831082,1.10501795300396,0.643178019508087,1.60716712128586,0.450337398101962,1.32303491826395,0.550141669645856,1.03178895874382,0.643630777871933
0.328841129192989,0.721633330217486,11.4414031543749,7.68843782456074,0.810732181396965,0.539886527933352,1,-0.461018371805415,1.07407748892107,0.697858732435355,0.247501530787623,0.816128140127132,0.242651385838627,0.879058804518654,0.412628452679485,0.800789824559528,0.502042729216557,-18.6146973419577,1000.0000000005
1.3135892393571,0.530663417937579,5.75543791528026,3.6061584630454,0.46501351563476,1.85602503715426,1,0.211292123676177,0.817712570370725,0.403689925827108,0.298120555054063,-0.119972320687421,0.436998196237961,0.691818282777346,0.352280595500381,0.619265784546225,0.437195069499712,0.109134709846131,0.60569859267505
0.658768023395329,1.02550326845176,27.7151287403829,23.395782261826,-0.203259270805067,0.671087024999317,1,0.0801554642012524,0.872992144376352,-0.39056611836877,0.758917652564298,1.10038415019541,0.24749127230888,0.904517593287441,0.454709938395257,0.925655940158912,0.703211465633527,0.368280422928775,0.787927173935664
2.07979735756465,1.15728729556517,26.0772430027779,18.0717386773868,0.368857448355993,2.30571004933332,1,0.86898484234983,1.06996496757421,0.415578842882156,0.612812510618158,0.763556983215518,0.392731031977672,0.993435648577967,0.395759276340193,0.68673154972371,0.325294277211534,0.578761811284968,0.495575458138294
0.781730691471291,0.709502251311323,12.2194519520836,6.23201963758006,0.946716943241429,0.0612713649141613,1,-1.56985675235572,1.14751631080846,0.880642821241002,0.36906349440474,0.863519915054022,0.278448116535189,1.06956694019585,0.223586157470087,1.1578572069899,0.413637362719535,1.04265715920608,0.319580386884004
0.506118952255074,0.755834667504325,16.1255454421591,9.20830105241771,0.687389163390539,0.825151993063605,1,0.0649715366691942,0.709912845289108,1.11937532987897,0.30220306293558,0.347766838432081,0.398587353933442,0.62782826391649,0.315433259886135,0.536380825731669,0.298771642175113,0.640010523405401,0.266023425083278
2.21817079771062,1.80785755702824,55.7355798212534,62.2474091087039,0.285143564888783,3.70738956664618,1,0.942474176341198,1.45620623153826,0.721734665132018,0.567271697697174,1.05893216689079,0.430186594830321,0.515460218621549,1.04291467550565,-0.0987478019335703,1.11596570347228,1.59274919524586,0.660430154658556
1.80866651929197,0.791654991454618,8.38790402602352,4.77882886090718,0.795482598554648,0.403381960334174,1,2.23803967466046,1.45228533084858,0.217512891041984,0.358387413751267,1.16518362588939,0.270525477215945,0.699017204315217,0.405548211716555,1.1760849192888,0.449607427281758,0.857880966383445,0.305631473968025
2.38175224646043,0.992966799838699,21.6081396305475,14.640983689581,0.537348386722796,1.13856388945806,1,0.867329186964211,0.907015086644627,0.811043974365161,0.293987932929535,1.22527307314501,0.541376874943207,0.591844753114014,0.540971492932562,0.556616095656799,0.428081048080743,1.20700377715158,0.370974782874755
-0.203322355241022,1.71808592631631,61.0538154208052,68.3993951209531,-0.37250231995031,0.898123584648371,1,-0.346943555770165,2.20078862817947,1.47833330587897,0.717153114886547,0.577444038565497,0.770085225242067,1.57760996888829,0.622061121492968,1.50852092130544,0.66350496894686,-15.2585213330946,1000.00000158988
2.33014417364074,0.835213098395122,11.9717398851522,7.86078963610561,0.43475281064679,1.35517445442456,1,-0.731695967638521,0.753761986684477,0.855283426734045,0.265220060296954,1.09189573256796,0.340255726813392,0.198467573532334,0.514161324223481,0.6137573666707,0.434738003563735,0.47073520578365,0.437865780715003
1.0416127503719,0.851971820699212,20.0350382462156,14.3705528577285,0.0996277937378276,0.742853472912772,1,0.151701283811217,0.926199211350017,0.540863652276113,0.350964475328954,1.11316760589839,0.309521184110468,0.988380913296979,0.311407471551977,1.17170019793779,0.398338652015715,0.958287496217979,0.532777300401791
2.29309750248897,1.53886055252614,40.2567691014534,41.0050992257263,0.58838164737649,3.34497638706636,1,1.22067033381828,1.79124894061176,1.70870379114956,0.582579783606369,-14.1229441925398,1000.0001002969,1.23884660640249,0.787025770029046,1.12720239257905,0.460125838384814,0.793199165346609,0.594278147422833
1.32808030897584,1.15675969001813,34.06070948743,23.5623931329653,0.611803107438173,1.43474102263203,1,-0.266964806698962,0.959530756507006,0.493694003278085,0.372491634076789,1.40966064433357,0.393034850081657,0.221501939130688,0.775153057196286,1.12197057231782,0.411511437325501,0.948925241399762,0.392292312863746
0.183635580520926,0.58644364826689,8.64996266045406,4.27051558308796,0.903294622376166,0.0981651729371985,1,-1.32504725583164,0.764159038947846,0.976862791529923,0.271540514322264,0.876636927726993,0.259932956659018,0.524406787186104,0.257828480691405,0.856365134310107,0.427174148537126,0.766207281848955,0.465650853089469
1.22519002427243,1.35474642481197,21.179197655589,19.8556598285774,0.882592863233258,0.4089707752226,1,0.133870326335349,2.38603180415999,0.577988114823898,0.323034775949651,0.38957185583458,1.57692120541862,0.54489842384462,0.81426946795119,0.181740896975171,0.60019406980099,0.573563078128417,0.521752974278606
0.744355162285848,0.854902240016677,21.2250386911429,12.3934337352822,-0.327189000673248,0.292339331187074,1,-0.720366201895172,0.472815327306058,0.693515864306701,0.315641830785338,0.967424760929793,0.251746775225494,0.518510254514393,0.571728088403174,0.0546014293015475,0.562614564993025,1.08093811534319,0.203847210343338
2.333619654784,1.81704953089451,48.8167051405433,46.5244299873243,-0.384166017914292,0.453442749555523,1,-0.211272884159322,2.04155871247322,1.21922691800401,0.477997450877691,0.684990611269875,0.362394764038548,1.83765213405576,0.63828034226631,0.278183208840229,1.19088175450459,1.3923958892625,0.589533391208231
1.19278743023218,0.575803046492288,6.32268274007222,3.47485265617992,0.330499476019181,1.52778584671981,1,0.276473973501744,0.880488495382485,0.543150261362945,0.34317110061691,0.31849636141272,0.458267876476379,0.192303175924576,0.468889919070991,0.643650239602153,0.548712338811823,0.868127231180975,0.302374250041563
0.737606764437503,1.12234644535486,33.9705304222913,27.7777297281424,-0.181664425369024,1.23029435777929,1,-1.00320076018716,0.840430969249111,0.991999260848803,0.443809487289925,0.682006012281175,0.486224803037361,0.242626228344421,0.620949417561561,0.633929848756711,0.628082366829627,1.14985174165061,0.521458234322241
1.81033528986365,0.991682818774026,19.896755091424,17.0584969254736,-0.42411117972187,0.529760624064262,1,1.60222827761722,0.691184252404857,-0.000764962035549363,0.805590008406619,0.760054602120298,0.453862793756156,1.07953605690219,0.521544937009321,0.910338100094213,0.38271992042025,0.756984113940132,0.517561143814808
2.29722907189761,0.703660003701494,8.75521835028493,5.19032241247662,0.415626257823841,1.66914342063509,1,1.07319591224431,1.0499964929178,0.430386781947125,0.377437997171915,0.842747036009019,0.346691351047631,0.40415166127474,0.479284817736589,0.282347989384527,0.361603118209123,-0.130933235194159,0.568901838276575
0.682693435059416,1.04490798755498,29.5361332649486,22.8829873656911,0.180440102028835,1.9362766900703,1,0.258422408384397,0.82194771038592,0.880556734260691,0.481427313443792,0.564304041650985,0.531792266759152,1.21333255632021,0.346420306249928,0.708674509675562,0.454230942986029,0.981690868936915,0.351335612551326
1.23102681699828,0.799658555577342,15.9892176906416,10.6210210286222,-0.401799378848628,0.40788987035408,1,0.706393380966323,0.744907961557388,0.273527189891696,0.411676493109414,1.07877161065437,0.457007201066978,-16.9334445137382,1000.00000011796,1.49825960002536,0.324843624032495,0.664955840282934,0.497843271163637
0.238483434902172,1.15410999520673,33.4756072477594,20.8917187573313,0.46259656832808,1.35808214957903,1,-0.773606776338349,1.4681822036123,1.25588259320017,0.393404238136172,0.799318072239483,0.413049959885535,1.29721986845929,0.365921060227907,0.899264198507412,0.400118534588382,1.41263341611703,0.599884082986704
0.757337240396521,1.24238053823776,33.0650630025439,33.2060765472119,0.874184693519823,0.268248732450418,1,-1.63474702957942,1.23234637396325,1.25469382422696,0.502435515480597,1.07318130882181,0.516328154198614,0.481102143265859,0.575649485692036,0.565663574189642,1.09694631534168,-14.2092718503387,1000.00000039346
1.30264930618578,0.672739820765688,11.0101057101699,5.8763887737829,-0.129053482139786,0.59527301570641,1,0.972845998907845,0.722030896368993,0.858617389655819,0.294335259196861,1.03460715254983,0.273552385569701,0.330919162324014,0.534363534098734,1.04864891821498,0.321879390063931,1.47840616339435,0.394398412479028
1.57868850688,1.42072347296539,52.9192859551823,49.7189628628105,0.719135434040563,0.61983764578204,1,-0.510404720810197,1.19131183093973,1.03552934226624,0.400447636644144,0.96284104708388,0.543078297135689,1.42522137327296,0.529547363801677,0.206867621053501,1.03250698196332,1.58364853036625,0.578564947812352
1.43709192137995,0.745622471025406,12.0213830467907,5.94022878342244,0.419903661565318,1.32131672850649,1,0.152302190451878,0.766420581973379,0.79153077495537,0.212424670587509,0.958146706424352,0.320237227540959,0.410087959243473,0.52233357063505,0.755298782608185,0.345306885393577,0.924118659261869,0.318553015797497
0.744668696329687,1.15204737793721,34.7480384658272,26.2769927600978,0.198986082245526,0.921000334194436,1,0.195160087831714,0.769054526606567,0.623176800154142,0.381238676403782,0.968411094410269,0.565905094833738,1.26730082228353,0.679045735163633,1.07277355541901,0.502043755394263,0.652086169100883,0.698086408514874
0.897611141938576,0.829279077854181,15.6800784586737,12.5727844643575,0.490157065982535,1.51146242437512,1,0.296054376035221,1.0176213511538,0.756953539410685,0.386993176587752,0.332501144768719,0.501022370997723,1.08442173023657,0.456853810850277,0.51792341463505,0.623040842587446,0.718945866339529,0.65637379109023
2.38365575406188,0.956947678285616,14.1072799434577,9.48667160254933,-0.272833531098661,0.486840260635924,1,1.74454293919213,1.31020169035028,0.649230659603745,0.396186699300488,0.177608467613842,0.570522289291835,0.853960842027131,0.327593514358949,0.773025587852886,0.369567429208364,1.52632762131679,0.405683567014723
0.943433710522087,1.10129153033069,33.8528513378971,19.417367979645,0.90575238434103,0.11733682853067,1,-0.480290815761003,1.149338807694,1.08562419759801,0.396395177106542,0.685678824682295,0.395131775255927,0.450592175073733,0.443659116154205,0.647251080472544,0.298775916458864,1.45171786819721,0.416967039253915
0.570659610254046,0.923382717875645,22.9693063607179,14.0389803829641,0.585525751409302,0.680541033721208,1,-0.453716574748491,0.690533187525138,0.74216037588556,0.42533260960645,1.24474335083614,0.343609785949751,0.832085053252952,0.517173670610045,0.685004737229928,0.583435718861762,0.760226407721855,0.345872229335501
-0.0434154148726335,0.943538922640389,22.84655803795,14.5346444877844,0.365893617902441,1.81217635187551,1,-0.999074167954491,1.07259729927208,0.908125307918433,0.500736837228561,0.728549470825563,0.443935339456151,1.02412624307839,0.478044980037765,0.531954229533576,0.557249134088817,1.31951584013671,0.383728970554968
-0.108512939150363,0.82424503716809,17.0816391420932,10.8963656820789,0.200475331050944,1.70878838284843,1,0.167399207155415,0.742005528542372,0.871837445638179,0.417640824115296,-0.759590837986715,1.20129888198092,1.01277344318303,0.388924655399916,0.72406300374976,0.296311735612352,-0.0639618189806856,0.702265823805701
2.04530694114888,1.27737883632723,32.1562845986402,22.1169342689193,0.526855490632967,1.71195359630968,1,2.29905728638426,2.08867528030261,0.824481975702981,0.337595066384207,0.696498213532618,0.386815295689614,0.86588504111714,0.555554652523131,0.81272975476172,0.395264640052517,1.44572684182344,0.462759157425669
0.984858711392903,1.16856203338438,28.8663055565334,25.7387530114548,0.107194732149482,1.58989789436617,1,0.264031600324654,0.918302170369964,0.237168447308022,0.66668769287047,0.479872577115704,0.631712427664218,0.193509194007981,0.961398836233218,1.22814651176386,0.429684608505239,0.703016269319466,0.452846187490874
1.87806316276475,1.01427954124217,25.0610954830071,14.8903241064285,0.916547442509381,0.120908990795312,1,-1.94243187472917,1.40896022667773,1.24201738005177,0.44070185789061,1.44894159698493,0.372517989373849,0.866543601335917,0.406366193212931,1.12813130165518,0.180816132192074,1.48756653812219,0.480520670011508
0.999435058909238,0.675075047835838,12.0105190159174,7.45994743420471,-0.0600033251260815,0.576971842771428,1,0.533320939667902,0.61997883706997,0.480590736807701,0.249777461644773,0.829995786688895,0.356937223427475,0.924839526134757,0.350587390742411,1.03875326168344,0.442859070542147,0.839039766269215,0.551786337363431
1.72259845286716,1.24544189469585,26.5117101810791,23.2135528492081,-0.495242953924323,0.54628240103455,1,-2.41808458729043,2.09402878586593,1.41696426227635,0.575901351733077,1.0013158992942,0.470157713830075,1.06042490620418,0.560972831131106,1.15728208372283,0.489594163548821,0.907344074494523,0.56027097058761
0.613983568633408,1.05651894138654,30.7586567275591,19.1328319875941,0.223962889677425,1.51849285018696,1,-0.768935583977467,1.00974069470827,1.19771146118062,0.517424305947459,0.519289393376406,0.569766696735377,0.980511778509575,0.364184663860246,0.44082388078961,0.319372058266762,0.965139412649522,0.324358877875266
1.87444953071714,0.893855409162948,15.5241388278027,8.43525959366611,0.370856608399808,0.845855667538468,1,0.422324992802165,0.912085273302203,0.707903492586988,0.314537582020551,1.28320629043293,0.26921185800762,0.971236557236065,0.4582919263771,-0.145368014586935,0.659665787370204,0.936517131878468,0.341504514288084
1.54491031254393,0.858565400911867,15.7858999198996,9.75647472659838,0.357393168968319,0.708231337985165,1,1.41767792903422,1.69117103072319,0.751140560852022,0.563966516288226,0.252303894692233,0.512809561052285,0.822112592075474,0.400631610444348,0.563247814363387,0.356608348108024,0.593836680229903,0.534291549238394
1.46770048768525,1.009157750949,23.347659194741,14.6243327344454,0.196169972730613,1.20368477805907,1,-0.955458488697438,1.39459529521877,0.905326345651567,0.44428420077063,1.07442881859753,0.528672615542533,1.18253667357878,0.321306208357427,0.739755521980669,0.509797359331713,0.341437650200729,0.75970238838215
3.63124792537136,1.51065091282731,43.2418871006601,31.522990042496,0.322139109290934,1.54980691788106,1,1.34635460617281,0.822134289347776,0.856679207650255,0.369706916072492,1.42707620925037,0.378111311302243,1.51369079107218,0.633430002769333,0.425408607410608,0.639032109352557,1.65471364452115,0.383770293875556
0.977619342080697,0.816944806948979,19.1060845230197,15.0015727803964,0.460607440458305,2.03479593229545,1,0.76088854765623,0.744305881222446,0.7085431103513,0.353688002083263,0.648160774203435,0.383136441259437,0.452244173199681,0.293966337326164,1.08063934150543,0.537858109466896,1.07648321054198,0.627761715320668
1.04434825799062,0.709864866990015,10.1823126657952,6.55745236656553,0.551219974559259,1.19996285166596,1,0.948753805763702,1.08818421248623,0.0188578797469369,0.463390608575303,0.601185248077602,0.328773529571548,1.06925135645428,0.305525823732746,-0.244888328063141,0.95082447267971,-0.757516118562445,1.14082428143833
0.288847953763618,0.817626936233606,16.7003647667883,11.988196026418,0.113179358479177,1.43261308196695,1,0.322707759870596,0.848389027946879,0.726967404058476,0.321693514034865,0.480347914491156,0.606537938147778,0.31720469823513,0.551489107238423,1.01061688218671,0.51944487919031,-18.1027496762179,1000.00000004275
0.37509867014804,1.15958092511179,35.3491119631873,26.3376973215509,0.230983398247708,2.41576639566576,1,-0.513066837241569,1.13482928297761,0.627448830321211,0.498602937175326,1.18828959234799,0.415475818797464,1.31119627810273,0.463026069735003,1.29998296742855,0.557424811696667,0.549643344350751,0.578243450367744
2.59335788263599,1.20669152277319,25.9377889865815,19.8209332750291,0.870418060509315,0.246329736207066,1,0.975263511788917,1.17334847239709,0.64623559300983,0.551469706625596,1.19390171159513,0.504768609817982,0.493894889358305,0.406314789611909,1.28711257040328,0.306949222407994,1.16019421774661,0.420136305031998
0.852122319729569,0.586449338474342,7.8823527144892,4.02601610309177,0.804425565112163,0.321605318483064,1,0.446492992232733,0.921099431329463,0.529205384333216,0.290408206829882,0.794869661460557,0.293836267171125,0.470984031962493,0.29492903197656,0.496742280677963,0.348981332607974,0.60076343235412,0.298586733656204
2.45035723363251,1.08888825271531,27.0824037382946,17.8231526679756,0.160170404088288,1.74134003409805,1,0.599974672448975,1.57994842140868,1.40106005472345,0.454793760632448,1.24845050496773,0.251254578746676,0.628362135665927,0.462785527794047,0.781349369896736,0.473223666238489,0.787664675578161,0.450186755828587
1.19991223936745,0.734897002988279,13.9743095685994,8.66273237664855,0.68203821617455,0.524375695880875,1,0.487113796422589,0.596346254363346,0.367475313117118,0.40572263409927,0.719490654057758,0.324072245093126,1.01232434750069,0.283434801932804,0.817794036897457,0.481418075690056,0.869622414198416,0.408106753236401
1.28450793036822,0.643494580651191,10.3503421671275,4.91902660161505,0.808174633249486,0.186129720190434,1,1.02172203808602,0.861229230706416,0.295509993982738,0.354808768143027,0.622051155910921,0.376604138180496,0.968133513009296,0.285268159465375,0.251903049316054,0.5719940140099,0.969828209306244,0.280638072553869
1.10354581030729,0.819878602137129,14.7699450957456,8.55735404808844,-0.274470834609127,0.517960735821429,1,0.456206281641543,0.729273589379337,1.04385457837042,0.301999184990051,0.716277953059747,0.312732714731567,0.817095524857987,0.26651729746112,0.851787860442655,0.480290516923964,1.19502089289299,0.493242519811127
0.612997099531475,0.860034815614215,17.4726740983345,10.5948436716804,0.0839399950008914,1.12659889716171,1,-0.40955256643352,1.03060444570078,0.811778505062169,0.312561593772688,0.781525478948138,0.351600038870648,1.17763389557867,0.368947455605075,0.770645822603267,0.509920428235087,0.313052818502866,0.790632261662013
1.41484937925055,0.653632839135944,10.1002645812193,4.98689445616334,0.614836155025158,0.437939529177421,1,-1.16959214624783,0.760188843673347,0.716016227436077,0.226942915700176,0.778554784307655,0.318020442430525,0.632354433617289,0.329630739597442,0.725310478664192,0.34900236098167,0.695895603371315,0.343740575802078
0.762877570328649,0.884875799052741,15.6587222303829,12.3770425112006,0.309717242809711,0.951711633934595,1,-1.31724405453313,0.823777610501664,1.19173909146041,0.295927573139661,0.0687537462434388,0.630765777037501,0.297241274189837,0.486996157530389,-0.115006610285615,0.564009432106382,0.994067071139206,0.715126739070291
2.11034682157386,0.661618630661936,5.95062426506229,3.12658576207229,0.505097624387856,0.789005192905484,1,-0.278015412484802,0.638554481344384,0.900811860710556,0.243080200365203,0.950476918324639,0.270776806620357,-0.802563483998172,0.660514573882871,0.0880096097760621,0.413114842856593,1.06119635122358,0.283402598498049
0.733380732448243,0.705258634429911,13.9469806591486,7.79391249128933,0.617494206657705,0.72836516570817,1,-0.497238299744366,0.757539175690245,0.967392653403701,0.307807572497328,0.4240917823047,0.365613617469759,1.05136258050649,0.43031501363263,-0.314768819683514,0.591207633242111,0.970129493669309,0.284502691606167
1.30726976299802,1.22071151581738,30.5456835913762,26.3140097413138,0.39777524172001,2.14360496804695,1,-1.65495954610618,1.16315015254266,1.17811176531245,0.394061155725413,0.72426059080217,0.554030542980627,1.0922019428778,0.594192682104987,0.833836514278314,0.684033035649055,0.853299629869271,0.72583343484132
1.51794982763574,0.634117581739418,9.92721235191675,4.91726674612579,0.408929193442086,0.817288601078915,1,-0.929436065560346,0.482363144329586,1.11721106740123,0.224538553751969,0.548202985714348,0.318824732144894,1.02417729765692,0.297418783785266,1.00773982674571,0.365189374230321,0.00740301265079791,0.709441834963601
1.80274161099153,2.19920448839471,115.694957745568,121.687819026374,-0.129402254841973,0.866512750020528,1,-1.37722772509798,3.20622403995697,2.25470644162682,0.541020105274396,0.290206899871358,3.24516594065368,1.1168025216002,0.718491261318069,0.587177840166263,0.770722725967998,1.0620334114757,0.62859794889414
0.887772971477467,0.874946919576289,20.6589954339643,15.4974164979889,-0.245421605985456,0.551908025775876,1,-0.42360849270657,0.816327273118908,0.783068939856488,0.345711762115452,0.455638810728664,0.774135734218002,1.33991725758684,0.380501566781331,0.582158203652304,0.336584278510656,1.33122170704797,0.493599046745509
0.851292965642592,0.858112078827132,18.999095261662,12.3107844559005,0.077700577817,0.451370739320103,1,0.264419561944375,0.853108252003527,0.595252878093516,0.35500508135994,0.525808544219477,0.376251730126867,1.09342466406593,0.350898846801983,-0.161620991952466,0.672273187523815,0.369714860497079,0.530140103197893
1.33815494527159,1.41446162537557,25.283170498249,26.1963447797111,0.722818456402105,1.14123017036483,1,1.00753439799653,1.7347226320179,0.377591676657196,0.339276250988222,1.08516415544394,0.533071096539096,1.11229617705722,0.725739222802452,0.0394417936460351,0.79771942785823,1.19439070814268,0.546971107125051
1.43693824083622,0.697638589217909,12.4375382611914,7.52935180362901,0.387347986800325,1.22945331748091,1,0.683151938707565,0.562352403859173,0.542145533563414,0.309380101114629,0.382393068475557,0.482630582187703,0.365177595218891,0.497905780650911,0.588080930882846,0.515517289421471,0.975418407256302,0.366944909264453
-0.384892927033382,0.834025513901646,16.4846720544252,11.1544714916996,-0.0747989851186476,0.952529673770813,1,0.0621171821379747,0.683440678887946,0.548144786138405,0.338929020187637,0.419105140692021,0.461856562800725,0.574263081692377,0.48063806189142,1.19009672648082,0.458097603215011,0.928782039327667,0.533484534836016
0.0811901067038324,0.996889994147991,26.1130641153732,29.3549312604178,-0.309909727397149,0.772113421196869,1,-1.18099591565658,1.52819268768389,0.792763264368523,0.499015201265603,1.27066530565778,0.60737891047455,-0.446860824274625,1.15807270504182,0.800160498540081,0.803459574927435,0.416333617749603,0.598761814074685
2.30404129757202,0.784000659207409,13.7538303157439,7.9818109702314,0.509504482498241,1.30146282272644,1,-0.0216748321703977,1.37561170593097,0.977308647827991,0.415319777741319,0.712696057164955,0.495297356862936,0.341553887001117,0.380683887241885,0.597322645049339,0.347653843045904,0.984380226584493,0.313472446992642
1.65462774950257,0.667284145468705,10.923294123413,6.20190032530431,0.0862184860969088,0.753142894504226,1,0.257397055325096,0.617391122803692,0.497545775985317,0.301627126557882,0.95003289942125,0.245402558673568,0.260557625777586,0.549965667139214,0.7280445793728,0.437228423060712,0.67790524852895,0.476707910670906
2.09806148914868,1.1888424949456,32.5172896005968,23.4858736212131,0.452748388802065,1.67422586776034,1,-2.05059275947027,1.50443612694233,1.57619656666325,0.387253488159854,0.397744237709236,0.539686049610756,0.759013430101229,0.432891343578298,1.05668419563017,0.651353346230421,1.43736428935828,0.461418210263452
2.2875456088982,1.24572205711535,29.5440187924123,23.1699351924911,0.756095470170777,0.792363736853664,1,0.7745707805886,0.965790354528182,0.423933921359257,0.506077814662895,0.900766346439015,0.372946358581897,1.46003152289483,0.3798166686568,1.07328608654891,0.507159554838429,0.962584566008149,0.619341864373504
1.98862304662393,1.11053432755424,23.8614363935518,15.6329293827445,-0.0443788552214075,0.91925290318217,1,-0.476829937116191,0.843573792919742,1.25238280348154,0.332056813079485,0.56242394592242,0.481710075738923,0.90725203160274,0.294987365739534,0.633543436500119,0.528420023429359,1.18945233862405,0.418071108675517
0.954565850212885,1.00592764872675,19.7226052583621,17.2337300542457,-0.389473346912483,0.692310206977478,1,0.118628585119087,1.20972727693413,0.74935336840534,0.483254041562634,0.721540741735369,0.378404405363926,0.627454626782912,0.481738255004507,0.552312428590839,0.73564024021172,0.663084114929922,0.691180937216451
0.476900864540843,0.927749066272431,23.3912727549019,16.8132095831688,0.240268330504845,0.859653539682916,1,-0.750422454543006,0.814289775212227,0.73714049014483,0.312789392990218,1.0761103435695,0.433888281120831,0.713137526261076,0.464932131397752,0.206437085558849,0.561632692547464,0.903416112625654,0.561739732295
0.643573062757757,0.685044015943647,12.2891028059309,6.80765412975968,-0.27319893904919,0.487358058478659,1,-0.239038827921842,0.566609240877544,0.710521262843889,0.260055007705663,0.925874183376318,0.211553612290213,0.606816450260807,0.469603362280322,-0.0856031223754862,0.532860569833376,0.924603515009059,0.279263675516447
0.333906723108903,1.07431614005776,29.7888694752989,21.324044414104,0.501518948140484,2.76512395628264,1,0.790327805765582,1.29033437897999,0.93098280117667,0.339119187640568,-0.351173693498448,0.764411460322138,1.50198579870427,0.393294332265636,0.716629509738545,0.57122935230829,0.486827869247741,0.409008666836521
3.41727264187307,1.10749493063925,24.5391315892323,13.4694103503341,0.737847765010821,0.67493597491048,1,0.282278086711546,0.8473056235512,0.877048369074417,0.290749111131662,1.10551618228316,0.272677626518828,0.294991571858917,0.368533254462275,1.0378310898736,0.336802918131795,0.816355957670661,0.515843716863925
0.54349135049883,0.919697024215347,17.6070789357619,13.4146544815382,0.56330370082048,1.92448866548533,1,1.9268205179365,1.46157609594818,0.684483647106184,0.413941914487743,0.828867687528538,0.400882699860334,0.201368011072124,0.74138129789316,1.06726742816854,0.319888960059738,0.627263425912585,0.300569485711427
2.42108581389631,1.23546336107275,31.9100289974748,22.6197231945617,0.213463952005649,0.899330214912254,1,0.526852473563286,0.94795245639895,0.700326019643842,0.414597428386935,0.451445830877351,0.50461976484708,0.807810929290809,0.500379220403184,1.17870077357099,0.524110859028285,0.857135862323306,0.448011529121906
4.42078281281951,2.14320807798855,53.125527094221,47.6727482777056,-0.0885578006846914,0.869566595002821,1,1.4225439486475,2.04020223389334,1.18521956195856,0.602923006853313,1.18013945216403,0.587959753671175,0.718646579017752,0.716259841130527,1.29533658638315,0.492220625966369,0.828021916512276,0.63181790557334
0.912690133730405,1.81352102092275,67.0335746304975,70.0269910003639,0.558756233801645,3.20342662818064,1,0.631009444151261,2.35491608959891,0.438841205994645,1.11271850219394,1.05301625213041,0.623437032352464,0.929697051679858,0.637399219447404,1.12567740863458,0.547152548009913,0.40662712724388,0.573125977012185
0.421984038952231,1.11104127735967,28.4905761739135,24.1227680441359,0.473672728914987,1.77163924979876,1,-0.227297534722763,1.48621318035029,1.18938848096945,0.41692110297496,1.0582018304254,0.529980952071153,1.21412707771901,0.471414582175163,0.375578162079162,0.483177657463762,0.486736001802621,0.727021429714733
0.297738004065209,1.08723632764746,30.0919914975541,20.4986645851211,0.135361881649037,1.07437201146713,1,-1.67160381901185,1.15303336840066,1.54229049386686,0.46944419745178,0.430934985440343,0.41467697144316,-0.0398609151312579,0.524213444422156,1.17415405888984,0.19818857434421,0.283128680538398,0.816725646122093
-0.21043765435733,1.00084605750824,26.8601864608453,16.6941239081254,0.238171535748917,0.879290129323223,1,-1.6167709960429,0.637782722789624,1.03199951341431,0.19913080794976,1.14802142208918,0.576405847966808,1.13086822476542,0.541596345420711,-0.131600471900317,0.644351719810422,1.22349786528382,0.518420874064487
5.05801667329328,4.88141245827226,171.077891017214,308.042210085791,0.990017468840546,0.0168306418049801,2,6.76526830997739,7.37554419596955,1.04859748544266,1.3125030605089,0.810815546490591,1.69101613812748,2.1196668765671,0.818448500372717,1.70095970248049,0.955526533503255,1.83627748586788,0.886973878780291
2.09761613660299,1.76707443929772,67.8318070769564,64.2573501343955,0.397516522745023,3.12948556930396,1,0.00803463495317066,1.02710573655113,1.25342147166412,0.526897764227872,1.55729991605202,0.567539329286984,1.12545691331588,0.713432244645262,0.718262256493936,0.538252323207749,0.829783862041027,0.423896470612129
2.44482047344231,1.04853173361249,16.0132347293238,9.32154879855972,0.458839238147462,1.16271722022082,1,0.812268915953545,1.23043050603699,0.983306978137372,0.295720736283472,0.949209362917942,0.356760594597391,0.365032256977087,0.506930604108486,0.736314553310993,0.346865524455414,0.28664557215242,0.487854684947264
0.384236446386466,0.613912043287598,9.59835240910201,4.57039077794279,0.484466735762398,0.616018302703973,1,-1.2033543418611,0.644436094073335,0.866117431219641,0.215807592706568,0.741491417080246,0.306626244507062,0.12946606260549,0.53582694524844,0.606742489362494,0.367765520159969,0.678986269695206,0.302595186195346
2.32672629844721,1.53756939692967,32.750540615782,27.4855963623092,0.888678870861189,0.574972647074756,1,2.31752498653029,2.59606354020192,1.13023017848265,0.420880110955366,0.997804564003449,0.609155227361297,-0.176010592071054,0.551647069034559,1.00530181950343,0.443459815085992,1.36655883003365,0.433918625489946
1.45698107700072,0.646106331538851,8.52580690519516,5.3307641555963,0.451824109627832,0.957637533395312,1,0.154704344688164,0.607353071071483,0.0134702916392078,0.426850661999768,1.14768849919769,0.323779769758143,-0.269533772828567,0.692682953064644,0.9368629337253,0.496811357319679,0.632615384362783,0.478624098709564
1.62128369127603,0.906080526108222,19.589844152893,11.3329745439656,0.155384438447482,0.712143525864935,1,-0.280974209385187,1.03728380392926,0.924727806998833,0.283088081585497,1.01766504239588,0.354235159109313,0.887186718253207,0.441125662816837,0.657747407520136,0.391381389948539,0.971535850520183,0.344392858300885
1.55511896664257,2.11021337716179,74.1995987128006,95.0844321697114,0.707811123372447,2.23314565885913,1,1.52035311913675,2.55176284403436,1.29625432542177,0.754201025150556,0.931418547734262,0.653824393641889,1.178524139258,0.635314539916833,1.07059046905101,0.643036645579599,0.556812536770611,0.82946586830861
0.447790138569896,0.475932868138578,5.80662757275492,3.39203653279756,0.405550631385279,0.88467416597873,1,0.819034640005706,0.564012509222152,0.488894663436205,0.270400882371092,1.3024354522246,0.256157970140898,0.302746978210703,0.450802120689593,-0.781294584567367,1.05383314243769,0.878627149568952,0.552377215527636
1.89452724476055,0.771714556475412,12.2315819348408,6.21566021015462,0.661579129811815,1.18447794753567,1,-0.409168599317861,0.887760548193259,0.510823139810207,0.306412640578511,0.890728751833725,0.273699134179837,0.892376181899496,0.335518871730998,0.784893845443604,0.394854655426451,1.0153189640474,0.273087910880516
-0.874349188203101,1.15811492781461,32.866340784036,22.1294024184917,0.47490017453306,1.42772289046384,1,-1.38588536253619,0.831872941795723,0.617206109488621,0.338134290676663,0.854537377281425,0.362880425125174,0.263518055830347,0.866214891586118,0.343240077783505,0.333173223416068,1.07986954890573,0.489854591734335
1.94966237610841,0.995807847403456,16.5550568290354,10.213176666218,0.660540509700782,1.21105799051064,1,-0.832390444078489,1.05672487493467,1.15151420939931,0.395938717398425,0.83454938313981,0.303132461720295,0.965666284949041,0.383415774567866,0.449101896422062,0.301509709125665,0.471491965823818,0.464171361962416
0.936601240484449,1.14063708196803,32.4963592418389,24.4772394033841,-0.295274422268205,0.619906353788029,1,-0.416748426781357,0.650537380350009,0.655524988655777,0.422094143717298,0.521954852832327,0.655509732678166,1.00643906982925,0.395572202736701,0.488814638636432,0.451562838626035,1.57635374365642,0.415536593388258
0.276917138736469,0.714551557880935,13.8983179745009,8.28398488008455,0.342958518025211,1.35396196066172,1,-0.423512524843546,0.684024349025311,0.827172104290833,0.274106361824504,0.491174645486667,0.351331416445967,0.471491951796695,0.409445156161629,0.88332478217692,0.462109765788114,0.352239320337918,0.57823246834641
2.96444943682712,1.12325630478924,22.1648806866423,14.8828350654704,-0.290978889664864,0.536756498047627,1,0.507341650110633,1.7059721288728,0.106527896300952,0.921080520567541,0.923983934252947,0.403755595146718,1.0302784659846,0.249893105394139,1.26986956171735,0.340487793853918,-0.110492646518156,0.649434513836366
0.201531036702094,0.604542189088661,11.3162926886687,5.41473190715616,-0.336883208194223,0.434538498396568,1,-1.3531738513699,0.796077625681404,0.569204255462915,0.280759624401544,1.08578565205131,0.269788342373283,0.761438580733638,0.588908182339634,0.233475164906625,0.531238628971687,1.05123727008831,0.302686756952388
2.16450473104071,0.897486439984692,18.2940006526344,10.2777353610517,0.328256906421131,1.13057760315687,1,-1.02538251940122,1.16531964465431,0.909525674873425,0.303860592430433,1.18843798818868,0.27144324218052,-0.201220208671442,0.528760324993341,0.596228745352567,0.462744852976335,0.699465905340746,0.409930860039634
2.70003641945137,0.964819289645593,17.6083618966068,9.486202737031,0.361063494650818,0.485476675981395,1,-0.159251261467807,1.65012217680602,1.25367748201859,0.308993651504267,0.632869700252041,0.327418796415287,0.644278986297218,0.42453762698853,0.802987962157804,0.497570197928574,0.272298793453229,0.792110047357126
0.358277091030792,0.647250980700358,10.5997857576666,6.04533989637969,0.368083334144286,1.07727602607214,1,-0.107129738162009,0.58243411471074,0.292437332884017,0.299469079354831,0.333053512019983,0.288217764217454,0.697447676539554,0.352525112383073,0.553098319857604,0.430805433257448,0.970922566062833,0.461841964997969
1.12446322885588,0.575520509496969,9.45570615265172,5.66285278810598,0.262457661292542,1.31122528513268,1,0.409542443079074,0.728486312334794,0.427571239510144,0.485941793256039,0.478614802680226,0.423919178608485,0.795529831653378,0.255827374505607,0.882583452751056,0.300828250331458,0.116024181821761,0.490425012317434
1.2306273784106,1.2239058903447,34.5673658040032,25.8297610950425,0.96300937108981,0.036318063795898,1,-0.636553715169521,1.49075058654906,1.61055605176236,0.38997316768422,1.68638194446571,0.338870176652176,1.31419798018657,0.520424845066106,1.35188579125902,0.32605587018743,-0.760045631699921,0.771700924297065
0.975652049141276,0.80011662578448,13.3452320705398,10.7627023968476,0.651245402709171,1.9024752727725,1,1.39300663178231,1.61712245832658,0.643471754279749,0.593071385842732,0.326683503748567,0.469839978027882,0.993637296043097,0.38066506857033,0.95935652903758,0.535365139597494,-0.512371325986398,1.05693301287486
0.420466640262459,1.1274577272384,34.9557214708556,31.0975174085117,-0.452735943717545,0.44329757623636,1,-0.571857186662249,0.698210213833377,0.596041498887907,0.468681374812816,0.855819410930354,0.638393645898029,1.06312295804888,0.504135714616912,1.21048612776459,0.605827943154312,0.665625111468819,0.311171823188245
2.90236263259045,2.11928548828406,67.1210420821279,65.7063834953311,0.439902243911646,2.49871262136258,1,2.08823168831949,2.37317530893579,0.436887659475545,0.711905137038244,1.49974541670711,0.584545057561789,1.43415897742898,0.424274539293677,1.57207866526663,0.606753303412272,1.43028168155609,0.460588191604416
2.03180217320593,1.20256791015178,28.0511860730223,18.7935293116996,0.0402880260953463,0.69959501498741,1,0.257356977728923,1.36758016483846,0.77488980317002,0.587866731087777,1.18302623245822,0.253142485357485,0.72848243808214,0.431139018071293,1.10565001304375,0.382300195273576,0.871608373768919,0.463482309440819
2.11456808756447,1.46051617498595,52.2571785501377,39.9607541195413,0.580128975623076,3.27032784136324,1,-1.30830790719961,1.77123434726904,1.40865807485133,0.38370054563958,1.01225787067965,0.210446409559421,0.348122716507473,0.422509127297631,1.29826826617651,0.506762940369464,1.03453061307439,0.736526425336596
0.704301938879948,0.507461639843403,5.2319494726454,2.56189645209018,0.399500468766944,0.906146649506929,1,-0.197750756752641,0.778590688608781,0.674340517943361,0.226498325452597,0.551894675523165,0.306896804618576,0.730776882752024,0.389903853786005,-0.00655565427453387,0.526508220489396,0.558940670586481,0.498856896048659
1.30123529136766,1.12977869901334,28.5368749748231,23.0053315983787,0.892538029928561,0.210674016607344,1,0.0717123694841035,1.46489009555214,1.22384774641998,0.419383903131054,1.16857094426182,0.507696092092499,1.31308421372277,0.328920397326423,0.512813248426859,0.64409007678117,1.29856519580357,0.568475131476989
1.6707071012996,0.914069560750624,20.9489548540309,14.3788717629363,0.708301843174811,1.17578458820027,1,0.970454449048907,1.02637295074825,1.07543001974097,0.42275223730444,0.981102965183166,0.476828406771948,0.981918719973977,0.316998987956786,0.53676348701215,0.439435814988813,0.804533295750058,0.403128860044682
-0.246220400619675,1.50574747547263,49.1839160833001,36.7767575686453,-0.392886077682474,0.146149901546196,1,0.624253658151104,1.45427845398169,1.11745563494263,0.517077541372879,1.12857475153446,0.452656079204577,1.34197619146749,0.566180437015354,-15.3535988809352,1000.00000008435,1.11565471276685,0.553327688023016
0.386416785047984,0.5670349197792,5.76631659619782,2.98190372991171,0.912691905268969,0.130675647863533,1,0.140554770279357,1.346994367542,0.707496274265003,0.420424606723688,0.234671826772745,0.489825210167065,0.612387679446612,0.380532176429187,0.327069080081915,0.299253963003907,0.476491610967601,0.289705876359332
1.72621854251476,0.919557608747857,23.7678489670067,12.5617904064616,0.275157864258421,1.49283060980679,1,-0.157454534093534,0.708620877881186,0.152418631730304,0.462394569179362,0.95593448457889,0.293752164104092,1.02696135402016,0.239731408614795,0.954530166236306,0.456252668556222,1.13918464720504,0.392076868424511
0.522725543581744,0.799914443170368,13.226185201953,9.93132103881462,0.0207013902319203,1.15515616914426,1,0.491057898679462,1.16638048522168,0.860874764280683,0.359880647946736,0.778598688591769,0.480706211004892,1.20303336492677,0.36661786769225,-0.718296601268801,1.19487777346181,0.632417146808558,0.564241528127247
0.0730858357382844,1.26792287673721,42.1830361360775,32.3461009945834,0.655389450593689,1.17405543899136,1,0.753577535556698,0.716754034609007,0.300962928897212,0.777903598222156,1.04877353164897,0.321595437593327,1.30819672486537,0.311457266665521,0.73635852834385,0.515049614110927,1.27789565475048,0.528028791960748
1.57624117656064,1.09017807617817,28.9354562167822,21.4048734468253,0.530266635906346,1.40848998541,1,-0.426914759867361,0.972837959034966,0.929963712028384,0.594527516531048,0.886261569750716,0.582986945689367,0.827702883895615,0.248921675819437,0.53062403580506,0.479150209108893,1.16015678798332,0.408967591551741
2.60691960331447,1.55900594968377,41.9326785838571,33.1276785965173,-0.464878681227432,0.512667846949219,1,0.578931073566376,1.05465345779489,1.12163055524127,0.424274279543289,1.18285897162115,0.470077500184248,0.615911956293902,0.548272768950673,1.55997976139917,0.398104119560637,0.511245536522685,0.706076177291768
2.79082776158541,1.36341464573527,31.1129442951815,23.1024375307774,-0.00224216188437666,1.14372144441228,1,-0.180839740878555,1.31203630827508,0.756688575051232,0.697708033874473,1.05299147076796,0.325994181100045,1.42471651679285,0.431613581659959,0.94401659278116,0.424367657113599,1.27494649023754,0.403986708670266
1.39222037044207,0.71069127048054,11.8958679214412,6.92380288504918,0.915696734645051,0.113132448711966,1,-0.326294146330677,1.15045004317258,0.822409373778473,0.30437899880855,0.9140491111647,0.3769526244803,0.664758188740752,0.388523504541252,0.160610725159475,0.480848941348766,0.927002107387319,0.39945919348613
1.44751684857881,1.14180617625261,32.1146046311097,25.8187337002784,0.145464861730824,1.3028371125965,1,-0.111810049886841,0.718192960001261,1.15724615077168,0.198410835238821,-0.0630910825090121,0.513165280631845,0.363883631701353,0.798492322190111,0.988980600216807,0.522752153260845,1.46482875080063,0.663834122245387
1.07576754588435,0.654747161664489,8.14945430235881,5.85487360642952,0.413606155358675,1.05267633404601,1,-1.17463225759779,0.821504538058413,0.887522658077264,0.222120430134037,0.935608816168696,0.408944085621318,0.160424245843916,0.549047801796959,-0.196362932211087,0.801237904241152,-0.88778298516323,1.11803445478007
0.90423126499532,0.837867033777833,16.61243976788,11.1601613037323,0.39599486829612,1.07352014309121,1,0.907923911480722,1.52210402939696,0.961884651489805,0.446904586636098,0.565341943434266,0.387910139998428,0.680334236547362,0.469328206872827,0.563631916884859,0.39413365902739,0.814775348357,0.329242694683556
1.26530358469386,0.923794734900286,18.1570228207037,10.2248830620128,-0.287623592244612,0.470097814620117,1,0.528040765453913,0.816841465841712,1.0869175267312,0.391084775745305,0.634870334843704,0.263410811774403,0.645435924017793,0.528310278988668,0.439143989524333,0.458852728703744,0.978044032997607,0.487185552593024
1.51008335219709,0.585725944232026,7.75390157511148,4.18382765490686,0.618462179255507,0.705083964306808,1,-0.0060798254322604,0.869696564956362,0.725633719548054,0.445937192359726,0.666231608257171,0.303522710478577,0.599790821159984,0.369432889886733,0.361074762254672,0.256823434238532,0.997347278382369,0.258780929239214
3.1780282313964,1.65113676844768,30.2827230573991,23.2502838827753,-0.50405256635322,0.376140175363417,1,1.5846808969682,1.55091570677407,1.34647512354001,0.437527248477485,0.717112026162558,0.350685946927691,1.40804820958035,0.433774355392425,0.983065974101617,0.466675769030016,1.39299455089893,0.481975905988752
1.3367291491334,0.729183113120404,13.1428043222303,7.43075066883024,0.505184273371627,1.29928980098353,1,0.995668207373339,0.843651947377344,0.783987840856006,0.327765022844562,0.382246540102565,0.410133472031751,0.664342477921406,0.477739775749505,0.531702044929287,0.378692383434004,0.424015933637999,0.387934997352353
0.777899885525285,1.64171155867676,63.2497642501848,74.5494107171328,-0.273036724036258,0.870804921724691,1,0.391633218392745,1.27317229610863,1.01994357303833,0.516264412472467,0.593881833553474,0.759306011976814,1.41002173695087,0.885319090665453,1.37100594683243,0.887127862683815,0.80243830549058,0.616195081252974
2.07714995018902,0.938263300283956,16.9070419705007,10.4691024705146,0.411699905873935,1.58497487113982,1,1.06583545953402,1.2557875796781,0.694714986383321,0.42888305719802,0.243891939784066,0.392446280320297,0.578750564423275,0.397419905099087,1.23171351393679,0.323058315334069,0.788289677256763,0.460692118504726
1.10686431287548,0.949566862676586,20.9124370660277,21.3601784630351,0.525144672992356,1.85867346621531,1,0.3496866970839,0.806580082012967,0.411392494564548,0.483868834440756,0.563037817585499,0.672986414632385,1.06053380592916,0.57736440769349,1.02024351914428,0.481022645616706,0.617188792226371,1.11966501121803
2.64471690195074,1.1914422136888,19.3949737243415,13.7729094864775,-0.371583342280261,0.539666252052047,1,1.12403044970367,1.3635383905379,0.466126276054526,0.594012504567643,1.372734736419,0.371166095428263,1.10613423555328,0.486778865927722,1.16959500879049,0.394634832913046,1.53727927558586,0.436677224348508
0.884736620651649,1.05011971771815,25.0871166509207,25.7099769328372,-0.69809812933324,0.325147203608459,1,-0.94940453150934,1.04420679721035,1.16681250201257,0.567668250127227,1.43526661973243,0.521886347084472,1.47259797637961,0.598439914855923,0.546443856032583,0.702614412051952,0.180390760141741,0.640310416039595
1.53115783920922,0.999317930283731,23.6642202428336,18.0923845225507,-0.26116971849743,0.963009419549571,1,0.353565625648494,1.25586677878299,1.22614310026478,0.566978039729141,1.02368006215261,0.564759638348346,0.990738582152905,0.372596599211901,1.35331483150469,0.35972845609273,0.646774063919225,0.500682825543984
1.43946504145147,0.537023377958098,6.13145904483702,3.33699699612623,-0.291324450229771,0.322649834702703,1,-0.531460332629335,0.831577128586168,0.483117944505306,0.394138647011037,0.494665748363143,0.245347739884252,0.45073834804374,0.409769023927472,0.576997321880119,0.28192861349778,0.388095275411885,0.388833778433795
-0.356545353532652,1.06029761055219,23.4179929522535,20.6191488741647,0.343958497501929,1.34305380044711,1,-0.960384327718196,1.64631194998963,0.0958927814885695,0.550388991930758,1.2449861592974,0.396274799738534,0.420976615586486,0.375237710774301,-0.221543125650693,1.20896022184714,0.389747812818828,0.955254866024941
1.7599939422051,0.940300681383146,18.0623058486051,10.2064128908885,0.289877729757895,0.552025907490646,1,1.52636709163748,1.20304487527167,-0.213811339667238,0.706625720500473,1.09159160854192,0.291080777889977,0.328871132869004,0.295247565904325,1.10779707916271,0.390808644022699,0.869349565856223,0.488699810781359
0.999025429250991,0.587454647114318,9.09860002490814,5.49213562574842,0.276273307515787,1.29279167859639,1,0.0783805704599696,0.84132135251622,0.899749696948494,0.275038842462042,0.583324644943273,0.403089741617888,0.370378930311481,0.437452107472865,1.03093804922516,0.34609552587013,0.0151433386132547,0.435368052151817
1.16920475234999,0.685838676773385,12.3174894013303,7.04474221658668,0.325682777521013,1.1830469509321,1,-0.799519669829263,0.498069912039241,0.783358158911578,0.275505751801185,0.690299498981718,0.282628941020726,0.747126431332852,0.299803846939874,-0.373645213028206,0.68559369948298,0.473853327940169,0.457384539990437
4.21587452339855,1.72891260993923,29.7626464736275,21.3249963522206,0.0446832463358046,1.20561417589253,1,2.66576384568069,1.45729088415705,0.440149190995203,0.515856042715562,1.03784145265565,0.405933743197873,1.62906406016948,0.368130398830766,0.493652687349481,0.684373849899471,1.53405217763901,0.512662075760211
2.02583913451077,0.935323012676182,23.0526796585376,12.4824389946616,0.381014531499495,1.40592264353154,1,0.201871547733723,1.05358587043853,1.25045572616512,0.388272759809542,0.505240659710483,0.354124447766676,0.803785107724646,0.35568386293418,0.253115343617446,0.628469236450396,1.32478199759498,0.435242394044967
0.816634855269042,0.700961944368097,13.5204195156077,7.04346162134162,0.0468936011378596,0.442062630150071,1,-1.13994078059213,0.909097123901176,0.956468220228885,0.397326219932119,0.675029050921103,0.320572499074901,1.01867237071281,0.195099600919275,0.733931561475734,0.28668467605784,0.939049223990695,0.342427991924484
1.49966101904897,0.813782782038769,15.4681968101821,10.6790492730632,0.883430639008769,0.101405123875161,1,-2.02133026177014,1.20518505317663,1.00963622587684,0.242641345854824,1.09631735099639,0.437983397535369,0.384999759133599,0.434116703752453,1.12755887544944,0.498804009912653,0.813368103162215,0.533137979420515
0.0979884341822846,0.936802805210927,24.0019162625114,19.7894682892527,-0.144148678443691,0.967825576262868,1,-0.646419393167568,0.703305306587736,0.964392717344439,0.397291429649918,0.73397000496371,0.502043132136858,1.04431830477118,0.527152756305026,0.551267060376958,0.560740401772849,1.03261023142427,0.504855954991302
2.67888254069186,1.19175450250194,22.7398093316681,16.3141382415191,-0.0568329319682259,0.775229803349775,1,1.20407777136884,0.972069449259924,0.877239099253505,0.517611019729939,1.2746378891961,0.315178050089139,0.900467470600086,0.567277405701315,1.19061116117703,0.377686627379866,1.03433235974346,0.436132490172789
0.743413991565129,0.7711309992416,16.413550004492,10.1051012711783,-0.038925216031395,0.823415062093331,1,-0.0114379740977867,0.730656647575422,1.20371986793585,0.253631040664619,0.780501037797649,0.364995441336762,0.77397210358602,0.257399918279135,0.25209246840195,0.617440267782446,0.429914253015604,0.545036693688663
1.01945415833116,0.606163658944596,9.79431449278503,4.84015564320145,0.437745515548488,1.52355537912091,1,-0.64600358617902,0.88471175521994,0.622683226597219,0.311328333441536,1.10197168211312,0.252594574090723,0.878467023409128,0.404008937557118,1.04155609306589,0.269673340137185,0.934517252771483,0.295380629670008
0.750949864887004,1.0635542931564,29.9711936295441,22.0157004020169,-0.0827903093588059,0.976759911282078,1,-0.0399618922107351,0.960224763628648,1.07904072164631,0.346207710645744,0.573260011634015,0.47490988108304,1.15257677360979,0.387712832002747,0.794501044117174,0.477577390718014,-0.717319553407454,0.883751882627833
0.414319029771622,0.974665875575899,23.3792307420905,20.2740832033982,0.301039907278653,1.35876974076867,1,0.132661500207514,0.951971555092628,0.75339745634364,0.522648376502448,0.37650697741038,0.549747816077262,0.68428463726022,0.46208347445232,1.1487647978171,0.360538470092472,0.0772880299714762,0.886090330998689
1.62441698708296,0.706747685235349,8.9319428089312,5.54366964354887,-0.176087605632744,0.525950526751604,1,-0.710002514612241,0.529710976475125,0.650288113624234,0.293391611142606,0.376252589486795,0.416573207904403,0.558989338241891,0.287239575746559,0.872853752605375,0.421885509547855,0.789352273509111,0.336557236325201
-0.531851286411509,0.896142591352281,19.5225670131683,10.0486631858322,-0.103409461741057,0.551660549193776,1,-0.109979126907485,0.563345010450484,0.845915049924522,0.263347876620539,0.786444272894644,0.441115441323607,0.650157371288704,0.425714664458527,0.224155494745277,0.39927810899796,0.466378452252348,0.413511850007496
0.971665178256879,0.973100373056239,19.4458073996729,12.9194523577719,-0.583497590501785,0.319971988245294,1,0.022767255181475,0.892264508531521,1.04175064773846,0.343891717412683,1.04775895272026,0.320049867034294,0.354159399358379,0.470861586119768,1.19860906126781,0.456113411254407,1.0914136219282,0.572335183476528
