"beta","beta_sd","omega","omega_sd","rho","rho_sd","conv_code","tau1","tau1_sd","tau2","tau2_sd","tau3","tau3_sd","tau4","tau4_sd","tau5","tau5_sd","tau6","tau6_sd"
3.44611767257672,0.511805092004931,9.59569047648603,2.9622441555817,0.581861083070254,0.387527109802191,1,0.0314051743150926,0.35793349681477,0.36545893895754,0.29619681049262,0.930048255246107,0.153262475073587,0.937574815926985,0.152745912052801,0.512297065980882,0.206236720148695,0.837191116821546,0.196068344530112
4.08360596018021,0.611838489558255,10.9735606111669,3.83322861417737,0.85209005611473,0.113794036506527,1,0.446253467088615,0.479821290919239,0.442221301559337,0.19821105891264,0.814733309741104,0.151086550602008,0.563253136277049,0.222464605853392,0.464319027544796,0.222966840718216,0.580678888129899,0.230015967168822
2.88472829065405,0.657423698023179,13.6121333088811,5.14304332610938,0.738449300209004,0.225953607185897,1,-1.52945612278572,0.583251542592896,0.573280895146791,0.223270142314225,0.773843423885022,0.164678800173177,0.563176549505008,0.200559033706997,0.380166755504635,0.204920374910129,0.276232713440349,0.322245037160083
4.93160926901513,0.90765947269928,20.7339061633449,7.64489988573997,0.823335475629991,0.176425517402276,1,-0.0848373152605479,0.702603293811101,0.417469469574278,0.296653383697637,1.03358120475553,0.272186058961055,0.701399904630773,0.268241090985043,0.632946369419647,0.183039307352849,0.983311617823397,0.193155588325797
3.26105098516802,0.70101994996076,15.0079589791221,6.35084047664053,0.800809105175602,0.222672646962303,1,-0.696076606124804,0.54711275618748,0.372161381157021,0.228806228402423,0.565710016222954,0.26732167504589,0.73557986768142,0.206161903095428,0.744926005478154,0.228117206179209,0.531812699614355,0.261563470625225
4.55535956655834,0.810065315427683,20.6298185719698,7.13940703110962,0.731639139705232,0.352545946446165,1,0.517298699565219,0.578154746401016,0.249741561143788,0.371881468633903,0.87811418088284,0.227740937590521,0.532548852058681,0.236136162273831,0.740481355185911,0.228619563616992,0.578057308399938,0.181198420231344
3.56669428176123,0.739087051883142,18.9759092225403,6.93480263604011,0.908736962144839,0.0480546453448918,1,0.226954454103595,0.647185245732874,0.729959778004525,0.203001808496474,0.724291228092386,0.19261140332639,0.641125916375068,0.22432943642348,0.719419675682671,0.195579838389877,0.724901969064688,0.243980938522279
4.33124462312558,0.840992550640954,17.7118538879663,7.02525806568245,0.361544885606147,0.708204975396588,1,1.64953722245872,0.533106933795809,0.628354740496164,0.200402221881613,1.04780897367257,0.216647128803949,0.667743773820819,0.253124409089387,0.65768600083316,0.26644952517942,0.343226106374904,0.314274505571615
4.62048327444616,1.05833998111955,13.0002480735405,6.71258224691941,0.860867120801519,0.142650896129351,1,0.75706959851045,0.692041432109139,0.449095159126189,0.239566332365287,0.203224015873721,0.336365913518944,0.879279310292516,0.215681403510829,0.805251059015463,0.270973658665248,0.473085805183358,0.356117185747838
3.64543965925118,0.681748000455726,17.4543241878128,5.81714478581914,0.866286572225183,0.0722545235807567,1,-0.820335612758337,0.626379444721131,0.496791106102919,0.243481659007705,0.885198075552152,0.144182813483924,0.698768577408648,0.191858151516498,0.831053384644727,0.184204512531638,0.773314282145371,0.229810078640467
3.91175700848651,0.647854465885389,15.476840484498,5.18929129906144,0.914179909229593,0.0671202656804966,1,0.180605886090972,0.63390730122978,0.576682599242735,0.226722231472295,0.609080301553441,0.233156610512101,0.861948214005439,0.150092569042128,0.484885375162355,0.209817937355962,0.694969624287371,0.165162727879186
3.55028663464852,0.525647419870049,10.1873948948977,3.20986274987948,0.914946960491205,0.042954754687289,1,0.033611945665723,0.634351591954923,0.554223136159372,0.243062791544993,0.644475202324319,0.19648981174345,0.824371822298736,0.16988057121878,0.396539285662833,0.163294194678524,0.640914883621896,0.174728159033167
2.735955174551,0.578766176762665,9.41286530514916,3.61662071890037,0.974544106608181,0.0137224811744578,1,-1.9867970218922,1.08748946418429,0.844584463417525,0.227546297495113,0.779493845702123,0.145249302725973,0.877503751690908,0.201739793412857,0.5646849399212,0.183046306383227,0.809514527220891,0.199146718675855
3.55826805548941,0.801333633005934,9.77673299390497,4.69604794071383,0.717901896673413,0.352886458035481,1,-0.478934961121189,0.553864904382292,0.566607432295201,0.18167040792968,0.54583923389207,0.243055898036677,0.416825329505493,0.321490993120111,-0.0578379978234546,0.417918290542323,0.385979816528353,0.303609048421443
3.11329522785638,0.546395589824379,11.5788056485123,3.7186515868406,0.926786472103712,0.0405324380735518,1,0.358831328505578,0.653914930973992,0.500674855309371,0.211474353232765,0.5687807295454,0.204062011368378,0.825489609175128,0.153670517057808,0.585180806458443,0.17076042608114,0.494290843430905,0.2070802178681
4.53662033015962,0.803459698436393,19.4096045957944,6.64741532615104,0.76047244220249,0.35420532005855,1,0.193603258228857,0.712146538278003,-0.120974240829145,0.410967973533532,1.10017675050615,0.270073623415388,0.534703751783679,0.242475932795881,0.957448925772419,0.173733532187272,0.896293089477249,0.162528522277369
2.99051198215098,0.544838896359748,13.9245734896491,3.80757501683304,0.717790647243949,0.203865516799177,1,0.0725065378032468,0.432634554264506,0.716375216826243,0.153288515494647,0.596161214896787,0.2103053999535,0.592289378112138,0.21902887585295,0.923858788464841,0.146990541062249,0.740921216866566,0.174138816180567
5.04223585545099,0.980525034795812,31.4438440746705,12.1955790493366,0.788172842456112,0.223712624224759,1,-0.183897318483544,0.710561292266433,0.818202951130282,0.219848169688222,0.512944318205385,0.324718467508357,0.948815821446453,0.184871124325482,0.703156898859465,0.260680986340996,0.881214199268584,0.200254735789415
3.87533213635423,0.808088292592616,17.4260022459637,7.08316924236707,0.876591056668079,0.0814423237789342,1,-0.345801373739511,0.602521199579524,0.762391947267753,0.218102414184538,0.721641937585959,0.194886748412027,0.6677346091204,0.212336773117744,0.538558834653224,0.205894569824467,0.493977796566241,0.30389087101896
4.19235884323992,0.741210470338273,19.3036864222349,6.91513076935818,0.839229918904878,0.153658119569199,1,0.102297753641656,0.609369540509461,0.905108227329568,0.18258634592281,0.581989896287707,0.220177803849975,0.903384998481509,0.181775144716648,0.717131453134474,0.206462957516138,0.78183934868886,0.222489402457217
3.90963602989609,0.652954528598621,12.0550649679092,4.65918279868987,0.836858029077343,0.0816024177393215,1,-0.487131506115053,0.579235654301527,0.705071398025428,0.174890528754336,0.511796898554436,0.200511658533374,0.541947411223333,0.211296551176334,0.647129136421472,0.216639463012041,0.574378610811208,0.228473101206842
4.37647090550386,0.81224329207714,12.8898610073689,5.28616105512449,0.936993667878792,0.0454223213697043,1,-0.90312280849098,0.958817500978698,0.745716764301841,0.263963288273398,1.05343794829008,0.121817430828718,0.602740338301769,0.220560471484534,0.63151313025831,0.252228387475936,0.546419772962859,0.246204001861429
4.51200713217534,0.727453614696243,15.7500686809126,4.99166415415415,0.568580821959214,0.628142777025397,1,-0.188790521709603,0.906457150936613,1.02610654419061,0.239524708397006,0.698664315540199,0.238755324744436,0.556893555208413,0.191743594353221,0.851690663684542,0.203596694846121,0.983492745883237,0.19141307047489
3.56136830873287,0.587987338321259,7.85282514762684,2.8613242662309,0.862616445705855,0.101870972584701,1,1.08471661170763,0.696109805186283,0.688553587714409,0.206335434679382,-0.0498088093148695,0.293567766786801,0.608726151113455,0.230093242767366,0.517954398205131,0.267917131949757,0.423434214611557,0.265151889058591
4.59503758634617,0.87034625476945,24.6657619182018,9.23490817437358,0.254679745049693,0.444651372265082,1,0.00578775126049276,0.581927797040154,1.01284970744646,0.168106073267116,0.559898967315303,0.26268860302735,0.857686341600342,0.161968717580219,0.589959683959428,0.181051122954083,0.754634429487015,0.297920374692088
3.83040242184095,0.585173240113602,10.0807538722239,3.16787629459504,0.559610439292146,0.424050788559733,1,-0.375420326973503,0.430334793339313,0.365040360276261,0.227495967704049,0.802548011167075,0.181548764162828,0.319172757077808,0.210177283014739,0.500339141901026,0.189625941710466,0.769468746833585,0.180664586877565
4.36318295235773,0.719609986476135,9.27787770352727,3.26166435239977,0.860396516670534,0.124531410200778,1,0.211810504262094,0.794767149484052,0.717607073363377,0.332846481308713,0.505124396823047,0.272525938561298,0.734196635669938,0.24404733584754,0.85862940601934,0.170883335083814,0.716098245586316,0.189397154186373
3.462004422266,0.558319195706012,11.0918664617966,3.41773241718342,0.843110199591233,0.0786746329745218,1,-1.23824703393106,0.635987352765918,0.844122547688372,0.268761925085237,0.554701636148656,0.229051739005786,0.390472523042221,0.188602926344326,0.816317504251656,0.181607665076142,0.451346918101226,0.188208135896126
4.07279785774319,0.940893745749566,33.0909785227094,13.2584237150773,0.780047258648762,0.207544850737449,1,0.0462675431543755,0.624127721144458,0.683009596844598,0.267632028423788,0.4922593431089,0.311959453948237,0.841051210370059,0.211665255469266,0.880627744861294,0.191589200722334,0.848123270643496,0.24955590222668
3.41905241117625,0.617812891030348,10.6573248748781,3.88322771256573,0.927243043349532,0.0384239887740569,1,-0.566798852798077,0.709415285327851,0.523360634080193,0.251757104690314,0.840570116958535,0.164887345128063,0.498935228499323,0.178386512699983,0.618288711169403,0.190597265313775,0.530561911128509,0.220277160759138
4.63722844919843,0.749773286966769,13.4666315559833,4.79839793862738,0.673149954898627,0.438185978104726,1,-0.436180668472729,0.842473212926916,1.06239617754966,0.297496403482859,0.950865163349344,0.164269560969599,0.577914064772793,0.175572403021662,0.469584880767201,0.228775965475406,0.942085039165268,0.213527178036419
5.02171753451606,0.833321394496931,16.6855551897317,6.08254606344754,0.94232028061775,0.0334416359142486,1,-0.00628398102415181,1.02998618272194,-0.151387552142937,0.536073755531427,1.17558419013649,0.238592377006537,1.00726463385128,0.138611886457504,0.82971160084036,0.197474347370141,0.830140810240717,0.200688840229703
3.35906030742812,0.543612982309235,8.37355271294253,3.12384166314177,0.943454513508105,0.0346712648243904,1,0.550485260187414,0.675881590431924,0.590745642796167,0.208957776836937,0.701997492646941,0.158111927747817,0.594066661499316,0.164097791291085,0.0987624255284467,0.285246534369528,0.484389820136008,0.251629694786693
2.85735174007439,0.54624126425504,9.80553415485635,3.40934207397746,0.944793945046694,0.0325383984553786,1,0.504743498750707,0.796262442263095,0.728858512372989,0.187893317408987,0.57674941556427,0.165375014768451,0.761518383177861,0.206679996833582,0.935841534224072,0.213048742297666,0.420399230517648,0.239529028503925
3.82134873509316,0.841826269772161,18.8770552437593,8.16428567779844,0.960324309490844,0.0233239819773788,1,-1.32122781174616,1.03718485691169,0.842331750959738,0.267558055999064,1.06697534671455,0.194897203673483,0.413110654661796,0.199060573113846,0.882526049788288,0.233432140230273,0.156714981630923,0.359923518947596
4.52843732530374,0.723562643335607,12.757851259259,4.69291216263728,0.878611251167347,0.0732874111921608,1,0.68113632224372,0.704218126159322,0.660372987921705,0.281433872933156,0.809821251804897,0.189004465867116,0.72026758615164,0.217523580130121,0.903577857571982,0.188342547800649,0.392840856642126,0.247452409687267
3.89819803137765,0.625089970060675,12.0816488304209,3.87604184724047,0.586215215421441,0.365977481799073,1,1.09638140073979,0.617196601568911,0.599115743892061,0.305138180268001,0.501107158985641,0.182974022528901,0.778971395838725,0.152799635600319,0.72021979817675,0.195533937710582,0.41927687518542,0.236804992182845
4.42133676000133,0.708859071201294,14.2402974558533,4.96676472264958,0.8252498377836,0.242931620331543,1,-0.153695445656374,0.652515876747099,0.93906852803895,0.210719956871674,0.766890125005497,0.202315051731513,0.395740956366368,0.249211209899049,0.716742666588215,0.238564839679579,0.911041538210838,0.159872819208161
3.22842314238684,0.754508991165213,18.0509633190078,7.7735440814882,0.874223852435198,0.0768401456968132,1,0.117386992929338,0.61691932408241,0.569985789572523,0.214403937248482,0.442225065218378,0.257629189759114,0.963570342623508,0.265905870821015,0.25003578367233,0.322939006433904,0.269323476691964,0.262500291891063
3.7454979745891,0.684388460282348,15.7223365341984,5.80127547354482,0.91400518231905,0.0580480921711604,1,-0.98165976045205,0.62107937011221,1.08553771467743,0.24409012878949,0.640095909663586,0.232661775581306,0.801465392495036,0.204720986002476,0.427402573027977,0.251991707499542,0.674489372502048,0.253077044358754
3.79447786423959,0.776332256018985,17.7576179309736,6.68903818059637,0.823295356932729,0.171959728272378,1,0.500301851069187,0.505784727883591,0.471870986785187,0.278595921869367,0.364531124162302,0.278172333505548,0.981037913260829,0.184344019031501,0.533142870139052,0.192184435413742,0.291395426441995,0.295168176359574
2.84019837759036,0.542773014568348,11.5164284903955,4.16135197578429,0.866720281011065,0.0749589042711612,1,-0.57994011464258,0.59104116344713,0.746390367108897,0.206469786982926,0.741626636155962,0.184050743490026,0.600725026447959,0.1789984528218,0.51077452086348,0.246990095840936,0.459964151211748,0.264106395323255
3.87385420966257,0.643973052878706,10.7971370569755,4.09088911042796,0.899199362983818,0.0685263317132875,1,-0.684932165274036,0.625875176123858,0.792285989078856,0.197812549573384,0.815163550560241,0.225679437527559,0.520619680667404,0.23524892662487,0.736383913508702,0.219431189854895,0.658375626522162,0.213557201381705
2.95189725212347,0.425560805127158,9.55952655853667,2.6164690959798,0.514846558989728,0.346183517214685,1,-0.62717921930033,0.619975015424249,0.741244546218765,0.242461592063924,0.438162144824311,0.168824523150176,0.720341749608971,0.176015957877825,0.296754010518912,0.189745752305881,0.863954309222903,0.16236602809303
4.26568531335779,0.839544745099288,17.5202397503454,7.09554169613703,0.785587745440861,0.183013332329083,1,0.325625515193299,0.75216738547972,0.639658523390785,0.318118563191342,0.841277548536434,0.195698878997433,0.818987182911419,0.201170244219488,0.969345319668249,0.256956354887339,0.472541123713934,0.313163471511182
5.5015329085762,0.967418868803762,14.9401249319575,6.13611993447143,0.939460823913658,0.0535922465522097,1,0.123723005629156,0.997288659408283,0.858388741187064,0.341708625806661,0.849565514998761,0.228379232891623,0.878550780030774,0.281164446004276,0.489471962240683,0.251150034119979,0.877702352868687,0.281496490385783
3.89885504511861,0.574587403521161,12.0993381233118,3.65986764711974,0.466981599794027,0.330945132738265,1,0.176643305608144,0.358842304144953,0.7812764306722,0.18381829580538,1.03505696695879,0.148618984103929,0.933546812234154,0.185564636410876,0.735516195390501,0.197260499143383,0.724596503341721,0.187540373372663
3.54033574990902,0.633673885042391,10.0559140067735,3.9099305912901,0.967148907249906,0.0169105904157693,1,-0.81922898396057,1.00312229153699,0.814388746491027,0.257483658042706,0.890418140774671,0.193046774177869,0.693497600032417,0.165898556387721,0.808412023101443,0.195617334847948,0.713969063849271,0.238474938467691
3.47202440558556,0.680945122778793,12.6523812716437,4.49902396630045,0.677493697330793,0.396534230781449,1,0.0960368654361017,0.509564861904906,0.485791716319152,0.236118480656431,0.420996893376418,0.228480841912844,0.323801129503333,0.218457187341791,0.449840549112082,0.298047685945024,0.474057438486286,0.239632306109275
4.02985577416185,1.03025592417251,24.3606545929091,11.9468304564948,0.91651594605404,0.0592168062235789,1,-0.654905309232854,0.782376676523198,0.862073528449219,0.157013962972292,0.610342615315517,0.321690924247059,0.504835470478061,0.367581446001584,0.681746516851224,0.203284303505163,0.548899681584266,0.277480401060874
3.08339653600657,0.589856093541992,11.8582701595209,4.26903506186638,0.866342051811265,0.104843495020371,1,-0.971878134177259,0.60738545724238,0.90985607458669,0.190628716185752,0.636483262389319,0.221327498082726,0.38825566568091,0.210032106540074,0.4282721756482,0.238636889154135,0.522253121466782,0.190819552138599
5.82183929226068,1.00453514978163,20.9272157049029,8.22516100700596,0.926330776042314,0.0405275348570078,1,1.00864742875104,0.717735910585521,0.697032635930585,0.295749414417094,0.790426135580252,0.28426857698638,0.994583046739346,0.193766932550751,1.02693166569521,0.180569848437389,0.342106971779561,0.308425270049819
4.57170090798964,0.811722148070274,20.150566769978,7.55830470513045,0.220129920843853,0.352515934707177,1,0.362553596955934,0.451615213090264,0.849471409176431,0.190116036462902,0.721328167045981,0.21701423872305,0.500861530198512,0.258314551632819,0.624666746620748,0.21952811437505,0.817747160177409,0.263276882182539
3.41827293821462,0.704332794835673,14.6406497948873,5.84603285185594,0.933873135045693,0.0376153065511691,1,-0.371440972241953,0.74703609273454,0.89179663671582,0.259416675261646,0.861768810774556,0.184836063953758,0.189962185272287,0.272671145736181,0.340872406811716,0.282800604652973,0.774493503521719,0.144024008668707
4.52753997334318,0.813657196719084,15.6124721896321,6.10127792860153,0.951114963598612,0.0309058865353009,1,0.323970850494461,0.753192781575015,1.10508022039244,0.181076391810946,0.427206131046262,0.315414587513571,0.69191290332063,0.302226548856644,0.773026163771912,0.234018978499727,0.895696540363561,0.180902668634255
3.53549510689817,0.698088212293567,12.654406537174,4.82688729727301,0.911910408227356,0.0558816751785192,1,0.358959447543838,0.699585119621954,0.55897924436216,0.206808149106244,0.867976247927715,0.177386398412824,0.57304468006155,0.255687357398552,0.585116797802624,0.278532422265509,0.511924615852145,0.283917641349529
4.4186707511539,0.766043324674439,24.0836362333638,8.29631413866878,0.727270328018122,0.253317107446295,1,0.28200115402973,0.514877108221087,0.573425885186072,0.255329565021353,0.562341623023399,0.192702278194238,0.480078060491156,0.21262624044992,0.588410707309575,0.261979653030902,0.850815509318796,0.187728797676955
4.63785837322664,0.861834343043829,25.9267246327018,9.75290216271203,0.575439670896537,0.482356375981294,1,0.441282465559207,0.488470225464032,0.660894801314686,0.219912777219555,0.736705845491329,0.207852851260564,0.394761660533192,0.275256710348937,1.01980654583819,0.162253466436444,0.558083395272828,0.250139294375909
3.79703229650196,0.632832172537528,9.96307292962939,3.84799306753749,0.882957400130029,0.0807717573873622,1,1.21100520907634,0.703393311469232,0.579490082719652,0.290319125857134,0.411323518214215,0.189554193239882,0.632807894709618,0.157924064046217,0.697582755187119,0.224383114772492,0.210704005036908,0.302345144629198
6.07835110235534,0.945659389337074,15.5724998780195,6.16637595749802,0.905933597213243,0.0670586915972422,1,0.0292883184199887,1.01657847570396,1.03191948534104,0.212070918666734,0.545878412753355,0.261856486407723,0.799549603579186,0.242990872484552,0.377111394534158,0.327794294762955,0.89471135633471,0.23816817646689
5.27318418726835,1.16269180699027,23.9925348474899,10.9404162433175,0.969304955487369,0.015126048049092,1,-1.09930891754299,1.08133373291494,1.00642657966421,0.224718708816586,0.9484328135113,0.261900014478179,1.0214209606552,0.209314992832117,0.977280575810491,0.24019447759845,0.785730094835282,0.270211404291765
3.56518611537676,0.702336875565709,16.2669559092045,6.00951419715659,0.431500695742688,0.433174798764518,1,1.03221010600847,0.653348578798197,0.263237637974066,0.394221002407087,0.119940036800997,0.381011205354077,0.130960663188825,0.350023101807128,0.533594695469503,0.229822175740968,0.618845098516443,0.190687107159908
3.76828113708822,0.676288830929002,18.7941300753035,6.39027345242809,0.399623465822935,0.28300523561441,1,0.355422911171042,0.443127646242233,0.71866750761034,0.222181973329076,0.457084161066052,0.188453785956951,0.735123145649644,0.158513784751224,0.718903404005136,0.194661620966218,0.750589999643242,0.219991064723239
4.60674816162388,0.791760825465126,15.000820803139,5.80052099170396,0.855264279144209,0.0996009286954802,1,0.298914402436891,0.441094190963174,0.803127473416755,0.187440386495303,0.579015751799552,0.150304180745373,0.875244997984333,0.185837062722988,0.72228386862411,0.213304729012091,0.833254391909993,0.281979391480234
3.60179196542643,0.599573475082097,9.01772040830228,3.18041939395471,0.824925991577278,0.133606173618712,1,-0.629341491865649,0.630033824611729,0.516962931190085,0.339098430440788,0.723620040197664,0.229068508531542,0.470788369070166,0.246074691794986,0.552817034388166,0.189755434587856,0.663108732287147,0.162986198621247
2.61610920648012,0.769274333376883,28.274121007844,10.9993356997243,0.477031484438121,0.599607026019012,1,-1.14133628827513,0.698926721397418,1.09943536846154,0.219930209302186,0.547051731446543,0.22012964121475,0.735038428811566,0.237137248998916,0.907089224922704,0.24470021441915,0.524104646112976,0.282154600318813
4.0231240811329,0.901337186761965,16.3083787235444,7.23906275037967,0.90819966393392,0.062061189724823,1,-0.130013583864662,0.752647293238192,0.431276893585918,0.231529543862606,0.919367866128187,0.214008199799411,0.662623594433973,0.213946145576991,0.517926316208494,0.266245356012208,0.50775700253867,0.291571082875121
NA,NA,NA,NA,NA,NA,99,NA,NA,NA,NA,NA,NA,NA,NA,NA,NA,NA,NA
4.12182769174275,0.904889021450036,18.4259481008478,7.79565699874943,0.929613606568664,0.038581985830339,1,0.436809848997659,0.794276980062831,0.855464160438894,0.186666207684784,0.719049862837201,0.223310190964061,0.38858688978434,0.287107075644768,0.325632467487666,0.277083659426595,0.778105078886099,0.239552160625805
2.97756348807953,0.759137907505593,15.9530113890157,6.57067093651577,0.934097272640304,0.0455971714740783,1,-0.853728240127455,0.901708117993847,0.816424962439773,0.152179097108267,0.703000291150347,0.196515268823129,0.758486436449547,0.286769324087895,0.282071725745057,0.258973597839463,0.827300475802544,0.240907492370971
4.47228759685112,0.876613789304669,16.3435471192536,6.64222043032495,0.917905175632961,0.069252819100986,1,-0.553794977165822,0.922417367506773,0.52726933265013,0.388625140954896,0.914047561307411,0.257954266756888,0.73818014707556,0.184275160069977,0.663154448959412,0.242788889915073,0.832325813289144,0.249121132631873
4.36240818557736,0.664416922535853,13.4168429899958,4.63315759982338,0.581044794151095,0.330230761999996,1,0.304639152985573,0.440581188576594,0.361734140973171,0.215504934265046,0.50914827847767,0.18553898188071,0.852260184515529,0.147086584656807,0.510947546362857,0.284152666382065,0.835488824534971,0.230382558968293
3.68075432411402,0.670413278677246,12.6339808357065,4.26091469067693,0.752281283425892,0.169855815813872,1,-0.32543911688556,0.573270016357846,0.818999943381609,0.186336843117789,0.363418310348058,0.212256315176339,0.750916104156616,0.172025072343595,0.73210086454368,0.210020583391361,0.286455510104649,0.256993924197326
4.15531210863737,0.94287454726645,24.2118335783859,10.2284383945675,0.929971932504377,0.0516028480387646,1,-0.613831567747859,0.908877005232893,0.783818929030254,0.220243179447434,0.755799069089771,0.274702360156694,0.544935157872408,0.3045843959316,0.867396826576131,0.238880429831109,0.706111782122611,0.176640211591058
3.2001869949941,0.608708281359843,13.1385211103139,4.70042895399148,0.755845858829817,0.215428045649787,1,-0.24334927220665,0.546901923752189,0.761555151264652,0.189231780677574,0.50738570855052,0.202718548867341,0.499599341618311,0.225809099187406,0.579039516482873,0.209875486378258,0.5977850494462,0.193322724698131
5.22586791551175,0.996513436595813,28.9544070588324,10.2223363854478,0.845703217008036,0.119209263602194,1,0.472688812511344,0.650227305892807,0.608756340033053,0.287177419311992,0.539177044406645,0.212634279247221,0.686768825108842,0.195819600518034,0.82199846564075,0.262142887770411,1.03168925807638,0.212829995274772
2.8939734265024,0.570292815706841,12.7278339159168,4.66766136075309,0.86112007983079,0.0725619314066138,1,-2.02624606637167,0.664503383931722,0.659667613698734,0.273548547680124,0.747999488058729,0.127271058041117,0.711191110499479,0.204197406922141,0.731389164691959,0.215237389150955,0.466772946479756,0.197700446007371
3.86673789256539,0.731992781637561,15.8637507609691,6.00805507866647,0.861549427397233,0.102939735343567,1,0.633565606335916,0.605891095737275,0.742594103660879,0.211091412380129,0.680745091511147,0.176874667993378,0.627498091711989,0.263512301066733,0.443291215549679,0.299693778847062,0.589392139144565,0.253346523221209
4.05684686683762,0.715325282313396,21.4961909461002,6.7643382180405,0.496970477606703,0.435958151984194,1,-0.11027504533145,0.548023342884272,0.658917182193938,0.195383107963134,0.488876970739764,0.255149925067686,0.523455179396325,0.207791250884389,0.677744424965366,0.167328489368876,0.900891510075772,0.182241843945241
5.56831480613793,1.14773196743764,20.4916372170348,9.54157588644854,0.936916884365986,0.0359369257774064,1,0.689301002744241,0.865959601437024,0.860903594873589,0.247787727360193,1.05100727973206,0.255855753991467,0.624435748685197,0.332292051521724,0.662068725929322,0.239936369473239,0.422327535066284,0.309325829042516
4.15142628772214,0.932072081348392,26.2462052898056,10.4417996673507,0.422524342211148,0.494780371003113,1,0.613204712047834,0.644905827630746,0.490959366121235,0.239991821077547,0.882522941410342,0.23590804273538,0.765831079619841,0.226182116703743,0.804015167076902,0.23247254735098,0.763908188453285,0.237528665362101
NA,NA,NA,NA,NA,NA,99,NA,NA,NA,NA,NA,NA,NA,NA,NA,NA,NA,NA
4.7950996632449,0.905934451573226,16.9012047577888,7.05653300823123,0.900333656568418,0.0631266019868344,1,-0.939767433437651,0.646144778500897,0.631339230718134,0.227456362178728,0.793510636945089,0.200826559719401,0.760560067104219,0.296408209087902,0.521438942575519,0.330563747107796,1.00072674128182,0.179848375104987
5.06556631479125,0.7561498085884,18.6354016578761,5.87602315609455,0.830400154035277,0.144267432776603,1,0.424249365071243,0.695768151272794,0.612688515656164,0.308268925790578,0.727487077948477,0.213967564162618,0.723074292457265,0.213764597999782,0.686982554093975,0.190767906450076,0.665980636800126,0.184817200598638
5.65192273532036,1.25904202938256,35.4561194543781,15.2889232917193,0.811717000650718,0.165718284388652,1,0.657085273596586,0.686296924389178,0.55049520388842,0.27986682540595,0.840170245774134,0.20250103069443,0.834625116165162,0.16507995034129,0.697218860503938,0.23966830901906,0.787460878251479,0.298169147103831
3.1482245597115,0.565650546753376,13.8782451502987,4.68990137430261,0.871209914766039,0.0914107438534026,1,-0.151625114134543,0.686455848081309,0.619840826878456,0.265398916819207,0.764589419315472,0.228427077459197,0.42994983934999,0.193436298925215,0.71463828174205,0.162981046552906,0.680601865198719,0.220349576003702
4.91121411055494,1.07141103950906,27.2718449046281,12.1905407813232,0.908426917640099,0.0775734645791172,1,0.194320316422277,0.669963187387668,0.81783728019914,0.153047561023563,0.840920606815073,0.287890121237936,0.695289911358484,0.280203616919789,0.757191181229904,0.247908071356828,0.72639544743481,0.229554214138666
2.42375030140992,0.520696154415659,11.2017299785481,3.68053636529702,0.870903748924281,0.0710475710546187,1,-0.11175084945814,0.671522912700215,0.233218626738136,0.261558848507576,0.584574654502922,0.189426372304076,0.533599696933553,0.213020201719863,0.460098256237256,0.193388906751227,0.504670373812228,0.20029756493651
5.37887291175155,0.93471406875371,11.9132127799927,5.14178966213351,0.954735381821655,0.0211854025427748,1,0.0175162310719097,0.771554332279952,0.726456412910551,0.236650394445911,0.753066410661184,0.2310657755317,0.86929478781446,0.25435097222367,0.867501459056072,0.174381846686073,0.697072950482507,0.252240408529169
3.49072754768314,0.522844531857081,12.3153547522786,3.73911804867081,0.526816149485171,0.406967072962713,1,1.06564436373675,0.465595978309531,0.306632120674687,0.299266897770485,0.505253362017298,0.199314193429341,0.843445161320052,0.135834604531196,0.740696125422968,0.173170039344892,0.879375588010097,0.165920533819327
4.51233493366086,0.96057901662129,24.5757345605092,10.4196385709699,0.936348724757191,0.036051055376355,1,-0.915613340486686,0.743278779654116,0.732113607383906,0.254399283759134,0.96924370100525,0.178051156474821,0.621398234896686,0.205006992904996,0.486805645906907,0.276681641456528,0.682936486672989,0.339707943932312
4.65643787098893,0.784470152702899,11.7645480573516,4.00752085088582,0.650550796571919,0.32815904551667,1,-0.0202078361848093,0.450306889167147,0.500637593051257,0.256357450980842,0.742767023056146,0.225688931545763,0.657123814327572,0.233125698866991,0.359582049497815,0.273441525366172,0.729820409819393,0.188003911147579
3.99523168064879,0.751605844707582,15.9067448177156,5.93596714105599,0.928186314628455,0.0442091172885133,1,0.421296666536504,0.742821117217403,0.694183374530321,0.249744723305409,0.821545518963981,0.231764798784966,0.589699501167719,0.240787238045207,0.723730011625468,0.202516328609503,0.526175201289316,0.184578147848225
3.79630330483865,0.722653065298762,17.9195621084181,6.89990936230561,0.892557054313287,0.087576845948281,1,-0.0693791591041673,0.645641057232758,0.433134875609253,0.268323342138077,0.564423239207906,0.238203289046265,1.02803924642671,0.155218528375784,0.79254106810618,0.194505359014372,0.287476138270398,0.336072550531801
3.97183889068801,0.755174593566835,14.0051904455637,5.39774186084001,0.863487639749363,0.131662348992589,1,0.230205145953666,0.747848220543598,0.225537201972068,0.268007311819529,0.640347770505157,0.216233310265437,0.674484829491193,0.175644228104381,0.532637766534459,0.262259788379466,0.823193365031285,0.247012785836241
4.33746793209327,0.895864833283118,31.4386635631482,11.7535034258262,0.814832431209571,0.146576651984198,1,0.128513398023143,0.717264970378342,0.895389232792363,0.223599076106608,0.805601074860967,0.258857590351193,0.862680434664083,0.168368743926238,0.649586722183556,0.240470904997021,1.16917575816014,0.177043036525247
4.54830517965126,0.850703599831495,19.9324100129774,7.99127699835529,0.893475772365925,0.080112494895178,1,0.629235861479348,0.666018408929093,0.384973623164675,0.283338589872706,0.70120009705643,0.303174845957856,0.643129240555964,0.325273811572217,0.535273796140525,0.247328395010212,0.899184216341706,0.131622021464969
4.22381884323689,0.904924227676412,24.7709783114632,10.0883251167582,0.932536026985178,0.0380652559574791,1,-0.494259009238408,0.822542147956609,0.844405980372225,0.283723337820211,0.62100283208891,0.178157670484389,0.952389174246808,0.262854275044323,1.00501835902424,0.276452376418642,0.694967428330622,0.228707096440827
4.71898277485984,0.907710823218154,20.5570086779916,8.58605400747844,0.941406441180969,0.0361359448366083,1,1.2911380428447,0.849109820441922,0.61565327915,0.253753384620231,0.706219380269555,0.199513572589026,0.973276215512445,0.208597332722221,0.902274823724795,0.227699598113766,0.682023338358642,0.318299870579989
2.30942066140816,0.522395198125797,12.9099650309656,4.40517903618903,0.881681680206355,0.0680264109724869,1,-1.058073424786,0.671734662472093,0.533642999996401,0.189254353467008,0.754831418612979,0.251899331774689,0.60678207797221,0.171478847973406,0.382088305973401,0.194169121752111,0.64718558947838,0.179797036515493
3.53212715784006,0.612003561032355,10.5618726853957,3.71034172884458,0.896394586072111,0.0691851309448139,1,0.0782473681314303,0.582281245475558,0.458341316622453,0.264823496859415,0.769987664902724,0.189461782112198,0.468810585298795,0.192225732033276,0.488237292730547,0.197288592698462,0.944610932570639,0.190707777476573
5.18308727622042,1.17878628501682,36.6826171187272,16.5370874063571,0.948261155935602,0.0388801672881661,1,-0.0255325072146979,0.860494837871406,1.27425882012346,0.252577189299156,0.988372689910333,0.303545767556517,1.1085141599335,0.330360544557429,0.947802466360351,0.330311797716251,0.689082565648089,0.255368982361379
4.49341233664981,0.673002933545824,10.4881915694168,3.53959835235376,-0.398543662104455,0.194990311848691,1,0.148032984565971,0.361563089627601,0.460756345730324,0.220892424301281,0.63476754716179,0.231999752326375,0.812864225961805,0.186264324489965,0.546199658234768,0.224049263664751,0.707652079788991,0.217080891499231
5.134336662692,1.03187094206459,14.4985421648583,6.35956454592543,0.960902788380378,0.0312239555181062,1,0.340091164173797,1.24861924753282,0.85282627113164,0.368341706726686,0.697617749844365,0.239254093130324,0.662374410324417,0.224336386522849,0.805754307324541,0.257821311619895,0.926034570665906,0.193817150875133
3.40638931151031,0.687628222451206,18.0739636549811,6.20403757004219,0.943206248318868,0.0276806543319172,1,-0.569834337366197,0.767099541513726,0.94430789113572,0.202341391639116,0.703776377839628,0.245161238691727,0.689765838035655,0.162254610805754,0.6201102095982,0.209614952623083,1.03774961341466,0.188972765142325
4.51034191040582,0.724291943329556,11.5949131589187,4.10793686560799,0.631530202952112,0.471485423159087,1,0.257662587843578,0.596055152218446,0.809122528704835,0.202878461724297,0.715388584110071,0.227921908962121,0.900580404782689,0.210436964434221,0.216264434407692,0.299550225494778,0.508264660226833,0.241236597753108
4.02471418713024,0.819376226164568,21.8487932240865,8.21107639644882,0.9120103571892,0.0499398588152063,1,-0.52419597815288,0.588914373314588,0.944985690585253,0.189953279648068,0.972022236317424,0.204367801602847,0.524779991503787,0.27289886383754,0.816714166696595,0.271019846238852,0.990903425474338,0.230520814552522
4.40729307824549,0.897629769630086,18.4788193102944,7.79733082045671,0.94298002103292,0.0379597674985366,1,-0.98316018125005,0.999207336952464,1.23643252217944,0.286956592933797,0.783598428098879,0.208086595677644,0.548794944239945,0.31341773537007,0.708703222803582,0.196406956051698,0.963375225234263,0.195192669281914
3.64063941829283,0.772188071476171,19.3801892106369,7.67065123138002,0.903337440827192,0.0710984146765997,1,0.224400893064713,0.68348812426425,0.535768122473008,0.314406362372358,0.85566639138817,0.254585925174507,0.755421471255788,0.239728228177807,0.827253359344507,0.204184061499964,0.817206703057405,0.160291983631592
3.40652319442196,0.6878253187513,10.4041099750471,4.33461430562506,0.892223582720669,0.0850363452962556,1,-0.337053979094022,0.567168896786962,0.511244193498644,0.232760533863017,0.548093005360375,0.21405737665674,0.612968961242001,0.224446892500071,0.741271809055694,0.23898899917581,0.153319654868466,0.344647474603851
4.09437996504867,0.7159675667172,15.9886788659263,5.59682002491737,0.824399934083632,0.197975693570792,1,0.607750467839673,0.782383531901068,0.846920834246939,0.244353348959992,0.687866367474067,0.15688784968683,0.428691423539282,0.224286173778425,0.80359919460117,0.225474644298509,0.858911545149529,0.258298038666364
4.97937075032461,1.12231042710729,34.0860879940293,15.8886761775976,0.968427258310853,0.0141842982469701,1,-0.467914673520057,0.971991433481431,1.0397088266563,0.204051966179777,1.32303882148199,0.133341774360538,0.450360719985087,0.319554774607876,1.15770301249112,0.304128441369693,0.174370772061618,0.494746265676891
4.30591395682772,0.882695088588763,22.6679800411702,9.05510127790063,0.446029261903863,0.520821838727069,1,1.08867269315597,0.635657958265113,0.686890770985472,0.137605991901802,0.68176135859596,0.238355810493802,0.611502846660406,0.251404548540821,0.704112370540762,0.250593235340846,0.598438381790422,0.288697489932171
4.44807736552003,0.947225790726161,17.1144956446063,7.30550955710193,0.900379077771489,0.0683377350903934,1,0.736419027946468,0.736775359124417,0.33392193373846,0.369257606961991,0.705507032788356,0.238095178855619,0.586439389764653,0.234457291089346,0.39087790860953,0.277764909150097,0.839390414815839,0.192205090785682
4.06139621616366,0.812235263384701,15.0045398905911,6.11273335768293,0.927044429689046,0.0749434844185199,1,0.363004388529101,0.832780097492257,0.164158909096507,0.415240932471061,0.707395695880481,0.244722797597296,0.00743758373808537,0.308142539819749,1.0652154833547,0.19719672708951,0.91847811342845,0.197128297716742
3.96476125361539,0.602349856430618,12.1493613085397,4.05880162319606,0.919069967123147,0.0400508704763097,1,0.395557925095872,0.565432119068499,0.707409767303024,0.223703544800063,0.897453118471265,0.191282518396442,0.336889182365095,0.252542705148598,0.823694956822622,0.184920210513231,0.448037194363576,0.197539960545525
4.22044893281687,0.672458616743337,13.7937518920035,4.53520628249386,0.336101305577664,0.400211670424724,1,0.547495946245918,0.486973265182162,0.416556354103382,0.220142375895884,0.480940461170481,0.238637536016706,0.452284499684147,0.192285405331847,0.423966001415846,0.229111724547428,0.500504120699879,0.20386847205771
3.11132188213623,0.643975453548595,13.260155259573,5.0659839496234,0.750166827331256,0.192031308327408,1,-0.716045842095345,0.540492403273753,0.811533973592526,0.192461351779588,0.404550430066267,0.222593588781512,0.419543101497846,0.276116612382236,0.341602033185003,0.261041345245743,0.783166346612704,0.210429764541678
3.08042527591973,0.513138888140172,10.1227580424235,3.37378525806749,0.848116526897562,0.0943470196059354,1,-0.317527433766641,0.71091253962038,0.453582994586964,0.296755547616095,0.670709880571197,0.149226853990903,0.802763379880328,0.128707925663352,0.400265451016342,0.204312518560174,0.695657529870639,0.226195269382037
4.92608812362263,0.896139743357882,23.6686685078447,8.68399606361391,0.817807823378189,0.146908825015981,1,0.482865675138796,0.685648494997273,0.87211638260254,0.208762540635607,0.780995914073273,0.212339559159675,0.88869607726703,0.233266371576954,0.599926788545693,0.249736250970721,0.935856929601415,0.183399927936045
4.04454071560724,0.811532888403986,22.1512694880326,8.48907890030243,0.744348592889432,0.167041368071216,1,0.339873127918774,0.416796891728147,0.273394603767481,0.319772071333908,0.635397306831779,0.308197298920314,0.563303880173883,0.233407296997034,0.87140364007468,0.170789200389509,0.385541668645137,0.297635917777048
3.00069394718662,0.607353640871864,14.0527135903725,4.97197270071171,0.868346762688362,0.0771374545924244,1,-0.439985638501512,0.582119479871289,0.519392779579918,0.225272886552327,0.770911122150604,0.202950207758484,0.836838430977965,0.178007756137057,0.358753590033269,0.242875174538601,0.716067015190691,0.234619138664469
4.55674166747831,1.06034653463314,19.6358417173161,9.13222705158281,0.928178587368104,0.0498366063922451,1,-0.618192013733581,0.889639918021468,0.88533452334405,0.208933211304091,0.687597462955294,0.207938162480262,1.06411643767721,0.232100058333453,0.880471497415494,0.256130313127982,1.02247180432238,0.326701281251371
3.41937278767725,0.712267958499373,19.0436054219149,7.28349493289529,0.850136143130746,0.0970624084198288,1,0.0866215539503104,0.573836027595763,0.199191573158906,0.260086136547711,0.648353702106905,0.218619912369214,0.961204530676666,0.206720631716731,-0.0214212330879883,0.27043113568049,0.600245434367938,0.179811841747423
3.73491488944617,0.67454969022162,12.8235884091974,4.81678188961961,0.916559017100561,0.0585709200361282,1,-0.289161256471822,0.674728707829876,0.806233257321112,0.20958967345513,0.623494830908786,0.195997225741728,0.740937967681364,0.222825484247259,0.766712979956522,0.213085163012336,0.384802549735167,0.228097145693009
3.56550849254462,0.703315148801117,19.0067012413745,6.47470937905691,0.869969368562202,0.0834380067499979,1,-0.347264341617883,0.670292677091211,0.722652134264809,0.274302896064571,0.992114219217441,0.195157116958824,0.646841400829826,0.220381027468032,0.752583278487492,0.169307040802309,0.745590116704692,0.187532149103996
3.73706718300407,0.624775793047066,15.9857948902246,5.10077765902374,0.659014388771979,0.344400639875199,1,0.503747626944708,0.522343090102207,0.735701453605014,0.204693835136446,0.670119052899818,0.207234510191295,0.647934816705046,0.159864884952381,0.908097824657014,0.196292430537672,0.440815404529457,0.262704662835101
4.83821897139078,0.825796563049115,16.9232503566151,6.64438135213988,0.906141853716624,0.0653057510635544,1,0.478544210978422,0.71658347304079,0.990505005797743,0.199475474733385,0.604131865043001,0.194598096446194,0.973808552644093,0.217400745388151,0.647822934184561,0.215959234281485,0.368124226446047,0.309610250157118
5.32943252648429,1.07894108143505,22.0512796164096,9.4933073052429,0.970812331307546,0.0194204273047335,1,-1.03129431435798,1.19635246758352,1.02689365738149,0.275516149237842,0.710752775308403,0.290105315542255,1.11137393020617,0.276850844571885,1.05468496957738,0.225117055823367,0.804835334180297,0.222318456696335
5.53116366061206,1.0723460386648,25.7437113739084,10.8868355071406,0.582237966147963,0.564379961293041,1,0.0359969946401694,0.557517762284734,0.571062754837113,0.258897161014923,0.539080583556073,0.269348769249893,0.795395915005252,0.285857680760011,0.648720267786919,0.301109334945301,0.746311672988046,0.277815366241073
3.46253003895624,0.742629731528074,15.43450323885,6.24682178932719,0.929930034482516,0.0436800491511867,1,-0.485414465219112,0.620511627084049,0.741806402472446,0.251594252022231,0.433925457635272,0.263336403501581,1.04173835845822,0.171802010401998,0.143049670754158,0.290530509718782,0.572616601005646,0.321178442859508
3.55559407428925,0.647999444647609,10.9023458748174,3.91408725383215,0.635568825360878,0.53604085309608,1,-0.200490897072034,0.549215336878823,0.570369686075665,0.249364819689544,0.8095067087721,0.210150520904512,0.553690606981463,0.226303877569574,0.515135610226801,0.211187929346787,0.701833125607916,0.203127187217865
3.25668756972521,0.625156898667064,11.1415958066958,4.02454019630924,0.912081246904324,0.0558681112913173,1,-0.213264433416859,0.680185124047241,0.67463743834492,0.23159395484788,0.524664204913195,0.226190937976643,0.568884981784953,0.228494581787999,0.456367971463689,0.212527611671688,0.90476056845335,0.179054267024996
4.72892415320379,0.780575829997764,19.6793331840001,6.90362819465085,0.747926918411855,0.24913665083479,1,0.940803887574381,0.543996015613156,0.535459456082901,0.202985231523185,0.940355798548759,0.202705816133507,0.950687764728898,0.164962839707849,0.718645137203957,0.172148025126744,0.644588751789367,0.257966003110259
4.57370698970309,1.01194121075876,24.9026120161253,10.7165955108101,0.905172436151972,0.0641682555270679,1,-0.502404689704264,0.635567521100237,0.960875335031178,0.204284548152833,0.518937589817088,0.197987425886878,0.611200472540657,0.27947682105256,0.581362438770227,0.277683282622202,1.03601155498085,0.23884052629746
3.5152827593302,0.581086678219469,8.72063991992159,3.10441655511476,0.937707920618106,0.0242296938059474,1,-0.278462432188896,0.710089451132029,0.717310493909231,0.217449876470584,0.676736316982102,0.247858955120656,0.456907015801696,0.223275339116314,0.837163963913259,0.167871933880301,0.505611601982126,0.173276167061495
6.2801951183802,1.27101135587866,30.8412690020651,13.783999302937,0.922054360118197,0.0633110155076574,1,1.17124499916961,0.779709951144304,0.876831043800442,0.259161194545908,0.546091061749359,0.364911228051791,1.06065727614418,0.268472199565815,0.633085999808995,0.246347230756528,0.987209260584447,0.201557257857474
3.55448074086994,0.732443135295771,11.2624843416653,4.63353392430153,0.910650606543961,0.0726204972590036,1,0.46727977482231,0.620511013028616,0.567598044854792,0.203625320350402,0.691417806489706,0.202914691453829,0.675877451826123,0.247107189918301,0.764085877598601,0.254136658753791,0.148279772007169,0.362793508698817
5.14930124766612,0.983309204739348,16.3279601494673,6.86209222448827,0.921793575780852,0.0491221854622461,1,-0.637920089691067,0.981950132236844,0.86050767848312,0.29267422630822,0.237536853641081,0.341403044981777,1.15959093758628,0.155838060766638,0.801709659006222,0.212856921736746,0.61282019498095,0.345580566867363
4.91629592147667,1.06224444271729,29.1623802056814,12.4366678863868,0.899458618412717,0.0607288053029623,1,-0.664898452437624,0.818761516265496,1.07936013343507,0.315694434866765,0.805262928151191,0.187159771331268,1.14482675383343,0.27331013976316,1.08879564508371,0.215092578040024,0.677928239582037,0.23187375142964
3.84895439445634,0.690242548967337,10.1051313417276,3.69655463745124,0.787822672981914,0.234373920713858,1,-0.729664859299035,0.595436134372112,0.897976316158276,0.155579719714243,0.544083264437053,0.225579883760129,0.474479430673634,0.229597633568662,0.678423976053914,0.197960098563381,0.387346623935884,0.263688776810858
5.02924148074402,1.07138370767686,25.6815241228654,10.7804531771749,0.814202232474016,0.220724783787223,1,0.271365917430569,0.668819158294268,0.890581389369072,0.237346624021317,0.502382874310003,0.247090107431308,0.890132825061329,0.232164969718627,0.900025459012103,0.278964974781907,0.9758029748235,0.325778914828565
3.25916487919079,0.597537690605153,13.8347274443713,4.97661669998642,0.519673759796753,0.459013710951007,1,0.0945435225296428,0.441329373562495,0.585523184008709,0.194015024866883,0.536279338000436,0.246344890351532,0.562096767269791,0.200638275563393,0.696671166899452,0.170627136429135,0.702846392237323,0.283207948763314
4.03610636484933,0.789737500373842,16.467027813048,6.22000553480385,0.876730540615504,0.126354891671479,1,0.0813530688140138,0.816373555542274,0.678891472492727,0.295437315970828,0.467306749537231,0.236744206803045,0.957340204460632,0.189762345721326,0.632843128774602,0.197834093676195,0.685246312179696,0.204219325534409
5.60766676238819,0.915573844102002,20.1907352765037,6.8714820602755,0.839038046907197,0.194765930549048,1,0.240749994493762,0.606216644270062,1.27843508946158,0.217057645048224,0.800430727964745,0.232905100271937,0.570616007214517,0.197596641667382,1.18652617888248,0.179801398093647,0.608668811325523,0.259406488932822
3.28764653449597,0.758529314049991,18.1229239049996,6.69534812934439,0.815692516299866,0.159225127974905,1,-0.816033415116102,0.908686642074731,0.625963321108221,0.373133985068482,0.801633182930488,0.218735112731074,0.559460200049113,0.223094872018499,0.687400051050942,0.191334697511242,0.757542342272008,0.216850365235036
3.54491038438462,0.802305672544417,31.2085931372709,10.594453824738,0.708210540461955,0.274024868510163,1,-0.383495893477376,0.557630809477903,0.818451234552694,0.273637205666329,0.37961162538913,0.319997139796199,0.647875730278468,0.26490733414965,0.973519652050363,0.167346999176348,0.40983733854539,0.271865376993512
4.73119849219878,0.875514831892328,19.4607257227935,7.9147156671187,0.958249637224417,0.0232249705515214,1,-0.279942623506229,0.786217289267895,0.729595779606578,0.236005253526398,0.706000810761309,0.223966552459925,0.964777667172009,0.191976785275701,0.800355660778662,0.221112393994748,0.564244701396167,0.214210237322663
3.83070009589674,0.666764308533513,14.3807920364758,5.19515193018144,0.430106372995778,0.396247483514034,1,0.749482752794697,0.52693232202864,0.259272532433673,0.277923705443629,0.742252632327726,0.25546674924434,0.507826984231783,0.198671224548328,0.842860644693018,0.18027864716003,0.514790951762991,0.246724081173502
3.55088374765495,0.55054200653635,6.62832916395962,2.36657908018811,0.972727811402306,0.0131586354207011,1,0.864702235480504,1.09372647674117,0.449199168607681,0.294822131602379,0.703301580348855,0.132590470358224,0.999023211062056,0.184374464775603,0.439485101722735,0.239813112232162,0.620890467359081,0.208963062489358
3.35659685870562,0.56238138726055,10.1962084468142,3.6987711159114,0.922341187141671,0.0451025313745786,1,-0.268251350349588,0.702944439199108,0.488805341056061,0.270738698803369,0.284495030615287,0.267507691590976,0.906194218912147,0.15838877622947,0.68865928998604,0.172332172346876,0.349651112487585,0.22456815422156
4.09901866033032,0.747779876286618,19.2550751811106,6.09463558629931,0.748437147665247,0.252472016483969,1,0.0682079665434283,0.573574708031186,0.435850404624757,0.233911952765672,0.971304571372666,0.146295095879346,0.00876970079960872,0.269029687325149,0.524553825764832,0.245810486350204,0.315120194118674,0.268235777280741
5.14126672070842,1.11042774983814,29.7196265036138,12.2331385273975,0.820969375219651,0.165206447493874,1,-1.90117136899152,0.938376696355877,1.12010303058553,0.299663085169477,1.01115763789043,0.24879263049466,1.1561723000868,0.210929930987825,0.932501002794934,0.207372663566475,0.651300297506886,0.334918028074082
3.4024388955741,0.823575404468172,22.0358206433812,8.83654923095156,0.931818646002763,0.0441343147460163,1,-1.35069771722879,0.820572010054869,0.641445556913801,0.276617124051429,0.834273481701649,0.174097720835482,0.671326928558756,0.279389188295203,0.723977543293698,0.208023143779583,0.476085008975115,0.24942921572806
3.23905070359454,0.666932500119127,11.4529383400087,4.69096109759086,0.962600321954697,0.0247931989073828,1,-0.680858414013393,0.894882660166398,0.828785934471366,0.227731327734486,0.743851919039191,0.1813742241097,0.63505405539904,0.208258006210585,0.578982702840935,0.22884095030166,0.670046171303821,0.257920182626128
5.55157329269742,1.21796739540932,23.3190793241244,10.9407459281027,0.96709720943185,0.0273988966662433,1,0.629303003055185,1.04980608930103,0.472218198302729,0.353747481761677,1.05210343057594,0.23369464376539,0.471672105851745,0.232401603774501,0.969395755571911,0.27732536991314,0.684260253223119,0.289857182337118
6.11203514034756,0.963300557954718,23.6659007139393,8.47682778886022,0.927761057284832,0.0291897335383233,1,0.744187059956082,0.688927621038191,0.729332065740761,0.203785854041139,0.723456003397007,0.223409223872357,1.10543117476057,0.196256147765997,0.826918872336022,0.219589706655321,0.61921387257215,0.216752466293083
5.07558005342136,1.05173321957766,29.865216421027,12.3001346693709,0.843357762718806,0.168817283841583,1,0.617673512832426,0.758314093490466,0.728240060409607,0.247762725463243,0.649917647739615,0.202746727743639,0.687792749998703,0.249371240541106,0.874359456761776,0.273378001580989,0.904739066721271,0.232789626762794
3.70164113460638,0.625150383355118,13.5428364620942,4.3074925585136,0.421572084690581,0.475282702769778,1,0.412089083204535,0.416100977818426,0.366714047907537,0.241534314793655,0.2897031414603,0.288763075184363,0.366569461278332,0.240628512731779,0.851839082442407,0.187167385257687,0.578200057199014,0.222311528015392
2.92542807019361,0.484069443400251,7.89981151436058,2.4863231597749,0.700963513942471,0.258371529200661,1,0.0478820736440736,0.38782382011816,0.315229667518241,0.214052612864712,0.417271515854655,0.223901869306584,0.673602375409524,0.201601211672009,0.517366169999953,0.217175125490855,0.707075855096463,0.185184617196646
3.84730510315415,0.754974684806769,18.8040966481337,7.12410790371979,0.861463456099633,0.0839905719429698,1,-0.483084067958612,0.576437710637307,0.406634996017148,0.229027220827615,0.804125899442681,0.165831331492808,0.795270251293375,0.175315785254618,0.93215705220552,0.205534814352468,0.52722870812327,0.265743724709417
3.67830688622499,0.737526318807583,13.865679513959,5.51615230503464,0.660470160256013,0.370506660462963,1,-0.229494719255293,0.540635369649201,0.661278684491379,0.255070521369294,0.485113341890727,0.21784758307014,0.814356352004584,0.166932896871648,0.403657152447055,0.231174790220535,0.320550710506308,0.330277591602572
6.7807445233391,1.52970635641911,58.6395517604947,27.0441845164203,0.957965685527903,0.0269853568255897,1,0.484600711714625,1.03550335953475,1.14558090107786,0.19994036386545,0.99489695445185,0.27661067919775,0.75104256399897,0.385128587730913,1.25079329034908,0.274643563087728,1.00088088216747,0.241943556053301
4.79624103920665,0.860190853330244,20.4854750428365,7.91199614235923,0.952456259914363,0.0321788741653184,1,0.523358104346302,0.908182130243181,0.522251164113368,0.274003810118077,0.780895071405324,0.256679127418461,0.555687156959547,0.277017979599877,0.872394153786258,0.160451835837843,0.626018672536013,0.229434023029227
4.49507084220515,0.742654897239671,14.3285351264981,5.20668516123767,0.838474824132065,0.170995575083704,1,0.306596080308433,0.507356026840623,0.556926738607034,0.318372148082674,0.84649696451682,0.201972248970481,1.10067330211387,0.162780419522128,0.0229787745589961,0.320759441553701,0.800113963764651,0.241943595414859
5.12930309056963,1.2045225814034,31.8312499977591,14.7574615597465,0.90298587083522,0.0657960515132938,1,1.9136666099276,0.743820346554287,0.75510184343507,0.336219739806789,0.812638403014862,0.265235238296262,0.749799084278106,0.227067214762092,1.03732081476994,0.275794890823516,0.732809413319349,0.249094184434571
3.74760670654266,0.784920464805299,17.4707146558055,6.84683300856453,0.952932949744935,0.0308666202324045,1,-1.50704502952887,0.891236916319827,0.73597205773492,0.211740213389782,0.74213430602271,0.214458722607185,1.01491621339873,0.230272635791132,1.08716252294938,0.19193436672377,0.57559011342111,0.278008459366029
4.44967696289067,0.892978726827282,18.8994082445764,7.36588180478567,0.911880922521169,0.0595105269243091,1,0.183771606468366,0.750631208773147,0.815910236274817,0.217445954580792,0.52099900139204,0.26672389853771,0.452777152103267,0.302443262212857,0.608160274451682,0.223730520174083,0.91815358683917,0.207907766181308
4.7796682203975,0.8790996624641,23.8404298261576,8.65518745392657,0.359756365504017,0.4616020931622,1,0.11346066011831,0.48797552516362,0.351549742547923,0.267287967037037,0.657588024679622,0.296963399855684,1.026630108212,0.151831686235605,0.643541811959302,0.196600962545826,0.570073465703799,0.214432111859589
4.84945259284831,0.791210458871544,12.5035840849137,4.35949623555241,0.868151413520599,0.0838939688357086,1,-0.344518043584354,0.684141555446138,0.676413699311742,0.243438795944842,1.12332182373376,0.166604922424312,0.725251713861327,0.232848001854817,0.535457254120395,0.25519182324173,0.599148466916008,0.216310931131958
5.62132382846039,1.27425836030164,24.4022764604913,11.0652613727644,0.796983705229199,0.204766213817357,1,0.635472264504295,0.850150007716234,0.512687006937086,0.278266018352781,0.501064984593635,0.303123237401476,0.636108351044344,0.29855026806358,1.04021034002918,0.288933476805487,0.936337693453018,0.221351240082537
3.79276201797935,0.822801001537717,30.3858675008609,11.327477578375,-0.0111723443308072,0.319352373855945,1,0.557747913471678,0.510275029305088,0.912687767041525,0.140125363126857,0.629292268080047,0.280979629654737,1.16910865557722,0.208657064695396,0.574472106736905,0.267723779499478,0.867932776705351,0.204170455905928
4.97107112852154,0.94830924364621,18.3389450901838,7.19140867514835,0.959811894612953,0.0243220079273568,1,-0.338749886334434,0.91983163700981,0.593681691219021,0.262853772337568,1.22362600401232,0.233852720307525,0.823185690119446,0.17331554510478,0.810191355564051,0.195165237115216,0.965923775176974,0.224830021990137
3.95776072457148,0.838143793804601,16.9741787328223,6.84087855872825,0.898310967981305,0.0721444211599936,1,-0.325680414853882,0.682779166571745,0.695545020132478,0.214880089131641,0.930977163688288,0.265404620478714,0.376174766030326,0.257316372492673,0.806048314460085,0.174251034053815,0.842782984557478,0.245692713586805
3.84131085729809,0.712356489502551,12.7307259875274,4.95859929778118,0.95119293381348,0.0285856255378499,1,0.161886823220901,0.763779964038251,0.980906645416433,0.252168140951396,0.611024042132216,0.239391710591351,0.81881303462103,0.181399624399696,0.589148094157712,0.17393913977661,0.94158704447942,0.215646150262385
3.62843580292296,0.677065619565615,11.7368350483544,4.49190454435046,0.874885353408891,0.0667978927999807,1,-0.954577934660113,0.668312306987297,0.491640557077131,0.265349827658596,0.935153939024003,0.181398957284801,0.357748307526724,0.191099604733657,0.0224742912648876,0.325001686532448,0.886109714128845,0.231003489066118
3.68317948969755,0.585308114146049,12.3457409944154,4.04764215819658,0.825913552154181,0.103320493463708,1,-0.485111839371927,0.529948587613256,0.595848068415663,0.192559010342645,0.833801750987394,0.166643954672221,0.553445804132883,0.230027997844211,0.731183271152143,0.170622353384555,0.54729445887448,0.220615601524191
NA,NA,NA,NA,NA,NA,99,NA,NA,NA,NA,NA,NA,NA,NA,NA,NA,NA,NA
3.56027161647884,0.614583809853899,8.46715718566038,3.35600608794384,0.815592236322862,0.136154398848768,1,0.0653466837638874,0.527736684198127,0.867487324541358,0.161626731587328,0.633119725443539,0.217865197232007,0.396731198732708,0.288286325575513,0.254256275439275,0.316742719797721,0.850303398739143,0.221066835791666
4.31557647946373,0.866789378276017,24.2892713423834,9.21302530228118,0.376196187043717,0.373941411124584,1,-0.0824411435969096,0.736325096358593,0.182826255580287,0.279723957262003,0.75241652243483,0.278394640372785,0.619689753076809,0.278439831627879,0.775787929344953,0.206224478559484,0.713661303379625,0.200668658844275
3.45892538588908,0.645787864384371,9.2912757943224,3.69206587451461,0.86046231953905,0.12097554252887,1,-0.154139946831733,0.668233205115435,0.678686941296711,0.272674361928444,0.509351029447094,0.188682952939678,0.248199417694785,0.301137109283815,0.731155208881084,0.235200159288293,0.894177249231728,0.192460709114619
4.46083473714296,0.81474891696668,19.4324938595671,7.35586313532424,0.793039848543557,0.274632174905186,1,0.775962169393882,0.687328195140715,0.561404840891507,0.353503204269273,1.11190343817546,0.209555609740075,0.629507574549816,0.238454844638274,0.691615887206784,0.19371360801856,0.827345634088616,0.217067918122709
4.93468702717047,0.907913420210925,26.1838269056137,9.6807430935912,0.953793201032787,0.0310410627581337,1,-0.483510226705839,0.814314124202332,1.00138140538813,0.246247839566031,0.891202307631532,0.268313945292051,0.893781964032006,0.226390778263107,0.67208597798389,0.258766235545427,1.126083549929,0.208614118082326
3.93053751971585,0.656813022655317,13.0972419384526,4.29764375541628,0.771800552321337,0.22380639007883,1,-0.451410621932625,0.535163984742653,0.73807450114907,0.17926312913164,0.904509385578355,0.111900688285702,0.896845820598141,0.209630020151412,0.602272750695859,0.200478286306128,0.556175644882448,0.223304785855244
4.17535545602956,0.695046857834025,17.8332105356968,5.81383889537609,0.695671755544164,0.30536066171832,1,-0.254256889794747,0.568184166897582,0.777056788857202,0.228859121310752,0.440492457139729,0.261750987899894,0.793888315871375,0.197669299955943,0.784712487241078,0.187347679543324,0.623867148018868,0.222229072790241
7.07946243751279,1.42342156602623,36.7813508118937,15.1203271963911,0.948092154515303,0.0380008051897968,1,-0.923045927797125,1.21422302492381,1.37365211069995,0.287600933370938,0.65341506008636,0.330303655409008,0.934246262856366,0.288418302384084,1.37513754607083,0.236635596276842,1.36143227213022,0.222781778198093
5.37362523529042,1.14365274146947,18.7887649223161,8.96609824326466,0.951583568166251,0.0255499078201422,1,0.32676827562367,0.789912625389438,0.614325781126359,0.237355295290141,1.0112006358482,0.231904031285694,0.543081874723473,0.301955519176993,0.689565286731296,0.291830892521795,0.785162118227592,0.263838689675933
3.86220363100039,0.5997819172353,14.7836440950129,4.57121246931525,0.805183671150682,0.159418057798801,1,1.08011017639094,0.566378440480029,0.743180271900483,0.232481162205043,0.21847636909291,0.250317438702696,0.647568460101525,0.196491900486145,0.601616202058675,0.186604543762649,0.853634512586784,0.16583745699602
3.69020287448997,0.720256509932119,20.0796005548724,7.26997948102952,0.873814248952497,0.0749692578835363,1,-0.578260733472421,0.613982537754514,0.745633123278069,0.215924601120727,0.653335094435749,0.223478941812242,0.739657577507317,0.18029799278574,0.953395866133538,0.203609597972937,0.553756480310806,0.28344054630208
6.23592440146153,1.36924174677284,27.5655060226645,13.3116225621956,0.961814332883752,0.0281115946555733,1,0.0393335186519987,0.985965575936561,0.855267485440062,0.350666094187189,0.841083082377155,0.293417710201244,1.16013425283461,0.187458413351196,1.26860703716065,0.271856308566366,1.02420642916558,0.259343938094851
4.56542054585604,0.975368554684991,20.974793287209,8.81323720217135,0.929563322431972,0.0452485814632736,1,-0.404529838127258,0.870867127642136,0.721725911010305,0.304273724217612,0.778251761038644,0.280302840435089,1.21310296554857,0.24912382724425,0.819027513133992,0.259239284404497,0.728069713626607,0.272045262358408
3.16701789209051,0.598884230323282,17.8079760882104,5.68117126039422,0.421531560540121,0.423494939010912,1,0.622742355782358,0.458475434149557,0.675367270594968,0.169328434499838,0.689162989704095,0.168109090869734,0.847817890507546,0.208513394911987,0.484428517078691,0.250276743256679,0.746508090136131,0.209585289183854
5.07891885265109,0.986732395778867,25.8571293483024,10.529811679636,0.940796152710522,0.0408983766517144,1,-0.572224349478529,1.11056853019315,1.02050858562986,0.347673619152836,1.01597832766981,0.261814195910896,0.391456339451826,0.22498116316367,0.916237316108426,0.193962418422842,0.503335507418083,0.273623134629055
5.10963094244056,1.01504057314609,24.2038778182649,9.57566242115247,0.863567603516366,0.085587720702939,1,0.970278940647807,0.652734293021567,0.638816732341923,0.27017849042481,0.916973226929693,0.173959327081867,0.600231382378393,0.308704798232128,0.566746039743847,0.317109676854694,0.849317500556873,0.221637829378042
3.61948357092136,0.651827688926011,14.6725848168044,4.93909353906668,0.315053233993943,0.36419782493769,1,0.265076285758266,0.424264289839216,0.609757838209824,0.192414765209424,0.553518829763042,0.239716990504943,0.237185849197183,0.261194991054382,0.862974396430406,0.183385592368481,0.480769537870594,0.232762000623965
3.35507497906605,0.528164561882655,10.3028778514351,3.22160985072575,0.370177682116563,0.296519571956235,1,-0.14731840143883,0.529210801937605,0.775223927106725,0.179763690267962,0.369922455607833,0.197129547294224,0.650216181434344,0.200381006226289,0.480174310076306,0.191683841416982,0.59868878850671,0.198160527953146
3.35528350543123,0.701356139711097,21.3772752797873,7.28907623379367,0.503481887037882,0.458193080381045,1,-0.0894988076551138,0.490728530560987,0.800892657023035,0.195219189917909,0.540680360948653,0.227008515110762,0.69808212213456,0.190009103357872,0.606956135764535,0.268819017921269,0.637886514455212,0.273875439549024
4.14740045932069,0.722472258981895,16.1859088678111,5.75935436589779,0.90835979617585,0.0522451940595261,1,0.0288521144391547,0.654383858595233,0.717207516382302,0.283806483272787,0.488638602603535,0.265883905151071,0.918050318205542,0.157816696805545,0.710908825660623,0.178268739343483,0.9960005561822,0.198194115795919
4.30169363097625,0.725123898385333,14.4953409040922,5.76039422102862,0.942363168657266,0.0257327286873268,1,-0.879977706916585,0.846175302643915,0.835399993538487,0.229831003062896,0.682987446853543,0.206549719090598,0.975339069397582,0.208995001923875,0.525714638876586,0.203330661408491,0.0310359464628819,0.246725389516199
3.97868382809264,0.714859094652264,16.2596363568516,5.84519343503466,0.886859655201466,0.0781347887808722,1,0.233617036324864,0.69288021542521,0.0725162099865458,0.403572773066663,0.815292025882445,0.144283113427711,0.5222795734388,0.196517167891541,0.611460327006073,0.20139940335836,0.687597340916038,0.224993283592005
5.00852670730076,1.13601824268698,39.5245490317389,16.5927673816344,0.897828343420382,0.0802098710308795,1,-1.04743777814157,0.710333179177594,0.831328809671598,0.230084382248566,0.984560172614466,0.2693408537194,0.785717840604971,0.273995286821107,0.506508658025528,0.371024426804551,0.971755216627473,0.189601785093905
4.23469216335716,0.996679412087583,22.9645657273544,10.2428282290211,0.808376359823812,0.154063189748794,1,0.382771107602832,0.567979357041733,0.790606725792783,0.257497903839174,-0.614014454028026,0.538278873013671,0.830310057693068,0.266518283893908,0.808281832651267,0.223813343511578,0.546724203154343,0.227014377313451
4.48932633797308,1.04335622589801,25.158827562866,10.6418400173404,0.317608669838344,0.615204763518389,1,-0.559069583883446,0.754605538439166,0.798307738317144,0.237300815776493,0.711379029694517,0.238984429381439,0.999409645801919,0.269295567921286,0.476879908958439,0.335207366991614,0.834452776990506,0.274093618349136
4.00080661962725,0.605862929253004,9.48970989342093,3.28896048225548,0.95258658279797,0.0292765280558988,1,0.17623777374146,0.851856687259309,0.267049024792677,0.382179690906405,0.618089104348984,0.279911547807246,0.699488363424922,0.235885756117188,1.1551947950573,0.117922264141801,0.746125484674101,0.180668305654179
2.63530944033823,0.587115052186809,12.8221979803358,4.6950133310946,0.936971359831124,0.0379257246785444,1,-2.0491903975134,0.916688755790061,0.60144942206035,0.339201976938905,0.850544304348719,0.160955089636106,0.926340344830152,0.168322634937841,0.583118570093213,0.185864183603614,0.667033987834697,0.221062726915465
4.15058578110599,0.67850582432938,13.6959048456351,5.01679718581122,0.816176134183105,0.18695732283304,1,0.720756622362169,0.658380111329574,0.345161241048992,0.189327033832461,0.785337625594919,0.165787627928833,0.680484317312722,0.245332506183363,0.342334200884536,0.312565683473978,0.586449781058577,0.223921393112495
3.36055982925594,0.518107742511217,8.33394317123556,2.83491417889897,0.94548426069426,0.0331897454186686,1,-0.213754457195132,0.716129139246338,0.654350306150755,0.202533510990793,0.366109244162744,0.241638535605536,0.831657164672923,0.160573521145769,0.713868476139854,0.172394675513263,0.600806109375706,0.18762552154908
4.3298874732645,0.739222326617365,17.3916427172641,5.781521895466,0.406331630726384,0.317200533464867,1,0.515926199884842,0.370438852710394,0.684969318936686,0.241680018837161,0.316574244475987,0.279103283481314,0.80598635508695,0.203819498946602,0.315661501948582,0.266182059343768,0.855316169618974,0.180011861894464
4.06220208327203,0.757252805027608,14.3219598322327,5.34651492318569,0.337161283929049,0.350995281239594,1,-0.0722817791134275,0.579386689818548,0.46123728712055,0.271696719716331,0.501979084467402,0.231176352327396,0.85615720509088,0.207454992193571,0.742643577806898,0.244440519524786,0.52702986620759,0.249343610942393
4.49938139538353,0.850558918156136,25.9556962104162,9.78015634920385,0.37220671643471,0.507854327566049,1,0.0854061464959873,0.445463445293912,0.857028159963979,0.164834518368603,0.742357348633312,0.237229245036572,0.556758877365226,0.308730822537235,0.912216625117256,0.196732411768556,1.03480346296366,0.211670453387633
3.87857822904175,0.762287415836982,18.0672896986835,7.17570988451441,0.95193468879094,0.033951471913314,1,0.281747117635724,0.836625276600196,0.952699414521492,0.202898788136791,0.626036030897566,0.256148101093236,0.931046397543887,0.238056600760106,0.861726541451565,0.234689136876035,0.859820921617294,0.212485820826869
4.48034128512705,0.852952485924934,20.8454666884353,8.06952186030895,0.940214011025657,0.0366559478697761,1,-1.23529097839645,0.916432144242603,0.70475947758609,0.29747767487845,0.890270184411414,0.256373093974314,0.80347803458014,0.19106495262555,0.976857116246176,0.216404952470962,0.700093758669151,0.232434301897094
3.22583258207885,0.539232075796235,9.65885086049696,3.49723392603044,0.931017511118105,0.0588580008342084,1,0.50787648163054,0.708449026544559,0.833713334361199,0.262338493158577,0.807940717886963,0.184124124284802,0.594864351919828,0.204522278856688,0.684534847993874,0.198933905657485,0.423486315260556,0.249856001874445
4.08113647641236,0.809844245981279,19.2930413762108,7.12770965915891,0.823605494539923,0.144818475958809,1,-0.190753595262729,0.574697657314061,0.872997774362292,0.2381303197734,0.0350142371694011,0.292266426165019,0.631409085173375,0.220814020193848,0.659257063179442,0.205875628953738,0.517882680492945,0.246731208810351
3.04064474004956,0.623566904774686,12.5126898588158,4.75765347953565,0.918410032476506,0.0661160484686817,1,0.012862916275735,0.808861055007504,0.497275481267036,0.277632849203619,0.801530606422416,0.205757972282686,0.507591556049407,0.238504295302977,0.630449829091133,0.26341881611365,0.766556650817399,0.206285804591019
4.15120193001519,0.94503363204731,16.2793330526251,7.86076384170949,0.791050148628526,0.153265358213856,1,-0.130719486247121,0.536306662154276,0.614038699564326,0.178241046037597,0.825488779885055,0.257850851600694,0.169981288439144,0.418068735404237,0.454716278502857,0.359801040492393,0.325676935447778,0.376176857040592
3.34503895609853,0.607091818594558,7.99638270364783,3.08601768846431,0.947452156712527,0.0292004207188476,1,-1.04612905346224,0.791809012905092,0.972704831773821,0.256834603997405,0.887860467357563,0.210647747370994,0.427241032477004,0.222505728438346,0.622421539382421,0.153683166896185,0.605711751244807,0.257508759919072
4.69852882798587,0.907593740283868,22.8284686742622,9.05853205121625,0.934405255267351,0.0417166835195578,1,-0.140100839270011,0.793104708540374,0.899128981904464,0.222696386702332,1.12511661767243,0.195656013133208,0.74679489520623,0.223280562252702,1.0220315687709,0.191677154594882,0.820628345417665,0.235156363834256
3.57366764355838,0.586404372409222,11.196649449893,3.53893414741149,0.699846003992415,0.210664673786882,1,-0.777616656421989,0.46977849134658,0.839965763251602,0.139305218576551,0.542982273423495,0.225814852379206,0.646950755201047,0.188970902011149,0.853614280288424,0.159866063679591,0.430768781238154,0.268187633097758
3.48233751974008,0.687339383607476,17.9093384230659,7.08125478608735,0.307060253444104,0.608186925369121,1,1.23327864134851,0.599805619118223,0.485716278506515,0.258210851874952,0.535414899654152,0.247309290777876,0.428432782363562,0.236601066712553,0.552808072555901,0.172829659787892,0.391374010861004,0.289322923725412
5.67973292178992,1.11427883150439,22.5271078886155,9.50269968355492,0.939323306290806,0.0530312927823419,1,1.50400358449991,1.01711136213157,1.15131347020466,0.277785179034937,0.934038311993713,0.304835322725357,0.486708499689803,0.306439959299039,0.897483721810452,0.185415164305338,0.875132562014431,0.217507834318682
5.59587120777581,0.923818377127729,16.6382979600823,5.43517065576934,-0.0488244013457529,0.394066572521886,1,1.07535634499024,0.740674596586837,-0.25877568851935,0.593642805339281,1.11531843514667,0.200869199440126,0.639204708586734,0.195482889390588,1.07930570314398,0.187355214523941,1.27208496768404,0.201301499776205
4.22044821647438,0.863568492580259,16.0005852983979,6.36564480575463,0.874620752760222,0.0933613886973478,1,-0.813341234888717,0.692392246588271,0.529821719589271,0.319013508404045,1.0085673206691,0.243957640804761,0.32979851597761,0.229994705166165,0.82392661271612,0.22046974432326,0.883452179496292,0.233011058915427
3.20925950723932,0.61143250512774,8.37019400898005,3.35232584507194,0.955396131477037,0.0247239000551866,1,-1.12510006468409,0.992843001861842,0.664227250334892,0.205904407197452,0.913577608475615,0.164482750626989,0.718594896890291,0.17665735963847,0.492702522527747,0.204671869969351,0.568672272135327,0.210064945916005
3.51689538642179,0.734477744080082,15.4063485807691,6.19394652423214,0.857284100212882,0.0698245183509327,1,-0.765661369800074,0.67791792040927,0.645967553560527,0.359986633145711,0.503202649660682,0.264782874951817,0.763097046826138,0.164669583762042,0.416042747968629,0.217391116952229,0.641576273367769,0.27970707459575
4.09375361964223,0.712346602644393,16.9709717112389,6.08496257979463,0.612355682363818,0.318534595516907,1,0.252190664605401,0.411900960024938,0.648261378371517,0.220367864645153,0.727452469467294,0.19585721684504,0.799905349294696,0.18658770608826,0.289225338842131,0.249952017698547,0.748663364168602,0.22239036498258
3.00103885568515,0.693625130954282,12.0757061898807,5.22630876242337,0.957534286693839,0.0222542136658153,1,-0.706274280221016,0.835473277048048,0.754567044553652,0.200470621471238,0.633389817902505,0.338498097914393,0.819240818770258,0.266409091365696,0.918334200066325,0.204262696519587,0.776243469693419,0.263124986926705
3.74759806974399,0.708337688472662,11.4784750658491,4.68667880159638,0.822385727128207,0.107248569471232,1,-0.369055673527971,0.515078038700633,0.830282090415928,0.182416210826354,0.558544410471497,0.208729866393956,1.08626046118837,0.200877740172097,0.35603056153685,0.305632715451172,0.807884639903826,0.308008956884951
3.29140688346462,0.579637939394462,11.5241645387036,4.01230416625784,0.37977192805464,0.570753024716002,1,0.00548664650747027,0.388352208274207,0.215607791619092,0.228769801432554,0.401048899481416,0.206474495985154,0.620307187329517,0.203400204068913,0.417256727430985,0.217758231260739,0.695117249297204,0.202688906336344
4.31690529218436,0.888782198653953,18.2100748656127,7.83517882294632,0.96293276593776,0.022247184597164,1,-1.00676646033242,1.0709348280781,0.852274468119535,0.247964543715677,0.996585667901305,0.234922739585827,0.868728017828097,0.213463556354327,0.720012490857964,0.246399803556332,0.740561682244266,0.249870831396888
6.15886694357003,1.21006320548313,36.0610756559368,13.9280266989014,0.276807354370922,0.528107519001253,1,0.120720341523159,0.599190663800727,1.06656734937467,0.179354311815711,1.07559107458351,0.191411604091381,0.759194777740853,0.254955085912548,0.922084693225278,0.23036083282856,1.04464705994364,0.227472279208459
4.05849501552737,0.705247794732688,20.6557942140791,6.63472778901778,0.556957434583553,0.502692717914644,1,-0.851869572390966,0.471008995649365,0.727909631158613,0.232632192032009,0.8467884149441,0.173635361434289,0.768150523339872,0.207507081684125,1.04448855075049,0.156178144999399,0.805701842292965,0.199779950417835
3.78109465928015,0.628150848466699,10.3164050300076,3.51061844463917,0.89319975298498,0.0798063337594699,1,-0.510888000266342,0.659878130326285,0.962845772914655,0.177206334330641,0.480361790995028,0.219827449495584,0.786273543749197,0.21306979431378,0.579428552689863,0.196092471123121,0.291862771803792,0.262489627252755
4.37327991017131,0.786547457854235,14.386253902277,5.57750523611699,0.914364259090938,0.0712764146404309,1,-0.334208933322,0.933836140889957,0.800446551994086,0.271471890254873,0.720558319954176,0.292499600411412,0.192656098333578,0.328016815955116,0.933295674800134,0.135626433220966,0.691902042392636,0.17097892621292
4.93279445072087,1.34854469946184,30.0845870024141,16.6280450382799,0.952417625407226,0.024648245286257,1,-0.673141604807742,0.940536659364527,0.878261814677235,0.173253699811035,0.550720651919268,0.296345675079032,0.880339787118041,0.337992078565894,0.793222865811248,0.355904042336445,-0.117224558554351,0.572470268293297
3.94193968692263,0.628987652962458,13.6535726341915,4.77521214892317,0.855545175831741,0.115639561349478,1,0.278798281345088,0.575865619401289,0.793189516599439,0.187985221408596,0.566560889587454,0.246598296637194,0.673727516207674,0.158884571959502,0.722847635127129,0.185431738342048,0.689697159776185,0.189937913781001
3.27745126770583,0.632392625962736,13.5088132029219,4.84101194208114,0.905321621312834,0.0560232967654518,1,-0.241560275377695,0.562684603076618,0.552268987235399,0.244167338729901,0.538573874659923,0.2348521403448,0.588573280472188,0.192078404661187,0.562513641529199,0.180318649934203,0.567561630031683,0.231128168285791
4.53911236876483,1.02630221745816,24.5767387462411,10.8506120891957,0.832027924900623,0.140622944529625,1,0.712598596081227,0.655897716878398,0.874785234935559,0.305073856905871,0.782881907952003,0.246598248763102,0.851214778897889,0.301270504369989,0.258232813956104,0.272746814222053,0.905710688543843,0.242578519824258
3.5865637906362,0.78645743704341,20.0424857960807,7.64518740100461,0.907051000176669,0.0554122162156928,1,-0.200867423564951,0.658585925575017,0.91953670284273,0.173441874643223,0.579230119669461,0.234122706566135,0.449403159074597,0.278306497276773,0.644897862561839,0.179837547150723,0.8556435581677,0.243252928009222
4.35252719470706,0.695555554021268,12.9203516000029,4.54314074762978,0.895230874796194,0.0726203630160069,1,-0.548655912496655,0.71980865872078,0.676849156148748,0.249828134499002,0.677490976409255,0.186241963800214,0.719052154078702,0.186119489769035,0.587001940597347,0.164338877670713,0.868832959634446,0.19641411996872
4.87330188740432,0.833293580527057,17.42979577648,6.09154115671694,0.84380176985567,0.127036630948546,1,0.745526205717437,0.590621494701576,0.759184803426045,0.224196807925823,0.681030175817233,0.235532247097145,0.808372543686852,0.223977686627832,0.785491748055347,0.185626481714362,0.636162774364374,0.233135996579544
4.14212273731949,0.699507451068351,16.8518224815662,5.68706578397898,0.0661276589557022,0.264131190973659,1,-0.386214737939596,0.453164683129249,0.81295339865886,0.125830780629987,0.883976760942577,0.187114848820889,0.566742839558991,0.212333678304059,0.530384579693402,0.254434331016972,0.583695924468229,0.217714096556945
3.35320731700455,0.6474964021858,19.0194726545686,6.72916082912654,0.825551351219486,0.159866054340597,1,0.785340096719319,0.629474010610282,0.203062388706854,0.308865401686568,0.659425507427402,0.218488700795683,0.50587614990122,0.22812758564241,0.865735910720509,0.197451806349804,0.643854211139267,0.202513167928676
3.04107722035781,0.563158656764907,9.51469232128103,3.67683536515174,0.950644943589057,0.0333503727854196,1,-0.637348908872485,1.00529243057361,0.563648618577184,0.34205972283478,0.621541841323435,0.248128332584725,0.541689302907459,0.246749528828597,0.595877862385681,0.162325847611802,0.756183663382726,0.167260303173467
3.72798066010817,0.683308537633442,13.5308703243127,5.14462174591802,0.9161049661105,0.0372523289939719,1,0.671946141188454,0.688272766469827,0.137216945175844,0.345563336092176,0.756014225478617,0.230756350938808,0.938559133807479,0.152314974337256,0.392212913090691,0.231503194336699,0.558153008891966,0.237056263849007
4.27287988143215,0.701368974612721,15.5473103294513,5.48240847243838,0.135739793719933,0.453087777274678,1,0.832631353732285,0.515782661178297,0.182862649017129,0.320901180992742,0.493254755953218,0.221744886271806,0.600385958638013,0.182765529717753,0.634153535946103,0.191395862507754,0.401657750710601,0.248200850302748
4.94678931067603,1.0139786212608,12.2062465677725,5.79688753310387,0.937019768529745,0.0448905714509331,1,-0.28881327595146,0.826864166335429,0.720805751200922,0.331391138893729,0.850557773784543,0.250926015927567,0.815166371185561,0.237400663504622,0.794946474277753,0.279072197478971,0.60691953770767,0.246767799587021
3.87598764044034,0.720792083413153,18.0222392447508,6.44684275007482,0.862330284826864,0.0879643524995101,1,-0.123820844427308,0.505202484483188,0.463711957186729,0.18062075040021,0.634325648414505,0.16038089471798,0.755782818674843,0.235399627780279,0.495096663126548,0.261346846124873,0.478148433125772,0.248223787337518
3.78525434510641,0.635750087021288,7.23177515984136,2.74646630206685,0.786364560926097,0.177003608153137,1,0.470057980099798,0.485047124396942,0.463549137502294,0.187906625001597,0.523268824066137,0.21870109122371,0.543604681352536,0.221581586304312,0.580780544460475,0.220948683727319,0.739168228726217,0.241254381952021
4.08962793106111,0.788790632653108,14.1246983448649,5.83153838307638,0.973041905341412,0.0147735156868668,1,-1.41182322595969,1.21798012439368,1.06301148622547,0.274847644806702,0.991595125115048,0.242160183551144,0.757809203597796,0.208346519672187,0.917867835908262,0.206209280875975,0.713929324500634,0.243017447091664
4.59011261739614,1.0328240273636,26.5848364266467,12.070565076822,0.931146947762795,0.053264698821534,1,-0.412170535376583,0.767571856670469,0.861443822480625,0.18350739685631,0.629510001599533,0.198373801227017,0.909795652171878,0.269692275467953,0.721441079840515,0.327609854597443,0.747468383346645,0.295839252707752
3.82769009330818,0.912158216850096,24.1761773651179,9.94600145742903,0.964694596241814,0.0167744081940627,1,-1.57296944434884,0.892192095610802,0.993704146883918,0.242517480151918,1.18672874058167,0.194548599761193,0.969347604596428,0.208314609360679,0.556997326253611,0.265997817922416,0.818735304221162,0.230321038474297
4.89437764691446,0.893357272015823,22.0070881531628,8.36761133710315,0.914608035594573,0.0678238541019062,1,1.45774800481484,0.752466183462511,0.444532744644534,0.220835408351678,1.07740060911372,0.214410993355145,0.960649337793982,0.178358406287485,1.09209826946234,0.220197002013163,0.587823406806785,0.282731353024851
4.69270387654102,1.13751098387929,26.4126238891364,12.4179330349417,0.744604296522942,0.341908650957775,1,0.847775942761464,0.805364647086734,0.184585488111199,0.258695065526771,0.964741625578552,0.280757594904938,0.699044432010424,0.348446510955955,0.556799625906019,0.270030131521621,0.598397381278096,0.295507258372056
3.89970695168115,0.719315212213482,13.9212511342311,4.95296324429111,0.810860928573119,0.130727189426964,1,-0.705459303908243,0.692099773415599,0.745530733905794,0.270737668657742,0.525258026142665,0.2755667638311,0.928325429848812,0.198830197059158,0.616550030751998,0.214078862084045,0.465939907326067,0.219482613152217
3.67637103494238,0.69534096854908,10.7351527859044,3.92660411941764,0.872027083776073,0.122882141246497,1,0.820228133597309,0.707403192689443,0.965774072847763,0.18837913655683,0.383805173756681,0.264350942621019,0.649477127688424,0.263612367693215,0.665791501871936,0.224800466637028,0.747997971811576,0.237592748401445
2.90275465775845,0.575735327404056,11.9884139980972,4.46063892550693,0.937991410032277,0.0348738497612222,1,-0.863105798867951,0.709766692992773,0.528658315632484,0.205049199983049,0.891808370301797,0.171022351709133,0.556944010293852,0.230896017453668,0.369143812960769,0.21962758161795,0.651612066335675,0.198609097545262
4.11990131051598,0.664082401439346,12.5248194578391,3.98654803516569,0.798961974908216,0.162422027871949,1,-0.59680903743075,0.645024350203948,0.700980654083943,0.276883171313744,0.763922817905634,0.206541864618453,0.217542811720628,0.256205549692624,0.645813397771261,0.209285056021589,0.886384396533616,0.151333345713315
3.93637514838359,0.680614722197152,17.0743930300125,5.73948303094914,0.891462067596559,0.0502587327836276,1,0.239731989232931,0.584118782459568,0.647444271563282,0.21219330046964,0.459479243805034,0.207709801715463,0.761000397141899,0.199825922882835,0.724211856138797,0.204808457762601,0.79951948959082,0.191988769441902
3.57978464028561,0.641606110786452,5.61352822897335,2.7159176355904,0.959216193651532,0.0255289279334585,1,-0.253476361715686,0.898555115937721,0.665510716678495,0.213613666342029,0.730792957498347,0.187825687333351,0.584679761694887,0.185522158557681,0.739775466121941,0.231928700327134,0.0388238442756662,0.350753561866828
4.76770269705973,0.883524420692848,21.6353230706716,8.17912499969553,0.908639162212669,0.0755286681376044,1,0.710683793057861,0.710794071647887,0.698921747239468,0.239265360156886,0.673365871459614,0.253154215364314,1.11404118792446,0.167640285949257,0.64907097002873,0.287175244710296,0.402196750163017,0.323231698045433
4.92353104420483,0.822547520648844,20.9887729630222,7.63555539536757,0.854420488248964,0.0808832605122023,1,0.718629616227391,0.652444656354375,0.485234561856517,0.310220726408731,0.717499113512842,0.201810814704419,0.686462084868911,0.198962994314509,0.660581318248073,0.196381161297549,0.436265881612262,0.240505241706806
4.80255372385038,0.932102859356336,30.2875527682955,11.142815941206,0.571901411793165,0.595137708922465,1,1.05147480662472,0.559493360956924,0.66068804574577,0.308764029708246,0.702628543554187,0.244797591276311,0.827350334734311,0.173203264862235,0.722939131212707,0.240632745419579,1.10282052948019,0.205122441699177
4.08275104767315,0.829103379649646,24.5266793942853,8.35564026245692,0.893504505704055,0.134258958875092,1,0.936863812354344,0.852347220419148,0.937961142232609,0.172080707792714,0.775963566831972,0.292657296707125,0.797313579004978,0.215802509823279,1.10118534677078,0.187083520010923,0.6150395267867,0.20915158973044
5.38912698328345,1.0576810219629,28.9773986198619,11.6628894483476,-0.193566290688123,0.366973505080137,1,-0.16801046914395,0.505693378101692,0.675483862788137,0.273102333590536,1.17437312475088,0.18936705023674,1.06874315499137,0.238516887745202,1.14344438439058,0.261639359680804,1.19624999463304,0.235368382973549
4.03582090568815,0.93956615495226,21.8636322057799,9.84252548556843,0.736614641268845,0.259762287195481,1,-0.569638820409746,0.596360491882356,0.447326553603321,0.266071906931412,0.810259613669901,0.240814034655903,0.431908422789091,0.270608461523218,0.499017609808958,0.3086916072052,0.482474767932373,0.288165158101524
4.69092392652529,0.931097691590876,25.0670655474078,9.95113536967625,0.898950298793638,0.0772800387501794,1,-0.709618795773633,0.802753780909103,0.751979393609144,0.247084528669506,0.997892229991427,0.302979151190026,0.591895435297301,0.31055992073412,0.954896516417804,0.164923365932708,0.962226114490871,0.240854299058272
4.4183576814788,0.83003071399144,19.6008374834986,7.47236164730154,0.714897220968929,0.306271236384492,1,-0.351822695031272,0.613380736431823,0.828251259711036,0.283062895084044,0.419996782714672,0.397746296545351,0.600886662483424,0.235888014808442,0.758390371994181,0.213829708779139,0.750260895561292,0.214688098115118
3.08474986805241,0.559535453429033,10.1895683224538,3.49467548651011,0.721573062421116,0.291793778326272,1,-0.558354171192389,0.49036553773089,0.738862407030256,0.172271233515258,0.427553684542294,0.228726266016146,0.673133146296172,0.220068183149569,0.607627132259017,0.222466637842374,0.538053354798978,0.198995580685154
4.22547127879354,0.70889720730305,13.253614765913,4.49446066131662,0.830790066477507,0.164081497333462,1,-0.380815579408049,0.555752692545923,0.979256720752715,0.241525410442431,0.545119618467013,0.232227704208509,0.413883464002391,0.235557827482005,0.833320601005087,0.184707769139903,0.873715618620656,0.21016947241497
5.52044834379642,0.955586172774722,19.7201259911767,7.44745207018785,0.912320166723586,0.0582740023488794,1,0.386481909726202,0.692391415820828,0.414409940914459,0.256522317607242,0.958753722460843,0.240332891545983,0.832117565445479,0.230844807972293,0.652811640541775,0.258584694457072,0.773034248275207,0.223242388961671
4.16137755724197,0.767758299460403,14.962523525013,5.57984100354037,0.906456932698793,0.0812211519546058,1,-0.656596545105143,1.01843226495945,0.610960856410473,0.381000440959395,0.778987433587466,0.254071790312154,0.725157806489838,0.169000590353608,0.473851415073096,0.190454931048087,1.03350978819538,0.186222866260488
4.18515276785747,0.76149766140743,19.2371612822901,7.11915990726747,0.352277121419326,0.476459409651836,1,0.475596517309141,0.445359438481432,0.265459397338276,0.286994668325757,0.358378037215372,0.310441686169505,0.577802300399945,0.197641116410257,0.78029279004778,0.203451664534585,0.620907923330449,0.216172493554795
3.65925842407618,0.658876780515841,16.3348455374583,5.55363662615088,0.721781347371023,0.214480798048086,1,-0.0721753779012668,0.432725475090401,0.437934595043094,0.303864235750087,0.586617879772757,0.193127050388353,0.545406264191916,0.17221868360256,0.903930143965032,0.155524328331841,0.284498101764804,0.242592901653818
4.14286470247784,0.806735592716634,14.6106734075271,6.00553219316479,0.949973918678413,0.033015943236793,1,0.025422807145058,0.852296841739236,0.617856675111647,0.353357684652241,0.785013512202801,0.22761653527621,0.973274697897696,0.178072290424255,0.6311480171303,0.202634128025716,0.503495385520864,0.305550846903172
5.35821930466997,1.05945413023266,23.4941490406729,9.90611276810079,0.419468326999912,0.764876974386449,1,-0.333423318460548,0.496493194072086,0.840901037403407,0.199681790468429,0.776185576822245,0.208300725421375,0.880332913408924,0.226019208750131,1.08762849261929,0.266348839557208,0.135100022900928,0.390786718151596
4.94649310813379,1.07274903337474,22.9881007131227,10.0606179003889,0.972253402891742,0.0165456066738669,1,1.01552511327074,1.24202147301343,1.03571305605574,0.288795155881411,0.889964365358387,0.200796719241305,1.03087217329667,0.22998991303863,1.03871049185021,0.277661356562409,0.397213191181799,0.303330343344876
4.24611030938789,1.02511845173857,26.0959819082385,12.1477627955138,0.842611006366834,0.124714326103108,1,0.214724840621087,0.586471210878988,0.57051649277908,0.212411381785913,0.83356276805781,0.223461308166409,0.777766733581426,0.203736798343679,0.677683502794294,0.348832527164904,1.1011739422302,0.324583550040261
2.83639150240329,0.588718294002602,13.1585180929341,4.70060287012216,0.816608742490339,0.136161166384677,1,-0.352968203439124,0.533295847727507,0.797987322319991,0.163625371426088,0.750520396720328,0.194367080029206,0.39503685716331,0.19787686316067,0.510416926827323,0.328915670973495,0.796787894998689,0.260681346638601
3.74412211201583,0.815058101472157,25.2818968931221,9.5736597465363,0.951304093787607,0.0344187520151389,1,0.222945938429694,0.811116058190797,0.822115559456584,0.273390520718854,0.474515486082805,0.183586767465857,1.04572500159961,0.186903647661324,0.920360226828877,0.227590293933424,0.582914207648376,0.240117467573237
3.52708221621545,0.577950685789816,10.1958309344307,3.47743164404651,0.912140466430659,0.0659396122823694,1,0.483872880839564,0.744106603954716,0.726064059348894,0.237591466517224,0.689033644409964,0.191294660537374,0.441024701082519,0.193313006716399,0.577058995877923,0.199014428967415,0.779899601501552,0.169129746900722
2.9346563748826,0.593705044075257,14.606671851217,5.0272305759629,0.665391847829405,0.253332285289632,1,-0.868527791754399,0.357154266583711,0.748286603750201,0.163601383215168,0.516749834291569,0.159554727969283,0.771176077192465,0.165062389671757,0.411232977901476,0.266409559602565,0.697616749332272,0.241529743388803
3.52402457054536,0.678778354427904,14.1760458920198,4.97672640057394,0.472294703105241,0.383221014594903,1,-0.0644960379174765,0.508577230047232,0.708685650216448,0.151982998120397,0.740043021183746,0.166764825844515,0.0294056446277691,0.258100041149177,0.867732358244122,0.242907593685318,0.864633737460875,0.20181748034925
3.47253974419696,0.635280636846794,11.2086474833116,4.21196989587613,0.958044230650568,0.0245087705550873,1,-0.891886955700723,1.07708064088877,0.761321080310849,0.242259720494203,0.913208263913938,0.203204946777212,0.963754148820372,0.188161756302801,0.531324649185208,0.24421442509619,0.675620597600123,0.222009443294998
4.97417297866303,0.807867343680065,17.5795317817236,6.11130637993205,0.867929575743007,0.0844274505306646,1,0.889388154602082,0.607548821720559,0.285014417356742,0.281821427351098,0.756009094734338,0.165729078853376,0.911207083219255,0.157609717570441,0.656351067903774,0.210771546019809,0.979437903700224,0.225599671930467
3.91732326207762,0.699196347065863,13.0069843093544,4.90339931745818,0.638788040832801,0.293957141599789,1,0.639498124417503,0.413819997576361,0.29349053036405,0.251013658481008,0.68792844770045,0.193778618761411,0.427114548678234,0.246037973000973,0.494272719554444,0.265911292326434,0.628223671202613,0.213470759533957
4.19486742016865,0.850052276304956,22.2504921272948,8.09413518623394,0.885650569080624,0.0629105562258142,1,-1.16103046526726,0.832897538753142,0.95700638634244,0.197037602243746,0.858171938495964,0.234441643273508,0.574544952391097,0.171303541944452,0.78268519886797,0.211681063925984,0.815359993516323,0.215300169811475
3.75291826539,0.751980923477085,16.6184298405312,6.62711660891787,0.971405333067783,0.0149016867172711,1,-0.484319463464962,1.0523669960811,0.764855816255017,0.279186740105272,0.742377784384845,0.212323036508296,1.14785159960334,0.180973661709286,0.822457462576159,0.185193376834545,0.724339574757748,0.250105773180316
3.81644067905182,0.666236473191048,15.144225702722,5.47094602285716,0.905633411822587,0.047033823687448,1,0.0786405625798746,0.602857298117641,0.656475189749686,0.26776052493813,0.799298649806709,0.200133809756628,0.677244981298707,0.166854737588439,0.841001667657517,0.174080052871839,0.465804313485386,0.263354722330598
4.44821497115965,0.808441049993818,16.5376973622796,6.60614791129072,0.656527240465507,0.311204133626607,1,0.0953303644469035,0.489750271625713,0.6150598881581,0.263589280590548,0.240165282256044,0.238479474259618,0.542063823154561,0.219370758363507,0.607030515353524,0.196769727848842,0.782342186430506,0.239319828588587
2.82157718298844,0.524168821692817,9.33131320106878,3.3720979381536,0.838988753988691,0.0867349836279926,1,0.879315665604266,0.554325068746172,0.56730709481012,0.212451960889793,0.31985018508693,0.175261774921517,0.842293938473986,0.166968252231322,0.876593524297538,0.224542557641544,-0.211564795196982,0.365392209577692
3.95234359047983,0.649117280135341,7.19080149596984,2.81707610674547,0.859744529489177,0.149933540683135,1,-0.444442906423867,0.759635955286053,0.674680761529047,0.184662757742522,0.565727042806132,0.245729953246012,0.591978692949479,0.27402712736111,0.411782515654251,0.229880029772746,0.401501713106697,0.198288836395494
4.88609900374794,0.858841265560703,19.0702992523315,6.75716774399014,0.677364311292493,0.357134363931791,1,0.255283550971277,0.652548669714971,0.66551819602919,0.29160014815773,0.4996543627307,0.23536848324109,0.896956655254073,0.218777388154506,0.599838150816472,0.260051347697794,0.651599693053517,0.252453757985724
4.02649640044268,0.584059240131876,12.2926853690255,3.89929430918169,0.850858159702601,0.108702430792535,1,-0.0502737537930299,0.656075001643824,0.79113397715314,0.202284880872276,0.716988376291559,0.187940778691701,0.684110805043037,0.145194330972334,0.81783647079822,0.206877124307439,0.98205999343708,0.207391252018889
4.13544274312792,0.84696727939079,24.0790813027826,9.47201573884115,0.915670207509244,0.0583509714276009,1,-0.609370440455407,0.910348146714031,1.13359901556137,0.277325239451498,0.615663299732594,0.329148294640615,0.667046900795875,0.288783502963245,0.764811234558419,0.275022749326034,0.876389052429645,0.219252101191299
4.16026841269733,0.843048603710901,20.8562122318858,8.3094311143503,0.935114926979083,0.0493719821558325,1,1.83811728690427,0.680147875452612,0.388276805768991,0.359665064860799,0.583118463660619,0.354294566048528,0.85194465430035,0.213051395793021,0.834028375153862,0.147265969626888,1.26270176769351,0.201808571950562
4.11174230325963,0.878131735974704,20.5211005287283,8.92978362537587,0.8933262434666,0.0851504524618121,1,-0.0934948548635381,0.65614320363743,0.730343189589827,0.215945493401877,0.840577267683755,0.22170426306733,0.626148077364724,0.262477980786762,0.507395089725241,0.291476059660319,0.593872385297918,0.267484253533271
3.89681490581542,1.01601608980815,9.31182532203329,5.07472739438863,0.977901975469088,0.0157838410188798,1,-1.50931035050314,1.48581459789492,0.911723747230035,0.285085597128036,0.405311370217478,0.283749303283461,0.793960281774585,0.23760838835851,0.77967922570435,0.238303776966955,0.663393561443063,0.299291741726622
4.21840941288959,0.794678482429267,19.8060648425601,7.25103213232036,0.941049413578561,0.0331101600966444,1,-0.0505247425402339,0.799329928711895,0.521288328451984,0.332026496685802,0.934458298368729,0.187211244696905,0.533660275629638,0.204980138378901,1.0109237608002,0.182480676603869,0.681290211562921,0.2039874023415
4.05179899054338,0.608634627200071,10.7492321011353,3.35326873578808,0.551692151187048,0.362603765150254,1,0.199996205295754,0.44240981252561,0.293654292007879,0.231240257811389,0.880976236712886,0.141250709390651,0.510044014913133,0.191235123695626,0.730584965174193,0.156327143394528,0.613485101923082,0.190583521397456
4.66587138270829,0.689475623566347,17.4920564810926,5.33919384291298,0.689485084393529,0.308264750312165,1,0.56732283062199,0.416718417126619,0.558178614255508,0.274657381671618,0.704555925457999,0.173821448417902,0.56601060132065,0.184560833276354,0.401520066853743,0.209898277535027,0.83714878415432,0.171199013246445
4.64983412130291,0.772036650922159,16.1582632883771,5.90978704712604,0.938727154076103,0.0419848625920749,1,0.380023038515259,0.736245662305744,1.20782438462508,0.161182622911361,0.725330087591943,0.263563388258771,0.0353955446735296,0.349361032864278,0.491348388739346,0.242536113591457,0.992606115747418,0.169933391784954
4.00017790733808,0.916330024156277,21.7804302070581,9.79521101903468,0.956055032394986,0.022882534901564,1,-0.627738306514876,0.807822414260847,0.547789787387899,0.29835066243567,0.912271188581025,0.196254711685662,1.0108926516913,0.21895756327038,0.592609803445561,0.278050337866503,0.41469817466445,0.324305701665712
5.40776303700622,1.37273675871003,40.5018910885998,20.6869938968398,0.932451417762908,0.0520816820641093,1,-0.610979027934522,0.882070309633636,0.998481123959865,0.364111325806738,1.05262176747318,0.144904254498135,0.60827629815742,0.305507210190025,1.18372586818349,0.330286274318927,0.971800092064456,0.384754613190774
6.40710776790427,1.11098881378133,32.7800020737505,12.506729591179,0.9726432699404,0.0136331945282259,1,0.822849704442725,1.0115331836469,1.15573592491895,0.234498328281262,0.944465120535752,0.201894918196988,0.926490278889466,0.160877779802193,0.90128488744041,0.253062327418554,1.00327266742332,0.266625187871558
4.15474512292043,0.754579061070616,13.1387684586792,5.13963410762921,0.902407980313488,0.0682489605536559,1,0.194190256640295,0.558424344509015,0.718391766650949,0.263057751326698,0.713335487802419,0.215349605115544,0.518213264999166,0.235938019089675,0.626454575133122,0.238823821325018,0.67993447563442,0.240601236551337
4.26178234652259,0.829008665771965,11.3043420589289,4.68493666897461,0.936009202345581,0.0358568514050047,1,0.122759937114955,0.83622540194029,0.67633990832653,0.254398039861588,0.831095331316512,0.211268812556023,0.833561878497385,0.235282918348002,0.417579910364578,0.302717027368965,0.64981346238791,0.268281912605238
4.17880147585619,0.773631493326925,18.0845686797681,6.86844157009938,0.905637252593559,0.0561972418381436,1,1.64741578720236,0.689989409244863,0.60799449939834,0.199674359141804,0.73925233451081,0.234553942149174,0.612662294820708,0.244318867274466,0.754836271525013,0.215701068101888,0.867729195432602,0.238636421245616
3.71090257591317,0.61725928624916,11.2665821116175,3.84722594227125,0.826069891324937,0.138632701206709,1,-0.0837422093129779,0.547408845164092,0.385093470308488,0.184643513950686,0.727562759846253,0.204331208397918,0.285791079740275,0.23969490198728,0.692565064680603,0.255942242306055,0.765286677032957,0.213830093587689
3.45538204574518,0.752503460288698,17.928855912506,7.41420835030931,0.934721834273813,0.0399168116336537,1,-0.138087882064844,0.740178217775616,1.16839737966216,0.126027054432433,0.894028413248518,0.180876171349509,0.633345729405953,0.310462498567058,0.687336788345536,0.278366904062699,0.938292444432428,0.286243006811818
5.05824039520235,0.931825454643263,23.4170566211503,8.55318010694203,0.90612406334174,0.0600268859426031,1,-0.0126184434946974,0.766550070903293,0.739629766792785,0.266052563120788,0.797563399333497,0.204038991237021,1.04270317754774,0.198661062256732,0.83096222045426,0.227323053336984,0.507670801789853,0.272902095370101
5.70736085906452,1.17674665295993,30.3539864548303,13.5387728928186,0.956223929699321,0.0381571241979024,1,0.216492720133853,0.891484924421873,0.829306064882193,0.265896041245682,0.699599472743072,0.275961745624223,1.02834777808904,0.207979999271945,1.18936841772983,0.248537378057199,0.90682962411209,0.289126956769076
4.02950662585068,0.825192208626594,13.8617899664581,5.93440542202777,0.954155917439726,0.0236701913404305,1,-0.365490067505371,0.781667107369115,0.732528568285754,0.241467400314985,0.903407450438046,0.213210001068579,0.692096745493609,0.195066425012687,0.468744600895404,0.253253561877647,0.934357951479344,0.27512405981702
3.12255424188367,0.510105817782264,6.47206999980902,2.30336509581195,0.786251538901664,0.181982853973316,1,-0.246884062071339,0.543575914986095,0.708438054330678,0.17526490626123,0.725998580047349,0.186677373493906,-0.340448350688818,0.350308792200447,0.159450488160962,0.260051392976084,0.478485882959208,0.214544922157845
4.71393931301284,0.710432686328933,16.0132660739076,5.64945135209262,0.957174108783685,0.0223915124856235,1,0.311225116003472,0.710730733027871,0.855428499879834,0.196158853910547,0.885599125767095,0.168650024647941,0.718533729532922,0.221875174931572,0.720598892832791,0.208972144707016,0.777349799029476,0.177406270800792
3.37819180433073,0.566754203864051,11.3835266316424,3.75234925180736,0.783177576364136,0.183045167683439,1,-0.505010673587416,0.551354583776987,0.766598359135631,0.17911320289677,0.704250040297307,0.183491593505757,0.775252292381983,0.228107935011695,0.594261624992476,0.245648963873951,0.893098487990604,0.166863634664296
3.31674227522236,0.646591691445394,14.6677357595003,5.43384967337642,0.868784361705378,0.0830327935886444,1,-0.661306592260076,0.50490584494551,0.752865577751653,0.176120041448795,0.625403694258752,0.18777451780034,0.652577148191258,0.234126448049847,0.776793579525573,0.248040785047639,0.491694965584504,0.253466971194434
4.35597085159423,0.670052190687419,11.7087713110473,3.99093279432827,0.817694817532267,0.196256079728518,1,0.895878510226042,0.571478420288563,0.657724350209829,0.186162582672774,0.357658565460874,0.285810072114421,0.761074342083786,0.179834554814166,0.675118666964485,0.19262075411786,0.447063504343614,0.200634628129021
3.7850381303594,0.703894387468762,14.7900477806035,5.11329691544393,0.720383438300483,0.258979476046302,1,0.037000933856796,0.509392580344157,0.402243514629991,0.322060814436755,0.620855571697589,0.234510091666962,0.667363902720566,0.227576035489624,0.945406731594746,0.18412592149946,0.801732233708483,0.195782270712311
4.90417750052321,0.737120987714722,17.8779253818519,5.52514936734353,0.669447172688268,0.333932366806838,1,0.657500296996649,0.548185318311878,0.82747349051595,0.233698053219296,0.806503373109966,0.162392271503859,0.816015254405261,0.167269595827817,0.843263613143346,0.210776947607491,0.658669370275824,0.266167447814722
3.69858437102249,0.698187396122796,15.3861909682035,5.70115902403836,0.840969614373193,0.20249513987969,1,0.3525815406704,0.657527259882962,0.689066996595601,0.24697232916216,0.697989183795917,0.235026748509081,0.345998836996892,0.217922898949386,0.451407682812115,0.257795812433591,0.616595228186525,0.231193574715566
3.88161433192259,0.834310918848886,13.0710314844556,5.58423710859688,0.946915699818631,0.0455991141397834,1,-0.839463104609957,1.03601655830286,0.751309797366964,0.227437776616745,0.548813998973711,0.306839289700259,0.809512713081757,0.206294168044448,0.751243954281824,0.177278062489876,0.42600508043266,0.275468089816546
3.19120003968442,0.613573528424394,12.5385564754337,4.58798771955124,0.802059973823931,0.162461837509822,1,-0.0292884694055284,0.49706909852985,0.537773848343271,0.241561826540103,0.579401518564477,0.225425336840136,0.512786947857082,0.21734401737849,0.458891687652173,0.186773932085655,0.884254616432574,0.181122970331309
4.46465210348412,0.736983114620877,14.8996094209023,5.28535058582996,0.924034916187099,0.0496696928424039,1,1.13659668239448,0.783334261602058,0.705735833756382,0.215401640205189,0.654081397638006,0.299437663430299,0.716111749547285,0.195627232263463,0.719595297834906,0.182391642282366,0.955725331613193,0.189883807446742
2.57407698642977,0.501981931696734,11.274708582418,3.65359610245824,0.689632638445355,0.243624759636346,1,-0.570821266673186,0.578163784867247,0.890801795324376,0.153611100500078,0.591193695223278,0.234340117706824,0.703573825043403,0.193187582743722,0.476588903687543,0.268579501774226,0.42226493064445,0.235205866977288
4.25867220256796,0.73835558565844,14.9280203214609,5.51672815195147,0.926546756923133,0.0414404891236593,1,0.371516396769273,0.775977364617246,0.477976467449287,0.332689891769795,0.929493387335259,0.163169675198465,0.765095712343095,0.133865331221219,0.860712401691492,0.197861487781685,0.88000057507048,0.280664931322053
5.32845455024614,0.768912680671525,15.7901355770898,5.54305885773833,0.87068035593078,0.0718216132785036,1,0.576374504220396,0.619510717752384,1.04277628764856,0.180139826733865,0.750796642230194,0.179516797092488,0.735497740089292,0.165189073637739,0.500595681615047,0.264929022399655,1.01457319104447,0.19196142101367
3.87600012794423,0.758883573041317,16.9533366180255,6.70591119213281,0.954978198705228,0.0311504533555815,1,-0.902506250487267,0.974199558970276,0.797235396897695,0.271331893673785,1.17453297814765,0.152338880184738,0.738237845108311,0.204359360588629,0.928594553930033,0.236497062798299,0.871839386580007,0.226432785627751
3.99672341604716,0.586674535030549,11.4809107903078,3.37962058106897,0.566608632869649,0.385695569332752,1,0.117657923206855,0.429269524868659,0.431022266407614,0.235005846394374,0.595462253607888,0.215181882452416,0.0768776268660777,0.325947234161382,0.880061898474589,0.161308586831181,0.545935235721837,0.169475705999347
2.76897329311683,0.432677987845444,7.31413287392847,2.24888621747934,0.599321830332654,0.43215224758822,1,-0.409396586320942,0.605210216227947,0.508931601605355,0.309620988052559,0.667656442572583,0.169544951733826,0.541017598173708,0.17034978190206,0.589994763503997,0.173029086572349,0.681909044774646,0.203500346606375
3.41802191587823,0.761814065074371,15.8798557660887,6.63529524171314,0.950532368785715,0.0367391796163183,1,-0.0314572264665814,0.841730190593949,0.779062589400854,0.27261050134486,0.882396816822511,0.218903075510339,0.366356364968035,0.244812297412891,0.0958631564847694,0.300450836544208,1.03051323319954,0.214951638883506
4.96699767336564,1.10186186318213,25.951584956305,11.77958364686,0.950024562506034,0.0362289994198676,1,0.351732583204267,0.784142104447387,1.13711406029324,0.252137814326368,1.21887603274492,0.2662785611228,0.859421183992122,0.315126737493814,0.420066640530506,0.325575013311654,1.01676197802136,0.288035857034019
3.97496797101328,0.929249955270803,11.7430063110911,6.09625697528907,0.972958923174559,0.0142605767901788,1,-0.78338999846656,1.01773345909516,0.773793625741103,0.146551111619787,0.957165090713196,0.179005659737867,0.784509923556451,0.275010024768576,0.437837141305758,0.325762015858185,0.703844470051191,0.260551691822785
3.53007428628928,0.724117456718364,18.2396845605817,6.76004058427421,0.810998024840067,0.149923759052708,1,0.188281334529555,0.471770351712088,0.703608141443001,0.192850421369967,0.479636895814929,0.238484163619461,0.270157736212963,0.303703699131116,0.305538344373887,0.326391108614138,0.751043993039707,0.246139787619758
3.80647952215606,0.804323504159841,14.2763726797479,6.30219165128647,0.953355106902046,0.0271401611841145,1,-1.1789709113854,0.76933200226726,0.764304566072041,0.199547595665272,0.925579945047164,0.194647377890349,0.622223801745995,0.269570241577375,0.126296305981895,0.350367166702661,0.756542949731711,0.330595891948638
5.80143640231548,1.28162674487767,32.0760339957801,14.1393996294437,0.846891218157116,0.152679858141471,1,-0.11756936451891,0.677678848793052,0.99343239610548,0.180258940607795,0.736572640774723,0.35504030468123,0.883593990990516,0.315627583130338,0.963952616840774,0.255046883091502,0.763354681554895,0.298416442942625
4.05081643580168,0.839922677306584,15.942195977945,6.67683837327323,0.941874466113263,0.0320515393433119,1,-0.39428358257565,0.79210736746843,0.744258799059055,0.225411972370725,0.591495422241903,0.222932488141786,0.663459862033635,0.27396582492711,0.363740027254492,0.339828604005586,0.745079506522383,0.230698961282351
5.14515104598245,0.989061747585785,26.0689009671725,9.2300745358513,-0.353244430485811,0.207780840756797,1,0.0821397081191447,0.472171723884539,0.773961796688675,0.226716615245426,1.08186976250707,0.2423180060758,0.810712699978572,0.242524151470117,1.00127185299905,0.241758454656344,0.990713762131244,0.24744803288218
3.73293257100775,0.541930000639821,10.7461106894271,3.23940273272398,0.264023280187925,0.508133420145319,1,1.07399356959669,0.450918140578567,0.242116321783303,0.284451118298046,0.640424839198955,0.170255541154205,0.723176583682502,0.173428349680205,0.809367185654056,0.173844634120331,0.504100188987686,0.223223830110531
3.36640665014544,0.636288689980177,13.7449033623646,4.6680261476202,0.645034972577265,0.343982355829164,1,-0.104800888283648,0.617148603293557,0.549468646005432,0.196452269169848,0.729289585717373,0.20625304110391,0.821877647849758,0.186610930291383,0.570981855756138,0.218689062574566,0.551050809921286,0.258971612359138
3.12538025777497,0.764626796319171,20.9061709309029,9.40924799338224,0.918640174700444,0.0599409577332038,1,0.100923818420935,0.809805731367729,0.397281575719149,0.335105296937893,0.727217895058199,0.198740661494201,0.651221163946195,0.263117621789902,0.290808084763986,0.282935079912266,0.598885380040356,0.244798894523762
4.03169298734163,0.713762000988575,11.3394027662653,4.431676330524,0.84941527651207,0.129041830528546,1,0.542698163386543,0.489540752534924,0.829511211896263,0.176990939039162,0.233553482776647,0.309514993906833,0.414087505286523,0.256997440125915,0.540784942851371,0.247177489703648,0.878501427236028,0.231415629640452
3.35641361195954,0.569322071089282,10.1346793141315,3.82142761241514,0.959055823584858,0.0215223946034155,1,-0.280443657958453,0.669553208437646,0.711518829422213,0.188197222814567,0.937110952184172,0.169015326964204,0.677592878158031,0.193498708709122,0.615835901471629,0.210895937754437,0.739175281566521,0.27055506921933
3.13775529758903,0.595150141001701,12.8053656198191,4.5492266051188,0.58596392549823,0.393188118420109,1,0.714983014486291,0.471086446923846,0.0890537664723084,0.317148435736595,0.892581549725859,0.193223381225336,0.332216673929128,0.195331917106659,0.684304541438325,0.152525902484576,0.567373790677121,0.255532093101649
3.43864699169895,0.730403925822053,12.7950421760021,5.36526592806249,0.92111145532848,0.049094330025269,1,-0.801658715010916,0.736694799787604,0.601656871890772,0.23739270681628,0.922861191885653,0.205723231304961,0.665048223573003,0.215011439245271,0.279594638680677,0.299878374056783,0.484304409312247,0.300062965463551
5.20513163321249,1.08449919966129,20.0665595918341,8.86696665795095,0.938067607203906,0.0396966130316817,1,0.556736412731412,0.782692384869974,0.561774843615164,0.297622528381739,0.81810334338359,0.169651328850801,0.699796288777382,0.216300163229032,0.981353028093699,0.258030873304113,0.837320766996169,0.280116540071907
3.44966475960536,0.738836628662605,16.9253478794338,6.47752883926703,0.813597659389221,0.167972669487489,1,0.594908691845726,0.829510474801644,-0.39675182243077,0.411189399643869,0.355262129083233,0.274289013086469,0.882381360863964,0.168923252557768,0.838865033497446,0.240399016234619,0.949416907266663,0.22327841762802
6.32332705911124,1.39655719538559,39.2608952741087,17.8475577962199,0.959472752611105,0.0330678640208567,1,0.552372964085441,0.987872303619249,0.88672817394185,0.283676613226346,0.775345456464941,0.272032119968263,0.903711896905722,0.305436163457063,1.26436410551323,0.290526401462328,1.01362598157257,0.278833654330378
3.2024568099283,0.774571315338117,18.0421880810651,7.43898545322199,0.938023357508655,0.0327312791471926,1,-1.24966287616192,0.741628705029724,0.905611258324097,0.189634378299012,0.782551500386913,0.222200021292059,0.669368739915724,0.232278273215669,0.613167063172595,0.218521781094825,0.592920875230392,0.244892355148864
4.96806146277343,1.08887585726795,14.9660851395816,6.58862826937598,0.876841786378364,0.0749932106280272,1,-0.362167025110458,0.667649967864726,1.01142405708892,0.181181368580468,0.83044539556098,0.233130662939897,0.489869039331823,0.253134330342545,0.435083851948179,0.295188249312602,0.0152054859616655,0.350273324795379
3.8552878723005,0.714260723106143,14.9791248486301,5.11911268291123,0.842198838022675,0.135872625958907,1,-0.331230374962339,0.727274887164132,0.410546079612658,0.243293670012458,0.341376560708022,0.259257767004967,0.719839776270817,0.202432120611542,0.831514077249128,0.167289240289743,0.671909237058173,0.165823985910254
3.61980414313607,0.669023901568761,14.8473346826986,5.27243626800847,0.892392623597748,0.0882978520865345,1,-0.266602329616745,0.616491821887646,0.460425910960273,0.299925431641683,0.688565054067359,0.246714482644335,0.910310422465507,0.207231453539418,0.757390083887557,0.205386615905548,0.515569444985878,0.237438154932145
4.44669550572014,0.790421188561954,19.6938490580714,6.78169884232286,0.799651481855679,0.142890287037539,1,0.398481702070915,0.52667683381411,0.689601638903548,0.184443788064924,0.842789318878638,0.250423083874656,0.797341033344476,0.243207085601042,0.679128898390314,0.215130966771913,0.893352476232032,0.195464303805895
3.15175839511007,0.644982917388705,16.4165382591885,5.50650911628399,0.888947513520868,0.077462356703639,1,-0.827952559864841,0.855294511557512,0.824832195138381,0.257124711803268,0.575640395969509,0.267986809520852,0.672296021217163,0.217925258017448,0.839311260044573,0.183033468735585,0.808336866440076,0.165136321324994
3.82820862646883,0.65945037351051,13.7194288975924,5.26368090618216,0.951414799098416,0.0319978783747377,1,0.780466187619774,0.908945686550872,0.380858399800531,0.321943155969518,0.741039440272696,0.223405319628107,0.69549298231893,0.189212424559441,0.389532525684396,0.229865311883506,0.936584789824455,0.160463668365681
5.24511089647266,1.05422985712851,29.7883836069052,12.2462494080564,0.891123470467483,0.0791157398279386,1,-0.347013443649202,0.663545787745013,0.954667865383222,0.212017176295424,0.448574945035478,0.256155522080688,1.19658929494576,0.197169951160305,0.94429427081069,0.252989665915848,0.640441082685468,0.308928094615938
2.88462805635445,0.538443121283674,12.5238765438106,3.87859435191858,0.720164993709129,0.181946983782214,1,-0.254680408086163,0.467131643957907,0.304917950454166,0.274404630588408,0.807875004615608,0.184163344346259,0.586927113028998,0.127375148034278,0.215439331987419,0.193603562856414,0.852655527791465,0.176801065820685
4.49805373251508,0.869065377261897,24.7584737598677,9.59401903450065,0.947053862390164,0.0307684690161811,1,-0.617146923331293,0.95388920627256,0.735088634341595,0.266278089135344,0.893313621358284,0.15814953987419,0.878639380644821,0.237707926067314,1.03037642988032,0.236075108273974,0.968356464483526,0.224508318395015
3.89527926360289,0.584277682856461,10.6355890175148,3.71963798123259,0.892777719319073,0.0683774568004518,1,-0.0584471563734636,0.639989333881126,-0.0304493670322753,0.380287192814803,0.938254728766387,0.237281277779087,0.873953362420766,0.171835576752139,0.961591891212849,0.163094522861664,0.710113765650727,0.184377737304332
5.50248925796422,0.979487742450408,15.4798013167473,6.29987989622271,0.917815872355827,0.0630785065511532,1,0.388546168310225,0.801243626887732,0.974788673420448,0.216879784952212,0.795460764918532,0.212000057872467,0.644739696015859,0.220729279157127,0.923032361777333,0.228470888668157,1.0253687531525,0.2261998709291
4.17086072712716,0.753339684976533,14.0903531781175,4.94664341611183,0.848907726583829,0.121904573123563,1,0.584410949748401,0.65205446718367,0.830165211933445,0.127352411501522,0.440449225587214,0.301467757776122,0.914656979846599,0.177368790567517,0.91500000922161,0.213675409722439,0.858104179418337,0.251215549174088
2.70120401741476,0.521085104810218,11.2480460930932,4.07867620700172,0.846877375914684,0.0808825842633141,1,-0.76963898379407,0.584089116829282,0.844653788113448,0.208718839479801,0.626125562119757,0.159695851731663,0.385939550038234,0.230555665043609,0.74070388586398,0.220324389670545,0.470291800729208,0.23111258510713
4.86333104429209,0.915414346791577,21.6299995033524,8.0316256388914,0.859584683428013,0.134639624645615,1,0.615683883363965,0.663611481572711,0.342570021631803,0.346160590965802,0.768898956227691,0.200932992951625,0.840941575121839,0.185188142515931,0.490171020995483,0.29112465382427,0.686925285458595,0.257557538598125
4.47371038651432,0.95058108031163,27.2247397369443,11.4725484761334,0.891165561487298,0.0895719765675875,1,0.918594615432557,0.652870098832647,0.720306671014105,0.234054428690902,0.968330586360524,0.244516019226277,0.180795663528168,0.351319636256471,0.530959692870535,0.308426661001967,0.818692840851632,0.233492497075428
4.86752329480962,0.995739836190656,21.2398051331213,8.73616560628055,0.93953761001791,0.0421509581619144,1,-0.719180838677337,0.990769665896229,0.985010078444641,0.196822599880446,0.871371410400826,0.19921767281787,0.700843818482751,0.23874185781165,0.834605043955438,0.316753910008366,1.08337889918666,0.253767890803715
4.4107411791963,0.703199319791177,13.5879829971737,4.40142060628479,0.806617135032656,0.159881543857925,1,0.340181795527949,0.516253488164992,0.765536742275341,0.251815283138874,0.190186696136513,0.257853905659346,0.850886246021094,0.137555418446482,0.559119763436682,0.23367242230808,0.762819622174605,0.192721534241371
6.51146709215643,1.41461719673478,46.5580433565607,19.991821268251,0.863207045132583,0.132521815604227,1,1.70190071255149,0.891249331042722,0.703148754780367,0.337405681482557,0.856186077534942,0.303465434775648,1.17514845664027,0.297442751076213,0.754055730040668,0.233926021425355,0.818321933575288,0.215186284319206
3.0795774563679,0.51421175151704,8.87058556607964,2.90249484706128,0.822981036691052,0.104298971238341,1,0.255625260396362,0.570084319804275,0.365781578010584,0.296631921437973,0.68698958652532,0.216633303522727,0.802470557762373,0.185936434410331,0.744976909363571,0.191471097273412,0.623981744645087,0.196235215350007
4.5441587812962,0.714072094064773,11.4926542030752,4.19542428460955,0.949735678476766,0.0255816709833015,1,0.623775186630065,0.678729216449367,0.511344271628411,0.284889693560613,0.751388097655953,0.194136464545031,0.984164277350202,0.206880740369318,0.740999700570755,0.190327909002298,0.407833314523819,0.200005492813935
4.05162090616149,0.779797771923211,16.2860350933192,6.78509432902784,0.906526124202643,0.0585105203068395,1,0.0019094801692357,0.643263478046885,0.759500583010262,0.161085278178064,0.952197194361467,0.15103564604716,0.328866481449414,0.274317832965076,0.41413193287599,0.295159926988405,0.678267566310929,0.297788073700485
5.02227724742006,0.895503469379068,23.1505687858416,7.80835581263827,0.522194481734657,0.560836285768897,1,0.291809451968938,0.432244161859974,0.763278754568478,0.175106909128046,0.38023187314855,0.246554731755882,0.167476361020447,0.302830974770524,0.821451000849388,0.234885020906897,0.756505945170505,0.224041570819092
4.31787650155976,0.719188439036681,16.023511002459,5.4162011270016,0.954179059280316,0.019956139884118,1,-0.457907478872845,0.647541953630087,0.378240187520898,0.245024116052077,0.894540260087028,0.205909544463344,0.924543690678901,0.164864153827884,0.855364304662343,0.215215343110688,0.72834694813248,0.210042034229434
4.16216360891961,0.716608721393785,21.0157050928059,7.0248908252105,0.48880056151749,0.304739599063994,1,0.294468422986047,0.455241235571735,0.746507754069827,0.178250177801738,0.29880198960179,0.286162478433449,0.539936822920855,0.227366990479516,0.746454155744436,0.187615338271694,0.841668892773833,0.192481248051715
4.88860781788801,0.770678775525533,16.791916978096,5.76800970864338,0.850889136077097,0.0766859462724099,1,-0.343781324231989,0.727747254617963,1.16722364109875,0.232276492346627,0.662612944621176,0.217537060733676,0.653055155775789,0.21065618847461,0.677563802945512,0.170108745766952,0.766560684508739,0.14921371284876
4.7270873945081,0.781931642237477,17.6967306410632,6.1575664379084,0.712993839069244,0.307305211410454,1,1.07378161257625,0.533195866190201,0.434204155547004,0.274026196149273,0.260131128771379,0.280600659688402,0.483237749964659,0.200706791222262,0.645658718654368,0.185856388781856,0.755582717103319,0.199683267702614
4.58601717607084,0.887240997985634,20.247926017799,8.0619576748095,0.922380598466637,0.0484787584351301,1,-0.46409015441507,0.766450171288746,0.860908769629311,0.213627818064818,0.504371617219249,0.244842388160213,0.507195683265332,0.289302073318373,0.605583876563271,0.209370529283802,0.717453627479239,0.221442816164609
3.68086174169106,0.712540835964384,20.679987589793,7.32485040999447,0.822485275697099,0.139124874743679,1,0.235182675609681,0.497671714503631,0.557615455613387,0.219644842299229,0.75447780153846,0.204418061058053,0.223328240322124,0.305654361627817,1.10893815028892,0.205146650389059,0.797414471496244,0.20667045222472
3.61509008946929,0.664394324001737,13.7153205755592,4.99859851949777,0.886844828480118,0.0831454991717005,1,-0.759591010044651,0.609919041051559,0.510039823485842,0.254415038290456,0.627886095812257,0.272035068862138,0.730380469858249,0.198830861393967,0.510419660234878,0.218054564729704,0.753245239249062,0.19586922457712
4.17797070169105,0.717202283698196,14.6603719238696,5.54297679108846,0.940175143681709,0.0377339593131569,1,0.0875405665670445,0.846385151588797,0.638335760645582,0.260530031362629,0.897515901275968,0.221199982902321,0.682410954956402,0.172603299469263,1.07766362214288,0.200058053001642,0.598028488508379,0.228537861925844
6.05596477579976,1.0098640905404,21.3777557367809,8.11192570926296,0.198243186678886,0.414940408543802,1,0.20223488881026,0.765808114581857,0.744746320849893,0.340776421356102,0.847349533749324,0.291097531517094,0.661332437190931,0.216269058932542,0.496588459878421,0.255537397774556,1.1604427116938,0.224805025663371
4.38364942545394,0.901957854272347,22.9461108622944,8.86462289001694,0.521643123727277,0.649867087727057,1,0.144218269818901,0.539189868586568,0.430183939714727,0.24117332848635,0.297466187088047,0.279344770042845,0.740569283389384,0.248484996183765,0.659913042908044,0.223640369304591,0.699401706310297,0.244620321539878
4.17450321589335,0.655821584488472,13.7223456858961,4.54898575882149,0.897156498009593,0.0759709827566928,1,-0.268709485593962,0.590192588486372,0.992404783528959,0.178656995019446,0.839135164507334,0.253126845972339,0.841456489280258,0.172728895684003,0.54306709640738,0.248384770513517,0.786186274411905,0.18835989952811
5.99645773947815,1.34820190379321,29.8456019442066,14.0489647779652,0.948486018550486,0.0449091062225041,1,1.29094981758084,0.845539666723068,0.676519419434103,0.333850987717052,0.959098998038631,0.313782571395977,0.833165354470798,0.287173325161251,0.56169770885783,0.368279622451548,1.11402564227986,0.223675132142702
4.10666901695936,0.777602808597638,18.8284005263616,6.88678414755609,0.745993880865582,0.135852202599162,1,-0.314627548936231,0.514432483569449,0.745760245005249,0.20684919511872,0.432858335891947,0.233779371834943,0.574845527091203,0.227534630891413,0.640051968762114,0.186400414722617,0.65486019770933,0.236353545008172
4.62841610063823,0.864513466841721,27.9261598295744,9.30875407489999,0.730508232301346,0.340627643664169,1,1.14640880308535,0.550658873373334,0.487094037909261,0.201172280468596,0.304622815293373,0.238905535453671,0.952459030265731,0.235262218542852,0.632846116127002,0.289687691665179,1.03471978217553,0.176071388724717
3.70527072797787,0.674304518800378,18.8491294452622,6.51919085047063,0.632253349433867,0.529986838273489,1,0.213466980667514,0.491131571959256,0.0834739837757385,0.290301833740294,0.877653416334392,0.140113759405953,0.599972979206303,0.195473421778868,0.342328715843546,0.232808421622802,0.665457700347377,0.256881726379402
3.26911198487462,0.586150445310407,13.9552311179524,4.51113829580139,0.636079542738977,0.30202052221636,1,-0.765060673166617,0.503695937678426,1.01231301656553,0.154558549370638,0.599260011921731,0.204871099733897,0.705590386907993,0.182541711657386,0.471130296600026,0.227268472294412,0.679294302324462,0.219117400101676
2.5898764614935,0.594598027924618,17.0397241958502,6.30190959175295,0.878454233545666,0.0873452134771919,1,-0.483992455825254,0.581896846064987,0.454609423992776,0.234766887100595,0.87070112012089,0.164964400988326,0.745749633393066,0.204842235749414,0.668789606632844,0.237945021638051,0.411486163786032,0.298102470053038
4.43937760195808,0.817551002015183,16.4748077012046,6.17100472068696,0.939874190041446,0.0348862613027085,1,1.24351095923723,0.833417329538348,0.672641785304534,0.292766838513873,0.595083430980179,0.292550356330039,0.620975849551925,0.210146078392343,0.752679342826655,0.173932154143425,0.805340758978554,0.221133412073865
4.14227708293427,0.823700481597914,21.3988758959621,8.05432738566702,0.777413500295316,0.251337092482439,1,0.586615595607318,0.502282317395072,0.407329710563267,0.282942631624489,0.777476414877288,0.203505650217538,0.598189644648204,0.272828555102562,0.553707846126825,0.289210240127213,0.288774486098798,0.237985515350764
3.31574663225717,0.700518622965216,19.9394134875774,7.61591771923131,0.901291694256905,0.0766063853759832,1,-0.574923258639542,0.659037398595501,0.818677989748901,0.233250941256218,0.714731810678221,0.278799669498162,0.532497476854904,0.247915972579687,0.325569506784991,0.23946554709779,1.00296487489896,0.232647495284963
4.56373672321196,0.937374155904922,13.9139830233594,6.01069043262879,0.948585293223112,0.0327992925426281,1,0.236190814686191,1.17889618560471,0.196756442726856,0.461383696792661,0.773471828242556,0.333695567105092,0.833825201513011,0.19866910811969,0.384496820115581,0.21617497918596,0.631043115958856,0.241147877945045
2.69797076332273,0.592761050438559,15.5444704330052,5.20953149187562,0.880509741210944,0.0803989950337752,1,-1.51978841439259,0.834482104746722,0.789763196492553,0.249179410568821,0.732537429253869,0.153884273600783,0.874757270718969,0.188794213005532,0.483552517038412,0.231058917759241,0.792660834081282,0.187624066340632
5.15705336290405,1.03677196601004,23.0856311471917,9.46104940996958,0.960597773591733,0.0241667073909419,1,0.259081670824723,0.909282633773693,0.902916403387641,0.23310631935778,0.89252090039054,0.269212378224566,1.05280870913669,0.25893839588776,1.05457298133888,0.211203735615261,0.995219122286104,0.243515105528151
3.16066159047066,0.793170356325212,22.5565067811878,9.64403562991466,0.893986807298615,0.0971134088965049,1,-1.45667906776859,0.871869415020465,0.866401499105984,0.290991406098303,0.76924588343183,0.128093547176159,0.753983108619204,0.215287777480127,0.232605588003298,0.277949420657756,0.334465245094782,0.259933700915044
3.95514811129482,0.761714390717759,17.1452297565731,6.6722514214314,0.861758292595386,0.0985814750304234,1,0.596147189882508,0.478893709263054,0.816411905261044,0.185785339686992,0.650061943768334,0.208230262289649,0.482231180832756,0.260278561066595,0.259969084705107,0.304562469131933,0.847534083470625,0.238369325528801
4.24090131914112,0.802619147356875,16.5686048523742,6.52000035157727,0.923240090728902,0.0410878870569016,1,-0.81618777318388,0.607773896386502,0.933744842163211,0.143627675942266,0.814463522644948,0.186039830499339,0.942914886722,0.213345825771509,0.471623669257738,0.258690401845792,0.71074055157199,0.2389213496762
4.26908621478984,0.902164230250177,20.368074480943,8.47401807225341,0.93705689192679,0.0415859470250029,1,0.152095735851894,0.751632080543689,1.05208599692642,0.187012862359458,0.56002832635586,0.26928439334528,0.230966438800016,0.307488723454436,0.93936104150944,0.239020870357651,0.923914741990012,0.235859813194413
4.37437098864365,0.742215712729601,15.5366658853965,5.77765957051925,0.632357699459043,0.398298549290448,1,1.71172450010898,0.49694382274704,0.427496359014865,0.269298312983736,0.390936148828383,0.291352543901284,0.317255432261371,0.298233750974597,0.522198055212839,0.205654361784425,1.00453700713679,0.168017534374763
3.55937490147494,0.711086460777449,9.99450502534625,3.9634843447887,0.823268134526801,0.141211850575218,1,-0.039706446663151,0.499952658346069,0.596086485756998,0.300608793366671,0.628305762210999,0.264858621749497,0.802454436028022,0.18277457823089,0.766862124415494,0.204129971741002,0.373121779323885,0.282010173497549
3.63851669066184,0.727241432682679,13.2497173157556,5.30919549411523,0.94266995073352,0.0455314686624362,1,0.806698454931241,0.987533286482636,0.805749085346858,0.30785984871339,0.369076490869245,0.294647980670225,0.799246771309252,0.204934993065984,0.775631738751566,0.174533941637669,0.816436656788512,0.217197980150097
4.91933293753224,0.815096655290544,15.6547888382064,5.69250557084311,0.920107345995383,0.0496641386713005,1,0.330325206318003,0.723777660214048,0.527256017683641,0.253211094044676,0.857610461744282,0.194501739795387,0.410627158914971,0.226384459039308,0.591707986346654,0.215611900273683,1.02075579808826,0.190872542560973
4.62174685783619,0.825983782601057,18.461107870928,6.80243201318596,0.523193598162995,0.52075957766983,1,0.891088586482421,0.430126970849632,0.483844067978661,0.25979658448931,0.465006938248543,0.252326932985218,0.801863062123615,0.210732137333145,1.09230230932661,0.180994551115886,0.750011515860719,0.241498970814834
4.25232359379087,0.64267040060496,12.4983791287806,4.27349753519232,0.937913845831903,0.031800985382159,1,-0.432535029322605,0.740073105091311,1.1008442333456,0.234012899039325,0.543208944422279,0.228106275163255,0.873958475610726,0.138891361642298,0.458070102691065,0.211146893481578,0.717159993764887,0.17347880336903
3.29996446712808,0.715325966977271,25.200704285839,9.10105331149872,0.44261484922452,0.510878008266297,1,-1.04579131068875,0.439722362153535,0.897002157230518,0.189520008303872,0.740075753029817,0.169924418997366,0.228098633212679,0.312632806595101,0.598631434693778,0.237124613549505,0.986906391267905,0.194551357263539
3.81744886892338,0.642698421524749,9.06051628262197,3.34719920802109,0.881791884949241,0.077955192655804,1,0.633399749585804,0.607917359606221,0.547638426272382,0.193975996345965,0.453654982189794,0.185503272822566,0.737744109013719,0.214667842344384,0.403231462975943,0.285604580044974,0.417836966382195,0.309466220571518
3.05062824717784,0.48591140515592,8.21402389038058,2.77318576382403,0.831206065425625,0.0865591242413209,1,-1.05667928204753,0.525267845785241,0.706956328413627,0.197173409333434,0.496518900087646,0.16695838370733,0.564375853340122,0.148451671577139,0.453960244551197,0.210929213371893,0.307152500364015,0.238902153290425
3.25120859826438,0.757460165933118,14.9570893024777,6.10061666494312,0.897657782868365,0.0495841331447405,1,-0.614388036823325,0.682363566578714,0.524855615867782,0.298903761962768,0.830401604797142,0.173439836601448,0.707414696555349,0.22856884281913,0.744082186004833,0.249198083351448,0.309820426074963,0.287936343493676
5.32913239311659,1.139835777484,23.6323491278436,9.95934984653099,-0.245357593905823,0.414437882238927,1,1.1454426436808,0.542531875013371,0.459677883438514,0.255119018538435,1.05115524012305,0.214756407261822,0.258055658811251,0.27684938275005,0.698653440779884,0.293907730226508,0.946675044014925,0.247671163597094
3.28859005504724,0.70661386224961,14.920287939998,6.01671510454878,0.839553110679618,0.151174791195158,1,-0.161907352497197,0.537474119960134,0.912063315600055,0.197538072047996,0.445874854985693,0.24580403661381,0.545512661400628,0.243673248247844,0.450759453004431,0.252229335751714,0.188941426889695,0.242867735067035
4.16248825413952,0.884251513761162,17.2192700354706,7.37045978636171,0.92619044691052,0.0503905655400876,1,0.853517547478145,0.76705282214509,0.363272452148312,0.25620120389196,0.289605189923234,0.320872549806301,0.53710262244989,0.253652152337634,0.689174283167495,0.213104166615171,0.546756613404836,0.252335817038058
3.38362240723824,0.484789045349351,6.10256408414087,2.04028877229284,0.885607951039813,0.0638752854823944,1,-0.479738578784859,0.594292774499453,0.468011952124556,0.231708705504144,0.747087356753225,0.177636279637013,0.703741843276275,0.175169430364151,0.782152364328039,0.167318129961177,0.330109256607607,0.24083873364687
3.45277723994887,0.639929587274889,15.216747801456,5.13989896264777,0.579136975350898,0.354870110190476,1,0.127033320886751,0.502105852409403,0.691556570589771,0.160350224140267,0.545419464540727,0.153086172512906,0.515329936416212,0.276825609930331,0.430066571154193,0.283988820913112,0.946471547831874,0.195652800864431
4.79615195072732,0.781221700787098,17.7357377242798,6.26624796963894,0.237376614865113,0.57408811165814,1,1.07342319264788,0.629697979592438,0.484964730699641,0.324155316161587,0.634057459589749,0.208346330022367,0.631796851452558,0.208653586490024,1.02540518250076,0.167176354293682,0.855380330872446,0.226690926732572
3.98004455676547,0.858935174391147,12.2852730388323,5.49307417488373,0.920595831518213,0.0677785712888048,1,1.20662074321542,0.735890934133808,0.879446243642013,0.290149636315736,0.628059292335039,0.23385486098467,0.894996260307447,0.223645874438429,0.639353952198122,0.232521987352804,0.803295475887238,0.232662340533422
5.87485473986779,0.932057894293371,20.8249566264568,6.97950217745814,0.828131055849657,0.130843719011404,1,1.14316867013771,0.658174792846432,0.898057763877541,0.230184459426378,0.878972241093917,0.264335112527931,0.49240752773055,0.303942182813474,0.655740710551501,0.204143057016685,0.806814329379939,0.218600266059615
4.73380165054395,1.14420245367284,31.4761443936959,15.3049867118591,0.953381772741096,0.0293686000298713,1,0.932022563632459,0.772621618493932,0.853547975960574,0.190574921307586,1.05528353601479,0.245247661146311,0.71555884613597,0.329987561694573,0.882269143177187,0.302625306298311,0.985010563774786,0.321283983810102
3.41205208455959,0.661808326164887,14.8517149511073,5.53192343813462,0.893978186178382,0.0756474763983221,1,-1.29215115091608,0.749353175763805,0.530355293097689,0.289334196131627,0.806327428212388,0.196844668845035,0.455767404459696,0.261853659164239,0.425028646316897,0.255168298094613,0.785114419552593,0.174392383210388
5.06733072371254,1.10035348835406,28.4764233579058,11.7381717138322,0.920271559462708,0.0580134546561096,1,-0.0996686434463483,0.69088389792868,0.296753881648392,0.290141718305673,0.801409237839418,0.177307330196351,0.645942802585616,0.324611894884917,0.888645505235879,0.276218673130775,0.79990830051817,0.2615119524513
3.98906524373045,0.725246739637489,16.9908115871221,6.26160485523252,0.893467462278709,0.0695175868750293,1,-0.368318266206916,0.634625456872429,0.677880056275664,0.210173006766593,0.668954550216519,0.224385259018175,0.709386170183019,0.181079747353652,0.595306974681661,0.247054118289081,0.736950593379254,0.234692576899369
5.01208645190397,0.879106409016542,20.62564718943,7.29122698030757,0.947122535555314,0.029034939687325,1,0.08705041830066,0.96364532551854,1.07667108512191,0.155424841480242,0.400333583733185,0.328159054408226,0.770603167074087,0.2217674885498,0.192794761801683,0.274046311348825,1.1650072160866,0.144984959087675
4.80750091124357,0.741753448264112,14.990712293625,5.29596261464534,0.896105196694021,0.0731970560097603,1,0.216448186154099,0.693743382135311,0.811616758922718,0.252779215334938,0.791881305232459,0.198180664334631,0.929465650055182,0.17344734948112,0.572983758048798,0.240583435464173,0.717555508408238,0.182644578064146
4.7466855699128,0.74063636911447,12.0679709353295,4.61996996563201,0.88679613819451,0.0743948210789688,1,1.91243096580511,0.536866169362148,0.53090898097617,0.221203066522706,0.0386252984669058,0.300008149144288,1.05860430117021,0.141936936907501,0.767880898240595,0.247069348231583,0.484471405358498,0.266897346035483
5.63656630554415,1.07184674771641,28.0620951073103,10.7703346360718,0.414616160732153,0.561029881967149,1,1.58016798653353,0.76061129788868,0.505104543259893,0.260007481341017,1.05387960335279,0.196228780379054,1.00428075428716,0.25877759477958,0.619567690880254,0.281217975797262,0.752020266900879,0.197066182753805
4.23649532820561,0.755155563122629,19.0504153809903,7.09734808505516,0.91886247973847,0.0596730161218796,1,-0.623923535429112,0.802714845743904,0.963470973225762,0.274912868866423,0.73562172438796,0.174862839981544,0.755334461299614,0.196357558154343,0.637337475306055,0.196363281473334,0.668589877087318,0.217037371376407
4.22696018631325,0.791149644835196,14.850702279634,5.81429291384419,0.892612901565662,0.0806114465690248,1,0.56913925257415,0.606504477803586,0.771621567175907,0.25982043211508,0.326651958106709,0.301916122925195,0.891919292530983,0.176751982216039,0.358721218284625,0.275269851552275,0.689144887386104,0.196481651867808
4.00045588086205,0.743223799768854,18.3474249669618,7.00360544990814,0.872947271518948,0.134568424916344,1,0.507337022869857,0.697924656614263,0.652015318876053,0.253680955289709,1.23845578369691,0.159149211593412,0.49497213431861,0.258495556228694,0.958516759754503,0.24427303829034,0.711637457260782,0.305757563672169
3.53462032814459,0.711828252229072,17.132099073516,6.6210713157667,0.868091867498284,0.096751946901352,1,-0.270534845904087,0.660606348150434,0.193461700635129,0.23491375987475,0.940129191435482,0.208125319392964,0.568612495146311,0.226579114721666,0.484859301181668,0.244611631812075,0.823824564278931,0.179715203536285
5.90361984967089,1.09770224921482,22.8502917692542,8.79941233776584,0.866987025660985,0.132632517738069,1,0.949383582093422,0.632812757040235,0.880790160062134,0.239581184069432,0.491218056905396,0.244954873708251,0.972123911134555,0.225958850713956,0.572682537526336,0.289845959207309,0.566941007465227,0.278320079179938
3.07264970073335,0.497699805286444,8.70297072206537,2.95605692217864,0.85729015234574,0.102883934861833,1,0.181539401005847,0.498757878955299,0.582776671739901,0.184732232426439,0.619325461682398,0.171121186521532,0.721209394334805,0.174060455153749,0.800048704797811,0.167215887398735,0.389099002809822,0.253468558843361
3.91709143370886,0.750544532987381,16.4000194787893,6.77332046845095,0.898900349154862,0.0829964276506794,1,-0.0441989786336579,0.680667495050503,0.453962955105404,0.320659605507663,0.63055571181763,0.290820141301786,0.771135790707242,0.175339138687805,0.273597324819493,0.224841400808709,0.46281968510806,0.318923908855082
4.07910709193169,0.810884339810988,22.1724223044626,8.87251644122684,0.589581190446832,0.465694969937312,1,-0.355014166685563,0.514203760964673,1.03945592436476,0.139907999175008,0.723773885464665,0.199769954216248,0.575665872257657,0.256183820707701,0.896142676327442,0.284155075226554,0.760955933345869,0.328117842495029
7.29142235536284,1.32469131944347,26.2455746479509,10.1732079827267,0.762102741307549,0.285906303655099,1,1.21321419366993,0.700207147096645,0.83149509019499,0.303638745746558,0.628512555782561,0.326273708685488,0.976665937050461,0.229583959889411,1.2678821266805,0.226562710697182,0.271674746026,0.28437589405308
4.3733130265199,1.14060786442102,24.3928785160736,11.7559666791494,0.754766848251497,0.285086312968503,1,-0.182865650548296,0.616302614006219,0.512035604332535,0.298864460869189,0.374181723714805,0.257299690586387,1.01512999933913,0.244422137963516,0.469945934722539,0.345075947995645,0.102928737909007,0.382238380302098
3.86535166453544,0.768076725177938,19.0054449053831,6.91419048926619,0.861489870463368,0.125973661232674,1,0.170848216802,0.58236599407577,0.720298949855061,0.247270042369839,0.407363411541201,0.289275633173008,1.05497941942318,0.197725498986449,0.795753781796785,0.247333304904806,0.465373567427035,0.285315818709468
4.87457239840241,0.968092288427915,23.6829876802062,9.85452718973866,0.952349515911407,0.0300477591461587,1,-0.234750999143334,0.823686546222217,0.986771528170735,0.239795508838345,0.547752697750184,0.317098973237666,0.945266538403769,0.178802570153481,0.944116484258711,0.241601116979695,0.836680892713805,0.313137694246931
4.48073903096718,0.740773620443982,12.6620850470723,4.68463299687214,0.724725512538794,0.217464861381104,1,0.058188082009198,0.56188694463244,0.191490347784752,0.311619734310495,0.71222999275527,0.13823142888603,0.733463425474644,0.176778057174057,0.77211981974887,0.195983527283871,0.480945942060167,0.245015761080768
3.75462298461799,0.834147481259402,16.6476777763307,7.20391222484213,0.878288881544396,0.0983173504974937,1,-0.27844485580339,0.692034517119386,0.823620024048659,0.185032548190101,0.517323705683411,0.27459201843725,0.518580221358345,0.351461171726936,0.769556703377212,0.281821996987978,0.726660367406427,0.222802652479231
4.18885906815979,0.946145475605165,12.6268048928076,6.00061972056807,0.921097772181955,0.0737336071553135,1,0.800426102728697,0.74706707254804,0.573230751927243,0.291012599961416,0.611880851306906,0.281197220017026,0.729977438517607,0.2594537358465,0.904554732613172,0.238420475786514,0.468465100658538,0.283247296069872
4.39023358343131,0.696730935835408,14.9176795776195,5.04769261980182,0.928359519095395,0.0379581766861367,1,0.806793047344222,0.682984389277938,0.600077461270994,0.235943393946133,0.845725978220748,0.146945063464428,0.686178330088193,0.182220141115252,1.06240511066208,0.195950415127693,0.780489089696835,0.226700812082257
3.54533583934433,0.631597865993482,8.83641136115263,3.28296108382406,0.772814150255139,0.239561791938742,1,1.69715324542987,0.607169905012106,-0.0448136374145443,0.350794593030156,0.391194741924063,0.249882606082284,0.360712415126086,0.24217998882873,0.742693500581271,0.16081950132715,0.652774578685642,0.200752070323827
3.32511617349236,0.515770616865983,7.50926210374173,2.47485149939903,0.895954702412889,0.0468331342169138,1,0.12887825541877,0.599509021871396,0.607715508189449,0.24997319139795,0.565817533597915,0.192675435179165,0.842411224260106,0.141195692425617,0.844293179874894,0.189539053158406,0.711794071190624,0.228497307399715
3.69872188929944,0.610805380259729,11.5410513767938,3.97318143529361,0.807327906665598,0.115549373090946,1,-0.651698387656489,0.525629497863034,1.02379067968872,0.205587906987842,0.513582719286713,0.208251058657651,0.543235902565676,0.211893700986331,0.491346734211407,0.236674367477258,0.853764182943297,0.211931188444581
4.87385938028539,0.959384923014664,21.3509921970326,8.61837832403806,0.916156704679654,0.0585042857261573,1,1.00001717345186,0.846370806148351,0.689591391463659,0.316876971917957,0.648049681718206,0.225411922451474,0.723368004139285,0.255040685790071,0.985712927992949,0.170783366628573,0.719218299305919,0.235807651772844
3.02875651049518,0.612558671470112,9.70638394549241,3.73295323637554,0.918395602312952,0.0523787376592767,1,-1.62316475776014,0.650071975645851,0.769226150490878,0.200564773050973,0.535277056799821,0.184213424553952,0.589266201749857,0.207017015834723,0.635589013577571,0.210125384724227,0.0511850054637212,0.312386769924218
3.5846419622515,0.729763856032134,16.223271215379,6.38137564931636,0.928251350045269,0.0481309964849975,1,-0.445944077393277,0.763858737093474,0.61987168823878,0.228580717742409,0.644543923093781,0.238496790457298,0.378569628647725,0.301242321123008,0.70718628545151,0.204342596536803,0.73698823566718,0.22872587772689
5.52934537975026,1.07022347741064,19.4467030175709,7.95161533156548,0.955833077233143,0.0404893129372179,1,1.12221899158581,1.17506382742555,0.658322666286839,0.358432574803649,0.636838851274127,0.279738205024168,0.949933077660871,0.274314731492605,0.618395161486697,0.257504624484845,0.870528359729805,0.202221029352284
3.84117190163428,0.749692130405492,26.1103504930081,8.52590478436359,0.882177502617628,0.0901163952997448,1,-0.356105671492768,0.610431576160713,0.814011427050353,0.180381503490919,1.08771243463447,0.155907255911816,0.835632089207571,0.234782340655051,0.611689126292616,0.235175867387583,0.704510094280166,0.217389049749294
2.73309069316068,0.53701097619365,11.0445135425292,3.88157225091737,0.92403216654828,0.0380567943995613,1,-1.0594621399178,0.598781448667646,0.63321061621213,0.176762698539123,0.817676545066246,0.206230705262081,0.583659140473118,0.199976392037976,0.678783385599223,0.202967516478431,0.629963289155296,0.229054907145607
3.89886383380344,0.960725860846247,25.6638266015686,11.103420837206,0.911138144647033,0.0575588101691928,1,-0.479657372760328,0.730817742512387,0.566273598116061,0.219887426212095,0.280844007301539,0.292714885333302,0.86464750308684,0.261697286234633,1.03889100754101,0.259709691207372,0.502642460300807,0.306693433460789
3.82977812664876,0.680422496399684,12.3386999598348,4.66002320946767,0.892115678528093,0.0743049836445942,1,-0.781250286085514,0.861855031501055,0.966485394855329,0.280384827505217,0.477011492957916,0.276725312826844,0.797133334261847,0.183073317449997,0.713309269044539,0.187952071515735,0.711941214315085,0.194381985360365
4.88494354688683,0.92993732988016,16.5836974295472,6.61656994364312,0.972246403869812,0.0188616932850283,1,-0.625657281781756,1.11292475260973,1.13092778435994,0.284383456350606,0.980561599641909,0.269474259968522,0.865794417961638,0.196831666513698,1.13601046196041,0.212389340144281,1.11008074426064,0.257635272999054
4.55202707037223,0.766942683586345,12.4618071038481,4.26607220458437,0.905640177272476,0.0683033461390123,1,-0.245111938435605,0.66366052665712,0.858639150035609,0.257830149007446,0.756002047097174,0.201295801992645,0.563565854935889,0.22053830500291,0.602945916265612,0.197299172629252,1.05337909614106,0.158796422041466
4.3184514954942,0.835742927084331,18.2994404261783,7.21155354640302,0.91500923362577,0.0555526301087548,1,-0.24442894074636,0.658736566909029,0.61948910533674,0.262263369007343,0.544307875449666,0.273094646893,0.779515427899201,0.242336533412592,0.860351949076167,0.165222891088962,0.668011677063856,0.246219662756836
4.46777298535195,0.722388292793547,10.9741356666954,4.02688162440556,0.850187080521054,0.0978872996532993,1,0.456261121001881,0.61369517298027,0.679241270417733,0.209726743357433,0.431317806562528,0.183688736787535,0.696022838767651,0.216192984018585,0.841694531218486,0.193184166027341,0.420237633530258,0.24006439341914
4.31408870369147,1.02362013622442,23.647122730306,11.0049105383684,0.848354437185522,0.0896003763459258,1,-0.571776242749202,0.65166568720106,0.445943075029999,0.326879599938603,1.00943870322071,0.22145658267521,0.518719367370921,0.27056958811613,0.988172675630037,0.286953763962642,0.649643584804577,0.279539770235839
4.23914503523631,0.992956094004808,21.0458199572293,8.9323703939576,0.863862115815833,0.119970455289369,1,1.55882736241529,0.814330940951878,0.300010449241456,0.373967762988367,0.853302321807198,0.27380801578447,0.677325940403409,0.25409683960901,0.552980560298052,0.24959555671036,0.693150174841724,0.222977058563249
3.28365872926852,0.632688835780556,12.5480530860418,4.69559275008766,0.87536805294657,0.0951598710185284,1,0.648670173726762,0.659255084105161,0.524722581511662,0.249994346529944,0.545249375005612,0.228853580395908,0.892788564444508,0.170325552028495,0.47056419504684,0.256306887905869,0.700394105567108,0.225185965459637
4.63332359080079,0.924235789698734,21.4406294650912,9.00473622811305,0.869342970234106,0.120289127521317,1,0.49319577482868,0.738756562064848,0.853650916983053,0.283392559019122,0.788118080027381,0.232440833441222,0.487629504801399,0.350892321507717,0.941760691485282,0.240744069711938,0.562136541559518,0.23726337117606
4.39760162046574,0.729953517390711,12.9161141274295,4.612861015847,0.623274596020033,0.361200410926218,1,1.07997104118285,0.527173218274572,0.345637039380429,0.223523710228663,0.53522195268011,0.257189285680889,0.562891915773565,0.234624823161406,0.284283261537151,0.227848022732209,0.68684286656912,0.194891950562628
4.03009603859365,0.725214456854695,14.2125965824607,4.96170519100589,0.912107908342293,0.0638752285813507,1,0.160143955666902,0.642275100283703,0.671674778030227,0.267934037150843,0.547688405905405,0.264152861192534,0.799500375539135,0.180545245629993,0.605101438962861,0.218064288561984,0.774452342939757,0.185195309920511
4.55693062121442,1.14445628894455,26.7935090426608,12.46172589405,0.881870577633128,0.105028208522032,1,-1.3643378488783,0.830399402934792,0.687009427983214,0.307798085227913,0.713847684056242,0.322745469406018,0.805986641436285,0.335220845180412,0.645276691955291,0.227151050975496,0.597475410291823,0.301671171957065
4.14054726589033,0.819982290556162,14.8476505266615,6.14836791031776,0.78958542994529,0.186383616296774,1,0.797826281631668,0.558100688556155,0.750715050030165,0.203649315738874,0.850717738128051,0.2085716888122,0.535793041020182,0.225911608285968,0.634939961494158,0.272373746585556,0.894685129627442,0.279631815095936
4.65208410811379,0.823427752636179,21.575367223865,7.40423430636196,0.88852596457285,0.0758326515772988,1,0.550300892169301,0.656032789910372,0.421320050765115,0.309133971847637,0.783804407754698,0.255451146244991,0.873760343563247,0.163377119767086,0.77181085823192,0.202586452148308,0.99988814109609,0.25259375179087
4.65203992989876,0.93733687915134,34.3527279531453,12.4412786257078,0.329422497172606,0.457933359665459,1,0.44999922837158,0.535377476878825,1.1149896511532,0.207018740494312,0.426439594253975,0.361458751152019,0.707508213994028,0.204651112803225,0.597573475815079,0.24170077481924,0.538391203961463,0.237185863007255
3.26849150084273,0.702523202165615,14.2077956767386,5.42423215264672,0.911897797320037,0.066176921618687,1,-0.644272554344944,0.696345154947092,0.958694067180631,0.218958671879949,0.871184632997127,0.284374489936254,0.543926471809813,0.222851861808112,0.719022242374688,0.268992665834738,0.673301242726788,0.244105268616099
5.09853953627456,1.0390560998593,41.9661783443504,16.5957646598729,0.820706659593711,0.180620306810055,1,0.385909672559409,0.617313328601168,0.996090203673319,0.239661768236525,0.219100653818618,0.301040644430572,0.827745853021794,0.225136206883411,0.968381525018642,0.203569496765499,0.821409490181507,0.214532143989073
4.0070255903521,0.712679451991347,10.4047017627972,3.96423816315323,0.86998569713452,0.0697906684257235,1,-0.087669159764121,0.733990367947071,1.04321943066331,0.123462505233495,0.361050998598348,0.220047638758292,0.585227256125417,0.201225885895268,0.814709565346293,0.208551749003808,0.294447049856742,0.264603551261962
4.56519746059863,0.708943649975355,13.436665475685,4.73690668226754,0.920749919713957,0.0460506580118975,1,0.199858615048014,0.743761173420158,0.622676548880337,0.298812707647806,0.567781292993147,0.294527626639262,0.735346368583644,0.198182640976631,0.802968135440177,0.158956278016045,0.748567380291732,0.193652249876139
3.64282552380661,0.610229049135761,10.668385105899,3.80767002885016,0.804469927939042,0.137796416605251,1,0.00287714621363051,0.522207916444,0.703985596575827,0.224474132692239,0.620058505173444,0.188084219666251,0.42782111916363,0.210858759503661,0.353174064070345,0.22545396430919,0.50005626827912,0.240283728562713
3.76283853106335,0.599698191102359,12.3564860280539,4.25401793191989,0.768141060536924,0.163900934132995,1,0.379660927854515,0.527472881566311,0.830018361596194,0.232196622340824,0.592353209069335,0.173853028097729,0.467664243061585,0.194858586473002,0.617140800783444,0.196390932301499,0.694940572198264,0.20294719473635
4.61810145682029,0.939753772444574,26.258099839241,10.1346917378107,0.937483612406155,0.0443761847378374,1,0.0937676291119471,0.823299200731415,0.743453692148479,0.300391178786222,0.308939162525396,0.283130198981647,0.846782129371537,0.228570753677948,0.52300675574105,0.216327134905614,0.846922951766018,0.194255942199314
3.38516027242553,0.789266482791234,27.4083542654649,10.570191284666,0.903305153518142,0.0734962784466348,1,-0.511176157432405,0.759488038725036,0.881777894604204,0.266372803689153,0.885594052045754,0.161039573458986,0.710297380299551,0.195864517080501,0.484494229957064,0.258116790052285,0.925206909125584,0.228083139841961
5.9127289807744,1.19009254163513,24.3320309869641,10.6153068083779,0.903675251555126,0.0757307133517642,1,-0.200116951471205,0.725083242735199,0.604414816648864,0.278012036698795,0.850789028038968,0.226024805592613,0.812923934117492,0.299193761408805,0.797678910038803,0.298121301308836,1.02875519676802,0.1954005202796
2.91909057150674,0.732183365847806,19.6694778891065,8.02806334907067,0.817014381627721,0.186568707444564,1,-0.235675152719805,0.72885304137828,0.619048101428307,0.260788831066836,0.879854576608007,0.266816187171635,0.36086245682948,0.333038328115608,0.439922175147067,0.191081423773814,0.723130074919979,0.194544678505189
4.46605081294444,0.856858476867943,19.0415117318964,7.2684754881504,0.934946948980583,0.0499721081371414,1,0.735039843756821,0.92277753623588,0.774948662279503,0.252405730580198,0.33577307101981,0.304545687857206,0.874538165758484,0.182398512122294,0.440534831947308,0.224487925216385,0.782795901722654,0.181017649525053
2.92861794862157,0.58998920103845,12.1931083844211,4.47143288273655,0.939469987857288,0.0439779650478377,1,0.723875833020058,0.820278921005931,0.581844569776643,0.273344859945718,0.641515945296999,0.191627014343784,0.669675234643174,0.196733451420683,0.606583927577654,0.236657701046691,0.238161451338101,0.269484936210017
4.0964563179091,0.936015327188349,20.6070277127058,9.47203304502341,0.794384447248042,0.152709276274669,1,0.743169240349142,0.583803651840651,0.474278560427892,0.223044665683946,0.717410645064541,0.266065913341228,0.204442724845952,0.323551591321244,0.240558501089826,0.298475064989942,0.404636283519914,0.296481313484445
2.50851400309244,0.442213231881423,6.98751536884401,2.44708865083534,0.920962782999216,0.0431944706936037,1,-0.800077173695351,0.609621485887037,0.652654549121317,0.181095357201194,0.808817706347923,0.169843539151054,0.740638998826532,0.209421967350021,0.446778994942651,0.193747734299558,0.571180113460565,0.208113332760771
3.99109802229131,0.934236950103856,18.8289217017698,8.95713404622316,0.89419371406954,0.0769398469987751,1,-0.678762607983008,0.582755093583964,0.660491154059655,0.183525761461113,0.660398631041695,0.179182657025029,0.471233087956169,0.339233447579886,0.470428701841089,0.326176237539592,0.381995992427569,0.32074475087811
3.9347770558169,0.798694914544983,18.9522795418825,7.48154813297111,-0.0338047329681595,0.250294625068476,1,-0.285228438462653,0.541284083385432,0.485120223071041,0.236130695599015,0.877818311917822,0.159552042128061,0.488294706963174,0.257572989750577,0.614210723415086,0.255547414926798,0.0217038798679425,0.355769405165875
4.05980257885795,0.659885906454004,11.6659526175832,4.01416614601692,0.729785797684248,0.278698260782711,1,0.555334097909844,0.525096912350797,0.439510523573044,0.263936101778136,0.603835599546362,0.241493912176188,0.886473774923569,0.190543567156824,0.980348382084442,0.192820138694685,0.645094772122743,0.212131026740704
3.20633249896004,0.579806423685279,8.08965712471435,3.157329253307,0.873243261481732,0.103157455739065,1,-0.952523604835668,0.661648266464105,0.756127666464029,0.206173302333217,0.89665026270049,0.159983160107583,0.244539946887815,0.219774837041672,0.374567900350858,0.253427054883963,0.101619236575094,0.282186443236443
3.38785730976623,0.542903805208754,10.2580189780177,3.15668355404826,0.838289016783307,0.0925884574014111,1,-0.135625391446061,0.560082680610641,0.825747391359571,0.207404471129815,0.428885911102522,0.20291848624153,0.51093393651819,0.22655169045418,0.714825683160428,0.16897158748263,0.350720214424366,0.207251096933452
3.23303420801525,0.543128529771051,9.39035788645847,3.10812887988979,0.730293527241652,0.231308778267649,1,0.252149791610397,0.542950880805437,0.573502898356437,0.219033022744619,0.296604843345932,0.214127023941248,0.453250150464566,0.211301035977981,0.404245411053795,0.231189930011256,0.299976559492122,0.193208545527881
4.57056830715893,1.04194823150126,29.6203966110194,13.0179005703679,0.240794857630209,0.799767789291042,1,1.43848381931456,0.900015964152446,1.01830321205265,0.141520865644883,0.839368317840134,0.270522655370414,1.1220550780776,0.238267176318438,0.3319843593442,0.304706104816762,1.13594401509754,0.223687335565361
5.15071416590062,0.879228240655327,16.8218488014174,6.18967267258166,0.477790482081679,0.59530187500985,1,0.58414370853942,0.53692632034937,0.23998833616812,0.361694475357539,0.852120062067403,0.222934031162678,0.706534581762804,0.186303673205182,0.841464046217757,0.234720530291894,0.709623303814825,0.243518852085477
4.54014791653848,0.836821079624348,23.3023351029691,8.78074332881961,0.61196998933596,0.510636821842852,1,0.241563363344705,0.493120861833894,0.514508112200766,0.235114797745216,0.838555560602138,0.262296752414613,0.479534032476083,0.257652819831681,0.945218725291372,0.178522959819794,0.943976503529611,0.260326813456643
4.22842786939748,0.766263598798992,14.36393803231,5.50050967371746,0.854847782508957,0.115851386059661,1,0.281217184465774,0.577477201333987,0.733648551601389,0.165241822201047,0.631522550012748,0.213492370482944,0.837018883289024,0.214595969909286,0.94479250609891,0.180982143407725,0.330296319454742,0.250933017073559
3.63983633736971,0.695228040399244,12.3620899186168,4.70958293553117,0.831603644550301,0.174728030779684,1,0.36302087652095,0.549028472400519,0.703331482854933,0.178734787780247,0.962871711168003,0.228255286032915,0.206644043284257,0.342329294035415,0.677819879865881,0.225892090926961,0.525886192778352,0.271816804331792
3.68869774986241,0.718956482328035,12.7028278731842,4.79098088376948,0.833154409988707,0.117678340384591,1,-1.07109577164512,0.549998077984706,0.831740027825089,0.224096565637148,0.503299467030784,0.23317507090762,0.992164717151408,0.225898861023627,0.204062119394453,0.331574348527543,0.736350528331708,0.213051345652507
3.84883417885079,0.716560721319005,12.439123810848,4.89586633629757,0.783002870038916,0.168096556619892,1,0.0457388981547991,0.536884685967889,0.233148564291813,0.243624624022015,0.758897721954819,0.186522583134066,0.869455966600767,0.202120338549586,0.177073927127731,0.319831313343409,0.198582126625067,0.340192609070853
2.80398701461487,0.494691610869651,8.99947520675064,2.88664280974859,0.85897294735845,0.101341658706768,1,-0.164213414300175,0.511661607819531,0.4494970407863,0.252104173031383,0.706920953671886,0.14642071614291,0.328201068809041,0.182568430998652,0.727136151788767,0.215735527145916,0.410673976109862,0.212503064762344
4.05330204141517,0.611645216406658,9.76116826632155,3.38838143516663,0.724173438249434,0.290048265673512,1,0.78624130465061,0.464061368521781,0.538537873964375,0.29563724505399,0.351646473584388,0.224710219113334,0.693934780962834,0.19593619100755,0.17974465145538,0.278170819411991,0.350445643360925,0.251486907864597
3.39111535246082,0.588788681483578,10.0622481962209,3.50957719850304,0.871112143899328,0.0546382194729365,1,-0.303366734838308,0.66850315240956,0.573483282750733,0.24890758900105,0.480001961430363,0.229095164763597,0.424117327708208,0.190320875849608,0.57752889684764,0.200514505720246,0.72498661682877,0.19806105224755
4.25373039360567,0.753887020162255,13.1415032387049,4.85422409288771,0.907687780159692,0.0817041306439132,1,-0.59811954676702,0.836563782620557,0.610631169444223,0.300088385382851,0.578330770637058,0.243351895796329,0.583693631522773,0.220763265336366,0.77192020481208,0.181907762531727,0.743062267597618,0.197271306835353
3.45837459308361,0.505603993377998,8.30828023270635,2.61509734803329,0.646081353540292,0.306692532988037,1,0.482340514096038,0.435334239381401,0.545252920311271,0.222152653384517,0.512044550642497,0.190823313048706,0.701694704323266,0.141420867273233,0.217623869800767,0.262271585785342,0.805084363196752,0.199281080717802
4.36748872965821,0.840935882686067,16.8447775204009,6.52441859626767,0.907868766522152,0.0759071490390682,1,0.210383493178125,0.76007261349389,0.43597752460104,0.245503782983332,0.698266978153158,0.193777908059974,0.652953387840615,0.213325727026574,0.961560273852455,0.239754545423167,0.683568191663903,0.230323081767954
3.38357068422551,0.622867708595428,13.6687239781902,4.9077167811531,0.901109100234202,0.0546184836795271,1,0.511012817542733,0.599421678301565,0.558915876333211,0.19282756757676,0.914933340487579,0.17353313681072,0.969616133981857,0.199746037887729,1.18387916522155,0.230817021199493,0.222114579435556,0.284795286292078
4.91198226765016,0.901005600818153,14.6097281381963,5.88669310114307,0.935386891203206,0.0481117769698329,1,-1.51061383226446,1.19580916867609,1.00797559401377,0.269881542707044,0.68309372308744,0.286649107136949,0.779195804647885,0.296541805627044,0.673706677628749,0.255607727872692,0.881215242681983,0.166001152814693
5.96034829226674,1.15426021954719,18.2004735696638,8.23921779499398,0.943204523614293,0.0321016613101485,1,-0.251097810037284,0.884350427585067,0.851693631476578,0.226250457520631,0.782299749784362,0.267324661722122,0.487319036547303,0.338746075603132,0.899254269248142,0.191226976201397,0.415181044987715,0.314762122961868
4.49304235973525,0.985282077034787,23.7995184863959,10.4157617557796,0.896535131328041,0.0760908158800951,1,-0.172809818599422,0.800528383656263,0.834783699379911,0.306613244548105,1.13682429475909,0.18601451973793,0.653861374878565,0.27553928049319,0.74957336433924,0.204125549484677,0.585082597497227,0.312365837080259
3.67060357750259,0.645417247713386,15.0301877413882,5.07807419424442,0.406863396555348,0.411192555108501,1,0.167774773205313,0.485293343689059,0.416850243525399,0.222365913880589,0.61232799819427,0.156255027223743,0.369795498029471,0.247554909155182,0.507249974960368,0.272907339564257,0.841604025243329,0.182813752380235
4.51533752241416,0.827978456573142,27.394685049271,9.13474269500323,0.244759513620541,0.264199042471632,1,-0.771012981360938,0.764331004690201,0.886075230715408,0.319033915751441,0.875861333494529,0.183728432958816,0.982209905953756,0.157664245402353,0.42027308511969,0.241043822482828,0.657965802666757,0.224447936327397
4.21905056902214,0.852538349790141,21.0070114818361,8.34477424922412,0.88958124605095,0.0918973146948546,1,0.296804843622821,0.665390738660577,0.835939392434561,0.236341283631999,0.552907444136557,0.247166121819023,1.06108270981633,0.215817584728279,-0.10778596791281,0.327888001503695,1.20899951065932,0.227995533984325
3.77388527732005,0.622886890518274,13.5830165666701,4.5088028502625,0.817712279224109,0.16502176796812,1,0.324329971499887,0.70225610842535,0.861977972141298,0.242087942974342,0.434476879174296,0.202031829681621,0.889200599779804,0.135758523336358,0.609318895444657,0.215981042523396,0.383188132581807,0.219401304197306
3.61525739357831,0.722104510791769,16.4184846989194,6.28276264598047,0.684037709105109,0.262101420993838,1,-0.429587998341297,0.493076351258522,0.199552085918678,0.295780223929416,0.549547393229898,0.252965226533751,0.875666290488921,0.173562938841183,0.540472170103041,0.187733807433293,0.906036430719277,0.211840351616345
3.27483289363602,0.710687810629956,18.6744650614961,7.04234160847099,0.870966085194723,0.101088999552819,1,0.016860697534012,0.676426258360643,0.783526199538836,0.1710197042587,0.850191185404815,0.187360582454154,0.638961875755806,0.230778874677112,0.515739907220228,0.263548073631754,0.470208330272664,0.311378893253753
4.28666841015113,0.665982851492244,17.8134604614968,5.55447257741326,0.55681860500947,0.375263573589846,1,0.4898785069377,0.545460670406294,0.223372873078216,0.358567846100505,0.323521749531952,0.310291057021168,0.499436356293082,0.2818257795652,0.972216921106645,0.154648716630812,0.900598404016475,0.155310987562584
4.37938064023001,0.921337969565254,24.5259323666764,9.55988845961232,0.903694748390243,0.0611447404059994,1,-0.183624556047534,0.687226587038916,1.0231215584084,0.157891723777986,0.235981358419501,0.281371985021847,1.01447659551655,0.251097884135677,0.397440798104305,0.296953006279857,0.7655524063532,0.299992076709854
5.56190113465448,1.00130491330153,23.6530238276223,8.79579222344634,0.827205422183222,0.163221200967547,1,0.709430402570122,0.574904107349595,0.885510019870056,0.203185346514195,0.421473709349239,0.287530055639506,0.774415851134994,0.242535211083968,0.637629853858699,0.226535582643305,0.830816268559458,0.199385647371517
3.69060618947466,0.588927792599668,15.9879800250034,4.79279130630996,0.097302646031862,0.240961308776754,1,0.780728703249998,0.384398183900661,0.557703583971955,0.24004660614392,0.898992014787712,0.146345071494336,0.642820628200554,0.271346312556207,0.588790675025888,0.214119539938063,0.964623837254491,0.172343544961202
2.48717823146277,0.50242292332366,9.23141542290284,3.21762339501923,0.914734541356049,0.0558746505213849,1,-0.344278989956446,0.65411494691454,0.615508682671675,0.191765297514194,0.641588371872628,0.209629091223659,0.703969626112637,0.191777067195747,0.348452470427113,0.256451017160292,0.651369695590901,0.211328856965582
3.2101831826161,0.438123401264825,8.7575438528024,2.39974371139135,0.879651228569168,0.0633789706740953,1,-0.101510615340952,0.51025527965397,0.635634989565944,0.163084716327778,0.598703109344392,0.161771796322747,0.783048587201648,0.144251071605119,0.478970949310553,0.184506053961884,0.455274589293434,0.217161240231486
3.63289918966932,0.622199176370396,11.6696477573077,4.09485151355457,0.744598591935898,0.274758154696978,1,0.0150021051190788,0.655054633585971,0.77288311028424,0.218828879531349,0.423826638741918,0.22297048469624,0.57143253684339,0.220489013603383,0.0952402480337907,0.297855068613322,0.501463185393566,0.219308536494972
3.27345691893327,0.615303158271839,8.99890244088317,3.41399736185065,0.890586305447681,0.0686970550741582,1,-1.27928254702605,0.62329415582844,0.512080175122612,0.299996142324277,0.867899074623548,0.233161158007835,0.517101560326805,0.186793369991616,0.635472577203404,0.201430184059727,0.42318422418851,0.22452806122801
3.72139849768028,0.844311670758844,19.7862485958552,8.53014927372207,0.906681232235522,0.0859463121197334,1,0.337725130563709,0.747854394005014,0.813822363744864,0.274153944626156,0.478724726187627,0.231049978040765,1.13235343130623,0.164587733095299,0.472718407273541,0.324570908599446,0.116659318764072,0.412797896634126
3.67643697015602,0.521788275676193,8.1263466430543,2.52804586304304,0.734353469990293,0.21617908067373,1,0.362169817890386,0.511526319748092,0.302097194082697,0.301237843622164,0.694843563146467,0.186460888685951,0.583883092343137,0.144035747997111,0.279000773941805,0.214386184252469,0.728461764865261,0.171424324118542
4.22498432137537,0.831573894019104,20.7285618260319,7.58743326571293,0.663542162495071,0.478703144167314,1,-0.309114163174855,0.570867596055483,0.569924269125415,0.224703084434584,0.753804117767102,0.18975316359852,0.616589904210316,0.279733201567432,0.656309152212183,0.283672660020489,0.0741706497687282,0.361023429397948
3.67124712338124,0.741637029279248,17.5897253225321,7.21169004071026,0.950137598176943,0.0270199732531432,1,0.441293958343487,0.732164416447622,0.680021061020519,0.212610018399793,0.823610953200814,0.156114697723792,0.663636230199642,0.21581380188394,0.675438421541588,0.219116893177222,0.428936335052905,0.247758799753343
4.8609256923193,0.895152572397251,20.0539755116401,7.89771086143411,0.921709205714871,0.0571321790203926,1,0.732252333171519,0.818232574881048,0.613149745887217,0.255761339576499,0.748332021814294,0.334046779788173,0.564257189127772,0.2667011202068,0.695971493964859,0.239316927498798,0.593460606828957,0.200320874955827
4.78337576459236,0.758893730543262,15.3857537424928,5.41871971034244,0.823178897639363,0.147803043003453,1,0.699306557457001,0.583499646798185,0.677942489249283,0.220033490777877,0.717957618707975,0.211393370988669,0.894208009504933,0.218982699811128,0.383454112327571,0.236430214482449,0.820335772597822,0.175131524948946
4.25145082707655,0.733941225687711,12.3426560712294,4.81293031974909,0.955007928996869,0.0260341074412303,1,-0.0241189095939145,0.990148592957467,0.707069318413555,0.324027352175558,0.704767190096146,0.217089302303474,0.863377804201085,0.154799684698458,0.703913120169838,0.183817111584647,0.484108591350124,0.23046601562082
3.47956846837828,0.581784538098553,10.261303859998,3.50312100092679,0.916671848168173,0.048762282306908,1,0.0270118825595119,0.616529647783673,0.702314441900002,0.194539546196154,0.705127155225134,0.185399305836513,0.723420634066916,0.226198141282244,0.635034163228771,0.221970304643203,0.573432415564349,0.206288310296812
4.3753050834214,0.815689466212002,13.0803452415703,4.97578177225594,0.808033762826966,0.163520796773863,1,0.585227334000486,0.617175407569308,0.503711468945038,0.280472408426308,0.515888136187475,0.281508891663128,0.687469169810051,0.211056926885586,0.681315938043594,0.177421207016841,0.84300167392703,0.212563762970785
4.01300406868619,0.766911840993849,14.3217694531668,5.5534701642762,0.613500536392178,0.53667434119258,1,-0.49695713854365,0.601166136145151,0.320309609206543,0.319592172440281,0.820092581328778,0.226131374056226,0.433095871639832,0.218420296389941,0.714042318532013,0.181635381673162,0.560960806267514,0.208386368135665
5.41152470686283,0.913135006300919,23.7089286483864,8.54266282800346,0.905672685017846,0.0622953028649743,1,-0.42342015743419,0.758860967916766,0.852213585412788,0.181029055978073,1.14174606718257,0.145266552279179,0.719248779286149,0.216082842217942,0.437866253268416,0.240087519281533,0.990806757515287,0.24612804519638
4.3805033090769,0.740284144605531,14.4611104248983,5.14139337646604,0.852694281419698,0.135827201480079,1,0.56709304239627,0.68673491273994,0.862078989809,0.247193749337201,0.409586094332843,0.257252812572945,0.848920097016369,0.185236116146355,0.416053903198755,0.23340455559507,0.918366182545289,0.195349593100749
5.41182647563589,1.05178126989471,42.4818194509938,14.7644324286694,0.579851301126646,0.459056727005714,1,-0.635421644127534,0.559810844312131,1.08789733412334,0.25358180019765,0.281051308760131,0.308860989434645,0.617797388344252,0.247833996401678,0.847777918439898,0.168190728343503,1.17360710994105,0.175865075393299
3.94555935739805,0.709080486605758,14.3134249783851,5.1930763387041,0.853075086128392,0.0827937609716379,1,0.516352468915776,0.573669413307314,0.653410319801972,0.258221247605756,0.708603361967879,0.216473520754138,0.579795866451715,0.243487261459806,0.508126922511978,0.223899674304378,0.772891601967235,0.149602278919735
3.69089439218052,0.554424844850754,12.7151227787809,4.07302703586859,0.151131378706443,0.3458566115472,1,0.706648213275756,0.457409497987231,0.656204976028232,0.202064186874122,0.266882979391962,0.221188851488846,0.487254474805971,0.191890596421703,0.849332813941922,0.149207965343458,0.752835526147191,0.179891783383745
4.0572049041529,0.755934808488142,13.4469683241336,5.05585375286076,0.767683282796962,0.258327822995664,1,0.610573648643038,0.664073631373457,0.548760373764553,0.227132761939774,0.581029220767874,0.293123667123765,0.601243382132081,0.250158643932259,0.962615912258236,0.195669582011842,0.61989877533824,0.246401351155889
4.00996354575824,0.667206091811488,11.8980517473789,4.22559041167244,0.858637461555524,0.0986979284105746,1,0.185151223208506,0.660632623329627,0.384804538479811,0.290195149766627,0.902183984377821,0.224759255640577,0.705018786195547,0.20168023823482,0.454570726295788,0.199166492588642,1.19955031658215,0.170231738429075
3.74670515563081,0.587914580185621,10.5334353668105,3.46419894898876,0.771384126408307,0.144108341077122,1,-0.101551711416647,0.487204978203054,0.793913679984906,0.171839780997267,0.465412104178004,0.20201355351753,0.643618337932551,0.194683217053956,0.570653810399999,0.248759678614261,0.757269341257546,0.194383187454046
3.09663873303028,0.567320685505884,10.9432506748395,3.77155600456726,0.855836757939133,0.0928789757030461,1,-1.29745397425638,0.563523352618854,0.538914228710416,0.210361702933574,0.87175241258436,0.173820265096997,0.742062514971396,0.191883141062536,0.24266717340111,0.298161961646584,0.621409112133089,0.184195320989211
3.63862255695733,0.733760263869222,17.1096490118561,6.5191637586345,0.874912070887386,0.098751195488061,1,1.25576671737817,0.569999232853539,0.621059852403193,0.214876207993768,0.688662592290147,0.224063764705231,0.67213476956791,0.25226716563065,0.572507261097475,0.277870433786421,0.796512037614228,0.261243549199265
4.98171201140514,1.23878254748647,30.2863068301699,14.4170660883414,0.930279273913464,0.0470578996915419,1,-0.860421303498871,0.923556695753418,0.756508197819027,0.178857973902767,1.18964536425964,0.227976207117099,0.733964453464444,0.273397178318764,0.873264140834228,0.299961089179351,0.721834716280215,0.270475105919565
5.09557880664627,0.939059895567354,15.9277199793994,6.58945363634877,0.936872858526217,0.047864204434643,1,0.507066560350726,0.889573399364612,0.475069954953357,0.296189595987182,0.820491979617557,0.245044472376602,0.660300238794751,0.213047214735442,0.708636978548075,0.190975493670151,0.734267899915621,0.229074891734952
4.24038060385755,0.694846000109426,11.4563977024367,4.25972070695779,0.887625116207045,0.103438350135984,1,0.515103395734201,0.724957308501802,0.623214088118091,0.279621916409434,0.835138450260017,0.154505853812454,0.561887711465924,0.253485487761891,0.701997360172294,0.187419410266579,0.598984638902068,0.208961765568457
3.79228940233801,0.749696213354824,17.2271583886607,6.52464765137448,0.930145689853754,0.046849384785451,1,-0.240003661973821,1.00310876510082,0.437640646706135,0.274019759014633,0.826065737160106,0.270478018192646,1.06085290847474,0.217222015628719,0.80885934228513,0.156208242575705,0.510921938519381,0.239227605134721
4.95588559808549,0.873866960417541,20.815689045437,7.67112223175971,0.889924212659595,0.0792608665186577,1,1.01314200726311,0.704222825241974,0.905252564846998,0.216611816908117,0.500976884029683,0.226205335536972,0.864589049613096,0.216664878212905,0.851310227846466,0.20093400687995,0.91820311560055,0.162224519864345
4.72912230419175,0.708435390090521,19.5159592382182,5.82107212393972,0.587495079207478,0.414109768767808,1,0.431471140765713,0.634318353908599,0.698165704206312,0.304688917162215,0.961544211112789,0.167725889401412,0.722031738619759,0.203222143643725,0.832343144155476,0.174833498741465,0.596531196912561,0.182344683922596
3.33134255038063,0.515537730558932,10.5136658142415,3.44489652075496,0.815802264515044,0.133480537442478,1,1.08001935260047,0.44825818285828,0.312954097466956,0.233878380141755,0.676575376555161,0.167279044514198,0.474432412822348,0.219919520170578,0.50618801322729,0.182110423789993,0.467171399822123,0.226227595297708
3.26827551281202,0.517080801801995,11.530967008387,3.49883642190894,0.242291415873369,0.314675017792962,1,0.86671652495442,0.502665921966643,0.44327404602876,0.222784233631889,0.714190903349468,0.182450683061997,0.428188541673221,0.183560350865265,0.851861978478679,0.129684890438993,0.606274719620964,0.203524203692748
5.42268087401551,0.925260386186877,19.1245879366311,6.9862596323477,0.865751858821182,0.130338477551579,1,0.612454785954615,0.752334638505595,0.8908857466289,0.167558200905094,0.99828188261723,0.207402023014108,0.742482202501516,0.206379027844409,0.966637563275753,0.220082784837684,0.909837991788378,0.202045455232063
3.68101512419568,0.597446896388064,13.0768334175484,4.17219159987355,0.821459995474261,0.10645319572636,1,-0.421133617869267,0.476946988382766,0.610545548296424,0.201835910056099,0.611809926069226,0.163842493500835,0.396577884912377,0.193958789455202,0.536607452656608,0.183632003702218,0.518894554297792,0.195791458141592
3.93368447643811,0.797182065983473,20.2452109658004,7.57578527407646,0.889862264614673,0.0965607513645654,1,0.397512755273401,0.622887180416983,0.71895816106214,0.253420984972011,0.758187832976295,0.226121737691779,0.550967228774727,0.219780804791453,0.812782687191077,0.217167642473453,1.1337055547018,0.214427527261364
3.47964495008944,0.714727065014468,11.4388929423226,4.54775839017185,0.930852128040996,0.0423722215325544,1,-1.55148325221286,0.799506202108235,1.07017592094738,0.182012369102083,0.74252007486258,0.209001099441409,0.644069205541351,0.21975611382277,0.930716535516425,0.200233154969435,0.660816736083323,0.283694194623926
4.88010395774234,0.877638517939539,16.3519592087992,6.12099546286096,0.913615372150128,0.0639385347369274,1,0.0180870985953213,0.679798579361603,0.89917452026467,0.19528105123704,0.616820509201818,0.262974616936996,0.450913736694538,0.259513883026416,0.61046905838333,0.241940742363139,0.817891975891123,0.238407326189979
3.76932998673067,0.691887958767391,9.52708630450501,3.67183030141175,0.889692148895719,0.100257472514294,1,0.0310654748403894,0.532884575149662,0.605358160863556,0.260663022479851,0.396023187292519,0.304318937207358,0.617107542822916,0.22824436289227,0.697208089456578,0.192179032916368,0.0405517015637054,0.317915575951841
4.41171037060834,0.864314388063646,21.8290897027877,8.65446988760396,0.880030787015503,0.106918775856554,1,-0.615135355019762,0.80466101021443,0.623327449259138,0.26141832469813,0.932861500628909,0.2277319049748,0.452366061592844,0.34314036429826,0.451420815544294,0.332844304366968,1.28615353527499,0.155774171029958
3.80151149121824,0.6767065001643,16.0322006301946,5.38391280709276,0.912274741084149,0.0438547962296524,1,0.203769100305541,0.565361282575056,0.601716031071058,0.241004697566885,0.587273685896083,0.21552935721016,0.570630738451198,0.16611281734014,0.929699908451455,0.176872095234677,0.453815753992235,0.232524726361153
3.34521113970595,0.618651918155814,14.307691762878,5.28301646416549,0.947982911548607,0.034982858251557,1,-0.0911202625550575,0.801431596056919,0.762502520431476,0.155284077933432,0.893715290733933,0.209645413047657,0.754039724990762,0.210675928602095,0.901196568156624,0.180752365313151,0.72465617089365,0.215447987381824
4.18145238667972,0.634591490960249,12.330356943264,4.49285231928024,0.917054614140274,0.044665654572183,1,-0.513808440362191,0.628190333613927,0.48960807887695,0.275917562340331,0.777219060382777,0.181287895340208,0.973222605523922,0.164789551045579,0.468460490341578,0.22244478810583,0.630386451530246,0.233874850096492
4.19370163241728,0.813827130084737,18.2123146985471,7.16863026432399,0.949660136207645,0.0379665865955619,1,-0.0428400007920607,0.895546319388174,1.14854234274995,0.268879904452254,0.744952513051569,0.232954640885628,0.992049990268786,0.166829194600671,0.941907910558605,0.238486421791709,0.902579866765539,0.293194936464515
4.27606351653582,0.933781164444353,19.1568685132071,8.72193379237794,0.524563554811542,0.614138862078221,1,-0.221905260988788,0.58354882634135,0.703896960624202,0.225953104397864,0.645077118586155,0.175334268005243,0.213318954824215,0.420623321520912,0.594672318148444,0.308185042905104,0.317442742557959,0.278235065900911
5.15052685373055,0.954519882988543,26.743174560614,10.1670258546646,0.933203020323986,0.0466210402416039,1,-1.35167196204873,1.28462993593326,1.28334611993134,0.296717987494506,0.599791516488608,0.295404036648422,0.884244505785497,0.181389950753664,0.596545179492408,0.266689906568523,0.800035757272843,0.197489375532308
4.6034545054203,0.792256014728381,15.5603786971321,5.62474190782616,0.905935453401388,0.0620164389217886,1,-0.596428549156188,0.627426846290229,0.714989754404103,0.265504601985174,0.935474942996646,0.168985272011325,0.522023026015904,0.267337074657166,0.775701044294429,0.218057747552224,0.416886561562001,0.223054462640426
4.53644921808208,0.844103774785514,16.3031087530292,6.07203798920017,0.499542438553946,0.577366375707186,1,0.36769011663809,0.603454863141819,0.717511174315745,0.227869425135199,0.561805155346194,0.286527977553024,0.359310111644973,0.269831904402044,0.815893923495827,0.187701800105082,0.702975474076377,0.243527458025259
4.61152962269318,1.01760491958512,25.5300348197669,10.9929207874895,0.948540811580724,0.0291416974166657,1,0.521528998857253,0.897801040531452,0.620548171279651,0.190959265165972,0.866191356258747,0.267372734526471,0.959692559571244,0.230122740577086,0.00516410185256018,0.400818742050475,1.11428701427149,0.229812040369896
4.93261027892293,1.0151493740041,32.0192408116027,13.4748197587186,0.951328449835277,0.029764716995646,1,1.51164432708562,0.732194171142389,1.00391835111322,0.175439850579052,0.849388300675201,0.206109408922469,0.607549775585848,0.241660617143656,0.934716650296498,0.270608557563552,1.06297354306574,0.263557118850255
4.31158700507161,0.876239251827467,29.3087184844832,10.9678205135623,0.874249872497593,0.0946883842454431,1,0.443316783038552,0.619397339670601,0.472028675126419,0.21776803549643,0.322208528759319,0.372499549533609,0.562347861928533,0.225877819387713,1.01626519143522,0.173369186792448,0.744194385484929,0.21947381716991
3.90547852414616,0.896425821048707,27.8776689622741,11.0203947384096,0.848680672345907,0.115726580873199,1,-0.978506925284114,0.591763991172045,1.07941734800267,0.198934005399766,0.773815943237661,0.222238058996787,0.579655534961633,0.213344032849366,0.341625053362844,0.276708698498537,0.457824221916954,0.269269405921464
5.41717567724946,0.957405259381552,21.2728642362497,7.94642879066317,0.539924854562632,0.496836679707447,1,0.0939455678609833,0.663617906306207,0.209584806547404,0.267175221858991,0.327818916343906,0.325889516695674,0.724209544415854,0.194881246336756,0.686858043230847,0.188178172957939,0.78434900620457,0.226427439098743
3.74020835543732,0.618547609637755,14.195748451925,4.66773772093271,0.929647511141679,0.0494753783867596,1,-0.299918435205258,0.682673485059306,0.899930191724965,0.261034362637852,0.239772244111271,0.281324944487284,0.821412730928509,0.190414135052005,0.626850771886726,0.199335960097425,0.807852333443637,0.18648158365827
2.84355193721936,0.504648718694789,7.58343621219393,2.6713889653933,0.912168079317281,0.040178825181385,1,-0.855656100058488,0.559818764706313,0.793521093655344,0.169732997906549,0.326445212255846,0.225662638550974,0.746024982968066,0.155097364861923,0.3323573977814,0.229540748274562,0.5408474949238,0.208769026355297
3.80129392431934,0.635823171508242,17.2334900499121,5.71620523754368,0.871021315240837,0.0688563295090714,1,0.470963320208187,0.583302407369339,0.520554517853081,0.243164975476351,0.897769471460802,0.177270141208777,0.461057963900864,0.247706774403491,0.813915244453414,0.234780020518103,0.870214258808648,0.197146190326043
3.84660561574148,0.723813607559895,14.5634769926985,5.39641929934597,0.925942679073211,0.043717436871528,1,-0.139021831359836,0.76455724130292,0.527134390953064,0.225109601645114,0.705181356291921,0.176778989763429,0.689285207281054,0.250111784923769,0.746299044060092,0.19216899150259,0.688496409248768,0.246694039984061
4.48536813890108,0.680952273638909,15.6658049551298,5.10320784410545,0.693011735791798,0.446275506761144,1,0.740952555454718,0.594744950081527,1.04879897914197,0.225535375650775,0.220890483527922,0.312396816663867,0.681521139572552,0.208509314793154,0.654501458700023,0.171908732952117,0.90258700482617,0.209032497243862
4.27059776418412,1.05088780736644,36.3248529472775,16.1278112263003,0.923367234104793,0.0573481203522729,1,0.253268258407045,0.836883345849556,0.645704830062541,0.339747425414004,0.769372004801036,0.223584394356814,0.829778570532116,0.179204820232662,0.635429536829116,0.219879677032283,1.03893923233911,0.250015773851852
4.02269853452962,0.81104149888757,23.5401588613818,8.78650527258213,0.865847562135468,0.0970323274146284,1,0.30210699910014,0.682552822161795,0.599526517369551,0.284019532911762,0.536882218330507,0.20915781212761,0.997614490233552,0.225664524302283,0.955250080733393,0.179862054085809,0.974064451722956,0.182869174806726
4.05211174782389,0.652939484089529,12.4655904765602,4.50421556005906,0.945847799467629,0.0292157726962403,1,-1.00988024919502,0.928677446018781,0.810306886966118,0.31639946815772,0.760700158546884,0.215625883391853,0.743848213416285,0.182627412614576,0.910556559232817,0.15162139370807,0.871394765020679,0.181417284116189
3.56982156428993,0.654585792651949,12.9574141964664,4.64845423605435,0.910149072983742,0.0639000664216972,1,0.249436160865325,0.726351047515762,0.822557184012395,0.187112940521337,0.0575721278708526,0.312331226664105,0.996610988954124,0.156889965930064,0.741787424639909,0.203725779252694,0.174929653018093,0.262479100721893
5.35067744565071,0.922245571751723,19.8311745585107,7.34132630270158,0.923388861009999,0.0407432354604502,1,0.908965191009791,0.675636624583345,0.531553873488465,0.264614596359295,0.968908112764062,0.217165373454124,0.722831404815516,0.185889557031983,0.849846913416469,0.184881803286896,0.807152347213646,0.231416594786977
4.8993715139767,0.722454921258169,15.3138949464218,4.81075673836461,0.545045163045173,0.515468813516096,1,0.382342208717712,0.700266674058981,0.92275687062395,0.202810292258799,0.578619349509011,0.277335465892363,0.690461178298981,0.215285255555246,0.599799478238202,0.213225505141537,0.740520901411063,0.200264423267558
3.64215404506504,0.605676466989836,8.94059428779711,3.25396089941199,0.946771148048555,0.0294404360359808,1,0.589796861438452,0.781339217709592,0.616224047652911,0.294625135841012,0.793713086097364,0.168559046999193,0.624554520276051,0.206722573470146,0.766586120543737,0.189792051190598,0.646510398723537,0.259029865938377
3.28296095813632,0.657629887957835,12.591199503389,4.91289543059599,0.896435207183869,0.108541145642418,1,-0.577170831968518,0.869643519894383,0.712843319043694,0.281366465026515,0.191041883160081,0.273475088346051,0.891357663783685,0.171409099513939,0.75726996557293,0.196058293216385,0.196558392109245,0.282966254755253
2.81969151560419,0.70363711678717,18.669449622764,7.67644645215584,0.925633403935419,0.0608752835955445,1,-0.941767578784049,0.889949698760699,0.902191727371176,0.2491900412402,0.591667289378318,0.270327158600444,0.854526176958204,0.242129820104586,0.675479176382188,0.255896515915374,0.743642898903416,0.214235833921757
5.66527099438326,1.05925891415883,18.9080041851888,7.55027804762629,0.830790869384566,0.152995111976126,1,0.126600889821999,0.737015387223171,0.477126572038413,0.429112572107311,1.0809612078555,0.265275938303338,0.757730504119392,0.19510897705713,0.817475719765007,0.19239656180088,0.983889018867203,0.203033310908883
4.79928946961035,0.97898025593947,29.2855392444735,11.5634959872749,0.921856919948013,0.0385672175643744,1,0.501561473654778,0.660984466694872,0.476070969871662,0.25265831482549,0.879704656290346,0.238729169173029,1.08640392923944,0.200728037532344,0.8338945973865,0.201058753872982,0.888397795980938,0.237625269183209
3.57078673135048,0.795084177089173,17.4120312086435,7.22670418564679,0.904255454119171,0.055924628385263,1,-0.536913930481377,0.731705004056367,0.474849738372423,0.382254227915237,0.928386682617743,0.216136728684861,0.816130262016469,0.18552149874855,0.686081738135275,0.218225685222918,0.580004279847819,0.225075016109046
4.27906599757031,0.664192250315243,9.39914059126045,3.25947183200759,0.393599240441771,0.409376216042943,1,0.335447660841457,0.496101236619556,0.394602834828745,0.207288943636622,0.652359593280025,0.130583833654213,0.732054827108173,0.160840122783832,0.689919891930237,0.25865145668212,0.660741019312742,0.263138172121268
3.43047901809236,0.736871048614378,15.1464148876127,5.98615682286186,0.719771998250267,0.221220830891684,1,-1.40749211523015,0.693611936707021,0.887633973867839,0.235220963258438,0.409262142826883,0.198909847598556,0.67632853682712,0.197873464248632,0.77038083397743,0.263706532782835,0.530265085007217,0.219045025561467
3.56197486226374,0.569397512709017,11.3129883651771,3.60087768961921,0.514111117872048,0.341497209959767,1,0.777729288408085,0.464881494708228,0.655823189375525,0.175509508517848,0.7286282278393,0.19851883292348,0.496156312963379,0.205899973990066,0.506730940271841,0.216103285706403,0.814249363158284,0.172830136462507
4.226242484872,0.883058679328667,14.8206522994969,6.55957785326664,0.891868654581202,0.0602154130967922,1,-0.131097627786157,0.610051462833547,0.693339540232421,0.20349404657256,0.61882017274035,0.257336681997516,0.0147964564985553,0.346467420731434,0.559567945688118,0.273362073252716,0.754243591545489,0.24596775666218
3.34613919453258,0.734552378980685,15.4377560588655,6.15941182187746,0.770105937708214,0.182685800041816,1,-0.092847090845018,0.599296034103697,0.00474020292432831,0.3004716454813,0.694616778382121,0.222038764528227,0.539004907568573,0.22951215722076,0.679169691587764,0.159896668742431,0.346572191348539,0.310006191340374
3.52926550643831,0.669435608544056,14.8856279581829,5.64580567973298,0.7561129370208,0.258289450903444,1,0.27513693073052,0.575601823923936,0.308142955994008,0.365213974561682,0.711470668131686,0.254594779084778,0.472902373897485,0.238249860361761,0.674517102818236,0.233325676428161,0.373405462431068,0.224694762478215
3.91896075538665,0.563253829315808,11.5755037171419,3.6744026413976,0.714095364915774,0.382445109897333,1,1.22914218471369,0.448583218751347,0.080174910419995,0.340786166659129,0.518313601004394,0.23456281335383,0.716002067736581,0.189485487925958,0.592928184461631,0.193762285888933,0.837370411219781,0.140177574828108
4.24168223210201,0.872541553233433,24.2911415478904,9.19099311642749,0.675668210181379,0.354322485326324,1,-0.85797251457109,0.525009883110137,0.974517464199878,0.19120437434715,0.773843427137309,0.201642969147846,0.688557301084511,0.282473626144856,0.824708123122417,0.211893761361321,0.822684971665243,0.269613939360312
5.30816510888244,1.09990686950967,22.8766999048399,10.1581119861365,0.947668514504142,0.0329723670470448,1,0.842950095118916,0.857688660899025,0.348946963746502,0.440649571891826,0.45620663658231,0.323747267214217,0.674793736022943,0.289166325087506,1.1335588334256,0.217078098555684,0.732923579161393,0.227296374555019
3.31328240174337,0.615512910377554,8.56547931240897,3.37144443750854,0.848613661381444,0.098256213651453,1,-0.261576882548343,0.597784800758502,0.533601407692858,0.206741609234201,0.339834102237267,0.137883841752692,0.521196763953484,0.218496633404086,0.675399467767672,0.223999744660736,0.598879374756121,0.255140038325975
3.58245338762397,0.690025997385296,18.7760393595514,6.71692002983382,0.844604633498839,0.11356432104105,1,1.05756851884035,0.528734253940535,0.626675962359924,0.290386469182777,0.798919741697167,0.190403288459853,0.693877254788466,0.186823591948787,0.875909858529825,0.21426243597478,0.163269289161927,0.289934679620672
3.96411149091521,0.7734210707744,20.740381022733,7.99940142579595,0.555029440982708,0.728323920815531,1,0.726040860785075,0.495216630238342,-0.148566084210839,0.383437325426073,0.76255467832744,0.221811562683114,0.440268750593375,0.275803528207682,0.783214344706127,0.214566899042025,0.679557411659929,0.224005778841913
3.36100649327574,0.570699749347157,11.5072276309666,3.81477221053935,0.728807957970002,0.195475171269231,1,-0.583127121101616,0.485407636089192,1.01219476801117,0.163470881391679,0.694696830199378,0.158117686228271,0.612218741829256,0.205490536720347,0.513392520547844,0.224361009326314,0.589563834243422,0.263533397380404
4.04043832752391,0.662848303658049,12.4213079685683,4.49474595451897,0.913451181124018,0.0630409804061596,1,0.24790295236918,0.597247556233111,1.0044319034929,0.172579434905797,0.794232199975922,0.209564706562701,0.898527565723445,0.216469446240559,0.772545143827708,0.21561078565642,0.743378555875466,0.254402363509533
3.76135748806737,0.696792570902607,20.942939388399,7.281247047013,0.884339724563379,0.0711621131251428,1,-0.153964277618541,0.657525475467812,1.08095516798487,0.252213890340877,0.690780026491378,0.175487204690504,0.770792816435346,0.176278178176345,0.706874838597544,0.184980364121111,0.799258666957987,0.250927342689799
3.17996195343234,0.6573960693374,18.1591995281541,6.59865954018294,0.90275708776228,0.0555573512432867,1,-0.615776071982023,0.634249398958598,0.859842208386672,0.242719164999525,0.452709084674476,0.183719648400139,0.586231654499931,0.162544783398698,0.439537093213488,0.285460490264888,0.808460230650996,0.249967068256007
6.36006943892328,1.36269613348886,29.2548693950358,13.5281676959073,0.885041582403419,0.0951729614875155,1,-0.100016029979452,1.00721132437022,0.528483364645448,0.428342314050437,0.93969445226,0.290520562883907,0.753942162609876,0.333322651760044,0.462434247790131,0.374049345653452,0.922882303642212,0.213353326177984
4.14111920976321,0.688654614764137,14.2329160330217,5.05511900880564,0.952478775058981,0.0232784252619836,1,-0.798790369724426,0.986427527749141,1.22458459666315,0.225787602107011,0.718503765009937,0.219946697063423,0.926801096909085,0.198999345853244,0.963153905600908,0.193537394836241,0.528020663533458,0.256703879629433
3.16719546491159,0.651160843684301,12.3933369882646,4.55600262937954,0.926159955181924,0.0581757768889158,1,-0.113550941846732,0.789872538096982,0.198404474323592,0.352990716347011,1.03131268075206,0.183508084988985,0.680655553408658,0.182185911898999,0.793096535289692,0.194445820064332,0.832524951073376,0.259538373760017
3.01601328150783,0.480168183903103,7.53486188670473,2.35506495162396,0.796067988163028,0.186450863509516,1,-0.260670582776213,0.494405640701658,0.738229074402632,0.173292336389108,0.488522624560427,0.186254702944605,0.571369757001059,0.166870948871783,0.367211063542531,0.203627338650288,0.633933588296895,0.175390327065022
3.45263258027895,0.565132142090444,11.3767601671612,3.67605435277216,0.886377161254194,0.0720525962003273,1,0.441862656487671,0.541782692674603,0.634030366322611,0.254617922114901,0.942617287098856,0.167482033349055,0.779066536262559,0.184292464188778,0.56764368467704,0.170840294673862,0.68829830299919,0.1780836082925
4.32390180410088,0.889389461681917,15.823132368878,6.34401901584783,0.948499479806384,0.0357896355908784,1,-0.830217297425474,0.938097517457265,1.17192236919724,0.180431515795736,0.618088584390692,0.21852760605176,0.822323732950588,0.197017298263691,0.820752358465944,0.207795212886033,0.751593791069512,0.243389489345551
4.59320590672769,0.815977332716937,14.526741517515,5.60309620776851,0.951269636955791,0.0272870409185444,1,-0.112268221492856,0.933597318629591,0.773456813259485,0.307567122154429,0.470947493156926,0.239436309128403,0.766717054441046,0.1794227901585,0.696658470249634,0.278046137325884,0.90302094513265,0.171955749421126
4.89555725124601,1.03581709303232,25.922349135463,11.2647044627226,0.855718572682435,0.126113238523853,1,0.46463228991599,0.781995433849464,0.832927545653107,0.255997889515028,0.657834588014825,0.301678849784858,0.811849488004047,0.233550191237792,0.643429981294928,0.24530918530673,0.216274805498294,0.33032165252524
4.17879269955603,0.758753468273141,18.9624298403082,7.13349855903465,0.770236018647708,0.232259257857024,1,0.842243423068723,0.533037499467182,0.477458375431767,0.218564140332496,0.545027142798725,0.197934266064901,0.90691109350367,0.182847428262865,0.389975356181518,0.283750131378855,0.801094254179445,0.242815146837245
4.25393599568158,0.915375993819066,29.8254851686801,11.7084998764599,0.916754555868584,0.076893381667382,1,1.14667328876096,0.668373439435104,0.806445587398567,0.220876554138581,0.926017709814783,0.337959765943401,0.94900622885663,0.263972561116542,0.74151461589501,0.213865658546755,1.03730694597336,0.230150506890049
5.9730894166424,0.933280118429347,28.5436811498258,10.0480289915887,0.868768402150503,0.101463759377009,1,0.146622920471397,0.692118687802982,0.532933741144838,0.364656982940392,0.830453173495272,0.278265321282897,1.00450659022149,0.203813443510888,0.608577588385031,0.200763826327583,0.948220290646024,0.140995041924717
3.08958872498318,0.546419658417124,11.3643289412759,3.75493025927316,0.904122382941442,0.0540055631809334,1,-0.0301518890510603,0.674446302422348,0.920089210565553,0.161072436589521,0.877247283005277,0.243646548512808,0.585575139869832,0.204098149825212,0.840984647104543,0.156692660829421,0.681652536436265,0.200307091678303
2.63866246583417,0.55220241763865,10.3466293217581,3.93698581084871,0.866526409268023,0.108551956875038,1,-0.368828872452188,0.595116080640268,0.594057664571085,0.246915654353495,0.344794181409152,0.264716334622703,0.554297088421544,0.224021627975592,0.408764358433899,0.184706243724951,0.932510624889727,0.171006637382964
3.80132765099206,0.664035840226093,13.488766828074,4.9291084007388,0.941142435247546,0.0295050271440608,1,-0.262055261925339,0.774327646882492,0.403956469388156,0.269143626674722,0.723189656716494,0.199120758548072,0.598197529670185,0.194995723807726,0.636355185050762,0.162144436488497,0.489283249346093,0.220453820678661
3.32008829807239,0.62921581004739,14.8973095019651,5.37406290579584,0.8663717491251,0.0685923441322403,1,-0.125828293667285,0.712136852147971,0.371913157320733,0.26873853909221,0.63735348626947,0.21804712203345,0.107398756552602,0.297363899806565,0.581017703879585,0.220342484910879,0.549206108798959,0.199200327108753
2.82738399322673,0.461935440960267,9.10333567525013,2.78259159602481,0.744391200756952,0.180103960285699,1,-0.191203655582846,0.478816355460588,0.271525234352223,0.258051261658693,0.546694326599189,0.163573531929542,0.627031535110762,0.151086545186633,0.54828533798685,0.156659226009367,0.653598832423833,0.189543589611701
5.20833564955504,0.95857053232861,26.4040152098827,9.9414500282841,0.975875882769105,0.0147883183668522,1,2.35346429042909,1.18925449125966,0.772055780800501,0.248071118292389,1.11092066956537,0.216256929032862,0.726620417148047,0.293220929357631,1.23985860020775,0.183708101776658,0.870628517946161,0.19767472777002
4.24606474065599,0.710664343189358,15.2103465523211,5.39582198393379,0.779981172540441,0.245349499746419,1,0.0618275067550186,0.538015245713922,0.810494885756529,0.177840199336991,0.410917554261147,0.232328958845075,0.535469465539481,0.22475837236891,0.70048377508539,0.213447164974035,0.622281508986349,0.254973476545482
4.10073030361439,0.731064973729652,15.6887168260518,5.78228078643299,0.872295635823639,0.0906814262479804,1,-0.343158253263506,0.640271859186107,0.665589717468872,0.190885492412898,0.80004106215395,0.229827222651426,0.864333180660861,0.221129238074005,0.529706711921518,0.250820066778375,0.590676563102692,0.202753094871512
4.10079135029305,0.620778504081293,8.14398028584687,2.99796775236239,0.948813578871993,0.0176230533823467,1,0.0350990042338045,0.717706644569439,0.54605610820872,0.232574087535981,0.63264663714879,0.213018192770957,0.628867696473827,0.189920205215599,0.970981193686433,0.16857874877577,0.828422455564365,0.187400140614274
3.27735737588711,0.542526906628519,9.48633992909117,3.12394548536141,0.8912184237309,0.0676832871713577,1,-0.571807203521814,0.626258560574924,0.813261285308629,0.225812121889783,0.38420988731257,0.216589029492997,0.567274149732189,0.198411655657003,0.854533034861641,0.167252868788333,0.67945285726405,0.190823687257537
4.3846105755327,0.749848833361359,11.4029886697398,4.68081062699446,0.955194448247088,0.0208581764937398,1,-0.0486217660294745,0.799611501128264,0.72711741073034,0.223673285166834,0.732814963365669,0.157002413014834,0.852487718061862,0.226285638956621,0.796031470466724,0.193515938237582,0.617724550945584,0.25592796492339
4.07950685147191,0.670703745614148,9.38164513751274,3.33179006231109,0.565275509108744,0.548933085751512,1,-0.9278215639868,0.635129957426416,0.263950532956108,0.378354161866952,1.01239914206131,0.191951388234315,0.544180715092975,0.181018797460053,0.535225444917186,0.162333678552317,0.405981289330109,0.25439395606654
3.85262715154727,0.780597863527308,21.2605597940257,8.07981755190425,0.825515137263028,0.156665546517754,1,-0.321381457971038,0.576655243430941,0.642933143584096,0.287806905418828,0.328100818742507,0.264683569990094,0.820629595638132,0.159362521308514,0.642398371311975,0.224190306110564,0.789318970592273,0.263303976609914
4.23469722049622,0.933001879537471,11.8404024917526,5.74465587271318,0.975951174278648,0.0136490457557135,1,1.14920424249781,1.09980443541888,0.475267700937183,0.308852039080663,0.565753888565274,0.288062421595313,1.09630072818423,0.206783409701536,0.783141849992523,0.194304907711253,0.786940210047767,0.245185298812792
3.92974216335545,0.688852823213886,15.6586628293675,5.30115180552558,0.878405067474857,0.105116159995806,1,0.519153513444016,0.564931385637029,0.522487296715651,0.209990039154008,0.86771597818541,0.198431302569901,0.758920574576331,0.232656892508898,0.898472812314826,0.163055505672842,0.458925838724886,0.23255983780677
4.86518148139865,1.06185196408502,23.2443134574487,10.3317237452374,0.891450600308721,0.0513569584528821,1,0.542791851051147,0.814497996662342,0.713476150042037,0.259266786573854,0.702392348690802,0.318536800184338,0.990690034970939,0.228705875124802,0.7028489802059,0.301991233011001,0.601132938959408,0.289336115533622
5.1276252432482,0.858476993412679,13.7771805253974,5.50949252399095,0.944898241315822,0.0414888296684053,1,-0.14251940294773,0.869862693478196,0.836168320736278,0.23682240854007,0.777323112546391,0.23496218111627,0.948884322220349,0.228198434476202,0.545899730537463,0.296990780919761,0.904520642429852,0.217830952564051
2.68312377899279,0.548333243587287,10.2636976677492,3.94431516167591,0.896047888245761,0.0598972646703845,1,-0.886146633844816,0.574575460005153,0.706058971492137,0.123523808214096,0.372292280282831,0.242570694714517,0.54020298875354,0.225837186450725,0.463257862468684,0.247174957312517,0.159509465309681,0.294084389972365
4.79073711707535,0.624314956007728,11.7573791080615,4.06841644724552,0.91895438493144,0.0505532566337333,1,-0.198385031373523,0.640572292785018,0.992230955099006,0.172438497434595,0.831396962805102,0.205334671476341,0.795724741990073,0.171210704269881,0.822575175159676,0.15578188301846,0.614063118512616,0.220654026532634
5.78196153690946,0.941992034725538,22.5097678661578,8.6787670878338,0.950345289033478,0.0352193603830921,1,1.51154591043511,0.889089761076037,0.732569924558943,0.308581216235535,1.09411835607861,0.223246048044521,0.546407550491717,0.298151424851608,1.06784886464521,0.154937404605601,0.923101285323818,0.168173714458812
4.57422687795198,0.843420308732523,25.4373203765256,9.22265777414746,0.859226605544438,0.114567235831292,1,-0.75613725898051,0.625690920136223,0.891437096816926,0.188549919036943,0.943877951284966,0.212407728268036,0.70083494900902,0.150265324325229,0.86919277905689,0.19446216562813,0.318108645170004,0.32935395858999
4.23706489705585,0.837949472595288,23.1130940427832,9.12269671111251,0.934777295872176,0.0497021915776836,1,0.956345335258183,0.910315442909938,0.768076969036978,0.175966407041615,0.540520522759844,0.328063373864418,0.853405237459191,0.188276678458642,0.598154325799001,0.223279827527008,0.66201928064801,0.263650390463161
4.37347611831888,0.834113455975819,17.7729952652149,7.17932293667529,0.931013213564929,0.0397799447778485,1,-0.347893101990923,0.712678971061935,0.7411467586712,0.255418062748159,0.769084803442407,0.194118602023479,1.01545211696253,0.134817610641046,0.959436103842704,0.219024692317365,0.424161034238373,0.360739630687682
3.59018868982524,0.648804136283017,12.7915095532535,4.73423639892885,0.89292119753315,0.0623728876952792,1,0.0195544372128423,0.639720440785224,0.837440452739623,0.175573905322365,0.394988447113911,0.203540005277231,0.951008065367178,0.1944528197714,0.532404852257552,0.265679822793802,0.727462835229596,0.188337447819636
4.15031164856999,0.793122623153043,16.4748273964873,6.43470191726946,0.886112236912047,0.0627256051787827,1,1.60308869341755,0.692430956473635,0.572130729337604,0.199287192116941,0.590428106867084,0.301242264379407,0.687763029239487,0.218780420590738,0.580240503700605,0.226059396717993,0.933538553575642,0.209213489832539
4.58274498195963,0.752090141096197,15.3221330036031,5.23370437460986,0.789148458883116,0.190870877846062,1,0.37311514722577,0.574847179001168,0.874620954059128,0.196741121904749,0.523664333269131,0.308489177270225,0.4459393830148,0.26270892742782,0.950044075973168,0.194246590560016,0.919371401602881,0.19260179145876
4.282363365678,0.864339055814262,19.601842920738,7.77289286787336,0.922094170074548,0.0468614571843555,1,0.480719797515892,0.59023662739806,0.805653715622159,0.234395652468543,0.848822564960293,0.231491330884334,0.501143298413362,0.251143000124764,0.840267034021428,0.295890853908561,0.688456877685285,0.238716253472239
4.75238661207307,0.906773304861691,20.6473336598137,8.35567538045299,0.929699391980602,0.056498099650446,1,1.13211357116479,0.84778762289,1.07440078370368,0.222061212240827,0.507294946468051,0.29852127097519,0.639009651605647,0.230106177839623,0.804279286380985,0.246787062175496,0.954810681748851,0.212391264678891
8.07358691861385,1.66275273506692,44.4250457750011,20.406600921529,0.967451412263139,0.0267259280967967,1,0.932468592269736,1.34445800052577,0.311027382890332,0.489084820849177,1.11581690571511,0.284853983107892,1.17242621791826,0.301775091730479,1.418551248137,0.202088665126187,1.19984374854414,0.177680404413904
3.92005166336267,0.783533908169605,21.3867485569256,8.11166034779312,0.89775949503159,0.0736918745795959,1,-1.03294465980299,0.631566363072342,0.635651001054718,0.181247584646633,0.826753077956409,0.209508862102149,0.85112584367335,0.231966356693659,0.423114006424,0.302436840996857,0.76588550186301,0.231519099205999
3.14705650366276,0.556626216519308,8.30725242918706,3.26741307461403,0.944132047397288,0.0350211132933917,1,-0.106050766242532,0.756931930511142,0.823779241582629,0.217643288392565,0.553792309662596,0.200604336786481,0.383975578604474,0.276811102051856,0.405781121616153,0.23169164074663,0.661477964406973,0.186462064518466
3.6040799782855,0.515025308788629,7.76915439892937,2.44271381747503,0.824971553857527,0.106009988791001,1,0.0257423501532326,0.577273392442265,0.343165830537594,0.314390242373276,0.876344932030294,0.199005338243882,0.120681684517826,0.238719400477765,0.749394452535627,0.153731032206892,0.843836850599189,0.145390417930216
2.95612783082323,0.555943889430576,8.94171569832575,3.5264625524264,0.86168340870043,0.123594909707751,1,0.389792982124182,0.586696365238113,0.647790525941885,0.176662545556096,0.604345782536368,0.191514309771281,0.50363136535879,0.219851337826972,0.26093768412433,0.28239225433554,0.375755735126556,0.257352507451856
3.16037725821244,0.614932921341715,12.6180889142081,5.01463808852596,0.935378950238694,0.0471733124556904,1,-0.138137686436836,0.703484248749619,0.409439424279728,0.317866734767794,0.550150528952413,0.285552234274456,0.704776589174802,0.214231655252893,0.616872946659579,0.187823329551831,0.57995078591098,0.245565077414275
4.55383077118462,0.825691130120119,13.7545764419685,5.56339628790575,0.928871831794397,0.0393750582437408,1,-1.0132858099689,0.827559523647968,1.07225006847889,0.184779858882747,0.611122232215218,0.188832305634653,0.84179488355789,0.227131906104331,0.884511626764726,0.23573748443501,0.717290032158629,0.255978369959128
4.17824124646439,1.01032846235003,26.1010484412393,11.4185251080333,0.906635017623289,0.0515153455625081,1,-1.73481436473019,0.827961470823207,1.04496884534873,0.210826678557178,0.432814953630756,0.239895086201158,0.576146326218895,0.333457477227027,0.913625915236059,0.281870128617014,0.599568301234499,0.254244016147813
3.76279386933512,0.732216653710048,14.6607253343488,5.82343787024407,0.953331209462405,0.0276833118957522,1,-0.179582275419207,0.782390900825478,1.17417487638365,0.231826348300575,0.518089394455455,0.248939977136014,1.2602891039832,0.165471667706326,0.690246236347862,0.212153203979168,0.55969208334109,0.274022408738946
3.44411533791481,0.74757700924671,24.2100747678769,8.68884084318903,0.937929984921638,0.0455409825195573,1,0.356190462633863,0.97696445560336,0.936250313101075,0.262001123280177,-0.267389857241919,0.426819857209599,0.713219988530283,0.212165336582907,1.08418932219659,0.168471116868794,0.832304213030134,0.166204593032963
3.44822170845514,0.704536030782125,16.3803141113366,6.60814552254876,0.793951412106667,0.195255458051122,1,0.0510144966108005,0.70574389688929,0.292824398992689,0.337534846015444,0.303277638206753,0.337205139010896,0.815588950398507,0.167326974127032,0.115091447583217,0.272652999767867,0.594271064640878,0.210769462665491
4.47950106612907,0.743643083958194,15.1563956950201,5.40207085974634,0.834339116635673,0.193907618811871,1,0.759584651410297,0.661351961506561,0.352897480854487,0.287122370883669,0.749843184446417,0.258648771647857,0.746371507279434,0.232221361813149,0.847622679004964,0.206303100138992,0.640282121248214,0.183104418201091
3.35911000261035,0.618234458634196,16.3053320833852,5.39705360751558,0.919353157784029,0.038295069690648,1,-0.454734595984192,0.710175709552501,0.814605335781743,0.21851029068863,0.592049303000533,0.204270961547269,0.832753552458013,0.165353142018568,0.947485950369669,0.149809680241397,0.475710212549669,0.221915912660992
4.87537717591779,0.944657051765571,29.4309909721959,11.7610187792778,0.861441041006542,0.104628780386829,1,0.555606101634167,0.684211282341807,0.890169447070037,0.205776184542333,0.617695439121089,0.170629175838255,0.985231149733171,0.252277893192474,1.08275233487595,0.193594418486806,0.681289978617246,0.260388191170869
3.68140368348593,0.699902445048709,15.0109352171932,5.55206030862041,0.839011564039922,0.0889350241140105,1,-0.0522184267756652,0.466470751942601,0.771363785543247,0.19879047286187,0.772759443282302,0.200477394044318,0.456020806232771,0.20892594481044,0.40573865806477,0.259658437464931,0.629403166968813,0.23419215582252
3.8537483561272,0.726404159530968,10.7862674611559,4.02038885877956,0.757303917172972,0.238786821897016,1,-0.222355193135463,0.528746714960069,0.724885478921728,0.197090646608415,0.282834552300215,0.245607782247541,0.393738678413508,0.253654589223828,0.817968851221676,0.196344362820457,0.524354784260967,0.221868533032306
4.6084656670416,0.968532501634414,27.1561396445143,11.8445859392383,0.948276909349306,0.0310019309320607,1,0.0732581321443563,0.666275938521264,0.784639692789387,0.161354898277511,0.636609450180919,0.262497065047347,0.89022183925783,0.203354112257475,0.728661953120577,0.314958528010468,0.898847734594222,0.328358265919898
4.48119904662382,1.05098784113699,26.3530480318076,11.8470546817602,0.826496759693831,0.176933759905087,1,-0.634202753769404,0.686239933437327,1.24269368227882,0.175729082382535,0.616270240987193,0.362041731708789,0.918214457695598,0.304964374125635,0.796426994635499,0.197518495875653,1.0397418856208,0.245452790000182
3.49724774939603,0.533987866662295,11.0981207215513,3.59555936046567,0.154790220179023,0.283754056385864,1,0.103423525333525,0.360875836633952,0.889439766358994,0.179395048457312,0.768120634022978,0.162732601635082,0.0999769661986993,0.245920503973155,0.735067839339909,0.202508466475676,0.810571314749283,0.214747923219192
5.28395583659351,1.17568041388013,60.1505090336076,22.7570069714913,0.946465323237242,0.0316490513861421,1,0.401329774954956,0.755724849594514,1.00326029972608,0.268247127339646,0.65922843764916,0.272987242370452,1.00186902361148,0.208654581778096,0.970498591731661,0.150918714737388,0.806438440833052,0.254248465270584
3.31932851803552,0.570213322611559,9.38675659725744,3.32981354195292,0.92777112785068,0.0411618078061403,1,-0.109692434253063,0.751237956312262,0.595184525749761,0.268792440763411,0.604673760850028,0.256274489867965,0.765865891018659,0.226570220030176,0.522039816357873,0.190126318384767,1.06211960330588,0.157848781781181
3.40775239335103,0.796390777982467,21.9603826543106,9.21012355123923,0.83891807264214,0.126032600523357,1,-0.304461226356505,0.688927299573305,0.843761655618513,0.258637015751967,0.732265555631129,0.218265886194549,0.493383271616526,0.321711734742371,0.391152522998241,0.326294553351935,0.665615586443636,0.25021090127481
3.37872694317667,0.648039444056268,15.9539942684213,5.8452938090241,0.853574421513981,0.0984424276560934,1,0.275139099780067,0.517747291580955,0.666760147345829,0.174912597583738,0.487919186542683,0.201116109161205,0.730932525866156,0.185782487582316,0.422845581424288,0.241971325868555,0.842066696991713,0.207277477162501
4.76640758205348,0.934570170618705,24.5340258658877,9.66883238949229,0.892628541371411,0.0699570417182986,1,1.19660216495149,0.705920567951097,0.711392884789344,0.333960282084002,0.910513742787017,0.207097572743956,0.803796309391086,0.210155568787621,0.811733091949377,0.229480076260314,0.884225666900464,0.221411636767325
4.11358875766452,0.792159512506316,22.0544294086991,7.78607767475715,0.574891738455022,0.718132534743046,1,0.704561977073074,0.527194000162547,0.581783676376549,0.218751281927758,0.844177142930671,0.179726123211258,0.713341877118555,0.237831984658881,0.395714105075285,0.253932366610466,0.842545361196064,0.243112870111396
3.63480812756145,0.718765126727602,14.4299273250613,5.45014402158872,0.530874648618392,0.427287438717505,1,-0.412302139729528,0.598220924207013,0.39848226607574,0.220541292803331,0.680481072760466,0.241692463877929,0.259664471494181,0.315381343872196,0.298943987951313,0.256473737929659,0.65886585204956,0.233436945574251
3.17704288425058,0.493710598189458,6.21063196467756,2.28153309758426,0.883970601312774,0.0578251525858777,1,0.0907222151879958,0.484000438262367,0.0927029224707398,0.293872636601122,0.681967845277968,0.177845192390347,0.741678370949351,0.188984753476215,0.385210899134668,0.1982623763052,0.50306369275169,0.231246758725182
3.37771525048408,0.647439514602673,14.7731797027309,5.51931237451476,0.578119193812588,0.729196586095122,1,0.846385585237275,0.602944037491049,0.347371573157414,0.263315939076802,0.786138088492883,0.190496141299681,0.718064501567139,0.25286899080528,0.426900689595908,0.360609896627421,0.789503808244468,0.208642167970746
4.93176019911067,0.827520665391586,16.838969600595,6.24835352045909,0.903631147341675,0.0817528792850168,1,-0.492893753142645,0.809879321056594,0.619472692964356,0.316479824855674,0.632812348232693,0.260645629110929,0.654633009306095,0.226555151174347,0.918213983468768,0.187801374348907,0.549140321432994,0.241385434382758
5.43197769718617,0.99637545334251,21.3818199508241,7.94641491323493,0.865173145665193,0.0965565976923235,1,1.1452331544969,0.580576524371651,0.808230091207175,0.199561948676,0.718641533456517,0.235502248315157,0.983980261945446,0.194446258210335,0.491715656143398,0.281618136981464,0.784055001488287,0.249827563716551
3.36368736622348,0.564137426151519,7.42428084455427,2.58702865005035,0.858648689768225,0.122332310102907,1,-0.608555651612193,0.666523568302359,0.752758466290567,0.265383741343919,0.624653402381974,0.225258979845276,0.739254771299301,0.1768876362119,0.767473292291284,0.205839735842089,0.481783866622201,0.236669534162613
5.31618171359855,1.19700170247076,28.4806987904181,12.8079407853336,0.941581759358293,0.0313395680919665,1,-0.151638148125603,1.00033049213489,0.989820188849875,0.205298822861855,0.945854012006186,0.179807454416383,1.08161645318675,0.24254511481578,0.895513435409022,0.301095821759711,0.80563637927773,0.34087316058787
4.25939280640068,0.878779109796638,17.4888318242969,7.04960745404409,0.899353765172806,0.0561198961654048,1,-0.0179546745860166,0.697217635834558,0.610042232026984,0.225236032720072,0.442769869623186,0.224283184717245,0.975496770090345,0.182955490835844,0.562993614964935,0.238099828990673,0.846017143002052,0.233861441561806
3.86354991882951,0.689072747025614,16.9800338334317,5.82406736082736,0.716976665669509,0.328454305517121,1,0.022666242624231,0.607724067869892,0.576027608819838,0.240607840956143,0.64024475599042,0.145927325877889,0.637805012041254,0.230319150086322,0.67443479002389,0.242520855485319,0.622557850649697,0.277977553364811
4.59421507406892,0.74916897281845,22.8650887816444,7.03028304397326,0.702392466339454,0.435472939079597,1,0.899489761351503,0.663021607069874,0.849090983122693,0.263000427164334,0.837664891967294,0.278567507117623,0.699884873136766,0.250116597871475,0.996851420124457,0.148962612685477,0.945363754143008,0.176757212260402
4.45758857527908,0.842095723893417,14.1930436693088,5.65951738629504,0.938182886487191,0.0435095514847244,1,0.614269095109875,0.758621445762361,0.686489934360337,0.26934092859709,0.561429038603664,0.241362250493211,0.996944084210722,0.22607657213135,0.526862567964684,0.241709743418456,0.755743058643728,0.197944150768972
3.4889876931267,0.686559401926977,14.0687101458711,5.40719124845918,0.814346756215698,0.110445907366924,1,0.0988619506509004,0.601869424218649,0.505729994606387,0.281076483398625,0.84498425592251,0.222590845757082,0.235581119957216,0.327634115856446,1.07884142401993,0.189467196388523,0.757875903557008,0.222823179200639
4.33592493668051,0.728940760855649,15.5864821114111,5.39204658154246,0.76693234402847,0.202100486398877,1,0.173930456894265,0.567459000779929,0.674328949915827,0.20257733253848,0.915635367980075,0.209560899443415,0.87337966809002,0.200491472200678,0.987688355602152,0.141286599128842,0.623323284995133,0.259699059104533
2.98469652003137,0.567873618964447,12.5665873694275,4.29070527621116,0.766961946106149,0.228545120987608,1,-0.315560688113557,0.648459495506248,0.688919148591252,0.233207817664807,0.967993814677739,0.179698908440879,0.610713724477448,0.212451598801027,0.804742515949906,0.16774410187881,0.419192743079864,0.245509690328339
2.90392539589412,0.542571103319606,11.4615387067478,3.90407470440915,0.893541730564651,0.0838187124915698,1,-0.493847677884822,0.66342566757643,0.90557152730884,0.207840453238197,0.643171896412453,0.224529270594405,0.474548179509188,0.198352650829182,0.599607635858591,0.169430177423493,0.621958587337022,0.170955185601525
4.31127695376796,0.762735457714977,14.4222398801415,5.23381376105973,0.906231573443249,0.0560116861167311,1,-0.930433018157605,0.772402563416159,0.438118842934831,0.283828291652904,0.993078267870351,0.201582151814089,0.816407474718555,0.153367337646756,0.418294000689538,0.244392770572873,0.922796259503646,0.278350961811302
3.99457251910193,0.714680226383206,19.3345238644186,6.8434390862199,0.820550906642876,0.0979962813176982,1,-0.173845715794383,0.663795230816616,0.85590338486316,0.200883623059483,0.524572529705304,0.259767989703461,0.770935971565897,0.24285390818263,0.580262797117473,0.249776445101519,0.798909869933194,0.188752014408708
4.71132344522913,0.913924889745014,23.5333378583537,8.77203744266841,-0.310761748384331,0.273976212984235,1,-0.582317582802522,0.569596879677721,0.710796963601398,0.150171923486299,0.715537093687822,0.203653245504666,1.01784991814683,0.260344735928931,1.14231555983369,0.238021805396781,0.917275096485723,0.236815026273069
4.89948163876955,0.920098557310043,15.1629936853495,6.00546129575059,0.953800487016395,0.0274486215599293,1,0.134950459439167,1.11729135942616,1.17478512478536,0.319764502018168,0.701831495951245,0.331792625200379,0.779644075425941,0.257448079354244,0.569284655297241,0.218823189954633,0.952897927202622,0.226598783718274
3.69783590451987,0.612974543294444,8.56334396761596,3.0601970463714,0.963570556934868,0.0158896996685812,1,-1.0832044158841,0.935985442023855,0.797565151455341,0.325974069328309,0.893583636169504,0.235098142261014,0.808932637000025,0.184377647801706,0.598388076807183,0.157767494295988,0.802895216801139,0.173365245847971
3.89639715871614,0.636077359732592,13.3314878060175,4.46007378379962,0.227086056044384,0.449107406670984,1,0.470796283629659,0.503140875554542,0.62315823052646,0.243971753820696,0.309163745728717,0.22968843042653,0.95461950243103,0.181168783302183,0.595726080906073,0.190134287887272,0.579417710180146,0.177164488685865
3.22622722632564,0.59879169527609,13.3504061248487,4.79819590228592,0.900482363198712,0.0627186147987902,1,-0.780705273775359,0.58343671079722,0.720770628675081,0.212781029743923,0.612366595868048,0.231765831140834,0.621377756830338,0.231438669460239,0.647062686415318,0.189399326618042,0.806518980081025,0.181841006759655
5.04137995652691,0.915889127792185,19.2779492515804,7.1854605684738,0.940307972395521,0.0339905630235546,1,-0.516466224530137,0.884306646289902,1.19076055015635,0.258250148592526,0.783196501522322,0.19823236179488,1.14876779824803,0.177528878457171,0.595082276867555,0.242555409490358,0.969996775698455,0.182827031458471
3.76904441579899,0.804800073261345,17.912238061204,7.82744611712146,0.851433330722796,0.111830301863699,1,0.147989371581917,0.668968005983383,0.652511541791447,0.273986545530874,0.272729886074398,0.339944874359199,0.497197560101006,0.236780790518695,0.93606568447349,0.216986355867788,0.769098368705601,0.204447528920737
4.1869547530362,0.825827032489529,20.660848569877,8.5576299148118,0.811235060745521,0.132258163076162,1,1.03069593778992,0.547802300847824,0.836144507982883,0.22982364297775,0.532843509060136,0.217969425740309,0.738936991519169,0.168666458057395,1.08008748054592,0.260304597926312,0.824315386252959,0.257208891955566
4.6387583284872,0.905717113399,16.5390852194461,6.58515864154095,0.930723085564901,0.0448728554003905,1,0.222700933824619,0.794615933934204,0.109089608885594,0.444410152395489,0.572528657520094,0.267199856164425,0.625698086899871,0.210991344087431,0.919589158620966,0.170185251049369,0.961586219592244,0.236961729168024
3.92680949687885,0.552631155755284,8.61538921455334,2.75375959231396,0.898005749919226,0.0547336243812341,1,0.0711082605526623,0.545422955345026,0.368728763037019,0.268620083204451,0.827092797755486,0.162642189637291,0.779609692934876,0.152385440383653,0.523531632877032,0.207686203417612,0.666238482210657,0.18881403884067
2.64820766771569,0.589521192494761,11.9144850433891,4.26248280632461,0.797418802612406,0.159042541837704,1,-0.948419593229128,0.59063357798841,0.765061055672483,0.166676960558805,0.492959793055933,0.247769635515802,0.344056971711668,0.264133257485839,0.700332651119061,0.204783947777952,0.715701880916044,0.175577327505538
3.97226535431604,0.72937283458684,16.9915438116427,6.37048084076428,0.724709405588615,0.199381433642819,1,0.525175512750689,0.636435949481404,0.643605328511702,0.209167147107394,0.208592420671427,0.294558101397985,0.774606421311798,0.140133707986732,0.650284553834757,0.221111686707251,0.639559219562959,0.231099561798856
4.88706951387209,1.00540186597331,40.0933107507143,15.0873984693531,0.920329824755241,0.0514207570425567,1,-0.284283466036818,0.708842529653768,0.778327895503614,0.285666282515553,0.772562651326952,0.293567846194657,1.21018516707939,0.217936735430676,0.913202949987238,0.198060625906923,1.05130076456358,0.19547616471024
4.29819194411426,0.743775290067013,13.3333293979739,4.79814004922838,0.842746574888515,0.0906006670712179,1,-0.211378327739429,0.427693096447839,0.527464915088374,0.221438821813644,0.885332693650169,0.182998959231259,0.415338746257871,0.217328057577843,0.284957526913821,0.239804917142977,0.939940741766306,0.210155378114189
3.46061261649326,0.549818356431011,10.9901835728455,3.60177894518368,0.905703078374916,0.0635648962896981,1,-0.989987426906823,0.600899662545316,0.963585824186913,0.169705343397803,0.421753791412262,0.256286691358457,0.540595468338918,0.261489153605805,0.861808019256587,0.169023397374612,0.725653734748012,0.14313787454633
3.5962085171666,0.572514546006857,11.3456955174905,3.75163464026605,0.927914567500014,0.0501574733910461,1,-1.12869769459334,1.05126956472664,1.06647357760975,0.317355499486149,0.727551503235218,0.187581176852262,0.82940398062706,0.14985047135512,0.664494803588105,0.170764311776255,0.649560005521847,0.189859048015705
4.43952397591597,0.787672265660176,16.9266957015753,6.21611411382562,0.923995453120757,0.0392208163292282,1,-0.353132607838027,0.831890843344067,1.14132448759732,0.243257519585998,0.623102353244184,0.304636072159568,0.724978589780772,0.185319807796494,0.921385820585691,0.158492966373888,0.671242836052355,0.247080993633958
4.19715559706922,0.682610602433593,9.7497923396039,3.50490995129032,0.4961306531362,0.782407263469494,1,-1.02539989190417,0.467916074507929,0.651951269907502,0.226840765866106,0.90530302116355,0.171762379666207,0.659013459906117,0.203504989139198,0.312595380082372,0.22388670596762,0.392615100992113,0.225315093618173
4.72678572743958,0.910319349881523,13.5722292901433,5.74631410216683,0.931616738435714,0.0444772514484765,1,0.625464274179668,0.75746311831199,0.449408948954853,0.269572193925778,0.469690493929202,0.299850290798995,0.940410965074413,0.179020476702575,0.672325350493094,0.220952756047389,0.794857671304224,0.234363700484803
4.38581907736296,0.811024972526359,18.078350121385,6.91255412655298,0.590122827572304,0.419502717738725,1,0.60182166721862,0.73120344114592,0.887368636845789,0.207997007866224,0.469500156813679,0.359853742345671,0.469769531565029,0.2101844644815,0.633996889582659,0.21808942787491,0.83744967128692,0.225540322326655
2.5578403057412,0.489917046581673,10.9855400597673,3.51790452942506,0.89687589510144,0.0757232508451187,1,-0.729783913514617,0.627652979934894,0.559562158028599,0.2224846216377,0.769201717190313,0.20551091806505,0.51264586689669,0.196530830963409,0.632282657519633,0.179270033192206,0.546980267232331,0.178658699662436
5.29063733922099,0.933705078593419,20.1388271173362,7.6620048980205,0.912996913623865,0.0672895243812245,1,1.35425922508997,0.838058966000712,0.841637049012109,0.281103624962661,0.360333210946452,0.283862651870333,1.07660777129712,0.210473222903697,1.08937609282559,0.198127290338692,0.806983535414155,0.223280040085579
2.9949537613954,0.564811701317716,10.2538976411468,3.94535361899046,0.848726807897837,0.112702018121203,1,0.953203980904991,0.733633264205076,0.237681687630852,0.37273552252336,0.270286678733296,0.254803157002895,0.658029492118904,0.175589534010247,0.653159515084234,0.191385755411852,0.586047577180311,0.20497479195994
4.34149402749744,0.769571026472908,17.6812115957866,6.18472121504471,0.934688002692737,0.0373055343050374,1,0.537011815355881,0.844025876629612,0.697936864398326,0.219723194611488,0.686648818049295,0.228841505337421,0.729736650009082,0.198122805200168,0.653430087708654,0.237993239480093,0.535812765023385,0.214706415576659
3.99190277823585,0.722861067584575,13.2987886268967,4.92368058684708,0.872818801748159,0.0885379167320561,1,0.054903752694593,0.626912412303592,0.645324971356655,0.223604078512599,0.532317624680864,0.271812220651944,0.615894449335634,0.210735871168407,0.72758287512611,0.216109217466208,0.391489167047846,0.249290487425963
4.00049389319364,0.618285484585057,11.4829732573696,3.62751603685343,0.368023592820373,0.44562527500981,1,-1.42066508488235,0.465456251307345,0.975870408257937,0.208775925933829,0.686233334370963,0.159817878247362,0.719075508368326,0.194516530647192,0.830353673473601,0.186141696144154,0.834061318510706,0.165448998926643
3.92653157705831,0.692312695429942,10.3926016400917,4.04532345401563,0.953620131038761,0.0211859522237374,1,-0.84716920627974,0.746214418280166,0.860767577618025,0.199422740371519,0.920190165941314,0.216839853725278,0.501469588172379,0.186507076192501,0.893068623677402,0.149213235469108,0.388672856129098,0.288084078593921
4.20838800151069,0.806209431532163,19.5341297168411,7.53379030908522,0.855919109087888,0.143959192512005,1,0.1417153210598,0.627414004916692,0.597230005170141,0.231093548561367,0.707529446319399,0.173176514564276,0.718111385639394,0.190408975517806,0.568417364588075,0.281783942085231,0.732449067744615,0.276403460187756
4.36647084489667,0.695101649848855,15.042390063944,4.8600837444293,0.91553105382173,0.0519265847672001,1,0.193588974396782,0.765889488953981,1.1051801276826,0.163619278232427,0.479282440675306,0.206271140214926,0.680891360887078,0.209379436076598,0.903653239343256,0.167849237888351,0.254571286687091,0.280733758699856
3.87203960835595,0.645029094425262,10.7224214127711,3.69598661872324,0.89899604886202,0.0484259552947605,1,0.333977933905904,0.655979450152089,0.693662554894563,0.246497039749652,0.57351259596226,0.301550588364492,0.369829582551544,0.240157210149092,0.700242517841798,0.195921369559711,0.704054081112781,0.195120019334933
4.47844054229075,0.841478083179049,19.4107430509419,7.38003111081489,0.626922933269774,0.562790256779085,1,0.720592021323858,0.559800698933321,0.512755754089004,0.224683770757647,0.510712360304517,0.22049441411756,0.675653829190822,0.202332517636453,0.556538246033587,0.238998477672216,0.493065878706409,0.317443012751951
3.99141954838588,0.586257811760022,10.9823994798861,3.6289056006476,0.881418305154099,0.0865766368042875,1,0.276695602609916,0.68751094001446,0.912310527805626,0.25533439966981,0.494418975568924,0.271185929461329,0.82898833105755,0.202831766427948,0.889934825160984,0.15231482369867,0.371137544643627,0.282453997680619
4.4854292944406,0.814766011699845,17.7838862583048,6.76552984106419,0.703611536621226,0.290715056031322,1,0.115663684967514,0.527099075320273,0.565237604174133,0.294210431770104,0.586801430461455,0.297072392843937,0.747512054617383,0.214604084685269,0.440221321831537,0.236415224624308,0.927819408275501,0.201767543968258
4.02364980787291,0.835309390996063,28.2290149086204,10.6464778806332,0.868642886480714,0.12303769144495,1,-0.900213087653269,0.766830863070589,1.11712269230746,0.213493533553471,0.441915854509852,0.310852208714531,1.05766543264487,0.185965823784197,0.553487697529882,0.217513437842491,0.764853616853141,0.21833080958776
3.48601866801491,0.512161314459414,9.83956426679863,2.80036318935122,0.818355420868656,0.1309473701209,1,0.480508815737905,0.519881466365051,0.484149519427837,0.246937188165381,0.675760748248587,0.204791603204409,0.339033736712001,0.233942407084172,0.78585535054519,0.157450432691165,0.53878629786497,0.157139290940161
3.45723746348206,0.740235030909636,18.5294540676488,6.72565224865054,0.941359330536928,0.0285710109424389,1,-0.586240361637682,0.699019959592515,0.809776322156154,0.212031231663239,0.917499253024489,0.164474437033892,0.813742159260366,0.211446571784614,0.730235850593385,0.201856091126044,0.690690511110008,0.208386295286221
5.25408763483776,1.56641273935659,38.774646793936,22.3501260031618,0.916705316292817,0.0879687073891328,1,1.09586192989002,0.885454953172004,0.299839372031224,0.413756482437278,1.35635592500677,0.321555014801271,0.482880760247054,0.329624529929223,0.626034709064077,0.289964955114655,1.07928922527678,0.282912159837597
6.11138288589274,1.14948970640471,29.6470599995367,11.6757584763758,0.791139728665887,0.208143890020318,1,1.48614596116887,0.716281315261463,0.723807908020672,0.277158893208882,0.739398743410393,0.21052779595407,0.862027929289204,0.15366921585651,0.958749083527538,0.22201578139476,0.978638700386177,0.281502327305596
3.67604494300123,0.627553366208712,11.6802231720141,4.07247954235694,0.88119093020462,0.113482514782507,1,-0.795247814557331,0.963612446267794,0.681368139911129,0.372784908295209,0.366818272794889,0.272361163237735,0.792063778873666,0.195655758341793,0.803911464973841,0.16756018123059,0.792482581694659,0.125995639902656
4.32955110869619,0.935239177623062,23.5130924618113,9.75611997225466,0.24187958766773,0.411758325246551,1,0.220334969824678,0.559502122818304,0.650029771212236,0.219800883462016,0.755136723475097,0.205628902947371,0.252086934270984,0.29385225609336,0.627758067744383,0.237547424839281,0.559520286364171,0.336840113364014
2.88237724278731,0.562219910674284,9.84903710236852,3.49429262792891,0.874427919673283,0.092625304958002,1,-0.213537929565932,0.598505196575998,0.732143521414912,0.180418215541784,0.412194455379563,0.232693127376309,0.521416684220211,0.218461810175696,0.420564900954953,0.20482047930094,0.558780099517821,0.195283791345628
6.27292568741735,1.17121759841155,32.3339420571452,12.2438380742993,0.18288890418467,0.627494563738681,1,0.754087689087015,0.690917709758164,0.569409798059106,0.305646049847461,1.05539373785811,0.234699899134239,0.929496726574029,0.260994121535985,0.897967531875438,0.264240279698804,0.880342421124041,0.242994814451507
3.73917437979436,0.700629271807315,14.5327659920126,5.48238352186149,0.617214370474604,0.304293627104004,1,0.646113355844934,0.504274044700122,0.411172164852846,0.319088992702169,0.0622156147273306,0.397327371897175,0.615239991777839,0.218373164832892,0.679348087521784,0.165345719092026,0.602746497713014,0.167062914530268
3.41949886283766,0.628804660288481,14.4952304530688,5.0917027748607,0.87054909800379,0.0817065116011295,1,-0.643928620805604,0.561956021774603,1.07876873230478,0.199611017498974,0.45277741981077,0.245302406418824,0.347911120065324,0.260260801537659,0.735150082338074,0.195895487316435,0.750250836874816,0.223573822131798
4.03934268267642,0.923428595884996,39.1392285673893,14.5570488021614,0.933190148475051,0.0451904373052778,1,0.46190285834863,0.835274176734071,1.08765024851834,0.24823485874348,0.843330166890384,0.266964742833907,0.699136677296246,0.208468513185408,1.05635476487045,0.179593079782334,0.662055313797098,0.237325122373681
4.37024423553455,0.857403707189168,17.4264801363639,7.11230267435953,0.927813576007328,0.0465691137585693,1,0.172353404727981,0.7090600925024,0.623321914499167,0.207070429683871,0.649601705583265,0.224991817098923,0.646964689125786,0.236754506143445,0.68778722114441,0.262519649855271,0.767814075829397,0.267646391826322
4.27273276456561,0.858178120189996,16.3917314695161,6.63834884808323,0.888845185220197,0.0631067369109649,1,-0.212337318146614,0.580464128930796,0.736318820100214,0.215062539204202,0.87249769044412,0.211306610222248,0.582032575573424,0.260571230750436,0.502665205661738,0.255096786460629,0.979286547112803,0.242256366412094
3.53707429246334,0.546914445905219,9.40419998843206,3.20484304442121,0.5603364815455,0.367568113829978,1,1.60433244870666,0.458967344027216,-0.098779852518313,0.40148665703432,0.497308003060689,0.289768956842007,0.452973306067782,0.203014678213924,0.863863935437933,0.114956354014282,0.265702482552452,0.231114931285701
4.19082423992412,0.780485277732653,14.9907570779081,5.83669933095327,0.945027578510442,0.030331638385681,1,-0.36412154518097,0.767507209932691,1.02735674465997,0.195612900272758,0.502625146745716,0.251622870209471,0.305875677993616,0.321110761013176,0.596892412656615,0.242269245636689,0.462189502595931,0.229118089949945
3.81028176011779,0.809214627668065,21.1691946377696,8.42226502557941,0.815844380464687,0.180429307526383,1,-0.147396144640182,0.621874071364038,0.396658523702786,0.241411245735295,0.957505778054143,0.211455509787532,0.444770418187098,0.319061146808949,0.569314698605032,0.244451537867032,0.860333265763541,0.16004257551226
3.32023080311136,0.684318754458645,17.549514456486,6.68029392105645,0.726911055643846,0.322038828730273,1,0.429195799548071,0.448327807295027,0.588429819321751,0.21958103159667,0.330850623848874,0.257143042835577,0.35979559046313,0.242021089423644,0.359429462953757,0.235945840717893,0.658355637160765,0.223692239024084
3.5711810447772,0.555983144740219,11.1695984480364,3.69418133922668,0.823009605447796,0.128181119470567,1,0.771447019429718,0.598905070914214,0.231557607678837,0.310511941006369,0.663428609766319,0.242783968330777,0.815692704325844,0.165395566159929,0.849472230184069,0.139424595935197,0.64814340915784,0.213837586713642
3.17586865478462,0.679123459522975,20.1896842786386,7.23752447804454,0.91184961384883,0.0604059609589386,1,-0.0753516778031388,0.632601033686475,0.658277469370843,0.190582237757581,1.00627700149818,0.171338099056887,0.78214876881842,0.175577908461487,0.626146354674994,0.225430875796153,0.758159719680523,0.277083957286809
5.47378365322845,0.904355327449524,32.2886969656814,9.83678240035619,0.462837709039958,0.501053084238826,1,-1.25817940180377,0.754505584977361,1.29805026196169,0.180070694047342,0.783192073119052,0.207900687449471,0.955109566388644,0.157343143057113,0.896233462641602,0.206476900809186,0.93175075845644,0.213392461688147
3.03851763666883,0.601357264683873,13.9859360160268,5.00289394838875,0.665292897885449,0.326707120672054,1,0.0350453859073825,0.531591752107321,0.630681960370028,0.223464003955422,0.503205781005333,0.239495719420483,0.58848474479745,0.290166133368996,0.935573083704708,0.172798544416571,0.657926868412949,0.224679459329113
4.57485641060151,0.909262238137473,28.0970995994724,11.1476262186228,0.930177405037637,0.0425432663253273,1,-0.180849932468462,0.575099320085042,0.698455528828128,0.195632884313266,0.999434481784134,0.234724802824926,0.796183395914713,0.237456546066176,0.643029508069782,0.229609601200137,0.813786398340782,0.239352686198592
4.50333295369811,0.872014722350038,17.5376479035809,6.87869086765784,0.930113469325132,0.0345105744389713,1,-0.795790017107476,0.878158510840402,0.675425316137302,0.267457825283404,0.921374772065375,0.186931309854053,0.617784437175439,0.219821788812312,0.796053461589103,0.207850107582446,0.650929888487334,0.235083404449938
4.07773328472134,0.863562757134851,17.0315668726969,7.37534505224663,0.923679767360409,0.0421451089206426,1,0.792534379254402,0.663352253447737,1.10269514996522,0.166950933003451,0.697550838444853,0.263458837610878,0.800151498420858,0.28233360457423,0.873005728012108,0.275441134537907,0.574684609083568,0.276982994671654
4.19682654174428,0.799192046065643,19.218375639635,7.55632469975909,0.935958770660086,0.0362014970643856,1,0.817717015523753,0.758846078423605,0.74512278089699,0.298574071638789,0.735141801534796,0.207113559887432,0.552361181589162,0.294305033164173,0.857953900237707,0.227170657977715,0.425136773605413,0.27277657940894
4.80643139806014,0.820245276149857,13.1546326037102,4.58975503032516,0.423964948822239,0.580860725186517,1,0.740080027153289,0.582050040289068,0.280460562648781,0.218960177498355,0.503869028918926,0.320328260529155,0.827760397735955,0.214845966906079,0.693634683302168,0.217719029427618,0.789153953984258,0.214029756552463
2.98573314409582,0.619850628487317,10.1653677711729,4.16963674060862,0.908378823575254,0.0646419866541908,1,-1.46783701206686,0.605930751223887,0.937041022408685,0.173333395620029,0.604013112556805,0.194530759737935,0.489030262568905,0.226890840050276,0.288017528722323,0.346517406221567,0.381969631655517,0.282424710973318
3.31841939909142,0.712899123083489,15.6621480908464,6.14191804566285,0.91448491095909,0.0527718167374483,1,-1.71011350617046,0.639492786055159,0.969365769490356,0.109879279694213,0.921226619896436,0.239955699123479,0.696797309387661,0.166360235078328,0.60315466398761,0.253369049062134,0.622102703672409,0.225898265917629
5.55534609354222,0.990387856030495,23.2306811025384,8.77835515806721,0.896456457844255,0.0698430431998111,1,0.45421513396786,0.775087827797262,0.423303180492248,0.394107877658926,0.903421116634518,0.287888528454471,0.896480126375557,0.133291886470531,1.11939138965714,0.177549671491201,0.604677145613327,0.268060650663734
4.55124858183131,1.42030418758411,42.3251790955681,23.1720915533293,0.924208807674924,0.0702564124308861,1,-0.443776077975077,1.1460712180206,0.531588076993773,0.518017371036485,0.884687254724877,0.289077611759044,0.874878963173549,0.291783986365941,0.932872492853906,0.205630535194672,0.578854220859158,0.32433962819757
5.04978585134201,1.08319511610669,21.3843417985432,9.60705886360894,0.962658921379011,0.0219819682866094,1,-0.606623329773724,1.17613054855555,1.03958811585133,0.262492138075448,0.441788952893366,0.233405113594861,0.91946472549291,0.250335458330239,1.00735929677526,0.230719027291994,0.352406608748545,0.36058433348832
2.6548459314298,0.569818167377291,17.5330534670528,6.38415787857882,0.8054162998898,0.183332038250731,1,1.05746579909516,0.511335594587356,0.461640514709987,0.256015996090412,0.527904137183635,0.253382843479585,0.45865379837087,0.213946913489566,0.791655040171487,0.175135035023091,0.307306966149051,0.216413830982335
2.93647929406963,0.589352111993345,12.458409538732,4.65298308940425,0.80092133925492,0.152575763471555,1,-0.197905400655557,0.464464003214088,0.599186063287918,0.192712934366303,0.804207482370568,0.152813387326196,0.952712923735501,0.199704968680215,-0.349502667002635,0.317357008288884,0.699911396892197,0.243411808215176
4.28104222338112,0.784611494435115,11.1753815526903,4.31731301610903,0.966331436625492,0.0172191904628369,1,-0.655972033793953,1.00240406803935,1.10457543375554,0.248290248888994,1.0831629275041,0.212573039710762,1.09027518323093,0.203519154190804,0.761253578855796,0.190359352669686,0.579443128271527,0.256196996317746
2.87550403529751,0.604913090860096,14.5046321796355,5.54043062249797,0.878551438480437,0.0716254971982135,1,-0.671169927662926,0.627676985093492,0.832635531347302,0.172142971782113,0.909610476621312,0.115036291733192,0.380636307690323,0.265589515270661,0.325812467641893,0.267343378373447,0.680938665648502,0.241968434211883
3.25927721040855,0.716599837982885,18.7343863435377,7.72856334892602,0.51987612974458,0.316781629088572,1,0.118526173531701,0.481308084106174,0.542025310015947,0.223108237351568,0.76883017560716,0.191787689826343,0.445035020919574,0.241612568485157,0.489087377415863,0.357643426346886,0.607305616806543,0.281188848228052
5.24004890362677,1.15259084158521,34.8759031831124,14.8203626561892,0.745543631832021,0.302466644574813,1,0.283746440162266,0.55502717157194,0.410585675065804,0.228960409050604,0.674225144702593,0.263063260036007,0.640414101785806,0.260471032883036,0.838667683877937,0.28652710697845,0.922580551506177,0.222060244358968
3.51002087221841,0.647910453939541,15.6611942302711,5.30912518307626,0.906921710129756,0.071109387183325,1,-0.425135485083009,0.738500788488946,0.732058864509586,0.227750274372162,0.67949736289519,0.198886385129906,0.882941912581801,0.190408916478577,0.995386717934622,0.185297324313104,0.670742727032512,0.215419278992683
4.31504407769199,0.756833146785536,12.9402206635082,4.75447020210924,0.901937009246756,0.0732405376439642,1,-1.44990032351942,0.942915210759449,0.974058591942518,0.315928903999257,0.746046854523839,0.236357531648473,0.382748907481103,0.199976949846418,1.01135999344459,0.165444786815401,0.573896670815376,0.226183564037119
3.9890777617596,0.76629926677546,16.3436603160582,6.28124030238062,0.883291073948132,0.10996071957867,1,-0.392895685225349,0.774989773194197,0.859231602971956,0.214497194882369,0.656986626025367,0.271038371190442,0.52211848511238,0.226760802501223,0.505855550030409,0.200913859893823,0.669618104097384,0.173316394205744
4.39186826929759,0.915705965937435,20.8030503417427,8.76271307048436,0.884601203849909,0.0771950359932481,1,-0.119447436394983,0.637824399208654,0.39971539638722,0.271131111684598,1.11694653257153,0.145157703488027,0.000421800938298457,0.370900237728318,0.944779271686285,0.204959487604912,0.518540262496133,0.286226651033145
3.68556069716983,0.725361962023073,17.0480450195605,6.44510579960014,0.875971819516215,0.0654542723758612,1,0.00966974765076724,0.624224310599361,0.539727385348298,0.238024103404758,0.868971700626929,0.156455084881977,0.265630002390163,0.288550477764344,0.408146263594266,0.28354941676722,0.907256515498243,0.209677759478985
3.32107162203788,0.605308527586939,12.8904064087377,4.71387436597208,0.831970709488597,0.103356033361742,1,-0.600858155530764,0.526635717810428,0.531655316287765,0.271548185390449,0.719545030463217,0.184492672551914,0.568846415558021,0.216244003846358,0.595241456877697,0.240671743374958,0.592966458300842,0.227681868805943
3.41656432089722,0.674144721846405,16.6588894098691,6.02005957724589,0.930347326503965,0.0395774365330398,1,-1.24363774402621,0.733931089808726,1.11931959298819,0.200134382194594,0.666661935909256,0.203811970627174,0.712297246120963,0.19131261618682,0.84787058558995,0.22880797193265,0.927060739456775,0.213026829095832
3.23183718043641,0.534368679482549,10.0653017606545,3.2882123699623,0.803402362252879,0.155121165909939,1,0.192113109836264,0.520151966402016,0.818061923444182,0.142073213628106,0.309204680537288,0.267976582062021,0.365631443167769,0.253572441647254,0.63367477433557,0.190557730764991,0.794710187276617,0.212508546596208
3.42939000947965,0.661047485426316,13.2669223744683,5.11842404508382,0.942531204219085,0.0329787025566911,1,0.686135648471751,0.705003604128815,0.294979734043069,0.282267030299655,0.696195465166775,0.199233672959855,0.581255635282516,0.189638727621165,0.828526305987849,0.198272225578365,0.941232671154442,0.257846528706699
3.15210414018389,0.792210710344532,21.3102730956763,9.77021094248247,0.885425940292449,0.100030586514143,1,1.25708828036177,0.680949198484153,0.88376808906145,0.285706753757426,0.569067322546218,0.238824695008764,1.19904899737938,0.200184890978519,0.244938195385693,0.370570033424609,0.529638469033993,0.251408956139962
3.96517853793419,0.757740068072655,14.2220674845167,5.27920185186476,0.621633803172054,0.465113345107885,1,0.590944221415262,0.636827819418132,0.596240009609115,0.183333933579688,0.415970249993218,0.283564487337467,0.4891639472004,0.225452876875483,0.664127288976964,0.19085472398764,0.74481087889763,0.237384249768189
5.08802117408444,0.920792662637062,24.954772365851,9.37744476688583,0.619381144990005,0.430100674703483,1,0.73261661688318,0.480447772643284,0.777335141113348,0.188062522141496,0.789627822860518,0.224476907726277,0.313023827532806,0.345988880804456,0.75556383172837,0.248415891741349,1.04677683856809,0.181893875416122
2.72821826638837,0.560744617941551,15.6426790249096,5.2741003868979,0.512739178751834,0.510411674346393,1,-0.0868259837896744,0.432408481877916,0.387516791855288,0.28135876343174,0.762165528364308,0.20973868295537,0.752415965865318,0.167862797348317,0.659642391057156,0.190358192706281,0.67480788247986,0.204616891399374
4.07381328205016,0.796819960211021,19.0886255250878,6.87650554520226,0.822553248019757,0.104313952661572,1,-0.210440139805621,0.537897801240038,0.669677964951302,0.163632849233502,0.944190704164377,0.17064579954892,0.744926130369977,0.23365977618675,0.973989968000836,0.208823349653727,0.676544648883936,0.221315549126624
4.8896280909389,0.949732456801931,15.7182522531549,6.47123425475025,0.858904385114089,0.092980429276572,1,-0.258869326769873,0.559342875214245,0.7767633150729,0.185019247801771,0.630269751322694,0.229248203367095,0.341534594671073,0.279772563276754,0.679199984992889,0.302017807078691,0.91172677975662,0.271919844375036
4.63446821617332,0.954822396803647,30.0418345890952,10.1516494088649,0.39591960699496,0.527306493018344,1,1.36827424458168,0.850311994005177,0.266613847171502,0.288456606148553,1.01781486393459,0.162092143054858,0.665627098257495,0.213726629700042,0.718514114756594,0.225445074049275,0.79070749633013,0.240731733505785
3.7597878283295,0.813162482629761,17.0091303649314,7.3316868292236,0.390493949002565,0.665327434869797,1,-0.592893478320141,0.396187304204457,0.639514927107959,0.159845610045376,0.389471167500584,0.268175404911964,0.790076785919613,0.231460028575414,-0.544154506633201,0.554163556227381,0.573518032300964,0.285255425755895
3.18595085554716,0.456998278105541,7.03874598695808,2.2001444271149,0.64258536264661,0.321229793547059,1,0.758401354456486,0.472913882636093,0.709887784821442,0.177944804422683,0.591347518628979,0.220597014494634,0.521023496363406,0.202708833503554,0.552006673361073,0.181722414958711,0.767241688825507,0.184248095601423
3.74238040527437,0.648018956850783,12.2637049988106,4.40724897460194,0.803960393062959,0.143699284498931,1,-0.857455017255011,0.64606104370976,0.531012260580075,0.312670826142899,0.717462062127917,0.196282646273514,0.608073375732336,0.154757444454695,0.487465529734815,0.184342767981412,0.44683496470523,0.247862829993378
3.12801614680471,0.508713569499812,7.4478454282602,2.49994206484005,0.516745045374149,0.355542020510603,1,0.555290126191311,0.374077962427354,-0.0988381279534982,0.258514546713368,0.800842986418357,0.147145519699696,0.490619907233163,0.218227872877272,0.256778944746949,0.244442062298744,0.36589380443124,0.245722389283524
4.07456984301556,0.740414015791261,20.7537732300871,6.90265485084078,0.925112612640082,0.058357360837985,1,0.651237284416484,0.816469641156383,1.02994376280973,0.181258397316455,0.686684489829362,0.240228600256445,0.995835520705611,0.212700460164928,1.13574882912482,0.196266617944986,0.519639565089357,0.232598844773772
4.56060783002579,0.968032655469425,22.7414833864697,9.54847039731787,0.700674996740002,0.294546399273179,1,0.655920506111146,0.73114895919216,0.50710713266038,0.39290346946197,0.567680576588033,0.16712036965769,0.764327999216349,0.22304002035916,0.655361075483537,0.210507304695801,0.986243930031633,0.244658216405147
3.95144667557707,0.877069370519245,22.5556006228453,9.07229170446158,0.805634524572104,0.158412863740282,1,-0.0784381363245355,0.621553945720497,0.641639440335572,0.267598704851399,0.915660948147584,0.231824362005511,0.526388537315698,0.227099244559389,0.976823859352806,0.250118369642152,0.441008133373556,0.302160898950198
3.75446449563113,0.700068871209071,19.351131639528,6.71191464782009,0.825953247671797,0.096540171435441,1,0.0795602933760703,0.508070772116403,0.684332638550859,0.200759809555499,0.624737650434554,0.222009306086164,0.504984213847945,0.192958514367301,0.846701681706336,0.206303369002644,0.639532562002702,0.243481003097729
4.54126870263316,0.742527479817893,11.1183396907209,4.33351608172898,0.934552002210424,0.0401681250997919,1,0.128582729005534,0.82987072095498,0.761063468849661,0.210236067014194,0.531423503200006,0.238367580361421,1.05650462943479,0.23318131415084,1.03556521938805,0.200391564448701,0.483530668389399,0.227042589574096
3.13580534224365,0.677191014989147,15.4960372005304,6.19776197477416,0.850263462757563,0.128226768206355,1,-0.372877064826091,0.617345620663488,0.663956009329461,0.213965282544616,0.392634685471244,0.310170412881943,0.626318729571357,0.181317143315098,0.826774930978973,0.191320485856093,0.364542346367812,0.28181734872512
2.42314559509948,0.48647002061502,8.60713813734903,3.17611158653664,0.870331809664141,0.0761848411409585,1,-0.816561613391259,0.583001870494034,0.326283182132569,0.233083425868798,0.664041934651672,0.138354744827574,0.612096141842549,0.15765972659253,0.125062978186638,0.297422649741064,0.652067159707628,0.227300774159524
4.13006609698305,0.752945800913212,14.3172190038382,5.22561165292067,0.504056210987133,0.543355937921591,1,0.208344768743858,0.492724793236349,0.712068229741668,0.242167917216903,0.610561016704421,0.250911311103151,0.356938910812649,0.200562675376748,0.611172203238095,0.230779944978706,0.627053546227731,0.236830242515015
3.17431154111401,0.519384683714158,11.0553931393618,3.57862490535776,0.850050509307973,0.100023198264854,1,0.327372684289113,0.594459149462775,0.417876768655486,0.237169271155933,0.532641240388007,0.221515802572552,0.646059080657206,0.21004613743533,0.803815938839897,0.182179601234476,0.606192392969694,0.156554141518605
3.9701124957641,0.808479363883237,14.0637322987786,5.64888443206692,0.87858997632614,0.0763305424021375,1,0.469018002213497,0.684945063494965,-0.187512723641465,0.481440160814152,0.340577965615925,0.269188320312971,0.663392866798362,0.257173835631982,0.577142064165941,0.177100359991345,0.603956822021903,0.224708564337167
4.45473342924334,0.749435684894647,16.500590217112,5.72297050565626,0.830215151709511,0.126102812542173,1,0.242332990906017,0.500450399403411,0.396026792104827,0.206434202686769,0.746589638781298,0.200646806197427,0.842778849443735,0.18938531304654,0.540584420432039,0.21449874034763,1.02301476549509,0.210460107264708
6.6773751173815,1.26141916825821,41.2434325713864,15.400299430718,0.321205860132382,0.722415537011323,1,0.796808819781735,0.58646081343997,1.18458272061229,0.184887558445297,0.512253606700574,0.343916608897392,0.726631013580325,0.261787081984164,0.647246047548364,0.277091944724298,1.12342464899246,0.196031727393399
2.80448408637409,0.518098605566699,10.6152507093276,3.67170004314729,0.917834706487295,0.0413227718065305,1,0.0881237124673837,0.617897030889563,0.543351094437686,0.226121024745467,0.810174328249001,0.168518777959496,0.63519968395867,0.205924227257898,0.792249829345707,0.20198783887646,0.779918401241851,0.196088327947241
4.74012060172387,0.844206585598276,13.1350315267088,5.42610386257426,0.904276266143892,0.0634498453064452,1,0.852881394020424,0.789159784832545,0.532270022915956,0.242402574220496,0.894831584629609,0.214810423538247,0.425356911902385,0.377724137660956,0.651368031663743,0.294315407262588,0.811241838502527,0.216535612072238
3.21851564857312,0.608277631525628,15.1067789907477,5.91660073522076,0.943778896453688,0.0298478324738568,1,0.239800145822745,0.668012902961463,0.901270319088129,0.205403395253137,0.387928954685467,0.232240832372404,0.878141745853239,0.194698542894292,0.547715585006774,0.181024432705813,0.364932998880474,0.260057686254356
3.89917873998094,0.74236913860256,14.7685842434058,6.0130082333529,0.944049645957835,0.0425924367195066,1,-0.740871579813373,0.898784141155198,0.816707110268834,0.290622401771669,0.836096502206716,0.236126792725412,0.721097763582816,0.20633941148884,0.145997393425453,0.287120274859189,0.711723994722224,0.243950022244352
3.57378171377769,0.794466124760438,23.9412024124544,10.4561954816652,0.924208882797147,0.0483409791200953,1,0.0931998965200489,0.700502999151173,0.666830262788363,0.248191698229867,0.327381526325191,0.321059349712328,0.172731076875707,0.319484753578137,0.66046825159157,0.222257572868831,0.5826778110284,0.21475814291268
4.9179714295397,1.26141462859588,27.3305841276138,14.0182478555264,0.949836622341968,0.0472431739483507,1,0.359825824388829,0.995311456567559,0.765051908562832,0.233708666829724,0.592062437688493,0.279368873423121,0.577350803975495,0.288560717942373,0.799454394552424,0.302032838028413,0.546321552472526,0.382576130561716
4.5028126545556,1.10798180111094,37.7730179066207,16.9910172702855,0.922690423908055,0.0638288817913089,1,-0.51551222688072,0.773362359450914,1.21543196664793,0.259962807833819,0.973017784354289,0.222582305091567,0.782089800161358,0.331013538104169,0.969890525059284,0.234003765820668,0.77010744229449,0.215784112264086
5.6805696084884,0.969106434801755,23.0465349999378,8.56016584574521,0.907526420661971,0.0646807531495987,1,0.223246315341381,0.712079828672037,0.885070015699383,0.206618819121329,0.61183690063756,0.274395031612353,0.845427529891471,0.228178974003583,0.934613509836915,0.259926142602864,0.759198286966564,0.192138927455764
3.04058644430667,0.607484287357458,11.6956070275353,4.29316891346662,0.829218258501964,0.125722837415113,1,-1.17442780347354,0.651990141860772,0.483941175823155,0.265890412712482,0.772788909541979,0.270023470856356,0.357409414897694,0.263320449176092,0.732800937137751,0.208720902771531,0.754532398002957,0.17473880134809
3.18005799536503,0.575176116323945,9.10022253711612,3.51971692668027,0.366899639175659,0.268559233199847,1,0.137421541228164,0.364051348532541,0.474774724371437,0.179297751999391,0.342855881626705,0.205987832548819,0.219692631542571,0.304790214820261,0.825752205407547,0.211982729633405,0.229355926968476,0.254445579295219
4.47909420275402,0.850488981823571,13.4149887432463,5.63867492991995,0.77859667985811,0.252421304668663,1,0.353001129421893,0.533154315146367,0.878423496409311,0.239048338303504,0.480299271366623,0.274682367944002,0.562065158353651,0.236290427429492,0.398898923282742,0.296985139106525,0.389212140405743,0.313404578896306
5.04304744844892,1.08000239121769,22.3926902234623,9.64802793019011,0.950883736577977,0.0383599718188141,1,0.2066816937006,0.928027035460143,0.758958242064825,0.20160902032862,0.878951716478753,0.293633573547379,0.701971896471385,0.25534042972613,0.6672417217531,0.276312987117304,1.18145220245379,0.205268017456366
4.21507899271624,0.739534614218453,15.606043286808,5.62093345024776,0.526244975718998,0.49526262540752,1,0.231807250702196,0.644127483904328,0.788224301715541,0.252003031584341,0.681997369696874,0.178225119482952,0.918461460736126,0.171732705422883,0.549985823529869,0.270357072354369,0.625597156244995,0.285146252008771
3.8754348435347,0.672606669039138,10.1371510537365,3.70959807491289,0.862028194562008,0.110028803462634,1,-0.505211845394418,0.895634691238526,0.60758033714172,0.3764383412685,0.693589001156615,0.179626833490329,0.508135199919385,0.203733146330596,0.486859113194499,0.21001333882558,0.790802481869524,0.17227297793689
5.11045259878374,0.97682560194307,24.6504497483863,9.46688191483008,0.446829284428256,0.538671342207431,1,0.700874031353304,0.427364061511499,0.354892889380436,0.238422434678367,0.799841070813229,0.194079843735507,0.909536902009752,0.225996440558671,0.880295224002053,0.251605458615408,0.780352051266657,0.212295644048478
3.30785014756635,0.585294705697592,8.92484128032848,3.13719531163117,0.90983966296149,0.045226751862875,1,-1.33941219581497,0.763234423982684,1.03089297594022,0.20803618596044,0.675907325384886,0.163601253287268,0.727134512668308,0.166922854650177,0.445890532767342,0.240581430503149,0.223046533332771,0.261526663385751
4.83599388685249,0.932284871661083,22.5581225384582,9.13754305698874,0.929872847088941,0.0582092932001485,1,-0.225480374967696,0.901455552742931,0.556170939533272,0.354809076363459,0.747816606853965,0.296135466070582,1.10692951590658,0.213114054669249,0.793798166773832,0.206510268532022,0.782621467386463,0.177194091280194
3.90355876513862,0.694352302002593,10.5010620973893,4.0211355798291,0.697719846166639,0.31026939166639,1,0.35635541338953,0.491042212864873,0.50330470973928,0.191214606987686,0.649378843223595,0.206836202425309,0.599325851885886,0.224631929984707,0.418698847071207,0.267357663232124,0.897663565590336,0.239698991588204
3.17911758661622,0.594396679026169,13.4048783458999,4.81770176491853,0.855675408629947,0.107511711211728,1,-0.161882127936088,0.469603494127536,0.903541845610691,0.172022390038928,0.814192974591557,0.210673342063572,0.723130843876562,0.22186488388215,0.772155804659942,0.218968791080785,0.565792533195832,0.303331997527254
4.26947997826044,0.822556098590407,21.6534309861087,8.52392454079233,0.70803054841466,0.342969153299995,1,0.511125363589038,0.583411790842584,0.305435734385839,0.30187344459343,0.673489644248794,0.212165639279799,0.554790038443079,0.219767413216178,0.928319755922755,0.199546318067991,0.649255368447077,0.249031500092993
5.67302261087275,1.04032561349083,26.0453177070332,10.1127239272568,0.906657978192886,0.0741322014846835,1,0.533451726798572,1.00826923784779,0.894622305786552,0.174133383551875,0.877467940216215,0.304847910121731,0.851482690109168,0.260020391213298,1.16963965902811,0.159937869195241,0.737065425256239,0.272885434276166
4.12528186195781,0.619037888373157,11.5300113602984,3.79260092789537,0.254574000793544,0.403859930875464,1,1.13156796190488,0.389050813733682,-0.198990391704758,0.355437550214499,0.740045454074375,0.230658459407223,0.710470130723518,0.206366530561574,0.445140395024454,0.254640984693356,0.854665991078276,0.14497410141614
5.16100870123555,1.09264978838273,35.57135033678,14.6523389085167,0.927872175941729,0.0550421652733152,1,1.04520732143612,0.84027887733237,0.585053113833907,0.30139347780453,0.990278343299018,0.269102924580113,0.947837104462499,0.257356523996034,0.654826712930065,0.266771691456571,1.03464499070756,0.225130596455762
4.9362286245801,0.945432955695752,23.3334080541851,9.54889189264373,0.854613694352174,0.121846385111455,1,0.3881421115227,0.595281021775121,-0.286409684923886,0.400081391290528,1.07384547338479,0.205105470838359,0.676100734751544,0.230531445224674,0.514557829970675,0.234834892561699,0.783674683591065,0.294497828013459
3.01095395453787,0.46210162747648,9.82870941831747,2.77582616646827,0.830490441355445,0.118097992652299,1,0.136813638605426,0.545974304776026,0.566205225253149,0.219511786656444,0.746411655152734,0.175477342668935,0.464279542210935,0.20482658774874,0.587267317152085,0.202866976828703,0.895358138589873,0.142074943602027
2.47395878240041,0.416396410608303,8.57073977446784,2.56636646507078,0.722130463127864,0.22392996890825,1,0.147834812904369,0.490931741305686,0.649192637830307,0.194363308534563,0.513889525560042,0.183484247657813,0.57066815626157,0.193290937963213,0.25228572955992,0.236128285035459,0.568050740352074,0.189804131910821
4.93064951877905,0.882182031843985,20.7037070206158,7.80215351558421,0.947393125476697,0.0293829817378018,1,-0.261215573045207,0.864489935960684,0.626816264702296,0.281233552350111,0.999392347251287,0.244605071423884,0.830712600791517,0.161420156211021,0.62551727015477,0.238192006784695,0.908449282113751,0.199441405331677
5.34467186838031,1.04277792064522,25.7520578905112,10.2500441765078,0.932649055830438,0.0557484773220096,1,0.680883737071276,0.840418922152831,0.778064769742462,0.330708275401688,0.326738131688458,0.306694441202777,0.595927921608367,0.175566338168388,1.02862121901023,0.159582093508954,1.10652584487256,0.210698034593463
3.48401493718229,0.738207848088566,25.2427830498855,9.01832453892318,0.833184213101994,0.153456488515181,1,-0.557734130055673,0.55179674620348,0.958959919558966,0.216762130486023,0.76717893724777,0.222894558791098,0.589153502668993,0.20341638515741,0.550685168553152,0.21760175852827,0.747674259980237,0.239218740625864
4.27837171782016,0.845977631907167,14.5916825402939,6.05597516116463,0.867520808627583,0.0956080459057322,1,0.418094412276734,0.603829030441199,0.74184280246441,0.181662659264767,0.717623130386877,0.228101915390411,0.532875522737945,0.269147670104796,1.05653484516174,0.219096683400016,0.199361527996958,0.357037802482396
4.19855394846675,0.940131740960578,23.2789860461049,9.67692977790122,0.881332523805529,0.12163609695132,1,-0.983437923036575,1.00011400946484,0.73886116841357,0.363007993893106,0.801493536419205,0.262960427039346,0.291187032139916,0.269765536367295,0.809308991629818,0.16112401454567,0.634238829484814,0.240566818577823
3.28042114488574,0.597877174612375,11.7224011777602,4.06407575925407,0.868466417734368,0.142966965117769,1,0.853583169797836,0.705455298825949,0.269971838830097,0.289723518035824,0.864082345772507,0.174947940137826,0.746026889061031,0.185114365000801,0.472185537545051,0.273813936434264,0.673821260080505,0.222012641599227
4.07326106763544,0.844598432565399,19.9068662890302,8.49631384620008,0.94834431029223,0.0474656535113417,1,0.611269612156509,1.01722518362799,0.603934284029129,0.390543177592743,0.844153332076887,0.248899344189241,0.732990701675075,0.254775543068168,0.480717732154081,0.298450502507197,0.919944678690494,0.208142673887491
3.46770370805935,0.735598346513643,14.2286243416378,5.63188002122629,0.904050634996642,0.0471793775347012,1,0.329591407786686,0.775474974440356,0.577436823321614,0.300425895602337,0.886608599573596,0.254219505414434,0.23393240085358,0.299879886714675,0.903739528387977,0.229332657041599,0.660882235714479,0.182026190723366
4.31677798649557,0.772453359099376,13.8413377272153,5.03045049884096,0.913900740733247,0.0487784265213264,1,-0.36173629404745,0.697604646441021,0.864483323872254,0.285636882236037,0.811131498181358,0.169127733181169,0.47885540545911,0.210877197242691,0.514294609817739,0.212482166317415,0.741850615003229,0.199111726080744
4.46887068577005,0.873916232433904,14.625441164747,6.34726170786274,0.941067629100043,0.0384304865997296,1,-0.219083598967039,1.06245938801107,0.789151162694133,0.2150467877174,0.802127734391276,0.217111860708053,0.327381395836922,0.381278040634303,0.93613770235929,0.284768877023182,0.452223750611126,0.240565208759341
3.86229563372328,0.562091841149988,9.57807798207304,3.4315315630966,0.955177232636792,0.0212362820046651,1,-0.415559556478602,0.738715540612841,1.04320354370542,0.173068669700912,0.567650093156997,0.256082855629495,0.487434990465736,0.260086488016631,0.924543474801672,0.168558633447764,0.389252537439776,0.196482375906145
4.8948387701293,0.910724879806704,22.2130123437747,8.80581740008107,0.921814667742249,0.061512609832495,1,1.06365226081643,0.819052484600975,0.410859285012139,0.436428866725329,0.98089223475387,0.255299285155934,0.792291879041105,0.229377968249417,0.831041097661396,0.22020649840098,0.880704838363429,0.207141468800922
4.02205051094492,0.574488791952019,11.8585707977905,3.63156268570446,0.710708207501266,0.389936590672762,1,0.904218053496826,0.567199462990256,0.586806321764266,0.170447296230862,0.778476716993428,0.175581408615409,0.386647771537103,0.206965528962708,0.923649341931748,0.13137846634931,0.867708472514342,0.174301466855707
3.83112618018639,0.611313542663267,13.0957261826061,3.9077009858203,0.463417570649561,0.286823179972651,1,-0.342716675613449,0.418057441576081,0.573461187668052,0.241986048442485,0.657355658447385,0.22513100746613,0.563280653360047,0.239600610331823,0.37612339422445,0.210900059207757,0.938656269708535,0.170381989182825
3.69614475098391,0.623190852907104,8.99007098859686,3.38102787922599,0.910836741953897,0.0602336813431647,1,0.40529306303225,0.579462899658294,0.682640043367381,0.197841201319984,0.676096890515243,0.188058617170355,0.405483001784242,0.283802428458927,0.764333407451642,0.20348247366833,0.96985046504082,0.219935773936886
4.46906493396647,0.749610329975233,15.9515717671075,5.82888384317306,0.965305578620146,0.0104059879503479,1,0.339732925902068,0.96693345260178,0.789117771129226,0.284398361166461,1.06724869809515,0.235689339298197,0.720420284615522,0.169041072702177,0.924746153137043,0.155411742298082,1.00682381650692,0.162952198604807
3.74133800458288,0.769043080478772,17.1520419886806,6.71359656396384,0.905316719557736,0.0578134225733262,1,0.149297119368536,0.595247679455018,0.582245912990889,0.197252362960591,0.739223837994191,0.225616225971791,0.635883805033746,0.225848617136637,0.409925412604321,0.278482557863139,0.901398659478786,0.269752777761274
5.39200755886062,1.16316645257479,32.0364087297279,14.181445232329,0.955275173504263,0.0363231981922134,1,0.615080473193327,1.02411029669663,1.07372436564049,0.309018952023169,0.733634566134668,0.266956674811876,1.14380542795648,0.272720237290988,1.07674458243201,0.22277637834867,1.15358457474523,0.212890555627589
3.99226786112218,0.595772404314793,13.6186751792753,3.87832083216265,0.808172621689567,0.208075193032654,1,1.30850004891965,0.576533056807187,0.574303595807053,0.246912475444079,0.433329721972698,0.246909592826263,0.88613312479315,0.191891412509452,0.411160821306213,0.255952303122089,0.641961846284157,0.202255580093648
4.20254930648052,0.739385850311173,18.1619907660312,6.07698560309848,0.935733669968708,0.0400488231711538,1,-0.727728377317611,0.783599527665444,0.93148791985707,0.25082430093781,1.1297047033846,0.160266597034302,0.986077279350428,0.198427961651083,0.571330086415895,0.195504701232713,0.968888625371146,0.204816267348371
3.10104303217361,0.540560750881731,9.03509403686783,3.22076287436411,0.857484607565414,0.106873203036718,1,-0.579465394343284,0.590264316846112,0.658165626798625,0.215440268912531,0.892658369837974,0.144982699557389,0.270015757223025,0.254235545180203,0.516055222257271,0.271518076373545,0.664261557929222,0.223432827165132
5.21377913445515,0.960458410032018,17.1278985828992,6.68096976676439,0.926075839145303,0.0519194288074532,1,-0.217071451241578,0.853813174143178,0.795414424241089,0.310760956348526,0.829983762489676,0.224506582875438,0.760259912850536,0.208791646849145,1.08430704304998,0.224703153773753,0.855003267700792,0.227152036040194
4.14676078899366,0.908287941341618,21.8198162525247,8.7592628173898,0.925451441615718,0.0555453536941868,1,1.17512330126503,0.888723507647399,0.772341378863893,0.179118093472114,0.756158984823293,0.246697009069883,0.814259076332294,0.282670262527349,0.899107995731636,0.225160720226021,0.814700059706581,0.215376782359946
4.14979674159019,0.681696070746017,17.483108878164,5.51560914358287,0.781964983452636,0.192781424810494,1,-0.355485354019077,0.599653004593091,0.428088275654545,0.355538666035184,0.578356895163683,0.226079350404568,1.11437020105599,0.128563085895185,0.640513010628838,0.199384201124956,0.97245430407454,0.207574783565538
4.32225261635768,0.578015310564039,12.643409750933,3.67410800144,0.749268191452027,0.210323311285298,1,-0.273502806869912,0.531357494703665,0.463465150008642,0.265689594970127,0.813060976295256,0.192818918580533,0.33735452279583,0.226081696563803,0.934288421096584,0.151408428511174,0.700876486256695,0.160216457609121
4.07229416966963,0.777870684306067,12.1272504256232,4.56070793742597,0.929659389070557,0.0335855720266334,1,-0.314210449505712,0.586171591245009,0.790068362159122,0.159679734267367,0.431958825474064,0.227233751125611,0.656928197266455,0.21226807459385,0.483959626535741,0.274898750206457,1.08224517832944,0.201135071441456
4.74707119384055,0.850454212167185,18.8597559618013,6.9949321185969,0.949339114442306,0.0262458631529898,1,-1.42706496883824,0.84713630759652,1.21172623365511,0.252614685426366,0.951692593934945,0.240244698394422,0.765940000742268,0.223196655593056,0.937074401661265,0.157676902195143,0.785286118911211,0.20283779749382
4.83404931048686,0.988188504842502,24.3206162251802,10.249488102188,0.949387642521484,0.0286267053558867,1,-0.0379532290877761,0.710139650232877,0.795745600287791,0.177274992143131,0.889754477295677,0.280238968409894,1.04568447479055,0.263163193177891,1.23013180793088,0.241456469316755,1.00627370817449,0.251144472179408
4.46478058269807,0.795173954362359,13.6950424288426,5.31901019727663,0.899242271858159,0.0588138753590131,1,-0.643429255715443,0.880817058755514,0.820958341124955,0.316561885622518,0.742378349101707,0.156828705274208,0.670492310140139,0.19277693294488,0.852218040688495,0.202213703021167,0.588971711124028,0.235502788617628
5.12709237059421,1.16201315511489,39.656054116663,17.2116558211957,0.895948476971991,0.0863341298886769,1,0.868000726054383,0.70705249061402,0.712625761901101,0.306759331773089,1.10155804525056,0.186732720254316,0.591067254397839,0.334371829356856,0.940263294030591,0.214918897925296,0.669919049093729,0.331374403635027
4.26372285107816,0.786133820281603,21.4618331208089,7.01074496697332,0.821218827940069,0.176121717457789,1,0.297157466560622,0.563543963224517,0.832473909527673,0.217899667971628,0.486157446695853,0.262003847981397,0.706335601346111,0.246585926599439,0.522635533722521,0.229545111942512,0.840161609595478,0.195397507756018
4.06298901867819,0.739880917209192,16.8930547633983,6.10574008789893,0.8921472105496,0.0903876973713678,1,0.347928413605577,0.54269071879492,0.441452347740447,0.247520687693961,1.06982668818554,0.180527278669022,0.451719472524413,0.256222095303766,0.578012818478712,0.246203944592404,0.894337117711855,0.202188036299321
4.22204858419823,0.783895225401543,14.9632304507206,5.98591695198683,0.894841317499296,0.0768080917117819,1,0.0235069861991858,0.669411914162403,0.713764882555644,0.32168102994994,0.744803794042186,0.18947414723035,0.530755648604932,0.190417875335887,0.503152217807917,0.203934778705618,0.276733263468014,0.297809124978539
3.68985776507025,0.664799442662434,15.4831455045484,5.40712520940041,0.952005806037525,0.0297845783972837,1,-0.978883710609693,0.891115964013341,0.795079698253964,0.185615945904057,0.853082809149243,0.204147471423364,0.427537069619988,0.228797687814289,1.0377545087488,0.153551314825024,0.837112449133666,0.158777155996992
6.19268750563451,1.23459667039153,39.7690592401774,15.5711193295572,0.907309065472506,0.0680728552393716,1,-0.624948432447754,0.645963996338541,0.92504442259957,0.202272592841202,1.10358632353206,0.250155045768584,0.409639563331551,0.327978052720934,0.946244728557917,0.235064377395132,0.760868619302198,0.223997268704012
3.33136145389069,0.48980921418592,6.25713905384614,2.04663737689913,0.717636543455141,0.193952767439986,1,0.0734064231066475,0.449146591296683,0.43889582083781,0.218236097999872,0.620755862382918,0.206358522247902,0.19609090649284,0.250732589615592,0.430610114746768,0.20703312533166,0.592716962639735,0.186651621791486
3.73470261438394,0.673801344116383,15.1049796863084,5.37987718967745,0.83432331731938,0.147200091903038,1,-0.358133721930857,0.676315015994475,0.822486708840217,0.223088025038379,0.242257509067235,0.259523004263449,0.81763486364327,0.194873334534201,0.726133219772589,0.225996741560371,0.408856972795065,0.266323289313061
4.49066073141861,0.794479909426608,19.0047716579465,6.77438505319863,0.955033373174605,0.021689486534383,1,-0.878783766796171,0.922394736886361,1.15294100950143,0.21601229195553,0.879918709344668,0.21095056384101,1.11039435008779,0.174897413974153,0.477937623522215,0.268632061070256,0.838579222167184,0.220410851461949
3.77548961498769,0.929641137207885,25.1613633231834,12.3178391573738,0.973578043900934,0.0142371918042171,1,-0.601584913843506,0.920303758073259,0.955196954375794,0.253139597124511,1.24076125826635,0.210607353127702,0.942845831039392,0.201276737863309,1.06465478659594,0.285148046750531,1.06991801664203,0.316035606199153
3.29991310786181,0.725491397862579,17.2449918701114,6.48083138190003,0.0560541136930751,0.362287383687838,1,-0.578283601814641,0.404630920508573,0.559864545146719,0.174995348038456,0.841696541989964,0.260945603365193,0.118254886482419,0.321523405754705,0.326093086175151,0.242227014777972,0.67924418135364,0.22818381899666
3.37396054593441,0.553356580193053,10.4222569810605,3.41743388186167,0.91583333393468,0.0413873300632387,1,-1.21271696005803,0.819139727333409,1.03613145432093,0.243779843231603,0.622016403175837,0.192536013194812,0.640888964096012,0.195021746507332,0.653378577701382,0.16745256833187,0.433694319417823,0.215286825225573
5.13656254347557,1.42317891263896,32.9896024734464,18.0757726763918,0.948189024146594,0.0416705686638701,1,-0.892388956143037,1.07662776932699,1.18097896425418,0.215246352160199,1.06352218332757,0.307309666516114,0.856969834878538,0.322348066818308,1.1269264964722,0.307683569600519,0.206752734573725,0.426520939971377
3.7627896324718,0.822223708267365,19.6647389062422,7.88230888686559,0.779392375498985,0.303356897847201,1,0.163222716680827,0.547839074942843,0.981726549892354,0.240404738596617,0.202662495703232,0.318170031070673,0.381339359313737,0.269576314897098,0.681553614741576,0.243228889332101,1.02113212163054,0.208403477974149
4.86589435805576,0.820407165882184,19.7339264789353,7.13102556322757,0.92631495867732,0.0441160971758104,1,-0.875225012335967,0.701705025813375,1.09796378425735,0.243633337844034,0.634179063258927,0.22811045871116,0.906443323256162,0.16130192897495,0.645704524831507,0.207989710621435,0.895269279376965,0.179722256153304
4.9630083150694,1.02252729758201,17.9991166352795,7.69800236073418,0.929881854170966,0.0460831440364784,1,0.350390934733505,0.790999398724271,0.66310996878622,0.248951904823479,0.364100473804793,0.273650295210404,0.959669521608125,0.23563962912666,0.84206641335483,0.206769397021272,0.502709573527121,0.307321007322618
3.70497165607875,0.631679289328716,14.2550711526622,4.97816675980061,0.913527874237503,0.0513393188446366,1,0.0826653841219487,0.716879450536506,0.534855372206029,0.246690600187477,0.545659348332422,0.203298634969705,0.861125789315998,0.155173093576577,0.724708750112733,0.16850307067107,0.560453597344393,0.249707688553393
3.64114572258443,0.661156018450828,12.1688634414011,4.59715929195609,0.867577294016402,0.0914197779131931,1,-0.693136595820969,0.756802725941344,0.728569974795983,0.159431110864663,0.431823047451658,0.319628247571548,0.534056282444616,0.24645791018455,0.233255581313213,0.232426635130499,0.70112580227222,0.182162963157835
1.97142394191797,0.440549198754318,9.8703079005401,3.42485673848928,0.937006947779996,0.0313505753217364,1,-0.323611949478406,0.53947616370986,0.737221970936304,0.153835707870511,0.708265798621932,0.167146018974175,0.884067700844517,0.13888312687647,0.555717684251266,0.250688718937299,0.424162939491543,0.300266321894704
4.75667148390857,1.04086361359442,20.5625174101631,9.34542478517143,0.918221060056034,0.0412311266159575,1,0.166609662372475,0.714694736468805,0.471921427703652,0.260440376525069,0.774615200303502,0.211980740392977,0.899286303547553,0.254921332021637,0.552911797758706,0.309596136471139,0.82969418528253,0.255724868468228
3.1866655944148,0.676186170528424,16.2269432697995,6.34623777460183,0.614103898918826,0.448271484548181,1,-0.473260265832048,0.550580340488591,0.47023340553278,0.281816924429906,0.910159018194673,0.186174352446485,0.768570047892225,0.195375621842697,0.410237214071765,0.272005699513815,0.869671991583546,0.219933125421385
3.72382612746884,0.708283112707128,15.6129798947448,5.38319220974468,0.910267686081476,0.0602390984842033,1,0.163601285912683,0.791179981265399,0.824123462366433,0.216103963889236,0.445334780031605,0.254225203760683,0.879961247709992,0.170347863049038,0.737406904743721,0.198907108338236,0.637061614101601,0.228005487130225
5.06218802277228,1.08505599648274,16.8420284725469,7.48290904460159,0.877463039167161,0.115577041580534,1,-0.0815532253865441,0.801770490710775,0.709590446337446,0.225286890870269,0.273477839505493,0.308211010425985,0.808517212134426,0.289282567765428,0.572473833265392,0.307738839161168,0.789614706207472,0.278402671742926
3.64973534296706,0.697567264298097,16.1581279749245,5.61066041274417,0.60903565682245,0.448970379004896,1,0.283932528667232,0.595967548950656,0.598758748059733,0.291851308583215,0.705683770657046,0.211459528569742,0.69303401970574,0.206712204600515,0.368129646268392,0.254781720014481,0.356297540820682,0.27175441627276
4.8144643911119,0.966545636893254,22.6684949898063,9.15406279128608,0.876887619594559,0.0997428129858834,1,0.161363457629835,0.657552578486713,0.721065604186165,0.271156172404479,0.751326961986638,0.270506427201357,0.75204907122678,0.217817498598278,0.77553203310063,0.267635343565573,0.798567027542918,0.21616300648512
5.47247330646574,1.18174449062416,35.3660703539375,15.0043083554745,0.591170655017383,0.69248915371277,1,0.62147098548519,0.775295844504389,0.861341456462726,0.262186682487664,0.899143409754336,0.219192438616771,0.969634218594338,0.213075109366346,0.794746303003748,0.210069743057149,0.724635049128084,0.218598129435175
3.61369455870637,0.55384274765076,10.8811181747345,3.64890082958966,0.923732056624612,0.0403567735991704,1,-0.332496367934945,0.781347112928328,0.975101509938059,0.281487115837877,0.271216363298983,0.246054405026345,0.645853037406942,0.160082871214271,0.693763509925497,0.223329079110854,0.84226598205782,0.18122476144844
3.7185784671283,0.69443440397093,15.6180645851169,5.39434695288856,0.780646808798313,0.147528789253566,1,-0.470471878966035,0.46392205278285,0.781330258066276,0.167248530548101,0.403133707296381,0.209674473945956,0.267474938270043,0.266024816773761,0.985768890103722,0.218882692205959,0.812891522383848,0.215776275879475
4.21974260031585,1.05871631729091,25.2366112963914,11.5040779345304,0.77266398489624,0.162873138425219,1,-0.847128004432285,0.579789360039471,0.980565789680006,0.146961998493568,0.14067316748061,0.419682718560706,0.652584021004748,0.357875522009154,0.287866555888698,0.28509711751092,0.635023665774177,0.254595373844581
4.25585292734985,0.87859277764121,23.3599443257198,8.88550105979766,0.712660920219023,0.33262614320552,1,0.494948992628345,0.678855067507415,0.565913917834976,0.202162262312028,0.648266548835424,0.286479228535484,0.477612227862885,0.280010338701875,0.580937501846956,0.252339668941621,0.713668681412559,0.242922020660083
3.56086032744101,0.618635972035091,13.4377050645269,4.81894134653573,0.881191889383271,0.0740180134230237,1,-0.294922312568921,0.727335506409536,0.66117818602987,0.305450618446209,0.480648599522645,0.28858310096309,0.94525258037185,0.103876363693046,0.544021401217712,0.190462933669171,0.723919169786199,0.237342944334515
3.6554568482903,0.683994924038998,15.4496482514592,5.67398486595919,0.704165952677374,0.232116496569534,1,0.502898638392375,0.638254008241949,0.488279480953244,0.269115323432459,0.393980733781778,0.288384895029106,0.757394248027236,0.215909128447242,1.08355077580056,0.177457529808653,0.736599236327639,0.216349459710792
4.53520148496226,0.721612767115352,19.350127658483,6.34427539453629,0.834232863682101,0.115118795105517,1,0.894412520261695,0.585260125967217,0.787159729880893,0.221547245209384,0.697799572929046,0.161466031472215,0.888752199083056,0.148746855391777,0.966842384133578,0.194957272249759,0.818890751109855,0.246888237454667
4.6972330871318,0.91892937118191,19.4339488310664,7.96234893483239,0.946909934928616,0.039295143959754,1,1.09598153207199,0.928318827636558,0.518288787604475,0.265466764047754,0.784519824208186,0.212654699464829,0.777043671109759,0.21722290615905,0.595016422641292,0.260543210706844,0.571672263816229,0.246489944257908
2.95525280037403,0.660319847314862,14.168693289042,5.65543495207748,0.935491410388994,0.0430854171537673,1,0.200615725972172,0.671303745320099,0.157553365176508,0.268637180886628,0.701391002586004,0.20319490386464,0.578113497763925,0.271075192679502,0.725511026874011,0.165717295406677,0.205213661208367,0.237105587522803
4.70660412108504,0.996252491160074,25.9536042309784,10.3923498808912,0.959959508812372,0.0237595390546243,1,1.2418494029755,1.00579222718299,0.160070778858238,0.396884243980215,1.05302660169684,0.257835271169653,0.698656170517197,0.211566470111112,0.941896102076353,0.178516763043931,0.855391391910226,0.240898049966142
3.10039186843309,0.611772012564328,11.8622074680887,4.49861734249266,0.744708254997,0.246863394635002,1,-1.18706243894614,0.64191809333874,0.556384385819045,0.270498841038558,0.831817637839227,0.184963266791852,0.440380129305463,0.210062475238794,0.601899693842189,0.216147284825429,0.271277802807312,0.241860245622317
3.90616126157995,0.78534048363011,16.9594240744495,6.83586288969187,0.834684923021531,0.14896276202781,1,0.0916322860723129,0.589042772939909,0.552299040506769,0.226683951111988,0.468967717583005,0.268593251633951,0.890347017451516,0.215422207871017,0.738289937506488,0.261525995097276,0.575617468355424,0.261152710986281
4.22727870318632,0.804617216068412,14.4010334996437,6.75705295041955,0.981780309802276,0.01034849786088,1,-0.156311667551886,1.26141119145244,0.823541851240111,0.225775948268428,0.912814961635434,0.254489689613665,0.765005145016102,0.261804473836999,0.842697984007539,0.266600719876473,0.808526798223895,0.254673990498022
4.40295608457443,0.758748989188545,15.2528848825946,5.53076050897526,0.899575503267566,0.0728023569988827,1,0.666163850861437,0.673024856119824,0.582870964392944,0.255336127261013,0.591013994456694,0.21265857227858,0.724791665303509,0.15396801197555,0.543488889337832,0.223123603181604,0.728937236050636,0.250322814325291
3.775901671169,0.570647804634516,10.6383474457033,3.54918865490022,0.911770759534373,0.0475124410464022,1,0.391262326925345,0.731083983262932,0.151663574560309,0.407041167192069,0.833722252887992,0.234203452735195,0.514418920842765,0.220340434371677,0.697755389648626,0.178885440805288,0.86632977036749,0.156393271312491
3.65858035671055,0.613767740643898,11.7969069705622,3.96415922852215,0.857201025625012,0.119496914169967,1,-0.497218903343395,0.59172150804222,0.627028331838205,0.261677621715156,1.04407545104831,0.187643506100821,0.508705867684168,0.246610271801401,0.690856654610345,0.188016566241586,0.535394724665963,0.188986214145272
3.72644914488862,0.72036560925367,16.0337521130095,5.83013402449514,0.771665196853926,0.165142639287459,1,-1.43558572260097,0.6165691380786,0.741682347561059,0.162254975259015,0.840645572505279,0.192836833083457,0.336377821362773,0.288573037690876,0.683927526970855,0.170307480651364,0.850536635933445,0.203092273753856
3.7148382594645,0.57656994275782,11.0076461534629,3.84824517296174,0.912683991019157,0.0415423734264229,1,0.861209287069887,0.76319892955803,0.753202625616066,0.262663343069724,0.824835554720486,0.159176105042035,0.604254744374749,0.200818660113107,0.666051032287819,0.207791720827763,0.667488238024805,0.24362968495528
3.76432916652919,0.701839741325694,13.6745913002476,5.21190442462663,0.863041507194756,0.106363432957846,1,-0.993421886745008,0.655496199606437,0.889623573064627,0.216436477204885,0.537648727327872,0.176709667932477,0.694288399189834,0.240782195198068,0.280166151529243,0.30801192480804,0.735423025618382,0.220421983324168
4.48361236828057,0.833508353215289,19.1515741250781,6.60315856414339,0.172906893715012,0.299213205590282,1,-0.17211156983618,0.752307411528245,0.526049411506628,0.290531634893331,0.820932362615933,0.199004106528992,0.938976599029015,0.203142384238899,0.66221643225054,0.250044603043327,0.911276355246164,0.158381432425487
3.89395237884425,0.600872170037359,12.3523681193808,3.87790939434768,0.454202475672981,0.660871414784192,1,-0.049583281526699,0.486481669902609,0.626318751077557,0.227526874043624,0.314067256249735,0.284468485206589,0.541462137537297,0.171536586822536,0.69819414399845,0.153769037321425,0.506524562527822,0.201540082667991
3.98691091430074,0.674369557309058,18.8354026124291,5.70732907809338,0.862883402108128,0.117098519324049,1,0.160149216114614,0.605675356257576,0.62272919659918,0.221044879882814,0.348187345656009,0.20856859635669,0.818505572412383,0.187781582949884,0.768932629626839,0.223654625462442,0.641246815334309,0.189304799821177
4.60162174309815,0.725125731895186,16.5887670946425,5.53925496275595,0.911489183855698,0.0530504488891947,1,-0.267947607241718,0.98814420238189,1.02681210129351,0.341731161287727,0.57584039694409,0.251198729256026,1.13065343575537,0.183679876474783,0.923072786117477,0.151126369225971,0.727755168616539,0.153063774020675
3.59293584661765,0.681274335830026,17.7079330080285,6.2379188825874,0.789402781062236,0.26542074640817,1,0.18708124876745,0.572464473608946,0.935558205657857,0.168806942411753,0.437245631204469,0.167198995968522,0.632563262512151,0.182076769901258,0.428820298765411,0.226564147871528,0.465958463204082,0.225474473978166
4.27816323496652,0.840273959505614,16.8938820908217,6.58309230641469,0.946545512089373,0.0323776896236759,1,-0.643879353658238,0.908647855364796,0.498254229046475,0.37621026490477,0.88350842660136,0.262296893174753,0.826920536334287,0.239406605747426,0.838069298376926,0.162058893404365,0.783580365052447,0.171551822548303
3.61179068977152,0.776759856307297,20.6643541430961,8.03358915584348,0.907070543795082,0.0679235246903886,1,1.07751909416873,0.680238097568666,0.327815600874249,0.350442648872229,0.474365376927513,0.276018469424686,0.528108896590296,0.233261424185007,0.447063570142484,0.25036233647108,0.793206668679467,0.14284070510136
3.42260440812428,0.648791745407883,13.1275015089803,4.53866598510774,0.835940238519827,0.103661616429947,1,0.0622939076393998,0.623571125913929,0.353810988028718,0.286585730835627,0.67311224030095,0.160872083519278,0.713173940759514,0.196726309466942,0.546952883383577,0.212808289527375,0.471743261746197,0.236482451804986
4.41954145941559,0.688124509588824,11.1864756963181,4.33018122151178,0.933332837831079,0.0411309585707586,1,0.25536321526985,0.672712757564636,0.596910577073067,0.191655980977021,0.613880667085387,0.203672068639091,0.804971497731292,0.184950672204001,0.825595677394611,0.19384458182816,0.745971544775187,0.212255983898076
4.0230417741255,0.592841670925377,7.58817004179132,2.57220198202544,0.827170957455191,0.106974699257866,1,0.346284075198903,0.658880145837905,0.283306281249617,0.29031757127583,0.785042678559506,0.221646552067314,0.599157900579391,0.195156917316951,0.830762724096482,0.185241276104664,0.704833916395067,0.161250332549146
3.44040923198779,0.568353895986904,10.2274848375124,3.45794177521368,0.887161074972783,0.0763460390324857,1,-0.503481058327697,0.622097674142313,0.838822432367995,0.151996275616097,0.838860691436249,0.180912831253013,0.789196701623518,0.195992271303994,0.357431123851768,0.252778281548748,0.219065265523887,0.28692291171479
4.24721501326146,0.732502047851139,18.0214663035778,6.55182886376173,0.910358601251784,0.0606416415318244,1,-0.0118651338335065,0.589554079108164,0.957256410577026,0.187372875745654,0.636144415606156,0.226239682624009,0.705790774653809,0.175408144322255,0.573786172974099,0.244601323460117,0.753726428999549,0.213552073810321
5.59643109140166,1.4133396674084,28.8144881972951,15.1828885034959,0.920027883629977,0.0743207660392618,1,2.38015954997493,1.26615689711816,0.190095128029512,0.569919089749548,0.833015363157661,0.367142342850298,0.665201660508838,0.303482874474217,0.90066389562255,0.292147681430398,0.903768548316826,0.31397676309895
4.88041577765457,0.89373603651695,21.6381806945254,8.20669437723776,0.906930932778847,0.0668590735308807,1,-0.260985983601225,0.991700081242824,0.697462229237855,0.399625162968878,0.925128026377662,0.182070452065056,0.832177269916092,0.195959375163197,0.632319151467478,0.211871609097845,0.822931290995071,0.231829619332301
4.03060894367007,0.623149494077412,10.7267545732312,3.8009190697081,0.811268333022179,0.121605446012723,1,0.501052568038532,0.466013584674861,0.711602395870512,0.202241359599277,0.557612954368572,0.171829810661124,0.95099576385496,0.133276789232738,0.74017606295054,0.191505264475258,0.567025646545893,0.2237578811343
4.36330905247874,0.755384085303454,14.2503917615055,5.61273039183209,0.977239923189154,0.0115015807982525,1,-1.03181841194436,1.10555686613577,0.426993392337825,0.333025335172212,1.19957918402617,0.205901866130142,1.06835284679876,0.185143296913738,0.940130242352332,0.15646806392696,0.784568053523312,0.218454262498644
3.85841046667092,0.717224228055922,12.3691943790568,4.87896768248991,0.910894117478856,0.0462214463679315,1,-1.01199698380321,0.57150961054725,0.872575947403606,0.138042975732632,0.314421732643004,0.294329472581854,0.72925436093084,0.218909087267719,0.829507285659713,0.182150035466339,0.16565164105767,0.260492650356118
4.25752823585746,0.814294023978261,19.2621440410724,7.30730020557377,0.753205787434317,0.292715977380824,1,0.519189007325336,0.656414862651476,0.428006355594048,0.231086665948701,0.392903163248938,0.253982492988249,0.733919275493986,0.208294243699285,0.944269160191354,0.212915405682137,0.672122950125495,0.211092336187985
4.55664843125276,0.806518518253818,12.2149672031587,4.67874071442018,0.946819702534086,0.0295467264267459,1,-0.989647634372912,0.897226464210794,0.724628784834674,0.248459588287877,0.536432272483539,0.242694007981087,0.631397462531975,0.210631372934527,0.911345549336648,0.205199837159553,0.950873108361379,0.195634044467641
3.65111553351696,0.837468255711039,19.893832755527,8.46201791107348,0.86058786720582,0.117542816848713,1,-0.661139184545826,0.794963741055669,-0.244745675636435,0.575437816231906,0.99848314205882,0.260600998921889,0.528109610975526,0.203564577321208,0.756792549613944,0.175594121812019,0.756166138146329,0.226096813696477
3.96145899958382,0.947917469965723,17.369652538329,8.31564116549577,0.943244140142638,0.0449908681291926,1,-0.0781350739623675,0.959477230465802,0.592323857597828,0.250218899331182,0.826983623589868,0.282538116060563,0.722189431694647,0.220955422188797,0.383620581150407,0.253972627222865,0.648948080801827,0.292908534157001
4.27770373451069,0.760231446808262,17.5136478528643,6.60864400462865,0.836660418330926,0.116057303174384,1,0.577896980517268,0.562411864547739,0.830584148899109,0.212160502309496,0.422503981622221,0.325812959218958,0.573515154604505,0.230598654731576,0.627947486970154,0.233939065207203,0.841650196123445,0.215197279796759
3.45298282672508,0.587992154952288,11.8781715676056,4.12750198831161,0.309288108866456,0.406413843938563,1,-0.156855339667984,0.381063727450618,0.244165973312259,0.258768495755674,0.536580167213947,0.212995738378957,0.760806426732544,0.141490420748832,0.2895191784284,0.235538085627621,0.569583079313363,0.20610640553234
2.62804454264067,0.479059443059264,11.4189843641175,3.50755080045836,0.572673264742845,0.378233927977687,1,0.0765834651119428,0.416504167879949,0.557181277075321,0.173801403677332,0.576553034940815,0.201497739292964,0.543797984676168,0.205710352682661,0.620083974613882,0.177228544512797,0.509433778971079,0.209515032732762
5.07659922536945,1.0194597267423,17.2609659745354,7.35836789775626,0.90369474705217,0.0917161855267277,1,2.49052345857895,1.1392623867922,-0.209186166909167,0.660015273313272,0.593023432267504,0.367057245207921,0.684126644457473,0.27165424032728,0.991591466502605,0.174011368743759,0.703541232451688,0.205322481157343
5.35844816314343,0.888956758196672,20.265475333202,7.63120680585354,0.933840615813763,0.056322182799173,1,0.26574347376521,0.951690030312291,0.873937536258125,0.284980945836516,0.896463905882401,0.224454220544649,0.686425917948373,0.213147972150654,0.746661539704521,0.175189182086109,1.01117718911635,0.177061583312493
5.36100461786543,0.953915122112707,26.1314795363611,9.44132669544196,0.773284585878359,0.184804386432219,1,-0.0426594633079913,0.720859086686905,0.672966695595044,0.24225531994393,0.797679121815891,0.218842047291158,0.492007090060056,0.1837035577732,0.838733401891394,0.189545136927612,1.13029299761192,0.224987589988869
4.63986627159981,0.803054932054694,16.1298652506854,6.30462879845039,0.932978929203715,0.0596264696656231,1,0.173159188208464,1.08388718856809,0.766715556901555,0.300729141328705,0.717710938739446,0.205901995540226,1.0012063911571,0.183465736816916,0.82037191330476,0.219428030188988,0.506070767908466,0.245636711864298
4.88559589130203,0.969139025705783,17.7918037570685,7.08882226119902,0.772890392448767,0.22416211134015,1,1.05752492048477,0.504553271912837,0.235209723206892,0.29784625181503,0.634338169956867,0.26458674760782,0.755173247164405,0.253550234160632,1.13296284455536,0.172794003348976,0.638684759295689,0.260719640788172
4.40473194770208,0.784718870882157,19.6453377648957,6.51085731962965,0.744561878762369,0.324893922965006,1,0.237270111742093,0.555978303362187,0.818752674901471,0.240200641278194,0.685337321026094,0.184104464175692,0.592474897541283,0.214765888491822,0.711359667215362,0.24360173079917,0.660011513642107,0.237296899062366
4.62078345675176,0.89956339108873,27.041381172817,9.90175750218055,0.885283959426927,0.0831323763209302,1,0.415387053234516,0.801070014221357,0.931473118451103,0.284145335201437,0.596615568588235,0.288509562433144,0.838536421201287,0.182033059342017,0.658005160789069,0.191517316112942,0.745494184086368,0.215497647228197
3.87156702994936,0.876545645305719,19.7970288073309,8.92635213117022,0.942590922290262,0.0449523151618256,1,0.101556623294338,0.699796844678092,0.659227464841975,0.294422369224565,0.632741369280411,0.273221132239859,0.584730182152915,0.215323990711503,0.950623999762423,0.222283358936413,0.554960469904869,0.252349842334029
3.10442287012845,0.680269054020112,7.40120291935187,3.11296516080571,0.892546495002846,0.0828464798451094,1,-0.577872512541453,0.684591415176663,0.69270679924542,0.191997392609736,0.429369275555204,0.239500744253801,0.392894640623555,0.304586822106543,0.148805294602592,0.302545888934737,0.657564958630462,0.2006834545698
3.38734969818536,0.538526650448694,10.0785954730181,3.41835516043586,0.910879547314703,0.0485748288194912,1,0.652172602285706,0.637955446018225,0.649134597795169,0.17820790263241,0.558003361158223,0.151569589099854,0.593276678927369,0.200884170783544,0.710544659148119,0.206235523853874,0.719225387153174,0.190219415057341
3.28009412206662,0.532444758695008,11.5519729294867,3.69484628171683,0.830559181704275,0.0846673143197801,1,0.653390968946544,0.505168936854746,0.627146447419219,0.236173706708526,0.522554721744235,0.184421007739321,0.475576548725252,0.196773007565217,0.866725981569967,0.134352064438071,0.630957745351587,0.186959871910491
4.12114912808596,0.679061491260081,19.1152824028441,5.91735603433993,0.644446659605196,0.411310457152591,1,0.660954496534758,0.544724569278291,0.564846248777265,0.323496353461039,0.390765862291411,0.254064916448627,0.380561402104758,0.247191847531078,0.571741827246182,0.170492561453961,0.781291651199845,0.165842153886501
2.83780710661556,0.447298148551092,7.36137099504294,2.40255417741344,0.704726674588712,0.313638847235002,1,-0.0378548267921111,0.406822811958002,0.767504094785834,0.151551058988291,0.667190375960574,0.196720305432342,0.576182000649619,0.19513182506088,0.458975098272295,0.263656105231561,0.474554672994573,0.217183642158275
5.08602389107791,1.14288051869359,37.0333457945943,16.7326838061983,0.878050776104133,0.116144336454506,1,0.0419556720901676,0.712109637297626,0.623898694384531,0.246904732058371,1.04160380870148,0.190848597613698,0.719561327361933,0.334828163772481,0.0699509991478136,0.469695461707183,0.902556334656684,0.275771292452418
NA,NA,NA,NA,NA,NA,99,NA,NA,NA,NA,NA,NA,NA,NA,NA,NA,NA,NA
4.70038253337299,1.13252726343018,28.4102977821909,13.2936754224646,0.904050644809803,0.0840079079748318,1,-0.492427636823683,0.987381964856908,0.735729377428008,0.36138555164573,0.680283030521113,0.338185312158494,0.901013624300564,0.35093141399633,0.5735054161854,0.333146839655948,0.79602001256484,0.306951158107477
3.52589226418635,0.810080993289503,24.016762095419,9.66570771731142,0.941250122763076,0.0409888602679184,1,-1.01068938812457,0.949381073629404,1.23024165119673,0.235063657774415,0.700285568999068,0.301795735673468,0.209680777317622,0.242249602373186,1.09523531514567,0.272910679520383,0.896315157944392,0.258750332353061
4.4997787387532,0.74779327752198,13.9949387746352,4.77640871227153,0.874216175714202,0.0942669454324989,1,-0.88625143763172,0.726740614204216,0.76765964491163,0.265845674339735,0.831108157223385,0.270819400272992,0.642922273998667,0.222496630783217,0.507613655454239,0.240891054227556,0.837276083289442,0.161044457406497
3.65642927554216,0.576757365872578,10.0948040856714,3.363174115204,0.919842803388217,0.0396112165097737,1,-0.297144966004324,0.681748028596993,0.521284013392427,0.222707439852972,0.808166138087603,0.175134617665733,0.962652138022267,0.134369723821201,0.393525858767245,0.21606585872185,0.501995566870437,0.227302947175228
3.8010310405381,0.609418562653731,16.388976199097,5.01072579092925,0.758825740487304,0.303323694306215,1,0.416078015861378,0.770744703548305,0.685879124771254,0.281912160749723,0.810414987550152,0.177486378812343,0.692548945583526,0.188066376722314,0.71337125365904,0.196226833918058,0.644805762003013,0.182641273805752
5.0968470151736,0.951116132476512,18.0702675527737,7.09402691816575,0.899522339625253,0.0923742834447375,1,0.238774503094715,0.663241255833287,0.292258827544327,0.211738923100496,0.855964659436513,0.192904691782305,0.985167857356954,0.182219230765075,0.63876141808736,0.199318698065394,1.07271678122092,0.231419238894287
3.5285700489031,0.665403255626156,11.7350601711579,4.45197556010353,0.665446083571472,0.268450816653425,1,0.356185706673435,0.495292543827919,0.62799817310395,0.213128115646356,0.128759030311937,0.251790358082248,0.256574636248594,0.263241523062797,0.581071370594248,0.176949997053601,0.567414044957855,0.221910615090914
4.76640230296787,0.841249999026014,17.7667000131369,6.4577112755799,0.884600118425984,0.0948679639459225,1,-0.0438081186241664,0.721299178703577,0.918498285276328,0.300810283509241,0.408818531563105,0.272572996810895,0.742332591188335,0.204129160473905,0.902731390199045,0.166254010651509,0.53669453077198,0.236930235667937
3.78423047377037,0.619665339612574,11.7716293702941,4.1261487764608,0.908137728732282,0.0562319148571547,1,0.587936563937338,0.596706754560483,0.673284889119378,0.217580134884106,0.497281489963651,0.236330228118119,0.871777050365458,0.168387128041932,0.557090750868657,0.216841713823,0.977416175679389,0.182887731349889
3.43400855386438,0.68759054763815,13.7073634889479,5.13783230066468,0.165757748024576,0.353495469967175,1,-0.310564767003611,0.583619023464832,0.796220566873521,0.176930875356909,0.405119653151314,0.222584516390577,0.604318855974863,0.193917540103296,0.536307532749315,0.239533138907434,0.0288488053190049,0.265204415530693
4.81825220122479,0.898326508438517,15.9461068494293,6.67509318350433,0.937415473842646,0.0427063566288124,1,-0.907547190437107,0.84788528807554,1.02142339338732,0.192774750685483,0.874124479821093,0.16584522081175,0.82378819888515,0.192947977462715,-0.0190058689454621,0.357486873404231,0.460748439862226,0.277988540931722
3.88394548967565,0.774468994937682,18.3827938437987,6.99629225200717,0.803773892781366,0.210595867101646,1,1.44232797673346,0.58808003439729,0.593635818908019,0.259643729371396,0.61351350384169,0.223575355379862,0.685419887199432,0.210175588959587,0.292613498419628,0.284427719231972,0.8315469621484,0.229521652687473
4.27366425182983,0.675663803246439,13.9309587920514,4.38250791496073,0.90834358743863,0.0579649537053102,1,0.938832610582148,0.699959462667113,0.679545705679354,0.261203179541182,0.782941077025504,0.225785791348971,0.731522570784018,0.144254421447046,0.869548602024817,0.182178587344878,0.920763726241772,0.198222701164642
4.89137073491209,1.00756805939056,27.7591358396524,11.4022269811083,0.931902024155864,0.0536557476127169,1,0.390554717535767,0.787886072000447,0.837291064283751,0.234700062459227,0.491554002342425,0.289794376302464,0.989121880672514,0.231834790437808,0.756041880841452,0.238519134811899,1.02386924735689,0.246992149398406
3.91001736761609,0.638257674328714,12.3952946986315,4.2139415610552,0.844248964207848,0.104161754835532,1,-0.0551650702434145,0.532578506889449,0.563088834717992,0.24759959922859,0.756729820713839,0.175547897862482,0.804150156272722,0.139053737549671,0.503753935565441,0.223482774906864,0.50390370459292,0.227137517513679
3.44712764521111,0.663374720661619,15.5248343481148,5.78314538326264,0.826314761254854,0.178472813848162,1,0.190316825262297,0.594640236824552,0.662125867454028,0.268882752557719,0.546152083663603,0.250853735155167,0.752460443189766,0.192217611419406,0.609817811734465,0.241391420700899,0.845613853349926,0.252086476700915
3.63633578915845,0.780747345668402,14.9354519100389,6.48549229131576,0.961059767467925,0.0177061815142341,1,-0.45346454272087,0.823837477523243,1.08463324345183,0.133737158701537,0.758342438171403,0.200493283001954,0.608735869854785,0.307221036345139,0.530633229369384,0.283935543716491,0.545078504405385,0.275136450810578
3.60058186362574,0.679171108255948,14.2833752051473,5.20564051937112,0.881941401012563,0.0941427577307613,1,-0.0921639442400681,0.680561788446398,0.215968075864662,0.334979709771162,0.436087644347482,0.316251115090914,0.668384343608626,0.263312158304502,0.701713612296538,0.159934959746602,0.943914111706314,0.136847822374168
3.97774952737073,0.78973891309199,20.8521695293887,8.29852829332669,0.916687953512478,0.061210969181125,1,-0.454610426826384,0.690761465052939,0.529788858819027,0.299304312685558,0.743844352396236,0.192447647049538,0.587499046007384,0.252499164879517,0.811743910266628,0.185762939144306,0.675886224424401,0.268694543910521
3.84496170360419,0.720390644275974,17.8071390664535,6.37134941319795,0.0402572702913516,0.402220817451815,1,-0.180042276728548,0.714493521416654,0.956222311942282,0.181155358701614,0.876921962539828,0.249704191739471,0.455765325707765,0.270473295675166,0.841005097864471,0.201737627850536,0.66522945807353,0.23059511303738
3.24144913659749,0.631244568046083,16.3267967391329,5.92180714849767,0.703326351813817,0.321899946603873,1,1.32663700525112,0.512902328543123,0.658747901132465,0.212288684774737,0.738667935912095,0.191673979407851,0.550649259075373,0.199043563850133,0.798140322700436,0.238463432566815,0.514664101494567,0.279908436622732
3.63999712982637,0.700435335454153,15.286319284834,6.16139137406218,0.911893707502399,0.0527812024117285,1,0.891155712411774,0.610583818216723,0.396154710396201,0.272230736036642,0.417841019659802,0.277522790601548,0.935884563641757,0.214401411284726,0.758914787504323,0.204238922663877,0.622513399144627,0.232574696007587
3.32654985644914,0.553777881606337,8.78041397006362,3.15983876644208,0.841871021237395,0.0955785100927858,1,-0.209673335625362,0.468527887649805,0.681823892414737,0.183236218420417,0.576590850068234,0.186356826778504,0.817165391927015,0.170320072260306,0.573730750307913,0.182746382566461,0.52440045902168,0.263641346930977
4.13605605663306,0.745363089487111,14.1030126603256,5.18966034971858,0.805651787436357,0.223114499354674,1,-2.04436842156596,0.792451933180697,1.11301968711383,0.240530317777514,1.01630939200164,0.241806768983458,0.810197406158925,0.148621709496187,0.679276212256968,0.20989080626298,0.647963708961759,0.249932829999128
4.26832582367022,0.590164218247304,9.61875399417132,3.13539508793975,0.900070198824999,0.0607331099418252,1,0.684253732005988,0.686654830715424,0.527356982105712,0.277369537814696,0.993850409655221,0.180961307440532,0.510146954243038,0.224287109242932,0.744370076941767,0.160614523154996,0.588286609054606,0.195841222466911
4.55802344996301,0.928846817131925,13.7034685461463,5.92033784675868,0.952261136148002,0.0265911823966362,1,0.0622948207516799,0.921651487024567,0.296991621361761,0.249458235148306,1.2538989593967,0.216105563822131,0.653285668733739,0.227978418050046,0.850544116916757,0.258714053103835,0.579390239143446,0.302322629283452
4.56293907318572,0.826801964760514,19.6691054637411,7.04485031442658,0.80614838627285,0.177854198029827,1,0.360197003953583,0.692947424246131,0.424872131782636,0.379067451128285,0.678132309799948,0.193710469346107,0.79770363108298,0.19239700076937,0.729476885458772,0.172765174297436,0.715399312031289,0.17354195500659
3.31767237913558,0.511550506685781,7.33265261288947,2.58248352463297,0.937384737072238,0.037701228983813,1,-0.665824057085473,0.713566358626471,0.748057305275525,0.221976576716337,0.610875305946503,0.204224277943154,0.673319158124557,0.208895145429897,0.323430965013822,0.243425673442521,0.683241117477311,0.185668186044832
3.28025922290846,0.613073313789539,15.9075265325281,5.47311553224177,0.665065107732633,0.213431264686497,1,-0.157313080757643,0.549375473081674,0.595492218119173,0.266058067816507,0.34869570556433,0.280409607602537,0.508918921673826,0.216284911077934,0.852817136432184,0.161842616348102,0.842937976084411,0.134826457582195
4.36749759620069,0.917517581558282,24.9198763051656,9.88557264678066,0.895006655384932,0.0931049842332915,1,0.910992040893435,0.77168757017917,0.343350304021961,0.453260072218961,0.857909561370598,0.212105943177812,1.16175807752814,0.175987220740533,0.87519675709079,0.21400945834435,1.00847975609235,0.241755200871644
4.36245694482453,0.791691014682588,16.2960807450508,6.17003601768402,0.836421383886892,0.133654852144276,1,0.187660626542202,0.567649112216418,0.382309685045942,0.29844916751012,0.683587207075638,0.209082257677569,0.968991149426415,0.22963218902269,0.525326486685322,0.279571627237256,0.726929041760344,0.180450678092455
4.33314791936358,0.823440687303081,17.3206637500464,6.82417869616542,0.889818061532562,0.0683599540817407,1,0.644982091715997,0.718902401109559,0.807276676902183,0.215050726912168,0.678652688800317,0.18113923080089,0.778750472773679,0.186287823716802,0.744097926933371,0.210987841933639,0.846346824841472,0.278438456169782
3.99932581916944,0.772891515471084,17.8204089196693,6.94391238226912,0.495721476857823,0.602232762020493,1,-0.401459958856576,0.397806713234667,0.434424025460136,0.249442479324323,0.967206164931204,0.122353720284897,0.5864056179236,0.249013793203918,0.536331206983761,0.228173280562475,0.936369447609316,0.242697396882506
5.21384450394704,1.17163045307977,25.4799045114556,12.0433279886586,0.961950595295007,0.0243041237384214,1,-0.318498101545617,0.862623893433597,0.83692248451743,0.27404336551438,0.713410633594818,0.316804970342945,0.763137908484835,0.225484645639344,1.19422983454625,0.211157976290608,0.908615952786282,0.258838447335386
3.31589444857814,0.490783484442093,7.88533946481726,2.33732135476452,0.060059611032587,0.216722001520725,1,0.585034919103359,0.452814047504256,0.498510245101247,0.204018822610661,-0.00177831395905029,0.225482049073324,0.892492314463416,0.130020921104964,0.749507238123697,0.182247965743029,0.493768236552452,0.236715681749539
4.90533192611729,0.898796612723865,20.9960690512425,8.09645560576702,0.845895132043736,0.159139754323102,1,-0.372769920841405,0.682324962101771,0.677155204382039,0.265981116346221,0.820731296518333,0.264290735625325,0.800775538306306,0.159510045883234,0.732785278635488,0.213080585474639,0.619078295063938,0.283293207585091
3.66467330459798,0.597944314705618,12.0515346322162,4.13242173029485,0.806222445417275,0.139712974356725,1,0.47634439577303,0.579823232318762,0.442807478330838,0.176304774828085,0.912066196149861,0.164313939752474,0.660185804847299,0.189712898440618,0.638456457835142,0.223120951239786,0.502735035910804,0.241542207093538
5.60284572749572,1.03512112039604,26.7463530450487,10.4987862003303,0.860584743601876,0.116300481433967,1,1.31482511834368,0.51384322341361,0.706882554126803,0.191067298241132,0.353895363349326,0.290799299287839,0.836136971520125,0.238287899758049,0.563116365070984,0.276542731589517,1.27580748218326,0.242375977766175
3.61237274388168,0.63043540212928,8.51524323652602,3.08737650189042,0.896959334001821,0.0639026679614521,1,0.283571448604638,0.618033932246012,0.759361563488098,0.259064854066663,0.795285711299334,0.195936818715256,0.57490563966585,0.193455899785457,0.446665524101276,0.251417975008652,0.479970220693816,0.206944048081131
4.33675336159942,0.720535473630407,15.7791538186576,5.14238484579789,0.784409020744873,0.167316544295683,1,0.613263774767581,0.652022609895944,0.878634567521508,0.165715252425857,0.373492985876161,0.264523566610053,0.978737911080302,0.176305097956087,0.658848591612749,0.21341458155708,0.614074859370197,0.242739982215074
3.62166818305014,0.635731980057713,12.3615802290809,4.40582348114123,0.735989106274739,0.238432780153239,1,0.672206331022893,0.533506611276534,0.596668074029485,0.232666631358812,0.502825621041374,0.233621516053852,0.783396647641013,0.182526022927667,0.697663013168506,0.234700407873099,0.874007819263056,0.195692487814378
4.43173300885051,0.600805746343556,15.5543277726056,4.53657597880627,0.864142260102465,0.123848254792331,1,0.370594938452172,0.670767644012828,0.260016202313854,0.311632105948523,1.05152997111579,0.201172014185459,0.03777160536636,0.311008521350378,1.02913315579337,0.143894733989627,0.853666425369322,0.145654278476104
2.98435379209091,0.603860751337775,9.57724151205339,3.66293525671267,0.805532702146693,0.134533709038707,1,0.0537078687166739,0.492183705348675,0.275498309815051,0.340922450568419,0.569957285083888,0.282938020898635,0.71456912352587,0.197790349265495,0.561862209399471,0.215524237588515,0.453473914665481,0.239896451342036
4.35010076492735,0.987924741640378,14.0633219644316,7.08881139385519,0.982604389264767,0.0105397471746658,1,-0.503505349437592,1.38048253514426,0.976814621183736,0.203413767475726,0.920655045915005,0.248699684362153,0.510718928683176,0.345512678630083,0.866180948333631,0.203320425422316,0.761241434526421,0.31975335293203
3.6823778087733,0.755683568129358,12.3858254527569,4.92900724592349,0.845609602183112,0.13197600271428,1,-0.769871490629254,0.602904472491505,0.40381326999384,0.271069277731204,0.775312600100155,0.251089269484699,0.642796843943108,0.154980065594311,0.544381559453441,0.223715010650743,0.556331414383309,0.263652667713736
4.03217412031102,0.754102864590017,17.03894874311,6.38093937449985,0.851715424843187,0.0718952289409153,1,-0.640941049279599,0.526257281332437,0.907160964244129,0.152040203625828,0.551158166757481,0.208792754818415,0.61355930140409,0.283912786320648,0.438657847364876,0.285154127223674,0.651629537067458,0.26863524432819
3.965571994137,1.02592377135757,16.8490252776999,8.28608557694778,0.860923915056187,0.111379302305922,1,-0.282388415940843,0.722494290869612,0.734054233362829,0.346799619597559,0.489917068498346,0.329570333322529,0.303098516949459,0.313869572814025,0.88325679834552,0.227681576403618,0.30277912254814,0.291447626284368
3.27050184243642,0.717758502429356,23.8585521898711,8.37010028657805,0.847773300054847,0.134265217160493,1,-0.449328882800916,0.66441450102991,0.979829721267329,0.193573323807253,0.403474301702612,0.242621968778874,0.5850095302012,0.221912026540611,0.72859243436344,0.203586098377394,0.943373738773531,0.178579606184327
4.39507510345541,0.766769468828116,17.2766633145174,6.10284608356667,0.861581968680174,0.122716183466156,1,0.579113187166024,0.621653710760048,0.212483551258658,0.307274107258501,0.676640925237535,0.189675252991307,0.828368136487913,0.147368908461471,0.978660637025879,0.208334120525584,0.419294084958332,0.269019564445257
4.1884173868031,0.807498556419395,13.4812037833833,5.41011645819701,0.951990041249618,0.0407610152499054,1,-0.608806339137998,1.12970955469015,0.924953317533985,0.304282391613605,0.880367808255297,0.188423458479207,0.36288006012244,0.277486985561165,0.771058238690348,0.250760857745443,0.791520665287261,0.221900417552223
3.50724571304763,0.762558450851627,19.034445065415,7.65902729646847,0.364368119326551,0.604890483615604,1,-0.501227592426235,0.474321282721125,0.78309641097982,0.155254170204657,0.43629972490997,0.244523466130633,0.8868688747437,0.203379179130605,1.01005418858112,0.246805448561486,0.527096746086347,0.301853515655117
4.57490181931489,1.17398466558604,42.5569711943972,19.4530803515425,0.857744653724849,0.128884858972995,1,-0.0636487470905706,0.598308303834739,0.784158134335648,0.222409010098668,0.828313188875047,0.262914604072351,0.478157684420531,0.353555481753615,0.744575152526358,0.190185830698826,0.766939859599607,0.264439283235165
3.48206974246099,0.621802226355538,14.2086912699731,5.02568727026103,0.761536562978239,0.136970420831622,1,0.0533353134185988,0.532088740936172,0.596687697869007,0.27687566910485,0.544052058061025,0.175398451029484,0.72008641202378,0.18097647398871,0.847826873605337,0.165576398809985,0.826346153020204,0.199920420843965
2.79066574422818,0.549025794645574,11.3082703408913,4.2746551779513,0.826637448855459,0.0966004968990521,1,-0.362713405894082,0.499805841258122,0.736134966120997,0.16779745384562,0.580879694677579,0.189826516165339,0.865842853017901,0.199983174810281,0.308275643560258,0.294109926320071,0.686734955147554,0.298797881024688
4.9806465601404,1.00430869037833,23.8009638501015,9.55040238860824,0.911530777047397,0.0481742397441718,1,0.0193922783786327,0.852131541168343,0.696749124619284,0.276997162604148,0.64585778418027,0.321532152050824,0.979117186515927,0.173136404636405,0.904270624743164,0.232626061561827,0.61116064308202,0.308211578862198
4.0526340599742,0.889998748355674,17.2650094840697,7.29464581656623,0.819749964146726,0.161920671061471,1,0.386299869827604,0.641815171391383,0.526599305375601,0.251285518300097,0.296110472973659,0.276704599915509,0.472946254455106,0.299561822550551,0.796294599975038,0.243242553337982,0.587126997199124,0.270573853267475
5.46398517650625,0.990238249285474,33.2502707776467,12.8355664328011,0.938636480931572,0.0534488713780935,1,0.4170765081682,0.886395345245895,0.731615018275112,0.27687569701886,0.997073211759822,0.159510592676162,0.799695237792723,0.243032284778724,0.940406917110556,0.174429329366689,0.756968470766532,0.231165312814251
3.34810012921979,0.646058073276447,9.81579974180574,3.97695732910434,0.723427029955091,0.316651060040648,1,-0.529501779784482,0.6227798179642,0.716877907612519,0.196426749382507,0.476935323219315,0.188165765637222,0.624093201486498,0.211251750554546,0.885937251969586,0.312671955036181,0.726935065552677,0.255231420834528
3.72878932156975,0.685645314953404,12.3356365945963,4.61521949591574,0.950383182082783,0.0315354670103377,1,-0.283775256833495,0.96040868189524,1.06143914580923,0.291778602886855,0.689862681092866,0.224479156250788,0.417605273373721,0.216049190263535,0.716354060171705,0.162282222441088,0.948280254016508,0.186751306614091
4.7323501912961,0.916551783480894,22.5825994791259,8.32028367843552,0.84728769933136,0.122749667224762,1,-0.674517892790838,0.620304097215939,0.925840708559155,0.174172414069528,1.01761087309617,0.253551166657846,0.783595351401683,0.191091123046641,0.678617343279657,0.212952281423126,0.595993601704362,0.262883491725512
2.28751299425439,0.41420786247491,9.8967529267351,2.77366820450843,0.795960665620966,0.117517114834522,1,0.113494212850532,0.422253176412142,0.648209167964178,0.135144618718627,0.54830567735853,0.191002690737502,0.51118677994026,0.217119641237036,0.64147295104282,0.171673902103891,0.665731040567985,0.156884531777969
2.71113865739636,0.628446514940646,11.7702123208752,5.0495077623121,0.89906909343915,0.0662829005689492,1,-0.357331216662928,0.610051560020685,0.808793718622876,0.208226251753246,0.473247985681904,0.28851204068799,0.200471877543591,0.335452943066921,0.609307519580625,0.246540721943628,0.435774169970144,0.247600795915575
4.02362597426014,0.724221703153621,10.2076125572317,4.42807522838543,0.903273542393883,0.06770033497838,1,-0.245337494163116,0.673033968701943,0.945872488604221,0.15003314312264,0.369753160555359,0.311516991074326,0.598409683910046,0.304209892024759,0.578086812304453,0.187965312609474,0.234355738998918,0.264072049581833
4.12554020112981,0.691058285672415,14.3514505009251,5.10772355818083,0.804903349002897,0.180592404449099,1,0.687645659185259,0.550687844509761,0.83277675453664,0.24657263578443,0.531945240079971,0.23187128583656,0.506227001679863,0.220977632678848,0.519668275985551,0.212018133613681,0.716329563591257,0.226945646042316
3.64405764789631,0.74426740986003,16.9830577738253,6.49712885390068,0.939662526674181,0.0414264958337091,1,-0.967623481580902,0.896638459047712,0.642857698720767,0.216882042072037,0.629850384734085,0.235058608674724,0.767271604895632,0.190885279198847,0.994945006106598,0.15506597450616,0.537855805083499,0.272198999742213
3.00246833807505,0.550508242486766,10.7951065231071,3.82083015216168,0.829506756910713,0.109320050790906,1,-0.0167196321372386,0.599752953056723,0.494818771706173,0.27004183190195,1.10500602739211,0.140057428497848,0.23896066951071,0.288136278698288,0.829580079874408,0.191161662201401,0.438748423656978,0.199346622929998
4.33881398020022,0.76154274880661,14.1432210273084,5.34674825364254,0.685677565096831,0.313435597835244,1,0.289271296146566,0.560654087283063,0.714883016516394,0.22279991934983,0.630070741912457,0.214246364461072,0.687528158479798,0.209817531673839,0.124256457054151,0.32283611080677,1.05728008343453,0.198328023791504
3.44273275206656,0.808530458150048,26.695231632165,10.7380582981955,0.923504311492576,0.0442435516241887,1,-0.621490620783996,0.726835109376419,0.834634007038923,0.283830576200876,0.953680359606295,0.157788238877975,0.533396896396069,0.270270715183569,1.05537386762058,0.209489146630099,0.796190793149514,0.215713235802833
3.58739794671508,0.733051113317454,19.9428541210115,6.8807912775278,0.778896454332937,0.160435825843903,1,-1.05802310308578,0.582462528646958,0.8144444003933,0.240325766499245,0.245596598656888,0.249893219773064,0.680996860258276,0.195638776250879,0.717876269229537,0.188515290461905,0.850037563609432,0.271213443244148
4.35378828215419,0.71836588580305,13.0771226889297,4.3751570812474,0.927632069824194,0.0430094269318339,1,0.482341120471706,0.761323534568256,0.784893576271497,0.211290519800128,0.779836083273318,0.230407246814019,0.802637978451855,0.161652209835624,0.695443437808057,0.20762585722433,0.636288454778177,0.218772655226797
5.64867382716539,1.20566037192908,39.0831607293435,17.2591756934775,0.956805987000028,0.0233138957557061,1,-0.308426432414108,1.035453920118,0.943790281533071,0.333226121309552,0.840776168529992,0.305817265308979,1.06700230264395,0.233913075982219,0.639717622935734,0.268294551375096,1.08873779455547,0.158292525045648
3.80760289519705,0.916793446146101,32.9687156670606,13.1097060955797,0.944627159828043,0.0340170506219849,1,-0.225702309420652,0.869614325568027,0.60220722154233,0.263927039435896,0.643101184281474,0.295777471264482,0.499155201994583,0.276130457563353,0.743176982868354,0.229588145593839,0.683752274614956,0.231524521110219
5.07587752176607,1.25788299557231,33.5182393664164,15.9301882863683,-0.195256688132134,0.375147237048239,1,0.0847208547635522,0.584073404202442,0.500024852356689,0.383216345741946,0.560886536054487,0.368125683378883,0.572462489153797,0.277825369941894,1.00429360001227,0.191153769519522,0.383072691913898,0.36653744878277
5.00067467207535,0.853185743753343,20.2548590697953,7.33757461468575,0.925097001554966,0.0613240054262846,1,-1.06621044205685,1.01196520158449,0.831015511752803,0.359510225708354,1.02789985599186,0.190671788682356,0.822732840625124,0.196902846277626,0.777069190188276,0.154815704348963,0.802537888387928,0.189767141525721
4.41552199050182,0.944366675856539,16.6815089480077,7.57714472446033,0.888017472991803,0.116941430574225,1,0.413790002120103,0.82008828255888,0.253100365516432,0.270953928485067,0.389438202956286,0.225062162388465,0.855958596960312,0.181721301743206,0.597167222865295,0.316963188625021,-0.0396474059008504,0.420118200018198
4.50544331571405,0.776459001113827,15.0094955143285,5.52013314314877,0.875446722355103,0.0633787937126086,1,-0.037053772688432,0.549228884046111,0.651420711370061,0.216971813735128,1.15811379098318,0.175187670138418,0.704585020319035,0.188945582966083,0.644520224732431,0.246226066966705,0.874690582218386,0.220742420677891
4.52132855892251,0.788961671613224,16.0666630777065,5.55584736593952,0.610080111496644,0.479331008280571,1,1.09747108236988,0.554730770567888,0.48812468701467,0.311600589171099,0.418144025373026,0.176129424615557,0.565110433694146,0.210754779721969,0.508826116012357,0.216935221929161,0.72804172894871,0.207089876544546
4.78324349725573,0.897100062389292,17.2217810298974,6.60060820147657,0.858645005079258,0.127570293767283,1,0.91665323345739,0.68697491659836,-0.115697592075719,0.441217168131278,1.02764316884945,0.157094533661155,0.802180747788405,0.197286416720914,0.928016737385871,0.230526938076623,0.647796479827351,0.253676740175089
NA,NA,NA,NA,NA,NA,99,NA,NA,NA,NA,NA,NA,NA,NA,NA,NA,NA,NA
3.81836204329777,0.698670910835082,12.2190177507973,4.64934105832655,0.783878896656948,0.169868348542363,1,-0.213580412974718,0.500256690930977,0.547069694613881,0.236915671035653,0.713987402202497,0.216315948684334,0.32403204996891,0.222706558448495,0.0619913928275311,0.276015832879451,0.0252598647351867,0.353088163762068
5.0495549938039,0.892067969053418,23.3299006220944,8.53032830547617,0.766545962593453,0.192044709760221,1,0.672516603974149,0.572821292432457,-0.196935670996381,0.40004545369997,0.777992190839615,0.283598324956643,0.726154015023879,0.199205790666593,0.770984376083949,0.181137299361357,0.44153837850938,0.24948101158866
4.29290900125531,0.757986651022681,18.2014539403274,6.00500787561398,0.886175041492934,0.0914941996639687,1,0.47159091665639,0.777240463465006,0.801455423063789,0.250252806685608,0.359517510398568,0.287098857980255,0.723215624929461,0.222178744228351,0.74865956661902,0.174946987340439,0.806592390035668,0.250394446938926
4.35090692571704,0.731073869611888,10.7931140959096,3.94217519837642,0.845646460522874,0.0942814709728325,1,0.520584026237599,0.61423382624711,0.328604969519181,0.329275911289186,0.347274382619807,0.279279490667783,0.667065946004456,0.229566737427751,0.854234449277609,0.132131174123644,0.610378049454961,0.213921671295627
5.31436399856296,1.13106240615978,17.7772888252963,7.8127899919524,0.841708086207657,0.171861904920782,1,0.245401318549047,0.916666996674537,1.01445393037665,0.258649475944274,1.10509153365566,0.338619151800773,0.0829665632493583,0.413171159441328,0.868186501501696,0.210744682741822,0.939617038429625,0.190675879327598
4.3456083494604,0.994676428957763,29.1456757537566,12.3042777758624,0.929357644915215,0.0505677582732802,1,-0.217224354320335,0.785454721228219,0.619856991448023,0.195603024428665,1.11673491069656,0.186379009651206,0.975252588285783,0.246368646527972,0.614256330349018,0.320930539484518,1.15029056771533,0.273021169738273
3.31238895305804,0.49602114879187,9.10361602971159,2.87640810210758,0.390746264542949,0.31494477026622,1,1.73583344361064,0.528799759217892,0.14642321807193,0.235296754790645,0.559186940913175,0.178780395936944,0.523364484370038,0.169911314956543,0.552666557823853,0.201720685923875,0.304437041356115,0.254499538419944
3.51930576820836,0.586497481979569,11.0166769096906,4.07462020629757,0.757394319440754,0.273169299629585,1,0.88664965696208,0.448835324548981,0.231983889548151,0.232110082325676,0.934421192402911,0.146843409483677,0.777517482912127,0.237489987531304,0.714369436226852,0.236476432399784,0.781831814547939,0.272378101508278
NA,NA,NA,NA,NA,NA,99,NA,NA,NA,NA,NA,NA,NA,NA,NA,NA,NA,NA
3.75459206587817,0.537976028421357,10.003489455678,3.28142652228063,0.881904077280095,0.0706858837030969,1,-0.0783392332230148,0.54145580560115,0.787392942255372,0.204018347375355,0.44499629447758,0.210970787388132,0.644712847308172,0.170135713159346,0.688479723080406,0.191940944750968,0.405818851407975,0.21557130074629
3.74010140989648,0.854787765121468,19.6009067536206,8.09825494671674,0.953041927847992,0.0274857648660993,1,-1.2165528815881,0.805736512620518,0.920221701065694,0.156521836271353,0.605987899291687,0.23047978481428,0.859110095523679,0.257230156917394,0.762254927773002,0.312137859176747,0.495461879938044,0.275182359901499
4.27395263453588,0.791083629112286,26.1042229102882,8.4704334391254,0.527636711987033,0.583281818365165,1,0.418193771970284,0.592981104770543,0.743861445632713,0.268592158717792,0.408027024251073,0.273946519777016,0.7945535793087,0.147786897359369,0.599926265155883,0.241241153074335,1.00711662788086,0.188497062134847
3.79093505108573,0.733202391403862,17.6464435528955,6.65271063984025,0.932196121468022,0.0468999760219231,1,0.395488812574705,0.755942641966997,0.595006457029776,0.25085731612983,0.528238240596426,0.179169712768551,0.843143588046551,0.123274702029706,0.934811098730108,0.20205416699147,0.325784368358593,0.322085175062736
3.19466396701185,0.614727077237516,16.2583379142159,5.21882196124871,0.919692801592993,0.0570798967796913,1,-1.01032906991737,0.717005041488136,0.800917629684316,0.203843832141583,0.819027891579801,0.203356388937094,0.85648537733968,0.230788791632442,0.52111881883254,0.190726635128928,0.868984693905017,0.194543396620996
5.20615049184134,1.11946379296487,24.4074153751576,10.8326566037022,0.925284630745464,0.0746139959846964,1,-0.922852146456046,0.833593187318454,0.668036208965765,0.270105882507854,0.427662513797016,0.313666340958874,1.33911698372535,0.208022355008671,0.811086934505279,0.267613781355717,0.536849576831355,0.330292369312008
3.6556678105456,0.698049494209025,13.2312538841894,4.86954404824216,0.88653858155624,0.0857935212775081,1,-1.79390435895856,0.885522596539483,0.962058121418927,0.188289847456332,0.338799968126497,0.260068186438403,0.907981025955347,0.134055201845025,0.293816672733715,0.26469551141072,0.484042099784808,0.255201388015228
3.46481674892586,0.709789635649751,18.7302143170449,6.87669249026063,0.850939374882659,0.166297366439925,1,-0.269615350009822,0.627143925584649,1.08789212483639,0.168993647045324,0.649101812291768,0.233776836024742,0.600954352059156,0.225665985446352,0.727654764222059,0.214700660602298,0.579618441181472,0.218011648023289
4.63733306227498,0.968484405233807,17.6513036958542,7.92231254599023,0.963173290690078,0.029039906749075,1,1.10882668141312,1.10458038426834,0.840247855785339,0.325372797503005,0.830304261229634,0.231961451452807,0.900898984191048,0.174740440923707,0.612373100721512,0.291841785861293,0.684286821409307,0.244699154834739
4.94597772818468,0.96132174696216,18.1502924467794,8.15580688626353,0.973336812191146,0.0158435080951997,1,-0.8774415738738,1.21426259438371,1.05900293400637,0.248319459754065,0.542729629290144,0.382958664391547,1.11341023869457,0.29058420386433,0.855808935315694,0.223809488325861,0.688526062954324,0.210350391060891
3.6466326908394,0.732547383418552,20.7357832934402,7.18021191045371,0.759184448758539,0.189865123772854,1,-0.59216701291503,0.705333907405295,0.636045714597088,0.23363760003305,0.709109382660559,0.168280515432351,0.961434006642134,0.206627962358292,0.61643051968166,0.212423570707775,0.439195833501139,0.293045155319557
3.47247203021103,0.65756543322443,10.5807615292148,4.0453741584108,0.844629003162011,0.110355961779198,1,-0.89889717308408,0.674757852857051,0.109074306292184,0.309287546049168,0.691984013968623,0.21260619163147,0.246404809578026,0.266063450950665,0.212180605214113,0.248517958376017,0.679281662519106,0.168822745743373
5.45299938367209,1.05507928566797,30.3967638437415,10.6414424294369,-0.44530683711608,0.183557122493814,1,0.159890635413472,0.485140835295098,0.86311321642173,0.176718705648436,0.899599347261379,0.236259573440489,0.883404986811512,0.225150513422175,0.945210582835582,0.226582930024036,0.876619340164166,0.234447813447205
3.90279075661664,0.751516403155202,24.2533628155797,8.40558987380306,0.901765826021258,0.072059613494878,1,0.234227397564592,0.647060481323521,0.979379801466192,0.243442803950015,0.857961275858567,0.145653119439592,0.819832667383453,0.211529549783641,0.599985954870141,0.208950980532951,0.757555649540145,0.209057167288775
3.69136710251847,0.602691260260548,6.20339669324881,2.22242510796772,0.859411951797066,0.132754881835668,1,0.558397863043056,0.674640561568239,0.581417981595588,0.202664873623276,0.747616350255244,0.237277490239618,0.216465794945961,0.289963361864954,0.187519456877813,0.244423565613066,0.800957522675492,0.170506576900121
5.90116206868772,1.10336957067963,37.7498111847149,13.8556926107578,0.937887860831171,0.0347709442972699,1,0.0399643849969957,0.787463066839798,0.730330078764455,0.24695713713357,0.91773895649048,0.186085746874803,0.71554719708755,0.24095711017991,0.870083659313912,0.214569010186506,1.16276207576965,0.177991136731523
2.98760877158346,0.509233829615252,10.2578932543654,3.18007107994599,0.519411830117593,0.370345202554657,1,-0.156455467750582,0.482087680581408,0.452752595310285,0.188960239567027,0.677578570201586,0.166810916135023,0.569697290090519,0.182400597031562,0.623894612494578,0.185141562318118,0.611682869788143,0.199348700700572
4.84706304057087,1.0822372927397,28.6851272830604,12.5068507385682,0.930359945316599,0.0532068710719646,1,0.133017399342725,0.742473201388878,0.532178711463112,0.337007004104873,0.792642669581147,0.253942803445494,0.62920810629768,0.2290068929208,0.949932102269389,0.178876266793655,0.865691486163955,0.256412227465514
4.05332824256167,0.748016207122338,16.9592359443602,5.92870995562249,0.906911737372957,0.0809632173959364,1,0.852552972540079,0.862849558828472,0.442892494709251,0.36563092559412,0.595039668552717,0.215778695800106,0.799795506290654,0.251367815512815,0.874421492191503,0.20134636506268,0.746810443519086,0.183091865632233
3.58580852954315,0.685678196196131,15.0285834150763,5.27206765455448,0.937465441180008,0.0386763874795692,1,0.373317581209877,0.737652012758718,0.504118395267305,0.252937009933495,0.728653898602304,0.218041220329022,0.790608809872431,0.199898968390193,0.462009200646421,0.252744420300756,1.18088416511155,0.150694659284786
3.94778197139062,0.591310411381551,11.7952584150592,3.55949780618742,0.420608391934281,0.377078220766595,1,0.0286014568679817,0.491501836215516,0.721841043923694,0.2204544415433,0.476573740358409,0.241155420440123,-0.0325538249325306,0.271968218546607,0.870662536305572,0.163417464366173,0.851390919762004,0.143374626503302
4.35537824754542,0.718666515912855,18.0661037321949,6.19526369390729,0.903968889854942,0.0630300216696351,1,-0.858940892927243,0.85472175232123,0.699928058567204,0.338111672326863,1.02429179902505,0.150427469930607,0.822310852889808,0.207558072639936,0.93491514997456,0.161749078651307,0.959683227095321,0.142621281811603
4.65135880556902,0.968756123303691,28.6661200574898,11.6707709942414,0.411034153589259,0.420723175374334,1,-0.303651135468352,0.63953924800282,0.961326395328603,0.240907760201108,0.976023162685119,0.167489551139966,0.808911044644917,0.205504832707464,0.585330330148149,0.283056553141269,1.02114965444145,0.253008245814624
5.13093063238461,0.888935823070831,22.964434804225,8.39169499955926,0.859031868213064,0.135492958150935,1,0.377692392286155,0.841729624336405,0.83624801140546,0.217486272077563,0.97747088460255,0.178254509608814,0.896180526023971,0.222143841891927,0.952012616812365,0.183698554605062,0.736534089066837,0.255951367021842
4.89843872942555,0.966583296209847,27.424546341169,11.4247470866679,0.955219147800846,0.035798430453285,1,-0.370083506047098,1.08924012744935,1.07735181857548,0.272715560333528,0.906791338654599,0.259274054093756,1.00117080739546,0.142315945273395,0.904577039861574,0.223792699144754,0.911480903647495,0.287337615150008
4.06621585867407,0.82436202731418,18.4842354695069,7.65363407606646,0.893570394811586,0.0733465915701668,1,0.0381532953355899,0.721312684252349,0.376530916371618,0.330784177047637,0.770586290796275,0.204801573965417,0.702211668905527,0.211572936187641,0.544964087276223,0.278245834319449,0.784515826944861,0.227510561494741
3.93971940095118,0.725107592571789,22.5396999206359,7.22846610055101,0.554713228283404,0.504005840048251,1,1.93558760918744,0.598239796869019,0.436582618952002,0.263763050190417,0.484829459375097,0.273426251716935,0.788566890911076,0.186236089402544,0.797086015927289,0.215417279388695,0.984945362708514,0.155869276789629
3.30335290531939,0.585840215945516,12.9551718906679,4.48357870482044,0.907577930662803,0.05533646949291,1,0.189846650959186,0.546410724899781,0.670198937925531,0.224146537478511,0.742855695867635,0.246296798301596,0.566520128821489,0.193875877301242,0.751658137270706,0.197768348651859,0.543410030381853,0.20657005942941
3.99581894998872,0.605227211769725,13.9201130182907,4.71073107538904,0.916647040409017,0.0511564600466014,1,-0.353993791889849,0.810082894040492,0.794885408913919,0.297777244154909,0.930690892480599,0.156278420906573,0.652947759660708,0.177603149595376,1.00489599947196,0.190558677407566,0.662995078334903,0.178776521960606
3.88212472192958,0.767263933871928,13.5687562433032,5.34147994302491,0.793510009447833,0.197737160260996,1,0.257807731074991,0.522147743618071,0.637441991361662,0.229822352993263,0.346541274858883,0.330789287601826,0.855514760623937,0.193677756664426,0.467571111361505,0.280713387049802,0.68944281830866,0.171234115959354
4.54285277210906,0.760852098351688,18.9409251159446,6.28264047093546,0.649760033522065,0.378160765801793,1,0.870649155932199,0.470410223591978,0.660719326284663,0.192404808911901,0.262341241222437,0.239034370041607,1.00238614164026,0.190547552462383,0.778207272007201,0.211061904187743,1.22366191467644,0.220752992283873
3.93434720463379,0.770722386331757,22.6350368343555,8.03941155999337,0.892508794346505,0.0799108966484512,1,-0.0478134078579006,0.669704459057858,0.713841283298793,0.242729812876155,1.11839617134102,0.135730246724788,0.669759522205991,0.253231742143656,0.58469631655943,0.24106069845655,0.739757945607763,0.226449558386369
4.30247647842787,0.727776775560507,15.4105064963605,5.47168485928808,0.846637496487113,0.0793232288425981,1,-0.325328674180697,0.552050405972776,0.668835385923552,0.178918201994625,0.447056368035174,0.225370523083402,0.607995888508597,0.202858687199128,0.650809013184878,0.203078887208756,0.814097697959187,0.162069044081034
5.76864817557362,1.16905868240917,24.4699532766901,10.8047383959621,0.941983042652206,0.043157170294547,1,-0.470680960766588,0.901949187325399,1.04365938540642,0.289862411490595,0.9943443457174,0.280203176586114,0.689651097550394,0.336223407713918,0.911560290396037,0.218326869728977,0.84727107338116,0.27965933428898
2.75830139699966,0.487828963385336,9.168343200604,3.14785633685493,0.717727037643545,0.248889079652203,1,-0.494560313760942,0.412476114539678,0.58140620843853,0.150806397789289,0.46434251134946,0.174714336672547,0.593493282896067,0.168846735649299,0.386683772837507,0.292388338250408,0.152140832923439,0.306207034087372
4.52402571188325,0.990339382453952,20.8569167612132,9.08571103171745,0.909958930473491,0.0567909097656425,1,-1.16619121164754,0.851139337930061,0.924394700949623,0.210739713055465,0.702547672434046,0.194172151940289,0.737744356501318,0.214771525341378,0.545946134128688,0.214080374343262,0.722948484107318,0.290535185046894
3.12059627762145,0.567878724673484,12.255059255651,4.25245056427362,0.915084288676603,0.0519738014543106,1,0.117297046131385,0.635263256148613,0.851534979236519,0.168301716065117,0.474331344360612,0.176970152507403,0.645911157650333,0.217562982633909,0.60516375680622,0.236563902704462,0.601521350038973,0.232956526382188
3.59374047609203,0.680202923543012,14.1728927918065,5.18544782408767,0.903742902561991,0.0718610703635437,1,-1.47506918664634,0.687634211137631,0.64280658979096,0.176966900193042,0.993410726743877,0.143950275004072,0.519586179774227,0.17804780260641,0.49330721177853,0.226678425755897,0.201690738276511,0.330771375590091
3.21420335048604,0.802990973626766,21.4855584798461,8.83851515478787,0.507367316264762,0.372567068091396,1,-0.237033682355288,0.629514243039399,0.692544353123903,0.16149047962447,0.452770958411199,0.261477763539026,0.32417930159023,0.294991964736427,0.391027810958185,0.271603725025558,0.881522174448919,0.220020128746805
3.28840299361693,0.679970511697713,16.636615231132,6.36325708232236,0.878817538698836,0.0870331930033371,1,0.381650114285742,0.556260222308917,0.589041658240529,0.300342325345682,0.191760241912984,0.307257641019987,0.820548735663535,0.232003561407111,0.400418483418712,0.265640257102234,1.02297298843456,0.199232445097724
4.25056633075722,0.828526863798543,17.5392042250021,6.75917757955176,0.881290278287559,0.0873372431001897,1,-0.671492438290231,0.850268581820614,0.916473017786978,0.277982992105832,0.705706283735472,0.19521622019474,0.707977322099999,0.255554204678848,0.904160676371837,0.176369919741165,0.733823488658893,0.204474191536909
4.95832448578256,1.09714984207631,20.9859493217795,9.17717820588593,0.924492696421379,0.0684123296447711,1,0.662470987422024,0.897478296469381,0.0329566936213949,0.505639603286888,0.801117562286327,0.305352936823819,0.701968382400359,0.25566868822132,0.780065662532025,0.179310256439527,1.08283501398785,0.219053580219079
4.08567603511398,0.764953996411815,23.081945184072,8.26135714609497,0.939380823406457,0.0530271546760746,1,0.653550194247136,0.874901134570479,0.834522741112421,0.175562075327039,0.760610198072472,0.198956962244243,0.321120901635156,0.2838231089469,0.981581661484064,0.179098121710267,0.526286081412719,0.236944744642251
4.14711151588114,0.612917491642585,12.2313702171081,3.70924199671949,-0.119797652611748,0.283415747571618,1,0.659802094256921,0.549303187930905,0.812828290114647,0.188785570872302,0.840396289071531,0.242790556036607,0.240123471870489,0.254939887223439,0.792403003975622,0.160749912097402,0.776427830142837,0.155302646135891
3.59472786966364,0.578076966999324,14.9331018105913,4.40298030447129,0.647193055813862,0.277223018719276,1,0.43826982578226,0.435836578270451,0.507122592219516,0.238454885574593,0.482054515976929,0.294441866708979,0.978462901223501,0.134213149817596,0.89932953754953,0.1588460957976,0.927181893520435,0.18665874843591
4.38639839935298,0.854147215324894,26.2789422201385,9.45957594728174,0.247518926301475,0.547483657146379,1,0.439750148643828,0.608102634277183,0.642870650782799,0.211997645364895,0.808500533030075,0.21291735669962,0.90498173724463,0.198380085687956,0.340867320273837,0.257106635201417,1.00879905886272,0.220892529336291
4.67822309435867,0.730515430764764,14.1729048115612,4.71671101216755,0.603659266832056,0.447044978239062,1,-0.875834835088361,0.540951667285281,0.870277324669744,0.239965624378193,0.62357690600132,0.189228282525057,0.892634197898135,0.218304878552218,0.707420521748748,0.233956520667283,0.48558292032405,0.234498317121475
4.46316759226681,0.811135138001744,17.3583042788962,6.50983788835894,0.873450166084001,0.0827244361731977,1,-0.810698658543699,0.690756245459907,0.929120367124475,0.257515078451778,0.758288400069967,0.228179665029019,0.549121300387233,0.268944359149274,1.08125135601366,0.205649800491115,0.436829052698692,0.239188627709746
4.52521263294843,1.08033512432274,31.7648242447472,14.9575810969903,0.952041657634742,0.0313635391144531,1,0.59375401714199,0.850725524905555,0.768797674962595,0.197340602440072,0.997192860481382,0.24092812767352,0.782627162683051,0.292979683666622,0.248934566976363,0.343933546997177,1.34421750853829,0.240922936607239
3.29673098790342,0.64656573977935,9.39617573698176,3.72684229294929,0.888486757126187,0.0518153477267941,1,-0.170434465437987,0.594415501735908,0.395572955131133,0.226037055479176,0.679153490716428,0.158949276918479,0.653729774774051,0.17514041759244,0.51763642454598,0.284266614032988,0.4694544535829,0.264687439136022
3.40637160495607,0.692304497214583,15.595982418428,5.73179314937461,0.584263230009637,0.311032566733618,1,0.191025938360139,0.399161747193514,0.448938405409869,0.209594016929603,0.259692888778946,0.248523646591959,0.484206799066509,0.220114387652144,0.356208629816312,0.246122447478705,0.57422894894314,0.226209636827567
4.98501571970866,0.797490052409365,13.7212411298523,4.72558564691453,0.724530844473408,0.250272995839636,1,0.289331123161332,0.64242824066402,0.363275707726096,0.357706948935142,0.9426185716982,0.164302198654152,0.971224618660363,0.134879969189935,0.559419102087827,0.271789476137252,1.01338120111018,0.239509239715664
2.93146422153963,0.484074778337699,10.4101803204459,3.23409746055239,0.831429563003066,0.14266606119922,1,-0.874102266087296,0.641479634417503,0.665093103547469,0.248112941700649,0.481801791588264,0.255508488133231,0.266256891840318,0.235188929908643,0.732584790447449,0.141195605346523,0.638006120207539,0.159015832229172
5.9101175821758,1.31460730826973,27.5098258076225,13.4441697913531,0.966780860374882,0.019620204119103,1,0.757321048586133,0.859352552694502,1.04409093193197,0.337613137148496,0.994341682216471,0.290565334748967,0.892802305242513,0.288158866452946,1.12215750319478,0.215000749441082,0.946771658251858,0.205991304401859
3.39061748932419,0.577724963261179,9.74990767897243,3.36923723390766,0.90503664719812,0.0441782198319237,1,-0.65962600799072,0.739854196158908,0.368965961656766,0.323860893957802,0.904417622155193,0.144750660298058,0.653884112814084,0.123315654434904,0.780939845874855,0.180517073167791,0.532550876401336,0.18422803525439
4.4197976082312,0.857272796529899,15.1587793243004,6.08797551312018,0.928913360001753,0.046827354831148,1,-0.217659095043165,0.80870829799412,0.910038568566421,0.235314239690776,0.838471413526851,0.222701370246327,0.511086466466091,0.247374345434639,0.815054106604789,0.189017321254113,0.551581307387475,0.241108164875688
3.27934424185383,0.537283486341301,12.1289974363158,4.09726479440508,0.827322347002107,0.145807336403668,1,0.349247288848557,0.498385819262989,0.503282932283214,0.202963377472228,0.374245278419766,0.211897928110718,0.575118503399601,0.198802689417013,0.688465963583723,0.147879778940276,0.700779338419772,0.231485871253709
3.54270986233132,0.740722052271897,16.9635336267112,6.30292476371359,0.852477217372131,0.0854362132878789,1,-0.440855640409528,0.722722337174957,0.794347462020468,0.269919042458155,0.471702780560848,0.281176397064689,0.893662892084999,0.233243313802432,0.623890190540589,0.181446515358726,0.524008491068915,0.211329836056882
3.01488427287096,0.553293549227321,10.6019598248052,3.65564409849275,0.9166384617106,0.0468892063673276,1,-1.20694046466993,0.721566515231242,0.455370537401715,0.243809305936935,0.802177354355986,0.210132972893851,0.787823917402129,0.142823543274213,0.60868854430044,0.189384619367114,0.330621415733058,0.263705424654242
3.33750469369733,0.610572311756649,12.8982132237011,4.39174619250145,0.845030217232432,0.110233795371784,1,-0.0328607190353365,0.520629234308708,0.328477063990298,0.19820066361837,0.871806601915527,0.194240853708802,0.403947416139282,0.206981074352449,0.595191029298118,0.228715833528444,0.20699664120935,0.295251066419981
4.2877623735377,0.853956857398126,19.7207369742685,7.75289693738761,0.911097437341138,0.0781622413196619,1,0.185814255707553,0.768162608804612,0.640217521866505,0.32590648714894,0.907102817314477,0.19512851475917,0.805984225064654,0.176691240159652,0.652952310934632,0.278464134995106,0.717081254747043,0.259520199522086
3.26026696877464,0.651789998114065,11.5722180302097,5.00743317347207,0.963771905554808,0.0237413384281225,1,0.149602523700572,0.863082305271316,1.0720115359997,0.166214963553658,0.799433132329406,0.181372972184432,0.466141910438312,0.194345936820854,0.311346842990505,0.337453779944026,0.0465470811691921,0.41460439149039
3.87421404338297,0.657822710396745,13.1873135753796,4.54004168667415,0.875095533837169,0.0793974150159655,1,-0.12487674760887,0.561614639024636,0.550254913554143,0.258308826579162,0.740630972578168,0.193312262438076,0.842867818919333,0.192157716933356,0.511084102321533,0.16168304979261,0.966138868230435,0.185397323380157
5.49853421584948,1.0365543326045,22.9633731856976,8.92562024740079,0.945567270563812,0.0308670443081848,1,-0.586228026060713,0.868822421415171,1.26157797312498,0.286250894464783,1.08280700790048,0.190372869076705,0.690665905684315,0.185544477671036,1.07813264479126,0.219727661347132,0.74956009215389,0.21838652342915
4.75725922104301,0.838763589524392,13.9595933446105,5.60543876788147,0.9402043034694,0.0322361275607122,1,-0.150050792230145,0.793653069339549,0.751487034537789,0.19874825079834,0.611770293101313,0.206754843032623,0.727130865880519,0.248742355773824,0.814663095603457,0.209851711099777,0.949098458325589,0.187267103529655
3.68125721181251,0.672046076248003,14.0188808158293,4.8886295476854,0.875791428597535,0.0770321378085528,1,0.0265322536362913,0.688259420527017,0.680107312016074,0.240732057828799,0.873133786951699,0.1688423453148,0.649735384232954,0.160722431229786,0.780967780151584,0.198047910330352,0.675189883760466,0.211136287014352
3.67907372884588,0.705838639816334,18.7794107163752,6.81700754310182,0.861183585529901,0.0764633253209229,1,0.131320569096683,0.517467078806037,0.769356304090924,0.191868004022536,0.926194691077388,0.181276935414627,1.00276341182868,0.160269371718589,0.494784720548232,0.281936183280481,0.652479701395929,0.321729409120976
3.63425523824969,0.694973099763792,16.7601209424396,6.18112393529047,0.877257888705721,0.0921975742705042,1,-0.157687696282653,0.686505657910837,0.840585420258122,0.200701429377,0.681644327428738,0.235793163670138,0.605613136451455,0.238948250211399,0.670978064674662,0.178255964348577,0.459210197547111,0.290331915056646
3.17252623997324,0.661459153874006,18.5726573727862,6.5844261035107,0.866525684133542,0.0833051101466406,1,-0.29165904752679,0.617350669684758,0.610311350878709,0.224674598734048,0.874895435842454,0.17024037091853,0.278906624692694,0.237206675392398,0.473115270236484,0.266717770862346,1.01811936267114,0.193211598814727
3.21014789126433,0.606345922010986,17.7556751329263,5.61024502124401,0.721594860788642,0.233932784800638,1,-0.104960290974997,0.446769615906474,0.805431072203573,0.193028335160947,0.379935152751715,0.214082975742422,0.710181113491069,0.179961176745264,0.811580677778821,0.146987214482153,0.745014330469041,0.20032220082879
3.88465485556943,0.730522246406828,17.7273134329474,6.58593968085015,0.302578203276527,0.55615832444726,1,0.596914982813419,0.566204276998057,0.512589753989165,0.241118628131901,0.165480261279634,0.25961052298389,0.64289579107303,0.20467226046972,0.802973181165874,0.209275238725756,0.892727294272319,0.268302106455079
3.64634077740278,0.717078807939588,10.6051349758,4.40133284753198,0.38821936655596,0.579690267563423,1,0.123963598767812,0.508061946621274,0.716373785230143,0.186966511240877,0.296191446816455,0.290584505796563,0.488190708779847,0.271301757489222,0.893985717213693,0.232423713338082,0.272688626903754,0.277303615960881
2.78391280073173,0.540838809151695,12.4071633581626,4.20266238036958,0.625373745280381,0.357441020439011,1,-0.584505126442284,0.51883447572796,0.539005126872102,0.24360394186112,0.509677676538328,0.195952396724607,0.553845548138767,0.20095061153225,0.604692204871474,0.200296402723618,0.391961561495806,0.227654226362617
3.13678073930438,0.586101691242208,11.3461229241775,4.28116845314364,0.782064086246219,0.186830952396052,1,0.00681234304548779,0.516487265948175,0.649535620870741,0.211919738962262,0.773878863148303,0.195730702732431,-0.639935558490376,0.373725594610227,0.720744109354569,0.173419166725967,0.792070176340599,0.216044921941084
2.88947243119784,0.498529355759017,11.0177305812061,3.38954744633438,0.771193075419932,0.173165503367546,1,0.452683956860984,0.477669965924831,0.482878386471631,0.208906838944427,0.348020612690285,0.186359626366281,0.813415249308534,0.144636411217388,0.520004646328294,0.212344607669117,0.528983166039179,0.216483656998137
3.72629091856271,0.792125381246764,25.4517495442056,9.51176144223525,0.859547124569519,0.103791666305711,1,-1.98781845870974,0.937339172156014,0.996206195489391,0.273218764181318,1.03057119182204,0.185762769091135,0.717637360034377,0.189165895270164,0.774915034110999,0.201231249652348,0.576314827093836,0.240063031448131
3.70339621911856,0.624906702533835,15.0011322292445,4.87512284498683,0.793649655154852,0.152531813799157,1,-0.244226894061116,0.552170589601894,0.647003616206736,0.179626271457264,0.902708645721526,0.185138128139933,0.433838560323016,0.207976521426903,1.07591133822512,0.125613972706658,0.144952315407676,0.352469819722573
4.38479319795744,0.681468717873912,13.8606646304118,4.8032253138303,0.836282946510451,0.114513850630534,1,1.17769388340665,0.619004978235707,0.207475277994539,0.28314016675652,0.548570997356147,0.18656714291093,0.301367063981535,0.243996399094343,0.635388471933691,0.231526535476518,0.878028251138479,0.170180188296241
4.1485281634378,0.66851556934065,9.27937235184616,3.42319730393652,0.92426215303643,0.0476717019280822,1,-0.121212254041422,0.780305603643182,0.502060014086162,0.341564304758538,0.832563564974115,0.253715841230441,0.844641695114961,0.139240603100932,0.365927404545038,0.267094355030372,0.877497779146633,0.200667889722169
4.5541051217741,0.866591655490312,17.3480262929994,6.66263860410042,0.951258323312724,0.0345114436308305,1,-0.310185645598247,0.926755632655542,1.10303099967392,0.24986611054965,0.499548445401798,0.299075238526396,0.971514267145954,0.224921143467633,0.781012147183209,0.164684924296968,0.787792084569951,0.213277804697669
4.66518114585823,0.875755430377287,18.5283088624949,6.96339834419839,0.765039795015773,0.306092934629929,1,1.11348174261462,0.670861364203633,0.387527704218972,0.304190846089375,0.682569987750444,0.249337498081975,0.588431073140767,0.218445533352471,0.517503672466619,0.260833438966059,0.98240100914904,0.171452774029714
5.2018246322932,1.27086988506325,33.1777164662961,16.1454739844931,0.92759518913838,0.0665075516693471,1,-0.340963759269566,0.738644521313436,0.928591739035414,0.250916199584318,0.721190953456793,0.319056889751749,0.909658636761497,0.287443229892119,0.934846600421233,0.202881902158919,0.869452040760673,0.349662542360572
2.91475622948103,0.487061289624594,8.14950377759855,3.01738955778483,0.890723113271711,0.0659460549661613,1,0.220926590134947,0.544594405266402,0.373685640418376,0.193251129825236,0.779960735044959,0.165426864588091,0.189270200006914,0.229317112691795,0.373882423979654,0.2095791348681,0.395211191366747,0.276863198208496
3.9921201671222,0.703646773794208,9.06500119499799,3.49650844901503,0.879926994817616,0.0933515444260676,1,0.440532652757351,0.611033693011545,0.0406029379294025,0.41290441704329,0.721424262594205,0.225755854763887,0.51080404239871,0.172952879461743,0.727831944576494,0.249865176558995,0.323008550020494,0.231419244172411
3.13350879201405,0.573741069889588,14.4682571688603,4.57544122807026,0.678407138963222,0.303168155229675,1,0.123937349260532,0.578107485872409,0.759007855535473,0.165241027582162,0.468326135595591,0.174284701408396,0.538146013607672,0.203653399319476,0.719065365515879,0.204511047735733,0.347952352775125,0.242870776330765
4.29879118061049,0.667026231736634,14.4501874071124,4.6080666411133,0.793854560629681,0.160867475352321,1,0.9724203288991,0.579468157300663,0.689229413076986,0.244259636082677,0.77356468263962,0.16816451639193,0.935708359625395,0.180275900024464,0.902487073712859,0.154883340377679,0.719916237446016,0.166674906454595
3.41240227698889,0.651763111610809,14.8923844029394,5.4885965392213,0.824811505625151,0.17273655688654,1,0.232410844966036,0.566170514891768,0.560314607141243,0.204127097748222,0.797726426136985,0.206974946417047,0.675049561823051,0.217453961546403,0.921265246521633,0.19823081326804,0.689786258727912,0.21236177956046
5.23328367026863,0.998028339448232,23.6625929142827,9.32826408053702,0.864963708854217,0.0777300572258228,1,0.128096160384229,0.791057881685322,0.0955411429248815,0.440596165689121,0.832907520939555,0.258232567463431,0.902795224614824,0.146843751737207,0.618790750418809,0.237729478321476,0.650687277603955,0.228792746957354
3.72249891740079,0.727609486688595,16.770467807001,6.30616410936199,0.924749198473779,0.0518631444501785,1,-0.00820144528054864,0.668668233401001,0.603169806072535,0.217819144606303,0.984431865463283,0.213836410666112,0.613754667522973,0.226883512335623,0.748271073050247,0.271342569029368,0.475028140474868,0.230895781498122
7.17614083340134,1.62672668541951,25.6401904879771,13.1476404890213,0.913975543768682,0.0938898358422231,1,-0.639259313591712,1.03824084452713,0.799146293420942,0.226215105304361,1.11569409344704,0.241632515351105,1.14278609437901,0.261877998986833,0.661845544559676,0.329144004198771,0.840884760663973,0.335565288652021
3.63515108134806,0.651736951490502,14.4227195986918,5.1028638290958,0.912324033016753,0.050568436982533,1,-0.435514356735417,0.640504613384296,0.809758893552597,0.176402001585603,0.95420148145922,0.2012165086577,0.556837999384946,0.215898895796283,0.524046697703309,0.220361412413525,0.800357909301972,0.248953064832794
4.75524362842583,0.786261949514438,17.7301477078902,6.14607437794717,0.395978970307222,0.306220814668385,1,0.527991295297978,0.55688675569211,0.599473421419292,0.222404598558886,0.62257903949734,0.242980459113697,0.436595028142543,0.247061689161295,0.690836617030906,0.212037966648876,0.748265185935279,0.196494190561631
4.18112875153714,0.728876678011649,11.1611113834534,4.25700887134381,0.93254104025205,0.0384905886497945,1,0.0357076008579162,0.711233650052786,0.836203123016578,0.185483711369312,0.725751481016342,0.245972679077184,0.745552601755977,0.23572954563412,0.787165436223217,0.189265123535236,0.838166697483324,0.191276819403676
4.21472838774073,0.6788359710697,12.1450656666787,4.21542927867298,0.921740369387503,0.0441059426188874,1,-0.823678057995785,0.856081979498207,0.98410713373083,0.243500148781861,0.95578992064606,0.163388769452757,0.597210776057478,0.212849459780908,0.9039752538291,0.143613341779152,0.94409569717487,0.211263167897262
4.04349832184544,0.715542857582316,18.3270909890874,6.33623380989321,0.917502465591087,0.0507263574607153,1,-0.232161690210522,0.749541569093706,0.949189895151273,0.249485162041693,0.903532702034933,0.149786449668824,0.440346813145626,0.257153381581481,1.02472092749659,0.195761334484543,0.473744805281721,0.220657239863323
5.22741881887309,1.20478447111811,28.8733576808282,12.5939708787406,0.912147355264239,0.0636253029677451,1,-1.04321519364086,1.04914006220514,0.771728707907273,0.293546986487298,0.888616115026175,0.270502038376098,0.972685025864084,0.251260614889693,0.997961645892803,0.27886345820327,0.340253596142554,0.341962081297749
2.83624630895307,0.436716355467912,5.35086257269166,1.97609725894056,0.946415147862534,0.031315060914745,1,0.346868042158756,0.714954433941101,0.675147457221889,0.194430044320622,0.453457263266235,0.193061714610117,0.476367134724485,0.221980609462925,0.577534845261513,0.204806460886311,0.743540036560185,0.144779082547538
4.33662089352061,0.913908724284195,15.7895386282138,6.77657773316037,0.937180902926933,0.0428608633380891,1,0.147194553489737,0.799717246788971,0.305379211718835,0.324526712937156,0.683772292353132,0.283954579719869,0.812406997899929,0.218232501922811,0.831637477312525,0.234632471278429,0.645042372359524,0.224890053106934
3.90729041224661,0.771707679462296,13.5121829415554,5.32774665111666,0.871474904612489,0.10716024481481,1,-2.64364470358037,1.22447069351917,0.951252423821315,0.389082410884086,0.707351086641628,0.191764680461963,1.08224851574321,0.192432209163234,0.506376049689122,0.237526280549617,0.142444896149124,0.28117480462995
2.57895112197415,0.508736135081689,10.2614884371512,3.4981652735052,0.933725615175888,0.0499441035072519,1,-0.654393536882003,0.753109136019403,0.553610532187829,0.23957057407377,0.217564549840027,0.260197560047065,0.468614324120301,0.216459713164366,0.601821474112981,0.199124690684372,0.747291949166856,0.15942707944229
3.4358676254963,0.687879739471193,17.5844690962632,6.47372995817512,0.842627622146749,0.134705595572963,1,0.195803449562807,0.620268920563344,0.89896241900693,0.218633271916115,0.457462960879403,0.194186512576805,0.658561695898582,0.210453315620278,0.62935346244048,0.235109320132141,0.632665065752433,0.25631523899532
3.74256342827318,0.888249974962804,22.886574051218,9.83859717360314,0.963242519224642,0.0247989888533333,1,-0.690801786274032,0.985812468733917,0.433458857042732,0.327182860862077,1.02005746618261,0.129625537849756,0.842686652270037,0.26312348082769,0.874976860300844,0.215947347531278,0.895696279101571,0.238815563453817
2.95572801284459,0.66179688532937,7.83468498881753,3.54094638384366,0.908154309625792,0.0499287084190581,1,-1.6412507080014,0.680416226439682,0.69264514601267,0.181828467401376,0.885487429977263,0.208467862863359,-0.169368074811713,0.374373473876524,0.539284971947113,0.250296209579617,0.525632899302937,0.280339089904479
4.1793389344003,0.758694475780129,13.5042740030537,5.61942644848304,0.968036125753814,0.01676093847401,1,0.118735400708374,0.941344507575731,0.3881478967413,0.354371082674996,1.12156244736821,0.251897685414691,0.760503461826625,0.152177190189823,0.707193285063347,0.147640921680671,0.69412060690712,0.251151093745849
4.79070142326444,0.716050063142057,15.5596808240229,5.63970092754716,0.900760955669892,0.068352045456472,1,0.770308081396447,0.627946206115142,0.605440332427578,0.203952034685757,0.900812753578532,0.205902496813678,0.499067225708946,0.244561823185283,0.861062192283737,0.16131481604318,0.285896181156553,0.233826956486326
4.23525160226963,0.704639080062313,11.4332555697728,4.05430823836105,0.873563842011454,0.0731088666869757,1,-0.624066421155132,0.676672969839437,0.649815734133004,0.244781174804903,0.58226950003909,0.189273472903988,0.611611508106549,0.164726604127219,0.803093304164977,0.209579216786853,0.644291374185826,0.217340926499501
3.64694557263505,0.696879082505165,11.0672513737107,4.39719132460418,0.532699663350811,0.39809356332961,1,-0.405905560899674,0.523186588215956,0.548362784056045,0.220217503415115,0.388733991882175,0.239950989889781,0.463398213649273,0.240059776032819,0.646098062444942,0.22363986548798,0.7483812160162,0.241577333807744
3.85265896937289,0.686568528814595,8.58035046786911,3.51682038796567,0.957404461915367,0.029197160820651,1,-0.509516937262192,0.861641921312089,0.859638679009258,0.21381385698841,0.828669138722005,0.240009461680751,0.401013030474295,0.213640417204598,0.50568232925134,0.231697125828419,0.457894237285694,0.260762932426083
4.06905362774991,0.769993084510709,21.7327558531735,7.95192685406814,0.805315331023848,0.187963704077472,1,0.195176158723699,0.560741987942081,0.6655704698082,0.229396206440838,0.729414644710478,0.176169579913601,0.843488345118165,0.213895264534261,0.468101629112642,0.290561155450594,0.617032827714652,0.298736381087018
4.82367434745791,0.776149187309802,17.7372035716517,5.96720556119765,0.910599451461951,0.0532458201032801,1,0.882954177661206,0.721144432761536,0.867633725156359,0.237257923361213,0.515609312950571,0.238532973350971,1.07604928197295,0.132931730913266,0.574049652660006,0.260774856306215,1.15211311978277,0.155115927243756
2.94757260125201,0.60464452584536,16.086930510419,5.33528290366472,0.802306517862949,0.159444560512579,1,-0.715103933910557,0.536605733337702,0.268539001935272,0.256092950269867,0.987913600241046,0.213566185897427,0.347761814738509,0.265623617998384,0.642538090971732,0.201524929593215,0.921334602823775,0.167722603802669
3.4886051925616,0.656367600109822,12.5128238536548,4.7096346607746,0.747802522883501,0.200983240450851,1,0.397550404708475,0.437947895306629,0.355663674223075,0.226474641206413,0.55134740663648,0.215926719470014,0.591307255459183,0.23065262723003,0.319623272203324,0.330567388018681,0.882793773240372,0.185926475192606
3.67611992360162,0.630757198963579,12.1616892512804,4.13788110909512,0.872959870426081,0.0768677723153114,1,-0.117400121417977,0.685612035788629,0.572406095961716,0.291510947838438,0.63067182037063,0.196445636770068,0.778315848896684,0.132835662082044,0.567408931318974,0.194108498193668,0.698759462941725,0.22379452100311
3.76596706818725,0.599630913281101,11.3115529867391,3.97091214083121,0.890836351158852,0.0660525893044343,1,0.960009008932015,0.626475670347492,0.544282435240299,0.285643498455002,0.583924984735296,0.182780481297117,0.428861775235679,0.228488414218551,0.666690245927974,0.175122614355222,0.839260705891195,0.177893336797127
4.93902180389824,0.882701410557557,18.1255186889417,6.45572960781437,0.264714711720416,0.53523175676547,1,-0.367873693719859,0.57491608329674,0.492743996528145,0.268736452871923,0.718363173364389,0.321056051446657,0.557645384957481,0.195468746730507,0.669139419820449,0.212819065468314,0.526850332610359,0.20674849296785
3.40783989866622,0.662552604537998,14.5610178028419,5.18742542377162,0.758502158994595,0.202145312103578,1,0.292149209846493,0.545545067694104,0.43970902274602,0.254265573483934,0.465052808082121,0.150233573779386,0.634009787813432,0.207016400571646,0.277871187017334,0.260827011061635,0.754478891209901,0.288826080218149
4.48137387677549,0.81784777957373,18.5425447076539,7.01681438251971,0.876485509050138,0.0776584523472902,1,1.7938873025476,0.756721473859183,0.258280033000635,0.354150713641118,0.94593422810894,0.142045609433478,0.578156128441687,0.235296160773772,0.930491731281622,0.231021070052431,0.90867672496311,0.262719596238093
4.02028501525599,0.578524630664058,11.9053788570473,3.82670284232894,0.797302505874765,0.164342909171859,1,0.497325177287061,0.528031228264942,0.631531434264126,0.252379486664575,0.326118132026196,0.231387415918793,0.5658435900616,0.212990918206535,0.796182624519108,0.173505405234842,0.824694639221444,0.151331495173092
2.98196337844897,0.695633165045176,19.1274187053017,7.15154210988778,0.732445892489762,0.303801789923375,1,0.518810358339161,0.541659585444101,0.00327063738452763,0.34761858069665,0.80976246233602,0.197970070579974,0.497214257777399,0.254530579530063,0.576092881976293,0.198240083688477,0.804371506635934,0.208144322997115
2.61311054247096,0.555854278312224,15.1634656103222,4.98719893475875,0.908567595199229,0.0532873615133955,1,0.0801434465040349,0.604795652757854,0.634453003063886,0.196847737660354,0.578776898625778,0.220079722794496,0.96563536770158,0.125370325850212,0.654342102519855,0.194774913092468,0.630995909207562,0.211921528257648
4.44445544896261,0.939468678660576,14.831867972194,6.89198707458588,0.939456925916467,0.0535314771904067,1,-0.647742685281806,0.916107113176071,0.858358580881636,0.214914899781359,0.777185105858416,0.209025983520313,0.66836752755339,0.281190820574356,0.374008387655066,0.296987058265652,0.519574368222796,0.287901707772241
4.26243193616963,0.799873776625561,16.556231404664,6.44299909319297,0.759015731558099,0.189057423589969,1,-0.125582354859797,0.528183722048071,0.523596857104978,0.238839715508258,0.733071451246205,0.147069204926112,0.636990864125659,0.245734448261626,0.591622653279303,0.249652750995322,0.873191944392658,0.253810154146739
7.53463933304239,1.61960909808868,62.8926239174862,27.0531448782127,0.932204895046111,0.0579567325948495,1,0.366984296545666,1.00876524594066,0.789827848853467,0.365609556203835,1.03314919873293,0.288062169912385,1.12329016544961,0.195166396191796,1.04626572642876,0.222699784503117,0.722726423130427,0.314955461312305
5.17731191903874,1.13086488119161,22.9694283537113,10.1247044001749,0.9410199707919,0.0382046548750293,1,-0.614639248100971,1.14410105277187,0.676271647620257,0.249185072317649,0.70960988774055,0.230075342098036,0.948948301986449,0.199518812346642,0.338821620608207,0.30682113516154,0.658070195784635,0.27757461613597
4.40142318237021,0.927302115560011,31.8223195361596,12.3528923478951,0.806623085980836,0.152520638213971,1,0.194445218685968,0.590423754285639,0.663027921611155,0.272107468459997,0.683704550030848,0.329753525758442,0.845466243467485,0.269675513830501,0.542353763270389,0.309010095123194,1.10348308916958,0.227420556563952
3.75242528534578,0.76535634353551,13.2786476805424,5.40294453328369,0.957000104354297,0.0312960518507215,1,-0.228120154418644,0.956117333652555,0.719311250787434,0.273490062822358,1.00095824312349,0.24788901503051,0.952965030201745,0.264266793329714,0.663441435389737,0.181272497942351,0.797962788168394,0.20473163196131
3.52146217371531,0.606557355540647,14.0879961597892,4.36661930419675,0.636079312481212,0.33452426842504,1,-0.211152704918768,0.5196597452576,0.782577793537301,0.177034647286306,0.711375629074829,0.188757715310336,0.530283627274562,0.229931228970306,0.441117317941036,0.214064507878707,0.657465540932624,0.175319718825923
3.61638941384903,0.690098818026217,13.9417654621279,5.23693616428839,0.929074389057032,0.0469226081752847,1,0.627709390821971,0.624630290799661,0.506960697305798,0.330389182903356,0.698011368092745,0.25046656430902,0.466746067945339,0.251048956230399,0.944857533023094,0.174884983970606,0.654943069311617,0.17913459501142
4.09917172797215,0.730390465743438,13.5691843761262,5.01444981089318,0.796845392609449,0.1540679629465,1,0.383382253885686,0.524188921899131,0.448989483132196,0.252264428710163,0.508738714247287,0.215273362211976,0.578102153818555,0.215620089113341,0.452575550966851,0.256962042130755,0.0832386842181743,0.300752550622871
2.9664705432983,0.53793822511209,10.7388013819549,3.85032104774825,0.959278154859948,0.0190853934000107,1,-0.371648578438371,0.77075791515843,0.976910339524085,0.202487523193052,0.966461184037013,0.181365030755412,0.547665803160846,0.179262894842323,0.727635984879563,0.206045485392713,0.539542717168749,0.270098924002288
5.43164432367246,1.11164220288849,27.5442645790724,11.624709871074,0.849845630799971,0.11908348859689,1,-0.221675024507904,0.721566203353608,0.251893377979874,0.412301692596729,0.598395552604018,0.352426870281061,1.11582062184148,0.13229626153274,1.08381850395116,0.245514786827046,0.742855405634199,0.26723468642231
2.53502410009528,0.506696191680105,10.3849642543506,3.41672508939739,0.843408572791187,0.117895632670811,1,-0.0926486567695822,0.538499115912444,0.510819943282926,0.270172597882586,0.473359148258483,0.183605959385655,0.593729599949821,0.190527866913494,0.478343359857143,0.186883393160297,0.580385958405938,0.193911179943284
6.50238044345358,1.12104159658903,24.1416692169819,9.71896629403174,0.916506241047828,0.0634091675090648,1,1.78859222124064,0.722134687692182,0.570635093842913,0.324419125697143,0.836936834966271,0.26544670464448,1.12066544345658,0.244505239063967,1.03544258707826,0.262863250492903,0.905708291084142,0.272978322041706
4.13020997426627,0.794657795002317,11.3144588024866,4.67632954749397,0.942410026945856,0.0276408250982456,1,-1.14871344521249,0.801783694782572,0.656539046727811,0.258131276651105,0.832340048668572,0.229119465843336,0.832329902353916,0.269402916814534,0.678203083577734,0.251615941660862,0.803013565765995,0.232022222565182
3.6758238501097,0.893426792959107,23.4750910112898,10.2741226668559,0.93791466742246,0.0424947801423729,1,1.13130550385687,0.831691503244104,0.760739581994539,0.223027358515787,0.836506402368663,0.260842889465173,0.678728666792862,0.235930742767501,0.69471515939813,0.269339804478562,0.718779527906069,0.300612814319879
4.35397525740302,0.89201971993622,24.7471196971627,9.97491483431504,0.800681825354603,0.192356753110557,1,0.0174765810401979,0.647273968509332,0.816640768260388,0.307844076054141,1.06589470593351,0.204958237883755,0.793731693590612,0.209702743404205,0.836771208021829,0.216443504470344,1.02949813760113,0.234802932512345
3.395738108824,0.684239699303895,11.1304698135871,4.51825248557652,0.912552551055839,0.0595112724366042,1,1.07441810892637,0.764550689824223,0.339943470419835,0.277435376069137,0.580627423537764,0.227682193700317,0.421347107420165,0.195320804075956,0.791324375367347,0.239358663821694,0.626048593580899,0.247081581885459
3.62923649906291,0.634124493379859,10.9019645352272,4.05734763485323,0.92506412862478,0.0514294908136515,1,-0.445740966711025,0.635616202156192,0.757752858668501,0.222347582930467,0.902361061761394,0.168241418228771,0.750107629560556,0.191816692275199,0.896580550188919,0.248347184997914,0.616662282399707,0.26062846560384
3.60417708391116,0.67395074772794,16.2723687845812,5.72501134567227,0.868834481940768,0.111473292038118,1,0.0457281781303501,0.686845138379613,0.752332178748812,0.269034154867722,0.374757281714159,0.207776216850594,0.703208669146511,0.185960560990777,0.71277932604073,0.221662822012354,0.475822168488102,0.20482979998369
4.9811846187822,1.14702390882489,23.0684287662798,10.6702652602713,0.976392874850029,0.0146700800163736,1,0.0226572986630515,1.0685995272212,1.20809636273982,0.216479936205651,0.823049597787428,0.259463408637987,0.739306072218196,0.279260314417781,0.845093962095039,0.282932836023765,0.761621828579383,0.31193827885737
3.93530159214415,0.778197538142473,15.1438538794307,6.24188519138195,0.243986165507154,0.456436085858018,1,0.305442781395252,0.472552968417116,0.589155969058117,0.204298942015212,0.624802378937899,0.219453217773625,0.342620383334404,0.263321924922491,0.508521108643737,0.24347963900634,0.547467522429817,0.257619627320689
4.01334270005836,0.742881978437417,17.4103780862793,6.21656668513006,0.722229172334679,0.175798356316631,1,-1.03246647306833,0.908172500962438,0.807124172825931,0.314664021277568,0.702805296101184,0.204135061029691,0.783480944611506,0.176243031740445,0.760214804767414,0.172727090667209,0.54574781519665,0.263097653613872
3.69559588314229,0.708984515471342,12.2489972008508,4.73197537021364,0.946842695538418,0.034955929494281,1,-1.33264044818607,0.88316509775519,1.01584903719494,0.199897757825679,0.505023379667941,0.263908162202384,0.507748223514528,0.246638710534342,1.23140002060885,0.1787455418822,0.72790424072741,0.276567773490354
4.3523640426512,0.664104473579852,14.7363456863396,4.99439304043108,0.919448684537391,0.0420314936293906,1,0.482086000067561,0.586373377410389,0.836422336433908,0.175517464703132,0.823017030793511,0.185297983197854,0.781674222020178,0.203795765965624,0.797646385206712,0.201393412337755,0.86617500634766,0.184449638389796
4.27288168842891,0.829642155323898,18.5378987033606,7.09337930225228,0.0344820996019962,0.279284699938355,1,0.346062121995859,0.52536932007971,0.748178395465487,0.232626710706172,0.302790302457695,0.214522144800765,0.916562895891558,0.217581588906243,0.104146244252537,0.354831024789527,0.801288303469941,0.210291138463177
4.19443413055115,0.81808835976698,23.8743009726178,8.61647363875323,0.789804830027812,0.232292131483423,1,0.168476670988057,0.6752112901329,0.211434896306057,0.38330347103463,1.00420608719879,0.171766014590286,0.677562635135674,0.212721733883002,0.787377372548284,0.198466248966913,0.542285926491163,0.248870917467225
3.45931839949339,0.60025800273977,11.3756235759562,4.200803807453,0.841727192370728,0.101576481350025,1,-0.134325872993548,0.630999098536719,0.696885914269373,0.24309857917969,0.551362020841859,0.179798573599504,0.490994248909735,0.217336433958482,0.563780176375236,0.262522664200725,0.407629462902493,0.23742342957387
3.69790471070841,0.778326335993995,19.5819414961881,7.83347618781889,0.926576270807286,0.0358106922769754,1,-0.395398081484508,0.611867884916337,0.666560341898927,0.239952191931047,0.812124586531161,0.168345343997109,0.544667139039933,0.185119909383791,1.04126215142017,0.248684201427507,0.608668100943503,0.259787884499587
2.9670884591751,0.492720200353631,10.3790684613428,3.52691351332767,0.926523473421845,0.0459708649813776,1,0.564911098699004,0.58748156805385,0.214440549165355,0.212929414506611,0.757243113170538,0.228250857263711,0.8753277492633,0.162975285210485,0.61975131435429,0.188969268245359,0.452770122210021,0.204546802811488
3.63112043248137,0.686067702801593,15.2824401858548,5.54364718237311,0.952101519227732,0.0318120462641687,1,0.11219503793717,0.836786059800791,0.862713081992251,0.174488545920303,0.771867869535125,0.187475763334822,0.786932123392271,0.230542716016132,0.767338043224479,0.232521942221358,0.589159676182267,0.24933617837284
4.55957124046345,0.889736070833705,15.2535671736398,6.04268758172338,0.933714813732386,0.035421127368989,1,-0.040141158068537,0.681619538096077,0.535203221274507,0.206579943445625,0.980892222037711,0.224709131900537,0.867303389842271,0.185682950138746,0.750124433221294,0.234553400442059,0.887042896631018,0.193278642544256
4.50009567305041,0.758417223369399,14.6144712743778,5.57278345066836,0.900118330745312,0.0450171376044895,1,-0.560651276693106,0.600146858487254,0.63758908765335,0.182609508785275,1.02162029192863,0.156050205166847,0.526675629020981,0.224930497495247,0.760600070123736,0.208708592727502,0.689629422548417,0.278596849281283
4.1807821679131,0.979486312440664,28.2004254308955,12.2760804596962,0.906115609413609,0.0775364076944615,1,-0.269849869394971,0.770632209560859,0.919444435276443,0.164512808480099,0.820280294951484,0.243653738135365,0.552539676464448,0.283211436088394,0.860395972783087,0.253091846474931,0.756299684402646,0.254741207453495
5.35399342140541,1.02278119828512,33.9236580783989,12.5946450519594,0.162810661812109,0.481060159837924,1,0.0606033823997763,0.702623575967417,1.44490410927666,0.250329947541787,0.557957985631891,0.261207580210256,0.969588727140847,0.182522911237202,1.12663634264805,0.172125304598182,1.05678089235724,0.245476777607285
3.05304534638234,0.618315393952066,12.7537450104733,4.41821660852718,0.294328574925223,0.582272261641747,1,-2.13536886227607,0.636724664225632,1.11505084577816,0.184808096958564,0.712629879165992,0.21553592243513,0.526818587917403,0.220846536556359,0.329872746705122,0.281750577756242,0.786232987214977,0.195713106029899
4.90399474156598,0.877250803965713,19.1765091491859,7.49605582181237,0.970191290166021,0.0211958856987822,1,1.70025755821889,1.04239481957233,0.875120554612362,0.264765497453018,0.836719464597618,0.189455148363176,0.647846187592018,0.214225025305903,0.99256025312137,0.195582828860525,0.667651715157465,0.294070254069204
4.12045573284401,0.854581107822824,26.9200291285339,9.95668422163143,0.833165342019969,0.0858688175404785,1,0.846772158840136,0.585782187586662,0.43683502379309,0.199118300062488,0.626014038271477,0.270243740985142,0.614739394703559,0.247427311623119,1.16380487191636,0.194425136114066,0.195810547924679,0.280414263832603
5.13922815648171,1.00977901290477,17.3286065406835,7.74132253671204,0.939207030369085,0.0454310574029292,1,1.20053563212336,0.868212839960991,0.512668372065053,0.36956856266853,0.579218232657742,0.261041358299224,0.151750759038018,0.343671419663478,0.710205159731577,0.245105538674602,0.597261966066823,0.19925427396027
3.58727338436856,0.497537922344811,9.20515043466912,2.76433099981726,0.755347121265795,0.221678813715798,1,1.19913719041618,0.532283170750603,0.150922102446317,0.315647201007019,0.821404351298889,0.236165543766331,0.681057297144888,0.16599443922777,0.565114047980955,0.198682282298725,0.6788471169935,0.200255810103289
3.07635205946863,0.506300306191131,8.66639696130429,2.91848227200664,0.263697398713535,0.449926479367529,1,-0.220382082974966,0.423552546689611,0.68722766044356,0.184901811250671,0.656634576312472,0.174411746788507,0.544808219690898,0.234181739623185,0.756926001823792,0.177789739885974,0.476879642600019,0.2198050438573
4.94075245909411,1.12142143310582,18.1731270805398,8.62124052903236,0.972315281742676,0.0190885885326699,1,-0.411917899159471,1.15247752435872,1.00888934823628,0.203792115230097,1.02090011440619,0.287479075820175,0.855694850397966,0.260749681169966,0.959285325641405,0.262087249192941,0.85608812545949,0.221507597121984
3.65096152688241,0.617419255083052,10.6089254852891,3.67456939476323,0.749043960279356,0.244195663403698,1,-0.263212628599815,0.581400631945518,0.571683727083387,0.194305394121903,0.652978237331763,0.262201920097945,0.518028642895889,0.248308602685424,0.255520900392998,0.27692530667905,0.75676660998895,0.167603348623099
4.60748724659334,0.987706005677274,25.7215817802091,11.4672970080644,0.876239021324911,0.122214345415942,1,0.870210830335391,0.592514259626583,0.773429082872443,0.176377554379778,-0.0981292813415828,0.340633084091142,0.530293457889497,0.270653835526627,0.707229986553647,0.341635295059302,0.486616724146479,0.328355618238324
4.66430459519409,0.786705004484423,14.9657424838209,5.47961493129077,0.534111174280966,0.589214248090059,1,0.290523785530971,0.561797701642778,0.404010687796753,0.269377726457073,0.718468618156257,0.27964629656506,0.607675373985054,0.27898048058473,0.582001694730581,0.200387023299196,0.778172345705515,0.231135808870723
3.93588612611995,0.768642730305249,16.5951278125752,6.23493704131299,0.858870071139225,0.13109088462644,1,-0.349429786829095,0.642279422621166,1.09720427233523,0.188204052530043,0.817501120953262,0.20154779431671,0.809318324819968,0.249040607163599,0.737001514630434,0.283620838138609,0.932824943409916,0.241435230212643
4.49353546998783,0.900774758164643,15.9209416162652,6.88554036404977,0.904940681130451,0.0689959891134274,1,0.319032372591897,0.603657782340689,0.880964364567016,0.21789540458192,0.599050656245101,0.237089698326057,0.598022122435013,0.228307351678974,1.03198182005238,0.261742256523007,0.605807962389221,0.290483680708719
4.38304002385744,0.809191556855174,19.7205494224386,7.06952139665644,0.904816303132105,0.0696387915049831,1,-0.190647740966311,0.668131689312375,1.08748910215962,0.279429274650228,0.750579495425585,0.178056935058358,0.823539400076475,0.218012370213892,0.630701530775716,0.210341271104386,0.962467560002814,0.26311275532212
3.38478999500969,0.733833091411802,20.4013451642857,7.76786907571245,0.929440207792018,0.0536372247769237,1,0.301263795163974,0.699931372202069,0.435693808336299,0.256777695492463,0.858579691222696,0.25050997020522,0.814495367588417,0.230427054093264,0.811207305256141,0.177057657400226,0.667664306942847,0.316263851423131
4.80134611323889,0.921220514196129,17.6973845606857,7.63064454388239,0.877199289610462,0.0836607087887891,1,-0.017226186073257,0.669259230688618,0.523801953975767,0.236054103952647,0.990646179033337,0.157989936420437,0.0456090538623223,0.316346456892166,0.521705007229708,0.251599279569264,1.18347240180935,0.235221517559339
4.11500429786809,0.825249423405119,30.4930727327948,11.4733992715399,0.604042816612803,0.296665716948535,1,0.27259683463887,0.549080495552994,0.551321197565865,0.183287357777282,1.2507117549607,0.123562906727718,0.593488284643472,0.258457650939675,0.931711110602553,0.232155717316274,0.713407236974271,0.317689430805877
4.63607239402058,0.86692071671585,19.8895043577552,7.87064996330413,0.950682997139358,0.0306234729788678,1,0.178888776569392,0.956475569086386,0.940162411183775,0.228310069309174,0.353498302407742,0.328023699440711,0.711294838946461,0.184554283380216,0.753282280835437,0.242201253448663,1.01406351416063,0.25423844221713
4.11533230912893,0.629994411827402,15.1879597890702,4.8517935578592,0.469727931216592,0.374648698825961,1,0.530186626790879,0.483782334502736,0.682349883846717,0.182486811299762,0.697335358861939,0.148306367762144,0.780774844768445,0.173804103356223,0.7492992535972,0.198963130736734,0.7820482434722,0.245495080134507
3.18811070551988,0.553646214898528,10.1694007290972,3.50859338496145,0.710306889028999,0.304523926180609,1,0.504688573365823,0.629170954842265,0.291749585218645,0.22435674056694,0.42242465605913,0.250297414192406,0.657293117022005,0.226786130494309,0.567896799139509,0.176954825963131,0.421827143189982,0.187048270203994
4.02708856804021,0.747272730329203,17.9679302642685,6.70123040017466,0.91876027835205,0.0494213305138839,1,1.22513573359442,0.728313519130721,0.710231224132493,0.290408837899199,0.504333156629233,0.255728579350088,0.6871879825816,0.252994274466034,0.830356079168369,0.194689919975176,0.975789815391188,0.145186778607537
3.67693267745587,0.613306228194889,13.4382985118289,4.52552691232486,0.786270934170972,0.281640954362382,1,-0.835734694432662,0.657223059744955,0.720175053720051,0.298840748113775,0.836307162129576,0.208002590633872,0.559842263931973,0.202459885854481,0.428015251540361,0.212754758820026,0.842039055837237,0.219183769495892
3.72997295031047,0.741318135268439,15.144475802768,5.68622339613546,0.876829101274781,0.0666544565557281,1,-0.388445993389865,0.600946196191759,0.742808864458507,0.2110352879055,0.92139948587222,0.185204651355583,0.265233901694225,0.287071773716741,0.604919391988101,0.233428188832502,0.733350871538188,0.240603097594515
4.2537069273596,0.815133986585089,19.4233509650684,7.60358683779893,0.851146945044596,0.0847984503054206,1,0.437091535641141,0.686561051154174,0.526968638497781,0.304315808885083,1.02957703162114,0.207026300841819,0.705229973602835,0.219327438702616,0.807533355355267,0.201489829621036,1.06652383859776,0.198392021893911
4.39159012694704,0.982798309044156,26.9737642777012,11.8549742712722,0.940425175531662,0.0342972789526979,1,0.495967204120587,0.811977079566177,0.763807392647574,0.285845250184884,0.66510876297048,0.366059289922241,0.621248851399184,0.277363600977054,0.856083915766479,0.249871276555936,0.468943619470924,0.251408271579267
4.3137461047654,0.693154060930358,16.6158981072578,5.3863389094401,0.943931210949409,0.0339022598500631,1,-0.432993424947032,0.734560947223927,0.741934259789768,0.247761970876943,0.808591903138836,0.25705324407253,0.902640521620289,0.20520065160909,1.0145109118542,0.168453207679159,0.849352545533886,0.141679539253843
3.70369904195071,0.840411292763839,15.649475848622,7.44879205672877,0.916328488332905,0.0694598959001025,1,0.0785236250777427,0.766788519583689,0.493865239518859,0.251040607951469,0.624942906529055,0.29107074517573,0.552624722057883,0.392287703824209,0.521315464206386,0.299943935346056,0.589150373000935,0.250675900826796
2.95370031717259,0.555356871116968,8.31848309743793,3.23472689082413,0.975366864490209,0.00976905992281165,1,-0.0739889466983764,0.863920352866281,0.804270358438065,0.192591772986579,0.83481268391977,0.18212703458649,0.913186148023461,0.201246709086141,0.787847290564343,0.206892529541245,0.920785002295065,0.175236954420057
4.43841620708046,0.847640416068634,16.9411418286556,6.42323492820389,0.88041214483707,0.105977458360825,1,0.24571897727473,0.74466338195246,0.763913615196138,0.21623938203585,0.543389702095923,0.24657879068298,0.319466601349416,0.303119868622173,0.858528772124261,0.175283528349872,0.556051989797967,0.270877499424045
3.01975868954384,0.575062251384171,9.70231455679187,3.83417986501116,0.790751626946833,0.157710803366169,1,0.340886601965526,0.44504435392678,0.535998748425788,0.18439924192821,0.553152417065022,0.197931060804487,0.308390632428191,0.256177236635675,0.292428286861845,0.254842450404301,0.367061054299915,0.304716290693428
4.51293734799512,0.638608596923032,13.7578032688813,4.45761967917827,0.606140827403084,0.305941933231943,1,0.131907730136569,0.448804728658368,0.939659102376884,0.190433808533099,0.65636558439519,0.165021587331968,0.664431031638617,0.169759718600709,0.635381457333926,0.206856527344228,0.48950163322787,0.232975754133695
3.96833210580442,0.663172641352121,16.0702234346812,5.10398814379771,0.521458798250911,0.349533733408479,1,-0.403907577296248,0.647040075073173,0.632875511575014,0.298469844667284,0.549260421845619,0.195612707388335,0.692868547139648,0.173851706549045,0.739729235190102,0.162654521741368,0.945252128610815,0.17067738994435
4.59536329940085,0.893527965014017,18.958788121149,7.5844139673997,0.881797976088084,0.0810678803394337,1,-1.0369089669882,0.6524680493803,0.950583922589928,0.141983529116925,0.799930533904866,0.265409786659728,0.953333997442389,0.209713529190045,0.378475739690748,0.280521868410465,0.439272756989722,0.246699836771678
4.62453546267945,1.11087911653796,33.4957480388152,15.0024303234835,0.834313900184386,0.129777432363729,1,0.0457804740985364,0.515739647686798,0.628393552738029,0.234861866265445,0.556572070737868,0.241729602887731,0.324003862154645,0.253528158269328,1.03213980425312,0.284597515341555,0.972205496543355,0.276832385700535
4.85089118087282,0.959809364963217,26.0463360277682,10.6442460433707,0.959800297162774,0.0293588012958342,1,-0.88013868926238,0.94661178431439,1.01271108097507,0.282925545813476,1.05459751189218,0.244613035201408,0.850255721498978,0.253880606972657,1.04981988532172,0.254143710836542,0.670922679730757,0.199477513910537
3.1916299035161,0.485447127173808,8.22008995274878,2.82409018733782,0.888561192936507,0.0571501143791885,1,-0.699058682387947,0.598932775923284,0.951098137849113,0.164162775742238,0.710661774319335,0.165309980242301,0.679914148119711,0.215484232979396,0.222884899485022,0.264729116642607,0.498048540917144,0.181801429132852
5.48325595687202,1.15901467514078,27.130286272657,11.5823878106885,0.0187694402747654,0.549675214770234,1,-0.587392178170382,0.719825230375952,0.817089863784912,0.285805906461505,0.429383810864177,0.221967892290159,0.914235398820942,0.203674092952759,0.89598312277229,0.276258065817705,0.596188558249188,0.271588792334514
4.99990359738786,1.06370002499034,25.5741224393423,10.9309601195103,0.867128414968233,0.149928220499199,1,0.605228574832958,0.864266535640007,0.452259861384318,0.321735790679724,0.773541823213796,0.228743928763298,0.794653160144811,0.17482210048063,0.590108828056029,0.264303297590024,0.680321838491998,0.263530061781162
3.91871779660847,0.747045079073427,14.022488237093,5.23861977127758,0.860550881491052,0.11039802913665,1,-0.282313108445436,0.734701202775397,0.624004657277763,0.277645877757105,0.832281131411505,0.245838982254397,0.6212061610598,0.188621913475302,0.731811934772743,0.164500801196412,0.820463452385932,0.199084074818866
4.79077053746174,0.955391294436285,22.0430874108228,9.13680868427982,0.669415261611329,0.372055618836986,1,-0.474753226871523,0.557102090843985,0.365663650797713,0.299104625708689,0.795806309914904,0.205454869320101,0.881877413092409,0.182977764515401,0.702293153224615,0.280411536646689,0.514987187126509,0.335764398251968
3.24563051534665,0.523884225138717,8.4723057086668,3.18214708090423,0.949307768153227,0.0230141240246153,1,-1.28875761975606,0.76235976915093,1.04904107465582,0.184120674937298,0.563942052620161,0.23026028689587,0.8701282237843,0.150670748763232,0.499522826188529,0.157150628674659,0.495989611306014,0.229742568137242
3.95049499324086,0.569706791740277,10.8749338441037,3.60639119446188,0.779868617684247,0.163715781815907,1,0.120215175487179,0.570731458927137,0.42413180751005,0.226469445153341,0.169619800723577,0.25884493853234,0.893878128116924,0.17242776491841,0.184874434535275,0.216448079651085,0.943992969470442,0.149842762335809
4.09539755850525,0.702029770884505,16.6678018614734,5.6256034986909,0.886714013322921,0.0750153367527419,1,-0.470363579027983,0.593752010708205,0.732909695095621,0.209915489526107,0.328758824784382,0.3442705199401,0.865752579500488,0.176652501310213,1.04108422129778,0.143726034924871,0.817484105259209,0.206783660849544
2.19971510623432,0.453309193465302,10.3229119334436,3.40472339923669,0.843936261459162,0.0915162672686163,1,-0.196744210305792,0.507055929839483,0.739081245728251,0.158518373990985,0.768773554697638,0.170138498623475,0.61334497864359,0.214464401808184,0.781772830023593,0.20673449962487,0.506450065111909,0.274979539160597
4.96353569241974,0.923342185599757,11.3636482734291,4.69229225755483,0.897998804317338,0.0545272105146028,1,0.538973439519635,0.693900900752617,0.833638753211961,0.241756505717602,0.258650332115833,0.256986632418513,0.952478844727732,0.21251722825333,0.631478371819147,0.20757639910563,0.577972974563974,0.277277212449148
5.67149822094903,1.14021142961946,25.5080396195554,10.456295465421,0.511377288314062,0.633692345078142,1,0.985746693807783,0.710091984999671,0.375113640956394,0.273686424790776,0.337980603617486,0.332675887721157,0.269052732645831,0.296274675837864,0.91651950308871,0.168136613048268,0.628965029197329,0.263014677414691
4.13907993397624,0.676817712264062,9.78943983535837,3.33485687871011,0.858495676911693,0.121134173800739,1,0.622475588341168,0.655649253809766,0.844811322978321,0.223301915770132,0.627008142145009,0.215410186905324,0.692917553357498,0.209009369039486,0.756913254603652,0.227325465423469,0.48621441962812,0.247485790904074
3.40087966070288,0.812351697926595,12.7749461294658,6.19628562396841,0.981914639731731,0.00895904157497765,1,-1.04929633184334,1.19899171331706,1.291678996745,0.193573602415803,0.695135139265119,0.173714539681355,0.939110592064003,0.221821775645504,0.507419625530109,0.295898385708974,0.789593039449942,0.270518027993892
4.23774826835302,0.698112085609087,9.03567092467737,3.29836410821708,0.872834160116895,0.106425613207506,1,1.23979817983947,0.722921049182135,0.537727655552805,0.241764961648234,0.45032925298309,0.293135623614345,0.733824282984186,0.202685324292588,0.455745555633295,0.229870395198532,0.722817868836032,0.207004547188959
4.40978011674512,0.800204478566702,14.9832730158412,5.60111918355293,0.926404866610459,0.0365037278788654,1,0.70418776374527,0.73076566675408,0.720917236533193,0.215621021038305,1.01303475027944,0.232394062746545,0.866778834398002,0.159617693362341,1.07259708323725,0.203966892163177,0.817581598021811,0.224861915218409
4.34457949779645,0.77995970389027,11.8347174877665,4.54010453042431,0.831535385596612,0.138691137966058,1,0.464866594996468,0.554260808656669,0.718636330267557,0.227010427324799,0.570892223082238,0.236678861426205,0.686444990557452,0.22405269742278,0.57331711573011,0.251501764534256,0.681797863376322,0.204684781380195
4.82900960303917,0.746186796411918,12.814347130782,4.43123905218782,0.933631940114325,0.042307765233836,1,-0.936511455921473,0.952232820460706,1.01610308812687,0.287182124193523,0.911718428540588,0.238006306313281,0.791489541120529,0.236131566331827,0.584167847136345,0.228174017936248,0.992027251478854,0.20886374421742
4.10658637154296,0.647850831507954,12.6031511073685,4.239525699111,0.815532501832047,0.126810966490387,1,0.229942369840353,0.530013798180004,0.612687504037214,0.243132570112694,0.271308420184177,0.303438798131643,0.864553826301137,0.208891411899246,0.548282216991526,0.190012129026972,0.701908084983128,0.166946406631389
3.56047714809041,0.734402393323239,15.692406978101,6.33270048528254,0.833859304132406,0.0960375747274235,1,-1.02524291161404,0.605034543734937,0.862386679878731,0.184948322496149,0.667224341456881,0.209807130526487,0.668481274593551,0.241388543800991,0.155451294752717,0.34851299515017,0.426738565940991,0.28394887206993
4.80542908427548,0.716031537926495,13.016483282159,4.3958122669614,0.75088349522863,0.342115994468162,1,1.31609863192346,0.687705600278632,0.530950942137793,0.350192991134701,0.739806890545965,0.210287086133334,0.556203843477564,0.188510504883974,0.997523913930418,0.142642861111783,0.825512884568605,0.245047614930358
2.97554671733925,0.48339259465296,7.60913726454699,2.57203651159656,0.950118377284204,0.0285041676507561,1,0.147257973807559,0.750347156072616,0.25388246165457,0.310898566667845,0.59606018678581,0.234968101361355,0.916620161394766,0.153395010403095,0.720300071483123,0.19832197100664,0.790337026504847,0.149929196693124
4.37788758964888,0.896728349956682,26.3797750993692,10.4340027686319,0.894913174222088,0.0753573408982084,1,0.152587672013444,0.584901948226536,1.00213065202509,0.201929534132313,0.812421096141871,0.298326724362193,0.859747936901855,0.191692411752501,0.852866184872769,0.214286396425494,0.570543335896842,0.271624623493661
3.94334158206159,0.810544017858056,22.0537003623139,8.6456790559731,0.88555459145063,0.0890500054139506,1,1.47390152849113,0.697736730294225,0.377826328242091,0.306108876453007,0.579513514971784,0.207741419453822,0.718869926569553,0.237374562524564,0.913475071354589,0.233843605371732,0.582101420205131,0.21603781784689
4.49113224552722,0.875340790438812,23.225247925757,8.44309612768521,0.742881898144305,0.238398526459585,1,0.206853024297427,0.560405857395648,0.538098317463598,0.330292370948906,0.876894670815271,0.307544053034011,0.578257390989859,0.250036151355031,0.944302066336431,0.142945775627193,0.872207394972062,0.156715918098082
3.26254416727871,0.538419741909767,11.2463888278683,3.60357148137838,0.902189963243014,0.0642556355393764,1,0.038921954842366,0.707582714827985,0.393798893619562,0.246317666918146,0.6449572837327,0.222735144685734,0.806261482939246,0.12683101219589,0.523944573034637,0.208885982302209,0.561525266990042,0.2181992383855
6.10794901492648,1.26211602653953,23.0261691771798,10.1887256990857,0.935919313950572,0.0506333782739409,1,0.535447606707082,1.19714161012458,0.76471171608032,0.401734923812331,0.852757686976102,0.251990648785832,0.714359666871788,0.194814281918292,1.04277607707972,0.266159527897474,1.04139509702786,0.265751307276278
4.82376528395381,0.99919341797833,15.0019268876842,6.83810866727467,0.953282522050276,0.0285444977907439,1,1.07892828561522,0.932062000446608,0.529737533048791,0.230779848070758,0.962697813371308,0.238355326050098,0.864750474354322,0.217777233570993,1.03628274363144,0.228450760211803,0.671355455318991,0.288374953369886
3.36617055026931,0.506366994449097,9.89990508078748,2.94070773775479,0.846312609490144,0.0847562444756865,1,0.390019698176115,0.527779458653612,0.0541065104566713,0.26318460100024,0.529773901501339,0.153006790855274,0.621102583168913,0.159640790768979,0.628790819694017,0.146191096312542,0.369975922140233,0.230663715729236
3.98470357364447,0.821377015587264,21.5198638894784,8.5245832140645,0.75666303684705,0.299103217465285,1,0.545557362056989,0.650556442080398,0.218816519280762,0.415702417877149,0.958284878436756,0.212237052218131,0.599660111681044,0.174152547232118,0.563603344422374,0.267860167833828,0.553395879859239,0.278405197645774
4.65726938321873,0.694275181626893,17.6597950521599,5.732415607925,0.839408888526156,0.180482388511803,1,1.62612326553475,0.729904686168803,0.0816481504622364,0.364489423846103,0.921143873715534,0.244705338264428,0.502450930220175,0.296964960867217,0.764568951103054,0.211484641797312,1.03971172377651,0.150707427502325
3.82366576424677,0.615319934472739,14.9445259171935,4.95725832892311,0.470303996573545,0.411421099266237,1,0.810789704032173,0.46717033195247,0.757302646107731,0.174531243212921,0.732671360953345,0.189680502498993,0.867336567174741,0.197841481235583,0.608258682684803,0.252516629697565,0.385417615305697,0.294224568400492
3.70596968329516,0.651997281328164,14.5069339292041,5.3658596160309,0.883264053073372,0.086231922267702,1,0.277382454207603,0.669488667647784,0.780759922029961,0.210724194330278,0.732319316361575,0.187999850660098,0.593255868640257,0.151195200879738,1.12387049911404,0.212425113770014,0.505220068384097,0.301118998505425
3.9923841229006,0.598348966477764,11.5361144449588,3.8259438415823,0.796211818423455,0.167486926512239,1,0.0315378945614676,0.641759035302507,1.02442887286552,0.187961459424221,0.735491180416212,0.132994307791595,0.724511811892941,0.167784730582841,0.261921852872718,0.218711763194594,0.921800689677173,0.182731819208141
3.31433052346739,0.601492607772302,15.290053654877,4.92759699269114,0.643243085701725,0.388152184026283,1,-0.683794604725536,0.432905924914321,0.520716277635032,0.208784388176663,0.660999861265139,0.16671540852096,0.640159780089033,0.185392195740931,0.897136195683923,0.194841672902903,0.453825612941289,0.272626467066977
4.96112277606469,0.854286207294027,18.9453906905922,7.03944660027022,0.891141838482832,0.0719589626210695,1,-0.301291465886741,0.570445137490135,0.872386283325881,0.193550039933764,1.00984811114625,0.15292594936599,0.714536114597497,0.235261709508248,0.639935896853377,0.259119665812977,0.734084807559681,0.229351093981523
3.92542318335829,0.701984121671432,17.1373911011219,5.91219460266244,0.854371079172908,0.0811035878696758,1,-0.938420917646356,0.568167648415068,0.808018456735519,0.259646552542545,0.810619294599011,0.165341639187276,0.958344334297026,0.169553255740822,0.745852405475789,0.190173963452836,0.472015879966164,0.247581148977528
3.87186537644838,0.735035953756942,18.9855787296498,6.78165688240424,0.778852203682436,0.161366011869722,1,-0.373194404634257,0.582023868197419,0.464476042333432,0.290509998278108,0.905318552786761,0.124431955132313,0.477899846598105,0.354316996293015,0.535028675657665,0.306752635267918,1.18118455151542,0.134956835713969
4.05159239456124,0.661045306737476,13.571488730862,4.24230623778624,0.396861414197497,0.463851588659903,1,-0.396369903941591,0.673624715018809,0.871775394106029,0.230881827073942,0.366854144684285,0.196776973964332,0.746573544365161,0.180235312756287,0.505170141032678,0.190232483262549,0.677198569678892,0.211096070822136
3.88520828533346,0.702752174015519,18.2947153916015,6.29732858360438,0.907742658096921,0.0676539777381464,1,0.230432527111381,0.713019403191856,0.86092278439542,0.230443134908881,0.956885898304561,0.149421533488233,0.796712823098676,0.170084294287533,0.831229049074578,0.22951361961445,0.617751758869984,0.25708352127391
4.75242269901907,0.794097201369864,18.5684944091739,6.82668363873665,0.301731014998219,0.211163954507634,1,0.288130450998967,0.446460671203396,0.7766481315961,0.191344385666803,0.721206833432507,0.205688711023084,0.660355279778492,0.233329294230738,0.605543822169358,0.219661168227449,0.600379056165642,0.230515898181002
5.04721181487037,0.976936010394063,22.4675958010213,8.83607535246693,0.855616394557961,0.130727245516278,1,0.585561083007625,0.63682104794133,0.481415719691432,0.305788927663123,0.99687899000312,0.141795581385753,0.571435763615036,0.300342363978118,0.582579330240546,0.316236812203646,1.08880048756246,0.173232234282218
3.18783592874759,0.523916584082581,9.14306929824108,3.13316947493301,0.677641824496165,0.254854255384268,1,0.588356762567166,0.528411148691146,0.256450048729962,0.276946255247385,0.384475049076229,0.181639585286291,0.727721576840225,0.168568529087769,0.463249619875209,0.176479883557016,0.541016675799981,0.230425878954908
4.99531623311713,1.00129235934968,19.4665081191913,8.75534960114914,0.82157636376001,0.0922146342181423,1,-0.0132256945313525,0.478698751435386,0.656717325891532,0.234930683597093,0.89446698594873,0.17944390550161,0.560533358558594,0.248112985975872,0.980532080259775,0.269451990206983,0.79449658885078,0.32152654247069
5.44595195349811,1.4042456808854,43.3576700885728,21.7836072654037,0.944334459290702,0.0498061898938234,1,0.517527301747663,0.934553019550878,0.406682605575379,0.42362097210074,0.860338630699677,0.330178888507909,0.705557017674982,0.255673995048831,0.829290723029869,0.234040755945226,0.458263485997096,0.32244647590568
3.8198137207632,0.761865843819617,23.4682620022278,8.7660277092654,0.739532209330815,0.259066806998109,1,-0.506928359346394,0.673644172824463,0.429744617017607,0.316222204072096,0.72042914870402,0.235593260710497,0.707635931349754,0.189513004175916,0.639228047316461,0.218069666246535,0.611428915863821,0.247505620934924
3.4563127790861,0.604361067642583,17.6861981942455,5.56910257188279,0.528238497187983,0.500960175346134,1,0.644863626522686,0.542935661718708,0.560098825671173,0.232174434651116,0.787317039521719,0.134167564314443,0.80592817120613,0.191220210989731,0.366531874560759,0.246433828156184,0.63370440754903,0.210244697786577
4.45243255301679,0.791356612024488,21.6566754351949,7.92631626594169,0.867278446733056,0.0739676043690183,1,0.173672405208504,0.637671767091296,0.969310735711885,0.163653357307707,0.691918877805135,0.204574785710142,0.808336471710259,0.185666767279953,0.70150545563063,0.219856694700415,0.969419145118404,0.180065898362645
4.92729968626233,0.825396349014386,17.4846291179231,6.56529866372694,0.884010856620655,0.079878814956338,1,0.148286084291415,0.611028659649858,0.625647949037993,0.145102411605376,0.604384822660526,0.214663437619433,0.699697392720021,0.255810423926347,0.621082155098492,0.261481641329741,0.6054102824388,0.2409684069303
4.20404709850445,0.898568287694816,23.6531945418562,9.76932293456433,0.894418746402404,0.0704749137204817,1,-2.38464215412868,0.921265390342843,1.18956743423875,0.223626524549272,0.880648446889388,0.227965034202179,0.687102943154826,0.170089231889736,0.683895052255902,0.286835620230582,0.306363565902264,0.338406869688766
4.52785407236604,0.872402904351487,21.4018449242626,8.26569940660624,0.914856976835945,0.0542375894778925,1,1.02019675393701,0.615234473703441,0.467025878599922,0.194304531001031,0.5457096256338,0.245323235914495,0.580865947843649,0.239410601574736,0.863428323117418,0.186822199300314,0.763988461107452,0.27068929446869
3.96440350707024,0.633072149819144,10.7915702119034,3.62534123886778,0.895854094594369,0.0771539912290509,1,-0.967843092006889,0.766714361194762,0.786212952874922,0.289823695538752,0.843633506908228,0.17232784923123,0.605048255537178,0.211476505761825,0.666645702451277,0.180888847454716,0.565468602929591,0.195947122320821
4.58164465275137,0.80893771890029,16.5588043667524,6.13634234302655,0.428329318716754,0.440494805886493,1,0.545069728809688,0.698672688656704,0.795550812558499,0.296854240323062,0.209963559942692,0.373080889282766,0.366333559178906,0.252864590471692,0.579913589030868,0.175021387266993,0.934973772432529,0.200887263823546
3.92112118409734,0.751661120389311,13.7460873734188,5.25625343749865,0.869874283574673,0.103855419423964,1,0.228343273970425,0.559249596556435,-0.109328042880315,0.425538677327601,0.561521770759863,0.302042754550336,0.68516972927299,0.218068660154237,0.669054779548393,0.194725561801755,0.433451719080952,0.215302345616282
3.86241156334491,0.608418099978515,12.8028866843674,3.85688673610447,0.78871920728534,0.167383025312009,1,0.349389652544322,0.508013376539497,0.804454823352523,0.154764543864293,0.240192104868576,0.241761265309958,0.631269266374254,0.183247186396515,0.625899485772264,0.202820323847676,0.848625399547933,0.16495302457491
3.84355480191423,0.781693651831046,20.0112378470304,7.28125955662128,0.96055606759574,0.0245531727800522,1,-0.311893875443643,0.906273336165794,0.915508650107166,0.246579762264512,1.08597642424,0.207241393678742,0.679598296153195,0.205521817213754,0.684686863617033,0.200118638983634,0.874154258762898,0.207932116338503
4.33834552965914,0.657543862318299,14.7891601237762,5.16400276350389,0.682531910365929,0.262077776108591,1,-0.256084334011051,0.468327077994137,0.670295189438262,0.203859613499553,0.634245649736172,0.22340082211247,0.659333900212822,0.182455597356787,0.564514126543831,0.198394531198011,0.545563853137765,0.239245612066674
3.88063853947163,0.667334980650496,10.6517331000657,3.9025305368519,0.847012914392082,0.135942578472393,1,0.72850750381226,0.648473204397521,0.334587626181121,0.27783969269319,0.477044811926809,0.26580846334344,0.725802076080916,0.266908663812928,0.512040960510747,0.190204354422303,0.758858158704904,0.171718871691493
3.88845668579097,0.616895514588575,14.4946792965021,4.74096443200175,0.774187000019886,0.232862591071913,1,0.533079860567469,0.537027889714186,0.627161089862585,0.211347987892355,0.664373572622905,0.219191261521356,0.643757421341878,0.175036134225692,1.04322122041581,0.20017302543162,0.779396714487159,0.237621871716819
3.90281425661117,0.642653318070156,10.1551998292808,3.48953103215896,0.780618714460442,0.193628453757455,1,-0.102741999099573,0.574347327004362,0.663235856173625,0.210196206035754,0.425605877861861,0.267439917015848,0.549339562615507,0.244139319859532,0.797964119023328,0.157217469240275,0.364329746374258,0.258177942757712
2.97256472156434,0.585188258292528,14.4890511318599,4.86951148760526,0.835392756297853,0.094997246815637,1,-0.151511831511406,0.487705755223434,0.572546540253019,0.197494498148367,0.487127452897954,0.178774892245057,0.411087534140794,0.244479088344554,0.260969058947501,0.244819133899169,0.817904345489575,0.182369839271236
3.51407274154367,0.578438193810203,10.0790204026786,3.65087508185778,0.893465422000664,0.0834519724214845,1,-0.338432750414959,0.633281951812093,0.450063149277967,0.273722755875377,0.705986794276564,0.191703654807497,0.87767971748495,0.182543317219606,0.628340606591031,0.192227053697885,0.591868767408531,0.188159120754746
3.44148677741644,0.632177553362126,11.0817683527097,4.07490553668594,0.705408253818981,0.307684092739459,1,0.26488373750268,0.506130927413006,0.478106524344724,0.23408118108488,0.645596268380759,0.210690137149004,0.361703205079679,0.274614149922889,0.658883282262114,0.201422503093178,0.546946237082061,0.239205922087145
4.15067042715187,0.826458910002485,20.487590129017,7.96029706129105,0.831299050024314,0.135257909954364,1,-0.495568772024898,0.754157097619647,0.56612797263153,0.28963136085553,0.520141214240513,0.298759417075229,0.833642876047449,0.280738499144488,0.925600259725272,0.223590061191138,0.437146158542481,0.230288011207517
4.85931970484708,0.859703315802754,12.7522339589769,4.62176372174167,0.82050676375117,0.254431737523168,1,-0.139841361998538,0.597607039551413,0.735182599365391,0.248056885459885,0.825560643621432,0.263261590327296,0.758999922904782,0.205903058128812,0.748089997549692,0.250727471773389,0.854712686939158,0.245397492333833
3.19033875892515,0.554946660723974,12.5851530052382,4.22000845536806,0.859459189670829,0.0759035230143264,1,-0.548127931758873,0.498434668423458,0.694249390934101,0.165969609598233,0.946538851561173,0.137639051232977,0.144022617756623,0.263950091566928,0.832795966279269,0.164305307503895,0.734132840403796,0.244863833425404
3.76873744234805,0.64046613283465,14.2985329670133,4.77989007352572,0.873148136404127,0.0907010195158177,1,-1.24998989388003,0.784929756429099,0.539685649163239,0.292283079888904,1.01797685643696,0.178575956822608,0.641485781250012,0.212018866526289,0.67856345303336,0.224537125730628,0.765873639905013,0.206058603886177
4.46730110812672,0.962788126999503,27.5210464359881,11.41957018805,0.881990223342899,0.118065533580594,1,0.410098489178534,0.887361975970612,0.829401979485835,0.237161421727903,0.983090000283091,0.198385502361563,0.864485621313342,0.194273727661655,0.394818879291144,0.323586372678923,0.902388118142888,0.243654147943
4.85226966866371,0.674584781324828,22.8671182281493,6.6580964434878,0.688446491402797,0.3166762114316,1,0.448815385762465,0.532314772803175,0.311158055598413,0.305625807709903,0.866420205922849,0.166529147229421,0.619347323297228,0.181967230720258,0.851891734576501,0.17438081489343,1.14368878337013,0.15995894556712
4.49921469892905,0.89875054140548,25.2427388359282,9.29449069509644,0.792608925178507,0.140399854657161,1,-0.329656754356933,0.657116598213517,0.955579388901247,0.195860232658804,0.851586757830766,0.269127204241338,0.341303072131402,0.280027844692839,0.79232554976272,0.162193893368753,0.527962476905739,0.210748719215668
5.50921005967191,1.06090779560894,18.0686763294796,7.4669261183366,0.955834438495354,0.0271432446508659,1,-1.25276148843855,1.0526736092633,0.926892259754711,0.287364849103176,0.964585248471206,0.27791216362075,0.877571233455663,0.203890084878256,0.801472251743741,0.254231921937215,0.564241920429555,0.24629486282531
3.90091818672709,0.758033266628027,16.4114213307265,6.64746058556527,0.87496578131172,0.0958481151896494,1,1.16320054122066,0.596789456583458,0.401275314243705,0.264671405470145,0.739934271397972,0.294510951739243,0.585536419417897,0.272184925487948,0.69677153248858,0.21156389289107,0.906116801412411,0.205670476855119
3.12919108097421,0.535075886863991,9.70146404949262,3.51014801935585,0.89319234369884,0.0669851002486305,1,0.699603406962148,0.557263079312103,0.671836082190728,0.212893683540575,0.538973234596916,0.262024846033448,0.557137359280873,0.233309600226532,0.887549382475427,0.183657356761309,0.613329001232561,0.200374856505647
4.44908965735478,0.944229854988497,21.2295453492848,8.46507930816496,0.916582738737228,0.0579043404160733,1,-0.3231796246413,0.815857362398267,1.03060259936421,0.32011618263838,0.435851634133785,0.318543977675293,1.06761011601441,0.206126792270862,0.612666907042145,0.217113593466691,0.728554041003838,0.189792529684572
4.67464160524204,0.917896502121732,21.6034866642097,8.67181299688683,0.149431948838773,0.394966641620645,1,0.185861806162706,0.425290603935237,0.584326379311021,0.268860823431603,0.497959400869989,0.265498219054672,1.03515182635585,0.120633978856104,0.503799198084732,0.2791090142396,0.920483801609819,0.352559530888733
3.86616379649057,0.637606928591645,14.9841154941778,4.90504479120005,0.00644166971737065,0.330971856402566,1,-2.08937290983848,0.814440464914984,1.18377845983443,0.267194224404324,0.820845570970887,0.180786080703699,0.270452937014229,0.264450266092875,0.83292893932817,0.144803998211262,0.522311886998865,0.225883970635551
4.25507806012104,0.726824679280347,12.2365396138864,4.39774551885932,0.929169128212955,0.0377709689553665,1,-0.343942805959745,0.848155027229065,0.787566715532265,0.228198299147212,0.709924593436683,0.190699382422724,0.768630829476749,0.196401511236915,0.101024404930381,0.293961481540257,0.899584411053398,0.210361049196292
5.35639929072918,0.790195028592282,15.3826329672078,5.00195759096435,0.680394386323995,0.329899765538198,1,0.607967511272763,0.648379920662181,0.657842486437446,0.305543869216483,0.920898823897566,0.256218900837304,0.681409950091662,0.248236781658629,1.10035705044987,0.171631164976363,0.659712139011188,0.182844140305424
3.52287266695154,0.648266589575907,11.2385021878972,4.04476236509457,0.734887972263825,0.1961678314824,1,-1.67821496922431,0.776228499273613,0.760556278906676,0.300135170005087,0.680013956238004,0.181636848752964,0.694715998434385,0.172078171250069,0.544779097903604,0.229821065816943,0.354385168375736,0.25194543750714
4.9898319491252,1.14371618716891,26.6026159438017,11.7348432114984,0.922300422663008,0.045707529693947,1,-0.70686410541352,0.771928987716698,1.07588295632269,0.253464692498873,0.257811571176091,0.313685063018425,0.768869494612179,0.317945077061302,1.05167634023163,0.256902187755502,0.875078721464871,0.220716444201233
4.70057488162433,0.734383053609883,20.244415498676,6.58309610470502,0.897945939413409,0.0557398926468129,1,0.435173641785959,0.490287305927087,0.74752949014823,0.164433645828504,0.980752326239676,0.170030146270925,0.567853302378342,0.241421486071166,0.865503889990712,0.198520597429783,0.7326718182165,0.202121369722281
3.65734563080013,0.783032173915592,20.7347688137716,8.43630067477022,0.893885310569617,0.0794489997900657,1,-0.221101328794051,0.74132403771635,0.81527439952302,0.204293369320913,0.439218860831857,0.255696275278216,0.668772994077972,0.198517030789203,0.653186957715473,0.256539186206514,0.527400301766748,0.291629106373092
4.53077432921605,0.762448950370128,17.7995358114128,6.62435011463017,0.963044542582971,0.0167793497611375,1,0.673734946870435,1.08158726550092,0.907427021406379,0.229382072983382,0.851298492352885,0.168861118251728,0.854765286325886,0.173943658729466,0.893981212071908,0.184087954701022,0.714991637279209,0.251991682612874
5.45029330188224,0.998577627153658,19.1666815668868,7.85187518828855,0.888139225781233,0.074666734851291,1,0.550180342945487,0.703166200856781,0.535525222898392,0.288961478668777,0.723189950115779,0.241792441575263,0.75717659737913,0.246635277095436,0.96902155552887,0.205116988428373,0.932670706701179,0.254931424315431
7.59302253862628,1.49487469232763,67.8799669136149,28.4614332183458,0.961928534283058,0.0222139449290063,1,2.42143572650183,0.9157477822824,1.03142237426408,0.274852625620484,0.806453774772258,0.270208642764941,1.17108285936938,0.292470303434579,1.04264170537991,0.274451929924853,1.21168598469938,0.243083279506698
5.38709764672305,0.924886999128438,12.5810581205223,4.8555834523423,0.915350629847648,0.0585892847125641,1,-0.234250483007599,0.809019226687133,0.980023981427527,0.268995811610741,0.613050639346687,0.229677115284474,0.554038259277933,0.202460673848743,0.942765815167867,0.219963262625374,0.867148539827198,0.227333361808689
3.43073514632898,0.59960955492078,12.4385723892281,4.02784212993037,0.521921868280468,0.422541633542968,1,-1.06742237072356,0.505370473435064,0.896041415128937,0.167879569310304,0.569421578854711,0.229528485747389,0.708876582607771,0.168376742247825,0.282419727629372,0.20214325781653,0.574130376989146,0.221715131876744
4.70392922990376,0.977483981031956,14.4062690751514,6.90293158749809,0.978924357414508,0.0140937888639373,1,-0.507479519928744,1.40186260427199,0.875152408418777,0.23026252095165,0.979274730813669,0.236038653282702,0.911759579183692,0.246664914209766,0.56576006004075,0.254599628764183,0.519729589217752,0.349552990190058
3.35098433701115,0.637121075815642,15.5118837325497,5.52187563998381,0.812731100311209,0.157062977605377,1,-0.558093329730813,0.596424882512138,0.613691107665034,0.211278191665746,0.665619190057439,0.224181297444605,0.511102303323843,0.17767601217724,0.249006470805539,0.235255160611632,0.550916609979434,0.168161738651764
4.10794108086941,0.772846509548637,20.0298822864773,7.21448659930334,0.898851099434041,0.0615740763734658,1,-0.556944005995101,0.619549913357965,0.327412704198757,0.337669366938734,0.984649296890293,0.243507132109989,0.825409500625839,0.229345812009882,0.885996295946057,0.158631734802889,0.270359641531483,0.287739596437648
5.17704457302616,0.808792718775516,21.5132745736712,6.90764073110003,0.672512421463812,0.493896403120177,1,-0.0669102054375676,0.950044380313842,0.466003144229507,0.473964420748183,0.468369055741717,0.279732115214666,0.993200033626782,0.193777221386309,0.835365372751637,0.206207997560736,0.839147952479396,0.179721985256118
5.52026873293539,1.23438078767507,31.794986271704,14.4945348112282,0.901884867984125,0.0924928048491613,1,0.172317532007135,0.715993545348479,0.960604490848934,0.238418644524405,0.856745103431267,0.258158210185141,0.786435210455089,0.229887260947654,0.520810654512197,0.269278102689849,0.947821540252329,0.290525409122615
4.18623226904881,0.703811567078946,14.6761103548337,5.49293117531293,0.913521517708269,0.0622250461822046,1,0.428999711587815,0.772245321112018,0.719990691759883,0.200219080048849,0.747619404127307,0.205851951054814,0.613821082695633,0.229770477479723,0.768169753094699,0.174698312091489,0.746989279437107,0.208599412538061
5.98138748545,1.30095468928683,43.9624746890678,18.9739124734417,0.932671741569742,0.0456073994151393,1,0.523306211865346,0.990643670349655,0.334391284800635,0.396342415872938,1.34332653839794,0.0902379421951011,0.951585291192276,0.352732530871084,0.804539990486214,0.279776722637202,0.900865498770485,0.243103531308128
4.17001462103513,0.646156165655141,15.1115940307287,4.75140970311971,0.409118054339091,0.622060088486145,1,0.313367082705289,0.550254071517307,0.767070470356069,0.217254213144975,0.223593920386545,0.259126137497543,0.802233441857521,0.158935615066175,0.81079774987711,0.166709255322787,0.690043621856217,0.252269416611177
3.17259072367735,0.490808652238011,8.48181861564039,2.64963330984983,0.900549150412045,0.0584942881984191,1,-0.60226534276123,0.605180925586879,0.720715546139003,0.178632747359081,0.420054731198388,0.203387583823628,0.739175939471366,0.181616311964277,0.350917204083773,0.196977127240261,0.964185409530666,0.132903455815506
4.81627688613212,0.924220595030415,19.719140735674,8.16088525786905,0.885842322429656,0.0897497738427233,1,0.833440844381205,0.832385439389832,0.220507863552384,0.283842492554347,0.685015773098712,0.20872284711237,0.606890312234239,0.18063290898068,0.579389038718342,0.313409704231973,0.483326012460486,0.302564983989508
4.55344636241986,0.898478842766474,19.2246274714715,8.01782828454486,0.751852844671837,0.273713213496691,1,-0.280280486307961,0.567738462827511,0.456556505510871,0.236892876822217,0.671762088403041,0.206909117000041,0.762000627045373,0.257516342782239,0.384039410813685,0.336505250268293,0.388801385937353,0.299194915853955
3.88826258240107,0.602781799736912,12.9762723348554,4.26200982359244,0.900251081579415,0.04963492625168,1,0.329837669525178,0.720511575444898,0.747037743316912,0.193322634781806,0.771734007112159,0.166541435799896,0.822549193825657,0.198351496084896,0.891378893283956,0.139143854781515,0.584884812422043,0.237082637122581
5.40644202179507,0.877239492674829,18.4844013730961,6.72364867702389,0.940295354692631,0.0366199850444335,1,-0.117965911222496,0.889771692238074,0.575155004564619,0.341284614783166,0.943977386928934,0.203932284639249,1.02883564466958,0.206026634170326,1.06549809343543,0.170097899441291,0.966510890172377,0.174075149629834
3.98182813630505,0.68985227386205,17.1612532170582,6.24068635455882,0.800294001322782,0.233380336818425,1,1.00285287301932,0.645835788790546,0.738106393882188,0.232314649972473,0.367088386545105,0.25004871119388,0.714522767682456,0.214953107110986,0.684788141980656,0.236313813864781,0.514689079959764,0.205206211242349
4.24667634828163,0.90051288297875,28.1799288910015,10.7633489519016,0.809109922206133,0.260936195605449,1,0.609560140000809,0.828101368418021,0.55208021791726,0.293683006209446,0.300511976501022,0.256292131008219,0.845728837844771,0.213807238328516,0.829109186066217,0.165095409839852,0.317747406507443,0.287963145665958
4.73050168276408,0.973462750507478,25.7517071958636,10.1135583910398,0.821190064364999,0.203960780946535,1,0.958490698962224,0.700916308674071,0.572176513336278,0.30416618430677,0.805157248200026,0.285957371899047,0.833269409125004,0.191373738390493,0.837875328421727,0.239970337246352,0.726617034152093,0.201207872743533
3.74389062625281,0.610884132965596,14.5713700462964,4.70524908566063,0.810832529983945,0.174427094501867,1,-0.388349726767764,0.658310703490925,0.75448020326337,0.242285593391062,0.429148630461307,0.241566821044422,0.862267179366808,0.150241782088735,0.725150189884602,0.194680112094456,0.765896776610077,0.175767527414338
3.20484683495131,0.571431975774779,10.0559555701474,3.61980052106892,0.897695315181987,0.0547393113517408,1,-0.116027497811409,0.659499117945686,0.592645557952003,0.247951185262657,0.610230295655018,0.261643330415819,0.619230960057161,0.205577985732165,0.860046279106852,0.128560158422171,0.367194650809349,0.239845873697825
6.1641867355886,1.16576774928634,16.5119831220665,7.09161615013544,0.95414344772618,0.0287803747858589,1,-0.737678317324296,1.11638617664119,1.23896683077756,0.302312188899351,0.834861580593457,0.186221419077994,0.954945477285206,0.174558348222685,0.8079220863959,0.254273928915437,0.850375856243933,0.316821548232746
3.19908577435594,0.596517726938737,11.5498905116367,4.17515338287371,0.72812549450424,0.238067003078019,1,-0.272046966943441,0.507390906853935,0.738744260240039,0.192337070050502,0.586415978143389,0.172436641366432,0.292177990897932,0.231758715226914,0.723960393001343,0.227965723256818,0.0189566792450652,0.304090909809955
2.48571660433596,0.470567694724188,6.50698102078534,2.38890789973525,0.857323471872589,0.0843891597462801,1,-0.213641283419514,0.496330187453573,0.607423417313077,0.187227521223361,0.308076279596696,0.187732482815867,0.404068540045537,0.230980811196323,0.585701539474769,0.205867894740972,0.191303253334562,0.248532738829902
4.10120011691746,0.601426969801843,12.2265773976584,4.03541585822961,0.90707831158633,0.0452809533636907,1,1.12009271180886,0.697126013606093,0.592982107566681,0.270483289770776,0.743669801797186,0.239810440306216,0.919839041373434,0.152843379001102,0.582654860701724,0.171341971832122,0.607776517435586,0.196830490064236
4.70437579557974,0.815397913701576,13.3992248210965,5.15884096673051,0.907350101432009,0.0697088765884402,1,-0.400905804392574,0.842346428884188,0.428691776144834,0.303419432612243,0.681806933636467,0.223058857671563,0.830436869097893,0.177828436034127,0.870558511616439,0.215390497768118,0.92540553996217,0.233438272151611
4.58181008360889,0.744142372820437,15.0761011515136,5.22876956818716,0.113094526775779,0.375683329874297,1,0.52913842023624,0.43194260477932,0.394698369559317,0.213154002285398,0.922751513015442,0.18578066822081,0.429737735022718,0.204432681135226,0.841651858352714,0.191577643727346,0.844933880798651,0.234403967580654
3.24396736814007,0.597192711241043,11.1691286667884,4.08873655482197,0.81267192555249,0.147873269004521,1,-1.08324835804518,0.468858787106138,0.939832499042914,0.15385367399115,0.637195206066925,0.154314785914105,0.29939449149409,0.282010483610609,0.608936558144736,0.234030097679015,0.277155907414338,0.236781973942941
3.49616152665903,0.663536357706878,14.6728357782837,5.34201675766553,0.863560392283475,0.103194223678705,1,0.948842128606813,0.647877879508894,0.644426147836069,0.228487253016135,0.456610239097437,0.230152143550556,0.873496118772242,0.204807817736105,0.300719901806352,0.303862890990471,0.719811438727846,0.249122420629196
3.59911739573521,0.634400003086322,10.2036381807683,3.74675666630424,0.875469360163602,0.120901026557396,1,-1.03682684481831,0.861551941606324,0.82476193561888,0.245921331659442,0.791447468250444,0.20692973326468,0.351696062156265,0.273122334102343,0.650207758473446,0.237082349288261,0.303439829184275,0.258913155735839
5.13526212906201,0.982618491697496,19.4180285829263,7.99073199133263,0.947389878338132,0.0307323808109362,1,0.283647610070772,0.702886250919654,0.744536233107128,0.230618145163888,0.77693946682336,0.234303687374662,0.555473673080039,0.314550214413187,1.04411876919948,0.149986790041827,0.982662285227808,0.187809776838263
3.55021771352134,0.631246296480879,11.9520491689593,4.68366529806266,0.925526798353485,0.0435091466313289,1,0.178354686503623,0.649456392966207,0.481372674096972,0.23171307185996,0.895880196706388,0.209674199308477,0.537731131376747,0.277968597084938,0.368236273329941,0.228188532632,0.965773051180815,0.179455847788139
3.40361789486849,0.601105253682577,10.3642232417764,4.03699524029036,0.964746719002335,0.021177560327441,1,0.608989167446957,0.830224845222159,0.479073860508009,0.222437093062949,0.826458748202854,0.216790381985983,0.772170748579746,0.203139368645947,0.905572476717086,0.198233262201145,0.727691816963134,0.223727328914069
3.14955955059781,0.49881569132265,10.077622169547,3.2144468455197,0.485757128991517,0.371526161734978,1,-0.0286271046334257,0.320332916243863,0.656733944270553,0.162037344857439,0.230646911896024,0.277706305253713,0.758870224440728,0.21540015554896,0.507034586526879,0.193574019041319,0.732346953281368,0.197343181803293
3.80733794071342,0.771924122541805,19.1411331339502,7.06002869124798,0.693767466654219,0.324280399547235,1,0.516801026983996,0.502932083787437,0.287760318925457,0.284622132377431,0.971163034254398,0.205431366112447,0.444940782275579,0.303442857942644,0.617056211923469,0.210178954789739,0.828058571791111,0.191738389215121
3.201031828748,0.76118874243582,20.1853854309922,7.78969091626046,0.905387715091277,0.0531236573442675,1,-2.15312449623458,0.749449079423197,0.745594963849033,0.220822387491216,0.907294918871755,0.201406442530675,0.966832004705384,0.15921720745262,0.433644176168095,0.268992464996426,0.700845814652559,0.257249007847347
4.79172651150987,0.829106394378481,16.04082061703,6.02169365008637,0.909048038536559,0.0677836753649831,1,0.75649229708024,0.690600884841988,0.819346077072083,0.187216620632789,0.338301538758951,0.286415938742325,1.00498253262816,0.224875447004449,0.623034698295672,0.256603833730319,0.480970499268984,0.242208836224959
3.24182739328264,0.662990666679564,16.7569236573709,6.21608705739508,0.836314116138813,0.17573229811099,1,-0.475618076906358,0.92388862984204,1.09058299071305,0.247751445414404,0.668810535987843,0.171768338242011,0.623693016260936,0.192279664909672,0.733890379549724,0.253178868818944,0.535186513423892,0.287076587969608
4.68614906203082,0.810211082849374,10.6219286551735,4.12347670818034,0.877383084797257,0.0986832877403142,1,1.1031696735243,0.610620418797495,0.196361922508733,0.332387977672427,0.632877966948251,0.229526968944028,0.635961639622501,0.204179032474469,0.574559387342247,0.238450764751173,0.877139514598073,0.213101291292625
3.85886488858992,0.783743268852539,18.1649237612993,6.95181384692136,0.880898337052755,0.114906021556803,1,-0.623903812824215,0.717301613325353,0.822157349699689,0.253244059494499,0.542493040192022,0.238356851661269,0.64879417828905,0.21031820500621,0.612889897636862,0.259285485563591,0.739757309140599,0.2355887149722
3.44952649818494,0.58890479019598,10.2651604157237,3.70799673394748,0.758187940731111,0.169397930857964,1,0.686373656118506,0.556302392347206,0.221882459962086,0.322093143691599,0.75784991627951,0.168552596536603,0.593978594431238,0.186132587130575,0.418593526908185,0.195016029476342,0.522925573344024,0.191120007954473
4.17768236281818,1.00634503688915,28.6814283746148,13.118989159856,0.940054436735617,0.0376201719343341,1,0.109578973438454,0.945400658162452,0.935626522627393,0.203545407557141,0.672122651786237,0.206198812668427,0.887094474909391,0.25902183044775,0.884594406458475,0.279156019343245,1.06408062460101,0.353103442294997
4.08891113017176,0.805008537030372,15.6664213680947,6.07044162065993,0.860545929857487,0.104564211519651,1,-0.594038075439819,0.510839836035866,0.689662130348933,0.179225305523575,0.89532782509325,0.266756021447074,0.466451279912564,0.249434260491385,0.392813516442244,0.279647830871094,0.72686019929005,0.266006472735947
4.10750452662062,0.750466919832098,12.6144041662726,4.72502668277291,0.931011512092024,0.0378594044824307,1,-0.735698774796069,0.826177465606814,0.752189046339449,0.20193244574415,0.659085713494016,0.174654036996107,1.02747406924052,0.154846743887697,0.557622442775309,0.212994081908205,0.639937240351277,0.237649980501148
3.3608919945523,0.673295134307111,15.2402593995508,5.87233119432153,0.92560713456436,0.0460529334308876,1,0.614614167572199,0.634773881230603,0.651664257906383,0.206102254751783,0.817776475091505,0.225163609006321,0.275294189424575,0.27781702331679,0.556053135628068,0.272957485818516,0.919885634847685,0.250188560733343
4.28623700089623,0.950566619403755,21.0243215977553,8.99505154153497,0.90419172448375,0.0710108574551811,1,-1.99397073204966,0.789430839348605,1.16025458837638,0.18268803908206,0.414899822647999,0.297287181388965,0.587305582229236,0.29574762449859,0.672068372270395,0.253827061780248,0.536007715110167,0.268342078879804
3.00195773677386,0.597908925210082,11.7758591859143,4.7724373164512,0.915742891267586,0.0478728381780288,1,-0.264664531202672,0.600727693732251,0.559230714586762,0.186029334653544,0.733828654609265,0.178778077660551,0.670275994140768,0.172787209694495,0.301414347203068,0.296672080826147,0.741250836111955,0.256692957509576
3.3823624046707,0.633105498652478,12.0732031170227,4.44495982668841,0.856626280814011,0.138621347766428,1,-0.19153916307174,0.622673037641645,0.487280821893148,0.332887781181572,0.0134076722269053,0.304049595870065,0.595762189159703,0.212296537612872,0.825617157987569,0.168661698963717,0.745546231533419,0.186142783087229
3.59205614316338,0.586994726134032,11.9243716944739,4.26048092601685,0.945894794834095,0.0280993690622846,1,0.488723208301434,0.685073953540723,0.740435137976606,0.239831048485788,0.814547350627608,0.162507084278765,0.617578252045699,0.234312373566245,0.615962595295871,0.21940122325103,0.643729848691289,0.131821428429977
5.51599938357537,0.990045271880589,25.8793983208773,10.1777712544897,0.903881306067877,0.0790845342914391,1,0.0941501645067821,0.739898293831589,0.799019918464598,0.260471201260917,0.984299851104034,0.247354550840458,0.93648762742801,0.190619894241268,0.473437515047177,0.250197158258773,0.729307954366632,0.170121558095028
3.32005135469826,0.681768899420527,19.2058939541109,6.79174903339831,0.826607379865213,0.116703730666168,1,-1.66074695243989,0.736267411667998,0.759760084016734,0.224543421758643,0.973810003907703,0.209034690333458,0.881803091111954,0.135038968416547,0.668532436731372,0.264130766864837,0.714517701738026,0.247595886842279
3.56661568341762,0.614476711853826,13.4954406916387,4.94807854936901,0.868036121861314,0.106579240034759,1,0.0172219237920419,0.714115824481582,0.444185375215212,0.229751008645743,0.45785229722368,0.264352213889684,0.601410779339521,0.188653404072789,0.651592786760349,0.232628525662686,0.635423050921994,0.198842734494287
4.50494045356212,0.865216649533141,22.1767110516804,8.30754891357658,0.834911162955187,0.181742174987597,1,-0.291965030048076,0.813917777045716,0.867422996375368,0.340836374292983,0.520531206984866,0.275136056385212,0.915388453535229,0.162924563751401,0.33116933025345,0.279131768230149,0.861323958937376,0.188724871104534
3.17762193382944,0.512368919997214,10.3807044752307,3.5486264715209,0.925321163653698,0.0508461368489806,1,-0.097606446727691,0.71239322309615,0.659820140866857,0.253770636347316,0.605046563098138,0.198821109826923,0.848194449742682,0.178214126435745,0.607332634008359,0.192383088073825,0.626586013818154,0.217333470547676
3.70592918681954,0.679272152624843,14.9644578055576,5.31447291060157,0.82581910682648,0.105575807603799,1,0.226114108910494,0.566473453697909,0.480541234338377,0.19243318852953,0.370735733279039,0.253676995411406,0.646178309702869,0.265660862316433,0.472945420863987,0.19577050534517,0.796723625457524,0.172794234593187
3.38101740853063,0.620515662405919,9.56979583218771,3.83625305433857,0.931785088931364,0.0539972859270846,1,-0.236170972650986,0.789524903834935,0.582327006781616,0.21511750998112,0.735857610525322,0.181826850128812,0.539161060107907,0.204704202450941,0.674143077101414,0.218245876801677,0.775662515831981,0.22602480080248
3.51223819604552,0.646440799269484,12.3311117887897,4.40236511287872,0.952538807809904,0.0286613555948679,1,-0.168393062187671,0.806692881040426,1.11604147347825,0.207083429826897,0.482049767904409,0.29749900707867,0.699764613305422,0.199541893557431,0.914679223358232,0.191758241834792,0.375052753031467,0.269432475202864
4.38662292062769,0.781117777369864,14.1986551994193,5.25126764343258,0.8914109599873,0.0576532633359058,1,0.290992322429759,0.671746961700985,0.835571985185559,0.231905076332925,0.480839560645578,0.248009839241317,0.757405646482003,0.187502001351332,0.897638393176825,0.198605863870939,0.336867344855647,0.261635002422382
2.43916870994262,0.591193453108019,13.7336405498051,5.37330265729065,0.92162076309526,0.0749911917375877,1,0.393236552951621,0.681179411478611,0.372965990751549,0.250842708876335,0.556487350264005,0.228188785678054,0.549807711633706,0.233853010634236,0.736582564541389,0.220631482985043,0.67232445950241,0.243999734986724
5.7935199105363,1.28930114577258,31.8151292760489,14.2177522871158,0.933021301603792,0.0512769557829033,1,0.601730698169032,0.876427846835659,0.578466636662381,0.262189205617973,1.27377546245177,0.260714391045749,0.502554125446179,0.323604441756787,0.839612674248041,0.250065466030057,1.2343879706511,0.219947255909216
3.96451141175506,0.740876345674269,17.5186941158317,6.57973205711387,0.877239157838408,0.121903935101792,1,1.41740932216459,0.723867447595672,-0.0904243188343051,0.390696253698272,0.703270020994865,0.227072900172704,0.475137004491784,0.245291586872456,0.505628201157451,0.211368473946575,0.659655399938335,0.206764485757512
4.30861374793647,0.736913693398012,17.5996171547699,6.26808606710406,0.759263801988539,0.23002939044601,1,0.362322046538674,0.554230883742478,0.759252003747075,0.221384819016865,0.629024048793477,0.195903726279223,0.920941574754017,0.181454285969914,0.774994691684539,0.22906176713228,0.759595919575224,0.235638453316689
4.9391173566654,0.970710918005078,28.0722252071618,11.0119896686353,0.926747901644994,0.0463499086062519,1,-0.343911881049691,0.856276760677467,1.00812592478464,0.294271850560334,0.773451313520271,0.242378450880485,0.972112808812694,0.221148723244492,1.09257095694413,0.198266498380395,0.793338430786144,0.208311288594966
3.59623975805997,0.624855127122525,8.36364249442156,3.37898228169686,0.969036977369144,0.0148227759476189,1,-1.7706885004015,1.06409141160024,1.04836465301994,0.172234682799474,0.844938984175006,0.168542800081203,0.922042660631649,0.167368698568133,1.1163784311129,0.164775673849767,0.419098384348652,0.232743041552477
4.80328265739271,0.922690626928157,31.2267014862037,11.5411917697937,0.887465755865408,0.0823047423346223,1,0.475307852454857,0.672296209121676,1.08945030439316,0.224970410016112,0.775193557771317,0.230673248994722,0.746475538103571,0.198734761647841,0.776701496438944,0.186403581920441,0.924055779857515,0.193555366316146
3.88196483752529,0.785399865805166,17.8088557778559,6.99941015786953,0.928470181599985,0.0523059535195476,1,0.313925452152074,0.740121109539949,0.519491914691622,0.284445222166647,0.591489550665839,0.234936808479135,1.07279331715848,0.180989472811449,0.683035251001046,0.23224470947014,0.398196517592195,0.299833568247162
4.75749264824466,0.875811579692887,19.2421340441491,7.15615111248231,0.40527691590033,0.401470101250413,1,0.955362012832506,0.655640493599241,0.505695969292257,0.233853867500956,0.761762910133163,0.147330152787038,0.75806914792273,0.177944711295681,1.04342823612347,0.199395569601408,-0.063056383225711,0.359482919621563
3.94519650613746,0.749561947405481,17.3315530571159,6.53390831326234,0.838739778613341,0.149520740328273,1,-0.0513105110000588,0.521219804627034,0.886337592320235,0.197874431661426,0.782253259535094,0.187944275115377,0.671858650060457,0.226811784708411,0.758545285350539,0.233027353849924,0.628498443092767,0.25080225453882
4.48781714786919,0.774626156566446,12.3302069339316,4.73119767777558,0.863549683992536,0.0719415007975407,1,-0.552566307623277,0.64099491301948,0.755972081554385,0.225678600379632,0.656927898313946,0.20551079190035,0.958760735397985,0.188543296734118,0.5197197444585,0.255560911081887,0.88968827335095,0.220140286858294
4.20429628282169,0.691489677015543,14.9226517586454,5.20985147754521,0.95450387997618,0.022177292816095,1,-1.4724316917387,0.835626959546949,0.744526581151561,0.243176854992186,1.16795134074793,0.152590594897719,0.811841034297103,0.189522261570131,0.377113283433028,0.215905468650158,0.972336999925992,0.193003716467162
4.00180650249364,0.775238690357417,23.6931209927409,8.80685289393747,0.929975157420604,0.0411909828044763,1,1.02729122845699,0.650360913340149,0.336936562914736,0.221574018684888,0.682950132103251,0.193218187995659,0.502973227150111,0.177608237434612,0.892763289779977,0.193446785604988,0.744652157228098,0.233366910540899
3.08098936230208,0.57380783595997,13.9908304699177,4.65871269800628,0.511984026100485,0.343845755537617,1,0.250011484738745,0.477962893578925,-0.215388447557166,0.364793892673056,0.558847253964835,0.186462633279223,0.698822770704234,0.202057871715231,1.07128626431191,0.1490582513222,0.729530155579885,0.192636195848863
5.3495289668,1.00171892890735,31.2746889323293,11.8477293882022,0.268457149510444,0.477883581740889,1,-0.414657174162485,0.743448055962241,0.847383683535926,0.334689375404261,0.819212473722336,0.200452677105856,0.886680020466044,0.249597939683611,0.923878191367314,0.185785609179811,1.05240966267997,0.188572624328617
4.38091516006606,0.846236815845622,24.1832174315184,8.82358075191977,0.87588577740116,0.114768175604419,1,0.0599636994354181,0.788745045850299,0.770467163890208,0.288984190112429,0.793291807353536,0.207024268245631,0.893178332999358,0.169551772721545,0.79515810585684,0.22149295491424,0.657098661501542,0.295740172865041
4.34994482678773,0.899348017739806,15.1410699510866,6.50089429314258,0.931571939944086,0.0576375095672724,1,0.254199971238728,0.938566302294382,0.645564012220889,0.261520222193588,0.560617019268976,0.323031129731901,0.852987015267028,0.268919357931899,0.493645209202448,0.287389272732904,0.866020822579012,0.186978953247869
3.46697300662993,0.643912052303559,9.77197742019846,3.7302448159138,0.855857416798611,0.119337191932777,1,0.00155910836350881,0.641988850696211,0.528403167338414,0.212584998972244,0.414495699923581,0.268212131702959,0.737067923025291,0.253956167009166,0.601330879952063,0.244108875308135,0.580583715630535,0.20830938455394
3.30347357218021,0.648016016716625,14.0441917176009,5.32912717013111,0.74541614250655,0.218947254213335,1,0.519615881829028,0.60538267441694,0.112150556765369,0.379155274345494,0.436782941526607,0.285358990344524,0.629984866648804,0.185340613772056,0.441627604498426,0.240206686989685,0.793227338768537,0.161927336645885
4.38680682532502,0.842302595292476,19.5162902168983,7.61337015772956,0.916209432139266,0.0460165697433319,1,0.173011450594636,0.672035591049469,0.979703390792627,0.191854406866544,0.237330830154207,0.241512318034806,0.906097060283731,0.184078308017396,0.635059989475632,0.148058458300815,0.79922027633448,0.221922012327546
3.72262051500423,0.80265555487536,20.7137304234573,8.61080919278097,0.920792422503205,0.0704318981113774,1,-0.0788933769327445,0.877775536489489,0.549914313312804,0.237055095152927,0.656317015869056,0.24584521717438,0.742322526588325,0.235159922679056,0.83323058551741,0.238064543193879,0.545824927771993,0.218912119624056
3.43568589808769,0.700923609076422,17.9328044170303,6.68273272221583,0.926436051729353,0.0460144685946269,1,-0.394812718498599,0.643233366207053,0.787658852184077,0.204329515688071,0.637968927509719,0.233847931229663,0.649079341764797,0.250576938281204,0.737267831689905,0.182823631887234,0.524608771560545,0.225480098789945
4.27212488010594,0.822365133336933,19.7823573104457,7.23444945132078,0.52071047068762,0.604528808696858,1,0.770656534081117,0.581080719664419,0.185967487566919,0.267640578195116,0.667601867597338,0.239126757363319,0.905263631758591,0.212297583667729,0.954797915381039,0.222369969830328,0.558672668239582,0.24512419599692
3.57968327520705,0.661772185482488,14.4052200094255,5.46127518906059,0.915458461572714,0.0580073874649146,1,0.527606471737404,0.636247381218166,0.797236736390368,0.223145029828924,0.677920413532489,0.24276836383095,0.757299035769061,0.213540785942968,0.469268119126431,0.188652286610022,0.469988306845938,0.247661010119996
3.94816670114446,0.798628284333089,15.5097891164934,6.42246229398871,0.931526782490435,0.0357872344118427,1,-0.523364713796996,0.725345282162954,0.732056360373222,0.22079790608603,0.906181772681147,0.180210894206154,0.636817404165151,0.244797164494585,0.159195999140642,0.358279052524043,1.16105433581447,0.237344672409459
5.25114934013815,1.13146398954568,38.1598557815664,16.7069812957144,0.938679655536919,0.0514747574316571,1,1.03229900839355,0.854187724071479,0.677864866030319,0.352292855933809,1.09549926380493,0.247989346760986,1.04295837929041,0.249078051233411,0.845616590222183,0.239184829310121,1.03369299062926,0.213640674287619
3.08537508596275,0.617971907033574,17.5783067559728,5.93601851808395,0.846256760290135,0.10803613000678,1,0.267595735807105,0.608027985722922,0.690795553315168,0.248752949110036,0.279971450630977,0.246218369040455,0.598799079210192,0.195549812185362,0.998525478687502,0.152871177919011,0.675088936911571,0.199825398789846
3.14340509891871,0.550852258036606,14.6541864042732,4.39433618063563,0.789193424226023,0.158724241869807,1,-0.667353177050204,0.527185726252646,0.786312483131955,0.243948118310437,0.725011331940429,0.121503778859181,0.665732366199518,0.157839909123002,0.941541814847607,0.153183244587029,0.537084686396393,0.214086347168214
3.64092332092879,0.680462244663063,15.151021748492,5.62058710457137,0.694785820031087,0.270715839309001,1,-0.128209727420632,0.44737814539133,0.640706756874331,0.219590739538237,0.538293382345142,0.219120953965986,0.874311385031422,0.145607280342763,0.692910551336333,0.178898659341801,0.240296946641803,0.306042383130267
3.95993540220821,0.753004976890368,24.3496183082012,8.98497566766787,0.739552198202935,0.365693401083314,1,1.43018804872208,0.528734948049072,0.661952586678878,0.235988621987345,0.475583124443012,0.322012250051229,0.971905725344313,0.195739298368406,0.656309188729808,0.192476980304146,0.762033904312758,0.194595372627187
4.38138546374598,0.894628808637999,18.6019469470216,7.17550671764576,0.891322719607652,0.085315233545759,1,-0.932006398939528,0.72339885404641,0.870075929542762,0.253796368993841,0.731222330028074,0.191472183630044,0.699145237559096,0.180970378242309,0.892117271568931,0.207493228220636,0.0232446109120348,0.363537737512222
5.97537686211187,1.29156562657633,32.3643218471706,15.8147732628034,0.966130689215007,0.0275352728385411,1,0.549546167112649,1.02018829944777,0.884143576244078,0.296462005836678,0.985598635554817,0.227914328290307,1.15572646884687,0.246258044365346,0.833934966627229,0.236783716832798,0.242925132612178,0.397572079586328
3.39141722669549,0.702683913694199,16.9456871653323,6.27121895319613,0.913803928882013,0.0738725309254415,1,0.840535333614749,0.773244034962069,0.545146571130518,0.22446779612725,0.068345084840038,0.347724634293462,0.481823172424315,0.27363383184346,0.860593165579964,0.205207205111836,0.507256249933643,0.201986248243334
2.9202206662562,0.627423345595133,17.4068555884893,6.26520359624365,0.909900133504418,0.0566403706283932,1,0.400843645229225,0.596937768915838,0.500853967947705,0.222982293196864,0.575797627650492,0.261911736240342,0.470699009157403,0.252370682465707,0.87818633173715,0.142201022318724,0.53844524591398,0.27346362004069
5.25297490666072,0.948595449289648,32.0021692065861,11.0042355425153,0.698966615723611,0.367881055965693,1,0.508896970357779,0.597018696993321,0.600220084358553,0.276137914659845,0.904120870049569,0.193619040901215,0.482005610551292,0.264337518455662,1.16806766577764,0.168344336990071,0.851427540645807,0.200817184448581
3.85165739700629,0.824646554052003,26.8410761926996,11.0559929254556,0.921593108200636,0.0494627694304632,1,-1.27428030069439,0.868804943773515,0.956604324133188,0.229779173626511,0.958358310846207,0.250564974721953,0.593170011698926,0.314661397968993,0.969649080883751,0.21088224776413,0.997296051711725,0.254207219161872
4.70831631475528,0.902391361017693,14.7743018274263,6.55510358794769,0.955238155090825,0.0345924389184573,1,-0.0574395166781619,1.1411798558956,0.319833536086015,0.449285706303082,0.796178984601954,0.257754593382473,0.903062000546998,0.1278205726849,0.611372360993497,0.245160593812203,0.95360345138161,0.268261670167304
4.78354673333648,1.00198608852454,41.9958254112097,15.4493466664512,0.928904629480824,0.0670584789132383,1,-0.0441811467821578,0.976826903475781,0.719567757483263,0.360678252268935,0.766068153066721,0.269000310093756,0.889372412801971,0.217019288070729,1.0135059442161,0.228105566443845,0.757175441410141,0.202695169931321
5.0683223420685,1.02477142605877,23.6593790381641,10.1859160823524,0.919780669659936,0.046072291606937,1,-0.587961296891725,0.821022952622904,1.04898947434181,0.261311736817945,0.698822493358167,0.271384426046227,0.870724042067073,0.198783458473475,0.772823355336879,0.270121835957117,1.07650441272635,0.197883447077762
6.09794917583578,1.49064469764953,42.3088555633481,20.1263122004964,0.961655981778496,0.0252309124243517,1,1.21881467666148,1.16043626855742,1.05125588261573,0.338085260075557,0.726448268584016,0.3104856295636,0.677147547364516,0.264352162309151,1.16559614129067,0.239678232699137,1.06049357540022,0.289344882471244
4.46116903443844,0.831560571473326,21.3801616910841,7.77448039144913,0.898661317335275,0.0675112982839658,1,0.637394181825928,0.681057888331296,0.33026749432183,0.318140904689974,1.03724054510205,0.236282650909885,0.639322849735693,0.198936337550711,0.569202850859983,0.232595792798461,0.865901156009115,0.205916049433756
3.27746254456561,0.656116111627424,13.9510407394012,5.30220592925894,0.943782332919942,0.0338368404575926,1,0.508173677642631,0.785826031708362,0.874383589069427,0.156419533949824,0.7897078599278,0.157364397374018,0.212597713077205,0.239513968666495,0.797070180712007,0.191311133153182,0.727247677583799,0.222611479432517
4.16890657598656,0.770952205348882,20.6409896620499,7.1885225698256,0.877942909625877,0.124662146554475,1,1.11362460867208,0.790017748731296,0.304633902116829,0.326726995293017,0.931748288423061,0.22242834984052,0.612916647963503,0.273309600724522,0.969974336656712,0.172144411917805,0.941017809729918,0.203689824860451
3.4294450218102,0.538194427158965,8.41272223438784,3.1810281987254,0.966506174501605,0.0129026865173279,1,0.914739525068198,0.805260619681694,0.504873727507313,0.220425083578007,0.930601473087573,0.187220555820814,0.914012493078318,0.185226998055375,0.778399915281253,0.175774475993893,0.33226412752722,0.270080433029553
3.50396858103583,0.656638427081547,11.6034511244589,4.60239640986639,0.95726150627413,0.0296557658753094,1,0.348550597593533,0.988190609420673,0.763137312628944,0.288407086562439,0.819808427050862,0.191553790216035,0.382610527437441,0.220817908651043,0.511098140990624,0.254006111854415,0.929423971908473,0.192022076884528
3.02350821207907,0.528896056383965,9.20687661375483,3.51485679941843,0.888764306096882,0.0706243229110238,1,-0.319811615375845,0.556408073353493,0.814949008904763,0.171897739853816,0.446795243364566,0.156805370418575,0.484462594600393,0.250235625700751,0.690880083346776,0.20885208701276,0.046822491814474,0.290135208312587
4.34431405682015,0.764943923159371,19.4301087310654,6.86009525604555,0.829310022257332,0.108423731825226,1,0.287278411368619,0.563919240292966,0.730540468544685,0.181481151412197,0.728027992412479,0.23177790252708,0.777740104754798,0.182186551842091,0.227944322665489,0.270931614069878,0.923503295692945,0.1959846951569
5.09367633049801,0.982003381472161,27.5068840592207,10.8511787911095,0.94422966611749,0.0568933853231389,1,0.0854709482194339,1.0356940381231,0.737109432539394,0.40742037348681,1.17280821488701,0.178132905107319,0.62749642934677,0.240257327063793,0.953989712291409,0.297265702934351,1.07824326686781,0.216929842678608
4.33570671768168,0.748632533212653,12.3780360317856,4.58097867811721,0.720327311068616,0.270903709980292,1,1.39384595718934,0.482094012692375,0.23682902989252,0.302469351687193,0.738392193391461,0.228584767251865,0.396521047643567,0.229712373564689,0.845403974001485,0.218312488727478,0.17345052600346,0.340353963065832
3.38306322443597,0.671272474267155,17.9731751074157,6.50693612532575,0.870834924962816,0.0783580887035554,1,-0.513335678123004,0.528192017084763,0.279293006702261,0.251856493075184,0.749084306931734,0.191275512097445,0.530220591380432,0.193132195734969,0.42620420486869,0.242705905279624,0.602710586777143,0.204542995646623
4.54316424549935,0.906691859929541,25.72093797811,9.82546479628267,0.888950540048528,0.096348520074642,1,0.91187336274325,0.600238557356798,0.524241307323139,0.231432177385123,1.09548290623882,0.149731325735914,1.04766531554425,0.277009898275377,0.587473170308791,0.245085263570006,1.08718353340416,0.277938255410569
3.59859513261896,0.647604289086634,15.0926047759824,5.13695716792232,0.603738740337806,0.483868370714358,1,0.166516985839936,0.53414752824052,0.860985506198704,0.205684283114598,0.769435625849304,0.231505273393917,0.205652252421553,0.270590034869964,0.614002852405907,0.186489435803336,0.8489049395263,0.193676350677358
3.57744674730007,0.66984149718154,10.3335529677749,3.99932670329467,0.941793454254057,0.0479441958732104,1,-0.520809380440733,0.995455128981786,0.614212385378889,0.329580969339037,1.05914076633087,0.241193623878604,0.515317232729123,0.23622643987278,0.910573097724615,0.180119956860693,0.467478240619374,0.233467640333755
3.52251161037177,0.728811303311572,14.8339784180704,5.89439386999354,0.911092087139204,0.0460941090069954,1,-0.760555588012794,0.696970467525395,0.571240711068494,0.24970228084662,0.394339153058559,0.245655066319656,0.726002823443767,0.185960750542664,0.224288868338865,0.303832053208333,0.517572754753004,0.234024763131601
3.91155943655902,0.633019429421353,13.8534109461914,4.80570731914628,0.641478629438595,0.331064448960439,1,0.0362931385960564,0.510889481842515,1.07794929214184,0.150611977140362,0.599154456984198,0.253927545899664,0.480123417392528,0.264389062958366,0.19929654464616,0.30497887101904,0.915916010660282,0.201533904837636
3.98697922443375,0.762543635485585,11.5129057832205,4.9052628233998,0.94563454109435,0.0326036760424231,1,-0.241023741579339,0.834631879373587,0.831338048309948,0.176225986866472,0.844520137746004,0.192646628649828,0.805494750674164,0.236459717953867,0.656211697049186,0.287177449399024,0.212106668267991,0.332777047332277
4.05920465275933,0.740807902335535,13.9146462181851,5.29749557942586,0.941650743828395,0.0361823672226409,1,-0.135180033883962,0.836589278174849,0.733349069397175,0.329431347663294,0.998118718309448,0.225877387001341,0.895988003008015,0.179506158811315,0.494448301036021,0.227351036736057,0.999441900474302,0.209804078400768
4.57220897974914,0.875869911352736,12.3982350986538,5.52605130526992,0.947634645130989,0.0306346091299506,1,-0.12915313382396,0.882017567604328,0.881933185754784,0.20933652045302,0.779989179924813,0.271304101531131,0.490736089408267,0.257282307904696,0.594562017018243,0.205107557391254,0.963435183813406,0.188103549554024
4.19085334136092,0.84197821135351,14.7964906181046,6.18003634821695,0.892816933106847,0.0897625250254672,1,-0.913096605971762,0.707637241877834,0.636452666748394,0.341480638335101,0.730911841166817,0.243544281974855,0.785262052552981,0.196988722706191,0.744120484870263,0.19326314981239,0.576511003614963,0.251152891278832
4.99349974786687,0.984807000149826,21.0017651655311,9.01231646239099,0.951962093394975,0.0321172190276292,1,-0.319488312363003,1.06115823740552,0.731004854738166,0.364423685393759,0.860923952365502,0.304224040612676,1.01090005568913,0.198026960229082,0.552033594536266,0.231571632816056,0.682831837272984,0.178317701509006
4.95517940625658,1.14662334866669,24.6319565567955,12.0792605028458,0.964353793059157,0.0264433464458068,1,0.132245237948845,1.13216700469173,0.900347862676734,0.383561203195209,0.93671332377752,0.355885119790904,0.744709884644552,0.303788555349478,0.900909686845459,0.242640232603248,1.12650166488297,0.236134260093354
3.21807693734671,0.661075426952956,15.7374345201865,6.15802534106171,0.918036400097115,0.0450799036588589,1,-0.973866954580268,0.626155726476725,0.798383645791294,0.191917206906686,0.954034678520609,0.199411041073878,0.545111585659106,0.270790641734095,0.522773814931625,0.259819829673889,0.538256082283621,0.198144685851708
5.86240318256937,1.05490296504019,27.076943147701,10.175844156143,0.965670381669309,0.0197551684514467,1,-1.49205809816828,1.27060363216894,1.42097948962934,0.301680621484831,0.773732973292683,0.284947992931041,1.21883085850749,0.197812761348976,0.856739461019851,0.2139085470599,0.971117320922151,0.173426608494838
2.70485918127586,0.57748291256033,15.1406899222137,4.6484062918355,0.648323016570148,0.356614486215844,1,-1.38390992999774,0.637012505737988,0.633797471892193,0.232903565503692,0.862529548277133,0.188491888534776,0.55893458470127,0.208209404215658,0.872349819128008,0.204957700547416,0.421987306756761,0.235460575932845
3.4508239560996,0.570331656512786,10.4809473345034,3.52217281171461,0.874030002434342,0.0940112498906747,1,0.201789056921884,0.603696651254432,0.371696360850627,0.233619262539036,0.98840557375036,0.128867410584542,0.510791261481091,0.17478073447407,0.562555911447079,0.238426528306429,0.654672105990497,0.206889477727064
3.69870939108768,0.699101915461423,13.5610677528398,5.44632448760028,0.88601357159852,0.101964733489826,1,0.656483876149168,0.684138786963691,0.557941291836653,0.185260359555705,0.756669862185162,0.19423888487044,0.149410299204498,0.326899008402514,0.465220319611758,0.303781794747521,0.846254058830389,0.224618261873741
6.35752881500087,1.6147925805464,61.4679978165239,31.3564261062175,0.877790580952349,0.138144379841381,1,-0.419151476989217,0.889775797918575,0.684256375243498,0.394290949855797,0.724153709905223,0.261507002870569,0.72520743296677,0.220853222183944,0.836780478775356,0.360947050817902,1.22635893956709,0.278213024297256
3.68396652710828,0.644913539349616,10.4241034868605,4.09108492527584,0.93351175226052,0.03760943758842,1,-0.680366661782097,0.860726562751651,0.808066892410814,0.248526554466474,0.782782121429179,0.18992270118356,0.745464449613221,0.174157831865665,0.510571035925446,0.198651907082532,0.33592775343105,0.272168737130672
4.18341028255819,0.859678988018046,23.0857842404476,9.12627653593442,0.911897317323383,0.0613458180330678,1,0.524777734123181,0.739611812224196,0.622345710346842,0.272876134159588,-0.0311623032421304,0.349324840791986,0.839541695722286,0.260358227390472,0.776557783936763,0.193376289035897,0.687165868461935,0.202918139887508
3.74593829378718,0.780932446130924,16.6460361075995,6.38451118082227,0.883565128104362,0.0890684825343062,1,-0.473969349695828,0.678894708997614,0.642276258756279,0.188507139386652,0.772798653103815,0.208056547403446,0.53914557471729,0.22332152569413,0.446395170174542,0.207760570965234,0.760958970975955,0.261240081897792
3.40320749688986,0.669148399928389,17.970566850734,6.61556429498026,0.927632868781198,0.0400432265704061,1,-1.02244267402947,0.749109911628574,0.766323142117603,0.205830849378454,0.590542969271539,0.274697831481576,0.749679979082948,0.16936115066095,0.64584430422177,0.18864008173535,0.702558273168837,0.189175086422547
4.33399232817115,0.853422469338858,23.1176251533504,8.23472909961457,0.928886150681614,0.0515421956660457,1,-0.57730245861855,0.855493908523391,0.740572901920588,0.275400419986499,0.819118820713619,0.232793740548088,1.02908248094899,0.150365721174157,0.693427911561719,0.209408886020429,0.572085171055521,0.211475699263109
4.09907194640559,0.812338345439159,16.5579757595561,6.73290320666467,0.871393983064663,0.114200837284873,1,-0.315169811334027,0.664251007861778,0.639570139356813,0.221803503711348,0.439589660362708,0.255095385600961,0.963984557512449,0.228240553607545,-0.129369561065225,0.359654842073085,0.729289638482698,0.233163056184617
4.16096387393532,0.807514819747372,19.781976569772,7.25726586244447,0.671199978287971,0.251989433767987,1,0.546773518422145,0.548124006356093,0.65641798055383,0.212313678783055,0.609121522382068,0.239307196371058,1.22206762492928,0.199562306030763,0.653283589953123,0.239242136721713,0.713810692946153,0.255609533854468
6.75074446320258,1.33228881678147,26.5172069754851,10.6662461693864,-0.496589071786296,0.188505786577515,1,-1.70918579276743,1.32011655367536,1.7041536546189,0.290734439343238,0.521959674563173,0.321341141123545,1.02678988853819,0.254325480865407,0.879759682634313,0.218367769594989,0.646381346935956,0.217640370556285
5.90964702199662,1.09836179055793,26.7673498445201,10.4961083120584,0.809390941580238,0.131307016632843,1,0.713117514080713,0.614844256042908,0.193817356033543,0.312588026127771,1.07545338633423,0.269809641260076,0.830319788199422,0.192918230619676,0.651856394216773,0.295138036582623,0.903045558276691,0.248365165462898
3.67169528965206,0.78880697849062,19.158375859515,7.4988391019679,0.842182083470729,0.122188650511155,1,-1.45845792718922,0.81219940486402,1.11495493422646,0.24624581505204,0.555205575238789,0.275568799040632,0.644949864533667,0.214524833718336,0.946687141472942,0.223350744941863,0.676540137069334,0.205385247499123
4.25533404145698,0.92193094212588,27.489942238057,11.1454597164436,0.917991106154582,0.0552020497175715,1,0.155669479578302,0.754751772061622,0.62910426374567,0.260802360326589,0.869387489904878,0.256769766444032,0.700483618163022,0.22357940970434,0.703572334401588,0.21093087733715,0.821375977792097,0.259345263515721
3.10848342786922,0.630577107211183,14.1254417615587,5.52495970763664,0.856522491007701,0.140359433683882,1,1.01207412477581,0.674283682366485,0.32130662126455,0.165743119902031,0.971827846354176,0.220009035144657,0.753551871180493,0.226450784433228,0.763426507847171,0.206709887109582,0.264427193375314,0.310457754637085
2.91573368530853,0.55249674632312,11.3165194088456,4.11491803286962,0.914968454330664,0.0484220165505544,1,0.221055225512429,0.607471526957791,0.454058293574003,0.231223151755167,0.738888437283477,0.182776289099292,0.976474243263692,0.17306773265166,0.2655272539698,0.225953631328294,0.99415205230256,0.229319774921921
4.15823989609448,0.703890955485558,11.9941183774776,4.2214546396031,0.883934033242117,0.0848354310118372,1,-0.93394591318731,0.837272992217124,0.462478374173992,0.366697636039938,0.862037630118166,0.250011738052495,0.801239157933257,0.157266749629163,1.03807322626326,0.1646666055829,0.767164885963904,0.197468895730535
4.43283730034035,0.83092594207323,21.4873700498456,7.6307756457687,0.934923370298173,0.0387773719873064,1,1.1323439479569,0.798526043939889,0.333788938538712,0.268352644693785,0.529164344149194,0.253314513380746,0.893167622750195,0.184694093068948,0.45656398028183,0.259950810433396,0.941217433105767,0.168689979073847
3.77180036191449,0.76865003829389,19.6054436739723,7.61885867151712,0.905774231543629,0.0626829376122558,1,-1.10630611698124,0.876907784662305,1.07534724135688,0.202798555348572,0.607728089521269,0.373454094210927,1.04741271372232,0.195127614901676,0.603593662402676,0.233053520276345,0.849042359251924,0.219924566699516
3.05527678919727,0.646556153233015,16.439310000449,6.24974648142596,0.926301184803232,0.0529855652484951,1,0.71515392223556,0.676540633274843,0.690107681401933,0.214149569817686,0.771980306348644,0.226616737333922,0.559288124125769,0.250500847286225,0.946022680062374,0.198139196200178,0.841612606357972,0.201257367136115
3.25489363940485,0.71230743076598,11.5531431614124,4.80930860846489,0.934905743668028,0.0422623703030307,1,-1.46677985576755,0.819900362468543,0.856428114946721,0.201303858564326,0.597360102516499,0.149982278542188,0.703952443539701,0.212523863252147,0.436632362105988,0.25461235864519,0.801555382116032,0.26872019062002
4.9336836288201,1.09754769918737,21.4841200911891,9.81122251618074,0.958353815510405,0.026352617168903,1,-0.379678663752808,0.942040469806053,0.604564900654683,0.255993831973651,0.886058983494401,0.271764748468123,1.0796637143427,0.282616541371781,0.608453682495552,0.237508402923406,0.962316825341151,0.211741692055244
4.01947741645945,0.792806692300998,18.5538617673509,7.06853847208316,0.700280631228061,0.306537306631514,1,0.467017440330101,0.555594898783174,0.558643362014537,0.186263372016066,0.721091897371577,0.193522577038369,0.328908689306311,0.264403984081794,0.78753497524226,0.261007906337835,0.605623697816295,0.223945334350418
3.4256939976481,0.626383529658826,11.5948770460034,4.02112205020264,0.653707436963363,0.324773736534531,1,0.103483011187282,0.569067338587783,0.697431913343574,0.230683788347077,0.563221785228667,0.235001491186678,0.606958490140387,0.189676914658654,0.506061251106918,0.191300868235157,0.597135993982181,0.217832903812682
3.81091002662513,0.720325027338426,17.8826546217445,6.28481490155459,0.814164920344749,0.285003248566797,1,0.764453980139323,0.587994728072591,0.230326195758381,0.279134485929438,-0.212044463776684,0.34189482769328,0.78706261782142,0.236227597632513,0.26946053383743,0.286030557964704,1.00937438107362,0.147355678860704
4.1034462217012,0.886319120344227,28.8788473113072,10.9247577737408,0.919616617071392,0.0539512465291738,1,0.167690193299072,0.80975814796043,0.426171805229506,0.415980355827198,0.852656020581262,0.147699720579509,0.397600865181179,0.275736501423777,1.17955715810518,0.162462308217687,0.805957870759667,0.200254698130966
3.52648923725148,0.640494492844223,13.5129884045978,5.04106629996768,0.649774337352054,0.313081319287038,1,0.281176906751241,0.448442987671829,0.556676194413805,0.220526758929798,0.556151705644513,0.263783629867485,0.675947020920019,0.254800630549432,0.260088980010416,0.255171733222197,0.79595882733947,0.186874432101371
4.04249360178066,0.664104258989938,19.440176113433,6.11753334614566,0.883287101293555,0.0832225610350539,1,0.657212582057781,0.723806391365529,0.523365726892218,0.253591987486369,0.582148910584489,0.214524961875743,0.765778236501442,0.165714734477741,0.763415645321487,0.154130746456325,0.400939576391605,0.23688464553137
3.98231349482915,0.646006845475061,15.4138417182418,4.99469850316287,0.869660553132839,0.114243489584754,1,0.325433439034003,0.728259746694237,0.82708701023459,0.251805012945953,0.678976347246758,0.23265205304922,0.584636865448866,0.213752260448685,0.493278755964312,0.193961748179271,0.935814762966414,0.141582119714776
3.86994913241337,0.704857432887205,15.0588181035512,5.31242979493956,0.932505357385934,0.0342367034943545,1,-0.301921079752513,0.629819780750051,0.534612506630876,0.203001426058067,1.02649291710113,0.136095071194778,0.660663288860928,0.189583124996259,0.728875308739934,0.197786295804396,0.0357536617563427,0.298785192702756
4.34204347714585,0.889100078549724,24.3081528220511,9.7589396726173,0.892754881240841,0.0581160443001324,1,0.127402415387953,0.64323121662954,0.667157370624167,0.208955724354785,0.789103355980801,0.266674475096875,0.677136386578095,0.276589753877988,0.865622284899723,0.253436562588201,1.0654867962126,0.162453830594288
4.25591158104881,0.627185831636743,13.5363435392574,4.43247547931006,0.254408435448883,0.406936202823774,1,0.652855825513391,0.429942738138008,0.623112382777847,0.176345969778281,0.56280501183949,0.199594543624268,0.778496111857524,0.163836118757427,0.173123533422147,0.25364516947095,0.965101745269503,0.186048114836916
3.55917115277058,0.661877968948007,12.5926382951115,4.71281239971885,0.809260308118782,0.170847896003302,1,0.737589734298263,0.469929040717057,0.497606380418135,0.24460427824472,0.660768067810646,0.172102108288914,0.593261645015562,0.228880125420055,0.717534374117548,0.233086602283249,0.562589464596562,0.245858464372413
4.99975009334878,0.935318784805198,18.9205946293836,7.40820951775369,0.923332029837336,0.0439754336793993,1,0.0498477871784548,0.800289015860557,0.83046572897551,0.248248870519675,0.846120252896528,0.245130297339141,0.581141380256369,0.218676062262599,0.627931141661331,0.260165364188372,0.848777223977991,0.236776458718994
3.77901679762979,0.762244886510839,19.8361670237683,7.47486936178563,0.460569227000363,0.394677050359806,1,0.318701938224201,0.483844461591511,0.487738944073708,0.275214941071906,0.0878346898758344,0.316748180250471,1.12450749896888,0.142383857927015,0.621331773377733,0.269369178897377,0.593746053239033,0.277097465379247
4.32001907974814,0.802151096472331,29.0033027123107,8.94533592492037,0.697413895732639,0.3113991791644,1,0.193872838861947,0.583049396085046,0.811683344265538,0.25022964140508,0.711246901634281,0.229250843949587,0.941887557221977,0.17682156517826,0.948857331191785,0.199212988525441,1.02881746069623,0.18559026954919
5.55588900721306,0.949493399380413,19.2100261155357,7.23578251503163,0.824106442858599,0.123948876188754,1,0.58726058776146,0.663149606962159,0.890317288899095,0.235505657122627,0.882942602185078,0.174840454760418,0.90190653159498,0.213217945520809,0.769489450272903,0.210225194716853,0.673652422782898,0.261697404984684
3.79030472385922,0.715383389630434,17.2019438518233,6.15764368359351,0.753384403052658,0.240912430684933,1,-0.371760669496335,0.554645748574604,0.236160158577295,0.365857636425327,0.363329868966041,0.252479185920675,0.812320550274197,0.140454041941216,0.747204870647242,0.157038744000961,0.500835647218897,0.260993097365891
4.91460534137446,1.02508759731485,31.1507489901347,12.5328707612465,0.507618064646671,0.449345634660513,1,0.577179721066809,0.623393772576866,0.408969812322389,0.258383429656205,0.610059040617673,0.267393698385978,0.746583366145652,0.187557202904402,0.891945815987506,0.243466641924418,1.20219265844763,0.228714424172063
3.1406244160286,0.531399386710483,9.64608162687914,3.42307505999937,0.914438223480014,0.0733308445828273,1,-0.542289986084783,0.674412024938035,0.663512019530215,0.270665408627868,0.95162008507474,0.145098498711039,0.829395154000212,0.160195354743146,0.468602470375645,0.259686642850055,0.654724603339005,0.282243167038893
4.1427118121156,0.767429109631493,12.2090388386021,4.79756090122975,0.920232645430813,0.0487966222286651,1,-0.857786452587507,0.710107595691916,0.787473059466005,0.243001576949576,0.7242789296698,0.275595174646707,0.688533868845954,0.225713958975823,0.435216160106203,0.265812325479515,0.939815644882934,0.238156969239711
5.0931135932979,1.22819041509288,27.215451529343,12.8537565134451,0.919586932134072,0.0703924408212637,1,-1.34156697679797,0.996560129840751,0.719851257651006,0.273874527663715,1.23994522108476,0.260104211671596,0.139254613740753,0.360885004028916,0.96816647316764,0.322123247010666,0.748575663076329,0.250446443797446
4.55202394684047,0.774593415549622,18.1490332843317,6.5904332038838,0.882959992199332,0.080063603184905,1,0.323375646401817,0.595858119010762,0.926570249610653,0.233335098864968,0.313048468924516,0.273136695108817,1.08704699475057,0.231348419931568,0.592942559815412,0.239001762432967,0.955768140083204,0.194664635936778
3.11586727930941,0.468932388816255,9.07723831872688,2.85620055884778,0.772854048615205,0.261727026852484,1,0.554612742183773,0.50390680668366,-0.149053547878869,0.284849547045535,0.509183195727746,0.199677208935548,0.621197638755063,0.155777721114919,0.679401452473617,0.155801544146742,0.536836802440205,0.196684971750379
3.01604286272524,0.669988886430123,15.3476586573911,6.14566909834393,0.965876989179032,0.0206436834584937,1,-0.412383967215934,0.901943474294568,1.05374575003575,0.194757838529514,0.935399320050217,0.234790090171951,0.763800210087196,0.256166911738302,0.720020713001479,0.241484432150702,0.62555359250787,0.23542960372441
4.65694067685161,0.888347995979407,29.1505988976445,10.8870393168121,0.0888330413613864,0.507058335176742,1,0.0926999892843419,0.712062236142963,1.05520785273675,0.210955239664378,0.996903964109311,0.215798887545228,0.733704509624742,0.245349118352293,0.604389072464351,0.230508456338057,1.14591702018591,0.175316662652081
5.02492966865966,0.97690829706599,24.4574281819698,9.68040089448209,0.86238223607282,0.0761028879843131,1,0.706757256223209,0.600833610461648,0.554066899116459,0.284068604232064,0.848822733404522,0.246163847316302,0.671871486075159,0.190530689097183,0.81991173442712,0.204757206240498,0.775553138381399,0.266201688675527
4.33157306858724,0.867921145193203,22.3960486820437,8.63223500151566,0.958723139351143,0.0275876932578744,1,-0.50266840329813,0.797693658865159,0.949830392286721,0.268005780143723,0.813901504505977,0.259461736570684,0.972035458564034,0.228069662857405,0.730838897035214,0.187109097698961,1.14828446370479,0.223293147892705
4.39974831295759,1.22858165337428,53.5568966555819,25.4172930240533,0.941390778466134,0.0413406612398384,1,-1.07912260602879,0.928592332497104,0.971629871089185,0.328536676179697,1.00867672893646,0.310072460114207,0.685535298743279,0.314868129322816,1.05758643717001,0.30472255716138,1.09023874085911,0.277451058811102
3.21159029856195,0.611874572732116,16.2849817645614,6.03702096592214,0.90906142409098,0.0553567263541892,1,0.510515467072562,0.749285337605902,0.759566628249502,0.211126827524894,0.665151280031939,0.225283713278877,0.777803119861619,0.164982369181328,0.61049709291953,0.226881048991505,0.51060144133815,0.230292956925896
3.67945645160925,0.632801229117416,11.7654853092806,4.19792793959571,0.882113601878472,0.0983815686197407,1,0.465946620183422,0.712703450485019,0.549721102727067,0.219722593812246,0.828748117273268,0.19842847598719,0.541548025887823,0.208511325423783,0.742733268947859,0.199199246936422,0.721634373811984,0.209232434315576
3.17619905389717,0.504979948325836,9.4568318508864,3.00666900608883,0.880238607343573,0.0666227839416458,1,-0.692375288006316,0.585906139735451,0.707943761506574,0.256794597499798,0.817522964109976,0.162123506752538,0.807980059937296,0.147560713674642,0.631051966280468,0.166516120868426,0.540535224171367,0.19850315512112
4.39374170958164,0.911934268766376,20.905302971319,8.49139533168593,0.912852847440223,0.0549207802818205,1,0.592621719129842,0.736768349127089,0.862654891959797,0.198674803486399,0.773161696055671,0.199882425648408,0.55810929026968,0.313458291969203,0.671612259134039,0.284189516733293,0.333606171633257,0.267512213557219
4.66451998401811,0.82543306922048,16.6563831522304,6.7817711350385,0.965337683977703,0.0216909223444495,1,0.715055201758469,0.94455337660522,0.836084217829375,0.294129353706522,0.914813938484341,0.265662286756463,0.717647565467911,0.198881619509421,0.936086061920822,0.233861439207469,0.928071907457881,0.233335545499295
4.21861661093765,0.861080670915353,18.552362238005,7.43002588862761,0.821510851778361,0.15282089366361,1,0.09719403433038,0.651067881152563,0.579746533919032,0.249801376719323,0.763110695555537,0.185292250529101,0.786175706255741,0.260729509246144,0.503230228471837,0.271229624395754,0.477717448609871,0.285774568593217
4.0166713812429,0.913622424624164,19.2911831035588,8.64763570849953,0.914439184509916,0.0656209304845792,1,0.613814891002775,0.666974013078149,0.708971780697702,0.225115673060835,0.829947751151433,0.249788811205474,0.310570400932248,0.360657847702614,0.845007117727702,0.250821447860977,0.744215377330475,0.287873856517977
6.23944422105147,1.16978902837921,44.5310628553542,16.5975430916139,0.955981761788622,0.0305233591201489,1,-0.185493574038192,1.01075601264959,1.2686927722695,0.23026085556305,0.855094028244346,0.184143234937241,0.930425852676624,0.196201898761509,0.991051799561479,0.243975799198031,1.41144482449553,0.247779778620982
4.2432703986753,0.832003813014652,20.7675865875166,8.03460961332923,0.927853012138078,0.0494973717032959,1,0.0518414668604068,0.73463534477827,0.831994004170792,0.217933767495833,0.746094707508447,0.188931201155692,1.15466631980373,0.177875429152859,0.0638113315679011,0.361838632528144,0.754131467142716,0.264488061773453
3.87306858601952,0.719561131493812,12.4867315265081,4.64325708786399,0.80998636342807,0.151066554543807,1,-0.717475167854632,0.525205503398509,0.341226987602088,0.252332562807587,0.8981279991549,0.120591396008658,0.809645550738223,0.205034666984868,0.328374827363697,0.288887575278277,0.860028584941671,0.240654087388224
4.5333762817021,1.12439633517249,19.3465709629917,9.21954014992179,0.965829698406985,0.0240189785544434,1,-0.990174003512035,0.942978484603937,0.753244103764698,0.251523390931838,0.747477263304073,0.252923139248722,1.11558411594555,0.224693256360918,1.11733305614553,0.269701129697121,0.216516775588198,0.400954991844819
3.11430773391894,0.559272284498539,8.63132494070438,3.31780605120959,0.95975586333577,0.0209272729971203,1,-0.572902099687511,0.82001697797665,0.644604439743466,0.23554776388213,0.686951614517633,0.155192681229002,0.825684517270587,0.202879578578249,0.722948603439717,0.179308356354971,0.210851324856292,0.23869466217022
4.14901664697767,0.827096405799872,24.5761844438878,9.30279691305506,0.865342447577856,0.0821462846497435,1,-0.233793483743112,0.683659037777837,0.628632654398168,0.220076095479175,1.09464712689854,0.150374550794442,0.471370429442736,0.284663979422161,0.702424220976065,0.251213587256449,0.586445377357833,0.285788641190746
4.02906409960343,0.923980162764687,24.7519866442279,10.5867939934466,0.75970772484358,0.275736217037147,1,-0.0397835093191673,0.564732580216474,0.885141870428522,0.243309107173863,0.653338125959986,0.298312959395343,1.05260262294128,0.181900823300271,0.663733908358361,0.23626683369089,0.807009199101613,0.266966815133532
6.65790757491421,1.32464486237614,47.3681591605601,19.8862032529431,0.968979934033558,0.0127102531745034,1,0.663039396302896,0.990904095820463,0.806957018271593,0.242651193696254,1.04548066812422,0.198146330142777,1.1607648709838,0.200495900195257,0.578214161012267,0.19479033684536,1.0316421298646,0.317082614049442
4.60466117604115,0.888686003398557,26.0899373767413,10.2664871840014,0.859533546645228,0.141364536053142,1,0.0617515194485604,0.59893241061819,0.837620946983323,0.185256895411569,0.593806232299006,0.168803946885661,0.574769062143715,0.23445327826741,0.618262067263785,0.263352804076597,0.752536590497941,0.292533629659769
4.30887243659591,0.860007915306664,21.6527418164476,8.48279661143991,0.967629576419731,0.0168456629113651,1,0.96122141553193,0.978378741719386,0.940330179145462,0.23299349913403,0.668441720768867,0.193647871231804,0.935015156560286,0.159450148523855,0.951895801103708,0.181075213199989,0.959610486094808,0.214857949868362
4.7932329262199,0.731131145611794,12.7354048380032,4.72184160917235,0.945248072473773,0.0333844206953426,1,-0.751083619493554,0.834217988003325,0.896238405470692,0.188447306252334,0.712720145163799,0.196422188064101,0.916263230473941,0.206131309066327,1.00070714751559,0.211272970681043,0.757216980599972,0.200431523561513
3.10376640166297,0.54779648523861,11.3275028741104,3.75561272022606,0.465666597914861,0.58887159153168,1,-0.18310275073821,0.579506311503137,0.678902610121859,0.188482344642886,0.436340982114333,0.227885270637276,0.560518174690466,0.214030268537452,0.903410585910524,0.184999557728215,0.340003178937839,0.246055638116694
4.64615831497226,0.902369376982989,21.6300940799155,8.47562266839492,0.849840027709191,0.165539401772823,1,0.0849482317987022,0.776555580467208,0.841027537596347,0.318075488502271,0.756726248108145,0.209937097046892,0.575710972950255,0.229930847973202,0.916145251718057,0.213732539691745,0.852736742366881,0.253256581641586
4.00831656739962,0.64754827628384,10.7708495092242,3.75971350488884,0.842990817140878,0.111293785821339,1,-0.508761788583266,0.732696395855181,0.337260198258048,0.336188546190025,1.05649703389505,0.213852865190607,0.881621183371742,0.161653647447534,0.65698470252176,0.220869958922107,0.444635086719118,0.217386773521892
3.63563963786503,0.608839479573242,10.0323819093341,3.3816333869831,0.873667048164448,0.0901948479318753,1,0.481117182563956,0.550623062263427,0.70000470332504,0.230903423471655,0.672229217358499,0.224059482658835,0.757332271587314,0.22997377844319,0.868006107096752,0.169107153125007,0.523805320290408,0.242017343599006
4.91639245453997,0.920971977401084,21.3837220015409,8.052252018143,0.937580213548656,0.0390657203650109,1,0.149254039694139,0.935132516182891,1.04034532470356,0.259824279350299,1.24092354986809,0.168672597141384,0.9616947290201,0.211296431902743,0.311622358279742,0.295470304136546,1.02040684261618,0.211331137809341
4.25561149458173,0.712945060288872,14.5495813012043,5.30840979611556,0.874984624471934,0.0861928165911855,1,-0.182572752287929,0.612487650300529,0.934968792060513,0.225778023841534,0.622113334022561,0.232731265806273,0.68584261208027,0.202306821412018,0.64618747507018,0.241162363063196,0.780280893491583,0.16262097667478
5.21004684397447,0.980093134915067,24.4205676276071,9.45536726621533,0.854716309907936,0.133697480242886,1,0.126711843233552,0.707994465945181,0.374375201658222,0.397582449609745,0.799590282760703,0.183439583253302,0.505462232166391,0.244355378857423,1.09980458757155,0.211260577713412,0.900138984857704,0.232381302787946
3.13679750838024,0.589829707647871,11.105549796006,4.0413157903719,0.814472446770181,0.123910044584454,1,-0.0900867414913467,0.531916085709066,0.536046155768868,0.228171047212436,0.479016687519958,0.259053083390531,0.53768298954445,0.210761426220132,0.481298923058185,0.203102084610553,0.828062911749982,0.199545831621591
4.31273398632066,0.812201787637832,10.7908794558217,4.53534390183216,0.967423192267254,0.0162805507989378,1,0.331754566928156,0.991155600128202,0.91716177840678,0.305992386914554,0.772156746972589,0.224971549767233,0.863300423230847,0.207384911515194,0.813120258712731,0.205366886280416,0.734807919505908,0.191715278092548
4.52110164694128,0.777338541160071,14.7743276147639,5.6425608693321,0.887797759342875,0.111878096656776,1,0.0745143045343771,0.600749490630001,0.732096054766047,0.280689721469847,-0.121190546714762,0.367834678074691,1.1048214014565,0.192369332199394,0.473683035689721,0.196019009486026,0.54830511948668,0.24133555243842
6.01480503592314,1.18715975766358,24.913061000004,10.01494850859,0.925323482451249,0.0632398429359321,1,-0.94684379438028,1.11256103567001,0.824140241081535,0.367534027426344,0.931471145652359,0.248645937414344,0.928725691713557,0.262046049585604,1.06857746546152,0.21956955876278,0.656841938249565,0.21059713835501
4.33535630190768,0.997926217937287,20.1020936456339,8.6491599045469,0.923797400813266,0.0525758873562428,1,-0.752112585541333,0.699550527918612,1.00688153966496,0.299529718591996,0.186127399156292,0.312641890019854,0.679594162802088,0.170779186865288,0.865636179606495,0.29073572334055,0.896525631827878,0.204257642770227
NA,NA,NA,NA,NA,NA,99,NA,NA,NA,NA,NA,NA,NA,NA,NA,NA,NA,NA
2.81807754360159,0.528734101203962,12.5272186902929,4.2065122116813,0.751620254657351,0.198329696585685,1,0.240983739162181,0.454021718841162,0.43873172838133,0.209468640033918,0.604367469648836,0.179779908301356,0.275657243265134,0.23480190957152,0.554619290399893,0.193594153219042,0.719147477262312,0.163293415618516
3.95714581820008,0.700770838972394,15.2060689258008,5.42419729857662,0.88722450152636,0.0795663174859096,1,-0.305326062023367,0.655479311068393,0.558802017718674,0.284566937024835,0.998539580108754,0.192148585640027,0.798609536282525,0.183596151965625,0.563604969587574,0.182978348381083,0.842765033267741,0.202747515626589
3.65292246239544,0.688793968547879,18.4218597689217,6.38068316851168,0.899150623619752,0.0654738793664758,1,-0.0981703466325901,0.540870038538442,0.804276618552212,0.218249325854134,0.714390111747912,0.223439457261905,0.742729623983867,0.191643877688049,0.882850274268259,0.147355781265906,0.876193575705201,0.192240250502675
5.3906352030145,1.04353771064688,27.3007859954672,11.0015368637474,0.783768108140724,0.20907829851281,1,0.071324399109148,0.659058701747261,1.04076796120823,0.245491450286615,1.22822009426653,0.21856278526439,1.06598403629281,0.230623772371799,0.881623699584521,0.25006739358612,0.70048374984246,0.281345852695491
4.82165113582339,0.897495193821048,13.1309186437574,5.23149305425199,0.842428582062018,0.117838312486719,1,0.479899279702719,0.665116007423147,0.582338602593561,0.220909992810039,0.699165237242286,0.253361620427451,0.398795217649599,0.256190306903417,0.518485305888436,0.243030134296065,0.611910271290921,0.259042881087921
5.12244468011816,1.08566812964094,36.3644685689878,14.1917277444598,0.945969112272355,0.0402979644636897,1,-1.45124389108702,1.1604495372625,1.44728848440681,0.268637853932742,0.706415210100592,0.257197341789548,1.05998215862393,0.237900494759995,0.84121470960595,0.205460928901958,0.839457649459268,0.317434797616672
2.87097243130233,0.536106581156619,8.2541912859289,3.22699847965732,0.894940784966906,0.0692855499841734,1,0.393531524060707,0.63857245275391,0.726470093316011,0.134789551711965,0.564002533917649,0.241372396988237,0.400048482525012,0.284858514677171,0.692341487888112,0.227788757689682,0.744804860948763,0.228974534055268
3.25045624124387,0.583317008085299,5.84953145077271,2.35021692672686,0.90864494458635,0.0572097479600992,1,-0.371794721077083,0.655725699996124,0.418162364362873,0.220593702633178,0.556054106264757,0.206449726166553,0.823957107984596,0.167984840295463,0.23869847396662,0.310436233538713,0.268272710964524,0.244426418529679
4.15593136439628,0.773614225249486,22.4136994323431,7.97245370012815,0.877118979963144,0.128541937477994,1,0.259521018033496,0.718277841682957,0.809116500787268,0.17665053652649,0.690703892968899,0.281879465373163,0.446580437620408,0.214260727820182,0.696709872037232,0.249357305384266,0.836361675335245,0.242362389458503
4.09305696671836,0.985089004695841,21.9335745804625,10.2209309084728,0.909921065015306,0.0592433195032264,1,-0.784402869473727,0.679888887286993,0.792593547485069,0.218400767297455,0.907271167805372,0.203894072924448,0.616482503816502,0.32414566963649,0.646579895541977,0.318947546284721,0.658502047334496,0.301760563615336
3.82204052498231,0.696799992771067,13.8250461660385,5.15017104899709,0.512524118010877,0.324188812369089,1,0.169487727618937,0.488447269970962,0.356864948405551,0.30809445387595,0.895093379626379,0.163002426894134,0.492379120116181,0.199543033274296,0.641605978083451,0.214015732530301,0.696687541688701,0.220223976602085
3.75229913612051,0.690232591628747,15.6365700373381,5.55634528639392,0.85214796144655,0.0896507317186009,1,-0.594711625413967,0.52776949033137,0.664472222969753,0.225452370116564,0.650830184514709,0.197984910920542,0.78929147173827,0.220392849472912,0.615762498276916,0.193879640715682,0.646173667969361,0.195082975804684
3.49106218460926,0.599186990781349,10.4123208864813,3.6488466370725,0.840969108463879,0.106342416106651,1,-0.282624730405772,0.526992903320408,0.485436485217603,0.300853185316855,0.440219633346277,0.251895225952633,0.399954675266592,0.205439158974419,0.397616491473789,0.188735105266827,0.595946183102605,0.161201864781192
4.07900229222691,0.805206612384006,11.6589462818066,4.72339160051977,0.926525702540799,0.035644022507866,1,-0.670429292649103,0.840719835621438,0.780340807650812,0.22591773507762,0.412461663159085,0.232337191127309,0.763311715667471,0.248874590007799,0.763021855045058,0.244552608049145,0.451173664603959,0.235408745571745
5.02809450530171,0.667071541831211,13.4022672034187,3.69477519105355,0.492501886311535,0.438937920112558,1,-0.52486954698418,0.515232192648406,0.952081405234176,0.20987022283239,0.485817225298548,0.241139075800409,0.585532995859064,0.177214791827363,1.03229216120154,0.112275461038324,0.893647814793578,0.206469346053086
4.41719693906132,0.894091668801789,20.2622611202342,8.44083785371532,0.939857050797903,0.0430396759179083,1,-0.335263452541474,0.958587466298697,0.943416751163337,0.267056537905313,0.676779899028969,0.243275699385236,0.747210560328726,0.235072679184472,1.01914681705783,0.213273321209467,0.432347119314315,0.32639316841134
3.78308467500177,0.850669847778503,26.0771494284606,10.4890317745392,0.968258015479083,0.0186881781147294,1,0.669036716646816,1.00737135202197,0.924071027518864,0.263620295721821,0.963379503910688,0.189431003109061,1.16374584412975,0.162862061122303,0.613998583135198,0.288717708335074,0.813383577462952,0.261125781830678
4.77153759853075,0.879380020096657,17.285936212519,7.10016386488303,0.910075136002269,0.079934414941348,1,0.886916490080372,0.738044867341501,0.579598159447554,0.182143639684032,0.924159646692573,0.196454668790788,0.927949258319353,0.224091736598956,0.951526888355696,0.200962521697562,0.885140530951083,0.277312675597328
5.32733641046707,1.07650242766135,21.9559866518205,8.82289537525175,0.824785507744471,0.155361465041234,1,0.948166367030192,0.699201000418069,0.455381803697563,0.301976339202645,0.573929253729032,0.289552846747107,0.714915713000339,0.249899495806572,0.850905785848728,0.260212407783865,-0.00773272729170976,0.386551683295469
3.39762577353272,0.763487292413586,16.9205374505706,6.78981070894774,0.92911974560433,0.0591689893317665,1,-0.579007326310395,0.747207025084286,0.502917741879027,0.229185820628443,0.690662257104562,0.256196443506789,0.749600910200545,0.311375853207743,0.852741655766523,0.231611947618208,0.630878495008682,0.25957988904491
4.89202140214707,0.875543133630113,31.929102545473,10.8017703704289,0.173129623918179,0.415592630366595,1,0.984372085262221,0.545139372530534,0.203432141152832,0.303219826673736,0.622868040185224,0.236829700669852,0.576106323988089,0.175424922146152,0.769128049647183,0.180087943696564,1.09985828568782,0.162663504823359
4.55967630754772,0.800700385170903,14.2562990602426,5.53808926492589,0.91986250972288,0.0524130867994427,1,1.27137007936915,0.709970165357959,0.948709566188752,0.207772167385471,0.55838229519799,0.291807903073279,0.942036634760797,0.22421661055816,0.710678261623436,0.208933211465879,0.314766497425825,0.254941411794643
4.62168241583018,0.780226055755787,19.4405320751676,7.21683947833442,0.931921018539657,0.0480499003155436,1,1.18659701189873,0.727365777054233,0.876889447148367,0.264617160487087,0.685881648523794,0.239962568273514,0.9809191162707,0.172013892288836,0.814198168139583,0.171453922019867,0.34390561557598,0.303270389443745
3.94562778800491,0.781558116487495,19.8302899825403,7.60390629235022,0.923310614090791,0.0574115184010207,1,-1.2960212771905,0.840334627567124,0.86072447621228,0.244111818852708,1.06989095676683,0.184272693167185,0.970977437284796,0.213641417267508,0.255450676369753,0.265980818552962,0.50596425352603,0.228871305557788
3.11714162936988,0.492317298109969,10.3851463117143,3.2021655446478,0.643516378891258,0.222710453393607,1,0.584129945450172,0.459131928785545,0.55270340053317,0.185930046552718,0.627713251290494,0.190630344931488,0.25910355852137,0.201794440705524,0.727702050701897,0.17435817568394,0.207538633672098,0.270022347428398
4.09634008368593,0.889772918629873,29.401678319606,11.6300057186204,0.863522397777084,0.105535992560367,1,1.09672281867825,0.611026611842569,0.715501403868706,0.277403062956496,0.413284676495431,0.341578515760675,0.498343217646194,0.230704050489961,0.898045413410762,0.241064579503445,0.755797138428833,0.184434713521252
4.36760471397398,0.61739753727184,10.2461309895715,3.25500287677515,0.743202917343774,0.257365923064659,1,0.285802909281281,0.498608422899037,0.629508882124792,0.25664714856986,0.634293203287328,0.186698939746077,0.756401572886113,0.170042477441172,0.399736812666421,0.201743191656775,0.912493232102474,0.182924083708679
4.33724119330624,0.803152446374846,14.7720621390831,6.06644799509983,0.906269342979735,0.0538807043458395,1,-1.34246396068972,0.937311250400181,1.21070556276951,0.282805961792703,0.612680143434961,0.154217777474479,0.620479804007424,0.200897661785505,0.660836316808819,0.294177794830186,0.425096562211856,0.260191829945217
3.7484095185213,0.736224585727683,12.7662287714562,5.05286920092088,0.891475786763996,0.0607780113102761,1,0.615380216923722,0.670743333886493,-0.0523952359088854,0.375402605450606,0.556418909971832,0.248852144425625,0.899199377746621,0.229177069029091,0.401849542664398,0.273535085976833,0.9641576190905,0.193036511403508
3.79736103205716,0.640710938276596,16.2261125733317,5.03122887673975,0.23732933025026,0.381272907510624,1,-0.395616839031918,0.55956014926946,0.768247145014068,0.188873561829299,0.848338938973216,0.196550555266621,0.784145767061076,0.2070372885205,0.547044008076193,0.207356504071838,0.70434005627436,0.231257171402021
4.7586068943985,0.789863869541048,18.0026926828799,6.21050896787878,0.768260584191643,0.239121336173842,1,1.24502548106931,0.605304542748566,-0.126385470086174,0.508926766308252,0.910105153933223,0.194375829578863,0.660000062767797,0.266497609758895,0.791655415391708,0.195338430238328,0.935707695862731,0.174261992678408
3.69961350858766,0.679884790876428,14.5355106073323,5.20222879109108,0.883038609323188,0.094534333071468,1,-0.443877677289255,0.688340284996274,0.61169479029197,0.250868314659731,0.602015090254799,0.280520086400613,0.838638555972027,0.175318053835733,0.945166614564937,0.134846388271789,0.399841455985872,0.260110294789258
4.02602625134058,0.763427755151355,13.0396282452761,5.26187046167966,0.96257817414204,0.0195588094066218,1,-1.76598184068599,0.978077170240907,0.849031233909301,0.272724599285293,0.898925399993781,0.189790415498716,0.640878178130402,0.216316416725684,0.732300220438603,0.177335969360711,0.688364335650938,0.206196481446426
3.51663799417725,0.575108201523079,14.5919524215317,4.57118892819585,0.853346475493428,0.081420226541321,1,0.298049731604287,0.450619613535103,0.0871234947231759,0.282580827577156,0.714319697194622,0.200054830909599,0.941662617547716,0.166697476478622,0.399775378959937,0.207137352175038,0.866761126216373,0.154481575406959
4.70863457254279,0.706437288980219,13.9615654231485,4.75320056380398,0.914300836741764,0.0486807829359373,1,0.382439995187556,0.709642590517494,0.862347370712632,0.264451292804056,0.28863824607073,0.373946764585851,1.17048975940854,0.220249231874292,0.824419114302928,0.123797676877909,1.06735066677843,0.174171030673072
3.46187017981584,0.634291175004583,17.787596654043,5.49032362069347,0.680505849011212,0.348587074291898,1,1.15055275615838,0.487317510906575,0.773988111215625,0.182999901196674,0.625840663530487,0.166729925911457,0.570551485618953,0.227495506551542,0.670258056890264,0.214263146746306,0.843530526006425,0.211542934357643
4.63141089880944,0.754448124827332,15.8713269293947,4.66992579042877,0.4535253865755,0.36876193240973,1,0.454450599026113,0.662363666287916,0.488731168540945,0.358592250827251,0.979753177307106,0.147986083878476,0.646424855161537,0.216112188527766,0.935448585559898,0.155537660915382,0.786314607626186,0.172859868100401
3.5674679550215,0.605898995356442,13.3517165662854,4.34636936993239,0.708916842580174,0.300574145230004,1,0.670210550706834,0.534357467252313,0.276936452860701,0.245559585960118,0.813490184824707,0.209095541474213,0.500318181823033,0.20963421841122,0.643132085910314,0.190497021990981,0.672981810363652,0.208256329818406
3.97455456141545,0.692533126352582,20.7012134101476,6.44026007268246,0.426965109298955,0.368065210621981,1,-0.174821381029568,0.689465918309395,0.876023111489134,0.242222800229545,0.744168786309938,0.174338996754044,0.82271197786396,0.167480224037427,0.72567671038123,0.162447749575794,0.992554409775701,0.21451391457938
3.94514436661847,0.883748641648507,27.4774005365712,10.3280184538117,0.162443250064371,0.421705947494812,1,0.491510552368312,0.585619737415363,0.914132982203534,0.215688838343982,0.788717050302426,0.175062551185419,1.00922391377759,0.198515573875686,0.811075394396057,0.249794831710811,0.554023362303158,0.276866593516526
3.57988208902076,0.585755944400368,11.7112524593395,3.90176479408755,0.726848399594289,0.253399661572449,1,-0.858197406525623,0.554030939695433,0.519917791752781,0.246775388247835,0.490547818398821,0.216552322794678,0.965034187980591,0.125994329719612,0.17312779333649,0.29041378566331,0.420861516308266,0.240817580130427
3.79780271922807,0.723273706770226,21.2166244533368,6.96687611363779,0.668504823571494,0.394306468861043,1,-0.437689704733535,0.50759048852372,0.756600307216459,0.183045504478392,0.705836785699039,0.213543917461116,0.888556529201661,0.233593884847687,0.891280059068747,0.168619894146055,0.760955409094932,0.224496247461075
3.44746629291463,0.635660578414207,10.6195960350389,3.89256709761809,0.799550508795537,0.196350079794861,1,0.384601113432649,0.675380820844201,0.689431033482585,0.20959523056534,0.270728333341941,0.232055467699384,0.588730275329826,0.219222481920331,0.257836646007357,0.239649215929889,0.648056644596086,0.201868684487394
5.79031552124049,1.00429588541715,16.4905630443307,6.07490108613448,0.857304958302559,0.140541084592785,1,0.656855937228673,1.06354673018842,0.734456736376881,0.415485409475001,0.911015908519184,0.253499282543671,0.93152610919154,0.201360725917989,0.359069783474039,0.29707261868275,1.10695821908211,0.210520581329607
3.52362108310961,0.599891034214434,10.8757738459769,3.79816806321767,0.838192420244765,0.112366385096885,1,0.0880616241138541,0.614207426902392,0.612041245706415,0.184845870798056,0.744784062112589,0.20243988768609,0.365984756423502,0.248888407365236,0.713744796205936,0.183968801460157,0.41943748078951,0.196181434407328
4.21017900767559,0.745741822787108,14.911466338408,5.47168527993145,0.42826845655634,0.323667489108313,1,1.28034264789083,0.572799748818927,0.51926629369628,0.236454148997731,0.622304514536359,0.270219929667172,0.579229549566523,0.250238941129912,0.375900030788534,0.233180151054838,0.830567300623304,0.20544716520601
3.55166115429087,0.608823772253325,8.77953389656422,3.28416537080154,0.894608299773508,0.0879137498677222,1,-0.0860310417862203,0.722768992368606,0.742711470698861,0.259485186626931,0.766957259338096,0.173273029454258,0.684527268849394,0.176114916700408,0.493464840812034,0.23056316301062,0.554446461436242,0.235607130572605
3.76546901387833,0.629211971693742,15.1633314871666,4.72467092934833,0.689993521627577,0.317351725309711,1,-0.203893254436133,0.449880316820832,0.735108106341233,0.167225096683108,0.73603341812653,0.175087948967216,0.898397578260573,0.188974340607061,0.531527983706528,0.23209429152026,0.639253087166696,0.198671262279846
4.18728704760346,0.85511772715792,23.7701059721793,7.93555934676544,-0.0206034744424421,0.357908429242283,1,-1.24181196491835,0.586408164810882,0.749059363083785,0.196441318552855,1.1874735100554,0.24995114808985,0.490008622580103,0.283032146515504,0.861529259568617,0.210525502462514,0.86695257371711,0.252608122802067
4.30201648554276,0.746743016206106,15.6685963701844,5.92049313928568,0.836850924285178,0.170381929003063,1,-0.0913055103500657,0.659513711832017,0.714301971380694,0.259000870143372,0.669067124172539,0.173462243295295,0.73811288911959,0.216024534706741,0.571012183144951,0.201825718652218,0.729269010107838,0.24795676531633
5.06312235100264,1.08319274690319,28.1529622256736,11.5069250148012,0.903691176961808,0.0770407512701451,1,-0.890052771278964,0.704885914068323,1.00350089104978,0.191271126940197,0.964256214829424,0.287499584916753,0.973857161170164,0.254379915096108,0.574761754765202,0.293672310453916,0.826295561813552,0.248948650139865
4.50187588501221,0.83410159280361,15.8063873795373,6.43926925875865,0.960144509510128,0.0246566615780507,1,-1.68685696388747,1.11004943599883,0.870349370416995,0.257567200894309,1.3089115668574,0.139647088848588,0.804975673051034,0.193098140338816,0.788590778720551,0.24193293589439,0.67703830966734,0.221589358398254
4.87399499106358,1.07147638649892,34.309094343601,14.3101776622305,0.913501714704288,0.0579157647463774,1,1.32660371664571,0.670161642695776,0.561096566171201,0.282340668895011,0.83245274501611,0.186488815353384,1.09101256267436,0.256135308444059,0.832648615013867,0.208948685637203,0.725682127417036,0.266919386472595
4.04797822839221,0.687373450971681,11.7855949950531,4.38582888909385,0.886826594642031,0.0707280618953335,1,0.511457375146536,0.605019020266366,0.429758513170329,0.227016716833482,0.754530890799336,0.140142419177562,0.705171043605674,0.213940266839787,0.66470198505121,0.238592767447894,0.252618478787033,0.296658264222655
4.00685855723684,0.769626004102347,20.3054556415359,7.7278234278124,0.841221407291176,0.155831886565723,1,0.93077944098847,0.582693262539227,0.286977957283859,0.31326958055622,0.812981054908269,0.213928531282457,0.708515890342515,0.249442311783201,0.811675169287832,0.237048444028986,0.929643410874429,0.212516214327539
3.62658576360145,0.685331296985153,16.7547612904259,6.2664292189966,0.933811531650176,0.0350836879986,1,-0.0608964307119551,0.752017975747007,0.722714831587197,0.171256168797512,0.862559361287272,0.201070303130638,1.01740662879014,0.1605292627494,0.394992250315464,0.266817783840313,1.01283506277834,0.172196531411077
4.19530462238718,0.709213170343315,10.693872477675,3.97491692048231,0.870980213084525,0.113861237150642,1,0.197504963509307,0.581159841683821,0.737435357784146,0.24775737204642,0.691318851535404,0.207303573053569,0.488336159024108,0.184206682633426,0.503585769949622,0.270103405238186,0.830173010201265,0.251273791015377
2.70352711081753,0.501817891997777,7.960332782051,2.89337440900524,0.914302929324465,0.044496740784088,1,-0.580110307384994,0.686115233004609,0.681123303813427,0.209669082826563,0.211672965151395,0.229095594050569,0.571915173478023,0.193449347822051,0.558600862101339,0.246189778310587,0.571840322238477,0.18004768353128
4.19324641927378,0.870038460099123,22.9958454841382,9.6711724574422,0.871959894069732,0.108387468365944,1,0.875681213433209,0.736987151306454,0.446017341499485,0.289997916380174,0.992470750878164,0.210548758886218,0.728464478984448,0.193226413386233,1.04018241895886,0.186957674548198,0.575842124219879,0.400717866856418
3.55667263668967,0.534342381348611,9.47776410296264,2.9774288502413,0.772311686783069,0.143820020813471,1,-0.388589955245032,0.489498518727623,0.783189042595034,0.185111394156966,0.474062726741553,0.216033431187389,0.754441699002684,0.171974442593623,0.726273813155613,0.161242054011994,0.474255010268314,0.222510662363588
3.65181180375034,0.672570529024077,12.3602809008208,4.64077282543733,0.887450148971252,0.0488521570306711,1,0.117149231959197,0.685319854020246,0.934816764056681,0.225303366042733,0.81771876658511,0.256272901973872,0.388516194628423,0.248485264747732,0.696596598139758,0.252364775438517,0.887224739100078,0.188804354716848
4.08540577010584,0.776613796199622,15.9071917939312,6.7371386817525,0.850348765218003,0.124678519556183,1,0.400095560392283,0.695129094001433,0.738539942823557,0.228501158793092,0.542752079840386,0.24009601030648,0.866339172630408,0.219245923496801,0.187966477079148,0.261247158916168,0.700510102693101,0.278007653859705
2.95744103875411,0.600361345762396,13.0768464394158,4.78763250163626,0.661757697717136,0.319150689643877,1,0.392646518950465,0.645918772732974,0.477142023163082,0.286612764639729,0.704885022766666,0.214043406942533,0.495882335271747,0.234560364932068,0.470225223461942,0.219046183173486,1.16955701367767,0.158067115554238
4.41423213539771,0.922895485954212,21.2055463420816,8.72007585925266,0.943250618760981,0.0413369073171227,1,0.615641805100373,0.869807282427719,0.620578606803114,0.321673784344976,0.61707192582306,0.181228750271899,0.789557117744954,0.220781895000442,0.784636591306809,0.275953848546339,0.487147242876851,0.301764586277596
3.66743381439088,0.629038832471415,10.8894044348917,3.67928452637421,0.869835765541395,0.121714848060648,1,-0.0307645328914875,0.702457293025465,0.515112211015762,0.26384724868993,0.675590906530883,0.290541695805366,0.613292256666748,0.225830432514909,0.885890942673431,0.161730281306284,0.453256826561207,0.193776322425425
4.15138114103147,0.873288997128157,17.0177841021022,7.34326056744638,0.773130260604662,0.304156416422238,1,-0.0103959961328152,0.633908684692459,0.8017366617407,0.267457680595702,0.909051693517054,0.21649371207208,0.408130449975583,0.26768598003868,0.0800917653843307,0.314044976277602,0.742982136580908,0.270654975928025
4.10234301245629,0.775022315989606,15.8789216721133,5.73793596484869,0.866382706595843,0.108854875187317,1,0.818508192874799,0.60371339298834,0.426647418208728,0.22342090153965,1.03355080449364,0.1878046147675,0.713480139486885,0.252299606660925,0.422213459943369,0.231177846178919,0.70306535944334,0.170764700206816
3.95899912178738,0.702432724699572,16.1841798184334,5.74643038886134,0.794291699315169,0.268303157174414,1,0.0749891250999816,0.588649926668931,1.01323785356595,0.138058664126807,0.298934659090643,0.297766290780654,0.843343725277391,0.225171545831582,0.550615599085167,0.223082626957412,0.681671954748809,0.192180807046959
4.70768765169532,0.760733962031415,17.8483375365777,5.88456945098015,0.683005179173817,0.333588348925862,1,0.300417204581512,0.686114930876058,0.583115648518571,0.325064156495693,0.388600188102402,0.289714458249302,0.441070999701449,0.190412578393687,0.703020397350439,0.163737462490226,0.814351992479774,0.176889736569999
3.50762978608515,0.60264478694049,13.0338167883403,4.39314120822249,0.829541756326328,0.0938332982948435,1,0.233673587742803,0.477128618767288,0.577238776591915,0.197259933482011,0.667555685420855,0.236091570950182,0.821374495064449,0.161197508113467,0.803024762951407,0.150815365215651,0.66147251749422,0.252818813220922
4.07086362129639,0.607739908876276,10.8039026230914,3.58724926148901,0.932541913903315,0.0366694569412094,1,-0.320736063029402,0.847842916761543,0.423059873766126,0.346537513260777,0.817925710511266,0.229745042544364,0.683724909651247,0.284435961857397,0.768564417687738,0.22428906261933,0.937054160556305,0.120471617306981
5.30965007899012,1.02344067416874,20.6879236740651,9.4325899035027,0.976437656051695,0.0143657391993743,1,0.0759096174050292,1.14937416972027,1.11177358817925,0.171005264975503,0.683782692848217,0.215216198132447,0.78828671568966,0.25942899622394,0.691312767105954,0.300912364268856,0.95358915684964,0.275206156954249
3.55940185432481,0.677613446392112,16.2386830573193,5.35175432449925,0.441301741725952,0.467754994411646,1,0.634865389053113,0.600275458114255,0.219957796422766,0.275866895609797,0.634851441986731,0.195597706490542,0.91291426234785,0.134572421944497,0.356819313294263,0.270444289265867,0.658247657012386,0.240435360988883
4.07949647314878,0.652771991857534,10.3338627433376,3.84935535372776,0.933494451343699,0.0333445223856919,1,-1.37781785936782,0.711052833889434,0.975842939063734,0.176570048913943,0.84440527185699,0.174618541569962,0.956121772497849,0.184158388355773,0.825488840604716,0.224358869896265,0.668039724057864,0.254206145742545
3.67433534639014,0.640939305767257,14.4756846240585,4.99625816789031,0.900352835704305,0.0886928655552754,1,-0.560020812778845,0.940813763173766,0.8557986196252,0.180194194190215,0.808729426104357,0.234147965167197,0.544091902705952,0.258024920757186,0.441667287085595,0.233021453132454,0.706457519051865,0.167864614073536
3.62908891430138,0.782286802453161,16.530970080699,7.00938635411617,0.900601973239583,0.0980708229187947,1,-0.478286718896713,0.798836820049071,0.478466803226792,0.332404744119799,0.956000570099275,0.207807860585219,0.506201305816264,0.205434071841947,0.609741016603839,0.26087428180026,0.543029134431116,0.281150843490666
3.85183653197928,0.679552230533403,18.1622904759384,6.23190395656951,0.727362334675777,0.164803926756611,1,-0.526176386112054,0.596872311340393,0.417744175874285,0.304901422583815,0.873976437181215,0.138273847929763,0.468360620470691,0.198126041475153,0.76846361090156,0.170110012954631,0.192314859241568,0.233877735175083
4.07304679411532,0.723589138916603,17.1470250547601,5.99531283522329,0.890278936809282,0.071344303114259,1,-0.497972200300325,0.633141848362079,0.868719366443506,0.192329225953307,0.799540831974495,0.209470193806514,0.952300050098742,0.157633686434592,0.119937152276548,0.322105022801194,0.836370433950889,0.223823194492737
3.67239602271009,0.722856259973044,17.268427737805,5.88992546319304,0.90080929907869,0.082950325762558,1,-0.268675906547004,0.677530419291834,0.807291000172254,0.263979739847471,0.486554395961042,0.238046652301961,1.0108821567677,0.17007058334976,0.988403244519067,0.15625268746873,0.58210150521549,0.224223788351739
3.43924223496744,0.636686956125741,10.1394803690683,3.78698337183976,0.84360058848302,0.116069843366036,1,0.191562789384575,0.463806316673218,0.657314761683802,0.204566227081914,0.540008312206461,0.212449170449536,0.727345081460248,0.187774106455747,0.901280169527761,0.281595299170437,0.631627830592031,0.244874115484515
5.40579185310848,0.942399217372379,24.4855367917441,8.90542380171362,0.867913984516109,0.0873495320911822,1,0.299023268687769,0.693626018285798,0.736851676421223,0.243341982714919,0.746072241283756,0.213367221275509,0.504551552173507,0.27195838742762,0.877066452700876,0.20018036169398,1.19648671071093,0.148933663179552
3.50498370520009,0.599986172394019,7.3941026596215,2.95904994134017,0.9501672413624,0.0321263834745763,1,0.0485214653473463,0.871906816913945,0.826881874984874,0.209020106826839,0.454967292816678,0.201154025151483,0.768912729089245,0.166102293042324,0.719110099701482,0.213611757183203,0.561645088165858,0.24414978562099
3.79452741692097,0.771861457842571,12.3781807835579,4.92394935921699,0.858921135992799,0.135491389548662,1,0.557116553044075,0.752821013927321,0.490938429719909,0.212279833053236,0.553743565731564,0.245640274529633,0.398670849286196,0.251575908700308,-0.101276881535853,0.361172032445894,0.848322800807935,0.190225051585643
5.02239564486236,0.885169145818547,21.8557984557309,8.02601759836025,0.933547849390602,0.0475086189394316,1,0.248502982978075,1.01590622756597,0.874700862124264,0.288771429016216,0.788418349883047,0.278007484471335,1.06538835488383,0.161959562458764,0.889368711373842,0.205179729331935,0.779018083460894,0.191937266027645
3.34441820121295,0.601434862319856,11.4888681663897,3.91883296502969,0.861280818770468,0.0835409583488744,1,-0.356003371580644,0.574464237869197,0.641713630456617,0.233878070700167,0.77207525120583,0.166892403751469,0.726502053744228,0.150523766232061,0.380137774567761,0.219008452557547,0.592153488856707,0.234294251088709
3.96404065445334,0.713241879223033,11.6254643966176,4.56148573135996,0.906652263568193,0.0587281012214616,1,0.0251564534568875,0.717399948774509,0.468149138392474,0.353512555058593,0.772927378977355,0.176288877180721,0.675587834474553,0.15628749759094,0.808019678819949,0.239127025931952,0.541520694020483,0.282595767657929
4.66635867518584,0.918443401484297,22.149653178669,8.97316503584362,0.932607031495988,0.0480268549089409,1,-0.726210558308545,0.885119570068774,0.748215490999852,0.230555604930965,0.989695133509301,0.189774179258447,0.833594520582574,0.271011422033444,0.83273884271371,0.268680469567979,0.837853990739527,0.199144637933259
2.86554599010088,0.594140946347215,12.547715981718,4.51118698894125,0.624552844013849,0.403255054580781,1,-0.182269799259325,0.471696246473742,0.197899937047406,0.307787312592685,0.871300622999284,0.182204131241808,0.645363137222893,0.199262978356451,0.378128217698974,0.238239181165814,0.31090384247948,0.271995923780341
4.70630669396042,0.970906266045537,24.7981938165249,9.56906384672687,0.871137645957116,0.0716955017093213,1,0.656047841002978,0.794241350910136,0.637019299568771,0.220407812578925,0.884331201013743,0.189233505826943,1.08255786192321,0.244623512969801,0.48641069444773,0.289306581299873,1.25765317105989,0.188879953973269
3.19320872531294,0.629710189175684,13.9542138599596,5.09240497336083,0.781644199526228,0.196460251477432,1,-0.467752798541363,0.588241204229024,0.0790951220434892,0.247401368047972,0.836326404531643,0.247833035987072,0.891983507815321,0.212972349381289,0.566389329897136,0.221309674498461,0.661280789068313,0.199318161946324
3.36182455292708,0.679568217839407,14.5581226977845,5.45914190822706,0.553558499928487,0.431052029104746,1,-1.05213285877159,0.659995119542748,1.16325290792213,0.197602727564648,0.392703776179513,0.27715064344562,0.681815491692669,0.213488560065026,0.68705717084091,0.244308156388507,0.861751051825668,0.245496454058332
4.21088573418053,0.772645660620519,14.5203443162214,5.44023975766564,0.629535735749717,0.411298242015566,1,0.495516718939177,0.61865497324962,0.498347370822188,0.271467786528839,0.0843412026747077,0.354531307063277,0.88368660680523,0.209992944052361,0.756407715181725,0.240574712218064,0.775388924539667,0.200833791650229
4.61028234983488,0.922252991461708,33.4227156706559,12.7152937185504,0.857423243326032,0.148943591949577,1,-0.581084951270408,0.924821148070937,1.03989940863044,0.273201459680689,0.785663270384803,0.261485999203015,1.01312579902467,0.149385198368456,0.824297550640633,0.153766914764792,0.743172197276993,0.247038332556777
3.52239655268387,0.644699677664313,15.9161569428954,5.371638763665,0.897780169490368,0.0644956270145159,1,-0.00929336285617787,0.677751497132894,0.463490195092464,0.280512809419502,0.407134209357975,0.254847050454014,1.06658291813155,0.189462798247274,0.560206679393083,0.169944076753471,0.691537355466874,0.162077258785575
4.02013619918032,0.71163792487449,17.8590911788984,6.23314829529442,0.924711731111754,0.0346340471858819,1,0.463647448055739,0.667793987481602,0.849973317483584,0.247444757557916,0.597310079514733,0.2867825019094,0.956704037515889,0.174222878153186,0.902987934478509,0.164322742203546,0.836770436134455,0.202407240191102
4.81356732207073,0.834290004567311,13.5261722758487,5.26348690646727,0.646472449151566,0.463179416717613,1,0.428071125504575,0.699301122534368,0.795103828443425,0.247942710033633,0.726447255163838,0.292862356969457,1.01544147619451,0.274485674298569,0.622761038494069,0.259485300743997,0.669469247116181,0.204100037834068
3.39493654984703,0.589143800624246,10.9543298630364,3.8328732406389,0.865873102426471,0.0967741932245019,1,-0.0585456104244481,0.572689925119642,0.652741190697871,0.147742967318559,0.552292170349102,0.182076590541368,0.661263875090814,0.17820474368137,0.319449733768054,0.267021510541037,0.61717566438981,0.230361049451636
5.09479136044281,0.894183046316014,22.693081928113,8.21949279435072,-0.0224663483170707,0.268890212003792,1,0.988416568999857,0.725154333760538,0.238759979840425,0.43363012425687,0.701570353480931,0.224989705647998,0.405373249433515,0.219233205160837,0.766127034444699,0.207322083184688,1.11828975830446,0.1638819918203
4.35268207999363,0.726206235034593,15.4647639537704,5.59669491922694,0.95165148596835,0.0273796721156743,1,-2.05577023046153,1.05364267792964,1.12134884475122,0.26950545257387,0.857954989174329,0.268276730450305,0.831816525894073,0.178425869126301,0.668114138690856,0.18647375849001,0.754750110373596,0.1993235698958
5.16773327017546,0.855830524331718,20.3821125163081,7.01419994833942,0.463123713752097,0.526914312170804,1,0.526327765380256,0.664953364198138,0.790916780162618,0.227617669354141,0.61716860387985,0.231828841724089,0.896811321892499,0.145379498390067,1.04891443532361,0.205726229483089,0.526981419700673,0.273052390831855
3.34092850539777,0.552286549029528,6.11757981583138,2.11433539756834,0.343741451663919,0.33300808033467,1,-0.274009562167398,0.437866010769771,0.718509079470589,0.146815310037474,0.472922696891122,0.227366707080978,-0.0854128200007534,0.326152333860144,0.60854322407157,0.219355495344853,0.236746302016095,0.257245874610553
3.06807234950475,0.672402500835169,13.3872589776295,6.01636045275302,0.94244678033101,0.0450902841823302,1,-0.777114993400966,0.999676528459247,1.04423794923042,0.215777159931298,0.949098482123262,0.248540508635252,0.259680532935531,0.341782564329365,0.784941674807125,0.246558880991217,0.497218454796413,0.286010420776537
3.62190574317852,0.705742047480397,8.81532911877516,3.79416676189456,0.971159482552018,0.0124457058629123,1,-1.44411981104704,0.930002598397729,1.05394229768874,0.241293194018086,1.07728173987973,0.211715491441739,0.566098734995574,0.252630479338407,0.545420754705637,0.223918806581653,0.641112712934112,0.25001437177324
3.49684299714112,0.687445025875222,15.5356565602041,6.49471372635783,0.923139958474653,0.0409575089949773,1,-0.141896846194877,0.75449995618843,0.83843531725125,0.279761703966695,0.701908305249472,0.174113910951745,0.534262315708574,0.204044790740617,1.01189553493631,0.212721107376676,0.679075206140215,0.288916164760516
3.13198397381104,0.536216152417549,12.1813757412532,3.65983008933549,0.634792649335053,0.36895149318641,1,-0.673261873118293,0.477525605584178,0.493434773986513,0.208346011181579,0.899734423343746,0.145253107080357,0.294044183483142,0.226059264200554,0.587432528534735,0.191241020177065,0.725330058890611,0.184061583690862
3.60885483163523,0.754341859454157,17.8034384404918,6.91989088440472,0.862560062327878,0.0981427453474915,1,0.105963972091551,0.86035084664685,0.771032541756914,0.289149479007197,0.706666086228011,0.158108345574197,0.755830001640791,0.167997762737499,0.670863035538844,0.180846896604769,1.03066302029456,0.249869223624144
2.8060556404969,0.516892843531196,9.98049500475152,3.34683451751958,0.901723868807494,0.0560875619599066,1,-1.27248491635659,0.752849606823226,0.722712273814363,0.282539219524152,0.716475864951683,0.161112335757894,0.755408271978274,0.181421305248724,0.60520091681457,0.203245737334302,0.472643592828761,0.191013659872773
3.024315794077,0.500900198446813,7.81460359119208,2.76389773177502,0.871092484787671,0.0874130385918911,1,0.137408787517018,0.487296422948727,0.655765553470143,0.177886280158072,0.745995117247954,0.178356630444613,0.355387738544171,0.254087985555642,0.202847231004529,0.262617658873047,0.630724613308616,0.234639889065843
4.94119115744068,1.05764014882254,21.1276807410948,9.39831631911939,0.932087607005278,0.0394061403063488,1,-0.218516435949084,1.028105743379,0.324776549823981,0.504218761757073,0.993456430091598,0.133278633694485,0.918224858996821,0.176064752209169,0.554095418906533,0.334548718885497,0.627792989499445,0.283638574690069
4.06952619661235,1.00999973998456,21.4377739456124,9.89841819493869,0.840979076902937,0.152751272808797,1,-1.06204074286846,0.817623713782139,0.863252609245425,0.257604197069149,0.448280418871724,0.238198944554959,0.638097080362163,0.341417896087101,0.509643969422774,0.380418573517584,0.645688911914126,0.297517130492775
3.38353067497716,0.558503850450101,10.1157956928944,3.42825987675433,0.807938898406264,0.164208012259557,1,0.430612725224839,0.617868129803109,0.519038229205578,0.299475047892897,0.210488674860023,0.304421698168359,1.14139273048547,0.176717059998415,0.673712509380259,0.216542080658093,0.645533852622754,0.217520190513746
3.83780273344564,0.722880907147516,16.8492338206422,5.94793954126784,0.871762048437884,0.0797769637130098,1,0.0874591830147474,0.625071683301294,0.641990671451148,0.315172608581993,1.04570986113602,0.168050497323978,0.426609110199758,0.303018996782232,0.591612698785612,0.273429099382978,0.59982419947534,0.200755721141522
4.61323599736738,0.771498480204641,22.6664662452599,7.62445777087103,0.932833613226633,0.041615830027904,1,-0.526194413530012,0.821598365809445,1.11049898974035,0.250596296845934,0.882901431168738,0.22250828029209,1.20450860431416,0.186101739470891,0.484694820955071,0.27745926748481,0.978825356861946,0.161967477753815
4.0608114253076,0.832010410448185,21.0209460880912,8.47558897703435,0.903811976038395,0.0456181965115376,1,-1.0075852859035,0.650516027704594,1.11630718466588,0.252889219176398,0.556912299846233,0.188132090486867,0.858509584924625,0.13943538242935,0.493036784164967,0.255587834278647,0.686335926379113,0.271483532070597
4.43872359137905,1.03366455691395,23.7476079740877,10.6787068502317,-0.245604542327688,0.359166800691045,1,0.389574120042779,0.668692925252038,0.398093365178918,0.332504517025262,0.815927469613346,0.283492982277961,0.690534564499987,0.296036808631629,0.618895718980043,0.244881341606475,0.965079248733669,0.240307132568663
4.382294757493,0.728541251185146,15.9252085371882,5.29405844216249,0.764963497989787,0.222741095099719,1,0.340796754556332,0.576000001510014,0.61901571605677,0.306024292281753,0.525099509221292,0.239625636031829,0.76887989782501,0.183206740513348,0.722632202415565,0.157912074231375,0.734120258466809,0.197570167837705
3.8875321436321,0.728823190198141,16.6552388687478,5.92555291307568,0.615793679955331,0.466958312053976,1,-0.300628559760332,0.595554177939111,0.812961093453661,0.279573882915532,0.579392608667765,0.213963992636852,0.302551720786252,0.207121885870516,0.754872593758169,0.189354146927656,0.52966640143554,0.241806858904133
3.05248584937502,0.673077672065421,20.8316359150106,6.92532602661711,0.771365620615276,0.177177346668749,1,-0.74942464983346,0.465089334616335,0.562663952374131,0.194250861025491,0.874342106821191,0.170901209774643,0.813708430212177,0.25171322701922,0.695605429557089,0.24725397846503,0.734792399297215,0.246987008992297
2.99956061501861,0.482828625267117,9.49756120433421,2.68330395944201,0.616417404969589,0.336706770655079,1,0.103857355666425,0.425255678667791,0.744195500836277,0.194015174515692,0.379264216355406,0.275091144859188,0.601283032114062,0.188720503869913,0.457374444745564,0.179097582838897,0.514541202321091,0.189643691544527
4.82725846575794,0.879750903211358,15.8309257483624,6.42575598643398,0.954260204970523,0.0318226087164703,1,-0.346603731306158,1.16216359084742,0.935121856203941,0.302651062500358,1.1020448620954,0.20267325433586,0.518703161209826,0.218113993660479,0.640683162839703,0.217024094660491,0.840018517046535,0.216541504861791
4.18598848687439,0.670580919816817,14.0957757797673,4.84244978899754,0.879136474706989,0.0691533105450454,1,0.798245724602297,0.575999574370333,0.48001842999382,0.189630261997513,0.740740731703422,0.137939780650586,0.911969475375582,0.184482405419164,0.437812175646039,0.263348495714649,1.00666800066447,0.202329942642499
3.68966131666409,0.708354132418392,13.5577218328226,5.33351924797305,0.931720859371584,0.0404499668851308,1,-0.101780572517726,0.691281577415503,0.656553867550113,0.24205597598647,0.633125659386399,0.19788579658211,0.728858557719467,0.189032897288966,0.830491826837254,0.163937493785922,0.518920325629599,0.290718908727856
3.00302436895924,0.543379247514483,14.5359369864547,4.51460317060361,0.712919444345783,0.303087722493512,1,-0.894040096158106,0.58195735198563,0.677438617039001,0.252335205773335,0.767413769493419,0.182537815014044,0.61901606528763,0.209073855005667,0.714764275230557,0.189728091377113,0.999655889918644,0.154839706848725
4.34794188203709,0.869461642006598,14.9699468708632,6.33048693819293,0.842429318007768,0.128606045848684,1,-0.0529106021726583,0.605339453707622,0.702699184665209,0.255153595324646,0.583725054233964,0.229232837724422,0.716399273585138,0.201696971632223,0.34990732846001,0.287995614174811,0.531270801577087,0.251028044845955
5.13243741068637,1.18009610005014,26.2957703104568,11.9822196768336,0.925667947222663,0.0582288022872963,1,1.48131131857277,1.04146386517953,0.709793607428519,0.328889437137587,0.789730880356056,0.259715180189782,1.04745957725475,0.256667021003409,0.84077464123596,0.261469420992872,1.0719520034485,0.189045656163844
4.40732680377879,0.921480452266592,15.1692543154033,6.54054067448983,0.891226706184724,0.0738695610185913,1,-0.531006346013673,0.658634942231685,0.991365907917219,0.207305521186077,0.427457156444294,0.220598879745688,0.734629196442563,0.279031230565533,0.574897981837131,0.266071579006658,0.0420035743041883,0.326539910604568
3.27638084350065,0.585830567294878,12.0702920650926,4.23696843774853,0.91752141503843,0.0382575665102407,1,-0.213276472080903,0.660884585760506,0.384711452221618,0.286487352414736,0.600302492135177,0.227572793629784,0.860636971353651,0.167973708003432,0.462411124680612,0.202143283901769,0.518014500896181,0.217780797598623
3.60446489520919,0.75056493621754,15.5502447988793,6.287828704358,0.724251588257662,0.341988338775065,1,-1.22785606316746,0.694136025016385,0.957383067202341,0.254510466944367,0.487161028053456,0.260085197913766,0.374476729917835,0.232221130198137,0.7615953423723,0.191062768769045,0.307593845940575,0.235756417545412
3.67516383800006,0.663415411701289,11.7031134472074,4.33226107572459,0.916389677658377,0.0494589119377304,1,0.582267406916388,0.608276266253316,0.661983864620529,0.210618487235479,1.02424108601779,0.153751316497882,0.666260574832288,0.224723995229473,0.410192654905631,0.288673902166386,0.714487301822598,0.257821727401027
4.74452997365174,0.787176018607021,12.7923669640065,4.74025422598266,0.84181327528861,0.104810724542135,1,0.632975228555034,0.638196223570109,0.699275573480794,0.267007777570824,0.446369781925902,0.253585624154633,0.530167013777935,0.221410843411983,0.804080284738081,0.185405439637284,0.555802462139393,0.239032030312228
3.32706522782287,0.647982984151682,10.3004073646892,4.12559108222945,0.89134789813782,0.0815324023859,1,-0.0112394871877155,0.660394364283756,0.494589230236683,0.165457903528842,0.47887507610524,0.209598802479525,0.616574340272611,0.214658626124675,0.45665533773512,0.265783470508515,0.73926124245546,0.209521495262264
3.26023520802758,0.669503792920886,9.06149034347988,3.68189792247586,0.944843744896205,0.0256912330749826,1,-0.966707905951873,0.786053611484487,0.775164850194147,0.154406357762773,0.53847598343318,0.195538954764039,0.684950815684699,0.243392650046881,0.225652725097122,0.262760954885604,0.717743604257134,0.206691409359538
3.53197807775693,0.686457549233021,15.9656359788414,6.0157937924777,0.898439775945984,0.103827565946753,1,0.0989956958737411,0.652909281862293,0.832677456573796,0.193035104568238,0.48712986761766,0.262289134241446,0.418495689440013,0.221791362442471,0.803870558576008,0.20858050931623,0.655848994083945,0.241318760086422
5.86040133911285,1.05515204151032,21.389948439132,9.49291120765717,0.950830273257797,0.0367288378482925,1,1.04122803913176,1.01106409888358,0.813629743133849,0.335047328156236,0.72564725038113,0.236407735827515,0.719739866299058,0.263239641817573,0.839623453110828,0.201561547277334,0.914002621681123,0.264060916672819
3.75515940673576,0.674612823330205,11.8784387168694,4.367655092167,0.557745644225477,0.384019600150569,1,0.38797111192829,0.469709622241321,0.400999965173003,0.250054097875977,0.284273143721042,0.291856611247688,0.714788046166195,0.197534499961878,0.424328485576331,0.227646129830656,0.873080047403153,0.210567287621222
5.10182058348139,0.879546015479113,17.8861028885818,6.42929180088228,0.913288975003646,0.0375410242320169,1,0.0961711005032533,0.726531448332184,0.863056230008425,0.135587654610029,0.562736566242536,0.174767378542774,0.827158094402143,0.263529709370139,0.864429011996232,0.218258941257361,0.863538223877377,0.189758354471135
3.53523946506611,0.61909313541142,14.9757904864432,4.65157239428931,0.552004548321206,0.331061201377552,1,-0.60883940753069,0.574879925407493,0.577281367951356,0.232613822322212,0.542125480735904,0.179412374901303,0.608232600778602,0.186448273810982,0.62437139810486,0.206216605284316,0.579236544702983,0.185026240946102
4.5991977075526,0.819764756238995,25.4410863098352,8.5698652883955,0.412848826967932,0.469951357475828,1,-0.241293113964398,0.484196679941652,0.972706257765101,0.232803510145119,0.401822139818785,0.29078231080289,0.787147774975087,0.1661024349437,0.800179142544259,0.170695996368891,1.2505758368201,0.187367046422526
4.07744817496763,0.632570393285787,15.4792916759024,4.90789627521436,0.639798687411238,0.367670333050239,1,0.207175081915088,0.519185538848572,0.437904319376763,0.317718799155996,0.612371726616442,0.275379193551952,0.656808119998314,0.180951300828609,0.656982050308504,0.166087895100927,0.73811480478396,0.169228498463395
3.95559798777745,0.648605085429127,9.85761218595746,3.63685787178799,0.918942304561546,0.0398332570650072,1,0.310128183596349,0.834197269419853,0.351864710860649,0.361361744078859,0.740841056852735,0.212718191580212,0.588331828796095,0.176087831227297,0.832612738338062,0.170600332607279,0.800342151448055,0.190467593232558
5.77146862300674,1.20642581371249,27.3325745693173,12.3483047101442,0.943727912899517,0.0420306480921056,1,1.42222719408525,0.80778645769556,0.51290592126378,0.388405777568873,1.01445296296169,0.314530386854072,1.0270589385863,0.189525796136398,0.152441206820233,0.345903249341338,1.10338318161783,0.204050384956678
3.55439342641786,0.735599858925466,20.0668330513275,7.67861730496229,0.952047515854672,0.0251155030348901,1,-0.794919286058266,0.845002137415998,0.812828274712461,0.225580012246094,0.547084244517887,0.251665588643814,0.807239383488456,0.255383937006386,0.66077335122322,0.157337294124988,0.856576892709151,0.218274079869383
4.11145762033177,0.691354851749156,18.102123763845,6.07738998029977,0.941321338379559,0.0236793731739389,1,-0.367327742893629,0.684519180472766,0.888498013978373,0.245713427967822,0.682506375281154,0.203871357075062,0.773300327682022,0.181252982986764,0.897058437926731,0.176018277614085,1.14686249358788,0.160441384115059
3.79495984200072,0.551201530976755,8.99231421651743,2.7316226831988,0.23109874741429,0.278110983663966,1,0.385546020635243,0.534549662665106,0.468915926366752,0.247491893427977,0.683698852398032,0.159592731154328,0.67407567653676,0.19218023639517,0.926703338377942,0.164572553937298,0.571565242803777,0.167228044789351
4.9199371451223,0.871505200225511,19.2568629629369,7.10148199455651,0.932216312116652,0.040428640708165,1,0.816638308796435,0.822237404852018,0.790859267262696,0.284070712538976,0.735196366472963,0.255715761085131,1.12308052043081,0.169285198273597,0.712331326587273,0.234468572167886,0.623332232207784,0.22923029963013
4.64293020519277,0.766713211807281,14.2295057078506,5.27166153580274,0.908740977765815,0.0642324833642061,1,1.05520567809512,0.765200579098724,0.756129046038143,0.235878594463186,0.56197777636817,0.234807871995241,0.585225054134149,0.269759933569906,0.692673788106835,0.238975003395894,0.877162702497407,0.194433378954136
3.32547182625282,0.610941476869879,14.1954801247617,4.98587088872732,0.89858554641897,0.0477597867427267,1,0.330213158453211,0.551692316786984,0.827440347768461,0.230236803433283,0.512319084605984,0.223635997501197,0.857725322566807,0.158221989565837,0.599444279911631,0.193882659172168,0.855982846160725,0.20118807665673
3.02581080853821,0.572753272442828,13.2639152222298,4.86952067182618,0.709330761012305,0.229316030956919,1,0.220459683106159,0.412241765200805,0.524921843110268,0.199421733059522,0.658570844924782,0.146759324009304,0.671275647071151,0.227553669240473,0.458217491284329,0.241427152567453,0.363244675338333,0.259552422265288
3.78912707893766,0.644493625207163,10.460783233676,3.66674259217733,0.886944771817035,0.0641196864480172,1,0.859310799192271,0.713535276454166,0.744713678527679,0.25394221892162,0.480898865527669,0.242108972826791,1.116818896915,0.153698519946961,0.607565921304637,0.250720165101701,0.206043951471733,0.307308387733338
3.9132081621135,0.551803158699169,10.2005961259495,3.28450001499728,0.938270670476849,0.0343502827233169,1,-0.179142242829789,0.694510266287862,0.872146067471409,0.246002623420349,0.686344526206023,0.2465494489999,0.762548099193546,0.166392211428011,0.568274638984511,0.186378965540496,1.02825149436901,0.160343239350354
3.86520679380132,0.676546118079161,11.7270723077851,4.55668827232762,0.931195903992111,0.0423815623286529,1,-0.58025523470471,0.71206373830984,0.75154101554141,0.15146154248061,0.859028903003368,0.185431741694106,0.604655923680178,0.215989138896057,0.692505480312781,0.191153106643655,0.927399636199593,0.221658935180741
3.57179586663457,0.698127993307516,10.6876762946818,4.52800565124066,0.924108683272581,0.059506461226774,1,1.35761694935594,0.728823739534882,-0.0927901121280754,0.371742589257461,0.373951891904269,0.264946673926902,0.662100651870365,0.216272419381032,0.791336192229239,0.240685839665782,0.442259810620991,0.237168404654055
3.47616103720459,0.595989360638738,9.15531474426015,3.34157550859687,0.858696608725161,0.0776518071569868,1,0.339976648167879,0.498706463897611,0.499803542345241,0.19347582490248,0.0808640735385542,0.257105403615583,0.44022846611469,0.211569561587338,0.823721785234347,0.198428328455087,0.378312310792955,0.280219388077114
3.64915449795099,0.712638162489273,15.6021353747697,5.9822042977469,0.866021239022503,0.107608648736825,1,-0.219818975331415,0.661028944125503,0.5628193490036,0.285494467743892,0.42149903007313,0.268736681755819,0.80881092554502,0.219038768030042,0.453623426781814,0.254233632661245,0.82768955519127,0.242895750469195
3.12470566871697,0.683682494211021,17.429888367164,6.89969578435888,0.82631471299188,0.131643838529603,1,-0.603232329592806,0.424922124202848,0.729921077261896,0.178533167259927,0.602025631082072,0.203737145440037,0.578275420900882,0.19397935081338,0.654540266341523,0.233158936665952,0.722878307591386,0.288328122991219
3.48583553925937,0.646040568074379,13.9268768235934,5.05702722522542,0.85983035137692,0.0910518275398118,1,0.253087910806787,0.496163129810067,0.686802581736052,0.201997584571566,0.307858090440846,0.254091899701187,0.501091773377917,0.202578696809599,0.613369362956922,0.23496544932906,0.796147694578457,0.221207214854707
4.90240574289659,0.869444445877859,24.9745842286608,9.02370427760674,0.923325300580214,0.0616832525449992,1,0.791121120460611,0.604557408772734,0.926941708409368,0.233384033000124,0.440384058711355,0.301937907209959,0.868598239699414,0.192647926755281,0.901469547402079,0.246625053037857,0.452773132180837,0.226899935130933
4.10506318440998,0.829924025763927,25.7555966395847,8.70639966629434,0.854829521114795,0.105356719289878,1,0.682238395969929,0.820164373615884,0.743879696983528,0.314610746057319,0.994923867578353,0.146965138217562,0.874471319055773,0.181609509657637,0.980855234219178,0.192029236836263,0.899547370117218,0.212536779679349
3.62440274641679,0.594714601619328,10.7266148580018,3.69529504827463,0.7150734749617,0.195042808977331,1,1.1395024186738,0.634408590832219,0.159886675364167,0.284358437534421,0.461099896152287,0.25842968302576,0.812337036219402,0.17328567237805,0.623378002616833,0.227675572891248,0.720936514808941,0.221199474968069
4.31935272871082,0.695953480573478,8.2425174427383,3.1922129990747,0.884228795146159,0.0608276391300601,1,0.226597313271678,0.585065243000325,0.608410541180516,0.194360772923411,0.680487014799489,0.237223227590151,0.566745009721349,0.226690353438721,0.385814591950217,0.269548382748476,0.881702068060545,0.192216094439789
4.72899332492281,0.777616042346351,20.4041287328346,6.30842583046126,0.381601174829746,0.509053793086232,1,-0.0316465628747383,0.448219338073807,0.610055145695726,0.203758310205328,0.799618979507641,0.188613702316738,0.723075203279467,0.179594243570379,0.223090348057051,0.252496397492017,0.217133422980015,0.293245270360729
5.95029645735163,0.93604203393068,25.9944263829774,8.37336197653311,0.0502260923378912,0.383623183521508,1,1.19212230363221,0.649215804765439,1.01116362779427,0.235696162930443,0.953269947665942,0.218069488938215,0.800355574879484,0.19726645325221,0.78414648383771,0.163189860238786,1.19741646827257,0.187100897874379
3.46055096346272,0.611029321713704,9.60161512374077,3.79078212353199,0.931940587312969,0.0423811778437562,1,1.12516322547669,0.687762955724872,0.491314787486505,0.223677426050858,0.777178562278641,0.252688948562858,0.701555669612305,0.219580674946003,0.796078302736972,0.204404247546904,0.0311108997979637,0.305488837890551
4.10965943303024,0.677352758401033,13.3767157485251,4.72388223906654,0.84419101205697,0.121349551801988,1,0.214624454715396,0.572747013337051,0.593595730043436,0.23995214082864,0.485792262585346,0.22288333095107,0.7197966903159,0.223188872386604,0.951972234441382,0.197923372669367,0.572371616753576,0.243624419344527
3.76088713809035,0.63172087746571,11.6217255968731,4.0853228255267,0.869925901202871,0.110899278383072,1,0.555578380083873,0.592589348201016,0.736526035586112,0.235468908125699,0.683921770950972,0.179035339499233,0.605009732086603,0.228179516760861,0.479323296596233,0.260103858416822,0.591328909712902,0.187019982870721
4.53069388870648,0.754885191771156,12.9245725595502,4.90205547706404,0.949965572305836,0.0366615899226023,1,0.205398560968328,0.893000241596808,0.70921492127421,0.328444899012727,0.790217102942581,0.185189106117267,0.741130692917954,0.174746292174623,0.729928240808662,0.179524014292732,0.647320964981283,0.211557085170882
3.83314533570481,0.755341413231644,16.5250779744432,6.42237658002391,0.918051433574652,0.0621387885033629,1,-0.866668236864668,0.823428739573316,0.750326886421365,0.267391692495753,0.63179566167723,0.203776334999945,0.839757033575579,0.252982672996338,0.500710954798502,0.296137886945108,0.805740741040904,0.181238364814844
3.42969472680389,0.646550483133992,10.1104435476641,3.83512508029027,0.899250301144675,0.0865922541294514,1,0.302981675856757,0.667046706789648,0.673270483928459,0.248529573554814,0.668022760452272,0.277155449829092,0.645741732957009,0.225167978262088,0.672315215513323,0.224162653467569,0.608405949870799,0.252374534559807
3.81081551352592,0.90439149080446,21.0922855472921,9.85090255328842,0.790807469964553,0.157435471198539,1,0.443942613189741,0.459634649842938,0.319122688404113,0.252273210827586,0.6101003835009,0.2495550849501,0.787578802223804,0.202478348929342,0.463798217045359,0.314179138098821,0.0802692957441316,0.412197435432266
3.70253352100457,0.662145994367356,15.6936160757728,5.48992386739243,0.672401471769432,0.39238508101923,1,0.385839272919243,0.57527710844449,0.721946975263094,0.227220402852421,-0.00468991994598608,0.366914593265762,0.737589840200081,0.215922168769216,0.463434753915164,0.223625103357125,0.805501247050976,0.191442056254961
4.41541055890213,0.975492279620315,25.5609709399155,10.8968720605726,0.93810799658141,0.0425568989363505,1,-0.0907695755566568,0.755431288783954,0.832130399087179,0.175408842492256,0.479504558055255,0.252187464509544,0.785170609959237,0.226746293424096,0.639079327090537,0.259144233984796,1.0157773109295,0.244755716923156
3.17618684528438,0.498759795920662,7.02702530303451,2.36665631250426,0.57750169665263,0.429133496857525,1,0.104116382993387,0.421403090340134,0.45064562181915,0.174515908529847,0.786966052419105,0.17381433217019,0.268826628309901,0.242537855183292,0.678513840037799,0.182081681167881,0.666430700405837,0.218616190019417
4.68236075806083,1.14008394072165,27.4778292027503,12.5219576118437,0.500371641258871,0.692439795617458,1,0.676184724204863,0.74611055773494,-0.332159071020066,0.530972510991365,0.670779948502324,0.318915760076963,0.756685143553912,0.192826444772063,0.595778128207083,0.263264537810361,0.644390436438754,0.248908904288444
3.68429054869151,0.796074167452407,15.7879702830932,6.75640461227499,0.844961557803424,0.227491246883135,1,0.931540295389957,0.648994881228018,0.414803372675196,0.297096589700477,0.0103681541875832,0.347395697841937,0.443298071085031,0.337340883894756,0.768390756034095,0.200298781772797,0.619287006633064,0.246258777710355
3.45704598721411,0.588165245296963,8.29317212597347,3.21319626689011,0.952226866667979,0.0311847149226384,1,0.388387428181217,0.851758307469895,0.787369724274309,0.204767375976092,0.696526052967387,0.192993592505037,0.529035796454923,0.222810033104683,0.572333554548409,0.255702823757291,0.795141703667675,0.207145985088021
2.63148850794087,0.540434317666301,11.6260640920928,4.43641833248838,0.855626731995587,0.118952652642551,1,0.300523407610369,0.509992280428003,0.72298132305652,0.192973551756612,0.508233603438002,0.247185266443033,0.538308234988947,0.230035408371341,0.856990138079998,0.16706381829181,0.601382554400744,0.218367568153539
3.48521872597524,0.775168586654323,15.5973822795168,7.07351572225717,0.903060904719426,0.0758564516252531,1,0.796397398937055,0.755230806382684,0.490385359277852,0.203362962675076,0.626402681866475,0.216909188038354,0.510854115760528,0.371984279956867,0.388442078707541,0.34850343400429,0.725601249907028,0.24747597932064
4.39840392749194,0.874080004158046,21.7318322203543,9.02526013024086,0.955834756959082,0.0288614756598373,1,-0.497111904993126,0.907763841283829,1.06121493651098,0.164695777803542,0.60197732799971,0.25295273784618,0.899832240401523,0.218548671906524,0.614437217380745,0.317889189499472,0.966548910738574,0.259466463818089
4.05919196781775,0.807634895404279,18.8780603556594,7.51632949852028,0.936598558849653,0.0377037421380292,1,0.033803281948732,0.706621154233801,0.680925607408452,0.314322205685448,0.776637345873302,0.236371876480363,0.953039071775144,0.158961829146207,0.515301194861176,0.257088609589843,0.70156908122451,0.248586788643611
3.71107291958929,0.631204233796715,10.5521497539723,3.88682405197033,0.916190199301699,0.051025112009822,1,0.403227835749546,0.68738962034698,0.0985247689080044,0.294395139749535,0.791590995631199,0.173045857242696,0.750667734200643,0.147272211239725,0.478468817274528,0.175365157337796,0.660757107519717,0.245713575869104
3.87724522193992,0.79921271856602,19.7636441999504,7.60241551451316,0.704209844345022,0.295597086821631,1,0.644867133426781,0.526983145841928,0.623558174695363,0.172190581105547,0.52352713990135,0.271090327479326,0.765666526033326,0.259899981174544,0.621615902790027,0.258769004476269,0.850446010408158,0.228560019672796
4.84318545976079,0.767953086822269,11.7563772057173,4.20150981511051,0.899510792691989,0.0532763277810352,1,-0.646133063277385,0.623416592254173,0.795268346902958,0.21822479225332,0.801904015971724,0.232264212820102,0.904016930664744,0.191184659514104,0.86603902376598,0.17072911756596,0.85606493178767,0.152143180578893
4.0882347045792,0.880543464163303,22.0880456879856,8.34990347417029,0.921721519415392,0.0505454114160013,1,0.0914883362065646,0.582908708067831,1.12249141807736,0.158315432407663,0.394303716967646,0.360888688759196,0.363867308542912,0.353039961014466,0.9138646517714,0.209081199890477,0.976982768975771,0.21366003842574
4.75554552211761,0.782547888837038,17.045760793576,5.6935373442925,0.819723302433196,0.174151585856409,1,0.408707826847529,0.537185742557427,1.06789472235501,0.214699958040946,0.475407149815424,0.238918239347662,0.786520979742468,0.186178974277723,0.611689364978811,0.234289967690996,0.801430710725674,0.180066220180333
4.10007891843661,0.840761276313007,14.5875352331923,6.60710237497787,0.955731703003807,0.0312248149503511,1,-0.361532353101663,0.856962699901128,0.897850955225712,0.180514038467596,0.942400590239236,0.212975878764721,0.627878089743965,0.298554518150714,1.03615651400561,0.252525217209485,0.441476158689286,0.315471122282919
3.7326187008252,0.829966437702807,19.3921943302889,7.70968535765399,0.862001792170405,0.120752493120553,1,0.115093984382021,0.840151307121035,0.827911869451271,0.233888202973812,0.473804135149719,0.3011385275868,0.881297295089522,0.199515839401956,0.655545934391692,0.222141623700043,0.60504617358693,0.245105391167138
5.01780253746685,0.828780804182433,13.5783898032698,5.0372806016467,0.916777284718633,0.072944727067114,1,1.32214302639833,0.693042055881936,0.705860830253907,0.25156820506837,0.56255049319631,0.26270900077964,0.943160480695102,0.239800205011373,0.666535840995658,0.24161578394925,0.86116735840602,0.194033047998086
3.92476878025835,0.811522276452624,19.6030772395365,7.0800306143068,0.530312944576105,0.509508075556447,1,-2.17063318827887,1.11319687886113,1.21684216215816,0.305682653013005,1.02412083516878,0.189755974172937,0.6307532908725,0.254215460385293,0.446774739477332,0.267585697353484,0.902471137623989,0.232191203021682
4.30403407972244,0.75823832904618,13.5511354356686,5.19141396638667,0.913636272790584,0.0650339640961925,1,0.502982066860107,0.677621982304729,0.539414478950021,0.197579661918732,0.741882023034905,0.23565576983462,0.625656011695097,0.257700979453121,0.787500714184948,0.196649659036541,0.846323036731548,0.194736131838131
2.79253695417121,0.663144713772808,14.8464432070139,6.39248815262876,0.841182012399013,0.141106068782137,1,-0.742333582249926,0.624423068081181,0.447291618742549,0.145507854298941,0.768979904648143,0.193594301865076,0.381976653036123,0.322991616542958,0.14435614027136,0.270392498273523,0.565142593470321,0.265099993934629
4.02189926378329,0.67848320572205,10.5964553575258,4.04265320534353,0.936942764646458,0.0329429332440587,1,0.413308706034059,0.67480589608901,0.891826046073469,0.253448824068967,0.533947183663327,0.266472310549508,0.871073171311036,0.201832294433804,0.525614464362699,0.178966401652012,0.72076143207334,0.199636062074316
5.56086889597653,0.880657274643474,18.1925114350637,6.10879635651075,0.757920115219347,0.31451672832631,1,0.857680065453636,0.634895418046691,0.323263132143832,0.321249163625025,0.713448428007522,0.265590442171725,0.930454260861931,0.209026177971018,0.861502832699014,0.216849248259409,0.754276723520747,0.180261080443642
4.75925240041077,0.898125717194872,19.8961445156569,7.68347635257139,0.745304544523518,0.298570027488823,1,0.668015450778972,0.690476070573295,0.223809744528791,0.373415694013175,0.552956127234324,0.292448818697232,1.04541572056819,0.170922218940436,0.656648460694626,0.207290669315181,0.574502916383206,0.304264169536488
6.31385450090824,1.32903387714998,32.1996115658956,13.8025959419493,0.344395487059976,0.750887956764889,1,1.73813621836428,0.799973302655898,0.419729086902176,0.305225899473516,0.658704306655723,0.232270943840025,0.805450333984592,0.289614892823003,0.706080659421471,0.212955642517972,0.773672933819642,0.216605392530951
4.0713168685878,0.857131562529563,13.7883515690561,5.88114291553458,0.887642036546432,0.062311221889184,1,0.137194759520823,0.682079467671921,0.865373699516487,0.200652408018243,0.91963405503929,0.186883937880781,0.43313130525385,0.272374183242365,0.497594415351386,0.294393243404855,0.330789721042541,0.362337494781164
3.93977900995486,0.745928719593298,16.8476957344171,6.25586372639561,0.951527476267892,0.0321713933940836,1,-0.106025934099833,0.968668682702826,0.878549436666584,0.231015758695689,0.835932287850677,0.247562011522923,0.863687226928221,0.176135925934267,0.614640715357169,0.202732844978721,0.84815922362823,0.231014641572278
3.33214871676903,0.677400868318369,14.7718383771669,5.8938124380318,0.927913662608762,0.0353954981848771,1,-1.04932207982327,0.739668920200134,0.49319333939183,0.275556920050032,1.21175633261942,0.199625602135449,0.585812319581402,0.186714954720433,0.339582715586292,0.282743128632549,0.555540818838705,0.232445100331199
4.46226206686372,0.719991249530694,15.1910077153279,4.83107246547784,0.76682804548312,0.268089639646633,1,0.31425623673773,0.636069286260984,0.562455849918911,0.245842826733317,0.930246098227389,0.188691488367739,0.751801654693921,0.18631442141188,0.48958801775726,0.209723080533346,0.628188382855664,0.208000126408085
4.21672864563791,0.665315834411644,10.0010081270083,3.46417517324496,0.904181198124714,0.0564581120944777,1,0.146520024734339,0.745791334836959,0.520482307920871,0.307682374933729,0.774440213205841,0.223475014266806,1.01409736464338,0.163237179301193,0.656036363178899,0.205875746053301,0.512816926657518,0.196875190525451
3.90739707071947,0.671462544392325,9.22704759349281,3.44877048726684,0.904743471833128,0.0544519886721623,1,-0.154221298569504,0.594649483056809,0.558264930726023,0.182924027748158,0.630190779846922,0.193241787343872,0.765553914525587,0.234351051988389,0.562094670239075,0.208135046301725,0.679970130975621,0.193527672332173
5.83642674243651,1.15405691094935,38.6988749834404,15.0774068730764,0.893736861944493,0.090988584512007,1,0.695498572453998,0.83685120027718,1.00977149858962,0.233150985342153,0.681847998033133,0.296674718854087,0.908306312305872,0.226903571272157,1.38818005932042,0.209970822740531,0.610951377707707,0.314687182232641
5.37605135233413,0.985369295754499,26.3517605335436,9.8447027562038,0.806916179420208,0.284163316408361,1,1.41832895729017,0.709984950593014,0.43229420009885,0.29738215181704,0.52985842579162,0.253752538071762,0.636064795710424,0.272299987217828,0.622759504038072,0.239409957626921,1.26789048331227,0.160950472179682
5.09559682312598,1.22650229802468,31.5377370243554,14.1719400124576,0.573410711187132,0.44924393672408,1,-0.0472140218228515,0.589193391401462,0.521598327467334,0.269942817891001,0.85444271799515,0.287006424517441,0.899844909909128,0.194896872410134,0.693479372531718,0.294551413868113,0.79258056823703,0.306988072436163
3.66486165344909,0.676629736811792,14.5681397801161,5.19549550469576,0.844252198381353,0.110389859306026,1,-0.0839828030511707,0.608046751262055,0.776211041289685,0.244065300358421,0.0646665965063438,0.300298921476713,0.976724222374416,0.207077647175319,0.807964025766178,0.211691109331741,0.854304191970778,0.158586905654609
4.26358387662574,0.790502778996242,15.3301102574584,6.16240037398407,0.972387237056189,0.0145816782023656,1,-0.383367067097743,0.948002786294717,0.749456567439756,0.273214005543829,1.09669812449075,0.200893915623053,1.21643410817604,0.152284688304925,0.726642297427004,0.231255712964402,-0.18200373066615,0.450149126099771
4.20042182786215,0.802169176183034,14.5537175153179,5.71571939840255,0.92045150004095,0.0480934790793816,1,-0.0713098415583949,0.710092789968834,0.637740008743139,0.263539602549774,0.824889673352813,0.221242688979371,0.698114576346977,0.232828757088474,0.614850986008546,0.236644836921504,0.900588196643437,0.183563828817523
3.63496927022534,0.715574284952476,23.4711754079638,8.45877151427047,0.941896861562341,0.028677026638613,1,-0.612513895385403,0.858819328025162,0.825081008920101,0.27555372179569,0.765320064535645,0.199705586504033,1.03416315257039,0.11273264414896,0.970443488709464,0.173863257778233,0.930939861541321,0.19499473784445
4.11914344889626,1.04005243640834,26.9738785680472,12.6421085721497,0.868264512055597,0.114955691131407,1,0.37499096814928,0.755587080362523,1.00330178098136,0.249970442177659,0.652705121622373,0.215608054949311,0.3980374891862,0.307878987539237,0.484763787504741,0.280748868480989,0.527861367767705,0.264587523962107
3.09769985924554,0.624582480731286,12.908777112567,5.00089167933995,0.898186442088889,0.0877163818576415,1,0.433954085703863,0.809768186982104,0.590484891214531,0.207746032167725,0.489892534011728,0.260860016004471,0.358979776126296,0.289260078940847,0.803585681337391,0.222031627092996,0.329519654989428,0.340454415484585
4.14517684742505,0.791271805675329,16.8204942697067,6.69978843540006,0.947356722009668,0.056562316935877,1,-0.310259853115625,1.05600759306035,0.780234722527257,0.261307602228137,1.20218817199012,0.184585092786208,0.217749307115053,0.310342059649158,0.890225860804711,0.232070288193799,0.768804090280911,0.201175456767927
3.45674004745156,0.558220624092727,11.415727251682,3.25496970957886,0.782000878091663,0.173930417268345,1,-0.116785572774728,0.445919952425417,0.681503672214921,0.176998303357998,0.82562729493538,0.197513949176414,0.728452655526933,0.217060362970296,0.279001389567395,0.260881050196504,1.01996859502562,0.139982155488852
3.2331442140918,0.515007665613661,9.38737953266542,3.19596513687219,0.899848596744086,0.0647698360221528,1,0.56580809821912,0.654117335527128,0.444541447861817,0.245078761469325,0.634566890789844,0.202856677425852,0.617883793908807,0.170925412350451,0.823917050218813,0.167978855130814,0.551369463872969,0.198075192724351
4.2591675796833,0.824511453095057,14.8959936471518,6.10175148758879,0.881103859971259,0.114482899490649,1,0.486007151428924,0.696294277306062,0.688020837913023,0.276632432778095,0.283711369073302,0.318560826358492,0.333831009413347,0.318891263171299,0.878618794309374,0.247935832438392,0.70847329817965,0.208114903970849
2.76716478028318,0.583564671318441,11.0828393828508,4.39921509730308,0.24434112918294,0.63641560158243,1,0.797137747346091,0.458241879144371,0.757579422987419,0.187692924627424,0.683048609153095,0.242244008497853,0.157166413721878,0.300780321319389,0.860045279080012,0.24650421996358,-0.108666986708007,0.304328075116381
3.24763825886945,0.599309927537169,12.8932487608922,4.27854224924604,0.702360853183496,0.289932251209371,1,-0.263517013051982,0.494906552483178,0.615907674776507,0.19720295774791,0.663206108568121,0.214790675453481,0.617300212075716,0.208683077881982,0.495956178897236,0.250208059501901,0.999386305355087,0.154363031499612
4.2111298651072,0.856312370009332,18.5835014275617,7.69017452059247,0.93809673250517,0.0315381059375116,1,1.06796101417865,0.780836585000077,0.829960552389727,0.279427759162642,0.729418749119238,0.295340144786445,0.859123283012646,0.213001240985249,0.778836802188911,0.186342348640327,0.634610035719085,0.256432982880445
4.29199189573246,1.01480464026904,22.7225654385274,10.2252245448874,0.91151335647671,0.0541358210819856,1,-1.17143541329077,0.743327257770339,1.01316486380344,0.159916448095838,0.829631147188831,0.21724589383931,0.725029354766523,0.29658077578207,0.745271452620546,0.270384666045814,0.305164830405907,0.257305785268508
3.00818190953599,0.523634962575203,8.98580383324437,2.97005809425533,0.67068672286372,0.333172564342224,1,-0.251551566551896,0.586533932055385,0.510379404740717,0.230330614185461,0.274545879757104,0.185717368811135,0.782578919982159,0.181977234041345,0.486240680181241,0.19630299071174,0.344811813357601,0.241942034910048
2.87365169085149,0.564288761436982,11.8795446873697,4.18954996543596,0.745157641027851,0.188132702561347,1,0.0867987870284364,0.388264151383698,0.60361259030193,0.196216963025328,0.688690098867655,0.178360024363008,0.547903391315897,0.17132515837146,0.699461310505425,0.168594541300507,0.279139928924979,0.319432497120595
2.92709813425185,0.610424001769967,8.61030957211378,3.67582220407816,0.951108845805875,0.0248036397748834,1,-2.08913142200824,0.723750643356519,0.732833561115725,0.229823442627832,0.918766565516149,0.137682460688702,0.695520290528308,0.238904643672091,0.659123329540132,0.239178666285793,0.594146674877939,0.229465056571163
4.66505962953101,1.047673562523,20.5164550926886,9.92020025713232,0.941122884543112,0.0359400687397196,1,-0.0988518357740191,0.775239828828818,0.890004309922628,0.170124591006299,0.861036652320719,0.226556192327814,0.670858376007975,0.334047014196048,0.643837618513488,0.321195597785713,0.451430790125267,0.382971077515613
3.88853179895723,0.741626940528655,10.3996745569474,4.48094106094063,0.856133360347801,0.0867497712340829,1,-0.0247364969783437,0.511393563597082,0.68419815530392,0.178230855364155,0.546869126876499,0.211426849520639,0.236960957988275,0.336955135774449,0.519431905108381,0.279107449518189,0.224566750060501,0.274646115639655
3.25294079372606,0.60199162167422,13.3551814521306,4.77124253389282,0.896413245680064,0.0733020053246537,1,-0.85142334510358,0.613217294598506,1.00856854384138,0.150410040304506,0.329030862780919,0.207595715720202,0.369152170107641,0.205401931494355,0.752468237761778,0.193970395864424,0.513579770042748,0.243691342045331
2.55875555618091,0.526099811921452,10.3271017353316,3.98597850321918,0.730289077721976,0.316944487887111,1,-0.576348287465706,0.717422296801791,0.80007443526741,0.269979810165322,0.42211180390547,0.284835627270531,0.109102086596646,0.292241947485338,0.808373970915342,0.17706326129346,0.484807117716589,0.198603851130967
5.3461592084876,1.06105206902634,31.8907518404376,13.1208757197246,0.907270480747583,0.0819326636435622,1,-0.692673443539135,0.84782251617426,0.731040932057117,0.320699410869974,0.565301338806946,0.351782982087227,0.863300247052433,0.22690772690793,0.686924808490751,0.24551026531578,0.978076295931776,0.201637376663653
4.5710692447412,0.768962644378623,15.6642065351429,5.50595289055337,0.813249949235432,0.145920229511178,1,0.762422269026949,0.580583634017031,0.341134513217091,0.315036407845028,0.970972020103973,0.136621369765787,0.884702098690531,0.180100102779601,0.695227819523859,0.195347131857895,0.962306955444108,0.204828378302688
4.87321579467367,0.929476889755431,17.267833137502,6.89272306787465,0.934417478231601,0.0612400975335667,1,-0.792580300325404,1.00460264115537,0.575970736725537,0.268491210878788,1.04864207086681,0.275004974335424,0.764737998937634,0.190951573785645,0.908441225651875,0.222172022804149,0.325109603445776,0.268795960324494
3.90814024617272,0.758334932407124,15.7012031299442,5.7803920606567,0.90652971928502,0.0696248403256903,1,-0.583024008165789,0.762073410801667,0.977606080119054,0.234844453734515,0.690290690223307,0.222708824477642,0.915775700981213,0.183454272658751,0.567336019101269,0.218173001045251,0.934646717150986,0.207332226207676
3.3330707970748,0.787464039876282,16.7472949328006,7.44116314015232,0.929492098420147,0.0508478765882876,1,-0.941790337432202,0.711651823727419,0.707106643830795,0.219540557188129,0.420752404301388,0.307143135947106,0.382424163837934,0.267597695625898,0.824227640969036,0.229969195780283,0.528839583980542,0.309642083108883
3.41286267016169,0.65833450217093,13.4359411202252,5.13734961622922,0.829382046858886,0.14047177563702,1,-0.163186631065123,0.529699486087235,0.77807563558144,0.182414438694164,0.242144566775196,0.241928649924408,0.616558376402297,0.23702299567469,0.621983170967087,0.218245685037995,0.557996856714295,0.191261819354392
3.22577731922826,0.596993188331776,10.2171574055188,3.54364360029408,0.937716162398581,0.0457238053370382,1,0.135454608262322,0.904633403417115,0.987941891139856,0.236817096905137,0.526133155278808,0.199792024588281,0.549386211280357,0.188612504358843,0.891438942032034,0.150294948093276,0.468483359059733,0.264829749624741
4.19911732490066,0.709683439092427,11.2261865737323,4.15151507590855,0.809937445074862,0.122117374732725,1,-0.248260377995596,0.585108306560584,0.15667192704917,0.336567224693283,1.00444356343421,0.170495367621199,0.716890968993444,0.259713880823464,0.527418660451355,0.271620454551935,0.789208915936294,0.211359433678582
6.03218204790895,1.34754355592976,23.6762264354801,11.2351092463022,0.942214067700597,0.0493216501837738,1,-1.54860008920402,1.20204544836333,1.44389146785277,0.338869421391887,0.656018553036811,0.316241249142013,0.887515777679001,0.296691942207411,1.19254129361393,0.218298777643601,0.834893446986714,0.251377826182987
4.6809620644214,0.712484460376835,14.1146979300811,4.98280361915296,0.840557729951084,0.151102551963703,1,1.29180713653025,0.702216882870865,0.134553295657962,0.39777219831603,0.396344191016518,0.308912152996337,0.392176929928519,0.271277741370407,0.727072564125128,0.181075113747677,0.97555370249749,0.191575052925862
3.59019207231656,0.731595982674086,22.0968863198163,7.94851324656465,0.283599410670199,0.536783879292173,1,0.414460231022174,0.58905894619669,0.493164800855694,0.243817067402227,0.545742787057705,0.265907881011642,0.995463843978466,0.186326133183319,0.581093130171336,0.193789445440877,0.777383396249241,0.18658946810036
4.33111904141552,0.718082033451091,21.8897692739683,6.84393133905182,-0.458474566057768,0.130183543281772,1,0.816299600600691,0.486960756867948,0.568312749421936,0.219298636448534,0.693712596111297,0.243946255444783,0.442768597330258,0.245923221333002,0.703203673422869,0.188052105772773,1.12224719559651,0.147316181594342
4.77992708154188,0.811354797123836,14.6124228479342,5.22596083838987,0.815196696526759,0.122741406317096,1,-0.11548529409507,0.544117335564676,0.661543112658925,0.232224650280237,0.796701416918188,0.17562087740452,1.04710053700166,0.222585143173482,0.528651177677271,0.247092256732323,1.09608191522183,0.218814046647978
3.00708067745835,0.723055261778049,18.5529945806724,7.70273070402954,0.873165144400201,0.0975061649116184,1,-0.626114062275851,0.631452334136413,0.312862220735373,0.235842934931325,0.580773019474464,0.204153687469351,0.968798410450053,0.193132028805679,0.149188340620094,0.406192427583631,0.46404413782055,0.360676043826582
5.01094701871907,1.02859632141377,26.7406582443626,11.3075609565064,0.920621614847266,0.0775901261063086,1,1.21559660054444,0.909852905063996,0.753108868889846,0.263985238379781,0.574087537192696,0.297127555893543,0.632302630033863,0.264040154748826,0.845602455075911,0.161195187357823,0.924731408817465,0.27703409664556
5.07874360146207,0.961916262552458,23.7577774001646,9.18936030924037,0.893963910018296,0.0733364927018769,1,-0.499415149913015,0.791907862118268,0.884057903137899,0.296831516972885,0.747928698627259,0.254094243929406,0.743268034812262,0.247279583051515,0.808488405712842,0.242351981586452,0.819979245703874,0.216371576873846
3.96987363864145,0.714878565558129,16.9212989447423,6.01199959684898,0.806574445443538,0.166295398246123,1,-1.34349702298685,0.570280923641807,0.797549118585219,0.200277528509595,0.697026826802246,0.170897933572955,0.686919926455078,0.212214258603383,0.663482130451277,0.211465786789457,0.41411756994204,0.295174810375297
3.40289638671321,0.627431941829342,14.1728494651713,5.12705748536915,0.696757327826804,0.245167478962094,1,0.042400932541307,0.463304509579415,0.658070854171292,0.169920608877626,0.590513552563558,0.219178052185262,0.711720550591063,0.212584000753496,0.677457639140615,0.259239199250168,0.685530181590558,0.270118795804092
4.07036249391413,0.738718209984782,13.5653837435673,5.03486894319468,0.805265384941035,0.154198235505772,1,-0.320292307004948,0.548651260412882,0.953206139338907,0.215473245437211,0.762945362427968,0.223609964672559,0.458942668541564,0.231490855058317,0.475770902452997,0.266029843238529,0.951559731933926,0.204256285387392
3.69780170168699,0.669794517600582,10.821323923635,3.81361858320934,0.92694265834153,0.043261799751953,1,0.445334560720484,0.670963071029087,0.620395194671654,0.294846538120812,0.657269230858928,0.201377483613313,0.867005768233542,0.202152969802199,0.517738602257798,0.242440231079384,0.844427836079033,0.172764879569096
5.10154311338423,0.969021366777376,23.3279534297758,9.19102538714859,0.80629515272169,0.242034798936975,1,0.595762022507547,0.693532055330928,0.84280510250739,0.204026134752293,0.387036535772261,0.311860966080245,0.771557579163824,0.232676953697112,0.815340404372193,0.243869948875734,0.884558652170563,0.254516562636003
3.05286867023649,0.607620596315721,10.9694479490799,4.35011056376164,0.924687730719291,0.0473695532749825,1,-0.59595671296561,0.674271486441032,0.546099201677919,0.294512937839531,0.324278675424876,0.298271081077314,0.595043898620655,0.20307135323962,0.943833194158274,0.220847820577618,0.626730940065213,0.199067292969554
5.2737681893317,0.98038978731087,16.7358632552401,7.06255348637151,0.908709178740682,0.0784780726825125,1,-0.73722878536467,0.888958420433378,0.507578926500613,0.339818166067353,0.875440823507501,0.166267916411947,1.06920779974449,0.15308535799776,0.616658242105411,0.209851615535756,0.497623372311825,0.261940889324413
3.90655632896788,0.716652687844494,15.2565537394265,5.57656954617747,0.882497202788152,0.0732873864423789,1,-0.177333833549931,0.626859276132728,0.735342845390569,0.196931676704252,0.502614420763356,0.222167739246771,0.562727262149498,0.215442335066273,0.844644607780263,0.199061208742505,0.766231002515704,0.205095171903599
3.07575011368076,0.667225122930596,14.0668596444907,5.41083401651919,0.921261273151513,0.0361212564437179,1,-1.62774162008532,0.591056500175386,0.983612931196312,0.191462109433433,0.632467675967777,0.233581350003571,1.01591824984048,0.175209652772835,0.668754766937718,0.199324844070868,0.616193008199926,0.276810027896828
3.48517747403238,0.683202874606402,11.2091962128532,4.41298942925372,0.9517549954677,0.0262393598947327,1,-0.616068995041225,0.836137854490928,0.837553091446098,0.166095453209969,0.803979073880045,0.259233175158454,0.760739521157953,0.249816579886839,0.803589521656828,0.199271427894601,0.418014329302236,0.213059009127275
3.21668964749397,0.8123931236408,17.5357337450279,7.8493209848849,0.899679009686304,0.0923649881460587,1,-0.620931074372322,1.1023271503684,1.04617901566583,0.260923814109224,0.629686802305526,0.29088814211461,0.339866290172268,0.283303604442178,0.422386680460861,0.356166233873594,0.651075099845072,0.271567291691735
3.11965974991089,0.710793971003868,21.5962855649433,8.17940356681422,0.828248850737867,0.125151424695768,1,-0.923395878604207,0.694817363944003,0.581928974160679,0.257519006666852,0.397427090349245,0.332399280388008,0.579890432822674,0.28817482817332,0.902105967520448,0.159454292197841,0.663215146755633,0.238184609854927
3.18292141735141,0.626763406007683,10.1888069751069,3.83591820550596,0.90370227683125,0.0584048143354094,1,-0.0446638088988634,0.91837101851538,0.573657282452716,0.367584541809864,0.440582656185796,0.285149711763531,0.728714251410223,0.249447635620617,0.39019980959093,0.19360694376812,0.91857250586013,0.171304313984731
3.45087003399612,0.744434772486836,20.1128812532219,7.49394169019412,-0.069712729685801,0.344867649991908,1,-0.0122373663585205,0.742533551412968,0.584140743925639,0.222757173499136,0.599619280721802,0.19066732319597,0.727034856836052,0.215039327071738,0.385581715368414,0.261002249370997,0.85910007664738,0.206836819846556
2.68758489027776,0.511409486878077,11.4571119487753,3.71834468687279,0.812049877370171,0.158376911933624,1,-0.521822423365417,0.522702659854356,0.571437893112216,0.179291300494695,0.619697063652016,0.172339236222557,0.60935587807508,0.186170412615545,0.332937655215451,0.235459977618464,0.819818576333521,0.191287326652254
4.44847490725367,0.728394068762599,14.2251705918328,5.31556357480539,0.736075954638242,0.288470567066441,1,0.933214820500139,0.469379962998623,0.627777438580863,0.194272200939864,0.894719605595673,0.164837593109182,0.535552703768028,0.195496315411553,0.394787194381254,0.250505521238198,0.910331574445372,0.232835895910656
3.57579482249309,0.770170395463384,24.4662509586454,9.05446557196314,0.839306620008224,0.195440695653705,1,0.805771717316845,0.639021979774053,0.597189370856303,0.272904046738341,0.329195616447795,0.303794885849013,1.03428808238929,0.177827296431812,0.902648673354875,0.178256562817423,0.477628370128777,0.201565832062853
5.45954327950637,1.00069593545532,21.8138938160294,9.24877496421476,0.938363615542334,0.0496982119270603,1,1.00531718543492,0.949046224319484,1.02695804557796,0.209481516631568,0.373925211815931,0.270195166701235,0.913391509558646,0.217560367054148,1.20052327991792,0.226605047193159,0.815675639209806,0.282962500864944
5.76553472304761,1.36799133894095,30.1513835647613,14.305320078578,0.929036165640675,0.0446302804318661,1,-0.281461638023803,0.825448321483439,0.866610951144936,0.22942196433674,0.968377416738216,0.350994593649401,0.714334803645067,0.332199616071956,1.09614904055182,0.236933314237761,0.637720236214473,0.275483086031958
3.28662045475096,0.605758607956843,8.59512977257404,3.25269876885312,0.901799519418356,0.0688018412753626,1,-0.259555067954643,0.615124586671707,0.70674971392015,0.264678567371128,0.804784792009344,0.1577417187742,0.553357546799562,0.225631226465988,0.570130867271669,0.218218479571576,0.528799213953996,0.213167173460323
4.11106542016152,0.752092624924698,19.7547181105853,7.02265566838042,0.784261643839068,0.187454027087207,1,-0.321000574187036,0.535126703506492,0.873488440253719,0.212189315554941,0.550245081027677,0.28997981814105,0.779192076972815,0.233664558899705,-0.025362490892981,0.283835155792196,0.530569522661082,0.191466516198923
3.12298545722274,0.598908718430532,14.4774265169087,5.20946074723858,0.915290404598159,0.0599356257894465,1,-1.04829181409169,0.739133018450642,0.954902969048594,0.182986127853458,0.703999481176956,0.290265460109887,0.384369531382371,0.252968418446023,1.07407515535342,0.150631637159594,0.607374735647229,0.2223600960374
3.12974399799378,0.4821460876457,5.80574769240232,1.93586542310441,0.927770841649944,0.0395058565138624,1,-0.73074614229604,0.734593086297533,0.989888695237445,0.167391834579732,0.415848353521582,0.276406799192639,0.242595678008025,0.290516360896592,0.864667001834809,0.142980202492394,0.618782914470499,0.16578970212923
4.59996345537176,0.842635261321038,16.9904448115854,6.66162709116647,0.791222464757604,0.143161017158339,1,0.934169102485839,0.571022316978968,0.494354336362146,0.284708732883751,0.811027620899526,0.201589720788222,0.382477125031725,0.292089750846191,0.739695799577366,0.176457456022592,0.573563268435568,0.286318197703478
3.99208034366489,0.882146754850698,24.2900623002947,10.1901432849883,0.917702303300149,0.0371525169532185,1,0.327315584291599,0.658907588658733,0.648981755561799,0.267570727660498,0.64621600106528,0.233886559540889,0.770013571147068,0.20447784534087,0.871243709360131,0.249639586816564,0.652385736170867,0.348763542773318
3.57861590358836,0.62434121266685,11.8063656802374,3.98245674245372,0.734153883144232,0.270793054729237,1,0.28523122194513,0.608779618115745,0.569315723799128,0.214694726889286,0.162265725074798,0.256854744857147,0.520506661826206,0.241451393641223,0.571894572342062,0.172119401001929,0.705488782154397,0.195142044795216
4.28765882547272,0.733750064847235,22.4894618528551,7.96741278820805,0.782874933196545,0.171399795044454,1,0.323598359424477,0.461393559549368,0.685917677582998,0.236994656534486,0.231300215576726,0.285554727199354,1.01463114362345,0.141969420093243,0.489370882101244,0.245517329194768,0.639742923148777,0.253825186803971
3.99626922156428,0.707351025244548,12.0080568731836,4.28511917490161,0.849464241923403,0.108294758644847,1,-0.339585605744017,0.681768661925798,0.530400274908784,0.29985122251967,0.448408706400032,0.187000957132867,0.641309314110621,0.198404810120508,0.643759423349514,0.190683468939075,0.849092852597887,0.225746204297352
3.63639219483708,0.586215409020868,10.6416040616119,3.82161092552137,0.910511001951125,0.0626241104220671,1,-0.0755673498474998,0.645924489690861,0.744168003813377,0.222131043619413,0.561270394285395,0.173857496916679,0.474882656041648,0.175793350084609,0.804880566856018,0.212633411386743,0.608646916911578,0.244098613447878
6.06768390082099,1.3716594256875,37.7479973306473,16.618072472611,0.898024998330204,0.100854814240124,1,1.93991395320359,0.960050068935053,0.624727650750926,0.325515871721279,1.07208427834128,0.26441522556076,1.21756449329939,0.254919950815837,0.754840066268721,0.232049155827007,0.913617359322997,0.278247614076936
5.02646584699696,0.95027170226546,20.1705914474499,8.28674157895943,0.916101770181748,0.0660337627446319,1,1.11464675774545,0.806627421396246,0.290144863213176,0.370479506331941,0.851087336573065,0.231190445554138,0.720242551775856,0.204920256762519,1.03557897092985,0.217495846758785,0.656767883775075,0.263705227712086
3.03831931939721,0.619696704442842,10.5998037274901,3.95358810690458,0.937944166762982,0.0489149379067297,1,1.25118113443628,0.856967362031794,0.731492797207924,0.228015687430563,0.174303483873245,0.26815853667654,0.399342688110052,0.279473629090647,0.537539970668181,0.236727424975866,0.785854099774509,0.20391498264437
3.48833944854289,0.554212732119736,12.3183721593324,4.10664141977011,0.942615733510031,0.0402728025248274,1,0.692516625424623,0.745004072220541,0.680289423057581,0.223035983626912,0.65762316322104,0.223922945743924,0.759618040074148,0.16134622449539,0.531035988816973,0.231844651552797,0.808821028597893,0.194567741688725
2.39495249467926,0.584646446421167,11.8205167282222,4.75649381231853,0.784558096508541,0.207094603707985,1,-0.139544146142222,0.442777413178921,0.56871937830081,0.149796358622279,0.567120800495602,0.228965972233035,0.0819989753337163,0.24004713321414,0.251605286699577,0.272958272414196,0.19884829242633,0.257535086220307
3.13424671184892,0.629376690056086,16.9483645127358,6.02873420657801,0.586627079015735,0.353667974790344,1,-0.0358168465300867,0.430901578328304,0.650439851832564,0.208616159163902,0.810269549731963,0.157020381375052,0.658316403828501,0.255861363752673,0.937356587244858,0.159345026777653,0.345141936663083,0.288395155568094
3.25699437829426,0.679084751428371,15.3006442237991,5.7386087589942,0.905859403224166,0.0718297531931199,1,-1.12983242727567,0.668756353177853,0.738739389804874,0.246871579133879,0.838078329676121,0.179197239493223,0.362119105219405,0.238981508091293,0.892726736952432,0.183382441407115,0.64999364315244,0.201862440397391
4.05878548154555,0.837509935696075,28.1294139541111,10.9097092178494,0.765174253261544,0.231921319020101,1,0.192371347330392,0.70718029133273,0.590391018870906,0.220048146510292,0.8672131355155,0.251316783948436,0.443067788762712,0.283335776987172,0.711557574960728,0.213666671446479,0.693102836343761,0.209801069384238
3.03012914016895,0.531363833139614,10.4282564430274,3.35275963570215,0.720980961835063,0.342685316731988,1,-0.403387917317793,0.613966386363446,0.660676652148995,0.239671599883442,0.476386355626233,0.233001711848294,0.31692094483174,0.246701138425553,0.52170057117955,0.195509567910062,0.456093674138435,0.193435875412376
3.26846568786835,0.584656966327404,11.3684510509783,4.1115069547135,0.933998933913857,0.0419257997301912,1,-0.173726293445662,0.749957559775348,0.641539082135256,0.178560921310246,0.681398870493145,0.207835746495303,0.6584599591951,0.182173953377185,0.885857446660605,0.145929307913627,0.517083890970924,0.265861255086075
3.51411029721555,0.636497808524788,11.0259662773088,3.9463343553304,0.828251729601118,0.105086912859384,1,-0.298754762215863,0.619395805685259,0.753459089790082,0.198758063305481,0.419395067901271,0.243590936031997,0.693474947757449,0.252956692944038,0.889220699994064,0.12471365333636,0.421414238649555,0.202043175078073
5.18065226107947,0.876191858445487,23.3764317190682,8.02545695810343,0.733887728773135,0.133545439803165,1,0.642916180387334,0.512472435199091,-0.0779544953259686,0.414383682867508,0.940655364130774,0.234360438494051,0.808631831259553,0.155910912282698,0.606150501663636,0.209701312592341,0.966376630725953,0.207323487216247
5.83430630890741,0.9761968061079,19.4779082370716,6.92197551935896,0.908238339903628,0.0687186032561475,1,0.660137482459185,0.686705123627776,0.814603423485164,0.304780074196753,0.513024198810915,0.300887207055364,0.857155716330376,0.203537404343834,0.757267883039229,0.230996711149609,0.925283840569464,0.190559073714455
3.4636275626402,0.672536806520034,23.1605260577859,7.75303059351749,0.437705516263822,0.555540603583095,1,-0.944565733398995,0.578666371038508,0.511590837545584,0.273730561994049,0.830754384340159,0.193313230126174,0.691413616057319,0.185102630270286,1.00527863202683,0.158228303793986,0.537360801837891,0.235030500034636
3.12097576241913,0.709819587056612,14.4982444049827,6.520622499967,0.935525332640379,0.0497928575693318,1,-0.902560450499689,0.887224128298045,0.506669555581622,0.234275717806866,0.656054718477683,0.225481104485285,0.708945151556735,0.266785851501312,0.730596325270965,0.26919066002347,0.20377510122245,0.350295722629064
4.55119349307404,0.90400434036993,22.3837567106615,9.28263888108948,0.842191344048096,0.126483724172741,1,0.48391409965142,0.579052891771835,0.643660222060016,0.161057458338975,0.633544075219392,0.264015198537103,0.734952916073845,0.273905889844332,0.667535206871405,0.208600913386764,0.648333691049851,0.261564242575174
3.56787577000316,0.545151626985863,10.1240959191725,3.26219899067153,0.843221709625253,0.114709889898166,1,0.669770024403096,0.558597457449842,0.67710611489741,0.208817572156569,0.652129254010535,0.200239239431228,0.910318917838506,0.208555269014561,0.190813253071769,0.266904900200974,0.787371328505716,0.174778229055267
5.35105146607703,1.04852019744081,21.8758596777009,8.8857774596735,0.947946307565167,0.0289592722834132,1,0.525331089244105,0.971234926306488,0.15308350984355,0.402809542915974,0.824086226795827,0.313140477151305,1.03951362435263,0.183806117029795,0.651852179311471,0.247653253786462,0.61963780529745,0.221753263208867
5.42558048998124,0.881558428954701,15.3142362346533,5.85208423245242,0.934718442736934,0.0428217413576188,1,0.420828318240787,0.861283392205397,0.445875109789661,0.316552892454768,1.09718046986795,0.171400472310515,0.309990133496489,0.204535316459391,0.842025425675946,0.157123839670996,0.800687805273063,0.207065727934299
5.28815963101439,1.15222830971981,28.8208319595064,13.065542499386,0.948763862545866,0.0401087189805792,1,0.383682273947116,0.934749163730235,1.15466773839724,0.2717113508404,0.88396592806327,0.201489246318571,1.01613730041281,0.220939992693149,1.11283381235828,0.280776122102551,1.12304375567619,0.348465713037348
3.63055492778055,0.715660995613753,18.1165892770042,6.32568543098301,0.844158336092575,0.0991548978526973,1,-0.178810544929222,0.64802006496803,0.360625184077947,0.260156051345966,0.874475724148436,0.175517774848973,0.758507166120704,0.20128728814508,0.404995571784951,0.243060484219588,0.72237334685342,0.198441053505816
3.73385231995598,0.740686135382213,19.5559391000434,7.41953112174049,0.865420859289453,0.113623342248892,1,0.102463983412148,0.678673684493383,0.407835392934005,0.290713581843224,0.66020204934063,0.177380788381451,0.587545507371067,0.231777269939456,0.550022650321622,0.234537616748973,0.937875054784004,0.182785569128075
3.474659448641,0.62274107494575,12.6524258624761,4.79954979078025,0.937093034144018,0.0432309472302718,1,-0.731004010908301,0.884601374177335,0.787243786559349,0.230494818422386,0.741754838803827,0.194251897915601,0.717031663015347,0.172225582554731,0.747801457679447,0.178034479393149,0.758331625225493,0.229498726424794
3.32838869112906,0.579060490695621,10.9255396971783,3.70957488774911,0.828166200960444,0.138160612108076,1,-0.48896691666551,0.569361914112282,0.460149326870058,0.24808189931804,0.456920898403567,0.27214955911252,0.742609416930048,0.180378651876576,0.949310958557042,0.168027384801124,0.676703625128768,0.19091311195034
3.64536497554282,0.60072809548696,9.84367500484082,3.66425027634523,0.931124453919929,0.0558930455796976,1,1.02631128267522,0.831264894345511,0.169381299163936,0.369843969588555,0.846458891916658,0.278949707743876,0.600440971426574,0.232603426081182,0.986383144681949,0.124204400405923,0.447639916654703,0.164628856444365
4.21474148178458,0.673648750248453,16.5387649921761,5.14737783561836,0.824473476190815,0.133439601597276,1,0.0654859608087208,0.51898581321629,0.537689877425532,0.191638478018937,0.740767017162007,0.139508187877678,0.66496340809436,0.150760761931068,0.783563670292021,0.169241035661976,0.686493659883725,0.203914036605785
4.64670191760422,0.938894476687172,14.5599202116892,6.23369696042278,0.939390578954254,0.0396701303920341,1,0.887502983028833,0.704681697401335,0.853874009469927,0.277047576199931,0.858269311604078,0.197276919368192,0.801856295169679,0.194401709414021,0.813906062931509,0.282090842629232,0.733058132660104,0.292940221701488
4.37598891588924,0.91419683284073,24.7708196798039,10.3491034218398,0.870634741417601,0.098363949929128,1,1.11595758950306,0.735423880535837,0.958903650836272,0.223780459339938,0.353827005243508,0.266873924423751,0.828306839377548,0.23577347633059,0.58327072399544,0.298209639389834,0.450297320526661,0.31448003682309
3.74660623776414,0.66884089454717,14.4682931366602,5.26205220774477,0.922023227813876,0.0397426009762251,1,-0.237153376426512,0.600084331468831,0.625065219607801,0.218750368223641,0.589891417899723,0.223408396938711,0.720947112173116,0.177782301632539,0.896293309859702,0.240059366946308,0.670180044010948,0.184415321398381
3.54153966511654,0.595547671396904,8.85920488174515,3.00960419496398,0.90358977474349,0.0711714780309641,1,-0.105759808438657,0.776590021415258,0.663563963274921,0.244746241652723,0.86276130654817,0.212651454951056,0.768665958805272,0.176052173156705,0.556678248935938,0.171165841415548,0.727529069820477,0.205524378157399
4.00477298853961,0.717787783604991,14.8549096210518,5.24851854612628,0.919371567238856,0.041116314460615,1,0.366648348752794,0.607396265019492,0.611924532739527,0.192477483986533,0.468977523590403,0.259564550807552,0.881953132515292,0.235676377451174,1.07462060700683,0.174109503367536,0.812210825037683,0.192753246459419
3.89988618850999,0.706944989853622,8.53904866254863,3.34447669927454,0.940089016706559,0.0329967166810642,1,-1.0809617977629,0.78699082409187,0.917997321685123,0.210052942895423,0.0329264189361312,0.294289529659598,1.17946145925278,0.184516527693814,0.630768462390934,0.207440658058648,0.53115077368807,0.203068368621989
3.89543298758657,0.715217844494853,12.8901762256072,4.78227987856107,0.697937306735256,0.498358897912143,1,0.0193544282258116,0.570461745328253,0.917860049591961,0.175649946176128,0.459122520022375,0.394030278384496,0.545536124059975,0.214639246000792,0.729804080250694,0.179397308182868,0.71731093634002,0.183171253965248
3.46664131348158,0.712638815156187,20.4203138526888,7.03004955256132,0.629219331041089,0.321298901585857,1,-0.267136877537635,0.527176358081968,0.514150829970099,0.174078126120207,0.332927958473149,0.232572856104881,0.630212408161514,0.229484801369435,0.381396377335629,0.228731666762448,0.513823742784217,0.22191972851243
5.13338068009084,1.16810979855805,13.0757847666198,6.76479380666799,0.953509814628756,0.0360530867147299,1,-0.213988001004231,0.927621444394664,0.836228343162916,0.19526507550181,0.882947309466665,0.253221827063732,0.660375264003944,0.289046377988991,0.570793138599319,0.273288660909364,0.536416552392874,0.266461626138112
4.05286389525526,0.65246329046237,12.0283646788299,4.11999033092257,0.545976079241301,0.526417580415858,1,0.384155878563715,0.510104949829887,0.727367385769641,0.186646325944588,0.481869712853966,0.231681055033093,0.715556685311928,0.239461499429274,0.713465282267541,0.184642190763477,0.437270720589284,0.232362653053246
3.65557737329867,0.667079647718969,9.58131792214396,3.85092203237771,0.94299122155049,0.0316557717110602,1,-1.07791784810041,0.752071749675052,0.717778101350628,0.167866624069517,1.06430701009843,0.195949015601992,0.693607348917837,0.218562437977597,0.870457954191227,0.204783730410743,0.310571873444269,0.291238964929279
3.81949513894071,0.812791955423248,13.629318482392,6.07518174879827,0.946695831344733,0.0528415571397182,1,-0.103168257023534,0.922441452310771,0.876615217973329,0.163185541147061,0.806718377048441,0.316415664358442,0.394635076816525,0.33758017376831,0.81679517788731,0.262334401895133,0.701297836232801,0.220444332520155
5.22567555462139,0.979967398804304,22.8957922543825,8.57041096537359,0.886413240127651,0.0787367624163333,1,-0.929863574799227,0.755689212656601,0.929550605474362,0.267905228025088,1.03828154971399,0.226017410311189,0.732114643994986,0.243615480975147,0.429459261055502,0.26466863166784,1.09676018847125,0.225583770620443
4.60109898910601,0.70540737875011,12.7793171778243,4.1733774763703,0.777700007410139,0.19072825320965,1,0.773781005814461,0.754789475333163,0.439841115187104,0.334429727762673,0.475056106564099,0.228153650268729,0.864651696179866,0.207527647189368,0.472016479574234,0.219834629492354,0.918564863455918,0.182012213284867
3.27981453795473,0.552829817216301,12.002296156977,4.01131111527419,0.841163801925896,0.103664147750661,1,-1.15227689093612,0.508377087029193,0.987448846610463,0.154702428145338,0.657203324703975,0.171758839457521,0.175789825510699,0.237221983102739,0.350497750669589,0.260517132862541,0.763767179185808,0.177378481875249
3.6863489166883,0.85008454851804,19.0122964517425,8.18279894803388,0.872069542128786,0.0731663322120222,1,-0.373936850108063,0.596235842398739,1.00775907857839,0.159000878396944,0.664254665776292,0.249472142153483,0.95584830726498,0.249889082292657,0.616036901820193,0.247301509652753,0.406308773972504,0.312244729536884
3.76505792963037,0.660753569692404,12.2982484753741,4.40408141238407,0.92220618914671,0.0541880606423926,1,-0.142728107415954,0.687716422102439,0.65410090850238,0.239871730391283,0.536906994841605,0.237749794522053,0.565771560581471,0.246652008950727,0.727115989624259,0.186033282754714,0.381110163731869,0.213189247224912
5.37162846815385,0.976930347704756,27.0185267907424,10.2751503159983,0.885352267114941,0.0754129552137709,1,1.52919527176668,0.652201086281954,0.454558211823275,0.221329573250846,0.460448206714305,0.369013152729178,0.886683190236167,0.230529594340919,0.654279448477169,0.195676335235294,0.781859782883105,0.245202806300443
5.02408895932591,1.13244755051035,35.3258696291543,15.2332807327617,0.937361391882829,0.0440352206971968,1,-0.304240802582544,0.866850404994758,1.16754803198254,0.268503965532776,0.700808530165732,0.319129297653444,1.14404828650008,0.236283687844434,0.650420852247724,0.328221822835242,1.25282180135843,0.221595256463717
3.88107993733008,0.734124686912107,10.5615552225992,4.0207211440724,0.916890756176375,0.067547048927808,1,-0.0289221086684082,0.733579761815092,0.399637048240354,0.322266495168148,0.435849373198838,0.266232950419583,0.52276643682656,0.243560325865375,0.997854275170871,0.187573106923804,0.592047280993179,0.169142331577315
4.93439517318621,0.877982107539462,26.6282177664497,9.35600232682286,0.591406618367996,0.24030092617304,1,0.0982187095033001,0.482416310327547,0.622883940374454,0.195940645379455,0.516095670562372,0.25399351242823,0.851638270756031,0.222966467456852,1.00720967416122,0.193611061482416,1.07396112230747,0.206999313607536
4.29334872337139,0.762980647011101,17.6041104174056,6.55056892881982,0.878912374427075,0.06775579073534,1,1.25279267423727,0.635043107346268,0.714231844281991,0.179950793724099,0.663717180732144,0.208565006147359,0.95404334103143,0.168313640778609,0.31539471549128,0.297478054318075,0.496298872027234,0.303039272677769
2.70772773837327,0.622074768082947,13.5664945806395,5.25898906142668,0.838990584633216,0.103562172677927,1,0.324259529451068,0.621521378635895,0.238677312210161,0.325007194302837,0.12639949401706,0.316830303541536,0.690294868839451,0.202287036662622,0.731189066582794,0.178611060931362,0.489618915547488,0.207752061769498
4.13448643766943,0.972031467798475,16.6998824547338,8.28600689404558,0.951982651141645,0.0355031842311226,1,-0.318459778800022,0.906083347350304,0.819382713005845,0.186762304032061,0.744699558502737,0.167134388511585,0.683878098504503,0.256628263788073,0.142564326307464,0.358456372795646,0.35322366917415,0.321406371043654
4.10784643750527,0.687019794495311,12.3918020136097,4.49505379599392,0.880758268424526,0.121231474852994,1,-1.00113794014039,0.764996797973273,1.17448978562106,0.199102731071175,0.559864246208681,0.207190878183684,0.874273632497617,0.237768567222183,0.468379582008146,0.326367930426186,0.969290508497588,0.204840945858157
3.9205271807377,0.70336921080053,12.8318283440069,4.97123348045592,0.870079371776528,0.0844222935457897,1,0.0471712568209914,0.599313237286157,0.805915330793714,0.145690501294712,0.611210090579464,0.225099797824345,0.53103562788662,0.268645471131323,0.658068561139199,0.209788284184224,0.964404486586864,0.245152960710174
4.68009889615,0.975934785367257,17.4261010845479,7.46230138281222,0.921524732930022,0.0627435238301451,1,0.453859035663602,0.751105155131421,0.520789018580985,0.294592613954546,0.645993861291956,0.233754485052471,0.704800832688787,0.18129479285582,0.760169526345179,0.285754815726227,0.44799196432829,0.267151134156166
5.1916115831569,0.831669444224165,23.1670218764155,8.11151149510646,0.509845265061131,0.464326449580293,1,1.59822538882313,0.611690585591722,0.23445461513805,0.343883668172816,0.775271855299144,0.211552963997935,0.761489520550792,0.197717500099676,0.756064507987394,0.180565127759175,0.745470316200753,0.170936957101491
4.59253365067093,0.840490392014792,20.2113460754466,7.64553853470026,0.974231152780265,0.0152270676904809,1,0.278680461014032,1.11494358746414,0.785805646809071,0.264230810696233,0.813982635903229,0.25029617286563,0.946588731124079,0.174056943388267,0.429046013982933,0.277226234787035,1.26403590908484,0.161424713185125
2.90547589732621,0.64456908079229,19.3743141014238,7.10802050983982,0.574425143954441,0.425198257934305,1,0.558877518419948,0.593228921224172,0.399257164537622,0.259098308710029,0.79394310509209,0.240793610593719,0.532226683921235,0.19467092120741,0.824271962591897,0.208427688193206,0.853962585187345,0.207268430540143
4.69264072236232,0.831632720050869,13.3889836407338,5.49191430221153,0.936504914809402,0.0434713827018508,1,-0.323258679205835,0.947617622248125,0.837764046391215,0.293055268312792,0.827698484094659,0.212192879636696,0.659894800920715,0.188685827689579,0.779803531692681,0.205170633883078,0.867348196587607,0.265353984415875
3.2931283619859,0.56288852192255,11.6493709986186,3.86301841682222,0.905182909858828,0.0625557738093534,1,0.440904141038995,0.607156653018602,0.53796172855265,0.205397713872557,0.221533030831811,0.235694789804739,0.364207876040385,0.220070384339657,0.637887802929477,0.203281148443428,0.825770881046982,0.188003371475952
4.50812535257803,1.02521136328667,23.2893502187795,10.7371756863793,0.945400666619585,0.0344004177004823,1,0.0881170614829078,0.898094082429117,0.596279980222657,0.268304905670531,0.80902394277395,0.274696799816561,0.92469976678114,0.233990797137113,0.491098962204165,0.327784797894637,0.865688287820434,0.274877143468738
5.38052391251376,0.809305114639201,21.7885741820551,6.90296944761669,0.629144099240271,0.39126787711693,1,0.945193420500871,0.497249202300478,0.714503644707442,0.281427514493415,0.836191537540455,0.271180200298496,0.775637619765313,0.211829947976557,0.920215273444292,0.150499000592132,0.797233184961036,0.2160845378928
5.33987866970876,1.14076516716351,41.2042072571536,16.6810354553906,0.530483701432542,0.591021332775014,1,1.62015122185049,0.736967442770053,0.557753208903352,0.387603800165765,0.4807999079465,0.272734109182766,0.531023294848246,0.292475455488231,0.82530278030515,0.192390267772593,0.790314113547228,0.224224658949569
3.34046235867225,0.770461148766299,22.6179164257173,9.3838472486434,0.917810208918303,0.0481115275179807,1,0.686859156206662,0.761481042257959,0.983317455506485,0.167321959676185,0.839497830725934,0.19119499651874,1.02430783270704,0.201918308077811,0.663977746541501,0.303829366259921,0.751059016806984,0.285477854131197
3.60416941776275,0.662221407995953,7.9869057290995,3.07235157899518,0.853144077119811,0.123611959909809,1,-0.672174076828127,0.618234792840571,0.546350582554547,0.271277073514694,0.78684119961328,0.142097722821621,0.454178881769038,0.222108350493292,0.648762964764312,0.204871198323828,0.306911265012313,0.243860003469027
3.18681862977365,0.605339140337367,10.3258446288043,3.91370603117309,0.163349634889463,0.436784463921487,1,-0.159993214521124,0.665422210150607,0.660447712000537,0.239036513129697,0.496306878992141,0.25864893531082,0.526006437568459,0.205315328793788,0.303389328129612,0.225944700599562,0.627355057608135,0.205424626560199
4.43168530270817,0.611845112636213,14.234446332455,4.38912537557159,0.537157749484981,0.449025874388477,1,-0.0485792416601318,0.437859244565047,0.817594480246856,0.183876978116053,0.444657093714128,0.20448091806233,0.617485448939989,0.20307743435037,0.724066117177637,0.213576898897501,0.788591008054785,0.18020036908716
4.11504966567142,0.918624827385758,21.2852158246731,9.40068576466231,0.903680775786478,0.0760187617304492,1,-0.591834109506232,0.772522377470765,0.72060423170566,0.282000772781976,0.789223673047708,0.237878484166131,0.925159552689986,0.169051257672122,0.711974606009323,0.281502527304295,0.341532147816768,0.33515046861381
4.43683087670486,0.907279294867505,24.3288906924012,9.112872031166,0.70708985123437,0.411537796084761,1,0.00331695703633059,0.680557544609126,0.561006829170667,0.223926316721267,0.688845030167506,0.234612608346083,0.731455040044469,0.279074144306899,0.854210673454653,0.173562730238548,0.536373504054074,0.230666306017404
4.03215619022768,0.767900873853912,17.3299357572968,6.50362049391767,0.898372312193837,0.0604372791919564,1,-0.633700698190618,0.676064334853044,0.630731397416074,0.186419062214771,0.8329066250382,0.241053135582778,0.351039032650772,0.284574114838311,0.866233553306433,0.209424296858068,0.634922765094542,0.226299375145191
4.56452397569195,0.810299645967028,17.2265658347499,6.46499143596641,0.910610595466453,0.0603605529740254,1,0.557719177467795,0.682784345180943,0.826692455155974,0.147614307980055,0.605114073875019,0.254837473666187,0.385845264699093,0.296902787720901,0.464369420248521,0.275397866403607,1.20313400144013,0.194120653526528
5.59256431413999,0.994468122494464,21.3421759412268,7.80253233706934,0.802196641470526,0.168672526862995,1,1.37553081227429,0.680658797768678,0.631884025066692,0.219657250626476,0.600167333443263,0.209541525473615,0.88080330294823,0.179275814823081,0.759124041205207,0.264254401162947,0.8472747926945,0.273475790369449
4.86815891569514,0.799196612474078,17.394478434101,6.4438059370906,0.897843677651378,0.0508319139541805,1,1.47077233096454,0.610875809314207,0.402705569176243,0.270931471443075,0.717435960202098,0.22952011126417,0.410247546549427,0.307767075410154,0.28122061133458,0.321392026423117,1.11343712557034,0.185516746851092
3.95358362613871,0.976468469060961,32.057316324851,14.3370088515818,0.915678931822171,0.050021544474496,1,1.11349755178328,0.862470505314924,0.409580834751079,0.249830243389499,0.395122883931529,0.250168906193185,0.353539381689167,0.281680806321615,0.94775692079734,0.259316948481625,0.714836658253585,0.314411137453601
3.05804578370888,0.487816513501893,9.1231444580176,2.86739247843662,0.760015885499878,0.182524640988841,1,0.31502891877076,0.442833354077046,0.605238081327807,0.180432562616115,0.213118109815772,0.234155825447475,0.622934493743946,0.178115143545735,0.464654798890118,0.195776346854215,0.410570044294079,0.194371200429617
3.68064879528441,0.624878292508367,13.6586616393706,4.70533731875028,0.881577661995249,0.0716764383013921,1,1.39118073226812,0.555052678224544,0.591522179746054,0.188616690514076,0.394692929243901,0.195151430795735,0.643228769379987,0.185926903850637,0.526053269327692,0.1948114055654,0.840866260644709,0.218855285653343
3.98370888335124,0.606188058804604,14.4208699358565,4.28922349010325,0.814750873270722,0.111944656996189,1,0.570697641842518,0.48419650889739,0.257387914560411,0.242159871092652,0.706111257049806,0.175755764774023,0.421960190544109,0.23325898273105,0.437325185818695,0.222642621340093,0.905932330510822,0.170315272373934
3.25599804735959,0.708707759737958,17.6423023249489,6.96221089333794,0.794189803387766,0.145516717277884,1,0.0849248069075534,0.49504757692102,0.52822717326836,0.226663341793887,0.574651985971172,0.224092021500875,0.595705786592505,0.239912191929023,0.579585487121685,0.312965917172023,0.315977001444434,0.241108277852332
3.45731116545914,0.663098706166713,12.5735217669215,4.65679892378054,0.809153278682724,0.0900901859226178,1,0.770168785681138,0.518862974968936,0.27355618963301,0.224657767450978,0.624730891069233,0.227195672399287,0.633986030025079,0.207410404779753,0.56484144865229,0.22487518853154,0.820424974727869,0.278212651219958
5.0005727488884,1.21592170964685,22.3147607658676,10.9446536599344,-0.00120190678239437,0.488331712157863,1,0.257558591115513,0.873272186200834,0.727086330406137,0.276711006766842,0.813781496690225,0.377735342442173,0.291243146440281,0.399437162648663,0.798288441292821,0.265925378130527,0.832362317326644,0.234330064921693
4.86086517606923,1.01085316799329,28.3696704645221,12.0293170673927,0.946581276757926,0.0480944052521536,1,1.08219878509794,0.962104314168281,0.464028601885904,0.330419467344029,0.876280840828332,0.337869781041344,0.891307472771124,0.265022856746662,0.990369914514269,0.180286086868395,0.976495478431956,0.232516384577153
4.04267429967731,0.772919104326628,13.4251230989338,5.72569970078789,0.946104562739401,0.0418428609243044,1,-0.289176988799569,0.90367148750147,0.557913840923986,0.312615500056518,0.65196905339533,0.254454949723542,0.820404593603953,0.173603705569783,0.740619714878856,0.223132637144511,0.0960133912830039,0.338659955587995
4.0693503519252,0.816804810204896,23.5476928648567,8.72935567960962,0.842054513832999,0.101371528933598,1,-0.873203442004925,0.56017978531549,0.963527044868338,0.134880135702651,0.611194976192716,0.220851505002722,0.765953832035994,0.208960342194326,0.770660536977156,0.260460755613011,0.601938986587555,0.199508529416861
3.52223835233733,0.622351050393824,10.9667721036441,3.93137605954019,0.941581783107546,0.040156146145134,1,-0.639951156251844,0.884480536122606,0.752627621403173,0.300983908112767,0.679136733288734,0.202954539119127,0.737978688787155,0.214387924578348,0.929948867945792,0.169669688657421,0.53647375164435,0.171804702532224
3.66086685220724,0.859597142257138,25.2451386813293,9.75383789111114,0.893695990890836,0.0823502235901753,1,-0.0697638607240967,0.720755106573264,0.954671516978489,0.215606640458742,0.486404541066191,0.286007026460286,0.950963568641773,0.192412959753043,0.225446434770517,0.356314359906683,0.731924384459341,0.283040447109437
4.42059893372163,0.84910707190372,16.3670065978079,6.63397849340048,0.901865940484079,0.0606757704727457,1,0.232247207935523,0.58899432991263,0.760018921091254,0.178600710014845,0.376455819174011,0.282013935715594,0.613844408807923,0.245101106234673,1.06422518590284,0.209571824927539,0.196765566315495,0.316503688386256
3.61675945017992,0.698161007844488,15.6058339826176,5.4103618436448,0.865633100732078,0.084495494819246,1,-0.901421508172004,0.697828379439434,0.774607597605554,0.170097949892361,0.767770481043299,0.196324195746484,0.801627603662056,0.230839888159214,0.360777471934113,0.22925163770965,0.853089364394524,0.200156339077168
2.99450361514448,0.504027571573328,11.3651690159155,3.58107862897502,0.837481954730897,0.103001120693649,1,-0.409587306166273,0.644838718877107,0.623432038490114,0.275042855406752,0.830291510673662,0.184238085175776,0.768420355828722,0.134874497766422,0.635146560334497,0.178214746574677,0.738668424042427,0.21840802345059
4.0706956841468,0.84736122557982,19.3538155756784,8.33907495155308,0.918207307233947,0.0831135521092669,1,-0.334902518898705,0.789057671733908,0.941731167948932,0.226575229554755,0.369300076544282,0.327260570793377,0.778537482547928,0.334101449736357,0.510301169803511,0.277873359940733,0.919554563379334,0.218884072630065
4.89309768464721,1.0402325577321,17.6288242564422,7.4322086507668,0.918426163755804,0.074592071083188,1,0.139350563744416,0.944020011871603,0.617644029331571,0.348138987578663,0.539490988348441,0.302014235771729,0.959470481621659,0.222857998847293,0.130426292993352,0.343405824877923,0.86594993174273,0.202135524867854
4.63536876760193,0.827918218205436,18.7480964094958,6.8881923779543,0.725281714620978,0.310267917033411,1,0.792173225495179,0.59276705538686,0.2363273910501,0.352967912458151,0.746597738140617,0.239516371762107,0.300923524701171,0.249309895954664,0.74919695370852,0.184672525063946,0.594324098650002,0.226439957380593
4.73279510529409,0.727505823397221,24.6436834785469,7.77965648363677,0.852482997711568,0.0925488194099123,1,-0.546313365347376,0.538849709495327,0.549150865112707,0.25295353030536,0.843776997595744,0.180571624966038,1.08254822835909,0.169901792935117,0.431566191311436,0.27808274024202,0.96760476466003,0.19459853718121
2.98879172031847,0.487528649764862,6.95114945079766,2.26598724689827,0.721015968841954,0.28190971230309,1,0.181516313967908,0.448923463468119,0.310979370666084,0.273787813357825,0.401710330179781,0.196643022372849,0.786767787926185,0.19725656968995,0.219544567960498,0.239660616570075,0.54945186582283,0.189767530974305
5.41795826956951,0.983995651721517,13.103171550958,5.56316194153767,0.891197103227068,0.0769842216560758,1,-0.659090934718846,0.825667008043865,0.444440356990463,0.325451360171088,0.914446849898007,0.218133960379173,0.681452435831408,0.175133077267836,0.605859718617603,0.228981387258308,0.447172191234877,0.251307955957772
3.71094915276798,0.721356466086948,17.5277681687433,6.67786373079633,0.819633664492775,0.172135594771982,1,0.728157072692005,0.603158766850603,0.759627016161387,0.214598838516564,0.973587040012567,0.20817129430867,0.353184924401865,0.329514382563627,0.356195732889771,0.228780822214462,0.867228617181885,0.212260870835643
3.52399404068872,0.554235765053995,9.38674930732314,3.08456371941834,0.913548334285375,0.0486907236736833,1,0.0899087799728567,0.748795933391067,0.611389729913669,0.249251869427577,0.547250305327601,0.281156191404012,0.587704551940368,0.176535336130183,0.623495900635986,0.196359842495041,0.462647581533415,0.182881360836044
4.39934565057027,0.773949659909929,18.2233039641629,6.84695007313921,0.933705879590784,0.0353114539387936,1,-0.743443960526179,0.707822268945689,0.979287641257144,0.155929557278511,0.512560899888211,0.254971192279083,0.962675165461565,0.185852001688827,1.11015665358411,0.198032019639165,0.853198805790042,0.224861480144159
4.21135183617097,0.696961941387695,14.5342876870527,4.68769839247854,0.622267451271525,0.360553864044318,1,0.349463737623915,0.504631587964841,0.929685589047845,0.177459995122181,0.739368994950739,0.22932034519226,0.344580608468454,0.261839504472139,0.87475722786877,0.181456896997434,0.802305471222679,0.180199214616752
4.27468007889052,0.881038356400111,19.3031956440383,7.54584386878823,0.863009418027926,0.110573293820048,1,-0.349771403988217,0.63695399767813,0.7550969050058,0.226419075020748,0.578645012759467,0.305463413277671,0.550940143181918,0.194237756000042,0.886529134788167,0.178081376370692,0.400188354686814,0.280290646495582
4.9550568149114,0.979147038401793,18.379014080676,7.62443234462439,0.826794949157752,0.233081457716011,1,1.12934781518871,0.574900352307918,0.384349826402873,0.294466074597214,0.589028205620191,0.201815392514102,0.81212288530984,0.232272377714069,0.599542949920051,0.269277301758791,0.972550645354362,0.204617990037106
3.96153924759017,0.62773100786084,14.4715936599493,4.73986424195789,0.430454243064328,0.435614281528787,1,-0.120700512268826,0.651809048085773,0.426061370914463,0.375902708222722,0.806548090242562,0.223799974269297,0.532676293743133,0.208833676930232,0.805717138327499,0.195012545176451,0.762635410115383,0.163447241277183
3.78982942898528,0.68851039832147,13.6410119017482,5.17501814916103,0.868393872402736,0.085355554826306,1,1.10990568513035,0.615222250839594,0.521576502409653,0.266491907013291,0.49599622598249,0.221336237544362,0.713859718871805,0.190981363272896,0.408116894700367,0.209289222101764,0.8873882918353,0.222637173328442
3.69970328644831,0.748724869445831,13.242728069907,5.72689242932253,0.926610760126026,0.0394622077106768,1,-0.793470887480951,0.868594706661126,0.757666835084611,0.279451768106942,0.842688278226666,0.207476919086519,1.02561540720562,0.195066224820971,0.343024755243593,0.27814975440137,0.708823509709385,0.289342481981007
3.75233076714073,0.838422452089225,18.0112654610326,7.59816659697419,0.926344986714004,0.0469040043723275,1,-0.879350489824323,0.882434549290308,0.722284815503295,0.344530748192399,1.10190975795574,0.174462293281477,0.813471136112773,0.197587788755092,0.76772027803878,0.258565750486318,0.209012539588044,0.324968682662854
3.73929689175925,0.790445801791501,22.8830779201287,8.4968142708049,0.957822526079603,0.0348795545728599,1,1.33185728757472,0.977064539050985,0.988494824703796,0.287918756218525,1.16763996659208,0.205019279004457,0.927044824903596,0.180388323135577,0.766327643924978,0.211979252921718,1.07897706194241,0.230851400287018
4.47667983460154,0.878216727061634,17.3787534877379,7.27732648515599,0.855800956220759,0.0978260077738075,1,-0.413030236236388,0.623488519198169,0.668580385745673,0.250637137641533,0.885270131254725,0.176179490647937,0.674472864526651,0.238354496582346,0.751299237755126,0.24767535454287,0.638304198309815,0.235335786777604
3.17336329041718,0.585317298180503,10.8577201299249,3.952391166553,0.833403804046489,0.10681799098033,1,-1.37386921944383,0.581779836422164,0.770192987705198,0.175097378911918,0.874277564089305,0.154547960286152,0.74405009071504,0.203312361169329,0.572298326635659,0.231335879842444,0.321045539616972,0.292780193049365
3.60337773116119,0.688723973116541,13.9953230729123,5.69985635949879,0.95960162421806,0.0230627019852004,1,-0.0604862833698473,0.852154338059097,0.698266871318847,0.237539833077822,0.714085923341764,0.23056122487229,0.918105152924279,0.169816472382961,0.61101621575787,0.215968640920264,0.272977843826206,0.282971922648649
3.77281724003776,0.747102172365183,15.1039709447375,6.06170251604974,0.930082316158048,0.0438487684998022,1,-0.402839905763495,0.725833068198627,0.8625978124377,0.205015371973052,0.895631049155828,0.203622463082106,0.864826307633013,0.184483083932848,0.645613618049535,0.257823659309455,0.369122155915535,0.23386292883595
4.92861122313038,0.942105247770598,30.8102491041512,11.1436197076873,0.742096058614428,0.220753769847065,1,1.03757193239946,0.541323108752369,-0.371074248412948,0.425064018507496,0.685989076972903,0.193280494499938,1.12244144473127,0.156605399943049,0.569030140688823,0.246827308778023,0.849029799028597,0.225713239567313
3.19257319540286,0.494725540196505,11.7008023189835,3.44460412991764,0.733185226743913,0.219788186631475,1,0.682882644152842,0.43539444954987,0.332990949727537,0.204715031806127,0.831300545317054,0.172210580205215,0.688116184515491,0.187132498919696,0.475817984025875,0.198575591970147,0.658479026165769,0.160391062242147
3.45282513960029,0.595331544764898,11.5105890988981,3.63663992078383,0.627307000600239,0.387099457905875,1,0.610303480806955,0.511040605416646,0.415803670592109,0.236255043357275,0.591573360761698,0.245554058206012,0.432626584460101,0.217313101649256,0.837460534686861,0.163783535205686,0.717134534148906,0.204770985131311
4.28576594526157,0.80584865460937,16.7133018622816,6.49625248634645,0.936058774698705,0.0400292769167765,1,-0.532909236246969,0.846615193605871,0.761585764834258,0.226681643683819,0.657113025534272,0.261872177363703,0.862118007929579,0.243335739626767,0.624826477860934,0.235814956723026,1.00004124067617,0.210502946513312
3.51640680011154,0.666565803671029,9.95903162608215,3.9513430018799,0.935195854111869,0.0464902257156654,1,-0.415762896786234,0.75386441834873,0.447846922932357,0.255373366803236,0.813575457342793,0.2192743955838,0.559983609176158,0.215896099957355,0.799530953716455,0.16328228741702,0.558199642737974,0.241979905890594
3.03720894430355,0.567863377306597,12.4778951619855,4.34982500309639,0.864546703898577,0.102269716453619,1,-0.26140514969482,0.501540997825583,0.591977170434381,0.185122175249262,0.608038905398057,0.182436962309546,0.475778492770277,0.208916111793655,0.829636496491807,0.197329528593113,0.550353720519931,0.267295303476773
4.07256562365375,0.648062256858602,12.9867009804051,4.20785730255083,0.914034742328225,0.0494500436716599,1,0.113453366540986,0.777709647564686,0.856545374319566,0.278791850088312,0.728441284743214,0.26644201509122,0.575066289275488,0.184502755796312,0.720560592368524,0.17649176570618,0.920596650100508,0.160688391768005
5.18426434241865,1.02618235211007,32.7754968215601,12.9466408377737,0.910752724416673,0.0477259263931105,1,1.61606737470455,0.602338633823834,0.86389553281633,0.253193878261845,0.65678597521878,0.215092641460708,0.391933685720188,0.244056526549194,0.934947343532344,0.203471957393701,1.01286272731162,0.22421139099877
5.87705454837279,1.38436117524137,26.3907871726029,13.2984524984766,0.969295326300278,0.0264260147305878,1,-0.181588623346451,1.08165083522829,0.677192558187725,0.317284155285975,1.34292001197334,0.269318851914868,0.791125849400242,0.277907296983562,0.47579007541974,0.310082368573078,0.780028222339635,0.273403965006747
4.63463606487017,0.91334933341204,17.8714932635375,7.76407139772352,0.956115525260533,0.0271157127573542,1,0.770192704568957,0.868250561542103,0.661430002112614,0.261268665508726,1.09980967918526,0.243778404537112,0.380689507107587,0.285766389161632,0.797993678876082,0.184139992616603,1.09052769061989,0.215850515642752
4.73042113499596,0.923164225985016,29.301758311001,11.0331295561688,0.952188262711872,0.027870935480463,1,0.132898602432593,0.808936569596057,0.961265666450548,0.223542080064797,0.900639737731309,0.253208327155485,0.971626766505646,0.192031437290098,0.488813142117651,0.310002671910647,1.09488059294438,0.188424156597233
5.05413604402004,1.22166563249647,29.6039797385614,13.4401638776359,0.912163022261887,0.0872326526494702,1,0.141062742571623,0.876364592939789,0.712662451504231,0.25772873679537,0.49180561610026,0.344296492201424,1.34405210711052,0.237983127716004,0.585305871883266,0.292873905331564,0.790676724417941,0.29971940670173
4.56528440269247,0.673316331455046,12.3858613236727,4.2760598414381,0.904018208462407,0.0469122082810875,1,0.918948459570955,0.715848171009967,0.697629822697217,0.23325421242207,0.430135121002126,0.195185912657711,0.908105694912342,0.174453219348132,0.719802067738323,0.174145103417184,0.586605037671552,0.258360854473214
4.34904394511527,0.944940974064405,21.6968180274172,9.60848059736796,0.943181151934516,0.0353964195689046,1,-0.709524768831502,0.813080336000216,1.11106456076385,0.285630578452742,0.348332539411087,0.222293868118101,0.774547298876804,0.235202657966232,0.758354705007712,0.242467382500211,0.729683102264514,0.25293275845865
3.8821014486809,0.743180588600984,16.7406603546772,6.20434401016045,0.886514298686078,0.097405438847275,1,-0.155895328150993,0.671824673369821,0.735411698452891,0.247382711104813,0.748976859638338,0.234283764330041,0.324829466302803,0.272578626786034,0.864499381966847,0.187056658845104,0.741690303335954,0.221889372958298
3.76137362082162,0.701768553331064,13.6967693930293,5.29607900981888,0.779000150100539,0.256410676778021,1,1.08877159832998,0.634930555470362,0.625053972522994,0.30566894894194,0.070642452012148,0.384723574592397,0.349135237441313,0.267305401378558,0.21642492918232,0.276902706043774,0.677034319910098,0.170661845782216
NA,NA,NA,NA,NA,NA,99,NA,NA,NA,NA,NA,NA,NA,NA,NA,NA,NA,NA
3.42962392426252,0.786576747679951,21.3341441706861,8.11407311561129,0.7535479695767,0.283800212952485,1,-1.53120917776665,0.558314443856548,0.704654138186065,0.202862406751096,0.765463974885827,0.214355617204854,1.04650240302817,0.200595630423447,0.353208990027629,0.323383572316173,0.446461662137531,0.285846675089187
2.79031221598027,0.501239062910643,11.2318838460182,3.83645952194463,0.892893867516929,0.0467814662012399,1,0.411310458708581,0.576975029239392,0.671080438772792,0.183683546390563,0.564597145036297,0.213279746571233,0.22779723673447,0.285839803967773,0.666825936471626,0.198571930075391,0.722489433205694,0.181744127005096
4.00426641089203,0.835317718803624,19.3838540169905,7.581070216806,0.891313436945448,0.0618369946020304,1,0.335742813651882,0.710438775112764,0.74579325178796,0.249903262590641,0.619836606239488,0.207254504732476,0.58097185839575,0.264572187032712,0.752347872849216,0.224116631272355,0.407411396859094,0.224382030584858
4.32433402892375,0.709056528768151,12.5425887857153,4.24362425777401,-0.214685592570463,0.202508243386633,1,1.27197891839047,0.518321418898712,0.456248737320053,0.231347585704741,0.493984308722627,0.249944422900799,0.806667055536115,0.191732064314836,0.833371397412422,0.222485694942929,0.76179810401067,0.175342958108298
4.86715009556881,0.888429308336382,18.8334828507174,6.83831073370884,0.873944671951644,0.0611043684794636,1,-0.666824914991319,0.837090654673671,0.864678776527729,0.249797311683228,0.538967083665035,0.214520206501008,0.65152276312475,0.23683346778663,0.859187640706897,0.216751255549718,0.845600685958185,0.202822665129435
4.96799796247653,0.886144794376434,13.5490428601387,4.96356818221029,0.517399423041204,0.425584685866409,1,0.887916730613949,0.6794916557097,0.72824124655805,0.166988194916205,0.870652541566193,0.193681581934383,0.435815297526257,0.270574496308235,0.864632851582311,0.232805473811997,0.234646501548864,0.318736221136712
3.67751043450385,0.597837363733841,11.7706355762396,3.95940440925641,0.791338732858824,0.181427918028031,1,0.834957372458085,0.547944353427834,0.353280855893538,0.287723717156242,0.244517315789576,0.299021373757801,0.526492301841427,0.177515059432622,0.866611156851431,0.172134844344292,0.696173337790397,0.168234511718957
4.6682369329383,0.815091347047774,17.5059033760107,6.20774034144462,0.933604418131702,0.0480961866577255,1,-0.702712084103328,0.936774069367941,0.871693767070703,0.257233657901348,0.845376556819641,0.282625098441695,0.754840851475258,0.243420872819169,0.585823293576814,0.233884802139824,0.508943580937449,0.196260739927703
2.53341015279503,0.506256912452757,10.783354406452,3.70934766376568,0.819471114024264,0.150183626900952,1,-0.0834184497475693,0.530303460712142,0.444894051253623,0.191710998097797,0.662499988253227,0.18272484540473,0.785013130507712,0.190286286915848,0.440155014823761,0.227334620865749,0.4479711548461,0.214910788341544
4.806627796365,0.852022107782784,16.9305874461463,6.31678966288747,0.926400665851728,0.0497534463477467,1,0.375550676770226,0.846110937170493,0.11517833585646,0.477944806181934,0.862361941996285,0.310833200572237,0.675598130803782,0.225158483024195,0.831355190917458,0.180737418786477,0.836573182044995,0.170284371883133
5.14544139100538,0.947675171036214,15.0843356279366,6.04917485472949,0.940391717890687,0.0418292035148356,1,1.12558449744826,0.775538872963228,0.578293238794044,0.253922989093814,0.680819097957993,0.271315278358329,0.675690850900972,0.244964575978593,0.981966557656946,0.217880888558581,0.85975182119483,0.251678391139117
4.30156692238403,0.714296157096078,15.3776070202109,5.12367075869031,0.663277822268158,0.38523129899891,1,0.0370258944468797,0.70813945629632,0.550945275558569,0.367108689260059,0.578361386581086,0.186548931068118,0.427954302734056,0.19354458924234,0.686136963244763,0.1793825476068,0.743271698553921,0.188377484175068
3.79302939469397,0.722876129806042,14.9761442079053,5.71583953183437,0.851854566769655,0.094176680941899,1,-0.0936893162933494,0.493702384975973,0.51767634094795,0.263904524860081,0.692453501622975,0.219492931877624,0.554736581637644,0.192014947034273,0.0292332163474507,0.332285216604305,0.975989577508827,0.209595959376437
5.9119228136708,1.2499680427658,25.6269133627576,10.8707427524108,0.709997520634469,0.351519142144034,1,-0.973537709998143,0.700524612362602,1.03589770064899,0.368759362736177,0.631978912585552,0.269429477901046,0.301992866425341,0.301585327874439,0.531755703934868,0.3301256431035,0.851825918646521,0.226587548827985
4.46780118141091,0.972380273487587,28.1968362828826,11.7627229224607,0.468229938375429,0.677000267386779,1,0.333345664636606,0.499364658018708,1.19345317064122,0.199971313519658,0.381684497968449,0.293102282054617,0.429688039506836,0.222374540982986,0.68102247947377,0.276396344735844,0.735636672544276,0.277618680843972
5.16366377862489,0.880406460485644,15.5775956231132,5.83038106106067,0.901631431001553,0.0665281735309087,1,-0.173959249469574,0.785986855946465,0.735034818655778,0.265682638809411,0.648774376437313,0.25211600394449,0.862580483635214,0.198196774548397,0.820218266000539,0.195013887406208,0.717224925246961,0.195009132511163
3.84707838275779,0.82578119131592,22.4088102659728,8.96693432605423,0.940745973208822,0.0423445705887618,1,0.143356764491971,0.782166111947362,0.889348574959891,0.250042058404896,0.828289942883354,0.234200264160616,0.832805029281728,0.216204608057033,0.823660128813632,0.320589952266679,0.582921035271732,0.277442086236454
4.11562906453129,0.829296302905519,21.3990247738057,8.6603676735796,0.886764768492476,0.0765862582158078,1,-0.634083125818041,0.689272932867548,0.676560895937022,0.200660124542402,0.785849711593855,0.19435516600387,0.862643519184283,0.195264716919899,0.40551188483136,0.260271653477459,0.86608923506407,0.245824101072312
3.03156060691339,0.451960752356723,5.52445407188247,1.98355668299789,0.945516211707359,0.0349536115481084,1,0.33881768793019,0.67079045182491,0.47083310603754,0.261857074806372,0.661272678240669,0.19676535204936,0.63538140133118,0.173107130478702,0.384922965187938,0.193178068857374,0.545143500846047,0.191449485241582
4.88021274734943,0.922300817587653,16.6384369250264,6.56243915727221,0.902045649553276,0.0910905870570443,1,0.471792233839282,0.700292934537285,1.12064312946658,0.225105663019062,0.656983293269084,0.320551505967406,0.336520187673904,0.295892223497622,1.01262937459036,0.212623173957961,0.674939008508718,0.218225792996196
4.09232923132376,0.739786826529617,19.9743717486241,7.20996391121061,0.498190673341757,0.38507850885461,1,-0.0471368268200013,0.475309248074211,0.66724189058859,0.206845963152101,0.176286859540922,0.228198869488661,0.724405343480889,0.199394323452943,0.980142712760699,0.200182851870588,0.446853509238571,0.274250735852879
4.94418653793779,0.976717918674446,19.1483686685354,8.17120533453974,0.907405947317892,0.0541875942486143,1,-0.76171566975587,0.701875299776327,0.961580342666898,0.208696840226509,0.681497752397068,0.181482125106054,0.463137213415032,0.340892892646657,0.587996091675588,0.317353510505417,1.05385733456358,0.204727112664594
4.36495671684826,0.872245704498233,18.8682215345008,7.93655642821174,0.805222458404054,0.140297239046211,1,-0.0040471941187201,0.604229850733711,0.605808211482845,0.255783933289688,0.745763348455335,0.132433588084636,0.723296311009272,0.239349865962455,0.480611564653357,0.29535421990971,0.697133400678975,0.302161882773349
3.95993992780324,0.656472289811949,13.5660437958461,4.94858441595061,0.906565688456651,0.0751394815971425,1,0.833447235611289,0.624811674397236,0.394947409184091,0.291595095330897,0.925362466162196,0.186352697181833,0.773169459585608,0.198833527882691,0.708459731085666,0.265785281009259,0.902587593902357,0.214280635162692
3.44603905054404,0.692181591057429,14.4661195023663,5.79448714151027,0.921320207522439,0.0548998213856497,1,0.121382985497006,0.70629784683507,0.608307082531387,0.292667065540782,0.775482447547158,0.223490615261888,0.535511754836834,0.168027809013077,0.350945075038703,0.254037153833659,0.672873654616725,0.244189986741222
3.86282909918382,0.598783985290377,10.6655994373769,3.45310082545194,0.898184614242998,0.0671684546943716,1,0.489166364680372,0.714766108120869,0.51089698093982,0.28045959529835,0.243366400200578,0.305588384891745,0.783159173996114,0.13387272387775,0.812311908264804,0.145533031115781,0.556462928826257,0.202762425272947
4.60079215542598,0.81381192204797,12.6415449657323,4.86602810088778,0.791695231170663,0.304713849089781,1,1.31046096772533,0.610754944078001,0.378157744489228,0.370916043079267,0.825784845824624,0.250135860284216,1.00993908416939,0.21731995447478,0.754274471277464,0.272573855441608,0.766801522394669,0.257800514348006
3.2844334134472,0.50147788036604,11.4487475001749,3.33194287677161,0.717799682112728,0.274778405246299,1,0.46857356412036,0.50650975278091,0.608880124699246,0.240139622407764,0.804181196761507,0.159610208056549,0.453185844440145,0.209763276300505,0.696449302209751,0.190830794299165,0.595950567655902,0.202132386307585
4.60564581011822,0.778861198446572,16.2908007930629,5.73702919624679,0.870872949056462,0.100840382180923,1,-0.572741148698227,0.780799757750713,0.199827045420771,0.354390161433972,0.839809206077955,0.210964864280938,1.09262634398423,0.185807749962396,0.594098836191598,0.249146762018966,1.02249117488594,0.158365214994083
3.24177425713924,0.556060309725543,12.4070854871015,4.2361854188745,0.913628137416626,0.060867742427983,1,-1.20291991604662,0.641797611145404,1.03192183405052,0.160124139515764,0.358249212862866,0.182215358964999,0.675671488583745,0.190469292494992,1.00151316298519,0.188873334087679,0.459769162180883,0.179084981970125
3.36459286116028,0.569851559161022,6.78893191366878,2.73866500876285,0.965000262003523,0.0200246831752571,1,-0.161223985364358,0.918282387761431,0.399127950047749,0.301782971351142,0.871825177460264,0.15486286540129,0.502794242559006,0.181159839786747,0.646108060762898,0.202582167317507,0.135032038860603,0.236512273124062
3.38871579156912,0.466439199745048,8.48436711816023,2.46247371188159,0.668143240830344,0.21924768162157,1,0.178067688181828,0.40038862319346,0.928220259817034,0.179754709181302,0.399401439481332,0.173954891989809,0.649261302828271,0.17727480015059,0.893486511912509,0.138022955802393,0.599129229134158,0.213605345862008
4.89764651314028,0.987880958976943,31.1852141771982,12.5601641656372,0.164913888877884,0.375926810147956,1,0.198328470230673,0.477509225331662,0.81408354250177,0.232444070566173,0.708952360225843,0.232872619253785,0.867597246456585,0.191458933271693,1.20903224205316,0.208426085281186,0.382508084779019,0.36543875010213
3.42311296405327,0.592935417783013,12.6871298115574,4.48315373242898,0.903767059611114,0.0734655120083616,1,0.0415027236068039,0.729010049626691,0.628461205446656,0.290101017880455,0.538599802046504,0.200240740779583,0.689877230662148,0.18784516834615,0.63504809985579,0.187354827380369,0.530630140623796,0.224359493835561
4.01592514569085,0.746301542261279,20.5963523560142,7.29692903140092,0.921826951174641,0.0596141813342022,1,0.711519509716849,0.711122299730756,0.688355067889409,0.285033311431512,0.615608995640773,0.242908575267312,0.894263821477573,0.192365008915675,0.718540997541919,0.181092527921869,0.978723435154519,0.199980936767936
3.26088499178146,0.513586759729835,8.14018825647351,2.92008483764864,0.950628864101659,0.0218793828840521,1,-1.06998180865249,0.789806835019061,0.812896532824118,0.192991584559852,0.836333792149463,0.179724815944165,0.656514325397623,0.150033907346336,0.676877197558521,0.196897700660804,0.540570334466977,0.232803386303866
4.55151666741668,0.802232873030157,17.3674950020885,6.49767773203779,0.94233683055333,0.0346357375942649,1,0.353527041685224,0.770957797774375,0.941345529548516,0.249292777389768,0.805060644590963,0.194959164489248,0.501779179116545,0.305117188914518,0.411043062851751,0.260474159957824,0.753407715237427,0.209240323429149
3.61716345468595,0.656016553190901,17.0222698382424,6.05804244215771,0.876343285459444,0.0712730200435235,1,-0.635364129348951,0.56732945131589,0.756557329524255,0.214804546946108,0.942581894765063,0.16693721854927,0.304050600575673,0.229850234189033,0.538826412731214,0.245249119295018,0.781363165820665,0.228716189288302
4.51084230183402,0.754971873266753,16.8363069652489,5.70145620348936,0.857683241755034,0.124782245863077,1,0.164660026201773,0.634802756459366,0.844979214863133,0.235452549301717,0.423429126579703,0.212506036788034,0.950061333894025,0.169974948140798,0.890474812077358,0.178420858225335,0.549669439558943,0.242239963768181
4.81480662385319,0.911844947688163,16.9779689405577,6.62287341173573,0.855305168591205,0.107090471721352,1,-0.075198176998697,0.824816807393535,0.754105919949103,0.299889241269667,0.697272931017659,0.241481146400798,0.977503946309119,0.171232061900392,0.621090855932973,0.219373414605999,0.576906468055969,0.285712029967931
3.88735767021368,0.69780462098941,14.4557272117595,5.13263138087958,0.865652553575068,0.121640887988536,1,0.878599298774016,0.656721160154058,0.730085507757418,0.250567049019158,0.231689027573908,0.262620975857603,0.753500194450174,0.201214473692854,1.01508764317965,0.179229917383571,0.391174997693927,0.2448279917055
3.87811827611689,0.659630205525533,11.1189332297649,4.04800072745901,0.827263748684064,0.135150160884647,1,0.115358210272174,0.621494517474544,0.593000856342933,0.280241372022147,0.675419258943602,0.162804766786251,0.533909213044739,0.211530907207687,0.623204505428374,0.224158942705985,0.230742186892646,0.277460036535989
3.17503615727885,0.534858807695282,8.14398760706888,2.78222318844463,0.582275846139167,0.569686970868297,1,0.197256717170154,0.506223336084808,0.715758711091254,0.221416754376838,0.242026826554505,0.28920571407435,0.512177803656505,0.251054847925952,0.430996576373608,0.205227474311941,0.742984509239089,0.206793362286495
2.68466164662438,0.573168024513456,12.388206459966,4.16164017013595,0.940816365825753,0.0298175339064053,1,-1.43609375978978,0.77239189079836,0.728522305055458,0.220012352510631,0.903327011313213,0.192725993103321,0.839235323649268,0.173641262237154,0.654753197011468,0.202961039173306,0.693571635151394,0.191710674263634
3.30736290315308,0.703161989365169,16.3711123718797,6.49171291270837,0.904987845468899,0.0785228804061163,1,0.165446377688867,0.665108158472801,0.609315518125174,0.210477411368442,0.569621339099364,0.242130267151331,0.933139928187946,0.229455953544005,0.392921288564021,0.288297052269913,0.304571555096785,0.311645734864699
3.77782872784558,0.668122773338595,13.4048010119715,4.96720406274967,0.718358953137128,0.268139739981693,1,0.29157435220019,0.422030564657672,0.30986193584303,0.208550956070008,0.857332879761508,0.166432977159068,0.150642339327771,0.297605893160644,0.771653990902521,0.254407097576225,0.712694937791249,0.276341085269753
2.9937672226567,0.555794084283154,12.4049072400424,4.22078064038973,0.874845664202716,0.0869119258449086,1,-0.21293500706083,0.58948164870741,0.460216024511908,0.251538039846637,0.681573195508669,0.219540799414596,0.669133707359497,0.191033713050191,0.796054020137454,0.140247369822726,0.603673304490619,0.213794404756485
3.21054511371335,0.615948510903264,12.44343879707,4.49649756290601,0.932384543007566,0.0380562344016309,1,-0.322695087995018,0.693724759630964,0.630692222323209,0.243749012762318,0.477815351258731,0.169035182207672,0.574735459523102,0.20817842346112,0.64797429476234,0.192288993788408,0.860737021298187,0.197456109519704
4.12128517192655,0.65796440325907,13.8212813565023,4.70056081806,0.901993621204686,0.0602044309653269,1,1.17034614444075,0.552082384130337,0.27994862563649,0.292365933655033,0.554909000443017,0.211148273675015,0.509128012101148,0.210590120012336,1.0021242843433,0.136283559336256,0.88027480429869,0.225672003496038
4.07125069535862,0.661570052281931,14.0039075210291,4.53835774176387,0.843622128080538,0.1194321893287,1,1.36961125483737,0.660868188793139,0.38740342562083,0.285161985705985,0.451485962857257,0.280312022914589,0.978542990217994,0.156527699468011,0.652473267461539,0.208929678426115,0.783822760568463,0.195486198506057
5.92629392210797,1.22523904217171,22.3652834980869,9.70473039302036,0.935679785295499,0.0440796728564412,1,-0.794401547387823,0.853193842572074,0.730217088093319,0.277871746388015,1.2676352835807,0.219455011693595,0.841318328853799,0.262354581654908,0.607137965305204,0.256276011405751,0.844325806631159,0.267531300931606
4.10914700574618,0.853771936913354,22.2539538279345,9.56449726625816,0.92305603651465,0.0528216056725546,1,0.658961175556442,0.804938019737712,0.739274312483077,0.267281659775708,0.738629923065907,0.247536469876302,0.42055110039655,0.229470501542049,0.787283783607363,0.197120039836958,0.523138942573453,0.240966532693741
3.77199070287886,0.661452069898714,15.0831404372971,5.26034892891674,0.397025462644297,0.471478015753886,1,-0.0532707487020153,0.557643881894546,0.648296622853496,0.196084404386208,0.796912820886006,0.203544836834115,0.608427290404648,0.16315302598189,0.691837355532378,0.195196971767845,0.569241509573626,0.289683581763444
3.84695305657314,0.686007968861653,14.8869837163028,5.32943661465243,0.867469367388338,0.119686435142489,1,0.320782334278653,0.60222936362626,0.810317047992456,0.213533767365674,0.474587211789518,0.207328768971006,0.49805322328007,0.206236795038513,0.679749329219947,0.184038967031175,0.693859808532198,0.219627383866344
4.40506133415926,0.72528763753549,16.0081953813566,5.45654573236088,0.915997881244106,0.0584356825041268,1,1.32550155265553,0.725480369603868,0.186274090962723,0.330750755444222,0.851459564125477,0.248552924620125,0.714607321159328,0.191702625098846,0.471435306940591,0.221696505939164,0.871727682671531,0.22743636676623
4.5360900068982,1.03289442795422,18.491855913503,8.57253951884171,0.946662940605047,0.0434486233146566,1,-0.374615502866675,0.967477679929085,0.95338079990098,0.354142586983334,0.304063755582547,0.378827239781099,0.936175595132775,0.214507905549273,0.676433515663258,0.254889469892132,0.67354512082969,0.230784147768039
2.89175959199615,0.495777945646283,7.85240585291054,2.82160123284652,0.903014527356594,0.0518680045948352,1,0.414024987857138,0.526595154340083,0.396084449216222,0.207570287211911,0.557829321567745,0.182892441954482,0.592294422983524,0.183172072569757,0.691865380567633,0.237493101325633,0.68003534506359,0.249829516882989
5.47212902117421,1.32922283485973,26.889279470254,13.0949980116264,0.941054481045123,0.0511196474203018,1,2.20527990401858,1.17301018256186,0.577482119929495,0.417689362420161,0.549873631648693,0.257369840353654,0.956061574436423,0.292141054020089,0.660581782536419,0.30745825744608,0.881281636519492,0.237597227277937
3.24726634575234,0.661521286828594,17.5373994633709,6.16045813441509,0.944967238662967,0.0288600123982428,1,-0.324467611085505,0.770356957794322,0.692901652061385,0.290554376194481,0.692697051614537,0.269216936328197,0.744630039323329,0.263397353486014,0.760031122535781,0.158819208014433,0.879410921808683,0.158038317877835
3.61413825604395,0.701484641318946,17.6725193608472,6.41693183722595,0.892245245476195,0.0432985790326222,1,-0.0985654177549081,0.58288988594066,0.791321184899034,0.199976010767082,0.56976760668365,0.214002668239014,0.8157869423549,0.223096740979797,0.381220426819198,0.2312096487681,0.817214019451827,0.182555349729233
5.12928120804555,1.04254402014582,16.9303488614972,7.29123756627474,0.913917290831377,0.0595039305597683,1,0.327833852637122,0.662028201947719,0.683733529122839,0.251123643120156,1.16518498797385,0.214155789084495,0.205609152683508,0.34044473141481,0.569134140144977,0.264509507290915,0.739133270230311,0.269119518417523
4.40801477188842,0.792798026257037,13.9579035196092,5.48410349671105,0.909952119173483,0.0568614552855661,1,0.464979653121596,0.583450187012557,0.66315960469904,0.283995915559872,0.527977514416186,0.20008251111081,0.763092001585175,0.19019529701679,0.881342675095204,0.237733691535083,0.627466523329241,0.269787946573594
3.77418977211617,0.686259102385506,11.6330411701802,4.53550023845526,0.86200722248033,0.135925680805241,1,0.460526202194211,0.588353939391341,0.644257939365057,0.215828196638251,0.660526760896228,0.244106885581762,0.466610621654043,0.220816726350153,0.521569538675272,0.228987088671982,0.96067569856451,0.182057656818683
4.11554394071836,0.599501625067001,13.8218285281175,4.47300493445273,0.274987488383336,0.378227322994976,1,1.27286923351111,0.36311896792065,0.756017148813745,0.167248121498329,0.373809264346561,0.20722977172731,0.646160560703502,0.14483622190211,0.786628554910749,0.193135371420941,0.784301428931115,0.252340289336594
3.21959616807015,0.560124726923811,10.8731630202152,3.81437778770485,0.814515727669515,0.139110125553231,1,0.479461756258227,0.491498909514998,0.548586685850074,0.192941082807921,0.430731087557683,0.23303710473384,0.229301606304402,0.235194902465811,0.550787250488905,0.216224264139033,0.385020927622413,0.235508013701039
4.1544773769302,0.769404554105606,13.3600602814888,5.31764573849729,0.913642313615596,0.0582844322717511,1,-0.64128741035233,0.719756724400371,0.790096419925288,0.195370442351434,0.743320144871384,0.205923853331611,0.470012924478522,0.1932586475214,0.770263421438353,0.223801497449218,0.652711659303086,0.268675811575648
3.72932306377519,0.655679227843774,18.4757333770438,5.89974538787758,0.709617006353644,0.208113138701462,1,-0.232666160780066,0.491799374737297,0.778825834588587,0.189726936956718,0.879551570077496,0.18046549582537,0.367639334039066,0.219886045174323,0.645846061109841,0.187531041827572,0.783530074971437,0.167115049691968
3.64493007672546,0.720801524020198,21.4018972600957,6.83726521013694,0.749385402861097,0.191619282851012,1,-0.849226324900878,0.612373844320678,0.576596744728506,0.27633013985072,0.62974948053333,0.227764506626049,0.799794737899523,0.174509596904667,0.614681360730732,0.242279250749106,0.830851041201584,0.188318019054792
3.17929500323922,0.586375408997449,10.4792492907866,3.88687790713003,0.81026966578919,0.170564182812105,1,-0.0667781693901423,0.572237829468822,0.824243051517883,0.16630512914822,0.537722340240583,0.176096073096857,0.344646899855051,0.237077412461106,0.404452490641501,0.279945489512131,0.269885845371534,0.304386495492283
3.29624782467466,0.718649427216918,13.1239912491419,5.45706739415617,0.864067151863485,0.117276489215033,1,-0.92844032615068,0.806818715502963,0.723244015858493,0.26780169035811,0.528891786425182,0.240809410284553,0.631916144359233,0.275398385723973,0.748251586066054,0.21847683108546,0.0115068757660729,0.242367694174161
3.58465254452791,0.708345884681255,19.8638461752376,7.03222612170963,0.823049134578708,0.153962998896861,1,-0.538419262162369,0.686005405338121,0.854828212871399,0.262721368353075,0.658010362270867,0.206237730225093,0.76938968817684,0.177566065967641,0.655972032672571,0.234821858746495,0.776349719883683,0.225707556120133
3.2253315868146,0.611057424445406,16.1993663094136,5.74928024856328,0.786455784989235,0.123185143364337,1,-0.06829671290037,0.508662374130914,0.582483366089205,0.221814672878418,0.73237813230843,0.201473211323917,0.564383082028865,0.21172546216311,0.867512651328143,0.163996305583086,0.267555906792425,0.236095672449031
4.82606870460067,1.03987038962516,27.1872150368804,11.2418480373873,0.952661374544061,0.0255021481910018,1,-0.00440557430271142,0.74086276258997,0.657193572044874,0.215555006677968,0.782072635233157,0.239468134718239,1.38619760929293,0.260891874934942,0.851899352673286,0.260625278989225,1.09421372834832,0.277234361199033
3.59363336706348,0.73834943493513,13.9240802731855,5.44259316130151,0.953477917015205,0.030124849390082,1,-0.566079769283456,0.803922475862368,0.830071554691311,0.202722079174208,0.836764099953869,0.223885856371496,0.546250071342853,0.234855159620277,1.03779105805153,0.197961876406211,0.145782890305565,0.252808935680451
5.1052075565252,1.2179616176675,20.7392656503766,10.3280079383782,0.944358108435417,0.053179080029771,1,-0.104341258290164,0.943757204120023,0.813364437691075,0.323620882919584,0.790961596236715,0.307632389944397,0.709168866463973,0.322814708638807,0.692786761073759,0.231758951031135,0.837461515221385,0.314360413921198
4.7073264310968,0.740276264885139,7.69334089261242,2.94038957600226,0.814628901161775,0.152848930321042,1,0.0604759702036145,0.678561612577038,0.256769906616204,0.317145926146334,0.812489729627956,0.237568267108513,0.693519322198919,0.225565126802975,0.675955571152497,0.214660384745215,0.557680365700453,0.244644536582681
3.44118096032508,0.619078871336643,9.99105248386985,3.68356631490583,0.659628317926208,0.362975946848038,1,0.280196353291152,0.444896432954047,0.665457903459695,0.220836556472831,0.507385763945012,0.178692994637916,0.501183773789868,0.253825915130244,0.510535582132447,0.272397126221814,0.0978602977358263,0.291158824437915
3.61541539032709,0.504951065978403,8.91860231754782,2.73538503897767,0.755339727652316,0.201355343689291,1,1.63113614219481,0.545771370263948,0.187440965203477,0.313683545251058,0.286774623219475,0.2694077993444,0.837747776957718,0.100735066077423,0.4241021131502,0.183959671335737,0.312701585952448,0.265078006689612
5.00307235087954,1.1127563635052,35.0608908024344,14.882608266953,0.91434786477104,0.0667672608406599,1,0.489315886930513,0.780844656532646,0.874720776222085,0.271615188427569,0.592054731061903,0.242187533160271,0.935161023659075,0.258667768748061,0.497160754338622,0.269095265675162,0.951161750031298,0.24213473187115
3.42804813272581,0.601791583903831,11.1826258896074,3.70983680528898,0.586469835170145,0.471201181785132,1,-0.0748825873949212,0.538910870269007,0.241550366110468,0.307403502863524,0.510361640489785,0.185801692993589,0.795389058407388,0.176749416212114,0.371278713220422,0.226032060590692,0.703120447881386,0.225524191247076
5.18021980493531,0.905144331063145,18.4777693007567,6.86504519577766,0.79311895999335,0.151204238037905,1,0.840838742191594,0.696729453643486,0.584082515192585,0.314785318413097,0.827476417586704,0.230698765082717,1.08416476135748,0.195272450536795,0.864006865227664,0.157290434979203,0.301525721905903,0.291123603799201
3.82021287659173,0.655636881516712,11.2134317737164,4.14357059497191,0.914142870520655,0.0467653536013791,1,-0.425527408751211,0.745325449252926,0.887993402076334,0.184927992199707,0.76722484977373,0.143041011891615,0.903135813851602,0.173983832666078,0.279064639079166,0.30771292944351,0.754984188221899,0.265270449573134
3.94015160747464,0.790681628099437,19.652476982309,7.78301800380737,0.886696197367319,0.102584770448509,1,-0.0824097667269186,0.711153387762616,0.62035440708237,0.299495376340383,0.450658416870046,0.236704452472655,0.537230240730503,0.197206488559812,1.0242017039458,0.211549567455045,0.746907444112085,0.198861585996402
5.90563718850168,1.25530897046477,23.6743112829908,10.6115800879859,0.88212839882791,0.111314981217797,1,0.95029379002049,0.902246279845066,-0.0435747556956234,0.506427255925826,0.881359989242608,0.341345835157134,0.602289833877936,0.285743713333987,0.518122694399665,0.35127057106259,0.975093041438862,0.226198620721083
4.94440654834074,1.00905498737005,19.9784057599447,8.26552359255017,0.867831121409593,0.139049884783061,1,1.06946432088218,0.731858609413703,0.208488397380527,0.39024275373766,0.561083242333008,0.254297554123768,0.873716010905556,0.146667805756622,0.806272688905973,0.268655796164503,0.977613264766294,0.20970248247298
3.68561626297867,0.721311764375483,17.9634666938016,6.69768232973578,0.948326282641442,0.0295918861224611,1,0.299189606366173,0.702594361585047,0.831760756558357,0.194969851718004,0.732380123206647,0.198077966129371,0.500000327102599,0.233072090219679,1.03585689278004,0.206277316531637,0.848305452041222,0.263486355849732
3.3457764871491,0.541749041438232,8.46030784035639,2.88018305222644,0.8794967780686,0.091318116108073,1,-0.469005327707944,0.634633221238047,0.947073419426093,0.230874424477975,0.471328852336928,0.205464145538295,0.839181621502614,0.192212332538088,0.80525322038669,0.190158017620659,0.755814847183231,0.194068794067653
4.32884007389838,0.784204844142904,14.5560417076644,5.90203022592674,0.910843381446906,0.0515588575673476,1,-1.13880675267864,0.825395603102107,0.827476805070804,0.228047936251767,0.802965508978314,0.171965784556604,0.904249273734111,0.199928325379948,0.0100746043522553,0.320461856322353,0.911597592366238,0.220493981960065
3.46447055189843,0.614195324579383,11.7450985016195,4.13544335617063,0.914761657769762,0.0604928602459429,1,-0.213942908134209,0.896344740390296,0.63680908915446,0.310856731571018,0.901148228759888,0.245716430689358,0.451782619210139,0.278983012009262,0.91522871867032,0.191834768410373,0.691232567505376,0.178613843657011
5.03971743911349,0.931397040847391,22.0485563683138,8.4052197217607,0.889644921711346,0.0659987092823122,1,0.746846547338003,0.672002050730568,0.533510640071822,0.250858973572388,0.948872655936548,0.190556582661034,1.01592340818566,0.176367537790167,0.728422369572421,0.275147267441351,0.76513188343916,0.252311146302513
4.22937442510348,0.739462558756014,20.0848236401521,6.48593312998595,0.77339939666748,0.214653926643402,1,-0.623085202941942,0.654637716868206,0.982472019338148,0.238636386534304,1.02976251353439,0.187019589628949,0.617264475630076,0.191498677703021,0.512889050845485,0.199464287358822,0.617030276282268,0.241823151658257
5.7909447444936,0.931984924272938,28.1696269518712,9.03428442442312,0.82501811891347,0.143017026827218,1,0.389550442851629,0.880311726717989,0.446513887677476,0.4292554827856,0.453730388270627,0.291542708594683,0.54478761152796,0.356010173131003,0.886237165569043,0.209481797997804,0.902247521644904,0.166284431824247
2.9608778826253,0.467694677719707,8.4408678925614,2.86846018587258,0.427353043495429,0.473478098173942,1,0.562551034641225,0.408709953537653,0.499230061201778,0.165700697602585,0.19286088270244,0.241980635318339,0.823322416258101,0.169917898747459,0.630290007705911,0.25999588766141,0.244249240981509,0.256358424275151
4.13572464234461,0.7456173908644,11.4775038608341,5.05277856961627,0.943584694974958,0.0405835286859349,1,-0.152587870387184,0.882171055678658,0.876893799777082,0.175298105635829,0.933393492086432,0.210852217649991,-0.105562286784237,0.35292755984858,0.500027218074767,0.270432109288423,0.743616207958939,0.274814093672108
5.71914486498658,1.14853373946336,28.6046200404029,11.7172664539522,0.953519546303008,0.0353514186586617,1,-0.0413885792211074,1.12678255066749,1.32292235521577,0.18608921213045,0.792744959086788,0.293024632907072,0.726861624891724,0.257579497755419,0.94649373774213,0.178755399435473,1.15474315512322,0.259742770404431
4.36667172717654,0.753586948271282,19.6557135108309,6.32928947394984,0.88208607745382,0.0721243024765052,1,0.942396283637596,0.691761744209624,0.64088034276615,0.234465112023743,0.725176640194813,0.212691288749004,0.913049164405505,0.213951057425982,0.513306813964607,0.220371432184896,1.03446561038114,0.198285685491553
3.01504188663653,0.645444613913925,15.1001161572908,5.72482076691227,0.88138712225179,0.116218617978418,1,0.250501844324439,0.636709141163807,0.532253200971532,0.195470505413849,0.792648355301907,0.187613694130799,0.658221314165552,0.234720567751902,0.610730995506016,0.268512421339476,0.789221706099704,0.233979777373158
4.97751561507217,0.939851548989319,15.9087631740728,6.49021006686023,0.890560004655029,0.10588700365932,1,0.0883094914407068,0.932423188520813,0.644253270643091,0.344002302846276,0.920154285446537,0.190926368199733,1.02838641551818,0.198963318951882,0.510193369912036,0.282093855349416,0.579361494725477,0.277780173439144
4.54213215686414,0.923600974291409,16.4332109188479,6.78109439628988,0.897061781721955,0.073368683203078,1,1.1328819369508,0.762146670423262,0.590392188948051,0.249900083160748,0.563466915788087,0.30886590265129,0.515883247554015,0.321914606233087,0.677379564921188,0.233098689811211,0.684713008792535,0.236713596488561
3.3905119401642,0.672441760713859,16.9057721763022,6.48477981451294,0.877989263867262,0.0942121994301005,1,0.500133946954613,0.51044708563921,0.566234058625384,0.258367731349172,0.575781368871565,0.265068881550749,0.365727251664262,0.300541069995759,0.721615548750759,0.212442091518508,0.678395264800875,0.226651741189744
3.47190422804619,0.587472712285746,8.79172394055071,3.03207062084842,0.896011044893286,0.0780348386707197,1,-0.0724830900660709,0.805996983193111,0.44466937461218,0.324058773184973,0.674788623745343,0.254131921166662,0.739649961654601,0.145556953684681,0.601253543535933,0.155088424831908,0.57636747703261,0.164738271830039
3.89550181871173,0.715303915172599,13.3230394593196,5.27022618771864,0.851468893604615,0.0830137231496327,1,0.0640004607329234,0.471946504815268,0.780462952628766,0.162718766546648,0.432413494090198,0.200392032426131,0.817206203729967,0.241610701086114,0.722424889948806,0.246847989437529,0.313139422564203,0.303948050622868
4.36675316631085,0.918312932346041,15.3991966657126,7.0452413606744,0.940159466443647,0.0345553850857479,1,0.60110095060748,0.755407128596829,0.604857495030981,0.223355897632491,0.305924216148773,0.234385026585064,0.126750504732511,0.27983593894557,0.691795092610582,0.222296538736623,0.328767428757626,0.27560261317389
4.4343424624811,0.889246587873907,15.340118032832,6.5145268951516,0.864568385386777,0.068584448980898,1,-0.410236733989579,0.564697401455053,0.920098488727926,0.212282604398686,0.715345054348719,0.189722988304893,0.76432241035723,0.266839177382846,0.585578546659789,0.312832745833457,0.775369715883436,0.244429154294724
4.70212064083251,0.922733065846425,25.9388082628347,9.81677924211564,0.674976572976346,0.450408921779238,1,1.32328121562642,0.603473537578126,0.594296738245023,0.219677024281865,0.365039337078885,0.310264596283392,1.05940096389899,0.180045653138454,0.556242306338273,0.239637756223482,0.654307162197311,0.257382229962625
5.60873591341714,1.14581726197533,27.6230487414174,12.0764424329805,0.921085785949494,0.0526492874327517,1,0.893312191190477,0.691186660113293,0.404889862255134,0.358469558658068,0.954868802286056,0.203030253999583,0.971392450155314,0.267470743474696,0.759644054242555,0.250010395836611,0.887453591121119,0.263393401636698
4.53453017028581,0.918745421962388,21.984272606037,9.03036505202421,0.905989046551417,0.056976681328245,1,0.871018191946659,0.717705520017111,0.573635515140026,0.389661544558121,1.08486901937623,0.289916836690568,0.797357491039601,0.251219252379172,0.678346177049843,0.193131865272638,0.809718754121328,0.19364534752333
6.15553623470909,1.0687969534359,30.1336893190121,11.2103328047714,0.295703158721231,0.539389863203854,1,-0.0446117014616476,0.996654018363889,0.935147165191763,0.345055380648828,1.06116932754289,0.149895858336894,0.76812507308296,0.227033003790905,1.21115604040337,0.19061386732601,0.891893650091841,0.256649165214072
3.93892458489268,0.671537650763321,10.7498661039869,4.0391750756862,0.784694204850705,0.173563031074029,1,0.143720148921135,0.447110546046544,0.581640358302103,0.190270912091132,0.595906764291359,0.190349221428922,0.57722743624079,0.243707389107865,0.273379935665085,0.223413833847501,0.699772618422648,0.208305057977741
3.02798560458036,0.531359711828138,7.13446972454636,2.69170549037682,0.90452078717606,0.0594073939496065,1,-0.0592341896986211,0.576260478758739,0.0179377444859177,0.261749249772325,0.742897040659991,0.210663481634394,0.513077062553758,0.20120914371243,0.623677582502821,0.227817322870454,0.533631181508491,0.248477966698977
3.35818629944732,0.59921004795741,8.77510333986571,3.50923092354066,0.873460683094115,0.0904347139683537,1,0.205041541014319,0.513655705615015,0.733016401481654,0.180954602500547,0.54232041269439,0.217356904150064,0.77182797853589,0.22594534248224,0.738058819613541,0.243897958277821,-0.129201426580459,0.394205176834079
5.29245047686452,1.11012786085276,34.2360372261164,14.5534744810432,0.920262208276166,0.0740817773650989,1,0.46341089671767,0.913869910649,0.228064717387655,0.414967621700752,0.947490689889509,0.318522137789836,0.557178522365237,0.232066749632163,0.6426331270861,0.248537530898472,0.562475706525157,0.279209729285649
3.16016836356514,0.560060250986434,10.3803143773168,3.65725010498115,0.870766621897079,0.0654095638121392,1,-0.478515466887645,0.489866567913539,0.780781534790507,0.15959353620558,0.748625983596759,0.151939478633183,0.57697434780544,0.197985738694977,0.77879042317705,0.200071544473467,0.203280440859208,0.33464826467663
3.31828823267871,0.557217913383567,9.63850644445781,3.39531948787078,0.954212495236837,0.0152633605089672,1,-0.487420093732435,0.669652233316415,1.13993191330741,0.162477485760322,0.500752257561271,0.196847213614195,0.841144120745013,0.166547701388197,0.58451124690842,0.24006099690048,0.363196399692669,0.291738571357332
4.79591795065981,0.873622771465868,19.3177015389882,7.42816086488666,0.928122619132589,0.0497929347961717,1,-0.347732459886561,0.696926166154596,0.832640981006457,0.230646735593879,0.523253711121628,0.282713992485908,0.86818943810366,0.239974281061292,0.645910691044222,0.233035201230295,0.82687150348649,0.19154267259305
3.58925947129562,0.59251873241454,11.6775134836595,4.08534491014204,0.951892574396976,0.0248540584586172,1,-0.0209712291590547,0.759212706668327,0.837574404710585,0.211222719554233,0.72558143340767,0.195834735352968,0.79696230150365,0.205288441162183,0.685360525898282,0.178812365387043,0.850003672489753,0.177248928060708
3.65807978101028,0.554155923197185,10.109268253766,3.4126057376628,0.925599621510452,0.0473352346929374,1,-0.362438819508054,1.00248953986535,0.531179292079733,0.424311507824663,0.893730230220189,0.186162803347948,0.737107879031285,0.172678032986783,0.696679041458878,0.176136176561435,0.473797527387724,0.19048977356628
3.98117281054349,0.759569222809298,22.8743680252443,8.03674238969556,0.90322166055554,0.0513644981562443,1,-0.664377967201851,0.750559142781465,0.825274993362116,0.203908293775053,0.837991241361909,0.171472750600611,0.81881009432522,0.169233156774276,0.893443655955437,0.163428490204652,0.590174634157514,0.275466933976984
3.80101137574417,0.756954820038696,18.3376126171061,6.64797565334517,0.873533860817475,0.106382163035061,1,-0.0141059425200413,0.582644823815719,0.732686203068901,0.218085976735397,0.868961743666115,0.25108274108664,0.685223800278618,0.243616201345759,0.789845171203085,0.222228168401124,0.488169771477807,0.296331587355449
5.63511747922139,1.21236125429059,35.5739131089043,15.031121152229,0.934587007125282,0.0413205213278724,1,0.791197634156035,0.807944018053237,0.806915936304499,0.233150250126343,0.465913759706342,0.371239810744087,0.705400219649289,0.21709376378057,1.14148869451922,0.176814606302626,1.09129084563533,0.24005623002338
4.51108127016054,0.871425049485145,12.8859496939516,5.09627572860977,0.8996514039802,0.0548634760155251,1,-0.879490777007561,0.604209362808413,1.00964791864863,0.232574820675088,0.364672495119391,0.353860828056025,0.696589152271745,0.215761086194763,0.723604884612393,0.237443866715379,0.724876269734233,0.244921319192193
3.87949487601373,0.794871817200325,18.0211215538158,7.33424863754202,0.906070055200658,0.0716711195474808,1,0.47108953527417,0.691666034544591,0.935068800363411,0.143073048766197,0.705497572416247,0.188389433596747,0.612570058813143,0.20088168028191,0.512319958527688,0.267891814884324,0.522057995063343,0.332657361646901
3.82370180526334,0.7674566522008,16.9157685663643,6.84539946151358,0.939274593879405,0.0413390658237816,1,0.0278595784575275,0.91254636667741,0.494359567863858,0.264588709459753,0.648859837247905,0.22810191147121,0.348701119149615,0.278837666764709,0.710335488851305,0.191282061172233,0.85904164295402,0.174044516498319
4.28257570649368,0.662153188422845,15.9903208504433,4.95691653441859,0.597127035537729,0.3769923758254,1,0.124034175417109,0.426709998062528,0.775464469258078,0.191876646640722,0.640965105159269,0.21574662163802,0.296734252331854,0.271618962069606,0.721459504892886,0.181489816273831,0.817556755792257,0.20246624431614
4.60593587772757,0.823988530125095,27.4332624808466,8.92911959685361,0.807414116482705,0.233081177920341,1,-0.129802474612635,0.694523639201234,0.642913646012498,0.197168311020865,0.981829822978348,0.188900198397416,0.616748705446476,0.22885144581388,1.18472783640592,0.165126054082303,0.380515089802719,0.238047000678826
4.06793494791577,0.84448753973723,23.8206457944466,9.74857954354453,0.949002774365887,0.0255488360986443,1,1.09662492182381,0.762120426857355,0.880806242037759,0.187942637709067,0.906857231834076,0.232704820032867,0.383511860272928,0.278223775635217,0.756468018263188,0.156321557439244,1.11444265398617,0.23791635335702
4.43189859899761,0.706355248257641,13.6096419297429,4.59587160766541,0.738458450169422,0.27074425115973,1,0.139633598661408,0.71727666249461,0.68750501873277,0.223331769427942,0.650027636553623,0.270907695734927,0.658985120521299,0.200687963553297,0.80877367690114,0.167843971984138,0.705671051300896,0.193941725847246
4.06541219464565,0.855847125068838,23.3481644573861,8.972961379383,0.807678614952718,0.227375939094484,1,-0.0985828489879235,0.631424498175856,0.679201473399232,0.237720566832673,0.614839526126475,0.294115660822163,0.828552127688956,0.237041426395185,0.925395813398611,0.204881562115705,0.738804175788905,0.27823622368288
3.8905367656041,0.790790561762968,18.1998606902683,7.34067631404221,0.703678102423499,0.274783179783046,1,-0.456376393061512,0.468140176389362,0.457378110649948,0.223802232866004,0.652725858076784,0.227755274409611,0.970304331416206,0.235502200428638,0.785753669685643,0.21414752637588,0.732544953830379,0.255330873000301
4.0778280804784,0.817664003216019,15.6688032919137,6.52034385053424,0.917830765835003,0.0636754852186087,1,0.345397777740698,0.650224251625025,0.621733888863823,0.209839054014903,0.693222539809209,0.211129844161277,0.585159193134271,0.2357293374254,0.834773763917785,0.283027569796951,0.809735148102344,0.235497562660216
3.94521364402153,0.573765248309388,10.518821405201,3.26129041394591,0.92541747313306,0.0393603701658898,1,0.460153694872447,0.727763392497729,0.285303172172302,0.315509791553806,1.01155852652999,0.193469890997558,0.916439562153685,0.165900101345212,0.733734876244976,0.164475149211748,0.778569052123094,0.145235595657361
4.06662772828584,0.716568727050163,19.5043831593948,6.59000365303115,0.8980979462693,0.06707565919404,1,0.772067943867459,0.639186725894709,0.791366771393879,0.187454849988233,0.545571946036022,0.220732497956432,0.82670776789924,0.187365669312668,0.756839490525559,0.207001880038432,0.672927759759846,0.214493772647189
4.25167744130348,0.756414961624534,12.2629973192112,4.84642150612187,0.93180465972338,0.0479733536798558,1,0.145694530105464,0.750171424515968,0.911807978320385,0.215498882473682,0.909609904599152,0.207352439247329,0.36508032559987,0.257660287717551,0.801537132990949,0.212927990346602,0.43101032456606,0.271831632415471
2.96995692913626,0.544445075263181,10.434882283006,3.4067871452639,0.62613766844013,0.411328425798972,1,-0.875080469952069,0.504788188498214,0.649975431059021,0.166469828783882,0.557268870133053,0.192300413581277,0.440459646440055,0.209606473199612,0.194640924132804,0.273537408809327,0.678998426910905,0.231819924248575
4.81438037958517,0.879245966721715,22.4666873852881,8.14445986934237,0.829582369941915,0.159844439631301,1,0.283773485159842,0.65436954358222,0.655679748060451,0.236386839597868,0.725926774700558,0.244826970252843,0.922190205803655,0.210518430755762,0.427837663588955,0.216830485586255,1.06083532193542,0.165213472327322
4.1130499453227,0.793056364072041,21.0246556018006,7.28733669144799,0.913586503953318,0.0442309543650909,1,-0.316164793181781,0.638465475269876,0.881798463553742,0.215886832498751,0.672775189565448,0.203783233255793,0.7680710778238,0.165875497603017,1.04507128951162,0.185432583701256,0.468942862823168,0.257838964472456
2.93480401082579,0.484502427357929,8.39372030672013,2.76400194733319,0.877226859280363,0.0654227349756248,1,0.70490680209404,0.553663201461287,0.382180015948526,0.25245823209057,0.751114032490437,0.176257350312687,0.226128508540631,0.229101752384476,0.759355415166858,0.157498172792223,0.361677460243663,0.240563762555613
3.69279182235655,0.589634842270044,12.9068142646049,4.13854713934466,0.642859112709128,0.364377779841549,1,0.810751965493472,0.406975044349715,0.427072030010812,0.234637290883531,0.567849345610014,0.183030178990482,0.845491624380288,0.138973642196356,0.299110818959033,0.272623150296844,0.531051718309531,0.270917393059348
3.45501406601157,0.639589766856077,15.3274801020345,5.81011651486047,0.944847911726088,0.0285886260062573,1,-0.192494137437447,0.689097686674031,0.941585423431846,0.239771539584318,0.737700927851152,0.213370913959048,0.839193521701578,0.157684129715873,0.946564719761676,0.196166345941525,0.681791647971317,0.270188940359627
4.17287185391652,0.830470867051357,25.244412363296,9.55328607819538,0.781532856802205,0.205710175645028,1,-0.140939078915504,0.695216213202136,0.400491879228152,0.343890536709916,1.06062871875421,0.23797260605589,0.835159058016575,0.184875179366354,0.387626952064508,0.25134609400803,1.17888407740146,0.23883932012296
4.17944045327472,0.724482789348397,11.3791672592119,4.34625182764341,0.898027271368588,0.0599215082742449,1,0.447004773379011,0.59383241165169,0.843976626017444,0.209503560971874,0.711407802153383,0.237256151592651,0.82689913943117,0.160863771663667,0.698210638543499,0.202267671195186,0.532639045111604,0.256038504692925
3.31634795367351,0.637406148926973,11.2550004102614,4.11131305259467,0.81514351827532,0.229218267967596,1,0.0145445155063085,0.601885547425933,0.581242805186872,0.215503204126686,0.593365439386882,0.190605709154013,0.530867173282161,0.202440711494762,0.695307902929819,0.198278016283915,0.353954760395886,0.268722902422677
5.2038014953303,1.00998469603175,24.862243682323,9.8541481151237,0.413386873444699,0.56222146775331,1,0.316593017690699,0.936819539503323,0.76214891344191,0.294993120661881,0.992216461156297,0.196639206186387,0.425962406421937,0.262458719756242,0.977238260974068,0.175607994469168,0.895135767185904,0.224649629245043
4.98620321644271,0.964650260195103,18.572099030737,7.94654210263236,0.854215893521782,0.136360997766764,1,0.134440868894249,0.621951962164004,0.881461143254122,0.19854595545114,1.01428670813894,0.214551347550012,0.523700577343954,0.230191079592001,0.664021146903035,0.242610070402615,0.612483650195688,0.29543701538156
4.74906324239079,1.01544767122343,20.5773098264329,9.18595857236913,0.883936245515552,0.0797941935969202,1,0.151794939666175,0.525588837164438,0.693294308600454,0.274268467747207,0.426789569491492,0.254286673102794,0.912810781917369,0.191431932623734,0.831073535858829,0.276404538287267,0.654054013782811,0.301311783864026
4.92411904888125,0.78393330345986,21.1037437992018,6.64588505680356,0.0152603812498099,0.215648812519361,1,-0.382159143819429,0.613680400321835,1.04920592136719,0.221640295839485,0.892031932676493,0.228985970509894,0.72023231961449,0.166894208518597,1.01107986000432,0.151675274800455,0.837102846286229,0.239153049103134
6.86626975226894,1.09314577261621,41.6858876109201,14.2547134714985,0.892561355276974,0.0992723657905834,1,2.27173140660832,0.679606539105668,0.244235272118158,0.248024031393666,1.09446003003231,0.168222950669897,1.06820221421484,0.191516477749485,0.390227149281679,0.300351251226471,1.21919797102714,0.19714996538064
4.86849973742074,0.99910436336489,23.9382025005201,10.2656213381468,0.900803592105134,0.0840785959280907,1,0.397704109459356,0.900172308104978,0.766594574729011,0.316755197001154,0.68675682307026,0.263198828097528,0.627992569600506,0.219806032965623,0.595787431384068,0.169949090466509,0.434684287093563,0.256278767960884
5.06137252943002,0.966514090835993,21.5945768584482,8.65341791936906,0.845480362793474,0.188220380863796,1,-0.108586574656272,0.832030652221597,0.735060332787797,0.245419954283847,0.629825379014347,0.32516194225032,0.689932556407469,0.247310263171092,0.77491788686064,0.203917261879332,0.893827540857263,0.163529454663726
3.64321550224453,0.656747714684707,15.4346401259697,5.2638974189334,0.733841736806303,0.205508276962475,1,0.563507019502903,0.495768085466547,0.588848567438426,0.205563556162411,0.701105150820697,0.13996119147693,0.752690364197678,0.203536451566226,0.638022659610404,0.28885570513524,0.954958334763139,0.200573557731905
3.82646503726192,0.708114473558451,16.4525832283345,5.57587771888989,0.887458175061211,0.0872667128311557,1,-1.38644165270443,0.913991839079394,0.807725625655865,0.299623228654403,1.1446983410924,0.166928677100905,0.796332687254349,0.156223941480397,0.687692838341867,0.184665770077703,0.505894272570153,0.190464874852668
4.61909667224104,0.945621426380481,12.5455756811736,6.130518122424,0.976016223869804,0.0161603011706893,1,1.31539303461005,1.11792539940855,0.860487753028853,0.261297598230155,0.988009031734838,0.239598582386732,0.526623372998853,0.353584075161495,0.0402167326302837,0.360080395235783,1.10015688527547,0.181178637891218
4.70245909880575,0.767452142087605,18.1723187336955,6.61682730158133,0.872816904542892,0.0967261136862125,1,1.35224576251277,0.62985133018603,-0.262596373489105,0.465761477507796,0.767664052365288,0.245112490671555,0.89394489550791,0.167612411184077,0.766853019845011,0.194071262541164,0.756930187398079,0.221489471879232
3.59658255546013,0.638810062905342,13.3148573521069,4.76642046404875,0.86050406367497,0.079217865937414,1,-0.134152157288952,0.570835506092552,0.591651590969348,0.212751707607769,0.284803628726317,0.23705217395837,0.437774824126463,0.254349554951535,-0.0054010107068084,0.292569402276841,0.796561345471876,0.188971953926194
4.23791835954394,0.687881704584174,13.7949505079364,4.92608017227114,0.927363316363209,0.0378790059373284,1,-0.281952688157733,0.82628721749019,0.775483084165827,0.260853506004734,0.727499174629622,0.206306388889525,0.786367326708937,0.217787273415836,0.840750451770488,0.183934348006187,0.748262462280648,0.193736970261876
5.12941948759804,0.986134235693303,22.3120614812731,9.09921541782645,0.951793886174841,0.0286922408066445,1,-0.461903351926431,1.0081503690031,0.671424683138149,0.340908745566007,0.947056384026251,0.285032362357071,1.2611720016928,0.182806377294142,0.922768412855748,0.16742035416799,0.537150946053361,0.24788675076095
4.52694526505696,0.726927593889223,20.8893256021253,6.81026016010132,0.530199866082213,0.33940904425465,1,-0.215901915255114,0.546711766781122,0.896257602203154,0.219707588609032,0.943232008071893,0.129946575107518,0.988467240748884,0.175066167085925,0.882368366769388,0.186520437197372,0.625666559405626,0.261523334385699
3.91856198588683,0.7707565581083,23.3624762953199,7.86146814822824,0.885086680540331,0.096763555121893,1,0.57309557401689,0.672820377324472,0.640418147328035,0.278156276743135,0.87604379117575,0.181066758529015,0.600869233251918,0.168013402562395,0.489315835553736,0.242838813683951,0.678379098213329,0.244910456181527
3.48459902646156,0.574256042084744,12.2376101211836,3.97451941040687,0.90904843357027,0.0695890642686123,1,1.37335533999915,0.668760633713592,0.615459604184303,0.232267491618051,0.880832621673553,0.16374979539469,0.969697756284568,0.117706739137064,1.07064945441257,0.218347245760315,0.51952363402927,0.291691430756357
3.25910511974432,0.556370893056126,15.464924366043,4.27445229309233,0.642166781055744,0.254794369814063,1,0.350585282493446,0.513208828699542,0.774966085488273,0.229734669735129,0.819614342560092,0.170141415958131,0.85100203057557,0.141736187740343,0.486092586008422,0.216845847161254,1.06450197132133,0.154766231476426
3.08005442016781,0.524901335701543,8.21687004564291,2.89490078400142,0.917050451041381,0.0604519687326638,1,-0.332993357161315,0.689398928780178,0.587342899338728,0.253891831678944,0.505458222709119,0.205426105970177,0.439450492748413,0.203187002520711,0.749469128609384,0.159203521545575,0.537383925271703,0.169316962301304
3.35596579812264,0.847885859540443,22.1142107437076,9.3507566824412,0.915852330481576,0.0587668890981151,1,-0.386527973399386,0.727437983387294,0.843275802708049,0.223783561923432,0.475661611926662,0.258182995885367,0.38495597761498,0.374649656765292,0.653491580670077,0.289643681010692,0.450566983086701,0.277685335453562
4.43555170934409,0.921225898845319,24.7109601231159,10.2895691804276,0.94281689037838,0.0247536214929741,1,0.2240355969747,0.709004200898534,0.799036432053995,0.195769679038474,0.590146671736591,0.238887639354039,0.875145521700285,0.253831087279632,0.621669571231167,0.211956702424879,0.773508265293305,0.23954073244571
4.04273163636555,0.652233785609388,13.3472633344628,4.64468492068959,0.69413974626562,0.277484519294761,1,0.166504933368164,0.424315952195422,0.700124883994009,0.155048527787987,0.416503560360507,0.235894748521098,0.279843353422357,0.271143516828884,0.599839194005151,0.236211879691457,0.588788812530993,0.196105324504724
4.06064325176756,0.706282512363096,14.1960570677542,5.04140816737983,0.824498372726201,0.137263541323664,1,-0.401558810811751,0.64233879998262,0.544703491967471,0.262574245876053,0.300401218794909,0.265160447801636,0.780331603624674,0.211322288329234,0.585450917423884,0.213656461219307,0.348398573209867,0.258518615084144
2.79984591803739,0.562231532236468,11.2278201177804,4.14027186946905,0.916782073377331,0.0366739537169577,1,-0.320278414565335,0.5982125742449,0.560655688955076,0.174430055524067,0.614119350812229,0.212103552523411,0.483101525635487,0.206897263289328,0.598300889391422,0.238075915800171,0.303476850570945,0.272603734836732
5.1625592755508,0.867449596308064,22.417974831891,7.86617645076088,0.855701214701091,0.164221244181076,1,0.0709696310997393,0.670495839604245,0.599833327843982,0.258890255936421,0.766422400840018,0.226938394269642,1.09912837028713,0.18926671359733,0.578422853530477,0.200747268147188,0.854377755488363,0.180041003405348
5.38189565375389,0.859564732900183,15.7832958131474,5.8497067947399,0.889738517748213,0.124510726665389,1,1.54069222173167,0.788253196447659,0.487200017432237,0.343854883604912,0.394585042366218,0.307898890406754,1.02544117545045,0.208267755836232,0.514413605953817,0.218635478236327,0.902053301777163,0.190294583550461
4.58182842666944,0.788907010039055,12.1025419110853,4.73834521628789,0.908567661786051,0.0540191262130174,1,1.14426365584981,0.59389169426304,0.751443476489516,0.232994949516557,1.06862739259176,0.188479181080433,0.901807524099546,0.183773634455047,0.554844341709025,0.310694509922243,0.122204776321931,0.359757668516274
4.85054974606227,0.849005720931061,16.2418127495252,6.17485197358106,0.900160435913375,0.0784875855629693,1,-0.163255861218867,0.733610459470492,0.701326602203472,0.260381264528607,0.911296806437302,0.199578283294471,0.778004887544748,0.153800725499355,0.472592617981816,0.284830384277135,0.462082779563062,0.261485922221954
3.91330153427488,0.874428447333751,24.6108784164952,9.92505219897386,0.844340867303098,0.110140970669259,1,-1.2096344818014,0.582389206775838,0.85333128910309,0.208496538694384,0.633033889001397,0.214703401873868,0.731111095265583,0.188598376011359,0.691944770665642,0.259470477875604,0.467036154460143,0.300072070544139
3.56273401633786,0.661712027649161,13.9161723280464,5.20355892068139,0.901921038762429,0.0563612506633942,1,0.101465643533814,0.63533382559484,0.878206739307879,0.237316886551705,0.518194265931258,0.206244253049501,0.848245588262488,0.200847770650603,0.318639963596293,0.255111522143397,0.55563471476036,0.276317318442563
3.70957639673907,0.667541805595099,14.0213305331949,4.90272153929933,0.786725073720596,0.188070348288177,1,-0.42896138648053,0.493705498598891,0.755073024462131,0.188933689872834,0.682217358916222,0.17862064496328,0.757966249850278,0.208721077076164,0.595625946548532,0.21101425989755,0.642189913105446,0.237308180693314
4.81847958827065,1.07422399683117,31.3723886274127,13.4345033071422,0.943468040516918,0.0318813602193051,1,0.164667733379278,0.810256674638213,0.865702247459843,0.257019996377671,0.749469127542447,0.218545179944862,0.75150713038063,0.21082630067106,0.660391809234993,0.243863736642238,1.04287478314463,0.276750890598773
4.77807439484049,0.800431868844202,15.3912981607992,5.49328541468058,0.895122424922928,0.0873900839178825,1,0.892199835364545,0.622319375184204,0.913334285088467,0.251861935181199,0.492019187226829,0.264228211843501,0.750886024989264,0.199346098139044,0.506882011322824,0.216987225629164,0.940193175825482,0.178025819207497
4.2914585726858,0.938715642016694,34.9938072055004,13.8518185907422,0.900463826246677,0.078642030669619,1,0.395968593059815,0.607127913633938,0.838942712322103,0.288882078454991,0.697232514347955,0.281183212889761,0.993192528361796,0.192950342903264,0.898330584057129,0.205752633803102,0.85796765240714,0.218587543875308
5.5058081633418,0.969647819583269,19.7671770904529,7.41927367274655,0.786119074165902,0.15202468168396,1,0.668188604573915,0.589328224160132,0.329364868819869,0.233810483578598,0.876025674211854,0.267271642815358,1.06908465823213,0.184317990242055,1.00491093865973,0.174432707025305,0.448195935466502,0.289249374662663
4.31922833390185,0.735354930792659,16.9990372347924,5.94962360234717,0.885360921872179,0.0530450661207083,1,0.133850068210918,0.602352466144584,0.481944350691545,0.257182279848102,0.692492010478994,0.185949312794053,0.872452721612379,0.196335306753139,0.837411587664976,0.210395858593836,0.225756279075304,0.311978663385299
3.20090262533838,0.640039365040072,19.0562130337009,6.36387691371593,0.886192521863603,0.0882195143523648,1,-0.74379076925882,0.743499422269482,0.928167177667551,0.290176149167909,1.07140891122786,0.165941684776168,0.593490791202247,0.217940838457633,0.770605681179104,0.170305308224668,0.772902690012941,0.247833819632785
3.33756526800569,0.596692262580418,9.63353097746901,3.44662322664169,0.790525219091487,0.195594127292038,1,-0.200187399975121,0.616648924255086,0.528537227853669,0.311870448655309,0.532363462961748,0.253851988315715,1.03316540565509,0.152592485372649,0.194166501377953,0.266906231667392,0.78276210842056,0.181663975103765
3.54845815173064,0.56323803547531,10.7994133028042,3.43154466590096,0.570191172155163,0.348031988863667,1,1.2988498800806,0.585243068315431,0.47061262647576,0.261058985978876,0.601246742372756,0.18767186568625,0.543645446245747,0.216920702108516,0.752883129767389,0.186645842881783,0.707196777901371,0.17928322016324
4.1636117518063,0.743049665398566,13.3532305172586,4.95628977799503,0.884258047362617,0.106854583075156,1,0.732629581724093,0.572908766717309,0.671021655195002,0.191747283626032,0.62508813491113,0.237131681209611,0.492549790923113,0.186068564601278,0.604139683751559,0.213103361549375,0.861281737493599,0.20602732664992
4.82970315497204,0.886674659619624,24.6219306433115,9.31345176229633,0.912133994881737,0.042498518843537,1,-0.73463606975808,0.666765276571827,1.16309314498738,0.179063671093969,0.720438771507407,0.201088994689182,0.549098061723279,0.227484149850181,0.670203073479326,0.218085287703988,0.830021170863262,0.238063663855378
3.96852976027048,0.962577821609909,22.025056976965,10.2183038136372,0.930530413721874,0.0557563798326685,1,0.0865569154726856,0.717568345490451,0.75842268544379,0.264549353239788,0.65950660489781,0.2517244604663,0.424149731161312,0.319334003861672,0.539049347784888,0.316923736326644,0.963542528199671,0.228786319554849
3.3621297318362,0.570337097829706,9.27891005886138,3.19026544368777,0.915756002383694,0.033608131994617,1,0.569140715618517,0.595832626417341,0.424101331036742,0.202333367353414,0.671901424478729,0.200038278019003,0.532654675688728,0.163375548300924,0.847588847214591,0.236273057039476,0.387376507382523,0.233169992644566
4.16345090385099,0.806207636142486,14.9513502734294,6.19234039616689,0.915173481326463,0.0490138172268466,1,-0.491963674322657,0.673616030726864,0.668375839277325,0.196685308398906,0.662373498238563,0.234594286095837,0.673677953649387,0.21593633821544,0.796796344967553,0.243004539399028,0.757850722349187,0.226990121260301
2.80130900124528,0.612040563260247,11.9477478100105,5.33201417433469,0.968711278218584,0.0177514593627582,1,-0.518036833784853,1.03550653036326,0.646835409079541,0.335848684108689,0.730845641977623,0.187733787139355,0.57566646889899,0.212621844911853,0.947003713983885,0.24151543598629,0.476884365458308,0.201513869194085
3.64877629369221,0.64973735377784,16.1123397779115,5.0875978484839,0.594085192893292,0.367727833589708,1,-0.185101603397995,0.460920154585253,0.633601227081585,0.160911192829826,0.689098644168323,0.169231000241286,0.623519671096975,0.21536574053635,0.511559440765925,0.211721630409689,0.705605050192098,0.252793252761162
4.11482960957798,0.729780574344234,18.8244023777606,7.04083550799481,0.952799247778881,0.0230092918138386,1,0.292314956805596,0.705465967594228,0.681249238123507,0.239929005219132,0.710307990140074,0.21005122825354,0.403452955415001,0.274064723495473,0.673095303943708,0.240936832459118,0.776648415122598,0.163413669717752
3.81570907359718,0.725909563892704,13.730728000749,5.16650808254576,0.944968379676094,0.0356795056686456,1,0.624924124445876,0.812229846129458,0.0745698919930165,0.366094317448422,0.53267152815661,0.308805849277919,0.688712320532342,0.213550465950147,0.995646661475638,0.122208792690944,0.657245561670647,0.182056428096326
4.2484412149629,0.912402590439258,20.9759536120725,8.93954544293722,0.895751079887063,0.0673048265861215,1,-0.404390245424888,0.709387293345817,0.679557813169953,0.303111896263543,0.788346676361447,0.224488110236085,0.373130185759543,0.203969659401869,0.601908822645697,0.289240160141878,0.827350473876308,0.211445419985758
3.49843343464904,0.483804478478991,8.34225348987249,2.61651081166669,0.846482896041723,0.112559498542478,1,0.32012581716731,0.538915101352341,0.642189553628297,0.235000072870433,0.669301106334124,0.200082008136324,0.610721220597266,0.206370864375792,0.782408446833291,0.16174477541965,0.682302995701389,0.187356999824033
4.36626327115214,1.0177445570515,14.7532649070485,7.3253248270151,0.980226462765484,0.0123587981071939,1,-0.567642997157619,1.22347712520969,0.95113336563375,0.297603647249463,0.520219186137099,0.280870756128887,0.657693289038448,0.200806155832864,0.974495261952421,0.251679024837429,1.03286457251785,0.233399197771083
2.91767116658205,0.59383254054992,15.3288691268389,5.20301993123314,0.856919402712928,0.142056568982548,1,0.623476796326597,0.608607486373411,0.250679053422802,0.320158361153824,0.793911030746131,0.177515675668532,0.388523025548221,0.232208436725124,0.893427653685228,0.200255668648329,0.592211521795975,0.237756269434572
5.73542393771162,1.24967764878197,35.2420263541798,15.3254420942167,0.819129797510733,0.0893921139263453,1,0.51816425282872,0.730584111530574,0.97582981777539,0.224691346984622,0.176171376785941,0.324099482749995,0.580002725402875,0.251836029932921,1.18435440162703,0.226106001369341,0.707238614825708,0.379702908427441
3.57915323708908,0.527405404476036,9.09425235895298,2.70436273432473,0.649251588728102,0.291073870930037,1,-0.504348717971484,0.548477658015242,0.690560522768757,0.218483219892844,0.657048996355518,0.231357398235184,0.730694252026803,0.152439599377328,0.626982752338221,0.150367781039821,0.395162103265981,0.225428836881093
4.29387305008582,0.835548919809069,17.569064078722,7.33148042967398,0.964726689490326,0.0198197696692635,1,0.456158932084318,0.94023012166043,1.29528378025638,0.180968551876339,0.700821503338228,0.255606525728693,1.04656488388351,0.226396957225309,0.70576621710667,0.251401564955268,0.607344037531752,0.278217582657648
4.27192202196556,0.684881254998584,14.9585881152031,4.53257094564833,0.862570755106156,0.0805463148620183,1,-0.526044519950909,0.64472470042021,0.765962837695941,0.269281494511816,0.874188818117756,0.146626149202173,0.834032499952796,0.179045137676729,0.636670095055447,0.185082655337294,0.818164440935916,0.170900351602297
3.327569816889,0.525972888108168,7.77268077291752,2.84267049693773,0.833507770031829,0.125282805584158,1,0.0423347238749516,0.535238254636337,0.605793012005989,0.189188599316737,0.501056249108767,0.18444721107314,0.344165381781531,0.28515890137533,0.577068853168777,0.230874852559435,0.185782843432121,0.288991810872185
4.47690770419833,0.679003331140368,13.5481245168022,4.66136928469444,0.638092897864351,0.243441603667641,1,0.558102408341803,0.509661198213014,0.621011307067314,0.251310981541368,0.834987691492027,0.241097843531337,0.180491562447727,0.312632516483366,0.800545939718544,0.158164235890367,0.564768588028945,0.199503201701395
3.8645206221943,0.773028943958773,19.7568254073718,6.95835642113483,0.83641113277066,0.140597430184887,1,0.625170878740449,0.800356107059731,0.731399471008585,0.265514898788865,0.678427897379479,0.309239303390938,0.615174130275142,0.233334114182635,0.847086129223135,0.182194846537853,0.715160125722506,0.179877214212808
2.6797492909074,0.601887531861445,13.7862071781271,5.26611931752365,0.954469972670384,0.0252305606340595,1,-0.264599409248164,0.746112806536276,0.891861542256915,0.211253186403879,0.786384265751964,0.202784659612632,0.90217636722983,0.187805406079653,0.639170803779923,0.218246421437232,0.893275352620126,0.202774992264454
3.79594307230661,0.771941171492738,23.0042462648225,8.34785581481453,0.0867772366735904,0.332116367768506,1,0.392219684685979,0.50703463735796,0.703715235520021,0.224463461488039,0.099046887463776,0.278215693098613,0.816964738375705,0.139003102064299,0.469397049923593,0.317287092151343,0.852853822545113,0.206136073203172
4.4496726781764,0.873895379430964,19.710533950501,7.67929678203559,0.883783604156975,0.0837089108967741,1,0.285022841763792,0.552031908566679,0.664725381130693,0.224267509077606,0.475361781822619,0.254382684931388,0.837153379960297,0.229796970199317,0.607559520118984,0.28832315980307,0.917241668741004,0.222118290310356
3.19207013391481,0.688550641585877,14.865906467039,5.97811006626718,0.737942904373477,0.229151393990139,1,-0.709233866189114,0.503608653348276,0.498755726815134,0.242012678327839,0.417374761217797,0.262335019978893,0.710194702556122,0.191578603172215,0.0496147014836641,0.319659767807114,0.715731728181789,0.206978360807536
3.56226642265732,0.681788368945362,11.7405730227223,4.71382446561038,0.914483199540963,0.0513303140042252,1,0.644909774565225,0.574375842222213,0.151135293654775,0.272077239835774,0.836408154078427,0.207687051162362,0.59667036714402,0.200352355614137,0.611476742823476,0.239643155452853,0.674352359954265,0.269224282429086
4.23966852188134,0.800260536019718,18.4463901860472,6.98102523156676,0.881955633475099,0.0730730495290994,1,-0.786981691633084,0.617541885138744,1.1257763223361,0.208357396233065,0.762007295186416,0.179926486117229,0.499439383050517,0.226001467559668,0.578935483475089,0.278214671573167,0.510994585840924,0.286925627877795
3.2935207704582,0.840699365448471,26.7467561948721,10.5478805371888,0.407598465301541,0.652886735947867,1,-0.0674638129769463,0.549162997627008,0.293240344969157,0.318132877254136,0.498440888712039,0.263289442771429,0.126634828643467,0.357993994843737,0.398174807114988,0.267731768235729,0.99946423380106,0.189126529541039
4.14943064345692,0.702079776454525,13.3961487423869,4.86059513156408,0.922358886801374,0.0391058011432303,1,-0.990462296020307,0.66955533608014,1.06502466606034,0.16750668603448,0.638141877646262,0.189565902167055,0.939368525624605,0.195465574513621,0.924781859305163,0.18938141723124,0.428159566890939,0.230713087976704
4.03727282433062,0.657897500995826,15.8402602681225,4.9266376594294,0.587672701589186,0.257252950774085,1,-0.265004642246095,0.419565580469303,0.54363205876988,0.201235840182489,0.513620392680203,0.269901023799116,0.532428436088723,0.258639569135271,0.610032843005936,0.157118749017455,0.653308815578547,0.237543983221717
5.53435328303033,1.09234578511199,24.2803920653523,10.0044299226625,0.922926330266369,0.0458883841276077,1,-0.753539662496691,0.871540874717087,1.05147727739431,0.20934295224373,0.819186905515214,0.173680789072445,0.815237045331616,0.227506427469079,0.785073120217812,0.218450903142295,0.847100300945611,0.246772176491371
4.87480716637377,0.834981123064542,22.5202331667554,7.99329597728752,0.732069304300087,0.246984685380662,1,0.473839853604412,0.455111264139626,0.422974498598969,0.295868307045437,0.923038702671984,0.156585078413417,0.929030364777488,0.219595770993474,0.473570501558976,0.253009178855617,0.725698539348975,0.206881476618188
2.91297770489304,0.675631624198213,21.3938396208336,8.34862077019005,0.887996434304211,0.069582743093086,1,-0.0606904205870083,0.651580060723776,0.628294264895607,0.212250444000548,0.797929906992842,0.191801919809605,0.416398052897807,0.298844606123802,0.584781555298725,0.273155741368929,0.878870536504278,0.260695764559946
3.61383515222348,0.563301760746104,12.8380218444392,4.29919186233633,0.889812489757681,0.0637367980788463,1,0.045857064985488,0.590912828340035,0.802731843881677,0.259296832477295,0.642608148682874,0.16275441316592,0.604296520147394,0.205060229082391,0.668529931057029,0.152520527315656,0.596164216116675,0.221698979808906
4.48368137709037,0.769235911693634,19.3736979886485,6.64141718264822,0.794340217389159,0.161718738491461,1,0.711402584793129,0.567926991974679,0.522869273059429,0.188872500562575,0.438261127651259,0.274943019604323,0.557382420067521,0.221227468761909,0.70293763028667,0.216437318811692,0.778590777132109,0.198290333496887
3.70823058938682,0.552262195069803,9.72372765512182,3.31509553556545,0.900873885160651,0.0531684162110436,1,1.17138856331658,0.504716545152842,0.496584731855316,0.197430779294689,0.942295066870659,0.151504024265259,0.622728762856406,0.242232671493068,0.50313266586714,0.251430868251114,0.850602339315292,0.172300425341955
4.10826599904927,0.729940784785766,13.3370761301509,4.93324341132177,0.914861961273054,0.0661877237427933,1,0.183512493756485,0.83191829691849,0.753854861070872,0.256392471813896,0.664219898745546,0.203837764363418,1.04123230144929,0.191213993531652,0.702335299740471,0.216010165006789,0.45917118386395,0.244361389752617
4.46325973233602,0.967317535353071,22.2454652415032,9.47614674138747,0.63579741020457,0.390627679940871,1,-0.354319496926589,0.440613899387518,0.848277878257512,0.210078179371565,0.925057483497444,0.13684659133565,0.712415778948781,0.276608889439687,-0.0933626697001522,0.409372738454073,0.365054339420227,0.34639020159209
3.80999998773803,0.739800656422418,18.1416794192696,6.59350741280533,0.872039044833038,0.0890848598955897,1,-0.169394916383795,0.682857466642744,0.356771230760645,0.207799653760752,0.767215031848814,0.212574164956253,0.556090604983087,0.220627970308182,0.826573218544009,0.239057612312233,0.729262722847628,0.228173986559729
3.53280453061487,0.67229698592136,16.392027316558,6.03366597090657,0.866905255250124,0.10072019974369,1,0.394199445815544,0.533231611299734,0.569044904068917,0.164541022656883,0.83004887085366,0.185931860019785,0.710742801002279,0.248731004760609,0.466325907684297,0.250793996607947,0.502421433175899,0.257134603921684
5.3800108738676,0.968282459496966,27.9609394920181,10.0944077862704,-0.2852816789423,0.260518306227402,1,0.343299077454433,0.501388863033036,0.706024287444848,0.262359511776082,0.980120120300906,0.158891718960787,0.936124659022026,0.224172391322935,0.875028667362663,0.244110803930913,0.850515738636389,0.222893891282832
3.08002277319751,0.619435240091341,13.2769156088582,5.01363068043024,0.924320885146757,0.0380701686394133,1,-0.955107658518815,0.79950561607669,1.04864768414737,0.208609027649924,0.528557064632137,0.234219137383225,0.725555250546684,0.177846048965247,0.800034409368817,0.189588106577158,0.456428400105105,0.215349378303815
4.23056586553523,0.799329975786257,15.2282236590826,5.99890774464906,0.933516196323403,0.0371034136330181,1,-0.227588689807758,0.690763946583983,0.661914120022767,0.22025344655249,1.10330618715837,0.21788668836027,0.570009307525995,0.205433406105886,0.808161692445006,0.183845553977163,0.679046030554283,0.243973433893728
2.73069444189288,0.541579464883048,9.22357547845535,3.4801626462482,0.925576005331194,0.0423063118538558,1,-1.02996097833266,0.664934460924245,0.492206043863991,0.209494071151069,0.93442971737502,0.113380028888036,0.616861755255298,0.203468673999844,0.621113052266671,0.24039275070538,0.353846969509374,0.290406573119896
5.60842328889715,1.2399363955589,34.9209332433109,15.6891898798276,0.945246388407221,0.0311721806509247,1,-0.309633822268469,0.92795264702146,0.734507631846736,0.33059784157483,0.862527816880899,0.209416822384593,0.527390616191854,0.187289356135151,0.957780996466432,0.241375154081973,1.04805412868512,0.227853718310964
2.75175841807238,0.653790368976656,16.98150183123,6.30005958464616,0.946563084360159,0.0313772604222241,1,0.146435562279548,0.707629233643455,0.81809236443976,0.256120660665814,0.973377828615233,0.210805694887193,0.88194001678281,0.23826759676919,0.624410801503704,0.208464799974266,0.887995141629349,0.208289354057917
4.51034784055292,0.752077823650328,18.8657667661319,5.90911794665461,0.364702963363009,0.504182437864529,1,-0.47909654335926,0.640170445657018,0.711947661139748,0.259344697866431,0.916763928076283,0.166975831560524,1.18078515893695,0.151444262009048,0.512482638421734,0.216657526664349,1.01013526450057,0.227756088714201
4.21943490877887,0.820820180013128,19.115846442841,7.21967028445116,0.922463317681914,0.0578400938407262,1,1.16264901769367,0.825347996037193,0.695247078995527,0.190098628953416,1.03459556108732,0.229227758425827,0.792559256762262,0.270555535936142,0.576107952731199,0.232469069717463,0.595464878801787,0.290879102217042
3.57699609061063,0.541504672911107,8.77531936582691,3.02708881634588,0.931702354740401,0.0369828385965433,1,-0.853913891319563,0.797134998442477,0.943924340520812,0.216212415498827,1.05337212982182,0.141822083722619,0.794731627799386,0.205494255297787,0.852611906555042,0.176391990272559,0.579822245436823,0.202212677493136
4.9966493730075,1.15999025499899,28.0078258186039,12.7545126976873,0.816359442678075,0.211864595183001,1,0.514387013548954,0.588071005278788,0.681105850643104,0.247573829546872,1.06704818666978,0.203417115087757,0.772120084507561,0.318730006265778,0.667456300562713,0.36152903510053,1.08132843366142,0.263153303711784
3.55741821059211,0.799457502208377,22.3457188363012,9.04491367561559,0.941578046718185,0.0326404354931196,1,0.834545639464289,0.729311234102296,0.506396560400858,0.225155211427372,0.941347044588901,0.139436469053887,0.734355559682701,0.172771783970962,0.416522447128763,0.306251137190613,0.736780654644396,0.303702623311906
3.82840081540809,0.742504569509868,18.6036947153304,6.73685002792265,0.872890695868435,0.0767097239621706,1,-0.728494101888035,0.576954357026314,0.734823127022187,0.222273685937486,0.536356266244126,0.254836105153542,0.745165943848903,0.238024162273799,0.526205366806072,0.237565962393158,0.92148696796382,0.178837247429093
4.76163635391036,0.91565141771822,21.3850674114267,8.52885007998227,0.881517458515479,0.0687794597857504,1,0.98013139398378,0.589268155205097,0.652098433714164,0.198806374437726,0.430180833508214,0.237823806666176,0.780588185446752,0.2490597150873,0.799099203186107,0.2331649328857,0.742699834200228,0.259571192235
4.19571686056365,0.857467885739122,24.8929714062996,9.86492493631056,0.258015610890599,0.4436622952645,1,0.852839283332625,0.353224089635575,0.310814574469158,0.277506934299893,0.759763991758023,0.226919150170777,0.385468216570401,0.255857521182294,0.980147567387166,0.207664081939365,0.830696044655082,0.243238747170831
5.46919497795713,1.2419028276955,23.3910158051947,10.5758587295589,0.912828724321555,0.066973979404818,1,-0.105295835988583,0.718390279207319,0.635489884439838,0.15993778868501,1.171822346825,0.24610728374037,0.761500329134488,0.263796313821461,0.801442740988118,0.253836881822226,0.669803825684724,0.326787274972972
6.76853348910045,1.46063195706687,52.061877941546,21.4658278312009,-0.216855570558763,0.450116962195272,1,-0.628056412393723,0.605041806685924,1.11883533543783,0.223919969450496,1.07212786591351,0.149347776833077,0.713898657549002,0.301316326495997,1.31290603131607,0.281923637660607,0.764291797809036,0.263522358828314
3.82302255639623,0.572390199551836,10.3117662630222,3.17164183160524,0.66071751852571,0.308616029807581,1,0.81286123503785,0.463803042821323,0.628115455249204,0.195231712764034,0.712962374004217,0.191346114808492,0.81984862691058,0.157562924529463,0.68918414835829,0.207582223403625,0.278184384412945,0.246546901032433
4.17622540947184,0.785755089573859,7.81362859192004,3.53102141074318,0.956630522255667,0.0269878739876409,1,-0.746087820344446,1.06974700478751,1.03229430209924,0.207381587952567,1.01784833946695,0.206503703312102,0.606745287349141,0.224539038187937,0.203105108127605,0.289090936151293,0.364607723464599,0.281419946987517
4.44870158927739,0.797935599541054,14.4885513122131,5.66695108101924,0.889481399925336,0.0672261255892006,1,0.407869533671046,0.656961180043537,0.781617099943137,0.162405769959655,0.682791948810802,0.164123459806267,0.399353474795985,0.229822332464276,0.345031171351781,0.307246631775436,0.882249495930479,0.238474708337599
5.06829348514893,0.869397892952835,15.8419077808249,5.97895011275736,0.911574156960941,0.0537133127941102,1,0.389573902452082,0.693262822629629,0.591636872925908,0.278773792151427,0.954571962552711,0.213372027383599,0.637134347987436,0.220746100518623,0.522280114158025,0.281076020842254,0.860913385084133,0.197979056119558
3.64074224365551,0.620797053232521,11.174218180977,3.85411722388158,0.795323216030954,0.158069534633669,1,0.774761056572004,0.508313609756875,0.741075996269557,0.144983904209173,0.725115248483435,0.184433439985438,0.580525333691022,0.27071153118191,0.444394211252876,0.258296190136428,0.627136578401271,0.200381705357754
3.28878793060196,0.491998428562845,11.1778026192641,3.2568443775101,0.77342769261261,0.212553188045638,1,0.366350079866627,0.465952429461087,0.628434337884544,0.252069380344267,0.498235473754343,0.227641552956397,0.643608311626005,0.13675191845429,0.518398166537015,0.202050822553933,0.596041523645965,0.184025257089324
4.46291762622561,0.873814760294903,17.4376896703928,6.97722672643425,0.94335179915233,0.0307281152804323,1,-0.467598063622998,0.783300105767089,0.937286009666036,0.160827103457012,0.589048265867085,0.251037111614394,0.621756736141283,0.233931559560625,1.07268870979032,0.227845931401597,0.679122412221278,0.226041497086479
3.80977767674165,0.797337466461877,19.7868110945445,8.34443912594616,0.945510614381653,0.0274229361325514,1,-0.840225062028782,0.816045231067391,0.939075751297445,0.284249058299172,0.820213447321705,0.172093954846608,0.884719250441867,0.149152056820401,0.780482868963067,0.228512978780559,0.568378063200861,0.295927146613494
3.59946126421089,0.879304633792438,16.2398656665171,7.57031883258371,0.898191950140496,0.0678622428227253,1,-0.916426618355253,0.624362562095005,0.903587919481165,0.183214250538002,0.820531381072898,0.226297618885944,-0.12341801568386,0.431818543432999,1.04995996555462,0.274774711908502,0.190318644047706,0.386028195955768
4.6248173346093,0.766475053875405,17.7679950246456,6.58173260103323,0.735159873098066,0.272813864170587,1,-0.532453490209377,0.612102123750027,0.917772462667544,0.162200987586194,0.872820413943211,0.242596420956986,0.561829631867959,0.211857288631488,0.819908475560775,0.200052513060554,0.568948645131685,0.242164236161939
2.7925675076892,0.506704414232773,10.7395329480174,3.35555260479537,0.435277214906836,0.33230371628226,1,0.209726602228694,0.402444939439163,0.476668580993156,0.192047445042387,0.644009010157866,0.180211453154731,0.175738249476633,0.246707130281225,0.769742846392578,0.184933210709605,0.77004540768982,0.158262363864112
3.37772955288196,0.684731227261307,19.9591983243515,7.37227959053747,0.668576095669232,0.296557085777411,1,0.443505738967776,0.57449290541355,0.369661704885686,0.282080460853846,0.429792870208759,0.247311523306124,0.936716729691914,0.150371672645287,0.307315463610575,0.296611248036999,0.79112476552127,0.189575804683977
4.06960016465478,0.704844932236168,16.8852435755644,5.50569987191039,0.632594419546313,0.287867512937363,1,-0.26485161042212,0.548533697853882,0.797374345576486,0.27557295464131,0.872425700377324,0.237310951756942,0.602914503443879,0.211667883932302,0.780975561574554,0.158678220539543,0.523748078194084,0.207989215613879
5.61943916096072,1.24483329376713,28.6750356537213,12.7908480743299,0.93289045685722,0.0385060049404043,1,-0.721233805373308,0.830052672991537,0.934697580176474,0.229386198399286,1.08473063356505,0.279863617220309,0.568273995388387,0.263016781272705,0.882422714026102,0.259011525743746,0.362301030286903,0.321718739890881
4.98107822833581,1.01084237796087,24.3812070590891,9.70621750565798,0.798307419936892,0.187315473185614,1,0.665385666646185,0.617846730314287,0.430856088114261,0.352245230765034,0.743759356690861,0.237147164715758,0.34812908248896,0.26290687390402,0.928376464028819,0.151087896052709,0.530933630229707,0.277355808891634
4.78478699614641,0.993185945462242,29.7982528996005,12.099835462736,0.86279286817746,0.107407249581641,1,0.586479591361016,0.738948979675419,0.695104041163151,0.36104397969286,0.595912250183687,0.248476948925964,0.828277543887542,0.22544696524847,0.754246623593557,0.229531568106435,0.813765338588728,0.191302495644894
4.30593854753308,0.784600859355343,21.5670449893811,6.77147648960327,0.63216233653707,0.466431752987636,1,0.790608059195328,0.602624379958642,0.729025624977666,0.198117541367649,0.759652750578674,0.206515815822565,0.838857470002978,0.1961239053818,0.878028385522003,0.152179007348453,0.820188019410974,0.182007737700172
4.37213411276553,0.785950042759685,13.2827568716281,5.27320367587467,0.899933757570875,0.0497439979606136,1,1.09363949928662,0.71194039695867,0.515593568483768,0.209327020297658,0.446791650382465,0.178949131182339,0.541141948503572,0.21142139420463,0.875688995564679,0.18195354470386,0.58371345142969,0.299776566026864
3.13400910193059,0.661550925943272,7.40458724006789,3.05590593319438,0.908289329331628,0.0487702495365729,1,-0.0494477140339474,0.699894301876329,0.589042830703583,0.197355254751649,0.439568054354391,0.233955622627512,0.571758296771422,0.242269820341366,0.649839446870548,0.252926591573544,0.5301367757637,0.276068630592202
3.59573063395575,0.572060071936858,10.362349635887,3.22120001929692,0.708676472152731,0.219694682142717,1,0.022015368236849,0.481046473450104,0.460005162156736,0.26151552860137,0.580982755226352,0.143581635042424,0.583547615767189,0.198029811264965,0.576431510649188,0.230613532565042,0.799895745186352,0.204935901654128
4.58465575010641,0.894872577846169,13.4392488897424,5.5446907090983,0.921461663036288,0.0337937050141014,1,1.08862434462409,0.860303869060471,0.398215464896093,0.305281462665448,0.353853283503097,0.272120210962303,0.659650662051225,0.219159851361088,0.842395092893603,0.270920762115565,0.787862105303046,0.245749875552759
4.29892882540746,0.878303610833971,22.3752217249805,8.77403167188572,0.878197925716386,0.0806794173705256,1,-0.643765182051011,0.576389712673816,0.626809794299906,0.216686662261872,0.942855392627146,0.191553647194792,0.354219174892051,0.26419397645516,0.813766282364277,0.167314681912737,0.800179476239293,0.25169352272891
4.73916749046626,0.858590027765102,13.0916925930653,5.46097033757825,0.935115592554139,0.0472015833955795,1,-0.562952058827444,0.988485610782352,0.520333727139281,0.315808243061504,0.956569173523972,0.231949010985717,0.87779871624907,0.150383353087555,0.593250409447019,0.228179688362953,0.346845832929339,0.34581053728254
3.42132049623895,0.625592217451322,14.2162924778236,4.92078482868482,0.856676342677193,0.0748920609618796,1,-0.726357155270838,0.553398828283938,0.752462763475529,0.213448993064575,0.472830699510744,0.234457600601248,0.391447595698357,0.195496147819095,0.577245215688587,0.213573670811292,0.79581799181015,0.205586257984995
3.01586033730894,0.529746306326027,12.53988384295,4.01482246696614,0.914874600799049,0.0436455181177304,1,-0.26875585669554,0.707015700690597,0.669194530756756,0.250765560092721,0.804178849460972,0.177567369933974,0.659711279117491,0.187619592673589,0.654713428997902,0.162800309648064,0.664679514755294,0.156930626494276
5.16864191385195,0.922307939480602,14.3458473723324,5.58039811589669,0.891839260594503,0.0840440531211026,1,0.467233412635491,0.636594224141178,0.939590031130833,0.195720665041538,0.821271701598144,0.203552395306007,0.78165004030688,0.217441981929964,0.85472441554415,0.271499846647345,0.844895837309236,0.251789858912351
7.41971970197134,1.35984666707506,40.2045133580928,16.4582976607172,0.574281929672022,0.761285136848687,1,1.43401388724312,0.755843280113064,0.996203671151128,0.219122271615395,0.986771477502126,0.202407433206696,0.904345900333707,0.208195638697218,0.982134679197122,0.29685433027809,1.07300304380046,0.295721962369646
5.33743629020462,1.135928101409,19.5521243985756,9.49678435550203,0.960514512744179,0.0306930694144199,1,0.324454494737097,1.13700748159584,0.729516188054451,0.297660498469337,0.59245849365005,0.291254826865701,0.462742054915563,0.332685589317963,1.05701634046968,0.232221422459014,0.647634156044308,0.26026438251868
6.30307209830308,1.24158775821849,34.551261512597,13.6519446181719,0.905264748247246,0.056784403964119,1,-0.970817671352881,0.787509680451984,1.24256336067293,0.123418734507164,0.705768877339986,0.290602262774949,0.961569968772116,0.174903946100988,0.679370795778171,0.243469431773847,0.982630806659302,0.281446797121357
4.2867525949371,0.606642763830271,9.81273090819847,3.02167814286688,0.864697561213782,0.110726113851377,1,0.54418153134767,0.76231227360921,1.01853951047674,0.215819775079646,0.495080828282511,0.236892735550149,0.685731971298912,0.174324908969548,0.939698047905251,0.166100326792864,0.7147073248438,0.162271864714619
4.36372447873563,0.725886366918038,15.1530875081215,5.34680457004382,0.884842279980782,0.0557560756317041,1,0.02008013040468,0.674148929046402,0.651043511693856,0.317838290221519,0.597640195016269,0.261412825326573,0.81572763833025,0.13392615972653,0.505280923758336,0.206075930618681,0.87494695772724,0.201204720737581
3.37410828516864,0.511704937692703,11.0236036796748,3.48883398616627,0.872687480971312,0.12633096612278,1,1.44015814068785,0.646083990165253,0.452509824679973,0.25708093444681,0.606986802224514,0.195366274768817,0.524130479688352,0.200669323805721,0.719896429911301,0.163813762843431,0.767077672751396,0.176420055806039
3.41007516931815,0.637123807591154,8.55527358071113,3.34673303486143,0.897013214980146,0.0618154401098035,1,0.171545161993581,0.603719928008161,0.277273409860208,0.303773497177672,0.699643765930366,0.224009896395317,0.488409911985633,0.268763505466008,0.123867299733904,0.283332634938484,0.81666572746889,0.161926425684523
3.72991933434745,0.809110510536204,14.472860050316,6.44852590413598,0.939647338222367,0.038110255946093,1,-1.20983511417155,0.76031950246411,0.897866022231107,0.128093785379447,0.923652493251108,0.196184769391449,0.356143251440345,0.317946655701483,0.941974211212943,0.278791206461913,0.528035636924146,0.277243449285041
6.31998694236951,1.56592786737139,41.5452106435179,21.8036366311625,0.900903949842023,0.0812975600472453,1,1.03842779434052,0.808278739881364,0.588722722361114,0.29186584800343,1.07872175069595,0.223819143295853,0.548052259665928,0.385939738559905,0.947538380139275,0.299563338038702,0.915586558307639,0.28348932405995
5.1527650805259,1.04747672403368,19.9981066053943,8.32315063201814,0.762963901240729,0.218536119388372,1,0.0738729468579916,0.577287799081944,0.609127194876181,0.272760899087064,0.535649812323586,0.242578439976646,0.654086752210787,0.251772607291298,0.819155418440588,0.235737327291967,0.756679008995309,0.231436202713841
2.9468299355816,0.570126969727411,12.9246037809269,4.74748977851045,0.913582086143875,0.0519804478025353,1,-1.40108493127873,0.676529016750007,1.07769024474871,0.183209782642016,0.837537646674583,0.180267271075388,0.762443514972626,0.210321204682824,0.601493743864795,0.191116593310062,0.599094603783828,0.248815856434692
4.25879810193431,0.777955921484679,17.553076956771,6.54355779598984,0.715380330627298,0.277178456766958,1,-0.268111702006446,0.56094714778989,0.516577351874736,0.233562209977111,1.19447493346515,0.202494107103226,0.572146810008753,0.239165291883363,0.765526425500468,0.206858749782699,0.548884402303767,0.28325962177656
3.88075207440002,0.834720364093891,17.844505803047,7.55318714693486,0.90257649228115,0.0668637710108865,1,-0.202600878376233,0.702121850857107,0.343921932275366,0.345315737301784,0.71933560180544,0.273841373217779,0.816790374427589,0.219072277150908,0.637225083944777,0.185201294630021,0.415960862415787,0.248292584196868
4.25106495507199,0.986365885454389,32.2276134922761,13.5320872239297,0.932523580624497,0.0482373507734783,1,0.684046083001506,0.69851768270367,0.84522194660328,0.317403483055744,0.924478918556937,0.245690700754686,0.916465636555487,0.225037156929082,1.10176639651026,0.216790662833,0.922901246082704,0.239385376626652
3.12927489156923,0.74533501338561,13.6820749356231,6.11288657822275,0.854115331750034,0.0773917584961111,1,-0.254253532925059,0.595270170800842,0.479087979559453,0.262918823699386,0.549089148247375,0.237707493650619,0.618963379595892,0.246247298876338,0.554068035313927,0.257755453738562,0.733502753585581,0.265278570568665
3.43002547974453,0.555654811079597,7.27007883436411,2.65592636553719,0.930859054718628,0.0415157725883582,1,-0.00827076500340333,0.667669963123468,0.465796970316066,0.286770677516685,0.647277670670712,0.166416700038082,0.575673152376737,0.188828227661258,0.810193185143159,0.2103642390058,0.166776576444744,0.245982155506822
4.15449214579722,0.736168118324743,21.0395484283859,7.54173056091671,0.073485929587772,0.421681688021307,1,0.81688299741081,0.522896523182043,0.94082465890282,0.238436976383533,0.279238249718906,0.311470019904161,0.727454515245697,0.164616350552862,0.765655664944591,0.223212024135697,0.47226081857713,0.258543112156336
4.39795825991192,0.772150497115017,19.8202873442594,6.93382887224147,0.821962162176367,0.105930543835202,1,0.0867257178077833,0.468390846199522,0.830244551140896,0.188458820266234,0.74234614873869,0.177390022292461,0.672782912621122,0.220407644252093,0.455103223678613,0.263266420919029,0.968519104118004,0.225721903236433
3.51309740539625,0.673194262694956,13.331787369098,4.64577253423741,0.892556225243974,0.0815539193201683,1,-0.107213538501309,0.768249940204456,0.594805250571654,0.328963660045202,0.497761858536279,0.224515767610603,0.658873246030812,0.177380514715303,0.388064647246727,0.204904464897692,0.590218138512939,0.20727386322877
4.52240772096415,0.629366434099937,10.7332147479149,3.318440296495,0.198449725570167,0.36688312540294,1,0.779143342632029,0.444391404011309,0.636508744958547,0.231884199079877,0.568600966455112,0.226038983436602,0.569087685535741,0.203442947629448,0.772470943991763,0.138941799960351,0.511142031137876,0.18123107809182
3.34785355432713,0.665334329747304,13.8149703919796,4.68165668889331,0.815157963821268,0.18224332796081,1,-1.36305880417155,0.5968580197984,0.905982286212795,0.18929942132881,0.785613766380484,0.223599346326285,0.887706039505061,0.155237960008659,0.25464077168877,0.291481972754627,0.457675716600497,0.299338402536596
4.8168855178975,0.951266848263148,33.8464712289805,12.1880550757106,0.84964811939356,0.134444853444714,1,-0.0964352880863817,0.673247611510238,0.743457484181149,0.281779461373331,0.68460356919708,0.300986156125488,0.897381547137091,0.23458719011441,0.696781769282195,0.284010451173959,0.828783574247025,0.272073558471282
3.7061576945816,0.713247797799225,13.6866852924636,5.08227271567029,0.920893765492314,0.0523381614053743,1,-0.703183337971236,0.626612983042249,0.826064445135437,0.155888981483815,0.631032028947183,0.180887883351623,0.900834257580754,0.194605028144189,0.450977730801891,0.264581498176098,0.705247954003484,0.288922651332263
3.70527746986993,0.695252095987453,13.1130393063732,4.91901070769565,0.862302214077376,0.112068088900848,1,-0.624468167242935,0.662375526592215,0.896069576793126,0.215020265866094,0.0373862794296565,0.29889544026063,0.747487320218871,0.182706986251839,0.515704274749503,0.208658388879252,0.650977290758361,0.211438423605842
4.25870350154324,0.69861692974574,15.2493029590847,5.19032624840438,0.953278436110098,0.0201538480598333,1,-0.662070309649001,0.740615912097916,0.679778232822428,0.276521946965665,0.938733345365717,0.157189048031071,0.813114201108018,0.154166321444872,1.03938974841519,0.144965624815899,0.625925757901158,0.224806248517903
5.50230285914728,0.935232770705194,26.4610491490825,9.80313167216039,0.954495567643801,0.028871857276846,1,2.00163085090226,0.843609636389649,0.781068128284806,0.240220299459602,1.0275146275003,0.187951070391294,0.970377148460427,0.214919901183513,0.815766685549865,0.218921432093385,1.04696407104128,0.183173652179866
3.13444444050903,0.751768158819601,20.2009045811319,8.48986820076272,0.945855692544279,0.0413439826466997,1,-0.523323463795865,0.94405250802882,0.737324673135262,0.311612765128884,0.882408146690341,0.232759986188049,1.02761616837818,0.162429122521843,0.290263826301249,0.259540498356724,0.677542767837066,0.269771654861451
6.69379158496489,1.59249349942987,36.1315047653147,17.1803778503791,0.881324266819851,0.10940647151196,1,-0.120277811349195,0.956408593756769,0.939647635922642,0.369003322086753,0.398470532230933,0.406437451724767,0.877433777815051,0.199643498816961,0.907055901012718,0.243537256010968,0.755294966656545,0.321531670756537
4.76863743331179,0.854506420754595,13.487613801539,5.47932507473047,0.896082712965112,0.0802237442917748,1,0.660019140101485,0.762353029989681,0.526643785097188,0.276480489805771,0.603585886884189,0.172866879876266,0.567061022258773,0.183786960036265,0.806277376892562,0.218388644254905,0.581032110398679,0.274996611319172
4.11909148223573,0.584620865770041,9.60954388172565,3.40043960347238,0.832730771545916,0.112746325030174,1,1.03722768946984,0.557230809885002,0.397433290171797,0.225170731011507,0.813386009465667,0.193854557836715,0.396272052930409,0.196189109174024,0.850206542772411,0.183988042017971,0.195984513835173,0.262494917803505
3.33311216468176,0.763027095920636,22.5046907374591,8.93714563201835,0.782820704668623,0.191446385595902,1,0.0878100995964217,0.499152248278494,0.499671509681122,0.193340069768708,0.591504061648415,0.200996562310971,0.376105201681046,0.230339969564839,0.319191180473932,0.262316253846188,0.643405594862583,0.246015746789734
2.74162425134327,0.450524053137102,9.63016978050308,2.84753714969921,0.880452729506297,0.071373018087584,1,-0.494786519675393,0.566301709889477,0.760427142039499,0.166221944863314,0.950472035056118,0.134306655768164,0.204961499440592,0.257745943837579,0.447686079703603,0.228514213761679,0.77300644620308,0.167402791250427
4.50302638796632,0.855574517111161,18.2854977505958,7.10855726128319,0.84151606536147,0.129788961654534,1,0.61911057912395,0.787539881842023,0.348174621943416,0.405484408250243,0.79871123653225,0.344982627313165,0.954946780455925,0.172606003451078,0.413647775932255,0.238785645614849,1.07949437914697,0.165951590876709
2.92877863370038,0.540914969064661,9.84783150186554,3.35908499515051,0.589841001984186,0.568388458903475,1,-0.460273219848289,0.59376499407822,0.643590265374767,0.257945920124265,0.499700421912115,0.260829363372169,0.252220800681114,0.272371933948353,0.790295731053455,0.170053783135249,0.606280746154565,0.194939422857727
3.05824556071968,0.56465535007937,13.2972901607873,4.61467735078114,0.85399305737734,0.101384330117337,1,0.497464080203873,0.576685990354798,0.0382564945589133,0.360788625977089,0.791932200913452,0.173780386988585,0.610793801958521,0.188394826788745,0.794041258872408,0.165812854758098,0.469032059997413,0.232116947450118
5.04390626498091,0.887647619831528,19.6573474854957,7.65632626898331,0.901801630008918,0.0575199330317528,1,1.80762661501462,0.763643234811707,0.510036411238948,0.24739946253888,0.764472813669808,0.244489701790534,0.646560286118761,0.230451173788533,1.05958612482384,0.227175056756909,0.634263008369439,0.227741228886072
4.3352157634007,0.738093889809347,16.2695145316918,5.55955660463871,0.497120773601048,0.422462438314725,1,1.4582292279188,0.488150656272362,0.690326884632297,0.248466391476271,0.133368808726138,0.286232077796229,1.07476982158355,0.165852387460618,1.08688067976182,0.226267574860262,0.854661312848994,0.221501114364171
5.39755457644093,1.05488623328433,26.3794598751234,10.7502983073746,0.93357827617584,0.0387223840300151,1,-0.0206588402997726,0.932061682904652,0.883406956448045,0.214968304018315,0.637339647928761,0.244506050137085,1.21288039192588,0.21265660000034,0.759293452799466,0.276497664383319,0.169955155819165,0.336670250139722
3.27259481104762,0.608675445399419,12.6511513421927,4.63525018480034,0.903460778329746,0.060643519887255,1,-0.651538663253186,0.62507970835987,0.967771939298494,0.186789743252115,0.593980363115502,0.248928412942158,0.652508766489136,0.217032446192606,0.651041096135785,0.167324038957746,0.940736141440437,0.172079513776802
3.20495608528088,0.591354183980447,14.9563139325366,5.20554025740477,0.842460624969448,0.14417567529901,1,0.539233009533934,0.52120317965035,0.526869525106495,0.225826375516016,0.738739090228138,0.19276084674636,0.575010909087376,0.225614068380193,0.706258836512097,0.184782309376281,0.776347005202833,0.184955795732772
4.63987182272203,0.800432908288158,17.6018905445498,6.78875873699549,0.971394806957131,0.0146437915755796,1,-0.0642149748098568,0.936245044527554,0.816944243207835,0.236999726545622,0.817320733787853,0.263983247749302,1.0074858634936,0.211643351180879,0.662358041463253,0.192400998983704,0.836149831713943,0.205309875706845
5.5650985829956,0.978488357182958,18.8513991994766,7.36015025309341,0.681174866731442,0.265787391546768,1,0.718131780691998,0.494717403755524,0.678023731447263,0.248371479599514,0.576722471596413,0.314844983910716,0.763350035784612,0.333550616402964,0.85172581930171,0.240243874328954,0.911292603314394,0.223237759020888
3.82134375291503,0.584702723799859,12.0327849159508,3.74559002870697,0.903092808232785,0.0731359584668393,1,1.03245135779854,0.636381031025357,0.23806502306568,0.291832898417323,0.765833941668689,0.179479744227894,0.72939931074733,0.196545199991083,0.670437531446753,0.192243874656644,0.947426853547226,0.138645570545467
3.9825915926349,0.619422010195018,17.0116273258522,4.98197626178173,0.904214727144988,0.0607005554009936,1,0.121871783066772,0.644332776494185,0.680525783942814,0.261484321001525,0.724170175527543,0.200692562647006,0.825536393309377,0.178497509476721,0.753441017796936,0.147704873549702,1.05169075918702,0.152715412643499
3.24118710724957,0.544974943578549,8.95194060716253,3.3849183304663,0.859520831035724,0.115121912076402,1,0.0717440472137133,0.568177901618351,0.250420880789005,0.234309968042228,0.662158094063259,0.222533335349752,0.387042630543188,0.236603609012818,0.484065353162324,0.181167140644731,0.351187006552667,0.203315378795185
4.23080656522861,0.87962167496045,22.0606854681316,9.19769428174674,0.815464687715648,0.152161085939288,1,0.46105043134197,0.753939051974206,0.0353509182375965,0.481064290054989,0.659666599439169,0.246235718399003,0.581571011687839,0.194929135804973,0.890104776695032,0.190975558286884,0.559827788387311,0.197461204884337
3.93627180633663,0.74071018162527,20.3751229912729,7.35263804669475,0.855044834581347,0.140697628113239,1,0.881337094254189,0.638516000787457,0.779127578245249,0.253776274863178,0.845876468336223,0.195373370267152,0.815689038841805,0.21598776185286,0.60451234513181,0.201646797801642,0.492348688216181,0.238357985234883
4.13514452295801,0.623311317366127,15.3327733669197,4.7287983683442,0.828437854281088,0.130306561186415,1,0.968977069561058,0.599954448492628,0.21589866706348,0.316001936503101,0.924778107431872,0.17148086180883,0.741913085831659,0.195185429429598,0.741695219585765,0.211365844382165,0.748208767692363,0.151256190836627
3.88859266619981,0.862052332788708,18.5133692397686,7.81086328012333,0.936129399784708,0.0669583939852879,1,-2.70907357749815,1.13436873608998,1.26822559546332,0.242315524849542,1.1044259505985,0.245764060091355,0.739880441101589,0.275754391697319,0.866520180349637,0.283683175314506,0.655161984428401,0.244030174273388
3.23203794043415,0.544360219100933,13.5523668169957,4.42722308271483,0.798219785398707,0.166075639188712,1,0.869824205303737,0.504088317465273,0.298880601381326,0.232445354156685,0.790445553820202,0.201756513541979,0.811650771303291,0.16482746792066,1.05804346626325,0.224375146010184,0.641333948765719,0.228745245423826
3.9999001723362,0.778006000598926,21.1124196940136,7.48921228893734,0.861632529805844,0.102753885729242,1,-0.940117741433921,0.706514971937343,0.610791423248145,0.284118104558049,0.828973558444245,0.219667354753823,0.686059112281218,0.207607650405105,0.291203428222225,0.270523883344971,0.676908490768695,0.216288833538194
5.22225348605402,1.23800300784585,11.4945907167331,5.86620921313217,0.964614848320106,0.0308769857652422,1,-0.132070960331366,1.32627336857298,0.826821227317408,0.365269721709419,1.15616640282604,0.286357705318376,0.785249423655775,0.322214416260212,0.837761247436254,0.320090033771058,0.746522808329252,0.267792171534218
3.63441648786825,0.761220969689738,16.9749979155117,6.98641368567166,0.839631116432218,0.0946502169430731,1,-0.962623452466295,0.639490472522523,0.530537895690707,0.209315189566056,0.84238416076087,0.249779706848127,-0.547476583394103,0.504368632629499,0.600789788554379,0.299022938825946,0.925133351554829,0.193694271240286
3.83286353883523,0.70964453144404,14.4189559103627,5.34896692938164,0.911621706407358,0.0755724974744406,1,-0.546670886327804,0.838512338091434,0.700387641782479,0.285673432015002,0.566917867300529,0.238627181328348,0.791798167502492,0.187175720189777,0.906060137069698,0.182243709068862,0.589983796727433,0.252296543732314
5.01582252713867,0.936901978017925,22.3697928472888,8.67911145352342,0.835503305121231,0.224461792493877,1,0.802235418469424,1.06147439005543,0.467089730976518,0.453136299168831,0.971978538980417,0.285355491455443,0.753835425654809,0.255506720393235,1.15204855505398,0.168023707197664,0.680954077338103,0.215784840482062
5.5420768323515,1.14402886187045,28.9022628316382,12.2766576770068,-0.101807612298935,0.425035046057842,1,-0.156831091560446,0.406471317944557,0.748610305654389,0.312251802007792,0.544008366821161,0.317526936672296,0.696384408269853,0.221658666581066,1.09891190323094,0.208153080343967,0.176811440019915,0.37572774078671
4.04112467059173,0.856674624939582,19.0473794604324,7.8461990543687,0.835392488820823,0.10846802169807,1,0.077532413574052,0.529685608144073,0.75352072124142,0.19921942305389,0.789727288315218,0.217850472791789,0.546669324787186,0.254153790658767,0.945184147926055,0.217965281389038,0.913479435840238,0.285812417709482
3.15415571464841,0.536442363741832,13.3689257305927,4.00687267838927,0.479755803231455,0.334874609724422,1,-0.0149020942017047,0.457139543459679,0.581165609832919,0.198566551331073,0.68978531175458,0.169710878328776,0.524416606135965,0.227326178973339,0.832542290797336,0.155704681131796,0.528387603035474,0.157475815951794
4.57217253886776,0.906012797406782,14.7183393660143,6.31799017204035,0.880737215689488,0.101669816429446,1,0.156188816500728,0.665296673087116,0.709719776573689,0.2361432392931,1.0376914083228,0.176531597426046,0.0205578618025513,0.463700004492701,0.582771813979302,0.30853536975774,0.865738651399126,0.247793272463201
7.32889531318904,1.35063726798154,36.8321081463735,14.4130439694363,0.827447854051513,0.135143068207944,1,1.37696834563212,0.715569322598691,0.922533246256992,0.209160363080852,0.781720615833639,0.364605408482496,0.801344163091861,0.304973849764277,0.388061693718056,0.293481116068906,1.05281419962358,0.216565045579429
3.73173836635274,0.653309512988274,11.796579842174,3.97045417141135,0.420857589681629,0.478616198414103,1,-0.458526845428037,0.516741031939001,0.463098444620486,0.215814666268629,0.827567532654079,0.14916033658523,0.473649009770936,0.232221415312567,0.710387943551544,0.205708712759032,0.513757839565898,0.211814981552792
3.89664908446478,0.97138270566182,30.0182196703456,13.0282026925053,0.143911377886345,0.279577354316506,1,-0.391564463451917,0.588600940937822,1.01293256865106,0.152407490475537,0.34160518124892,0.307512443537097,0.528250189879485,0.335632142210185,0.795317369018922,0.255336920878435,0.669355124741563,0.310150402183134
3.08610719112653,0.626435101463481,10.0475561986164,3.94420441358293,0.821899005991823,0.148483080428696,1,-2.20972211470864,0.740602436098368,0.992744649069659,0.208844585976241,0.437148134220578,0.236441099421554,0.728088412080775,0.205309502277901,0.5020489384558,0.259280887252897,0.0125204957808065,0.332791996450697
3.594588851343,0.597644094296055,12.7885779796752,4.24446631928656,0.859864795349734,0.104535718885876,1,0.221535829730395,0.605491260796739,0.0753258745860891,0.348721412429441,0.767503817275118,0.187353740952258,0.619251700431093,0.207619625480156,0.802034136249198,0.155026819723163,0.703716045336857,0.172440084944089
3.50271966600353,0.702135513551643,12.7644952418139,4.95312093940702,0.92408859146468,0.0507360237673113,1,-0.504546929776874,0.623311394358919,0.652457678542354,0.221316215914757,0.389984209120616,0.236073030014923,0.694839054903408,0.243387044712348,0.813750676989671,0.199359922141068,0.674898058183028,0.231844074259304
4.22909443260689,0.890869992980666,24.7021852269769,9.98777246305893,0.917995651665708,0.0732820931046844,1,0.127596373602803,0.799097946942276,0.825831379671734,0.260143153856954,0.700999364775068,0.228246160523352,0.743680473909189,0.188849739529394,1.03956440965124,0.227662229884438,0.676742422823225,0.27827872431666
3.50475895755965,0.7149999117517,15.3738198047137,5.9872466825752,0.587367241956983,0.497596983954642,1,0.033995159252858,0.465648822492109,0.616081840989133,0.161951278893848,0.88163829144347,0.197731123503459,0.707932223228724,0.210968728749333,0.353240802430717,0.392521756621112,0.213169463200301,0.377597672293118
5.11293832108676,0.876875218384706,14.4800422597749,5.35505992026521,0.864863533942191,0.111717696950168,1,0.850166470382364,0.617377232031305,0.648734949789924,0.263717458764981,0.538167070403641,0.234638642903612,0.842716038891675,0.210353432234875,0.340057490397677,0.255395683153338,0.966379098490841,0.204255274631093
4.34288729115833,0.708304012365618,12.3082620914524,4.31875660542716,0.937897630058373,0.0338367900003708,1,0.72889840983685,0.705507986361641,0.596778768042577,0.243817663001358,0.665995635623344,0.249948074410756,0.695824937314635,0.212989862994745,0.815484362287239,0.201125109119493,0.59533006734139,0.198068129864107
3.9186552247078,0.594259447679608,14.0938228595337,4.26325891178531,0.470158746865701,0.410151852572454,1,0.803820508395773,0.574106269974589,0.528335165482783,0.260748829345448,0.260567702896431,0.20265971028331,0.648457343366925,0.14415260140744,0.534481951903058,0.207482330505406,0.75710668015225,0.175523967147719
4.27349615631335,0.933970450241645,18.1836282116645,8.12304172415974,0.897763094070633,0.0883816221246553,1,-0.442325298438797,0.856798065288769,0.860880922236383,0.360486559502244,0.845800349838448,0.285257369626726,0.325712866375106,0.305206872199365,0.392070114033722,0.255915557958732,0.737062668037556,0.208645603739601
4.3237790337929,0.919609495562286,26.0047866266426,11.1963141802789,0.477716457640036,0.359783049962167,1,0.632378826099424,0.677746296144851,0.787670321907926,0.279063976964416,0.431381668579965,0.225641370671126,0.672959879983991,0.235195009976479,0.862015182024636,0.203978983745709,0.830612782164469,0.244628016466086
3.90987864674323,0.707270405837656,9.13928398844789,3.82642431293814,0.965226137669217,0.0189323659737239,1,-0.448952477441517,1.01927079475389,0.703201730944231,0.260547008578001,0.897286494163627,0.198783885266124,0.932980599035391,0.166291313336633,0.668810898911041,0.216691108038257,0.574504571807056,0.233852280993623
3.72234181105475,0.759471249231588,20.1133084410986,7.46136710394852,0.786790927272544,0.223780233503758,1,-0.303437838482448,0.434763756652209,0.119813981350391,0.3252183650073,0.787695250314135,0.189834924756238,0.763718362321412,0.206629553752979,0.720342177605986,0.217111264449008,0.596573690655758,0.243656271810047
3.88939100799035,0.64590026903504,10.8893307057572,3.9266136329892,0.885044557286262,0.086029029007338,1,-0.979716426465448,0.73997987235505,0.759916556166849,0.228313605537391,0.763442159671711,0.186270771518106,0.411865881597517,0.221222768178667,0.449922322692456,0.224939771894157,0.75422854830384,0.156238772694365
2.77729982115613,0.530895482403197,11.9404976199143,3.98699933616926,0.728257528360179,0.21001772338739,1,0.0496597487732917,0.419134587240608,0.7284051384156,0.170611515802299,0.371149387767961,0.21335899247463,0.918609097279965,0.150874149040124,0.469362498287825,0.227216255230789,0.320517203230925,0.284509881842015
3.91160010395016,0.725483586857303,15.0186012763592,5.80439278380164,0.931089775927651,0.0419102990068849,1,-0.163593414371018,0.776981159943158,0.726773881370968,0.247929815906047,0.826754693290394,0.244600907439368,0.622536826110505,0.198280501302858,0.284125564102179,0.274583231195477,0.604108933456186,0.253077296814378
2.94294923501538,0.576277433737362,11.2165403629411,3.96591203609111,0.892118005837278,0.0623566064595737,1,-0.103097083109234,0.485887901936033,0.724128589972727,0.192910830694035,0.267082089489874,0.224237636608546,0.762155990939375,0.202878698703829,0.663542556103599,0.166523137565163,0.573251819724315,0.216755224971168
4.3933107726708,0.849286751842213,25.9020545131844,9.44454281995932,0.775858403808439,0.262599227604505,1,-0.288850134168428,0.549391060486804,0.56898832970135,0.250840043245536,0.671835462243246,0.201195772889186,0.900523861266386,0.223165212215145,0.616361313586897,0.225716553572851,0.304050136390148,0.236827737954737
3.4563333075142,0.624140816093526,13.9133414075387,4.47991115533671,0.353022994677888,0.443917618782218,1,0.144527393238637,0.431141846423901,0.601475222118308,0.234134912169851,0.627581407651997,0.168521564590615,0.366708387493453,0.189033597753821,0.568313053788744,0.230607993944427,0.561666488927776,0.234406109529827
3.95712808610155,0.612529749917264,9.07964293382377,3.43198868059732,0.856374605616881,0.119612705191539,1,0.298841054588807,0.591359436711282,0.921266519675036,0.154320758005272,0.418033126401586,0.179855353002316,0.5124472727032,0.203086911481829,0.625413561063395,0.2365251140145,0.806226028118924,0.227863126210916
4.09671172405057,0.800114423632107,18.2709092570488,6.78682904156671,0.77490066349574,0.220491680297468,1,-0.0221825050340253,0.681363346510054,0.902422448734811,0.283171586905831,0.859390182457489,0.155319577273233,0.724264125661342,0.219052754240698,0.350079091340206,0.207216109927891,0.720074818388778,0.265947228765385
3.25611212173036,0.644769156318763,12.751575545752,4.88176947818084,0.687608295978871,0.292240188506242,1,-0.591152563406764,0.565560572127264,0.595824491413,0.310587448510226,0.377603036356549,0.252755446270953,0.653966966995674,0.224598646693373,0.842014378142474,0.17951975994374,0.412705741022144,0.279287285727705
4.97775892729727,0.863654041057675,16.2758435067263,6.1887844109164,0.888874175909335,0.0919119453097242,1,-0.00577480997503045,0.907090179863536,0.886543100571337,0.219926384216687,1.05424599855663,0.135408086968905,0.302421609155266,0.204945950849308,0.875830861141873,0.207516589569552,0.441926761517998,0.338398116390095
3.51149642586947,0.698511751438216,17.1645467158482,6.08800391685295,0.746809245933409,0.287440502879487,1,0.394581982046794,0.512710286054059,0.421804376931463,0.251320640895588,0.664192053229914,0.244262928581059,0.807453481364652,0.178341972483467,0.755307908066953,0.182253806442037,0.760044880094126,0.289664138196723
5.03486920164509,0.933040310416395,13.1168514308244,5.82474965477058,0.917873008913335,0.0619934921870366,1,1.07507095266124,0.978296721009987,0.280721063832142,0.434235872598609,0.626616607223796,0.227332432807783,0.876075841450726,0.123730640492741,0.844901705293154,0.294826161926588,0.590640827803028,0.303600249803654
4.095876134321,0.778020817504877,16.9107949044769,6.15214692027322,0.798158887363323,0.158612073956486,1,-0.871480722334226,0.63736107192517,0.865068299889378,0.246462002988862,0.77942364419305,0.206349054954189,1.00162038900451,0.20706389823675,0.713486224875416,0.203548676672214,0.571851972984927,0.239233032120717
4.70282420552122,0.703836634583901,16.4802095233474,5.08460670549666,0.530608773875439,0.502667966378441,1,0.118946126881714,0.598025883062539,1.0235848350329,0.201958040402301,0.0587959640940492,0.356000900681336,0.514204048555568,0.26238561278426,0.932040784967348,0.142363981668804,0.570520478929815,0.208004900028852
3.17598306901334,0.660509367660713,16.4872652774615,6.15899843594857,0.893609519460831,0.0916685093185351,1,0.197181992123282,0.742726943569496,0.57962460963972,0.308693339824186,0.609910089381391,0.267765749465704,0.709335105654611,0.201307738091695,0.764673283753664,0.172863801762652,0.680437888890402,0.217997412638163
2.63928853415048,0.502578033115697,6.33517001108894,2.6661497321073,0.975965489779038,0.0112705911072954,1,-0.273867600887876,0.887626346416232,0.619366547239532,0.289658790972877,0.704035329280084,0.143718485472937,0.650412287656177,0.142192662571424,0.863884595766909,0.241304114912184,0.520047646371042,0.236529374711762
4.69659746672462,1.02320264810404,35.1104695773928,14.3293493046957,0.736159203685085,0.320083119674947,1,0.284922364786695,0.538743050495511,0.923365642959461,0.218819106351654,0.612012973668203,0.293533481401748,0.566501780118379,0.270536003433807,1.08741683920812,0.261037615338939,0.84897192697327,0.235441719148381
3.7170935548718,0.739685310445238,16.155216796011,6.05599027695626,0.91599602115115,0.0504149466293186,1,-0.363553642984005,0.680331607813744,0.849864098613498,0.215646013127352,0.832082624902635,0.216354048262334,0.799767559309868,0.17785807271209,0.346746470037538,0.232308418219236,0.593125474563598,0.249751332491387
3.93581007683158,0.849603621806249,17.0379230090986,7.17795191388732,0.965478465248988,0.0224900322155004,1,1.12743037446682,1.02692656874049,0.653309687420906,0.313148147891711,0.751242475050206,0.271508822673195,0.363410320555708,0.278180173206673,1.00853670362167,0.219743519530073,1.13645377808184,0.200037308816912
4.90627796553331,0.950919307307181,13.6461306561761,5.7902746235078,0.894511009535738,0.0859780529430479,1,-0.6792796435742,0.879380222327235,0.550586464810126,0.26009892521612,0.768301209967835,0.319529776792054,0.483777547946736,0.331579395824602,0.549226951460588,0.221211892694197,1.02756837504921,0.172579561752007
4.98387934742437,1.08852768054396,25.3232323750526,10.7755702528395,0.951806192812787,0.0224602949276528,1,-0.179945301903825,0.997070806676008,0.881887727286381,0.28316781856857,0.969861527512095,0.198833810806788,0.657189862427752,0.301131188286919,0.895195433546921,0.280728539142974,0.978275411451644,0.234501027343912
3.79930827410747,0.758524568489979,22.8641469166107,8.20503347043389,0.440931138789663,0.617301670373396,1,0.38759061372825,0.481282330319132,0.820893436149133,0.195337744573864,0.656423920891239,0.189586894087307,0.716899081206786,0.160461900088431,0.580319436081844,0.296441750975224,0.713731312618249,0.244578953024763
4.34917949959358,0.923908686301037,23.4837474797412,9.71221939350768,0.918650396951201,0.0492340365214576,1,-1.26353781103052,1.1945579903023,0.570993922937871,0.381917627404559,0.551408466653107,0.349043679550326,0.944953715922336,0.126141637991335,0.406597157415796,0.215887733473258,0.711161800159993,0.214654698063173
3.63997498433373,0.624909537070076,10.8875452901754,3.6644802265303,0.900160347426401,0.072294602283105,1,-0.586844282907987,0.87304293158121,0.746315423050477,0.258312767187406,0.630603823243055,0.221862794176433,0.584674228260216,0.184083220350193,0.635227093226256,0.169008852204131,0.570685730787006,0.21161599658676
3.70838555238091,0.804821365830788,15.1656173654314,6.55803114863652,0.94774964781709,0.0335598377288367,1,-0.191546347975105,0.776927513376836,0.36650522982729,0.242844174738141,0.869255803481676,0.211268737645851,0.697167488767022,0.239590372219447,0.648897281402389,0.269246080265705,0.0336713553334431,0.355426388527393
4.45173597174632,0.755479691677069,22.1165460826266,7.85057888251075,0.960316633388909,0.0194707190688343,1,0.703752382426509,0.880681677163761,0.729166243830802,0.273592321849979,0.37133486755989,0.293189526064162,0.589005333423234,0.202332207982616,1.00371831035856,0.162504188646713,0.958455272563659,0.139568945431712
3.66766347602561,0.746243360772477,18.0156418990864,7.34560941862231,0.902625932742862,0.0711230743187097,1,0.452734130045682,0.601456283163834,0.479960549718983,0.221164195610687,0.694309052923836,0.174962512717798,0.446411534922928,0.208075455567897,0.931204417331305,0.218152754551532,0.636509378354895,0.292754287613622
4.12460929003452,0.790465263322117,28.7622081528086,8.71150720280104,-0.411557897072654,0.17743909609791,1,0.327543424705049,0.451337782786169,0.787921059190336,0.157810582705902,0.886692100329702,0.207919506854774,0.715351137365005,0.19940255148498,0.781938230423291,0.19734386660042,0.995330375320433,0.181407724376468
3.00274390616188,0.558220168227297,9.5640427819115,3.39473959815778,0.916336417620915,0.0406680860158308,1,-0.560652726838585,0.632530310536125,0.377964042577338,0.30018513490519,0.76989330066574,0.202153551240988,0.733622310472265,0.145205683354931,0.597398822168062,0.218650812435927,0.584271952586553,0.216303686480992
4.49607384568048,0.672495176281416,14.8095464715516,5.47505074528234,0.765471941241532,0.200640034528483,1,2.1289235497542,0.706600101565787,0.534592097461581,0.337557813171435,-0.0292696329213219,0.331948693065477,0.698091193159271,0.21952441932299,0.959889364542411,0.139393524136194,0.79854084680903,0.161591916468492
4.38694829074443,0.823748604408466,18.5647198773988,6.7803420214348,0.808966901207926,0.159327843948926,1,-0.399221544519048,0.660976242875085,0.916410976565118,0.264668399570011,0.658283440101385,0.20270966282846,0.883799568544448,0.233922565563727,0.686523858747628,0.219572464985886,0.55243633953845,0.22892415741378
3.54382567881288,0.629291778527165,12.1067015516357,4.22252971910629,0.542969879335781,0.442675581972652,1,0.107356289696159,0.522030717041183,0.651623591908045,0.222161994908944,0.95636610881698,0.118539158245838,0.642779920059023,0.194466993772676,0.373371088508477,0.277860459785647,0.619018944733539,0.248299044399065
3.42052296512829,0.56216190636551,8.77869641924371,3.33762731353047,0.919342897859713,0.0356501730273327,1,-0.0395613501348456,0.561114955088354,0.731484359636914,0.146989863429327,0.692944643882133,0.138989511565637,0.546120106633122,0.207198944330322,0.681823864765565,0.200097215180776,0.473477213023835,0.251439931827114
3.97024787360788,0.618746738811563,11.3851451232237,4.04231322990402,0.958897213387573,0.0223058917854459,1,0.625658317531364,0.814877211163092,0.798565263170774,0.22444707476219,0.6448217639081,0.244690022832168,0.813251261003974,0.247671584923994,0.855411787873721,0.142103636264373,0.692218393643048,0.179726412709739
4.03835500809813,0.867508278738041,25.4209359275585,9.99911584396025,0.934314906723585,0.0367084764634663,1,-0.853355940229753,0.761015030079614,0.62761056910059,0.28821760311392,0.48610619771672,0.242244619085622,0.826518019756842,0.212531094231131,0.89584570322155,0.162307478734927,0.776434601351757,0.222875269440588
3.46137969395711,0.67156610070008,9.7093825890505,4.12707572834997,0.736845536798446,0.239028692159287,1,0.981908446246729,0.590678040300585,0.481289234466965,0.299006101166598,0.113760272001252,0.310600478744048,0.678225535766738,0.170816464644291,0.74116647652952,0.242178242746548,0.3205792644618,0.263219202446392
2.74565807962465,0.518752949493163,13.0808171501918,3.91460679521246,0.533642583916868,0.472576052436564,1,-1.18883488246624,0.539955465780884,0.744825611678739,0.171062402557225,0.790676079100762,0.142189345363177,0.572463433117286,0.216762980402448,0.400301330219056,0.231066146535159,0.786963539210825,0.191858833330889
4.99425826221395,0.891350317462555,16.1456780367848,6.22527814075108,0.879075947149061,0.0786809134207658,1,0.63945330827785,0.634577741246956,0.737772613798563,0.292139999899,0.607133351384991,0.207792440955622,0.691935358466598,0.216888731620476,1.01108273921466,0.148111487175018,0.790172752738147,0.207887611287657
4.49671471128109,0.806165463558387,17.6660383033737,6.29768215666471,0.852327662806528,0.104740063783249,1,-1.07374919352237,0.639169047661583,1.04080669286159,0.135800443315373,0.281791748486991,0.265690863195217,0.398685243184966,0.270109505303177,0.79599697628497,0.239202435438369,0.828667599411575,0.189093411344397
4.17661787771535,0.766961734681025,13.9342264428365,5.27784885878502,0.836600167915262,0.129323242535299,1,0.174313928563665,0.60962612102794,0.673408854217636,0.194180761065219,0.532847248463265,0.223259939327042,0.700477109292746,0.235905303859627,0.687222839729097,0.198131372188658,0.509341322461801,0.243881665724468
4.14536386032065,0.663053370646474,13.5593041872267,4.93873134404379,0.955177622937018,0.0234230230725712,1,-0.441403134724676,0.845921240828543,0.874927474113095,0.181494883968424,0.731542738942636,0.210770450657697,0.821455390507732,0.15857140286394,0.938074898556531,0.20959857701526,0.518881944141087,0.24849278291024
3.32139176168992,0.564159651193736,10.7740827650681,3.39865217981206,0.845729612907878,0.0863451080667709,1,-0.720272957942792,0.518529280242443,0.472633898882315,0.258622793847723,0.399137427073708,0.194664774068758,0.669844717132425,0.176339016592363,0.569980847733275,0.168666352380609,0.586165106067264,0.164450467489118
4.85743788475345,1.09149463825341,20.316264218203,9.71780190180619,0.949049567941329,0.0314190568476593,1,-0.537737678119917,0.835544374144493,0.698230159743093,0.204948553655139,0.59124462948486,0.251456611821568,0.683489471798122,0.326943258723273,0.921919037694647,0.288358489424116,0.80188823973367,0.313317388855513
2.62708379089341,0.490349794991125,9.77582311032241,3.41261688683361,0.839958978529098,0.136407112895196,1,0.548072280512172,0.541145466899912,0.173107984544754,0.229160341917481,0.709815716359477,0.170936278889398,0.382842114365293,0.197616419020496,0.67155666532811,0.179797650595487,0.408888427250144,0.20176918284396
3.70647422532215,0.649729627723099,10.8405266260645,4.09111711878745,0.945330167070836,0.0328267789586901,1,-1.37746919736849,0.902967537282425,0.876695497030886,0.230158321220777,0.817626082271292,0.269042946864885,0.466379407039029,0.290996582943852,0.750641806673054,0.222481388835212,0.644623032190366,0.160366199739921
4.5952036780657,0.825114419420147,15.587111383326,5.89490166200584,0.942681742319053,0.0349028674988531,1,0.743776793420123,0.85843636614601,0.943532712782049,0.22196179285081,0.911921375199779,0.194583825571543,0.758825076654149,0.230275851765194,1.07316940559383,0.216411742025565,0.843813344302476,0.225374256448422
3.46800872868077,0.646592635060806,15.3388247606033,5.62610692132636,0.785807122392814,0.214907992557123,1,0.920439676884174,0.457196161350272,0.0968210194962481,0.247362258118963,1.02311689976092,0.187347457050965,0.434938204384464,0.236857253509733,0.642520476497819,0.186056864521771,0.315811223807214,0.289621986680654
4.34163578827577,0.751716505665577,11.5158625345578,4.34684739961739,0.954782436310027,0.027972640101979,1,0.636120626330116,0.818723062826567,0.736939670643479,0.253745260853859,1.00084729632021,0.185046706957043,0.769700305039564,0.23446237252154,0.628842933111085,0.248205494832326,0.560180077103214,0.204652112608781
4.63569994777656,0.989970875084804,23.6236922573123,9.89008542904785,0.132662269683998,0.494606238232115,1,-0.336627093934993,0.818674507721807,0.590573049255176,0.296438336238228,1.18188253020799,0.28325213268461,0.553852221695935,0.299084929806932,0.83569156849238,0.23537954602845,0.818266737791351,0.22405062915135
5.05480443359167,1.02822445106557,20.6128533348437,8.88227848214527,0.954951363184518,0.036235642102065,1,0.944759246505913,0.973971320256138,0.461369994826376,0.342631288664022,0.442485486964384,0.384968881649407,1.09788248202282,0.143191027244734,0.928526269972872,0.265852601602367,1.14737732799742,0.219821950247179
4.12214841694166,0.746656968208737,12.685826808644,4.73739585474729,0.716284211162173,0.38741243426209,1,0.232717317670136,0.528123757033912,0.499801645558466,0.23147410257448,1.03753444466843,0.188526330333436,0.26034206748186,0.281152631309163,0.80784678170407,0.245468585844913,0.313239727688072,0.255467673731722
4.37203482485923,0.720755770854398,16.1837039999133,5.78279536106726,0.965149232149063,0.018888877487975,1,0.351489189866772,0.774607938231583,1.10834341649244,0.199412373472239,0.596574822352249,0.289484436538144,0.839544451164989,0.257754671927662,0.952851818493159,0.176015389079151,1.16832781558366,0.179409563227636
4.57248097422121,0.840168184580644,15.8160749233045,6.49951475041263,0.926519268109031,0.0544354264148122,1,0.456167037867089,0.776467307180141,0.730177033893867,0.330084076844481,0.324997718251903,0.316607225480123,1.17689347438465,0.176091495063955,0.435038429509311,0.214776497413588,0.900770078604227,0.233667672886339
5.0563180335385,0.931605340182458,19.4590884715675,7.51088208787165,0.928228623463544,0.0325393056721416,1,-0.758039444540339,0.710802684474611,0.818786352507068,0.263651759643317,0.743812657055785,0.252894894062921,0.639611918589149,0.223656702722243,0.631308142392465,0.253140928443856,0.821177055123411,0.224516079653947
4.10345671339867,0.615098022789749,12.7201673764344,3.85299068145894,0.788639455223174,0.221668660296916,1,0.473217750689973,0.537540444665749,0.772467303675777,0.174049691611263,0.669913332325905,0.223642603999511,0.970026939123173,0.204038679256848,0.711843487099475,0.168530906829297,0.435563239702595,0.262433221468082
4.35979802612092,0.880142945552487,17.8048733025294,7.55130174886705,0.932690278041511,0.0400096686031385,1,-0.116142108997111,0.678232815550666,0.314760962656917,0.253662167205031,0.86040302443071,0.200252630860074,0.772015269126726,0.16768897075325,0.959909981841361,0.227170194445209,0.748244546515627,0.317498268925516
3.36186435777781,0.64054956911466,15.234993693825,5.71746748138524,0.45363422119796,0.463523088689643,1,0.266010666381667,0.588953939718378,0.175881809801511,0.345285560375727,0.697042166913263,0.194398524501021,0.709623770267412,0.168390400967015,0.817075898438525,0.236446565466548,0.883781817262287,0.232725624311014
4.4419798707382,0.792429518044784,13.8630070292673,5.43113171454647,0.936346748225161,0.0539511533934163,1,0.408929660545464,0.827216649896081,0.693065470706898,0.213369572112253,0.375712335666282,0.235528054354706,0.585033271081187,0.248002142510275,0.784281888717615,0.230444810053378,0.587832744986247,0.228111327946312
3.63136194572761,0.659010465978507,16.4381551837557,5.59000151825972,0.708395259690726,0.266057397150083,1,-1.20921263927731,0.675366156267578,0.879790561809266,0.287210007094424,0.386676557619336,0.264108362769,0.421073654628026,0.257970339776606,0.749214135731971,0.189519573130855,0.763545879733657,0.198015145386044
4.19485733566608,0.869867735678237,27.880492584179,10.4516372757594,0.898107972967957,0.0574790780228405,1,-2.17496596035755,0.718198249992771,1.06809938972046,0.175489603074598,0.85588545644032,0.176286442520743,0.936132520908896,0.21139967386828,0.851695573421232,0.2375161050388,0.641897451467261,0.285175971015909
4.90913532184963,0.740084130119036,14.2063548325304,4.56801555412125,0.264079533481007,0.765214429362417,1,1.16067788013353,0.457678519662625,0.00784232604187761,0.355119997244848,0.925591186858805,0.194403540331107,0.854255803390263,0.189126182146353,0.778812519703671,0.229790849155427,0.631246621452041,0.238139180778394
5.74103147087183,1.20432986123106,33.9277458675402,14.8728041975165,0.858994535521582,0.128235379935222,1,0.456301091671062,0.637766629344916,0.813933265160419,0.232273114205488,0.865557824656204,0.210706176912953,0.884858542176539,0.270874501666634,0.495273172104937,0.340614707037959,0.635228953489128,0.390697648347185
4.65787221440792,0.83380930006327,22.4864882876541,8.37826398706279,0.777461793175971,0.206372551417198,1,0.865651002414211,0.573596622311154,0.636266297001134,0.273885629777147,0.341436268183444,0.318190164330951,0.65459578011687,0.151680297322311,0.872774070461505,0.193205782184945,0.625265998287114,0.252298396194167
3.96502200105774,0.669344243538852,12.0367679011288,3.76788657639623,0.738902506012063,0.191858223050416,1,-0.752112239642567,0.745863946795892,0.755365937095682,0.299731457266133,0.535540700057354,0.219557676951621,0.58383426465403,0.154969104995489,0.872276250853611,0.133169514868368,0.785808964924691,0.212626979022754
4.1317740596638,0.686923766335662,17.1768432493604,5.75557907115024,0.601844476128908,0.48919613369258,1,0.930029004609925,0.467285722764456,0.700509327882903,0.209643238023522,0.567073693213995,0.228232015334074,0.762829932136347,0.208427609972228,0.89763616648388,0.227167051828169,0.764277315001946,0.188426460903788
4.99428897527928,1.22947315689378,35.1578898957442,16.586214852898,0.911785584045346,0.0702226554958931,1,0.189603386592546,0.674099582742777,1.05416482468969,0.245890594679883,0.622518441505524,0.265977351257161,0.860037156009124,0.292720504110139,0.74450346595582,0.336044600341654,1.19196843209165,0.263523763871547
3.81438349370577,0.788847651843148,26.7952942259377,10.1245471866843,0.356021567183404,0.35098304123542,1,0.158453947030156,0.649346419060974,0.581099148706839,0.242589512537856,0.664218511179091,0.223182699465104,0.377734845274063,0.26778975587543,0.765402733638524,0.279826380898427,0.894977618776334,0.174159885652612
4.44364373392742,1.10384149785316,36.3077643071499,16.5241342024572,0.893591387725021,0.089235866572324,1,-0.383463762726333,0.776671836008748,0.96462699276067,0.241969723354978,0.682172148887594,0.278255289645423,0.454510444302628,0.350161232251942,0.625006600453822,0.316349410059692,1.03550470457135,0.282877786326032
4.24898112966244,0.921378856890903,12.581065932649,5.49978717662428,0.944210140580193,0.0336956311367514,1,-0.138886109508665,0.836748065406834,0.840932716278511,0.265039488203182,0.474713146632079,0.269726420713551,0.932595338496372,0.231492905908329,0.624665029716222,0.252780142938161,0.523861347747155,0.255352044083308
5.5741156895761,1.32813515339212,25.457122867087,12.0303450689653,0.936663644672192,0.0542547357566697,1,0.249679888552057,1.49774443413819,1.20116908850953,0.388756277964382,0.830923006957407,0.341081320623786,0.874830308882938,0.313178248104896,1.14341747948591,0.252539021577836,1.09473871479513,0.248214587302053
4.44721600823486,0.843518993196366,14.8255323576577,5.83159886540971,0.869541410227867,0.104006883418087,1,-0.0898909502200556,0.573292645592689,0.542066449056717,0.216492727024252,0.0564098366765607,0.42704857724451,1.17157125921441,0.263243095025015,0.54786906171426,0.196157091765952,0.507976860485572,0.234593908925014
3.98136485571868,0.776543578146432,19.7188889544196,7.68598785237463,0.684164969248516,0.256387344910771,1,0.675841862697119,0.526318340266554,0.447435651470814,0.216484009160374,0.545023411741163,0.250442568495735,0.450894441957723,0.224378896872793,0.792427229090464,0.237911574618712,0.421771977462835,0.282771600968291
3.07399456613984,0.687138249708227,12.1487884601132,4.75937265873023,0.861447459562866,0.0940723317957647,1,-2.17320205714058,0.516414223612577,0.788779987283762,0.151201600047587,0.739175516477013,0.165025811100587,0.770943549815205,0.226191689056092,0.680218185806667,0.305259487924016,0.0601985339349011,0.338633259047021
4.92297362898439,1.1936215878996,50.0821391920055,21.7855747489561,0.631654393333513,0.565700764510813,1,1.11167971719546,0.792085485109794,0.664454721482005,0.266397308550243,1.07694511439771,0.306654952016352,1.11612951763645,0.230124433123015,1.02903909870256,0.182207897830434,0.82861431030833,0.210272616947451
3.80260622709892,0.635893495092925,18.8836129531799,5.76815633980224,0.76080985294834,0.210349886621902,1,-0.773179861611045,0.519157848098186,0.848769410894279,0.206304173933595,1.03250056690215,0.148471867975897,0.74495420593607,0.188848283463832,0.790536682128417,0.220913119996863,0.889366488189328,0.204493807534657
4.80320090091813,0.800305313098662,14.0454002604073,5.119578495236,0.777004836850063,0.207821569586438,1,0.881324226373464,0.739102078493931,0.387647464697763,0.307737453103639,0.950861088374258,0.148027242336555,0.488048658850481,0.233080702749774,0.296096184123379,0.333156650475311,1.25270639565339,0.170470353870656
3.97773163256656,0.604803574549499,12.1333466398421,3.91450617430202,0.363871305582916,0.400327952958769,1,0.360838865306468,0.488439766243318,0.55555872775309,0.231944657064979,0.790487115686195,0.169685092909589,0.0578732057298395,0.339385714784977,0.624229284613827,0.244054398479298,0.700962616188536,0.183218232974125
3.43027737596598,0.623070325052626,14.2064547243829,5.01679567788657,0.715790095919132,0.26910834687034,1,0.487377200460543,0.483108391775597,0.716628468374673,0.221078578158607,0.508972305636672,0.253787574585872,0.394545738423262,0.182662361641721,0.546600238312656,0.212517537356027,0.819278582535742,0.210345234961529
3.22088206007984,0.626106618151263,14.1893212528081,5.07228617895754,0.891292589850319,0.0869616749938188,1,0.435403421939035,0.598190605364906,0.881352973707622,0.204333356724146,0.552934713917255,0.225701000517396,0.905927258597797,0.152978410507537,0.389695435460008,0.270492361705284,0.782499475832505,0.220489748221526
3.87665199677013,0.748510653504295,22.4301728869255,7.24155152819951,0.840218709912715,0.121479085331374,1,-1.16703577097554,0.728440061598806,1.06858424015932,0.200473447209869,0.865349755107707,0.183393820942874,0.676356925133866,0.219975105832976,0.645126062869094,0.207411165517772,0.913635898944975,0.224399088590923
4.97072418421308,0.81378878439752,13.6334718720852,5.17022736312424,0.867709269076903,0.125238775054235,1,0.21534916746903,0.737683794399274,0.811612686314047,0.217204494253622,0.662664812015746,0.277733687943295,0.733476143339087,0.228553004273944,0.739673919247084,0.237287076155097,0.950617095316985,0.225216019757505
3.32703784800937,0.640748705493436,12.1751593773894,5.06560911221092,0.830941189820815,0.120459441280969,1,0.0678974992563579,0.49730526957183,-0.100391985391555,0.354792379329549,0.5726800359955,0.223965386998583,0.674906327012864,0.17386962882141,0.377994194171861,0.287364229129918,0.128593690062977,0.370747890421138
3.23009798962785,0.470176490239058,6.40321042560923,2.23065509265267,0.702351433975112,0.244951778372838,1,0.821257505024521,0.440082222356642,0.542102883014284,0.189114320403199,0.39676370048068,0.185673448908758,0.424933117226926,0.237871786001763,0.859926426340356,0.19685378165422,0.322079051568547,0.212660623007007
3.64786863289521,0.627819299046429,10.28645240814,3.57396750483732,0.784127152032599,0.0962406003808181,1,0.179870963771722,0.455387429165564,0.504266202443708,0.206238604446818,0.575904335630385,0.241789318928459,0.391325416404886,0.244041974456938,0.444893930533272,0.249883599868324,0.680531893495718,0.206114915347097
5.27412916729733,0.973101387889398,26.2000386416811,10.5592997473277,0.619767042010695,0.388404819229763,1,-0.215630910384185,0.618984888535972,0.73510777404611,0.165866497029573,0.81596693908228,0.221249031947454,1.06383817495833,0.18040892208078,0.046082240899752,0.318624212938404,0.970837524670617,0.228340691718979
4.57636655531676,0.951450266897841,22.9543523450345,9.85085703307134,0.874357006373448,0.0858179595298662,1,1.07722975039149,0.765597386473497,0.425541143463147,0.376686395937378,0.554647892110634,0.257801310703095,0.495076562316185,0.221645653258155,0.59099782948662,0.236380184107603,0.479822838450406,0.250123525275771
4.97972066820755,0.900151900123469,18.2756213899991,6.94503983721232,0.822146038369357,0.147684759563772,1,0.506552972009682,0.583130906976186,0.867243288115385,0.266936858153232,0.514631306555263,0.235055218358388,1.14270147955401,0.14973344601822,0.654429430538922,0.24435834178483,0.206731743420824,0.329706960146599
6.93899326538673,1.72296533456306,35.3849057013895,18.6429371437149,0.881708591725331,0.0956429064321064,1,1.60393097717902,0.869898635974855,-0.0874682650807215,0.433576379365119,0.563950338743343,0.246401863592218,1.16554314884423,0.300654296864282,0.903939967186764,0.224305524942957,0.667149200933208,0.385066469907807
3.11532383760578,0.650512897826744,11.7625714745311,4.5718450450962,0.869428457560988,0.0599085551435925,1,-0.207244926049582,0.548173344939778,0.264131181752982,0.257269027453054,0.772543157766929,0.15744621738445,0.334602846317417,0.246157807812151,0.761721065060564,0.196051458273345,0.215031352148731,0.311033192828146
3.29641364961488,0.749949811227024,21.1597221016377,8.62130001081229,0.921572868689235,0.0511989309543889,1,-0.911355910450794,0.727645498829799,0.610988858076029,0.235629022365636,0.934519194201675,0.168590398117025,0.600853742197283,0.313821614246641,0.871456564628703,0.269756689672005,0.429844309577402,0.229473422647888
3.27897216756709,0.667479582792688,14.4103005316217,5.63341960650911,0.550596665638649,0.464318114139883,1,0.449987676733465,0.443921603274765,-0.0118234818912192,0.351840289865435,0.0194990110606495,0.29341743897598,0.771661815217787,0.183426944341417,0.536020988130879,0.220782188847296,0.764610581384986,0.229008533581173
3.87873405816041,0.573983806342642,11.8217177697997,3.41445524277167,0.600534764708867,0.366545898305666,1,0.0325988564523534,0.491849457767108,0.561522105205854,0.238849175171577,0.742985058721436,0.176143469504248,0.662640887041647,0.178659846375429,0.670441516496427,0.186471260227912,0.601619389895255,0.188594943430407
2.76064190450572,0.454695386968889,6.74932331157674,2.15616310642704,0.802408099777711,0.11388958136517,1,-0.262077076548522,0.426080107656713,0.354729153387361,0.167692413913936,0.553278750735786,0.168236798655325,0.720594496428477,0.161085911208341,0.411903018892671,0.20764771797314,0.550223668495921,0.21559574020464
5.11106506294979,1.18825427299742,25.6285900884965,11.8738950295093,0.869963248391361,0.104177982981801,1,0.391723424074453,0.734444787784088,0.398173470818772,0.349934988518161,0.847328126619783,0.175707775227914,0.658166134716914,0.282608707896449,1.14644496303529,0.257849158100229,0.396233062879805,0.309427445627675
8.15700882676563,1.89702276912302,60.3215679690583,29.2979290588134,0.985076031272899,0.00913990961748641,1,-0.92343017303714,2.15117884155431,1.4295262044829,0.435615197126388,1.08753609720514,0.296234430712881,1.22939836116303,0.259430005353531,1.35764287951294,0.159253673015152,1.63252927081854,0.261829655945118
4.31119789270437,0.847114601986169,16.6323383153176,6.63149459571927,0.933525881319143,0.0511045907567339,1,0.719081828265369,0.685946811908419,0.91422297172848,0.207354478523118,0.863977137689464,0.267376930921594,0.760474769670127,0.262489923893995,0.492627433808457,0.232611972663021,0.577205392787186,0.288270424398761
5.57654064417369,0.919349586119175,18.6388621378553,6.94252496155454,0.877623131182047,0.0816156874523385,1,1.10161136377209,0.65714424344813,0.389021151350362,0.336792667479957,0.665783979889937,0.255545763256635,0.881871690560329,0.204412781629733,0.963461832718304,0.143357344947577,0.916442876386514,0.19533504913939
3.93611415403031,0.741639354923528,12.8735048635384,4.95542449884424,0.885940131379825,0.073819386675024,1,0.0864130769035185,0.627963130179454,0.149280522891902,0.287935938932566,0.725709737213566,0.221527089347484,0.773066121333032,0.216676570871761,0.633640724650723,0.185567956264994,0.396859826062626,0.251503181427068
4.97303240699126,0.905347543504931,26.7242571383434,9.93752106540512,0.934250569971977,0.0415442388092334,1,1.47645688273304,0.810780450775191,0.583337455322488,0.323000337619816,0.893195367152549,0.23768424844698,0.838714382743052,0.228315054871499,0.963077196314193,0.176817330764909,0.873941982843401,0.243154294898666
3.88046348703532,0.62399455313221,13.723157490691,4.93147179036038,0.934707508321751,0.0384938032169249,1,1.00926049221346,0.753357632286934,0.235880933425574,0.271941563083206,0.753702774216902,0.256385895335083,0.903018343951601,0.176173187757208,0.606091688676315,0.200120653158612,0.745794334406991,0.211305417917302
4.15651804627237,0.732473605635825,11.0343217909251,4.15351038832017,0.82395992974116,0.0950234247106277,1,-0.0963242190975156,0.538530413632536,0.848902238596481,0.151946357324662,0.746957713265429,0.248923938622805,0.573256210913692,0.236132034955361,0.824512094837465,0.22631251690628,0.700502097739191,0.20360142690769
4.93438921216635,0.951014597753669,24.0477113107663,9.29427080334495,0.916843287096055,0.0732339841058731,1,-0.432222104273176,0.937057075437236,0.851141888002558,0.31085118449806,1.01095581572289,0.212359941355962,0.302727914906122,0.297172339644318,0.817980509526935,0.197362867721602,1.03427987856471,0.178989321125285
3.72055420179932,0.54913951673419,10.9562773183243,3.39575523003895,0.461141590284038,0.253166553122423,1,-0.279504502803867,0.396216305610873,0.506478634954648,0.228596343576148,0.459036914838414,0.162570751712701,0.386198917398769,0.19062243977623,0.656486914037056,0.185405040419334,0.332256710458851,0.223733934148085
5.18784360096312,1.01608098374926,25.8975767153513,9.93637151687745,0.836524471708964,0.123909086122219,1,1.18902064778848,0.66744635143935,0.778209509810987,0.216339868473998,0.989658717743594,0.256331835820878,0.6721825630372,0.276774200819207,0.925106496146079,0.229356526000985,0.387991795821568,0.313112271990824
3.30595392660424,0.564103388130136,9.52495423470284,3.19737780513356,0.748611622733033,0.260721054304476,1,0.160383187231265,0.558098304535961,0.301296977163753,0.253846136048948,0.444772244371185,0.243110364432437,0.357997951726573,0.256685019954582,0.867744639019975,0.169356647781596,0.496341454859945,0.220692142810294
4.1421091904599,0.775673690747209,11.1325171628395,4.41402179696078,0.940602330551741,0.0340874380497802,1,-1.9794314041709,1.26483706468125,1.06529018910272,0.3515206176348,0.986713197164889,0.233308170912484,0.777032100967621,0.106672832704576,0.535247287404765,0.267266088848724,1.01254477244276,0.234015183674443
3.77694638930658,0.61715796903768,11.8237644919429,4.03187337293002,0.756840189056632,0.176537529840312,1,-0.517181016782418,0.542961584689402,0.724663084246423,0.203121910615262,0.48933994383167,0.207744550410782,0.742773042113266,0.169617009768838,0.740512035367166,0.185275048268196,0.509193809289326,0.245078426865218
3.43285121770478,0.606410748979087,10.6679616794503,3.85341895113636,0.875864353681261,0.0918527908664543,1,0.522941646539938,0.598208293061538,0.367226929258198,0.296681377446042,0.310254649554202,0.264501333002841,0.373556143844799,0.283571374023421,0.775554182071822,0.167002264337381,0.383205588610425,0.197572133645631
4.70208574182876,0.863135074496689,18.2196658240173,7.54736769386046,0.938529453099563,0.0357496567066242,1,0.0809661221970706,0.801204136395626,0.938809376318698,0.303342276278551,0.714143972952373,0.260280457008212,0.882150766703729,0.195677651401991,0.913494706914088,0.209243372629421,0.750290583144104,0.212572170677541
4.28739479617371,1.13319583406956,37.746605222991,18.6772481959511,0.92069721724221,0.0724293270388588,1,0.685131873031102,0.861358862171454,0.727723945860668,0.304641279092726,0.546248395646586,0.320121710904697,0.803371955122171,0.2922910054007,0.396678437161196,0.355304270688606,1.43557663550857,0.267310952183991
4.0605056303448,0.727323207221382,12.6443316089169,5.10470695930097,0.940061590135656,0.0340869529648499,1,-0.206508791915543,0.704418855420964,1.01891791409288,0.1958990775448,0.531707270627487,0.228633678427786,0.716714810937168,0.224239737448943,0.530861377193361,0.236491429711441,0.578245076189185,0.265901079378893
3.37133998256369,0.72873251936564,21.7191247240271,7.95216756628447,0.93208980872622,0.0476713085466111,1,-0.515874728892901,0.816490328044228,0.947023441013051,0.190382302102486,0.700000644155317,0.200774004779566,0.45978640806062,0.227862161613094,0.770507305575662,0.205197279842747,0.778678124454433,0.208212293967893
4.93033511259852,0.881908878153318,16.6198786726646,6.29127787857648,0.919056826713786,0.0490514904797232,1,-0.371087145931368,0.820244916524586,0.579238124248538,0.348485402327719,1.14111374275237,0.203042894702247,0.744916959680277,0.219319270067613,0.537402010927541,0.254781205578693,1.18744030921751,0.179956718222159
3.59891975323768,0.619605078369968,13.9086601789113,4.93213841601563,0.521550106107233,0.470762820645814,1,-0.296282862803461,0.39287893236526,0.361127414795895,0.24741922870109,0.631937644034851,0.169119700630681,0.893021160709717,0.1832582855342,0.703922026635989,0.205690014184292,0.416242142580371,0.208726383589773
6.01031149323412,1.26728108909323,35.8204993022763,15.1781261952996,0.948049800823759,0.0376907076338641,1,-0.344213778080317,0.898172317325885,1.20990695535841,0.248183026946333,1.01093650455236,0.223496834700406,1.13269350531507,0.198011213641351,1.14798546216573,0.271837761133253,0.787231892491914,0.275461890056141
3.28769358702529,0.80907069842894,21.219804452296,8.45025355481838,0.932608085255411,0.0528528471863611,1,-0.143224136023373,0.796249358473684,1.01506756108326,0.167032793019807,0.727244897166396,0.237075605857924,1.08103528378269,0.244297176968851,0.570213395822611,0.2691111835681,0.816510374088397,0.291283143281443
3.30920846169917,0.57847228459592,13.2457254460733,4.37152351874752,0.774543420584664,0.213728550774133,1,-0.370286624645533,0.524769726566795,0.73823309210213,0.212508418664214,0.30979382962362,0.308597654695606,0.654376703291935,0.197257870462634,0.64621500008148,0.156457603331545,0.414095300089187,0.219307213765787
3.43335786639017,1.03909085421786,22.9366526959603,12.8002145355094,0.900000765003703,0.0888441256124963,1,-0.457127753317715,0.716645149152569,0.672803259959447,0.178730272278195,0.937780694880453,0.333339590848713,0.0885719085978996,0.528272953294392,0.42889200475403,0.394504770953687,0.724100344296894,0.337517774508257
4.27088652212918,0.773773082728441,14.904919974479,5.33584909658602,0.214193184630667,0.417880373392931,1,-0.272301083902841,0.66483841269733,0.718043935325477,0.290581856089686,0.641771366764342,0.24090303188298,0.603585481554407,0.224205565200245,0.653403469375955,0.208212734591337,0.229726806767434,0.282131498982386
3.14472655637236,0.556385609852831,9.62650806827647,3.15143164908289,0.206331780820744,0.263192535111286,1,-0.232336856831055,0.47015407685051,0.250484307303749,0.269210953476951,0.830770577215742,0.148789593046391,0.71793905648338,0.166816161534919,0.273668818782033,0.270736042539853,0.632267959451392,0.237774361248931
3.95618575329279,0.740458037084526,18.2244516205564,6.61908570653588,0.803825177012795,0.212149754090314,1,0.376225793924399,0.572216213602609,0.785187166851974,0.194280973372067,0.770024038482345,0.20451809472117,0.270585427566392,0.280373571247177,0.635872808789241,0.220699519794487,0.999887528124836,0.225136320744693
3.42359485116542,0.612778846699507,12.7746070846456,4.67579809926368,0.881033365712638,0.0699390746133681,1,-0.707819344396585,0.668617650301045,0.973016046128635,0.148989580147996,0.167025567796607,0.279449064784941,0.621812035142715,0.245235333734721,0.0654823338191815,0.280564640731249,0.871583404133398,0.160454867137025
4.82828067838354,1.03351755775365,22.774695066524,10.1360931690509,0.909991634656404,0.0662742052882386,1,-0.365738856036128,0.885602709929563,0.987172171512991,0.238450693009781,0.424695141703341,0.287084001724775,0.672335755253013,0.321451260493687,0.868515644051567,0.256126520300281,0.445580142943488,0.310220107795429
6.20426421443512,1.27152746878243,17.1571834292745,7.49174662469431,0.933882812163945,0.044100254991637,1,-1.54526979997864,0.921652626267603,1.27730722478992,0.23634013735122,0.928774234393804,0.290286108151453,0.872661567437792,0.26585883089673,0.795809476700556,0.262114129892818,0.785997804007518,0.271803510539491
4.94741401920576,0.82089356871181,17.4446663247633,6.42009730047745,0.934648140957237,0.0421117312132017,1,0.55461644876029,0.702289735419176,0.629616023174214,0.255882834237813,0.874301091119572,0.206535042883262,0.583878025299147,0.30105599790769,0.956750568840833,0.233498665260968,1.08147002568863,0.222984975680895
3.01902114458378,0.526664034217624,7.7562314476942,2.83533434897511,0.83247580676299,0.10273318023653,1,-0.316774378660976,0.557728023649541,0.440143907881956,0.215746292364422,0.693385151634828,0.161463285532704,0.549992488123554,0.181321326184094,0.447045799354944,0.231471616476281,0.0739024252497889,0.279182647358754
6.26360834208605,1.38417198666785,34.2706663852294,15.1338615643221,0.672643889416898,0.57947069335473,1,0.185673251145907,0.801187262762505,0.559976676836207,0.356099568099566,0.985861836074084,0.229701164228789,0.591892302787656,0.271291917513139,0.933412897770504,0.232901783776132,1.18034738686778,0.298434987645613
4.18398562387799,0.844803546429984,21.9932214025837,8.70822977221654,0.237287255639251,0.462436531822901,1,0.375301265160369,0.48136824938757,0.581641965808803,0.209590719385683,0.535584376424075,0.221274169422424,0.611626047971964,0.219658111980869,0.605672006893296,0.256268735069561,0.514693983295676,0.225711124332159
4.02748708270176,0.856621351299414,9.96907536306783,4.76064529127345,0.928960638882867,0.0575665015273625,1,-0.664564439434996,0.878434517457894,0.809451576677095,0.200462098915253,0.591197170434867,0.270533296908715,0.700098997063716,0.221649467466455,0.278557853344665,0.388542666995981,0.834633966233748,0.304469775994461
4.78426969751443,0.905930535510309,29.3838106287896,10.004972424316,0.102751357718906,0.427280773788186,1,0.723537544656332,0.666876883683488,0.582352436136469,0.353985873708953,0.759878533555975,0.243235243034823,0.571354564886598,0.176661553672249,0.982688719289246,0.157337107936402,1.00211616302732,0.183511433687899
4.39927921593076,0.951723490355453,19.8942966949778,8.68529874296956,0.952902765677252,0.0326144442127022,1,0.765424749508851,0.81200991613638,0.95803455388727,0.176773257383937,0.519220155471884,0.301223317169785,1.08113693449804,0.250991773387506,0.575873466722538,0.284089094368565,0.944342818399498,0.242843630507421
4.85555281604964,0.866286304143215,16.8857866700086,6.51706892835888,0.784571881327174,0.225693703428904,1,1.50582584178569,0.58761262245869,0.425898570641304,0.280676955454258,0.405269982047138,0.273291025718563,0.73696727889177,0.204966894303823,0.823563177229806,0.200987898401913,0.919953959524174,0.216481389411185
4.09630579255067,0.842807655826482,24.81540436839,9.44275140821295,0.94425368629085,0.0405293109216208,1,0.0464732100956447,0.884508441258824,0.757781080500438,0.296911942839532,0.934796148901273,0.218721462473544,0.897991616061803,0.213656619683473,0.811665038555537,0.169577705375448,0.923076543179952,0.219977046358925
4.02590210200323,0.639082462989469,15.2456196991889,4.83812258370634,0.615739588737473,0.257892424885065,1,0.0600319069955675,0.474716572249531,0.870908181938358,0.192747090295566,0.0955314849219571,0.295679558379344,0.45554668288402,0.224507664272206,1.07300644648809,0.163803376257296,0.124813358891756,0.288713687722728
4.98067714701529,1.14037238635457,24.5400458744628,11.2223076383089,0.962475388320592,0.0310693894415544,1,-0.515162593091627,0.952684278520005,1.4069492387408,0.257716987305836,0.582793147901606,0.272223881602082,0.726017136351778,0.323698700363228,1.09179363305866,0.29384373692896,0.63540738209939,0.259277729918356
3.71878010479554,0.618562093350122,12.4858079932047,4.17978689578788,0.765802320352289,0.221928628014312,1,0.652215749708452,0.662404852175928,0.329890600331015,0.320618922632206,0.521878203650025,0.230743103896839,0.75583276488659,0.187594266348355,0.769662624060081,0.188120173543925,0.69548611343595,0.196543415543976
5.46537071586323,1.03843725320463,22.3642034877745,8.53337584328851,0.791904541910855,0.192244325210574,1,0.502605869102869,0.538246102480123,0.88636922706812,0.248707264674066,0.779887964249704,0.259167575129563,0.694186127404964,0.254966162004257,0.970232529922148,0.203580629265081,0.970090870563831,0.223576334259677
4.23395998828944,0.82572361764622,17.6638431259358,7.41891672345627,0.898187494212404,0.0495406352004556,1,0.406842863456568,0.611702966742379,0.746824606100285,0.21616441445317,0.78821578774378,0.220846659565392,0.590977459003759,0.228153880317982,0.626709295731162,0.261147860035784,0.420096020056653,0.266876502165801
3.37634703444107,0.486446358114294,9.51934843033678,2.90206698325746,0.77272276015875,0.160205947891835,1,0.469355158179248,0.522753763466031,0.757082549899375,0.209435284451463,0.565778696181971,0.213832345943152,0.503655072905887,0.15448605491467,0.391963056924003,0.209000997746085,0.692734278591925,0.167601025406203
5.01943565234953,1.10931639536552,34.2285204347965,14.7236538375595,0.847970637198104,0.14278935195017,1,-0.92963905825208,0.828951266301283,0.923334432125738,0.298251578235934,0.451515138339319,0.272841343613652,1.08568344258087,0.208677704447997,0.901948778037097,0.233953425231128,0.980910238887928,0.304367159217632
5.25485519521119,0.954401117865307,24.1850690806454,9.41388102331396,0.386420286348945,0.580677958980274,1,1.48625691572783,0.543336433952342,0.398729405679126,0.295448123280838,0.641652182406155,0.222023243983869,0.936849575354461,0.209925151251581,0.600425000102959,0.239227613510524,1.06427762451679,0.220325300084225
3.25798140428216,0.766926115496135,16.7985313100753,7.51539433715126,0.963133826717149,0.0231890256560148,1,-0.00322478234584574,0.784926471331045,1.15225459080787,0.215515368313951,0.344395514473072,0.276354199607209,0.60218352455937,0.183616264398669,1.09984257847099,0.251740697572374,0.708213046266769,0.334570639985947
4.3677200833468,0.840087548219422,21.7773518448988,8.7328870528709,0.906270617919904,0.0709771991859789,1,0.77969713077288,0.684139415092011,0.659729559635168,0.284140035200445,0.163874532518819,0.33356612374904,0.687223518075605,0.263848576540413,0.645390603653825,0.244269702842945,0.785689675206833,0.207945528961319
4.74077969336189,0.939213467054746,26.6155949216576,9.8329046630637,0.8223251958538,0.149981913582086,1,-0.478830452487143,0.56144453301986,1.1746975527808,0.18927810781232,0.345899679349791,0.330210430607066,0.889382231483553,0.259392008486717,0.816677345011865,0.163356417408181,1.05430614597459,0.169186491228217
3.93309587692105,0.787195903238358,22.8654607174814,7.70553284663178,0.859784825805653,0.117190706099089,1,0.491360706081863,0.687383718303254,0.788985507290485,0.289513687472525,0.547393278220314,0.187305200144773,0.754543251833288,0.18877394640535,0.917011160029125,0.16807346443083,0.688726999126546,0.22080125114267
2.75629603869768,0.553896245367394,12.5157622910768,4.21867933884837,0.370125902131098,0.484926477085005,1,-1.10859997411794,0.502187227363507,0.4878430509476,0.195549773300223,0.414016968476912,0.208322698426814,0.468868725853343,0.15909117478898,0.709662991579921,0.186774858640371,-0.137154607184218,0.292072665993557
4.24303404359358,0.776746676455585,18.2500214224736,6.6620164705924,0.835349430342013,0.126553438167082,1,-0.322234422013912,0.528973231222288,1.08586688170068,0.131687849366709,0.633255486401095,0.194057019459372,0.824945262209327,0.234867854264955,0.730671829747045,0.24596120867896,0.612239788954394,0.255106932485775
3.98096094571774,0.877766077102914,21.2704558870364,8.95587275532006,0.90570005817322,0.0599539764949517,1,0.0397201390818517,0.649233924668756,0.596693305429751,0.248635575539269,0.684545520565644,0.273983573960408,0.46001089721093,0.331820077063897,0.910009991142337,0.198545725537164,0.344865861499632,0.258853449680878
4.09076077972894,0.604448578560811,11.2257270252417,3.50334703575283,0.67624136058166,0.169313505369885,1,0.0754055096898031,0.453979217757922,0.801640187753675,0.189837944423867,0.496350482432607,0.174955001249227,0.701452386933802,0.1903169260926,0.840602325235975,0.15545100176557,0.678131625853338,0.167524461771757
2.81015534272453,0.661934989589757,12.0495918782265,5.09732987073195,0.937475075241244,0.0359636632887466,1,-0.727447199988368,0.794576746063117,0.581209416472449,0.241839276797562,0.567338389725389,0.297094343586633,0.39187909332555,0.256876236533122,0.689322948138007,0.211395885823549,0.405593458098208,0.247095502915864
4.57511023726483,0.715846446685945,18.8532848994226,6.17531780432605,0.930727634893546,0.0437426743151177,1,0.0674042991171245,0.689456141949421,0.747305801799233,0.288788826482827,0.981794742551886,0.115922139266894,0.602425982444875,0.240867316891223,0.602997732127627,0.25253615431985,0.896150703106562,0.202564014498083
4.60824749383313,0.922534550914823,20.889958131257,7.9365813836385,0.814024656764564,0.210252966855472,1,-0.376400579753461,0.755558816938635,1.11216817560657,0.272872815622895,0.637755954916835,0.228308017334403,0.798593205616377,0.231750022658653,0.907527690080913,0.231584023829682,0.834900364094021,0.220403851697667
3.89703726071856,0.533976566495933,10.2055150626167,3.16286337865877,0.912540508354116,0.0479042421311516,1,0.0844281272905957,0.809332061780887,0.340589316943698,0.418019524393715,0.73306728605443,0.196058302122394,0.809048472338799,0.155283754268826,0.642554651410807,0.165768858861642,0.829937928919504,0.166583858028335
3.37200296012409,0.512770854211692,7.15506587995313,2.59162368424977,0.897882582042876,0.0588551638216009,1,-1.41237161194519,0.701004602825272,0.872922670925467,0.186693026587324,0.685356558198365,0.176132885578184,0.735374948889323,0.179377224256851,0.393623818686531,0.24280929955714,0.444750182337326,0.26179667395708
3.78266881133273,0.82366434809564,21.5236048474927,9.0203955468729,0.908476732597761,0.0452076857509774,1,-0.234952837352423,0.53677930696864,0.827480775845163,0.168636285504901,0.857846651562584,0.151106252178449,0.965357615399869,0.249544716124698,0.919561587029768,0.271130715294839,0.378150927749769,0.353319588182886
4.1852836451875,0.689411659728571,15.121211520603,5.34374638260689,0.834381765677417,0.13812596262306,1,0.590534226551848,0.782651248398202,0.456410350041263,0.34676717225853,0.683997292508641,0.189083528432536,0.728465607187392,0.21758958208166,0.581504504616171,0.182997328531813,0.65525840929993,0.167814445315615
3.63764226530725,0.660573996242672,16.9912880367433,5.95595693365082,0.894331248929556,0.0711181372106097,1,0.017865664263301,0.645398842225157,1.00095488415467,0.240020309132451,0.734539422124726,0.212961317213532,0.752249262083681,0.16173954524747,0.77071374240993,0.187020783806956,0.731153659058917,0.229533736290332
3.94994313845291,0.712928636427039,17.1747269676272,6.52907606237531,0.922849245866557,0.0483687320044418,1,0.354996163611756,0.741121046444219,0.709608310546377,0.24015906013546,0.557959951782891,0.20422298829538,0.908636630715446,0.175602931336157,0.518549717761847,0.213805503003263,0.435127908914461,0.247589784032856
3.49209050389702,0.665649230424234,15.2129847090773,5.70098871036803,0.903049519819946,0.0715971822842188,1,-0.34332181283597,0.78688033996833,0.890326570730017,0.20536658353815,0.728027294864743,0.264329706959384,0.485438064187251,0.217760181229938,0.920273329838308,0.199698782795607,1.06193927209682,0.191708665293866
3.73376622837043,0.741997478777091,16.8195304729957,6.40206745768668,0.770460741698258,0.21902943349942,1,-0.218174804105838,0.675274565154524,0.489595183731238,0.276135162045983,0.803524670034695,0.246220560505483,0.105106865119188,0.318612709312098,0.780920385738568,0.165155535179235,0.733501024820312,0.204436472302516
4.61529352389695,0.951032806108703,19.4231695581865,7.92986763737529,0.895362417129315,0.0889225251353532,1,-0.713714734710021,0.951142920424608,0.832467897004907,0.271341372955764,0.540531178951612,0.2583895249589,0.629162262272326,0.226565697253485,0.762713310505725,0.244412267792533,0.768677351763001,0.225573921730162
3.57502793628088,0.771464480948542,18.9417359649399,7.40936538612697,0.873946663154596,0.0853714172917845,1,0.0375056125580369,0.601680066923979,0.682970969349527,0.183230471406706,0.637559647731977,0.176484786756815,0.313918537168592,0.278862223529065,0.475402682898469,0.305121738142544,0.7282786436628,0.220769356401473
3.44790043557821,0.661703548725792,8.78976348890252,3.85431395656493,0.892036139205797,0.0846282483905023,1,0.966634851240274,0.615635929610711,0.637769392893011,0.230610962021382,0.384139313526993,0.252776010992061,0.636968885987286,0.230080768435796,0.448446406490547,0.275413545220923,0.428649310223317,0.262194046311138
4.37710297314203,0.795305022480188,18.1702547064644,6.50701459678241,0.900030840166759,0.0758383501854671,1,0.714842872161855,0.641597599570668,0.542201366695574,0.279829478282918,0.627260184068585,0.262365617349948,0.84157432278276,0.177303088910987,0.551063668248432,0.222877027099474,0.841411610370199,0.193787083999618
3.42698395667241,0.59651824898128,13.8751520682131,4.22252570832059,0.590827755236259,0.313173142981988,1,-0.354128854619895,0.49342733841091,0.451994399984019,0.210523182769616,0.735377265167451,0.203521305110168,0.494623142690367,0.165041423021349,0.8155338250298,0.147647317975016,0.319760975413578,0.238092785154203
3.44092010612483,0.57628131554926,14.9086733682809,4.34838414789331,0.763249506788399,0.201508425371846,1,0.695538488478727,0.497944453961829,0.381094356719842,0.283264688486659,0.922792438425864,0.187157396278275,0.569953825403222,0.170370171863056,0.716815806318648,0.185447322413936,0.700353043907622,0.222637508811322
5.67544257161462,1.36816727708101,31.7779223501225,14.6883964288282,0.690007970615613,0.363545754449967,1,-0.601380331562446,0.825707646841818,0.613256793127677,0.337223515497688,0.351728946338829,0.399453855635746,0.953132403109975,0.317729097260145,0.561905851784372,0.233057665450838,0.739384490971848,0.226656649500852
3.23158859049931,0.598833383911098,12.0867235896143,4.365408362328,0.910552189801019,0.0619628233383945,1,-1.90794571684622,0.985713586083611,1.15506624432626,0.269423830526671,0.636181830862091,0.184094882055145,0.640304021195172,0.20805523963228,0.82637583938814,0.226686750609745,0.186579249697377,0.23475496523775
4.63355133592251,0.801888953810839,12.602274584638,4.61953520572216,0.944753112309279,0.0319657901086272,1,-0.0684671251816507,1.1150002612006,1.02042236080699,0.315013270689771,0.713454398926768,0.228022565356589,0.943871348263411,0.162943937754099,0.542560624718469,0.208836892521161,0.608514457056919,0.235140207389734
5.54123982550714,0.849851501723628,27.826174807729,9.02834876930921,0.905927244149899,0.0617268141260534,1,0.238244309413023,0.669435841685118,0.832812237519651,0.256831153872106,0.740603686556838,0.225226706571608,1.02638235372497,0.158402217435157,0.820644159190081,0.138002620655042,0.811900894084983,0.209171682329218
3.22901849428865,0.518604440754823,10.671812514116,3.60676463006118,0.917641138943188,0.0346839054447823,1,0.21105909645357,0.477217278705775,0.6233529330648,0.179435854010268,0.76885015332528,0.174027512426751,0.401286500553084,0.224537373741584,0.494351073969219,0.209174633992732,0.629439689742853,0.222619044978131
4.58688449658203,0.717143419528057,9.78260810193536,3.7435430387274,0.935995762786209,0.0296195661609934,1,0.565040628161795,0.715253340705527,0.406883899978438,0.237983868359074,0.836987759405665,0.172819910592327,0.697243738389738,0.198714995402454,0.593017112481406,0.246097262439575,0.508322305668718,0.261089254159493
4.47159732688789,0.761813856770096,16.883158397001,5.90098069832994,0.826606573803817,0.126870911860081,1,0.840562559519791,0.540994612715096,0.778802506937174,0.238239375964823,0.758903111803217,0.200953593124971,0.817585171936108,0.21042407270303,0.387546709558172,0.291868664339696,0.588286995936746,0.247684539326482
7.57159087984198,1.70494608823589,41.6831506638654,20.6101499637112,0.943103892598847,0.0780404314470245,1,1.81457031575581,1.26769213156421,1.02505048131896,0.390631554040445,0.689756825125428,0.33425443131969,0.758944239022733,0.346690149919668,1.2115647899643,0.30894214391436,0.902198742841963,0.287917402776718
4.67985386531882,0.80081097072658,25.5085511564795,8.82977164862621,0.86910612724228,0.0840137569687502,1,-0.752948106717361,0.649011135254276,0.79947529791711,0.245422814082619,1.06631441130781,0.224777268821508,0.883613652019041,0.221411909196011,1.24248250289041,0.142265514810842,1.07373556371829,0.178976765300902
4.78223320905171,0.992269139755374,23.1975016800534,9.38753846719855,0.93859404877716,0.0413228231203078,1,-2.06015493694023,1.18149684282846,1.09203919529205,0.23010157199059,1.06467749135234,0.228908179434942,0.624141697077232,0.253274502805727,0.626720363251648,0.250199985529821,0.761546170422386,0.214896175457261
3.68143081354101,0.681890441643295,15.7378612343017,5.77971974830801,0.847228617107885,0.11109904039755,1,0.556794094795523,0.471677909924761,0.442488946292979,0.249812035851147,0.988535070552559,0.17158792874559,0.704607525500359,0.212011046204962,0.604807184212335,0.282633949842574,0.585326637298982,0.252623586735629
3.57546019939972,0.60964370121905,8.95106453731814,3.34907380914191,0.73935275642649,0.214120718127508,1,0.104052905874066,0.503742250782498,0.551955889749106,0.216087620936216,0.482083614197183,0.209525517885735,0.400932971021885,0.222302541208005,0.173878582507146,0.31117217188568,0.600266712339818,0.230866735380538
3.87058149577373,0.602012956291272,10.3946367155696,3.62010577769672,0.888525315487753,0.0566630710785232,1,0.269079447840883,0.641029847604975,0.483841054800999,0.257769548301487,0.652392848979085,0.206116742212701,0.305237829636511,0.25077589064944,0.464076013034058,0.244797835570442,0.900665524643529,0.164715111644643
4.05163771322594,0.746618361236675,16.3796992679805,6.09373211126143,0.670863069355035,0.353135533305101,1,0.498159273447284,0.558047083365858,1.06624975971089,0.169093922289439,0.658219762888012,0.218345993532134,0.872855180479227,0.255805686038779,0.533803079776826,0.261297501804402,0.250810145734692,0.289790779737389
4.43470759654578,0.833497666450617,21.6357531731222,8.36332256663156,0.951964183287797,0.0251540498529955,1,-0.484310952100035,0.822258206371751,1.01114169539385,0.251878385480949,0.924555311080581,0.180432956256853,0.808768606136918,0.179849453132061,0.600821988400856,0.232104647118881,0.898571229918796,0.215001392781577
3.95983037805262,0.745289581461982,15.2256910712407,5.59575609900823,0.867221416647816,0.0828775656153425,1,-0.115824344848641,0.69636481565138,0.658187222211842,0.221833329482629,0.580687334284858,0.216901362775449,0.8951638903536,0.182215392752725,0.83284136043492,0.221725083055765,-0.430804467732756,0.416607196610083
3.60618279033565,0.610883418134323,14.2151429650762,4.68147302111407,0.670369519184974,0.406439759823476,1,0.684006949831448,0.434492119330917,0.567769652714364,0.138843627097838,0.901046222296414,0.181968673970453,0.23516143234395,0.255890025430653,0.641489375368931,0.237688865895754,0.523431373472514,0.259990035825248
3.48870032584694,0.664308718440633,10.325784281594,3.84425210045092,0.548388139377713,0.432434619631204,1,-0.457452348677529,0.542571087592297,0.74710060029741,0.163232489925396,0.55110027652648,0.165062808131034,0.602304610848833,0.187197288272677,0.126166786343607,0.307899680623221,0.62206567269062,0.285580055028196
2.39692772985789,0.458834102539946,8.89498848084601,3.13613512841061,0.93141015136991,0.0344037437987016,1,-1.25741752753162,0.608700289545738,0.86027268966978,0.182748500509816,0.667011734196878,0.158918604220308,0.70362007982647,0.204357539429654,0.393419365356157,0.247264422780757,0.416825586736991,0.187097510925384
3.00996617987135,0.519051488267181,7.07145383822845,2.45909228942691,0.696659922237291,0.215535384018885,1,-0.913044622094158,0.460080933395559,0.719284035398819,0.12874269022521,0.476702161203807,0.162210167183241,0.51592951936789,0.231115085872462,0.350710009400156,0.244854427309608,0.80360968993367,0.211758254241048
2.64664020196185,0.569095787247411,12.1535462416218,4.45583957679106,0.938895837962283,0.0360834538726899,1,-0.451585487177969,0.769124438234372,0.494107037550621,0.276212713555277,0.597506793853617,0.256708930760021,0.714810735722275,0.22507402328341,0.706952104558222,0.19810555591997,0.32353805804645,0.212955769259677
4.0567511948926,0.681076341521262,13.0732967113857,4.55167924042997,0.895288845107831,0.0712643427185389,1,0.100344926075677,0.656759644143838,0.610647602731652,0.190740216710944,0.417496303076983,0.225800165030135,0.932834607372134,0.155976189175202,0.73490942537174,0.215932864592558,0.641929702043722,0.237128414158702
4.53167310591987,0.910609109087989,12.8899591147543,5.50000736874699,0.957883628155955,0.0184050861914597,1,0.272272159108563,0.77994116746643,0.776055907961468,0.16883943067899,0.894720205469569,0.184117504396744,0.811557003371088,0.212065663047593,0.933800649252961,0.207431395231052,0.607309150695148,0.272139918261091
4.76911465136967,0.85969969470215,16.8504478608221,6.66635237080769,0.918600900587639,0.0573538208127569,1,-0.544056240028818,0.827026875460315,0.944831069813115,0.243220493154158,0.841727358443162,0.277423755614244,-0.0520974684668102,0.421543653950947,0.918447873497413,0.224057881725299,0.46256286997996,0.205635161145396
3.97826932914484,0.876968249449858,22.7149062114299,9.22208396361003,0.82022282475606,0.136920113440524,1,-0.295921103746157,0.586073263332255,0.782745403684916,0.173308678892473,0.968421020313455,0.278218341844492,0.439173854287555,0.327898985659725,0.7466479566086,0.257575258365486,1.07223856739588,0.194323284902721
4.83459957024118,0.765473488468072,19.2648709117733,6.21835552518575,0.856327868893037,0.147952024828819,1,-0.98181922026419,0.868764600644729,0.955594615425787,0.289978554397727,0.951956279097484,0.209101621601632,0.751005169032445,0.166771880235612,0.789319567934535,0.222171197667516,0.839761291359832,0.180350929433559
3.61645619674459,0.659792217449499,14.6697878857767,5.0786541257961,0.87203967396622,0.101001394747777,1,-0.586432099742462,0.617354421642502,1.20180095820332,0.207597821017864,0.616858777460242,0.145914312510916,0.567187888883758,0.244130757467013,0.534417841023616,0.252037821310951,0.400543624691043,0.23935993331423
5.84432582377115,1.02259923698218,31.0728081947128,11.5676391995828,-0.459178626630053,0.248914967164302,1,1.60014314768352,0.77633552930564,0.696294479555288,0.300870222811488,0.6019383435871,0.226736379148093,0.996127721517169,0.135468048178396,0.71510735781447,0.332596020198692,1.05698908347794,0.195324065289771
3.05550926534316,0.530021631618091,7.46396162158465,2.84420180043605,0.911050657234861,0.0525944463144835,1,-0.760131073221154,0.599165670380699,0.788561125288721,0.166728053516163,0.746493499241436,0.14826428638882,0.536996749225785,0.26429433178385,0.253906458531217,0.255351999889667,0.494379602633242,0.247390686165905
3.06159413411964,0.528805312762573,7.58494553654887,2.81952554789855,0.951074458467241,0.0208719396496704,1,-0.645709871007093,0.701504973281293,0.619521751705713,0.259295594949596,0.348521741242738,0.257535748187203,0.793170656536567,0.178628685158726,0.578124779193164,0.175429475390853,0.778396084185778,0.184062917257487
3.95458708892303,0.702226855482052,14.9496940541166,5.69518884445959,0.863672014343865,0.127088077373157,1,0.415629211558834,0.855440857988263,0.456877019824138,0.344962210226368,0.411574508491049,0.289406670698719,0.718188462576868,0.225266479698182,0.505932956812045,0.204655606741777,0.780996108068572,0.187714097287335
3.33243689078525,0.611498776564457,10.1628411525926,3.94592514092159,0.930180556251938,0.0345572299686757,1,-1.81902284555661,0.692074535549699,1.14833149312364,0.123472560513431,1.07495413090107,0.191343870090185,0.578629681346269,0.2073790379815,0.763905998683666,0.236605667738593,0.646501111084562,0.221780891213616
3.10715210692549,0.635134038839365,12.5037975599647,4.92114046719698,0.911297108083658,0.0423022079201701,1,-0.771707990124812,0.658612489686045,0.787345486977443,0.204040244190107,0.542907763891744,0.294883349511751,0.553253550148488,0.196594306298787,0.708370083701199,0.173195796392718,0.631764787269339,0.273052686410863
4.03258466464638,0.786921990696492,14.6158827176168,6.36256062164665,0.973317878256439,0.0158550232168176,1,-0.909065829590558,1.07500536342265,0.944761728444519,0.241700292673997,0.894936478453136,0.225960624662062,0.707362010362296,0.21404351371979,0.827776894914794,0.249411217478283,0.790597653604389,0.235923102632326
5.2280677990976,1.00165774977922,18.7282122766818,7.65104656468151,0.893655108246809,0.0657869177104199,1,0.466998810644428,0.620710290100259,0.912733003194075,0.191657446697927,0.95563896785598,0.201049851921438,0.521734129501537,0.291272277553009,0.568619113120534,0.270423066854975,0.906907249776022,0.264175637137912
3.64452048572281,0.674824052349519,15.8878377267727,5.92933529107846,0.685445679512688,0.241288758805085,1,0.872969172461605,0.499066554849818,0.558793814006424,0.190149341238062,0.742201224444451,0.197445755490212,0.776850182198053,0.278009107203158,0.496966387556986,0.233761384310534,0.604807351090351,0.193702879810655
5.54115662189365,0.965002988394269,26.3139370431202,9.41074930257511,0.631365545696316,0.365648654486254,1,0.997122756687695,0.726436412614584,0.752935607356004,0.235467195125871,0.813174711438093,0.155739226932393,1.04275276760985,0.162783965040114,0.693675807563188,0.245870740877884,0.919159013681113,0.221003081734099
4.50977189425276,0.943546248554543,31.2510427809627,12.3154491493054,0.780729379236519,0.244507140978879,1,0.202948956604312,0.753153835742873,1.06426086645843,0.196322272103844,0.147691779649441,0.3211618771401,0.309282151431076,0.320100128961676,0.655968077624871,0.317742755913669,0.959019164118328,0.232366390270004
4.18569789812913,0.831939031825609,22.5488727711322,8.25292359729672,0.902462309162199,0.0505239828635665,1,-0.193017026824935,0.717216102752348,0.652114178983051,0.27015119110351,0.713377272946407,0.176697915468424,0.889873298368808,0.216249618920169,0.849575725417148,0.212253488013744,0.84404947450529,0.224030604060201
4.08269886818897,0.727183982448641,12.1862137579964,4.56247675980753,0.839863421173939,0.135893782024029,1,0.693908093153606,0.565895170146306,0.045656709010188,0.35505635491466,0.1659311966739,0.333674138326508,0.594113605731385,0.214085544023258,0.684712765211324,0.201505345151131,0.518377435445727,0.224842725624329
5.38539145172586,1.04952553315082,27.5240795788026,10.2605438630611,0.866315553499625,0.109996260938894,1,0.246806322701166,0.669344893700945,0.771562011713884,0.209458353846239,0.699488808168672,0.175203202657767,1.1191660099858,0.204072406111407,0.906046139919459,0.25533101146022,0.156779613171102,0.361301303063963
3.7708150024901,0.755838547621466,13.4449535476595,5.43897121910053,0.865321853686021,0.104348926475094,1,0.623979561156349,0.579523649226494,0.310475575019974,0.268730775806743,0.693503545628118,0.204245431809053,0.498699868127311,0.324246206326505,0.537964916118606,0.353974874426565,0.823005209233993,0.14265360861186
4.15722943579502,0.822646040360771,18.5993299974835,7.3498475166563,0.923673399124795,0.0545615186219523,1,0.172540199052766,0.757782851316511,0.754127476314438,0.218594236338532,0.742985819198577,0.197245080577235,0.693188828273355,0.247361000773672,0.850235228996716,0.220735283632744,1.00928656437078,0.217452172684357
3.37741594497297,0.56936980947792,11.5042563528219,3.89400095754555,0.89919165357004,0.0716015224697444,1,0.30165114983219,0.663488193050971,0.362596690043316,0.245282893063754,0.941807899886907,0.180805711063826,0.292679884942628,0.238479799336891,0.746492971151516,0.192221183038818,0.839103817407791,0.158843823576432
4.16138934071843,0.693248845061166,13.0257653114777,4.43364851880215,0.847883644823288,0.110486516070813,1,-0.183393887625879,0.630971304202924,0.641252980260897,0.239682978301519,0.318033160404693,0.225589106260684,0.785632340578367,0.18226037971065,0.0723552354333335,0.243790001662467,0.843615141320981,0.1704766802193
4.01325100035772,0.623944302995252,12.1658436262399,3.98164781459843,0.865991124344181,0.0870885252844391,1,0.207310024500348,0.581764896922356,0.690062253376641,0.226801940880217,0.625014686974563,0.252205130939328,0.620022947095763,0.184005250912091,0.881328531008137,0.183677797181434,0.542202771569132,0.220272251986966
5.1314675017502,0.975052922335872,23.5116880075608,9.31392851435047,0.825828405651698,0.125919120323512,1,1.08816783141671,0.531091519039136,0.710910961830148,0.208481319875759,0.978591203320045,0.196378895890756,0.637848735076988,0.211901954604751,1.41811423799692,0.224277462019042,0.215370900726055,0.388497248451165
4.69742835591439,0.858286755091127,28.976917811287,10.7614094224798,0.295213355042736,0.372909335224488,1,-0.135563508708771,0.727852087136941,0.78606940563061,0.315862482183512,0.861788311836572,0.203203772533341,0.521284740957316,0.260493419530691,0.597755423974354,0.241122419290788,1.0422325148022,0.184150488002906
4.24399303342361,0.767008803605575,14.1764189735983,5.07557430453565,0.805780184842926,0.141984867657172,1,0.34748375662895,0.672054803464645,0.529911093016966,0.262718827895955,0.341822346156011,0.239566372745616,0.887760428116359,0.193534407280347,1.03131251509104,0.201570781122753,0.620183973629624,0.186120234687315
2.88992643433289,0.635424901980805,15.9886759478636,5.55698435546891,0.71172732273564,0.241031668858638,1,-0.602527500470667,0.525147158691736,0.598424869404769,0.239314618570857,0.733519563467121,0.170484427173137,0.622387323502454,0.161449969758991,0.446167425255636,0.199460172065193,0.0666665448775923,0.2750027566369
3.41777777222218,0.707240779135906,12.748884469977,4.91717645735011,0.832001987076814,0.122050830957106,1,-0.29759483974988,0.524070656353294,0.812393063748934,0.189071587518084,0.197089843748057,0.265840013177627,0.193342171546111,0.293061984711695,0.436878375235527,0.238422448174498,0.767643248129714,0.223673388190174
3.9533705565386,0.782683606685361,18.0485401179057,6.84161755883013,0.782426740187362,0.217812973173013,1,0.540030759498829,0.568695978004121,0.571102691058171,0.219646530157603,0.694626575971631,0.239082235459935,0.23607272283698,0.308855775075758,0.960463885570856,0.213714860659726,0.613021541968647,0.247284875712776
5.36150068645146,1.18893166503769,30.7869709236714,13.5008998208041,0.941593638410087,0.0462030124107659,1,-0.614746946558023,1.17389090427135,0.912087054207693,0.247609273139654,0.718100469161796,0.249866745274616,0.708227537723273,0.218778496987822,0.582237413055224,0.259081764801799,0.680719360604256,0.286352046644184
4.60456318237098,1.12966815269395,21.8832981214768,10.7956091515942,0.919586099482027,0.0557666897435298,1,-0.0973021402853366,0.690417847804797,0.55567985976386,0.243768232576017,0.661426951421548,0.253528827369748,0.555988902933107,0.281960766314255,0.704039792791956,0.337399265255422,0.67252394885951,0.296568201156336
4.80763172007979,0.824648468537192,22.5954717607162,7.95822078396467,0.562703641338758,0.475224186594293,1,0.411473814946107,0.598968377117601,0.587709176340989,0.26110939401077,1.11407712029287,0.14027012268958,0.888590491405,0.178229749323288,0.872399845145053,0.232632812890368,0.697878345916093,0.293400167378952
4.54446144931529,0.807162233366162,23.5602372012814,8.30453652106985,0.870440824985314,0.0943815966566769,1,0.998962348917058,0.733133924238819,0.852250490390315,0.298854195364789,0.627543836886338,0.243159244176027,0.787739726752751,0.224780155263198,0.944396187115611,0.149758053108688,0.757528154116092,0.175860459753878
4.89862727354405,1.02159196211612,21.5097507674583,8.80227572444585,0.945330566187617,0.0430568612851468,1,-0.126593904690235,0.897666060248201,0.878313920916496,0.32138626015732,0.779538415772548,0.281525409046107,1.07176595110351,0.17875701963749,1.03455503209618,0.231316681881763,1.22845592469231,0.249263028736994
3.64330045834756,0.621195595062595,13.5460686623795,4.59217438040843,0.902639270755022,0.0578576116597752,1,-0.073464899806603,0.577916888263068,0.5185683624641,0.246833552116588,0.648046810693302,0.223480574907731,0.921398106065265,0.206241516245473,0.523820444935116,0.189504056717197,0.595564933692518,0.17857928001604
4.04138269470023,0.719421526632233,15.4705605206332,5.53320093523448,0.911059424090415,0.0514478926486138,1,0.588609259607711,0.719013427627032,0.789999315221504,0.203305620746542,0.635810058319676,0.295208562478021,1.01081097904358,0.201228880004467,0.894047146777617,0.178606296881835,0.559053513585213,0.23057164328676
3.55299111624827,0.714079262564818,17.6483344424328,6.78236742696613,0.929109172672773,0.034517334011767,1,0.265387781808664,0.637728974193672,0.448148549720644,0.2801708512936,1.0414118414068,0.16126647918855,0.516002972574637,0.216796954256377,0.59522498021397,0.19402864200031,0.715975024931052,0.221775419036818
3.70456315205779,0.7062764820969,13.4910083368904,5.0980147994111,0.852727396534355,0.107421130090068,1,-0.0709805888074183,0.582618761869662,1.06749349208492,0.20087458195545,0.424646035825614,0.215691267371083,0.583163266526808,0.217202062841761,0.678337710902037,0.189105562646259,0.951565757725913,0.2425352335218
4.82484443787269,0.839962075949273,25.1288013993171,8.45228011114817,0.291866166563872,0.644613043141982,1,1.41740533761921,0.536092775367706,0.369022286607782,0.247973138269225,0.555858996735621,0.234744035735819,0.744658717217764,0.202393836028774,0.333752727550658,0.252131438114163,0.714844600634572,0.211831374429353
4.00396624623036,0.661175349962515,9.24933913632463,3.50242072672353,0.947267115947859,0.0239223201152296,1,0.552624785576307,0.826068297375598,0.773712554191105,0.214807054686164,0.71166036062167,0.198415718156354,0.830199610899762,0.200734823408182,0.668340069084829,0.197907167580898,0.635018703472241,0.215892478174753
3.93771502015368,0.887780153944434,30.5279628642098,11.1721943257952,0.821315892555861,0.136282955978936,1,-0.795509778588566,0.861206358924963,1.06035365057408,0.217203919064635,1.03568903722437,0.297044346399686,0.62449178007729,0.164108622463158,1.1303215693026,0.170917389822556,1.11953646960248,0.2359358283638
5.40355196142002,1.06477813124513,25.8642015343449,10.7284164453333,0.202868233112595,0.46577399146133,1,0.0187055709623934,0.712440541552022,0.668413572229165,0.259054855533571,0.96165540401981,0.195172800583831,0.917400098027939,0.194432063544409,0.168516721453982,0.309245793152198,0.213376528849375,0.378999680187257
4.17885090699939,0.754683638055645,21.4843033288889,7.88504437084889,0.412505948873908,0.435439366969887,1,0.327104465610783,0.433866123775008,0.82521492983404,0.212481903853392,0.419128695228058,0.232615541997383,0.464436453281176,0.246234741007703,0.596354283753939,0.220642718739387,0.19686657322462,0.249210554838873
4.53560856162393,0.925792672341301,28.5042572153833,11.1439605423273,0.86641528011915,0.097656821992291,1,-0.523383942124558,0.615315196944232,0.682638102311324,0.179646203188285,0.904397252890265,0.215526115617275,1.37258640312262,0.16629925299713,0.527160793863272,0.315395443062891,0.665213269089148,0.304248256082426
3.51378115369686,0.599561991408325,11.8784773084889,3.96317828268365,0.83534109720789,0.142417337007278,1,-0.871382547539421,0.681483019809718,0.696002848954081,0.244935839298012,1.06999496072661,0.154544732603073,0.519866572631122,0.254478766724171,0.89225663322636,0.175786690702368,0.636122118229448,0.175066894238898
4.09157227015963,0.825337210282954,20.7803806420531,8.16529571019677,0.912188217121785,0.0529759169345403,1,-0.310408540009148,0.727345730762837,0.924218434821845,0.277019772090514,0.837414119069429,0.214068645524787,0.447475869668157,0.212746491091903,0.879406275338055,0.23113710912319,0.80022082709355,0.186175830201722
4.02753158096054,0.749286168303375,18.6105458330022,6.75073144099159,0.885554796023115,0.0775509220189418,1,-0.654307163810067,0.572275857372024,0.953835668211425,0.15868010487126,0.375851868843056,0.227694981833132,0.827001833181062,0.184970491147712,0.824989461058827,0.144514272413305,0.540463830480045,0.267524879076368
4.01846196617923,0.712418618476674,9.1204796924397,3.45900768751956,0.883004154052065,0.0629258569322196,1,0.627942296385422,0.744018477857976,-0.054203757031711,0.320626798028955,0.224137453708637,0.321683601016508,0.561842676834228,0.21448149851396,0.639600321011788,0.18817868854337,0.920079803909392,0.209666167589038
4.32442522175566,0.839127657908848,23.2654908026919,9.01107927310757,0.801145579461223,0.13204999103898,1,1.582131070332,0.491256435871277,0.520028429125928,0.22774892513309,0.462425740801065,0.302279429274068,0.637453388882921,0.244390807633417,1.11822886959915,0.231977668911188,0.645382145479502,0.264122557858158
4.57546859771207,0.793795024774729,10.1391773707629,3.77032900052988,0.806407495611577,0.123837604127797,1,0.142849519200818,1.18011123569791,0.660972830100606,0.455046106521923,0.458022104287255,0.219715630058999,0.629724338482578,0.176187169469386,0.654619665837569,0.208713245937971,0.648584222183113,0.242881973203249
4.06732954501673,0.721290966315824,16.619548268582,5.95937323498229,0.759484619911141,0.211457254824394,1,0.7093908060304,0.557015140118449,0.715227746781471,0.261682112983835,0.663966348664666,0.193041504748969,0.638254240084073,0.22131314222851,0.566471388671173,0.206432809031188,0.726448848148394,0.247071353202166
3.23652817366345,0.742452167239705,15.3715554558774,6.9212293906606,0.683474416134009,0.305834603826663,1,-0.441279663795808,0.548523952301387,0.782238555236975,0.210125471146315,0.217218991191047,0.341169930813773,0.101311763506076,0.347153922383002,0.80460190455706,0.254038304415495,0.387418694259905,0.311953399507233
4.23791073174528,0.8139106381452,17.7765547037538,6.7192890018013,0.914092329535864,0.0589956065869653,1,0.415171214540223,0.620239605934504,0.750224054627438,0.179000968017113,0.90901148415723,0.251401781708541,0.549428927748966,0.23565820384268,0.83886198692853,0.237421973414472,1.05182919426194,0.203097624235878
4.4086908463588,0.907232436818671,16.4709567975664,6.93930610605161,0.938468977266048,0.0449788226551301,1,0.313220718516926,0.871561211901421,0.623457855887451,0.224043811433038,0.273533644442151,0.290953951231365,0.954155292753841,0.194237677796575,0.266447426637431,0.25737992138158,0.812734113933144,0.200234002370753
3.68123673852837,0.79864216722025,14.522002024798,6.66130183313816,0.946260863402019,0.0305972358705231,1,-0.251711944716215,0.882840418728626,0.519149142680677,0.262813911989856,0.921967041632863,0.185193330422647,0.661929139809002,0.316854495995948,0.550831013511444,0.303425134866627,0.505285705978786,0.30291496372346
4.64866989891189,0.958757276737396,18.5570888084401,8.01286765020075,0.890842076039435,0.0707884565409079,1,0.807577291589344,0.666647312874087,0.680379421994923,0.186463697122947,0.306541328257496,0.266318317224792,0.936732352907057,0.261451623085126,0.247313563977585,0.337772350383296,0.749434701940102,0.243125279199472
4.20406395349893,0.679377193962266,12.2318998969831,4.53458903105658,0.893564087958973,0.0693342925907725,1,1.33711715434655,0.781281395264309,-0.320741010617834,0.50071223287098,0.692683773778699,0.254491698579253,0.730576300666912,0.136768453877642,0.698102801466782,0.175410795146099,0.814365650336186,0.205196483695859
3.78349752564379,0.655222893618414,9.61667069469512,3.46723901868079,0.807073512123234,0.138068491361257,1,0.453240728108164,0.539092548709455,0.400170526769017,0.253557609599827,0.75288164925332,0.172265949452731,0.716512360642378,0.162399054611442,0.808827342603181,0.218606139703623,0.0661213669917843,0.342941481523265
3.9865300552485,0.769568824970706,18.4914487199316,7.13932139927757,0.88004806005516,0.0846411267433736,1,0.490079868157685,0.649477338181258,0.615635987969299,0.27330127560111,0.881390674424423,0.259921281299187,0.140016077040851,0.342491164104581,0.580031655235712,0.226058033436676,0.945378107770293,0.174850491279129
3.76790321165041,0.613085775811987,11.9323166413639,4.14725866178515,0.909762747765992,0.0542364724016888,1,0.0734428302331622,0.622040217486682,0.796495505128995,0.195727712342259,0.452860924589574,0.234106499248672,1.00418467323476,0.143031687391204,0.743145306861306,0.184692018928224,0.634543117230454,0.259483481621876
4.20046148475479,0.764237233248737,15.194985138299,5.75036669842922,0.856827040419838,0.121733477120424,1,0.240905774779483,0.639703537678112,0.565014993690957,0.230955108148472,0.412694757105999,0.258263565436451,0.681292825835579,0.16673864333969,0.405141620044224,0.233633355149055,0.913082705547816,0.219902135543527
3.41941329075846,0.737328485406801,18.1734989873363,7.04605156474336,0.916225343920809,0.0723073809546652,1,-0.271134806521377,0.73334182039118,0.861592095897295,0.157804693100305,0.795565579329534,0.183109065733317,0.845054255431281,0.213816029456648,0.44412755958039,0.341327115912345,0.732413231522763,0.227506638917831
5.31308969691476,0.842841374691884,23.3596302269661,7.61056890519809,0.694239204046193,0.369400641907214,1,0.699644771442571,0.629702066987956,0.937052790388731,0.213617266454405,0.406485480634916,0.272392068560052,0.706041163923765,0.194584764743051,0.730331863523484,0.191468099889281,0.888066808238922,0.213103217019026
3.84318429285733,0.701679897658958,14.4822081287185,5.14568034285426,0.957738534755414,0.0215697398410179,1,-0.558363199060632,0.911184966089947,0.826135292687554,0.303448353635117,0.728893779966205,0.197704663345908,1.01354013925455,0.146660685422558,0.853194406488728,0.152641076227782,0.548108942063678,0.241493767455015
4.77745718283783,0.966777049741211,14.9682192675946,6.61314870920723,0.971185656980345,0.0218674504775283,1,-0.714278688893144,1.18777024145772,1.14056245977748,0.281488805049007,0.864913582287705,0.229863365291104,0.400794343885827,0.270242860000367,0.470758692881922,0.259975491660289,0.884744510234695,0.19605218872781
4.42223303721735,0.781458918796048,14.4640271527051,5.76250386825707,0.868977776155668,0.110162104941796,1,0.281904163641238,0.511090066368431,0.56607938753597,0.18657703110053,0.949868987153153,0.161460830627667,0.777318881748564,0.203409774016328,0.673009702029892,0.220903299718131,0.316265154089553,0.338668916049772
3.58806488751224,0.628466052391134,11.7220927129917,4.28962468333972,0.95984942712781,0.0171220267537086,1,0.229778964630777,0.842012268307517,0.754063533422472,0.175320240773956,0.859756234862651,0.140017219658878,0.950201541840819,0.21914652649088,0.501282724298509,0.282840822114934,0.849392716095806,0.176745866948423
3.18256289077286,0.704494203680522,13.8143872567893,5.92499316973672,0.930053725855285,0.044544930027572,1,-0.200253634841227,0.732850520704755,0.714281781170663,0.323557288688167,0.835166321257182,0.228892244361686,0.224531787287542,0.253341816902471,0.903333413812929,0.212717757975108,0.696793390007702,0.300247950660222
5.16922988857622,0.963605175672636,21.6285914566191,8.39166822771638,0.953018218436249,0.0244310791640226,1,-0.949288324918954,1.11261219819212,1.12845946041704,0.299119482748092,0.737653352715578,0.239754659780691,0.6829376625649,0.226050463236963,0.953115703505047,0.135601017556333,1.09225143379079,0.198917909968358
4.31986960829621,0.71412275042617,18.4140658973077,6.0224459279428,0.909027286601106,0.0586345552176158,1,-0.358123066903903,0.850812616032994,0.401976497253732,0.324925262097137,0.917440683299454,0.230228118395079,0.791316112318236,0.228411010236442,0.616295594910514,0.199883571855385,0.985933659176424,0.166382301918895
3.72560122275765,0.777468343690353,18.8815671366354,7.60575266769462,0.972157228003276,0.0132013819212584,1,-1.20106774670018,1.02144283435405,1.1156644848526,0.212869024303109,0.70050774147868,0.207648001484922,0.821064442669264,0.195966842754917,0.777041506607155,0.214779094009142,0.658626797183111,0.288247630605646
4.71742962166302,0.901351191090525,21.6012777663508,8.12220299345935,0.656547435863285,0.597479787009139,1,0.778823698351944,0.617330458995628,0.553841684309071,0.204158642059238,0.733779709585365,0.300025803885639,0.642907214036001,0.311142759381948,0.670140487155546,0.221121312479897,0.974534260343643,0.184384433712149
3.10435021407549,0.47192995244285,5.67305412451167,2.04509072282821,0.867235783873261,0.0940465854962873,1,-0.103357040215116,0.578889069343919,0.655298883503588,0.222010108374681,0.643469236078375,0.198238938469774,0.583475816473441,0.213722842704319,0.613897776662612,0.158912704788908,0.457041666884133,0.232237572375015
4.08978066537752,0.666242384510532,15.4405669932261,5.11239727186522,0.557217414620427,0.31918515957843,1,-1.13059422963303,0.593460446828521,0.931749578032331,0.195984028725057,0.578155908911463,0.219585718387644,0.925370177443643,0.209893851540183,0.983352487714558,0.1597738052931,0.691723229357457,0.190777412410699
3.75748118312805,0.700018632179628,18.3017357232375,6.45805175613965,0.619513047425632,0.434437086004964,1,0.122144183225434,0.478157707896619,-0.042405567823786,0.310491614650579,0.932936397827416,0.234813461890894,0.765976465044537,0.173350264729429,1.03032188988321,0.178261350229857,0.495334814593487,0.25693509620314
6.4423504961717,1.62058635466599,35.6633790979017,18.5377044299779,0.956061366901558,0.0243456750693413,1,1.68099995270184,0.977745633595863,0.801727886729489,0.244386995974591,0.422467532381113,0.296111873315375,1.04634848196093,0.226889764371365,0.710292478294847,0.351234113639751,1.09974354287617,0.315286852878609
4.45410179416519,0.830175677397125,10.3993500571508,4.36863359455091,0.945237540102408,0.0314826131899284,1,-0.946396630799968,0.82207595491404,0.739909208576902,0.195317027279826,0.986541765310323,0.184516107303131,0.736287812391857,0.21011542456785,0.647641212856018,0.265967259201699,0.543743468008966,0.217048344653738
3.74306405429654,0.827569834854142,19.6223412987732,8.06767373156869,0.631924519097953,0.490623447940138,1,0.278140007889529,0.572734259779427,0.213269887932235,0.392967196386261,0.448091550412657,0.227427791563638,0.623492854789181,0.269231902245537,0.713169580114053,0.190742928001104,0.551900192910579,0.297733204908773
4.91262642990288,0.967591508782717,20.4282145938313,8.53031162766546,0.957285993313032,0.0220123538478041,1,0.125224625525512,0.89761285783828,1.00627064774773,0.26044437417099,0.711028171084938,0.203712472152949,0.917497418994039,0.282057327109946,0.529843800350993,0.201969249511628,0.972958910729387,0.210377153883092
5.40432948521562,1.04417048714635,15.4161013812687,6.33411956417937,0.873821356662774,0.128789717137167,1,0.22169953893338,0.98273424995287,0.903973075544885,0.349809076307536,0.0148293584868502,0.292431370944979,0.709674277071732,0.271914905992976,1.14736729946366,0.239194705379794,0.683631853506869,0.237530509440461
3.6158480668206,0.717105043550349,16.7063932227736,6.18415546554776,0.886325103185701,0.0556658655548626,1,-0.269934101127471,0.56435742703278,0.653361915282906,0.177599174051133,0.878303065929353,0.191634825290438,0.49090495296959,0.226295969506919,0.609928416541261,0.233237184524283,0.250961068268257,0.260911269114803
3.04468880529513,0.587712226010181,13.745150165638,4.69795406185632,0.886616852552915,0.0869008650214689,1,-0.575764630914951,0.813234814696645,0.440557127371019,0.351396372771863,0.472569802461356,0.213122283165167,0.993036562539424,0.164368942326225,0.784391467519199,0.159342875017195,0.293827554042231,0.275159246221329
4.52355438365994,0.795922762717257,20.4686229329172,7.64714164087855,0.81739088631961,0.134896874462333,1,0.472223027014152,0.569445174947145,0.0337289616104867,0.361324328698511,0.835369868164253,0.22794407396882,0.639041319409578,0.190347402064446,0.709039719216242,0.20139616576393,0.608624092790623,0.224721457895293
4.82608911649737,0.895619191343916,20.3446300092804,7.82024626713228,0.857923666148046,0.102535199959493,1,0.37235019803275,0.6642797396457,0.93149479699585,0.288322821956212,0.74535893769735,0.198380843563948,0.698357981805635,0.236678484215675,0.769277150745252,0.209622881295401,0.938515463419921,0.246256179091364
3.25782568262746,0.674484919665774,8.93472869216576,3.7451820302922,0.925101292462488,0.0543076105933733,1,-0.183731203933464,0.753911962869527,0.77734471180793,0.214159260302243,0.574389653992749,0.20811652746697,0.643646009418985,0.253581270569989,0.285882018940628,0.355462572373558,0.693726097988462,0.2670541900855
2.88005565889503,0.611528659405613,16.0066660945882,6.21952861079362,0.800576854508725,0.206686330949482,1,0.416521033445588,0.600635194300052,0.289762656207533,0.296897920176574,0.933246638992375,0.247410986334428,0.437034924108574,0.25966559082781,0.671522892024792,0.20864971026453,0.750905774503726,0.211254398981477
3.10901294942582,0.587829791041827,10.9076640431394,3.85510346256878,0.848185552613291,0.165643116980118,1,-0.300794559081269,0.700494983901693,0.689128199670924,0.261878563220766,0.5271058203,0.215690718240906,0.399898188427466,0.224252906614109,0.752021985296326,0.188127737185049,0.574337682555099,0.239355277392822
3.56518579940572,0.640180639153564,12.3410603803064,4.31684969002714,0.556372257820446,0.52141533852154,1,-0.172787688486589,0.659569550696744,0.74490595514433,0.285373010258416,0.40249360293085,0.256283784067904,0.473077799663451,0.2201806594995,0.652003357642205,0.22542615080186,0.814937978309478,0.181709724061733
4.80093697346426,0.833424237557434,15.9994148062345,6.47719063694023,0.964737353061833,0.0253575940512903,1,-0.97145253383168,1.12458238382009,1.2590659434647,0.258314427675808,0.763797566127474,0.223316342491695,0.493399736062693,0.237100671042163,0.856282557874792,0.181116042802305,0.857474302637628,0.199696090644074
4.6476158997151,0.75172987155414,12.9378187269687,4.53341098226766,0.874377140986208,0.0860602549988231,1,0.810875393450428,0.675901104397876,0.422815629241783,0.335269715702368,0.804623952881967,0.259912889811599,0.474544970875643,0.295577136000222,0.88891512432705,0.138760074943302,0.905765435310637,0.155763442440354
3.66844481410553,0.791046947894112,25.0371907179384,9.36272948429341,0.900589273802667,0.0520705346672956,1,-0.615580765745609,0.696902979533608,0.52278876271651,0.269386108609126,0.549440741134648,0.244499291742851,0.857128517416366,0.130406322510045,0.805999836816596,0.177984811916922,0.784689550411793,0.241145902972395
3.25415088096076,0.633319760096972,15.3458952798505,5.54371166331477,0.408490411135674,0.395721032906585,1,0.384961667825713,0.534898192536739,0.274763988248341,0.341457849141424,0.363334042337117,0.260665305430411,0.867207563106588,0.120217289310254,0.719090469872152,0.208310453627373,0.657108301859494,0.241959791280382
3.72441581771364,0.714204481144608,16.0661423451903,6.28890800424573,0.91378165384638,0.0665224738822563,1,0.369126880349021,0.757479335227999,0.809865086198437,0.229890767127104,0.619329818633862,0.171465245984496,0.605050505164131,0.209645256207879,0.721185031190329,0.257685166759671,0.70019262956504,0.268440416776127
4.51969985183795,0.784721323509431,16.5826538431139,5.63681102022425,0.462015342151367,0.440254857724457,1,0.712307938939035,0.654578946338373,0.94068854519375,0.15977889397012,0.160987988027621,0.303071660595021,0.623029404670099,0.219321651689149,0.867655029722583,0.188157495951404,0.728142871042538,0.231874541880126
5.91384108217948,1.11235710529721,31.0132153417155,12.519043620386,0.945790921178396,0.0289768949100642,1,0.829391599964112,0.674480113189428,0.669526646917406,0.252647083907363,0.627408255844414,0.342468641640791,1.2142543257638,0.232863463493833,0.927746772919172,0.288523137258029,1.16762363466517,0.217535984495626
3.94644673729919,0.685102739736219,16.2974112830069,5.61636139378527,-0.0554329062521169,0.316937488584289,1,-0.200360919237819,0.438138740325342,0.200770522356631,0.266511656862693,0.739516716848639,0.147440634554981,0.650884761942626,0.171980473994999,1.07355501683243,0.181601059516568,0.447349985657239,0.247516773302054
2.74956408893356,0.401301310792719,6.26611855973637,1.92223323828188,0.900755303038976,0.0519931228353932,1,-0.0959177826474809,0.492012549050361,0.547535949765034,0.167385106520722,0.911514387728722,0.134996138354972,0.722436929942916,0.14428869669792,0.505301818256102,0.24001325282887,0.774256038895661,0.221886901834136
3.95347893455127,0.696549237563115,15.3765424235518,5.35229478235865,0.758766680225687,0.257862327842214,1,0.497164201416632,0.491954632304312,0.679389282588568,0.196369200523893,0.691107212876373,0.243818591731331,0.305356034428783,0.306777149172117,0.822695432982749,0.143361207219333,0.619453876061708,0.215013846628647
2.95890369209448,0.556338037890843,9.81514552941004,3.65090745685275,0.954395799744476,0.0310163133881842,1,0.550287939912262,0.863464547713967,0.639013901810522,0.267197891713527,0.806774967899779,0.267550026545271,0.83437041414871,0.152612190867372,0.922178945968722,0.186670034933857,0.542171538723855,0.273103705128154
2.93125706659534,0.573184444624279,10.1112837756395,3.99769166704754,0.90514329750695,0.0741232135353617,1,-0.28635585550787,0.573498121421896,0.884614194439659,0.193903848453021,0.784475725313086,0.18390239534485,0.56021118845685,0.250137884882295,0.941623456259137,0.213067557232637,0.447746285872912,0.259652164744153
3.989410322253,0.775317566534495,12.4260463425062,4.99014948598632,0.915426011431352,0.0521227807424882,1,-0.305379397074526,0.809065701115014,0.611783570251949,0.244996901807576,0.449525012994638,0.274294584361617,0.720495411918824,0.217754969565161,0.600035723770648,0.295934518473332,0.645024735876606,0.22826724504994
