"beta","beta_sd","omega","omega_sd","rho","rho_sd","conv_code","tau1","tau1_sd","tau2","tau2_sd","tau3","tau3_sd","tau4","tau4_sd","tau5","tau5_sd","tau6","tau6_sd"
2.35884307805711,0.19989273996063,0.0735380545216742,0.0204811128030208,-0.737288795759649,0.0586061265385186,1,-0.0887368201080343,0.423066095931973,0.883797985702756,0.182402635794439,0.795056647984666,0.134612719905579,0.868417595741107,0.120239523486403,0.816938514427867,0.123803401107214,0.927826709470361,0.122805560228259
1.91241648411613,0.147679157489013,0.0608483410975856,0.0165508988995401,-0.597220153949587,0.0809278321205896,1,-0.39053764529583,0.360478248338558,0.916918900725848,0.162564944176872,0.636469576805223,0.147634116269144,0.454750739353141,0.143955849404292,0.725171892912639,0.110423932211092,0.716933248615002,0.113345081052453
1.88103331658759,0.126373506796685,0.0457295057159865,0.0141662115118485,-0.43693890599117,0.0969159032422766,1,-0.152797133037462,0.516353314186515,0.576074263878521,0.281546651425269,0.791377251983167,0.108526863173198,0.725831952430661,0.110826761457577,0.451104552735608,0.119723739309708,0.666495990146328,0.124010234774755
2.09556550540588,0.164887338750545,0.0787990364081911,0.0211741359878864,-0.613011838417632,0.0858606283653848,1,0.240286092550372,0.308520954504966,0.552432515878889,0.2119311900781,0.870734532761381,0.107452932605298,0.562766326825003,0.129514772223811,0.78629999621575,0.128321616293856,0.80724716336793,0.1468101863388
2.11605511826926,0.171778115796193,0.0969611878103492,0.0269044005047159,-0.610295723580371,0.0787540956970597,1,-0.134231573394403,0.355254963429039,0.928066760758495,0.177731307884835,0.623093281182124,0.143543237616541,0.788653879348809,0.131852796416354,0.763232329881811,0.110055949669079,0.819972617414156,0.12227192979574
2.1445967322941,0.20098410948818,0.0730554930563916,0.02546080487217,-0.652114764308103,0.0816851397130649,1,-0.14882017165442,0.358204320021475,0.932196485514771,0.168852399100725,0.642987469439105,0.161626355256902,0.649160548875024,0.141032096848569,0.765973169967546,0.129790720010865,0.854823403628184,0.136538693985681
1.78113452261959,0.128140366820148,0.0631853322982291,0.0192078164821865,-0.598395671107294,0.0740212236249989,1,-0.371058792980392,0.356597658495207,0.78134442287019,0.179064072320718,0.549406023165156,0.128871105883601,0.6329870144457,0.104075921393585,0.47012234342959,0.136517901729785,0.628175028324223,0.131822230348842
2.10911285756348,0.158578545906419,0.0398785673104666,0.0142421839087588,-0.529280434039468,0.0893476590008628,1,-0.540259616795022,0.489311532162892,1.01654299675424,0.205237721782165,0.7933072065456,0.13385405327316,0.63415970531877,0.129606979255192,0.645400192151902,0.117829250038405,0.694593238510272,0.128496542832897
2.16592754343924,0.20092589542029,0.0840294758853015,0.0270181793560985,-0.691521998893468,0.0646554653170529,1,0.018625079133466,0.350266763501983,0.65665956238424,0.209921351592611,0.856922921482641,0.133319524516508,0.869622232621586,0.131482176490492,0.564262301812155,0.136244985479131,0.824710378796314,0.148310625971586
1.89643621161324,0.143052219745346,0.0283053736348282,0.0118623658190566,-0.680033889664661,0.0649049787064055,1,0.48830487127393,0.334525816618151,-0.0186690024222417,0.301151216048417,0.881562679577831,0.132325082942669,0.553166181323534,0.123637811116953,0.802665570173087,0.105922147149153,0.533794353606932,0.135994904677063
2.16835933953198,0.194674213345692,0.0933543630887564,0.0300686052311465,-0.614833167924041,0.0791993851288118,1,0.362859631862943,0.290465666986487,0.65640550460633,0.179424363305781,0.73832458011081,0.136686591623301,0.597474920793136,0.131745734856082,0.944446587647574,0.122481643444836,1.05424095631774,0.129792983428875
1.76692296556389,0.139463680966273,0.0309047380176592,0.0141090279165405,-0.60321155804625,0.0694282823926628,1,-0.410187478377428,0.308058666097839,0.49570697113194,0.210962637099437,0.814080860593027,0.123122639257863,0.71884816943817,0.105955045123951,0.492015067858931,0.142953771664465,0.729873327254899,0.12101555544368
1.8183288519392,0.14322498045423,0.0586698810959743,0.0178811455702135,-0.51738727459465,0.0945975125374722,1,0.0242861511547396,0.21747020117683,0.560261235813733,0.149694967782014,0.605524199824316,0.143345791635347,0.41352646471565,0.153267245001291,0.890323301132016,0.108658728281328,0.443643909005106,0.144027521197193
2.14542955021168,0.160023005619857,0.0676830352036932,0.0209515996239249,-0.553967609679704,0.0834349483905272,1,-0.00985269624198095,0.372435829535925,0.860758074128644,0.155704262415964,0.628717184246807,0.132885704095693,0.802450536005562,0.128943520342208,0.899581872093476,0.0966736608780491,0.694498891546388,0.134049459767329
2.08502071816193,0.149811539692507,0.0518709886060473,0.0160975393424698,-0.598242057271004,0.0700784701204712,1,0.107275841056898,0.52737198354227,0.85378832099844,0.232666072958767,0.723105792787668,0.112688792324299,0.690555411932885,0.121592308995361,0.661252572722991,0.130654089988793,0.666119216669119,0.137047859582249
1.95321326277363,0.171952911214444,0.0937777611316276,0.0272591343106727,-0.646522623571689,0.0755977924373403,1,0.0669657019475196,0.285251162128569,0.766334304777657,0.164894205612757,0.438432672057651,0.183355024442673,0.672952289719552,0.126190957952723,0.703960256317056,0.138367272565781,0.762865789190602,0.127297625647519
1.9704908765653,0.146866297552916,0.0796033536485156,0.0208802600513637,-0.664701575868065,0.0671090317775722,1,-0.570796428821126,0.434379108904585,1.01511125123439,0.178205927743952,0.702459628792442,0.130800197512018,0.656694921716311,0.127490075733226,0.575698001226941,0.129098365816476,0.770054575159693,0.125108206280076
1.88662410509284,0.144489683411234,0.0392270995070175,0.0155794342726368,-0.514401678522315,0.10083438477042,1,-1.01644525435749,0.408941984977055,1.04834850464783,0.162141737195356,0.646904276274835,0.13682401209057,0.751747435753701,0.114298864305362,0.558584120898093,0.133918409926366,0.616507144641027,0.136202290016146
1.90273310804467,0.159175036209096,0.0358627899071996,0.01387641043561,-0.683975958868489,0.0716217893919876,1,-0.677419638427806,0.434526085646036,0.773407959891224,0.221641874442885,0.952602635829318,0.13618363026068,0.482548233736173,0.14052998456977,0.863278213314312,0.110567887531775,0.528884308705548,0.156392370536823
1.91111534785394,0.157044494246841,0.0649813944645084,0.0203854527436701,-0.525649641526007,0.095323221659272,1,0.178416205399243,0.367774271264801,0.522313941165948,0.224051642172098,0.705180271570397,0.136185795046956,0.603638930837453,0.114761836219833,0.566326187347759,0.130464435931019,0.801909319577967,0.14482688715726
2.17942187215922,0.16536045256021,0.0905422690259102,0.0278254257321111,-0.395840091239082,0.122891872403814,1,0.169019142990966,0.394353926749766,0.620975440371684,0.223782172237789,0.896767642445936,0.126702563942987,0.711074901656724,0.120476436642827,0.632412472465469,0.137680044634574,0.85238184515539,0.128246324426686
2.08136487458631,0.163368850230816,0.0841452163099429,0.0246551447332925,-0.567357227761845,0.0883836787553701,1,0.404700872457665,0.278824193583576,0.510344844576984,0.181137891718553,0.857451027766927,0.118948094658883,0.600494696535105,0.138306809907667,0.829672877025441,0.115562728964216,0.736174387659125,0.130068421054098
1.96379197000493,0.145224807711559,0.054121996091151,0.0183862049753482,-0.444492217838325,0.0962224872063943,1,-0.750596878428928,0.36539549875738,1.0671874980243,0.136908846080077,0.637636832884078,0.129991170256465,0.557654398592782,0.122247981084252,0.655247205031033,0.132684706686742,0.646825817524961,0.151835686274683
2.14962650798467,0.187168833882047,0.0559610886098498,0.0207128119462195,-0.685751619209335,0.0712670219250746,1,-0.0735849525671775,0.413588093590795,0.831141596887524,0.200497183820948,0.584630495565936,0.158760309608159,0.735031728041255,0.12864225076946,0.933624670243306,0.116144150477433,0.637830428235667,0.151992691685576
2.00872127542821,0.169919579164215,0.0433957130129334,0.0160997431022096,-0.601632038471382,0.071979324029599,1,0.359997190643743,0.265554415196043,0.563771093217356,0.158958325930721,0.5889071448421,0.146022087422058,0.845365080531202,0.114699144602349,0.670505235162203,0.120976392315405,0.522164522395808,0.16023638873915
1.71715692081247,0.113356972700294,0.0214887881241478,0.00986903469066159,-0.44242969746385,0.100660007921508,1,0.321090046994484,0.258191357673977,0.176232040961232,0.211363090508693,0.514148287191982,0.141048773274682,0.824538958147702,0.0990325188469612,0.304193627612892,0.139340292915967,0.666394235436345,0.127914551531694
2.06036310721464,0.168079586773907,0.0805227629176288,0.0228579240882387,-0.656952846744613,0.0694619874861432,1,0.0929424217194213,0.292852763910403,0.603112515694276,0.176351399347467,0.860455274989348,0.131862881630339,0.639285060714039,0.125711189893657,0.614683510126554,0.126336556986088,0.818648810571192,0.134096198152788
1.92142299150052,0.163388131382382,0.0929605758801815,0.0274401510783205,-0.549867131041551,0.100738161189701,1,-0.0912242515302214,0.413316867133689,0.665892694190408,0.22477212507057,0.647651726616468,0.1551536807756,0.684075154948465,0.13951393636922,0.73595299376865,0.121292456457169,0.703665012291578,0.128171674022106
1.80187749499745,0.133699203876694,0.0399063471868359,0.0153889466760664,-0.602037314013147,0.0770905592756865,1,-0.241978491488173,0.438043866346193,0.576291505548672,0.261573289381449,0.664521104354448,0.127009039070159,0.712451407452569,0.103420267509306,0.581537747765211,0.124317290828887,0.527011812494849,0.148183957069947
2.14615752459638,0.178941208815256,0.0609537385680205,0.0177633765692932,-0.675825753334659,0.0732424952984489,1,0.0753971548692598,0.344471517189123,0.786649985402859,0.171440497703153,0.876852749471716,0.140657448714185,0.737802542331813,0.133760146780097,0.703259827892378,0.122974017883534,0.737452716054712,0.149332339515517
2.02547742728481,0.146710947282231,0.041951829622104,0.0146261643708192,-0.59266633939701,0.0799384096349446,1,0.166265540143764,0.370020720893986,0.670904145441925,0.199376596991389,0.485468061290269,0.142719123827752,0.71297000605226,0.116118475530487,0.649610849713951,0.127676464784091,0.769298327107353,0.129660619379357
1.98384627735244,0.163955491082879,0.0638604788952594,0.0208161113333878,-0.696429597079911,0.0698701199688794,1,0.0445024109623074,0.240870104231916,0.561155899457577,0.185701926580034,0.809670859524663,0.13355600078166,0.656335722653957,0.12910594612582,0.6811467029886,0.131336341685377,0.91316058373681,0.126966406444171
1.96500594874272,0.136764245496892,0.0648143303304769,0.0206463835104851,-0.464858833971176,0.0951941967709625,1,0.113965821218089,0.334315292878912,0.62872175616757,0.19230984540335,0.671967438095327,0.122098505239279,0.597796277463922,0.112640497245102,0.76184488014613,0.106134755532416,0.586819216623533,0.14269456330836
2.18757704670593,0.181603004237448,0.0797552297453752,0.0242105738771577,-0.713920904488351,0.069547166402635,1,0.274768016913226,0.40012261991941,0.586907962925468,0.222046529395889,0.948258744916809,0.122327120269173,0.741906119758007,0.137785239364924,0.744763620301073,0.11998365564389,0.740038170713518,0.127655592540303
2.00680029013614,0.132805106603249,0.030301651690924,0.0103725869195649,-0.56136161539821,0.0676605923504956,1,-0.128817212125778,0.566246235566539,0.749170602671762,0.279297136494012,0.771693829173083,0.119833643145533,0.731437634458441,0.109460219538177,0.585513612054426,0.120161701968663,0.706910758875047,0.129793587776632
2.0400855156931,0.170238855238638,0.0593087974975155,0.0207244244818461,-0.681428762749175,0.0609468162295767,1,-0.568127066226586,0.413488325711776,0.990134246882594,0.184574081981933,0.64274585877555,0.146981023911369,0.697779514156608,0.128857624433288,0.745413494020261,0.124379413716567,0.84592074330278,0.117589662187935
1.82553457756509,0.134539341377033,0.0593529948152095,0.0174929507004072,-0.570863971937298,0.0836647683787297,1,-0.544150495319534,0.328062303872401,0.861137487991598,0.1532679017403,0.756553644057362,0.116019061763562,0.69240954995127,0.116029634766659,0.379283213647225,0.162721531827309,0.559039135138509,0.15279399355769
2.0066249849604,0.154724382823244,0.0631887527279607,0.0215961978759966,-0.47874403801973,0.103983475906933,1,0.463605315836567,0.39137239053948,0.491711340280595,0.226955060215769,0.636338071866773,0.125461038833272,0.584292004765621,0.113584966598205,0.767826313166007,0.120675990940428,0.594841823840372,0.146710092523153
1.85090346143378,0.15909396832496,0.0448588752624943,0.0173495421981264,-0.562036483572705,0.0850902785969489,1,-0.446850700914559,0.439828271767759,0.729463166640754,0.23713168113031,0.796785165662351,0.139146960307754,0.637682059226816,0.127303033274108,0.549400454129102,0.137803074483193,0.669451734824282,0.150085834141516
2.26601517941798,0.203931645620851,0.0761176659579952,0.0242744991494343,-0.64102782260946,0.0816305280279658,1,0.166311430422827,0.361265714052869,0.637716773419938,0.205661182768025,0.855818264015868,0.149978618324756,0.858843771915983,0.123725395013552,0.802491959348676,0.136793964472495,0.920782986415552,0.131603874539619
1.71134764256468,0.111923056260654,0.0269162514974302,0.0112192650783664,-0.474305700905251,0.0898650726688573,1,-0.256797047183338,0.338939385026466,0.732934951988932,0.176096912904277,0.694970776341815,0.1151934390588,0.18056358616729,0.140924511093553,0.672853394206171,0.110761475558702,0.618705544652206,0.129401401517376
2.09864228295292,0.181003767431764,0.079224280490793,0.0230101720436732,-0.587483685645525,0.0797953162960377,1,-0.321609824206833,0.54635772387096,1.03345112464685,0.221810444650783,0.468246644746529,0.150065472304713,0.829144356503089,0.121014022886781,0.462505061605424,0.140541573890596,0.98441950197179,0.129176023400453
2.14413568906089,0.186447621372783,0.048539272646723,0.0187556871987515,-0.66550237898674,0.0746196883601448,1,0.281207855852393,0.342550045388312,0.746102186769452,0.18602622108255,0.708876920742657,0.161521657681337,0.79501186778419,0.12447879182095,0.611776612057738,0.140863552967545,0.886528751512955,0.132110869800037
2.41553727772643,0.210864079400926,0.0814083395716143,0.0247740528853357,-0.73264968130072,0.059079112534595,1,-0.12191861441439,0.422797007515103,1.0756889991902,0.193228932459103,0.673969547706437,0.157197657797557,0.89827349196725,0.12784338001171,0.935122728702109,0.116660005669157,0.807998193457822,0.14957807733057
1.94204414924452,0.167387561926447,0.0697707078550147,0.0236404813537635,-0.499934856502864,0.103189565541231,1,0.00474373660720914,0.272598293159125,0.529473624534961,0.186432361867647,0.790987099183389,0.136084634827456,0.660943999409459,0.134011989137159,0.678493013206565,0.121884475954868,0.469213447564487,0.15208316128098
1.92646709697985,0.148003608650647,0.0483153834563488,0.0178683736780263,-0.452088473607037,0.10319473080417,1,-0.0529665744294645,0.312848709988037,0.753680700820812,0.173681917961685,0.583289407196718,0.135625906369856,0.696439152688895,0.104189299386616,0.754960326377189,0.116636073340264,0.425001914127782,0.158659557512795
2.17104905550588,0.165673823197857,0.0404204520696148,0.0162438013178555,-0.620935947672086,0.081520464110107,1,0.61301434842071,0.332136550527778,0.496196701432451,0.209667199347184,0.690652133506697,0.136420411240933,0.771420152045257,0.127797744955856,0.588412039308043,0.131996284371704,0.959214950813379,0.127968624417797
1.86065250218248,0.137954721182811,0.054955547020081,0.0183215526142929,-0.488646527734083,0.0960132208696502,1,-0.336594359669374,0.327860442997896,0.744077633189896,0.184163216079705,0.701439616090878,0.116982436248486,0.616691997235821,0.109380483673858,0.523522268151526,0.118281690162209,0.708645540379932,0.133686454732405
1.80743945333482,0.153508941782723,0.0531654055468058,0.018471083748132,-0.421469548106049,0.110535043014267,1,-0.292698901988596,0.388813085187074,0.640420501140363,0.222160000296421,0.795461409455113,0.132539498568028,0.65926549140164,0.13551025653656,0.539596641107696,0.130861821335598,0.515550555522403,0.136937457517835
1.95083820245973,0.165601832960488,0.0650829572958196,0.0207826500848329,-0.614468762906796,0.0859106715401811,1,-0.618206723950082,0.379045313115529,0.967536964637146,0.177345420592226,0.721307494425426,0.126340950209073,0.647402450898997,0.130733291822714,0.627762328718631,0.136124444384633,0.534735988569854,0.13792025067396
2.01441795691357,0.182548397291885,0.056898937031704,0.0243217692742587,-0.63616794735385,0.0866439912815703,1,-0.64812938565321,0.327993438561795,0.955826967960261,0.166971824487169,0.789398167528144,0.133508472075616,0.662390118296233,0.128981266543283,0.658664918793065,0.133018649215905,0.741952277992657,0.158246090690177
2.24099828815193,0.201251724763004,0.0759182116768751,0.0266198866319786,-0.586870879519331,0.0972893238733423,1,0.0135886578775526,0.417307925299152,0.783692064963015,0.189430432354608,0.863281254306414,0.127171256142992,0.693187319108852,0.134848046722243,0.935246243368049,0.118731590399868,0.758583192656767,0.152165587347218
1.82508933653126,0.130831904639059,0.0410991512277846,0.0140015575316481,-0.554791337586332,0.0802706647797813,1,-0.164947390679909,0.302993987649825,0.640545970723364,0.17170127986215,0.660906850897649,0.110754829785174,0.637584858914378,0.110370366491858,0.664006046362306,0.118337215234047,0.601216145284484,0.13875780484526
1.70480303734692,0.118210700623585,0.0329853409878902,0.0118521022689058,-0.572451697114076,0.0805182948083738,1,0.103486197583663,0.249796536176043,0.590089022716865,0.183598106606618,0.553811867214442,0.134577737934645,0.425015150174585,0.117369059855545,0.621193775179917,0.11462781934675,0.509244648005223,0.134538262123064
2.07830431777014,0.14884597959913,0.0666679264158666,0.0196939723365065,-0.526933557173149,0.090204028684918,1,-0.0494493096250228,0.317364046046121,0.749086374210086,0.172003652716046,0.751294895455353,0.126214315231592,0.723658132803077,0.111222676871712,0.642429754076007,0.124909033836438,0.606638002973901,0.136788335370525
2.07914302964949,0.129239963948357,0.0900336300801159,0.0246800329640719,-0.621127481909794,0.0682978794114139,1,0.809515228387759,0.288751454192087,0.502649314414965,0.189060162906361,0.540434892835613,0.127799903586597,0.64972813863275,0.111984213621035,0.710387993445215,0.112102220871815,0.819525301616903,0.125615849808201
1.89533849687928,0.158777215408277,0.0654366818232488,0.0211470418730308,-0.532754157203083,0.0916283576283934,1,0.0322947275581352,0.328383324797455,0.701442363207733,0.174296249580483,0.457763085692806,0.167176524900477,0.784741582987525,0.121399945593302,0.499852879491715,0.136636662995972,0.681125078633534,0.141237572901397
2.00633793643831,0.157739196061726,0.058032679230316,0.0179142010669982,-0.597238770108438,0.0773810301052268,1,0.28826003753127,0.299009836140061,0.722241254978859,0.159113629169627,0.476888667107313,0.159666182362248,0.734892898874291,0.118262175867113,0.720361496687031,0.122740146571872,0.732776140949216,0.131173706099006
1.99036528431757,0.127615821924648,0.0507999623931392,0.0134280241279491,-0.573583910257398,0.0838462820799216,1,0.469785096418672,0.315301490713359,0.663157120760058,0.178555997822466,0.486354953905299,0.155599088846798,0.74187775415069,0.10940944999765,0.904732769192263,0.102741471207729,0.595858739078949,0.124312089333624
2.09610028901985,0.180565441623805,0.0385870587229069,0.0156794317879827,-0.627890695788561,0.0838769211149582,1,-0.325747478048384,0.327125264732446,0.91254469238738,0.183885656203156,0.796319942923452,0.128367271464012,0.716516882913938,0.131387628707808,0.826287401440653,0.119699079746408,0.58687184321784,0.157152933559074
1.95107823610436,0.144183719696017,0.0763655516544919,0.02210391292807,-0.481327849935478,0.101978103990756,1,-0.0119805184422841,0.438310413049515,0.643697675259447,0.246027949140781,0.665185799411938,0.151738184072802,0.734678846779717,0.106874324595637,0.719742926151658,0.13246405355881,0.614183920623355,0.135360257612489
2.25883262550408,0.214931770754713,0.0857754067554824,0.0269586200083543,-0.724356149605791,0.0689037308404005,1,0.432027725119864,0.577027424120673,0.634670299311248,0.262787864877171,0.929376460603491,0.141780043752592,0.711073325966813,0.130538234688356,0.610419440715961,0.154691830259145,0.941839088776626,0.153015256034458
2.05524723762884,0.160171454163273,0.0517014416345911,0.0148861667320044,-0.568275071767697,0.0853171180239966,1,0.0519950453238429,0.350679270952036,0.670105599384108,0.21070370645347,0.838697549101934,0.127674890618896,0.613988683811603,0.123078730635505,0.741214493235463,0.118122622646361,0.842569927841501,0.136625736111086
2.01215519020793,0.164870969087773,0.0559919665999278,0.0211060121931814,-0.440042035886438,0.1153919511909,1,-0.275222686034686,0.32323028257458,0.862915883712461,0.163425455023332,0.699738167959278,0.123278261137122,0.726537982444487,0.123587238166675,0.453839992188466,0.139569000246231,0.862338104651442,0.130344808380735
1.86231102444735,0.173470608608402,0.0660590563863552,0.022784028719154,-0.456968442293761,0.113254002866976,1,0.108255783927874,0.31991193935874,0.64019672154714,0.191028197370641,0.640972674895165,0.140069294556923,0.508688360568501,0.134358576529741,0.604173120813421,0.138382564922182,0.569849846656091,0.150803010966132
1.84469803391839,0.151794390668257,0.0484278320669609,0.0191112408999501,-0.621788579465052,0.078201999453702,1,0.0415155301157251,0.304783867435175,0.541591339792594,0.198833874114979,0.681914316960642,0.151924188683916,0.640065269169098,0.139455507068951,0.568339152325552,0.125644904938508,0.838195129919414,0.126291299613215
2.07270062400662,0.167858200742468,0.0614575362831602,0.0195079404529072,-0.665003009257448,0.0682452571803323,1,-0.0362158058626571,0.44623391357294,0.807992856631213,0.208828961083518,0.64137378740883,0.117922543015823,0.740337619706389,0.120818684376034,0.787531400818015,0.142975311666069,0.707676568041282,0.138216595753349
1.80919454389283,0.120536048627684,0.0409740224206969,0.0142981388131974,-0.594517017158811,0.073694153877403,1,0.252231096481835,0.305026600828355,0.304835419405597,0.205518625446839,0.580732266503927,0.123174878884904,0.815272632432836,0.0974951115241737,0.337022824972708,0.138239488403835,0.790763234385615,0.123136979429454
2.18291103703754,0.198671438243492,0.08229082820236,0.0253647268443308,-0.609562656842486,0.087965266658614,1,-0.496460002608169,0.504787557599538,0.984601734700555,0.19811062366897,0.911913787884103,0.13837305144735,0.6129107209498,0.150488983827642,0.837202866120746,0.132263884900845,0.814582476323455,0.126338991333574
1.95021313264754,0.1482856281961,0.0525448178168814,0.0202459562827544,-0.574152229921912,0.0892297578336404,1,-0.229205394225963,0.318382227749947,0.799023863647338,0.17274651909563,0.577673128018483,0.131476508914159,0.708405411661605,0.111649322421356,0.512754760544953,0.147143547710874,0.835441404192461,0.13500660513583
2.13367644251737,0.161033309575362,0.0583013935792671,0.0187389753159713,-0.59256320538521,0.0922062787928244,1,0.273007372922002,0.366280438052699,0.645106490119774,0.209870536090915,0.646790770090061,0.149854283388496,0.802932489878757,0.0996585868634515,0.864004718309735,0.120640111735626,0.745847558927302,0.141314020288618
2.04354856501477,0.17670408608095,0.066229293412539,0.0196986849957772,-0.589753556370119,0.0840856608229059,1,-0.446610615435524,0.623875815355252,0.834095423907773,0.278258578992687,0.905333204442639,0.113577308134087,0.624943939543827,0.122487899862102,0.666907802133412,0.133142148286738,0.556608717713288,0.140047153670851
1.99196254169731,0.152034822299828,0.0556574824677892,0.0200422236466971,-0.638269601852081,0.069291373828478,1,-0.493667123901608,0.508438855575071,0.951864161881393,0.200856863619259,0.516915574793602,0.136935596285823,0.783865272196439,0.102761823338143,0.713835875044773,0.133969181692528,0.672421662495246,0.142630522680352
2.27186178970812,0.19559278768749,0.0729093316567408,0.0255836750736118,-0.6408757989292,0.0838287570334627,1,-0.150749562815504,0.329060346892524,0.81742466249299,0.176427117058566,0.830228476821885,0.125414407936913,0.753130252555915,0.131408450705463,0.997980447868763,0.13044321541305,0.761293760305678,0.159401705914038
2.07071448797661,0.162214621577851,0.0408782457154599,0.018380025894994,-0.550612246073828,0.0867438156562856,1,0.335356829590345,0.29918306461643,0.424999338052166,0.227040311616653,0.903586747657839,0.111493759555835,0.622450572781197,0.127163182537384,0.687491045194141,0.14957649853307,0.72175180956671,0.143298305319723
1.77871827393054,0.122624500344088,0.0268202031498105,0.0109289720785998,-0.521429549996261,0.0897289118904189,1,0.0948478414035115,0.375481763095588,0.502033900136692,0.228681274226341,0.710593002314477,0.114899438242061,0.509825701042809,0.12086215484824,0.469442824511006,0.130768650701463,0.613007490824852,0.123664043438028
2.03924497769337,0.173106944914685,0.0516139840829161,0.0206249588213975,-0.624543722883082,0.0810956704794493,1,-0.0176004344676845,0.314040939219427,0.780565384137962,0.158887235443073,0.664310581902462,0.132719837801339,0.687510178453786,0.133749167471491,0.597353188853458,0.142976281105013,0.829388797380555,0.148349869397291
2.02426403372504,0.149855601033062,0.0551542661434635,0.0173177360350214,-0.418361066511411,0.105243381860973,1,-0.0253483278863331,0.294240022416819,0.707974515501235,0.146782320383734,0.761188551760391,0.129459963423818,0.68000848391883,0.127647394867857,0.672864059324138,0.125453354469557,0.686538095776201,0.138368184742526
1.91910811587722,0.196993482117687,0.0611884072098508,0.024645745260935,-0.592116337228128,0.0983683727938745,1,-0.186002048408151,0.396162526572984,0.56030278118848,0.219208661754811,0.804565491536679,0.143073659685381,0.617271794908262,0.141072992504542,0.646776031692564,0.144447969475139,0.395928052970085,0.155886966502333
2.00539725133114,0.170186538696808,0.0674935135080524,0.0229850899264033,-0.59945955057073,0.0841607619618032,1,-0.0630579732494587,0.365866771145842,0.751627559117927,0.20782563276435,0.585095763593628,0.132266706282978,0.741055053145167,0.113132478615025,0.741797635796626,0.148632527819542,0.713426474313447,0.137849522095474
1.71221683006333,0.132188373349946,0.0316950187633495,0.0128810368402801,-0.435908490096255,0.114116014387579,1,-0.484357707885959,0.283219269682505,0.826758684973458,0.145599514924276,0.535690405943839,0.12264151284561,0.701557234871326,0.113676536362916,0.520305868402416,0.12876532223375,0.273858768757945,0.157570641499127
2.05660469003497,0.157335208906496,0.0676907047642557,0.0212601222846076,-0.510314753204982,0.103189781569687,1,0.566181027588662,0.323218595912729,0.41059336804625,0.227537846944903,0.703522912270463,0.133570952433092,0.552228858959624,0.138112060807623,0.706559898084029,0.122787570670746,0.871611863196518,0.125272366255902
1.94063380408699,0.145436804080512,0.0625392472218456,0.0180419378271394,-0.574972783757068,0.080220034012306,1,0.353021678633304,0.278917187031102,0.63721127265929,0.15852873217285,0.397384670582903,0.168104436123861,0.756091204322279,0.119903186866498,0.731710700347251,0.115607842347528,0.686649404395644,0.134335688697132
2.40019103328025,0.202402987386111,0.118223861514166,0.0298542329755775,-0.683470398314767,0.065976722845243,1,0.570006217591118,0.326238591210754,0.627275208059417,0.219350953286697,0.76453610417021,0.134545376457251,1.00612487105497,0.121730690460831,0.880660669324249,0.120807194174654,1.0452216494963,0.121089578089971
2.12903821102861,0.172973481382005,0.0556665764090178,0.0188311498028904,-0.531527851211427,0.0955833837450201,1,0.134307996702108,0.270347474523607,0.596639716742537,0.182439446915385,0.79067824819289,0.130213900159088,0.725448547649482,0.116982895107877,0.8577844950201,0.126354415881746,0.762965797700033,0.158067968419033
1.6418710550658,0.133438455478752,0.0355154101489002,0.0137078758090235,-0.382576316394979,0.127336598363287,1,0.209458240014124,0.370720242256261,0.439852847981295,0.222815534036341,0.462430082009932,0.149751668084159,0.446061570642927,0.118736139785381,0.612438116949843,0.128199264285877,0.691629516522243,0.144568272743079
2.03373281602312,0.152907860523215,0.0530380635342268,0.0187456317319078,-0.676390601529151,0.0638854002935854,1,-0.380699652267103,0.374953833304459,1.02273702781671,0.163960816511079,0.647738351356746,0.122040094088886,0.586326986032426,0.127335178273533,0.708091397556136,0.125517948172838,0.683722800208239,0.137174333794871
1.58649478419978,0.105495362421917,0.0264705105513811,0.0082842302172202,-0.502257157330596,0.0856290835309894,1,-0.193790642483422,0.292764965656802,0.331944584441937,0.226832945338617,0.555946208917775,0.131156825290995,0.552641348936711,0.106058235997861,0.556562075636397,0.110141595492159,0.587565575731295,0.11961775284889
1.78850585909323,0.151286317206355,0.0851874128353633,0.0240789720599481,-0.451596180301142,0.110014727742464,1,-0.023616666376687,0.364340326689675,0.342716286577433,0.276299676277454,0.767627990565211,0.129432675773409,0.491387126822171,0.138976211831362,0.58148892987974,0.136389070838889,0.628995490096668,0.13189027040539
1.74479850993176,0.130341489575129,0.0418832981136641,0.0139976431804132,-0.478044936431488,0.0960054114407193,1,-0.246849970179052,0.300396612753042,0.718856358192151,0.166941209666273,0.428656541694958,0.136837437915301,0.601172106301433,0.122661774017913,0.701362581191988,0.116254766196069,0.48568606285354,0.149408979854719
2.25929232160264,0.193283872028379,0.0951884792464442,0.0258272677915846,-0.66686242448871,0.0641435344702473,1,0.237747086050418,0.342057439015214,0.630134059286181,0.180676322854156,0.994265587312824,0.108886562451631,0.700985880029811,0.151336682335762,0.832460174142223,0.113096347565558,0.737720904661841,0.144441251485067
1.99369678791723,0.16572910971441,0.0368081603987985,0.015460609804929,-0.610309234704116,0.074338311727509,1,-0.177252774936353,0.374924351741845,0.797720824505469,0.209668186615564,0.534836402828477,0.1492080763273,0.921535419858791,0.112749540484465,0.447257610237434,0.134070367156701,0.391992852722813,0.155286779432472
1.734082152286,0.127123768025379,0.0438777214120843,0.0160853348385256,-0.373481380114583,0.121211602017473,1,-0.10837343085299,0.271420223642189,0.578651639312032,0.17255433096244,0.587462457446823,0.121851532429873,0.572157281681304,0.116336589092989,0.584476841712638,0.123276228167745,0.628632552841264,0.130801812443082
2.15972907918976,0.173000353183465,0.0781682799724874,0.0240826112409519,-0.646698973087169,0.0788496975715886,1,-0.583569162211087,0.448353907376448,0.972814377637195,0.198586716888974,0.856304996873704,0.143670748595545,0.769189592520852,0.125680073452776,0.725783116592167,0.114236885830715,0.558271849260711,0.158609363267577
2.05743063421653,0.18202527146094,0.0604321465522281,0.020472298807982,-0.662476947652351,0.0757724663308999,1,0.0636435210520231,0.338470350215463,0.664975858087025,0.187975906050202,0.78381825171444,0.140571055286012,0.566765225215327,0.142353564384125,0.875134964765256,0.115587822915604,0.633425413494768,0.151077031608498
1.76384575447041,0.157751623721488,0.0672155845359105,0.0243393646276202,-0.496035354257191,0.106274535548895,1,-0.0033593023529677,0.329231960536949,0.346999843039212,0.222913932271595,0.669507269475944,0.148902510700085,0.646415526284789,0.121619743101299,0.692433449181904,0.133390528315554,0.458509633951824,0.142742656184519
2.24339453613119,0.176783034152623,0.0895024241551667,0.0249660767529681,-0.586114980762291,0.0830593790745524,1,0.184281940071731,0.329322577244188,0.871117740743394,0.159105139592681,0.774830200983444,0.11705380881499,0.666467081902698,0.13194606815409,0.728328266564842,0.135761370999263,0.791850849899968,0.152817450115799
1.7969360155844,0.139174514073544,0.0364112989510145,0.0153713822165017,-0.473529888251136,0.110581775690504,1,0.368254374023213,0.381603177624745,0.275886994399781,0.278377306507106,0.622757299687693,0.155352303797542,0.621145218395388,0.12177122356261,0.4296079253434,0.132859788636372,0.693331685625141,0.126603662403027
1.82658158104367,0.134739673617034,0.0287054787423815,0.0130886169328442,-0.639370272792891,0.0668843079936406,1,0.0767669913568083,0.30174791764069,0.560058889048542,0.185497031548479,0.668589715105491,0.136865556902655,0.672145834788693,0.116638482054526,0.461757134623539,0.138885174160113,0.716617167086627,0.120910001024166
1.93506179008001,0.143189592412175,0.0562301353373672,0.0161598330862733,-0.648876485223178,0.0725685442437558,1,0.199805020862263,0.363565815036259,0.425585610726202,0.234111250808335,0.755211839684177,0.114166115933457,0.775467669328098,0.107791446516523,0.494559810524161,0.139491661185386,0.798584807063774,0.11679666663813
2.36106687136392,0.196807661992814,0.108494066327335,0.0320062881324601,-0.677529729153222,0.0721764503133484,1,0.276491082894578,0.291820281630807,0.921780017498604,0.157828829490428,0.802264909884324,0.138345692465394,0.615821853728431,0.163079586353684,1.01729928855193,0.130621635647185,0.771858018994229,0.144641625296677
2.11039221083602,0.183826044612141,0.0822321015749636,0.02736813209091,-0.628616993497536,0.0801354869557846,1,0.209727332610425,0.340249995463296,0.670828836353261,0.195851233948612,0.842211398221283,0.14054158131389,0.446220007151455,0.155817292069006,0.873672880157529,0.125189108931638,0.774390430086109,0.130501968783348
1.81658655532543,0.131946258482243,0.0469160639294966,0.0176153581278328,-0.309852422922849,0.118354737425013,1,-0.204296441152942,0.215553496924577,0.787662776611555,0.126489390177565,0.377051995889547,0.155723326540242,0.658446180055453,0.123506468665005,0.639004598974046,0.119482940460472,0.60302787792924,0.13415842665656
2.00243707394658,0.189220528671412,0.0868288401580015,0.0279070600693602,-0.65824284843875,0.0765005797180832,1,0.155511276065131,0.287093899469766,0.501292607978926,0.204329438612066,0.609319482227331,0.164932946711672,0.852778702437419,0.126587080512624,0.740424060793995,0.139710954584246,0.787950714488448,0.147603786382972
2.09903643550201,0.203748024299238,0.0774656788500877,0.0261948513471941,-0.6982159115907,0.0786621519880788,1,-0.587104978917481,0.383967280503127,1.02118596817147,0.174565317374411,0.655436252914332,0.141974652653438,0.79796925557364,0.138549146895891,0.771220568492457,0.138255846752019,0.682513581326806,0.147457929524783
1.76711018963197,0.125034247108313,0.0557789166832692,0.0194017810017748,-0.430222168833364,0.10745106537367,1,0.400615823216227,0.272248142863654,0.112435818995982,0.22912269075764,0.733165397517332,0.115866614484566,0.577210685859505,0.112850167977684,0.592940033948002,0.119516565453272,0.631607963595178,0.132375631603522
1.90784282733638,0.144878989316053,0.0311502693404201,0.0117647887455201,-0.576442627364516,0.0847593216312221,1,0.230270406992799,0.337401590839863,0.398012854577208,0.229624099722223,0.809514647187563,0.131216490847558,0.559629520933523,0.114489727025432,0.644380637420607,0.13715368744897,0.564672856692761,0.131611971500759
2.39937217965487,0.233386184622517,0.0650553070831063,0.024832349371861,-0.729237751065519,0.0663461149069721,1,0.515460821905233,0.325468572610518,0.474686385053159,0.219903203738385,0.953632263189403,0.136679792686436,0.945462733292228,0.155874717581636,0.872266727825517,0.13919071911335,0.699497009909721,0.137906633218162
1.87558561509836,0.152745082718294,0.0669888064175801,0.022338932302091,-0.434682688115702,0.100940865334461,1,0.215792200569934,0.471528315120042,0.428224257930604,0.303335865282075,0.736007461005988,0.123905170501168,0.490352956596602,0.132571473432705,0.556591247407724,0.121687961151745,0.690199116703728,0.121382267472551
2.00063391463159,0.169385931104595,0.0562876214269557,0.01902238424113,-0.575912467755479,0.08806013652698,1,0.199211024506046,0.323061580496625,0.440355303352169,0.209920608930239,0.849449780851634,0.127749235350349,0.55241931436329,0.154361592365006,0.729626045490135,0.120620172905948,0.763472577654094,0.125694965895967
1.9879915207948,0.186779527536177,0.10114060037314,0.0314199572357941,-0.575894016539535,0.10132550394755,1,0.046129309606269,0.368500277374873,0.733193092582621,0.18392707097703,0.732446735603057,0.137804912618498,0.70375633014687,0.129702238869639,0.593947591872856,0.144957732002673,0.405933339665733,0.159080026993168
2.51459857156921,0.260158902415044,0.110680629418311,0.0384440614165305,-0.640461553061032,0.0957883942329536,1,0.6558294747206,0.46069790938053,0.786216008998396,0.227213759754061,0.659679121799671,0.150431219898821,0.914267002374815,0.155047316477692,0.99145221279924,0.127361597614902,0.596776190852794,0.174269349374229
1.88842298251949,0.15071088654181,0.0643600738053382,0.0184749756322826,-0.548858863699425,0.0953901586935316,1,-0.530126687049919,0.36334831605221,0.820283520694264,0.179721451648452,0.745661690779875,0.135545896736366,0.693628671472701,0.124418110250502,0.489237682513929,0.138258618448109,0.687063046711395,0.125018988111236
2.38831352342543,0.18971816976948,0.100362675034851,0.0279557477841042,-0.72501921356676,0.0523676480473677,1,0.64074765688046,0.331528874543727,0.794054709326538,0.163642985878458,0.785201041229071,0.126526594105519,0.67136357546563,0.138226450790257,0.995076851656629,0.0986583628561276,0.730922702773231,0.145345190862403
1.89660365498074,0.138927586822189,0.0549270478530817,0.0197864385797633,-0.514298896855872,0.0953916210423949,1,-0.382890325587648,0.566644218679701,0.782864368121341,0.262759488062043,0.690341404526627,0.133475284758987,0.738017168364159,0.110018018786078,0.497354898478856,0.130484123921356,0.563094946486365,0.136032407260993
1.92524129182802,0.147836601912358,0.0787770962670617,0.0204515989669035,-0.660868803884701,0.0765430949496993,1,-0.662374455706109,0.359801972353758,0.822123716948462,0.181146427296036,0.784336173782134,0.11234392391257,0.773839570935086,0.125891834750704,0.678625176257965,0.129417684978196,0.414736201730668,0.154881847079068
1.98146715503444,0.14670567385636,0.0276160619143505,0.0138027798354003,-0.605583294730725,0.0764430498194579,1,-0.539432750834486,0.382886629433631,1.01894306313333,0.152967816522404,0.44171015614369,0.141178627909003,0.822093010492704,0.113841702250616,0.720474861170349,0.124718030981155,0.655857640562236,0.146520439890514
1.87368835752895,0.142411388312128,0.0737822641118636,0.0226260460529391,-0.561612528105585,0.0842000606555625,1,0.364889438054004,0.266786807061132,0.480117075802659,0.189265126937816,0.4388288844806,0.162484191849664,0.770596763364545,0.118017566396204,0.54816741186069,0.122640233453436,0.680514005052414,0.136798022515354
2.15820644772821,0.159147552822214,0.102924426016769,0.03016603453842,-0.603960797657221,0.0649463866088234,1,-0.236247119944384,0.365488410302986,0.917074438818581,0.147665338312772,0.780007025118926,0.122285245027295,0.714361203165379,0.112096195249944,0.770486010033984,0.127079650678708,0.766684707750625,0.127953050453449
1.94548261037253,0.139290350660473,0.0349026708583093,0.0144464904366987,-0.430647281783864,0.102385709892739,1,-0.103445610112834,0.276578303255522,0.833191229024438,0.144407546647563,0.651055586753815,0.130083685731766,0.462664084301036,0.139142411181225,0.670564005380954,0.120758961627146,0.566135518625091,0.128615602610868
1.79903366129292,0.140209844991045,0.0270900817177487,0.0143708535920539,-0.505454327945964,0.101247833407157,1,0.0419269852409478,0.254015744346227,0.563933581604475,0.177098716888335,0.550917010826522,0.145331541408775,0.6907862995874,0.110672942457667,0.671829487693404,0.127627895619702,0.315980993151448,0.17055432025523
2.15673303289145,0.168729583770735,0.0754673885887879,0.0210980478066811,-0.640909102030859,0.0662378285385196,1,-0.115827058835181,0.305409707489809,0.883884009580189,0.141003626907896,0.76133703239617,0.114481686251872,0.694018839252932,0.111937482868782,0.795554785099586,0.129933749461624,0.760298344966479,0.135844191142989
1.87124969540853,0.13668805151052,0.0422986378397112,0.0159613908058393,-0.641801684776367,0.0678423527532372,1,-0.307607366421826,0.274286656160266,0.91607392052065,0.139168596182157,0.528088394510362,0.147256654718012,0.519089500522823,0.13225486918832,0.619772849949271,0.126874085783664,0.599569776803791,0.141415910176692
1.8241149139036,0.127539769648088,0.0267891999654908,0.0102148511248619,-0.57474014823443,0.0823840636532718,1,-0.464898131840476,0.334338009554285,0.722498859594708,0.20384175888649,0.715918485460745,0.141969263506818,0.73312188130843,0.106060793972033,0.31286849119205,0.133948205692465,0.839012151202968,0.111598317040877
2.15979329136944,0.211789591359607,0.0653114493408813,0.0248817984469207,-0.737686700335553,0.0633147642467681,1,0.06598330361911,0.329802320739049,0.724985831133042,0.209858627186047,0.971259183867877,0.14343023912866,0.626534768796577,0.140538061232527,0.67469609009867,0.139213254177221,0.765961329672873,0.1441427067713
1.98455725861786,0.1438575562321,0.0627999202754117,0.0180661121904988,-0.630087832770944,0.0649714580789532,1,-0.07875608540012,0.262005662611855,0.59484594295684,0.149152577533537,0.856655601221768,0.113255010765003,0.65383233171641,0.114559158115567,0.805439220899207,0.117379503916506,0.574980861847799,0.161788419614331
2.0969041894726,0.18362827880092,0.0533466420301779,0.0198796256273698,-0.583999637847332,0.0872248232585483,1,0.139970078528622,0.361351479435717,0.813219796707848,0.170207418542216,0.750433955646535,0.120172187777613,0.508357875664016,0.155814111529938,0.661706617877592,0.131718625370435,0.887316160722902,0.131723683441604
2.13191369334132,0.158948544021435,0.045671012726962,0.0162482658475857,-0.66862649230718,0.0698140848134448,1,-1.15741814173605,0.521594818320769,1.1224382755299,0.186746857112114,0.878289842474117,0.139325501693998,0.789667543341204,0.127928112233952,0.80694280524728,0.122762394511884,0.848211680912071,0.13882620521468
2.21510481280497,0.173362036135929,0.0865495185020348,0.0271236103558037,-0.61626352497399,0.0815539346136569,1,-0.0179916954191734,0.323154339830444,0.793316121784891,0.166447766488508,0.892673672262322,0.125847370298808,0.747856761507514,0.121844386721537,0.735877248767731,0.144074064429533,0.84829325591295,0.134654536836209
1.94897244571059,0.138207372066502,0.077846255809828,0.0208639846033902,-0.568072324608404,0.0858647705971584,1,0.115579406812485,0.398585801998578,0.532762772549799,0.23878205688862,0.796220515330083,0.11800743392102,0.528584902346625,0.129075162225771,0.662405166899198,0.109986382523664,0.811020005774281,0.134737797072265
1.87681165989802,0.144763875956896,0.0629903025974941,0.0188815572556032,-0.462990105232818,0.111826116701016,1,-0.424132814414063,0.433479723494458,0.749909646913033,0.223766962107926,0.649264186481062,0.140893948371149,0.765230588841793,0.126539931435844,0.351341658166723,0.148994506055622,0.867423959167292,0.103554917214508
2.00843476981733,0.143787729277726,0.0471965493245461,0.016306231837815,-0.565298684340141,0.0804059431289467,1,-0.058185379711059,0.259434884193977,0.849715090799185,0.121245091803139,0.635961838400326,0.122574054244129,0.67191927621713,0.117710728033989,0.495588081525379,0.131140417388141,0.785743129886539,0.124004900113913
1.97032744510147,0.164003795209168,0.0893211343526563,0.0260699770684573,-0.553240303655585,0.0924257947912022,1,0.425756499314599,0.324740846242401,0.402360466369308,0.211941707202933,0.491976337859437,0.155307699049375,0.809087500015319,0.134340054657854,0.55969057628649,0.145994728720711,0.746069046380816,0.127109175981233
1.95335736940936,0.161221235265801,0.0836460263694803,0.026172610764303,-0.611288055927849,0.0812907708086075,1,-0.113251428075177,0.349260441212204,0.579934666696671,0.214610633387206,0.69667207767799,0.131604633627138,0.813934663448548,0.111974479043885,0.692973925299109,0.143624801030853,0.773407924931734,0.137474201968146
1.9517296486727,0.130485077048694,0.0430517005692982,0.0152097738582891,-0.60405648476443,0.0698692495862219,1,0.00178378132607136,0.279920822336246,0.685161053464559,0.156771384678989,0.505324153486735,0.137484028998221,0.754201102866032,0.111471145619938,0.762776076946746,0.111539544966716,0.629292067824699,0.124691933749777
1.97920653302033,0.141408722615448,0.0524593836024328,0.0147628866157686,-0.540879320424582,0.0985134083508083,1,-0.0690978022100244,0.404565623176998,0.634163502559388,0.230751601728108,0.832170224401368,0.145149355030488,0.545094511861543,0.122808865239753,0.631001159249794,0.130201343492581,0.917798632997465,0.115939341111457
2.25280120873128,0.178066138095991,0.0828244740432175,0.0233411991539401,-0.663099979635054,0.0705645904166352,1,-0.404852633563185,0.372601231481038,1.07259648409698,0.160164890108373,0.742502956018311,0.126244134465076,0.719918350432806,0.121492997555816,0.894377781836605,0.123735968139097,0.813901130940364,0.130227938103689
1.88585860476613,0.145531760707207,0.0586565583168888,0.0177236109007813,-0.510451756889897,0.0968242976135225,1,-0.535052399966473,0.438987944016414,1.00167206555858,0.181474540853227,0.439540409817238,0.140465717492531,0.578710801377467,0.127077981651277,0.77168245834858,0.114550669555352,0.576194250081286,0.137478885851834
2.08691595629979,0.151410065404171,0.0822451899856613,0.0229951716739775,-0.614445557140798,0.0704827067296966,1,-0.180501941115422,0.310395238585507,0.831383762961121,0.157189268602892,0.536344039049181,0.137479851235634,0.747352443277865,0.113086895082651,0.797812190565858,0.117967918133483,0.931995139110483,0.126563080510735
2.00841492560506,0.142672790563614,0.059677533805254,0.0171913074677672,-0.685178504567789,0.0573031167619682,1,-0.239494240681026,0.314594184060402,0.908668791369029,0.155795713819619,0.555040030688622,0.137699139846483,0.64775768479604,0.132459776517602,0.884580223427782,0.0910872894326521,0.580329580539729,0.147526343859295
2.22017519071914,0.200862235622409,0.115298885604022,0.0339678105082408,-0.558602460490154,0.100626761368026,1,0.169922483204454,0.318901576871274,0.912044662810093,0.153702700909054,0.59581933121933,0.143076527386151,0.758236298016967,0.146890430286585,0.92913789259949,0.126068038905466,0.837332829424565,0.1320159419735
1.83235928888451,0.144896031410489,0.045226288778924,0.0164992496365915,-0.474296655841478,0.100639051837991,1,-0.00474816996817099,0.320297336515184,0.480995455130791,0.210896952550969,0.767753834598046,0.141111448627914,0.498708974358261,0.131299564676688,0.65644377802226,0.117047774394915,0.571473096378275,0.139857456115014
1.80271359846859,0.141724399070598,0.0526854710398249,0.0192396341647805,-0.5793522836901,0.0820161794102149,1,-0.623708808219606,0.287449839788484,0.845593671746644,0.147165370780775,0.658775377004372,0.1299736113469,0.626282453213021,0.141495875492486,0.598063128477693,0.123576952356486,0.596123550543778,0.137496584469148
2.03349229257545,0.15435456504464,0.0465815178147828,0.0168242426035385,-0.587682507502047,0.0854642605900149,1,-0.324845657661095,0.342948656973598,0.799413163100547,0.172116583932682,0.742595384489057,0.116296728771646,0.67876208261256,0.118400235587939,0.677037112625033,0.123661534482834,0.82923778215424,0.124518352791104
1.8813243117974,0.121654961426944,0.0289660561581045,0.0121894595000152,-0.480476281053832,0.0883042843669687,1,-0.228318893117216,0.281573018427452,0.863185507928949,0.140029898557248,0.508597289790418,0.126083966876636,0.549701304228111,0.116135531074894,0.531556713640143,0.114801810404297,0.735046973187607,0.136146432291779
1.96371643077761,0.147158755570735,0.0751762280902971,0.0238604321681349,-0.541174492861399,0.0972170906947178,1,0.0502770293751993,0.386146475017025,0.649515839235018,0.212270304035421,0.691984447533641,0.12175675458278,0.532068709521591,0.127777991500482,0.727935980410923,0.12059273079795,0.721554493683601,0.131782704506527
2.24740131220449,0.182230779752747,0.0743024756322641,0.0258542267969219,-0.581862335408472,0.0865381067133783,1,0.424841813961647,0.319357266882304,0.76388762219492,0.178480196677775,0.679951942964001,0.151186847561418,0.957042960882018,0.11196291130909,0.74901935768627,0.149362628986089,0.445977931381455,0.173999912773578
1.91417009238569,0.133936009792867,0.0467296739704204,0.0145589925681933,-0.58957816605375,0.0805418168294282,1,-0.339738432922552,0.390251380065435,0.872593075166585,0.199269112308817,0.625301046326442,0.137785651041832,0.612752597365311,0.122995907124422,0.612789372604619,0.11028635454355,0.765425922204953,0.10910672342332
1.8831248475779,0.150271267735673,0.0429736089325632,0.0162186858238179,-0.390939372738898,0.101393286385065,1,-0.231384390810363,0.385470443807657,0.819969176229193,0.188599065094398,0.485074898626554,0.137829390945814,0.646314288936907,0.112230092637354,0.880578684428623,0.128866586940727,0.240634248140523,0.165843045497619
1.88070219183721,0.158639446279944,0.0433306350695633,0.0149149325987569,-0.530435690701962,0.0968682780829507,1,0.334397691163081,0.35182056241475,0.405389842388545,0.223311460831241,0.766586691541415,0.117010911640665,0.554381351568853,0.121649937417931,0.757513147928193,0.12530292668972,0.294497953894622,0.163738834434963
2.16627923723776,0.144448276025725,0.0736503628158307,0.0203542007240644,-0.610430560943276,0.0664148259361351,1,-0.30006393363085,0.365036814116636,0.802044462531389,0.197738281081827,0.834691204760342,0.115009138419208,0.778951551231363,0.116961164301257,0.817058462546708,0.126314843373743,0.663275185159816,0.122319265988237
2.19637801803465,0.172682771361343,0.0987148622970709,0.0307584256220175,-0.644157021111455,0.0869350520381786,1,-0.585252900251405,0.359907149583409,0.884350646801404,0.184680183651948,0.951162331590004,0.144552029122448,0.846221779517459,0.118041088273828,0.761443379844363,0.119779365211662,0.625639531848277,0.147769967757302
1.94882726221834,0.16215460452706,0.0568464532703227,0.0184254494282122,-0.6369746183943,0.082301156280373,1,-0.321799421763366,0.439630557930416,0.870883776229083,0.200018265638262,0.669725545851785,0.135391130168336,0.658508745988047,0.126686745996526,0.553413940597465,0.136587119129371,0.669685250155497,0.143021965604234
1.86333523581394,0.1172705933389,0.043010607620338,0.0129674184802258,-0.582178892906777,0.0780698581482182,1,0.0184352353894544,0.327052093822646,0.553172352430203,0.209580135801491,0.576909536342297,0.138363509563198,0.772966762129117,0.107724898806192,0.54495049731529,0.125494395167881,0.543979611523606,0.13053811725743
1.93246301280445,0.114931684754979,0.0396646839600875,0.013744712020539,-0.318296990992841,0.102970629497753,1,0.00426249809212341,0.269331042541793,0.635248333407658,0.158143131930704,0.53607454020955,0.124249934303479,0.707434095196472,0.0989384758353181,0.717033748117181,0.116518067981672,0.669075270819866,0.128919952518199
2.22895152758906,0.150657735691096,0.0814581997488087,0.0214610362135079,-0.659879579471717,0.06613180696253,1,0.692662577248501,0.369743711274079,0.49044294202705,0.213802011271706,0.754539049402851,0.117747032739816,0.761619458716818,0.107696792901034,0.859822044409832,0.122541565252892,0.853230590917358,0.117074534907383
1.93348565300563,0.129078675029727,0.028303425909863,0.0109682080767424,-0.735465222929142,0.0485583735543649,1,-0.560447210114423,0.326873423546478,1.00729883806476,0.140290176755496,0.559936352545822,0.133470203918012,0.718435780860991,0.111393933253139,0.622263301140408,0.118283059509916,0.835083578444093,0.113115810759469
1.98037895174493,0.147599473224457,0.0581815927574279,0.0172818969680843,-0.604513791937014,0.0701166631120141,1,-0.524184371304001,0.487708150015053,0.865474558691081,0.20984919448764,0.721466742165383,0.135190978681097,0.828453327295025,0.105006228160615,0.490654254595594,0.136525815910506,0.62333573746329,0.140321928506117
1.92763131051049,0.146878995945934,0.0592835291931072,0.0194943196296395,-0.54140915000219,0.0921188095324999,1,-0.195834810972462,0.381506352071283,0.678638714752405,0.206370622527823,0.612750664992877,0.146542385971369,0.825109781988864,0.105958059667106,0.620460478816543,0.116646803078765,0.711651661902191,0.143335366483436
1.66307029066329,0.122927137932399,0.0311717577496051,0.014383347553981,-0.538754072908006,0.0794349008526826,1,-0.128636604199461,0.309203648822419,0.301459111439835,0.252099751448256,0.744471732294666,0.114370761365287,0.467881194558632,0.122061590205926,0.628584375147761,0.123077168586787,0.507683728632471,0.139430458110737
2.15927561647004,0.182924925301001,0.0505882969716762,0.0203235615375356,-0.585545037212379,0.0803174410247914,1,0.00752451889158297,0.373566439993804,0.731238256605416,0.165849078216508,0.917987408357723,0.115095842048531,0.762619768802192,0.117565879577951,0.530446242221348,0.129066208413004,0.731496049433717,0.142777474635086
2.01696650778612,0.158612551468289,0.0481992709282609,0.0162492502540444,-0.596588752930906,0.0832383803420231,1,-0.158250211967761,0.378450591435468,0.707258436934921,0.197467004686042,0.735034344919503,0.124188366998184,0.804185467363248,0.133521083709606,0.577804166287031,0.132946159380108,0.781353831791,0.131479038302195
2.1274216227387,0.140863514250256,0.0553622266341132,0.0169239622538652,-0.607235790013229,0.069429396081952,1,0.243995700127715,0.262784064986462,0.742958476681088,0.158205258994552,0.679716033806225,0.14249746938846,0.793455499071827,0.124812306893892,0.706831885628815,0.114419723944158,0.651233880040007,0.119238321319425
2.16999546812315,0.173375853514786,0.0870156991977496,0.0248981279500086,-0.577890505346485,0.0930543812653732,1,-0.0307977416780662,0.436034702542918,0.897115162506359,0.186292348559799,0.435287345820288,0.15813937044805,0.884086389650276,0.110634135145528,0.687457889517269,0.132350028025003,0.907795407693354,0.137179177371026
2.02520286658516,0.156364197414127,0.0604695793174749,0.0196386316950093,-0.505689526809738,0.092705030903216,1,0.0387831310577427,0.304176009542912,0.822718939933464,0.148725938091286,0.565596940569603,0.132859036871396,0.60347495967915,0.121200471623403,0.811049947088541,0.12423784796331,0.703956887981112,0.144083113408467
2.60897479586747,0.242649014326861,0.0856076245713239,0.0325272886739265,-0.77415494410246,0.0498007950816623,1,0.435654729217887,0.383803526036495,0.877362124830727,0.187639757329649,0.917426496498083,0.135117832836723,0.913591236919504,0.126771430586881,0.930543169178185,0.138522283623159,0.929239571002406,0.157977635742099
1.89241801596387,0.160639555690604,0.074509988784784,0.0229326241893679,-0.61439451839456,0.0778350956952027,1,-0.103018197668952,0.34919636338282,0.557634758524074,0.220230112115674,0.689902750240074,0.125072044190383,0.696756739040109,0.116772779895328,0.668626931110964,0.129023196213985,0.73115308237295,0.143828287785566
2.06205938923345,0.17572660212217,0.0524380533388858,0.02019381281546,-0.520318797583764,0.0979481661944226,1,0.269642702214768,0.375643402658594,0.683333722856818,0.21300737651797,0.764062908343862,0.136608283859874,0.620115791536278,0.114766455829511,0.657144585530738,0.146802436521302,0.563753467517593,0.162898067091212
1.99565015193876,0.156029483108693,0.0810091958060471,0.0244551988913309,-0.652931898480221,0.0685462172354704,1,0.159042717177088,0.328271417606207,0.687604648667263,0.163134568566868,0.527929349532963,0.136198688179936,0.716919015102258,0.118434750128225,0.791830678866383,0.138167182666217,0.544061527782363,0.159853864557738
2.04780536183489,0.139075757968058,0.0784334821831805,0.021661397878135,-0.605512802707527,0.0718061869090113,1,-0.251196109809923,0.271078614373109,0.771396086591663,0.143574271861997,0.662687993439119,0.118327646173505,0.882771406215695,0.0959347310186057,0.714623369707407,0.107546053564938,0.594430248412242,0.158658813320156
1.93926909936548,0.176552466975774,0.0806099298466723,0.0253905388951819,-0.653916435145446,0.0775075442870179,1,-0.492628719684854,0.437968500660422,0.67894157541379,0.219813792403063,0.877006723811962,0.12565010092356,0.707134282454889,0.13563753067025,0.589429422276684,0.155385009963731,0.714286224884665,0.143481139909846
1.88217107962665,0.135602258036682,0.039226086426954,0.0136235964221872,-0.522277982934578,0.0949022111573852,1,-0.2231006629624,0.240193144922491,0.565097603445404,0.185981755043324,0.92927562041203,0.110301688709235,0.465875814185682,0.117383594048442,0.712434906948522,0.112297813530018,0.666421021527657,0.141529299956344
2.12853679572168,0.186148980394827,0.0653095298598684,0.0218844037740033,-0.584269793511426,0.0841322291493622,1,-0.22850183129017,0.379149253163773,0.884037311484747,0.169571692972764,0.814411584651222,0.137757369773678,0.584229629331327,0.142318549358698,0.698745490503063,0.126613938634791,0.842230925485888,0.130739404077925
1.90956548656145,0.169985275448977,0.0820667611588952,0.0261960348507031,-0.679307350691562,0.0705430997394295,1,-0.784065871136935,0.350989902822096,0.778764494222941,0.180814669961414,0.85508916597001,0.131577878057855,0.655731321045208,0.137165576420772,0.76055807863849,0.121957977780417,0.613766973309294,0.139211587958057
1.96492054950829,0.129546876892797,0.0861658048549577,0.0210909886621794,-0.553810300307603,0.0794836930657475,1,-0.217597918304263,0.263128677959035,0.760575177326757,0.140476305653733,0.667574590852175,0.126143913651719,0.694819925043896,0.123516871780826,0.77698874397563,0.0991802993340425,0.529888788862459,0.128027173508765
1.99304083716384,0.158125543122752,0.0601573673707379,0.018707733097757,-0.617265916300144,0.0752037498145226,3,-0.384939093470963,0.290380891954253,0.928142545179497,0.158797046218231,0.649539501651246,0.119379988301941,0.76040077283756,0.131716484623366,0.612873661671779,0.147471199709875,0.566527097424226,0.140125084508198
1.95639607342907,0.14358366762993,0.0523833802369162,0.018523545341527,-0.540613455718848,0.100561901530524,1,-0.820768803399253,0.452557555032108,1.03511266732153,0.18811532894344,0.661180483157656,0.131063972653849,0.641780141337896,0.128321399175144,0.748676113908516,0.115911636668904,0.365212561297518,0.148217254802878
1.95316238281214,0.137931945478763,0.0732216961159677,0.024022538833346,-0.502046083560379,0.0939922421409322,1,-0.410229228147749,0.276072994331206,0.865970511970033,0.145018528290252,0.636554556354103,0.120215094803689,0.664310526410056,0.105547833438362,0.60800911161539,0.125360771147948,0.68981676445688,0.134198049550714
1.87924960984721,0.142956454895571,0.0525469146550825,0.0178490005079389,-0.570080602166224,0.0761818220398923,1,-0.0789825782539386,0.303407441367436,0.767653028693426,0.160056135671127,0.663272960823854,0.124381202652517,0.520393969781244,0.145515294338364,0.402206573886438,0.145396330215907,0.797222712590265,0.11493677892757
1.80497776657948,0.123346354020795,0.0349375439374133,0.014785579775242,-0.611608570600159,0.0720969427706163,1,0.148609773263059,0.238984597976091,0.399561348031534,0.186482106020771,0.684749034603757,0.116948310976099,0.600851560265762,0.130874292950428,0.63558719857385,0.111053577260079,0.594948781319593,0.142929621752585
2.03304677990452,0.162407988254108,0.0825211165358461,0.0236659973774367,-0.592511911338696,0.0847679249674647,1,-0.341593554893247,0.358500552127072,0.870055740670433,0.181805288070931,0.708892803216087,0.136946389623278,0.668954412246361,0.133493938950027,0.688648295199723,0.122281399216232,0.669359867390955,0.130955825391821
1.89149020310395,0.138294321867069,0.0581565179551606,0.018591707457852,-0.535765766438792,0.0948263491338792,1,-0.226314233898233,0.3130594195296,0.85543855432239,0.159083380201075,0.518373442692608,0.124678210535789,0.587368700719022,0.110858511222524,0.761185167181732,0.128384009854691,0.787609083336642,0.151769813427625
2.28156652939842,0.187810623675358,0.0513558153408217,0.019369449817129,-0.740911606753127,0.053849378222862,1,-1.23424902245616,1.29481040849441,1.22962306343182,0.394971153623574,0.924383348109735,0.135096946715488,0.675371587139683,0.140292702051669,0.869547484946974,0.117638264756115,0.89767956040101,0.124933466524466
1.71723758602736,0.122857582969933,0.027980406923382,0.0137053019678622,-0.4168638339704,0.106395488594045,1,-0.598970385883918,0.429788273718247,0.769303674149447,0.239953755414474,0.41319915215615,0.158636866371295,0.713437293807288,0.113690556849621,0.653109688451542,0.108560579888241,0.686896820637253,0.128692007349901
1.910380673278,0.13038169010642,0.062953044179342,0.0175541700880428,-0.554693370417635,0.0844082332129612,1,-0.313879628614231,0.278919957595047,0.852711027825543,0.137326950502429,0.681730977379526,0.131199540045631,0.320239590675015,0.160996913316037,0.82373436069099,0.0969113020454454,0.725723382918345,0.128888492687913
1.88938586335155,0.133606904086065,0.0489688121034362,0.0158855323947386,-0.442454654665878,0.1076201995133,1,-0.534648259848724,0.349744317221851,0.876871994832973,0.167251189150108,0.634739117933534,0.125848045051824,0.616190561019075,0.115024212340724,0.791863589069815,0.121322114495882,0.679800883873649,0.132364560510831
1.98186351698928,0.202878382400439,0.0393096210545821,0.0158752862352152,-0.696660547817146,0.0765997788239981,1,0.106956941988234,0.371254210891328,0.4829067648743,0.232548836279907,0.770453878981588,0.149867417388149,0.552176182372115,0.157538270680191,0.922472280139894,0.139528798232931,0.558944862849789,0.157714238469369
2.16769986133066,0.187080575437365,0.0799305587202039,0.0232052833798427,-0.617079015609423,0.0818144707795981,1,-0.0567751164013363,0.322053797322186,0.900271599795888,0.159025755125663,0.615910166713633,0.14669101180485,0.812080212593497,0.127560879721723,0.801743240822299,0.133096083811968,0.78828275957375,0.14220877246654
1.81261016395128,0.140903841713194,0.0449373504736238,0.0186592140483981,-0.60796687970583,0.0706263827274093,1,-0.292117419514507,0.299526921119645,0.665023437034742,0.160555778553043,0.574506551611285,0.126701848340256,0.720730169161877,0.116072676836404,0.63873695598685,0.121062851019564,0.612066511426608,0.137188573589964
2.20926634626144,0.168760728049994,0.0526785298599101,0.0167849460574884,-0.707624439034839,0.05763742454909,1,-0.0811751829769571,0.226321022823562,0.909832215368505,0.139661765149622,0.848499976662037,0.12786584303595,0.684995508662604,0.133448783429201,0.671757418248969,0.127402547662125,0.81784401490523,0.123849388769494
1.94925071590759,0.139239147907001,0.0462818325142935,0.018375569978166,-0.678942380529747,0.0648328505648372,1,-0.162053799567285,0.285385850209155,0.69620407729367,0.165411961879425,0.722309739006978,0.117434179202044,0.619744172824251,0.122087126376772,0.519953226534459,0.132398652481333,0.810883945830915,0.130116182047428
1.6791629242802,0.118795035863255,0.0551236146592256,0.0199300671986891,-0.486338075840596,0.100388162714604,1,-0.391032308755443,0.27443498284592,0.64801881291904,0.158830542847172,0.550674110965973,0.126461318111699,0.624241930289669,0.117227123475464,0.552798282133121,0.11694542288092,0.397606750918035,0.152724342031463
2.07016983011475,0.168502377361819,0.0603620352526756,0.0203323281296132,-0.601656535279146,0.0812339525133326,1,-0.738779662135241,0.419403962167154,0.95234361091087,0.183989150859313,0.811849026546779,0.11802879090867,0.859221902935457,0.10762378586612,0.604928208499822,0.146621906802793,0.651700941385001,0.161292902141644
1.86064403441543,0.14267088357011,0.0638932222840608,0.019769836174545,-0.598639322018734,0.0871146333334125,1,-0.174575787442291,0.292558825325463,0.806112506782753,0.153811438647989,0.463907829534141,0.148297172685691,0.677356777339536,0.123388567753639,0.547905825658469,0.124530253108721,0.550189337617468,0.141941927972695
2.03279543023443,0.170024444318441,0.0604593758818259,0.0207594351034233,-0.629362270021954,0.0735125818816327,1,-0.237590803699859,0.626576542456629,0.668164961094615,0.318163289815435,0.84516924189772,0.137983438802667,0.648051122895849,0.139568141369555,0.581644484281368,0.135967331927324,0.791092699541756,0.131340382386847
1.933797235021,0.158587983330841,0.047046585545535,0.0169447152095733,-0.515900495057889,0.10112629336261,1,0.34602536135412,0.347601809207655,0.47392190010477,0.223162208234209,0.721469048955053,0.137075281715274,0.592655816522115,0.136948566316325,0.728539170149568,0.12899906492838,0.729091610530713,0.121483934301677
1.92090601771056,0.154577655178865,0.0432525551912391,0.0147143450493377,-0.590630857827046,0.0884848456508265,1,-0.208109803470514,0.44017640500108,0.740247678258994,0.214970623844899,0.650117844427114,0.147781650379347,0.699364126495354,0.137679019470747,0.613930789578963,0.141110816849478,0.689512874678787,0.128130481175296
1.96668864202807,0.127620629617416,0.0416064845980993,0.015640493655727,-0.593831633105218,0.0756227207309555,1,0.0602305274177148,0.368448946603445,0.655533141206951,0.197333946826184,0.539129359802801,0.142611805322302,0.787165193217109,0.115411970530753,0.637079458785826,0.112280105063919,0.624280444716025,0.121778706308776
2.05124510594095,0.160250067465883,0.083742284967513,0.0235114564420718,-0.612224977169316,0.0833276165396255,1,0.230107226466946,0.338719745226026,0.705441815300194,0.188321766210734,0.658140853757378,0.136526157771026,0.517326379725098,0.155182475284392,0.828463010082449,0.114644813885758,0.70034093093477,0.145400807053507
2.17991200083752,0.173970033718303,0.0923262164926825,0.0262837716422346,-0.721630546619881,0.0574117657449088,1,0.192698533635414,0.266320234904459,0.618009388533904,0.171851278617634,0.886533321183227,0.116011740575179,0.827126495906853,0.111714386426991,0.619164216923061,0.141798561952609,0.852511874037777,0.14267058656937
1.83920556152328,0.14234585290952,0.0367847851390944,0.0140082018708022,-0.55472820014939,0.0936404182886865,1,0.0676585349320041,0.409193619232603,0.691219035433754,0.223980557233335,0.388525220281002,0.155095381343885,0.714634324898088,0.124827686381198,0.612374968404898,0.127400790723011,0.514228579513954,0.134408116760711
2.03632895198567,0.179783192227519,0.0828259694991641,0.0236312934288819,-0.613806530713245,0.08144576759197,1,-0.0547394464687764,0.407856233387102,0.637853059239125,0.233250025565151,0.836393760818814,0.14161783246123,0.665190312924127,0.128856583489186,0.764451959816932,0.125719427402651,0.704363966770253,0.129741383233472
1.79250723731352,0.106970548566378,0.039365746761914,0.012511999911783,-0.52845198262672,0.0863710246096362,1,-0.236008847431892,0.294491329164789,0.590554401912786,0.167638552144964,0.640366289178162,0.125767444718976,0.667362142186113,0.105762992715869,0.583337594032422,0.110058826516813,0.531635969457107,0.119818221854398
2.07132290943927,0.175774125476466,0.0691587116051687,0.0206207910990786,-0.642503647804853,0.0799693195930747,1,0.149262245538678,0.33494303954917,0.495356662822637,0.208345955050534,0.880277901185767,0.118888381037244,0.69026162651208,0.126347816190507,0.735165585103426,0.120046692566811,0.753519443612099,0.149086920733659
2.14279435710741,0.147418463970587,0.0956922130822171,0.0272109239940049,-0.641773130987652,0.0750869795193615,1,0.0575776057060899,0.33063821643231,0.708787168163925,0.191673236104267,0.855417151392794,0.121692325107365,0.722492444435139,0.137003944145841,0.620894138386463,0.132494255943514,0.611357770262282,0.13098605953072
2.47218367616626,0.254999322620898,0.110176525622765,0.037934762220733,-0.715671446978194,0.0681837827192306,1,-0.192432984285543,0.434424830927115,0.918707915474789,0.191282652563876,0.885934570888427,0.129268934290187,1.08408496705692,0.129056150953857,0.741411066907375,0.160526814868612,0.881789623524721,0.152593355456979
2.04649339394067,0.165631819614194,0.0851502943201875,0.0231320452267667,-0.517821395711161,0.0904992221884204,1,-0.211481880219827,0.511047713541638,0.880520667579879,0.194652504891774,0.577443656801749,0.137619802106799,0.734506635000462,0.138603263273925,0.758812410413592,0.125538255708482,0.726910755241013,0.130390047475509
2.01748211284411,0.163585183760108,0.0614185726657034,0.0183704415883874,-0.6053144872171,0.085429993184639,1,-0.177992255766699,0.299126160982024,0.762373161658863,0.181773300315151,0.753621958101224,0.142670500478747,0.58931154046942,0.138289713087524,0.698193439861818,0.123199472142122,0.69936468220241,0.13266238830573
2.08865976777976,0.149745644228876,0.0562716237530234,0.0160413980435098,-0.600512897028255,0.0734778158193271,1,0.0376391232667317,0.344050429038683,0.82658800474045,0.164679859555807,0.400722036904161,0.156718186816516,0.928066109173932,0.113460687859615,0.781992886252453,0.107086153740451,0.614725488405906,0.126245320657451
2.14450820756409,0.16388174121423,0.0777745795595259,0.0254743580522051,-0.679488120541032,0.0630984606772509,1,-0.517554998020371,0.313635517741173,1.03005759351478,0.150541338250686,0.676703331549285,0.140644164451222,0.77026939716519,0.133299917245719,0.73592770926785,0.142763141433436,0.886474877666211,0.128022630158091
2.23476546350891,0.207044809380868,0.0631175943917299,0.0235520907558259,-0.667951389842609,0.0854407085172117,1,0.364654600749941,0.373920118229339,0.61708143446285,0.213872704458195,0.819026628195022,0.144994277914025,0.850600518756881,0.127726996448658,0.817198051408918,0.14058281512041,0.582879448973709,0.1567607045248
1.98263503595096,0.156407254151805,0.0525134320255048,0.0184784880078445,-0.559978662289495,0.102726136009889,1,0.0519695032445032,0.416830257029724,0.712604388209583,0.21553339429933,0.770152937809031,0.130047257049937,0.426157931926822,0.129124482360921,0.784044746566739,0.129300279399813,0.701883365554927,0.148311944832349
2.07692558098932,0.139468872893274,0.0690463743537677,0.0220407670721208,-0.610523148708643,0.0675941441529482,1,0.0629215222694312,0.248858500968481,0.712562416890571,0.14583778182723,0.7685038128579,0.11195671987916,0.675135834502253,0.116040675307004,0.762807465427633,0.109527478657126,0.925415250657573,0.111742351893292
1.77661149624854,0.123223585688192,0.0441490979243744,0.014091652316978,-0.51611495303656,0.0838927977385345,1,0.0966410905648558,0.2930624886696,0.565118854269639,0.181774854724187,0.546396156028972,0.123527333468535,0.467579831093271,0.133209035295079,0.629826457939572,0.125460403681753,0.718900724976336,0.107659263082539
1.90548171903214,0.120180474464901,0.0572004764263749,0.0151421659238359,-0.500387992802586,0.0787309249631207,1,0.25862176033994,0.278519012634959,0.547334832963704,0.163164115349399,0.503587875714396,0.118303814024832,0.672780346021822,0.113470495682071,0.755197643885559,0.114944203781214,0.677290761668041,0.140002712193637
1.8544400508453,0.125448545131594,0.0461600714569887,0.0174958575990229,-0.431024944196463,0.0916614157045322,1,-0.2208026232644,0.324862624030946,0.817279685755047,0.159302769400981,0.317650556996318,0.145676893133769,0.716892337927754,0.103953079967935,0.696742014352978,0.121261247224865,0.575606300193495,0.149241190240022
1.82474612360986,0.159085434573049,0.0551246018730875,0.0196632051553397,-0.594826688429274,0.0899255427298844,1,-0.310153150566029,0.376184390035235,0.829379295369855,0.202937681213812,0.227174152884847,0.193106046292865,0.746502872417729,0.117407889242776,0.635455876341382,0.129297971230398,0.6254852668172,0.122716980046014
2.22130081429421,0.144868027854676,0.0535872478867037,0.0177213080475144,-0.565184632395604,0.080102900543927,1,-0.000556778253009091,0.310432853161483,0.687828192121745,0.180324156515062,0.838632405696283,0.11667485579073,0.842705661403878,0.11213492779904,0.840962098685717,0.12000289898707,0.786852946811511,0.120832429440647
1.9208356694195,0.149762658319177,0.0468928624297617,0.0144655209898445,-0.451860144951813,0.109330438936764,1,0.146438350457705,0.329735376016916,0.630926486445597,0.200910514463193,0.684095698889786,0.132108771500145,0.601173984989109,0.115746090958249,0.478218644944296,0.145573599577275,0.657630282392908,0.135352562978292
1.9726696789189,0.152646408180079,0.0401480810142865,0.0135102173110082,-0.54357761871583,0.0944279718048145,1,-0.0494337278553214,0.298615587374409,0.758709217363374,0.169212100218304,0.455943098412319,0.168174266697249,0.710828182844286,0.119458033261398,0.793610677472298,0.134847059168418,0.75442100718527,0.132598055027081
1.82215489716818,0.121765681253689,0.0494711949891939,0.0147238613870302,-0.574196965082988,0.0861522314918466,1,-0.560916284669469,0.331336946020148,0.82530012016521,0.170202984930958,0.59445611726108,0.155857773829063,0.629958695850447,0.126707233218892,0.679650833261025,0.119566944403765,0.73923194081676,0.118043697153218
1.92523044147696,0.143824392598506,0.0466917502961578,0.0164802939205224,-0.594868211779146,0.0780026710364039,1,-0.532444780306602,0.366958427314214,0.978679503097955,0.165534204597406,0.445490255157894,0.136644056671711,0.714638666901705,0.129096023799929,0.777011060820867,0.123234335791105,0.440347737250348,0.143348569714982
2.14824390825216,0.163359327280882,0.0533332070904142,0.019794147346491,-0.562195213570275,0.0813320756122927,1,0.253844334421533,0.240624766850678,0.859779120702685,0.133128798560314,0.658769327244847,0.127345865220387,0.62251164755009,0.121600392415475,0.662461672241853,0.132356829764581,0.833909791443663,0.134848720565863
1.75057169226998,0.130765084375223,0.0368383081935758,0.0133974019411037,-0.506423910357219,0.0956006114111209,1,0.190021836926967,0.363913476187452,0.640344751054901,0.210520460390923,0.516816509915527,0.13916782774153,0.511669288975751,0.126297698412552,0.405489550529148,0.134635174623772,0.444365454835153,0.12947067546576
2.35895350367068,0.197616438648383,0.105396473348826,0.0297008172025697,-0.68218794883166,0.0689105633104479,1,0.0498075306421234,0.332355136222065,0.952103798509054,0.157246223721012,0.732911927259436,0.132243123023078,0.878506056194595,0.138798195509835,0.859062367668561,0.12812648226558,0.848973945795208,0.135631876387893
1.85908239669145,0.139070119135078,0.0514069718441198,0.017394905498312,-0.550786414944168,0.0953896171653101,1,-0.58393650775353,0.337498036690457,0.831575166625363,0.161513606017384,0.666696790085378,0.133902792537162,0.514872937901541,0.142470321637898,0.666916520267031,0.11928194968855,0.555984678206944,0.150242411470467
2.03429280183096,0.1653571815447,0.0419846460376297,0.0152302123249898,-0.620730174991186,0.0771711753516019,1,0.222410799722939,0.317417915339277,0.62730129739866,0.188012898529026,0.61420159333914,0.149184112341561,0.786342057448819,0.126815206179587,0.588223233901188,0.130843897895999,0.604689382556893,0.15596022618252
2.14939117240005,0.196777825596648,0.0857924495104183,0.0280069141770714,-0.653910756740056,0.073935152516523,1,0.374822680722005,0.304374504685702,0.597202573436467,0.208685854220145,0.631976721551023,0.167472096993571,0.763103524654876,0.12381736069797,0.819201576839273,0.133076972871355,0.799114257144982,0.147159341988254
2.16279702436557,0.184267568251993,0.0768703113280297,0.0239975849972376,-0.667295976149916,0.0686868314520768,1,0.539343952530373,0.299911362230372,0.62579968400089,0.199841566671403,0.602276451981166,0.152192104876586,0.702037573212609,0.125651313888643,0.93876585038139,0.118670360552299,0.700426345762912,0.162247030705162
1.87637056356762,0.149843435040722,0.0630422208125327,0.0191008800341848,-0.384894055053848,0.127039123164063,1,0.0792735131465021,0.240336421450696,0.676091515762184,0.147737830854299,0.535082159196441,0.130024223330729,0.762897293911356,0.115291698297497,0.613322237510725,0.135818385799915,0.595138053411011,0.138016262893211
1.76886190268006,0.148451785219417,0.0238857401568875,0.0102990262505287,-0.637403557865383,0.0734743299434696,1,-0.166309494447791,0.368302766936111,0.451788249848723,0.224046679327761,0.699245528092391,0.154798781715225,0.589943274138679,0.113313755447031,0.43999000651223,0.136879016573964,0.861571419546659,0.119367757396511
1.91007859606501,0.149476667235764,0.0421061712680445,0.013458303724587,-0.594856593222992,0.0670926052770256,3,-0.421112316623907,0.394581996558618,0.898860065213526,0.188700713423313,0.626443463305437,0.137925465747892,0.591888515105869,0.125254496546612,0.694913428763059,0.122767126387874,0.529330279686785,0.144738358339529
1.8872585878645,0.126338005967285,0.0369907021918965,0.0152417290975868,-0.406265174446822,0.1031510621902,1,0.0175322677698408,0.253190213816748,0.725207493997858,0.14958918438448,0.581515757757874,0.123073057842777,0.605380335078004,0.101668825417626,0.544723797838019,0.134263061827245,0.690639313595646,0.13103718025582
1.87549580795357,0.154440610627561,0.0666421190460549,0.0192009614213934,-0.60781333593287,0.092838553835753,1,-0.0209979396565537,0.330124727607792,0.653872979450362,0.170526215707877,0.630472454735759,0.143083128088768,0.641877641358221,0.139820042660356,0.646521325551498,0.149262791932746,0.734088769776934,0.121487516882543
2.06174365294685,0.152221610018655,0.0613627567646809,0.0200791733094919,-0.668401714116069,0.0639197259047767,1,-0.253589408803208,0.362314694826787,0.791235351617181,0.181700084409727,0.809448047387777,0.127244304453442,0.612230388708528,0.11731370541998,0.86823090385604,0.118190236408598,0.756794193848387,0.128243457845583
1.87950266809256,0.0990744995040997,0.0439507826093066,0.0123799261530931,-0.62593218418629,0.068320287624971,1,-0.061576584261845,0.2868239256155,0.564318826599812,0.185386780952831,0.711402704704421,0.119474233831638,0.683065887523865,0.102094037979993,0.62537338591956,0.102113057722493,0.730334427977429,0.127240725367946
2.20421903350393,0.184252042316497,0.084219927770978,0.0289261339959625,-0.562616581900133,0.095294403371511,1,0.39313191327552,0.377236713368736,0.496213755753254,0.2151756813042,0.884950530994003,0.134164843559967,0.799569157227246,0.132469175642343,0.923737409801067,0.108965991878844,0.518815319961154,0.173378948071062
2.01883637983843,0.158609998455346,0.0699884864283443,0.0236323896448322,-0.640088510784195,0.0733697042796548,1,-0.0928102785928557,0.201567720728554,0.55679665445726,0.164223162806051,0.824716013638117,0.14364156570646,0.783553380946486,0.114530622614364,0.724838563378433,0.132079741287489,0.565016998486675,0.172301462651714
2.25562407555359,0.194225521840669,0.0982380322691353,0.0305553727442005,-0.538294102604123,0.117243177626018,1,-0.29247611629458,0.335866128820754,1.06298968200439,0.178208742580992,0.6570445850945,0.163676112894354,0.878101348906633,0.126327873098178,0.798128858713651,0.12578028640179,0.675918754660697,0.146556827133364
2.14668155103353,0.15163766544749,0.0858163473395469,0.0244060481587844,-0.574410090305285,0.0816009013581095,1,0.329131767183795,0.324129512393455,0.708801800178077,0.183192538831385,0.74149167806594,0.118227583758326,0.463508386714179,0.133737202504305,0.878534403224397,0.113198125707096,0.73174841595443,0.128092900938915
2.09185524758995,0.161304333745522,0.0879683368364779,0.0252414192570899,-0.584623177938222,0.085927528279259,1,-0.394900788070284,0.389454091731295,0.879704409534006,0.185199728988794,0.719276371347068,0.134677880082628,0.985555778429885,0.102529922487309,0.482582323415203,0.146726445283481,0.826523146922116,0.134684980523286
2.04272405508402,0.145916492586557,0.0555549898915464,0.0167853183504819,-0.640075448009626,0.0763831823116504,1,-0.00230453534613697,0.375544373395345,0.76736712471583,0.207461157049294,0.642356451773207,0.145854970911542,0.733309064598555,0.132597693046412,0.460608245530847,0.147394925826155,0.833023487718908,0.114570645545288
1.87953459173533,0.127370054346819,0.0239280135986792,0.0114972745974029,-0.443953424503894,0.100798811582323,1,0.120104110625038,0.352239508641529,0.532501724668549,0.201244007694221,0.574023777991238,0.125176880699303,0.781589978281978,0.107312539353071,0.578472716981344,0.12118784284234,0.742835022284968,0.128929332039297
1.92593439481399,0.125747133252357,0.0546402305269657,0.0171664350921835,-0.597852226786414,0.0640661776893639,1,-0.0329042731930849,0.301257778132345,0.76969994113036,0.15295244302844,0.553587843661451,0.126630935392917,0.569708824102247,0.1187023906851,0.637667541771513,0.132592911860771,0.616877750668204,0.13165237347286
1.97819248503409,0.169086107499952,0.110926248302531,0.0301084294846148,-0.462313328217169,0.120360618121204,1,-0.325364840119409,0.291719241983515,0.786476118293866,0.187284315645383,0.726750077326528,0.127885153882293,0.664403849206299,0.116755611131984,0.780592138879414,0.13261335233659,0.538463314810882,0.150343805553745
1.90484851516833,0.139563840234764,0.0750098383149988,0.0213944060203457,-0.557612767360692,0.0913232766875505,1,-0.511414529156136,0.38793144058526,0.887895664084349,0.175309549614072,0.55940289629543,0.144644239474861,0.612224044246476,0.120654249401406,0.679777397474107,0.112765957869064,0.73097339431599,0.130284073782287
1.86015236060381,0.132616381515258,0.0400993966614534,0.0131956418045329,-0.479942505768843,0.104467259601778,1,0.0085836100841158,0.371813873391591,0.744747117078268,0.192967839695139,0.540982023717595,0.131643586386875,0.589973086482049,0.133568310621598,0.58703207463168,0.128544962689028,0.6324211401912,0.145331458853979
2.132166781194,0.164855302000014,0.0622857176244425,0.0166847558237498,-0.625219369942803,0.0746422550504283,1,-0.102409369365167,0.408724210736627,0.840419595834964,0.184712649913738,0.871251747977903,0.118119366081663,0.574822780636066,0.127883166310131,0.738179953852726,0.122249373648516,0.774526165829319,0.131210957244376
2.08553456203595,0.184965792359415,0.0696801083531534,0.0238835276530167,-0.715500227156047,0.0678914716497496,1,-0.316212787259214,0.431339151411863,0.788123789509495,0.216244294966321,0.753611509273229,0.13953077367133,0.81437615948903,0.121501007155169,0.685375895600707,0.13348581557552,0.88740212322746,0.150224388677133
1.93733547230335,0.150127549082732,0.0748179397482738,0.0221220598057683,-0.653824703045329,0.0674691531491993,1,-0.476855739151173,0.394557773887015,0.733888585399922,0.201644223792853,0.815143765108824,0.129379070509515,0.727407525320034,0.116581463592826,0.506592764202348,0.129697780236425,0.856897813716024,0.119776417500481
1.90851238155336,0.143215962692378,0.0458058696590989,0.0160837425957236,-0.545889967656143,0.0835963718972269,1,0.14859111182756,0.248248277174008,0.441837642887755,0.187999480232828,0.708859135562918,0.130884761410644,0.61316779156243,0.120477306783559,0.761318543909352,0.12924055093802,0.843251691298566,0.118401173354714
1.75612932955676,0.160383904445621,0.0456992793092402,0.0183109881566828,-0.475222394883442,0.113157216844144,1,-0.0245052597056983,0.291278529207952,0.528005686457672,0.200049507527775,0.516455767337821,0.148397467098891,0.702017767708842,0.128319006988324,0.486568348465773,0.132765691958758,0.64739753146508,0.123143932454888
1.82583111592314,0.151471294147002,0.0737075397451057,0.0203771321257296,-0.642878078122262,0.071976744591048,1,-0.529825781521453,0.371755261538944,0.763109191064048,0.179985737013205,0.780187094944276,0.111232555165479,0.641720548064267,0.131520734074543,0.520570049794933,0.140416676784818,0.636696394597647,0.139354539699927
1.92670761380162,0.147344916356772,0.042659600476746,0.0151169262990176,-0.550424419867763,0.089038429215167,1,0.303118768359061,0.264690902195476,0.485473720122481,0.177041410857117,0.783070626028493,0.131427568724946,0.661890482835166,0.127322212478471,0.719210212753966,0.12792384384799,0.577839634909172,0.146257521035242
1.88226714919043,0.154975845334181,0.0574552435165111,0.018939931627498,-0.458294577771622,0.114358641538325,1,-0.396939232082999,0.522705381837855,0.810439288117608,0.239350409497798,0.656260532593256,0.135757095509758,0.44264992345033,0.140951731023108,0.751050439736486,0.116016438088452,0.717659458060674,0.128071224335985
1.96851595024289,0.152260279067495,0.067515121077183,0.018061235466841,-0.547938611275976,0.0922758945203472,1,0.293155310977278,0.352207321740948,0.592831283575055,0.174133633002771,0.769321615440567,0.119809734918018,0.587275304183063,0.132546746635678,0.715426321311097,0.121159392466265,0.729375755463142,0.133804631602788
1.8387476446265,0.163488495350594,0.0521453629718205,0.0164966663121174,-0.524433636541905,0.0946454262268473,1,-0.0867872501339245,0.289924900864078,0.641063446378813,0.166792278718886,0.675009820083881,0.135088450272032,0.703737669450374,0.130646039669338,0.707831129665472,0.134931590860877,0.520342009404281,0.142938577116341
2.22281258360255,0.180910697786399,0.0978936604444402,0.0334630474738137,-0.65286008568507,0.0783922478557977,1,0.399303828773526,0.321767275008396,0.657860323426848,0.168825448859355,0.756204329606467,0.128935019454256,0.771500359341333,0.126644285127457,0.968569618558348,0.130750174200443,0.558595189917321,0.134738615417243
1.98673422530035,0.162090217740598,0.0676328720941007,0.0207513258306986,-0.567948228454989,0.088976396948051,1,0.499202286182874,0.356368774353439,0.399203590310456,0.220637376291731,0.63536051433064,0.137699372503503,0.686987051907859,0.115380042598369,0.760247407416607,0.115802862967738,0.652145471256645,0.153590120459141
2.29306133522158,0.202943287194005,0.081975579120509,0.0246518698543374,-0.708737042202996,0.0605484856133175,1,0.0766425491442188,0.409982540026997,0.771625415521413,0.200399345123865,0.907572824534121,0.136971212419246,0.70380470463772,0.133850778141635,0.739554381533681,0.134757136264199,0.893540950512108,0.136056584082166
1.9174068250019,0.143565595565633,0.0500055364867057,0.018462750438245,-0.630100367851504,0.0749350542360036,1,-0.321108420176296,0.302529450396287,0.798060113062307,0.153650067086885,0.814496832716705,0.10518783613955,0.494062961350061,0.130486762256826,0.629393760896786,0.114060733554418,0.687060066288913,0.146422127272024
2.11818854169734,0.16223675643984,0.069426044905609,0.0209929280903987,-0.491305811004651,0.103448415605171,1,-0.575282625942465,0.341598850748747,0.966545834127204,0.163098531742078,0.828734618422029,0.138077657594681,0.647354779100362,0.125351978903421,0.767607624499393,0.126243238735935,0.541713065183687,0.134487850148041
1.98234427195796,0.172475152516433,0.0611285007288437,0.0195220688568272,-0.60420437021112,0.0885800978434247,1,0.230746911303139,0.333487056048,0.626806036694655,0.178863245891807,0.774734388073949,0.120286021659272,0.65272537152864,0.121581603565956,0.619198089808539,0.136861342106247,0.686017063713256,0.150380247360355
2.11944198907642,0.151446132248571,0.0639957359832909,0.0184113674364305,-0.670169141981641,0.0626351122858802,1,-0.0894128491627615,0.333112923739787,0.870988405089778,0.184797214872408,0.757322798198407,0.128406243377321,0.669090349948363,0.123634311356842,0.626695759855056,0.122188991595735,0.862485256671791,0.127604570080606
2.26628446040719,0.164803824920932,0.0736022802991409,0.0223023909061854,-0.598877534610021,0.0838718940575681,1,0.442124648550357,0.329082251988119,0.681905860477686,0.180270960912576,0.80780527426451,0.118725754330573,0.788050935781685,0.135312083592383,0.733669248088462,0.134627329556898,0.623864028270051,0.135929807616065
2.24576332149032,0.170772458993008,0.0856877265537764,0.0236876553694374,-0.62879129849524,0.0788517932979206,1,-0.225745927661552,0.629141280630948,0.957783691221509,0.256422283041754,0.727935951295629,0.142090657952437,0.600548742533024,0.141737767096989,0.944761117982822,0.111383910311267,0.894685581824438,0.121638384455178
1.95074676695688,0.170874587408308,0.0697747704943984,0.0242286496467448,-0.438435321496605,0.110278481350201,1,-0.0557631775426242,0.360477728848264,0.765534649399039,0.207098825883548,0.476317544022382,0.152208575920228,0.788457035566369,0.129445236812723,0.52944100797918,0.139836297115657,0.720599973795795,0.134665088770538
1.6798605150957,0.111627739085007,0.0283778481645066,0.0129237871107633,-0.33866710681796,0.105239538794673,1,-0.507593018664405,0.277984470206477,0.782899928549651,0.140215919608092,0.441946846864497,0.143445269994684,0.714878924928476,0.106122767950556,0.478233448239731,0.119825231005625,0.411421266496662,0.142250840955517
1.99882104433063,0.163077155723828,0.0987481100960516,0.0331067107059488,-0.548812981588807,0.10324093464156,1,0.335948726955656,0.33661752180579,0.328787099182868,0.217549312296179,0.740214999297154,0.131437057134866,0.696537796597892,0.121655014782596,0.745452677617878,0.129299241648637,0.416228557310871,0.164176755073506
2.22883132557843,0.185688195767713,0.0626195760234586,0.020217675077199,-0.579267920052102,0.0895579878193598,1,0.264677329662398,0.397523255737786,0.691844350053621,0.195121133094377,0.655586631445706,0.130785171962526,0.92684642778122,0.11239012816789,0.757910730805272,0.12836165219893,0.6788829995962,0.129540215165551
1.90538600945576,0.143267243405112,0.0426054721794714,0.014188940316758,-0.488706953525885,0.1089760216978,1,0.361416512132088,0.306610446893481,0.545065329153,0.199304911409669,0.432070960815311,0.184993504155209,0.594170470405651,0.111263318959852,0.736961846327536,0.119381541517854,0.714178264127637,0.120041710700384
2.06861620386631,0.160990597571095,0.0486649401418899,0.0153302641894341,-0.611585056648716,0.0865246405426572,1,0.187558230117715,0.320104646775185,0.608100388941257,0.211576715403121,0.662207642318335,0.147370422143234,0.860325855396341,0.120464075493738,0.663352068761141,0.117498424226906,0.603082379187928,0.134349789559137
2.30037076557929,0.199136781086012,0.085003795992801,0.0219405672468486,-0.682859478966511,0.0705643600412374,1,0.878512066044194,0.337171752028119,0.517829571930093,0.191521226922582,0.619871262797484,0.157578864064006,0.899007950791621,0.129818634094896,0.717883653238694,0.127233267004386,0.83147486937039,0.132049843205151
2.09393732941236,0.18276002610323,0.0648129877187983,0.0203297846023923,-0.64944612308755,0.0724525387075225,1,0.308790283525771,0.264651765345158,0.540024105907618,0.194081367446036,0.68500811038137,0.148184861428279,0.790267674860288,0.136746175660355,0.847535677061116,0.134359984920098,0.823091042150177,0.13099405830774
1.79804480684861,0.127136264214321,0.0639158796555959,0.0204959968598252,-0.479101864201117,0.0891142398378252,1,-0.00897723252730959,0.302912042074974,0.594075453545682,0.17334219514527,0.565579121868504,0.123119537902701,0.674132109350012,0.123484920177032,0.597553572134164,0.12069028028165,0.748204039604507,0.11936800909997
1.787539802244,0.138609765000468,0.0608639194951415,0.0209187022100046,-0.341355434647298,0.135300357595852,1,-0.201962028578103,0.277558285919957,0.395061106084876,0.218875043548657,0.695621659992604,0.147256608612256,0.671560075766675,0.120042285051698,0.755207205423854,0.119178337396225,0.685876164359855,0.130536343643866
2.28414512458681,0.178530312749477,0.0702427226749166,0.0208891560461703,-0.574323314575688,0.0792764587179783,1,-0.174950486488614,0.444072271096817,0.747387270591276,0.227380455575434,0.95468064973748,0.117564188890883,0.915187020507609,0.126401623041055,0.716082512307467,0.143217835544333,0.767855007427495,0.122587839332088
2.16403667848914,0.198381896173498,0.0500131601389865,0.0169229957237708,-0.63925840035914,0.0857395133155902,1,-0.791669155873678,0.475738963297689,1.1093972132876,0.174858468722141,0.793354936936989,0.138543650881996,0.741751268450491,0.120330466141004,0.573649397510668,0.132061565833678,0.781580638506446,0.153993372784947
2.02112219852225,0.166676983014736,0.06327187082486,0.0208814382719849,-0.669503437906686,0.0705373410101759,1,-0.416193440396904,0.375808643472923,0.882835395457574,0.167468842540528,0.712972086602134,0.135233853833838,0.751461123328284,0.122892874044294,0.790007232346067,0.125693082409462,0.649581662838259,0.149084771200797
1.73811958472711,0.134863802441489,0.0369718720132323,0.0160354714449881,-0.481401299388213,0.0967431797058812,1,0.327015160632286,0.348075225007238,0.445243013049237,0.218151602041166,0.516198851428962,0.137503249618129,0.479189105350309,0.12404975760944,0.446096973779042,0.128827678816896,0.620152294285268,0.135593419004752
1.85116560783304,0.172998436116884,0.0466107764100702,0.0196705819505269,-0.575546891505241,0.0953347075539635,1,0.268148185711919,0.363485372610528,0.289881005382215,0.26276221913821,0.73193628001926,0.159068703175544,0.705630031187155,0.120878490701432,0.667681608322427,0.124535217899939,0.45710157601161,0.141097136488662
2.09189516534206,0.163690055934437,0.0610278181605719,0.0187395193405875,-0.498979397427737,0.0917862627986012,1,0.0476990035620503,0.379633101702548,0.71509290727571,0.192317856136971,0.536976515880321,0.140627170246913,0.84082952504965,0.108950033429904,0.763316951437601,0.121589989716555,0.715671196401586,0.126566742071881
1.84054829121457,0.144779780357094,0.040641557204099,0.0155992996731724,-0.44729926026248,0.112887117796128,1,-0.199418898296707,0.294435264797146,0.856255556319768,0.152293337629126,0.312479448439797,0.166377816871871,0.749827298760041,0.125110184112192,0.480431142685997,0.131347510053891,0.71220465226268,0.123737098709679
1.89478542541801,0.141633135592233,0.0331677890426195,0.0133489580069265,-0.645329368781028,0.0661906654868891,1,-0.0819074188847233,0.299208276031106,0.65513129754066,0.178901257048309,0.735691426311149,0.12121738308879,0.724300296764001,0.116988771567655,0.79452358163187,0.127125972971331,0.36127246979792,0.155967298413547
1.75407080207888,0.14009197171724,0.053945554107637,0.0172415983312632,-0.467892820212467,0.0883078410571274,1,-0.261179731547055,0.307351042210933,0.741558616487363,0.145338141664886,0.592625346810657,0.137602608677725,0.480373267656572,0.131997968346301,0.655975249303638,0.130244185976591,0.641870792206996,0.130754598626459
2.11908094163564,0.179390425459644,0.084113998950473,0.0254622012462049,-0.614748478162208,0.0830817913399082,1,0.0787042589096774,0.370417205920409,0.687419496522586,0.190262911869968,0.874425863317404,0.143435747245274,0.752370736267632,0.122547444046781,0.638017822066777,0.142790162720156,0.754660653270797,0.135339195851259
2.04853490647694,0.167207999245691,0.0527440144000729,0.0178722293850909,-0.603907012752581,0.0779364981782368,1,-0.076667730431461,0.3702096955039,0.835468925924631,0.198517977183813,0.702478777282088,0.116190649755371,0.606629061825153,0.130127782753576,0.776159702794482,0.12861510842448,0.816887890958918,0.135769200038231
1.88567178164069,0.159224913448585,0.0408594435774345,0.0169887455460216,-0.584897257132559,0.0824422280251113,1,-0.270840089513979,0.30442966077784,0.805270399994374,0.137036910551735,0.692087826681966,0.121511777323086,0.470552825436549,0.136357485686236,0.597406512437348,0.135503049767918,0.726067797201119,0.142815946679789
2.0964062990091,0.167863138995277,0.0672049502000169,0.0225719773346441,-0.613598566294258,0.0791589020529846,1,-0.223703581367223,0.368033568452128,0.980441786061571,0.158498912519437,0.493056625642013,0.173379222613107,0.7587466370646,0.109746462570577,0.870019433586364,0.124963345133661,0.59653337830388,0.133318797140589
1.88700628213868,0.138099913593852,0.0479979670379175,0.0162434439434395,-0.493735626591792,0.0877279892337424,1,-0.40455677607463,0.489706977265417,0.850002736590785,0.205533782992799,0.668998824201457,0.114781243857038,0.582452289992088,0.127761999316477,0.535330133409258,0.123676574716466,0.772104660742025,0.121275057514287
2.01139418901876,0.159525835384363,0.0602298750990494,0.0179808155084492,-0.593860146396525,0.0836480576911398,1,-0.146768911924283,0.384885392103071,0.731518095555712,0.187739965269965,0.789225929453119,0.128265377872677,0.706412217847099,0.127233366432942,0.684219210373115,0.112145597338411,0.705082964082261,0.139105635329842
1.81833143228282,0.148265083339783,0.033244150152868,0.013131943433456,-0.584016298577118,0.0808510973107584,1,-0.442908050694071,0.385852252250432,0.766134372821178,0.198607650253825,0.737659677479108,0.116520024063189,0.505964063366971,0.118309561303671,0.478987373317827,0.148238074218161,0.794375985569582,0.129055967917552
2.00528841862972,0.153466518018405,0.0573582929556503,0.0186421909825275,-0.643089832278656,0.0661958357018916,1,0.117128646928417,0.30101329046914,0.67438879385504,0.167196107039311,0.689231173331923,0.121644138499191,0.718461973598837,0.131243901349084,0.724576149555133,0.126101323686086,0.56635818336625,0.130530397750491
1.97118052436632,0.154228716507426,0.0521520721646081,0.0193963411979939,-0.667515150415823,0.0662635612144579,1,-0.152020701328192,0.305663349478872,0.614762430162461,0.19547855719878,0.831326932267876,0.117484772874035,0.591959040899258,0.131264852154379,0.806271328999695,0.125094375457009,0.714620200115849,0.137028203204445
2.30076421340618,0.193862282082538,0.0750783976998357,0.0249302122151683,-0.641698446954698,0.0723134317110937,1,-0.129384178354522,0.457196148847876,0.99519760718967,0.188954429120953,0.837256591802637,0.136143387670033,0.726852518600049,0.128946978806562,0.783072664752129,0.12429646081917,0.802833132098841,0.117348111367809
2.10116249818701,0.145908627961596,0.0738960092891465,0.0226319051944201,-0.631587182046435,0.0787989695139452,1,0.727826523594766,0.321742793550907,0.489635661189011,0.18758457330202,0.492596532857556,0.15889096382438,0.867707300507737,0.109091082001445,0.881254658832022,0.108791271691128,0.570441125107158,0.148519274806829
1.87879085908608,0.132246041189845,0.0261864134156429,0.0113785659965695,-0.485606723162289,0.0905281098037339,1,0.323055525498259,0.306165985769901,0.420765606862757,0.192953146015526,0.690515038143343,0.113366780453629,0.518689848643274,0.116351909808756,0.705353685261208,0.104095539319059,0.576961944754786,0.125088665876611
1.80074124757459,0.136428099051724,0.0318170777265587,0.0134376706264053,-0.31558488539402,0.110310204827771,1,0.0711354834744391,0.263957022563784,0.657605147514775,0.179705358475675,0.482724461717303,0.138508406430126,0.515096763820187,0.120374594596664,0.622348724929096,0.120636379858714,0.629594195563448,0.123194833288706
2.07753786145807,0.148412567534824,0.036307084513665,0.0146572843509669,-0.568309076580824,0.0834768977604817,1,-0.352416744448289,0.318107050103553,0.968906103836246,0.146589394497949,0.621696026685815,0.142895251096033,0.650093255311169,0.112708914771271,0.765877089329909,0.124402574600559,0.558528883136929,0.15162078066407
1.85283644550843,0.131385837024173,0.037717813177617,0.0163307733369631,-0.497396308925187,0.0878131092135968,1,-0.237500035054458,0.424323167118737,0.793926721908172,0.20692354261803,0.54322065438928,0.130842863271369,0.695453878952712,0.106851746742691,0.535310532600383,0.127131235509345,0.891140922674935,0.120391097220792
2.05238486389336,0.159097562660467,0.0739571840702066,0.022371693223509,-0.664749341494064,0.0632776608187225,1,-0.275723746560076,0.424984380526491,0.905364823297322,0.192427012098235,0.708898628698746,0.114319144797734,0.547876275477701,0.131933467634503,0.775060756841374,0.128447501063574,0.680938407715649,0.134582890935866
1.85687396010024,0.136593923069188,0.053551850957498,0.0174574363826807,-0.503593664567213,0.0984314100377967,1,0.0720621170669411,0.366701945389013,0.635503879419119,0.198224011367193,0.489031660015581,0.144482256832867,0.658805994095314,0.113704858291697,0.368423154507025,0.136001331159813,0.734166709865905,0.121955219474724
1.7978306199238,0.135207963094464,0.0418764017506704,0.0161372387760244,-0.562255728082742,0.0866652741542732,1,0.370604107847863,0.27065715811862,0.306920126317386,0.188833653252252,0.582958335440471,0.128792753950415,0.728390316586143,0.110089156199972,0.602690235468962,0.128084533863322,0.393943395908006,0.150057721862414
2.19235811526357,0.178754235659311,0.058659637731603,0.0194033626370602,-0.57582402528802,0.0861904295432955,1,-0.46416604528936,0.345285506612117,0.921985467895061,0.172362425899279,0.786773774075152,0.126847410816482,0.939961652185526,0.114607061364669,0.816303154629681,0.123566845831326,0.720208921793565,0.145404888485065
2.35574275391792,0.204366537076318,0.0676925972949938,0.0244158539812523,-0.635112821395631,0.0769973757638656,1,0.402607004077405,0.330076497310972,0.431822784608259,0.230850441321355,1.06910095131198,0.124079568330082,0.719046023057984,0.121108378095872,0.83334638394717,0.124804276821344,0.798595939181292,0.142081596171952
1.97120374026918,0.13992882655211,0.0516463479360272,0.0147757666614042,-0.521710528257576,0.0940209982218349,1,-0.0332264076200718,0.29915685187341,0.816690625579163,0.164107853781511,0.415408860286757,0.158411713184101,0.643771866786367,0.130255569104261,0.714050799256501,0.112923424357,0.59173912981975,0.147505684234478
1.81663506529226,0.132613226801463,0.0295296338810452,0.0118038158560769,-0.459644088182716,0.103372333175062,1,-0.419370035576861,0.322756869806449,0.705906841703873,0.178113225895433,0.676607149792585,0.134461653305098,0.839236815530541,0.11592835582891,0.483885004382718,0.121903029637807,0.577010682906775,0.127890486075986
2.09011490669404,0.159030011659199,0.0775147148137456,0.0277151497666055,-0.588696219501888,0.0807349686632973,1,-0.403171344685421,0.438787029211248,0.903673031398721,0.195137450463162,0.689582738984445,0.130458387957761,0.886416826805069,0.10967369634342,0.691567883322849,0.138823682115592,0.719445828161548,0.125935049741347
1.96223733728138,0.154871831152808,0.0491154612903265,0.015266728691723,-0.528080258847632,0.0895099192390897,1,0.195847798015889,0.346395407116112,0.727187584568894,0.185044478661704,0.651149419703716,0.135271164393927,0.435451375104131,0.152707232582825,0.858111905182605,0.107699133993765,0.610653312698608,0.139635738449459
2.00817471681105,0.154943554421584,0.0304210140709722,0.0129745908892338,-0.53172794553964,0.106746740750077,1,0.117751452995391,0.46682926464327,0.632770038500062,0.258360392224194,0.7642816596186,0.153774843630703,0.592327829040433,0.128636743167957,0.774293892948013,0.128358219729064,0.675479734118169,0.132185849498418
1.84920162790993,0.128766700060023,0.0392549692657349,0.0155709575584483,-0.519017560341282,0.0865921307396424,1,-0.229695962186408,0.350066572842329,0.631514644577808,0.185647864117499,0.771963887273,0.11709822296131,0.701476729913147,0.115117397135799,0.480530981637737,0.132838714830813,0.378187226494903,0.136753881320399
1.82037411928328,0.151993969094593,0.0576876014894262,0.0185361524172994,-0.578380099975191,0.0758369169399443,1,-0.0586040198302342,0.3390511335759,0.518127277319512,0.194439283686742,0.774795290637019,0.124925975612939,0.448484583459638,0.138249753164946,0.553663261526924,0.114621047789923,0.636199975387138,0.131018140118422
1.93199914733737,0.168391024763095,0.0707839377266612,0.0232668697062036,-0.622296980119198,0.0765135196017556,1,-0.374849551327228,0.284420928994557,0.758023848549818,0.165245822108841,0.801230832064695,0.133725851197868,0.660990766164819,0.126201512307863,0.621452320682717,0.140764802718396,0.777649333651144,0.133814874394877
2.45394869627825,0.195066387970067,0.108519269751227,0.0305798965116538,-0.751145887034665,0.0488925107934357,1,-1.16968897313556,0.452477773940421,1.22127731615724,0.182365704312496,1.02103565601155,0.143486293763743,0.912793120715175,0.120357722529173,0.802866694269195,0.130174645703237,1.00145864612198,0.126000669020683
1.70801901302006,0.131098464514312,0.0476991670668805,0.0153689040540658,-0.501854356346505,0.0855835546624322,3,0.324389097063175,0.285792488291104,0.369552999729627,0.149644606916549,0.516467014061046,0.123701033951156,0.514004229658718,0.11185664852391,0.766191319496761,0.114264169510676,0.47035423433769,0.16347677986383
2.22947815212278,0.177503041886772,0.0741903738518474,0.0209860217605301,-0.636569810858076,0.0743985702302032,1,0.499677537204454,0.639555237256163,0.545396570063771,0.37382686868026,0.82450929621191,0.131122126215778,0.562042002544259,0.136642001645308,0.867598873980606,0.118474638814107,0.855817306868921,0.123688595740446
2.0775808348573,0.183812422487565,0.0747434025740151,0.0262736379786922,-0.632496373704568,0.0832501372623345,1,0.0072398595833956,0.334706712696264,0.692333054180391,0.174232704747487,0.774385106979735,0.137719819391287,0.561088435960326,0.121596580912613,0.74666519156191,0.134639476990528,0.758661806318969,0.148950849951797
2.25211869995874,0.221447780443597,0.0947412033475244,0.0287313118973648,-0.751105010940449,0.0599031785151278,1,0.556937132910149,0.359747469811769,0.545385251333773,0.203880624046603,0.862429012148943,0.132539726115898,0.835855245379208,0.15286062664418,0.475936102374449,0.17821947668114,0.993639318781022,0.137799468612844
2.22343395584854,0.195397200967605,0.120006616879483,0.0360656136104949,-0.689669948624641,0.0722720651423414,1,-0.225138930199318,0.418189503009686,0.727240961513293,0.213299778094471,0.884725325778118,0.144143168014658,0.817011678646977,0.126227874914743,0.844054178277055,0.142545667761566,0.663113455165737,0.150942861657361
1.87324295339005,0.149613177554471,0.0344861697074232,0.0149014665574907,-0.494660274578404,0.104925169655127,1,-0.183003055100059,0.563269997021234,0.802510429143703,0.25681688744175,0.649800691634065,0.12988566568929,0.512523738930556,0.11866827191442,0.733106513944478,0.11719644867103,0.500151837843975,0.154956656321775
2.20740909525586,0.204663480652137,0.0974206373022109,0.0341012531698571,-0.648063610482046,0.0794590913973075,1,0.231947212306171,0.314241789995471,0.649779712618124,0.185412402602786,0.901545440999343,0.120530243578435,0.852181570657743,0.142691970657681,0.633135614103085,0.162762604017959,0.655466446335297,0.165858970696519
1.99807555904632,0.183781085549392,0.0733091706773614,0.0251591452582105,-0.545261920864798,0.100371760524976,1,0.493301226642855,0.334899757282382,0.361093598186945,0.239236651961059,0.695061965489207,0.15209667689006,0.863801160560626,0.126481765093617,0.484529874348323,0.151056442796379,0.735510142929288,0.1629088846967
2.03305891904896,0.16006086179238,0.0675950203634798,0.0223892498226709,-0.513969737825879,0.113850871339705,1,0.377461067455466,0.287961199357756,0.644446884501575,0.161019702645779,0.663666941429953,0.118902769642655,0.57663400198901,0.121743758445326,0.733278260003864,0.119640001160449,0.774766459804667,0.13986418561674
2.02887846381252,0.167979963857539,0.0617636246610801,0.0198402827347679,-0.596617385793612,0.0870822682829176,1,0.00261704793142101,0.347122224476104,0.744923836849747,0.18048676201595,0.641388309015152,0.126304445267883,0.776721694069105,0.133416549604511,0.620944867227426,0.145697193288457,0.711491182447902,0.135213866132553
2.16759673492928,0.150891762583727,0.0747238445021274,0.0232144785033537,-0.572454807660529,0.080726677098136,1,-0.214044332136337,0.37886516096186,0.884473541786472,0.163410467087281,0.737948053040236,0.119779844108584,0.764317811665146,0.110478289033987,0.761980358579264,0.136784195207425,0.780370187215754,0.132854162843774
2.11453617274853,0.172076476883501,0.0559727845619795,0.0171616277922015,-0.574047518085869,0.0791575795016823,1,0.0871424552145346,0.370822626816529,0.738215859129136,0.190056140813359,0.581831195488441,0.14766965398774,0.826136612527052,0.121970306208002,0.740565346971082,0.116846554970488,0.802132738350282,0.132132502792139
1.9101554626442,0.151336078719418,0.0595541054067007,0.0168520752922172,-0.623217212142791,0.0766091230762582,1,-0.110734532847701,0.38407554661171,0.739319160746004,0.212721315913703,0.659260175121774,0.125335471684596,0.566508960706412,0.114824604308641,0.670733987438329,0.131133347292514,0.713704825922278,0.135681096411191
2.43772275550208,0.227038305592046,0.0979931411179184,0.0296000560109993,-0.71648763292209,0.062996371482539,1,0.188509532481072,0.386380160990592,0.809693046746159,0.2034147503035,0.867003621208007,0.146227584527779,0.880303337913738,0.127543969753636,0.979316106437989,0.13068464186328,0.921450655728243,0.136590379244251
2.09491387716385,0.161236769571952,0.0555566943271466,0.0178220456406742,-0.619431610094568,0.0785226172743508,1,-0.0841078960527245,0.294787018177578,0.927954769364788,0.162849079279652,0.646476823789399,0.143664697920615,0.67652691173035,0.120707088058778,0.702474422611065,0.122965631434585,0.832399132951092,0.120325951018129
1.88443492201254,0.153340432506629,0.0607854159284935,0.020600636352446,-0.610103381970793,0.078983175177739,1,-0.15185858371228,0.31756377021085,0.787551197404063,0.144933820156131,0.720446597665645,0.119320136715065,0.451704270346789,0.143700954839723,0.840873669180125,0.132847570594147,0.441327128432746,0.153135608120166
2.02770448365789,0.165225595676511,0.0608783229004824,0.0202661648955268,-0.699754145847339,0.0682387646948415,1,-0.0995946956240383,0.316879994652827,0.87264346799102,0.161311417839713,0.591196535769459,0.147385318142387,0.535449355585199,0.136961804839259,0.579835610771196,0.14799464916984,0.825648772376714,0.117350592304601
2.06709244714057,0.150796220454802,0.0491797031112662,0.0161980584832025,-0.594933563226615,0.0786118166009418,1,0.633111184190777,0.275093253844514,0.458398991370211,0.197669841010472,0.467126989088837,0.169018223056392,0.865341571944863,0.105112582433473,0.597849196046789,0.130615498685335,0.658075195330004,0.130257757792618
1.9669507968307,0.151002176285952,0.0515572630064837,0.0197987716659047,-0.573730656170531,0.0785941817058938,1,-0.352711144532222,0.325441385217019,0.778801544881304,0.171501255022585,0.577843305618603,0.141176074884781,0.765428986362482,0.104493538474244,0.715994881212046,0.128836171132898,0.344056417942258,0.160566575338108
2.25530990665957,0.186657890318473,0.0790695928559749,0.0259389872336495,-0.584740684797645,0.0821731232193018,1,-0.102731585444194,0.330286424321417,0.93541293829988,0.144532777556085,0.887210167783553,0.108602882166827,0.663820175500086,0.123516634446771,0.808602413685854,0.13471732638442,0.921168086688948,0.137864645989207
1.94484538052591,0.15074150084782,0.059043874034141,0.0170820382263361,-0.554277766497331,0.08789536118773,1,0.066667611741699,0.333567055584701,0.641362983359161,0.19449356032814,0.708263973041919,0.140675210619753,0.797664992727991,0.117192197836862,0.464439173411027,0.133256954462583,0.808972904559013,0.135240802226968
2.19005050680092,0.197145006906459,0.0752234039525494,0.022164180634705,-0.629910153658344,0.0894368771140781,1,-0.126265225711331,0.409860052691728,0.748450653333142,0.229451216269406,0.825300463538043,0.126296001983315,0.858333119810706,0.121683391053655,0.826523079092178,0.131761893696453,0.522279617367432,0.154041244132673
1.85922747262096,0.15032567181751,0.0420533903693482,0.0143420771860023,-0.457909069517995,0.108952367456737,1,-0.553289329257281,0.430441097808181,0.901496900618613,0.181831067165506,0.493311672923023,0.14574547413286,0.793550814961167,0.113529970122427,0.641846989997134,0.134484699138492,0.596357074180198,0.141735918259077
2.15501663505634,0.184745911382885,0.0742927022956028,0.0234817113555467,-0.642940183637676,0.0771730004980153,1,0.170429773670568,0.523716166163875,0.419422767823821,0.337276667872873,0.965120009150896,0.134487811434065,0.791912733456135,0.126749656209774,0.677323393041391,0.136638493498462,0.862812504114866,0.131616953808588
1.97422616575511,0.137978131840374,0.0655752916406664,0.0223583938678736,-0.561581352312508,0.0863162217272243,1,-0.116185133185766,0.296694383700959,0.552812387429575,0.198257713238523,0.749293920651123,0.122543302250556,0.855407333051896,0.104011321230694,0.580907803302091,0.132294555819978,0.483362151426956,0.136314687935739
2.03188533008685,0.174538888663602,0.0820732250024346,0.0268961255982405,-0.609086490720579,0.0773086873084491,1,-0.385265950575539,0.431219044838759,0.617946758178246,0.235759529199781,0.831984138059683,0.118534523631375,0.849327891355462,0.110249674300316,0.632649822801908,0.134354241103805,0.878650951383711,0.136295072488857
2.01239749259085,0.134184655679732,0.0721143067264389,0.019929471458645,-0.595369729161338,0.072446697123059,1,-0.186148662073335,0.303269844340547,0.812302084291585,0.149464030692576,0.620820723083763,0.113062835560872,0.792732197593591,0.110422469546855,0.747354461047615,0.122777277272719,0.635319767923392,0.142348525964908
1.74540101353439,0.119803852548861,0.02989709227942,0.0128055514516881,-0.592470996556166,0.0780237978666097,1,-0.0553206036156923,0.231835612841694,0.593775956770542,0.152062209505241,0.418536576681351,0.155746961352319,0.726460231030769,0.103185043059184,0.515522083622877,0.128610567081306,0.592967813439285,0.139943202251569
2.16535573283374,0.193915493196467,0.0913223961098687,0.0249674222858653,-0.711202300623641,0.0709021818743201,1,0.436841015344317,0.447203969570076,0.532574538242394,0.262103780554712,0.800208778657379,0.121623248613632,0.878392288609722,0.132647409349496,0.560546771521631,0.150395101675421,0.921233158120118,0.12320988617966
2.18434235363833,0.164419936133103,0.0536974024921523,0.0180322651824551,-0.717692528984269,0.0549214419747152,1,0.0457582860040672,0.30136007616215,0.815770594525214,0.181294717350782,0.728118219518298,0.142308758395877,0.701987818686469,0.136758243481406,0.897594443330385,0.114774399360741,0.776571826299992,0.143338384927186
2.05461875457219,0.177894986911549,0.0648873755008002,0.0204808157817343,-0.600123765570437,0.0844002676479426,1,-0.0877903597805872,0.314674850221303,0.83690867920794,0.166471158330262,0.651467053305275,0.143178856960598,0.606274745613106,0.127761232743111,0.706831925461969,0.119609017133235,0.826064742114974,0.137294839995237
1.97884540247527,0.156068360832752,0.0629174539237236,0.0184923283771081,-0.495378771453447,0.0986129443830262,1,0.231340979203672,0.276317690291085,0.61266257961002,0.173644532942758,0.705766864545799,0.12793545992711,0.718096759231736,0.12182405271546,0.708456199287377,0.128742841523589,0.618056692594068,0.124862620607713
1.76986640698853,0.126624809621722,0.0463618629636858,0.0159609048621467,-0.486247995300885,0.0814577108880446,1,-0.0353019095576781,0.383620792429766,0.494520126286501,0.231173555511828,0.710486569226182,0.113113346151596,0.488848172090767,0.125404783778584,0.540560997323874,0.123317491783029,0.635888035525505,0.119762302543454
2.13677653320336,0.176978690237443,0.0665085664683136,0.0218069106230484,-0.700441587816543,0.0636907478074154,1,0.0863944661382434,0.523209889189961,0.769810738407452,0.2575053541316,0.794728650490816,0.127787207542163,0.780345737679999,0.11890156647906,0.609262304756341,0.125809175392597,0.613491641847421,0.144485099010649
1.80379774597237,0.145725406761173,0.0314800591155233,0.0122032410251475,-0.567090419978049,0.0865253547447206,1,0.369286717643905,0.295021169797574,0.122285124458143,0.292872705225122,0.666038159831123,0.123857357409408,0.669997998557619,0.130639807082039,0.54734965309364,0.13783499290217,0.647575708460223,0.136612061732811
2.06556023813471,0.145038672554261,0.0423697631650117,0.0137542900040306,-0.639427578552219,0.0746980222907434,1,-0.295367924306861,0.394411821379367,0.93168088232265,0.173740168263891,0.69408781537848,0.125475587124523,0.631003885632166,0.122336951683649,0.756372754934461,0.1265207726943,0.70433976660296,0.138201207644439
2.25241320008626,0.198452786269131,0.0848514629988946,0.0247719899763025,-0.513413415671937,0.107561208865862,1,-0.790552762474163,0.425645222581375,1.08911830344056,0.18342139548854,0.799355246180019,0.152196614677419,0.843732056306232,0.117499307646407,0.606369551797565,0.140470491913982,0.962891879588206,0.14553567216314
1.82817942327715,0.134083902168391,0.0596381475601386,0.0182858755959041,-0.531611923871785,0.0918221610860324,1,-0.192986443620878,0.358971153018131,0.694767087286439,0.202559584001348,0.531437277113428,0.14722577673572,0.685435284399196,0.109977072301989,0.671826313083569,0.111816934561162,0.52134702703359,0.136842097183122
2.08960664606119,0.168293682051809,0.0358781965973218,0.0154657602884859,-0.561682709855173,0.0839813033808645,1,-0.15339740477891,0.320384784354551,0.782385936875529,0.172769065598669,0.728194115719668,0.156023041935384,0.818991996261524,0.117790391302288,0.62401738305214,0.129319374963131,0.749366664498585,0.133822057281788
2.10101244701197,0.156999458797714,0.049612734779841,0.0165570286996064,-0.62616684654876,0.0748148709437014,1,0.215979025553726,0.332292292986807,0.618005681945417,0.186489076477848,0.719469688948784,0.147255807320755,0.641152318005672,0.126644564480566,0.922804643343838,0.109723345705771,0.73021546799578,0.129320776775571
2.17052047217131,0.178846190430178,0.0574206116093626,0.0189182491545367,-0.577783521371171,0.09449290874856,1,-0.638634105005645,0.311941571006072,1.16996485249303,0.137549309234547,0.731830173470279,0.159663833410588,0.696492497528153,0.13086137727183,0.623654985566503,0.128653383508332,0.731568095423471,0.138135756608864
1.8927923752876,0.145759436401228,0.0665025712075208,0.0220103565168904,-0.47974661755933,0.108477221280326,1,0.0865732429526413,0.373280427068057,0.664698109705681,0.190111432904574,0.541352542393668,0.133737900768126,0.706070922139765,0.109105734413129,0.572298943302638,0.125763211701011,0.589954457370807,0.134083826648128
1.82155728194425,0.13889814238103,0.0493490966250805,0.0170718167755569,-0.483174882151577,0.108513881824294,1,0.149670665254201,0.337540361831054,0.604485017867359,0.193345067756442,0.510649881499159,0.140362782783769,0.656938015895322,0.118088845215724,0.600982612951004,0.125119555963836,0.592055635941217,0.150359679042817
2.12486886214481,0.167721930686625,0.060517839214758,0.0189019572505767,-0.705554914514908,0.0596802629192608,1,0.0251719226098712,0.327496439136093,0.775987550936635,0.183465029755957,0.728318443124558,0.131370319539364,0.826851138065202,0.108824946842631,0.894449900338135,0.112743085971966,0.727828486288417,0.139134321855838
2.0006803620768,0.176633392549992,0.099353726784265,0.0284254421031213,-0.567211095536109,0.0990381358561189,1,0.0366599843998654,0.300618919259537,0.476317789996256,0.21201463180239,0.892256089232481,0.134498931720594,0.691360031537482,0.122021799679079,0.68990120567081,0.150101019538485,0.703378750028454,0.144035978070501
1.864775243286,0.125690594708796,0.0487355013668083,0.0178893050394259,-0.540872435803076,0.0823666865087617,1,-0.0463470162699973,0.329872294160901,0.622070572537228,0.190823805806866,0.717952730329198,0.100167690203603,0.614495446518127,0.116410162376645,0.562441556161845,0.127164608636412,0.42708205580846,0.151217614487057
2.00719792248234,0.165129818362517,0.0857674772982245,0.0259185673326065,-0.67151086955645,0.062786310775146,1,-0.167332001541018,0.353844273740872,0.763010858042125,0.18845025885376,0.593013603829162,0.138667160623373,0.762502514997932,0.121630520549883,0.735868278372056,0.123636426089157,0.730548270594627,0.134800083692432
2.21161222719244,0.182449110878835,0.105169074253292,0.0336521818467983,-0.624235626571379,0.0768693393962272,1,0.0102684585290983,0.399990275245513,0.830239310073061,0.196688286438265,0.878769489947268,0.114293132190226,0.755842555815976,0.119687132094515,0.732119152104964,0.132969454843054,0.639040661824996,0.141451379543982
1.97560924911566,0.156037744611127,0.0541587386744532,0.0187589200474317,-0.493092118347904,0.106143009814997,1,0.358230153622291,0.258487358014957,0.373707985880945,0.184422475603702,0.794427148387222,0.119502044824941,0.625147483838107,0.12291073772207,0.713052681537412,0.130748576181151,0.639864475537298,0.143370459022317
1.98141052318776,0.169685961948072,0.0576093399613791,0.0181450085895496,-0.577423484547156,0.0884935179967225,1,-0.187073367988124,0.400631988838626,0.941555879271343,0.16128395642249,0.524395814972961,0.143481618058947,0.725663142253823,0.135724154630203,0.57780788081961,0.14449830447036,0.609341657128898,0.131126383204997
2.17576206634083,0.166953247216711,0.0697562408316243,0.0211899981664744,-0.674393137509133,0.0697988129482368,2,0.579260540827342,0.378577979297505,0.134850610239901,0.306725698843617,0.957992942626883,0.13247879297013,0.729340179342773,0.122186192110667,0.615546340316779,0.130893409364948,0.977443098554093,0.115853850760283
2.00136673472912,0.12602933286372,0.0674693954730742,0.0161677397035678,-0.624464938695635,0.0655908413451855,1,0.0570486855620957,0.325534561842743,0.734924306876506,0.16229593543222,0.620303033728374,0.129555877326064,0.710065702602435,0.115750745819468,0.679504596925541,0.113745151027788,0.670338422532861,0.124584248619753
2.10867595723363,0.183314276943377,0.0882806899963765,0.0253355677125426,-0.680490832642297,0.065615415667918,1,-0.289300910883584,0.345253508767594,0.760175105942376,0.164117062505167,0.890112593178638,0.126815945506793,0.766372358984235,0.127912322368041,0.681891250442434,0.138730067465506,0.690646499743988,0.151644741769047
1.92220219399483,0.115782863674263,0.0250554873555176,0.0111001796908343,-0.611708101994323,0.0645502385979325,1,-0.184519361993539,0.277136225915044,0.691447269152778,0.15192309127676,0.792842308004138,0.110650267220764,0.431753009397794,0.122862296776808,0.878716739383006,0.111142884936798,0.714341054986716,0.130488991829708
1.8718440909517,0.142531960075467,0.0445135641973244,0.0153294779015421,-0.557134496415371,0.0927715146411423,1,-0.437671191009338,0.33720524185224,0.745536318967031,0.194789271391011,0.757545796252687,0.150503084510597,0.6088361964954,0.122033470663744,0.732757216689343,0.107247903460398,0.500580822282117,0.142482806202747
2.14696797768829,0.167027615244036,0.0903668928444869,0.0267629140673457,-0.605685491437699,0.0858436470386911,1,-0.15876743791367,0.495540108533592,0.87081902980571,0.22845329174062,0.72128918813448,0.138090727504663,0.747532662670382,0.131793067143636,0.754819001907059,0.121504426288076,0.924463302455822,0.1199690027459
2.08833793162915,0.138862454875323,0.0717220228031075,0.0191459020206251,-0.620231122785766,0.0669736763566777,1,0.239077113665284,0.422534268365387,0.600258147566491,0.213055491201012,0.655466121898697,0.126451491316168,0.734674350689185,0.11754770948917,0.822747718294481,0.11018078813824,0.781957125622297,0.113903899943722
1.85588750853319,0.155316718598428,0.0547272535630016,0.0190259488710848,-0.585403876171858,0.0925585540458539,1,-0.44036649989303,0.312640584978182,0.64502320037138,0.194768086789628,0.718127125857522,0.13773024165226,0.735743642431109,0.119495235197686,0.713302717988336,0.136022867875634,0.593519593874344,0.140741844595795
1.95546972478475,0.138701162733487,0.0526615334970971,0.0160643669021646,-0.632432939688616,0.0779299893440131,1,0.00748895604670532,0.347725157206864,0.645427637657771,0.194955576685538,0.67455344302698,0.128921753974276,0.661281485956265,0.121848852304282,0.599449131027107,0.12803036257769,0.674463431119601,0.124196914555057
1.86416590784556,0.145120523972259,0.0636920676106308,0.0199919349592985,-0.549079393916373,0.0911319635231536,1,-0.321224759367481,0.332804636159795,0.72372589368968,0.185539511907064,0.641590220403212,0.141289120055311,0.755454834095427,0.125318438842275,0.618905477065327,0.131799306310892,0.618012355262636,0.139500421107083
1.9770838850776,0.170659509784874,0.0404209917281185,0.0174254446163337,-0.652488768701364,0.0771861490137822,1,0.0301208041174872,0.306156655847186,0.553359434359924,0.190138331590141,0.762235621971439,0.137260124705401,0.433168425771969,0.163037866530946,0.797268168449983,0.116024131691973,0.734480121679303,0.140413106578743
2.15166401629796,0.183184853002044,0.0541255416812723,0.022943578883376,-0.660340108026232,0.072818853167947,1,-0.0703839621712065,0.390769048864902,0.746014055364998,0.205223230234255,0.843482531036132,0.114128157183388,0.745392729210306,0.132356770845014,0.66575005681771,0.13759240960645,0.924446117894838,0.128983323043879
1.96622598176426,0.150427284775508,0.0603508274088949,0.0193227384272863,-0.636162382615986,0.0732908956209799,1,0.282129728074816,0.28725846046715,0.457097764175527,0.184273222723238,0.711556717242648,0.127214554658886,0.765006693313542,0.120074319121001,0.519865830374249,0.140011293477997,0.8926117244653,0.119004385503815
2.03751000920416,0.178665336675557,0.0641594933411826,0.0221421212859289,-0.650511099395291,0.0790857639092799,1,-0.382166350065508,0.406153967092449,0.881983147525954,0.177596308303678,0.655062695825985,0.144679778538289,0.801061510572494,0.127496488030705,0.710314722189618,0.134220658479681,0.681255764112922,0.147870270834179
1.99540451659264,0.152067317646342,0.0628424208678455,0.0169304192696703,-0.646299547078476,0.0724732109499481,1,0.228503871767673,0.281263745889031,0.735166116480662,0.15763207390617,0.665403712595821,0.143536877552544,0.556928184721162,0.125235694035022,0.544368972875979,0.141732225701258,0.874293806012578,0.11938689500156
1.97097609152642,0.16956825730814,0.0439003008606713,0.0162311419903104,-0.630706122608649,0.069024076789172,1,0.120178759693561,0.348835352741239,0.68434633117798,0.200629954949688,0.522947775573421,0.143632055422936,0.703894608647471,0.126308175865245,0.614669765073078,0.123867629319761,0.781651848345645,0.129410085281268
1.93447419877615,0.139395732613228,0.0213382213162566,0.0111127405050368,-0.680227061624282,0.0688703282917819,1,0.167065496137463,0.343136003149237,0.510666293541902,0.205872293736014,0.774330083895444,0.137460057173053,0.521603612723311,0.134269855969772,0.739349766318963,0.120068847266084,0.505581457648675,0.163484280553892
1.79843037626539,0.114229798798472,0.0383254953146762,0.015291713162723,-0.592776354595633,0.0750567456186668,1,0.282666028178795,0.259360624241499,0.293935028313085,0.204361250465178,0.531407176088578,0.150153582738343,0.6765077956354,0.107228502956618,0.519901532172528,0.127712263103223,0.879929660173771,0.11699391990243
1.7451854967676,0.131860846712902,0.0664082894793097,0.0167448925412135,-0.507677580808186,0.0827186925030165,1,0.158009605499301,0.313096231931638,0.348226793690566,0.219802885859223,0.575583288987893,0.144937383061549,0.580606411868535,0.13391634142203,0.700001113340396,0.108364381335251,0.690591720218838,0.118217857165466
1.89902842945345,0.151410380504011,0.0581327984167555,0.0191969677180393,-0.630403091954447,0.0719168130925161,1,-0.531742447654261,0.429379400474895,1.04055697378017,0.177857526689887,0.430997282047891,0.14181868144886,0.684553816215189,0.118878727642466,0.565588894848345,0.126629674733535,0.549410272260637,0.142204410586048
2.00467506439824,0.151693870515268,0.0556805404535451,0.0163785281381008,-0.687375382751925,0.0613311955026564,1,-0.502847848965885,0.363795010134182,0.976815596827625,0.164215924748959,0.500638058875825,0.147500437107219,0.697460182197928,0.126894883211236,0.75274395281543,0.112168097433933,0.718147946212081,0.121464893849133
1.91409780039847,0.151435035021998,0.057185020362027,0.0187890029171967,-0.440903015106865,0.102026873648905,1,-0.336663077510813,0.339834712400278,0.707054306858328,0.181365981566896,0.737756881954976,0.127740505565559,0.445593751422282,0.132298602712934,0.685680038029804,0.118872573947125,0.715114701280931,0.124237669212058
1.84394927327684,0.142096385829569,0.0527038297746937,0.0168360917279398,-0.460802157685389,0.111941591274384,1,-0.329302283783099,0.308286420781834,0.899985108776583,0.147667458136043,0.502589742412763,0.13717500569888,0.626619504735189,0.121823005620589,0.461198549250373,0.134590716829636,0.561824068606276,0.135052803006734
2.0804961075311,0.184615322261877,0.0658974547390599,0.0251019868606127,-0.621072553523135,0.0808846364224282,1,0.0827323788927242,0.344246311549648,0.733660265568091,0.17795519001639,0.750670660012186,0.134306110154527,0.721713088583308,0.11949419694803,0.700650078427044,0.136929743777807,0.756321667402695,0.140855379174238
2.03995847649113,0.179572231799889,0.0716498450701812,0.0203798327943954,-0.690695734029104,0.0617907427063302,1,-0.324805006072069,0.393143940643061,0.862817270399728,0.162746377707291,0.812050410042882,0.134477855362723,0.460842585721149,0.154592859407106,0.727195714275231,0.131343768929223,0.880313878072055,0.123780398185536
2.03546705339514,0.163845742490205,0.0476432588518818,0.0144730624877126,-0.605272361878066,0.0706025784118439,1,-0.156597673805968,0.314187729460888,0.801098455069602,0.151445524146937,0.686548597871488,0.126999574996514,0.766194535031178,0.123175233531627,0.603984306528727,0.134446064140551,0.699272763030112,0.113389099599881
1.80171063054946,0.12554951031966,0.0409239010375633,0.014513180126119,-0.526427055230164,0.0830242249678366,1,0.0106911857250197,0.370898736860163,0.626396024641699,0.198029400462041,0.607725691597339,0.130945363304346,0.504089305360112,0.130138684843513,0.645077189245277,0.111222235134656,0.62724351850622,0.126361495719882
1.89271710296862,0.170899240433741,0.0660830482540802,0.0207695266604651,-0.50731788401606,0.114054041309899,1,0.22738235024866,0.324727255890569,0.116710461216345,0.298864870143836,0.851533579049566,0.150681106802793,0.581382785136089,0.128626039596049,0.625268000514613,0.143903889628787,0.722315829449714,0.134733910438014
1.7948893993578,0.134490978462155,0.0245888479452487,0.0108408569401108,-0.502034663954329,0.0899313518047436,1,-0.366751997374676,0.481821052264778,0.749172644222912,0.228952661403235,0.689712170847533,0.123747396836889,0.586828134110665,0.115016617449943,0.488156116916866,0.143972064806885,0.49592193935583,0.142672616505109
1.9957799020464,0.1649949761015,0.0607820440815523,0.0182403463696995,-0.629033073360074,0.069950437786713,1,-0.425630517992023,0.452887638824719,0.926702956897139,0.206096696774254,0.754380821437658,0.117386563082271,0.606146027034427,0.128672847561424,0.715352787317369,0.122660153240391,0.684753804642641,0.151320777210009
1.84891793090568,0.169506208759244,0.0234173036217547,0.0115886705538555,-0.60924667182125,0.0740360628534199,1,0.277389945815638,0.322200879114514,0.360239709937195,0.184788413278182,0.766728713742821,0.123482971920511,0.576321849511531,0.132299303620274,0.616659047582737,0.139243409123611,0.28899133443162,0.165231084745001
2.13272472777039,0.176996807929051,0.0517730913936999,0.0212174639906412,-0.52784775963329,0.0916350790713557,1,-0.110303009496039,0.433918697656324,0.936284354320799,0.198507541598935,0.758100697911055,0.123143721480346,0.630808640832996,0.123131881087412,0.712703463774504,0.142074939645062,0.9219513096992,0.138695169213895
2.11965774637123,0.155978835590225,0.0580180866550749,0.0196549608142115,-0.58796955481648,0.0824116793207947,1,-0.55051535528898,0.297877172748759,1.05299292638859,0.124493165852396,0.783652373584731,0.137906058811838,0.70646995841676,0.135346118741173,0.752500085514243,0.132861930170964,0.69793491513175,0.128941165048136
2.00144346436543,0.152744505362982,0.0546175614174534,0.0169369171611303,-0.660239882283537,0.0754484921527471,1,-0.179307716353593,0.351951940679008,0.827372414606677,0.162887304431352,0.659007008174567,0.149882837311744,0.799262006747826,0.117719205326874,0.85202236654824,0.111341863502477,0.62744263521404,0.136575174336613
2.16472468179616,0.205109625692833,0.0677186778205885,0.0250219750027546,-0.58937934825154,0.0974834125378106,1,0.179299985606319,0.435955228807753,0.789444839576207,0.20319693865889,0.651975290305448,0.153646416753108,0.781175010798765,0.137727519718007,0.650813464935744,0.139449121999349,0.803528949614835,0.153404521500007
2.04722106418013,0.165825099348213,0.0928197337774341,0.0249985739987077,-0.621279219341336,0.0774869273877485,1,-0.0991351554079244,0.316877763893182,0.680477205936967,0.159574469099968,0.741485414192807,0.133449193379196,0.774855149244508,0.120707714542647,0.617854832191419,0.138626805136071,0.810217473690785,0.127050391172113
1.99295575693157,0.152793664143314,0.0276177983263243,0.0141779417651486,-0.547285700448622,0.0903176782136839,1,-0.159724174900253,0.313207901076741,0.783473475157194,0.157158279741723,0.677932160455322,0.123027588928367,0.614661406041452,0.127184244365205,0.746117401281655,0.122392183428185,0.700677427317601,0.150941755990228
2.15232195781296,0.170198414800662,0.062170428444598,0.0192369631433369,-0.650139457362962,0.0719593621730857,1,0.345127910698469,0.318372105235168,0.540258860441434,0.190284585281914,0.711834119979316,0.140707395618242,0.807469645919399,0.108682692272814,0.762199673599471,0.125927211119092,0.847253882171344,0.146141433531378
2.06719102157499,0.143449940684668,0.0516111617397054,0.0172677671338186,-0.364080794407638,0.123686958788991,1,0.723080193179172,0.304193137712459,0.275448440990499,0.248316722254221,0.765851614864671,0.141468558094984,0.592271507338707,0.126285173109314,0.742313341754244,0.125276497940187,0.724161477427803,0.132326668788424
1.7852517992194,0.12217012580678,0.038225771276295,0.0136738363323722,-0.54951036176892,0.0846373521063604,1,-0.352786773289108,0.351108649931428,0.83028807031112,0.169737780590891,0.392258753748277,0.119457420743565,0.606955566034578,0.11273382294695,0.632621061707015,0.12292537982272,0.48983853022318,0.141792267293218
1.90555892262986,0.160082147448329,0.0425164873232853,0.0169159117273909,-0.576252355826239,0.0981593816230302,1,0.436499012183557,0.344955828258488,0.226016914455626,0.270631198964582,0.742557317072593,0.112453504961232,0.822713957237928,0.119060039529368,0.429653021465782,0.158819500066567,0.594805637946164,0.151969961692946
1.81468117333054,0.135023377601089,0.0354875220063855,0.0125435269205541,-0.499831774483498,0.102514516232922,1,-0.130149919276356,0.445113497595127,0.500013937597146,0.286426403181261,0.761331093439195,0.141801486947237,0.579179991375858,0.121860839886511,0.558638915632489,0.118175467883907,0.705956853595601,0.128632917915351
1.85522411611435,0.168746549429895,0.043028008119396,0.0173399435034706,-0.602077764269786,0.0987175626973962,1,-0.691035014095621,0.393414819784579,0.989629030204445,0.191182336051965,0.452878559801806,0.158374997790315,0.563900844982802,0.137023025830831,0.815291723359053,0.133834749046048,0.487842572194008,0.142377099510331
1.67368505328492,0.131043035387823,0.0295614277861294,0.0145269226039639,-0.60533295369325,0.0733807297966744,1,-0.60248260303375,0.33597807449246,0.758233472500701,0.163998239379259,0.498730089063109,0.140445955409409,0.529818016261172,0.130746203236896,0.47592195290657,0.133804734067534,0.731453092183014,0.123028638530616
2.01916514301345,0.152024269199056,0.0544713171753587,0.0181100236062265,-0.630830008271803,0.072554035525996,1,-0.0858325659654943,0.37397597018787,0.706482071261834,0.191306619490056,0.726210352546872,0.134795716448529,0.788494238963858,0.124691858340083,0.567891040483675,0.151762917528603,0.822083927268809,0.125989716379536
1.84086092403438,0.113771161163193,0.0336618896673806,0.0115723404771308,-0.500690898046064,0.0784691321813731,1,-0.321867718190513,0.378715731622975,0.813572667639536,0.17717732189502,0.526627232968334,0.131772387860343,0.667696615887754,0.106014627380245,0.559192878479862,0.127852006127016,0.717919919609567,0.110857616245633
2.26960629192453,0.195372513997735,0.117118707650106,0.0350025366583623,-0.622788828122996,0.0725127960558477,1,0.0774486814887885,0.617929427546984,0.853303747641358,0.273303853085993,0.599742682152743,0.149328514665894,1.01776781575053,0.107998475263523,0.573546356089077,0.134168846865146,1.01643713202976,0.13366718826123
2.17637431452097,0.200201626310969,0.0626564008645287,0.0226691861468254,-0.608912652724715,0.0920663188071502,1,-0.0643972317595439,0.522668481711869,0.869226317247096,0.199739141824079,0.663184841452695,0.142965378233241,0.674411737872786,0.146351856919486,0.934206099964233,0.125329565847128,0.547744484432722,0.157316892021798
2.13581018338686,0.22628432513746,0.086362006190048,0.0300038787644304,-0.695787745319649,0.0725644348122863,1,0.435438588680653,0.353947716321439,0.571113843609674,0.217705348065692,0.561094975677029,0.149544711137153,0.8985380214392,0.158848043565807,0.733811609681637,0.137920869240678,0.725811699423661,0.139388387657467
1.83300613592504,0.124737956011388,0.0512944613756429,0.0134905585167198,-0.603308264341128,0.0716702276429147,1,0.326213089704761,0.352772810415723,0.308233776538178,0.253044714086614,0.619763235377673,0.126917360645186,0.669334810481293,0.108962675090918,0.712218637276634,0.113676932023221,0.632939036155476,0.133806589561631
1.81059846879427,0.143988734094826,0.0287848945726354,0.0122759810896968,-0.57210688918367,0.0850477100442271,1,0.0520371435518161,0.418157686056159,0.440059791166693,0.269981020633285,0.569542043672737,0.146886972216873,0.737504936035242,0.121921148486596,0.343451688883709,0.140081816255052,0.643602596981365,0.133625473027439
2.23932157357081,0.164999024557113,0.0650778131717531,0.0231329439864158,-0.597933265389224,0.0818514310565338,1,0.0743585126967236,0.365511618330277,0.948374530236878,0.152567221445234,0.646566526078743,0.136036007799921,0.828636430551683,0.118793931754927,0.745025440029822,0.120691872402266,0.725266947189451,0.13939291141524
1.93438939442636,0.158352697527258,0.0527818936592486,0.0168811039623109,-0.570141700697017,0.0934328212574016,1,-0.204310627595147,0.379327350205092,0.731880141594892,0.203034273607803,0.692603343798304,0.133975955349502,0.520136487462622,0.125586136800479,0.701707514613469,0.139374088809846,0.762080278363471,0.129760400279593
2.02513175890461,0.187244728255871,0.0643495993090506,0.0245731262027859,-0.58904011422585,0.0958324354670721,1,-0.459421362562854,0.603214905588856,0.966090328104527,0.2422269358666,0.608420159105821,0.149746001521475,0.519048837638233,0.14545685713389,0.926051214970987,0.1222473298873,0.663808931312537,0.161056670879227
2.1533056062078,0.15727103412645,0.0510387164890609,0.0150622030334026,-0.684495772649761,0.0597047232680757,1,0.290573182516121,0.286919018752175,0.683492526741238,0.163313231762478,0.725775656913885,0.116380396450021,0.679424178289197,0.115367874435453,0.628990389170329,0.123280644688538,0.987306248602042,0.127274638509282
2.21097777953352,0.216583162127751,0.0816284850181252,0.0249056398669902,-0.690091709074433,0.0768072087953729,1,-0.332892617311669,0.391709177033592,1.05292563724731,0.182674163838756,0.754860440980709,0.168941067283794,0.738433554309791,0.148769028740646,0.605425790070996,0.142910430755129,1.16494503906743,0.132405232705896
1.84685437390655,0.155947163122304,0.0308495720072505,0.0158488935295645,-0.514031199492042,0.0973087327794377,1,0.265016238346247,0.37860061750145,0.445258808269877,0.220607088683226,0.673241150779956,0.129878906941153,0.519712312376694,0.138765249380148,0.718409192491777,0.121851565422337,0.533079592077119,0.14972297880685
2.25281034449982,0.195369014259975,0.0813875546160455,0.0294297347847381,-0.586180865876422,0.102386018875113,1,-0.752376286542049,0.485304434860647,1.11876691031892,0.196726747261544,0.936403615590155,0.139485965935309,0.76497593512603,0.126852145113971,0.855597369863902,0.139217651372977,0.395049021397038,0.17441821455457
1.91991273132094,0.139865990953088,0.0548811133326392,0.0156226611226453,-0.664704762471236,0.0630749895191555,1,-0.386695883175673,0.621322598343351,0.802923354186729,0.285659169416133,0.629928309236858,0.14000211112682,0.756081717330449,0.126299727544529,0.557234333526508,0.125973079505832,0.786238162807061,0.109443912383569
1.89485751970924,0.134562950114326,0.0576364634478106,0.0193445475762262,-0.573698595629181,0.0642036366227192,1,-0.308705374134848,0.324732219171153,0.659448171076242,0.181112689777808,0.66319106941411,0.120711430524167,0.726224201843783,0.106656458828522,0.532121448421176,0.131531739634571,0.853163569930967,0.130945300987196
1.95984106942238,0.160252078930789,0.0618341334686878,0.0153243049707777,-0.60259554034611,0.0826765243611825,1,0.149518543158058,0.328742183163896,0.581492806994521,0.197408267586362,0.731877854309356,0.129191787478899,0.638979540927417,0.131899327601949,0.6929887107297,0.121110917149678,0.620104395120191,0.129129027304656
2.16528112932424,0.176447136446106,0.0738991548178425,0.0199307555790752,-0.650701110291248,0.0730988793753443,1,0.256425897670658,0.380026711651987,0.608389199028405,0.217845207410158,0.77756017310164,0.134389887172992,0.880813484864909,0.114508312768051,0.737154108877731,0.121289030630188,0.870271549283161,0.132684382635549
1.80152164572436,0.132785325968519,0.0429005587065145,0.0159123768101186,-0.30553668354764,0.13202075847377,1,0.439149461302718,0.358660508970208,0.394904051195615,0.253772930704685,0.608548222430328,0.135897632392905,0.529234410812999,0.131070228792319,0.557958991774246,0.119499513244629,0.664735338310043,0.116849986715447
2.02870125230651,0.161803308000876,0.05295612006675,0.017417955867642,-0.621709547203435,0.0735525805243389,1,0.0661277511708961,0.247061832403052,0.758437710043933,0.138175355782688,0.754618642486117,0.11603581940667,0.654501057468119,0.129430856548611,0.749085042900295,0.125451070066187,0.576784026245783,0.144443179725511
2.0262345411328,0.176343298749828,0.0570684797649093,0.018970151899413,-0.573396839065192,0.107513286118384,1,-0.289683749779822,0.412821326819952,0.712492063252178,0.219297407299036,0.887981301605698,0.130322401289095,0.750612563150878,0.132441597469029,0.57401087696074,0.125223664908173,0.626163334612103,0.152782747356337
1.83587789513994,0.134967964890735,0.0321895331235007,0.0139651798214587,-0.563899309277387,0.0811649419575853,1,0.299359884120072,0.29848541934521,0.404460277645246,0.205015241084962,0.530149246122365,0.14370149508561,0.648613795462071,0.101162041981214,0.751437862707765,0.116648938925988,0.408483205186159,0.15608251293634
2.12508138065987,0.163359054945611,0.0811103249987142,0.022871982586896,-0.556654544112017,0.10388537531089,1,0.142662165583039,0.310079330033975,0.505795986701799,0.205744930992952,0.882757970605107,0.130184677626374,0.730920112236309,0.121189211434657,0.844644492767234,0.122199911445978,0.850403327940065,0.117509602748124
1.83097716062404,0.130716423338625,0.0331718387006785,0.0114393689612953,-0.421876555568115,0.0926877636587034,1,0.0134374601271759,0.410758920678786,0.608298019302702,0.245338647986234,0.556278324449169,0.139149305158882,0.647217769161992,0.123109437849302,0.595339624914188,0.109416652730283,0.548430736224111,0.138476627275989
2.04057582123077,0.181720147460787,0.0597087295457794,0.0208292085480141,-0.538143463317747,0.0941490658871676,1,-0.106184578995453,0.456842012957123,0.74583885968926,0.227879796988196,0.635483618940017,0.145399833127608,0.708369243141591,0.124762048865884,0.686365030036917,0.132714020190599,0.843428801014753,0.13029464312661
1.95138569615482,0.149967189930693,0.0529904455476172,0.0173749209556402,-0.61364366565716,0.0715912494629773,1,0.140526790510648,0.263642340799585,0.785861827270353,0.15232783705352,0.578592911073188,0.129582102670723,0.631056584114529,0.115482437703614,0.767339849561459,0.106053763231039,0.377464426987229,0.159987465227
2.24244151258585,0.202314785495707,0.0870017687635396,0.0284971251959539,-0.609411701138511,0.0825132477182166,1,0.19943447868664,0.322108324766793,0.65322917933717,0.165200462713693,0.902661556388811,0.116574815187254,0.854443005477343,0.13127840238371,0.879772106359526,0.129078952160534,0.43246375464261,0.167683608932653
2.01460189699856,0.171710255775193,0.0702241888897522,0.0214274769844652,-0.639990344551117,0.0759551041686986,1,-0.323980616959371,0.409418826175156,0.994737650832759,0.169583990070549,0.599642227303204,0.138349520444739,0.623460244712901,0.128595275698617,0.80780919164175,0.122429759283715,0.69878099775228,0.153224673546857
2.02141218815867,0.169679424442788,0.0670415658211689,0.020750410893329,-0.491539431614381,0.104052165400562,1,0.179848866112093,0.353740544037701,0.566150024490301,0.238982582832728,0.857628923254433,0.125829844330409,0.578370399636809,0.127243829387618,0.662174730884079,0.135103516774146,0.774890468472262,0.133180738078126
2.33987673214009,0.201531036523855,0.0948199046369094,0.0285573405445037,-0.730510803138916,0.0552813658692123,1,-0.466545856175853,0.971507057993189,0.942534858474652,0.378979945051367,0.971763134208706,0.136935697826457,0.863131581266212,0.112987036875173,0.903827181905488,0.140584016226591,0.762627463556814,0.152154537486243
2.1398190237822,0.180075429638267,0.0544653261289843,0.0182871959474544,-0.673722558620932,0.059734359600771,1,-0.182755413449585,0.345735909345411,0.857805211585466,0.168919661057101,0.81771409360051,0.122036471724273,0.710117982643795,0.122050222881439,0.830765993943421,0.126692669669939,0.630163552388765,0.14885472043937
2.13433330256437,0.171732430222591,0.084403416522196,0.02510789466274,-0.638826446535484,0.0723507948381496,1,-0.195409555787682,0.350556995440335,0.676529331318718,0.200782052308799,0.971020340800857,0.135504998374456,0.759835605641239,0.126276854454584,0.821625671510726,0.121812322412636,0.537429655478129,0.146153301208533
1.98149369714515,0.17642575758022,0.0633482281269662,0.0221769026895155,-0.599311543447011,0.0842269221887216,1,0.253461252361958,0.315667522117568,0.619565506879521,0.164352513497266,0.769185578630981,0.138774047171132,0.665436726976841,0.115864480757073,0.389056752181221,0.150228191344224,0.672716250620588,0.151698526540197
2.12198349473735,0.156239919388795,0.0742082290185572,0.0235968941201368,-0.676055831020421,0.0658060939509459,1,-0.346973567084528,0.378954959230729,0.845292622924826,0.184198808677657,0.867666880119829,0.120202618899652,0.752591791390144,0.125613838128596,0.771196143303067,0.116723264885615,0.699686896544648,0.142938894499838
1.92607473316929,0.15275905436034,0.0322234199687994,0.01127900922189,-0.534763269645529,0.0817589848763492,1,-0.0933400786853161,0.285222545160937,0.65269881461739,0.171261570742974,0.730851267138129,0.129499919953831,0.806345408665089,0.111472294629095,0.673539302758457,0.119736096333302,0.564675899943756,0.173320012661133
2.03860750564891,0.14664515253594,0.0542661776620254,0.0165478067223064,-0.555103104369859,0.0874436643256019,1,-0.301982942731114,0.470338735595014,0.934166271961304,0.201860004484468,0.492669190688493,0.152422642230255,0.909883162229854,0.0927659092046777,0.674355350209277,0.122262167411127,0.747447174419031,0.127631649677817
1.85611525485316,0.161257114080217,0.0514557088200836,0.0211939080842203,-0.440693793102028,0.111398393214672,1,-0.0805437024835226,0.263175197572375,0.707973461949129,0.156523642147047,0.581928281886178,0.138373884539301,0.633180543167681,0.12758431586944,0.644987672998093,0.130950083333125,0.552982916705499,0.166103201321826
1.862110578275,0.130467364300828,0.0488998982301119,0.0153665378850504,-0.537902985360684,0.08896042017848,1,-0.0443789966996276,0.334595417186327,0.672938681417124,0.203318592324753,0.627866931311475,0.156893811251982,0.522708909174447,0.132214372630797,0.569772847951045,0.130104894386133,0.71625106459267,0.117588934991545
2.121979003619,0.146467041050363,0.0568043193027058,0.0177533580639959,-0.553645376009949,0.0792092836078675,1,0.12939397446737,0.28742245422985,0.617067070314148,0.193986831642916,0.755969864981496,0.0979228847459428,0.776532904011916,0.106675975224485,0.735713238931088,0.121045659503952,0.630799241527465,0.137447756731151
1.9083707317268,0.126758945352498,0.046153554642161,0.0157008585683433,-0.499049190012605,0.0932160731970024,1,0.192337780353123,0.336143868119081,0.648907574443412,0.200131146193461,0.583462341013052,0.141329010123336,0.53031977334148,0.125889418155595,0.566109414803595,0.122990919340786,0.873155586926973,0.113529704309923
1.79838984220815,0.137121658229125,0.0298191126397362,0.0144753278743225,-0.431723676579149,0.104642971515068,1,0.164632888151148,0.303407713064767,0.456662418753039,0.204655217088937,0.718970789299037,0.126312219468513,0.632562742285136,0.109806993795346,0.601174038163079,0.134587995416237,0.647579628082625,0.156791751586636
1.94930303463687,0.170319303975195,0.0902269744493702,0.0274740347657202,-0.531410205634982,0.103760759628811,1,0.258602865640028,0.267320247846963,0.321464934816166,0.204164846014562,0.842786671489359,0.128982792658679,0.571261710485786,0.148393463841036,0.655023489234943,0.122347067877707,0.681939932812553,0.144716288140452
1.9363795068085,0.155993489844746,0.0636534359400603,0.0201079076966495,-0.498568425353019,0.106838959006255,1,0.0529648554175373,0.42019868715933,0.500533971301909,0.264228786075888,0.711946690210803,0.153442813797345,0.648335822756735,0.117485808026422,0.77367483928664,0.11642269647553,0.704345329801923,0.128160130094144
2.32428358255973,0.220510337837889,0.0929596839340952,0.0310490727471247,-0.697514279156773,0.0727458608556397,1,-0.695877566797785,0.367607400007699,1.0820217368686,0.159397321809142,0.786999236423262,0.136075863109889,0.947161322667965,0.13988246864257,0.6214809238104,0.135858859327416,0.994911168616583,0.139864611507891
2.00752664719755,0.162657623383496,0.085605230565063,0.0231450197760007,-0.424207122645336,0.125433482656427,1,-0.439660871776946,0.527150471503082,0.820730688729452,0.243606386549134,0.748127762396503,0.156838990433116,0.598253778434146,0.118295995530631,0.876576874078064,0.121264428913016,0.7201307731959,0.143727033814943
2.08471113268389,0.163681935299785,0.0647552885104614,0.0201507832439685,-0.593990299139687,0.0896311546249704,1,-0.0498100895371502,0.352835827649544,0.643360487709448,0.208406886919972,0.82516844428116,0.144454337085974,0.911546492171956,0.123971407527743,0.761656836099975,0.134877796819619,0.502364999392379,0.154678484607592
2.12945956621384,0.171219044390091,0.068595565920309,0.0197130499823214,-0.695058298302766,0.0637414950298137,1,-0.182808629967993,0.383085791742475,1.0506174766951,0.163233624066191,0.666125670781079,0.139589158777685,0.712327969785153,0.142502942273263,0.628158783248943,0.130765236450648,0.692935950220957,0.136081495163676
1.99121578300122,0.180896325855604,0.0573057235220485,0.0218719024611642,-0.618640370710085,0.0838209934926778,1,-0.314278607751809,0.373959302924111,0.677614818735262,0.224885449490004,0.91298336522699,0.126405520344608,0.642284245209873,0.131986653112851,0.532561966171674,0.140978104487004,0.643929722845452,0.140617592999696
1.99787036994038,0.156272711172257,0.0387493665920672,0.0148898775975465,-0.627369380089047,0.0760678238788238,1,-0.28805806115453,0.369370141350288,0.803589995493244,0.195139329589345,0.685313167134336,0.120316537067365,0.647031752921743,0.110303575641745,0.763005744893676,0.135455154116659,0.636031380834643,0.127156349064525
2.21272256734813,0.170053559605612,0.0751176241027406,0.0223226407021588,-0.662671581334172,0.0628794617716952,1,-0.290287660786039,0.325489727356506,1.02810378801336,0.14643603132874,0.516721314227024,0.142252251406521,0.90690259794806,0.113522476423964,0.694436701202685,0.117753597177099,0.8627309970107,0.135769211853607
1.76546075827627,0.137219121277537,0.0475469398533661,0.0157787733112943,-0.445636027753648,0.124709128209969,1,0.0404830046521743,0.370963026175334,0.623742985560329,0.206341180029966,0.475905247450196,0.152697168490809,0.582871512597667,0.125582540348942,0.750441465359087,0.117727550089157,0.510588949208737,0.146453322104882
2.20658900560681,0.149590276905971,0.0844728862469802,0.0208317421277639,-0.697641342914924,0.0598160453121001,1,0.000254104971319864,0.348983442200416,0.833665734071287,0.177760181969103,0.80839280125928,0.11978377633786,0.82151625883021,0.121563915539932,0.770597968350673,0.118996758136749,0.689535910933272,0.132426527379373
2.27545699570678,0.187368764703069,0.0789853839051072,0.0258883398608875,-0.708292532906004,0.0686226223267547,1,-0.0897748796450872,0.311749643648906,0.9118801258588,0.160742211104342,0.912846206826262,0.132626983466417,0.65581748124061,0.137609702980817,0.849096818247518,0.128646428207795,0.781757601496627,0.13404088330847
1.81964649545161,0.174695632966543,0.0580660171078906,0.0236892749767399,-0.372954690479935,0.132415395011559,1,0.0582339374999509,0.47337075034545,0.404919985952541,0.294093059018154,0.795775253454765,0.12513513809332,0.629749759555859,0.136835118011673,0.480145844701113,0.152337266769696,0.690369295383287,0.14792196445699
2.29581996190064,0.218021636446067,0.122388984553626,0.0365658514178638,-0.654296845072499,0.0815636513341088,1,0.292705238897532,0.38851297150134,0.859636766997693,0.196261824745143,0.594764520350599,0.157457320030198,0.827818016761012,0.137199171420314,0.757836761813154,0.14557809051515,0.795334696720367,0.13649927577859
1.87811229666996,0.146452518978194,0.0470208348751645,0.0160361297801676,-0.528545531496745,0.0860470266932081,1,0.222359194088083,0.275471534712481,0.585789714215278,0.166359238510418,0.472656626314281,0.13377558520976,0.694471544032861,0.13277775485073,0.377772533901711,0.139937287093593,0.820523020232496,0.121115575903545
1.98542185185804,0.159459697941531,0.0688443357907574,0.0199573605418727,-0.638709630698255,0.0774688689396799,1,-0.748291141350579,0.50769019536771,1.1387532344302,0.18612645686268,0.358284918277388,0.176031152911795,0.790742348275035,0.123107421537254,0.724686276306693,0.125475488188975,0.751961465788271,0.137283778463962
1.99685020097722,0.1691535812622,0.0809296421202063,0.0258944353861958,-0.6246540809653,0.0768146657196345,1,0.403468835892637,0.287404101886155,0.477731855782475,0.19756484919239,0.843383537575207,0.128827354845059,0.474144451588164,0.134633405880681,0.82528162976173,0.118981006265298,0.623649372413114,0.145757336607406
1.72769195803465,0.141628070698616,0.0431276577663969,0.0161806723632793,-0.495358156063678,0.0956228349129773,1,-0.224151317642907,0.363454234005342,0.7106168126866,0.190931081406976,0.44182345686113,0.151679775701474,0.685033007617243,0.110014564137649,0.641355594805482,0.124630943667512,0.586397473002783,0.149636822662253
1.84641997679792,0.14250785387654,0.0790583925104268,0.0247946725668304,-0.531087923766951,0.10029326098556,1,-0.430053228630058,0.388544187852344,0.787187754767449,0.183277304695342,0.741041182649487,0.143274831572937,0.599355030660239,0.14125279647452,0.557958888180895,0.123330339482709,0.614130848692445,0.135999282804239
1.94160976266684,0.126471966932695,0.0603204017171952,0.0155437387338548,-0.611202825732806,0.0732165462649015,1,0.443922116297061,0.273130591538593,0.530728513068792,0.181171164429531,0.629172603924022,0.136673905944474,0.628444039097735,0.110454349173815,0.650697479382603,0.11276746057283,0.592757102409314,0.145368529232683
2.07447843555868,0.178152234010469,0.0610172561958847,0.0211563628268698,-0.586121402574508,0.0935652122463503,1,-0.427399616224673,0.415649872533555,0.776554454202302,0.220246798265443,0.949792090630586,0.110426408418273,0.707099861989013,0.122301334652323,0.768318119168945,0.131459703449549,0.769437747218727,0.15251658278585
2.26807005572257,0.210328772864521,0.0775534683562639,0.0286962307949966,-0.662802678374932,0.0792713899548971,1,0.290490575532484,0.362046698315532,0.822558402603296,0.177931787727848,0.729758646061752,0.154715520441654,0.859039855683742,0.132209317918986,0.586140814967044,0.149197559165576,0.915020091647503,0.152392842745372
1.91697376670485,0.145995961823245,0.0745246570956724,0.0220700352853821,-0.577282241698106,0.0808821488356385,1,-0.0484771270131709,0.315447375738099,0.602998077357492,0.199947683973913,0.693469900042518,0.129248729804336,0.706322724632744,0.116632470404462,0.689951524265901,0.105616815610465,0.452028862100135,0.159103539661345
1.82262572492913,0.13330654740355,0.0336593088245018,0.0141054629397502,-0.609701518158312,0.0722317275418979,1,-0.114832860276893,0.385574909168161,0.682286103361657,0.20915981852848,0.563924480971333,0.155060440876585,0.572204144684573,0.124612787746236,0.754546990284469,0.10732211102302,0.757511220421355,0.127743518415498
1.82740628548173,0.151063496031553,0.0342549921530311,0.0152317487458242,-0.523642756651763,0.0891565532401702,1,-0.403368508808328,0.32169332144454,0.77178036667736,0.187955767532721,0.781955389482218,0.117695937555046,0.505191090829144,0.128262664527266,0.552283044436853,0.137425942493847,0.570316449248136,0.148207587960034
2.20994417527742,0.163370793636253,0.0749428175108467,0.0213881859342885,-0.648083817306603,0.0668309850423537,1,0.271055441637751,0.372079437839143,0.673270985306885,0.204460551101066,0.740147679433383,0.117446471408104,0.829727815799195,0.106128492060551,0.854853742778334,0.12968342894536,0.692126439284091,0.15957962714968
1.93267648527457,0.152843455461605,0.0523345746823894,0.020214535719376,-0.558062972069861,0.0808780146057271,1,-0.424892274593447,0.331802517055196,0.974777255268302,0.140770479977335,0.61649896907132,0.120051377011491,0.418839621818734,0.131638115967656,0.756980049815629,0.120389212853428,0.760527091455452,0.141338330303947
2.2934487013813,0.177844014098358,0.0454183732564771,0.0175221938186799,-0.695559892933233,0.0619203848267396,1,0.0990700966545715,0.429503221310973,0.827978091936637,0.198831702785848,0.888790001439076,0.104870740207763,0.698690532516355,0.140394903867228,0.860563078468285,0.133888780084998,0.818362017200538,0.131880874393606
1.9029836846862,0.131268960565701,0.0367000479696449,0.0127300924869247,-0.489043495885673,0.0942178853536832,1,-0.389239476575915,0.541196077583806,0.920977619840346,0.217474034400541,0.556383190102285,0.131346359723662,0.626663883471919,0.116153125477533,0.522207124375087,0.115529960116228,0.684914577345775,0.124413331534235
2.31119439944816,0.188244756352894,0.0960678579194846,0.0265540178209499,-0.67438120635532,0.0640017912202181,1,0.874181960546857,0.364058203483352,0.348237288226239,0.257136192403039,0.809682227784956,0.140729920801105,0.861306080822081,0.106838105100863,0.847559736461014,0.127399126842604,0.944129476093796,0.129902145057908
1.97996108647719,0.154779708199123,0.0671713696883043,0.0212336726203174,-0.59776397610961,0.0820909315115775,1,-0.463956397751349,0.457585562931195,0.934208165799796,0.204004766065047,0.788881908446754,0.120879913919856,0.626390547473963,0.132739347263991,0.664001816929209,0.134103765701589,0.696283376231043,0.13216303677747
2.32461232936478,0.209224116340485,0.100386811408522,0.0300581334075238,-0.706051263114346,0.0698240191519367,1,-0.181726544887893,0.316472553089292,0.802371263353647,0.177500264676012,0.90881858763903,0.132790866281109,0.923570003013087,0.121911496896866,0.677823912052575,0.139685116194816,0.942827079112213,0.140048315153889
2.16777235667406,0.1972069691332,0.0871313940125274,0.0277571873727624,-0.408960529607637,0.138724770734489,1,-0.605350775635844,0.547796041321588,0.948825418111446,0.231252116978442,0.941445457716273,0.12828992031081,0.572969960811011,0.136264542312067,0.767926540474826,0.142179528322756,0.781852999864768,0.138405243999001
1.81724509508076,0.147010913655868,0.0443158073872016,0.0164113964656449,-0.489338865739467,0.120882992296214,1,0.00914213994457248,0.316148290598315,0.370652830719179,0.231652395262293,0.633879751251197,0.154690659155883,0.724483699464495,0.114964050427589,0.519124645254839,0.138306637863821,0.617375079903246,0.137332074772959
2.19064936481214,0.139824750375395,0.0819725831662804,0.0202024172654918,-0.702648790250368,0.0551467630948848,1,0.489965767732251,0.26525273623297,0.609729519995164,0.167087141601273,0.715898271797356,0.151731845270969,0.660223187971733,0.1087257380942,1.02204797475355,0.0956904583448855,0.720190990785651,0.137853430061955
1.88111022584075,0.129890231923395,0.0483844399451334,0.0144249221819903,-0.503047984337142,0.115187291634851,1,0.421804626161731,0.380139334221734,0.54497327322311,0.233409222571291,0.539440261173387,0.140295061062277,0.371864385129503,0.157382887729159,0.817951947364818,0.116683805817042,0.693045033616696,0.128877784019659
1.98553316732992,0.153934866213849,0.0761466940935981,0.0237691458713428,-0.546520633481571,0.0918442285777386,1,0.470838968871448,0.396970277849245,0.471174389332606,0.244110905735533,0.509070002926264,0.16024313593342,0.739506450378417,0.109346571006705,0.921455208602726,0.1134976008583,0.615719697117192,0.152337065157003
2.10815978110175,0.151217306972707,0.0717127546195872,0.0210706934576902,-0.527947464267726,0.0864043151645531,1,-0.0252046584550897,0.411987340893981,0.859063224261797,0.187657745471608,0.551095852378457,0.138417356520094,0.832814531213712,0.115682252769998,0.632116980626312,0.136803032833856,0.838644572199921,0.107079693622536
1.96256935611306,0.142866459106293,0.0622980098575907,0.0193632016994781,-0.567807133183691,0.0732195664582274,1,-0.421587460193638,0.334445787102817,0.831542037474017,0.178035196459095,0.670949350340226,0.13206405773555,0.759250593317842,0.113160634228506,0.577033468476139,0.119155873099695,0.630035046778231,0.145275701871729
1.96064725767969,0.144079013108297,0.0452349732636061,0.0180827180101262,-0.623493074822103,0.0718200607757145,1,0.171376484880217,0.32597829796603,0.595122712449257,0.207918007347062,0.798925417890608,0.130844537490529,0.532884951906949,0.122432639156337,0.571845395081441,0.119921885217891,0.717112194584083,0.149955022053733
2.06537985496785,0.170463765593087,0.0534579220855979,0.0173916191005494,-0.672057917331956,0.0692919635831019,1,0.0756419004214872,0.527492601915891,0.412717163367984,0.326606005960258,0.856899688282775,0.113277838265133,0.740194998443448,0.106294614784776,0.807981529849709,0.121233088406648,0.902056297211664,0.132268980156642
2.06219443639668,0.158355221075985,0.0579881561139792,0.0196309513178443,-0.547190619010217,0.0816288825580759,1,-0.086882039296384,0.310972375336888,0.817390039669619,0.15496955147942,0.664814789182349,0.13168588519539,0.767806924721725,0.11077664158274,0.580154116880325,0.121854912481063,0.868571845701651,0.13216523614118
2.1539090305971,0.17251313137706,0.0762382782348178,0.0226621523402374,-0.620107559013425,0.0854903934000965,1,0.243117519208532,0.355604871880591,0.670417961095458,0.195730177053292,0.785297840861071,0.133304781247427,0.734753559364073,0.122117268697543,0.67386841808442,0.146023156985864,0.697734179979435,0.128427622798042
1.84658981033877,0.142670687500197,0.043637433165543,0.0169106140912588,-0.493915393404799,0.0993351211829641,1,-0.0172287763221549,0.271920640317729,0.601397228016092,0.16430211556864,0.658237006004635,0.115807169931845,0.514559918967101,0.122830754785995,0.742491285996098,0.144155766670579,0.658586579670934,0.144348969529968
2.02722447816688,0.179519339045195,0.073884509835067,0.0250541448926094,-0.642000060182031,0.0849553874498461,1,-0.655369350810642,0.390555962447545,1.02003802652449,0.163163924559125,0.638355871923161,0.136772071768125,0.656072295125413,0.131154244775431,0.795649823951211,0.136953626556738,0.652617452981512,0.146572931715836
2.15153081347698,0.181970087915897,0.0558659206739326,0.0216730985208265,-0.503829806431912,0.109079802397139,1,0.172763154583668,0.396696485013637,0.78193704626739,0.204854861206742,0.756185863713149,0.122271942505437,0.719689808236696,0.127254979549172,0.677592741843358,0.137289241194093,0.697887122922076,0.151558525343865
2.01146825935791,0.166604777396673,0.0499015136621813,0.0175842441059686,-0.569547973386274,0.0920763386129199,1,-0.119264282488864,0.304477422319322,0.641242923048469,0.174671145522903,0.852994248575216,0.112576733973047,0.45822556898386,0.151922563862084,0.725304544341398,0.126300443062921,0.899406017012779,0.133786430451774
1.90682824418621,0.146012291632042,0.0478110096947561,0.0184229084607646,-0.462657720422066,0.109247501431077,1,-0.113871012391518,0.290179956823678,0.814000446858969,0.151738721826588,0.540494948038376,0.126171139312345,0.477069264384381,0.134172006958269,0.77161953780304,0.123627442327645,0.39800946585512,0.164840779706412
1.83569470652356,0.123508163642304,0.0422335739641509,0.0139730671918764,-0.365516546864297,0.122838461839695,1,-0.539080223224673,0.337363175170794,0.983471123266877,0.163585171574795,0.249350418970204,0.177811942938477,0.728248678908554,0.116738507636432,0.550929966538866,0.117910231590514,0.592656439814739,0.127562383486654
1.90448337938292,0.150184623600191,0.0626217575066222,0.0196434675277742,-0.488497587949991,0.100985281488507,1,-0.0901872365554877,0.295453133824149,0.674098210637063,0.168339891245566,0.693424208509129,0.124796527141037,0.504192865302957,0.129764723689849,0.761707827554867,0.113675010038509,0.588718356712598,0.148589477452244
2.06372361425443,0.209574490120519,0.0724958940138815,0.0249182772476881,-0.436005589988471,0.146825760128556,1,0.395362622442799,0.373704285477922,0.693770441336957,0.224258103474122,0.630631644912751,0.167547088827112,0.486847432949734,0.154798441892084,0.756813014371933,0.132525790504929,0.834921297135619,0.139612285938758
