"beta","beta_sd","omega","omega_sd","rho","rho_sd","tau1","tau1_sd","tau2","tau2_sd","tau3","tau3_sd","tau4","tau4_sd","tau5","tau5_sd","tau6","tau6_sd"
1.22050774499802,0.592056950737925,0.415589491759608,0.52894899793881,0.479013692037504,1.50513416203932,0.910741882038771,1.50900773305239,0.668358176809326,0.638233000924437,0.569889157670962,0.852229677954959,0.274066786670616,0.690118107477683,0.233286396580413,0.701842344619249,1.22690901354123,0.508755046411811
0.692939393669975,0.824480413145256,0.623791166586515,1.21027105557584,0.187775107997309,4.00447690253963,-1.63753555041314,2.96446328287859,0.686606183188909,0.729084455416005,0.18801630040683,1.47042858430426,0.644972479965085,0.64991964726439,0.133993869422593,1.79775743264486,0.21443796392142,1.94352767006604
0.579587609582767,0.419817038769268,0.162846579308815,0.21541782239491,0.833068369609845,0.387215995929418,-1.32439171784195,1.88158333717467,0.762338498148173,0.593579669312834,0.609484309526817,0.585242884021252,0.340979455657979,0.610341049222548,0.0295319669006183,1.39016676405021,0.805726231129369,0.637405868212691
1.25087104176825,0.46620602882591,0.530318660253191,0.946534514550281,0.844653314398232,0.652022440421499,3.58713623781319,1.7611745239097,0.476468436028585,0.474410827326321,-0.682888062226657,0.8058187140263,0.520215926953049,0.700222813546322,1.1603073606489,0.646650662969009,-0.100674701742003,1.19446078995855
0.998080323427314,0.4731021926632,0.382123999569529,0.565527843029065,0.287756284104271,1.61534610226599,1.53059994916279,1.89414204740507,0.509706425945783,0.504808858107652,0.586333520947627,0.575498498985968,0.575253252550125,0.576728236394773,-0.193490094313082,0.778583124274947,0.383878383748976,1.62804327317799
3.77430508354625,9.4024796768391,2.99030116106673,15.4976954591468,-0.753069272906598,1.18600723347177,7.4066746552155,19.5623038177042,1.05823084296579,3.19686167812661,0.392702733542138,2.17925528409116,1.37849015447946,3.03759716436201,1.16109635373479,2.08054771350447,0.872737076422582,3.47080013853539
1.33570164957531,0.950859560920449,1.40068911985904,1.83158318919845,-0.746708399091218,0.357266204740374,-0.935144036476755,2.57976372939877,1.0124408866976,0.695835856201293,1.26931030575056,0.784877009564399,0.78911249982667,0.863397131742238,0.583102996494462,0.822002401039447,1.45664382269685,0.607747726896419
0.979046152342723,0.607219194460285,0.906304246016013,1.57689490792406,0.488005929322751,4.80980184643655,-0.38354742304243,3.12030188847857,1.0488766642022,1.06679488611187,0.861533477633949,0.673531051176594,-0.177995434864007,0.873174641245037,1.1211702166473,1.17517641863858,-18.1177364694454,1000
0.43104393946761,0.640653365180455,1.36734048233765,1.21396269175401,-0.131768124822684,0.638657488209391,-2.30411239734348,2.90637629896836,0.887159415140495,0.65120332321313,0.484725532603133,0.835668070293869,0.995657384302688,0.519518872756989,0.4990873092378,0.501913721945815,0.710198712105696,0.90757221665458
1.29017023166685,1.42421276357377,0.976266083860902,1.82867788923715,-0.552746568911169,0.738315938479513,1.00621958625355,2.63764585228219,0.826062893288287,1.29515963223015,0.343251712750499,1.03044190734521,1.09940121804588,0.856331763158853,0.317019452267907,1.65952023718239,1.34064413726636,0.951778007010539
0.721253200503284,0.4942783828049,0.527158350069826,0.706647053823863,-0.285696912875456,0.689712103779338,-1.45603615969773,1.25112767416121,0.866224609406327,0.598480251970583,0.30033269373386,0.768035127797502,0.179035409941633,0.825492350011836,1.16707135731171,0.603998407855066,-0.45454273236769,1.6563330555306
1.09615141380042,0.953094154966435,2.00732937613856,2.67679181128429,-0.661751593132574,0.681034508625724,-1.28651512197212,1.56066242910093,0.727660279256915,0.736928664410354,1.18168637588404,0.81148665678507,1.12079897916335,0.752201444494662,0.822894766517241,1.82917508812326,0.737229445773842,1.28528409221692
2.50981874496357,3.33082152217169,2.51267281141516,6.65384996738105,-0.829486500145494,0.622646833566701,1.87290734687445,4.99171634347293,-0.0473080702865721,1.99114158824676,0.745672609227554,1.97890401147438,1.89913132890604,1.42524510076198,1.46410079386621,0.832596547792353,0.698832803499389,2.06547844637209
1.29473559697484,0.764205934061487,0.36458032253964,0.618267009975132,-0.182311103370821,1.4570426905101,2.79717723024942,1.52667535528577,0.318925053779721,0.554462079753202,0.66462087079589,1.02008862382971,-0.196066797901059,1.23809015436178,0.266557425380427,0.590950013979405,-1.07162719685144,1.48774684196561
1.14991591578681,0.811607718236064,0.837724268441539,0.980063887936617,-0.314400060161766,0.691124402472168,0.939295925381026,3.89932439121361,0.513454093597396,0.618069034240654,1.0644789144976,0.740969171847416,0.594269905234437,0.645921815033145,0.623237578100255,0.887723045763956,0.875173240507809,1.11998057606426
0.587377571938666,0.298949160418611,0.0871774605168828,0.252166528532381,0.946390240691106,0.0441288918437091,-1.40329058571856,2.28441693367671,0.57953331822801,0.541715489296133,0.818094697978487,0.480868695113497,-0.080125311428298,0.962707330887285,-0.334133858561201,1.02636919442294,1.01970240110316,0.516548314212474
1.12560020153913,1.13230855535195,0.779770995850291,1.61803302478509,0.308643670008356,4.18113545466324,1.08362139966055,2.42130958372609,0.341221739167857,1.18674520516742,0.68786608250223,1.24280373700303,0.317474915016154,0.494558853315015,0.466805093345137,1.16715949286529,0.744289923237884,0.712908405305546
1.82923003050755,2.65017215327924,2.49853801285442,4.59131717161896,-0.726091201587651,0.497767403444678,2.84681719360355,8.40570346040382,0.692372355413768,1.21805330235967,1.13835370215413,0.772014849837559,1.83718651536049,1.03596449572493,0.00430896439379051,3.28960144699813,1.45312832027187,1.15721809276413
1.10341555054919,0.985073872731183,1.04113969663257,1.63427838738415,0.0712505042951833,2.2921679242935,-0.235793294533811,2.234458815527,0.923803194916897,0.602056747497336,0.843293845324856,0.986169824829819,1.16712331206165,1.07101645677989,0.963600082621935,1.42590674772851,0.630560892116113,1.7641074852686
0.596771664359319,0.758185871416748,0.822361628574395,0.906725119180096,0.541730088104149,1.51720850589686,-0.599639313094538,2.0760157197843,0.461666355672811,0.534068954312898,0.645189594327033,0.348149833817395,0.414012803942189,0.906136208076149,0.634281159925386,1.43258636321878,-0.650491146552745,1.15952089188285
1.88900668036134,1.89793398434342,1.37703224294251,2.65513170805302,-0.28332085701846,1.4451762655356,2.38816877218995,4.26835986692395,1.37743844962997,0.941567936160075,0.0999781675721641,0.820734898228685,1.54174081108152,1.1869983598972,0.860640818926229,0.63695110066148,1.23010202293886,1.43606856933958
0.338848264112127,0.366611053954901,0.430876515318058,0.602323318676995,0.012054927921809,1.29062170085211,-1.51511659600418,1.74705537105677,-0.74014004485356,1.03339098570036,0.858501197608852,0.624752519556141,0.484297196213112,0.482873336809585,0.73416718377876,1.27916792695458,0.759660996731633,0.385020589390987
0.717734245192109,0.528979910303629,1.13784548847482,1.91787192886148,-0.235221719979373,1.42729090202797,0.305203693833704,1.83762827489815,0.450169210434472,0.497223610272732,1.03927002368035,0.789720719207866,-0.535552479218925,2.86644231778934,0.926594582269169,1.2284905382235,-16.5284114621156,1000
1.24540206338297,1.61316449111428,4.65041067316174,11.499440252026,-0.930540146711125,0.159057310409735,-4.76397513148167,9.46296522133087,2.03217767371014,1.32887083530968,1.29712031072882,1.44475064812162,1.48346929721396,1.1441847065234,1.95090021386166,1.23687122743532,0.477129065735589,1.59295517350971
1.35841427871972,0.903110353527733,1.04855326641836,1.60009847578423,-0.319000935148486,1.45236979881553,0.687379001489281,0.982508456563636,0.712431269005494,0.744931820912258,0.412986071877126,1.18510843316705,0.992906175990794,0.830760494007965,1.48706887137454,0.97080868984922,0.613271218395664,1.34846075201143
1.11591910844788,1.17976523030172,0.939227736564341,1.69600624161028,-0.213493016680242,1.82801135963306,0.911074540754675,2.68110806728626,0.993463792337715,0.983997952836135,0.332383945128574,1.09028230364301,0.0219023544545962,1.49632315413622,0.517103348802781,1.49778919382521,0.44984572314985,1.09899907982847
0.742398732406638,0.636827028752891,0.39736145426399,0.474754214159453,-0.113757074442222,0.604704704039714,-0.886085563348907,2.25865988059736,0.858801537264318,0.517712451136345,0.286257043160208,0.608964568314386,0.94492887218079,0.739865020602845,0.357700778097678,0.455894981548857,0.322249340965533,1.09269439271239
5.63708249548887,14.5770921634753,32.912691976216,175.831684648984,-0.956734150768076,0.232637447351808,-2.54184942779171,12.9589289482091,2.44031557788624,2.63084423020258,2.91447383781558,2.62959953224226,2.2558586895526,2.58784681715886,1.68584987477943,2.58264334595075,2.52806973347123,3.0867171548527
0.837710401239268,0.918826930684421,2.87166705933179,3.43515741383595,0.606085746166417,4.78933756649215,1.3175501653485,3.04970427006558,0.945188871344125,0.500704059629583,0.793418514273487,0.558522916320353,0.0462145273312796,0.927320812034975,0.556464368337838,1.78723742317143,1.18099100533231,0.859247115339638
1.30646906663944,0.543862775088598,0.456875391794422,0.70642041299074,0.29838783722515,2.27857623676053,0.269742649436809,4.52207949142747,0.511673702915057,1.03002973940699,0.580710974590272,0.615219641315678,1.16743958711424,0.494866230944392,0.567801379211073,0.621958572839717,0.812327307434487,0.850380189438439
0.679357179874968,0.324885876941478,0.334959227570409,0.292803953657479,-0.0911990321581918,0.765194546232433,-0.828852223628396,1.14684915009272,0.602947642153549,0.463283695265397,0.102514325683833,0.593539103339263,0.564388262071558,0.546548397494864,0.300544727109094,0.811067550593666,0.401676406130628,0.460089253556045
1.25673124337802,0.619856959115738,0.711066726871066,0.640601424869149,0.0527177678850878,1.08480092623549,1.10896700114069,1.60658855916433,0.339253964942288,0.465921289084073,0.667679847539714,0.39576559889149,0.506795813724749,0.544516376657585,0.856720450007963,0.471819816520773,-0.0418293248330718,1.16982193028855
1.62709448488901,2.07427698268163,1.11940692794342,2.41897916300537,-0.600111972513223,0.725891425936984,1.69123740137416,5.2359539940656,0.817147753875017,1.11259555333438,1.21948072566311,0.987462759379625,0.625306992260427,0.837440045275331,1.29799700022548,1.17511150844287,0.420677350258768,3.67139794731648
1.12516248038387,0.480662999478287,0.676467031466355,0.654474650376396,0.15030459420479,1.08111224441482,-0.204630486274929,1.43050206267275,0.771349499809327,0.632979255355128,0.220784996142847,0.736491892871897,0.981554446945233,0.723426692887732,0.183803314973032,0.603617490763762,0.312524902499305,0.467610351735957
1.30944762962774,1.65508101916246,0.772839768875809,1.96703066770747,-0.531196557980152,0.902533564042643,1.34980920981384,2.11090055264987,0.126499946486425,2.12378793857672,0.780873246558286,2.09218465446989,0.992855470005658,0.837666751025099,1.33268711552604,1.47306963856312,0.122213286393621,1.75551235102588
0.989102333185014,0.94052737275442,1.13047909740088,1.63261149348284,0.478891282332763,3.12339656711597,-2.6564022807405,9.58421975378655,1.08497646783719,0.813106997341466,0.610143617555971,2.33431860527189,1.16691888561554,0.64664397309248,0.627925351162646,0.597050682610783,0.82234179914871,0.844430431750261
0.9255628832064,1.48796438810795,2.64594903068686,4.97954514916883,-0.767746510547576,0.332594384917863,-0.320404289765143,2.69237130782556,1.12183957785256,1.0478708241457,0.688106611846099,0.722426635203104,1.72507015277503,1.01142372109724,1.46219545490599,1.12086265116009,0.499836716139845,2.26404225089841
1.26038310297077,0.956450183223056,1.60540655146012,2.08809334733424,0.0925628121802055,2.14337175517988,-0.73023252356983,1.57171013705045,1.10837234583986,0.735222948699694,0.58366962348716,0.696023045953012,0.567433733506735,0.729929801804761,0.663515015969737,0.723287265843459,1.23202037490367,0.79705876727701
0.86938652248958,0.737674729242417,0.834878024708924,0.839235734899167,-0.587585201339605,0.492083441084906,-0.750830382487543,1.75035893145241,0.893184841380978,0.511065077909454,0.889048529201634,0.51897684305131,0.450043119450958,1.05372692396284,0.588240686792117,0.99949091256295,0.889427697151394,1.07686397008925
0.467793045511682,0.435967628631699,0.955630116470729,1.48231387120252,0.336082401601227,1.66173203028696,-0.0072898177916364,2.92053570025187,0.539717929356215,1.33524558749659,0.639717482613954,0.754396121038818,-0.096075637261164,0.66915998432945,1.02439468332525,1.5443108314613,0.0453329747303138,1.32009035347223
1.52849764367284,2.61963848007149,5.55879421394928,15.4315622532724,-0.823829436573563,0.470546776971812,-1.23300255986947,13.8582690185187,1.42867214951506,2.13761900826345,1.46189637916592,2.06375632300038,1.43215552479113,1.32625378417876,1.65791503706354,1.43642681305573,0.669851565017159,1.25148672160285
0.283620567659669,0.388696720703449,0.872986356525364,1.17707717062134,0.50830154630241,2.31714719251598,-1.51339412401195,1.99316288536235,0.690823113053628,1.04101310589834,0.303307133052676,0.979526865924431,-0.250212094067898,0.871666430132759,0.857094067013993,0.694512970303163,0.269778118688523,2.11567969307948
0.942861781927285,0.885019707396467,3.40342263235144,5.10575995708705,-0.307204381511291,1.30873580292137,1.19637533280208,2.25824262721211,0.657888570708748,0.713040665428147,1.15926090233,0.532905218662218,1.07571190231084,0.890101678663346,1.00278138381748,1.40964864747067,1.37360436136427,1.20916221734461
1.09342085090095,0.964767113215914,1.57158030178601,2.44470188951441,-0.762656934571167,0.349261351710766,-1.59706425944521,4.50610596830572,1.18620323706614,0.905440851825448,0.905883759356598,0.7600273736891,0.60651270018641,0.763370426115491,1.53405588583022,0.906718907058619,1.04146357362928,0.702223591019793
2.05798023149764,4.74134860893377,5.34614482285996,20.9237165055907,-0.91884648214566,0.380091528435754,-0.908153608559679,5.03240215296577,1.0013085667013,2.02837429605108,1.90487543848207,1.91408363923673,1.86617033747745,2.16603138524444,1.44927214103479,2.0683399911747,0.798683024153931,3.6530212306387
1.07220123504641,0.806518044391471,0.975868610489593,1.56879077908064,0.747679868198162,1.75410933161061,0.330683712888061,4.63547690913067,0.858208615788605,1.45740339198929,0.728697670304492,0.469978268888073,0.533770218877406,0.582496720614366,-0.115391226956806,1.11667372575075,0.778466120277949,1.47056923132745
7.3912117564425,22.1127212758056,52.9467402125394,322.884646668071,-0.989999953557985,0.0573282440833024,0.721682589876024,11.9208922507265,2.98833190389482,3.04847330834197,3.05652283658384,2.97743208181045,2.77050940798527,3.24783857385573,2.06303033292112,3.40942703111702,2.24902321951515,3.21496389964262
1.43687037003277,1.09227444697768,1.19196437479894,1.92083616635803,-0.658127729470045,0.54065985259663,1.49890604345818,3.04584096675549,0.973677768640993,1.29327662574453,0.780017004150871,0.869348397550177,0.735960717633879,1.11949302581145,0.989484047156607,0.791895851758373,0.693298349873412,0.87092101656822
0.888303955255091,0.692445080722034,0.989737681346993,1.1055083630787,-0.179446609884345,0.587981127075216,-0.726214860154736,2.24075124245342,0.580149720785026,0.543412542650854,0.778920419921361,0.698304123440217,0.619291518687143,0.487123339149322,0.931741683860131,0.701800338911513,1.33663270731065,0.861304748799577
0.783208842397673,0.889880833041151,0.674756746613425,0.825378453974435,0.775290224264419,0.772865678447592,-0.541780638647511,2.48423784632586,1.05081497570661,0.683283059176021,0.289510034940952,0.677916928468137,0.932937492330398,0.44742054430309,-0.123213192555668,0.95687426314,0.0406625879124494,0.785192896290716
2.41509194121414,2.24207556946495,5.56566623065988,11.4977021369896,-0.830645803773128,0.434793074048901,-0.148077829645896,11.2763236185214,1.32813668914881,1.79765123569303,1.39497243814605,1.07707542323867,1.2472199919437,1.12230682872857,1.91350991508048,1.23938877257223,1.15084697871981,1.59187234057795
1.00087540046454,0.890492736942045,0.415704487303197,0.64693517902892,-0.548604136365151,0.729141355448994,-0.954377186119631,2.71540309069743,0.953589093696187,0.950540781644726,0.82676545646132,0.466231949137765,0.973223327853438,0.828380284484045,0.101179432082491,1.29969624389191,0.24876213116857,0.991448209054711
0.697411533574164,0.545404356810958,0.350933999901071,0.535497830003432,0.586863859386763,1.92402053121727,0.736867712952622,2.27462109619354,-0.600506440899243,0.822029404089425,0.606712245718792,0.646417789183916,0.556611433361078,0.384170717832525,-17.3999647533351,999.999999999999,-0.438615790816302,0.83470845366423
1.10651418316162,1.08473628433589,0.728036373507741,1.82192063743872,0.123801199156822,2.20590523257491,1.27456399806146,3.01913846575103,0.467954085905705,1.14842624860279,0.364307706786952,1.4592382183589,0.570398238437924,1.28653879020899,-0.161639841006854,1.67560091610396,0.338284539378842,0.997486530280692
0.965923311218754,0.63997901921955,1.1722947146709,1.41742097658431,-0.418129615974273,0.796010435381163,1.4722992993396,1.86860357305104,-17.5866387921017,1000,0.874558461007126,0.722533026603891,0.254556425397109,0.820022615747256,0.69082768056893,0.396254019559739,1.35474180109764,0.884532216402495
2.19919942761342,2.48768702988862,2.44389030837708,5.19509429230004,-0.682415255175758,0.599487350829037,2.38294843398768,5.19651097547057,-0.165820422021562,1.60287882378994,0.882693977636826,1.40332326547643,0.781399464882838,0.877258932070171,1.07026136285125,1.13156776916048,1.59210995031235,1.40777937921392
3.29818144841343,3.36673371259089,2.20777775443252,4.78949310140623,-0.876382543434981,0.25330369525951,5.26206856305892,6.00335968052641,1.14238642708171,1.61226999510364,1.58251512088614,0.983755727957848,1.01821923813679,0.913334230506402,1.81196081537327,1.09769317837133,1.5980886937016,1.25318921831107
0.631124454881169,0.378701677414741,0.375133446402866,0.232752672602979,0.278097376988927,1.01040094297091,0.457217970659295,2.13995041549441,-0.0248140946527776,0.462116986602702,0.530724580759964,0.351955269070758,0.379276218033807,0.39365811409432,0.186949690537268,0.51260535688507,0.331621478223459,1.11011039670079
1.43236304120275,1.46604533284252,2.16706756999561,3.68065138797223,0.47188110299104,4.28590919282153,2.85978873459789,4.80247319881088,0.870240806121942,1.28331144646145,1.04958948411342,0.777042350960972,1.13049937359753,1.73833877826648,1.75910113647417,0.785500331014472,-17.9608623951819,1000
1.05319249913721,0.861838041824957,0.75919579014469,0.855035038148023,-0.415794909421449,1.03802598749534,1.27643911001312,2.09815300715304,0.785817893362936,0.635324233783357,1.14599847260964,0.618588990642452,-14.1947720239808,999.999999999982,0.662360795789752,0.793888179427408,0.770197050699431,0.937218642039748
1.23464961723206,0.62213433723322,0.117725223836193,0.370616048072388,0.919307781549526,0.138051240515072,1.09046753979793,2.49987434451291,0.506278252368682,0.650677675218697,0.768524449864595,0.587118332765255,0.447197106941511,0.842059513098442,0.459672865448401,0.57724356092711,0.71768714595398,0.825379725210477
2.01875050040872,2.03872898513014,1.87146197144055,3.18141281243252,-0.543386624402616,1.22390427549487,1.19186468551233,2.45826864693981,1.03242208756648,1.06101937366188,1.28399778160869,0.71886337773161,1.34456928654001,1.00491232080219,0.78920274355846,1.47420428380038,1.48949695600188,1.5677987030147
1.23746603411259,0.862603686858546,1.0891473254323,1.85188200723172,0.669565170227603,2.47688831891577,0.925594277235863,1.73836606663181,0.993725914932354,0.820306587382136,-0.321152782006362,0.873587430133551,0.534545904373217,0.838988568734957,1.55758653735397,0.648908528290887,0.027128629805314,1.3651282317684
3.53120504924218,3.18489527079004,3.65838837197582,6.06664638183227,-0.527126442972067,0.615048595747789,4.94912269670433,6.71084113933256,1.30947025686786,0.650201772414377,0.239885876086907,1.04790216328727,1.41874236568523,1.16009515870036,0.898885551429024,1.70113395130872,1.22829290202358,1.02528594644078
1.40088261240798,1.21288039518575,2.78020435535121,4.36507372262328,-0.581863581728222,0.845179907126601,1.18928617080017,1.7226917178064,0.942396076314425,0.844188314388438,1.2552384700773,0.927099247285105,1.10335083826825,1.03364981650208,1.81161521450148,0.765091268198078,-18.8393193015279,1000
0.965936695813997,0.42816266810274,0.660365290152699,0.726035350270739,0.113640539052677,2.0433092244246,-1.0061892813316,2.59555144469897,0.513319990507433,0.926160144799891,0.307427760933676,0.481689408966911,0.842390439953976,0.564191775353859,0.270351203905361,0.525517440141177,0.80667582648248,0.346277102503394
1.21610967289096,2.18200450522015,5.07794891081799,12.5865865535295,-0.884692227861389,0.21335939913401,-2.31092542366606,6.03004699304118,1.44735139096833,1.58753513438024,1.16638282440915,1.23935678174163,1.04035364296845,1.16413625825456,1.24705028520292,1.87402923820166,1.39073650464972,1.31329412750209
2.02302331517774,4.10524000219817,3.15193698260123,14.293857398356,-0.934269524335112,0.306037879702198,0.895699952200965,3.44817734702447,1.81892602296774,2.23951015386001,1.63247494458517,2.16502523126799,0.0111779109988134,3.54419778482748,1.31119554280795,2.2880019401062,0.333965980966525,1.73528403327189
0.899699885799848,1.30472508352283,1.50534867467871,3.00275451127178,-0.490494185657955,0.729852794820751,-1.11278508838529,6.66273541793627,1.04643224130753,1.46731185268917,0.988876994986727,0.819945556173259,0.948014905246083,1.07470881856692,1.05663841525829,0.803549292456248,0.959150246379984,1.10522274717873
2.54615204819582,1.59134408669236,2.88783294449713,4.2465449089759,0.468602789331781,3.51150638045093,1.27870371421872,3.46174329251147,-16.5759860306539,999.999999999992,1.09458614228604,0.985673502290304,1.86802667069569,0.887226466823512,0.310898243190626,0.84847277131605,1.39105828840386,0.559027402238246
3.34705596334981,3.89443143268543,5.52304187857537,12.2539442403286,-0.899731302063086,0.238412108665522,0.233186101293352,3.63002838345236,1.94618902702137,1.22577936084142,1.72633297960159,1.17006923894009,1.55421153682513,1.17769417648191,1.53784021799019,1.16736967313446,1.65404085338711,1.29049355008131
2.12849140714517,3.33801994468373,1.38977480883681,4.35379047325616,-0.834913721597447,0.491003830328371,1.85579585472178,4.25760097162972,0.686652912505887,1.80670878126029,1.22779337072489,1.35415039380065,0.981777205883177,1.50052381120857,1.89239627975989,1.45322181842503,0.845612003399726,1.83570847150649
0.967276619056557,0.50074651677675,0.522726983387818,0.794588352816445,-0.339882621558457,0.681028620057945,1.00071289794377,1.75633623029472,-0.00441508667254519,0.853998055312662,0.548431819491104,0.671962144789114,0.456595478091336,0.498993226113931,-0.00639757297783108,0.806058758007519,1.06416559914365,0.693464645243624
3.28501408761047,1.36380491727029,3.37484069325649,4.06728970747117,0.903616633854748,0.396264113248254,2.97363708260252,2.16512890360083,0.639079232399032,1.20252157718861,1.53117538998928,0.672064080440653,1.96007976277424,0.606388348549059,1.78283468199612,0.715296334647574,0.757342765845888,0.907179024430893
1.34050663785349,0.651658591090341,1.241394391903,1.71389942409184,0.614944817726172,2.0174386218037,2.6660893507302,1.71747579817608,0.460687427171385,0.540400845738879,0.544241537584951,1.22940054088244,1.32191668271166,0.817653435307405,0.988726676940727,1.10262847553891,0.11994572733038,1.35851848744952
2.2723947170715,3.72536333277121,3.22362854765969,10.0440603142405,-0.778580350162259,0.711540901020865,2.06683134383878,5.17198173298593,1.27153728530142,1.74973229095748,1.49599272910586,1.59516152023354,2.522642316279,1.61170469162349,0.472871689447271,2.84611785550816,1.29145604462231,2.40474401396671
0.0266644288909119,0.514870957318681,1.36685633216076,1.95725455004203,0.836690755610523,0.449763122701162,-2.71928152330683,2.7792984027436,0.51462289848899,0.686984660983074,1.26744430025159,0.560096362710695,0.064139236656496,1.20484002853099,-0.386935712128136,0.876058191983402,0.416060472397422,1.58197466637712
0.954288231017354,0.673265764585536,0.617896240510896,0.790059461406175,0.447971467738211,2.43539471664258,0.0463870478642241,1.43897139419768,0.841478895514754,0.654385451165389,-0.133919196707562,0.938099584198929,0.504702388236638,1.05505971695599,0.625926124852301,0.712101809824408,0.0624756889998218,0.613337458513382
0.699941646991826,1.50745122036008,1.57990848469825,4.39856271905049,-0.800087274923143,0.761027044221699,-0.724458134067013,2.64885556574172,0.413520205685221,1.59168356585968,1.13294594292635,1.47400298629801,1.72959536864568,1.88691810453161,1.68364003971523,2.12688606260679,1.22499225625878,2.02959631717917
0.382431065681178,0.721362208446212,1.93595771235093,3.32119186247451,-0.566641172220691,0.530594896753301,-4.11886238827229,2.89903818815055,1.1186121182601,0.792372181636561,1.4993175303183,0.706561677643337,0.968337573392625,1.48405137376884,1.17406228935404,0.666998341592746,0.792288644065701,0.807637371420288
1.00622174357577,0.451853111860246,0.282529608428872,0.213107235532146,0.679016782217467,0.789583016471092,0.395097486904163,2.61648584079154,-0.120578037788641,1.45573172188946,0.451944169269271,0.793680021792661,0.604354271702227,0.465204793375028,0.308296134976208,0.510471253465481,0.688867757268885,0.490002924159542
-0.00992868568616184,0.369195379277445,0.420473481715094,0.74298495503929,0.342055976901324,3.35407158687776,-1.79330685310101,1.32943017966448,0.817241664142435,0.492583745908677,0.238420320637251,0.894169073638714,0.44634020491041,1.39955563871168,0.432782001783554,1.67134709711686,0.38767440128769,1.82092550316245
0.583114782544295,0.628282415169211,0.800216140814584,1.03590603848347,0.541486771307694,3.50265521396165,-1.89947565849627,2.60643768415829,1.3427913517108,0.490590859963561,0.382847331083622,0.533664394114477,0.495183575666479,0.649411440106442,1.18829920858712,1.51761713939459,-0.412300017487317,1.77072172880323
2.92161884506494,7.37592785216634,7.68014524458843,41.4415109147075,-0.877308257906442,0.724153301997614,1.45764457201367,3.30983837176927,1.37899695093439,2.91350534323533,2.32244771923715,2.6312316708929,-18.9634181815212,1000,1.86816918458543,3.11068035404623,1.09766061963479,2.9195797388051
1.20321651710116,0.791375399430695,0.398387194963926,1.22033386551491,0.943368632049274,0.156335607930846,0.987672797565988,4.05258675090445,0.520368689353521,0.604737763481042,0.802832344277176,0.992414754428218,0.568916445445399,0.828192776827924,-0.135657455368448,1.48848040083155,0.620935527008898,0.492478578235339
1.23808880509038,1.05250858108518,0.95639006360985,1.22752245165962,-0.13371403155557,0.74040979650727,-1.2952088212942,4.50330457565396,1.02618039631753,1.19162180075303,1.12035037118758,0.682742612657821,1.00303979268087,0.47407543043702,0.883723991834554,0.626916877244019,1.16878965016702,1.66068824973178
2.45453453083957,3.71281277436878,6.55145349859229,19.6010605925997,-0.716902513837801,0.640491462742516,2.89186308794386,6.06902697928575,1.73545776054045,1.47555499256156,1.27130611672739,1.36629584362741,1.57755267139026,1.85812849780097,1.02744573756874,1.29861040599727,1.8387376085202,1.59873308620193
1.09725101517204,1.43850670679902,0.884903467121481,2.30626775183054,-0.3535803436098,1.07387706354665,-0.273819594047232,1.44234247551678,0.753213414207782,1.59601905553452,0.877446912295739,0.871584408887212,0.929968751505068,1.0339050220378,0.851035989716238,1.58826633577936,-0.48890906810664,1.86118317194514
1.78141569443566,1.12428530046631,1.3181271520395,1.32751625361533,-0.637652399442566,0.436733231351446,2.19196560645913,2.69484284621081,0.448425197817299,0.753839073238785,1.01836670008997,0.609016911950318,1.32245463087421,0.767780810858327,1.45283231196774,0.671432644974942,0.64307929545515,0.913502809635775
0.550733724259578,0.230886131151482,0.14207951696475,0.120176109507219,0.758791143136934,0.464454346459725,-1.30480718991614,1.71455140834649,0.781787491599399,0.478545306332245,0.363405073281515,0.461477115248623,0.170588068653356,0.284000698928332,0.371644171364644,0.308044597481888,0.0495948723998589,0.464141309207151
0.845042905244799,0.682961719867328,1.38448752951584,2.24453198279952,-0.799957064527243,0.317472522140283,-0.996243930463261,3.53391790829195,1.19537215121231,0.85823201052177,0.701272841391039,0.822112665788517,1.27078120998054,0.973932281724196,1.61690802104842,0.930719308940407,0.350523130251463,1.48712943233427
0.869575190312644,0.315555250356048,0.129273848600213,0.280684736378341,0.954377809944664,0.0444073236791236,1.86332243405088,1.49140888278183,0.556831699495001,0.437837221693285,0.361820081268212,0.511403080844387,0.500770583506123,0.414749781579146,0.282368454286972,0.76278253304085,0.562232314029252,0.854533814173634
0.611932445194681,0.609707385590447,0.325053693897153,0.670995103968434,-0.535029664062026,1.14959479840363,-0.0115716080050921,2.10256085873085,0.336129925816762,1.07795623945038,0.263386071876914,0.972132594506875,0.924370698647514,0.964764043593143,-0.195707927552041,1.54370859630493,0.780512961008972,1.13062382415601
0.36401140039438,0.494948349017042,0.148881740435245,0.30771287615688,-0.0365594303758829,1.3627838695037,-1.26579149126308,1.45823286596502,0.0218107672417672,1.21007019939395,0.635259469240543,0.747444129003101,0.751726444540682,1.00834543988995,-0.00547267463575602,0.959317008495246,-0.989579595358385,3.05971003392891
0.368117006238775,0.972288525569267,0.624237569008899,1.02964780886981,-0.241744836797471,1.74966537868847,-1.21948469540821,4.82799440330726,0.0336396494502975,1.12127639629952,0.658681105240833,0.727847557510057,0.128788733937666,0.941134458081089,0.956367802050295,0.684728868596587,0.353163512160348,2.17505879967002
0.840986133434708,0.363680688308044,0.521410654784408,0.386693010545856,-0.522812184183983,0.42826229823107,-0.333210315695034,1.6651375047758,-0.0159769797187235,0.823377918993835,1.00717455720579,0.486046141923396,0.400165067656757,0.669151240873891,0.340501410963195,0.548037026145377,0.539495411468895,0.496439748050412
0.732348627968083,0.408712972677102,0.122167804559494,0.168211951661,0.0674606910288703,1.33496580041246,0.648266262319291,1.31627925256024,0.241237319313331,0.846979485205333,0.517039623911077,0.408760867808891,0.203793152009765,0.494860210507811,-0.864272846996606,0.933442224416155,0.337130908379317,0.493607912809019
0.653641129804667,0.437849107631623,0.640212977391009,0.706135154367294,0.562680096909373,1.69233185662413,-0.667185952470318,1.72062754986972,0.787851331106789,0.330956885645174,0.63752542421596,0.629423808788862,0.263060044148897,0.660730759640973,0.665182189519038,1.31020566895835,0.0688406484467961,1.2112955148299
-0.0217294387752206,0.356587545205312,0.325112979715853,0.366349671460579,-0.144376667547252,0.696710857575809,-4.06228979383367,1.98025465820178,0.755525847109865,0.652897361741881,0.445059198828685,0.480137543431221,0.672881831005421,0.64336706113818,-0.625407993218068,0.99933527065911,-0.47123291349936,0.871169663864832
0.341193046887469,0.584748442605834,0.445209988549885,0.905066805647825,-0.257822212733291,1.34688644347923,0.234933592907411,1.61700670128948,0.493091932704977,0.769693874089158,-0.256355801007772,1.42298962482132,0.598235133249694,0.654867156808731,-0.225963050630525,1.90932837038918,0.900603135046546,1.52467382071184
0.893184321477479,0.991892947104082,0.788656427759479,1.38547140974686,-0.660791144386584,0.98344425172089,-1.62581561870334,2.91007516392854,1.23843916706496,0.997853535680604,0.529181832740305,0.827052487210744,-0.436489590084162,1.27453803052549,0.666814758342793,1.24579399917671,0.425410664267189,1.27101689212857
0.940785835605957,0.859801117707494,1.04824560858558,0.798618034949122,-0.303272087966691,1.05197710768054,-0.883527010879945,2.73498168115421,0.936031884160316,0.690143786814733,0.895204193472141,0.327011767334145,1.1146547750093,0.429479113724857,0.881868376587483,0.530802707073678,0.693387155245969,1.04371267289926
1.58475205995203,0.754596810888147,0.739276837465707,0.951489872271176,0.195488344868376,1.14768780997978,1.62452307830677,1.60719887704454,1.33935647454596,0.59602211452481,0.248501767618319,0.575452865158639,0.700086885263054,1.0309901176251,0.166502389830622,0.942785919417044,0.874971951175473,0.438817943491553
0.586712583026897,0.287285997227303,0.238052498640799,0.25438093156483,0.874008022147368,0.17236765592554,-0.747980315525779,2.20959781098928,0.628949621501936,0.997955740110985,0.319931182975835,0.270703546049171,0.788002316194298,0.607525638068294,0.504594321002093,0.759299391983597,0.896944736698627,1.04062257790027
1.14163236125157,0.963457500586873,0.944278561779755,1.59489477192864,0.762514166695265,2.28678435957525,1.00341919488318,2.25182214094355,0.785908180506145,0.844856024484308,0.515088105739142,0.68192497670711,0.784357973582675,1.25652043423144,0.934387964466111,0.593079860763104,0.54882724086439,0.803499082467555
0.747476866537716,0.7247948280113,0.543955601351188,0.844523027696005,0.84778875990721,0.598951806755089,-0.990973901889501,2.26397957110233,0.844689603031582,0.760852680261634,0.226327872462755,0.77548935264712,0.403385983866994,1.0684159350995,0.228791802784196,0.432542852836293,0.181857017037252,0.830847217919975
1.45010589979189,1.47704270276997,3.98831413989525,8.12448817697005,-0.602580785347931,0.809199539451254,2.55852505739072,3.2393261408349,0.470025219232769,0.942856627260243,1.53556255635524,1.1137392082287,1.3631627246025,1.68821751272081,-16.0591015708005,999.999999999999,1.35660218236527,0.943613288830172
1.27392383588096,1.00780516115552,1.04293334228932,1.60973989618436,-0.456381114938081,1.19220573388929,-0.0529420303647564,2.20106244432881,1.27941833427239,0.617708983203425,1.07834834547441,0.63284226742531,-0.197591704680319,0.989122354054818,1.07465708529069,1.44113603951145,-0.396825701191159,1.33451415634353
0.634523936393328,0.500544793309071,1.91601794213082,2.40401921194878,-0.322134909035909,0.974734724703328,-1.3225650223873,2.56266221749171,0.801288210852373,0.789931214016561,0.827887164236267,0.658443981880273,0.884262754634557,1.31111647785191,1.2353666630244,1.28196565677631,-17.1756328365523,1000
0.768766746835864,0.610356583644734,1.19384688838613,1.98407832929435,-0.590599656556971,0.66583876493639,-0.81225333679233,1.95337274239868,0.869928974008162,0.780536189792434,0.535923445004063,1.01851165839053,0.74394445068709,1.17973543613499,0.968024053496306,0.87918322816018,0.976761918877938,1.28094589642625
1.19254443549246,0.954939968599889,0.91425652531292,1.83343027802746,-0.646610330714754,0.798298974473987,0.395944006967368,2.29350573580787,0.770577699949,0.890651517664091,0.407797113356328,1.0034393027816,0.865455598818033,0.907808466097175,-0.167374538837083,2.0671091830976,0.292440439467698,1.44623398756835
24.2187415832707,458.618557913291,277.845512558577,10534.2680505134,-0.989999967827839,0.362563985985532,19.4872885566217,381.189982431675,4.48332951297647,19.0185381625106,3.35962658820298,18.9896967269458,3.04478406141479,18.341032803488,3.73314183293349,18.5432617601888,3.2240683170736,19.1840445798704
0.521891711240584,0.607937054046451,1.20888390291915,1.70532154548298,0.624751075198264,5.00499635130867,-1.99266866956724,2.25456112054355,0.535067248129179,0.623536322163306,1.06080542707605,0.564208782066514,1.07045601419106,1.01783373867666,-0.635591713465927,1.51931478937322,-0.392911371798985,1.31756767202435
1.75670888836141,0.875324227963364,1.32757016983901,1.5243301598624,-0.653173804171804,0.310855981362827,2.77704789667197,4.14176976092103,0.515991308895007,0.612598358985932,1.03440320427498,0.627599957768547,1.14961946613325,0.48678903339958,1.22941616436632,0.486674101196258,0.778723994393374,0.553914024279064
0.829525214055491,0.501153028856891,0.597530942918432,0.729753905855432,0.154969532427028,0.941326560447793,-0.533415888813851,3.2574297965475,0.738393686074662,0.494279387290755,0.766461770735648,0.346333737252887,0.520310119581922,0.808229751057096,-0.11566689904013,1.1694907343092,0.389863885256907,1.62117737559372
1.09557550747017,0.540113986562159,0.462376940104747,0.377191369414346,-0.15485618554825,0.705670849835426,-0.243434987093299,1.00383006842473,0.754062536500141,0.406990718886461,0.637821474525041,0.381949420532528,0.801128604342174,0.441132604437403,-0.227835482690748,0.979316923493084,-0.24425609918751,0.791440073789137
2.1996244588723,3.76803866360146,0.710858976914457,2.90977336506707,-0.705231217607049,1.06246444725886,1.16816945744885,5.16645721373821,0.582079051448308,1.20605320489476,1.07085167742202,1.76613834150502,0.580187164814262,2.44765006205039,0.865617918807714,2.14991761879958,0.997721714451631,1.88531159120077
1.00898574881721,1.27405080819159,2.0759102215729,3.26536141089282,-0.837459930662373,0.262468406455576,-1.75121645411741,6.36744906832943,1.20851320784075,1.02939932072797,0.737950429050637,0.731630708688704,1.25438468281127,0.739991637602537,-0.843834868453644,1.1820449907646,1.39050212276544,0.654643033948972
0.581159644273941,0.460017243069536,0.442588973385218,0.4215656986177,-0.545772818990528,0.579356862164786,-1.32083490363937,2.48084490553907,0.786755811555689,0.587216155524189,0.162145901012533,0.472453683731336,0.408220101613541,0.537782984409,0.339924319858461,0.647259842689985,1.06364804968204,0.608938057544713
0.731444519596575,4.11295696700536,12.1292321008415,89.5248255698536,-0.503965950929111,3.95029368314693,1.16722227091561,10.2586442288837,1.13781211732119,3.50401311914087,0.765785407833811,5.19090082622745,1.01852953717766,2.13389464495216,1.87962970217422,4.32778654526353,1.36948968411951,3.38891350141213
3.29893432846551,6.34088243950471,15.9538030337248,66.2662949861775,-0.759978034313392,1.01258334336106,-5.14302531563666,16.1770356089816,1.54358718788194,4.05623153718944,2.62941757890673,1.81360327602057,2.06959250853374,1.93007987438792,1.61536100478563,2.0393269949231,2.88585633148412,1.994021266764
0.886814821173984,0.232745287450544,0.0826837460591857,0.12756840433401,0.850031659377426,0.179176765446109,1.49505702335084,1.20860750760798,0.44216987950848,0.453916446767092,0.591743978226406,0.462444102692436,0.275454122221225,0.371517226941962,0.151123006155611,0.406202978190336,0.547297027236038,0.479371238534497
1.10658851197754,0.63992990948894,0.473912787979801,0.541923760994897,0.22305032248846,1.23436500667888,0.863171941744219,1.85390276028917,0.810987775440014,0.602967092464146,0.118889842996855,0.852754904904496,0.609706079905939,0.648863656839113,0.518594938176376,0.532646715379247,0.643369099511404,0.814475470525228
1.09998591188696,0.563696879300831,0.679742946135455,0.613463837048839,0.257754940830841,2.0266910270034,0.367130987191299,2.31946313824255,-0.13573838845375,1.79637818863455,0.0799979562562302,1.41170231373291,0.596464615567661,0.504941509045913,0.175649046623235,0.596775129914491,0.559214495196715,0.504800546878918
0.73278107054794,0.416304480175358,0.798275823925864,0.77586607372526,0.508965769989451,2.01317526106284,-0.99092771595774,1.4981571678976,0.79713244910902,0.478991312941265,0.36525685055107,0.565086808166489,0.589819219572876,0.530518388065167,0.391721603928379,1.22264408222648,0.20685216317936,0.863892734457006
2.49146733835829,1.53270781041907,1.18289346401993,1.68138750711916,-0.052080568112509,1.13095460468555,1.82017103858784,2.85122741342763,0.57939120023145,0.450958206478696,0.742701658027188,0.514025913132857,1.52143680492998,0.605273074217645,0.399157822575656,0.763618183529537,0.965651587147885,0.776370097744704
2.71984091326213,3.38439787167982,2.96873614007738,7.27755042924476,-0.832931427703489,0.365788389279576,3.73174920421252,6.25714889155038,1.7432088160311,1.16592517277813,1.10273034255893,1.22569364971356,2.08246284442856,1.71605358471314,1.29425959967267,1.43032528917826,1.77550084422552,1.66409602680204
1.67663741670387,1.04073663728279,2.18859853360078,2.68595888292675,-0.252970372107559,1.32685588137752,3.35016132877296,4.78322936450484,0.706092507461373,0.856418418734327,0.566146705687167,1.11514838189416,0.886177656807723,0.838914723703312,1.44454245168831,1.97937126882156,2.00420144569888,1.44651174621149
1.18657003522527,0.629690934864051,0.897188038900495,1.06902977055978,-0.0683899108511221,1.86786068974217,1.02684889466787,1.69786389184242,0.582785875319794,0.705227879111179,0.61135243895071,0.449315326942486,0.767308070356877,1.2661656540566,1.34187467443759,0.80080608893384,-17.1705466736739,1000
0.673927769204581,0.381698611455768,0.405044614365603,0.78999729070458,0.944273527258196,0.0932209611450472,-0.87988511307216,1.83626942450453,0.668332779941579,0.725317536406833,0.624916850296086,0.622722105019722,0.249023697256553,0.463449012387902,0.785469763234131,0.80968455520278,0.291513155207369,1.00479732675587
0.758625268035227,0.452755509114452,0.586227904321005,0.73153637078257,-0.0661695886514628,1.13512114829531,0.150103234943958,1.19371982662633,0.305263296726007,0.486975796955122,0.835991365452362,0.42854173850978,1.25733097524588,0.529511425972502,-0.0931487236653549,0.949192006741766,0.00186092148396481,1.27837987801179
0.899199769589023,1.16838518838264,1.25136475010444,2.04031386040289,0.519264673908421,2.24878427409353,-0.780848693252983,5.42025436404743,0.783271065955219,0.517389813555861,0.630688084628727,1.31204519418072,0.369700982556789,1.01003311893469,0.700075683353239,2.13858758529328,0.493959504714645,1.74261277957084
0.714450413320628,0.632201417575849,0.828545899195089,1.09495532680843,0.411776046052666,2.60583331101629,-0.139709403130559,2.21477516261544,0.351536041833236,0.809864195093152,0.754902272942651,0.342567705122277,0.500486061320631,0.875296977389858,-0.393024866005118,1.28999450452976,1.23735564561813,1.4654505802395
1.7968940530874,1.50976962656723,2.6787495603558,4.8245683038388,-0.643964599755022,0.585369200518828,1.25959091614321,3.52250460746873,1.37734754767633,0.988459364242991,1.59097376630713,0.946823630587262,0.560553671214788,0.821487469439145,1.61702782735922,0.814647610743084,1.19265019157488,0.8508575330568
0.40853086895072,0.359984068077133,0.37695724204014,0.454762940377335,0.571439880656173,1.30393505597216,-0.0645127503639348,1.72508683064756,-0.564964463579301,0.543339402017154,0.70862513215946,0.488713183711209,0.549021963267274,0.432265347447355,0.298674621721786,0.777744661351226,0.545357909511373,1.62990796699486
1.43933412373015,0.944924857173662,1.0105374588094,1.42505760999347,0.610305794227882,2.11521280123494,-0.071767969643979,2.47216791394831,0.607771786008644,1.35494123207665,-0.333052591397976,1.23530028511919,-0.02656134471533,1.35828809866972,1.28377852381943,0.632282439296471,0.997734969885352,0.600420704417254
0.932020919855291,0.50659650952514,0.26962586699313,0.322432484907601,0.0243242433045536,1.58777405437254,1.458633873983,1.55351350204421,0.316117394098797,0.463335872260673,0.701578627731158,0.578611278987425,0.178640508824737,0.965112783850573,-0.0157651370885401,1.24344639962989,-0.136208391054177,1.6211310442423
0.894321761248693,0.394179141777206,0.270986714456161,0.331491431861613,0.899539257518737,0.199603078125994,0.057715313636276,1.43724874210313,0.700604740687975,0.61253618356458,0.975325857515662,0.342083806696802,1.07204033779666,0.440314382412215,0.106480911547574,1.0352544066093,1.45403665881935,0.562765644198651
1.30944721484524,3.30990076802855,2.17570068531168,8.71527810246562,0.909176013158233,0.578212735041841,2.77862304905924,8.25123546141083,0.686749171866457,1.4697393002844,1.1244952989768,1.85367949703912,0.288953351030482,1.15735282371781,0.911283083080619,2.40216700849913,0.0944045727258174,3.3857141600007
0.661942320664599,0.660487815161639,0.836816142897957,1.26779988843796,-0.224571803941529,1.13071404893039,-1.88491394102488,3.35353133177151,0.853961491056029,0.809158393408909,0.42467192014449,0.713483295352952,0.448358051442654,0.645593770620393,0.40358759771135,1.48139069271539,0.442850620691972,0.813679537236166
0.927066087849298,2.17937556410526,7.92880166706113,28.4349302618747,-0.898188064268613,0.492973304843215,-5.79565267070608,10.5048077025362,1.55138177199506,1.75967784452214,1.89696741423481,1.92312007962045,1.653748019904,2.04842345865467,1.53259551359835,2.3515645372478,0.900067600029242,1.70341964827152
0.700840335440042,0.709639480283854,0.478724676953939,0.476954883125977,-0.637209038092259,0.517509064011265,-1.15052436467675,3.70093708404022,0.596557153911436,0.666859193075698,0.663160607402338,0.551539350534414,0.580876895716985,0.439339985224752,0.602040246365125,0.796305708895381,-0.555487543408124,1.15335387006855
0.95973658066161,0.561907096635813,0.299084105289384,0.531170997327324,0.626361980322626,1.0978942513343,0.580081309598638,1.76115663399821,0.398349481986835,0.308362033775374,-0.215475534411347,0.705026602975424,-0.125943554644746,0.697237413218273,0.558325430089915,0.531204012119891,0.520801340533138,0.742607247657721
1.22471974337402,0.550402167104712,0.793257680272175,0.680034564301921,-0.283282146453356,0.845686450947956,-2.30697556379082,3.24133857140287,1.34772250246783,0.768261402671986,0.326533375921395,0.723898059037627,0.868840709230533,0.388852174176052,1.14551234540229,0.425063122238992,1.21475088219257,0.696246181778767
1.29953422598246,1.70410574758386,3.59387933024263,4.85838057002013,0.64910596721937,12.169210325227,0.247670603887585,7.55813675726681,1.29450868072412,0.670789267994126,0.631311684214342,2.74082591283054,1.17299035326479,0.906530541001111,2.19301970831775,0.759663406813832,-18.1745879103897,1000
2.78130517627863,3.6948070175969,7.23980636321089,21.7296086116233,-0.736584877963503,0.753643622209944,2.9106397324933,8.57696274194915,0.951949503327505,3.27300938695802,1.14151919099694,1.5074565746497,1.21968017723004,2.0468803617743,0.508652222977944,1.17082434953458,1.26181944067179,1.32238406864705
0.954911281884394,0.515443579097113,1.46866046779429,1.60876401163098,0.0751632791373154,2.09128988189462,2.38551124602852,2.43068161894152,0.0698615179021355,1.19573375364974,0.562975818252508,1.06731492570015,0.843313280748785,0.503677603312098,1.41452817992036,0.62042066019843,0.945519179601796,1.02230061729511
0.796090491702803,0.499533123272735,0.350877860593342,0.40539350893212,0.0231810418165942,1.41628663675069,-0.404709362918051,0.932611055483438,0.559508676554919,0.417445057018657,0.374122610388152,0.413487928649945,-0.0132347891476664,0.793560600859512,0.284714139211594,0.660288809503191,0.749643221986585,0.989585336528811
1.97075546233317,2.66920965094567,4.89120332045618,9.76006496054224,-0.494662147162318,0.905880833765183,1.94129489459411,5.53754995274844,1.14119648891651,1.13340611258726,1.3248026230603,0.879334035717481,1.28725355966068,1.01286329098248,1.36771841664561,0.887720339369797,0.755067433303644,0.825149857430542
1.73271733897744,2.03277642806297,0.877592344793392,1.72223569106108,-0.714599456688357,0.651880452752518,2.14163966956908,3.86031090853332,0.825323816181003,1.46423701915712,0.771100753594516,1.28595133997349,0.714140638169708,1.13399014096334,0.629081228400052,1.0265124429962,1.59348675062173,1.06813368941764
1.29498401846854,0.696073307478086,0.847122947689435,0.804276013434158,0.636411454199089,1.58767054045816,0.907302330625722,2.3248130611251,0.491934079852999,0.938772722364861,0.700535147360652,0.770511864993655,1.00337207760174,0.343210836371302,-0.00235521848694686,0.94036873861718,0.757586921238404,1.0624958626032
1.47123158267695,0.669190889096925,0.783518038919814,0.95444559822237,0.534898484723943,4.05961933205755,-0.819048100438142,2.97530551158946,1.46194039132138,0.594619717001455,0.325997462997464,0.645754072443527,0.959976674476264,0.928294835016096,0.28128465794947,0.87841002397877,0.265909563065516,1.55087192149289
0.590810973314006,0.476489386816147,0.437985549749558,0.389792120369984,0.217248273339925,1.40881854498588,-0.207257492986819,1.30078487318702,-0.0581966006715645,0.860219794092524,0.44051550645346,0.329971992453099,0.60590443617314,0.477878600022384,0.211537463123577,1.36828200862682,-0.228292788789478,1.41138929317287
0.646522602391033,0.322111599830168,0.231583368747394,0.428605689159144,0.892675296353105,0.0810427566733941,-1.65196238216486,1.68667426682568,0.836088451945326,0.739473901404559,0.465208342247559,0.315234873925615,0.145665588736079,0.691953221910774,0.682103103790458,0.740060819006096,0.160414048920439,0.920605612423065
0.821060581496637,0.909460608527694,1.43136228778698,2.07033583228926,-0.724492932161742,0.539437290146081,-1.05454505957239,3.50835714174178,0.853979112144514,0.995056184378027,1.1798374106574,0.712896289055297,1.09534645925533,0.612857469671773,-0.254275436719677,1.49682306889467,-17.4983936156483,1000
1.65669801048729,1.34164170750927,2.29894872128588,2.85103533312883,0.615963640282548,5.04394149224339,0.855018869732107,3.25717936190639,1.06037750780351,0.576502290377188,0.484880717105922,0.546475973105055,1.44663139453268,0.549580305863869,0.553002325208182,1.71368703533086,1.21502223624292,1.12939302285772
1.29641714008547,1.09285340983094,0.639672492447295,1.01020653878384,-0.137914945259565,1.28269198991766,-19.4691405540639,998.884756811591,3.05193097769092,47.2149334344906,0.698719432445003,0.820825473206159,0.786081645361105,0.630156781560746,0.275087739393271,1.41628400108602,0.983681555508931,0.82559770133137
0.651140925905288,0.462017192500527,0.324508790831968,0.538177941576298,0.195171876824476,1.23836994815805,0.751992381179596,1.28978695239389,0.10094448941284,0.918279462255233,0.402136590898211,0.495937190292188,0.684403115608617,0.390602927693501,-0.225650460659739,1.29012029271176,0.69134448551693,1.25216358049938
0.690840129047535,0.518381380313218,0.437391789169354,0.817869766532885,-0.240194268459417,0.880931608190294,-0.398396345833678,2.55877734231331,0.287966550195236,0.587658514380821,0.385103712816784,1.09499688824267,0.0748699332524866,1.37016319927669,0.107604166045927,0.844177877034395,-0.168280857696543,1.68033535344162
1.10862578438912,0.489870940322582,0.369133862470519,0.566850953966123,0.374597940085162,2.58503834119846,-0.687914435236984,5.35872590066851,0.470682802394397,2.6306228846704,0.4734541453078,0.61944720754284,0.656397305241237,0.448325005361828,-0.27385236439758,1.07945346556314,0.430206671449359,0.662297241888764
0.972346522615016,1.11850437168704,1.22336613743554,1.6742591581615,-0.471782527589907,0.885871519975524,-0.422014057828721,4.10473244114788,1.12061932255243,0.861552264671251,-0.2210657853668,1.20055274586539,0.667728729966511,0.80077566672875,0.511968892613594,0.573773282058352,0.934155242078973,0.700591626889646
1.07202709519622,1.24436930194153,0.425423612531168,0.765723968893592,-0.223886876719077,2.45579839912902,-0.451748563862143,3.14847835183213,-0.184377840530915,2.42139464502612,0.961490069807944,1.07001351038387,0.754827065965451,1.07252444425494,0.867851227579087,1.65345244256746,0.401866130775036,1.19477972222889
1.11932058115861,1.68608506224739,1.15442093216196,2.42279673254953,-0.723337119846085,0.576900265605714,-2.35988452530535,4.98925283176912,0.844926946463037,1.28801550267787,1.11141433791683,0.946752931863413,1.20907291180297,1.18064469274882,1.27085428916349,1.24736862760162,-0.047212433207039,3.26885596718198
1.20665013457295,0.494492907178777,0.721806726855212,1.13643015827062,0.282772705960098,2.18993059819595,-0.557307837031263,2.75210272118435,0.894384437351561,0.991476811394053,0.310132872456846,0.443609950907805,0.630190903123856,1.47434812678778,0.488380658407462,1.16301214691249,0.374171392637121,1.24582308024171
0.556842991485897,0.325427594800443,0.720491992499107,0.511132176753491,0.605904889101829,1.59938058663004,-0.302844225761163,1.26861717633213,0.460373166263073,0.387443355640658,0.557877444178975,0.717597621436066,0.508470682909589,0.38410427615535,0.992994364919548,0.503368133501417,0.207110401115688,1.36320944953097
0.985560541972977,1.00765784899209,1.59219943766048,2.29384492975681,0.467622588718804,1.70460901508322,-0.280105827086127,2.58970779395244,0.733888653782139,0.488641291674144,0.725803615149657,0.869052500118307,0.866272530555383,0.734214367186655,0.411102517842309,0.713053808128046,-0.460210802897686,3.34809115921463
1.4361399049467,0.756724432232762,2.83230115482413,3.09745042952645,-0.239655826741073,1.18230916639913,-7.04113721473526,7.74093741326872,1.88266629842507,1.02962049984788,1.65151079562711,0.556723943901413,0.819554085001905,0.562845653364041,1.621583451825,0.746715659610992,1.34999811627307,1.21829455605595
0.635972083710643,0.309170126834008,0.262685745050343,0.275444109858586,0.349636184417947,1.65697673817361,0.307282907469877,1.21181474743394,0.40068795788448,0.4566483948047,-0.937139842359201,0.807145554905847,0.449427991799656,0.421046344250214,1.26419053494243,0.561543356398121,-16.6381833198534,1000
1.05195549461301,2.46981767843462,1.70861011341057,5.94936870136434,-0.536904804776804,1.6565779377596,-0.886840023168038,6.94187264413112,0.241982936927169,1.34563347762872,1.10540252617276,1.44307935930596,1.51227527719199,1.93624195909753,1.56440946771333,1.80845448632874,-17.8986317813251,1000
0.738204577890424,0.582767740644957,1.31998939146839,2.14911401970751,0.295567640614627,4.24967987218974,-3.17875900843623,4.55706024913179,1.08897243309973,1.22103415144891,1.08219842967149,0.728533884759057,0.429233151890047,0.516429602936124,0.322100493155893,0.678845975006994,0.565546576605184,1.65536951466246
0.76465762527179,0.623597558993012,0.333672417443736,0.449246770566151,0.519144188105166,2.0319390984981,0.867010250566215,2.56665465716044,-0.619017898105116,1.06434728937925,0.225899656388825,0.68017344230757,0.813641710180609,0.975627633522064,0.610657921456635,0.944916010152881,0.456912505947628,0.668697675369425
1.11387582498569,1.06317364809859,0.639848914655906,1.18994447553732,-0.776222164054565,0.420460938719167,-1.16583651632249,2.59484236599903,1.44119701923655,0.839804090140905,0.856189589158701,0.816178458961432,0.618040456347326,1.32607418634566,1.00397113822558,0.860069718003457,-18.4667207910116,1000
0.922964059068183,1.14964558975982,1.04322999773693,3.10688810013964,-0.695240451371732,0.958633804839259,1.00066980073931,1.89012849646791,0.981021735331465,1.53343133356214,0.219636949816568,0.930532916354068,0.991343271025099,1.47657635461871,0.194287529559261,2.42739386019961,1.02352775505841,2.13282221314575
0.499550231554501,0.966246875393207,1.56345535047505,2.82163442043528,-0.205955322944959,1.59122480476464,-1.21659520372264,3.99034789232923,0.66144838490668,1.17975326211156,1.24328454943157,0.639379183410583,0.186986518212477,3.01464009692181,-0.246695700830488,2.4025099787644,-0.156628920815145,1.68554605125384
0.57988862372773,0.482646541722369,0.519436815519862,0.510507136897879,-0.437809452547203,0.98464433577258,-0.70088447028586,1.56128475362208,1.00137935046567,0.572180487369979,0.724167049268023,0.702016454737134,0.416595791729696,0.813085679997643,0.22152688303539,1.14364822913277,-0.0828379558102805,1.22603612032467
10.0722938819093,43.3403698716029,50.43163727707,419.970931042138,-0.989999977331488,0.0843801088093436,3.37456975361998,23.7686307477353,3.00671632011367,4.07045608542554,2.84370040625134,4.06059922259853,2.60231349639261,4.15630634242002,2.93693127798101,4.45838159702642,2.3551989841493,4.20793616991888
10.6646710283054,70.589859734645,62.9154105194687,804.588388341145,-0.989999965056154,0.128219936012049,-6.32224834465387,36.6881509893485,2.86205231726146,6.35243192324912,2.66414102569359,6.72896462943983,2.66293379601639,6.44138780307876,3.18313235241481,6.13072756997477,2.143482381794,6.29535215302637
0.847636674502317,1.16443221256664,0.929575626296498,2.01623926814846,-0.0374979050667473,1.67501833237837,0.64874425542253,2.80327218937198,1.00505998153617,1.02023288480033,0.0286978684377113,1.27847537156768,0.62568206594262,0.965274989568341,0.284148492019798,1.27386856036345,0.470908272620811,1.01500369708033
-0.316216776636733,0.640861568695285,1.10042716006444,1.58911302428103,0.070680376764677,2.15096199336305,-4.45435987109641,2.79193716931226,0.0681715233634878,1.18749275985457,0.603312206029515,0.812631837800478,1.12663294330576,0.793930982869859,0.825198547193151,0.93654727092723,-18.3243422120075,1000
1.69994959995407,1.08628043729015,0.61610368624419,0.759517727925822,0.934627320847213,0.224873819254808,0.612873013414943,2.95424335355302,0.866431008077145,0.792633173894075,1.05106167458472,0.578681565940929,0.500465581638324,0.988819517944415,0.519345425532106,1.5803758591425,0.693661023407756,1.21435814286968
1.01352330113198,1.00471045176294,2.6165804406977,4.20151755909546,-0.681731010969158,0.527955310467976,-1.71680053603945,2.75444606324091,0.853997383024694,1.52892830440233,1.08298414514441,0.636556966776542,1.44195025525395,0.900513634340879,0.957041235533106,1.03048627358791,0.617834142271718,1.0349586385081
2.73886533414771,3.73836806791524,3.75797027177671,10.0230007913527,-0.775782903883654,0.668602049023589,1.30433190856428,3.67149794586375,1.62476669822531,1.40665684603793,1.68247563063458,1.30797636813128,0.868072944000748,1.65145755646851,1.30041123436421,1.26635931433676,1.88214597169785,1.78421498170063
0.802178615405187,0.837711105958591,0.304567728155136,0.515228974157945,0.602033126962883,2.12764539170146,-0.223580302563105,2.76234223415448,0.456134595852686,1.00581919404778,-0.52186061124378,0.914303133042149,0.85651359116291,0.555186838094708,-0.234825588184817,0.956512732296242,-0.933524902107357,3.04267601615011
2.24522644154256,2.09245536598866,1.84053834699599,4.22861349577102,-0.842098389767098,0.288854273027571,0.0879003712745068,3.32781257891401,1.45535000960954,0.869001769020959,1.50422368376758,0.987646925687242,1.08367460796747,1.15706235176705,1.57497230072922,1.24461575176041,1.16094552064405,1.35681418187096
1.89310923633438,3.78607614625332,9.73819303403739,36.115417520244,0.398540709344478,12.7573296393059,-0.251713704248259,3.03827784065569,0.893604044907645,4.52430734262292,1.74829399176627,1.35484387729648,1.15464123703062,1.89515011141968,1.58903602091482,1.88965880830543,1.37130094694761,1.53956191396388
1.89601636093787,1.75558961115858,1.93386909083488,2.32305763823412,-0.270987630689274,1.00717319994886,1.16141069364082,3.359771149095,0.505755463112427,1.10719961816223,1.15747020076439,0.922071304912248,0.591999906230516,0.623173296601697,0.836682094830247,0.645769443049315,0.99018821329997,0.777703358308889
1.38268840691418,1.14854998498819,2.01705782705943,2.81241038920979,0.296792052701537,1.90526875282826,-0.104697929897902,2.41356607462721,1.02563767403513,0.838799066880726,0.596094885545204,0.892389489433124,0.469519425127361,0.720462830001042,1.1680286773378,0.911576561508485,1.36768156239401,0.921703350961866
1.16653175955505,0.666058996158315,0.898612941813479,0.96164790708404,-0.262341903370711,1.17385975508992,0.0360323138717737,1.96806573698565,1.00187005381593,0.582926598630179,0.533679007701336,0.773196173582883,1.09564447593771,0.464127419616678,0.419835291008751,0.7548797213325,0.486837481934029,1.80536424755061
0.696550622346634,0.604036713958751,0.462104178556376,0.872544212564748,-0.01497898095695,1.9831803845867,0.645298806888781,1.28346243381142,0.261437728026091,0.880765010767245,0.768618643525858,0.648550353144515,-0.578125868019654,1.30135087554492,0.88165856863131,1.07955209538791,0.103717827553681,1.6492910182463
0.448000090997347,0.759628548203055,1.53273519518749,1.97850502329207,0.725458978380557,2.8687812303432,-3.00244878618694,3.12273457900501,1.45205298705146,0.54123650185657,-0.271954607849509,0.732743004558685,0.733614769240415,1.03624594241717,1.09670555080559,0.627320949647194,0.313976336647097,0.65969354520672
1.07597594967762,1.50195389609826,0.898924202716492,1.63318670246666,0.728143534426819,3.3766267165081,-0.431923189143367,7.00081658106455,-0.156419195231455,2.99101067862118,0.470499944390035,1.38631797525383,1.28232019219247,0.619696806187711,1.29000655006933,0.829993019206008,0.999576609315432,1.05866168827057
0.973279627248231,0.745992417612087,0.997893262556231,1.8568996926307,-0.715227316121299,0.426945009181976,-1.23756759818013,2.12838630475343,0.953064568813506,0.7179223011796,0.634781544511479,0.883128765670117,0.665511032117516,0.780494000401832,0.321084055603933,0.907660065942918,0.55638679932578,0.953415580691455
0.695286078038745,0.616228404019962,6.42646177175362e-18,5.07009340022592e-06,0.952002223757671,0.0382454984678809,-0.321583547331624,3.18594988124904,0.528908777698273,0.68716831285705,0.444775617260314,0.829557971541897,0.4090187674369,0.436326196342696,0.108645365705434,0.470043282474669,0.406446669932832,0.727363053506161
1.3329386614919,0.99136088237967,1.37621317159407,2.52176539873584,-0.372427747807608,0.624682771702389,0.07609848758221,1.85814667550411,0.899639168307904,0.950560543139024,0.672901873854189,0.820610075885929,0.885533711432846,1.05396088519801,1.44143622163643,0.900639340168286,1.68356033327232,0.915615719190937
1.69685719142445,1.56240301063126,2.38343747796775,4.74146147272039,-0.646859926736957,0.656278697055601,0.687447325290129,2.37833513905102,0.925864697662856,0.847914899525734,1.11921346869577,0.953797499990336,0.944170693707563,1.12173907922976,0.583306349571698,1.02496986746011,1.44018735042237,1.11391517872675
0.808774377043547,0.662587665013669,0.276648886118851,0.467460740776526,0.878691394413195,0.26149501043393,0.160130837329228,1.99908734584262,0.649488362865684,0.479003808920955,-0.160567301940692,1.28389410631282,0.402983125655285,0.571135736900215,-0.377502395697828,1.6207827884455,0.21862687316615,0.847574366560749
1.33798741856159,0.88116207592229,5.01980990834062e-16,4.48098645761873e-05,0.947972568170495,0.0489843928314442,-5.80935232638467,989.693751258188,1.93315223469042,143.201022181961,0.918252715244574,0.772762128397119,0.699273360590849,0.242690875874645,-0.730958626838279,0.712787386592195,0.676166730729243,0.706504501983748
0.562349935346102,0.865154896110179,0.844874983283835,1.16470093565075,-0.347016761381898,1.05933145772473,-2.317636133812,3.85440648166955,0.943662535150019,0.830234696481695,0.897237314009441,0.64496494450779,0.283457889740092,1.05829132316309,0.349490291861581,0.828115523734434,0.746138621978319,1.14611254155248
2.34940323941081,3.99855236883119,3.08831373927171,9.89540327767525,-0.884277882232815,0.39237524273044,-0.569026051094472,2.74999745581218,1.91415851210957,1.46565107176008,0.583450476515477,2.22335861623115,1.75516650054748,1.5003975298165,0.0962024556675996,1.74177930204458,1.28178042144977,1.620110584776
2.61444987488356,2.43872900300959,2.18498220744417,5.38319560150974,-0.558493659429447,1.18944685854341,0.647831190343801,5.9207109584415,0.731480259321108,2.55253309714414,1.31361506019746,1.11009479352367,1.28541050716306,0.848221582084453,1.34484301601422,1.37197160747942,1.40711203265381,1.13230459293315
0.867221469285956,0.839867520203405,1.92172547296216,3.12300517279702,0.568533739028417,4.71395093402477,-0.329351711182818,4.6623210835834,0.989709288723211,1.02686436544707,1.00576437952799,0.796599399647425,0.722726821750411,1.38614257385038,0.0241699498324287,0.948311824933324,0.964816141814206,1.42848515645177
0.998117442687324,0.910027389792382,1.04409151002683,1.17189668092756,-0.435956394002056,0.583034468330697,0.145103656581937,2.19751426248575,0.2109753042911,0.846658472016048,0.607911697440716,1.01012708055081,0.11654293053836,0.562362476717582,1.38582401672151,0.632618227145935,-0.386831587989337,1.44315345111247
0.500786672296806,0.432349158557244,0.501821741100465,0.510289428441766,0.411748094529722,2.33142044249239,-0.857217477662908,1.73361132330188,0.760240140341084,0.457993886656551,0.197974303191887,0.441972631415251,-0.432502462965886,0.766110076511594,0.981252719488065,0.527489258552865,0.782807043024849,0.810056414044092
1.08931720957916,0.650822358453646,0.275372723017653,0.833095826749938,0.832705965600762,0.523264840681356,1.91439221262666,1.80027575584853,0.727175598721771,0.839675267659252,0.570445545090277,0.705800980921964,0.374835859051146,1.21045672545869,0.23022715911608,0.692998401581346,0.604165359891271,0.580128832688118
2.46347748396128,1.95376133278335,3.02821159087053,5.20252002762154,-0.831287844600458,0.308499357114624,2.1687848434637,4.59410914208151,1.56127084140986,0.986009929485363,1.16140845997696,0.789560117200053,0.565847607840052,0.827408499769423,1.71359899376508,0.683471291047395,1.35625462842346,0.941498136753792
0.772328694531592,0.323599254725259,0.265885519537992,0.276774739627556,0.843658342104754,0.305235428496376,1.0886176706687,1.62369327484605,0.212796771905995,0.411986924014145,-0.139348363838568,0.887391676989886,0.586444269838189,0.432937563964127,0.0226989921088004,0.541248149670059,1.03826446005779,0.389555121178755
0.981170718691765,0.538658984758752,0.953632731425941,0.89790362966008,-0.152661408452263,0.522249156198807,-0.421106281220785,2.87247318833989,0.487689749939974,1.29297763420029,1.03865093241403,0.566422631701482,0.409722172232776,0.545978414754208,0.848314478871771,0.539792622209932,0.741289986700218,0.475787851130811
1.23720167312663,1.55990035164725,2.76184129840803,5.4993573178186,-0.462879195338778,0.619868942936213,-0.810146378447213,2.32291671881597,0.943136031537977,1.4869530920881,1.05674762622066,1.73589125778461,1.00280888443722,0.703738502937496,-0.253901617526716,1.08546833661349,1.23838148741557,1.61514203111338
0.856498576602967,0.41789827277166,0.80974098530661,0.773260102842624,-0.0616574338947654,1.11802741533808,-0.258344394664876,1.97926340715629,1.14080063427014,0.361976509209409,0.462236134119495,0.59317165039558,-0.145378217967149,1.0443196850288,1.49351149631584,0.451008922861002,-17.3958973579456,999.999999999999
1.19203833924108,1.10052490297205,3.86002966223675,4.59845222161431,0.76094693074336,4.76215309762567,-2.29411114522799,3.29995936737806,1.07978123147221,0.809486127403125,2.00440525237259,0.585594684004638,1.95699364531761,0.781216252992541,-19.4989849658344,999.999999999999,1.22368333001603,1.09098848073257
1.11186668742251,1.30917498016397,1.78293419178308,5.07843123469997,-0.75068933324089,0.732027612605967,1.17945331025678,2.44597208915485,0.505433869316691,1.31134387014725,0.943785931354958,1.46589279124636,0.955159439903769,1.48392782976173,0.940460099698935,1.24863685269441,0.918246971951183,1.3259689097448
1.39898284203436,1.0644122895847,1.48060249739722,1.40173691679818,-0.0161646410442224,0.61966415199955,-1.43635642591162,5.47783198819331,0.571230295484843,1.38584588896356,1.3973760429798,0.507591714874671,1.1689358595838,0.630516308088801,1.05582756824322,0.606352106601817,0.733102974699622,0.439332485538711
0.653423277095708,0.735704742179101,1.51000973133279,2.79886999623176,-0.223357542053104,1.79027720907622,-0.150782498964786,3.36914538479414,0.965386601977136,0.654575219658119,-0.176021621079329,1.12095842511599,1.11282264220175,1.09254290603559,0.691718020778625,1.3478101314511,-18.4546022570715,999.999999999999
1.19801909507508,0.883078928124615,1.16172009462385,1.46450631828699,-0.353894733456417,1.36719616064769,-2.31831612535861,2.90642772426341,1.35763207750467,0.579477557343114,0.618346415972951,0.543483775919105,0.750441263082888,0.70948689843754,0.87440763102155,0.942522825917465,1.34379809804526,0.735623212521003
2.36613152451583,2.2960081088934,1.29891458075789,2.75399540705487,-0.508024227299392,0.825943715965136,2.4066078042649,2.66192377126933,1.19128533416001,1.05435304580392,0.837860896961104,1.44197660513709,0.923626055834017,1.02044456133875,0.992853593141041,1.08639428127785,1.47716640037072,1.07764170152542
1.55499130729916,0.918578269299513,0.800711254428862,1.01827408846938,-0.182137634145004,1.5105729112927,1.13190540489245,2.27987948400896,0.603800216556871,0.455783858723177,1.07935928719661,0.460454803669746,0.396864091859592,1.29672223764674,0.419684611610304,0.882888177073724,0.296882049580535,1.04533956853412
1.36850909826415,1.03863484762822,2.00901138115329,2.61340469665278,0.465918013935145,4.70306029416083,0.589712856468274,3.34727342081743,0.907001975718428,0.843596106850072,1.27190558482275,0.615951849789939,1.11604951913504,0.385113032738463,1.05278629055615,0.980906479457083,1.80773423801375,1.17200707596023
1.21256659580304,0.63851404428792,0.841900282876727,1.11889817755119,0.284552968711492,2.54500091537028,-0.861586757126998,2.67835190319069,0.534419868053553,1.33179982675357,1.33729680859242,0.535383466031344,0.774314735197927,0.413535794680247,0.659713909274133,1.42928598620985,0.757450655319117,1.06509485425134
1.01257782628099,0.587506172272444,1.45086840728313,1.50891853393546,0.343461861864728,2.70204145869159,0.0441565741585387,1.76615094731025,0.54277581270555,0.338845524292276,1.10682886085244,0.558039936037531,0.888297914191381,1.04136143735341,0.483379904237033,0.58152784663579,1.11997856822471,0.964226699136355
1.08336645479277,0.844601185595976,0.867496470815561,1.56265087528692,-0.132679640801905,1.5430089253575,-0.506422732504626,1.82639927780475,0.0629438812368025,1.38373483533754,0.750970741718254,1.02686962613794,0.476976207825583,0.776452344446075,1.16913885620383,0.862107899389328,1.09070278197148,1.28638187397315
2.62049750920808,2.93396095226841,4.56764419648987,10.0128718847618,0.981163250248966,0.0601471299649841,-0.0655442920942615,5.60611891870285,1.49322281612834,1.02148662271552,1.55837618227127,1.06963241264883,1.58580730017978,0.846543473335474,0.718980484089425,1.09930841930768,2.16769655747653,1.15505043709792
1.06885741291353,1.03224328828253,1.63523660537407,2.16967782372855,-0.191018997617802,1.30352792558877,-0.727406251345458,2.81922134591734,0.423775849756465,1.75038473092196,0.244301048329501,2.19015411062686,0.805716790463194,0.610098626776729,1.44742461220121,0.811360214241443,0.954576245009731,0.618356505885557
10.3467193916164,90.1066596026079,102.835050997132,1826.35540623794,-0.989999940496739,0.166201265748093,-8.77114950164867,95.2131284512169,3.30792278865664,8.72808527626754,2.88699672462448,8.62710033093032,2.77665400378704,10.7437622478244,2.61817347252056,8.81358740172105,2.10786720920056,6.90394986776033
1.39885981218652,0.774044038075874,1.15841938116323,1.13517568075841,-0.443903372065456,0.926859088565424,1.8851122387175,1.70022211924831,0.930390478329546,0.643869916113806,0.880645736057886,0.568581932582884,-0.0149834865450344,0.841268382546371,0.764756677837471,0.701715566695856,1.17761993087441,0.41335960724815
0.970935191416245,1.0774078686243,0.733353010075841,1.0202456281711,-0.726491489303278,0.321276282979042,-2.93468480443892,3.94239911849551,1.28567742056615,0.516822256970438,0.930206476786466,0.579567335376542,0.965047594277137,0.516727222711274,1.12875429008446,1.19141109046496,0.61360931625121,1.30229277998712
2.79893302317055,2.53946902735559,3.24843351601816,6.5061234961447,-0.069814890087907,2.58590592220219,4.54570363310216,4.2830787251442,0.743118308802356,2.42233401527678,1.49859312198269,0.999521652114279,0.652097192513687,1.78520763989071,0.587316601479022,1.14640653875966,1.49133795290952,0.738973524807026
1.36395789053711,0.534375041586366,0.779079695591883,0.884224866389939,0.907484659559834,0.179291292690988,1.16438998997404,2.02501607321159,0.770082772582914,0.868512114567973,0.81506559173512,0.977581023837667,0.48269195638932,0.419357727965889,0.279958131214803,0.534742187651874,0.148596904922399,0.614968925042819
3.15358277338678,9.30647365257368,5.46527362547085,31.9026163728017,-0.636781437631707,1.98268385990713,0.771576708343662,5.12302821095012,1.61867509037448,2.94290915694413,0.121236379042649,5.23494141017584,1.1934764556285,2.61612083230261,1.10437319787606,3.14260678420487,2.01125220555712,2.76228324440661
0.906920258023503,0.395145102631307,1.2160186448202,1.50228269941095,-0.211387734733069,1.1967617664352,0.971165755108587,2.0181313274682,0.650120966270833,1.09363636541875,0.376420590019373,0.730115283163138,0.347139546436267,0.5077243623119,0.948489294257718,1.55962348215862,0.451742094076034,0.579127044125789
0.67350909000956,0.370484464677724,0.333815020131018,0.530221365922049,0.760291446001087,0.440847434132371,-1.09210475890228,1.6559140358809,0.93818446984978,0.58213291821347,0.368600980827,1.33552542981862,0.243389836851092,0.534136431209834,-0.670731948623519,1.0931012329404,0.505779041853063,1.25501511427567
1.17214482708226,0.486250950130095,0.535672518648117,0.657118811974464,0.689019787411948,1.34749773097167,0.940560094891107,1.9385725680523,0.451023946970829,0.56909270683612,0.039171484505335,0.454529147701038,0.745576103554388,0.297690686348143,0.980737098662256,0.506940171912605,0.097573131296053,0.700438939760426
1.84296452995204,1.14232917147526,0.877103680095138,1.06121223317225,0.676922334767764,1.80590529448141,0.333421882311379,3.2484655823243,1.25209854912999,0.632277719076389,0.622388268803743,0.652422800778278,0.904248335990436,0.605408062633492,-0.835639989716442,2.14837698376776,1.09811683193368,0.500603172762763
0.77115277235692,1.24917166734201,4.68228395013397,10.1541695277523,-0.355319311875128,1.43095077171537,-6.70309246956444,8.01732166264357,1.11406052032906,2.01998017295945,1.39650010573726,1.08282626796605,1.02228356404211,1.8385863794498,1.85950862861491,1.04895654392746,1.77558816568112,1.26321467246851
2.06532824016201,1.8906741423587,2.62729637378115,5.00239300976637,0.202786483354185,3.50000632692245,2.22212572715658,4.67928600060803,0.626830020164225,0.488016618082896,0.458314724403319,1.35919907320162,2.04024651193139,0.945944854429151,1.1934220532447,1.45199681307468,0.644981073525163,1.5423395350365
1.23417533457457,0.705052054977157,0.601135059832761,0.697469287478458,0.7101792444073,1.85009427296639,1.89897122520352,2.49486880713033,0.708595124515416,0.485358679805252,0.783796710374758,0.520504706845937,-0.113712351371734,1.05658809548377,-0.123622536965419,1.66068061977199,0.898001481361519,1.07056108031227
4.08419508579908,8.68313154645912,7.15438011879153,27.2571887170235,-0.858673888782962,0.681596110861804,6.03858267329737,17.9235783034801,1.78060326663813,1.7842412821906,1.27788840793118,2.23604900601609,1.19904797240293,2.10371015611698,1.23769855255688,2.36076148741353,2.24273218259798,2.06174093469018
0.545745422364136,0.270295193188597,0.0775668509060064,0.161238382393105,0.904691395484498,0.114338027308318,-0.454375019451161,2.16226138727104,0.261567772973548,1.27341022761252,0.597329888055563,0.353849663664071,0.318535290306273,0.480191193851941,0.214824181669448,0.37021384997433,0.359859718044175,0.59602141048713
1.13236622597814,1.85719697042749,0.643378314015482,1.19073419657454,-0.466805571236078,0.971052440901161,2.31591441447793,5.89485938576947,0.39181344652605,0.870454568910608,0.538830648537813,0.830149188017498,0.58225966122361,1.5421297270222,0.672386446112796,1.10351362067772,0.246997076657707,1.48784985304353
1.4469827799902,0.667862266414777,1.71545186606705,2.11314015595597,0.336593677723761,2.99221647574389,1.55852740415119,1.94731927804304,0.762109570826505,0.796248868035669,0.257406152213777,0.476117538954297,0.64226314281416,0.91157124979844,0.554373072180769,0.716930536344661,1.05054190028852,0.64700435559479
0.361847678209596,0.924975611663694,1.68230551353933,3.69357860496742,-0.612903861047535,0.650527125114089,-1.47352811993228,3.96532451065864,0.52592049911661,1.01361638790707,1.42321503738027,1.09901835646495,1.16034653294022,1.21601121643444,-18.9302841783628,1000,0.338087422348801,1.61815405322663
1.02703168228569,0.624826921732121,0.510166444082788,0.644949635953756,0.304649057672504,1.47953441016538,-0.225555683100701,1.7450790615223,0.118172201941212,1.12290196016502,0.669647399318871,1.07443703107349,0.673372687541302,0.520459314686848,0.214722837878609,0.78135412088431,-0.267240294215733,1.02966045740698
0.570415222959023,0.363590402546063,0.640452979939785,1.0161253100876,0.17382014009188,1.6331969038179,-0.210832384538739,2.10817631252368,0.646438427999818,0.837918576953741,0.446035468590545,0.673897176827507,1.07141837405472,0.712435961996584,0.680195209779032,0.717676098771954,-0.222776418200515,1.33422564248586
0.712273040846504,0.53577553880138,0.627840927063788,0.755813003044927,0.559358795082533,3.25762718790065,-1.20353495575033,1.41025016245488,0.861612480488255,0.526049983885576,0.758409057597476,0.392825266599138,-0.0878100235327891,1.01645387058955,0.569724576104493,0.8677207773792,-0.746800994963252,1.55422577612587
1.57842336187376,0.582431197016871,0.3313821558798,0.619467919865167,0.829202557877556,0.261832329766484,2.0105342931391,1.92576191368366,0.771328827251339,0.736747595577437,0.660187198103011,0.585251015082644,0.49052755287497,0.742677197717821,0.519841593458435,1.29814360895165,0.809687407629818,1.30128720642746
1.2517466007734,1.59907978944556,0.734418385137469,1.48994339540588,-0.843091557942918,0.535073687305718,-1.28022235520371,2.92230607010739,0.491473005456157,1.56187619284387,0.496965144612815,1.36740631136079,1.32938994847148,1.30038873144673,0.291173894026091,1.27404278755836,0.24942494733823,1.7298557267359
0.79806658394247,0.645523267404439,1.17206500666518,1.12986440196975,-0.215654667310591,1.0711548537391,-0.307266969562486,2.42352287610986,0.272205331642322,0.508289673214126,0.633663950342632,0.663035551870451,0.984007408134076,0.729656121869046,0.870290341178945,0.754162405201848,0.0644921270859427,1.15412087518771
1.4249208726999,2.25644860660761,1.28591108328713,2.34592819068362,-0.190058675235042,2.9863954408507,0.671880686902066,4.78414449406143,1.14101474953263,1.08528184783876,1.0303976376496,1.02454751038331,1.43865688411243,1.42700383024419,1.57462946869105,1.00332081585495,-17.3247877736519,1000
0.469780875141888,0.344070638395943,0.307303553267279,0.276934599691387,0.809804121283599,0.530197852714953,-0.53088675441459,1.53675156008426,0.608078748304453,0.376300831897705,-0.305869723583231,0.87366436193775,-0.101210921852539,0.674065045097029,0.424534611445009,0.499152970982173,0.281978253592334,0.969373228891963
0.601006659101082,0.3405159601061,0.205799506807169,0.180260525987397,0.108957865472172,0.99917881451831,-0.411474385867724,1.53708772119105,0.573954555461286,0.517891971980546,0.627619170704421,0.458680666600988,0.20474671063952,0.385444041581606,0.747931912639714,0.999631820161759,-17.0358819341467,1000
1.39418962152697,0.748001626422009,1.95250713249902,1.82154568376098,0.483174252431005,2.91515763420396,1.77137159928533,3.58076116730799,-18.5406699590066,999.999999999999,0.978962016799726,0.658761252708201,1.26131154604638,0.638573399621678,0.276017546427153,1.00627094535031,0.13571301186259,0.737755012233412
0.720825118791572,0.723687896612915,1.14225054585436,1.54935573897776,-0.681441990761344,0.66087437798407,-1.22198909073189,4.50065392168913,1.30885457088256,0.528795177120721,0.772250693635435,0.783508678781873,-0.811966949444739,1.39996126599134,1.61791060622835,0.820798814926096,0.923556118373624,0.980209394143434
0.357138179430706,0.329303900224662,0.23525168012695,0.221628135969759,0.019864720248329,1.0039322322504,-0.0909144909211244,1.45566027323152,0.388331131005084,0.419809455862439,-0.130486971157773,0.546226249556654,0.00149678560858076,0.681656162959938,0.187230252961079,0.973543705377461,0.381019359610212,0.566427245250438
5.19991527938947,18.3219126656757,23.3933851655177,181.572291163623,-0.976790908155777,0.174122780123002,1.02590414567556,11.620044891217,1.64278975798265,3.94235996367865,2.28287115536751,3.67477715185355,2.30818609499073,3.67778920578426,2.32893893261919,3.99061268010788,2.11526018470966,3.80312051912432
1.76327236798891,0.784645144732488,1.56356642820334,1.59230958059579,-0.483390852395876,0.515108284144634,0.796960339081951,2.24654431858977,0.883914111793137,1.44315491108519,0.737339137070359,0.608055456054336,1.00197136654574,0.620554543546735,0.868971260908125,0.727493644994413,1.11602488337785,0.722535433190335
2.08501273962548,1.0039067852552,1.91952660861337,2.62457700427135,0.589100133154057,4.25528117696777,-3.25499886252313,9.84981006474735,1.53669361943781,1.48762160503676,0.715951230965757,1.97545279187618,1.69494495919769,0.731947390885228,0.615717654604545,0.772427610552489,1.04045316841265,1.02928234298311
0.9366032374177,0.563423341111668,0.591991659614178,0.551264123242093,-0.170348201977659,1.19099099547466,-1.14995089507495,1.41221611554054,0.918301598210233,0.561100711399193,0.402451033876836,0.304796591900533,0.460409033593572,0.686135283804542,-0.671320706116698,1.15637116613583,1.21086812014377,0.562310836615787
1.63817260126981,1.58555721371898,2.40817359303327,5.18963883625344,-0.539047579632501,0.828667268086164,0.186660634672936,4.54333466947896,0.653689494760131,0.993076750499185,0.837304997423135,1.83052715358843,1.32734947342794,0.829269769085068,-0.361570426998061,1.35753783721245,0.605028981839146,1.49197278660214
2.0235010339881,2.05907894477394,0.877648862334997,1.87190099000386,-0.609369466437712,1.02173347195333,2.19596335527568,2.39153660928025,0.679273271918576,1.13111033954861,1.07073914619014,1.07296258115816,1.18065411071572,1.88806866133715,-0.0526814571422551,1.47464214420397,0.874522194509467,1.43433152704166
0.984364645546039,2.24535028756957,2.53703157583971,3.96853406611989,0.00779327435330114,3.83032972957448,-1.50550460041977,5.74275368371876,0.596001404316313,0.373636854092346,1.10397334031095,1.09774341730688,1.02914081707512,1.22850281335368,0.86311012748624,1.17810929773327,1.00011212664475,1.32920405763363
1.28974106871188,1.31973952984364,2.02421632593486,3.61123978348892,-0.285531836954479,1.68131019417905,-0.847181928831359,4.29245100020086,1.18216926273695,1.15797973869032,0.966980089634,0.649542485806292,0.551619246042854,1.13439196487072,1.19462793472838,0.775484325642222,0.566735886077785,1.28181262219097
0.347735705501483,0.28375600608528,0.166341106827233,0.290167550895566,-0.341633846916524,0.611664801828495,-0.30575524969584,1.46123443182163,0.356778228574889,0.539502833871589,0.275013467821185,0.910809379627594,-0.131991692973301,1.47686707601084,0.00701018759410019,0.860166291844035,-0.924165175193748,1.29250112421245
2.65021861925836,4.87952799743348,6.17945700111256,21.3052687557947,-0.798445079307626,0.639708817000693,-0.183113825350243,3.82795256444449,1.12666652317619,1.78932162565617,1.88817479515393,1.72261742707965,1.08672671077063,1.65287742485751,1.69467310725182,1.69855395427975,2.73947439419792,1.87371687734259
0.320089758405345,0.261034122434186,0.0502545584914573,0.0945487993116589,0.759640848965467,0.480066548403348,-0.930241082565455,1.2462288971819,0.487002743763834,0.985518357459082,0.00812523314904785,0.349526945079791,0.360824655090865,0.952806559158113,0.184004691294618,0.819811850273394,0.996696668707158,2.49857063381918
0.71043343833976,0.481628833848885,0.71340276670392,0.967402554102024,-0.0259073823437269,1.56369135863697,0.386078626372896,1.40653898183584,0.487335736098234,0.655040752870999,0.0255411720836513,1.12242708171969,0.552714586565731,0.510048480914476,0.598876242377923,0.705374244843862,0.200334701182248,2.13140614737075
2.24195708325537,1.3075396550749,0.618642996687636,1.16393784779512,-0.201550231555616,1.03584736350081,2.28148521535784,4.57170519836204,1.77635470015926,0.780709709902866,0.445350954606022,1.46706645671086,0.262155587688113,0.997890977657247,0.711590981890871,1.51169486663186,0.630636124997566,1.07735018592749
0.803472429342379,0.634941983219662,0.472557852365934,0.733100802904229,-0.361107266706736,0.924662437438,-1.22092935074358,3.20649466212309,-0.152142765692974,2.99819249478004,0.250583055442294,0.770860455395766,0.71596561734505,0.574315882144167,0.696230552304666,0.792441583280553,-0.561400257550807,1.24800247138584
0.274467568947036,0.470953751126255,0.72929233485174,0.647663191918425,-0.121384879183761,1.12888115499304,-0.800182166257083,1.63672052720167,-0.183257146602656,0.812115507616187,-0.221380579201054,0.928800749884465,0.681061869500522,0.424833136488816,0.674270976616891,0.452785979619767,0.450331798374333,0.502490115004585
0.900459280600877,0.47023672678463,0.55749568511571,0.556928664004181,-0.167694848573486,1.17200320278726,0.687501528716042,1.31710060069146,0.832510597467933,0.620652761373962,0.63172080700371,0.645415952504245,0.287081398448277,0.549631238515622,0.397976226023741,0.802967716636016,1.30870898488143,0.711456729414517
0.986782945697281,0.516800459746773,0.569282819037741,0.742333573468922,0.470953282679747,4.51694898307748,2.12685695002523,1.91898965346056,-0.0173225598076768,0.860418866426322,1.10843791283259,0.618783616906277,0.828261821880778,0.424747444064295,0.925433271300711,1.81137542138907,1.31634885928403,1.63327463639531
0.722600387512712,0.770316309316545,0.255500877234441,0.349789456596604,-0.130485993896517,1.45688618879441,-0.321183411948391,2.26398714657681,-0.165761303451035,0.925575419580962,0.356074941573313,0.798776911805358,0.763494635534021,0.436784909955032,0.385647721790335,0.692350493529912,0.158167554184367,1.22986923889485
0.78155735596735,0.596829587997353,0.786592203693317,0.856749030410909,-0.409027622747475,0.684447728357142,-0.820927132376637,1.45420841037362,0.643069788777969,0.633026778354644,0.629739024369902,0.481070819505376,0.388069395629541,0.644430833649224,0.700589057806456,0.57563660486352,0.433619720794795,1.27934629884175
0.990538599701285,0.985144832252969,1.5248096856602,2.54019190721167,-0.73078938448719,0.451761643122348,-1.37118196933687,2.9440864032685,0.836581612047642,0.708600744194564,0.944051776705879,1.21746174332953,1.14653712049383,1.31074180792682,1.07388768392561,0.910528897907673,1.26327026869534,1.00371131720495
0.583752987029884,0.918629624489713,1.28904774747208,2.04471034208333,-0.435252648905024,0.873325701889962,-1.06887328528896,2.21244263635555,0.491014542956021,0.792013860407502,0.813064017410629,0.649390437167391,0.565500551511843,0.923893323219136,0.476935052161398,1.43993630540328,1.16059466494965,0.854419578331768
1.95136088253263,2.17581373406547,1.89831154851447,4.37034528374322,-0.625330387605262,0.513847249837623,-0.57921406121657,3.62963381846795,1.61364691044478,1.22277437885266,1.0265717986026,1.01060074586934,1.69310996486711,1.06302681760057,0.753008932134697,1.35530192317271,0.82383262220023,1.97184412593968
1.95103589414102,1.48553901378937,0.50799484181037,0.752889313812159,-0.505077816483465,0.589863603712058,-11.4919616467449,998.080305616417,2.77977961841628,61.9335183996457,0.979505278394775,0.755952378081536,1.07729849248094,0.906898778513262,1.15271327461895,0.866473245331905,0.572227128477279,1.02208677215795
0.733982611605325,0.663858867285362,1.46655037269393,2.12541340517436,-0.419827485241378,0.92988280728491,-0.947071546101448,4.70593240685315,0.553110337517775,1.82087881200297,0.909144306990667,0.454975730380837,0.93156553678576,1.14279587132612,0.893267567838713,0.688600267714578,0.687779672732774,2.0323803495274
1.02848293696985,0.502019331893946,0.688693407794219,0.526773402517526,0.350593797145103,1.56986404005612,0.577305577806985,1.93903039857401,1.02911560882654,0.464615176963768,0.10128075584135,0.491750598172419,0.317984984787218,0.709800470821452,0.590478339960697,0.769189709612078,1.31051346452941,0.945085392483354
0.183043709227117,0.386666354661803,0.549575282053381,0.522252180670421,-0.166839182218985,0.70850635467712,-0.39758436964236,1.25462857096819,0.187474712004825,0.583959607828366,0.280203079353776,0.566203561709099,0.56588428448303,0.889522442683667,0.309705417350386,1.11234614346193,0.578942718957157,0.502633098712966
4.47734654879176,38.5458993311253,36.1132659026133,603.174589370817,-0.989999965237087,0.186581098567111,9.37570930381931,88.1703304058058,2.77301396977126,7.84034280994003,2.6525062466222,8.68094196648883,3.03895381822313,8.54627294782538,2.11194656319586,9.47882863657271,1.95999015595908,6.71625680805438
5.91174592839298,94.2210106564118,1018.0228208842,34158.4266870695,-0.989999951725403,0.33317066082913,-48.6957267548486,838.817160676646,3.60728161871907,16.7262375888564,3.07444615351716,16.7487695489054,3.53210784222913,16.7676116255876,3.85555478790223,16.8253607078507,3.3518122916105,16.3575345248674
0.279948244538098,0.444890219240022,1.22725987897075,1.97309724541949,0.63762127670895,2.89559455390068,-2.79492196366818,2.41465365186743,0.970951441332495,0.745395038709772,0.787202229493493,0.74994628589867,0.550808895757632,1.49646817943657,0.14194282738616,0.688866767417223,-16.8641381604465,1000
0.929619021008177,0.989871546021675,0.684771476494747,1.05298413217612,0.251067927027736,2.01978277940917,-0.357232806925948,1.97142248096802,0.59756397328082,1.13583539137874,0.336777705202093,0.944260691585255,0.35680317084212,0.704578618093006,1.30911082892456,0.901598255902377,-0.227890021845941,1.44051198136607
0.450649380409325,0.37700078959196,0.231602361224745,0.233488603290931,0.422628088357494,0.855334272750165,-1.40248416214672,1.54331901056784,0.614838706839085,0.286230049474767,0.184733896732431,0.703171087932211,0.130303063238611,0.557906040453458,-0.75725143169364,1.15620156031226,0.778351125981412,0.702315505804711
0.752458979591042,0.5522481214417,0.829363638086588,0.785126792921065,-0.0607862591276015,1.00621909502291,0.791724241299169,1.89472900627422,0.370702588493766,0.631769640470948,0.33489826317177,0.667788735438954,0.879853738694984,1.29731550447434,0.238395167939452,1.56818108547906,0.295472422876048,0.58252713549158
0.743063952341744,0.377652032008447,0.530320834981677,0.735109434040091,0.589478028508039,2.15210801288194,-0.0888733144891362,1.30161281044379,0.608810254207843,0.35911874287032,0.592032171461112,0.661323346177997,-0.9037751012285,1.42680655148503,0.905835719789897,0.769120747384382,0.503314285936589,1.21768626576789
1.31009540506625,1.13747180463079,0.46986052427907,0.629635203384328,-0.695655884467368,0.575062448643578,2.08063163611337,2.30724619689454,1.04871720688017,0.878769522550636,0.433614933956638,0.692028428768871,0.687513237217246,1.02863565247113,1.11976825739249,0.939320548399207,0.171765489350935,1.27829143579424
0.641943892329143,0.333486981719492,0.11802264926492,0.34789118450231,0.943186072191977,0.0916081510625856,-0.158657546963134,1.65296287513269,0.591762939437944,0.538875983445622,0.60669478953771,0.652560792568991,-0.214287695396228,1.08504355134885,0.232123244707657,0.987759614158587,0.95855167051227,0.740961083340545
1.61134853918836,1.1962358306379,1.33206277320502,1.75350994294641,-0.143391435210514,1.6805312638034,1.55158768910285,2.3437908489711,0.422303424579719,0.715576422279361,0.961998856661797,0.805328236158753,1.29560364235146,0.717650738389696,0.417786778317251,0.891836984670514,1.00607525923009,1.18318275045941
1.11165570140158,0.525192791979668,0.0883394982972829,0.201366615670754,0.911049040668818,0.123107924984692,2.14500491226118,1.39655734562943,0.156207655268424,1.43346174313943,0.645372556607688,0.501693867070315,0.391223983436773,0.676488681766999,0.515899120368177,0.704287902367047,-19.5732702584353,1000
1.11471045408042,0.725435572771552,0.703082189686555,0.803085235615881,-0.228628177261249,0.674219422685836,-0.915498162864759,3.19688857490219,1.23994058538524,0.764973992246339,0.427992203564274,0.898164296340216,1.11379337538941,0.527567520993027,0.794722458979137,0.562820917315085,0.867841353337615,0.818226257836441
0.608290781168091,0.519775313119749,0.82719936623737,1.11253147337496,0.716415023980079,0.803923281073091,0.0302409927541653,2.32636197385166,0.288520518452791,0.648796711137919,0.643222009491695,0.553128143422803,0.804961615537983,0.711483388755113,0.044311247502062,0.765464973145398,0.821364879161379,1.72826780682385
0.440940361232267,0.845893361475815,0.673783637804561,1.17512656277257,0.392610976985655,2.29119652949449,-0.552706123362291,2.25702872934168,0.00386944692623437,0.60942829423974,0.26093769481336,1.27184119931872,0.981820913718211,0.740059455103294,-0.741648771613157,1.35102222999013,0.65118882420739,2.15857748796308
0.508086225972213,0.491387834223261,0.128715859725979,0.179616665425687,0.0604404493747587,1.18997557234757,-1.14023827851231,2.20204027657145,0.0210992002441828,0.667903179121587,0.524638691151004,0.399339193386924,-0.0123452032742399,0.515007303582049,0.29858126408453,0.661336429620965,0.117890197559783,0.570728898357844
1.77723709239653,1.05915268702312,1.01258935513791,1.08674445351454,0.0851274143793859,2.29299831880827,2.15413364783388,2.77393128908198,0.913180432231402,0.668849329774388,1.48486583657037,0.590508082971711,1.11715107251985,0.478719226913046,0.932527889557816,1.03490979330623,0.804111035854593,0.786395953958911
0.63955227074169,1.25253894468652,4.18547371026529,8.31046981859143,-0.776446110424268,0.599947397799882,-8.82795729349102,10.0588100667214,1.59771409628587,1.24585429957561,1.74471585818196,1.12181757153146,1.1655499773493,1.19481808736148,1.34010310252872,0.765574010050639,1.42751589753148,1.89054592917359
0.637806871240471,0.815403674391413,1.54086658370205,2.44635531887976,0.1161932671071,1.88760186665704,-0.399170238494341,3.83479346042976,1.16960506234684,0.829491490627524,-0.314748979766252,1.76376626388142,0.241760764764226,35.6232711383158,0.851421162833967,27.4797287972884,0.257311565618232,14.6564761596724
1.58493806914208,1.12015447541151,1.1530381295774,1.70094902048617,-0.509107166812287,0.57856068675591,0.781009906965205,2.96003799043844,0.318924183830583,1.3853365394643,1.19945872867129,0.556736649324692,0.434393650851509,0.677968794523741,0.75622854444997,0.897710258248377,0.654286671173136,0.931803468492555
0.919293199832157,0.439088773260187,0.582205829886013,0.604458977474974,0.323005884826555,1.70563079959652,0.834751238993835,1.22555649121462,-0.267434381742382,0.703207908772725,0.397965508281531,0.505303086547782,0.689936892842717,0.591623295445861,-0.263719694730547,0.910021116915126,-0.391308738219621,1.09695906666288
0.91486828303152,0.96316156780796,2.68266162565883,3.99952001320023,-0.166522303726568,1.8920063137498,0.384259211797557,4.76442290847625,0.498571769994654,1.16810627210223,0.877258571262997,0.775116398203242,1.23635993878543,0.776571175916947,0.868336471073019,0.995721342437759,1.09379878910293,1.50916337593837
1.30495350008791,0.553485581658064,9.14523059221701e-14,0.000604821646177798,0.967444879259481,0.0204999381335386,2.76063064401727,2.97436863480621,0.634931621453908,0.746335282755118,0.516308396797955,1.00954104751362,-0.186438027716187,0.828142632079277,0.786600479461193,0.393301924807305,1.40715470647114,0.382718084698719
2.15449170609384,2.52660623614834,6.71484691694632,14.223965822691,-0.728211257504943,0.656454685377575,1.18962750312975,6.13936170274231,1.53737680559657,1.38090914813293,1.33101084689154,1.66249786927685,1.6057257415169,0.999857104738687,0.557769941764881,4.35581706146805,2.41725753667697,0.937677473438831
0.594295872019047,0.442479276472449,0.425786459073863,0.647316657430927,0.724224413166294,1.84296207338594,-1.10761426503382,2.12488304823906,-0.0939591299394925,0.958314211682423,0.712483060090364,0.327323649488361,0.625204519832292,1.1606006239415,0.424995718459369,1.36619860071638,-0.771616879772412,2.32709008537309
1.03658753514852,0.893486148017955,1.59551656198644,2.62209014113548,-0.232922493208599,1.97098580314296,-1.03602666024914,2.13857041166454,-0.135346305039921,0.622050053555549,0.945586020791396,0.712304753241878,0.795759329586638,2.10510504585577,0.771110360482204,2.24328455147315,1.12174720296551,0.989642739030406
1.99807569116163,4.96747198601706,5.31335365873551,18.2788906852506,-0.832245036081422,0.48765788323377,-1.87413938985211,6.75418164802459,0.914544416841776,2.5859991573574,1.3908401113051,1.80150822512522,1.12228572964825,1.85859377144217,0.985904748176924,5.95841113266608,0.438634312691322,2.75896035529302
1.32842761223214,1.14103891104129,1.37576241653934,2.0457713563461,-0.737488394580593,0.40985052153707,0.540072507190654,3.66738362255441,1.07150176431323,0.695911016460815,1.19883550934676,0.826166980540671,0.497313319915185,0.80818817200346,-0.667632733890696,1.2637397229452,1.44918806597798,0.821500277062923
0.782910746894289,0.637325343381575,0.711767322953145,0.958033673695385,0.134426604373871,4.05620369097527,-0.151399105855387,3.06298713979731,0.29943165413426,1.01334080280634,0.728084866117846,0.341797141209473,0.168723884183297,1.49637699136631,1.05446416018637,0.634743316836791,-17.326229288705,1000
0.69604302508434,0.47005463492927,1.22424090383331,1.7933834247119,-0.0507690735139268,1.65303900282288,-1.52974456002699,2.14157151339983,0.999203448385663,0.808007911843782,0.492605197282517,0.687273609972236,1.05294287804969,0.975369624348738,0.905855039250595,0.953381149726659,0.842120841846893,0.816335937390111
1.28095710025969,0.711177034304587,0.767786781032024,0.868747107750113,-0.235352164215004,1.0535438672235,0.546590679063195,1.92919824696373,0.942257284069776,0.402749243251237,0.0320938198949186,1.23384561096978,0.149851763356162,0.677346530677166,0.737480804471652,0.957674446265286,1.48564162050556,0.494331287578517
0.502365274861153,0.404982377717356,0.264740525082281,0.294894948552114,0.267057358992583,2.05621395694376,0.0262310738845809,1.46860765472817,-0.168851951873354,0.77852293287496,0.349828731577578,0.662818330892331,0.00171922364271977,0.862684565769947,0.633035327717673,0.582610955790022,-0.979958531225275,1.09120111270112
1.00853676945792,0.595886063085144,1.14060960356105,1.25926953424106,0.22667076497103,2.52629937131692,0.515685787206593,1.81347138106655,0.184938531806384,0.841115128693663,1.22032395770042,0.470040382607002,0.392590080040222,0.707385240979508,1.28204403315713,0.717214720971397,0.614018126393691,1.13380559521026
2.18595028151233,1.33666042751649,1.4242657794121,1.62288246851435,-0.391265373525943,0.899880480093342,3.14207487451356,3.23209847391909,0.827013919430861,0.522041598376964,0.541884143406204,0.731053160442552,1.31384639052032,0.459653510683519,1.62939933245844,0.608794161409639,0.686715524871674,0.850014646108041
0.897946823050082,0.646755213015327,0.591330568398211,0.810893415236058,-0.472146139571052,0.486010231408987,0.727495826716899,1.46806298875269,1.0333327531567,0.515301484322162,0.673952949935184,0.639136144904334,0.69425375630359,0.377825097280838,0.738313695599033,0.80080853662483,0.684111093921793,0.534007256128006
0.518654961975715,0.629542821877504,0.592774535443525,1.02258097392076,0.761172532865967,0.740349247681008,-0.631023686855081,2.53906404528816,0.337004464194809,1.28229273000959,0.933246771900108,0.496230353142119,0.255347316868821,0.716578818651955,0.653667520629677,1.05384396492284,0.289145888268699,1.96143820460036
1.32877031621988,3.45524008218863,6.07902183949461,14.6795053205784,-0.69690327395093,0.639518720218084,1.88392219430534,13.0016986602145,1.14634916918433,0.675374411138209,1.52363258849349,1.3282385240234,2.04927175511079,2.0077111490614,-17.5412782172847,1000,2.12508215443511,1.1177010459702
1.12917961120111,0.646360679093922,0.221018969081845,0.283423534581862,-0.064761271348678,1.32906588967741,1.06561376131866,1.53528134737939,0.479728837499492,0.492250973962664,0.499737660783538,0.654670851337088,-0.448119925668413,0.900035396956996,0.666385934811922,0.830466858183128,0.0144494207357482,1.00478787910138
0.702338217244686,0.547857281910181,0.436701896913947,0.591892001388651,-0.425373917531084,0.534384324567551,0.13707205046383,1.66643985691276,-0.270249946023658,0.942155865753201,0.703596606292813,0.753194965111311,0.624909837291237,0.644476760057522,0.811326311269845,0.716430847569815,-0.469381537666913,1.81753836372732
0.517019014572828,0.506314562652432,0.773593861694166,0.818166281345844,-0.215548950875365,1.46861763838406,-0.406201592026996,1.41760244973343,0.488810648390947,0.80192119236176,-0.669451690888362,0.846176314793683,0.0497571939933379,0.692939202486595,0.922121326755089,0.798999126682885,0.037669473861671,1.10931136426713
1.41426778978489,1.63677040871636,0.976086116929819,2.40141278861911,-0.819230774106404,0.648455294947218,1.44034985172945,4.90183569156231,0.706269695850304,2.01677284235702,0.935498879153667,1.38921468219017,1.15114726299625,1.23376538319096,0.837430080437946,1.40347457376808,0.234854715277723,1.55964260284525
1.4870670935652,0.522066341442734,0.351679524380188,0.373821979781482,0.864494206988278,0.228903589065344,1.30422125783693,1.18124170880623,0.918717959922098,0.341833763916822,0.585686147446767,0.540014804989613,0.628147709221898,0.792840649104044,-0.938366103684414,1.02473729002169,0.989175365525942,0.698490266094739
1.04356874022716,0.733025003479168,1.08122287049141,1.61338966767692,-0.641170886934579,1.04199654477957,-0.180887488599383,1.73967789193303,1.0864917714957,0.85191794398545,-0.128519535595087,1.16229125063634,1.56279847985857,0.973400742850452,-0.378122224690254,1.47101116338658,0.560217042826458,1.14870106742447
1.67417722351492,1.16921371964999,0.769896772255134,1.03165436583239,-0.754105123626386,0.270478405528106,2.4626756924444,2.87912217802701,0.824998843519336,0.655353385042037,1.11839652374728,0.589301528262315,0.897724431234098,1.13681758681022,0.982886146372836,0.843958731990353,1.00173486017887,0.963445158781918
0.211099841989103,0.378517818412079,0.926174431150915,0.888342922202618,0.2071921936929,2.21399219882295,-1.26047405841279,1.67372631682601,0.536668651536016,0.734353233900216,0.680753927857884,0.387724749364724,0.479148079767043,1.42840783392223,0.844883277232945,0.70586215283338,0.163887205570025,1.85154560381043
6.26492211186159,18.9606594433918,34.1100590663369,209.756681319595,-0.98999996875567,0.0631461009374451,0.840655653376089,11.7613219313401,-8.87600455687643,999.999999709902,3.02349670623371,3.12485032652031,2.67093911649351,3.11409049547851,2.4733435818381,3.06838782505732,2.57697043737033,3.31479540382854
0.391832672975311,0.400628800857845,0.262893216389147,0.349152699861169,-0.108941507390803,0.867383051695811,-0.79096069626051,1.66610483116896,-0.460520303525212,0.686396586160493,0.80202075468286,0.604792568385073,-0.215339510642561,0.963044555786218,0.598897520852995,0.664009568164275,-0.870597435427675,1.19290387764537
1.03524717293098,1.12723274236191,1.32810017400023,2.52024865424975,-0.687131720755029,0.566117328490639,-1.58596644911777,3.36168341024008,1.34945133404312,0.880916243559546,0.82787928788005,1.11121265831988,0.907322506941725,1.25188627403769,0.880422676399607,1.057664545861,1.18281192423888,1.11959943726047
0.859633155808678,1.06435630786276,1.86563245895623,2.71419760206095,-0.604489416487623,0.478259534745527,-2.23550950704292,3.13299784965529,1.30248487300832,0.816569733764642,0.709865979069477,0.833039116082504,1.02507567759193,0.949699621206882,-18.9105523851503,1000,1.31728558333951,0.591479714375902
1.0514945723002,0.95295263774897,0.812878629024643,1.52994873267403,-0.446213262941143,0.813480887443148,-0.548743423164467,1.42738169099601,0.747779187767149,0.800206790201803,0.723758332939411,0.884490244631641,0.467402293480777,1.04663191850847,1.07158788706403,1.26550667642428,0.0464870789512884,0.984927958592171
5.19492821728736,21.1343903247096,49.9244516594373,376.19767259987,-0.989999950571356,0.0720603064836689,-0.981017906721936,13.5914372568165,2.54964864376789,3.72820444361964,3.12581155348727,3.8098288754801,3.23403183641356,3.84582261184102,3.20887193031737,3.56616296573236,2.96864619950441,4.76895010490713
0.61725296866012,0.525564372863136,0.7593530414012,0.900897857494593,0.397737672710124,2.87405337939958,-1.42517548584366,2.35972401232879,0.75080826923374,0.88261419805845,0.212067274427254,0.728536301222619,0.81652594009448,0.928945451033409,1.13661173384934,0.818528158096935,0.093587481280281,0.882587205167963
0.281121410866459,0.465255962979594,0.52999239983133,0.718284098213913,0.121032154229784,1.59789657443377,-4.54425852320123,4.77424812189486,1.4392697078327,0.892576728359857,0.590502282364454,0.528817732024962,0.726126383485667,0.645025817855857,0.231853974564008,1.51687230957995,0.657692526046269,1.35726371385658
1.02608566629524,1.00655063890798,0.426654231150726,0.531661492578336,-0.680717488892418,0.531186196871168,-1.58636635665985,6.05454327934353,1.06302584875895,1.47086098783638,0.989157084663045,0.633174526123,0.954707837504017,0.719942970603329,0.563425504444214,0.831927206036619,0.576631678951978,0.897295979683987
1.58158204948389,1.63637430227394,1.56380172844115,2.40548349837973,-0.463493419694045,0.731286369944645,0.371584929450797,3.81049359313999,0.985048777339709,1.1317932574817,1.50529605381041,0.72246167526183,0.957272171882754,0.841273151566554,0.568167257916608,0.885878053784017,0.896203052653985,0.707063325425696
0.864902352684873,0.837586538501897,1.2915039099815,1.82517376161463,-0.115454951863576,1.23528468741254,-3.25759339607817,5.54196250233349,1.22381047274312,0.846570538675083,1.0342015881387,0.841801741640125,1.05136124673604,0.866730290449716,0.332313900965234,0.752535857738677,0.121053908308783,0.917516256716823
0.308324480771492,0.25882308690199,1.46488364933675e-12,0.00242064755670597,0.850244058044618,0.0826610129579735,-0.0861053010046495,1.42613874214331,-0.33369238502442,0.609659499723666,0.192215909763705,0.480535977229636,-0.295234262712011,0.644354844680662,0.282025616632262,0.478251808656101,-17.1108932405886,1000
0.504786298820487,0.752472669510412,1.80251159067121,3.36822544960374,0.561777730121008,5.18741292865487,-0.165058677425013,3.80440908089119,0.104118142430871,1.2841524989717,0.601343320724656,1.58660631500935,1.40193677580124,0.540649992068057,-0.347411022599462,1.10355432778337,1.51217734771481,1.18590197142822
0.93933869389288,0.559650693676787,0.558518192965661,0.460153739652032,0.481591984997251,1.90811540663865,-0.409748819330267,2.19979292899787,0.405318495873418,0.648162267890996,1.21921814475048,0.460895673286912,0.27728377966112,0.749240164888068,0.0979876257792468,0.421106573330173,0.0909129265583261,0.645812923201075
0.846208763816811,0.659542394273562,0.720520401215378,0.852399879279824,-0.289951770707049,1.06584010107761,0.024692126325548,1.24560613811336,0.76345049712978,0.448376654337375,0.894112660281004,0.401212259641218,0.109087284066865,0.667787053570075,0.0784103765048655,1.23946600751846,0.0410487634727899,2.04785409991549
25.0355034297032,396.110670869986,838.096706215789,26383.5297764757,0.816321714345305,996.369751746499,31.0065343041166,494.588230758168,1.72311557206924,12.661961400424,4.22450497450849,15.7020426577031,4.56454237885653,15.7013707548169,-31.1663967993397,1000,3.6391996832151,16.0874910910668
1.08145852979334,1.13510410047605,1.44381678946434,3.04218107363251,0.160879957336926,2.85458162747707,0.71364396577613,1.62735684528181,-0.839095323802637,1.52099919386436,0.728767461321133,0.590629544970959,-0.00856207262740554,1.69517048168633,1.42367293316403,1.16009025521542,0.695650225203421,1.29250513446952
0.679035807990788,0.724874015025681,1.62758418094958,2.86193831442427,-0.417756800563295,1.01064677371688,-1.00367776194479,2.20988595110247,0.378968035510719,1.52309008975014,1.02709810659726,0.713228733253958,1.28155965745463,0.661622936200512,0.508174974959933,1.20420402039416,0.858141855035417,2.18573846338405
4.26143249301986,6.82587519726544,11.8247062655195,38.7459134315362,-0.935780431152662,0.215486679892083,1.28213067202571,4.10315845626665,1.75917661155929,1.62735319435337,1.89804563158958,1.70453011750401,1.8794616685081,1.77462898175381,1.65716928644439,1.89850913334921,1.88331290953234,1.57745288160877
0.990168365315542,0.20043732068461,0.0989182657454319,0.172918311577567,0.70266660010317,0.601444525224258,1.64776838588646,1.19031174012213,0.554243982704823,0.353835006379779,0.447738003048479,0.399130046958783,-0.219345907025719,0.374543734562967,0.785111547070021,0.471263191011455,0.416584241734941,0.9575513004802
1.51579614595733,0.857692431626755,1.12127765750623,1.41772162632389,-0.428797229897351,0.958456426777964,-0.416716119897074,2.1204865139031,0.949501072296592,0.502548206851324,0.943453212559769,0.456454769309114,0.705936373960572,0.888389699389614,0.271941063020579,0.514583256523684,0.47848897925178,0.558461626833848
1.56550079462819,0.929723203741173,2.55853810681528,2.97335827268882,0.782498414474763,1.08166773126712,-1.11263034089487,3.22681796408586,1.30666143034015,0.63725795682106,1.49600927824434,0.707946740022583,1.08337876485241,0.565463721293994,1.0070087369526,0.467381027433923,0.768534150470384,1.07423118648298
0.770581631645415,0.560294893696551,0.653703161872664,0.963685689649278,0.791442825469642,1.05701347802228,0.543001643341955,1.76705251682694,0.213070139998548,0.495306299456633,0.63336042125403,0.420524565898797,-0.165868104021033,0.987030142812895,0.557537833639555,0.623606082208423,0.486669082201854,1.29439018098387
0.985928992296667,0.843966188819265,0.900121859184227,1.44892632897206,-0.145260212437921,0.809314533520767,0.383483081198476,2.73055981367708,0.676341123530902,1.79987055097856,0.551580895694862,0.723677764259078,0.473030780458793,0.761389223857737,0.736105538129562,1.02017603917859,1.24801627768887,0.795896153659115
1.35087902635098,1.26432449101937,1.9423367670392,3.48105135989453,-0.0688270706668681,2.53445528164246,1.37543766648432,4.17072392622018,0.399625718301209,0.880889618604745,0.212316335760264,1.52764622029607,1.12446368395331,1.21786330129702,1.0481272471753,1.24500410087148,0.466265753502965,1.18145263669228
1.50570777250331,1.47562258803143,1.47740968751014,3.58254094756167,-0.030093487386594,2.40638784520102,0.37147240772989,2.93371465172685,0.765357277399012,1.87069117653663,1.34266098059002,1.17301621003158,-0.165865636837728,2.87438728244915,0.320158698512577,1.50954468444475,0.327695186851303,1.32866964826429
1.76023384989732,1.15405114710731,0.827114670610402,1.61712554891649,-0.506127248333309,0.487012551390989,3.56206307224069,2.75994381233624,0.185737440903464,0.839193191267742,1.06372538909269,1.27325966864286,1.1390774467402,0.831589170259767,0.367574361027752,0.874209704730521,0.456541059323305,0.981163009072278
2.28040249042357,3.02306177260045,3.87386815541336,9.65510765264477,-0.899159274106797,0.251610621333698,0.314450178701502,5.07411853312204,2.00651297035698,1.25027209633611,1.10030620857216,1.31570601746685,1.44587963048336,1.46659467380006,-18.6367227448657,1000,0.96714925867865,1.70919308493137
1.09442313218283,0.789519986175544,0.870117292311762,1.24002219785992,0.203251292967829,2.4357457139962,-0.506040781232304,1.93058674705792,0.957857782393572,0.942197662527256,0.912193230106544,0.847047113386225,0.467239636277299,1.31182341061691,0.383253795189681,1.55915694396508,0.863333972084091,0.658860029041244
1.18820328745755,0.95989303686391,0.492606974121466,0.850779022465942,0.286779672798318,2.34632555700322,0.249132953899618,2.23352118941629,0.685460821813813,0.697883170909873,0.741998316288505,1.05728054850534,0.116083833458137,1.2635242484322,0.70754401499263,0.818955429291297,1.31382295688748,0.957790925731558
1.12639959647567,0.657360010789869,0.877135120348746,0.998417760038111,0.207558977566924,2.07174847750537,1.31733025738592,2.25709522353006,0.175249459465908,0.957500157994751,-0.0157752985199237,1.67574191031643,0.594088771983989,0.766525957943928,0.598078890885039,1.20054128091984,0.813018036922873,0.703735197744717
1.07687100311254,0.970283458719141,0.762636354656986,1.18462393390185,-0.215653854969935,1.5454074357989,-1.36194730669475,5.36998281915918,0.769566968379329,1.98510640175429,0.864200379668117,0.349963490066518,0.464779046920283,0.982586932287546,1.06088310905816,0.908765359857266,0.629852638127799,0.790383470557739
0.622538947025864,0.574177390778722,0.677540126161798,0.701220375116265,-0.206131202958104,1.20648172300417,-1.5695728294055,2.94386689612308,0.357534906919768,0.664652079636223,1.01038127996779,0.575905721618728,0.328405997546978,1.01821632028154,0.501884704526637,0.520343952371303,1.07496951353874,0.739361449257007
1.33289869929795,0.66838985049918,1.31776182069881,1.16969625778653,0.319332577583407,1.64467625386929,0.647288702265554,1.61093907872128,0.977980343389733,0.488290546055364,0.0766232148532439,0.691715007955299,0.648478099924734,0.419336318829839,1.33569719668295,0.521951510780073,1.73587602847274,0.611620184949351
15.345240077563,129.233967522888,168.394902841727,2741.0884467688,-0.989999979600455,0.158165019675144,-10.3048408806746,80.93904477388,3.42466765394404,8.16850988587922,3.86867479322114,8.28137594732609,3.3501710765202,8.52264627680607,3.38279676373074,8.00180326749792,2.99880967947427,8.57456318424928
0.652626004350001,0.722066791142139,0.390532603532711,0.601892389042522,-0.252085155180566,1.56540752172307,-0.712360871913723,2.20117227883685,0.883974989798962,0.69992796298943,0.770243808623164,0.788841139784101,0.577597177542134,0.941983807616101,1.70488854622837,1.52007029094451,1.96999397376637,999.999999999812
0.58073913704884,0.268451029828522,0.145515014254431,0.199820934158123,-0.0556218726554865,1.0327948941107,-0.31538644210524,1.54486058357158,0.644943345402125,0.568303500389689,0.528740808256716,0.572718627567434,-0.248327805973657,0.82552088343992,0.723882150306636,0.498403739684314,0.711964824074079,1.38795521513723
1.24904133926386,0.878653356512522,0.769491018478349,0.860371001168544,0.127908079041484,1.77819717593739,-0.458494709500034,2.77408461813645,1.16282045084668,0.638816621106887,0.881633599662823,0.662494515225892,0.850543501752974,0.572651755362749,1.09455831592109,0.476825852582883,-18.6599085727999,1000
0.734057534483574,0.221528137886991,6.59528280857528e-14,0.000513625653896908,0.952801131896846,0.0362656833651342,-1.05179355795169,1.74534511351759,1.17400126885251,0.405523122325819,0.767125321083773,0.445105580150378,0.263654852851671,0.737094458183661,0.215778741751874,0.936332908750752,-0.0727512388288026,0.811087443148873
0.373568183636694,0.919668846536088,3.13003713814691,7.4107143050365,-0.192856458871877,3.61745142974377,-5.03255779511507,5.88836764211926,1.16007915699145,1.36082426582202,1.89379574172898,1.11299812772643,0.66497067382141,1.42936196807213,0.403763294620198,1.46633156555756,1.17695701125374,0.863495220895567
0.722088440210745,0.373906861033382,0.308826582124184,0.531106019913533,0.276145220869417,1.82118421610944,-0.215162749862926,1.21460693804049,0.114314702783787,0.447685036765333,0.553899853696748,0.450890416093734,0.211364115777258,0.886770133532449,0.48867882006814,0.869060258808755,-0.46643268401632,1.74201752289311
1.1979964960839,0.981392287473204,0.724553104634391,0.850536865238988,0.247797010915651,1.8334257424741,0.798270045650961,3.51110134904165,0.524419363259387,0.476450528773652,0.531972825776,0.688665752251633,0.63029234908207,0.554857704010625,1.09388098535646,0.699911156612967,1.13048359638501,0.675786313572627
0.809166242465044,0.46001379062216,0.259263154381881,0.703476744702635,0.927375688338881,0.126128390379977,0.202656806039593,2.11587814094711,0.510671946977054,0.470567032365183,0.464926313546805,0.676848823402783,0.392889377018071,0.642693628098854,0.109477490688021,0.921056480100546,0.626670348654384,0.675586308666157
1.15968027727475,0.85058545882575,1.75827724213338,1.87600295962506,0.39318145242496,3.70103683751636,0.573919873351467,2.0897916845259,0.461013137387226,0.503505711996777,0.344029711920535,0.638350315108516,1.42473590470256,0.52168498170429,0.224924250407837,0.801969882973933,1.57502117977782,0.510159523429901
1.04451323989859,0.843876977555185,0.871040326578087,1.27757543839981,-0.514251213284396,0.560581767380158,0.0474052016080663,2.0187371139973,0.785616523680641,0.615034638663556,0.17291458497588,0.706131506739807,0.845958120256001,0.596467693656058,0.498957942949684,1.1229293330052,1.41901001585908,0.674967557755274
1.44060696926534,0.677886983916144,0.440982383090675,0.463546434548043,0.0679793700794146,1.46180575166229,-11.5899487774751,997.174567397024,2.58585072396534,75.1191777281098,0.972030278500937,0.48687362024685,0.398053138838897,0.457184452432167,0.810425200459828,0.544178560189687,0.727184605463524,0.550230335166743
0.308530217443262,0.278138965903808,0.173629274703295,0.288700599906865,0.200620466482581,1.86143234012997,-0.180254113443628,1.47387066488848,0.267859177498678,0.574490833635734,0.215187076883025,0.711724076488737,0.116958195473982,1.60585838597406,-0.759178091520521,1.98513821391811,0.813551008432407,1.27866420401216
1.27022011822636,0.488697562364835,0.822289900683302,0.977005876984485,0.543009954728962,2.99272436470081,-1.96709947356146,5.36597623961955,1.55408947486901,1.03078275919239,-0.141765907316887,0.963581898242085,0.727629065415968,1.0191995076463,0.892895567947823,0.669923049536223,0.439875589482748,0.633015264741746
0.790787217261335,0.870736071840392,0.804135533707663,1.42151252972289,0.239347114226559,2.55701999338958,-0.504534287025148,1.97693501835439,0.721895398007736,0.439587895486311,0.0753710218767977,1.02944879342862,0.592864937212402,1.09247062091837,-0.990007166911414,1.71268688693653,0.616115974572656,1.03164483701656
1.19657288780728,2.53719024855201,0.832674423016799,2.61785988104456,-0.499672635440302,2.11463484204727,0.293256918061773,5.3722803474096,0.214379172345141,0.792378046751735,1.21542589299086,1.87447476281521,0.0842226328324488,3.1965051350189,0.472765421213652,2.3032835683009,0.815092931691025,1.33192325576565
1.58774274945573,1.53848398811996,1.24245826902305,2.13528096184222,-0.730519676640084,0.4722553435374,2.07584731775894,3.0015515321313,1.27918685591791,0.909782096433998,0.901495388160255,0.715655595896623,0.669487259415423,0.973537106426657,0.642689733130227,1.67396029884666,1.18937136744579,1.04083361954159
1.44343035634324,3.33736241938029,4.43716328340953,14.4795996211287,-0.918881079300991,0.300184140524945,-0.650862560107618,5.38286463599784,1.37810401560406,1.81860582888306,1.47959509975874,1.55113598096612,1.23031102705898,1.83523228365254,1.91837549167084,1.88039774524446,2.16359597058805,2.9435943849302
12.4121194551381,79.7215740485976,33.1397227814486,417.606609937447,-0.989999977853032,0.129141038070147,7.063871855508,60.1250510923482,3.18418486970601,6.45670982669164,3.07949930008357,6.95176317294945,2.93984682146841,6.26030431340875,1.74975033649146,6.13178144740047,2.94363669966601,6.36657646195925
1.05870002316227,0.863386509755802,1.03380596128403,1.61238451814968,0.853220858748955,1.20834599777953,-3.87841271285198,7.98038753339514,-0.0844453405572872,5.76476882508867,1.17885554287182,0.846791989667908,0.840783836617464,1.24665464202451,0.980515070749872,0.93705853627719,1.15997951002429,0.762677765456789
0.881111525161341,0.598520139993356,1.22336804294757,1.01269373599706,-0.579597272950756,0.505820083916753,-0.798922887885483,2.16471776875333,0.96708997647654,0.64849817811619,0.504930552634251,0.58952546792385,0.962106284959179,0.780811140131173,0.914959344079512,0.885851646376043,0.854995813605044,0.652339170763579
0.880653151060425,1.87518458832464,4.1276586434934,12.97760056957,-0.924281036036645,0.229675141358869,-2.46736633500949,6.10812551925148,1.13097921734268,1.77255631834472,1.4526207128408,1.65369708906589,1.28841980313334,1.56644129517269,1.67852844152269,1.5882145311149,1.66955520829691,1.64663209746291
1.79144952089257,1.25698143546848,2.45852618641748,3.89183132053244,-0.174508945887155,1.50617300855624,0.419649561833137,2.86253853817113,0.774118185823535,1.3945736403704,1.26885127917336,1.02854579781319,1.62300202182239,0.795598759044203,0.728478028646059,1.49073906482791,0.86967636353859,1.40132924024355
1.36727334755963,0.713256626642752,0.299298540435597,0.855832079811315,0.873091166957213,0.559453783923102,1.95569291331974,1.88785182887517,0.87739151645023,0.637585364048544,-0.485409637846985,1.14259699481976,0.699659866483053,0.283009080351059,0.600842890351715,0.611074800886355,0.961667848530483,0.686678672015298
0.594981984405226,0.451020836652088,0.240284894532809,0.35305445192587,0.149786705120761,1.59321619607243,-0.208452148207239,1.03696227164994,-1.45761232359846,1.30710747665229,0.361434120822648,0.562245842726365,0.499572557332874,0.490284654890489,0.318699171332454,0.595364338969549,0.615827655958028,1.24338588278685
0.919870792660763,0.800065520479467,0.91007499188941,1.48175173135838,-0.00139497595945012,1.21015726251911,-0.069938513392126,1.18278198587625,0.854314162280261,1.03164245068035,0.243332370551835,0.873912071265453,0.888714432854635,0.73108605835297,0.797470608283765,1.52653592563791,-0.450781245386254,1.19750443380994
1.40086961381248,1.15750455248542,9.06400240609842,16.9910245239847,0.629669247191776,23.3754144630264,-0.477081738941509,7.3345017344086,1.103474943026,0.699583356165042,1.87679565441906,1.24128804251485,1.15652475108002,1.00440043103214,1.63882205834062,0.928513621800925,1.2234819472563,1.60938530261591
1.0359517178749,0.89663419933003,1.58046151923356,2.70082192938879,-0.698008842440018,0.397829413599798,-0.202774643719045,3.934238675399,1.07160106781735,0.698063082966045,0.605872244763911,0.916018298276858,1.13720430574146,0.887915545878226,1.49336946154877,1.02790436482775,1.23595150041635,1.09292008886114
-0.508537315737109,9.64967035148707,26.8567310402521,618.514300893562,-0.943836648290864,1.18486598361063,-11.9875074324763,155.830035541836,1.38599703759087,14.5174907191833,2.87256727075365,11.2069585898101,1.47060137907894,11.0752795131974,2.21703840526639,13.3580594768838,0.469506726963569,10.8993403659553
0.433869620536121,0.367090613376866,0.43838435891244,0.488129220356162,0.423310420137948,2.28336784259075,-1.33513385325396,2.12277677996513,0.706665981833996,0.583772932435206,0.659990418162986,0.491386350361051,0.284315391425802,0.678021100440973,0.308324138157138,3.59283254560376,0.21640542777261,2.8943810767397
0.608501773233449,1.33338024905513,2.16105101540834,6.60986860067329,0.482404506246647,4.51165557326619,-0.857716775367268,3.33046004413381,-0.150436350985373,1.9898447143545,1.44854686961272,1.16963905555228,0.692832199618008,1.30506853638259,0.324089147653023,2.09602974653619,1.12379240384096,2.41035360214782
4.81373122494952,9.40904633333565,6.64134604414864,22.2018485389531,0.517160879665453,14.2492780189999,10.7189257864673,28.1505975680158,1.36080001791472,1.68473246407804,2.10133770443658,1.8218926339841,1.82829956279336,1.95595193352924,2.69085614104747,1.5812517130039,1.19374315689398,2.68337741337146
1.40732423336074,0.847858797917332,1.35236662761296,2.65676197774585,-0.643435735961188,0.577853369052271,2.16330914553341,2.60510244542391,0.789211525482365,0.715817995156408,1.11664257803523,0.647054947389667,1.01394901602,1.65233235771778,1.04776207231473,0.955819799785558,1.05693551396394,1.49084390717471
0.499798720526623,0.57684739030033,0.300000021812183,0.369147745697056,-0.402706715034361,0.68197962296922,-0.0980701825623974,1.59311270009605,0.208339945850527,0.926169573131186,0.418646579404426,0.609578109659683,0.884918465144568,0.971118597463205,0.017608099304758,0.969525505261388,-18.1894876469316,1000
1.53503884455808,1.13883577834023,0.208521071527739,0.315776494143539,-0.408258222400831,0.913388028332411,2.23987721470122,2.8291040846305,0.215317052659689,0.984692097468637,0.733330758577599,0.725433276149824,0.640910284039091,0.790783021293322,0.804858916361708,0.826305588181179,1.27080834728423,1.00932113482732
1.21635488020099,0.658342341955735,0.587469132792271,0.71049434788176,0.107518117097831,1.69623900560241,1.45312558817206,1.29238769294774,0.585712946400723,0.567026259693142,0.263229442501508,0.791038204558674,0.510860286196533,0.758580313468054,0.316088663361857,0.758079193768747,1.06468025362312,0.682455697189565
0.669302288018013,0.866212999775297,0.983738583610726,1.37801612664376,-0.0894939932225149,0.984545046762854,-0.301097040259753,1.67992147089826,0.900768294519914,0.878080103833788,0.425334964824006,0.683627164774322,1.06289992648503,0.797054734068391,0.419317112903206,0.767412095227999,-0.269803415398573,1.107722940219
2.29853459424495,1.37425876883804,1.39117337829352,1.8758901874573,-0.653283806863238,0.645015874223362,3.30794254032,2.11183774177795,0.523443132521137,0.60721578269788,0.859057822236559,0.928024867984488,1.26973309136026,0.720318603076177,0.871856598283229,1.13992912286085,1.24879399066417,0.923884786000166
1.64929165647163,1.33867869093687,0.514879817366239,1.46779178651524,0.987604681625907,0.0180171321503222,-0.984753769169409,4.48593384456917,1.41266043893544,0.54843679158689,0.98399013234996,1.11694258072465,1.71671383661688,0.753412930625539,0.0673623128156946,1.10382076795328,0.872870953788119,1.31021406585058
1.10677260708632,0.521135899998971,0.361733443583819,0.32820902344371,-0.00465947386468189,1.28209500646796,0.785927532686652,2.27184491618339,0.433830029593653,0.872012322038048,0.616789292137068,0.439986650209813,0.944234215468032,0.523035687177428,0.948115326463566,1.14673549749733,0.25256284335822,1.20741418124573
1.2976181450325,1.3016101846503,1.98923955633542,3.26858507220119,-0.458470403969767,0.76925836455469,0.566632334324031,6.35697470266064,0.716608838359303,1.10130239183952,0.482630928087406,0.876943267497648,0.943677423526337,0.849512789126948,1.02132020705159,1.36123733689685,1.44945956010671,0.86906668924579
2.14142540109393,2.7244596268456,3.68820300866042,9.18660206736799,-0.875601166471088,0.321629889982502,0.335536340833578,2.2233802008321,1.07036911830956,1.48610089697456,1.68825934201001,1.23002779850742,1.08620112207844,1.36070596393014,0.498343492135913,1.5113135368545,1.72126724886641,1.1247569539062
0.932719969757412,0.660200250842587,1.46527248062711,1.43808070582201,0.0610402380790013,1.87667838402213,-2.19019300886178,3.84700785409495,1.30219098678761,0.541883053473181,1.25544363559529,0.642790435978389,0.461295762392916,0.535415308737159,0.682508057995437,1.05108582525157,0.832661171483906,0.681986145137166
0.56026609305358,0.266958724128495,1.7069168848548e-16,2.61298058535058e-05,0.979837225688956,0.0172171633875005,-1.4782625421906,1.94236539533438,0.920763807413147,0.35349289131976,-0.225084756378087,0.662983084570545,0.900774110001254,0.485838556417534,-0.44973092116705,1.14270280996586,0.58993164410966,0.671115210409688
0.854468124714219,0.5618111857139,0.774280932978179,1.01356800495085,0.297301841917971,2.06554081023894,-1.60199711308206,2.84720558648173,0.903006506005558,0.652075717399432,1.01769563083178,0.622144165391897,-0.356565046919483,0.643975726742236,1.1609413540973,0.665636137996285,0.421451204116964,0.917709071678456
1.02811257409271,0.819961925782869,0.642278547235181,1.47473544132386,0.65482657479495,2.63948198378574,0.945098461079625,3.43297216587517,0.973462653394746,0.659088994175563,-0.0965685890031926,0.616562528267051,0.569621523096866,0.742690627081231,-0.825208543143698,3.18082245253103,0.917067854627927,0.987535319543942
1.57212178184264,0.755794834728356,1.29828993700519,1.42878576985681,0.470887345708169,1.64571886061063,0.0351232221048197,1.76834041984072,0.837937081148361,0.598966468697165,0.940847368836214,0.849344755702726,0.815807010997618,0.512813918982209,0.899912553371039,0.875906338781883,-0.0941519491752237,1.25950101872524
2.17928748925628,3.60927917214707,6.06328280185035,18.3639689021082,0.662762375998846,4.9881619116942,1.92702298712688,5.5122791473981,1.18117356817916,1.22382440957085,2.11711168399395,1.5065787297174,0.397417509291276,1.91608869110458,-18.2368086346404,1000,1.44642153367418,1.67423599271387
0.636216568591914,0.6295048749023,0.361505577428537,0.516650426011609,-0.256841604881707,1.18647982191596,0.360341970734327,1.79287021273851,0.315995502872864,0.893840356239616,0.0281818950571022,0.892689128416396,0.520452560493532,0.726063845992345,0.717030683630434,0.712202531225031,-0.128376853205972,2.69503386194634
0.491979148090651,0.564992463993787,0.658474367215449,1.15173947709772,-0.137081624027189,2.06124196666963,-1.38257171495552,2.68496660758214,0.381221991653212,0.643489706550455,0.722334258983895,0.6913036150258,0.685841161384936,0.847642643960447,0.518930872693457,0.946823381274839,-0.561036818126322,1.90730079994007
1.11027931936338,0.766195007607315,2.14957780460772,2.83454970795331,-0.702966885372682,0.434816965271139,0.0355833358165469,3.08968969308263,1.04868703754015,0.860581257270481,1.08931258262664,0.899469907964131,-0.00535378889222935,1.08859546331619,1.38496816824252,1.19197776023079,1.24476458289803,1.21429563184352
1.2021918962249,1.54618206101103,1.54582021682136,3.24306311289947,0.915947824040639,0.46034012092019,-0.526496053904215,2.59701928038154,1.12433637570693,1.27294973790229,0.447548629784317,1.46738547689572,1.83549328951503,1.14005154645561,-17.7699548573499,1000,0.406898688650766,1.54845712345095
2.05602742715966,1.92355298801307,2.25549944121608,3.68879126777372,-0.65822346346722,0.396875792295671,1.53551990229228,2.77747328374561,0.636983168577622,0.934999590646871,1.29728904500194,0.691693901273734,1.53635667093045,0.714288950581946,1.5136190744122,0.737191684017258,0.33348542356763,4.16623603372518
1.11356779954263,1.86944889206066,2.05881128788785,4.05106464958913,-0.71815280927128,0.705301049294037,-2.99605461152094,6.09273259116245,0.079610982155446,2.27494770499497,1.58939525772874,0.858421426571019,0.710154127551047,1.22268801127238,1.12561337666023,1.06539416428062,1.8393950531435,1.36098658592339
4.50733922683341,3.50813318572041,4.14913971945449,8.48623743870357,-0.872155401570189,0.23273961660505,7.40233369545056,7.77354223528824,1.75363199384483,0.682164007259008,1.58904092998999,0.900814360915897,2.08924882885993,0.992584439228607,1.39037114202726,1.31692121953775,1.10790528838976,1.37782714605151
0.842638149787208,0.57494089528945,0.0937698207574213,0.338155103628409,0.853930524660141,0.437757217712418,0.438942131020103,1.93650649253527,0.10353583313889,1.65959716020468,0.633608749145972,0.268754982487439,-0.0353996298232534,1.45480784775034,-0.133000933437072,0.856163668167721,0.548437740002919,0.511666803391112
6.51549844273963,16.9241549917667,17.8066411660476,83.6971715728347,-0.971069394824397,0.150695955188939,8.95753596528959,30.6737848125154,1.50272209784338,2.68371363436568,1.84933043190916,1.99096844353225,2.79656524437137,2.39755359244113,2.22476207419524,2.40948784533631,1.50749737076921,2.71531862219341
0.836998936390967,1.02192475245975,0.957759087920496,1.9069386934698,-0.547615393768149,0.649298205174222,-0.825352491639855,1.88085734096399,0.990630639721252,1.34091653917255,0.939103740525398,0.836532543305674,0.753018811436551,0.783269642343761,0.582370822006372,1.28950889008946,1.44133671871809,1.49800297154383
0.134008750287544,0.370172961229014,0.42563170565808,0.52286392976759,0.00426679485370602,0.896597071421508,-2.21252483714519,2.91120720365582,0.116898149453791,1.16515284321771,0.455072041892985,0.640406773975156,0.9585285339562,0.517507052594362,0.586354132757739,0.568188382034361,-0.477147381146516,1.2033422322302
0.844228482737661,0.480996051704906,1.1185106403608,1.12860058661012,0.776709289712341,1.19947066340705,-2.12478454829306,3.54600298786845,0.900225103562212,0.681587677307408,0.802995757727675,0.851829062725207,0.858767809417261,0.518058812251521,0.807438544867071,0.740003720710254,1.00369782577651,0.781970343003079
0.336772944181418,0.270509400554801,0.0967752222162534,0.156818411046512,0.75198924565354,0.434223949815685,-0.896280073288307,1.11846925149702,-0.193679652856292,0.387981499476921,0.290278667312881,0.373964335868704,0.437026370804421,0.543891486732765,-1.02865765555386,1.18754505258851,0.346412747302919,1.13058005490381
0.288983053205224,0.731277656861821,0.601113444166505,0.718200649690309,0.350538128241324,2.02557159991603,-1.95530468878955,4.30404486063572,0.590019441593742,0.680101359723713,-0.0323893413876108,1.44256416367887,0.0845933935865605,0.627578523759966,0.212254732551455,0.767825704004792,1.2825077516224,0.864609962128507
1.04929649450777,1.15487936461007,1.18608444819786,2.36759596210946,-0.740202622706904,0.382771116149219,-1.91110626337095,2.57669942321811,1.30858264833421,0.952702417588523,1.53209854054918,0.858350289196873,0.572686524648954,0.978408958711262,0.491520551592233,1.93433207353917,0.170654167872841,1.54220739109252
0.768194507874822,0.552872134187869,0.503279978111297,0.658567155251157,-0.498870898092936,0.970860854624993,0.67096912864851,1.85204287256038,0.405337039464904,0.817897228425709,0.473018555540533,0.611157507069289,0.763417977662674,1.35487133107779,0.430406568743249,1.77955990919414,-0.141513231816282,1.35404092256951
0.134910812341388,0.76328821238076,6.77401147532238,10.1647147241933,0.413671931037902,4.47208367865177,-6.93150767793908,4.6552523233383,1.37270177985698,0.697448164260256,1.32211487614896,0.867380015412527,1.39211465837619,0.992458091046157,1.65522398513523,1.01060408379978,1.44846609662163,0.770314781631604
4.27947466489641,7.60773087259164,2.22649927587757,9.16731968809222,-0.66450829119218,1.05270535228449,9.19153046020698,18.4558759184901,1.8343511735893,1.37444938788081,1.03344715606946,2.35195985706767,0.200574156052558,2.39817012351891,2.17693524781828,1.954251605606,0.38102692888724,2.19169897083418
1.90693689284289,3.06245017347063,3.16755312894133,9.24956030846452,-0.854733024717666,0.464855062862621,1.82649251516878,5.55955603308456,1.56554232820154,1.48576335922768,1.24236668377394,1.50323156146264,1.22939323147841,2.21211189337916,0.847397614438458,732.650260329506,0.921065118631199,680.607804107651
7.43067731640769,13.3826814680221,20.6048369389032,71.8902959056214,-0.927502533656512,0.263360375413949,5.40550399718708,11.9003799056703,2.46924041497556,2.01644075495793,2.59003163247082,1.64077523079311,2.357556807139,1.79296243602547,2.52260320941264,2.00216874628567,2.56064179832787,1.77927379102647
1.66420357955725,0.645910345139628,0.314314869736812,0.83231974114524,0.950663457471839,0.0569272518160738,2.08444069886064,2.36126300665922,0.206451739093934,0.789274059706361,1.15923462616502,0.515277625023954,1.26671759740848,0.456191657530423,-0.0874626795112507,0.999639515188913,0.547036672839982,1.04910881494348
0.98212050033623,0.5091802619018,0.754715424200445,0.942146902303248,0.42367370036602,2.39784318018616,1.22182701097274,2.13678127199597,0.154727783357732,1.26074872141645,0.248498133450713,0.911670283396821,1.04136860661378,0.474007547638801,1.140605389874,1.0066751040388,-17.4798560079601,1000
1.13306369506523,0.525718827678305,0.857242579073478,0.72142697454376,0.847987306664807,0.872767240465788,1.49043260108472,2.37904433877639,0.415676427333535,0.588155038623249,0.859312263791217,0.613002256723139,0.508166970253668,0.973215273589064,0.954917987277054,1.57488533697638,0.400535194927369,1.81405423316622
1.55740402517278,1.02183370203075,2.65699117829269,4.27305934175943,-0.0300174451381243,1.42455064290664,0.43393830384087,6.26635604702353,0.948704267254582,2.60189713212168,1.11015908630871,0.595963882866726,1.28402724001694,0.604654396362619,1.17594809170686,0.757676066149277,0.626977149647885,1.66679384460848
1.06157825986834,1.21939060253076,2.34302873358065,3.82093129593514,-0.824507583305764,0.26707217655833,-4.55851640819256,6.24129306490008,1.89616980634521,0.860055732919225,1.09209621044434,1.05856852356293,0.922423446231287,1.23864298992251,-0.60087271555728,1.38180797345357,1.53625436477924,0.673202881600786
1.11540321148438,1.03679084112199,1.02146523958071,1.09780765338206,0.0325707001846757,1.17246051755465,0.10789571862704,4.13444498488491,0.872822861735196,0.808187091413192,0.691736771788552,0.408108542662022,0.0514423592898666,1.0256751879657,0.751391244412437,0.990346571269868,0.936593180080532,0.768940583139119
1.37790645774517,0.758001010020357,1.45436007891584,1.7338877037727,-0.512451625153516,0.89487516974373,-0.298864480390817,2.78756571055536,0.803254038851205,0.675703346667013,1.24376635090433,0.921514551194616,0.128222252017008,0.865389393511725,1.19273524585447,0.568600855518607,0.756530382980848,0.817920674596049
1.08716136000829,0.850170723443954,1.01370033646148,1.86069672661022,-0.780792231326816,0.399288237756908,1.82872488884999,1.79589653309424,0.924270996485704,1.18553922064877,1.21954481840416,1.27205171311452,0.352642417381389,0.925410026139266,1.67304247678079,1.00994732495326,2.25441384244712,1.09824598917552
0.619985567596385,0.445095532710511,0.753438694062665,0.861440765466646,0.22102707939886,1.75224730383347,-1.71645213615232,1.07632767920785,0.829874587689428,0.579144740390504,0.0813008690517758,0.614300130762555,0.918267158884765,0.730041531725983,0.802710058200725,0.740757647180647,0.0129783971269648,0.936190428293226
4.42739084042332,10.8096536017103,11.0296183674707,53.9939912600689,-0.951499256635218,0.208854150608337,0.934902351152612,8.10540809819641,2.18374152103976,2.37058229970861,1.69684966208965,2.5623810197559,2.09045426816341,2.26481656014972,1.36387356206222,2.28868809217492,1.95982784121713,2.47564414571053
2.79240110993379,3.63408281427806,1.20585855329817,2.65317889512088,-0.857216417538777,0.301538295141524,1.85800151404611,7.86784625570401,0.892833745953596,1.29587332519884,1.12264888456185,1.39705096373711,1.80294481769668,1.35392680458045,1.40846138785405,1.11813765846924,1.58710379974448,1.06192351153716
1.30170941737452,1.42241445857367,3.08038467307643,5.35443258064662,-0.473422697404709,0.775326743098836,-1.0099816669235,3.17112277297813,0.738654533106222,1.6952031936514,1.2435905726435,0.686870819812058,0.805404210496248,2.01900853756947,1.39397728435549,0.725738321669658,1.33455622974021,1.52879046016039
0.846815103876141,0.303922040478458,0.333173266345472,0.29093479737225,0.3402971770721,1.24602340606343,-0.0421486788202249,1.5169835688655,0.0806312575089432,0.927541252203267,0.29213970774063,0.522982652989131,1.00834233804087,0.345298162677053,-0.709929173131048,0.85319083870682,0.763948614698333,0.811451054550481
0.501303856891564,0.569967074534474,0.806156978837762,0.83373798234121,-0.0585225079744132,0.983361958369748,-1.39761895525962,2.12990683120221,0.979473654549423,0.620496752985357,0.308571061479832,0.611150367893141,0.728257045548778,0.670119854872082,1.00985132189593,1.29930935835042,0.281679832476947,1.15633537117823
1.74083718894856,1.48351830210123,3.57757814430495,5.59097115508222,-0.333302397997082,1.12870589794089,-0.116843986347478,4.64216767101191,1.02647318643797,1.26177355998707,0.707121960460972,0.679877926171482,1.5774158147941,0.798682522761681,0.48333813749471,1.90432736920544,1.07738164249849,1.16147818136401
1.44004081972128,1.26741662653287,2.26340442552375,3.5789566716345,-0.46194512861689,0.821315524615616,-0.725388618288223,2.94290016284762,1.39232317789995,0.790584713814765,0.674617102383139,0.720884087674002,1.44516795117707,0.821792693266771,0.907856551042566,1.37824351743611,0.75286788024684,0.839636536316909
0.192678612939672,0.332768223011222,0.350906535371184,0.460063730783914,-0.199420840265733,0.675649965681528,0.417880882041791,1.11952710624824,0.745474965269789,0.472100543920097,-0.201665658824399,1.18619335674268,-0.00607869015862697,1.30575993439708,-0.51463309380712,1.3602917658551,0.960213623587222,0.63821749779776
0.8310427072095,0.552847836941302,0.208069204832102,0.398880167438044,0.0652882482459626,1.3000066626564,0.501450223755526,1.31741791943016,0.247729915122711,0.658369408763144,-0.0299944003674732,0.935863337291407,-0.0104974290709784,1.03528738319648,0.0748565602361408,0.714037906930638,0.459295205688199,1.29212425101026
0.80977407981748,0.539869804820464,0.530180612076442,0.609801015479687,-0.456343971086862,0.589234645330976,0.375536724037376,1.5412146062563,0.442536211517213,0.730926994242025,-0.317837510054646,0.766333326715413,1.28553183823791,0.629168779984073,0.68025923099275,0.785993672864397,0.548069796127034,0.533776779578264
0.476725986668872,0.379873855734972,0.776089845191829,0.864205846792606,0.678512669778378,1.15136329282797,-1.02425314503978,1.17981505609478,0.85094055176232,0.614486784143148,0.648906621692405,0.614712240553347,0.482633734049213,0.636787976433141,-0.0250740228778014,1.06108099228147,0.48861892615008,1.38617772933137
0.289701637625429,0.252667310949832,0.209779380680109,0.223940529422272,0.549319886965979,1.35751851211517,-2.99924718059979,2.57348785726267,1.00551638858917,0.719482769748528,0.85248462122663,0.274202712667499,-0.429340931341655,0.970783668297246,-0.422337358120773,1.26899745737247,0.289659626883231,1.12250383759446
1.4577393713896,1.32982081024872,3.1400245154755,4.1648696224053,-0.657693240364269,1.21047339412711,-2.07770535620798,8.26530380207989,1.28696050262986,2.17290333748541,1.4459707701882,0.900052918513989,1.30357631472267,0.745718392590732,0.0643484337373793,4.09206753004533,1.61127278772936,0.674860897001267
1.58410763865811,1.18584941291518,1.77944288634504,2.05971729642436,-0.540591364546542,0.790045949380641,0.605939075846694,2.0787168919228,1.01456252013224,0.600146615291487,1.21115587831245,0.649340476095742,1.31345340305779,0.587630602797602,0.809231818902093,1.09819858463439,1.11924076368748,0.800306729456966
1.12885471611669,0.689296927830246,0.348933606933247,0.481650307275772,-0.253869761746631,0.740404773296613,0.598559094464689,1.26695115250706,0.780936506839813,0.758888957486876,0.451040512887633,0.792648509737637,-0.0155385585681811,0.914013431126504,1.00504832276371,1.03740430399986,0.336841375149501,0.644275709574045
1.13285186706607,1.56459350301468,0.35098109293739,0.905963366752369,0.234706111406705,2.52284452712443,1.1369133828645,2.85955880424518,0.0557138842485829,1.8044959094724,0.443629857927835,0.499638519622699,-0.636607702432664,0.75902071288483,0.706132738573095,1.63335470059271,-0.243908361520311,1.31349599915847
1.36912241500804,0.68460638742548,1.77663828971813,2.5427664882191,0.743698698857881,1.9829532508716,1.01267523746294,3.3645167807233,0.292211999495545,2.23880823448413,0.899659016983809,0.837117252491027,1.21065244077101,0.701976579096043,0.295643610931574,1.03021019763075,0.950539275053618,1.09404220798313
1.01465574343868,0.622019927650407,1.39841076512925,1.95342349779684,-0.296169212622379,1.01180585193803,-1.3212621884301,4.06106612227314,1.29869101987556,0.768977922502352,-0.559311875928108,1.59559922157261,0.724329305007378,1.26864718403007,0.395418038453918,0.533885195792004,1.31877291736327,0.714224575450727
1.71538209097365,6.9883519654736,54.895110248227,428.915205795857,-0.989999957763418,0.0803960627743488,-37.5838493563548,150.357457914012,2.91904798286604,3.96219626281759,3.09889031441358,3.90613106471432,2.4367068041347,4.06968083164704,2.51358122211569,3.91327408721137,2.65264990134952,3.92371155885573
1.01161740701182,1.17138042782072,2.65802045374735,4.82084219219733,-0.467812240487169,1.41667054708956,-0.278577569632039,2.25790335365566,0.90387320752124,0.942770298603811,0.186763398119277,1.38355071450228,1.26053486115198,1.53725414561233,0.874064362610219,1.12396884249262,0.842463222691243,1.42494358192955
7.48081816168858,14.2153379551427,23.5541870306885,87.4195023876996,-0.881113920297652,0.495764510638297,12.3751040725633,25.3897501236742,1.81766835377412,1.86428234599536,1.55482484032778,2.31027050142625,2.08256216401954,1.99923230603926,2.11822635350268,2.01657625821566,1.56886591505906,2.18069814088529
1.75973935252709,1.21205572765993,1.70441030161956,3.16488478298075,-0.797234073225364,0.386393266794568,1.92452046156766,2.62581235814513,1.1848932099306,0.69251979695902,1.16114103432784,0.815703096499212,0.852378694784028,1.00885061257827,1.14411121750929,1.15727967186288,-19.1904763406383,999.999999999999
0.687462221946343,0.560154925344832,0.725129143636746,0.653749990634304,0.698220201661419,1.17232179732843,-1.21747490150371,1.9659318335533,0.367837524476611,0.62427973333388,0.860707920437829,0.270581362076881,0.445310631597518,0.594968098413277,0.570535219599329,0.339067223379812,0.952530939897022,0.575633168181787
0.792500076705933,0.416321160876157,0.492933589087656,0.412975151135032,0.640681020240437,2.42326242755079,-0.288482764853438,2.48473376730136,0.499037744029186,1.49334436472104,0.274476467513691,0.785218145801329,-0.153396613089376,0.753409937558232,0.86536305722036,0.638283031657091,1.1866059251493,0.68553669479677
1.19772952067572,0.655821284746949,0.787176300857638,1.44181195753573,0.384925681164474,2.52379471920961,1.14035376706364,3.6587457539266,0.377990301930081,0.719313112029266,0.344390628686636,2.16025437611301,0.260268375768642,1.15996689311261,1.29831487984174,0.924669966127777,0.557583157686931,1.12034035507205
1.86884557996395,2.84854397389175,3.28830662022332,13.1258482772818,-0.953687918957363,0.164171207458431,-0.73953425879467,5.0251332036315,1.8575418117257,1.8475404394421,1.47897856644865,1.76987338426425,1.76214350903566,2.29862598473662,1.29541199928897,1.9791863972796,5.29582490004784,999.999999995485
0.714848040372603,0.55129337721341,1.21896411119311,2.7652369658095,-0.597925654616599,0.711960617965546,0.865108872627297,1.74488127687289,0.272863780229689,0.833193967969375,0.994256923984732,1.82839485643186,0.575304751650443,0.814088942309154,0.849617678381764,0.804678317052267,0.620671673657519,1.65815837278977
2.49322099019776,5.59562376234432,7.02572731679617,34.2345368064529,-0.853647893376445,0.618165184799044,0.459468485933542,4.97848739855635,1.56594590463385,2.09672370253531,1.87438616470431,2.41365175724197,1.1980657925203,3.34155641745448,1.89230070738121,2.46862188793146,2.2319928067098,2.12579194505673
1.91923924030567,1.93737161260095,1.46045973489322,2.96811613043328,-0.46061042640102,1.22636495376632,2.48620423779507,2.85512852706658,1.08137558395054,1.06056249085635,0.212750524841322,1.38550448112015,0.584715240979723,1.76196522331579,0.235312581088256,2.08136949723446,1.2060132818794,1.43971465448967
0.747864444731783,0.395123205011195,0.350656361214678,0.418723011647721,0.526834553312179,1.166902784739,-0.660801493635481,1.69884626613369,0.64370620770162,0.615674740259135,0.521852913094737,0.417750207684328,-0.336395207431155,0.426416661307106,0.713332188827658,0.71496852308224,0.251890400511814,1.38024083194556
0.20922035554811,0.314391338943427,0.557736014476031,0.792693445016816,0.255147920026083,1.37996342225825,-2.00752766717974,2.74327597720608,0.686255755789816,0.522076950715741,-0.270239764615692,1.3947712533995,0.369760218106168,0.52771260285952,0.702864784775685,1.10098634943963,-0.32816663765243,0.849353544009779
0.777007756760337,0.472489731853178,0.357649038051183,0.446920206383982,-0.336010830637488,1.05052000251342,0.446732399368044,1.41774139927812,-0.292080612357895,0.825729222848499,0.00965569840562966,0.719556963120397,1.07514296518562,0.486471394967824,0.595888869984715,0.780959764269229,-0.533144031069572,1.31822490874468
0.605854379405385,0.514198949881612,0.446598705285558,0.456025366032181,-0.0196403477541749,1.44659851561653,0.156086782782538,1.81693656583387,0.552435688530422,0.463080603791501,0.608773986735175,0.502469720583893,0.507128155418132,0.693871258746295,-0.45904943818928,1.60602115693001,0.48726988588164,0.870136672420169
0.36035641024778,0.462438492416299,0.470982182506508,0.766411375390404,-0.0518614127714155,1.49246492760654,-0.91977275341425,1.61379987227407,0.152165052250651,0.545410436487934,0.999210987968556,0.597163279485067,-0.336367302481623,1.26264354974613,-0.0499677907675287,1.4094901188728,0.474772675453444,1.23081273818378
1.61547610996192,0.989533144951009,1.0147758915615,1.44434554376358,-0.055818955035694,1.54544727851092,0.588044810279223,1.68301349390844,0.980163196375494,0.680060558026964,0.965015822126044,0.920259608898918,0.76755466995915,0.619711654176189,0.746425940697705,0.531192926501482,0.931336885300696,1.02191542354519
0.808605391034086,0.350977335877885,0.335940966237365,0.251473888088312,0.387848925023985,1.17503327347162,-0.780179131179517,1.04775073512196,0.7910308635507,0.325298616570498,0.0258673767286626,0.441930310412781,0.86382601462968,0.303350229846012,0.219333334478506,0.592140858867278,-0.0475759121616982,0.704213313795931
1.16626302164133,0.661800473778237,0.638945445262385,0.522793893929385,-0.0136761894599528,1.75514390514928,-0.186549971336164,2.27981985296878,0.745282114326227,0.501694451487897,0.732000083850759,0.568029213086277,0.594713047634409,0.651026458700349,0.877505603290072,0.875869265568321,-0.00608067057376987,0.797256444925975
1.20941956127401,0.835499462750468,0.573715930567244,0.970746288620383,0.940234807975198,0.0896362195632129,1.86045686620756,2.31592668469502,0.488933177386188,0.627367713694943,0.305814159973401,0.732418452462256,0.628575668218832,0.621110855705844,0.770919815004727,0.611642890286828,1.19671678559102,1.81972574206614
6.01817960268456,20.2309984070766,28.3271165343912,182.475753675252,-0.989999978663661,0.0673339570528618,-18.8415391005117,62.6834490972409,3.00582629180337,3.24562682765965,2.95298709156578,3.18591163956268,2.69597635424987,3.24851663466066,2.18064387016229,3.03250859736121,2.7482608018297,3.71485001120701
1.53558375305564,1.79520162650284,1.42852996665184,4.17558970577485,0.48879395975923,6.84939637509452,1.67386346250264,1.66231310442877,0.364019896113618,2.28928926157692,1.02409980050255,1.47929575898016,0.918616989913553,1.64922066823134,1.25106329935918,1.44845913682549,0.96840923505105,1.67322405931503
1.57721328886911,1.93467189739307,1.1417820453771,2.33327088997548,-0.740322743315893,0.500749200108657,1.34521846096486,4.12941110779784,1.07711299234184,0.922570041691345,1.21645385219762,1.04594880139352,0.935081107777251,1.62831132490298,0.977675125856387,1.14286592747312,1.42574638792418,1.12441741765394
2.72921094270944,4.15424141939371,7.11059544519373,21.5110207015335,-0.76233854644614,0.614237454865171,1.02964549690072,3.15183579631767,2.02377572189666,1.488761358611,1.44678768831881,1.72434061526242,1.31102380467093,1.7427763978194,1.60846132588674,1.06361981034694,0.0712160810599967,1.66471419894616
1.05043928076045,1.02421369933388,0.48655028976194,0.889098528500831,-0.432532586289426,0.733683859205725,0.364415771905668,1.40346085932267,0.934077385810582,0.76525309191,0.226210584624161,0.900172194083099,0.963099740907083,0.731238715548143,0.858095089482421,1.16229500739157,3.77732729966493,999.999999999998
0.484577838242742,0.325414380708739,0.393230360320644,0.563869528640938,-0.0558770337117197,2.07438200896352,-0.622036392515864,1.27131182017603,0.234328043651725,0.678232223357237,0.467451535216581,0.706641123029006,0.225186718000492,1.26832103461606,-0.172582184750521,0.831256577045339,-0.317231033129674,1.00447120896922
1.35135979385903,1.0711018154417,1.17257396259475,1.12106160989233,-0.710672907744445,0.358846402350654,0.877358377947973,1.79552716373035,0.812509510061324,0.699082980849984,-0.130869643529528,0.81186211021741,0.887968009564348,0.611820027772534,1.2866813716661,0.900870664703261,0.944183409921134,0.693524707876012
1.12988075717909,1.08415828046816,1.62403434969034,2.57960303743461,-0.565839405803381,0.744606968116233,2.60791435246261,3.22504790219811,-0.431693849815115,1.67613788804819,0.247031543710146,1.39986216480782,1.42779717058617,0.793240552696415,1.11965000896541,0.640195279470291,1.09992896758465,1.29371756656282
2.66292063595061,4.45313178106614,7.87022957249667,25.1907601308671,-0.863171546517958,0.537388756455727,1.80791875535515,4.12146567077095,1.81986078325164,1.7394506161648,1.49508031912262,1.65181563280928,1.65532797313091,1.86137742651206,0.752297478760663,2.34162724444801,1.19283784694815,1.52712064512095
1.2095082458399,2.14910600110472,3.1519957015745,9.41374213438647,0.264315890302878,2.5837524924613,-1.64176544811445,3.45100881112839,1.46705445441767,1.40779947586371,1.14348319471108,1.6612094165623,-0.369338239084923,1.53969078329322,1.08081777243476,1.61063906907423,1.13576327638164,1.25071592341492
2.27043861244405,1.71434717108579,1.9398081275399,2.8044122043518,-0.395545528040281,0.615770826459808,0.224750114707838,3.57531111006451,1.40665294790861,0.766587151585859,0.65881611796989,0.993845283628281,1.10109477891461,0.78434793603707,0.891315674298221,1.41630331942121,1.38156396002718,0.568149106169624
1.02867476126546,0.641153697474596,0.482085006367262,0.514158260266963,0.216531320951232,1.26076776391309,0.881072184062861,1.8093158592487,0.850189190784704,0.558251185436182,0.135565632447572,0.570305272064144,-0.196999596306386,0.957970603462808,0.382175549278366,0.491825259801204,-0.018143203336178,0.666385869773111
0.765605710130572,0.639219613022884,0.457005148225362,0.66043747253367,0.146179638293268,1.65565104550778,-0.87512342614814,1.47304509534407,0.800082074636682,0.57667107544286,0.31508500326937,0.967063187642727,0.846214847875102,0.685031055337984,0.382312586745368,0.66450424981934,0.224242818560376,0.80177918631472
2.09181638040634,3.44116368322508,3.53697123790338,9.87836100799985,-0.765132971857576,0.649218965085706,0.314413062628864,5.80187213258379,0.803919982447114,1.60774905437328,1.79649529214792,1.44931389984105,1.44400860822162,1.57055443907799,1.6017119253717,1.7263142294185,1.86171873401194,1.83406187227903
1.45269221549958,0.882546008994017,1.0686521306044,1.10953785436764,-0.569447776682288,0.612355044930356,1.72621545623352,1.57288872162926,0.341728366255564,1.0568187344012,0.614202833044092,0.575418859416517,1.03829010781985,0.621037421559939,0.0826578778546912,0.835322146075854,-0.257830284800603,1.48238979532368
4.04293021319158,7.00496405604463,9.87726411804654,41.1045286055653,-0.937009677918498,0.245976373612434,1.17617621738073,10.5199909926393,1.62457905008328,1.93152302848093,1.91453198979362,1.97550067549951,1.93113742439989,1.860882343258,2.16766971041749,2.17226180737441,1.92321960195894,2.06893193717215
0.582631066039001,0.528557660413557,0.339416307298493,0.388918077713252,0.56270637582853,1.22328001301644,-0.0209062940302327,2.03572393618653,-0.190852119152683,1.18387257839191,0.0892662614480001,0.694881597926574,0.39905100225552,0.632987379656723,0.284148626737538,0.611478706063648,0.269790193462583,0.982984738928362
2.2904929271462,1.75130901319217,2.9496626169237,4.5889517518708,0.450394976172351,5.38701177702833,3.09650645361989,4.85481329405119,0.755749550322371,0.754287052828365,1.14530336958587,1.1447139028939,1.66363251264307,0.648661723493425,-0.179137902909407,1.22812814790125,1.2404849834286,0.990553734067502
1.0342013982462,0.714562490174221,1.62386077164405,2.81428974579639,-0.696485089141659,0.64690999340814,-0.00281200085665589,1.51425281681419,0.540888892342694,0.984262428666982,1.14908493665042,0.858073778959696,0.652366560777508,0.867967033627358,0.896678951151494,1.21151301013745,1.45633690193169,1.60982837184897
1.52709518380713,1.16903773884817,0.780557825688626,1.14281344501867,0.786834431418786,1.10236582180244,1.33816472909581,3.11435330301169,1.25217883939914,0.659361499136999,0.675609513643546,0.732389814711796,0.751735491752095,0.876620983056498,0.366622808752079,0.890430383260447,1.32780356077009,0.729261948277326
1.36097414589121,0.554330236321636,0.935548426469931,0.89302559193604,-0.197536441749116,0.992241819801375,0.126823337584187,1.67814648263748,1.25580762487487,0.481299806330468,0.688770867061205,0.627439596859147,0.615976470606601,0.611235465284382,1.08836814852699,0.540617628024392,0.691266294696282,1.19007329224318
6.35905619196086,38.5446882147931,67.8931672843293,818.435754052952,-0.989999938592555,0.113645864323068,16.1262841607445,99.5965717421379,2.73665776805374,6.48664784240772,2.26510082703202,5.8379262373448,3.07655335798502,6.49974160865925,2.89438580969652,5.93098879357946,2.731474409734,5.46411059429822
40.5851236995973,457.192240945455,471.738329528478,10517.1355872075,-0.989999942049528,0.205569934788104,74.2174011646922,855.812305048306,3.58836315220244,11.1143676742646,2.81703764647656,10.9383910538786,-58.6181115307114,1000,4.59810024731549,11.2590974214661,2.02489762238561,11.0956469543519
0.43595942590606,0.362930096116141,0.390145450120975,0.491271399691107,0.543746349633109,1.59458028114167,-2.46455197426867,2.81606176017916,0.781053784089897,0.915153941834783,0.0652415675719827,0.477218824301884,0.661892325262599,0.251817410662977,0.65849250425597,0.748115927980292,0.199432598571563,1.13238044771968
1.25930416755805,1.07120541524552,2.22023606659758,2.84878469008255,-0.607013381408059,0.559338814458067,-1.07700739482883,2.22234448159121,1.06694815800627,0.775242632854993,0.587084400684564,0.576565518447326,1.05996789899245,0.756907315994928,0.955818763959923,0.551854424229176,0.789604535620706,1.00605406660609
1.07157927876608,0.467071556295364,0.531938894461005,0.569965256727853,0.372986695398217,2.23159426768641,0.0938016609713877,1.13851862360173,0.646646713724104,0.347933411808611,0.41220908895647,1.0238122817213,0.167183221970253,0.73154540593822,1.52964540114923,0.568350538670269,0.477925998151675,1.19303331159478
0.909557856020861,0.835037436022204,0.500527379382394,1.01393743755138,0.0827375530216454,3.73856430866258,0.0151855221271292,2.19301164971169,0.933493194036506,0.913824584380291,0.0963703676330431,1.40214240788351,0.133824925249446,1.49119581294081,-0.1305078862284,0.889405264313812,0.985393352362042,1.26485292649395
0.552693622516066,0.592060468181517,0.722968856685489,1.22713017964366,-0.60561705421189,0.596201374266049,-0.677895923819798,1.58763195236068,0.917304546871467,0.634489124017829,0.593956087648807,1.04225192951339,0.326284180949903,1.37329981575514,0.547577163246836,1.64006375363278,0.593151411702319,1.1842811214101
2.80109018244159,4.76175409544963,3.32726387838658,8.6798504678617,-0.845160718795586,0.373531291072132,2.24838482998129,7.47369885879598,1.32245578544564,1.22685217888695,1.05954586121879,1.56086447390991,1.06803552147444,1.74026839252093,1.78483525720997,1.594007718389,1.30580987235612,1.31420047323584
